Time,1, HIGH Priority Generated, Low Priority Generated, 2, HIGH Priority Generated, Low Priority Generated, 3, HIGH Priority Generated, Low Priority Generated, 4, HIGH Priority Generated, Low Priority Generated, 5, HIGH Priority Generated, Low Priority Generated, 6, HIGH Priority Generated, Low Priority Generated, 
5,0,0,0,1,1,0,0,0,0,0,0,0,0,0,0,0,0,0,
10,1,0,1,2,2,0,2,2,0,1,1,0,0,0,0,0,0,0,
15,2,1,1,2,2,0,2,2,0,2,1,1,0,0,0,0,0,0,
20,3,2,1,4,2,2,5,4,1,3,1,2,1,1,0,0,0,0,
25,3,2,1,6,3,3,5,4,1,4,1,3,1,1,0,1,0,1,
30,5,2,3,7,4,3,8,5,3,6,2,4,3,3,0,1,0,1,
35,6,2,4,8,5,3,9,6,3,8,3,5,4,3,1,1,0,1,
40,7,2,5,11,8,3,13,6,7,10,3,7,5,4,1,1,0,1,
45,7,2,5,13,10,3,13,6,7,11,4,7,5,4,1,2,1,1,
50,9,2,7,14,10,4,16,6,10,13,5,8,7,6,1,2,1,1,
55,10,3,7,15,10,5,17,7,10,15,5,10,8,6,2,2,1,1,
60,11,3,8,18,12,6,21,8,13,17,6,11,9,6,3,2,1,1,
65,11,3,8,20,12,8,21,8,13,18,7,11,9,6,3,3,1,2,
70,13,4,9,21,13,8,24,10,14,20,8,12,11,7,4,3,1,2,
75,14,4,10,22,13,9,25,10,15,22,9,13,12,7,5,3,1,2,
80,15,5,10,25,15,10,29,11,18,24,10,14,13,8,5,3,1,2,
85,15,5,10,27,17,10,29,11,18,25,11,14,13,8,5,4,2,2,
90,17,7,10,28,17,11,32,12,20,27,12,15,15,9,6,4,2,2,
95,18,8,10,29,18,11,33,13,20,29,12,17,16,10,6,4,2,2,
100,19,8,11,32,20,12,37,14,23,31,14,17,17,10,7,4,2,2,
105,19,8,11,34,21,13,37,14,23,32,15,17,17,10,7,5,2,3,
110,21,10,11,35,21,14,40,15,25,34,15,19,19,12,7,5,2,3,
115,22,11,11,36,21,15,41,16,25,36,16,20,20,13,7,5,2,3,
120,23,12,11,39,22,17,45,18,27,38,18,20,21,13,8,5,2,3,
125,23,12,11,41,23,18,45,18,27,39,19,20,21,13,8,6,3,3,
130,25,14,11,42,23,19,48,19,29,41,21,20,23,14,9,6,3,3,
135,26,14,12,43,23,20,49,19,30,43,22,21,24,14,10,6,3,3,
140,27,15,12,46,24,22,53,20,33,45,24,21,25,15,10,6,3,3,
145,27,15,12,48,25,23,53,20,33,46,25,21,25,15,10,7,4,3,
150,29,15,14,49,26,23,56,20,36,48,26,22,27,16,11,7,4,3,
155,30,15,15,50,27,23,57,20,37,50,28,22,28,16,12,7,4,3,
160,31,15,16,53,27,26,61,21,40,52,29,23,29,17,12,7,4,3,
165,31,15,16,55,28,27,61,21,40,53,30,23,29,17,12,8,4,4,
170,33,15,18,56,29,27,64,22,42,55,31,24,31,19,12,8,4,4,
175,34,15,19,57,29,28,65,22,43,57,33,24,32,20,12,8,4,4,
180,35,16,19,60,30,30,69,25,44,59,35,24,33,21,12,8,4,4,
185,35,16,19,62,30,32,69,25,44,60,36,24,33,21,12,9,4,5,
190,37,17,20,63,30,33,72,28,44,62,36,26,35,22,13,9,4,5,
195,38,17,21,64,31,33,73,28,45,64,36,28,36,22,14,9,4,5,
200,39,18,21,67,33,34,77,31,46,66,36,30,37,22,15,9,4,5,
205,39,18,21,69,33,36,77,31,46,67,36,31,37,22,15,10,5,5,
210,41,19,22,70,34,36,80,32,48,69,38,31,39,23,16,10,5,5,
215,42,20,22,71,35,36,81,33,48,71,39,32,40,24,16,10,5,5,
220,43,21,22,74,36,38,85,35,50,73,39,34,41,25,16,10,5,5,
225,43,21,22,76,37,39,85,35,50,74,40,34,41,25,16,11,5,6,
230,45,22,23,77,38,39,88,37,51,76,42,34,43,26,17,11,5,6,
235,46,23,23,78,38,40,89,37,52,78,42,36,44,27,17,11,5,6,
240,47,23,24,81,39,42,93,39,54,80,44,36,45,27,18,11,5,6,
245,47,23,24,83,39,44,93,39,54,81,45,36,45,27,18,12,5,7,
250,49,23,26,84,40,44,96,40,56,83,47,36,47,28,19,12,5,7,
255,50,24,26,85,40,45,97,41,56,85,48,37,48,28,20,12,5,7,
260,51,24,27,88,43,45,101,43,58,87,50,37,49,28,21,12,5,7,
265,51,24,27,90,44,46,101,43,58,88,50,38,49,28,21,13,5,8,
270,53,26,27,91,44,47,104,44,60,90,52,38,51,29,22,13,5,8,
275,54,26,28,92,44,48,105,44,61,92,52,40,52,29,23,13,5,8,
280,55,27,28,95,45,50,109,45,64,94,53,41,53,30,23,13,5,8,
285,55,27,28,97,45,52,109,45,64,95,54,41,53,30,23,14,5,9,
290,57,28,29,98,45,53,112,47,65,97,55,42,55,30,25,14,5,9,
295,58,28,30,99,45,54,113,47,66,99,57,42,56,30,26,14,5,9,
300,59,29,30,102,46,56,117,49,68,101,58,43,57,31,26,14,5,9,
305,59,29,30,104,48,56,117,49,68,102,59,43,57,31,26,15,5,10,
310,61,29,32,105,48,57,120,49,71,104,60,44,59,32,27,15,5,10,
315,62,29,33,106,49,57,121,49,72,106,61,45,60,32,28,15,5,10,
320,63,29,34,109,51,58,125,49,76,108,61,47,61,32,29,15,5,10,
325,63,29,34,111,52,59,125,49,76,109,61,48,61,32,29,16,5,11,
330,65,29,36,112,52,60,128,49,79,111,63,48,63,33,30,16,5,11,
335,66,29,37,113,53,60,129,50,79,113,64,49,64,33,31,16,5,11,
340,67,30,37,116,54,62,133,53,80,115,65,50,65,34,31,16,5,11,
345,67,30,37,118,54,64,133,53,80,116,66,50,65,34,31,17,5,12,
350,69,30,39,119,55,64,136,55,81,118,66,52,67,34,33,17,5,12,
355,70,30,40,120,56,64,137,55,82,120,66,54,68,35,33,17,5,12,
360,71,30,41,123,58,65,141,56,85,122,67,55,69,36,33,17,5,12,
365,71,30,41,125,59,66,141,56,85,123,67,56,69,36,33,18,5,13,
370,73,30,43,126,59,67,144,57,87,125,67,58,71,37,34,18,5,13,
375,74,31,43,127,59,68,145,57,88,127,67,60,72,38,34,18,5,13,
380,75,31,44,130,61,69,149,58,91,129,68,61,73,38,35,18,5,13,
385,75,31,44,132,62,70,149,58,91,130,69,61,73,38,35,19,6,13,
390,77,32,45,133,63,70,152,59,93,132,71,61,75,39,36,19,6,13,
395,78,33,45,134,64,70,153,60,93,134,72,62,76,39,37,19,6,13,
400,79,34,45,137,67,70,157,62,95,136,73,63,77,39,38,19,6,13,
405,79,34,45,139,68,71,157,62,95,137,73,64,77,39,38,20,7,13,
410,81,34,47,140,68,72,160,64,96,139,73,66,79,40,39,20,7,13,
415,82,34,48,141,69,72,161,65,96,141,74,67,80,41,39,20,7,13,
420,83,35,48,144,69,75,165,68,97,143,76,67,81,41,40,20,7,13,
425,83,35,48,146,70,76,165,68,97,144,76,68,81,41,40,21,7,14,
430,85,36,49,147,71,76,168,69,99,146,77,69,83,42,41,21,7,14,
435,86,36,50,148,72,76,169,69,100,148,79,69,84,43,41,21,7,14,
440,87,37,50,151,74,77,173,71,102,150,80,70,85,43,42,21,7,14,
445,87,37,50,153,75,78,173,71,102,151,81,70,85,43,42,22,8,14,
450,89,38,51,154,76,78,176,74,102,153,82,71,87,44,43,22,8,14,
455,90,38,52,155,77,78,177,74,103,155,84,71,88,44,44,22,8,14,
460,91,39,52,158,80,78,181,75,106,157,86,71,89,45,44,22,8,14,
465,91,39,52,160,80,80,181,75,106,158,87,71,89,45,44,23,9,14,
470,93,39,54,161,81,80,184,77,107,160,87,73,91,47,44,23,9,14,
475,94,40,54,162,82,80,185,78,107,162,88,74,92,47,45,23,9,14,
480,95,41,54,165,83,82,189,80,109,164,89,75,93,48,45,23,9,14,
485,95,41,54,167,85,82,189,80,109,165,90,75,93,48,45,24,9,15,
490,97,43,54,168,85,83,192,80,112,167,91,76,95,49,46,24,9,15,
495,98,43,55,169,85,84,193,81,112,169,93,76,96,49,47,24,9,15,
500,99,44,55,172,86,86,197,83,114,171,93,78,97,50,47,24,9,15,
505,99,44,55,174,87,87,197,83,114,172,94,78,97,50,47,25,10,15,
510,101,45,56,175,87,88,200,85,115,174,96,78,99,51,48,25,10,15,
515,102,45,57,176,88,88,201,85,116,176,96,80,100,51,49,25,10,15,
520,103,46,57,179,88,91,205,88,117,178,97,81,101,51,50,25,10,15,
525,103,46,57,181,89,92,205,88,117,179,97,82,101,51,50,26,10,16,
530,105,47,58,182,90,92,208,89,119,181,97,84,103,51,52,26,10,16,
535,106,47,59,183,90,93,209,89,120,183,98,85,104,51,53,26,10,16,
540,107,47,60,186,91,95,213,90,123,185,100,85,105,51,54,26,10,16,
545,107,47,60,188,91,97,213,90,123,186,101,85,105,51,54,27,10,17,
550,109,47,62,189,91,98,216,90,126,188,102,86,107,52,55,27,10,17,
555,110,48,62,190,92,98,217,90,127,190,103,87,108,53,55,27,10,17,
560,111,48,63,193,94,99,221,92,129,192,103,89,109,54,55,27,10,17,
565,111,48,63,195,94,101,221,92,129,193,104,89,109,54,55,28,10,18,
570,113,49,64,196,94,102,224,93,131,195,106,89,111,55,56,28,10,18,
575,114,49,65,197,94,103,225,94,131,197,107,90,112,56,56,28,10,18,
580,115,50,65,200,95,105,229,96,133,199,109,90,113,57,56,28,10,18,
585,115,50,65,202,96,106,229,96,133,200,109,91,113,57,56,29,10,19,
590,117,51,66,203,96,107,232,98,134,202,110,92,115,57,58,29,10,19,
595,118,51,67,204,96,108,233,99,134,204,112,92,116,57,59,29,10,19,
600,119,51,68,207,98,109,237,101,136,206,114,92,117,57,60,29,10,19,
605,119,51,68,209,99,110,237,101,136,207,114,93,117,57,60,30,11,19,
610,121,52,69,210,99,111,240,103,137,209,114,95,119,58,61,30,11,19,
615,122,53,69,211,100,111,241,104,137,211,114,97,120,58,62,30,11,19,
620,123,54,69,214,102,112,245,106,139,213,115,98,121,58,63,30,11,19,
625,123,54,69,216,103,113,245,106,139,214,115,99,121,58,63,31,12,19,
630,125,55,70,217,104,113,248,109,139,216,115,101,123,59,64,31,12,19,
635,126,56,70,218,104,114,249,110,139,218,116,102,124,60,64,31,12,19,
640,127,56,71,221,106,115,253,110,143,220,116,104,125,61,64,31,12,19,
645,127,56,71,223,106,117,253,110,143,221,116,105,125,61,64,32,13,19,
650,129,57,72,224,106,118,256,112,144,223,117,106,127,62,65,32,13,19,
655,130,58,72,225,107,118,257,112,145,225,119,106,128,62,66,32,13,19,
660,131,58,73,228,109,119,261,114,147,227,121,106,129,63,66,32,13,19,
665,131,58,73,230,109,121,261,114,147,228,121,107,129,63,66,33,14,19,
670,133,60,73,231,109,122,264,115,149,230,122,108,131,63,68,33,14,19,
675,134,61,73,232,110,122,265,115,150,232,123,109,132,63,69,33,14,19,
680,135,61,74,235,113,122,269,117,152,234,124,110,133,63,70,33,14,19,
685,135,61,74,237,114,123,269,117,152,235,124,111,133,63,70,34,15,19,
690,137,61,76,238,114,124,272,118,154,237,125,112,135,64,71,34,15,19,
695,138,62,76,239,115,124,273,118,155,239,126,113,136,65,71,34,15,19,
700,139,63,76,242,117,125,277,122,155,241,127,114,137,65,72,34,15,19,
705,139,63,76,244,118,126,277,122,155,242,127,115,137,65,72,35,16,19,
710,141,63,78,245,118,127,280,125,155,244,128,116,139,65,74,35,16,19,
715,142,63,79,246,118,128,281,125,156,246,128,118,140,65,75,35,16,19,
720,143,64,79,249,119,130,285,127,158,248,129,119,141,65,76,35,16,19,
725,143,64,79,251,121,130,285,127,158,249,130,119,141,65,76,36,16,20,
730,145,65,80,252,122,130,288,128,160,251,130,121,143,66,77,36,16,20,
735,146,66,80,253,123,130,289,129,160,253,132,121,144,67,77,36,16,20,
740,147,66,81,256,125,131,293,133,160,255,132,123,145,67,78,36,16,20,
745,147,66,81,258,127,131,293,133,160,256,133,123,145,67,78,37,17,20,
750,149,66,83,259,127,132,296,135,161,258,134,124,147,69,78,37,17,20,
755,150,67,83,260,127,133,297,135,162,260,135,125,148,70,78,37,17,20,
760,151,67,84,263,127,136,301,138,163,262,137,125,149,70,79,37,17,20,
765,151,67,84,265,129,136,301,138,163,263,138,125,149,70,79,38,18,20,
770,153,68,85,266,129,137,304,141,163,265,138,127,151,71,80,38,18,20,
775,154,68,86,267,129,138,305,142,163,267,139,128,152,71,81,38,18,20,
780,155,69,86,270,130,140,309,144,165,269,139,130,153,71,82,38,18,20,
785,155,69,86,272,131,141,309,144,165,270,140,130,153,71,82,39,18,21,
790,157,70,87,273,132,141,312,146,166,272,141,131,155,72,83,39,18,21,
795,158,70,88,274,132,142,313,146,167,274,142,132,156,73,83,39,18,21,
800,159,71,88,277,134,143,317,146,171,276,143,133,157,73,84,39,18,21,
805,159,71,88,279,136,143,317,146,171,277,143,134,157,73,84,40,18,22,
810,161,73,88,280,137,143,320,146,174,279,145,134,159,74,85,40,18,22,
815,162,73,89,281,137,144,321,146,175,281,145,136,160,75,85,40,18,22,
820,163,73,90,284,138,146,325,148,177,283,145,138,161,76,85,40,18,22,
825,163,73,90,286,139,147,325,148,177,284,146,138,161,76,85,41,18,23,
830,165,74,91,287,140,147,328,149,179,286,148,138,163,78,85,41,18,23,
835,166,74,92,288,140,148,329,150,179,288,148,140,164,79,85,41,18,23,
840,167,75,92,291,142,149,333,151,182,290,150,140,165,79,86,41,18,23,
845,167,75,92,293,142,151,333,151,182,291,150,141,165,79,86,42,19,23,
850,169,75,94,294,143,151,336,152,184,293,151,142,167,79,88,42,19,23,
855,170,75,95,295,144,151,337,153,184,295,152,143,168,79,89,42,19,23,
860,171,76,95,298,145,153,341,154,187,297,154,143,169,79,90,42,19,23,
865,171,76,95,300,145,155,341,154,187,298,155,143,169,79,90,43,19,24,
870,173,77,96,301,146,155,344,155,189,300,155,145,171,79,92,43,19,24,
875,174,77,97,302,147,155,345,156,189,302,156,146,172,79,93,43,19,24,
880,175,77,98,305,148,157,349,157,192,304,158,146,173,80,93,43,19,24,
885,175,77,98,307,148,159,349,157,192,305,158,147,173,80,93,44,20,24,
890,177,79,98,308,149,159,352,159,193,307,160,147,175,81,94,44,20,24,
895,178,79,99,309,149,160,353,159,194,309,162,147,176,81,95,44,20,24,
900,179,80,99,312,151,161,357,161,196,311,163,148,177,81,96,44,20,24,
905,179,80,99,314,152,162,357,161,196,312,164,148,177,81,96,45,21,24,
910,181,81,100,315,152,163,360,163,197,314,164,150,179,81,98,45,21,24,
915,182,82,100,316,152,164,361,163,198,316,166,150,180,81,99,45,21,24,
920,183,83,100,319,154,165,365,165,200,318,167,151,181,81,100,45,21,24,
925,183,83,100,321,155,166,365,165,200,319,168,151,181,81,100,46,21,25,
930,185,84,101,322,156,166,368,166,202,321,169,152,183,82,101,46,21,25,
935,186,84,102,323,157,166,369,167,202,323,171,152,184,82,102,46,21,25,
940,187,84,103,326,159,167,373,168,205,325,172,153,185,83,102,46,21,25,
945,187,84,103,328,160,168,373,168,205,326,172,154,185,83,102,47,22,25,
950,189,85,104,329,161,168,376,169,207,328,173,155,187,83,104,47,22,25,
955,190,85,105,330,162,168,377,170,207,330,174,156,188,84,104,47,22,25,
960,191,85,106,333,163,170,381,172,209,332,175,157,189,84,105,47,22,25,
965,191,85,106,335,163,172,381,172,209,333,175,158,189,84,105,48,22,26,
970,193,86,107,336,164,172,384,174,210,335,175,160,191,85,106,48,22,26,
975,194,87,107,337,165,172,385,175,210,337,176,161,192,85,107,48,22,26,
980,195,88,107,340,168,172,389,175,214,339,178,161,193,86,107,48,22,26,
985,195,88,107,342,170,172,389,175,214,340,179,161,193,86,107,49,22,27,
990,197,89,108,343,170,173,392,176,216,342,181,161,195,88,107,49,22,27,
995,198,89,109,344,171,173,393,176,217,344,181,163,196,88,108,49,22,27,
1000,199,89,110,347,173,174,397,179,218,346,181,165,197,88,109,49,22,27,
1005,199,89,110,349,175,174,397,179,218,347,182,165,197,88,109,50,22,28,
1010,201,90,111,350,176,174,400,181,219,349,182,167,199,89,110,50,22,28,
1015,202,91,111,351,176,175,401,181,220,351,183,168,200,90,110,50,22,28,
1020,203,91,112,354,177,177,405,183,222,353,184,169,201,90,111,50,22,28,
1025,203,91,112,356,179,177,405,183,222,354,185,169,201,90,111,51,22,29,
1030,205,91,114,357,179,178,408,183,225,356,185,171,203,92,111,51,22,29,
1035,206,91,115,358,180,178,409,184,225,358,185,173,204,92,112,51,22,29,
1040,207,92,115,361,181,180,413,186,227,360,187,173,205,92,113,51,22,29,
1045,207,92,115,363,183,180,413,186,227,361,187,174,205,92,113,52,23,29,
1050,209,92,117,364,183,181,416,187,229,363,188,175,207,93,114,52,23,29,
1055,210,92,118,365,184,181,417,188,229,365,188,177,208,94,114,52,23,29,
1060,211,93,118,368,185,183,421,191,230,367,188,179,209,94,115,52,23,29,
1065,211,93,118,370,187,183,421,191,230,368,189,179,209,94,115,53,23,30,
1070,213,94,119,371,187,184,424,193,231,370,189,181,211,95,116,53,23,30,
1075,214,95,119,372,188,184,425,194,231,372,190,182,212,95,117,53,23,30,
1080,215,95,120,375,190,185,429,197,232,374,192,182,213,95,118,53,23,30,
1085,215,95,120,377,191,186,429,197,232,375,192,183,213,95,118,54,24,30,
1090,217,96,121,378,192,186,432,198,234,377,193,184,215,96,119,54,24,30,
1095,218,97,121,379,193,186,433,198,235,379,194,185,216,97,119,54,24,30,
1100,219,97,122,382,196,186,437,199,238,381,195,186,217,98,119,54,24,30,
1105,219,97,122,384,196,188,437,199,238,382,195,187,217,98,119,55,24,31,
1110,221,98,123,385,196,189,440,201,239,384,196,188,219,98,121,55,24,31,
1115,222,98,124,386,196,190,441,202,239,386,197,189,220,99,121,55,24,31,
1120,223,99,124,389,198,191,445,203,242,388,199,189,221,99,122,55,24,31,
1125,223,99,124,391,199,192,445,203,242,389,200,189,221,99,122,56,24,32,
1130,225,100,125,392,200,192,448,203,245,391,201,190,223,101,122,56,24,32,
1135,226,100,126,393,201,192,449,203,246,393,202,191,224,102,122,56,24,32,
1140,227,100,127,396,202,194,453,206,247,395,203,192,225,103,122,56,24,32,
1145,227,100,127,398,202,196,453,206,247,396,203,193,225,103,122,57,25,32,
1150,229,100,129,399,202,197,456,208,248,398,204,194,227,104,123,57,25,32,
1155,230,100,130,400,202,198,457,209,248,400,204,196,228,104,124,57,25,32,
1160,231,100,131,403,202,201,461,210,251,402,204,198,229,105,124,57,25,32,
1165,231,100,131,405,202,203,461,210,251,403,204,199,229,105,124,58,26,32,
1170,233,100,133,406,202,204,464,213,251,405,205,200,231,107,124,58,26,32,
1175,234,101,133,407,203,204,465,213,252,407,205,202,232,108,124,58,26,32,
1180,235,102,133,410,204,206,469,215,254,409,205,204,233,108,125,58,26,32,
1185,235,102,133,412,206,206,469,215,254,410,206,204,233,108,125,59,27,32,
1190,237,102,135,413,206,207,472,218,254,412,208,204,235,109,126,59,27,32,
1195,238,103,135,414,207,207,473,218,255,414,210,204,236,109,127,59,27,32,
1200,239,103,136,417,208,209,477,219,258,416,210,206,237,109,128,59,27,32,
1205,239,103,136,419,209,210,477,219,258,417,211,206,237,109,128,60,28,32,
1210,241,105,136,420,210,210,480,221,259,419,212,207,239,110,129,60,28,32,
1215,242,105,137,421,210,211,481,221,260,421,213,208,240,111,129,60,28,32,
1220,243,106,137,424,212,212,485,223,262,423,215,208,241,111,130,60,28,32,
1225,243,106,137,426,212,214,485,223,262,424,215,209,241,111,130,61,28,33,
1230,245,106,139,427,213,214,488,224,264,426,217,209,243,112,131,61,28,33,
1235,246,106,140,428,213,215,489,224,265,428,218,210,244,113,131,61,28,33,
1240,247,107,140,431,215,216,493,228,265,430,220,210,245,113,132,61,28,33,
1245,247,107,140,433,216,217,493,228,265,431,221,210,245,113,132,62,29,33,
1250,249,108,141,434,217,217,496,230,266,433,222,211,247,114,133,62,29,33,
1255,250,109,141,435,218,217,497,231,266,435,223,212,248,115,133,62,29,33,
1260,251,110,141,438,218,220,501,232,269,437,225,212,249,115,134,62,29,33,
1265,251,110,141,440,219,221,501,232,269,438,226,212,249,115,134,63,30,33,
1270,253,112,141,441,219,222,504,233,271,440,227,213,251,116,135,63,30,33,
1275,254,112,142,442,220,222,505,234,271,442,228,214,252,116,136,63,30,33,
1280,255,112,143,445,221,224,509,237,272,444,230,214,253,116,137,63,30,33,
1285,255,112,143,447,222,225,509,237,272,445,230,215,253,116,137,64,30,34,
1290,257,113,144,448,222,226,512,237,275,447,232,215,255,117,138,64,30,34,
1295,258,113,145,449,222,227,513,238,275,449,233,216,256,117,139,64,30,34,
1300,259,113,146,452,222,230,517,240,277,451,234,217,257,117,140,64,30,34,
1305,259,113,146,454,223,231,517,240,277,452,234,218,257,117,140,65,31,34,
1310,261,113,148,455,224,231,520,240,280,454,234,220,259,118,141,65,31,34,
1315,262,114,148,456,224,232,521,240,281,456,236,220,260,118,142,65,31,34,
1320,263,115,148,459,227,232,525,243,282,458,237,221,261,119,142,65,31,34,
1325,263,115,148,461,227,234,525,243,282,459,237,222,261,119,142,66,31,35,
1330,265,116,149,462,228,234,528,245,283,461,239,222,263,121,142,66,31,35,
1335,266,116,150,463,229,234,529,246,283,463,240,223,264,121,143,66,31,35,
1340,267,116,151,466,231,235,533,247,286,465,242,223,265,122,143,66,31,35,
1345,267,116,151,468,232,236,533,247,286,466,243,223,265,122,143,67,31,36,
1350,269,117,152,469,232,237,536,247,289,468,244,224,267,123,144,67,31,36,
1355,270,117,153,470,233,237,537,247,290,470,246,224,268,124,144,67,31,36,
1360,271,118,153,473,234,239,541,251,290,472,247,225,269,125,144,67,31,36,
1365,271,118,153,475,236,239,541,251,290,473,248,225,269,125,144,68,31,37,
1370,273,119,154,476,236,240,544,253,291,475,249,226,271,126,145,68,31,37,
1375,274,120,154,477,237,240,545,253,292,477,249,228,272,126,146,68,31,37,
1380,275,120,155,480,238,242,549,256,293,479,250,229,273,127,146,68,31,37,
1385,275,120,155,482,240,242,549,256,293,480,250,230,273,127,146,69,31,38,
1390,277,120,157,483,241,242,552,256,296,482,251,231,275,128,147,69,31,38,
1395,278,121,157,484,242,242,553,256,297,484,251,233,276,129,147,69,31,38,
1400,279,121,158,487,244,243,557,257,300,486,252,234,277,129,148,69,31,38,
1405,279,121,158,489,245,244,557,257,300,487,253,234,277,129,148,70,32,38,
1410,281,122,159,490,246,244,560,260,300,489,253,236,279,130,149,70,32,38,
1415,282,122,160,491,246,245,561,261,300,491,255,236,280,131,149,70,32,38,
1420,283,123,160,494,247,247,565,261,304,493,256,237,281,132,149,70,32,38,
1425,283,123,160,496,247,249,565,261,304,494,256,238,281,132,149,71,33,38,
1430,285,124,161,497,248,249,568,264,304,496,257,239,283,134,149,71,33,38,
1435,286,125,161,498,249,249,569,265,304,498,257,241,284,135,149,71,33,38,
1440,287,126,161,501,250,251,573,266,307,500,259,241,285,135,150,71,33,38,
1445,287,126,161,503,252,251,573,266,307,501,259,242,285,135,150,72,34,38,
1450,289,127,162,504,253,251,576,267,309,503,260,243,287,136,151,72,34,38,
1455,290,127,163,505,253,252,577,267,310,505,260,245,288,136,152,72,34,38,
1460,291,127,164,508,256,252,581,271,310,507,261,246,289,137,152,72,34,38,
1465,291,127,164,510,258,252,581,271,310,508,262,246,289,137,152,73,35,38,
1470,293,129,164,511,258,253,584,271,313,510,262,248,291,138,153,73,35,38,
1475,294,129,165,512,258,254,585,272,313,512,263,249,292,139,153,73,35,38,
1480,295,129,166,515,260,255,589,274,315,514,263,251,293,139,154,73,35,38,
1485,295,129,166,517,261,256,589,274,315,515,264,251,293,139,154,74,36,38,
1490,297,130,167,518,262,256,592,274,318,517,265,252,295,140,155,74,36,38,
1495,298,131,167,519,262,257,593,274,319,519,267,252,296,140,156,74,36,38,
1500,299,131,168,522,264,258,597,275,322,521,268,253,297,140,157,74,36,38,
1505,299,131,168,524,265,259,597,275,322,522,268,254,297,140,157,75,36,39,
1510,301,131,170,525,265,260,600,275,325,524,270,254,299,141,158,75,36,39,
1515,302,132,170,526,266,260,601,276,325,526,270,256,300,141,159,75,36,39,
1520,303,133,170,529,268,261,605,277,328,528,272,256,301,142,159,75,36,39,
1525,303,133,170,531,270,261,605,277,328,529,273,256,301,142,159,76,36,40,
1530,305,134,171,532,270,262,608,277,331,531,274,257,303,143,160,76,36,40,
1535,306,134,172,533,271,262,609,277,332,533,275,258,304,144,160,76,36,40,
1540,307,135,172,536,273,263,613,278,335,535,276,259,305,145,160,76,36,40,
1545,307,135,172,538,275,263,613,278,335,536,276,260,305,145,160,77,37,40,
1550,309,137,172,539,276,263,616,281,335,538,276,262,307,146,161,77,37,40,
1555,310,137,173,540,277,263,617,281,336,540,276,264,308,146,162,77,37,40,
1560,311,138,173,543,279,264,621,283,338,542,277,265,309,147,162,77,37,40,
1565,311,138,173,545,280,265,621,283,338,543,277,266,309,147,162,78,38,40,
1570,313,139,174,546,281,265,624,285,339,545,277,268,311,149,162,78,38,40,
1575,314,139,175,547,282,265,625,286,339,547,278,269,312,150,162,78,38,40,
1580,315,140,175,550,283,267,629,288,341,549,279,270,313,151,162,78,38,40,
1585,315,140,175,552,284,268,629,288,341,550,279,271,313,151,162,79,38,41,
1590,317,140,177,553,284,269,632,288,344,552,280,272,315,151,164,79,38,41,
1595,318,140,178,554,284,270,633,289,344,554,281,273,316,152,164,79,38,41,
1600,319,140,179,557,285,272,637,292,345,556,281,275,317,152,165,79,38,41,
1605,319,140,179,559,286,273,637,292,345,557,282,275,317,152,165,80,38,42,
1610,321,141,180,560,287,273,640,292,348,559,282,277,319,152,167,80,38,42,
1615,322,142,180,561,288,273,641,293,348,561,282,279,320,152,168,80,38,42,
1620,323,142,181,564,289,275,645,295,350,563,283,280,321,153,168,80,38,42,
1625,323,142,181,566,291,275,645,295,350,564,284,280,321,153,168,81,38,43,
1630,325,143,182,567,292,275,648,297,351,566,285,281,323,155,168,81,38,43,
1635,326,143,183,568,293,275,649,298,351,568,286,282,324,155,169,81,38,43,
1640,327,144,183,571,294,277,653,298,355,570,286,284,325,156,169,81,38,43,
1645,327,144,183,573,294,279,653,298,355,571,287,284,325,156,169,82,39,43,
1650,329,145,184,574,294,280,656,299,357,573,287,286,327,157,170,82,39,43,
1655,330,145,185,575,294,281,657,300,357,575,288,287,328,158,170,82,39,43,
1660,331,145,186,578,296,282,661,302,359,577,289,288,329,159,170,82,39,43,
1665,331,145,186,580,297,283,661,302,359,578,290,288,329,159,170,83,40,43,
1670,333,146,187,581,297,284,664,304,360,580,291,289,331,161,170,83,40,43,
1675,334,146,188,582,298,284,665,305,360,582,292,290,332,161,171,83,40,43,
1680,335,146,189,585,301,284,669,308,361,584,292,292,333,161,172,83,40,43,
1685,335,146,189,587,301,286,669,308,361,585,292,293,333,161,172,84,41,43,
1690,337,146,191,588,301,287,672,309,363,587,293,294,335,163,172,84,41,43,
1695,338,146,192,589,302,287,673,310,363,589,293,296,336,164,172,84,41,43,
1700,339,146,193,592,304,288,677,314,363,591,294,297,337,164,173,84,41,43,
1705,339,146,193,594,305,289,677,314,363,592,294,298,337,164,173,85,41,44,
1710,341,148,193,595,305,290,680,316,364,594,295,299,339,166,173,85,41,44,
1715,342,149,193,596,306,290,681,316,365,596,295,301,340,166,174,85,41,44,
1720,343,149,194,599,309,290,685,319,366,598,296,302,341,166,175,85,41,44,
1725,343,149,194,601,310,291,685,319,366,599,297,302,341,166,175,86,41,45,
1730,345,150,195,602,311,291,688,319,369,601,297,304,343,166,177,86,41,45,
1735,346,150,196,603,311,292,689,320,369,603,298,305,344,166,178,86,41,45,
1740,347,151,196,606,313,293,693,321,372,605,298,307,345,166,179,86,41,45,
1745,347,151,196,608,315,293,693,321,372,606,299,307,345,166,179,87,41,46,
1750,349,152,197,609,315,294,696,323,373,608,299,309,347,167,180,87,41,46,
1755,350,152,198,610,315,295,697,324,373,610,300,310,348,167,181,87,41,46,
1760,351,153,198,613,318,295,701,324,377,612,300,312,349,167,182,87,41,46,
1765,351,153,198,615,319,296,701,324,377,613,300,313,349,167,182,88,41,47,
1770,353,154,199,616,319,297,704,326,378,615,302,313,351,168,183,88,41,47,
1775,354,154,200,617,320,297,705,327,378,617,302,315,352,169,183,88,41,47,
1780,355,154,201,620,322,298,709,328,381,619,304,315,353,170,183,88,41,47,
1785,355,154,201,622,324,298,709,328,381,620,305,315,353,170,183,89,41,48,
1790,357,155,202,623,325,298,712,328,384,622,306,316,355,170,185,89,41,48,
1795,358,156,202,624,326,298,713,329,384,624,306,318,356,170,186,89,41,48,
1800,359,156,203,627,328,299,717,332,385,626,307,319,357,170,187,89,41,48,
1805,359,156,203,629,329,300,717,332,385,627,308,319,357,170,187,90,42,48,
1810,361,158,203,630,329,301,720,335,385,629,308,321,359,171,188,90,42,48,
1815,362,159,203,631,330,301,721,336,385,631,308,323,360,172,188,90,42,48,
1820,363,160,203,634,331,303,725,338,387,633,309,324,361,172,189,90,42,48,
1825,363,160,203,636,331,305,725,338,387,634,310,324,361,172,189,91,42,49,
1830,365,161,204,637,332,305,728,340,388,636,311,325,363,172,191,91,42,49,
1835,366,162,204,638,333,305,729,340,389,638,311,327,364,173,191,91,42,49,
1840,367,163,204,641,334,307,733,343,390,640,312,328,365,173,192,91,42,49,
1845,367,163,204,643,335,308,733,343,390,641,312,329,365,173,192,92,43,49,
1850,369,165,204,644,335,309,736,346,390,643,313,330,367,174,193,92,43,49,
1855,370,166,204,645,335,310,737,346,391,645,313,332,368,175,193,92,43,49,
1860,371,166,205,648,337,311,741,347,394,647,313,334,369,176,193,92,43,49,
1865,371,166,205,650,338,312,741,347,394,648,313,335,369,176,193,93,44,49,
1870,373,166,207,651,338,313,744,350,394,650,315,335,371,178,193,93,44,49,
1875,374,166,208,652,338,314,745,351,394,652,315,337,372,179,193,93,44,49,
1880,375,166,209,655,340,315,749,354,395,654,315,339,373,180,193,93,44,49,
1885,375,166,209,657,341,316,749,354,395,655,316,339,373,180,193,94,44,50,
1890,377,166,211,658,341,317,752,355,397,657,316,341,375,182,193,94,44,50,
1895,378,167,211,659,341,318,753,356,397,659,316,343,376,183,193,94,44,50,
1900,379,168,211,662,342,320,757,358,399,661,317,344,377,184,193,94,44,50,
1905,379,168,211,664,343,321,757,358,399,662,317,345,377,184,193,95,45,50,
1910,381,168,213,665,344,321,760,358,402,664,317,347,379,184,195,95,45,50,
1915,382,168,214,666,345,321,761,359,402,666,318,348,380,185,195,95,45,50,
1920,383,169,214,669,345,324,765,361,404,668,318,350,381,186,195,95,45,50,
1925,383,169,214,671,347,324,765,361,404,669,318,351,381,186,195,96,46,50,
1930,385,171,214,672,348,324,768,363,405,671,318,353,383,188,195,96,46,50,
1935,386,171,215,673,349,324,769,364,405,673,319,354,384,188,196,96,46,50,
1940,387,171,216,676,350,326,773,368,405,675,320,355,385,188,197,96,46,50,
1945,387,171,216,678,351,327,773,368,405,676,320,356,385,188,197,97,47,50,
1950,389,171,218,679,351,328,776,371,405,678,322,356,387,188,199,97,47,50,
1955,390,172,218,680,351,329,777,372,405,680,323,357,388,189,199,97,47,50,
1960,391,172,219,683,352,331,781,374,407,682,323,359,389,190,199,97,47,50,
1965,391,172,219,685,352,333,781,374,407,683,323,360,389,190,199,98,47,51,
1970,393,172,221,686,352,334,784,376,408,685,323,362,391,191,200,98,47,51,
1975,394,172,222,687,353,334,785,376,409,687,323,364,392,191,201,98,47,51,
1980,395,173,222,690,353,337,789,378,411,689,324,365,393,191,202,98,47,51,
1985,395,173,222,692,354,338,789,378,411,690,325,365,393,191,202,99,47,52,
1990,397,173,224,693,354,339,792,379,413,692,327,365,395,192,203,99,47,52,
1995,398,174,224,694,354,340,793,380,413,694,327,367,396,193,203,99,47,52,
2000,399,174,225,697,355,342,797,381,416,696,328,368,397,193,204,99,47,52,
2005,399,174,225,699,357,342,797,381,416,697,328,369,397,193,204,100,48,52,
2010,401,175,226,700,358,342,800,382,418,699,330,369,399,194,205,100,48,52,
2015,402,175,227,701,358,343,801,382,419,701,332,369,400,195,205,100,48,52,
2020,403,175,228,704,359,345,805,385,420,703,334,369,401,196,205,100,48,52,
2025,403,175,228,706,361,345,805,385,420,704,334,370,401,196,205,101,48,53,
2030,405,175,230,707,362,345,808,385,423,706,335,371,403,197,206,101,48,53,
2035,406,176,230,708,362,346,809,386,423,708,336,372,404,197,207,101,48,53,
2040,407,176,231,711,364,347,813,387,426,710,337,373,405,198,207,101,48,53,
2045,407,176,231,713,364,349,813,387,426,711,337,374,405,198,207,102,48,54,
2050,409,177,232,714,365,349,816,387,429,713,337,376,407,199,208,102,48,54,
2055,410,178,232,715,366,349,817,388,429,715,338,377,408,199,209,102,48,54,
2060,411,178,233,718,366,352,821,389,432,717,338,379,409,199,210,102,48,54,
2065,411,178,233,720,368,352,821,389,432,718,339,379,409,199,210,103,48,55,
2070,413,180,233,721,368,353,824,390,434,720,340,380,411,201,210,103,48,55,
2075,414,180,234,722,368,354,825,390,435,722,342,380,412,202,210,103,48,55,
2080,415,180,235,725,368,357,829,390,439,724,343,381,413,203,210,103,48,55,
2085,415,180,235,727,370,357,829,390,439,725,344,381,413,203,210,104,48,56,
2090,417,180,237,728,371,357,832,392,440,727,345,382,415,205,210,104,48,56,
2095,418,180,238,729,372,357,833,393,440,729,346,383,416,206,210,104,48,56,
2100,419,181,238,732,374,358,837,395,442,731,347,384,417,206,211,104,48,56,
2105,419,181,238,734,375,359,837,395,442,732,348,384,417,206,211,105,49,56,
2110,421,182,239,735,375,360,840,396,444,734,350,384,419,208,211,105,49,56,
2115,422,183,239,736,375,361,841,397,444,736,351,385,420,209,211,105,49,56,
2120,423,184,239,739,376,363,845,399,446,738,352,386,421,210,211,105,49,56,
2125,423,184,239,741,377,364,845,399,446,739,353,386,421,210,211,106,50,56,
2130,425,184,241,742,378,364,848,401,447,741,353,388,423,211,212,106,50,56,
2135,426,184,242,743,378,365,849,402,447,743,354,389,424,211,213,106,50,56,
2140,427,184,243,746,381,365,853,402,451,745,355,390,425,212,213,106,50,56,
2145,427,184,243,748,383,365,853,402,451,746,356,390,425,212,213,107,51,56,
2150,429,185,244,749,383,366,856,405,451,748,356,392,427,214,213,107,51,56,
2155,430,186,244,750,384,366,857,406,451,750,357,393,428,215,213,107,51,56,
2160,431,186,245,753,386,367,861,408,453,752,358,394,429,216,213,107,51,56,
2165,431,186,245,755,388,367,861,408,453,753,358,395,429,216,213,108,51,57,
2170,433,186,247,756,389,367,864,410,454,755,359,396,431,218,213,108,51,57,
2175,434,186,248,757,389,368,865,410,455,757,360,397,432,219,213,108,51,57,
2180,435,187,248,760,392,368,869,413,456,759,361,398,433,219,214,108,51,57,
2185,435,187,248,762,393,369,869,413,456,760,361,399,433,219,214,109,52,57,
2190,437,189,248,763,394,369,872,416,456,762,362,400,435,221,214,109,52,57,
2195,438,190,248,764,395,369,873,417,456,764,364,400,436,222,214,109,52,57,
2200,439,191,248,767,397,370,877,419,458,766,365,401,437,222,215,109,52,57,
2205,439,191,248,769,398,371,877,419,458,767,366,401,437,222,215,110,53,57,
2210,441,192,249,770,398,372,880,421,459,769,367,402,439,223,216,110,53,57,
2215,442,193,249,771,399,372,881,422,459,771,367,404,440,224,216,110,53,57,
2220,443,193,250,774,400,374,885,424,461,773,368,405,441,225,216,110,53,57,
2225,443,193,250,776,402,374,885,424,461,774,368,406,441,225,216,111,54,57,
2230,445,193,252,777,402,375,888,426,462,776,369,407,443,225,218,111,54,57,
2235,446,193,253,778,402,376,889,427,462,778,370,408,444,225,219,111,54,57,
2240,447,194,253,781,403,378,893,428,465,780,371,409,445,226,219,111,54,57,
2245,447,194,253,783,404,379,893,428,465,781,371,410,445,226,219,112,54,58,
2250,449,194,255,784,404,380,896,428,468,783,371,412,447,228,219,112,54,58,
2255,450,195,255,785,404,381,897,429,468,785,373,412,448,228,220,112,54,58,
2260,451,195,256,788,406,382,901,432,469,787,373,414,449,229,220,112,54,58,
2265,451,195,256,790,406,384,901,432,469,788,373,415,449,229,220,113,54,59,
2270,453,196,257,791,406,385,904,433,471,790,374,416,451,230,221,113,54,59,
2275,454,197,257,792,406,386,905,433,472,792,375,417,452,230,222,113,54,59,
2280,455,197,258,795,407,388,909,436,473,794,377,417,453,230,223,113,54,59,
2285,455,197,258,797,408,389,909,436,473,795,378,417,453,230,223,114,54,60,
2290,457,197,260,798,408,390,912,436,476,797,380,417,455,230,225,114,54,60,
2295,458,197,261,799,408,391,913,437,476,799,381,418,456,231,225,114,54,60,
2300,459,197,262,802,410,392,917,439,478,801,381,420,457,232,225,114,54,60,
2305,459,197,262,804,411,393,917,439,478,802,381,421,457,232,225,115,54,61,
2310,461,198,263,805,411,394,920,440,480,804,381,423,459,232,227,115,54,61,
2315,462,199,263,806,411,395,921,441,480,806,381,425,460,232,228,115,54,61,
2320,463,200,263,809,412,397,925,441,484,808,383,425,461,233,228,115,54,61,
2325,463,200,263,811,413,398,925,441,484,809,384,425,461,233,228,116,55,61,
2330,465,200,265,812,413,399,928,442,486,811,385,426,463,233,230,116,55,61,
2335,466,201,265,813,413,400,929,442,487,813,386,427,464,234,230,116,55,61,
2340,467,202,265,816,414,402,933,445,488,815,386,429,465,235,230,116,55,61,
2345,467,202,265,818,414,404,933,445,488,816,387,429,465,235,230,117,55,62,
2350,469,202,267,819,415,404,936,447,489,818,388,430,467,236,231,117,55,62,
2355,470,202,268,820,415,405,937,447,490,820,390,430,468,236,232,117,55,62,
2360,471,203,268,823,416,407,941,451,490,822,390,432,469,236,233,117,55,62,
2365,471,203,268,825,417,408,941,451,490,823,391,432,469,236,233,118,55,63,
2370,473,204,269,826,418,408,944,453,491,825,392,433,471,236,235,118,55,63,
2375,474,205,269,827,418,409,945,453,492,827,393,434,472,237,235,118,55,63,
2380,475,206,269,830,420,410,949,455,494,829,394,435,473,237,236,118,55,63,
2385,475,206,269,832,422,410,949,455,494,830,395,435,473,237,236,119,56,63,
2390,477,208,269,833,422,411,952,457,495,832,395,437,475,237,238,119,56,63,
2395,478,208,270,834,422,412,953,458,495,834,395,439,476,237,239,119,56,63,
2400,479,209,270,837,424,413,957,460,497,836,395,441,477,237,240,119,56,63,
2405,479,209,270,839,425,414,957,460,497,837,395,442,477,237,240,120,56,64,
2410,481,211,270,840,425,415,960,461,499,839,397,442,479,238,241,120,56,64,
2415,482,211,271,841,426,415,961,462,499,841,398,443,480,239,241,120,56,64,
2420,483,211,272,844,428,416,965,464,501,843,399,444,481,239,242,120,56,64,
2425,483,211,272,846,429,417,965,464,501,844,400,444,481,239,242,121,56,65,
2430,485,212,273,847,429,418,968,465,503,846,400,446,483,239,244,121,56,65,
2435,486,213,273,848,430,418,969,466,503,848,401,447,484,239,245,121,56,65,
2440,487,213,274,851,430,421,973,469,504,850,402,448,485,239,246,121,56,65,
2445,487,213,274,853,431,422,973,469,504,851,403,448,485,239,246,122,56,66,
2450,489,214,275,854,431,423,976,471,505,853,404,449,487,240,247,122,56,66,
2455,490,215,275,855,431,424,977,471,506,855,404,451,488,240,248,122,56,66,
2460,491,216,275,858,433,425,981,473,508,857,405,452,489,240,249,122,56,66,
2465,491,216,275,860,434,426,981,473,508,858,405,453,489,240,249,123,57,66,
2470,493,217,276,861,434,427,984,476,508,860,406,454,491,242,249,123,57,66,
2475,494,218,276,862,434,428,985,477,508,862,407,455,492,242,250,123,57,66,
2480,495,218,277,865,436,429,989,479,510,864,409,455,493,243,250,123,57,66,
2485,495,218,277,867,436,431,989,479,510,865,410,455,493,243,250,124,58,66,
2490,497,220,277,868,437,431,992,481,511,867,410,457,495,245,250,124,58,66,
2495,498,220,278,869,438,431,993,482,511,869,411,458,496,246,250,124,58,66,
2500,499,221,278,872,439,433,997,484,513,871,413,458,497,247,250,124,58,66,
2505,499,221,278,874,440,434,997,484,513,872,414,458,497,247,250,125,58,67,
2510,501,223,278,875,441,434,1000,485,515,874,416,458,499,247,252,125,58,67,
2515,502,224,278,876,442,434,1001,486,515,876,417,459,500,247,253,125,58,67,
2520,503,225,278,879,444,435,1005,489,516,878,417,461,501,247,254,125,58,67,
2525,503,225,278,881,446,435,1005,489,516,879,418,461,501,247,254,126,58,68,
2530,505,226,279,882,446,436,1008,490,518,881,418,463,503,247,256,126,58,68,
2535,506,227,279,883,446,437,1009,491,518,883,419,464,504,248,256,126,58,68,
2540,507,227,280,886,447,439,1013,493,520,885,420,465,505,249,256,126,58,68,
2545,507,227,280,888,447,441,1013,493,520,886,420,466,505,249,256,127,58,69,
2550,509,228,281,889,447,442,1016,494,522,888,420,468,507,249,258,127,58,69,
2555,510,229,281,890,447,443,1017,495,522,890,421,469,508,249,259,127,58,69,
2560,511,229,282,893,448,445,1021,499,522,892,422,470,509,250,259,127,58,69,
2565,511,229,282,895,450,445,1021,499,522,893,422,471,509,250,259,128,59,69,
2570,513,230,283,896,450,446,1024,502,522,895,422,473,511,251,260,128,59,69,
2575,514,230,284,897,450,447,1025,502,523,897,423,474,512,252,260,128,59,69,
2580,515,230,285,900,452,448,1029,504,525,899,423,476,513,253,260,128,59,69,
2585,515,230,285,902,453,449,1029,504,525,900,424,476,513,253,260,129,60,69,
2590,517,232,285,903,454,449,1032,505,527,902,424,478,515,253,262,129,60,69,
2595,518,232,286,904,455,449,1033,506,527,904,426,478,516,254,262,129,60,69,
2600,519,233,286,907,456,451,1037,509,528,906,426,480,517,254,263,129,60,69,
2605,519,233,286,909,457,452,1037,509,528,907,427,480,517,254,263,130,61,69,
2610,521,234,287,910,458,452,1040,511,529,909,428,481,519,256,263,130,61,69,
2615,522,234,288,911,458,453,1041,512,529,911,428,483,520,257,263,130,61,69,
2620,523,235,288,914,461,453,1045,514,531,913,428,485,521,257,264,130,61,69,
2625,523,235,288,916,463,453,1045,514,531,914,429,485,521,257,264,131,61,70,
2630,525,237,288,917,463,454,1048,514,534,916,430,486,523,257,266,131,61,70,
2635,526,237,289,918,463,455,1049,514,535,918,432,486,524,257,267,131,61,70,
2640,527,238,289,921,465,456,1053,516,537,920,434,486,525,257,268,131,61,70,
2645,527,238,289,923,467,456,1053,516,537,921,434,487,525,257,268,132,62,70,
2650,529,239,290,924,467,457,1056,516,540,923,434,489,527,258,269,132,62,70,
2655,530,239,291,925,468,457,1057,517,540,925,435,490,528,258,270,132,62,70,
2660,531,239,292,928,470,458,1061,518,543,927,435,492,529,258,271,132,62,70,
2665,531,239,292,930,472,458,1061,518,543,928,435,493,529,258,271,133,63,70,
2670,533,240,293,931,473,458,1064,520,544,930,436,494,531,259,272,133,63,70,
2675,534,241,293,932,474,458,1065,520,545,932,436,496,532,260,272,133,63,70,
2680,535,242,293,935,475,460,1069,523,546,934,437,497,533,261,272,133,63,70,
2685,535,242,293,937,476,461,1069,523,546,935,438,497,533,261,272,134,63,71,
2690,537,243,294,938,476,462,1072,524,548,937,439,498,535,261,274,134,63,71,
2695,538,244,294,939,477,462,1073,524,549,939,439,500,536,261,275,134,63,71,
2700,539,245,294,942,478,464,1077,525,552,941,440,501,537,261,276,134,63,71,
2705,539,245,294,944,480,464,1077,525,552,942,441,501,537,261,276,135,63,72,
2710,541,247,294,945,480,465,1080,526,554,944,442,502,539,262,277,135,63,72,
2715,542,248,294,946,481,465,1081,527,554,946,443,503,540,262,278,135,63,72,
2720,543,249,294,949,483,466,1085,528,557,948,445,503,541,263,278,135,63,72,
2725,543,249,294,951,484,467,1085,528,557,949,445,504,541,263,278,136,64,72,
2730,545,251,294,952,484,468,1088,529,559,951,445,506,543,264,279,136,64,72,
2735,546,251,295,953,484,469,1089,529,560,953,446,507,544,264,280,136,64,72,
2740,547,252,295,956,486,470,1093,531,562,955,446,509,545,264,281,136,64,72,
2745,547,252,295,958,488,470,1093,531,562,956,446,510,545,264,281,137,65,72,
2750,549,253,296,959,489,470,1096,534,562,958,446,512,547,264,283,137,65,72,
2755,550,254,296,960,489,471,1097,534,563,960,448,512,548,265,283,137,65,72,
2760,551,254,297,963,490,473,1101,536,565,962,449,513,549,265,284,137,65,72,
2765,551,254,297,965,491,474,1101,536,565,963,450,513,549,265,284,138,65,73,
2770,553,255,298,966,491,475,1104,539,565,965,451,514,551,266,285,138,65,73,
2775,554,255,299,967,491,476,1105,540,565,967,451,516,552,267,285,138,65,73,
2780,555,256,299,970,493,477,1109,541,568,969,451,518,553,267,286,138,65,73,
2785,555,256,299,972,494,478,1109,541,568,970,451,519,553,267,286,139,65,74,
2790,557,257,300,973,495,478,1112,544,568,972,453,519,555,269,286,139,65,74,
2795,558,257,301,974,495,479,1113,544,569,974,455,519,556,270,286,139,65,74,
2800,559,257,302,977,497,480,1117,546,571,976,457,519,557,270,287,139,65,74,
2805,559,257,302,979,499,480,1117,546,571,977,458,519,557,270,287,140,66,74,
2810,561,258,303,980,499,481,1120,547,573,979,459,520,559,271,288,140,66,74,
2815,562,259,303,981,499,482,1121,548,573,981,460,521,560,272,288,140,66,74,
2820,563,260,303,984,500,484,1125,550,575,983,461,522,561,273,288,140,66,74,
2825,563,260,303,986,501,485,1125,550,575,984,461,523,561,273,288,141,66,75,
2830,565,261,304,987,502,485,1128,552,576,986,461,525,563,274,289,141,66,75,
2835,566,262,304,988,503,485,1129,552,577,988,463,525,564,274,290,141,66,75,
2840,567,263,304,991,505,486,1133,554,579,990,463,527,565,274,291,141,66,75,
2845,567,263,304,993,506,487,1133,554,579,991,463,528,565,274,291,142,67,75,
2850,569,263,306,994,506,488,1136,555,581,993,464,529,567,275,292,142,67,75,
2855,570,264,306,995,507,488,1137,556,581,995,466,529,568,276,292,142,67,75,
2860,571,264,307,998,508,490,1141,558,583,997,468,529,569,277,292,142,67,75,
2865,571,264,307,1000,509,491,1141,558,583,998,468,530,569,277,292,143,67,76,
2870,573,265,308,1001,509,492,1144,558,586,1000,468,532,571,278,293,143,67,76,
2875,574,265,309,1002,509,493,1145,558,587,1002,469,533,572,279,293,143,67,76,
2880,575,266,309,1005,510,495,1149,561,588,1004,470,534,573,280,293,143,67,76,
2885,575,266,309,1007,512,495,1149,561,588,1005,471,534,573,280,293,144,67,77,
2890,577,266,311,1008,513,495,1152,563,589,1007,473,534,575,281,294,144,67,77,
2895,578,267,311,1009,513,496,1153,564,589,1009,474,535,576,281,295,144,67,77,
2900,579,267,312,1012,514,498,1157,566,591,1011,475,536,577,281,296,144,67,77,
2905,579,267,312,1014,514,500,1157,566,591,1012,475,537,577,281,296,145,67,78,
2910,581,269,312,1015,514,501,1160,569,591,1014,476,538,579,283,296,145,67,78,
2915,582,269,313,1016,514,502,1161,570,591,1016,478,538,580,283,297,145,67,78,
2920,583,269,314,1019,516,503,1165,573,592,1018,480,538,581,283,298,145,67,78,
2925,583,269,314,1021,517,504,1165,573,592,1019,480,539,581,283,298,146,67,79,
2930,585,270,315,1022,517,505,1168,575,593,1021,482,539,583,284,299,146,67,79,
2935,586,271,315,1023,518,505,1169,575,594,1023,482,541,584,285,299,146,67,79,
2940,587,271,316,1026,519,507,1173,577,596,1025,483,542,585,286,299,146,67,79,
2945,587,271,316,1028,520,508,1173,577,596,1026,483,543,585,286,299,147,67,80,
2950,589,272,317,1029,521,508,1176,580,596,1028,485,543,587,287,300,147,67,80,
2955,590,273,317,1030,522,508,1177,581,596,1030,486,544,588,287,301,147,67,80,
2960,591,273,318,1033,524,509,1181,583,598,1032,487,545,589,288,301,147,67,80,
2965,591,273,318,1035,525,510,1181,583,598,1033,487,546,589,288,301,148,67,81,
2970,593,274,319,1036,525,511,1184,585,599,1035,488,547,591,288,303,148,67,81,
2975,594,275,319,1037,525,512,1185,585,600,1037,489,548,592,289,303,148,67,81,
2980,595,275,320,1040,527,513,1189,587,602,1039,490,549,593,289,304,148,67,81,
2985,595,275,320,1042,528,514,1189,587,602,1040,490,550,593,289,304,149,67,82,
2990,597,277,320,1043,529,514,1192,587,605,1042,491,551,595,289,306,149,67,82,
2995,598,278,320,1044,529,515,1193,587,606,1044,493,551,596,289,307,149,67,82,
3000,599,278,321,1047,531,516,1197,589,608,1046,494,552,597,290,307,149,67,82,
3005,599,278,321,1049,531,518,1197,589,608,1047,494,553,597,290,307,150,68,82,
3010,601,280,321,1050,531,519,1200,590,610,1049,496,553,599,291,308,150,68,82,
3015,602,281,321,1051,532,519,1201,590,611,1051,496,555,600,292,308,150,68,82,
3020,603,282,321,1054,533,521,1205,592,613,1053,496,557,601,292,309,150,68,82,
3025,603,282,321,1056,533,523,1205,592,613,1054,497,557,601,292,309,151,68,83,
3030,605,282,323,1057,534,523,1208,593,615,1056,499,557,603,293,310,151,68,83,
3035,606,282,324,1058,534,524,1209,594,615,1058,499,559,604,294,310,151,68,83,
3040,607,283,324,1061,537,524,1213,595,618,1060,501,559,605,294,311,151,68,83,
3045,607,283,324,1063,538,525,1213,595,618,1061,502,559,605,294,311,152,68,84,
3050,609,284,325,1064,539,525,1216,596,620,1063,502,561,607,295,312,152,68,84,
3055,610,285,325,1065,539,526,1217,596,621,1065,503,562,608,296,312,152,68,84,
3060,611,286,325,1068,541,527,1221,600,621,1067,504,563,609,296,313,152,68,84,
3065,611,286,325,1070,542,528,1221,600,621,1068,504,564,609,296,313,153,69,84,
3070,613,287,326,1071,543,528,1224,602,622,1070,504,566,611,297,314,153,69,84,
3075,614,287,327,1072,544,528,1225,602,623,1072,505,567,612,298,314,153,69,84,
3080,615,287,328,1075,546,529,1229,604,625,1074,505,569,613,298,315,153,69,84,
3085,615,287,328,1077,546,531,1229,604,625,1075,506,569,613,298,315,154,69,85,
3090,617,289,328,1078,547,531,1232,605,627,1077,507,570,615,298,317,154,69,85,
3095,618,289,329,1079,548,531,1233,606,627,1079,508,571,616,299,317,154,69,85,
3100,619,290,329,1082,549,533,1237,608,629,1081,509,572,617,300,317,154,69,85,
3105,619,290,329,1084,550,534,1237,608,629,1082,509,573,617,300,317,155,70,85,
3110,621,290,331,1085,550,535,1240,609,631,1084,509,575,619,301,318,155,70,85,
3115,622,290,332,1086,551,535,1241,609,632,1086,511,575,620,302,318,155,70,85,
3120,623,291,332,1089,553,536,1245,610,635,1088,512,576,621,303,318,155,70,85,
3125,623,291,332,1091,553,538,1245,610,635,1089,512,577,621,303,318,156,71,85,
3130,625,291,334,1092,554,538,1248,612,636,1091,514,577,623,304,319,156,71,85,
3135,626,291,335,1093,554,539,1249,612,637,1093,516,577,624,305,319,156,71,85,
3140,627,292,335,1096,555,541,1253,615,638,1095,517,578,625,305,320,156,71,85,
3145,627,292,335,1098,556,542,1253,615,638,1096,517,579,625,305,320,157,71,86,
3150,629,292,337,1099,556,543,1256,617,639,1098,518,580,627,306,321,157,71,86,
3155,630,293,337,1100,556,544,1257,617,640,1100,518,582,628,307,321,157,71,86,
3160,631,293,338,1103,556,547,1261,617,644,1102,520,582,629,307,322,157,71,86,
3165,631,293,338,1105,558,547,1261,617,644,1103,521,582,629,307,322,158,72,86,
3170,633,293,340,1106,559,547,1264,617,647,1105,523,582,631,309,322,158,72,86,
3175,634,293,341,1107,560,547,1265,618,647,1107,524,583,632,310,322,158,72,86,
3180,635,293,342,1110,560,550,1269,621,648,1109,526,583,633,310,323,158,72,86,
3185,635,293,342,1112,561,551,1269,621,648,1110,527,583,633,310,323,159,73,86,
3190,637,294,343,1113,562,551,1272,623,649,1112,528,584,635,310,325,159,73,86,
3195,638,294,344,1114,562,552,1273,624,649,1114,530,584,636,311,325,159,73,86,
3200,639,295,344,1117,565,552,1277,627,650,1116,530,586,637,312,325,159,73,86,
3205,639,295,344,1119,565,554,1277,627,650,1117,530,587,637,312,325,160,73,87,
3210,641,295,346,1120,565,555,1280,628,652,1119,531,588,639,312,327,160,73,87,
3215,642,295,347,1121,566,555,1281,628,653,1121,532,589,640,313,327,160,73,87,
3220,643,296,347,1124,568,556,1285,629,656,1123,532,591,641,314,327,160,73,87,
3225,643,296,347,1126,568,558,1285,629,656,1124,532,592,641,314,327,161,74,87,
3230,645,298,347,1127,568,559,1288,630,658,1126,533,593,643,315,328,161,74,87,
3235,646,299,347,1128,569,559,1289,630,659,1128,535,593,644,316,328,161,74,87,
3240,647,299,348,1131,572,559,1293,631,662,1130,536,594,645,317,328,161,74,87,
3245,647,299,348,1133,574,559,1293,631,662,1131,537,594,645,317,328,162,74,88,
3250,649,301,348,1134,575,559,1296,634,662,1133,539,594,647,317,330,162,74,88,
3255,650,301,349,1135,575,560,1297,635,662,1135,540,595,648,317,331,162,74,88,
3260,651,301,350,1138,577,561,1301,637,664,1137,541,596,649,318,331,162,74,88,
3265,651,301,350,1140,578,562,1301,637,664,1138,541,597,649,318,331,163,75,88,
3270,653,301,352,1141,579,562,1304,638,666,1140,541,599,651,319,332,163,75,88,
3275,654,302,352,1142,580,562,1305,639,666,1142,543,599,652,319,333,163,75,88,
3280,655,303,352,1145,580,565,1309,642,667,1144,543,601,653,320,333,163,75,88,
3285,655,303,352,1147,581,566,1309,642,667,1145,544,601,653,320,333,164,76,88,
3290,657,304,353,1148,581,567,1312,643,669,1147,545,602,655,320,335,164,76,88,
3295,658,305,353,1149,582,567,1313,643,670,1149,547,602,656,320,336,164,76,88,
3300,659,305,354,1152,583,569,1317,643,674,1151,549,602,657,320,337,164,76,88,
3305,659,305,354,1154,584,570,1317,643,674,1152,550,602,657,320,337,165,77,88,
3310,661,305,356,1155,584,571,1320,645,675,1154,551,603,659,321,338,165,77,88,
3315,662,306,356,1156,584,572,1321,646,675,1156,552,604,660,322,338,165,77,88,
3320,663,307,356,1159,585,574,1325,647,678,1158,553,605,661,323,338,165,77,88,
3325,663,307,356,1161,586,575,1325,647,678,1159,554,605,661,323,338,166,78,88,
3330,665,307,358,1162,587,575,1328,650,678,1161,555,606,663,324,339,166,78,88,
3335,666,308,358,1163,588,575,1329,651,678,1163,555,608,664,325,339,166,78,88,
3340,667,308,359,1166,589,577,1333,653,680,1165,556,609,665,325,340,166,78,88,
3345,667,308,359,1168,591,577,1333,653,680,1166,557,609,665,325,340,167,79,88,
3350,669,309,360,1169,592,577,1336,656,680,1168,558,610,667,326,341,167,79,88,
3355,670,310,360,1170,593,577,1337,657,680,1170,558,612,668,326,342,167,79,88,
3360,671,311,360,1173,594,579,1341,658,683,1172,559,613,669,327,342,167,79,88,
3365,671,311,360,1175,596,579,1341,658,683,1173,559,614,669,327,342,168,80,88,
3370,673,313,360,1176,596,580,1344,658,686,1175,561,614,671,327,344,168,80,88,
3375,674,313,361,1177,596,581,1345,659,686,1177,563,614,672,328,344,168,80,88,
3380,675,313,362,1180,598,582,1349,660,689,1179,563,616,673,329,344,168,80,88,
3385,675,313,362,1182,599,583,1349,660,689,1180,563,617,673,329,344,169,80,89,
3390,677,315,362,1183,599,584,1352,663,689,1182,563,619,675,329,346,169,80,89,
3395,678,315,363,1184,599,585,1353,663,690,1184,564,620,676,329,347,169,80,89,
3400,679,316,363,1187,602,585,1357,664,693,1186,566,620,677,330,347,169,80,89,
3405,679,316,363,1189,603,586,1357,664,693,1187,566,621,677,330,347,170,80,90,
3410,681,318,363,1190,603,587,1360,666,694,1189,567,622,679,332,347,170,80,90,
3415,682,318,364,1191,603,588,1361,667,694,1191,569,622,680,332,348,170,80,90,
3420,683,319,364,1194,605,589,1365,667,698,1193,570,623,681,332,349,170,80,90,
3425,683,319,364,1196,606,590,1365,667,698,1194,571,623,681,332,349,171,81,90,
3430,685,321,364,1197,607,590,1368,669,699,1196,572,624,683,332,351,171,81,90,
3435,686,321,365,1198,608,590,1369,669,700,1198,573,625,684,332,352,171,81,90,
3440,687,321,366,1201,609,592,1373,672,701,1200,573,627,685,333,352,171,81,90,
3445,687,321,366,1203,610,593,1373,672,701,1201,573,628,685,333,352,172,82,90,
3450,689,322,367,1204,611,593,1376,674,702,1203,575,628,687,334,353,172,82,90,
3455,690,323,367,1205,612,593,1377,675,702,1205,576,629,688,334,354,172,82,90,
3460,691,323,368,1208,613,595,1381,678,703,1207,576,631,689,334,355,172,82,90,
3465,691,323,368,1210,613,597,1381,678,703,1208,577,631,689,334,355,173,83,90,
3470,693,323,370,1211,614,597,1384,679,705,1210,578,632,691,335,356,173,83,90,
3475,694,323,371,1212,614,598,1385,680,705,1212,578,634,692,335,357,173,83,90,
3480,695,324,371,1215,614,601,1389,682,707,1214,578,636,693,335,358,173,83,90,
3485,695,324,371,1217,616,601,1389,682,707,1215,578,637,693,335,358,174,84,90,
3490,697,324,373,1218,617,601,1392,684,708,1217,578,639,695,335,360,174,84,90,
3495,698,325,373,1219,617,602,1393,684,709,1219,579,640,696,336,360,174,84,90,
3500,699,325,374,1222,618,604,1397,685,712,1221,580,641,697,337,360,174,84,90,
3505,699,325,374,1224,618,606,1397,685,712,1222,580,642,697,337,360,175,84,91,
3510,701,327,374,1225,619,606,1400,686,714,1224,582,642,699,339,360,175,84,91,
3515,702,327,375,1226,619,607,1401,687,714,1226,584,642,700,339,361,175,84,91,
3520,703,327,376,1229,620,609,1405,688,717,1228,586,642,701,339,362,175,84,91,
3525,703,327,376,1231,622,609,1405,688,717,1229,587,642,701,339,362,176,84,92,
3530,705,327,378,1232,623,609,1408,688,720,1231,589,642,703,340,363,176,84,92,
3535,706,327,379,1233,623,610,1409,689,720,1233,591,642,704,340,364,176,84,92,
3540,707,327,380,1236,624,612,1413,691,722,1235,591,644,705,340,365,176,84,92,
3545,707,327,380,1238,624,614,1413,691,722,1236,591,645,705,340,365,177,85,92,
3550,709,329,380,1239,625,614,1416,692,724,1238,592,646,707,341,366,177,85,92,
3555,710,329,381,1240,626,614,1417,693,724,1240,592,648,708,342,366,177,85,92,
3560,711,329,382,1243,628,615,1421,694,727,1242,593,649,709,343,366,177,85,92,
3565,711,329,382,1245,629,616,1421,694,727,1243,593,650,709,343,366,178,85,93,
3570,713,330,383,1246,629,617,1424,694,730,1245,593,652,711,345,366,178,85,93,
3575,714,330,384,1247,630,617,1425,694,731,1247,595,652,712,345,367,178,85,93,
3580,715,331,384,1250,631,619,1429,696,733,1249,595,654,713,345,368,178,85,93,
3585,715,331,384,1252,633,619,1429,696,733,1250,596,654,713,345,368,179,85,94,
3590,717,332,385,1253,633,620,1432,697,735,1252,597,655,715,347,368,179,85,94,
3595,718,332,386,1254,633,621,1433,697,736,1254,598,656,716,347,369,179,85,94,
3600,719,333,386,1257,635,622,1437,699,738,1256,598,658,717,347,370,179,85,94,
3605,719,333,386,1259,637,622,1437,699,738,1257,598,659,717,347,370,180,86,94,
3610,721,333,388,1260,638,622,1440,702,738,1259,600,659,719,348,371,180,86,94,
3615,722,334,388,1261,638,623,1441,703,738,1261,600,661,720,348,372,180,86,94,
3620,723,334,389,1264,638,626,1445,704,741,1263,601,662,721,348,373,180,86,94,
3625,723,334,389,1266,640,626,1445,704,741,1264,602,662,721,348,373,181,86,95,
3630,725,335,390,1267,640,627,1448,704,744,1266,603,663,723,349,374,181,86,95,
3635,726,336,390,1268,641,627,1449,705,744,1268,603,665,724,350,374,181,86,95,
3640,727,337,390,1271,643,628,1453,708,745,1270,604,666,725,351,374,181,86,95,
3645,727,337,390,1273,644,629,1453,708,745,1271,605,666,725,351,374,182,86,96,
3650,729,338,391,1274,644,630,1456,709,747,1273,605,668,727,352,375,182,86,96,
3655,730,338,392,1275,644,631,1457,709,748,1275,605,670,728,353,375,182,86,96,
3660,731,339,392,1278,645,633,1461,710,751,1277,607,670,729,354,375,182,86,96,
3665,731,339,392,1280,645,635,1461,710,751,1278,608,670,729,354,375,183,87,96,
3670,733,340,393,1281,646,635,1464,710,754,1280,610,670,731,355,376,183,87,96,
3675,734,340,394,1282,647,635,1465,710,755,1282,612,670,732,355,377,183,87,96,
3680,735,340,395,1285,648,637,1469,713,756,1284,613,671,733,355,378,183,87,96,
3685,735,340,395,1287,648,639,1469,713,756,1285,613,672,733,355,378,184,87,97,
3690,737,341,396,1288,649,639,1472,714,758,1287,613,674,735,356,379,184,87,97,
3695,738,341,397,1289,650,639,1473,714,759,1289,614,675,736,356,380,184,87,97,
3700,739,341,398,1292,653,639,1477,715,762,1291,615,676,737,357,380,184,87,97,
3705,739,341,398,1294,653,641,1477,715,762,1292,615,677,737,357,380,185,87,98,
3710,741,342,399,1295,653,642,1480,718,762,1294,616,678,739,358,381,185,87,98,
3715,742,342,400,1296,654,642,1481,718,763,1296,617,679,740,358,382,185,87,98,
3720,743,343,400,1299,656,643,1485,719,766,1298,617,681,741,359,382,185,87,98,
3725,743,343,400,1301,656,645,1485,719,766,1299,618,681,741,359,382,186,87,99,
3730,745,343,402,1302,657,645,1488,722,766,1301,618,683,743,360,383,186,87,99,
3735,746,343,403,1303,658,645,1489,723,766,1303,620,683,744,360,384,186,87,99,
3740,747,344,403,1306,659,647,1493,724,769,1305,621,684,745,361,384,186,87,99,
3745,747,344,403,1308,661,647,1493,724,769,1306,622,684,745,361,384,187,87,100,
3750,749,344,405,1309,662,647,1496,725,771,1308,623,685,747,362,385,187,87,100,
3755,750,344,406,1310,663,647,1497,726,771,1310,624,686,748,363,385,187,87,100,
3760,751,345,406,1313,664,649,1501,729,772,1312,624,688,749,363,386,187,87,100,
3765,751,345,406,1315,665,650,1501,729,772,1313,625,688,749,363,386,188,87,101,
3770,753,346,407,1316,666,650,1504,732,772,1315,626,689,751,364,387,188,87,101,
3775,754,346,408,1317,666,651,1505,732,773,1317,627,690,752,365,387,188,87,101,
3780,755,346,409,1320,668,652,1509,734,775,1319,628,691,753,366,387,188,87,101,
3785,755,346,409,1322,669,653,1509,734,775,1320,629,691,753,366,387,189,87,102,
3790,757,347,410,1323,669,654,1512,736,776,1322,629,693,755,368,387,189,87,102,
3795,758,348,410,1324,670,654,1513,736,777,1324,630,694,756,368,388,189,87,102,
3800,759,349,410,1327,673,654,1517,740,777,1326,632,694,757,369,388,189,87,102,
3805,759,349,410,1329,673,656,1517,740,777,1327,633,694,757,369,388,190,88,102,
3810,761,351,410,1330,673,657,1520,741,779,1329,633,696,759,371,388,190,88,102,
3815,762,352,410,1331,674,657,1521,741,780,1331,633,698,760,371,389,190,88,102,
3820,763,353,410,1334,675,659,1525,742,783,1333,634,699,761,372,389,190,88,102,
3825,763,353,410,1336,677,659,1525,742,783,1334,635,699,761,372,389,191,89,102,
3830,765,353,412,1337,677,660,1528,742,786,1336,636,700,763,373,390,191,89,102,
3835,766,353,413,1338,677,661,1529,743,786,1338,637,701,764,374,390,191,89,102,
3840,767,354,413,1341,678,663,1533,745,788,1340,638,702,765,375,390,191,89,102,
3845,767,354,413,1343,678,665,1533,745,788,1341,638,703,765,375,390,192,90,102,
3850,769,355,414,1344,678,666,1536,748,788,1343,639,704,767,375,392,192,90,102,
3855,770,356,414,1345,678,667,1537,748,789,1345,640,705,768,376,392,192,90,102,
3860,771,356,415,1348,681,667,1541,751,790,1347,642,705,769,377,392,192,90,102,
3865,771,356,415,1350,681,669,1541,751,790,1348,642,706,769,377,392,193,91,102,
3870,773,358,415,1351,682,669,1544,751,793,1350,643,707,771,378,393,193,91,102,
3875,774,359,415,1352,683,669,1545,752,793,1352,645,707,772,378,394,193,91,102,
3880,775,360,415,1355,685,670,1549,755,794,1354,647,707,773,378,395,193,91,102,
3885,775,360,415,1357,685,672,1549,755,794,1355,648,707,773,378,395,194,91,103,
3890,777,360,417,1358,686,672,1552,757,795,1357,649,708,775,378,397,194,91,103,
3895,778,361,417,1359,687,672,1553,757,796,1359,650,709,776,378,398,194,91,103,
3900,779,362,417,1362,688,674,1557,758,799,1361,650,711,777,379,398,194,91,103,
3905,779,362,417,1364,690,674,1557,758,799,1362,650,712,777,379,398,195,91,104,
3910,781,364,417,1365,690,675,1560,759,801,1364,651,713,779,379,400,195,91,104,
3915,782,364,418,1366,691,675,1561,759,802,1366,652,714,780,379,401,195,91,104,
3920,783,365,418,1369,694,675,1565,762,803,1368,653,715,781,379,402,195,91,104,
3925,783,365,418,1371,694,677,1565,762,803,1369,653,716,781,379,402,196,91,105,
3930,785,365,420,1372,695,677,1568,765,803,1371,654,717,783,380,403,196,91,105,
3935,786,366,420,1373,696,677,1569,765,804,1373,655,718,784,380,404,196,91,105,
3940,787,366,421,1376,696,680,1573,765,808,1375,656,719,785,381,404,196,91,105,
3945,787,366,421,1378,697,681,1573,765,808,1376,657,719,785,381,404,197,91,106,
3950,789,366,423,1379,698,681,1576,767,809,1378,657,721,787,381,406,197,91,106,
3955,790,367,423,1380,699,681,1577,767,810,1380,658,722,788,382,406,197,91,106,
3960,791,367,424,1383,700,683,1581,769,812,1382,659,723,789,382,407,197,91,106,
3965,791,367,424,1385,701,684,1581,769,812,1383,660,723,789,382,407,198,91,107,
3970,793,368,425,1386,702,684,1584,772,812,1385,662,723,791,383,408,198,91,107,
3975,794,369,425,1387,703,684,1585,773,812,1387,663,724,792,384,408,198,91,107,
3980,795,370,425,1390,704,686,1589,775,814,1389,664,725,793,384,409,198,91,107,
3985,795,370,425,1392,704,688,1589,775,814,1390,665,725,793,384,409,199,92,107,
3990,797,371,426,1393,705,688,1592,776,816,1392,666,726,795,386,409,199,92,107,
3995,798,372,426,1394,706,688,1593,776,817,1394,666,728,796,387,409,199,92,107,
4000,799,372,427,1397,708,689,1597,778,819,1396,667,729,797,387,410,199,92,107,
4005,799,372,427,1399,708,691,1597,778,819,1397,667,730,797,387,410,200,92,108,
4010,801,374,427,1400,709,691,1600,780,820,1399,669,730,799,389,410,200,92,108,
4015,802,375,427,1401,709,692,1601,780,821,1401,670,731,800,389,411,200,92,108,
4020,803,375,428,1404,711,693,1605,781,824,1403,672,731,801,390,411,200,92,108,
4025,803,375,428,1406,712,694,1605,781,824,1404,673,731,801,390,411,201,93,108,
4030,805,377,428,1407,712,695,1608,781,827,1406,674,732,803,392,411,201,93,108,
4035,806,377,429,1408,712,696,1609,781,828,1408,674,734,804,392,412,201,93,108,
4040,807,377,430,1411,715,696,1613,783,830,1410,676,734,805,393,412,201,93,108,
4045,807,377,430,1413,715,698,1613,783,830,1411,677,734,805,393,412,202,93,109,
4050,809,377,432,1414,715,699,1616,783,833,1413,678,735,807,394,413,202,93,109,
4055,810,378,432,1415,716,699,1617,784,833,1415,680,735,808,395,413,202,93,109,
4060,811,378,433,1418,716,702,1621,788,833,1417,681,736,809,395,414,202,93,109,
4065,811,378,433,1420,718,702,1621,788,833,1418,681,737,809,395,414,203,93,110,
4070,813,379,434,1421,718,703,1624,789,835,1420,681,739,811,395,416,203,93,110,
4075,814,380,434,1422,718,704,1625,789,836,1422,682,740,812,396,416,203,93,110,
4080,815,381,434,1425,720,705,1629,791,838,1424,684,740,813,397,416,203,93,110,
4085,815,381,434,1427,722,705,1629,791,838,1425,684,741,813,397,416,204,94,110,
4090,817,381,436,1428,723,705,1632,794,838,1427,686,741,815,397,418,204,94,110,
4095,818,382,436,1429,724,705,1633,795,838,1429,687,742,816,398,418,204,94,110,
4100,819,382,437,1432,724,708,1637,796,841,1431,688,743,817,399,418,204,94,110,
4105,819,382,437,1434,726,708,1637,796,841,1432,688,744,817,399,418,205,94,111,
4110,821,383,438,1435,727,708,1640,799,841,1434,689,745,819,399,420,205,94,111,
4115,822,384,438,1436,728,708,1641,800,841,1436,691,745,820,400,420,205,94,111,
4120,823,384,439,1439,730,709,1645,802,843,1438,692,746,821,400,421,205,94,111,
4125,823,384,439,1441,731,710,1645,802,843,1439,692,747,821,400,421,206,95,111,
4130,825,386,439,1442,731,711,1648,802,846,1441,693,748,823,401,422,206,95,111,
4135,826,386,440,1443,732,711,1649,803,846,1443,694,749,824,401,423,206,95,111,
4140,827,387,440,1446,735,711,1653,804,849,1445,695,750,825,401,424,206,95,111,
4145,827,387,440,1448,736,712,1653,804,849,1446,696,750,825,401,424,207,95,112,
4150,829,388,441,1449,736,713,1656,805,851,1448,696,752,827,403,424,207,95,112,
4155,830,388,442,1450,737,713,1657,805,852,1450,698,752,828,403,425,207,95,112,
4160,831,389,442,1453,739,714,1661,806,855,1452,698,754,829,403,426,207,95,112,
4165,831,389,442,1455,741,714,1661,806,855,1453,698,755,829,403,426,208,95,113,
4170,833,390,443,1456,741,715,1664,807,857,1455,700,755,831,404,427,208,95,113,
4175,834,390,444,1457,741,716,1665,807,858,1457,701,756,832,404,428,208,95,113,
4180,835,391,444,1460,741,719,1669,807,862,1459,703,756,833,404,429,208,95,113,
4185,835,391,444,1462,742,720,1669,807,862,1460,703,757,833,404,429,209,96,113,
4190,837,393,444,1463,743,720,1672,808,864,1462,704,758,835,405,430,209,96,113,
4195,838,393,445,1464,743,721,1673,809,864,1464,705,759,836,405,431,209,96,113,
4200,839,393,446,1467,744,723,1677,812,865,1466,705,761,837,405,432,209,96,113,
4205,839,393,446,1469,746,723,1677,812,865,1467,706,761,837,405,432,210,97,113,
4210,841,393,448,1470,747,723,1680,814,866,1469,708,761,839,407,432,210,97,113,
4215,842,394,448,1471,748,723,1681,814,867,1471,708,763,840,408,432,210,97,113,
4220,843,394,449,1474,750,724,1685,816,869,1473,710,763,841,408,433,210,97,113,
4225,843,394,449,1476,750,726,1685,816,869,1474,711,763,841,408,433,211,97,114,
4230,845,395,450,1477,750,727,1688,817,871,1476,711,765,843,409,434,211,97,114,
4235,846,396,450,1478,750,728,1689,817,872,1478,712,766,844,409,435,211,97,114,
4240,847,397,450,1481,751,730,1693,819,874,1480,714,766,845,409,436,211,97,114,
4245,847,397,450,1483,752,731,1693,819,874,1481,715,766,845,409,436,212,97,115,
4250,849,398,451,1484,752,732,1696,820,876,1483,715,768,847,409,438,212,97,115,
4255,850,399,451,1485,753,732,1697,821,876,1485,717,768,848,409,439,212,97,115,
4260,851,399,452,1488,755,733,1701,823,878,1487,718,769,849,410,439,212,97,115,
4265,851,399,452,1490,755,735,1701,823,878,1488,719,769,849,410,439,213,97,116,
4270,853,399,454,1491,756,735,1704,823,881,1490,721,769,851,412,439,213,97,116,
4275,854,399,455,1492,756,736,1705,823,882,1492,722,770,852,412,440,213,97,116,
4280,855,400,455,1495,758,737,1709,825,884,1494,723,771,853,413,440,213,97,116,
4285,855,400,455,1497,760,737,1709,825,884,1495,724,771,853,413,440,214,97,117,
4290,857,400,457,1498,760,738,1712,826,886,1497,724,773,855,413,442,214,97,117,
4295,858,401,457,1499,761,738,1713,826,887,1499,726,773,856,413,443,214,97,117,
4300,859,402,457,1502,762,740,1717,827,890,1501,727,774,857,413,444,214,97,117,
4305,859,402,457,1504,763,741,1717,827,890,1502,727,775,857,413,444,215,98,117,
4310,861,403,458,1505,764,741,1720,827,893,1504,728,776,859,414,445,215,98,117,
4315,862,404,458,1506,764,742,1721,827,894,1506,728,778,860,415,445,215,98,117,
4320,863,404,459,1509,764,745,1725,829,896,1508,729,779,861,415,446,215,98,117,
4325,863,404,459,1511,766,745,1725,829,896,1509,729,780,861,415,446,216,98,118,
4330,865,406,459,1512,766,746,1728,832,896,1511,731,780,863,416,447,216,98,118,
4335,866,407,459,1513,766,747,1729,833,896,1513,732,781,864,416,448,216,98,118,
4340,867,407,460,1516,769,747,1733,833,900,1515,732,783,865,417,448,216,98,118,
4345,867,407,460,1518,770,748,1733,833,900,1516,732,784,865,417,448,217,99,118,
4350,869,408,461,1519,771,748,1736,833,903,1518,733,785,867,417,450,217,99,118,
4355,870,408,462,1520,772,748,1737,833,904,1520,734,786,868,418,450,217,99,118,
4360,871,409,462,1523,773,750,1741,835,906,1522,735,787,869,419,450,217,99,118,
4365,871,409,462,1525,773,752,1741,835,906,1523,736,787,869,419,450,218,99,119,
4370,873,411,462,1526,774,752,1744,838,906,1525,738,787,871,419,452,218,99,119,
4375,874,411,463,1527,775,752,1745,839,906,1527,738,789,872,419,453,218,99,119,
4380,875,412,463,1530,776,754,1749,839,910,1529,739,790,873,420,453,218,99,119,
4385,875,412,463,1532,777,755,1749,839,910,1530,740,790,873,420,453,219,99,120,
4390,877,414,463,1533,778,755,1752,842,910,1532,741,791,875,421,454,219,99,120,
4395,878,415,463,1534,779,755,1753,842,911,1534,742,792,876,422,454,219,99,120,
4400,879,416,463,1537,780,757,1757,845,912,1536,743,793,877,422,455,219,99,120,
4405,879,416,463,1539,780,759,1757,845,912,1537,743,794,877,422,455,220,100,120,
4410,881,417,464,1540,781,759,1760,846,914,1539,744,795,879,424,455,220,100,120,
4415,882,417,465,1541,782,759,1761,847,914,1541,744,797,880,424,456,220,100,120,
4420,883,418,465,1544,784,760,1765,850,915,1543,745,798,881,425,456,220,100,120,
4425,883,418,465,1546,785,761,1765,850,915,1544,745,799,881,425,456,221,101,120,
4430,885,419,466,1547,786,761,1768,850,918,1546,745,801,883,427,456,221,101,120,
4435,886,420,466,1548,786,762,1769,850,919,1548,747,801,884,427,457,221,101,120,
4440,887,421,466,1551,787,764,1773,853,920,1550,749,801,885,427,458,221,101,120,
4445,887,421,466,1553,788,765,1773,853,920,1551,749,802,885,427,458,222,102,120,
4450,889,422,467,1554,788,766,1776,855,921,1553,749,804,887,427,460,222,102,120,
4455,890,422,468,1555,789,766,1777,855,922,1555,749,806,888,428,460,222,102,120,
4460,891,423,468,1558,789,769,1781,858,923,1557,749,808,889,429,460,222,102,120,
4465,891,423,468,1560,790,770,1781,858,923,1558,750,808,889,429,460,223,102,121,
4470,893,424,469,1561,790,771,1784,859,925,1560,750,810,891,431,460,223,102,121,
4475,894,425,469,1562,790,772,1785,859,926,1562,750,812,892,431,461,223,102,121,
4480,895,426,469,1565,790,775,1789,862,927,1564,751,813,893,432,461,223,102,121,
4485,895,426,469,1567,792,775,1789,862,927,1565,752,813,893,432,461,224,103,121,
4490,897,428,469,1568,793,775,1792,863,929,1567,752,815,895,433,462,224,103,121,
4495,898,428,470,1569,793,776,1793,863,930,1569,752,817,896,434,462,224,103,121,
4500,899,428,471,1572,795,777,1797,864,933,1571,754,817,897,434,463,224,103,121,
4505,899,428,471,1574,796,778,1797,864,933,1572,754,818,897,434,463,225,104,121,
4510,901,429,472,1575,796,779,1800,865,935,1574,755,819,899,435,464,225,104,121,
4515,902,429,473,1576,797,779,1801,866,935,1576,757,819,900,435,465,225,104,121,
4520,903,430,473,1579,797,782,1805,869,936,1578,758,820,901,435,466,225,104,121,
4525,903,430,473,1581,798,783,1805,869,936,1579,759,820,901,435,466,226,105,121,
4530,905,431,474,1582,798,784,1808,871,937,1581,761,820,903,435,468,226,105,121,
4535,906,431,475,1583,798,785,1809,871,938,1583,762,821,904,435,469,226,105,121,
4540,907,432,475,1586,799,787,1813,874,939,1585,763,822,905,436,469,226,105,121,
4545,907,432,475,1588,799,789,1813,874,939,1586,764,822,905,436,469,227,106,121,
4550,909,433,476,1589,799,790,1816,875,941,1588,766,822,907,436,471,227,106,121,
4555,910,434,476,1590,800,790,1817,875,942,1590,767,823,908,437,471,227,106,121,
4560,911,434,477,1593,801,792,1821,875,946,1592,769,823,909,437,472,227,106,121,
4565,911,434,477,1595,803,792,1821,875,946,1593,769,824,909,437,472,228,106,122,
4570,913,435,478,1596,803,793,1824,876,948,1595,769,826,911,438,473,228,106,122,
4575,914,435,479,1597,804,793,1825,876,949,1597,770,827,912,438,474,228,106,122,
4580,915,436,479,1600,804,796,1829,878,951,1599,770,829,913,438,475,228,106,122,
4585,915,436,479,1602,804,798,1829,878,951,1600,771,829,913,438,475,229,107,122,
4590,917,436,481,1603,805,798,1832,880,952,1602,773,829,915,438,477,229,107,122,
4595,918,437,481,1604,805,799,1833,881,952,1604,775,829,916,439,477,229,107,122,
4600,919,437,482,1607,806,801,1837,884,953,1606,776,830,917,439,478,229,107,122,
4605,919,437,482,1609,806,803,1837,884,953,1607,777,830,917,439,478,230,108,122,
4610,921,438,483,1610,807,803,1840,886,954,1609,777,832,919,440,479,230,108,122,
4615,922,438,484,1611,807,804,1841,886,955,1611,779,832,920,441,479,230,108,122,
4620,923,439,484,1614,808,806,1845,889,956,1613,779,834,921,441,480,230,108,122,
4625,923,439,484,1616,809,807,1845,889,956,1614,780,834,921,441,480,231,108,123,
4630,925,441,484,1617,809,808,1848,891,957,1616,781,835,923,442,481,231,108,123,
4635,926,441,485,1618,810,808,1849,892,957,1618,783,835,924,443,481,231,108,123,
4640,927,441,486,1621,810,811,1853,894,959,1620,783,837,925,444,481,231,108,123,
4645,927,441,486,1623,811,812,1853,894,959,1621,784,837,925,444,481,232,108,124,
4650,929,443,486,1624,811,813,1856,894,962,1623,786,837,927,446,481,232,108,124,
4655,930,444,486,1625,812,813,1857,895,962,1625,788,837,928,447,481,232,108,124,
4660,931,445,486,1628,814,814,1861,896,965,1627,789,838,929,447,482,232,108,124,
4665,931,445,486,1630,814,816,1861,896,965,1628,790,838,929,447,482,233,108,125,
4670,933,445,488,1631,814,817,1864,898,966,1630,790,840,931,448,483,233,108,125,
4675,934,446,488,1632,815,817,1865,898,967,1632,791,841,932,448,484,233,108,125,
4680,935,447,488,1635,816,819,1869,900,969,1634,792,842,933,448,485,233,108,125,
4685,935,447,488,1637,817,820,1869,900,969,1635,793,842,933,448,485,234,109,125,
4690,937,447,490,1638,817,821,1872,901,971,1637,795,842,935,450,485,234,109,125,
4695,938,448,490,1639,817,822,1873,902,971,1639,796,843,936,450,486,234,109,125,
4700,939,448,491,1642,817,825,1877,904,973,1641,798,843,937,451,486,234,109,125,
4705,939,448,491,1644,818,826,1877,904,973,1642,798,844,937,451,486,235,110,125,
4710,941,449,492,1645,819,826,1880,907,973,1644,799,845,939,452,487,235,110,125,
4715,942,450,492,1646,820,826,1881,908,973,1646,800,846,940,453,487,235,110,125,
4720,943,451,492,1649,821,828,1885,909,976,1648,802,846,941,453,488,235,110,125,
4725,943,451,492,1651,821,830,1885,909,976,1649,802,847,941,453,488,236,110,126,
4730,945,452,493,1652,821,831,1888,911,977,1651,803,848,943,455,488,236,110,126,
4735,946,453,493,1653,822,831,1889,912,977,1653,804,849,944,456,488,236,110,126,
4740,947,454,493,1656,822,834,1893,915,978,1655,804,851,945,456,489,236,110,126,
4745,947,454,493,1658,824,834,1893,915,978,1656,805,851,945,456,489,237,110,127,
4750,949,456,493,1659,825,834,1896,917,979,1658,805,853,947,457,490,237,110,127,
4755,950,457,493,1660,826,834,1897,918,979,1660,807,853,948,458,490,237,110,127,
4760,951,457,494,1663,828,835,1901,921,980,1662,809,853,949,459,490,237,110,127,
4765,951,457,494,1665,830,835,1901,921,980,1663,809,854,949,459,490,238,111,127,
4770,953,459,494,1666,830,836,1904,923,981,1665,810,855,951,460,491,238,111,127,
4775,954,460,494,1667,831,836,1905,924,981,1667,812,855,952,461,491,238,111,127,
4780,955,461,494,1670,833,837,1909,927,982,1669,812,857,953,461,492,238,111,127,
4785,955,461,494,1672,834,838,1909,927,982,1670,812,858,953,461,492,239,112,127,
4790,957,462,495,1673,834,839,1912,929,983,1672,812,860,955,463,492,239,112,127,
4795,958,462,496,1674,835,839,1913,929,984,1674,812,862,956,463,493,239,112,127,
4800,959,463,496,1677,837,840,1917,933,984,1676,813,863,957,463,494,239,112,127,
4805,959,463,496,1679,838,841,1917,933,984,1677,813,864,957,463,494,240,113,127,
4810,961,464,497,1680,839,841,1920,935,985,1679,815,864,959,465,494,240,113,127,
4815,962,465,497,1681,840,841,1921,936,985,1681,815,866,960,465,495,240,113,127,
4820,963,466,497,1684,842,842,1925,937,988,1683,816,867,961,466,495,240,113,127,
4825,963,466,497,1686,843,843,1925,937,988,1684,817,867,961,466,495,241,114,127,
4830,965,467,498,1687,844,843,1928,938,990,1686,818,868,963,467,496,241,114,127,
4835,966,467,499,1688,845,843,1929,939,990,1688,820,868,964,468,496,241,114,127,
4840,967,468,499,1691,847,844,1933,942,991,1690,820,870,965,469,496,241,114,127,
4845,967,468,499,1693,848,845,1933,942,991,1691,820,871,965,469,496,242,115,127,
4850,969,469,500,1694,848,846,1936,942,994,1693,821,872,967,470,497,242,115,127,
4855,970,469,501,1695,848,847,1937,943,994,1695,822,873,968,470,498,242,115,127,
4860,971,469,502,1698,849,849,1941,945,996,1697,823,874,969,471,498,242,115,127,
4865,971,469,502,1700,850,850,1941,945,996,1698,824,874,969,471,498,243,116,127,
4870,973,469,504,1701,850,851,1944,947,997,1700,824,876,971,471,500,243,116,127,
4875,974,470,504,1702,851,851,1945,947,998,1702,824,878,972,471,501,243,116,127,
4880,975,470,505,1705,852,853,1949,947,1002,1704,824,880,973,472,501,243,116,127,
4885,975,470,505,1707,852,855,1949,947,1002,1705,824,881,973,472,501,244,116,128,
4890,977,471,506,1708,853,855,1952,947,1005,1707,824,883,975,473,502,244,116,128,
4895,978,472,506,1709,853,856,1953,948,1005,1709,826,883,976,473,503,244,116,128,
4900,979,473,506,1712,854,858,1957,949,1008,1711,827,884,977,473,504,244,116,128,
4905,979,473,506,1714,855,859,1957,949,1008,1712,828,884,977,473,504,245,116,129,
4910,981,474,507,1715,855,860,1960,950,1010,1714,828,886,979,474,505,245,116,129,
4915,982,475,507,1716,856,860,1961,951,1010,1716,830,886,980,474,506,245,116,129,
4920,983,476,507,1719,857,862,1965,953,1012,1718,831,887,981,475,506,245,116,129,
4925,983,476,507,1721,858,863,1965,953,1012,1719,832,887,981,475,506,246,116,130,
4930,985,477,508,1722,858,864,1968,956,1012,1721,832,889,983,476,507,246,116,130,
4935,986,477,509,1723,858,865,1969,956,1013,1723,833,890,984,476,508,246,116,130,
4940,987,477,510,1726,861,865,1973,959,1014,1725,833,892,985,477,508,246,116,130,
4945,987,477,510,1728,862,866,1973,959,1014,1726,834,892,985,477,508,247,116,131,
4950,989,478,511,1729,862,867,1976,960,1016,1728,835,893,987,477,510,247,116,131,
4955,990,478,512,1730,862,868,1977,961,1016,1730,837,893,988,477,511,247,116,131,
4960,991,479,512,1733,862,871,1981,963,1018,1732,839,893,989,477,512,247,116,131,
4965,991,479,512,1735,864,871,1981,963,1018,1733,840,893,989,477,512,248,117,131,
4970,993,480,513,1736,865,871,1984,963,1021,1735,842,893,991,479,512,248,117,131,
4975,994,481,513,1737,865,872,1985,964,1021,1737,843,894,992,480,512,248,117,131,
4980,995,482,513,1740,868,872,1989,968,1021,1739,845,894,993,480,513,248,117,131,
4985,995,482,513,1742,869,873,1989,968,1021,1740,846,894,993,480,513,249,118,131,
4990,997,483,514,1743,870,873,1992,970,1022,1742,847,895,995,482,513,249,118,131,
4995,998,483,515,1744,871,873,1993,971,1022,1744,847,897,996,482,514,249,118,131,
5000,999,483,516,1747,873,874,1997,974,1023,1746,847,899,997,483,514,249,118,131,
5005,999,483,516,1749,873,876,1997,974,1023,1747,847,900,997,483,514,250,119,131,
5010,1001,484,517,1750,873,877,2000,977,1023,1749,847,902,999,484,515,250,119,131,
5015,1002,484,518,1751,873,878,2001,977,1024,1751,849,902,1000,484,516,250,119,131,
5020,1003,485,518,1754,875,879,2005,979,1026,1753,851,902,1001,484,517,250,119,131,
5025,1003,485,518,1756,875,881,2005,979,1026,1754,851,903,1001,484,517,251,119,132,
5030,1005,487,518,1757,875,882,2008,981,1027,1756,851,905,1003,485,518,251,119,132,
5035,1006,487,519,1758,875,883,2009,981,1028,1758,851,907,1004,485,519,251,119,132,
5040,1007,487,520,1761,876,885,2013,983,1030,1760,852,908,1005,485,520,251,119,132,
5045,1007,487,520,1763,876,887,2013,983,1030,1761,852,909,1005,485,520,252,120,132,
5050,1009,487,522,1764,876,888,2016,986,1030,1763,852,911,1007,486,521,252,120,132,
5055,1010,488,522,1765,876,889,2017,987,1030,1765,853,912,1008,486,522,252,120,132,
5060,1011,489,522,1768,879,889,2021,990,1031,1767,854,913,1009,486,523,252,120,132,
5065,1011,489,522,1770,881,889,2021,990,1031,1768,854,914,1009,486,523,253,121,132,
5070,1013,489,524,1771,881,890,2024,992,1032,1770,855,915,1011,486,525,253,121,132,
5075,1014,490,524,1772,882,890,2025,992,1033,1772,857,915,1012,487,525,253,121,132,
5080,1015,491,524,1775,884,891,2029,994,1035,1774,859,915,1013,488,525,253,121,132,
5085,1015,491,524,1777,886,891,2029,994,1035,1775,859,916,1013,488,525,254,122,132,
5090,1017,491,526,1778,887,891,2032,994,1038,1777,859,918,1015,489,526,254,122,132,
5095,1018,491,527,1779,888,891,2033,994,1039,1779,860,919,1016,489,527,254,122,132,
5100,1019,491,528,1782,888,894,2037,997,1040,1781,862,919,1017,489,528,254,122,132,
5105,1019,491,528,1784,890,894,2037,997,1040,1782,863,919,1017,489,528,255,122,133,
5110,1021,492,529,1785,891,894,2040,998,1042,1784,864,920,1019,490,529,255,122,133,
5115,1022,493,529,1786,892,894,2041,999,1042,1786,865,921,1020,491,529,255,122,133,
5120,1023,494,529,1789,893,896,2045,1000,1045,1788,865,923,1021,492,529,255,122,133,
5125,1023,494,529,1791,893,898,2045,1000,1045,1789,866,923,1021,492,529,256,123,133,
5130,1025,496,529,1792,893,899,2048,1001,1047,1791,866,925,1023,493,530,256,123,133,
5135,1026,496,530,1793,894,899,2049,1002,1047,1793,868,925,1024,494,530,256,123,133,
5140,1027,496,531,1796,897,899,2053,1002,1051,1795,868,927,1025,495,530,256,123,133,
5145,1027,496,531,1798,898,900,2053,1002,1051,1796,869,927,1025,495,530,257,123,134,
5150,1029,496,533,1799,898,901,2056,1004,1052,1798,870,928,1027,495,532,257,123,134,
5155,1030,496,534,1800,899,901,2057,1004,1053,1800,872,928,1028,495,533,257,123,134,
5160,1031,496,535,1803,902,901,2061,1006,1055,1802,873,929,1029,495,534,257,123,134,
5165,1031,496,535,1805,902,903,2061,1006,1055,1803,873,930,1029,495,534,258,123,135,
5170,1033,496,537,1806,902,904,2064,1008,1056,1805,875,930,1031,496,535,258,123,135,
5175,1034,497,537,1807,902,905,2065,1008,1057,1807,876,931,1032,496,536,258,123,135,
5180,1035,497,538,1810,902,908,2069,1009,1060,1809,876,933,1033,497,536,258,123,135,
5185,1035,497,538,1812,903,909,2069,1009,1060,1810,877,933,1033,497,536,259,123,136,
5190,1037,499,538,1813,904,909,2072,1010,1062,1812,878,934,1035,497,538,259,123,136,
5195,1038,499,539,1814,904,910,2073,1010,1063,1814,879,935,1036,498,538,259,123,136,
5200,1039,499,540,1817,905,912,2077,1011,1066,1816,880,936,1037,499,538,259,123,136,
5205,1039,499,540,1819,907,912,2077,1011,1066,1817,880,937,1037,499,538,260,123,137,
5210,1041,500,541,1820,908,912,2080,1011,1069,1819,881,938,1039,499,540,260,123,137,
5215,1042,501,541,1821,908,913,2081,1012,1069,1821,881,940,1040,499,541,260,123,137,
5220,1043,501,542,1824,909,915,2085,1015,1070,1823,883,940,1041,500,541,260,123,137,
5225,1043,501,542,1826,910,916,2085,1015,1070,1824,883,941,1041,500,541,261,123,138,
5230,1045,502,543,1827,910,917,2088,1015,1073,1826,884,942,1043,501,542,261,123,138,
5235,1046,502,544,1828,911,917,2089,1015,1074,1828,884,944,1044,502,542,261,123,138,
5240,1047,502,545,1831,913,918,2093,1019,1074,1830,885,945,1045,503,542,261,123,138,
5245,1047,502,545,1833,914,919,2093,1019,1074,1831,885,946,1045,503,542,262,124,138,
5250,1049,502,547,1834,914,920,2096,1021,1075,1833,887,946,1047,505,542,262,124,138,
5255,1050,503,547,1835,915,920,2097,1021,1076,1835,888,947,1048,506,542,262,124,138,
5260,1051,503,548,1838,917,921,2101,1023,1078,1837,889,948,1049,507,542,262,124,138,
5265,1051,503,548,1840,917,923,2101,1023,1078,1838,889,949,1049,507,542,263,125,138,
5270,1053,505,548,1841,917,924,2104,1026,1078,1840,890,950,1051,507,544,263,125,138,
5275,1054,506,548,1842,917,925,2105,1027,1078,1842,892,950,1052,508,544,263,125,138,
5280,1055,506,549,1845,919,926,2109,1030,1079,1844,892,952,1053,509,544,263,125,138,
5285,1055,506,549,1847,920,927,2109,1030,1079,1845,892,953,1053,509,544,264,126,138,
5290,1057,508,549,1848,920,928,2112,1031,1081,1847,893,954,1055,510,545,264,126,138,
5295,1058,508,550,1849,920,929,2113,1031,1082,1849,893,956,1056,511,545,264,126,138,
5300,1059,509,550,1852,921,931,2117,1033,1084,1851,894,957,1057,511,546,264,126,138,
5305,1059,509,550,1854,922,932,2117,1033,1084,1852,895,957,1057,511,546,265,127,138,
5310,1061,509,552,1855,922,933,2120,1035,1085,1854,897,957,1059,513,546,265,127,138,
5315,1062,509,553,1856,923,933,2121,1035,1086,1856,898,958,1060,513,547,265,127,138,
5320,1063,509,554,1859,925,934,2125,1036,1089,1858,899,959,1061,513,548,265,127,138,
5325,1063,509,554,1861,926,935,2125,1036,1089,1859,899,960,1061,513,548,266,128,138,
5330,1065,510,555,1862,927,935,2128,1036,1092,1861,899,962,1063,514,549,266,128,138,
5335,1066,510,556,1863,927,936,2129,1036,1093,1863,900,963,1064,514,550,266,128,138,
5340,1067,511,556,1866,928,938,2133,1039,1094,1865,901,964,1065,515,550,266,128,138,
5345,1067,511,556,1868,928,940,2133,1039,1094,1866,902,964,1065,515,550,267,128,139,
5350,1069,512,557,1869,929,940,2136,1041,1095,1868,902,966,1067,516,551,267,128,139,
5355,1070,513,557,1870,929,941,2137,1041,1096,1870,903,967,1068,517,551,267,128,139,
5360,1071,513,558,1873,930,943,2141,1042,1099,1872,904,968,1069,518,551,267,128,139,
5365,1071,513,558,1875,931,944,2141,1042,1099,1873,905,968,1069,518,551,268,128,140,
5370,1073,515,558,1876,931,945,2144,1043,1101,1875,907,968,1071,520,551,268,128,140,
5375,1074,516,558,1877,931,946,2145,1043,1102,1877,909,968,1072,521,551,268,128,140,
5380,1075,517,558,1880,933,947,2149,1044,1105,1879,909,970,1073,521,552,268,128,140,
5385,1075,517,558,1882,934,948,2149,1044,1105,1880,909,971,1073,521,552,269,128,141,
5390,1077,517,560,1883,935,948,2152,1044,1108,1882,910,972,1075,522,553,269,128,141,
5395,1078,518,560,1884,935,949,2153,1045,1108,1884,911,973,1076,523,553,269,128,141,
5400,1079,519,560,1887,936,951,2157,1046,1111,1886,912,974,1077,524,553,269,128,141,
5405,1079,519,560,1889,937,952,2157,1046,1111,1887,913,974,1077,524,553,270,128,142,
5410,1081,521,560,1890,937,953,2160,1046,1114,1889,913,976,1079,525,554,270,128,142,
5415,1082,522,560,1891,937,954,2161,1046,1115,1891,915,976,1080,525,555,270,128,142,
5420,1083,523,560,1894,939,955,2165,1049,1116,1893,915,978,1081,525,556,270,128,142,
5425,1083,523,560,1896,941,955,2165,1049,1116,1894,916,978,1081,525,556,271,128,143,
5430,1085,523,562,1897,942,955,2168,1051,1117,1896,917,979,1083,526,557,271,128,143,
5435,1086,523,563,1898,943,955,2169,1051,1118,1898,917,981,1084,527,557,271,128,143,
5440,1087,524,563,1901,945,956,2173,1052,1121,1900,917,983,1085,528,557,271,128,143,
5445,1087,524,563,1903,947,956,2173,1052,1121,1901,918,983,1085,528,557,272,129,143,
5450,1089,525,564,1904,948,956,2176,1053,1123,1903,919,984,1087,530,557,272,129,143,
5455,1090,526,564,1905,948,957,2177,1054,1123,1905,920,985,1088,530,558,272,129,143,
5460,1091,526,565,1908,949,959,2181,1055,1126,1907,922,985,1089,531,558,272,129,143,
5465,1091,526,565,1910,950,960,2181,1055,1126,1908,922,986,1089,531,558,273,130,143,
5470,1093,528,565,1911,950,961,2184,1056,1128,1910,924,986,1091,531,560,273,130,143,
5475,1094,528,566,1912,950,962,2185,1056,1129,1912,924,988,1092,531,561,273,130,143,
5480,1095,528,567,1915,951,964,2189,1058,1131,1914,925,989,1093,532,561,273,130,143,
5485,1095,528,567,1917,953,964,2189,1058,1131,1915,926,989,1093,532,561,274,130,144,
5490,1097,528,569,1918,954,964,2192,1061,1131,1917,928,989,1095,533,562,274,130,144,
5495,1098,528,570,1919,955,964,2193,1061,1132,1919,930,989,1096,534,562,274,130,144,
5500,1099,528,571,1922,957,965,2197,1062,1135,1921,931,990,1097,535,562,274,130,144,
5505,1099,528,571,1924,959,965,2197,1062,1135,1922,932,990,1097,535,562,275,130,145,
5510,1101,528,573,1925,960,965,2200,1064,1136,1924,933,991,1099,535,564,275,130,145,
5515,1102,528,574,1926,960,966,2201,1065,1136,1926,934,992,1100,536,564,275,130,145,
5520,1103,528,575,1929,961,968,2205,1068,1137,1928,935,993,1101,537,564,275,130,145,
5525,1103,528,575,1931,962,969,2205,1068,1137,1929,935,994,1101,537,564,276,130,146,
5530,1105,530,575,1932,963,969,2208,1069,1139,1931,935,996,1103,538,565,276,130,146,
5535,1106,531,575,1933,964,969,2209,1070,1139,1933,936,997,1104,538,566,276,130,146,
5540,1107,532,575,1936,965,971,2213,1073,1140,1935,937,998,1105,538,567,276,130,146,
5545,1107,532,575,1938,966,972,2213,1073,1140,1936,937,999,1105,538,567,277,131,146,
5550,1109,533,576,1939,967,972,2216,1074,1142,1938,938,1000,1107,539,568,277,131,146,
5555,1110,534,576,1940,968,972,2217,1075,1142,1940,938,1002,1108,540,568,277,131,146,
5560,1111,535,576,1943,969,974,2221,1079,1142,1942,939,1003,1109,541,568,277,131,146,
5565,1111,535,576,1945,970,975,2221,1079,1142,1943,940,1003,1109,541,568,278,131,147,
5570,1113,536,577,1946,970,976,2224,1081,1143,1945,942,1003,1111,541,570,278,131,147,
5575,1114,536,578,1947,971,976,2225,1081,1144,1947,943,1004,1112,541,571,278,131,147,
5580,1115,537,578,1950,973,977,2229,1084,1145,1949,945,1004,1113,542,571,278,131,147,
5585,1115,537,578,1952,974,978,2229,1084,1145,1950,946,1004,1113,542,571,279,131,148,
5590,1117,537,580,1953,975,978,2232,1084,1148,1952,947,1005,1115,544,571,279,131,148,
5595,1118,538,580,1954,975,979,2233,1085,1148,1954,947,1007,1116,544,572,279,131,148,
5600,1119,539,580,1957,977,980,2237,1087,1150,1956,948,1008,1117,544,573,279,131,148,
5605,1119,539,580,1959,978,981,2237,1087,1150,1957,948,1009,1117,544,573,280,132,148,
5610,1121,540,581,1960,979,981,2240,1088,1152,1959,950,1009,1119,546,573,280,132,148,
5615,1122,540,582,1961,979,982,2241,1088,1153,1961,951,1010,1120,546,574,280,132,148,
5620,1123,540,583,1964,982,982,2245,1090,1155,1963,952,1011,1121,546,575,280,132,148,
5625,1123,540,583,1966,983,983,2245,1090,1155,1964,953,1011,1121,546,575,281,133,148,
5630,1125,541,584,1967,983,984,2248,1092,1156,1966,953,1013,1123,547,576,281,133,148,
5635,1126,542,584,1968,983,985,2249,1092,1157,1968,953,1015,1124,547,577,281,133,148,
5640,1127,542,585,1971,984,987,2253,1093,1160,1970,953,1017,1125,547,578,281,133,148,
5645,1127,542,585,1973,985,988,2253,1093,1160,1971,953,1018,1125,547,578,282,133,149,
5650,1129,542,587,1974,986,988,2256,1094,1162,1973,955,1018,1127,548,579,282,133,149,
5655,1130,542,588,1975,986,989,2257,1095,1162,1975,955,1020,1128,548,580,282,133,149,
5660,1131,543,588,1978,988,990,2261,1097,1164,1977,956,1021,1129,549,580,282,133,149,
5665,1131,543,588,1980,988,992,2261,1097,1164,1978,957,1021,1129,549,580,283,133,150,
5670,1133,544,589,1981,989,992,2264,1097,1167,1980,958,1022,1131,551,580,283,133,150,
5675,1134,545,589,1982,990,992,2265,1098,1167,1982,959,1023,1132,552,580,283,133,150,
5680,1135,546,589,1985,992,993,2269,1099,1170,1984,960,1024,1133,552,581,283,133,150,
5685,1135,546,589,1987,993,994,2269,1099,1170,1985,960,1025,1133,552,581,284,134,150,
5690,1137,547,590,1988,993,995,2272,1101,1171,1987,961,1026,1135,552,583,284,134,150,
5695,1138,547,591,1989,993,996,2273,1101,1172,1989,963,1026,1136,553,583,284,134,150,
5700,1139,548,591,1992,996,996,2277,1103,1174,1991,964,1027,1137,553,584,284,134,150,
5705,1139,548,591,1994,996,998,2277,1103,1174,1992,965,1027,1137,553,584,285,135,150,
5710,1141,549,592,1995,997,998,2280,1105,1175,1994,966,1028,1139,553,586,285,135,150,
5715,1142,549,593,1996,997,999,2281,1105,1176,1996,966,1030,1140,553,587,285,135,150,
5720,1143,549,594,1999,998,1001,2285,1108,1177,1998,967,1031,1141,554,587,285,135,150,
5725,1143,549,594,2001,999,1002,2285,1108,1177,1999,967,1032,1141,554,587,286,135,151,
5730,1145,550,595,2002,999,1003,2288,1108,1180,2001,967,1034,1143,555,588,286,135,151,
5735,1146,550,596,2003,1000,1003,2289,1108,1181,2003,967,1036,1144,556,588,286,135,151,
5740,1147,550,597,2006,1002,1004,2293,1110,1183,2005,968,1037,1145,557,588,286,135,151,
5745,1147,550,597,2008,1002,1006,2293,1110,1183,2006,969,1037,1145,557,588,287,136,151,
5750,1149,551,598,2009,1003,1006,2296,1110,1186,2008,969,1039,1147,558,589,287,136,151,
5755,1150,551,599,2010,1004,1006,2297,1110,1187,2010,970,1040,1148,559,589,287,136,151,
5760,1151,552,599,2013,1004,1009,2301,1113,1188,2012,971,1041,1149,559,590,287,136,151,
5765,1151,552,599,2015,1006,1009,2301,1113,1188,2013,972,1041,1149,559,590,288,137,151,
5770,1153,554,599,2016,1006,1010,2304,1114,1190,2015,974,1041,1151,560,591,288,137,151,
5775,1154,555,599,2017,1006,1011,2305,1115,1190,2017,976,1041,1152,561,591,288,137,151,
5780,1155,555,600,2020,1007,1013,2309,1116,1193,2019,977,1042,1153,561,592,288,137,151,
5785,1155,555,600,2022,1007,1015,2309,1116,1193,2020,977,1043,1153,561,592,289,138,151,
5790,1157,556,601,2023,1007,1016,2312,1119,1193,2022,977,1045,1155,562,593,289,138,151,
5795,1158,557,601,2024,1008,1016,2313,1119,1194,2024,977,1047,1156,562,594,289,138,151,
5800,1159,557,602,2027,1010,1017,2317,1119,1198,2026,978,1048,1157,563,594,289,138,151,
5805,1159,557,602,2029,1010,1019,2317,1119,1198,2027,978,1049,1157,563,594,290,138,152,
5810,1161,558,603,2030,1010,1020,2320,1120,1200,2029,979,1050,1159,564,595,290,138,152,
5815,1162,558,604,2031,1010,1021,2321,1120,1201,2031,980,1051,1160,564,596,290,138,152,
5820,1163,559,604,2034,1012,1022,2325,1123,1202,2033,981,1052,1161,564,597,290,138,152,
5825,1163,559,604,2036,1012,1024,2325,1123,1202,2034,982,1052,1161,564,597,291,138,153,
5830,1165,560,605,2037,1013,1024,2328,1124,1204,2036,983,1053,1163,565,598,291,138,153,
5835,1166,561,605,2038,1014,1024,2329,1124,1205,2038,985,1053,1164,565,599,291,138,153,
5840,1167,562,605,2041,1014,1027,2333,1126,1207,2040,985,1055,1165,566,599,291,138,153,
5845,1167,562,605,2043,1016,1027,2333,1126,1207,2041,986,1055,1165,566,599,292,139,153,
5850,1169,564,605,2044,1017,1027,2336,1127,1209,2043,987,1056,1167,567,600,292,139,153,
5855,1170,564,606,2045,1018,1027,2337,1128,1209,2045,989,1056,1168,567,601,292,139,153,
5860,1171,564,607,2048,1019,1029,2341,1131,1210,2047,990,1057,1169,567,602,292,139,153,
5865,1171,564,607,2050,1020,1030,2341,1131,1210,2048,991,1057,1169,567,602,293,140,153,
5870,1173,566,607,2051,1021,1030,2344,1133,1211,2050,991,1059,1171,569,602,293,140,153,
5875,1174,567,607,2052,1022,1030,2345,1134,1211,2052,993,1059,1172,570,602,293,140,153,
5880,1175,568,607,2055,1023,1032,2349,1135,1214,2054,993,1061,1173,571,602,293,140,153,
5885,1175,568,607,2057,1025,1032,2349,1135,1214,2055,993,1062,1173,571,602,294,140,154,
5890,1177,570,607,2058,1026,1032,2352,1137,1215,2057,994,1063,1175,572,603,294,140,154,
5895,1178,570,608,2059,1027,1032,2353,1137,1216,2059,996,1063,1176,572,604,294,140,154,
5900,1179,571,608,2062,1029,1033,2357,1140,1217,2061,997,1064,1177,573,604,294,140,154,
5905,1179,571,608,2064,1031,1033,2357,1140,1217,2062,998,1064,1177,573,604,295,140,155,
5910,1181,571,610,2065,1032,1033,2360,1141,1219,2064,998,1066,1179,574,605,295,140,155,
5915,1182,571,611,2066,1032,1034,2361,1142,1219,2066,998,1068,1180,574,606,295,140,155,
5920,1183,571,612,2069,1034,1035,2365,1144,1221,2068,999,1069,1181,575,606,295,140,155,
5925,1183,571,612,2071,1035,1036,2365,1144,1221,2069,999,1070,1181,575,606,296,140,156,
5930,1185,572,613,2072,1036,1036,2368,1145,1223,2071,1000,1071,1183,576,607,296,140,156,
5935,1186,572,614,2073,1037,1036,2369,1145,1224,2073,1002,1071,1184,577,607,296,140,156,
5940,1187,572,615,2076,1039,1037,2373,1146,1227,2075,1002,1073,1185,578,607,296,140,156,
5945,1187,572,615,2078,1040,1038,2373,1146,1227,2076,1003,1073,1185,578,607,297,141,156,
5950,1189,573,616,2079,1041,1038,2376,1146,1230,2078,1004,1074,1187,578,609,297,141,156,
5955,1190,574,616,2080,1042,1038,2377,1147,1230,2080,1005,1075,1188,578,610,297,141,156,
5960,1191,575,616,2083,1044,1039,2381,1148,1233,2082,1005,1077,1189,578,611,297,141,156,
5965,1191,575,616,2085,1046,1039,2381,1148,1233,2083,1006,1077,1189,578,611,298,142,156,
5970,1193,576,617,2086,1047,1039,2384,1148,1236,2085,1008,1077,1191,579,612,298,142,156,
5975,1194,577,617,2087,1047,1040,2385,1149,1236,2087,1009,1078,1192,580,612,298,142,156,
5980,1195,578,617,2090,1049,1041,2389,1151,1238,2089,1010,1079,1193,581,612,298,142,156,
5985,1195,578,617,2092,1051,1041,2389,1151,1238,2090,1010,1080,1193,581,612,299,142,157,
5990,1197,578,619,2093,1052,1041,2392,1152,1240,2092,1012,1080,1195,581,614,299,142,157,
5995,1198,579,619,2094,1052,1042,2393,1152,1241,2094,1013,1081,1196,581,615,299,142,157,
6000,1199,580,619,2097,1054,1043,2397,1154,1243,2096,1013,1083,1197,582,615,299,142,157,
6005,1199,580,619,2099,1054,1045,2397,1154,1243,2097,1013,1084,1197,582,615,300,142,158,
6010,1201,580,621,2100,1055,1045,2400,1156,1244,2099,1013,1086,1199,582,617,300,142,158,
6015,1202,581,621,2101,1055,1046,2401,1157,1244,2101,1014,1087,1200,582,618,300,142,158,
6020,1203,582,621,2104,1056,1048,2405,1159,1246,2103,1015,1088,1201,583,618,300,142,158,
6025,1203,582,621,2106,1056,1050,2405,1159,1246,2104,1015,1089,1201,583,618,301,143,158,
6030,1205,583,622,2107,1056,1051,2408,1160,1248,2106,1017,1089,1203,583,620,301,143,158,
6035,1206,584,622,2108,1056,1052,2409,1161,1248,2108,1017,1091,1204,584,620,301,143,158,
6040,1207,584,623,2111,1057,1054,2413,1163,1250,2110,1019,1091,1205,584,621,301,143,158,
6045,1207,584,623,2113,1058,1055,2413,1163,1250,2111,1019,1092,1205,584,621,302,143,159,
6050,1209,585,624,2114,1059,1055,2416,1164,1252,2113,1019,1094,1207,586,621,302,143,159,
6055,1210,585,625,2115,1059,1056,2417,1164,1253,2115,1021,1094,1208,586,622,302,143,159,
6060,1211,586,625,2118,1060,1058,2421,1166,1255,2117,1021,1096,1209,586,623,302,143,159,
6065,1211,586,625,2120,1061,1059,2421,1166,1255,2118,1022,1096,1209,586,623,303,144,159,
6070,1213,587,626,2121,1061,1060,2424,1167,1257,2120,1024,1096,1211,587,624,303,144,159,
6075,1214,587,627,2122,1062,1060,2425,1168,1257,2122,1025,1097,1212,588,624,303,144,159,
6080,1215,587,628,2125,1063,1062,2429,1169,1260,2124,1026,1098,1213,589,624,303,144,159,
6085,1215,587,628,2127,1064,1063,2429,1169,1260,2125,1027,1098,1213,589,624,304,144,160,
6090,1217,588,629,2128,1065,1063,2432,1170,1262,2127,1028,1099,1215,589,626,304,144,160,
6095,1218,589,629,2129,1065,1064,2433,1171,1262,2129,1029,1100,1216,590,626,304,144,160,
6100,1219,589,630,2132,1066,1066,2437,1175,1262,2131,1031,1100,1217,590,627,304,144,160,
6105,1219,589,630,2134,1067,1067,2437,1175,1262,2132,1032,1100,1217,590,627,305,145,160,
6110,1221,589,632,2135,1067,1068,2440,1178,1262,2134,1033,1101,1219,592,627,305,145,160,
6115,1222,590,632,2136,1068,1068,2441,1178,1263,2136,1034,1102,1220,593,627,305,145,160,
6120,1223,591,632,2139,1070,1069,2445,1180,1265,2138,1036,1102,1221,593,628,305,145,160,
6125,1223,591,632,2141,1071,1070,2445,1180,1265,2139,1036,1103,1221,593,628,306,146,160,
6130,1225,592,633,2142,1071,1071,2448,1181,1267,2141,1038,1103,1223,594,629,306,146,160,
6135,1226,593,633,2143,1072,1071,2449,1182,1267,2143,1040,1103,1224,595,629,306,146,160,
6140,1227,593,634,2146,1073,1073,2453,1186,1267,2145,1041,1104,1225,595,630,306,146,160,
6145,1227,593,634,2148,1074,1074,2453,1186,1267,2146,1041,1105,1225,595,630,307,146,161,
6150,1229,593,636,2149,1075,1074,2456,1188,1268,2148,1042,1106,1227,596,631,307,146,161,
6155,1230,594,636,2150,1076,1074,2457,1189,1268,2150,1043,1107,1228,597,631,307,146,161,
6160,1231,595,636,2153,1077,1076,2461,1193,1268,2152,1044,1108,1229,597,632,307,146,161,
6165,1231,595,636,2155,1078,1077,2461,1193,1268,2153,1044,1109,1229,597,632,308,146,162,
6170,1233,596,637,2156,1078,1078,2464,1195,1269,2155,1045,1110,1231,597,634,308,146,162,
6175,1234,596,638,2157,1078,1079,2465,1195,1270,2157,1046,1111,1232,598,634,308,146,162,
6180,1235,597,638,2160,1079,1081,2469,1199,1270,2159,1046,1113,1233,599,634,308,146,162,
6185,1235,597,638,2162,1080,1082,2469,1199,1270,2160,1046,1114,1233,599,634,309,146,163,
6190,1237,599,638,2163,1081,1082,2472,1200,1272,2162,1046,1116,1235,600,635,309,146,163,
6195,1238,599,639,2164,1082,1082,2473,1200,1273,2164,1047,1117,1236,601,635,309,146,163,
6200,1239,600,639,2167,1085,1082,2477,1203,1274,2166,1049,1117,1237,601,636,309,146,163,
6205,1239,600,639,2169,1086,1083,2477,1203,1274,2167,1049,1118,1237,601,636,310,147,163,
6210,1241,602,639,2170,1087,1083,2480,1204,1276,2169,1051,1118,1239,602,637,310,147,163,
6215,1242,603,639,2171,1088,1083,2481,1205,1276,2171,1052,1119,1240,602,638,310,147,163,
6220,1243,603,640,2174,1090,1084,2485,1207,1278,2173,1053,1120,1241,602,639,310,147,163,
6225,1243,603,640,2176,1091,1085,2485,1207,1278,2174,1054,1120,1241,602,639,311,147,164,
6230,1245,604,641,2177,1091,1086,2488,1208,1280,2176,1056,1120,1243,604,639,311,147,164,
6235,1246,604,642,2178,1091,1087,2489,1208,1281,2178,1058,1120,1244,605,639,311,147,164,
6240,1247,605,642,2181,1091,1090,2493,1212,1281,2180,1060,1120,1245,606,639,311,147,164,
6245,1247,605,642,2183,1093,1090,2493,1212,1281,2181,1060,1121,1245,606,639,312,147,165,
6250,1249,607,642,2184,1094,1090,2496,1213,1283,2183,1061,1122,1247,608,639,312,147,165,
6255,1250,607,643,2185,1094,1091,2497,1213,1284,2185,1062,1123,1248,608,640,312,147,165,
6260,1251,608,643,2188,1096,1092,2501,1214,1287,2187,1062,1125,1249,609,640,312,147,165,
6265,1251,608,643,2190,1097,1093,2501,1214,1287,2188,1062,1126,1249,609,640,313,148,165,
6270,1253,610,643,2191,1097,1094,2504,1215,1289,2190,1062,1128,1251,611,640,313,148,165,
6275,1254,610,644,2192,1097,1095,2505,1215,1290,2192,1063,1129,1252,611,641,313,148,165,
6280,1255,611,644,2195,1099,1096,2509,1219,1290,2194,1063,1131,1253,611,642,313,148,165,
6285,1255,611,644,2197,1099,1098,2509,1219,1290,2195,1064,1131,1253,611,642,314,149,165,
6290,1257,613,644,2198,1100,1098,2512,1221,1291,2197,1064,1133,1255,611,644,314,149,165,
6295,1258,614,644,2199,1100,1099,2513,1222,1291,2199,1065,1134,1256,611,645,314,149,165,
6300,1259,615,644,2202,1101,1101,2517,1226,1291,2201,1066,1135,1257,612,645,314,149,165,
6305,1259,615,644,2204,1102,1102,2517,1226,1291,2202,1067,1135,1257,612,645,315,149,166,
6310,1261,616,645,2205,1103,1102,2520,1227,1293,2204,1068,1136,1259,613,646,315,149,166,
6315,1262,616,646,2206,1104,1102,2521,1227,1294,2206,1070,1136,1260,613,647,315,149,166,
6320,1263,616,647,2209,1106,1103,2525,1228,1297,2208,1071,1137,1261,613,648,315,149,166,
6325,1263,616,647,2211,1106,1105,2525,1228,1297,2209,1072,1137,1261,613,648,316,149,167,
6330,1265,617,648,2212,1107,1105,2528,1229,1299,2211,1073,1138,1263,615,648,316,149,167,
6335,1266,617,649,2213,1108,1105,2529,1229,1300,2213,1074,1139,1264,616,648,316,149,167,
6340,1267,617,650,2216,1108,1108,2533,1230,1303,2215,1075,1140,1265,616,649,316,149,167,
6345,1267,617,650,2218,1109,1109,2533,1230,1303,2216,1075,1141,1265,616,649,317,149,168,
6350,1269,617,652,2219,1110,1109,2536,1232,1304,2218,1075,1143,1267,616,651,317,149,168,
6355,1270,617,653,2220,1111,1109,2537,1232,1305,2220,1077,1143,1268,617,651,317,149,168,
6360,1271,618,653,2223,1113,1110,2541,1234,1307,2222,1077,1145,1269,618,651,317,149,168,
6365,1271,618,653,2225,1113,1112,2541,1234,1307,2223,1078,1145,1269,618,651,318,149,169,
6370,1273,618,655,2226,1114,1112,2544,1237,1307,2225,1079,1146,1271,618,653,318,149,169,
6375,1274,619,655,2227,1114,1113,2545,1238,1307,2227,1080,1147,1272,618,654,318,149,169,
6380,1275,620,655,2230,1117,1113,2549,1239,1310,2229,1081,1148,1273,619,654,318,149,169,
6385,1275,620,655,2232,1118,1114,2549,1239,1310,2230,1082,1148,1273,619,654,319,149,170,
6390,1277,622,655,2233,1118,1115,2552,1241,1311,2232,1083,1149,1275,621,654,319,149,170,
6395,1278,622,656,2234,1119,1115,2553,1241,1312,2234,1084,1150,1276,622,654,319,149,170,
6400,1279,622,657,2237,1120,1117,2557,1244,1313,2236,1086,1150,1277,622,655,319,149,170,
6405,1279,622,657,2239,1121,1118,2557,1244,1313,2237,1087,1150,1277,622,655,320,149,171,
6410,1281,623,658,2240,1122,1118,2560,1245,1315,2239,1088,1151,1279,624,655,320,149,171,
6415,1282,624,658,2241,1123,1118,2561,1245,1316,2241,1088,1153,1280,624,656,320,149,171,
6420,1283,625,658,2244,1125,1119,2565,1247,1318,2243,1088,1155,1281,625,656,320,149,171,
6425,1283,625,658,2246,1126,1120,2565,1247,1318,2244,1089,1155,1281,625,656,321,149,172,
6430,1285,626,659,2247,1127,1120,2568,1248,1320,2246,1090,1156,1283,625,658,321,149,172,
6435,1286,626,660,2248,1127,1121,2569,1249,1320,2248,1091,1157,1284,625,659,321,149,172,
6440,1287,626,661,2251,1128,1123,2573,1251,1322,2250,1092,1158,1285,625,660,321,149,172,
6445,1287,626,661,2253,1129,1124,2573,1251,1322,2251,1092,1159,1285,625,660,322,149,173,
6450,1289,628,661,2254,1129,1125,2576,1252,1324,2253,1092,1161,1287,625,662,322,149,173,
6455,1290,629,661,2255,1129,1126,2577,1252,1325,2255,1093,1162,1288,625,663,322,149,173,
6460,1291,630,661,2258,1130,1128,2581,1252,1329,2257,1093,1164,1289,625,664,322,149,173,
6465,1291,630,661,2260,1130,1130,2581,1252,1329,2258,1094,1164,1289,625,664,323,149,174,
6470,1293,632,661,2261,1130,1131,2584,1254,1330,2260,1095,1165,1291,625,666,323,149,174,
6475,1294,632,662,2262,1130,1132,2585,1255,1330,2262,1097,1165,1292,626,666,323,149,174,
6480,1295,632,663,2265,1132,1133,2589,1257,1332,2264,1099,1165,1293,627,666,323,149,174,
6485,1295,632,663,2267,1134,1133,2589,1257,1332,2265,1099,1166,1293,627,666,324,149,175,
6490,1297,633,664,2268,1134,1134,2592,1258,1334,2267,1100,1167,1295,627,668,324,149,175,
6495,1298,633,665,2269,1135,1134,2593,1258,1335,2269,1100,1169,1296,628,668,324,149,175,
6500,1299,634,665,2272,1137,1135,2597,1260,1337,2271,1100,1171,1297,629,668,324,149,175,
6505,1299,634,665,2274,1138,1136,2597,1260,1337,2272,1101,1171,1297,629,668,325,150,175,
6510,1301,635,666,2275,1138,1137,2600,1261,1339,2274,1102,1172,1299,630,669,325,150,175,
6515,1302,635,667,2276,1139,1137,2601,1261,1340,2276,1103,1173,1300,631,669,325,150,175,
6520,1303,636,667,2279,1142,1137,2605,1262,1343,2278,1105,1173,1301,631,670,325,150,175,
6525,1303,636,667,2281,1142,1139,2605,1262,1343,2279,1105,1174,1301,631,670,326,150,176,
6530,1305,637,668,2282,1142,1140,2608,1263,1345,2281,1105,1176,1303,632,671,326,150,176,
6535,1306,637,669,2283,1142,1141,2609,1264,1345,2283,1105,1178,1304,633,671,326,150,176,
6540,1307,638,669,2286,1145,1141,2613,1266,1347,2285,1107,1178,1305,634,671,326,150,176,
6545,1307,638,669,2288,1146,1142,2613,1266,1347,2286,1108,1178,1305,634,671,327,151,176,
6550,1309,639,670,2289,1147,1142,2616,1267,1349,2288,1110,1178,1307,636,671,327,151,176,
6555,1310,640,670,2290,1147,1143,2617,1267,1350,2290,1111,1179,1308,636,672,327,151,176,
6560,1311,640,671,2293,1148,1145,2621,1271,1350,2292,1111,1181,1309,636,673,327,151,176,
6565,1311,640,671,2295,1149,1146,2621,1271,1350,2293,1112,1181,1309,636,673,328,152,176,
6570,1313,641,672,2296,1150,1146,2624,1273,1351,2295,1112,1183,1311,636,675,328,152,176,
6575,1314,641,673,2297,1150,1147,2625,1274,1351,2297,1114,1183,1312,637,675,328,152,176,
6580,1315,642,673,2300,1152,1148,2629,1274,1355,2299,1114,1185,1313,637,676,328,152,176,
6585,1315,642,673,2302,1153,1149,2629,1274,1355,2300,1115,1185,1313,637,676,329,152,177,
6590,1317,643,674,2303,1153,1150,2632,1275,1357,2302,1116,1186,1315,639,676,329,152,177,
6595,1318,644,674,2304,1154,1150,2633,1275,1358,2304,1116,1188,1316,639,677,329,152,177,
6600,1319,645,674,2307,1154,1153,2637,1278,1359,2306,1117,1189,1317,639,678,329,152,177,
6605,1319,645,674,2309,1155,1154,2637,1278,1359,2307,1117,1190,1317,639,678,330,153,177,
6610,1321,646,675,2310,1155,1155,2640,1279,1361,2309,1119,1190,1319,639,680,330,153,177,
6615,1322,647,675,2311,1155,1156,2641,1279,1362,2311,1119,1192,1320,640,680,330,153,177,
6620,1323,648,675,2314,1157,1157,2645,1282,1363,2313,1120,1193,1321,641,680,330,153,177,
6625,1323,648,675,2316,1159,1157,2645,1282,1363,2314,1120,1194,1321,641,680,331,154,177,
6630,1325,648,677,2317,1160,1157,2648,1283,1365,2316,1121,1195,1323,641,682,331,154,177,
6635,1326,648,678,2318,1160,1158,2649,1283,1366,2318,1121,1197,1324,641,683,331,154,177,
6640,1327,649,678,2321,1162,1159,2653,1284,1369,2320,1122,1198,1325,642,683,331,154,177,
6645,1327,649,678,2323,1162,1161,2653,1284,1369,2321,1122,1199,1325,642,683,332,155,177,
6650,1329,650,679,2324,1162,1162,2656,1286,1370,2323,1122,1201,1327,644,683,332,155,177,
6655,1330,650,680,2325,1162,1163,2657,1286,1371,2325,1123,1202,1328,645,683,332,155,177,
6660,1331,650,681,2328,1164,1164,2661,1287,1374,2327,1124,1203,1329,646,683,332,155,177,
6665,1331,650,681,2330,1164,1166,2661,1287,1374,2328,1125,1203,1329,646,683,333,156,177,
6670,1333,652,681,2331,1165,1166,2664,1289,1375,2330,1127,1203,1331,648,683,333,156,177,
6675,1334,653,681,2332,1165,1167,2665,1289,1376,2332,1128,1204,1332,649,683,333,156,177,
6680,1335,654,681,2335,1167,1168,2669,1290,1379,2334,1128,1206,1333,650,683,333,156,177,
6685,1335,654,681,2337,1169,1168,2669,1290,1379,2335,1128,1207,1333,650,683,334,157,177,
6690,1337,655,682,2338,1169,1169,2672,1292,1380,2337,1130,1207,1335,650,685,334,157,177,
6695,1338,656,682,2339,1169,1170,2673,1292,1381,2339,1131,1208,1336,650,686,334,157,177,
6700,1339,657,682,2342,1170,1172,2677,1294,1383,2341,1132,1209,1337,650,687,334,157,177,
6705,1339,657,682,2344,1171,1173,2677,1294,1383,2342,1133,1209,1337,650,687,335,158,177,
6710,1341,659,682,2345,1172,1173,2680,1296,1384,2344,1135,1209,1339,652,687,335,158,177,
6715,1342,660,682,2346,1173,1173,2681,1297,1384,2346,1137,1209,1340,652,688,335,158,177,
6720,1343,661,682,2349,1174,1175,2685,1301,1384,2348,1139,1209,1341,652,689,335,158,177,
6725,1343,661,682,2351,1174,1177,2685,1301,1384,2349,1139,1210,1341,652,689,336,159,177,
6730,1345,661,684,2352,1174,1178,2688,1302,1386,2351,1141,1210,1343,654,689,336,159,177,
6735,1346,662,684,2353,1174,1179,2689,1303,1386,2353,1143,1210,1344,654,690,336,159,177,
6740,1347,663,684,2356,1176,1180,2693,1305,1388,2355,1145,1210,1345,654,691,336,159,177,
6745,1347,663,684,2358,1177,1181,2693,1305,1388,2356,1145,1211,1345,654,691,337,160,177,
6750,1349,664,685,2359,1178,1181,2696,1305,1391,2358,1145,1213,1347,654,693,337,160,177,
6755,1350,664,686,2360,1178,1182,2697,1305,1392,2360,1146,1214,1348,654,694,337,160,177,
6760,1351,665,686,2363,1180,1183,2701,1306,1395,2362,1148,1214,1349,654,695,337,160,177,
6765,1351,665,686,2365,1181,1184,2701,1306,1395,2363,1148,1215,1349,654,695,338,160,178,
6770,1353,667,686,2366,1181,1185,2704,1309,1395,2365,1148,1217,1351,654,697,338,160,178,
6775,1354,668,686,2367,1181,1186,2705,1309,1396,2367,1149,1218,1352,654,698,338,160,178,
6780,1355,668,687,2370,1183,1187,2709,1310,1399,2369,1151,1218,1353,654,699,338,160,178,
6785,1355,668,687,2372,1184,1188,2709,1310,1399,2370,1151,1219,1353,654,699,339,160,179,
6790,1357,670,687,2373,1185,1188,2712,1312,1400,2372,1152,1220,1355,654,701,339,160,179,
6795,1358,671,687,2374,1185,1189,2713,1312,1401,2374,1153,1221,1356,655,701,339,160,179,
6800,1359,672,687,2377,1186,1191,2717,1314,1403,2376,1153,1223,1357,655,702,339,160,179,
6805,1359,672,687,2379,1188,1191,2717,1314,1403,2377,1154,1223,1357,655,702,340,160,180,
6810,1361,673,688,2380,1188,1192,2720,1316,1404,2379,1156,1223,1359,656,703,340,160,180,
6815,1362,674,688,2381,1189,1192,2721,1317,1404,2381,1157,1224,1360,657,703,340,160,180,
6820,1363,675,688,2384,1190,1194,2725,1320,1405,2383,1158,1225,1361,658,703,340,160,180,
6825,1363,675,688,2386,1192,1194,2725,1320,1405,2384,1159,1225,1361,658,703,341,160,181,
6830,1365,675,690,2387,1192,1195,2728,1321,1407,2386,1160,1226,1363,660,703,341,160,181,
6835,1366,675,691,2388,1193,1195,2729,1321,1408,2388,1161,1227,1364,661,703,341,160,181,
6840,1367,676,691,2391,1195,1196,2733,1321,1412,2390,1162,1228,1365,662,703,341,160,181,
6845,1367,676,691,2393,1195,1198,2733,1321,1412,2391,1162,1229,1365,662,703,342,160,182,
6850,1369,676,693,2394,1196,1198,2736,1321,1415,2393,1163,1230,1367,662,705,342,160,182,
6855,1370,677,693,2395,1196,1199,2737,1322,1415,2395,1164,1231,1368,663,705,342,160,182,
6860,1371,677,694,2398,1199,1199,2741,1324,1417,2397,1165,1232,1369,663,706,342,160,182,
6865,1371,677,694,2400,1201,1199,2741,1324,1417,2398,1166,1232,1369,663,706,343,160,183,
6870,1373,678,695,2401,1202,1199,2744,1327,1417,2400,1168,1232,1371,664,707,343,160,183,
6875,1374,679,695,2402,1203,1199,2745,1327,1418,2402,1168,1234,1372,665,707,343,160,183,
6880,1375,679,696,2405,1203,1202,2749,1329,1420,2404,1168,1236,1373,665,708,343,160,183,
6885,1375,679,696,2407,1203,1204,2749,1329,1420,2405,1169,1236,1373,665,708,344,160,184,
6890,1377,679,698,2408,1204,1204,2752,1331,1421,2407,1170,1237,1375,665,710,344,160,184,
6895,1378,680,698,2409,1205,1204,2753,1332,1421,2409,1171,1238,1376,665,711,344,160,184,
6900,1379,680,699,2412,1207,1205,2757,1334,1423,2411,1172,1239,1377,665,712,344,160,184,
6905,1379,680,699,2414,1207,1207,2757,1334,1423,2412,1173,1239,1377,665,712,345,160,185,
6910,1381,680,701,2415,1208,1207,2760,1335,1425,2414,1175,1239,1379,666,713,345,160,185,
6915,1382,680,702,2416,1208,1208,2761,1336,1425,2416,1176,1240,1380,667,713,345,160,185,
6920,1383,681,702,2419,1210,1209,2765,1338,1427,2418,1178,1240,1381,667,714,345,160,185,
6925,1383,681,702,2421,1210,1211,2765,1338,1427,2419,1178,1241,1381,667,714,346,161,185,
6930,1385,682,703,2422,1211,1211,2768,1340,1428,2421,1179,1242,1383,667,716,346,161,185,
6935,1386,683,703,2423,1211,1212,2769,1341,1428,2423,1181,1242,1384,668,716,346,161,185,
6940,1387,683,704,2426,1212,1214,2773,1344,1429,2425,1181,1244,1385,669,716,346,161,185,
6945,1387,683,704,2428,1213,1215,2773,1344,1429,2426,1182,1244,1385,669,716,347,161,186,
6950,1389,684,705,2429,1213,1216,2776,1345,1431,2428,1183,1245,1387,669,718,347,161,186,
6955,1390,685,705,2430,1213,1217,2777,1346,1431,2430,1184,1246,1388,670,718,347,161,186,
6960,1391,685,706,2433,1215,1218,2781,1347,1434,2432,1185,1247,1389,671,718,347,161,186,
6965,1391,685,706,2435,1216,1219,2781,1347,1434,2433,1185,1248,1389,671,718,348,161,187,
6970,1393,687,706,2436,1216,1220,2784,1350,1434,2435,1186,1249,1391,672,719,348,161,187,
6975,1394,688,706,2437,1216,1221,2785,1350,1435,2437,1187,1250,1392,673,719,348,161,187,
6980,1395,689,706,2440,1219,1221,2789,1352,1437,2439,1188,1251,1393,673,720,348,161,187,
6985,1395,689,706,2442,1220,1222,2789,1352,1437,2440,1189,1251,1393,673,720,349,162,187,
6990,1397,690,707,2443,1221,1222,2792,1354,1438,2442,1190,1252,1395,674,721,349,162,187,
6995,1398,690,708,2444,1222,1222,2793,1355,1438,2444,1191,1253,1396,674,722,349,162,187,
7000,1399,690,709,2447,1224,1223,2797,1357,1440,2446,1192,1254,1397,675,722,349,162,187,
7005,1399,690,709,2449,1225,1224,2797,1357,1440,2447,1192,1255,1397,675,722,350,163,187,
7010,1401,691,710,2450,1225,1225,2800,1357,1443,2449,1192,1257,1399,675,724,350,163,187,
7015,1402,691,711,2451,1225,1226,2801,1358,1443,2451,1192,1259,1400,675,725,350,163,187,
7020,1403,691,712,2454,1227,1227,2805,1360,1445,2453,1194,1259,1401,676,725,350,163,187,
7025,1403,691,712,2456,1228,1228,2805,1360,1445,2454,1194,1260,1401,676,725,351,164,187,
7030,1405,691,714,2457,1228,1229,2808,1362,1446,2456,1195,1261,1403,677,726,351,164,187,
7035,1406,692,714,2458,1229,1229,2809,1363,1446,2458,1196,1262,1404,677,727,351,164,187,
7040,1407,693,714,2461,1231,1230,2813,1366,1447,2460,1197,1263,1405,677,728,351,164,187,
7045,1407,693,714,2463,1233,1230,2813,1366,1447,2461,1198,1263,1405,677,728,352,165,187,
7050,1409,694,715,2464,1233,1231,2816,1367,1449,2463,1198,1265,1407,679,728,352,165,187,
7055,1410,694,716,2465,1233,1232,2817,1367,1450,2465,1200,1265,1408,680,728,352,165,187,
7060,1411,695,716,2468,1235,1233,2821,1370,1451,2467,1201,1266,1409,680,729,352,165,187,
7065,1411,695,716,2470,1236,1234,2821,1370,1451,2468,1201,1267,1409,680,729,353,166,187,
7070,1413,697,716,2471,1237,1234,2824,1371,1453,2470,1203,1267,1411,680,731,353,166,187,
7075,1414,697,717,2472,1238,1234,2825,1371,1454,2472,1205,1267,1412,681,731,353,166,187,
7080,1415,698,717,2475,1241,1234,2829,1373,1456,2474,1207,1267,1413,682,731,353,166,187,
7085,1415,698,717,2477,1242,1235,2829,1373,1456,2475,1207,1268,1413,682,731,354,166,188,
7090,1417,699,718,2478,1242,1236,2832,1376,1456,2477,1208,1269,1415,682,733,354,166,188,
7095,1418,699,719,2479,1242,1237,2833,1377,1456,2479,1210,1269,1416,682,734,354,166,188,
7100,1419,700,719,2482,1243,1239,2837,1379,1458,2481,1211,1270,1417,682,735,354,166,188,
7105,1419,700,719,2484,1245,1239,2837,1379,1458,2482,1212,1270,1417,682,735,355,167,188,
7110,1421,701,720,2485,1246,1239,2840,1381,1459,2484,1214,1270,1419,683,736,355,167,188,
7115,1422,702,720,2486,1246,1240,2841,1382,1459,2486,1215,1271,1420,683,737,355,167,188,
7120,1423,703,720,2489,1247,1242,2845,1384,1461,2488,1216,1272,1421,684,737,355,167,188,
7125,1423,703,720,2491,1248,1243,2845,1384,1461,2489,1216,1273,1421,684,737,356,167,189,
7130,1425,704,721,2492,1248,1244,2848,1387,1461,2491,1217,1274,1423,686,737,356,167,189,
7135,1426,704,722,2493,1248,1245,2849,1387,1462,2493,1218,1275,1424,686,738,356,167,189,
7140,1427,704,723,2496,1249,1247,2853,1390,1463,2495,1219,1276,1425,686,739,356,167,189,
7145,1427,704,723,2498,1250,1248,2853,1390,1463,2496,1219,1277,1425,686,739,357,168,189,
7150,1429,704,725,2499,1251,1248,2856,1391,1465,2498,1220,1278,1427,688,739,357,168,189,
7155,1430,704,726,2500,1252,1248,2857,1391,1466,2500,1221,1279,1428,689,739,357,168,189,
7160,1431,704,727,2503,1254,1249,2861,1392,1469,2502,1222,1280,1429,689,740,357,168,189,
7165,1431,704,727,2505,1256,1249,2861,1392,1469,2503,1222,1281,1429,689,740,358,169,189,
7170,1433,705,728,2506,1257,1249,2864,1394,1470,2505,1222,1283,1431,689,742,358,169,189,
7175,1434,706,728,2507,1257,1250,2865,1395,1470,2507,1223,1284,1432,689,743,358,169,189,
7180,1435,707,728,2510,1257,1253,2869,1398,1471,2509,1224,1285,1433,689,744,358,169,189,
7185,1435,707,728,2512,1259,1253,2869,1398,1471,2510,1224,1286,1433,689,744,359,169,190,
7190,1437,709,728,2513,1260,1253,2872,1399,1473,2512,1226,1286,1435,689,746,359,169,190,
7195,1438,710,728,2514,1261,1253,2873,1399,1474,2514,1227,1287,1436,689,747,359,169,190,
7200,1439,711,728,2517,1261,1256,2877,1402,1475,2516,1229,1287,1437,689,748,359,169,190,
7205,1439,711,728,2519,1262,1257,2877,1402,1475,2517,1229,1288,1437,689,748,360,170,190,
7210,1441,713,728,2520,1262,1258,2880,1402,1478,2519,1230,1289,1439,690,749,360,170,190,
7215,1442,714,728,2521,1262,1259,2881,1403,1478,2521,1232,1289,1440,690,750,360,170,190,
7220,1443,714,729,2524,1264,1260,2885,1404,1481,2523,1232,1291,1441,690,751,360,170,190,
7225,1443,714,729,2526,1265,1261,2885,1404,1481,2524,1232,1292,1441,690,751,361,170,191,
7230,1445,716,729,2527,1265,1262,2888,1406,1482,2526,1232,1294,1443,691,752,361,170,191,
7235,1446,716,730,2528,1266,1262,2889,1406,1483,2528,1234,1294,1444,692,752,361,170,191,
7240,1447,717,730,2531,1268,1263,2893,1408,1485,2530,1234,1296,1445,692,753,361,170,191,
7245,1447,717,730,2533,1270,1263,2893,1408,1485,2531,1235,1296,1445,692,753,362,170,192,
7250,1449,718,731,2534,1271,1263,2896,1410,1486,2533,1236,1297,1447,694,753,362,170,192,
7255,1450,718,732,2535,1271,1264,2897,1411,1486,2535,1237,1298,1448,695,753,362,170,192,
7260,1451,719,732,2538,1272,1266,2901,1414,1487,2537,1239,1298,1449,695,754,362,170,192,
7265,1451,719,732,2540,1273,1267,2901,1414,1487,2538,1240,1298,1449,695,754,363,170,193,
7270,1453,720,733,2541,1274,1267,2904,1416,1488,2540,1241,1299,1451,696,755,363,170,193,
7275,1454,721,733,2542,1275,1267,2905,1416,1489,2542,1243,1299,1452,697,755,363,170,193,
7280,1455,722,733,2545,1277,1268,2909,1417,1492,2544,1245,1299,1453,698,755,363,170,193,
7285,1455,722,733,2547,1277,1270,2909,1417,1492,2545,1246,1299,1453,698,755,364,170,194,
7290,1457,723,734,2548,1278,1270,2912,1418,1494,2547,1247,1300,1455,699,756,364,170,194,
7295,1458,724,734,2549,1278,1271,2913,1418,1495,2549,1249,1300,1456,699,757,364,170,194,
7300,1459,724,735,2552,1279,1273,2917,1419,1498,2551,1250,1301,1457,700,757,364,170,194,
7305,1459,724,735,2554,1280,1274,2917,1419,1498,2552,1250,1302,1457,700,757,365,171,194,
7310,1461,725,736,2555,1281,1274,2920,1422,1498,2554,1250,1304,1459,700,759,365,171,194,
7315,1462,726,736,2556,1282,1274,2921,1422,1499,2556,1252,1304,1460,700,760,365,171,194,
7320,1463,726,737,2559,1283,1276,2925,1423,1502,2558,1253,1305,1461,701,760,365,171,194,
7325,1463,726,737,2561,1284,1277,2925,1423,1502,2559,1254,1305,1461,701,760,366,172,194,
7330,1465,726,739,2562,1284,1278,2928,1425,1503,2561,1255,1306,1463,701,762,366,172,194,
7335,1466,726,740,2563,1285,1278,2929,1425,1504,2563,1255,1308,1464,701,763,366,172,194,
7340,1467,727,740,2566,1286,1280,2933,1426,1507,2565,1255,1310,1465,701,764,366,172,194,
7345,1467,727,740,2568,1287,1281,2933,1426,1507,2566,1256,1310,1465,701,764,367,172,195,
7350,1469,727,742,2569,1287,1282,2936,1428,1508,2568,1257,1311,1467,702,765,367,172,195,
7355,1470,728,742,2570,1287,1283,2937,1429,1508,2570,1258,1312,1468,702,766,367,172,195,
7360,1471,728,743,2573,1289,1284,2941,1430,1511,2572,1259,1313,1469,703,766,367,172,195,
7365,1471,728,743,2575,1290,1285,2941,1430,1511,2573,1260,1313,1469,703,766,368,172,196,
7370,1473,728,745,2576,1291,1285,2944,1431,1513,2575,1261,1314,1471,703,768,368,172,196,
7375,1474,729,745,2577,1291,1286,2945,1431,1514,2577,1263,1314,1472,703,769,368,172,196,
7380,1475,730,745,2580,1293,1287,2949,1432,1517,2579,1263,1316,1473,703,770,368,172,196,
7385,1475,730,745,2582,1293,1289,2949,1432,1517,2580,1264,1316,1473,703,770,369,173,196,
7390,1477,732,745,2583,1294,1289,2952,1433,1519,2582,1264,1318,1475,703,772,369,173,196,
7395,1478,732,746,2584,1295,1289,2953,1434,1519,2584,1266,1318,1476,704,772,369,173,196,
7400,1479,732,747,2587,1296,1291,2957,1435,1522,2586,1267,1319,1477,704,773,369,173,196,
7405,1479,732,747,2589,1296,1293,2957,1435,1522,2587,1268,1319,1477,704,773,370,174,196,
7410,1481,733,748,2590,1297,1293,2960,1438,1522,2589,1270,1319,1479,704,775,370,174,196,
7415,1482,733,749,2591,1297,1294,2961,1439,1522,2591,1270,1321,1480,705,775,370,174,196,
7420,1483,734,749,2594,1299,1295,2965,1440,1525,2593,1271,1322,1481,705,776,370,174,196,
7425,1483,734,749,2596,1301,1295,2965,1440,1525,2594,1272,1322,1481,705,776,371,174,197,
7430,1485,736,749,2597,1301,1296,2968,1440,1528,2596,1274,1322,1483,705,778,371,174,197,
7435,1486,737,749,2598,1301,1297,2969,1441,1528,2598,1274,1324,1484,706,778,371,174,197,
7440,1487,737,750,2601,1304,1297,2973,1441,1532,2600,1274,1326,1485,706,779,371,174,197,
7445,1487,737,750,2603,1305,1298,2973,1441,1532,2601,1274,1327,1485,706,779,372,174,198,
7450,1489,738,751,2604,1305,1299,2976,1442,1534,2603,1275,1328,1487,707,780,372,174,198,
7455,1490,738,752,2605,1306,1299,2977,1442,1535,2605,1275,1330,1488,708,780,372,174,198,
7460,1491,738,753,2608,1307,1301,2981,1442,1539,2607,1275,1332,1489,708,781,372,174,198,
7465,1491,738,753,2610,1308,1302,2981,1442,1539,2608,1275,1333,1489,708,781,373,175,198,
7470,1493,738,755,2611,1309,1302,2984,1443,1541,2610,1277,1333,1491,709,782,373,175,198,
7475,1494,739,755,2612,1309,1303,2985,1443,1542,2612,1278,1334,1492,709,783,373,175,198,
7480,1495,739,756,2615,1309,1306,2989,1445,1544,2614,1278,1336,1493,710,783,373,175,198,
7485,1495,739,756,2617,1309,1308,2989,1445,1544,2615,1278,1337,1493,710,783,374,175,199,
7490,1497,739,758,2618,1310,1308,2992,1446,1546,2617,1279,1338,1495,711,784,374,175,199,
7495,1498,740,758,2619,1311,1308,2993,1447,1546,2619,1279,1340,1496,711,785,374,175,199,
7500,1499,740,759,2622,1314,1308,2997,1448,1549,2621,1279,1342,1497,712,785,374,175,199,
7505,1499,740,759,2624,1315,1309,2997,1448,1549,2622,1280,1342,1497,712,785,375,176,199,
7510,1501,740,761,2625,1315,1310,3000,1449,1551,2624,1281,1343,1499,714,785,375,176,199,
7515,1502,740,762,2626,1315,1311,3001,1449,1552,2626,1282,1344,1500,715,785,375,176,199,
7520,1503,741,762,2629,1316,1313,3005,1452,1553,2628,1283,1345,1501,715,786,375,176,199,
7525,1503,741,762,2631,1316,1315,3005,1452,1553,2629,1284,1345,1501,715,786,376,177,199,
7530,1505,742,763,2632,1316,1316,3008,1453,1555,2631,1285,1346,1503,717,786,376,177,199,
7535,1506,743,763,2633,1316,1317,3009,1453,1556,2633,1285,1348,1504,717,787,376,177,199,
7540,1507,743,764,2636,1318,1318,3013,1455,1558,2635,1286,1349,1505,718,787,376,177,199,
7545,1507,743,764,2638,1318,1320,3013,1455,1558,2636,1287,1349,1505,718,787,377,178,199,
7550,1509,744,765,2639,1318,1321,3016,1458,1558,2638,1288,1350,1507,718,789,377,178,199,
7555,1510,744,766,2640,1318,1322,3017,1458,1559,2640,1288,1352,1508,719,789,377,178,199,
7560,1511,744,767,2643,1318,1325,3021,1459,1562,2642,1289,1353,1509,719,790,377,178,199,
7565,1511,744,767,2645,1319,1326,3021,1459,1562,2643,1290,1353,1509,719,790,378,179,199,
7570,1513,745,768,2646,1320,1326,3024,1462,1562,2645,1291,1354,1511,721,790,378,179,199,
7575,1514,745,769,2647,1320,1327,3025,1462,1563,2647,1292,1355,1512,722,790,378,179,199,
7580,1515,745,770,2650,1321,1329,3029,1463,1566,2649,1294,1355,1513,723,790,378,179,199,
7585,1515,745,770,2652,1323,1329,3029,1463,1566,2650,1295,1355,1513,723,790,379,179,200,
7590,1517,747,770,2653,1323,1330,3032,1464,1568,2652,1296,1356,1515,725,790,379,179,200,
7595,1518,748,770,2654,1323,1331,3033,1465,1568,2654,1297,1357,1516,726,790,379,179,200,
7600,1519,749,770,2657,1325,1332,3037,1467,1570,2656,1297,1359,1517,727,790,379,179,200,
7605,1519,749,770,2659,1325,1334,3037,1467,1570,2657,1298,1359,1517,727,790,380,179,201,
7610,1521,749,772,2660,1325,1335,3040,1469,1571,2659,1300,1359,1519,727,792,380,179,201,
7615,1522,750,772,2661,1326,1335,3041,1469,1572,2661,1301,1360,1520,727,793,380,179,201,
7620,1523,751,772,2664,1327,1337,3045,1470,1575,2663,1301,1362,1521,728,793,380,179,201,
7625,1523,751,772,2666,1329,1337,3045,1470,1575,2664,1301,1363,1521,728,793,381,179,202,
7630,1525,752,773,2667,1329,1338,3048,1470,1578,2666,1301,1365,1523,728,795,381,179,202,
7635,1526,753,773,2668,1329,1339,3049,1471,1578,2668,1301,1367,1524,729,795,381,179,202,
7640,1527,753,774,2671,1331,1340,3053,1473,1580,2670,1302,1368,1525,730,795,381,179,202,
7645,1527,753,774,2673,1333,1340,3053,1473,1580,2671,1303,1368,1525,730,795,382,180,202,
7650,1529,754,775,2674,1334,1340,3056,1473,1583,2673,1304,1369,1527,731,796,382,180,202,
7655,1530,755,775,2675,1335,1340,3057,1473,1584,2675,1304,1371,1528,731,797,382,180,202,
7660,1531,756,775,2678,1336,1342,3061,1476,1585,2677,1304,1373,1529,731,798,382,180,202,
7665,1531,756,775,2680,1338,1342,3061,1476,1585,2678,1305,1373,1529,731,798,383,181,202,
7670,1533,756,777,2681,1338,1343,3064,1479,1585,2680,1307,1373,1531,732,799,383,181,202,
7675,1534,756,778,2682,1339,1343,3065,1479,1586,2682,1308,1374,1532,733,799,383,181,202,
7680,1535,757,778,2685,1340,1345,3069,1481,1588,2684,1310,1374,1533,734,799,383,181,202,
7685,1535,757,778,2687,1341,1346,3069,1481,1588,2685,1311,1374,1533,734,799,384,182,202,
7690,1537,759,778,2688,1342,1346,3072,1483,1589,2687,1312,1375,1535,735,800,384,182,202,
7695,1538,759,779,2689,1342,1347,3073,1483,1590,2689,1313,1376,1536,735,801,384,182,202,
7700,1539,760,779,2692,1343,1349,3077,1487,1590,2691,1315,1376,1537,736,801,384,182,202,
7705,1539,760,779,2694,1344,1350,3077,1487,1590,2692,1316,1376,1537,736,801,385,182,203,
7710,1541,761,780,2695,1345,1350,3080,1489,1591,2694,1316,1378,1539,737,802,385,182,203,
7715,1542,761,781,2696,1345,1351,3081,1490,1591,2696,1317,1379,1540,737,803,385,182,203,
7720,1543,761,782,2699,1346,1353,3085,1493,1592,2698,1317,1381,1541,738,803,385,182,203,
7725,1543,761,782,2701,1347,1354,3085,1493,1592,2699,1317,1382,1541,738,803,386,183,203,
7730,1545,763,782,2702,1348,1354,3088,1495,1593,2701,1318,1383,1543,738,805,386,183,203,
7735,1546,763,783,2703,1348,1355,3089,1495,1594,2703,1319,1384,1544,738,806,386,183,203,
7740,1547,763,784,2706,1350,1356,3093,1495,1598,2705,1321,1384,1545,739,806,386,183,203,
7745,1547,763,784,2708,1351,1357,3093,1495,1598,2706,1322,1384,1545,739,806,387,183,204,
7750,1549,764,785,2709,1351,1358,3096,1496,1600,2708,1323,1385,1547,740,807,387,183,204,
7755,1550,764,786,2710,1352,1358,3097,1497,1600,2710,1324,1386,1548,740,808,387,183,204,
7760,1551,764,787,2713,1355,1358,3101,1499,1602,2712,1325,1387,1549,740,809,387,183,204,
7765,1551,764,787,2715,1356,1359,3101,1499,1602,2713,1326,1387,1549,740,809,388,183,205,
7770,1553,765,788,2716,1357,1359,3104,1501,1603,2715,1327,1388,1551,741,810,388,183,205,
7775,1554,766,788,2717,1357,1360,3105,1501,1604,2717,1329,1388,1552,741,811,388,183,205,
7780,1555,767,788,2720,1358,1362,3109,1502,1607,2719,1331,1388,1553,742,811,388,183,205,
7785,1555,767,788,2722,1359,1363,3109,1502,1607,2720,1332,1388,1553,742,811,389,183,206,
7790,1557,768,789,2723,1360,1363,3112,1503,1609,2722,1332,1390,1555,743,812,389,183,206,
7795,1558,769,789,2724,1361,1363,3113,1504,1609,2724,1334,1390,1556,743,813,389,183,206,
7800,1559,769,790,2727,1362,1365,3117,1505,1612,2726,1336,1390,1557,744,813,389,183,206,
7805,1559,769,790,2729,1363,1366,3117,1505,1612,2727,1337,1390,1557,744,813,390,183,207,
7810,1561,770,791,2730,1364,1366,3120,1505,1615,2729,1339,1390,1559,746,813,390,183,207,
7815,1562,771,791,2731,1365,1366,3121,1506,1615,2731,1341,1390,1560,747,813,390,183,207,
7820,1563,772,791,2734,1365,1369,3125,1507,1618,2733,1342,1391,1561,748,813,390,183,207,
7825,1563,772,791,2736,1366,1370,3125,1507,1618,2734,1342,1392,1561,748,813,391,183,208,
7830,1565,774,791,2737,1367,1370,3128,1508,1620,2736,1342,1394,1563,749,814,391,183,208,
7835,1566,775,791,2738,1367,1371,3129,1509,1620,2738,1344,1394,1564,750,814,391,183,208,
7840,1567,776,791,2741,1368,1373,3133,1512,1621,2740,1346,1394,1565,751,814,391,183,208,
7845,1567,776,791,2743,1369,1374,3133,1512,1621,2741,1346,1395,1565,751,814,392,183,209,
7850,1569,777,792,2744,1369,1375,3136,1512,1624,2743,1347,1396,1567,752,815,392,183,209,
7855,1570,778,792,2745,1370,1375,3137,1513,1624,2745,1347,1398,1568,753,815,392,183,209,
7860,1571,778,793,2748,1371,1377,3141,1516,1625,2747,1347,1400,1569,754,815,392,183,209,
7865,1571,778,793,2750,1372,1378,3141,1516,1625,2748,1348,1400,1569,754,815,393,184,209,
7870,1573,778,795,2751,1372,1379,3144,1517,1627,2750,1349,1401,1571,755,816,393,184,209,
7875,1574,779,795,2752,1373,1379,3145,1517,1628,2752,1350,1402,1572,755,817,393,184,209,
7880,1575,780,795,2755,1374,1381,3149,1517,1632,2754,1350,1404,1573,755,818,393,184,209,
7885,1575,780,795,2757,1375,1382,3149,1517,1632,2755,1350,1405,1573,755,818,394,185,209,
7890,1577,781,796,2758,1375,1383,3152,1517,1635,2757,1352,1405,1575,756,819,394,185,209,
7895,1578,782,796,2759,1376,1383,3153,1518,1635,2759,1354,1405,1576,756,820,394,185,209,
7900,1579,783,796,2762,1378,1384,3157,1521,1636,2761,1354,1407,1577,757,820,394,185,209,
7905,1579,783,796,2764,1378,1386,3157,1521,1636,2762,1354,1408,1577,757,820,395,185,210,
7910,1581,785,796,2765,1379,1386,3160,1524,1636,2764,1355,1409,1579,758,821,395,185,210,
7915,1582,785,797,2766,1379,1387,3161,1524,1637,2766,1356,1410,1580,758,822,395,185,210,
7920,1583,785,798,2769,1381,1388,3165,1527,1638,2768,1356,1412,1581,758,823,395,185,210,
7925,1583,785,798,2771,1381,1390,3165,1527,1638,2769,1356,1413,1581,758,823,396,185,211,
7930,1585,786,799,2772,1381,1391,3168,1527,1641,2771,1356,1415,1583,759,824,396,185,211,
7935,1586,787,799,2773,1381,1392,3169,1527,1642,2773,1356,1417,1584,760,824,396,185,211,
7940,1587,787,800,2776,1381,1395,3173,1530,1643,2775,1358,1417,1585,760,825,396,185,211,
7945,1587,787,800,2778,1382,1396,3173,1530,1643,2776,1358,1418,1585,760,825,397,186,211,
7950,1589,788,801,2779,1382,1397,3176,1530,1646,2778,1358,1420,1587,761,826,397,186,211,
7955,1590,788,802,2780,1382,1398,3177,1530,1647,2780,1358,1422,1588,761,827,397,186,211,
7960,1591,789,802,2783,1382,1401,3181,1533,1648,2782,1359,1423,1589,761,828,397,186,211,
7965,1591,789,802,2785,1384,1401,3181,1533,1648,2783,1359,1424,1589,761,828,398,187,211,
7970,1593,791,802,2786,1384,1402,3184,1534,1650,2785,1359,1426,1591,762,829,398,187,211,
7975,1594,792,802,2787,1385,1402,3185,1534,1651,2787,1359,1428,1592,763,829,398,187,211,
7980,1595,792,803,2790,1388,1402,3189,1535,1654,2789,1359,1430,1593,763,830,398,187,211,
7985,1595,792,803,2792,1388,1404,3189,1535,1654,2790,1359,1431,1593,763,830,399,187,212,
7990,1597,793,804,2793,1389,1404,3192,1536,1656,2792,1360,1432,1595,763,832,399,187,212,
7995,1598,793,805,2794,1390,1404,3193,1537,1656,2794,1360,1434,1596,764,832,399,187,212,
8000,1599,793,806,2797,1390,1407,3197,1537,1660,2796,1361,1435,1597,764,833,399,187,212,
8005,1599,793,806,2799,1390,1409,3197,1537,1660,2797,1361,1436,1597,764,833,400,187,213,
8010,1601,793,808,2800,1390,1410,3200,1539,1661,2799,1362,1437,1599,765,834,400,187,213,
8015,1602,793,809,2801,1390,1411,3201,1539,1662,2801,1363,1438,1600,765,835,400,187,213,
8020,1603,794,809,2804,1392,1412,3205,1540,1665,2803,1363,1440,1601,766,835,400,187,213,
8025,1603,794,809,2806,1394,1412,3205,1540,1665,2804,1363,1441,1601,766,835,401,187,214,
8030,1605,795,810,2807,1395,1412,3208,1541,1667,2806,1363,1443,1603,767,836,401,187,214,
8035,1606,795,811,2808,1395,1413,3209,1542,1667,2808,1363,1445,1604,767,837,401,187,214,
8040,1607,796,811,2811,1397,1414,3213,1544,1669,2810,1363,1447,1605,767,838,401,187,214,
8045,1607,796,811,2813,1397,1416,3213,1544,1669,2811,1364,1447,1605,767,838,402,188,214,
8050,1609,797,812,2814,1398,1416,3216,1546,1670,2813,1366,1447,1607,769,838,402,188,214,
8055,1610,798,812,2815,1398,1417,3217,1546,1671,2815,1366,1449,1608,769,839,402,188,214,
8060,1611,798,813,2818,1398,1420,3221,1547,1674,2817,1366,1451,1609,769,840,402,188,214,
8065,1611,798,813,2820,1400,1420,3221,1547,1674,2818,1366,1452,1609,769,840,403,188,215,
8070,1613,800,813,2821,1400,1421,3224,1548,1676,2820,1368,1452,1611,771,840,403,188,215,
8075,1614,801,813,2822,1400,1422,3225,1548,1677,2822,1369,1453,1612,772,840,403,188,215,
8080,1615,801,814,2825,1403,1422,3229,1549,1680,2824,1370,1454,1613,772,841,403,188,215,
8085,1615,801,814,2827,1404,1423,3229,1549,1680,2825,1370,1455,1613,772,841,404,188,216,
8090,1617,802,815,2828,1405,1423,3232,1550,1682,2827,1370,1457,1615,772,843,404,188,216,
8095,1618,803,815,2829,1406,1423,3233,1550,1683,2829,1370,1459,1616,773,843,404,188,216,
8100,1619,804,815,2832,1408,1424,3237,1552,1685,2831,1370,1461,1617,774,843,404,188,216,
8105,1619,804,815,2834,1409,1425,3237,1552,1685,2832,1370,1462,1617,774,843,405,189,216,
8110,1621,805,816,2835,1409,1426,3240,1553,1687,2834,1371,1463,1619,775,844,405,189,216,
8115,1622,805,817,2836,1409,1427,3241,1553,1688,2836,1372,1464,1620,775,845,405,189,216,
8120,1623,806,817,2839,1412,1427,3245,1553,1692,2838,1373,1465,1621,776,845,405,189,216,
8125,1623,806,817,2841,1412,1429,3245,1553,1692,2839,1374,1465,1621,776,845,406,190,216,
8130,1625,807,818,2842,1413,1429,3248,1555,1693,2841,1375,1466,1623,777,846,406,190,216,
8135,1626,807,819,2843,1413,1430,3249,1555,1694,2843,1377,1466,1624,777,847,406,190,216,
8140,1627,807,820,2846,1414,1432,3253,1557,1696,2845,1379,1466,1625,778,847,406,190,216,
8145,1627,807,820,2848,1416,1432,3253,1557,1696,2846,1379,1467,1625,778,847,407,190,217,
8150,1629,808,821,2849,1416,1433,3256,1559,1697,2848,1381,1467,1627,779,848,407,190,217,
8155,1630,809,821,2850,1416,1434,3257,1559,1698,2850,1382,1468,1628,780,848,407,190,217,
8160,1631,809,822,2853,1419,1434,3261,1561,1700,2852,1383,1469,1629,781,848,407,190,217,
8165,1631,809,822,2855,1420,1435,3261,1561,1700,2853,1383,1470,1629,781,848,408,191,217,
8170,1633,810,823,2856,1420,1436,3264,1562,1702,2855,1385,1470,1631,781,850,408,191,217,
8175,1634,810,824,2857,1420,1437,3265,1563,1702,2857,1386,1471,1632,782,850,408,191,217,
8180,1635,810,825,2860,1420,1440,3269,1565,1704,2859,1386,1473,1633,783,850,408,191,217,
8185,1635,810,825,2862,1422,1440,3269,1565,1704,2860,1387,1473,1633,783,850,409,191,218,
8190,1637,810,827,2863,1423,1440,3272,1567,1705,2862,1388,1474,1635,784,851,409,191,218,
8195,1638,810,828,2864,1423,1441,3273,1568,1705,2864,1390,1474,1636,784,852,409,191,218,
8200,1639,811,828,2867,1424,1443,3277,1569,1708,2866,1391,1475,1637,785,852,409,191,218,
8205,1639,811,828,2869,1426,1443,3277,1569,1708,2867,1392,1475,1637,785,852,410,192,218,
8210,1641,812,829,2870,1426,1444,3280,1569,1711,2869,1392,1477,1639,785,854,410,192,218,
8215,1642,813,829,2871,1426,1445,3281,1570,1711,2871,1393,1478,1640,785,855,410,192,218,
8220,1643,813,830,2874,1427,1447,3285,1570,1715,2873,1393,1480,1641,786,855,410,192,218,
8225,1643,813,830,2876,1429,1447,3285,1570,1715,2874,1393,1481,1641,786,855,411,193,218,
8230,1645,813,832,2877,1429,1448,3288,1572,1716,2876,1395,1481,1643,786,857,411,193,218,
8235,1646,813,833,2878,1429,1449,3289,1572,1717,2878,1396,1482,1644,786,858,411,193,218,
8240,1647,813,834,2881,1430,1451,3293,1572,1721,2880,1396,1484,1645,786,859,411,193,218,
8245,1647,813,834,2883,1431,1452,3293,1572,1721,2881,1397,1484,1645,786,859,412,193,219,
8250,1649,815,834,2884,1431,1453,3296,1573,1723,2883,1398,1485,1647,788,859,412,193,219,
8255,1650,815,835,2885,1431,1454,3297,1573,1724,2885,1400,1485,1648,788,860,412,193,219,
8260,1651,815,836,2888,1432,1456,3301,1575,1726,2887,1402,1485,1649,789,860,412,193,219,
8265,1651,815,836,2890,1433,1457,3301,1575,1726,2888,1402,1486,1649,789,860,413,194,219,
8270,1653,816,837,2891,1433,1458,3304,1577,1727,2890,1403,1487,1651,790,861,413,194,219,
8275,1654,817,837,2892,1433,1459,3305,1578,1727,2892,1403,1489,1652,791,861,413,194,219,
8280,1655,817,838,2895,1434,1461,3309,1580,1729,2894,1404,1490,1653,791,862,413,194,219,
8285,1655,817,838,2897,1435,1462,3309,1580,1729,2895,1405,1490,1653,791,862,414,195,219,
8290,1657,818,839,2898,1436,1462,3312,1582,1730,2897,1407,1490,1655,792,863,414,195,219,
8295,1658,818,840,2899,1436,1463,3313,1583,1730,2899,1407,1492,1656,792,864,414,195,219,
8300,1659,819,840,2902,1439,1463,3317,1586,1731,2901,1407,1494,1657,793,864,414,195,219,
8305,1659,819,840,2904,1440,1464,3317,1586,1731,2902,1408,1494,1657,793,864,415,195,220,
8310,1661,820,841,2905,1441,1464,3320,1586,1734,2904,1410,1494,1659,794,865,415,195,220,
8315,1662,821,841,2906,1442,1464,3321,1586,1735,2906,1411,1495,1660,795,865,415,195,220,
8320,1663,822,841,2909,1444,1465,3325,1588,1737,2908,1412,1496,1661,795,866,415,195,220,
8325,1663,822,841,2911,1446,1465,3325,1588,1737,2909,1412,1497,1661,795,866,416,196,220,
8330,1665,822,843,2912,1446,1466,3328,1590,1738,2911,1413,1498,1663,795,868,416,196,220,
8335,1666,823,843,2913,1446,1467,3329,1591,1738,2913,1415,1498,1664,795,869,416,196,220,
8340,1667,823,844,2916,1447,1469,3333,1593,1740,2915,1416,1499,1665,796,869,416,196,220,
8345,1667,823,844,2918,1448,1470,3333,1593,1740,2916,1416,1500,1665,796,869,417,196,221,
8350,1669,823,846,2919,1448,1471,3336,1595,1741,2918,1417,1501,1667,796,871,417,196,221,
8355,1670,823,847,2920,1449,1471,3337,1596,1741,2920,1417,1503,1668,796,872,417,196,221,
8360,1671,824,847,2923,1451,1472,3341,1597,1744,2922,1418,1504,1669,797,872,417,196,221,
8365,1671,824,847,2925,1453,1472,3341,1597,1744,2923,1418,1505,1669,797,872,418,197,221,
8370,1673,825,848,2926,1453,1473,3344,1599,1745,2925,1418,1507,1671,799,872,418,197,221,
8375,1674,826,848,2927,1454,1473,3345,1599,1746,2927,1418,1509,1672,799,873,418,197,221,
8380,1675,827,848,2930,1456,1474,3349,1601,1748,2929,1420,1509,1673,800,873,418,197,221,
8385,1675,827,848,2932,1458,1474,3349,1601,1748,2930,1420,1510,1673,800,873,419,197,222,
8390,1677,828,849,2933,1458,1475,3352,1603,1749,2932,1422,1510,1675,802,873,419,197,222,
8395,1678,829,849,2934,1458,1476,3353,1604,1749,2934,1424,1510,1676,802,874,419,197,222,
8400,1679,830,849,2937,1460,1477,3357,1606,1751,2936,1426,1510,1677,802,875,419,197,222,
8405,1679,830,849,2939,1462,1477,3357,1606,1751,2937,1426,1511,1677,802,875,420,198,222,
8410,1681,830,851,2940,1462,1478,3360,1609,1751,2939,1426,1513,1679,803,876,420,198,222,
8415,1682,830,852,2941,1463,1478,3361,1610,1751,2941,1427,1514,1680,803,877,420,198,222,
8420,1683,831,852,2944,1466,1478,3365,1611,1754,2943,1429,1514,1681,804,877,420,198,222,
8425,1683,831,852,2946,1467,1479,3365,1611,1754,2944,1430,1514,1681,804,877,421,199,222,
8430,1685,831,854,2947,1468,1479,3368,1612,1756,2946,1432,1514,1683,805,878,421,199,222,
8435,1686,832,854,2948,1469,1479,3369,1613,1756,2948,1433,1515,1684,805,879,421,199,222,
8440,1687,833,854,2951,1470,1481,3373,1616,1757,2950,1435,1515,1685,805,880,421,199,222,
8445,1687,833,854,2953,1470,1483,3373,1616,1757,2951,1435,1516,1685,805,880,422,200,222,
8450,1689,833,856,2954,1470,1484,3376,1617,1759,2953,1436,1517,1687,807,880,422,200,222,
8455,1690,834,856,2955,1471,1484,3377,1618,1759,2955,1436,1519,1688,807,881,422,200,222,
8460,1691,834,857,2958,1472,1486,3381,1619,1762,2957,1436,1521,1689,807,882,422,200,222,
8465,1691,834,857,2960,1472,1488,3381,1619,1762,2958,1436,1522,1689,807,882,423,200,223,
8470,1693,835,858,2961,1472,1489,3384,1620,1764,2960,1437,1523,1691,809,882,423,200,223,
8475,1694,835,859,2962,1473,1489,3385,1620,1765,2962,1438,1524,1692,810,882,423,200,223,
8480,1695,835,860,2965,1475,1490,3389,1624,1765,2964,1438,1526,1693,810,883,423,200,223,
8485,1695,835,860,2967,1477,1490,3389,1624,1765,2965,1438,1527,1693,810,883,424,201,223,
8490,1697,835,862,2968,1477,1491,3392,1624,1768,2967,1439,1528,1695,811,884,424,201,223,
8495,1698,835,863,2969,1477,1492,3393,1625,1768,2969,1440,1529,1696,811,885,424,201,223,
8500,1699,835,864,2972,1479,1493,3397,1626,1771,2971,1441,1530,1697,812,885,424,201,223,
8505,1699,835,864,2974,1480,1494,3397,1626,1771,2972,1441,1531,1697,812,885,425,202,223,
8510,1701,836,865,2975,1481,1494,3400,1627,1773,2974,1442,1532,1699,813,886,425,202,223,
8515,1702,837,865,2976,1481,1495,3401,1627,1774,2976,1443,1533,1700,814,886,425,202,223,
8520,1703,838,865,2979,1483,1496,3405,1630,1775,2978,1443,1535,1701,814,887,425,202,223,
8525,1703,838,865,2981,1485,1496,3405,1630,1775,2979,1444,1535,1701,814,887,426,202,224,
8530,1705,838,867,2982,1485,1497,3408,1631,1777,2981,1445,1536,1703,815,888,426,202,224,
8535,1706,839,867,2983,1485,1498,3409,1632,1777,2983,1445,1538,1704,816,888,426,202,224,
8540,1707,840,867,2986,1486,1500,3413,1632,1781,2985,1446,1539,1705,817,888,426,202,224,
8545,1707,840,867,2988,1487,1501,3413,1632,1781,2986,1446,1540,1705,817,888,427,203,224,
8550,1709,841,868,2989,1488,1501,3416,1635,1781,2988,1448,1540,1707,817,890,427,203,224,
8555,1710,841,869,2990,1488,1502,3417,1635,1782,2990,1448,1542,1708,818,890,427,203,224,
8560,1711,841,870,2993,1489,1504,3421,1639,1782,2992,1449,1543,1709,819,890,427,203,224,
8565,1711,841,870,2995,1490,1505,3421,1639,1782,2993,1450,1543,1709,819,890,428,203,225,
8570,1713,841,872,2996,1490,1506,3424,1641,1783,2995,1451,1544,1711,819,892,428,203,225,
8575,1714,841,873,2997,1490,1507,3425,1641,1784,2997,1451,1546,1712,819,893,428,203,225,
8580,1715,842,873,3000,1490,1510,3429,1641,1788,2999,1453,1546,1713,820,893,428,203,225,
8585,1715,842,873,3002,1492,1510,3429,1641,1788,3000,1453,1547,1713,820,893,429,204,225,
8590,1717,843,874,3003,1492,1511,3432,1642,1790,3002,1454,1548,1715,821,894,429,204,225,
8595,1718,844,874,3004,1492,1512,3433,1643,1790,3004,1456,1548,1716,822,894,429,204,225,
8600,1719,845,874,3007,1493,1514,3437,1644,1793,3006,1456,1550,1717,823,894,429,204,225,
8605,1719,845,874,3009,1494,1515,3437,1644,1793,3007,1456,1551,1717,823,894,430,204,226,
8610,1721,847,874,3010,1495,1515,3440,1647,1793,3009,1457,1552,1719,824,895,430,204,226,
8615,1722,847,875,3011,1496,1515,3441,1648,1793,3011,1458,1553,1720,825,895,430,204,226,
8620,1723,848,875,3014,1498,1516,3445,1651,1794,3013,1460,1553,1721,825,896,430,204,226,
8625,1723,848,875,3016,1499,1517,3445,1651,1794,3014,1461,1553,1721,825,896,431,204,227,
8630,1725,849,876,3017,1499,1518,3448,1651,1797,3016,1463,1553,1723,825,898,431,204,227,
8635,1726,849,877,3018,1500,1518,3449,1652,1797,3018,1464,1554,1724,826,898,431,204,227,
8640,1727,849,878,3021,1502,1519,3453,1655,1798,3020,1465,1555,1725,826,899,431,204,227,
8645,1727,849,878,3023,1502,1521,3453,1655,1798,3021,1466,1555,1725,826,899,432,205,227,
8650,1729,850,879,3024,1503,1521,3456,1656,1800,3023,1466,1557,1727,826,901,432,205,227,
8655,1730,851,879,3025,1504,1521,3457,1657,1800,3025,1467,1558,1728,827,901,432,205,227,
8660,1731,851,880,3028,1506,1522,3461,1658,1803,3027,1469,1558,1729,828,901,432,205,227,
8665,1731,851,880,3030,1507,1523,3461,1658,1803,3028,1470,1558,1729,828,901,433,206,227,
8670,1733,853,880,3031,1508,1523,3464,1660,1804,3030,1471,1559,1731,830,901,433,206,227,
8675,1734,853,881,3032,1509,1523,3465,1660,1805,3032,1472,1560,1732,830,902,433,206,227,
8680,1735,853,882,3035,1510,1525,3469,1663,1806,3034,1474,1560,1733,830,903,433,206,227,
8685,1735,853,882,3037,1511,1526,3469,1663,1806,3035,1475,1560,1733,830,903,434,206,228,
8690,1737,853,884,3038,1511,1527,3472,1665,1807,3037,1475,1562,1735,831,904,434,206,228,
8695,1738,853,885,3039,1511,1528,3473,1665,1808,3039,1476,1563,1736,832,904,434,206,228,
8700,1739,854,885,3042,1513,1529,3477,1667,1810,3041,1477,1564,1737,833,904,434,206,228,
8705,1739,854,885,3044,1515,1529,3477,1667,1810,3042,1478,1564,1737,833,904,435,207,228,
8710,1741,854,887,3045,1515,1530,3480,1667,1813,3044,1479,1565,1739,834,905,435,207,228,
8715,1742,854,888,3046,1515,1531,3481,1667,1814,3046,1480,1566,1740,835,905,435,207,228,
8720,1743,854,889,3049,1517,1532,3485,1669,1816,3048,1481,1567,1741,835,906,435,207,228,
8725,1743,854,889,3051,1519,1532,3485,1669,1816,3049,1482,1567,1741,835,906,436,207,229,
8730,1745,856,889,3052,1519,1533,3488,1670,1818,3051,1483,1568,1743,836,907,436,207,229,
8735,1746,857,889,3053,1519,1534,3489,1670,1819,3053,1485,1568,1744,837,907,436,207,229,
8740,1747,857,890,3056,1522,1534,3493,1673,1820,3055,1485,1570,1745,838,907,436,207,229,
8745,1747,857,890,3058,1524,1534,3493,1673,1820,3056,1486,1570,1745,838,907,437,208,229,
8750,1749,858,891,3059,1524,1535,3496,1674,1822,3058,1487,1571,1747,839,908,437,208,229,
8755,1750,858,892,3060,1524,1536,3497,1675,1822,3060,1488,1572,1748,839,909,437,208,229,
8760,1751,858,893,3063,1526,1537,3501,1678,1823,3062,1489,1573,1749,839,910,437,208,229,
8765,1751,858,893,3065,1527,1538,3501,1678,1823,3063,1490,1573,1749,839,910,438,208,230,
8770,1753,859,894,3066,1528,1538,3504,1680,1824,3065,1491,1574,1751,840,911,438,208,230,
8775,1754,860,894,3067,1529,1538,3505,1681,1824,3067,1493,1574,1752,840,912,438,208,230,
8780,1755,861,894,3070,1530,1540,3509,1683,1826,3069,1494,1575,1753,840,913,438,208,230,
8785,1755,861,894,3072,1531,1541,3509,1683,1826,3070,1495,1575,1753,840,913,439,209,230,
8790,1757,863,894,3073,1531,1542,3512,1684,1828,3072,1495,1577,1755,841,914,439,209,230,
8795,1758,863,895,3074,1531,1543,3513,1685,1828,3074,1495,1579,1756,841,915,439,209,230,
8800,1759,863,896,3077,1533,1544,3517,1686,1831,3076,1496,1580,1757,841,916,439,209,230,
8805,1759,863,896,3079,1535,1544,3517,1686,1831,3077,1497,1580,1757,841,916,440,210,230,
8810,1761,863,898,3080,1535,1545,3520,1686,1834,3079,1498,1581,1759,842,917,440,210,230,
8815,1762,864,898,3081,1536,1545,3521,1686,1835,3081,1499,1582,1760,842,918,440,210,230,
8820,1763,865,898,3084,1538,1546,3525,1688,1837,3083,1499,1584,1761,842,919,440,210,230,
8825,1763,865,898,3086,1539,1547,3525,1688,1837,3084,1499,1585,1761,842,919,441,211,230,
8830,1765,867,898,3087,1540,1547,3528,1688,1840,3086,1500,1586,1763,843,920,441,211,230,
8835,1766,867,899,3088,1540,1548,3529,1688,1841,3088,1502,1586,1764,844,920,441,211,230,
8840,1767,867,900,3091,1542,1549,3533,1689,1844,3090,1504,1586,1765,845,920,441,211,230,
8845,1767,867,900,3093,1543,1550,3533,1689,1844,3091,1504,1587,1765,845,920,442,212,230,
8850,1769,868,901,3094,1543,1551,3536,1691,1845,3093,1504,1589,1767,846,921,442,212,230,
8855,1770,868,902,3095,1544,1551,3537,1692,1845,3095,1505,1590,1768,846,922,442,212,230,
8860,1771,868,903,3098,1544,1554,3541,1694,1847,3097,1505,1592,1769,846,923,442,212,230,
8865,1771,868,903,3100,1545,1555,3541,1694,1847,3098,1506,1592,1769,846,923,443,212,231,
8870,1773,869,904,3101,1545,1556,3544,1694,1850,3100,1507,1593,1771,846,925,443,212,231,
8875,1774,870,904,3102,1546,1556,3545,1695,1850,3102,1508,1594,1772,846,926,443,212,231,
8880,1775,870,905,3105,1547,1558,3549,1697,1852,3104,1510,1594,1773,847,926,443,212,231,
8885,1775,870,905,3107,1547,1560,3549,1697,1852,3105,1510,1595,1773,847,926,444,213,231,
8890,1777,870,907,3108,1548,1560,3552,1698,1854,3107,1510,1597,1775,847,928,444,213,231,
8895,1778,871,907,3109,1548,1561,3553,1698,1855,3109,1511,1598,1776,847,929,444,213,231,
8900,1779,871,908,3112,1549,1563,3557,1699,1858,3111,1513,1598,1777,848,929,444,213,231,
8905,1779,871,908,3114,1550,1564,3557,1699,1858,3112,1514,1598,1777,848,929,445,213,232,
8910,1781,872,909,3115,1550,1565,3560,1700,1860,3114,1516,1598,1779,850,929,445,213,232,
8915,1782,872,910,3116,1551,1565,3561,1701,1860,3116,1516,1600,1780,851,929,445,213,232,
8920,1783,873,910,3119,1553,1566,3565,1703,1862,3118,1516,1602,1781,852,929,445,213,232,
8925,1783,873,910,3121,1555,1566,3565,1703,1862,3119,1517,1602,1781,852,929,446,213,233,
8930,1785,874,911,3122,1556,1566,3568,1705,1863,3121,1518,1603,1783,853,930,446,213,233,
8935,1786,874,912,3123,1556,1567,3569,1706,1863,3123,1519,1604,1784,853,931,446,213,233,
8940,1787,874,913,3126,1557,1569,3573,1709,1864,3125,1521,1604,1785,853,932,446,213,233,
8945,1787,874,913,3128,1558,1570,3573,1709,1864,3126,1521,1605,1785,853,932,447,213,234,
8950,1789,874,915,3129,1559,1570,3576,1709,1867,3128,1522,1606,1787,854,933,447,213,234,
8955,1790,875,915,3130,1559,1571,3577,1709,1868,3130,1522,1608,1788,854,934,447,213,234,
8960,1791,876,915,3133,1561,1572,3581,1710,1871,3132,1522,1610,1789,854,935,447,213,234,
8965,1791,876,915,3135,1562,1573,3581,1710,1871,3133,1522,1611,1789,854,935,448,213,235,
8970,1793,876,917,3136,1562,1574,3584,1711,1873,3135,1524,1611,1791,855,936,448,213,235,
8975,1794,876,918,3137,1562,1575,3585,1711,1874,3137,1525,1612,1792,856,936,448,213,235,
8980,1795,876,919,3140,1564,1576,3589,1711,1878,3139,1526,1613,1793,856,937,448,213,235,
8985,1795,876,919,3142,1565,1577,3589,1711,1878,3140,1526,1614,1793,856,937,449,213,236,
8990,1797,877,920,3143,1565,1578,3592,1712,1880,3142,1528,1614,1795,858,937,449,213,236,
8995,1798,877,921,3144,1565,1579,3593,1712,1881,3144,1529,1615,1796,858,938,449,213,236,
9000,1799,877,922,3147,1566,1581,3597,1714,1883,3146,1529,1617,1797,859,938,449,213,236,
9005,1799,877,922,3149,1567,1582,3597,1714,1883,3147,1529,1618,1797,859,938,450,214,236,
9010,1801,878,923,3150,1567,1583,3600,1717,1883,3149,1531,1618,1799,859,940,450,214,236,
9015,1802,878,924,3151,1567,1584,3601,1717,1884,3151,1533,1618,1800,860,940,450,214,236,
9020,1803,878,925,3154,1568,1586,3605,1718,1887,3153,1533,1620,1801,861,940,450,214,236,
9025,1803,878,925,3156,1569,1587,3605,1718,1887,3154,1533,1621,1801,861,940,451,214,237,
9030,1805,878,927,3157,1569,1588,3608,1720,1888,3156,1534,1622,1803,862,941,451,214,237,
9035,1806,879,927,3158,1570,1588,3609,1720,1889,3158,1535,1623,1804,863,941,451,214,237,
9040,1807,880,927,3161,1571,1590,3613,1722,1891,3160,1536,1624,1805,864,941,451,214,237,
9045,1807,880,927,3163,1571,1592,3613,1722,1891,3161,1536,1625,1805,864,941,452,215,237,
9050,1809,880,929,3164,1572,1592,3616,1723,1893,3163,1536,1627,1807,865,942,452,215,237,
9055,1810,880,930,3165,1573,1592,3617,1724,1893,3165,1537,1628,1808,865,943,452,215,237,
9060,1811,881,930,3168,1574,1594,3621,1726,1895,3167,1538,1629,1809,865,944,452,215,237,
9065,1811,881,930,3170,1574,1596,3621,1726,1895,3168,1538,1630,1809,865,944,453,216,237,
9070,1813,881,932,3171,1574,1597,3624,1727,1897,3170,1539,1631,1811,865,946,453,216,237,
9075,1814,881,933,3172,1574,1598,3625,1728,1897,3172,1539,1633,1812,866,946,453,216,237,
9080,1815,882,933,3175,1575,1600,3629,1731,1898,3174,1539,1635,1813,867,946,453,216,237,
9085,1815,882,933,3177,1576,1601,3629,1731,1898,3175,1540,1635,1813,867,946,454,216,238,
9090,1817,884,933,3178,1577,1601,3632,1733,1899,3177,1542,1635,1815,868,947,454,216,238,
9095,1818,884,934,3179,1577,1602,3633,1733,1900,3179,1542,1637,1816,869,947,454,216,238,
9100,1819,885,934,3182,1579,1603,3637,1735,1902,3181,1544,1637,1817,870,947,454,216,238,
9105,1819,885,934,3184,1581,1603,3637,1735,1902,3182,1545,1637,1817,870,947,455,216,239,
9110,1821,887,934,3185,1582,1603,3640,1735,1905,3184,1546,1638,1819,870,949,455,216,239,
9115,1822,888,934,3186,1582,1604,3641,1735,1906,3186,1547,1639,1820,870,950,455,216,239,
9120,1823,888,935,3189,1582,1607,3645,1737,1908,3188,1549,1639,1821,871,950,455,216,239,
9125,1823,888,935,3191,1582,1609,3645,1737,1908,3189,1549,1640,1821,871,950,456,216,240,
9130,1825,889,936,3192,1583,1609,3648,1739,1909,3191,1550,1641,1823,871,952,456,216,240,
9135,1826,890,936,3193,1584,1609,3649,1740,1909,3193,1551,1642,1824,872,952,456,216,240,
9140,1827,890,937,3196,1584,1612,3653,1742,1911,3195,1552,1643,1825,872,953,456,216,240,
9145,1827,890,937,3198,1584,1614,3653,1742,1911,3196,1552,1644,1825,872,953,457,216,241,
9150,1829,891,938,3199,1585,1614,3656,1744,1912,3198,1553,1645,1827,873,954,457,216,241,
9155,1830,892,938,3200,1585,1615,3657,1744,1913,3200,1553,1647,1828,874,954,457,216,241,
9160,1831,892,939,3203,1585,1618,3661,1747,1914,3202,1554,1648,1829,874,955,457,216,241,
9165,1831,892,939,3205,1585,1620,3661,1747,1914,3203,1554,1649,1829,874,955,458,216,242,
9170,1833,894,939,3206,1585,1621,3664,1748,1916,3205,1554,1651,1831,876,955,458,216,242,
9175,1834,894,940,3207,1586,1621,3665,1748,1917,3207,1554,1653,1832,876,956,458,216,242,
9180,1835,894,941,3210,1588,1622,3669,1749,1920,3209,1555,1654,1833,876,957,458,216,242,
9185,1835,894,941,3212,1590,1622,3669,1749,1920,3210,1555,1655,1833,876,957,459,216,243,
9190,1837,894,943,3213,1590,1623,3672,1751,1921,3212,1557,1655,1835,878,957,459,216,243,
9195,1838,894,944,3214,1590,1624,3673,1752,1921,3214,1557,1657,1836,878,958,459,216,243,
9200,1839,894,945,3217,1593,1624,3677,1755,1922,3216,1559,1657,1837,878,959,459,216,243,
9205,1839,894,945,3219,1595,1624,3677,1755,1922,3217,1559,1658,1837,878,959,460,217,243,
9210,1841,895,946,3220,1595,1625,3680,1756,1924,3219,1560,1659,1839,879,960,460,217,243,
9215,1842,896,946,3221,1596,1625,3681,1757,1924,3221,1562,1659,1840,880,960,460,217,243,
9220,1843,897,946,3224,1598,1626,3685,1759,1926,3223,1563,1660,1841,880,961,460,217,243,
9225,1843,897,946,3226,1600,1626,3685,1759,1926,3224,1563,1661,1841,880,961,461,218,243,
9230,1845,899,946,3227,1601,1626,3688,1760,1928,3226,1564,1662,1843,882,961,461,218,243,
9235,1846,899,947,3228,1602,1626,3689,1760,1929,3228,1565,1663,1844,882,962,461,218,243,
9240,1847,899,948,3231,1603,1628,3693,1762,1931,3230,1565,1665,1845,883,962,461,218,243,
9245,1847,899,948,3233,1604,1629,3693,1762,1931,3231,1565,1666,1845,883,962,462,218,244,
9250,1849,901,948,3234,1605,1629,3696,1764,1932,3233,1565,1668,1847,884,963,462,218,244,
9255,1850,901,949,3235,1606,1629,3697,1765,1932,3235,1567,1668,1848,884,964,462,218,244,
9260,1851,902,949,3238,1609,1629,3701,1766,1935,3237,1567,1670,1849,885,964,462,218,244,
9265,1851,902,949,3240,1610,1630,3701,1766,1935,3238,1567,1671,1849,885,964,463,218,245,
9270,1853,903,950,3241,1610,1631,3704,1768,1936,3240,1568,1672,1851,886,965,463,218,245,
9275,1854,903,951,3242,1611,1631,3705,1768,1937,3242,1568,1674,1852,887,965,463,218,245,
9280,1855,903,952,3245,1612,1633,3709,1768,1941,3244,1568,1676,1853,887,966,463,218,245,
9285,1855,903,952,3247,1613,1634,3709,1768,1941,3245,1569,1676,1853,887,966,464,218,246,
9290,1857,904,953,3248,1614,1634,3712,1771,1941,3247,1569,1678,1855,888,967,464,218,246,
9295,1858,905,953,3249,1614,1635,3713,1771,1942,3249,1571,1678,1856,888,968,464,218,246,
9300,1859,905,954,3252,1614,1638,3717,1774,1943,3251,1572,1679,1857,889,968,464,218,246,
9305,1859,905,954,3254,1616,1638,3717,1774,1943,3252,1572,1680,1857,889,968,465,219,246,
9310,1861,905,956,3255,1617,1638,3720,1774,1946,3254,1572,1682,1859,890,969,465,219,246,
9315,1862,905,957,3256,1617,1639,3721,1774,1947,3256,1573,1683,1860,890,970,465,219,246,
9320,1863,906,957,3259,1619,1640,3725,1775,1950,3258,1575,1683,1861,891,970,465,219,246,
9325,1863,906,957,3261,1620,1641,3725,1775,1950,3259,1575,1684,1861,891,970,466,219,247,
9330,1865,908,957,3262,1620,1642,3728,1777,1951,3261,1576,1685,1863,892,971,466,219,247,
9335,1866,909,957,3263,1620,1643,3729,1778,1951,3263,1577,1686,1864,892,972,466,219,247,
9340,1867,910,957,3266,1622,1644,3733,1780,1953,3265,1578,1687,1865,892,973,466,219,247,
9345,1867,910,957,3268,1624,1644,3733,1780,1953,3266,1578,1688,1865,892,973,467,220,247,
9350,1869,910,959,3269,1625,1644,3736,1783,1953,3268,1579,1689,1867,893,974,467,220,247,
9355,1870,910,960,3270,1626,1644,3737,1783,1954,3270,1580,1690,1868,893,975,467,220,247,
9360,1871,910,961,3273,1628,1645,3741,1784,1957,3272,1580,1692,1869,893,976,467,220,247,
9365,1871,910,961,3275,1629,1646,3741,1784,1957,3273,1580,1693,1869,893,976,468,220,248,
9370,1873,912,961,3276,1629,1647,3744,1784,1960,3275,1581,1694,1871,895,976,468,220,248,
9375,1874,912,962,3277,1629,1648,3745,1784,1961,3277,1582,1695,1872,896,976,468,220,248,
9380,1875,913,962,3280,1629,1651,3749,1787,1962,3279,1583,1696,1873,896,977,468,220,248,
9385,1875,913,962,3282,1630,1652,3749,1787,1962,3280,1583,1697,1873,896,977,469,221,248,
9390,1877,914,963,3283,1630,1653,3752,1788,1964,3282,1583,1699,1875,898,977,469,221,248,
9395,1878,915,963,3284,1631,1653,3753,1788,1965,3284,1583,1701,1876,899,977,469,221,248,
9400,1879,916,963,3287,1633,1654,3757,1791,1966,3286,1584,1702,1877,899,978,469,221,248,
9405,1879,916,963,3289,1635,1654,3757,1791,1966,3287,1584,1703,1877,899,978,470,222,248,
9410,1881,916,965,3290,1636,1654,3760,1792,1968,3289,1586,1703,1879,899,980,470,222,248,
9415,1882,917,965,3291,1637,1654,3761,1792,1969,3291,1587,1704,1880,900,980,470,222,248,
9420,1883,918,965,3294,1639,1655,3765,1796,1969,3293,1587,1706,1881,900,981,470,222,248,
9425,1883,918,965,3296,1641,1655,3765,1796,1969,3294,1588,1706,1881,900,981,471,223,248,
9430,1885,920,965,3297,1641,1656,3768,1796,1972,3296,1590,1706,1883,901,982,471,223,248,
9435,1886,921,965,3298,1642,1656,3769,1796,1973,3298,1592,1706,1884,902,982,471,223,248,
9440,1887,921,966,3301,1643,1658,3773,1798,1975,3300,1592,1708,1885,902,983,471,223,248,
9445,1887,921,966,3303,1643,1660,3773,1798,1975,3301,1592,1709,1885,902,983,472,224,248,
9450,1889,921,968,3304,1644,1660,3776,1799,1977,3303,1592,1711,1887,903,984,472,224,248,
9455,1890,921,969,3305,1645,1660,3777,1799,1978,3305,1593,1712,1888,903,985,472,224,248,
9460,1891,922,969,3308,1646,1662,3781,1801,1980,3307,1594,1713,1889,903,986,472,224,248,
9465,1891,922,969,3310,1647,1663,3781,1801,1980,3308,1594,1714,1889,903,986,473,224,249,
9470,1893,924,969,3311,1647,1664,3784,1802,1982,3310,1596,1714,1891,904,987,473,224,249,
9475,1894,924,970,3312,1647,1665,3785,1803,1982,3312,1596,1716,1892,905,987,473,224,249,
9480,1895,924,971,3315,1649,1666,3789,1804,1985,3314,1597,1717,1893,905,988,473,224,249,
9485,1895,924,971,3317,1651,1666,3789,1804,1985,3315,1597,1718,1893,905,988,474,224,250,
9490,1897,925,972,3318,1651,1667,3792,1805,1987,3317,1598,1719,1895,906,989,474,224,250,
9495,1898,925,973,3319,1652,1667,3793,1805,1988,3319,1599,1720,1896,906,990,474,224,250,
9500,1899,925,974,3322,1655,1667,3797,1807,1990,3321,1601,1720,1897,907,990,474,224,250,
9505,1899,925,974,3324,1655,1669,3797,1807,1990,3322,1602,1720,1897,907,990,475,224,251,
9510,1901,926,975,3325,1656,1669,3800,1808,1992,3324,1603,1721,1899,907,992,475,224,251,
9515,1902,926,976,3326,1657,1669,3801,1809,1992,3326,1603,1723,1900,908,992,475,224,251,
9520,1903,927,976,3329,1658,1671,3805,1811,1994,3328,1605,1723,1901,909,992,475,224,251,
9525,1903,927,976,3331,1658,1673,3805,1811,1994,3329,1605,1724,1901,909,992,476,225,251,
9530,1905,928,977,3332,1659,1673,3808,1812,1996,3331,1605,1726,1903,911,992,476,225,251,
9535,1906,929,977,3333,1660,1673,3809,1813,1996,3333,1606,1727,1904,911,993,476,225,251,
9540,1907,930,977,3336,1661,1675,3813,1815,1998,3335,1608,1727,1905,911,994,476,225,251,
9545,1907,930,977,3338,1663,1675,3813,1815,1998,3336,1609,1727,1905,911,994,477,226,251,
9550,1909,931,978,3339,1664,1675,3816,1817,1999,3338,1611,1727,1907,912,995,477,226,251,
9555,1910,931,979,3340,1664,1676,3817,1817,2000,3340,1613,1727,1908,912,996,477,226,251,
9560,1911,932,979,3343,1666,1677,3821,1819,2002,3342,1614,1728,1909,913,996,477,226,251,
9565,1911,932,979,3345,1667,1678,3821,1819,2002,3343,1615,1728,1909,913,996,478,226,252,
9570,1913,933,980,3346,1667,1679,3824,1821,2003,3345,1616,1729,1911,914,997,478,226,252,
9575,1914,933,981,3347,1668,1679,3825,1821,2004,3347,1617,1730,1912,915,997,478,226,252,
9580,1915,934,981,3350,1669,1681,3829,1822,2007,3349,1618,1731,1913,916,997,478,226,252,
9585,1915,934,981,3352,1669,1683,3829,1822,2007,3350,1619,1731,1913,916,997,479,226,253,
9590,1917,935,982,3353,1669,1684,3832,1823,2009,3352,1619,1733,1915,916,999,479,226,253,
9595,1918,936,982,3354,1670,1684,3833,1824,2009,3354,1619,1735,1916,917,999,479,226,253,
9600,1919,936,983,3357,1672,1685,3837,1827,2010,3356,1619,1737,1917,918,999,479,226,253,
9605,1919,936,983,3359,1673,1686,3837,1827,2010,3357,1620,1737,1917,918,999,480,226,254,
9610,1921,936,985,3360,1673,1687,3840,1828,2012,3359,1620,1739,1919,918,1001,480,226,254,
9615,1922,936,986,3361,1673,1688,3841,1829,2012,3361,1620,1741,1920,918,1002,480,226,254,
9620,1923,937,986,3364,1675,1689,3845,1833,2012,3363,1620,1743,1921,918,1003,480,226,254,
9625,1923,937,986,3366,1676,1690,3845,1833,2012,3364,1621,1743,1921,918,1003,481,226,255,
9630,1925,938,987,3367,1676,1691,3848,1835,2013,3366,1623,1743,1923,918,1005,481,226,255,
9635,1926,939,987,3368,1676,1692,3849,1835,2014,3368,1624,1744,1924,918,1006,481,226,255,
9640,1927,939,988,3371,1677,1694,3853,1836,2017,3370,1624,1746,1925,918,1007,481,226,255,
9645,1927,939,988,3373,1678,1695,3853,1836,2017,3371,1625,1746,1925,918,1007,482,227,255,
9650,1929,941,988,3374,1678,1696,3856,1838,2018,3373,1625,1748,1927,919,1008,482,227,255,
9655,1930,942,988,3375,1679,1696,3857,1838,2019,3375,1626,1749,1928,920,1008,482,227,255,
9660,1931,943,988,3378,1679,1699,3861,1841,2020,3377,1626,1751,1929,921,1008,482,227,255,
9665,1931,943,988,3380,1680,1700,3861,1841,2020,3378,1627,1751,1929,921,1008,483,227,256,
9670,1933,943,990,3381,1681,1700,3864,1843,2021,3380,1627,1753,1931,922,1009,483,227,256,
9675,1934,944,990,3382,1681,1701,3865,1844,2021,3382,1628,1754,1932,923,1009,483,227,256,
9680,1935,945,990,3385,1683,1702,3869,1846,2023,3384,1629,1755,1933,923,1010,483,227,256,
9685,1935,945,990,3387,1684,1703,3869,1846,2023,3385,1629,1756,1933,923,1010,484,227,257,
9690,1937,945,992,3388,1684,1704,3872,1846,2026,3387,1630,1757,1935,924,1011,484,227,257,
9695,1938,945,993,3389,1685,1704,3873,1846,2027,3389,1631,1758,1936,924,1012,484,227,257,
9700,1939,946,993,3392,1686,1706,3877,1849,2028,3391,1631,1760,1937,924,1013,484,227,257,
9705,1939,946,993,3394,1687,1707,3877,1849,2028,3392,1632,1760,1937,924,1013,485,228,257,
9710,1941,946,995,3395,1688,1707,3880,1851,2029,3394,1633,1761,1939,925,1014,485,228,257,
9715,1942,946,996,3396,1689,1707,3881,1851,2030,3396,1635,1761,1940,925,1015,485,228,257,
9720,1943,946,997,3399,1690,1709,3885,1854,2031,3398,1637,1761,1941,925,1016,485,228,257,
9725,1943,946,997,3401,1692,1709,3885,1854,2031,3399,1638,1761,1941,925,1016,486,229,257,
9730,1945,947,998,3402,1693,1709,3888,1855,2033,3401,1639,1762,1943,925,1018,486,229,257,
9735,1946,948,998,3403,1694,1709,3889,1855,2034,3403,1640,1763,1944,926,1018,486,229,257,
9740,1947,949,998,3406,1697,1709,3893,1856,2037,3405,1640,1765,1945,927,1018,486,229,257,
9745,1947,949,998,3408,1698,1710,3893,1856,2037,3406,1640,1766,1945,927,1018,487,229,258,
9750,1949,949,1000,3409,1698,1711,3896,1858,2038,3408,1640,1768,1947,929,1018,487,229,258,
9755,1950,950,1000,3410,1698,1712,3897,1859,2038,3410,1640,1770,1948,930,1018,487,229,258,
9760,1951,950,1001,3413,1700,1713,3901,1862,2039,3412,1642,1770,1949,930,1019,487,229,258,
9765,1951,950,1001,3415,1701,1714,3901,1862,2039,3413,1642,1771,1949,930,1019,488,230,258,
9770,1953,951,1002,3416,1702,1714,3904,1863,2041,3415,1643,1772,1951,932,1019,488,230,258,
9775,1954,951,1003,3417,1703,1714,3905,1864,2041,3417,1644,1773,1952,932,1020,488,230,258,
9780,1955,951,1004,3420,1704,1716,3909,1867,2042,3419,1646,1773,1953,933,1020,488,230,258,
9785,1955,951,1004,3422,1705,1717,3909,1867,2042,3420,1647,1773,1953,933,1020,489,230,259,
9790,1957,953,1004,3423,1705,1718,3912,1868,2044,3422,1648,1774,1955,935,1020,489,230,259,
9795,1958,954,1004,3424,1706,1718,3913,1869,2044,3424,1649,1775,1956,935,1021,489,230,259,
9800,1959,955,1004,3427,1708,1719,3917,1871,2046,3426,1650,1776,1957,935,1022,489,230,259,
9805,1959,955,1004,3429,1708,1721,3917,1871,2046,3427,1650,1777,1957,935,1022,490,230,260,
9810,1961,956,1005,3430,1708,1722,3920,1873,2047,3429,1651,1778,1959,935,1024,490,230,260,
9815,1962,957,1005,3431,1708,1723,3921,1873,2048,3431,1652,1779,1960,935,1025,490,230,260,
9820,1963,958,1005,3434,1708,1726,3925,1873,2052,3433,1652,1781,1961,935,1026,490,230,260,
9825,1963,958,1005,3436,1709,1727,3925,1873,2052,3434,1653,1781,1961,935,1026,491,231,260,
9830,1965,960,1005,3437,1709,1728,3928,1875,2053,3436,1654,1782,1963,937,1026,491,231,260,
9835,1966,961,1005,3438,1710,1728,3929,1875,2054,3438,1655,1783,1964,937,1027,491,231,260,
9840,1967,962,1005,3441,1712,1729,3933,1876,2057,3440,1655,1785,1965,937,1028,491,231,260,
9845,1967,962,1005,3443,1712,1731,3933,1876,2057,3441,1655,1786,1965,937,1028,492,231,261,
9850,1969,964,1005,3444,1713,1731,3936,1878,2058,3443,1656,1787,1967,938,1029,492,231,261,
9855,1970,965,1005,3445,1713,1732,3937,1878,2059,3445,1658,1787,1968,938,1030,492,231,261,
9860,1971,966,1005,3448,1713,1735,3941,1879,2062,3447,1659,1788,1969,938,1031,492,231,261,
9865,1971,966,1005,3450,1714,1736,3941,1879,2062,3448,1659,1789,1969,938,1031,493,231,262,
9870,1973,967,1006,3451,1714,1737,3944,1881,2063,3450,1660,1790,1971,938,1033,493,231,262,
9875,1974,967,1007,3452,1714,1738,3945,1881,2064,3452,1661,1791,1972,938,1034,493,231,262,
9880,1975,967,1008,3455,1714,1741,3949,1884,2065,3454,1661,1793,1973,938,1035,493,231,262,
9885,1975,967,1008,3457,1715,1742,3949,1884,2065,3455,1661,1794,1973,938,1035,494,232,262,
9890,1977,968,1009,3458,1716,1742,3952,1886,2066,3457,1662,1795,1975,940,1035,494,232,262,
9895,1978,969,1009,3459,1717,1742,3953,1886,2067,3459,1662,1797,1976,941,1035,494,232,262,
9900,1979,969,1010,3462,1720,1742,3957,1888,2069,3461,1663,1798,1977,941,1036,494,232,262,
9905,1979,969,1010,3464,1722,1742,3957,1888,2069,3462,1663,1799,1977,941,1036,495,232,263,
9910,1981,970,1011,3465,1723,1742,3960,1888,2072,3464,1664,1800,1979,943,1036,495,232,263,
9915,1982,971,1011,3466,1724,1742,3961,1889,2072,3466,1664,1802,1980,944,1036,495,232,263,
9920,1983,972,1011,3469,1725,1744,3965,1892,2073,3468,1665,1803,1981,945,1036,495,232,263,
9925,1983,972,1011,3471,1727,1744,3965,1892,2073,3469,1666,1803,1981,945,1036,496,233,263,
9930,1985,974,1011,3472,1727,1745,3968,1893,2075,3471,1666,1805,1983,946,1037,496,233,263,
9935,1986,974,1012,3473,1728,1745,3969,1893,2076,3473,1668,1805,1984,946,1038,496,233,263,
9940,1987,975,1012,3476,1729,1747,3973,1896,2077,3475,1669,1806,1985,946,1039,496,233,263,
9945,1987,975,1012,3478,1729,1749,3973,1896,2077,3476,1669,1807,1985,946,1039,497,233,264,
9950,1989,977,1012,3479,1730,1749,3976,1897,2079,3478,1670,1808,1987,947,1040,497,233,264,
9955,1990,977,1013,3480,1730,1750,3977,1898,2079,3480,1672,1808,1988,947,1041,497,233,264,
9960,1991,977,1014,3483,1730,1753,3981,1899,2082,3482,1672,1810,1989,948,1041,497,233,264,
9965,1991,977,1014,3485,1732,1753,3981,1899,2082,3483,1672,1811,1989,948,1041,498,233,265,
9970,1993,977,1016,3486,1733,1753,3984,1900,2084,3485,1672,1813,1991,949,1042,498,233,265,
9975,1994,978,1016,3487,1734,1753,3985,1901,2084,3487,1673,1814,1992,950,1042,498,233,265,
9980,1995,978,1017,3490,1736,1754,3989,1902,2087,3489,1674,1815,1993,950,1043,498,233,265,
9985,1995,978,1017,3492,1737,1755,3989,1902,2087,3490,1674,1816,1993,950,1043,499,233,266,
9990,1997,979,1018,3493,1737,1756,3992,1903,2089,3492,1674,1818,1995,952,1043,499,233,266,
9995,1998,979,1019,3494,1737,1757,3993,1904,2089,3494,1675,1819,1996,953,1043,499,233,266,
10000,1999,979,1020,3497,1740,1757,3997,1907,2090,3496,1676,1820,1997,953,1044,499,233,266,
10005,1999,979,1020,3499,1741,1758,3997,1907,2090,3497,1676,1821,1997,953,1044,500,234,266,
10010,2001,980,1021,3500,1741,1759,4000,1908,2092,3499,1677,1822,1999,955,1044,500,234,266,
10015,2002,981,1021,3501,1742,1759,4001,1908,2093,3501,1678,1823,2000,955,1045,500,234,266,
10020,2003,981,1022,3504,1745,1759,4005,1910,2095,3503,1679,1824,2001,955,1046,500,234,266,
10025,2003,981,1022,3506,1746,1760,4005,1910,2095,3504,1680,1824,2001,955,1046,501,235,266,
10030,2005,982,1023,3507,1746,1761,4008,1912,2096,3506,1681,1825,2003,955,1048,501,235,266,
10035,2006,982,1024,3508,1747,1761,4009,1912,2097,3508,1682,1826,2004,956,1048,501,235,266,
10040,2007,982,1025,3511,1749,1762,4013,1914,2099,3510,1684,1826,2005,956,1049,501,235,266,
10045,2007,982,1025,3513,1750,1763,4013,1914,2099,3511,1685,1826,2005,956,1049,502,236,266,
10050,2009,983,1026,3514,1750,1764,4016,1915,2101,3513,1686,1827,2007,957,1050,502,236,266,
10055,2010,984,1026,3515,1751,1764,4017,1915,2102,3515,1687,1828,2008,957,1051,502,236,266,
10060,2011,985,1026,3518,1753,1765,4021,1916,2105,3517,1689,1828,2009,958,1051,502,236,266,
10065,2011,985,1026,3520,1754,1766,4021,1916,2105,3518,1689,1829,2009,958,1051,503,237,266,
10070,2013,985,1028,3521,1754,1767,4024,1918,2106,3520,1690,1830,2011,960,1051,503,237,266,
10075,2014,985,1029,3522,1754,1768,4025,1919,2106,3522,1692,1830,2012,960,1052,503,237,266,
10080,2015,986,1029,3525,1757,1768,4029,1922,2107,3524,1692,1832,2013,960,1053,503,237,266,
10085,2015,986,1029,3527,1759,1768,4029,1922,2107,3525,1692,1833,2013,960,1053,504,238,266,
10090,2017,987,1030,3528,1760,1768,4032,1922,2110,3527,1694,1833,2015,962,1053,504,238,266,
10095,2018,988,1030,3529,1761,1768,4033,1923,2110,3529,1695,1834,2016,963,1053,504,238,266,
10100,2019,988,1031,3532,1763,1769,4037,1927,2110,3531,1697,1834,2017,963,1054,504,238,266,
10105,2019,988,1031,3534,1763,1771,4037,1927,2110,3532,1698,1834,2017,963,1054,505,239,266,
10110,2021,990,1031,3535,1763,1772,4040,1929,2111,3534,1699,1835,2019,963,1056,505,239,266,
10115,2022,991,1031,3536,1764,1772,4041,1930,2111,3536,1699,1837,2020,963,1057,505,239,266,
10120,2023,991,1032,3539,1767,1772,4045,1934,2111,3538,1699,1839,2021,964,1057,505,239,266,
10125,2023,991,1032,3541,1769,1772,4045,1934,2111,3539,1700,1839,2021,964,1057,506,240,266,
10130,2025,993,1032,3542,1770,1772,4048,1934,2114,3541,1702,1839,2023,964,1059,506,240,266,
10135,2026,994,1032,3543,1770,1773,4049,1935,2114,3543,1703,1840,2024,965,1059,506,240,266,
10140,2027,994,1033,3546,1771,1775,4053,1937,2116,3545,1703,1842,2025,965,1060,506,240,266,
10145,2027,994,1033,3548,1771,1777,4053,1937,2116,3546,1704,1842,2025,965,1060,507,240,267,
10150,2029,995,1034,3549,1771,1778,4056,1938,2118,3548,1706,1842,2027,966,1061,507,240,267,
10155,2030,996,1034,3550,1771,1779,4057,1938,2119,3550,1708,1842,2028,967,1061,507,240,267,
10160,2031,997,1034,3553,1774,1779,4061,1940,2121,3552,1708,1844,2029,967,1062,507,240,267,
10165,2031,997,1034,3555,1775,1780,4061,1940,2121,3553,1708,1845,2029,967,1062,508,241,267,
10170,2033,998,1035,3556,1776,1780,4064,1941,2123,3555,1709,1846,2031,968,1063,508,241,267,
10175,2034,999,1035,3557,1777,1780,4065,1942,2123,3557,1711,1846,2032,968,1064,508,241,267,
10180,2035,1000,1035,3560,1777,1783,4069,1943,2126,3559,1713,1846,2033,969,1064,508,241,267,
10185,2035,1000,1035,3562,1777,1785,4069,1943,2126,3560,1713,1847,2033,969,1064,509,242,267,
10190,2037,1000,1037,3563,1778,1785,4072,1945,2127,3562,1714,1848,2035,970,1065,509,242,267,
10195,2038,1001,1037,3564,1779,1785,4073,1946,2127,3564,1714,1850,2036,971,1065,509,242,267,
10200,2039,1002,1037,3567,1780,1787,4077,1948,2129,3566,1715,1851,2037,971,1066,509,242,267,
10205,2039,1002,1037,3569,1781,1788,4077,1948,2129,3567,1715,1852,2037,971,1066,510,242,268,
10210,2041,1003,1038,3570,1781,1789,4080,1948,2132,3569,1716,1853,2039,971,1068,510,242,268,
10215,2042,1003,1039,3571,1782,1789,4081,1948,2133,3571,1718,1853,2040,971,1069,510,242,268,
10220,2043,1004,1039,3574,1784,1790,4085,1952,2133,3573,1719,1854,2041,972,1069,510,242,268,
10225,2043,1004,1039,3576,1785,1791,4085,1952,2133,3574,1720,1854,2041,972,1069,511,242,269,
10230,2045,1006,1039,3577,1785,1792,4088,1954,2134,3576,1721,1855,2043,972,1071,511,242,269,
10235,2046,1006,1040,3578,1786,1792,4089,1955,2134,3578,1722,1856,2044,972,1072,511,242,269,
10240,2047,1007,1040,3581,1788,1793,4093,1956,2137,3580,1724,1856,2045,972,1073,511,242,269,
10245,2047,1007,1040,3583,1790,1793,4093,1956,2137,3581,1725,1856,2045,972,1073,512,242,270,
10250,2049,1008,1041,3584,1791,1793,4096,1959,2137,3583,1726,1857,2047,973,1074,512,242,270,
10255,2050,1008,1042,3585,1792,1793,4097,1959,2138,3585,1727,1858,2048,974,1074,512,242,270,
10260,2051,1008,1043,3588,1794,1794,4101,1960,2141,3587,1727,1860,2049,974,1075,512,242,270,
10265,2051,1008,1043,3590,1794,1796,4101,1960,2141,3588,1728,1860,2049,974,1075,513,242,271,
10270,2053,1009,1044,3591,1795,1796,4104,1961,2143,3590,1728,1862,2051,975,1076,513,242,271,
10275,2054,1010,1044,3592,1796,1796,4105,1962,2143,3592,1729,1863,2052,975,1077,513,242,271,
10280,2055,1010,1045,3595,1797,1798,4109,1963,2146,3594,1730,1864,2053,976,1077,513,242,271,
10285,2055,1010,1045,3597,1797,1800,4109,1963,2146,3595,1731,1864,2053,976,1077,514,242,272,
10290,2057,1011,1046,3598,1798,1800,4112,1963,2149,3597,1732,1865,2055,976,1079,514,242,272,
10295,2058,1011,1047,3599,1798,1801,4113,1964,2149,3599,1733,1866,2056,977,1079,514,242,272,
10300,2059,1011,1048,3602,1799,1803,4117,1966,2151,3601,1734,1867,2057,978,1079,514,242,272,
10305,2059,1011,1048,3604,1799,1805,4117,1966,2151,3602,1734,1868,2057,978,1079,515,243,272,
10310,2061,1013,1048,3605,1799,1806,4120,1968,2152,3604,1734,1870,2059,979,1080,515,243,272,
10315,2062,1013,1049,3606,1800,1806,4121,1969,2152,3606,1735,1871,2060,979,1081,515,243,272,
10320,2063,1014,1049,3609,1803,1806,4125,1971,2154,3608,1736,1872,2061,980,1081,515,243,272,
10325,2063,1014,1049,3611,1805,1806,4125,1971,2154,3609,1736,1873,2061,980,1081,516,244,272,
10330,2065,1016,1049,3612,1805,1807,4128,1973,2155,3611,1738,1873,2063,982,1081,516,244,272,
10335,2066,1016,1050,3613,1805,1808,4129,1973,2156,3613,1738,1875,2064,983,1081,516,244,272,
10340,2067,1017,1050,3616,1808,1808,4133,1976,2157,3615,1738,1877,2065,984,1081,516,244,272,
10345,2067,1017,1050,3618,1809,1809,4133,1976,2157,3616,1738,1878,2065,984,1081,517,245,272,
10350,2069,1017,1052,3619,1810,1809,4136,1979,2157,3618,1740,1878,2067,985,1082,517,245,272,
10355,2070,1018,1052,3620,1811,1809,4137,1979,2158,3620,1741,1879,2068,985,1083,517,245,272,
10360,2071,1019,1052,3623,1811,1812,4141,1981,2160,3622,1742,1880,2069,985,1084,517,245,272,
10365,2071,1019,1052,3625,1813,1812,4141,1981,2160,3623,1742,1881,2069,985,1084,518,246,272,
10370,2073,1020,1053,3626,1814,1812,4144,1982,2162,3625,1744,1881,2071,987,1084,518,246,272,
10375,2074,1020,1054,3627,1814,1813,4145,1983,2162,3627,1745,1882,2072,987,1085,518,246,272,
10380,2075,1021,1054,3630,1816,1814,4149,1984,2165,3629,1745,1884,2073,988,1085,518,246,272,
10385,2075,1021,1054,3632,1817,1815,4149,1984,2165,3630,1745,1885,2073,988,1085,519,246,273,
10390,2077,1022,1055,3633,1818,1815,4152,1987,2165,3632,1746,1886,2075,989,1086,519,246,273,
10395,2078,1023,1055,3634,1818,1816,4153,1988,2165,3634,1747,1887,2076,990,1086,519,246,273,
10400,2079,1023,1056,3637,1819,1818,4157,1991,2166,3636,1749,1887,2077,990,1087,519,246,273,
10405,2079,1023,1056,3639,1820,1819,4157,1991,2166,3637,1750,1887,2077,990,1087,520,247,273,
10410,2081,1024,1057,3640,1820,1820,4160,1992,2168,3639,1752,1887,2079,990,1089,520,247,273,
10415,2082,1025,1057,3641,1821,1820,4161,1992,2169,3641,1753,1888,2080,991,1089,520,247,273,
10420,2083,1026,1057,3644,1824,1820,4165,1996,2169,3643,1754,1889,2081,992,1089,520,247,273,
10425,2083,1026,1057,3646,1825,1821,4165,1996,2169,3644,1755,1889,2081,992,1089,521,247,274,
10430,2085,1027,1058,3647,1825,1822,4168,1999,2169,3646,1756,1890,2083,993,1090,521,247,274,
10435,2086,1028,1058,3648,1826,1822,4169,1999,2170,3648,1758,1890,2084,994,1090,521,247,274,
10440,2087,1028,1059,3651,1827,1824,4173,2001,2172,3650,1760,1890,2085,994,1091,521,247,274,
10445,2087,1028,1059,3653,1827,1826,4173,2001,2172,3651,1760,1891,2085,994,1091,522,247,275,
10450,2089,1030,1059,3654,1827,1827,4176,2002,2174,3653,1761,1892,2087,994,1093,522,247,275,
10455,2090,1030,1060,3655,1827,1828,4177,2003,2174,3655,1762,1893,2088,994,1094,522,247,275,
10460,2091,1031,1060,3658,1827,1831,4181,2005,2176,3657,1762,1895,2089,994,1095,522,247,275,
10465,2091,1031,1060,3660,1829,1831,4181,2005,2176,3658,1762,1896,2089,994,1095,523,247,276,
10470,2093,1032,1061,3661,1829,1832,4184,2008,2176,3660,1762,1898,2091,995,1096,523,247,276,
10475,2094,1033,1061,3662,1830,1832,4185,2009,2176,3662,1764,1898,2092,996,1096,523,247,276,
10480,2095,1033,1062,3665,1832,1833,4189,2011,2178,3664,1765,1899,2093,996,1097,523,247,276,
10485,2095,1033,1062,3667,1833,1834,4189,2011,2178,3665,1766,1899,2093,996,1097,524,247,277,
10490,2097,1035,1062,3668,1833,1835,4192,2013,2179,3667,1766,1901,2095,996,1099,524,247,277,
10495,2098,1036,1062,3669,1834,1835,4193,2014,2179,3669,1766,1903,2096,996,1100,524,247,277,
10500,2099,1036,1063,3672,1835,1837,4197,2016,2181,3671,1768,1903,2097,997,1100,524,247,277,
10505,2099,1036,1063,3674,1836,1838,4197,2016,2181,3672,1769,1903,2097,997,1100,525,247,278,
10510,2101,1037,1064,3675,1836,1839,4200,2017,2183,3674,1769,1905,2099,998,1101,525,247,278,
10515,2102,1037,1065,3676,1836,1840,4201,2017,2184,3676,1771,1905,2100,999,1101,525,247,278,
10520,2103,1037,1066,3679,1838,1841,4205,2019,2186,3678,1772,1906,2101,999,1102,525,247,278,
10525,2103,1037,1066,3681,1840,1841,4205,2019,2186,3679,1773,1906,2101,999,1102,526,247,279,
10530,2105,1038,1067,3682,1841,1841,4208,2020,2188,3681,1774,1907,2103,1000,1103,526,247,279,
10535,2106,1039,1067,3683,1842,1841,4209,2020,2189,3683,1775,1908,2104,1000,1104,526,247,279,
10540,2107,1040,1067,3686,1845,1841,4213,2022,2191,3685,1776,1909,2105,1000,1105,526,247,279,
10545,2107,1040,1067,3688,1846,1842,4213,2022,2191,3686,1776,1910,2105,1000,1105,527,247,280,
10550,2109,1040,1069,3689,1846,1843,4216,2024,2192,3688,1778,1910,2107,1002,1105,527,247,280,
10555,2110,1041,1069,3690,1847,1843,4217,2024,2193,3690,1780,1910,2108,1002,1106,527,247,280,
10560,2111,1041,1070,3693,1848,1845,4221,2026,2195,3692,1780,1912,2109,1002,1107,527,247,280,
10565,2111,1041,1070,3695,1848,1847,4221,2026,2195,3693,1781,1912,2109,1002,1107,528,248,280,
10570,2113,1042,1071,3696,1849,1847,4224,2028,2196,3695,1781,1914,2111,1003,1108,528,248,280,
10575,2114,1043,1071,3697,1850,1847,4225,2028,2197,3697,1781,1916,2112,1004,1108,528,248,280,
10580,2115,1043,1072,3700,1853,1847,4229,2029,2200,3699,1781,1918,2113,1005,1108,528,248,280,
10585,2115,1043,1072,3702,1855,1847,4229,2029,2200,3700,1781,1919,2113,1005,1108,529,249,280,
10590,2117,1044,1073,3703,1855,1848,4232,2031,2201,3702,1781,1921,2115,1007,1108,529,249,280,
10595,2118,1045,1073,3704,1856,1848,4233,2032,2201,3704,1782,1922,2116,1007,1109,529,249,280,
10600,2119,1045,1074,3707,1857,1850,4237,2035,2202,3706,1784,1922,2117,1007,1110,529,249,280,
10605,2119,1045,1074,3709,1858,1851,4237,2035,2202,3707,1784,1923,2117,1007,1110,530,249,281,
10610,2121,1046,1075,3710,1858,1852,4240,2038,2202,3709,1786,1923,2119,1008,1111,530,249,281,
10615,2122,1047,1075,3711,1858,1853,4241,2038,2203,3711,1786,1925,2120,1008,1112,530,249,281,
10620,2123,1047,1076,3714,1859,1855,4245,2039,2206,3713,1787,1926,2121,1009,1112,530,249,281,
10625,2123,1047,1076,3716,1861,1855,4245,2039,2206,3714,1788,1926,2121,1009,1112,531,250,281,
10630,2125,1048,1077,3717,1861,1856,4248,2040,2208,3716,1789,1927,2123,1010,1113,531,250,281,
10635,2126,1048,1078,3718,1861,1857,4249,2041,2208,3718,1790,1928,2124,1011,1113,531,250,281,
10640,2127,1048,1079,3721,1863,1858,4253,2043,2210,3720,1792,1928,2125,1011,1114,531,250,281,
10645,2127,1048,1079,3723,1864,1859,4253,2043,2210,3721,1793,1928,2125,1011,1114,532,251,281,
10650,2129,1048,1081,3724,1865,1859,4256,2043,2213,3723,1794,1929,2127,1012,1115,532,251,281,
10655,2130,1048,1082,3725,1865,1860,4257,2043,2214,3725,1795,1930,2128,1013,1115,532,251,281,
10660,2131,1048,1083,3728,1865,1863,4261,2046,2215,3727,1795,1932,2129,1014,1115,532,251,281,
10665,2131,1048,1083,3730,1866,1864,4261,2046,2215,3728,1795,1933,2129,1014,1115,533,251,282,
10670,2133,1049,1084,3731,1867,1864,4264,2047,2217,3730,1797,1933,2131,1016,1115,533,251,282,
10675,2134,1049,1085,3732,1867,1865,4265,2048,2217,3732,1797,1935,2132,1016,1116,533,251,282,
10680,2135,1049,1086,3735,1868,1867,4269,2049,2220,3734,1799,1935,2133,1016,1117,533,251,282,
10685,2135,1049,1086,3737,1868,1869,4269,2049,2220,3735,1799,1936,2133,1016,1117,534,252,282,
10690,2137,1050,1087,3738,1868,1870,4272,2051,2221,3737,1801,1936,2135,1018,1117,534,252,282,
10695,2138,1051,1087,3739,1868,1871,4273,2052,2221,3739,1802,1937,2136,1019,1117,534,252,282,
10700,2139,1051,1088,3742,1870,1872,4277,2052,2225,3741,1803,1938,2137,1020,1117,534,252,282,
10705,2139,1051,1088,3744,1872,1872,4277,2052,2225,3742,1804,1938,2137,1020,1117,535,253,282,
10710,2141,1051,1090,3745,1872,1873,4280,2053,2227,3744,1805,1939,2139,1020,1119,535,253,282,
10715,2142,1051,1091,3746,1872,1874,4281,2054,2227,3746,1807,1939,2140,1021,1119,535,253,282,
10720,2143,1051,1092,3749,1872,1877,4285,2055,2230,3748,1807,1941,2141,1022,1119,535,253,282,
10725,2143,1051,1092,3751,1873,1878,4285,2055,2230,3749,1808,1941,2141,1022,1119,536,254,282,
10730,2145,1051,1094,3752,1874,1878,4288,2058,2230,3751,1809,1942,2143,1022,1121,536,254,282,
10735,2146,1052,1094,3753,1874,1879,4289,2058,2231,3753,1809,1944,2144,1023,1121,536,254,282,
10740,2147,1052,1095,3756,1877,1879,4293,2059,2234,3755,1810,1945,2145,1023,1122,536,254,282,
10745,2147,1052,1095,3758,1878,1880,4293,2059,2234,3756,1810,1946,2145,1023,1122,537,254,283,
10750,2149,1054,1095,3759,1879,1880,4296,2061,2235,3758,1810,1948,2147,1024,1123,537,254,283,
10755,2150,1054,1096,3760,1879,1881,4297,2061,2236,3760,1811,1949,2148,1025,1123,537,254,283,
10760,2151,1054,1097,3763,1881,1882,4301,2064,2237,3762,1812,1950,2149,1025,1124,537,254,283,
10765,2151,1054,1097,3765,1882,1883,4301,2064,2237,3763,1812,1951,2149,1025,1124,538,254,284,
10770,2153,1055,1098,3766,1882,1884,4304,2066,2238,3765,1813,1952,2151,1026,1125,538,254,284,
10775,2154,1055,1099,3767,1883,1884,4305,2066,2239,3767,1815,1952,2152,1027,1125,538,254,284,
10780,2155,1055,1100,3770,1885,1885,4309,2068,2241,3769,1816,1953,2153,1027,1126,538,254,284,
10785,2155,1055,1100,3772,1885,1887,4309,2068,2241,3770,1816,1954,2153,1027,1126,539,254,285,
10790,2157,1056,1101,3773,1885,1888,4312,2068,2244,3772,1816,1956,2155,1029,1126,539,254,285,
10795,2158,1056,1102,3774,1885,1889,4313,2069,2244,3774,1817,1957,2156,1030,1126,539,254,285,
10800,2159,1056,1103,3777,1886,1891,4317,2071,2246,3776,1817,1959,2157,1030,1127,539,254,285,
10805,2159,1056,1103,3779,1886,1893,4317,2071,2246,3777,1817,1960,2157,1030,1127,540,254,286,
10810,2161,1057,1104,3780,1886,1894,4320,2072,2248,3779,1818,1961,2159,1031,1128,540,254,286,
10815,2162,1057,1105,3781,1886,1895,4321,2073,2248,3781,1819,1962,2160,1031,1129,540,254,286,
10820,2163,1057,1106,3784,1887,1897,4325,2076,2249,3783,1820,1963,2161,1031,1130,540,254,286,
10825,2163,1057,1106,3786,1889,1897,4325,2076,2249,3784,1821,1963,2161,1031,1130,541,255,286,
10830,2165,1058,1107,3787,1889,1898,4328,2077,2251,3786,1821,1965,2163,1031,1132,541,255,286,
10835,2166,1058,1108,3788,1890,1898,4329,2078,2251,3788,1822,1966,2164,1031,1133,541,255,286,
10840,2167,1058,1109,3791,1893,1898,4333,2080,2253,3790,1822,1968,2165,1031,1134,541,255,286,
10845,2167,1058,1109,3793,1893,1900,4333,2080,2253,3791,1823,1968,2165,1031,1134,542,255,287,
10850,2169,1060,1109,3794,1894,1900,4336,2081,2255,3793,1823,1970,2167,1032,1135,542,255,287,
10855,2170,1060,1110,3795,1895,1900,4337,2081,2256,3795,1825,1970,2168,1032,1136,542,255,287,
10860,2171,1060,1111,3798,1898,1900,4341,2083,2258,3797,1825,1972,2169,1033,1136,542,255,287,
10865,2171,1060,1111,3800,1899,1901,4341,2083,2258,3798,1826,1972,2169,1033,1136,543,256,287,
10870,2173,1061,1112,3801,1899,1902,4344,2085,2259,3800,1827,1973,2171,1034,1137,543,256,287,
10875,2174,1061,1113,3802,1899,1903,4345,2085,2260,3802,1829,1973,2172,1035,1137,543,256,287,
10880,2175,1062,1113,3805,1900,1905,4349,2087,2262,3804,1829,1975,2173,1035,1138,543,256,287,
10885,2175,1062,1113,3807,1902,1905,4349,2087,2262,3805,1830,1975,2173,1035,1138,544,256,288,
10890,2177,1062,1115,3808,1902,1906,4352,2088,2264,3807,1831,1976,2175,1036,1139,544,256,288,
10895,2178,1063,1115,3809,1902,1907,4353,2088,2265,3809,1833,1976,2176,1036,1140,544,256,288,
10900,2179,1063,1116,3812,1904,1908,4357,2089,2268,3811,1835,1976,2177,1036,1141,544,256,288,
10905,2179,1063,1116,3814,1905,1909,4357,2089,2268,3812,1835,1977,2177,1036,1141,545,257,288,
10910,2181,1064,1117,3815,1905,1910,4360,2091,2269,3814,1837,1977,2179,1037,1142,545,257,288,
10915,2182,1064,1118,3816,1906,1910,4361,2092,2269,3816,1837,1979,2180,1037,1143,545,257,288,
10920,2183,1064,1119,3819,1909,1910,4365,2094,2271,3818,1838,1980,2181,1038,1143,545,257,288,
10925,2183,1064,1119,3821,1910,1911,4365,2094,2271,3819,1839,1980,2181,1038,1143,546,258,288,
10930,2185,1066,1119,3822,1911,1911,4368,2095,2273,3821,1840,1981,2183,1038,1145,546,258,288,
10935,2186,1067,1119,3823,1912,1911,4369,2095,2274,3823,1840,1983,2184,1039,1145,546,258,288,
10940,2187,1067,1120,3826,1913,1913,4373,2096,2277,3825,1842,1983,2185,1039,1146,546,258,288,
10945,2187,1067,1120,3828,1914,1914,4373,2096,2277,3826,1842,1984,2185,1039,1146,547,258,289,
10950,2189,1068,1121,3829,1914,1915,4376,2099,2277,3828,1842,1986,2187,1040,1147,547,258,289,
10955,2190,1068,1122,3830,1915,1915,4377,2100,2277,3830,1843,1987,2188,1041,1147,547,258,289,
10960,2191,1068,1123,3833,1917,1916,4381,2101,2280,3832,1843,1989,2189,1042,1147,547,258,289,
10965,2191,1068,1123,3835,1918,1917,4381,2101,2280,3833,1844,1989,2189,1042,1147,548,258,290,
10970,2193,1070,1123,3836,1918,1918,4384,2103,2281,3835,1845,1990,2191,1042,1149,548,258,290,
10975,2194,1071,1123,3837,1919,1918,4385,2103,2282,3837,1846,1991,2192,1042,1150,548,258,290,
10980,2195,1072,1123,3840,1919,1921,4389,2105,2284,3839,1847,1992,2193,1043,1150,548,258,290,
10985,2195,1072,1123,3842,1920,1922,4389,2105,2284,3840,1848,1992,2193,1043,1150,549,258,291,
10990,2197,1073,1124,3843,1920,1923,4392,2106,2286,3842,1849,1993,2195,1045,1150,549,258,291,
10995,2198,1073,1125,3844,1920,1924,4393,2107,2286,3844,1850,1994,2196,1045,1151,549,258,291,
11000,2199,1073,1126,3847,1921,1926,4397,2110,2287,3846,1851,1995,2197,1045,1152,549,258,291,
11005,2199,1073,1126,3849,1921,1928,4397,2110,2287,3847,1852,1995,2197,1045,1152,550,259,291,
11010,2201,1074,1127,3850,1921,1929,4400,2113,2287,3849,1853,1996,2199,1046,1153,550,259,291,
11015,2202,1075,1127,3851,1922,1929,4401,2114,2287,3851,1853,1998,2200,1046,1154,550,259,291,
11020,2203,1076,1127,3854,1924,1930,4405,2115,2290,3853,1855,1998,2201,1047,1154,550,259,291,
11025,2203,1076,1127,3856,1924,1932,4405,2115,2290,3854,1856,1998,2201,1047,1154,551,260,291,
11030,2205,1078,1127,3857,1925,1932,4408,2116,2292,3856,1857,1999,2203,1048,1155,551,260,291,
11035,2206,1079,1127,3858,1926,1932,4409,2116,2293,3858,1857,2001,2204,1049,1155,551,260,291,
11040,2207,1080,1127,3861,1929,1932,4413,2117,2296,3860,1858,2002,2205,1049,1156,551,260,291,
11045,2207,1080,1127,3863,1930,1933,4413,2117,2296,3861,1859,2002,2205,1049,1156,552,261,291,
11050,2209,1081,1128,3864,1931,1933,4416,2118,2298,3863,1860,2003,2207,1051,1156,552,261,291,
11055,2210,1082,1128,3865,1931,1934,4417,2119,2298,3865,1861,2004,2208,1051,1157,552,261,291,
11060,2211,1083,1128,3868,1933,1935,4421,2121,2300,3867,1861,2006,2209,1051,1158,552,261,291,
11065,2211,1083,1128,3870,1934,1936,4421,2121,2300,3868,1861,2007,2209,1051,1158,553,261,292,
11070,2213,1084,1129,3871,1934,1937,4424,2124,2300,3870,1861,2009,2211,1051,1160,553,261,292,
11075,2214,1084,1130,3872,1935,1937,4425,2125,2300,3872,1861,2011,2212,1052,1160,553,261,292,
11080,2215,1085,1130,3875,1936,1939,4429,2126,2303,3874,1861,2013,2213,1053,1160,553,261,292,
11085,2215,1085,1130,3877,1938,1939,4429,2126,2303,3875,1862,2013,2213,1053,1160,554,262,292,
11090,2217,1086,1131,3878,1939,1939,4432,2128,2304,3877,1863,2014,2215,1055,1160,554,262,292,
11095,2218,1087,1131,3879,1939,1940,4433,2129,2304,3879,1865,2014,2216,1056,1160,554,262,292,
11100,2219,1087,1132,3882,1940,1942,4437,2132,2305,3881,1866,2015,2217,1056,1161,554,262,292,
11105,2219,1087,1132,3884,1942,1942,4437,2132,2305,3882,1867,2015,2217,1056,1161,555,263,292,
11110,2221,1088,1133,3885,1942,1943,4440,2134,2306,3884,1867,2017,2219,1056,1163,555,263,292,
11115,2222,1089,1133,3886,1942,1944,4441,2134,2307,3886,1869,2017,2220,1056,1164,555,263,292,
11120,2223,1089,1134,3889,1943,1946,4445,2136,2309,3888,1869,2019,2221,1056,1165,555,263,292,
11125,2223,1089,1134,3891,1944,1947,4445,2136,2309,3889,1869,2020,2221,1056,1165,556,263,293,
11130,2225,1091,1134,3892,1944,1948,4448,2137,2311,3891,1870,2021,2223,1057,1166,556,263,293,
11135,2226,1092,1134,3893,1945,1948,4449,2137,2312,3893,1870,2023,2224,1057,1167,556,263,293,
11140,2227,1092,1135,3896,1947,1949,4453,2139,2314,3895,1870,2025,2225,1058,1167,556,263,293,
11145,2227,1092,1135,3898,1948,1950,4453,2139,2314,3896,1870,2026,2225,1058,1167,557,264,293,
11150,2229,1093,1136,3899,1948,1951,4456,2139,2317,3898,1870,2028,2227,1058,1169,557,264,293,
11155,2230,1094,1136,3900,1948,1952,4457,2139,2318,3900,1872,2028,2228,1059,1169,557,264,293,
11160,2231,1095,1136,3903,1950,1953,4461,2139,2322,3902,1873,2029,2229,1059,1170,557,264,293,
11165,2231,1095,1136,3905,1951,1954,4461,2139,2322,3903,1873,2030,2229,1059,1170,558,264,294,
11170,2233,1096,1137,3906,1952,1954,4464,2141,2323,3905,1873,2032,2231,1060,1171,558,264,294,
11175,2234,1096,1138,3907,1952,1955,4465,2142,2323,3907,1874,2033,2232,1061,1171,558,264,294,
11180,2235,1096,1139,3910,1953,1957,4469,2144,2325,3909,1875,2034,2233,1062,1171,558,264,294,
11185,2235,1096,1139,3912,1955,1957,4469,2144,2325,3910,1876,2034,2233,1062,1171,559,265,294,
11190,2237,1097,1140,3913,1956,1957,4472,2145,2327,3912,1877,2035,2235,1064,1171,559,265,294,
11195,2238,1097,1141,3914,1957,1957,4473,2146,2327,3914,1878,2036,2236,1064,1172,559,265,294,
11200,2239,1097,1142,3917,1960,1957,4477,2146,2331,3916,1879,2037,2237,1064,1173,559,265,294,
11205,2239,1097,1142,3919,1961,1958,4477,2146,2331,3917,1879,2038,2237,1064,1173,560,266,294,
11210,2241,1098,1143,3920,1961,1959,4480,2147,2333,3919,1880,2039,2239,1065,1174,560,266,294,
11215,2242,1099,1143,3921,1961,1960,4481,2147,2334,3921,1880,2041,2240,1065,1175,560,266,294,
11220,2243,1099,1144,3924,1962,1962,4485,2149,2336,3923,1880,2043,2241,1065,1176,560,266,294,
11225,2243,1099,1144,3926,1962,1964,4485,2149,2336,3924,1880,2044,2241,1065,1176,561,267,294,
11230,2245,1099,1146,3927,1962,1965,4488,2150,2338,3926,1881,2045,2243,1066,1177,561,267,294,
11235,2246,1099,1147,3928,1962,1966,4489,2151,2338,3928,1881,2047,2244,1066,1178,561,267,294,
11240,2247,1100,1147,3931,1965,1966,4493,2152,2341,3930,1882,2048,2245,1066,1179,561,267,294,
11245,2247,1100,1147,3933,1965,1968,4493,2152,2341,3931,1883,2048,2245,1066,1179,562,268,294,
11250,2249,1101,1148,3934,1966,1968,4496,2154,2342,3933,1884,2049,2247,1068,1179,562,268,294,
11255,2250,1101,1149,3935,1966,1969,4497,2154,2343,3935,1884,2051,2248,1069,1179,562,268,294,
11260,2251,1102,1149,3938,1967,1971,4501,2155,2346,3937,1886,2051,2249,1070,1179,562,268,294,
11265,2251,1102,1149,3940,1968,1972,4501,2155,2346,3938,1887,2051,2249,1070,1179,563,268,295,
11270,2253,1102,1151,3941,1968,1973,4504,2158,2346,3940,1888,2052,2251,1071,1180,563,268,295,
11275,2254,1102,1152,3942,1969,1973,4505,2158,2347,3942,1889,2053,2252,1071,1181,563,268,295,
11280,2255,1102,1153,3945,1970,1975,4509,2160,2349,3944,1890,2054,2253,1071,1182,563,268,295,
11285,2255,1102,1153,3947,1971,1976,4509,2160,2349,3945,1890,2055,2253,1071,1182,564,268,296,
11290,2257,1104,1153,3948,1972,1976,4512,2162,2350,3947,1891,2056,2255,1072,1183,564,268,296,
11295,2258,1105,1153,3949,1973,1976,4513,2163,2350,3949,1892,2057,2256,1072,1184,564,268,296,
11300,2259,1105,1154,3952,1974,1978,4517,2164,2353,3951,1893,2058,2257,1072,1185,564,268,296,
11305,2259,1105,1154,3954,1976,1978,4517,2164,2353,3952,1894,2058,2257,1072,1185,565,268,297,
11310,2261,1106,1155,3955,1977,1978,4520,2166,2354,3954,1895,2059,2259,1073,1186,565,268,297,
11315,2262,1107,1155,3956,1977,1979,4521,2166,2355,3956,1895,2061,2260,1074,1186,565,268,297,
11320,2263,1107,1156,3959,1978,1981,4525,2167,2358,3958,1896,2062,2261,1074,1187,565,268,297,
11325,2263,1107,1156,3961,1980,1981,4525,2167,2358,3959,1897,2062,2261,1074,1187,566,269,297,
11330,2265,1107,1158,3962,1981,1981,4528,2168,2360,3961,1898,2063,2263,1076,1187,566,269,297,
11335,2266,1108,1158,3963,1981,1982,4529,2168,2361,3963,1900,2063,2264,1076,1188,566,269,297,
11340,2267,1109,1158,3966,1981,1985,4533,2169,2364,3965,1901,2064,2265,1077,1188,566,269,297,
11345,2267,1109,1158,3968,1983,1985,4533,2169,2364,3966,1902,2064,2265,1077,1188,567,269,298,
11350,2269,1111,1158,3969,1984,1985,4536,2170,2366,3968,1903,2065,2267,1078,1189,567,269,298,
11355,2270,1112,1158,3970,1985,1985,4537,2170,2367,3970,1904,2066,2268,1079,1189,567,269,298,
11360,2271,1113,1158,3973,1986,1987,4541,2172,2369,3972,1904,2068,2269,1079,1190,567,269,298,
11365,2271,1113,1158,3975,1987,1988,4541,2172,2369,3973,1904,2069,2269,1079,1190,568,270,298,
11370,2273,1115,1158,3976,1988,1988,4544,2174,2370,3975,1905,2070,2271,1080,1191,568,270,298,
11375,2274,1116,1158,3977,1988,1989,4545,2175,2370,3977,1906,2071,2272,1081,1191,568,270,298,
11380,2275,1116,1159,3980,1989,1991,4549,2176,2373,3979,1906,2073,2273,1082,1191,568,270,298,
11385,2275,1116,1159,3982,1989,1993,4549,2176,2373,3980,1907,2073,2273,1082,1191,569,270,299,
11390,2277,1117,1160,3983,1990,1993,4552,2177,2375,3982,1908,2074,2275,1083,1192,569,270,299,
11395,2278,1118,1160,3984,1991,1993,4553,2177,2376,3984,1909,2075,2276,1083,1193,569,270,299,
11400,2279,1118,1161,3987,1994,1993,4557,2180,2377,3986,1911,2075,2277,1083,1194,569,270,299,
11405,2279,1118,1161,3989,1995,1994,4557,2180,2377,3987,1911,2076,2277,1083,1194,570,271,299,
11410,2281,1119,1162,3990,1995,1995,4560,2181,2379,3989,1913,2076,2279,1083,1196,570,271,299,
11415,2282,1119,1163,3991,1995,1996,4561,2182,2379,3991,1914,2077,2280,1084,1196,570,271,299,
11420,2283,1120,1163,3994,1996,1998,4565,2185,2380,3993,1915,2078,2281,1084,1197,570,271,299,
11425,2283,1120,1163,3996,1996,2000,4565,2185,2380,3994,1915,2079,2281,1084,1197,571,271,300,
11430,2285,1121,1164,3997,1996,2001,4568,2186,2382,3996,1915,2081,2283,1085,1198,571,271,300,
11435,2286,1122,1164,3998,1997,2001,4569,2186,2383,3998,1916,2082,2284,1086,1198,571,271,300,
11440,2287,1122,1165,4001,1998,2003,4573,2189,2384,4000,1917,2083,2285,1086,1199,571,271,300,
11445,2287,1122,1165,4003,1998,2005,4573,2189,2384,4001,1918,2083,2285,1086,1199,572,272,300,
11450,2289,1124,1165,4004,1998,2006,4576,2191,2385,4003,1919,2084,2287,1086,1201,572,272,300,
11455,2290,1124,1166,4005,1998,2007,4577,2192,2385,4005,1921,2084,2288,1086,1202,572,272,300,
11460,2291,1124,1167,4008,1999,2009,4581,2194,2387,4007,1922,2085,2289,1086,1203,572,272,300,
11465,2291,1124,1167,4010,1999,2011,4581,2194,2387,4008,1922,2086,2289,1086,1203,573,273,300,
11470,2293,1126,1167,4011,1999,2012,4584,2194,2390,4010,1924,2086,2291,1087,1204,573,273,300,
11475,2294,1126,1168,4012,2000,2012,4585,2194,2391,4012,1925,2087,2292,1088,1204,573,273,300,
11480,2295,1126,1169,4015,2001,2014,4589,2195,2394,4014,1927,2087,2293,1089,1204,573,273,300,
11485,2295,1126,1169,4017,2001,2016,4589,2195,2394,4015,1927,2088,2293,1089,1204,574,274,300,
11490,2297,1126,1171,4018,2002,2016,4592,2196,2396,4017,1929,2088,2295,1090,1205,574,274,300,
11495,2298,1126,1172,4019,2002,2017,4593,2196,2397,4019,1930,2089,2296,1090,1206,574,274,300,
11500,2299,1127,1172,4022,2003,2019,4597,2199,2398,4021,1930,2091,2297,1091,1206,574,274,300,
11505,2299,1127,1172,4024,2004,2020,4597,2199,2398,4022,1931,2091,2297,1091,1206,575,275,300,
11510,2301,1127,1174,4025,2005,2020,4600,2201,2399,4024,1932,2092,2299,1091,1208,575,275,300,
11515,2302,1127,1175,4026,2005,2021,4601,2201,2400,4026,1934,2092,2300,1091,1209,575,275,300,
11520,2303,1127,1176,4029,2007,2022,4605,2202,2403,4028,1935,2093,2301,1092,1209,575,275,300,
11525,2303,1127,1176,4031,2009,2022,4605,2202,2403,4029,1936,2093,2301,1092,1209,576,276,300,
11530,2305,1127,1178,4032,2010,2022,4608,2204,2404,4031,1936,2095,2303,1093,1210,576,276,300,
11535,2306,1127,1179,4033,2011,2022,4609,2205,2404,4033,1937,2096,2304,1094,1210,576,276,300,
11540,2307,1127,1180,4036,2013,2023,4613,2207,2406,4035,1937,2098,2305,1095,1210,576,276,300,
11545,2307,1127,1180,4038,2013,2025,4613,2207,2406,4036,1938,2098,2305,1095,1210,577,277,300,
11550,2309,1128,1181,4039,2014,2025,4616,2210,2406,4038,1939,2099,2307,1095,1212,577,277,300,
11555,2310,1129,1181,4040,2015,2025,4617,2210,2407,4040,1941,2099,2308,1095,1213,577,277,300,
11560,2311,1129,1182,4043,2016,2027,4621,2213,2408,4042,1943,2099,2309,1096,1213,577,277,300,
11565,2311,1129,1182,4045,2016,2029,4621,2213,2408,4043,1943,2100,2309,1096,1213,578,277,301,
11570,2313,1130,1183,4046,2016,2030,4624,2214,2410,4045,1944,2101,2311,1097,1214,578,277,301,
11575,2314,1131,1183,4047,2016,2031,4625,2214,2411,4047,1945,2102,2312,1098,1214,578,277,301,
11580,2315,1131,1184,4050,2018,2032,4629,2217,2412,4049,1946,2103,2313,1099,1214,578,277,301,
11585,2315,1131,1184,4052,2019,2033,4629,2217,2412,4050,1947,2103,2313,1099,1214,579,278,301,
11590,2317,1132,1185,4053,2020,2033,4632,2217,2415,4052,1948,2104,2315,1100,1215,579,278,301,
11595,2318,1133,1185,4054,2020,2034,4633,2217,2416,4054,1949,2105,2316,1101,1215,579,278,301,
11600,2319,1134,1185,4057,2020,2037,4637,2220,2417,4056,1951,2105,2317,1102,1215,579,278,301,
11605,2319,1134,1185,4059,2021,2038,4637,2220,2417,4057,1952,2105,2317,1102,1215,580,279,301,
11610,2321,1135,1186,4060,2022,2038,4640,2222,2418,4059,1952,2107,2319,1103,1216,580,279,301,
11615,2322,1136,1186,4061,2022,2039,4641,2223,2418,4061,1953,2108,2320,1103,1217,580,279,301,
11620,2323,1136,1187,4064,2025,2039,4645,2225,2420,4063,1955,2108,2321,1103,1218,580,279,301,
11625,2323,1136,1187,4066,2026,2040,4645,2225,2420,4064,1955,2109,2321,1103,1218,581,280,301,
11630,2325,1138,1187,4067,2026,2041,4648,2226,2422,4066,1956,2110,2323,1104,1219,581,280,301,
11635,2326,1139,1187,4068,2027,2041,4649,2226,2423,4068,1958,2110,2324,1105,1219,581,280,301,
11640,2327,1139,1188,4071,2029,2042,4653,2230,2423,4070,1959,2111,2325,1106,1219,581,280,301,
11645,2327,1139,1188,4073,2030,2043,4653,2230,2423,4071,1959,2112,2325,1106,1219,582,281,301,
11650,2329,1141,1188,4074,2031,2043,4656,2230,2426,4073,1959,2114,2327,1108,1219,582,281,301,
11655,2330,1141,1189,4075,2032,2043,4657,2231,2426,4075,1960,2115,2328,1109,1219,582,281,301,
11660,2331,1142,1189,4078,2032,2046,4661,2234,2427,4077,1961,2116,2329,1109,1220,582,281,301,
11665,2331,1142,1189,4080,2034,2046,4661,2234,2427,4078,1962,2116,2329,1109,1220,583,281,302,
11670,2333,1143,1190,4081,2035,2046,4664,2237,2427,4080,1962,2118,2331,1111,1220,583,281,302,
11675,2334,1144,1190,4082,2035,2047,4665,2237,2428,4082,1964,2118,2332,1111,1221,583,281,302,
11680,2335,1144,1191,4085,2035,2050,4669,2238,2431,4084,1965,2119,2333,1111,1222,583,281,302,
11685,2335,1144,1191,4087,2035,2052,4669,2238,2431,4085,1965,2120,2333,1111,1222,584,281,303,
11690,2337,1144,1193,4088,2035,2053,4672,2238,2434,4087,1967,2120,2335,1112,1223,584,281,303,
11695,2338,1145,1193,4089,2035,2054,4673,2239,2434,4089,1969,2120,2336,1113,1223,584,281,303,
11700,2339,1145,1194,4092,2037,2055,4677,2240,2437,4091,1969,2122,2337,1114,1223,584,281,303,
11705,2339,1145,1194,4094,2038,2056,4677,2240,2437,4092,1970,2122,2337,1114,1223,585,282,303,
11710,2341,1145,1196,4095,2039,2056,4680,2241,2439,4094,1971,2123,2339,1115,1224,585,282,303,
11715,2342,1145,1197,4096,2040,2056,4681,2242,2439,4096,1972,2124,2340,1116,1224,585,282,303,
11720,2343,1145,1198,4099,2042,2057,4685,2243,2442,4098,1973,2125,2341,1117,1224,585,282,303,
11725,2343,1145,1198,4101,2044,2057,4685,2243,2442,4099,1974,2125,2341,1117,1224,586,283,303,
11730,2345,1145,1200,4102,2044,2058,4688,2244,2444,4101,1976,2125,2343,1117,1226,586,283,303,
11735,2346,1145,1201,4103,2044,2059,4689,2244,2445,4103,1976,2127,2344,1117,1227,586,283,303,
11740,2347,1146,1201,4106,2046,2060,4693,2246,2447,4105,1976,2129,2345,1118,1227,586,283,303,
11745,2347,1146,1201,4108,2047,2061,4693,2246,2447,4106,1976,2130,2345,1118,1227,587,284,303,
11750,2349,1146,1203,4109,2047,2062,4696,2248,2448,4108,1978,2130,2347,1120,1227,587,284,303,
11755,2350,1147,1203,4110,2048,2062,4697,2249,2448,4110,1979,2131,2348,1121,1227,587,284,303,
11760,2351,1148,1203,4113,2050,2063,4701,2249,2452,4112,1980,2132,2349,1121,1228,587,284,303,
11765,2351,1148,1203,4115,2051,2064,4701,2249,2452,4113,1980,2133,2349,1121,1228,588,285,303,
11770,2353,1148,1205,4116,2052,2064,4704,2252,2452,4115,1982,2133,2351,1121,1230,588,285,303,
11775,2354,1149,1205,4117,2052,2065,4705,2253,2452,4117,1984,2133,2352,1122,1230,588,285,303,
11780,2355,1149,1206,4120,2052,2068,4709,2256,2453,4119,1985,2134,2353,1123,1230,588,285,303,
11785,2355,1149,1206,4122,2054,2068,4709,2256,2453,4120,1986,2134,2353,1123,1230,589,285,304,
11790,2357,1149,1208,4123,2055,2068,4712,2258,2454,4122,1987,2135,2355,1124,1231,589,285,304,
11795,2358,1149,1209,4124,2056,2068,4713,2258,2455,4124,1988,2136,2356,1124,1232,589,285,304,
11800,2359,1149,1210,4127,2057,2070,4717,2261,2456,4126,1990,2136,2357,1125,1232,589,285,304,
11805,2359,1149,1210,4129,2058,2071,4717,2261,2456,4127,1990,2137,2357,1125,1232,590,286,304,
11810,2361,1149,1212,4130,2058,2072,4720,2261,2459,4129,1992,2137,2359,1126,1233,590,286,304,
11815,2362,1150,1212,4131,2058,2073,4721,2261,2460,4131,1992,2139,2360,1126,1234,590,286,304,
11820,2363,1150,1213,4134,2059,2075,4725,2264,2461,4133,1993,2140,2361,1126,1235,590,286,304,
11825,2363,1150,1213,4136,2059,2077,4725,2264,2461,4134,1993,2141,2361,1126,1235,591,286,305,
11830,2365,1152,1213,4137,2059,2078,4728,2265,2463,4136,1995,2141,2363,1127,1236,591,286,305,
11835,2366,1153,1213,4138,2060,2078,4729,2265,2464,4138,1996,2142,2364,1128,1236,591,286,305,
11840,2367,1153,1214,4141,2062,2079,4733,2266,2467,4140,1997,2143,2365,1129,1236,591,286,305,
11845,2367,1153,1214,4143,2064,2079,4733,2266,2467,4141,1997,2144,2365,1129,1236,592,287,305,
11850,2369,1154,1215,4144,2064,2080,4736,2267,2469,4143,1998,2145,2367,1130,1237,592,287,305,
11855,2370,1155,1215,4145,2065,2080,4737,2267,2470,4145,1999,2146,2368,1131,1237,592,287,305,
11860,2371,1155,1216,4148,2067,2081,4741,2269,2472,4147,2001,2146,2369,1131,1238,592,287,305,
11865,2371,1155,1216,4150,2068,2082,4741,2269,2472,4148,2002,2146,2369,1131,1238,593,288,305,
11870,2373,1157,1216,4151,2068,2083,4744,2271,2473,4150,2002,2148,2371,1132,1239,593,288,305,
11875,2374,1158,1216,4152,2069,2083,4745,2271,2474,4152,2004,2148,2372,1133,1239,593,288,305,
11880,2375,1158,1217,4155,2072,2083,4749,2274,2475,4154,2004,2150,2373,1134,1239,593,288,305,
11885,2375,1158,1217,4157,2073,2084,4749,2274,2475,4155,2004,2151,2373,1134,1239,594,289,305,
11890,2377,1159,1218,4158,2074,2084,4752,2276,2476,4157,2004,2153,2375,1136,1239,594,289,305,
11895,2378,1160,1218,4159,2075,2084,4753,2276,2477,4159,2006,2153,2376,1137,1239,594,289,305,
11900,2379,1161,1218,4162,2076,2086,4757,2279,2478,4161,2007,2154,2377,1138,1239,594,289,305,
11905,2379,1161,1218,4164,2077,2087,4757,2279,2478,4162,2007,2155,2377,1138,1239,595,289,306,
11910,2381,1162,1219,4165,2077,2088,4760,2281,2479,4164,2008,2156,2379,1139,1240,595,289,306,
11915,2382,1162,1220,4166,2078,2088,4761,2282,2479,4166,2009,2157,2380,1140,1240,595,289,306,
11920,2383,1163,1220,4169,2079,2090,4765,2285,2480,4168,2010,2158,2381,1141,1240,595,289,306,
11925,2383,1163,1220,4171,2080,2091,4765,2285,2480,4169,2010,2159,2381,1141,1240,596,289,307,
11930,2385,1164,1221,4172,2080,2092,4768,2285,2483,4171,2011,2160,2383,1142,1241,596,289,307,
11935,2386,1165,1221,4173,2080,2093,4769,2286,2483,4173,2011,2162,2384,1143,1241,596,289,307,
11940,2387,1165,1222,4176,2083,2093,4773,2287,2486,4175,2011,2164,2385,1143,1242,596,289,307,
11945,2387,1165,1222,4178,2084,2094,4773,2287,2486,4176,2012,2164,2385,1143,1242,597,289,308,
11950,2389,1165,1224,4179,2085,2094,4776,2290,2486,4178,2012,2166,2387,1144,1243,597,289,308,
11955,2390,1166,1224,4180,2086,2094,4777,2290,2487,4180,2014,2166,2388,1144,1244,597,289,308,
11960,2391,1166,1225,4183,2088,2095,4781,2292,2489,4182,2014,2168,2389,1144,1245,597,289,308,
11965,2391,1166,1225,4185,2088,2097,4781,2292,2489,4183,2015,2168,2389,1144,1245,598,289,309,
11970,2393,1168,1225,4186,2088,2098,4784,2292,2492,4185,2016,2169,2391,1146,1245,598,289,309,
11975,2394,1168,1226,4187,2088,2099,4785,2293,2492,4187,2017,2170,2392,1146,1246,598,289,309,
11980,2395,1168,1227,4190,2088,2102,4789,2295,2494,4189,2018,2171,2393,1147,1246,598,289,309,
11985,2395,1168,1227,4192,2089,2103,4789,2295,2494,4190,2018,2172,2393,1147,1246,599,290,309,
11990,2397,1169,1228,4193,2090,2103,4792,2297,2495,4192,2020,2172,2395,1148,1247,599,290,309,
11995,2398,1170,1228,4194,2090,2104,4793,2298,2495,4194,2022,2172,2396,1149,1247,599,290,309,
12000,2399,1171,1228,4197,2091,2106,4797,2301,2496,4196,2023,2173,2397,1149,1248,599,290,309,
12005,2399,1171,1228,4199,2092,2107,4797,2301,2496,4197,2023,2174,2397,1149,1248,600,291,309,
12010,2401,1172,1229,4200,2092,2108,4800,2303,2497,4199,2024,2175,2399,1150,1249,600,291,309,
12015,2402,1172,1230,4201,2092,2109,4801,2304,2497,4201,2025,2176,2400,1150,1250,600,291,309,
12020,2403,1173,1230,4204,2092,2112,4805,2306,2499,4203,2026,2177,2401,1150,1251,600,291,309,
12025,2403,1173,1230,4206,2093,2113,4805,2306,2499,4204,2027,2177,2401,1150,1251,601,292,309,
12030,2405,1174,1231,4207,2093,2114,4808,2306,2502,4206,2028,2178,2403,1151,1252,601,292,309,
12035,2406,1175,1231,4208,2093,2115,4809,2306,2503,4208,2029,2179,2404,1151,1253,601,292,309,
12040,2407,1175,1232,4211,2094,2117,4813,2309,2504,4210,2031,2179,2405,1152,1253,601,292,309,
12045,2407,1175,1232,4213,2095,2118,4813,2309,2504,4211,2032,2179,2405,1152,1253,602,293,309,
12050,2409,1176,1233,4214,2095,2119,4816,2310,2506,4213,2033,2180,2407,1153,1254,602,293,309,
12055,2410,1177,1233,4215,2096,2119,4817,2310,2507,4215,2034,2181,2408,1154,1254,602,293,309,
12060,2411,1178,1233,4218,2098,2120,4821,2313,2508,4217,2035,2182,2409,1155,1254,602,293,309,
12065,2411,1178,1233,4220,2098,2122,4821,2313,2508,4218,2035,2183,2409,1155,1254,603,293,310,
12070,2413,1178,1235,4221,2098,2123,4824,2315,2509,4220,2036,2184,2411,1156,1255,603,293,310,
12075,2414,1178,1236,4222,2098,2124,4825,2316,2509,4222,2037,2185,2412,1156,1256,603,293,310,
12080,2415,1178,1237,4225,2098,2127,4829,2318,2511,4224,2038,2186,2413,1157,1256,603,293,310,
12085,2415,1178,1237,4227,2098,2129,4829,2318,2511,4225,2038,2187,2413,1157,1256,604,294,310,
12090,2417,1179,1238,4228,2099,2129,4832,2319,2513,4227,2038,2189,2415,1159,1256,604,294,310,
12095,2418,1180,1238,4229,2100,2129,4833,2320,2513,4229,2039,2190,2416,1160,1256,604,294,310,
12100,2419,1181,1238,4232,2103,2129,4837,2323,2514,4231,2039,2192,2417,1161,1256,604,294,310,
12105,2419,1181,1238,4234,2105,2129,4837,2323,2514,4232,2040,2192,2417,1161,1256,605,294,311,
12110,2421,1182,1239,4235,2105,2130,4840,2325,2515,4234,2041,2193,2419,1162,1257,605,294,311,
12115,2422,1182,1240,4236,2106,2130,4841,2326,2515,4236,2042,2194,2420,1163,1257,605,294,311,
12120,2423,1182,1241,4239,2107,2132,4845,2327,2518,4238,2042,2196,2421,1163,1258,605,294,311,
12125,2423,1182,1241,4241,2109,2132,4845,2327,2518,4239,2042,2197,2421,1163,1258,606,294,312,
12130,2425,1182,1243,4242,2110,2132,4848,2327,2521,4241,2043,2198,2423,1163,1260,606,294,312,
12135,2426,1183,1243,4243,2111,2132,4849,2327,2522,4243,2045,2198,2424,1163,1261,606,294,312,
12140,2427,1183,1244,4246,2113,2133,4853,2331,2522,4245,2047,2198,2425,1164,1261,606,294,312,
12145,2427,1183,1244,4248,2113,2135,4853,2331,2522,4246,2047,2199,2425,1164,1261,607,295,312,
12150,2429,1184,1245,4249,2113,2136,4856,2331,2525,4248,2048,2200,2427,1166,1261,607,295,312,
12155,2430,1184,1246,4250,2113,2137,4857,2331,2526,4250,2049,2201,2428,1167,1261,607,295,312,
12160,2431,1184,1247,4253,2113,2140,4861,2334,2527,4252,2049,2203,2429,1167,1262,607,295,312,
12165,2431,1184,1247,4255,2114,2141,4861,2334,2527,4253,2050,2203,2429,1167,1262,608,295,313,
12170,2433,1185,1248,4256,2115,2141,4864,2336,2528,4255,2052,2203,2431,1169,1262,608,295,313,
12175,2434,1186,1248,4257,2115,2142,4865,2337,2528,4257,2053,2204,2432,1170,1262,608,295,313,
12180,2435,1186,1249,4260,2117,2143,4869,2339,2530,4259,2054,2205,2433,1171,1262,608,295,313,
12185,2435,1186,1249,4262,2119,2143,4869,2339,2530,4260,2054,2206,2433,1171,1262,609,295,314,
12190,2437,1187,1250,4263,2120,2143,4872,2341,2531,4262,2056,2206,2435,1173,1262,609,295,314,
12195,2438,1188,1250,4264,2121,2143,4873,2342,2531,4264,2056,2208,2436,1174,1262,609,295,314,
12200,2439,1188,1251,4267,2123,2144,4877,2343,2534,4266,2056,2210,2437,1174,1263,609,295,314,
12205,2439,1188,1251,4269,2124,2145,4877,2343,2534,4267,2056,2211,2437,1174,1263,610,296,314,
12210,2441,1190,1251,4270,2124,2146,4880,2345,2535,4269,2058,2211,2439,1176,1263,610,296,314,
12215,2442,1190,1252,4271,2125,2146,4881,2345,2536,4271,2059,2212,2440,1176,1264,610,296,314,
12220,2443,1190,1253,4274,2127,2147,4885,2346,2539,4273,2059,2214,2441,1177,1264,610,296,314,
12225,2443,1190,1253,4276,2128,2148,4885,2346,2539,4274,2060,2214,2441,1177,1264,611,296,315,
12230,2445,1190,1255,4277,2128,2149,4888,2347,2541,4276,2061,2215,2443,1179,1264,611,296,315,
12235,2446,1190,1256,4278,2129,2149,4889,2348,2541,4278,2063,2215,2444,1180,1264,611,296,315,
12240,2447,1190,1257,4281,2130,2151,4893,2349,2544,4280,2064,2216,2445,1180,1265,611,296,315,
12245,2447,1190,1257,4283,2131,2152,4893,2349,2544,4281,2064,2217,2445,1180,1265,612,296,316,
12250,2449,1191,1258,4284,2132,2152,4896,2352,2544,4283,2065,2218,2447,1181,1266,612,296,316,
12255,2450,1191,1259,4285,2132,2153,4897,2353,2544,4285,2066,2219,2448,1182,1266,612,296,316,
12260,2451,1192,1259,4288,2134,2154,4901,2356,2545,4287,2066,2221,2449,1182,1267,612,296,316,
12265,2451,1192,1259,4290,2134,2156,4901,2356,2545,4288,2067,2221,2449,1182,1267,613,297,316,
12270,2453,1192,1261,4291,2135,2156,4904,2357,2547,4290,2067,2223,2451,1182,1269,613,297,316,
12275,2454,1192,1262,4292,2136,2156,4905,2357,2548,4292,2067,2225,2452,1182,1270,613,297,316,
12280,2455,1193,1262,4295,2137,2158,4909,2358,2551,4294,2069,2225,2453,1182,1271,613,297,316,
12285,2455,1193,1262,4297,2138,2159,4909,2358,2551,4295,2070,2225,2453,1182,1271,614,297,317,
12290,2457,1194,1263,4298,2139,2159,4912,2359,2553,4297,2071,2226,2455,1183,1272,614,297,317,
12295,2458,1195,1263,4299,2139,2160,4913,2359,2554,4299,2073,2226,2456,1183,1273,614,297,317,
12300,2459,1196,1263,4302,2141,2161,4917,2361,2556,4301,2074,2227,2457,1183,1274,614,297,317,
12305,2459,1196,1263,4304,2142,2162,4917,2361,2556,4302,2075,2227,2457,1183,1274,615,297,318,
12310,2461,1196,1265,4305,2142,2163,4920,2363,2557,4304,2075,2229,2459,1183,1276,615,297,318,
12315,2462,1196,1266,4306,2143,2163,4921,2363,2558,4306,2076,2230,2460,1184,1276,615,297,318,
12320,2463,1196,1267,4309,2145,2164,4925,2366,2559,4308,2078,2230,2461,1184,1277,615,297,318,
12325,2463,1196,1267,4311,2145,2166,4925,2366,2559,4309,2078,2231,2461,1184,1277,616,298,318,
12330,2465,1197,1268,4312,2146,2166,4928,2369,2559,4311,2080,2231,2463,1186,1277,616,298,318,
12335,2466,1197,1269,4313,2146,2167,4929,2370,2559,4313,2081,2232,2464,1187,1277,616,298,318,
12340,2467,1197,1270,4316,2147,2169,4933,2371,2562,4315,2083,2232,2465,1187,1278,616,298,318,
12345,2467,1197,1270,4318,2147,2171,4933,2371,2562,4316,2083,2233,2465,1187,1278,617,299,318,
12350,2469,1199,1270,4319,2148,2171,4936,2373,2563,4318,2084,2234,2467,1189,1278,617,299,318,
12355,2470,1199,1271,4320,2148,2172,4937,2374,2563,4320,2086,2234,2468,1189,1279,617,299,318,
12360,2471,1200,1271,4323,2149,2174,4941,2378,2563,4322,2086,2236,2469,1190,1279,617,299,318,
12365,2471,1200,1271,4325,2149,2176,4941,2378,2563,4323,2087,2236,2469,1190,1279,618,299,319,
12370,2473,1200,1273,4326,2150,2176,4944,2378,2566,4325,2088,2237,2471,1191,1280,618,299,319,
12375,2474,1200,1274,4327,2151,2176,4945,2378,2567,4327,2089,2238,2472,1192,1280,618,299,319,
12380,2475,1200,1275,4330,2152,2178,4949,2379,2570,4329,2089,2240,2473,1193,1280,618,299,319,
12385,2475,1200,1275,4332,2154,2178,4949,2379,2570,4330,2089,2241,2473,1193,1280,619,299,320,
12390,2477,1202,1275,4333,2155,2178,4952,2380,2572,4332,2090,2242,2475,1195,1280,619,299,320,
12395,2478,1202,1276,4334,2156,2178,4953,2381,2572,4334,2092,2242,2476,1196,1280,619,299,320,
12400,2479,1202,1277,4337,2158,2179,4957,2384,2573,4336,2094,2242,2477,1196,1281,619,299,320,
12405,2479,1202,1277,4339,2159,2180,4957,2384,2573,4337,2094,2243,2477,1196,1281,620,299,321,
12410,2481,1204,1277,4340,2160,2180,4960,2385,2575,4339,2094,2245,2479,1197,1282,620,299,321,
12415,2482,1205,1277,4341,2161,2180,4961,2386,2575,4341,2094,2247,2480,1197,1283,620,299,321,
12420,2483,1205,1278,4344,2162,2182,4965,2387,2578,4343,2096,2247,2481,1197,1284,620,299,321,
12425,2483,1205,1278,4346,2162,2184,4965,2387,2578,4344,2096,2248,2481,1197,1284,621,299,322,
12430,2485,1205,1280,4347,2162,2185,4968,2389,2579,4346,2097,2249,2483,1198,1285,621,299,322,
12435,2486,1205,1281,4348,2163,2185,4969,2389,2580,4348,2099,2249,2484,1198,1286,621,299,322,
12440,2487,1205,1282,4351,2166,2185,4973,2391,2582,4350,2099,2251,2485,1198,1287,621,299,322,
12445,2487,1205,1282,4353,2167,2186,4973,2391,2582,4351,2100,2251,2485,1198,1287,622,299,323,
12450,2489,1206,1283,4354,2167,2187,4976,2393,2583,4353,2101,2252,2487,1199,1288,622,299,323,
12455,2490,1207,1283,4355,2167,2188,4977,2393,2584,4355,2102,2253,2488,1200,1288,622,299,323,
12460,2491,1207,1284,4358,2168,2190,4981,2395,2586,4357,2102,2255,2489,1200,1289,622,299,323,
12465,2491,1207,1284,4360,2170,2190,4981,2395,2586,4358,2102,2256,2489,1200,1289,623,299,324,
12470,2493,1207,1286,4361,2171,2190,4984,2396,2588,4360,2103,2257,2491,1201,1290,623,299,324,
12475,2494,1207,1287,4362,2172,2190,4985,2397,2588,4362,2103,2259,2492,1202,1290,623,299,324,
12480,2495,1207,1288,4365,2173,2192,4989,2400,2589,4364,2103,2261,2493,1203,1290,623,299,324,
12485,2495,1207,1288,4367,2174,2193,4989,2400,2589,4365,2104,2261,2493,1203,1290,624,300,324,
12490,2497,1209,1288,4368,2175,2193,4992,2400,2592,4367,2106,2261,2495,1204,1291,624,300,324,
12495,2498,1209,1289,4369,2176,2193,4993,2401,2592,4369,2107,2262,2496,1204,1292,624,300,324,
12500,2499,1209,1290,4372,2178,2194,4997,2402,2595,4371,2108,2263,2497,1205,1292,624,300,324,
12505,2499,1209,1290,4374,2178,2196,4997,2402,2595,4372,2108,2264,2497,1205,1292,625,301,324,
12510,2501,1210,1291,4375,2178,2197,5000,2405,2595,4374,2109,2265,2499,1206,1293,625,301,324,
12515,2502,1210,1292,4376,2179,2197,5001,2405,2596,4376,2110,2266,2500,1207,1293,625,301,324,
12520,2503,1211,1292,4379,2180,2199,5005,2407,2598,4378,2110,2268,2501,1208,1293,625,301,324,
12525,2503,1211,1292,4381,2180,2201,5005,2407,2598,4379,2110,2269,2501,1208,1293,626,302,324,
12530,2505,1212,1293,4382,2180,2202,5008,2409,2599,4381,2111,2270,2503,1209,1294,626,302,324,
12535,2506,1212,1294,4383,2180,2203,5009,2409,2600,4383,2113,2270,2504,1210,1294,626,302,324,
12540,2507,1212,1295,4386,2182,2204,5013,2413,2600,4385,2114,2271,2505,1210,1295,626,302,324,
12545,2507,1212,1295,4388,2183,2205,5013,2413,2600,4386,2114,2272,2505,1210,1295,627,302,325,
12550,2509,1212,1297,4389,2183,2206,5016,2416,2600,4388,2115,2273,2507,1211,1296,627,302,325,
12555,2510,1213,1297,4390,2183,2207,5017,2417,2600,4390,2116,2274,2508,1212,1296,627,302,325,
12560,2511,1213,1298,4393,2185,2208,5021,2420,2601,4392,2117,2275,2509,1212,1297,627,302,325,
12565,2511,1213,1298,4395,2186,2209,5021,2420,2601,4393,2118,2275,2509,1212,1297,628,303,325,
12570,2513,1214,1299,4396,2187,2209,5024,2421,2603,4395,2118,2277,2511,1213,1298,628,303,325,
12575,2514,1214,1300,4397,2187,2210,5025,2422,2603,4397,2120,2277,2512,1214,1298,628,303,325,
12580,2515,1214,1301,4400,2188,2212,5029,2423,2606,4399,2121,2278,2513,1215,1298,628,303,325,
12585,2515,1214,1301,4402,2189,2213,5029,2423,2606,4400,2122,2278,2513,1215,1298,629,304,325,
12590,2517,1216,1301,4403,2189,2214,5032,2424,2608,4402,2123,2279,2515,1216,1299,629,304,325,
12595,2518,1216,1302,4404,2190,2214,5033,2424,2609,4404,2123,2281,2516,1216,1300,629,304,325,
12600,2519,1216,1303,4407,2193,2214,5037,2425,2612,4406,2124,2282,2517,1216,1301,629,304,325,
12605,2519,1216,1303,4409,2195,2214,5037,2425,2612,4407,2124,2283,2517,1216,1301,630,305,325,
12610,2521,1217,1304,4410,2196,2214,5040,2427,2613,4409,2125,2284,2519,1217,1302,630,305,325,
12615,2522,1218,1304,4411,2196,2215,5041,2428,2613,4411,2126,2285,2520,1217,1303,630,305,325,
12620,2523,1218,1305,4414,2197,2217,5045,2431,2614,4413,2128,2285,2521,1217,1304,630,305,325,
12625,2523,1218,1305,4416,2199,2217,5045,2431,2614,4414,2129,2285,2521,1217,1304,631,305,326,
12630,2525,1219,1306,4417,2199,2218,5048,2431,2617,4416,2129,2287,2523,1219,1304,631,305,326,
12635,2526,1219,1307,4418,2200,2218,5049,2431,2618,4418,2130,2288,2524,1220,1304,631,305,326,
12640,2527,1219,1308,4421,2201,2220,5053,2434,2619,4420,2130,2290,2525,1221,1304,631,305,326,
12645,2527,1219,1308,4423,2202,2221,5053,2434,2619,4421,2131,2290,2525,1221,1304,632,306,326,
12650,2529,1219,1310,4424,2202,2222,5056,2437,2619,4423,2132,2291,2527,1221,1306,632,306,326,
12655,2530,1219,1311,4425,2202,2223,5057,2437,2620,4425,2134,2291,2528,1222,1306,632,306,326,
12660,2531,1220,1311,4428,2205,2223,5061,2437,2624,4427,2134,2293,2529,1223,1306,632,306,326,
12665,2531,1220,1311,4430,2205,2225,5061,2437,2624,4428,2135,2293,2529,1223,1306,633,306,327,
12670,2533,1220,1313,4431,2205,2226,5064,2437,2627,4430,2136,2294,2531,1225,1306,633,306,327,
12675,2534,1221,1313,4432,2206,2226,5065,2438,2627,4432,2137,2295,2532,1225,1307,633,306,327,
12680,2535,1221,1314,4435,2208,2227,5069,2441,2628,4434,2138,2296,2533,1226,1307,633,306,327,
12685,2535,1221,1314,4437,2209,2228,5069,2441,2628,4435,2138,2297,2533,1226,1307,634,306,328,
12690,2537,1222,1315,4438,2209,2229,5072,2442,2630,4437,2139,2298,2535,1226,1309,634,306,328,
12695,2538,1222,1316,4439,2209,2230,5073,2443,2630,4439,2141,2298,2536,1227,1309,634,306,328,
12700,2539,1223,1316,4442,2210,2232,5077,2445,2632,4441,2142,2299,2537,1228,1309,634,306,328,
12705,2539,1223,1316,4444,2211,2233,5077,2445,2632,4442,2142,2300,2537,1228,1309,635,307,328,
12710,2541,1223,1318,4445,2211,2234,5080,2447,2633,4444,2143,2301,2539,1228,1311,635,307,328,
12715,2542,1224,1318,4446,2211,2235,5081,2447,2634,4446,2145,2301,2540,1229,1311,635,307,328,
12720,2543,1225,1318,4449,2213,2236,5085,2449,2636,4448,2146,2302,2541,1230,1311,635,307,328,
12725,2543,1225,1318,4451,2213,2238,5085,2449,2636,4449,2147,2302,2541,1230,1311,636,307,329,
12730,2545,1226,1319,4452,2214,2238,5088,2450,2638,4451,2148,2303,2543,1232,1311,636,307,329,
12735,2546,1226,1320,4453,2214,2239,5089,2451,2638,4453,2148,2305,2544,1232,1312,636,307,329,
12740,2547,1226,1321,4456,2216,2240,5093,2453,2640,4455,2150,2305,2545,1233,1312,636,307,329,
12745,2547,1226,1321,4458,2217,2241,5093,2453,2640,4456,2151,2305,2545,1233,1312,637,307,330,
12750,2549,1228,1321,4459,2217,2242,5096,2456,2640,4458,2152,2306,2547,1235,1312,637,307,330,
12755,2550,1229,1321,4460,2218,2242,5097,2457,2640,4460,2153,2307,2548,1235,1313,637,307,330,
12760,2551,1229,1322,4463,2220,2243,5101,2459,2642,4462,2154,2308,2549,1235,1314,637,307,330,
12765,2551,1229,1322,4465,2220,2245,5101,2459,2642,4463,2154,2309,2549,1235,1314,638,308,330,
12770,2553,1231,1322,4466,2221,2245,5104,2460,2644,4465,2154,2311,2551,1236,1315,638,308,330,
12775,2554,1232,1322,4467,2221,2246,5105,2460,2645,4467,2156,2311,2552,1236,1316,638,308,330,
12780,2555,1232,1323,4470,2222,2248,5109,2462,2647,4469,2156,2313,2553,1237,1316,638,308,330,
12785,2555,1232,1323,4472,2223,2249,5109,2462,2647,4470,2157,2313,2553,1237,1316,639,309,330,
12790,2557,1233,1324,4473,2224,2249,5112,2465,2647,4472,2158,2314,2555,1238,1317,639,309,330,
12795,2558,1234,1324,4474,2224,2250,5113,2466,2647,4474,2158,2316,2556,1239,1317,639,309,330,
12800,2559,1234,1325,4477,2226,2251,5117,2468,2649,4476,2158,2318,2557,1239,1318,639,309,330,
12805,2559,1234,1325,4479,2227,2252,5117,2468,2649,4477,2159,2318,2557,1239,1318,640,309,331,
12810,2561,1235,1326,4480,2227,2253,5120,2470,2650,4479,2159,2320,2559,1241,1318,640,309,331,
12815,2562,1235,1327,4481,2228,2253,5121,2471,2650,4481,2160,2321,2560,1242,1318,640,309,331,
12820,2563,1236,1327,4484,2229,2255,5125,2472,2653,4483,2162,2321,2561,1243,1318,640,309,331,
12825,2563,1236,1327,4486,2230,2256,5125,2472,2653,4484,2162,2322,2561,1243,1318,641,310,331,
12830,2565,1238,1327,4487,2230,2257,5128,2473,2655,4486,2164,2322,2563,1244,1319,641,310,331,
12835,2566,1239,1327,4488,2230,2258,5129,2474,2655,4488,2165,2323,2564,1244,1320,641,310,331,
12840,2567,1240,1327,4491,2230,2261,5133,2476,2657,4490,2166,2324,2565,1244,1321,641,310,331,
12845,2567,1240,1327,4493,2232,2261,5133,2476,2657,4491,2166,2325,2565,1244,1321,642,311,331,
12850,2569,1241,1328,4494,2232,2262,5136,2478,2658,4493,2167,2326,2567,1245,1322,642,311,331,
12855,2570,1241,1329,4495,2233,2262,5137,2479,2658,4495,2167,2328,2568,1245,1323,642,311,331,
12860,2571,1241,1330,4498,2234,2264,5141,2480,2661,4497,2168,2329,2569,1246,1323,642,311,331,
12865,2571,1241,1330,4500,2236,2264,5141,2480,2661,4498,2168,2330,2569,1246,1323,643,311,332,
12870,2573,1242,1331,4501,2236,2265,5144,2481,2663,4500,2169,2331,2571,1247,1324,643,311,332,
12875,2574,1243,1331,4502,2236,2266,5145,2481,2664,4502,2170,2332,2572,1248,1324,643,311,332,
12880,2575,1244,1331,4505,2237,2268,5149,2483,2666,4504,2170,2334,2573,1248,1325,643,311,332,
12885,2575,1244,1331,4507,2238,2269,5149,2483,2666,4505,2171,2334,2573,1248,1325,644,312,332,
12890,2577,1244,1333,4508,2239,2269,5152,2483,2669,4507,2171,2336,2575,1249,1326,644,312,332,
12895,2578,1245,1333,4509,2240,2269,5153,2483,2670,4509,2172,2337,2576,1249,1327,644,312,332,
12900,2579,1246,1333,4512,2241,2271,5157,2485,2672,4511,2173,2338,2577,1250,1327,644,312,332,
12905,2579,1246,1333,4514,2241,2273,5157,2485,2672,4512,2174,2338,2577,1250,1327,645,313,332,
12910,2581,1246,1335,4515,2242,2273,5160,2486,2674,4514,2174,2340,2579,1250,1329,645,313,332,
12915,2582,1247,1335,4516,2243,2273,5161,2486,2675,4516,2175,2341,2580,1250,1330,645,313,332,
12920,2583,1248,1335,4519,2245,2274,5165,2488,2677,4518,2175,2343,2581,1251,1330,645,313,332,
12925,2583,1248,1335,4521,2246,2275,5165,2488,2677,4519,2175,2344,2581,1251,1330,646,314,332,
12930,2585,1249,1336,4522,2246,2276,5168,2490,2678,4521,2176,2345,2583,1253,1330,646,314,332,
12935,2586,1250,1336,4523,2246,2277,5169,2490,2679,4523,2176,2347,2584,1254,1330,646,314,332,
12940,2587,1250,1337,4526,2247,2279,5173,2493,2680,4525,2177,2348,2585,1254,1331,646,314,332,
12945,2587,1250,1337,4528,2247,2281,5173,2493,2680,4526,2178,2348,2585,1254,1331,647,315,332,
12950,2589,1252,1337,4529,2248,2281,5176,2495,2681,4528,2178,2350,2587,1255,1332,647,315,332,
12955,2590,1252,1338,4530,2249,2281,5177,2496,2681,4530,2180,2350,2588,1256,1332,647,315,332,
12960,2591,1253,1338,4533,2249,2284,5181,2499,2682,4532,2181,2351,2589,1257,1332,647,315,332,
12965,2591,1253,1338,4535,2250,2285,5181,2499,2682,4533,2182,2351,2589,1257,1332,648,315,333,
12970,2593,1254,1339,4536,2251,2285,5184,2501,2683,4535,2183,2352,2591,1258,1333,648,315,333,
12975,2594,1254,1340,4537,2252,2285,5185,2501,2684,4537,2184,2353,2592,1259,1333,648,315,333,
12980,2595,1254,1341,4540,2255,2285,5189,2504,2685,4539,2185,2354,2593,1259,1334,648,315,333,
12985,2595,1254,1341,4542,2256,2286,5189,2504,2685,4540,2185,2355,2593,1259,1334,649,315,334,
12990,2597,1254,1343,4543,2256,2287,5192,2504,2688,4542,2185,2357,2595,1260,1335,649,315,334,
12995,2598,1255,1343,4544,2256,2288,5193,2504,2689,4544,2187,2357,2596,1260,1336,649,315,334,
13000,2599,1255,1344,4547,2257,2290,5197,2506,2691,4546,2188,2358,2597,1260,1337,649,315,334,
13005,2599,1255,1344,4549,2259,2290,5197,2506,2691,4547,2188,2359,2597,1260,1337,650,316,334,
13010,2601,1255,1346,4550,2259,2291,5200,2506,2694,4549,2190,2359,2599,1261,1338,650,316,334,
13015,2602,1256,1346,4551,2259,2292,5201,2507,2694,4551,2191,2360,2600,1261,1339,650,316,334,
13020,2603,1256,1347,4554,2260,2294,5205,2509,2696,4553,2191,2362,2601,1262,1339,650,316,334,
13025,2603,1256,1347,4556,2260,2296,5205,2509,2696,4554,2191,2363,2601,1262,1339,651,316,335,
13030,2605,1257,1348,4557,2260,2297,5208,2512,2696,4556,2192,2364,2603,1262,1341,651,316,335,
13035,2606,1258,1348,4558,2260,2298,5209,2513,2696,4558,2193,2365,2604,1262,1342,651,316,335,
13040,2607,1258,1349,4561,2262,2299,5213,2515,2698,4560,2194,2366,2605,1263,1342,651,316,335,
13045,2607,1258,1349,4563,2263,2300,5213,2515,2698,4561,2195,2366,2605,1263,1342,652,316,336,
13050,2609,1259,1350,4564,2263,2301,5216,2516,2700,4563,2195,2368,2607,1265,1342,652,316,336,
13055,2610,1260,1350,4565,2264,2301,5217,2516,2701,4565,2197,2368,2608,1265,1343,652,316,336,
13060,2611,1261,1350,4568,2266,2302,5221,2517,2704,4567,2197,2370,2609,1265,1344,652,316,336,
13065,2611,1261,1350,4570,2267,2303,5221,2517,2704,4568,2197,2371,2609,1265,1344,653,317,336,
13070,2613,1261,1352,4571,2267,2304,5224,2518,2706,4570,2199,2371,2611,1267,1344,653,317,336,
13075,2614,1261,1353,4572,2267,2305,5225,2518,2707,4572,2201,2371,2612,1267,1345,653,317,336,
13080,2615,1261,1354,4575,2269,2306,5229,2521,2708,4574,2201,2373,2613,1267,1346,653,317,336,
13085,2615,1261,1354,4577,2269,2308,5229,2521,2708,4575,2201,2374,2613,1267,1346,654,317,337,
13090,2617,1262,1355,4578,2269,2309,5232,2522,2710,4577,2203,2374,2615,1268,1347,654,317,337,
13095,2618,1263,1355,4579,2269,2310,5233,2522,2711,4579,2204,2375,2616,1269,1347,654,317,337,
13100,2619,1264,1355,4582,2269,2313,5237,2523,2714,4581,2204,2377,2617,1269,1348,654,317,337,
13105,2619,1264,1355,4584,2269,2315,5237,2523,2714,4582,2204,2378,2617,1269,1348,655,317,338,
13110,2621,1265,1356,4585,2270,2315,5240,2524,2716,4584,2205,2379,2619,1270,1349,655,317,338,
13115,2622,1266,1356,4586,2270,2316,5241,2525,2716,4586,2206,2380,2620,1271,1349,655,317,338,
13120,2623,1266,1357,4589,2272,2317,5245,2525,2720,4588,2207,2381,2621,1271,1350,655,317,338,
13125,2623,1266,1357,4591,2273,2318,5245,2525,2720,4589,2208,2381,2621,1271,1350,656,318,338,
13130,2625,1268,1357,4592,2273,2319,5248,2527,2721,4591,2208,2383,2623,1273,1350,656,318,338,
13135,2626,1268,1358,4593,2273,2320,5249,2528,2721,4593,2209,2384,2624,1273,1351,656,318,338,
13140,2627,1269,1358,4596,2273,2323,5253,2530,2723,4595,2210,2385,2625,1273,1352,656,318,338,
13145,2627,1269,1358,4598,2274,2324,5253,2530,2723,4596,2210,2386,2625,1273,1352,657,318,339,
13150,2629,1270,1359,4599,2275,2324,5256,2532,2724,4598,2210,2388,2627,1274,1353,657,318,339,
13155,2630,1271,1359,4600,2275,2325,5257,2533,2724,4600,2212,2388,2628,1274,1354,657,318,339,
13160,2631,1271,1360,4603,2277,2326,5261,2537,2724,4602,2213,2389,2629,1274,1355,657,318,339,
13165,2631,1271,1360,4605,2279,2326,5261,2537,2724,4603,2213,2390,2629,1274,1355,658,318,340,
13170,2633,1272,1361,4606,2280,2326,5264,2539,2725,4605,2215,2390,2631,1275,1356,658,318,340,
13175,2634,1272,1362,4607,2280,2327,5265,2540,2725,4607,2215,2392,2632,1275,1357,658,318,340,
13180,2635,1272,1363,4610,2281,2329,5269,2544,2725,4609,2216,2393,2633,1275,1358,658,318,340,
13185,2635,1272,1363,4612,2282,2330,5269,2544,2725,4610,2216,2394,2633,1275,1358,659,318,341,
13190,2637,1273,1364,4613,2282,2331,5272,2546,2726,4612,2217,2395,2635,1276,1359,659,318,341,
13195,2638,1273,1365,4614,2282,2332,5273,2547,2726,4614,2218,2396,2636,1277,1359,659,318,341,
13200,2639,1273,1366,4617,2282,2335,5277,2550,2727,4616,2220,2396,2637,1277,1360,659,318,341,
13205,2639,1273,1366,4619,2283,2336,5277,2550,2727,4617,2221,2396,2637,1277,1360,660,318,342,
13210,2641,1273,1368,4620,2283,2337,5280,2550,2730,4619,2223,2396,2639,1277,1362,660,318,342,
13215,2642,1273,1369,4621,2284,2337,5281,2551,2730,4621,2225,2396,2640,1278,1362,660,318,342,
13220,2643,1274,1369,4624,2287,2337,5285,2551,2734,4623,2226,2397,2641,1278,1363,660,318,342,
13225,2643,1274,1369,4626,2288,2338,5285,2551,2734,4624,2227,2397,2641,1278,1363,661,318,343,
13230,2645,1276,1369,4627,2288,2339,5288,2552,2736,4626,2228,2398,2643,1279,1364,661,318,343,
13235,2646,1277,1369,4628,2288,2340,5289,2553,2736,4628,2230,2398,2644,1280,1364,661,318,343,
13240,2647,1277,1370,4631,2289,2342,5293,2555,2738,4630,2231,2399,2645,1281,1364,661,318,343,
13245,2647,1277,1370,4633,2290,2343,5293,2555,2738,4631,2231,2400,2645,1281,1364,662,318,344,
13250,2649,1278,1371,4634,2290,2344,5296,2557,2739,4633,2233,2400,2647,1282,1365,662,318,344,
13255,2650,1279,1371,4635,2291,2344,5297,2558,2739,4635,2234,2401,2648,1282,1366,662,318,344,
13260,2651,1279,1372,4638,2292,2346,5301,2558,2743,4637,2235,2402,2649,1282,1367,662,318,344,
13265,2651,1279,1372,4640,2293,2347,5301,2558,2743,4638,2236,2402,2649,1282,1367,663,318,345,
13270,2653,1280,1373,4641,2294,2347,5304,2560,2744,4640,2237,2403,2651,1283,1368,663,318,345,
13275,2654,1280,1374,4642,2294,2348,5305,2561,2744,4642,2237,2405,2652,1283,1369,663,318,345,
13280,2655,1281,1374,4645,2295,2350,5309,2564,2745,4644,2237,2407,2653,1283,1370,663,318,345,
13285,2655,1281,1374,4647,2296,2351,5309,2564,2745,4645,2237,2408,2653,1283,1370,664,319,345,
13290,2657,1281,1376,4648,2296,2352,5312,2565,2747,4647,2238,2409,2655,1285,1370,664,319,345,
13295,2658,1281,1377,4649,2296,2353,5313,2565,2748,4649,2239,2410,2656,1285,1371,664,319,345,
13300,2659,1282,1377,4652,2299,2353,5317,2566,2751,4651,2240,2411,2657,1286,1371,664,319,345,
13305,2659,1282,1377,4654,2301,2353,5317,2566,2751,4652,2240,2412,2657,1286,1371,665,320,345,
13310,2661,1284,1377,4655,2302,2353,5320,2569,2751,4654,2242,2412,2659,1288,1371,665,320,345,
13315,2662,1285,1377,4656,2302,2354,5321,2570,2751,4656,2243,2413,2660,1289,1371,665,320,345,
13320,2663,1286,1377,4659,2304,2355,5325,2572,2753,4658,2245,2413,2661,1289,1372,665,320,345,
13325,2663,1286,1377,4661,2305,2356,5325,2572,2753,4659,2245,2414,2661,1289,1372,666,321,345,
13330,2665,1287,1378,4662,2305,2357,5328,2573,2755,4661,2245,2416,2663,1290,1373,666,321,345,
13335,2666,1288,1378,4663,2305,2358,5329,2574,2755,4663,2245,2418,2664,1290,1374,666,321,345,
13340,2667,1289,1378,4666,2306,2360,5333,2577,2756,4665,2245,2420,2665,1291,1374,666,321,345,
13345,2667,1289,1378,4668,2306,2362,5333,2577,2756,4666,2246,2420,2665,1291,1374,667,322,345,
13350,2669,1289,1380,4669,2306,2363,5336,2580,2756,4668,2248,2420,2667,1291,1376,667,322,345,
13355,2670,1289,1381,4670,2306,2364,5337,2580,2757,4670,2250,2420,2668,1292,1376,667,322,345,
13360,2671,1289,1382,4673,2307,2366,5341,2582,2759,4672,2251,2421,2669,1292,1377,667,322,345,
13365,2671,1289,1382,4675,2308,2367,5341,2582,2759,4673,2251,2422,2669,1292,1377,668,322,346,
13370,2673,1290,1383,4676,2308,2368,5344,2583,2761,4675,2253,2422,2671,1293,1378,668,322,346,
13375,2674,1290,1384,4677,2309,2368,5345,2583,2762,4677,2253,2424,2672,1293,1379,668,322,346,
13380,2675,1291,1384,4680,2309,2371,5349,2585,2764,4679,2253,2426,2673,1294,1379,668,322,346,
13385,2675,1291,1384,4682,2309,2373,5349,2585,2764,4680,2254,2426,2673,1294,1379,669,322,347,
13390,2677,1293,1384,4683,2309,2374,5352,2588,2764,4682,2256,2426,2675,1294,1381,669,322,347,
13395,2678,1294,1384,4684,2310,2374,5353,2589,2764,4684,2258,2426,2676,1294,1382,669,322,347,
13400,2679,1295,1384,4687,2311,2376,5357,2590,2767,4686,2258,2428,2677,1294,1383,669,322,347,
13405,2679,1295,1384,4689,2312,2377,5357,2590,2767,4687,2259,2428,2677,1294,1383,670,322,348,
13410,2681,1296,1385,4690,2313,2377,5360,2591,2769,4689,2261,2428,2679,1295,1384,670,322,348,
13415,2682,1296,1386,4691,2313,2378,5361,2592,2769,4691,2261,2430,2680,1295,1385,670,322,348,
13420,2683,1296,1387,4694,2314,2380,5365,2593,2772,4693,2262,2431,2681,1296,1385,670,322,348,
13425,2683,1296,1387,4696,2315,2381,5365,2593,2772,4694,2262,2432,2681,1296,1385,671,323,348,
13430,2685,1297,1388,4697,2316,2381,5368,2595,2773,4696,2263,2433,2683,1297,1386,671,323,348,
13435,2686,1298,1388,4698,2317,2381,5369,2595,2774,4698,2264,2434,2684,1297,1387,671,323,348,
13440,2687,1299,1388,4701,2319,2382,5373,2597,2776,4700,2265,2435,2685,1298,1387,671,323,348,
13445,2687,1299,1388,4703,2319,2384,5373,2597,2776,4701,2266,2435,2685,1298,1387,672,324,348,
13450,2689,1300,1389,4704,2320,2384,5376,2597,2779,4703,2268,2435,2687,1299,1388,672,324,348,
13455,2690,1301,1389,4705,2320,2385,5377,2598,2779,4705,2269,2436,2688,1300,1388,672,324,348,
13460,2691,1302,1389,4708,2321,2387,5381,2600,2781,4707,2271,2436,2689,1301,1388,672,324,348,
13465,2691,1302,1389,4710,2322,2388,5381,2600,2781,4708,2271,2437,2689,1301,1388,673,325,348,
13470,2693,1303,1390,4711,2323,2388,5384,2600,2784,4710,2273,2437,2691,1302,1389,673,325,348,
13475,2694,1304,1390,4712,2324,2388,5385,2600,2785,4712,2274,2438,2692,1302,1390,673,325,348,
13480,2695,1305,1390,4715,2324,2391,5389,2601,2788,4714,2276,2438,2693,1302,1391,673,325,348,
13485,2695,1305,1390,4717,2325,2392,5389,2601,2788,4715,2276,2439,2693,1302,1391,674,325,349,
13490,2697,1306,1391,4718,2325,2393,5392,2602,2790,4717,2276,2441,2695,1304,1391,674,325,349,
13495,2698,1306,1392,4719,2326,2393,5393,2602,2791,4719,2277,2442,2696,1305,1391,674,325,349,
13500,2699,1307,1392,4722,2328,2394,5397,2605,2792,4721,2279,2442,2697,1305,1392,674,325,349,
13505,2699,1307,1392,4724,2329,2395,5397,2605,2792,4722,2280,2442,2697,1305,1392,675,326,349,
13510,2701,1308,1393,4725,2329,2396,5400,2606,2794,4724,2280,2444,2699,1306,1393,675,326,349,
13515,2702,1308,1394,4726,2330,2396,5401,2606,2795,4726,2281,2445,2700,1306,1394,675,326,349,
13520,2703,1309,1394,4729,2332,2397,5405,2608,2797,4728,2281,2447,2701,1307,1394,675,326,349,
13525,2703,1309,1394,4731,2332,2399,5405,2608,2797,4729,2281,2448,2701,1307,1394,676,326,350,
13530,2705,1310,1395,4732,2333,2399,5408,2610,2798,4731,2281,2450,2703,1308,1395,676,326,350,
13535,2706,1310,1396,4733,2333,2400,5409,2610,2799,4733,2282,2451,2704,1308,1396,676,326,350,
13540,2707,1310,1397,4736,2334,2402,5413,2613,2800,4735,2283,2452,2705,1309,1396,676,326,350,
13545,2707,1310,1397,4738,2335,2403,5413,2613,2800,4736,2283,2453,2705,1309,1396,677,327,350,
13550,2709,1310,1399,4739,2335,2404,5416,2616,2800,4738,2284,2454,2707,1309,1398,677,327,350,
13555,2710,1310,1400,4740,2335,2405,5417,2616,2801,4740,2286,2454,2708,1310,1398,677,327,350,
13560,2711,1311,1400,4743,2336,2407,5421,2618,2803,4742,2287,2455,2709,1310,1399,677,327,350,
13565,2711,1311,1400,4745,2338,2407,5421,2618,2803,4743,2288,2455,2709,1310,1399,678,327,351,
13570,2713,1311,1402,4746,2338,2408,5424,2618,2806,4745,2288,2457,2711,1311,1400,678,327,351,
13575,2714,1311,1403,4747,2339,2408,5425,2619,2806,4747,2288,2459,2712,1312,1400,678,327,351,
13580,2715,1311,1404,4750,2341,2409,5429,2620,2809,4749,2289,2460,2713,1312,1401,678,327,351,
13585,2715,1311,1404,4752,2342,2410,5429,2620,2809,4750,2289,2461,2713,1312,1401,679,327,352,
13590,2717,1313,1404,4753,2343,2410,5432,2621,2811,4752,2289,2463,2715,1314,1401,679,327,352,
13595,2718,1314,1404,4754,2344,2410,5433,2622,2811,4754,2290,2464,2716,1314,1402,679,327,352,
13600,2719,1315,1404,4757,2345,2412,5437,2623,2814,4756,2291,2465,2717,1315,1402,679,327,352,
13605,2719,1315,1404,4759,2345,2414,5437,2623,2814,4757,2291,2466,2717,1315,1402,680,327,353,
13610,2721,1316,1405,4760,2346,2414,5440,2624,2816,4759,2292,2467,2719,1316,1403,680,327,353,
13615,2722,1316,1406,4761,2347,2414,5441,2625,2816,4761,2293,2468,2720,1317,1403,680,327,353,
13620,2723,1317,1406,4764,2348,2416,5445,2628,2817,4763,2293,2470,2721,1317,1404,680,327,353,
13625,2723,1317,1406,4766,2348,2418,5445,2628,2817,4764,2293,2471,2721,1317,1404,681,328,353,
13630,2725,1317,1408,4767,2349,2418,5448,2628,2820,4766,2295,2471,2723,1318,1405,681,328,353,
13635,2726,1318,1408,4768,2349,2419,5449,2629,2820,4768,2297,2471,2724,1318,1406,681,328,353,
13640,2727,1318,1409,4771,2350,2421,5453,2633,2820,4770,2297,2473,2725,1318,1407,681,328,353,
13645,2727,1318,1409,4773,2352,2421,5453,2633,2820,4771,2298,2473,2725,1318,1407,682,328,354,
13650,2729,1319,1410,4774,2352,2422,5456,2635,2821,4773,2299,2474,2727,1319,1408,682,328,354,
13655,2730,1319,1411,4775,2352,2423,5457,2635,2822,4775,2300,2475,2728,1319,1409,682,328,354,
13660,2731,1320,1411,4778,2353,2425,5461,2638,2823,4777,2301,2476,2729,1319,1410,682,328,354,
13665,2731,1320,1411,4780,2354,2426,5461,2638,2823,4778,2301,2477,2729,1319,1410,683,328,355,
13670,2733,1320,1413,4781,2354,2427,5464,2638,2826,4780,2302,2478,2731,1321,1410,683,328,355,
13675,2734,1320,1414,4782,2355,2427,5465,2639,2826,4782,2303,2479,2732,1321,1411,683,328,355,
13680,2735,1321,1414,4785,2356,2429,5469,2640,2829,4784,2305,2479,2733,1322,1411,683,328,355,
13685,2735,1321,1414,4787,2356,2431,5469,2640,2829,4785,2305,2480,2733,1322,1411,684,328,356,
13690,2737,1321,1416,4788,2356,2432,5472,2642,2830,4787,2305,2482,2735,1324,1411,684,328,356,
13695,2738,1322,1416,4789,2357,2432,5473,2643,2830,4789,2305,2484,2736,1324,1412,684,328,356,
13700,2739,1322,1417,4792,2359,2433,5477,2646,2831,4791,2307,2484,2737,1324,1413,684,328,356,
13705,2739,1322,1417,4794,2360,2434,5477,2646,2831,4792,2308,2484,2737,1324,1413,685,329,356,
13710,2741,1324,1417,4795,2361,2434,5480,2648,2832,4794,2309,2485,2739,1325,1414,685,329,356,
13715,2742,1325,1417,4796,2361,2435,5481,2648,2833,4796,2311,2485,2740,1325,1415,685,329,356,
13720,2743,1326,1417,4799,2363,2436,5485,2650,2835,4798,2313,2485,2741,1325,1416,685,329,356,
13725,2743,1326,1417,4801,2364,2437,5485,2650,2835,4799,2314,2485,2741,1325,1416,686,329,357,
13730,2745,1328,1417,4802,2365,2437,5488,2650,2838,4801,2316,2485,2743,1326,1417,686,329,357,
13735,2746,1328,1418,4803,2365,2438,5489,2651,2838,4803,2316,2487,2744,1327,1417,686,329,357,
13740,2747,1328,1419,4806,2365,2441,5493,2652,2841,4805,2316,2489,2745,1327,1418,686,329,357,
13745,2747,1328,1419,4808,2366,2442,5493,2652,2841,4806,2317,2489,2745,1327,1418,687,330,357,
13750,2749,1329,1420,4809,2367,2442,5496,2654,2842,4808,2319,2489,2747,1328,1419,687,330,357,
13755,2750,1329,1421,4810,2367,2443,5497,2654,2843,4810,2319,2491,2748,1328,1420,687,330,357,
13760,2751,1330,1421,4813,2368,2445,5501,2657,2844,4812,2320,2492,2749,1328,1421,687,330,357,
13765,2751,1330,1421,4815,2368,2447,5501,2657,2844,4813,2320,2493,2749,1328,1421,688,330,358,
13770,2753,1330,1423,4816,2368,2448,5504,2659,2845,4815,2320,2495,2751,1328,1423,688,330,358,
13775,2754,1331,1423,4817,2369,2448,5505,2659,2846,4817,2321,2496,2752,1329,1423,688,330,358,
13780,2755,1331,1424,4820,2372,2448,5509,2662,2847,4819,2321,2498,2753,1330,1423,688,330,358,
13785,2755,1331,1424,4822,2373,2449,5509,2662,2847,4820,2322,2498,2753,1330,1423,689,330,359,
13790,2757,1333,1424,4823,2373,2450,5512,2662,2850,4822,2323,2499,2755,1330,1425,689,330,359,
13795,2758,1334,1424,4824,2373,2451,5513,2663,2850,4824,2325,2499,2756,1330,1426,689,330,359,
13800,2759,1334,1425,4827,2375,2452,5517,2664,2853,4826,2326,2500,2757,1331,1426,689,330,359,
13805,2759,1334,1425,4829,2376,2453,5517,2664,2853,4827,2326,2501,2757,1331,1426,690,331,359,
13810,2761,1335,1426,4830,2376,2454,5520,2665,2855,4829,2328,2501,2759,1332,1427,690,331,359,
13815,2762,1336,1426,4831,2376,2455,5521,2665,2856,4831,2330,2501,2760,1333,1427,690,331,359,
13820,2763,1336,1427,4834,2378,2456,5525,2667,2858,4833,2332,2501,2761,1333,1428,690,331,359,
13825,2763,1336,1427,4836,2378,2458,5525,2667,2858,4834,2332,2502,2761,1333,1428,691,332,359,
13830,2765,1337,1428,4837,2379,2458,5528,2668,2860,4836,2332,2504,2763,1334,1429,691,332,359,
13835,2766,1337,1429,4838,2379,2459,5529,2668,2861,4838,2333,2505,2764,1334,1430,691,332,359,
13840,2767,1337,1430,4841,2382,2459,5533,2671,2862,4840,2334,2506,2765,1335,1430,691,332,359,
13845,2767,1337,1430,4843,2382,2461,5533,2671,2862,4841,2334,2507,2765,1335,1430,692,332,360,
13850,2769,1339,1430,4844,2383,2461,5536,2674,2862,4843,2334,2509,2767,1336,1431,692,332,360,
13855,2770,1340,1430,4845,2383,2462,5537,2675,2862,4845,2335,2510,2768,1336,1432,692,332,360,
13860,2771,1340,1431,4848,2386,2462,5541,2678,2863,4847,2336,2511,2769,1337,1432,692,332,360,
13865,2771,1340,1431,4850,2387,2463,5541,2678,2863,4848,2337,2511,2769,1337,1432,693,333,360,
13870,2773,1342,1431,4851,2387,2464,5544,2680,2864,4850,2339,2511,2771,1338,1433,693,333,360,
13875,2774,1343,1431,4852,2387,2465,5545,2680,2865,4852,2340,2512,2772,1338,1434,693,333,360,
13880,2775,1343,1432,4855,2388,2467,5549,2681,2868,4854,2341,2513,2773,1338,1435,693,333,360,
13885,2775,1343,1432,4857,2389,2468,5549,2681,2868,4855,2342,2513,2773,1338,1435,694,334,360,
13890,2777,1343,1434,4858,2389,2469,5552,2682,2870,4857,2342,2515,2775,1339,1436,694,334,360,
13895,2778,1343,1435,4859,2389,2470,5553,2682,2871,4859,2343,2516,2776,1340,1436,694,334,360,
13900,2779,1344,1435,4862,2391,2471,5557,2684,2873,4861,2344,2517,2777,1341,1436,694,334,360,
13905,2779,1344,1435,4864,2392,2472,5557,2684,2873,4862,2344,2518,2777,1341,1436,695,335,360,
13910,2781,1344,1437,4865,2392,2473,5560,2686,2874,4864,2344,2520,2779,1342,1437,695,335,360,
13915,2782,1345,1437,4866,2393,2473,5561,2686,2875,4866,2345,2521,2780,1343,1437,695,335,360,
13920,2783,1345,1438,4869,2396,2473,5565,2687,2878,4868,2346,2522,2781,1343,1438,695,335,360,
13925,2783,1345,1438,4871,2396,2475,5565,2687,2878,4869,2347,2522,2781,1343,1438,696,336,360,
13930,2785,1347,1438,4872,2396,2476,5568,2689,2879,4871,2349,2522,2783,1345,1438,696,336,360,
13935,2786,1348,1438,4873,2396,2477,5569,2689,2880,4873,2350,2523,2784,1346,1438,696,336,360,
13940,2787,1349,1438,4876,2399,2477,5573,2690,2883,4875,2351,2524,2785,1347,1438,696,336,360,
13945,2787,1349,1438,4878,2399,2479,5573,2690,2883,4876,2351,2525,2785,1347,1438,697,337,360,
13950,2789,1350,1439,4879,2400,2479,5576,2691,2885,4878,2353,2525,2787,1348,1439,697,337,360,
13955,2790,1351,1439,4880,2401,2479,5577,2692,2885,4880,2354,2526,2788,1349,1439,697,337,360,
13960,2791,1352,1439,4883,2404,2479,5581,2693,2888,4882,2355,2527,2789,1349,1440,697,337,360,
13965,2791,1352,1439,4885,2404,2481,5581,2693,2888,4883,2355,2528,2789,1349,1440,698,338,360,
13970,2793,1353,1440,4886,2404,2482,5584,2693,2891,4885,2356,2529,2791,1350,1441,698,338,360,
13975,2794,1354,1440,4887,2405,2482,5585,2694,2891,4887,2357,2530,2792,1351,1441,698,338,360,
13980,2795,1355,1440,4890,2406,2484,5589,2697,2892,4889,2358,2531,2793,1352,1441,698,338,360,
13985,2795,1355,1440,4892,2407,2485,5589,2697,2892,4890,2358,2532,2793,1352,1441,699,339,360,
13990,2797,1357,1440,4893,2407,2486,5592,2698,2894,4892,2359,2533,2795,1354,1441,699,339,360,
13995,2798,1358,1440,4894,2407,2487,5593,2698,2895,4894,2360,2534,2796,1354,1442,699,339,360,
14000,2799,1358,1441,4897,2408,2489,5597,2700,2897,4896,2361,2535,2797,1355,1442,699,339,360,
14005,2799,1358,1441,4899,2409,2490,5597,2700,2897,4897,2362,2535,2797,1355,1442,700,340,360,
14010,2801,1359,1442,4900,2409,2491,5600,2701,2899,4899,2364,2535,2799,1355,1444,700,340,360,
14015,2802,1360,1442,4901,2409,2492,5601,2702,2899,4901,2366,2535,2800,1356,1444,700,340,360,
14020,2803,1361,1442,4904,2410,2494,5605,2703,2902,4903,2366,2537,2801,1357,1444,700,340,360,
14025,2803,1361,1442,4906,2412,2494,5605,2703,2902,4904,2366,2538,2801,1357,1444,701,341,360,
14030,2805,1362,1443,4907,2412,2495,5608,2704,2904,4906,2367,2539,2803,1357,1446,701,341,360,
14035,2806,1362,1444,4908,2412,2496,5609,2704,2905,4908,2368,2540,2804,1358,1446,701,341,360,
14040,2807,1362,1445,4911,2413,2498,5613,2706,2907,4910,2370,2540,2805,1358,1447,701,341,360,
14045,2807,1362,1445,4913,2413,2500,5613,2706,2907,4911,2370,2541,2805,1358,1447,702,341,361,
14050,2809,1364,1445,4914,2413,2501,5616,2707,2909,4913,2372,2541,2807,1359,1448,702,341,361,
14055,2810,1365,1445,4915,2413,2502,5617,2707,2910,4915,2373,2542,2808,1360,1448,702,341,361,
14060,2811,1366,1445,4918,2415,2503,5621,2710,2911,4917,2373,2544,2809,1360,1449,702,341,361,
14065,2811,1366,1445,4920,2416,2504,5621,2710,2911,4918,2373,2545,2809,1360,1449,703,341,362,
14070,2813,1367,1446,4921,2416,2505,5624,2712,2912,4920,2374,2546,2811,1360,1451,703,341,362,
14075,2814,1368,1446,4922,2416,2506,5625,2712,2913,4922,2375,2547,2812,1360,1452,703,341,362,
14080,2815,1368,1447,4925,2416,2509,5629,2715,2914,4924,2375,2549,2813,1360,1453,703,341,362,
14085,2815,1368,1447,4927,2416,2511,5629,2715,2914,4925,2375,2550,2813,1360,1453,704,341,363,
14090,2817,1369,1448,4928,2416,2512,5632,2718,2914,4927,2376,2551,2815,1361,1454,704,341,363,
14095,2818,1370,1448,4929,2417,2512,5633,2719,2914,4929,2376,2553,2816,1362,1454,704,341,363,
14100,2819,1371,1448,4932,2419,2513,5637,2722,2915,4931,2378,2553,2817,1362,1455,704,341,363,
14105,2819,1371,1448,4934,2421,2513,5637,2722,2915,4932,2379,2553,2817,1362,1455,705,342,363,
14110,2821,1373,1448,4935,2422,2513,5640,2723,2917,4934,2380,2554,2819,1363,1456,705,342,363,
14115,2822,1373,1449,4936,2423,2513,5641,2723,2918,4936,2381,2555,2820,1364,1456,705,342,363,
14120,2823,1373,1450,4939,2425,2514,5645,2725,2920,4938,2382,2556,2821,1365,1456,705,342,363,
14125,2823,1373,1450,4941,2425,2516,5645,2725,2920,4939,2382,2557,2821,1365,1456,706,342,364,
14130,2825,1373,1452,4942,2426,2516,5648,2727,2921,4941,2384,2557,2823,1367,1456,706,342,364,
14135,2826,1373,1453,4943,2427,2516,5649,2728,2921,4943,2385,2558,2824,1368,1456,706,342,364,
14140,2827,1374,1453,4946,2429,2517,5653,2729,2924,4945,2386,2559,2825,1369,1456,706,342,364,
14145,2827,1374,1453,4948,2429,2519,5653,2729,2924,4946,2386,2560,2825,1369,1456,707,342,365,
14150,2829,1375,1454,4949,2430,2519,5656,2731,2925,4948,2387,2561,2827,1370,1457,707,342,365,
14155,2830,1376,1454,4950,2430,2520,5657,2731,2926,4950,2389,2561,2828,1371,1457,707,342,365,
14160,2831,1377,1454,4953,2431,2522,5661,2733,2928,4952,2390,2562,2829,1372,1457,707,342,365,
14165,2831,1377,1454,4955,2433,2522,5661,2733,2928,4953,2391,2562,2829,1372,1457,708,342,366,
14170,2833,1377,1456,4956,2433,2523,5664,2735,2929,4955,2393,2562,2831,1373,1458,708,342,366,
14175,2834,1378,1456,4957,2434,2523,5665,2736,2929,4957,2394,2563,2832,1373,1459,708,342,366,
14180,2835,1378,1457,4960,2435,2525,5669,2739,2930,4959,2394,2565,2833,1373,1460,708,342,366,
14185,2835,1378,1457,4962,2436,2526,5669,2739,2930,4960,2395,2565,2833,1373,1460,709,342,367,
14190,2837,1380,1457,4963,2436,2527,5672,2740,2932,4962,2395,2567,2835,1374,1461,709,342,367,
14195,2838,1381,1457,4964,2437,2527,5673,2740,2933,4964,2396,2568,2836,1375,1461,709,342,367,
14200,2839,1382,1457,4967,2438,2529,5677,2740,2937,4966,2397,2569,2837,1376,1461,709,342,367,
14205,2839,1382,1457,4969,2438,2531,5677,2740,2937,4967,2397,2570,2837,1376,1461,710,343,367,
14210,2841,1383,1458,4970,2438,2532,5680,2741,2939,4969,2399,2570,2839,1377,1462,710,343,367,
14215,2842,1383,1459,4971,2439,2532,5681,2742,2939,4971,2400,2571,2840,1378,1462,710,343,367,
14220,2843,1383,1460,4974,2440,2534,5685,2744,2941,4973,2401,2572,2841,1378,1463,710,343,367,
14225,2843,1383,1460,4976,2442,2534,5685,2744,2941,4974,2401,2573,2841,1378,1463,711,343,368,
14230,2845,1383,1462,4977,2443,2534,5688,2745,2943,4976,2402,2574,2843,1379,1464,711,343,368,
14235,2846,1383,1463,4978,2444,2534,5689,2745,2944,4978,2403,2575,2844,1379,1465,711,343,368,
14240,2847,1383,1464,4981,2447,2534,5693,2747,2946,4980,2404,2576,2845,1379,1466,711,343,368,
14245,2847,1383,1464,4983,2449,2534,5693,2747,2946,4981,2404,2577,2845,1379,1466,712,343,369,
14250,2849,1383,1466,4984,2450,2534,5696,2748,2948,4983,2406,2577,2847,1379,1468,712,343,369,
14255,2850,1383,1467,4985,2450,2535,5697,2748,2949,4985,2407,2578,2848,1379,1469,712,343,369,
14260,2851,1383,1468,4988,2451,2537,5701,2750,2951,4987,2408,2579,2849,1380,1469,712,343,369,
14265,2851,1383,1468,4990,2452,2538,5701,2750,2951,4988,2409,2579,2849,1380,1469,713,344,369,
14270,2853,1384,1469,4991,2452,2539,5704,2751,2953,4990,2410,2580,2851,1380,1471,713,344,369,
14275,2854,1385,1469,4992,2452,2540,5705,2751,2954,4992,2412,2580,2852,1380,1472,713,344,369,
14280,2855,1385,1470,4995,2455,2540,5709,2753,2956,4994,2413,2581,2853,1381,1472,713,344,369,
14285,2855,1385,1470,4997,2456,2541,5709,2753,2956,4995,2413,2582,2853,1381,1472,714,345,369,
14290,2857,1386,1471,4998,2456,2542,5712,2754,2958,4997,2413,2584,2855,1382,1473,714,345,369,
14295,2858,1386,1472,4999,2457,2542,5713,2754,2959,4999,2414,2585,2856,1382,1474,714,345,369,
14300,2859,1386,1473,5002,2457,2545,5717,2756,2961,5001,2415,2586,2857,1382,1475,714,345,369,
14305,2859,1386,1473,5004,2458,2546,5717,2756,2961,5002,2415,2587,2857,1382,1475,715,345,370,
14310,2861,1386,1475,5005,2459,2546,5720,2757,2963,5004,2417,2587,2859,1383,1476,715,345,370,
14315,2862,1386,1476,5006,2459,2547,5721,2758,2963,5006,2418,2588,2860,1383,1477,715,345,370,
14320,2863,1386,1477,5009,2461,2548,5725,2760,2965,5008,2419,2589,2861,1383,1478,715,345,370,
14325,2863,1386,1477,5011,2462,2549,5725,2760,2965,5009,2420,2589,2861,1383,1478,716,345,371,
14330,2865,1386,1479,5012,2462,2550,5728,2762,2966,5011,2421,2590,2863,1383,1480,716,345,371,
14335,2866,1386,1480,5013,2462,2551,5729,2762,2967,5013,2422,2591,2864,1384,1480,716,345,371,
14340,2867,1386,1481,5016,2464,2552,5733,2764,2969,5015,2424,2591,2865,1385,1480,716,345,371,
14345,2867,1386,1481,5018,2464,2554,5733,2764,2969,5016,2424,2592,2865,1385,1480,717,345,372,
14350,2869,1387,1482,5019,2464,2555,5736,2765,2971,5018,2424,2594,2867,1387,1480,717,345,372,
14355,2870,1388,1482,5020,2465,2555,5737,2766,2971,5020,2425,2595,2868,1387,1481,717,345,372,
14360,2871,1388,1483,5023,2466,2557,5741,2767,2974,5022,2426,2596,2869,1387,1482,717,345,372,
14365,2871,1388,1483,5025,2468,2557,5741,2767,2974,5023,2426,2597,2869,1387,1482,718,345,373,
14370,2873,1389,1484,5026,2468,2558,5744,2769,2975,5025,2427,2598,2871,1387,1484,718,345,373,
14375,2874,1389,1485,5027,2468,2559,5745,2769,2976,5027,2428,2599,2872,1388,1484,718,345,373,
14380,2875,1390,1485,5030,2469,2561,5749,2771,2978,5029,2430,2599,2873,1388,1485,718,345,373,
14385,2875,1390,1485,5032,2470,2562,5749,2771,2978,5030,2431,2599,2873,1388,1485,719,346,373,
14390,2877,1392,1485,5033,2471,2562,5752,2771,2981,5032,2432,2600,2875,1389,1486,719,346,373,
14395,2878,1392,1486,5034,2471,2563,5753,2771,2982,5034,2432,2602,2876,1389,1487,719,346,373,
14400,2879,1393,1486,5037,2472,2565,5757,2773,2984,5036,2432,2604,2877,1389,1488,719,346,373,
14405,2879,1393,1486,5039,2474,2565,5757,2773,2984,5037,2432,2605,2877,1389,1488,720,346,374,
14410,2881,1393,1488,5040,2475,2565,5760,2775,2985,5039,2433,2606,2879,1390,1489,720,346,374,
14415,2882,1394,1488,5041,2476,2565,5761,2776,2985,5041,2434,2607,2880,1390,1490,720,346,374,
14420,2883,1394,1489,5044,2477,2567,5765,2779,2986,5043,2435,2608,2881,1390,1491,720,346,374,
14425,2883,1394,1489,5046,2477,2569,5765,2779,2986,5044,2435,2609,2881,1390,1491,721,347,374,
14430,2885,1394,1491,5047,2477,2570,5768,2781,2987,5046,2436,2610,2883,1391,1492,721,347,374,
14435,2886,1395,1491,5048,2478,2570,5769,2781,2988,5048,2436,2612,2884,1391,1493,721,347,374,
14440,2887,1396,1491,5051,2478,2573,5773,2782,2991,5050,2437,2613,2885,1392,1493,721,347,374,
14445,2887,1396,1491,5053,2479,2574,5773,2782,2991,5051,2438,2613,2885,1392,1493,722,347,375,
14450,2889,1397,1492,5054,2480,2574,5776,2784,2992,5053,2440,2613,2887,1393,1494,722,347,375,
14455,2890,1397,1493,5055,2480,2575,5777,2785,2992,5055,2441,2614,2888,1394,1494,722,347,375,
14460,2891,1398,1493,5058,2483,2575,5781,2788,2993,5057,2441,2616,2889,1395,1494,722,347,375,
14465,2891,1398,1493,5060,2484,2576,5781,2788,2993,5058,2442,2616,2889,1395,1494,723,347,376,
14470,2893,1398,1495,5061,2485,2576,5784,2790,2994,5060,2443,2617,2891,1396,1495,723,347,376,
14475,2894,1398,1496,5062,2485,2577,5785,2790,2995,5062,2445,2617,2892,1396,1496,723,347,376,
14480,2895,1399,1496,5065,2487,2578,5789,2792,2997,5064,2446,2618,2893,1396,1497,723,347,376,
14485,2895,1399,1496,5067,2487,2580,5789,2792,2997,5065,2447,2618,2893,1396,1497,724,347,377,
14490,2897,1399,1498,5068,2488,2580,5792,2793,2999,5067,2449,2618,2895,1397,1498,724,347,377,
14495,2898,1400,1498,5069,2488,2581,5793,2794,2999,5069,2450,2619,2896,1398,1498,724,347,377,
14500,2899,1400,1499,5072,2490,2582,5797,2797,3000,5071,2450,2621,2897,1398,1499,724,347,377,
14505,2899,1400,1499,5074,2491,2583,5797,2797,3000,5072,2450,2622,2897,1398,1499,725,347,378,
14510,2901,1401,1500,5075,2492,2583,5800,2798,3002,5074,2451,2623,2899,1399,1500,725,347,378,
14515,2902,1401,1501,5076,2492,2584,5801,2798,3003,5076,2453,2623,2900,1399,1501,725,347,378,
14520,2903,1401,1502,5079,2492,2587,5805,2800,3005,5078,2454,2624,2901,1400,1501,725,347,378,
14525,2903,1401,1502,5081,2493,2588,5805,2800,3005,5079,2454,2625,2901,1400,1501,726,347,379,
14530,2905,1401,1504,5082,2493,2589,5808,2802,3006,5081,2455,2626,2903,1401,1502,726,347,379,
14535,2906,1401,1505,5083,2493,2590,5809,2803,3006,5083,2457,2626,2904,1402,1502,726,347,379,
14540,2907,1401,1506,5086,2495,2591,5813,2806,3007,5085,2457,2628,2905,1402,1503,726,347,379,
14545,2907,1401,1506,5088,2495,2593,5813,2806,3007,5086,2457,2629,2905,1402,1503,727,347,380,
14550,2909,1402,1507,5089,2496,2593,5816,2807,3009,5088,2457,2631,2907,1403,1504,727,347,380,
14555,2910,1403,1507,5090,2497,2593,5817,2808,3009,5090,2459,2631,2908,1403,1505,727,347,380,
14560,2911,1404,1507,5093,2498,2595,5821,2811,3010,5092,2460,2632,2909,1403,1506,727,347,380,
14565,2911,1404,1507,5095,2498,2597,5821,2811,3010,5093,2460,2633,2909,1403,1506,728,348,380,
14570,2913,1405,1508,5096,2498,2598,5824,2814,3010,5095,2462,2633,2911,1403,1508,728,348,380,
14575,2914,1405,1509,5097,2499,2598,5825,2815,3010,5097,2463,2634,2912,1404,1508,728,348,380,
14580,2915,1406,1509,5100,2500,2600,5829,2817,3012,5099,2465,2634,2913,1404,1509,728,348,380,
14585,2915,1406,1509,5102,2502,2600,5829,2817,3012,5100,2466,2634,2913,1404,1509,729,349,380,
14590,2917,1407,1510,5103,2502,2601,5832,2819,3013,5102,2466,2636,2915,1404,1511,729,349,380,
14595,2918,1408,1510,5104,2503,2601,5833,2820,3013,5104,2466,2638,2916,1404,1512,729,349,380,
14600,2919,1408,1511,5107,2504,2603,5837,2821,3016,5106,2466,2640,2917,1405,1512,729,349,380,
14605,2919,1408,1511,5109,2506,2603,5837,2821,3016,5107,2466,2641,2917,1405,1512,730,349,381,
14610,2921,1408,1513,5110,2507,2603,5840,2823,3017,5109,2468,2641,2919,1407,1512,730,349,381,
14615,2922,1409,1513,5111,2508,2603,5841,2823,3018,5111,2469,2642,2920,1408,1512,730,349,381,
14620,2923,1409,1514,5114,2511,2603,5845,2826,3019,5113,2469,2644,2921,1408,1513,730,349,381,
14625,2923,1409,1514,5116,2512,2604,5845,2826,3019,5114,2470,2644,2921,1408,1513,731,349,382,
14630,2925,1409,1516,5117,2512,2605,5848,2827,3021,5116,2471,2645,2923,1408,1515,731,349,382,
14635,2926,1410,1516,5118,2513,2605,5849,2828,3021,5118,2472,2646,2924,1409,1515,731,349,382,
14640,2927,1411,1516,5121,2514,2607,5853,2831,3022,5120,2473,2647,2925,1409,1516,731,349,382,
14645,2927,1411,1516,5123,2514,2609,5853,2831,3022,5121,2473,2648,2925,1409,1516,732,350,382,
14650,2929,1412,1517,5124,2515,2609,5856,2831,3025,5123,2475,2648,2927,1410,1517,732,350,382,
14655,2930,1412,1518,5125,2516,2609,5857,2831,3026,5125,2476,2649,2928,1410,1518,732,350,382,
14660,2931,1413,1518,5128,2517,2611,5861,2833,3028,5127,2477,2650,2929,1411,1518,732,350,382,
14665,2931,1413,1518,5130,2518,2612,5861,2833,3028,5128,2477,2651,2929,1411,1518,733,351,382,
14670,2933,1414,1519,5131,2518,2613,5864,2835,3029,5130,2478,2652,2931,1411,1520,733,351,382,
14675,2934,1415,1519,5132,2518,2614,5865,2835,3030,5132,2478,2654,2932,1412,1520,733,351,382,
14680,2935,1415,1520,5135,2520,2615,5869,2836,3033,5134,2480,2654,2933,1413,1520,733,351,382,
14685,2935,1415,1520,5137,2522,2615,5869,2836,3033,5135,2480,2655,2933,1413,1520,734,351,383,
14690,2937,1416,1521,5138,2523,2615,5872,2837,3035,5137,2482,2655,2935,1413,1522,734,351,383,
14695,2938,1417,1521,5139,2524,2615,5873,2838,3035,5139,2483,2656,2936,1413,1523,734,351,383,
14700,2939,1417,1522,5142,2525,2617,5877,2841,3036,5141,2485,2656,2937,1413,1524,734,351,383,
14705,2939,1417,1522,5144,2525,2619,5877,2841,3036,5142,2486,2656,2937,1413,1524,735,351,384,
14710,2941,1419,1522,5145,2525,2620,5880,2841,3039,5144,2487,2657,2939,1414,1525,735,351,384,
14715,2942,1420,1522,5146,2525,2621,5881,2842,3039,5146,2487,2659,2940,1415,1525,735,351,384,
14720,2943,1421,1522,5149,2526,2623,5885,2844,3041,5148,2489,2659,2941,1415,1526,735,351,384,
14725,2943,1421,1522,5151,2527,2624,5885,2844,3041,5149,2489,2660,2941,1415,1526,736,352,384,
14730,2945,1421,1524,5152,2527,2625,5888,2847,3041,5151,2490,2661,2943,1416,1527,736,352,384,
14735,2946,1421,1525,5153,2528,2625,5889,2848,3041,5153,2491,2662,2944,1416,1528,736,352,384,
14740,2947,1421,1526,5156,2530,2626,5893,2850,3043,5155,2492,2663,2945,1417,1528,736,352,384,
14745,2947,1421,1526,5158,2532,2626,5893,2850,3043,5156,2493,2663,2945,1417,1528,737,352,385,
14750,2949,1422,1527,5159,2532,2627,5896,2850,3046,5158,2493,2665,2947,1418,1529,737,352,385,
14755,2950,1422,1528,5160,2533,2627,5897,2851,3046,5160,2494,2666,2948,1419,1529,737,352,385,
14760,2951,1423,1528,5163,2534,2629,5901,2854,3047,5162,2496,2666,2949,1419,1530,737,352,385,
14765,2951,1423,1528,5165,2535,2630,5901,2854,3047,5163,2496,2667,2949,1419,1530,738,353,385,
14770,2953,1425,1528,5166,2535,2631,5904,2855,3049,5165,2497,2668,2951,1421,1530,738,353,385,
14775,2954,1426,1528,5167,2536,2631,5905,2855,3050,5167,2499,2668,2952,1422,1530,738,353,385,
14780,2955,1427,1528,5170,2537,2633,5909,2857,3052,5169,2499,2670,2953,1423,1530,738,353,385,
14785,2955,1427,1528,5172,2538,2634,5909,2857,3052,5170,2500,2670,2953,1423,1530,739,353,386,
14790,2957,1429,1528,5173,2539,2634,5912,2857,3055,5172,2501,2671,2955,1425,1530,739,353,386,
14795,2958,1429,1529,5174,2539,2635,5913,2858,3055,5174,2502,2672,2956,1425,1531,739,353,386,
14800,2959,1430,1529,5177,2540,2637,5917,2861,3056,5176,2503,2673,2957,1425,1532,739,353,386,
14805,2959,1430,1529,5179,2541,2638,5917,2861,3056,5177,2504,2673,2957,1425,1532,740,353,387,
14810,2961,1432,1529,5180,2542,2638,5920,2863,3057,5179,2504,2675,2959,1426,1533,740,353,387,
14815,2962,1433,1529,5181,2543,2638,5921,2863,3058,5181,2506,2675,2960,1426,1534,740,353,387,
14820,2963,1433,1530,5184,2546,2638,5925,2865,3060,5183,2508,2675,2961,1426,1535,740,353,387,
14825,2963,1433,1530,5186,2548,2638,5925,2865,3060,5184,2508,2676,2961,1426,1535,741,353,388,
14830,2965,1434,1531,5187,2549,2638,5928,2865,3063,5186,2508,2678,2963,1426,1537,741,353,388,
14835,2966,1435,1531,5188,2550,2638,5929,2866,3063,5188,2508,2680,2964,1426,1538,741,353,388,
14840,2967,1436,1531,5191,2551,2640,5933,2869,3064,5190,2509,2681,2965,1427,1538,741,353,388,
14845,2967,1436,1531,5193,2553,2640,5933,2869,3064,5191,2509,2682,2965,1427,1538,742,353,389,
14850,2969,1437,1532,5194,2553,2641,5936,2869,3067,5193,2511,2682,2967,1428,1539,742,353,389,
14855,2970,1438,1532,5195,2553,2642,5937,2869,3068,5195,2511,2684,2968,1429,1539,742,353,389,
14860,2971,1439,1532,5198,2555,2643,5941,2872,3069,5197,2512,2685,2969,1430,1539,742,353,389,
14865,2971,1439,1532,5200,2557,2643,5941,2872,3069,5198,2512,2686,2969,1430,1539,743,354,389,
14870,2973,1440,1533,5201,2557,2644,5944,2873,3071,5200,2513,2687,2971,1431,1540,743,354,389,
14875,2974,1441,1533,5202,2558,2644,5945,2873,3072,5202,2514,2688,2972,1431,1541,743,354,389,
14880,2975,1442,1533,5205,2559,2646,5949,2873,3076,5204,2516,2688,2973,1431,1542,743,354,389,
14885,2975,1442,1533,5207,2560,2647,5949,2873,3076,5205,2517,2688,2973,1431,1542,744,354,390,
14890,2977,1443,1534,5208,2560,2648,5952,2874,3078,5207,2518,2689,2975,1433,1542,744,354,390,
14895,2978,1443,1535,5209,2561,2648,5953,2875,3078,5209,2518,2691,2976,1433,1543,744,354,390,
14900,2979,1444,1535,5212,2562,2650,5957,2877,3080,5211,2519,2692,2977,1434,1543,744,354,390,
14905,2979,1444,1535,5214,2562,2652,5957,2877,3080,5212,2519,2693,2977,1434,1543,745,354,391,
14910,2981,1444,1537,5215,2563,2652,5960,2879,3081,5214,2521,2693,2979,1435,1544,745,354,391,
14915,2982,1444,1538,5216,2564,2652,5961,2879,3082,5216,2523,2693,2980,1435,1545,745,354,391,
14920,2983,1444,1539,5219,2567,2652,5965,2881,3084,5218,2525,2693,2981,1436,1545,745,354,391,
14925,2983,1444,1539,5221,2567,2654,5965,2881,3084,5219,2526,2693,2981,1436,1545,746,354,392,
14930,2985,1444,1541,5222,2568,2654,5968,2884,3084,5221,2527,2694,2983,1436,1547,746,354,392,
14935,2986,1444,1542,5223,2568,2655,5969,2885,3084,5223,2527,2696,2984,1436,1548,746,354,392,
14940,2987,1445,1542,5226,2570,2656,5973,2887,3086,5225,2527,2698,2985,1436,1549,746,354,392,
14945,2987,1445,1542,5228,2571,2657,5973,2887,3086,5226,2527,2699,2985,1436,1549,747,355,392,
14950,2989,1446,1543,5229,2572,2657,5976,2888,3088,5228,2528,2700,2987,1437,1550,747,355,392,
14955,2990,1446,1544,5230,2572,2658,5977,2889,3088,5230,2530,2700,2988,1438,1550,747,355,392,
14960,2991,1447,1544,5233,2573,2660,5981,2891,3090,5232,2530,2702,2989,1438,1551,747,355,392,
14965,2991,1447,1544,5235,2574,2661,5981,2891,3090,5233,2530,2703,2989,1438,1551,748,355,393,
14970,2993,1448,1545,5236,2574,2662,5984,2891,3093,5235,2532,2703,2991,1438,1553,748,355,393,
14975,2994,1449,1545,5237,2574,2663,5985,2891,3094,5237,2532,2705,2992,1439,1553,748,355,393,
14980,2995,1450,1545,5240,2574,2666,5989,2892,3097,5239,2532,2707,2993,1440,1553,748,355,393,
14985,2995,1450,1545,5242,2575,2667,5989,2892,3097,5240,2533,2707,2993,1440,1553,749,355,394,
14990,2997,1452,1545,5243,2575,2668,5992,2895,3097,5242,2534,2708,2995,1441,1554,749,355,394,
14995,2998,1452,1546,5244,2576,2668,5993,2896,3097,5244,2535,2709,2996,1442,1554,749,355,394,
15000,2999,1453,1546,5247,2576,2671,5997,2897,3100,5246,2535,2711,2997,1443,1554,749,355,394,
15005,2999,1453,1546,5249,2576,2673,5997,2897,3100,5247,2535,2712,2997,1443,1554,750,355,395,
15010,3001,1453,1548,5250,2576,2674,6000,2898,3102,5249,2535,2714,2999,1444,1555,750,355,395,
15015,3002,1454,1548,5251,2577,2674,6001,2899,3102,5251,2536,2715,3000,1444,1556,750,355,395,
15020,3003,1454,1549,5254,2579,2675,6005,2903,3102,5253,2538,2715,3001,1444,1557,750,355,395,
15025,3003,1454,1549,5256,2580,2676,6005,2903,3102,5254,2539,2715,3001,1444,1557,751,356,395,
15030,3005,1456,1549,5257,2581,2676,6008,2904,3104,5256,2540,2716,3003,1445,1558,751,356,395,
15035,3006,1456,1550,5258,2581,2677,6009,2905,3104,5258,2542,2716,3004,1446,1558,751,356,395,
15040,3007,1457,1550,5261,2581,2680,6013,2908,3105,5260,2543,2717,3005,1446,1559,751,356,395,
15045,3007,1457,1550,5263,2583,2680,6013,2908,3105,5261,2544,2717,3005,1446,1559,752,356,396,
15050,3009,1457,1552,5264,2583,2681,6016,2908,3108,5263,2546,2717,3007,1446,1561,752,356,396,
15055,3010,1457,1553,5265,2583,2682,6017,2908,3109,5265,2547,2718,3008,1446,1562,752,356,396,
15060,3011,1458,1553,5268,2584,2684,6021,2911,3110,5267,2549,2718,3009,1446,1563,752,356,396,
15065,3011,1458,1553,5270,2585,2685,6021,2911,3110,5268,2550,2718,3009,1446,1563,753,357,396,
15070,3013,1459,1554,5271,2586,2685,6024,2912,3112,5270,2551,2719,3011,1447,1564,753,357,396,
15075,3014,1459,1555,5272,2586,2686,6025,2913,3112,5272,2552,2720,3012,1448,1564,753,357,396,
15080,3015,1459,1556,5275,2586,2689,6029,2916,3113,5274,2553,2721,3013,1448,1565,753,357,396,
15085,3015,1459,1556,5277,2587,2690,6029,2916,3113,5275,2553,2722,3013,1448,1565,754,358,396,
15090,3017,1460,1557,5278,2588,2690,6032,2916,3116,5277,2553,2724,3015,1449,1566,754,358,396,
15095,3018,1460,1558,5279,2588,2691,6033,2916,3117,5279,2554,2725,3016,1449,1567,754,358,396,
15100,3019,1460,1559,5282,2590,2692,6037,2917,3120,5281,2556,2725,3017,1450,1567,754,358,396,
15105,3019,1460,1559,5284,2590,2694,6037,2917,3120,5282,2557,2725,3017,1450,1567,755,358,397,
15110,3021,1461,1560,5285,2590,2695,6040,2918,3122,5284,2557,2727,3019,1451,1568,755,358,397,
15115,3022,1462,1560,5286,2590,2696,6041,2919,3122,5286,2558,2728,3020,1451,1569,755,358,397,
15120,3023,1462,1561,5289,2591,2698,6045,2922,3123,5288,2560,2728,3021,1452,1569,755,358,397,
15125,3023,1462,1561,5291,2592,2699,6045,2922,3123,5289,2560,2729,3021,1452,1569,756,358,398,
15130,3025,1464,1561,5292,2593,2699,6048,2923,3125,5291,2562,2729,3023,1453,1570,756,358,398,
15135,3026,1464,1562,5293,2593,2700,6049,2924,3125,5293,2564,2729,3024,1454,1570,756,358,398,
15140,3027,1464,1563,5296,2595,2701,6053,2927,3126,5295,2565,2730,3025,1454,1571,756,358,398,
15145,3027,1464,1563,5298,2595,2703,6053,2927,3126,5296,2566,2730,3025,1454,1571,757,358,399,
15150,3029,1464,1565,5299,2596,2703,6056,2927,3129,5298,2567,2731,3027,1455,1572,757,358,399,
15155,3030,1465,1565,5300,2596,2704,6057,2928,3129,5300,2567,2733,3028,1456,1572,757,358,399,
15160,3031,1466,1565,5303,2597,2706,6061,2930,3131,5302,2569,2733,3029,1456,1573,757,358,399,
15165,3031,1466,1565,5305,2598,2707,6061,2930,3131,5303,2569,2734,3029,1456,1573,758,359,399,
15170,3033,1466,1567,5306,2599,2707,6064,2932,3132,5305,2570,2735,3031,1458,1573,758,359,399,
15175,3034,1467,1567,5307,2599,2708,6065,2933,3132,5307,2570,2737,3032,1458,1574,758,359,399,
15180,3035,1468,1567,5310,2599,2711,6069,2935,3134,5309,2572,2737,3033,1459,1574,758,359,399,
15185,3035,1468,1567,5312,2601,2711,6069,2935,3134,5310,2573,2737,3033,1459,1574,759,359,400,
15190,3037,1468,1569,5313,2601,2712,6072,2938,3134,5312,2574,2738,3035,1460,1575,759,359,400,
15195,3038,1468,1570,5314,2601,2713,6073,2939,3134,5314,2575,2739,3036,1461,1575,759,359,400,
15200,3039,1469,1570,5317,2602,2715,6077,2942,3135,5316,2575,2741,3037,1462,1575,759,359,400,
15205,3039,1469,1570,5319,2604,2715,6077,2942,3135,5317,2575,2742,3037,1462,1575,760,359,401,
15210,3041,1470,1571,5320,2605,2715,6080,2944,3136,5319,2577,2742,3039,1463,1576,760,359,401,
15215,3042,1470,1572,5321,2606,2715,6081,2944,3137,5321,2578,2743,3040,1464,1576,760,359,401,
15220,3043,1470,1573,5324,2607,2717,6085,2945,3140,5323,2578,2745,3041,1465,1576,760,359,401,
15225,3043,1470,1573,5326,2608,2718,6085,2945,3140,5324,2578,2746,3041,1465,1576,761,359,402,
15230,3045,1471,1574,5327,2609,2718,6088,2945,3143,5326,2580,2746,3043,1466,1577,761,359,402,
15235,3046,1472,1574,5328,2610,2718,6089,2946,3143,5328,2581,2747,3044,1467,1577,761,359,402,
15240,3047,1473,1574,5331,2611,2720,6093,2947,3146,5330,2582,2748,3045,1467,1578,761,359,402,
15245,3047,1473,1574,5333,2611,2722,6093,2947,3146,5331,2583,2748,3045,1467,1578,762,360,402,
15250,3049,1473,1576,5334,2612,2722,6096,2949,3147,5333,2583,2750,3047,1469,1578,762,360,402,
15255,3050,1473,1577,5335,2612,2723,6097,2950,3147,5335,2584,2751,3048,1469,1579,762,360,402,
15260,3051,1473,1578,5338,2614,2724,6101,2951,3150,5337,2586,2751,3049,1470,1579,762,360,402,
15265,3051,1473,1578,5340,2616,2724,6101,2951,3150,5338,2587,2751,3049,1470,1579,763,360,403,
15270,3053,1474,1579,5341,2617,2724,6104,2953,3151,5340,2588,2752,3051,1470,1581,763,360,403,
15275,3054,1475,1579,5342,2617,2725,6105,2953,3152,5342,2588,2754,3052,1470,1582,763,360,403,
15280,3055,1475,1580,5345,2619,2726,6109,2956,3153,5344,2588,2756,3053,1470,1583,763,360,403,
15285,3055,1475,1580,5347,2621,2726,6109,2956,3153,5345,2588,2757,3053,1470,1583,764,360,404,
15290,3057,1475,1582,5348,2621,2727,6112,2957,3155,5347,2590,2757,3055,1470,1585,764,360,404,
15295,3058,1476,1582,5349,2621,2728,6113,2957,3156,5349,2591,2758,3056,1470,1586,764,360,404,
15300,3059,1477,1582,5352,2623,2729,6117,2958,3159,5351,2593,2758,3057,1470,1587,764,360,404,
15305,3059,1477,1582,5354,2623,2731,6117,2958,3159,5352,2594,2758,3057,1470,1587,765,360,405,
15310,3061,1478,1583,5355,2624,2731,6120,2960,3160,5354,2596,2758,3059,1470,1589,765,360,405,
15315,3062,1478,1584,5356,2625,2731,6121,2961,3160,5356,2597,2759,3060,1470,1590,765,360,405,
15320,3063,1479,1584,5359,2627,2732,6125,2961,3164,5358,2598,2760,3061,1470,1591,765,360,405,
15325,3063,1479,1584,5361,2627,2734,6125,2961,3164,5359,2598,2761,3061,1470,1591,766,360,406,
15330,3065,1480,1585,5362,2627,2735,6128,2962,3166,5361,2599,2762,3063,1472,1591,766,360,406,
15335,3066,1480,1586,5363,2627,2736,6129,2963,3166,5363,2599,2764,3064,1473,1591,766,360,406,
15340,3067,1481,1586,5366,2628,2738,6133,2963,3170,5365,2600,2765,3065,1474,1591,766,360,406,
15345,3067,1481,1586,5368,2628,2740,6133,2963,3170,5366,2601,2765,3065,1474,1591,767,360,407,
15350,3069,1481,1588,5369,2628,2741,6136,2964,3172,5368,2601,2767,3067,1474,1593,767,360,407,
15355,3070,1481,1589,5370,2629,2741,6137,2965,3172,5370,2601,2769,3068,1474,1594,767,360,407,
15360,3071,1482,1589,5373,2629,2744,6141,2967,3174,5372,2601,2771,3069,1475,1594,767,360,407,
15365,3071,1482,1589,5375,2631,2744,6141,2967,3174,5373,2601,2772,3069,1475,1594,768,361,407,
15370,3073,1482,1591,5376,2631,2745,6144,2970,3174,5375,2601,2774,3071,1476,1595,768,361,407,
15375,3074,1483,1591,5377,2632,2745,6145,2970,3175,5377,2603,2774,3072,1477,1595,768,361,407,
15380,3075,1484,1591,5380,2635,2745,6149,2972,3177,5379,2604,2775,3073,1478,1595,768,361,407,
15385,3075,1484,1591,5382,2636,2746,6149,2972,3177,5380,2604,2776,3073,1478,1595,769,361,408,
15390,3077,1485,1592,5383,2637,2746,6152,2975,3177,5382,2606,2776,3075,1479,1596,769,361,408,
15395,3078,1486,1592,5384,2637,2747,6153,2975,3178,5384,2606,2778,3076,1480,1596,769,361,408,
15400,3079,1487,1592,5387,2638,2749,6157,2978,3179,5386,2606,2780,3077,1481,1596,769,361,408,
15405,3079,1487,1592,5389,2639,2750,6157,2978,3179,5387,2606,2781,3077,1481,1596,770,362,408,
15410,3081,1489,1592,5390,2639,2751,6160,2979,3181,5389,2607,2782,3079,1483,1596,770,362,408,
15415,3082,1490,1592,5391,2640,2751,6161,2980,3181,5391,2608,2783,3080,1484,1596,770,362,408,
15420,3083,1490,1593,5394,2643,2751,6165,2983,3182,5393,2609,2784,3081,1484,1597,770,362,408,
15425,3083,1490,1593,5396,2643,2753,6165,2983,3182,5394,2609,2785,3081,1484,1597,771,362,409,
15430,3085,1491,1594,5397,2644,2753,6168,2985,3183,5396,2609,2787,3083,1484,1599,771,362,409,
15435,3086,1492,1594,5398,2644,2754,6169,2986,3183,5398,2611,2787,3084,1485,1599,771,362,409,
15440,3087,1493,1594,5401,2647,2754,6173,2988,3185,5400,2611,2789,3085,1485,1600,771,362,409,
15445,3087,1493,1594,5403,2648,2755,6173,2988,3185,5401,2612,2789,3085,1485,1600,772,363,409,
15450,3089,1494,1595,5404,2648,2756,6176,2989,3187,5403,2614,2789,3087,1486,1601,772,363,409,
15455,3090,1495,1595,5405,2649,2756,6177,2990,3187,5405,2614,2791,3088,1487,1601,772,363,409,
15460,3091,1496,1595,5408,2650,2758,6181,2993,3188,5407,2615,2792,3089,1487,1602,772,363,409,
15465,3091,1496,1595,5410,2650,2760,6181,2993,3188,5408,2616,2792,3089,1487,1602,773,363,410,
15470,3093,1496,1597,5411,2650,2761,6184,2994,3190,5410,2618,2792,3091,1488,1603,773,363,410,
15475,3094,1496,1598,5412,2651,2761,6185,2994,3191,5412,2619,2793,3092,1488,1604,773,363,410,
15480,3095,1497,1598,5415,2652,2763,6189,2995,3194,5414,2620,2794,3093,1488,1605,773,363,410,
15485,3095,1497,1598,5417,2653,2764,6189,2995,3194,5415,2621,2794,3093,1488,1605,774,364,410,
15490,3097,1498,1599,5418,2654,2764,6192,2997,3195,5417,2623,2794,3095,1490,1605,774,364,410,
15495,3098,1499,1599,5419,2655,2764,6193,2998,3195,5419,2623,2796,3096,1491,1605,774,364,410,
15500,3099,1500,1599,5422,2655,2767,6197,3001,3196,5421,2623,2798,3097,1491,1606,774,364,410,
15505,3099,1500,1599,5424,2655,2769,6197,3001,3196,5422,2623,2799,3097,1491,1606,775,365,410,
15510,3101,1501,1600,5425,2655,2770,6200,3003,3197,5424,2624,2800,3099,1493,1606,775,365,410,
15515,3102,1501,1601,5426,2656,2770,6201,3004,3197,5426,2625,2801,3100,1494,1606,775,365,410,
15520,3103,1501,1602,5429,2659,2770,6205,3007,3198,5428,2626,2802,3101,1495,1606,775,365,410,
15525,3103,1501,1602,5431,2661,2770,6205,3007,3198,5429,2627,2802,3101,1495,1606,776,365,411,
15530,3105,1501,1604,5432,2661,2771,6208,3009,3199,5431,2628,2803,3103,1495,1608,776,365,411,
15535,3106,1502,1604,5433,2661,2772,6209,3009,3200,5433,2628,2805,3104,1495,1609,776,365,411,
15540,3107,1502,1605,5436,2662,2774,6213,3011,3202,5435,2629,2806,3105,1495,1610,776,365,411,
15545,3107,1502,1605,5438,2663,2775,6213,3011,3202,5436,2629,2807,3105,1495,1610,777,365,412,
15550,3109,1502,1607,5439,2664,2775,6216,3013,3203,5438,2630,2808,3107,1496,1611,777,365,412,
15555,3110,1502,1608,5440,2664,2776,6217,3013,3204,5440,2630,2810,3108,1497,1611,777,365,412,
15560,3111,1503,1608,5443,2667,2776,6221,3015,3206,5442,2630,2812,3109,1497,1612,777,365,412,
15565,3111,1503,1608,5445,2668,2777,6221,3015,3206,5443,2630,2813,3109,1497,1612,778,366,412,
15570,3113,1504,1609,5446,2669,2777,6224,3016,3208,5445,2632,2813,3111,1497,1614,778,366,412,
15575,3114,1504,1610,5447,2669,2778,6225,3016,3209,5447,2633,2814,3112,1497,1615,778,366,412,
15580,3115,1504,1611,5450,2670,2780,6229,3019,3210,5449,2633,2816,3113,1498,1615,778,366,412,
15585,3115,1504,1611,5452,2670,2782,6229,3019,3210,5450,2633,2817,3113,1498,1615,779,367,412,
15590,3117,1505,1612,5453,2671,2782,6232,3019,3213,5452,2633,2819,3115,1500,1615,779,367,412,
15595,3118,1506,1612,5454,2671,2783,6233,3019,3214,5454,2633,2821,3116,1501,1615,779,367,412,
15600,3119,1506,1613,5457,2672,2785,6237,3020,3217,5456,2634,2822,3117,1501,1616,779,367,412,
15605,3119,1506,1613,5459,2672,2787,6237,3020,3217,5457,2634,2823,3117,1501,1616,780,367,413,
15610,3121,1508,1613,5460,2673,2787,6240,3022,3218,5459,2635,2824,3119,1502,1617,780,367,413,
15615,3122,1508,1614,5461,2673,2788,6241,3022,3219,5461,2635,2826,3120,1502,1618,780,367,413,
15620,3123,1509,1614,5464,2676,2788,6245,3025,3220,5463,2636,2827,3121,1502,1619,780,367,413,
15625,3123,1509,1614,5466,2677,2789,6245,3025,3220,5464,2636,2828,3121,1502,1619,781,367,414,
15630,3125,1510,1615,5467,2678,2789,6248,3027,3221,5466,2636,2830,3123,1502,1621,781,367,414,
15635,3126,1511,1615,5468,2678,2790,6249,3027,3222,5468,2637,2831,3124,1503,1621,781,367,414,
15640,3127,1512,1615,5471,2679,2792,6253,3028,3225,5470,2638,2832,3125,1504,1621,781,367,414,
15645,3127,1512,1615,5473,2680,2793,6253,3028,3225,5471,2638,2833,3125,1504,1621,782,367,415,
15650,3129,1512,1617,5474,2680,2794,6256,3030,3226,5473,2638,2835,3127,1505,1622,782,367,415,
15655,3130,1512,1618,5475,2680,2795,6257,3031,3226,5475,2639,2836,3128,1506,1622,782,367,415,
15660,3131,1513,1618,5478,2681,2797,6261,3033,3228,5477,2640,2837,3129,1507,1622,782,367,415,
15665,3131,1513,1618,5480,2681,2799,6261,3033,3228,5478,2641,2837,3129,1507,1622,783,367,416,
15670,3133,1513,1620,5481,2681,2800,6264,3036,3228,5480,2643,2837,3131,1508,1623,783,367,416,
15675,3134,1513,1621,5482,2682,2800,6265,3037,3228,5482,2643,2839,3132,1508,1624,783,367,416,
15680,3135,1514,1621,5485,2682,2803,6269,3039,3230,5484,2644,2840,3133,1508,1625,783,367,416,
15685,3135,1514,1621,5487,2682,2805,6269,3039,3230,5485,2644,2841,3133,1508,1625,784,368,416,
15690,3137,1516,1621,5488,2683,2805,6272,3041,3231,5487,2646,2841,3135,1509,1626,784,368,416,
15695,3138,1516,1622,5489,2684,2805,6273,3042,3231,5489,2647,2842,3136,1510,1626,784,368,416,
15700,3139,1516,1623,5492,2685,2807,6277,3044,3233,5491,2648,2843,3137,1510,1627,784,368,416,
15705,3139,1516,1623,5494,2686,2808,6277,3044,3233,5492,2649,2843,3137,1510,1627,785,369,416,
15710,3141,1517,1624,5495,2687,2808,6280,3046,3234,5494,2650,2844,3139,1512,1627,785,369,416,
15715,3142,1518,1624,5496,2688,2808,6281,3046,3235,5496,2650,2846,3140,1512,1628,785,369,416,
15720,3143,1519,1624,5499,2690,2809,6285,3046,3239,5498,2651,2847,3141,1513,1628,785,369,416,
15725,3143,1519,1624,5501,2690,2811,6285,3046,3239,5499,2651,2848,3141,1513,1628,786,369,417,
15730,3145,1521,1624,5502,2690,2812,6288,3048,3240,5501,2652,2849,3143,1514,1629,786,369,417,
15735,3146,1522,1624,5503,2690,2813,6289,3049,3240,5503,2653,2850,3144,1515,1629,786,369,417,
15740,3147,1523,1624,5506,2691,2815,6293,3052,3241,5505,2655,2850,3145,1516,1629,786,369,417,
15745,3147,1523,1624,5508,2692,2816,6293,3052,3241,5506,2656,2850,3145,1516,1629,787,369,418,
15750,3149,1524,1625,5509,2693,2816,6296,3053,3243,5508,2658,2850,3147,1517,1630,787,369,418,
15755,3150,1525,1625,5510,2693,2817,6297,3053,3244,5510,2659,2851,3148,1518,1630,787,369,418,
15760,3151,1526,1625,5513,2693,2820,6301,3054,3247,5512,2659,2853,3149,1518,1631,787,369,418,
15765,3151,1526,1625,5515,2694,2821,6301,3054,3247,5513,2660,2853,3149,1518,1631,788,370,418,
15770,3153,1526,1627,5516,2694,2822,6304,3055,3249,5515,2660,2855,3151,1519,1632,788,370,418,
15775,3154,1526,1628,5517,2694,2823,6305,3056,3249,5517,2661,2856,3152,1519,1633,788,370,418,
15780,3155,1527,1628,5520,2694,2826,6309,3059,3250,5519,2662,2857,3153,1519,1634,788,370,418,
15785,3155,1527,1628,5522,2695,2827,6309,3059,3250,5520,2662,2858,3153,1519,1634,789,371,418,
15790,3157,1527,1630,5523,2695,2828,6312,3061,3251,5522,2663,2859,3155,1519,1636,789,371,418,
15795,3158,1528,1630,5524,2696,2828,6313,3061,3252,5524,2664,2860,3156,1519,1637,789,371,418,
15800,3159,1529,1630,5527,2697,2830,6317,3064,3253,5526,2665,2861,3157,1520,1637,789,371,418,
15805,3159,1529,1630,5529,2697,2832,6317,3064,3253,5527,2665,2862,3157,1520,1637,790,371,419,
15810,3161,1530,1631,5530,2698,2832,6320,3065,3255,5529,2666,2863,3159,1520,1639,790,371,419,
15815,3162,1531,1631,5531,2699,2832,6321,3066,3255,5531,2667,2864,3160,1521,1639,790,371,419,
15820,3163,1531,1632,5534,2701,2833,6325,3069,3256,5533,2669,2864,3161,1522,1639,790,371,419,
15825,3163,1531,1632,5536,2702,2834,6325,3069,3256,5534,2669,2865,3161,1522,1639,791,371,420,
15830,3165,1532,1633,5537,2702,2835,6328,3071,3257,5536,2670,2866,3163,1523,1640,791,371,420,
15835,3166,1532,1634,5538,2703,2835,6329,3072,3257,5538,2671,2867,3164,1524,1640,791,371,420,
15840,3167,1532,1635,5541,2705,2836,6333,3073,3260,5540,2672,2868,3165,1525,1640,791,371,420,
15845,3167,1532,1635,5543,2707,2836,6333,3073,3260,5541,2672,2869,3165,1525,1640,792,371,421,
15850,3169,1533,1636,5544,2707,2837,6336,3075,3261,5543,2674,2869,3167,1526,1641,792,371,421,
15855,3170,1533,1637,5545,2708,2837,6337,3076,3261,5545,2675,2870,3168,1526,1642,792,371,421,
15860,3171,1534,1637,5548,2709,2839,6341,3077,3264,5547,2675,2872,3169,1526,1643,792,371,421,
15865,3171,1534,1637,5550,2710,2840,6341,3077,3264,5548,2676,2872,3169,1526,1643,793,372,421,
15870,3173,1535,1638,5551,2710,2841,6344,3079,3265,5550,2677,2873,3171,1526,1645,793,372,421,
15875,3174,1535,1639,5552,2710,2842,6345,3080,3265,5552,2678,2874,3172,1526,1646,793,372,421,
15880,3175,1536,1639,5555,2711,2844,6349,3081,3268,5554,2678,2876,3173,1527,1646,793,372,421,
15885,3175,1536,1639,5557,2712,2845,6349,3081,3268,5555,2679,2876,3173,1527,1646,794,372,422,
15890,3177,1537,1640,5558,2712,2846,6352,3083,3269,5557,2679,2878,3175,1528,1647,794,372,422,
15895,3178,1538,1640,5559,2712,2847,6353,3083,3270,5559,2680,2879,3176,1529,1647,794,372,422,
15900,3179,1538,1641,5562,2713,2849,6357,3086,3271,5561,2680,2881,3177,1529,1648,794,372,422,
15905,3179,1538,1641,5564,2713,2851,6357,3086,3271,5562,2680,2882,3177,1529,1648,795,372,423,
15910,3181,1538,1643,5565,2714,2851,6360,3088,3272,5564,2681,2883,3179,1529,1650,795,372,423,
15915,3182,1539,1643,5566,2715,2851,6361,3089,3272,5566,2682,2884,3180,1530,1650,795,372,423,
15920,3183,1539,1644,5569,2716,2853,6365,3091,3274,5568,2683,2885,3181,1530,1651,795,372,423,
15925,3183,1539,1644,5571,2716,2855,6365,3091,3274,5569,2683,2886,3181,1530,1651,796,372,424,
15930,3185,1539,1646,5572,2716,2856,6368,3093,3275,5571,2684,2887,3183,1531,1652,796,372,424,
15935,3186,1539,1647,5573,2717,2856,6369,3093,3276,5573,2684,2889,3184,1532,1652,796,372,424,
15940,3187,1539,1648,5576,2719,2857,6373,3095,3278,5575,2684,2891,3185,1532,1653,796,372,424,
15945,3187,1539,1648,5578,2720,2858,6373,3095,3278,5576,2685,2891,3185,1532,1653,797,373,424,
15950,3189,1540,1649,5579,2720,2859,6376,3098,3278,5578,2687,2891,3187,1533,1654,797,373,424,
15955,3190,1541,1649,5580,2721,2859,6377,3098,3279,5580,2688,2892,3188,1533,1655,797,373,424,
15960,3191,1542,1649,5583,2723,2860,6381,3102,3279,5582,2688,2894,3189,1533,1656,797,373,424,
15965,3191,1542,1649,5585,2724,2861,6381,3102,3279,5583,2688,2895,3189,1533,1656,798,374,424,
15970,3193,1543,1650,5586,2724,2862,6384,3103,3281,5585,2689,2896,3191,1535,1656,798,374,424,
15975,3194,1544,1650,5587,2724,2863,6385,3104,3281,5587,2689,2898,3192,1535,1657,798,374,424,
15980,3195,1544,1651,5590,2725,2865,6389,3108,3281,5589,2691,2898,3193,1535,1658,798,374,424,
15985,3195,1544,1651,5592,2726,2866,6389,3108,3281,5590,2692,2898,3193,1535,1658,799,374,425,
15990,3197,1545,1652,5593,2726,2867,6392,3109,3283,5592,2693,2899,3195,1535,1660,799,374,425,
15995,3198,1545,1653,5594,2727,2867,6393,3109,3284,5594,2693,2901,3196,1536,1660,799,374,425,
16000,3199,1545,1654,5597,2729,2868,6397,3112,3285,5596,2694,2902,3197,1537,1660,799,374,425,
16005,3199,1545,1654,5599,2731,2868,6397,3112,3285,5597,2695,2902,3197,1537,1660,800,375,425,
16010,3201,1546,1655,5600,2731,2869,6400,3114,3286,5599,2695,2904,3199,1538,1661,800,375,425,
16015,3202,1547,1655,5601,2732,2869,6401,3114,3287,5601,2696,2905,3200,1538,1662,800,375,425,
16020,3203,1548,1655,5604,2734,2870,6405,3117,3288,5603,2697,2906,3201,1538,1663,800,375,425,
16025,3203,1548,1655,5606,2735,2871,6405,3117,3288,5604,2698,2906,3201,1538,1663,801,376,425,
16030,3205,1549,1656,5607,2736,2871,6408,3119,3289,5606,2698,2908,3203,1539,1664,801,376,425,
16035,3206,1550,1656,5608,2737,2871,6409,3119,3290,5608,2699,2909,3204,1540,1664,801,376,425,
16040,3207,1550,1657,5611,2738,2873,6413,3121,3292,5610,2701,2909,3205,1540,1665,801,376,425,
16045,3207,1550,1657,5613,2740,2873,6413,3121,3292,5611,2702,2909,3205,1540,1665,802,377,425,
16050,3209,1551,1658,5614,2741,2873,6416,3121,3295,5613,2703,2910,3207,1540,1667,802,377,425,
16055,3210,1551,1659,5615,2742,2873,6417,3121,3296,5615,2705,2910,3208,1541,1667,802,377,425,
16060,3211,1552,1659,5618,2744,2874,6421,3121,3300,5617,2706,2911,3209,1541,1668,802,377,425,
16065,3211,1552,1659,5620,2744,2876,6421,3121,3300,5618,2706,2912,3209,1541,1668,803,377,426,
16070,3213,1553,1660,5621,2744,2877,6424,3123,3301,5620,2707,2913,3211,1542,1669,803,377,426,
16075,3214,1553,1661,5622,2744,2878,6425,3123,3302,5622,2707,2915,3212,1542,1670,803,377,426,
16080,3215,1554,1661,5625,2746,2879,6429,3125,3304,5624,2709,2915,3213,1543,1670,803,377,426,
16085,3215,1554,1661,5627,2746,2881,6429,3125,3304,5625,2710,2915,3213,1543,1670,804,378,426,
16090,3217,1555,1662,5628,2746,2882,6432,3126,3306,5627,2710,2917,3215,1544,1671,804,378,426,
16095,3218,1556,1662,5629,2746,2883,6433,3126,3307,5629,2711,2918,3216,1544,1672,804,378,426,
16100,3219,1557,1662,5632,2746,2886,6437,3130,3307,5631,2711,2920,3217,1544,1673,804,378,426,
16105,3219,1557,1662,5634,2746,2888,6437,3130,3307,5632,2712,2920,3217,1544,1673,805,378,427,
16110,3221,1559,1662,5635,2747,2888,6440,3132,3308,5634,2713,2921,3219,1544,1675,805,378,427,
16115,3222,1560,1662,5636,2748,2888,6441,3133,3308,5636,2713,2923,3220,1544,1676,805,378,427,
16120,3223,1561,1662,5639,2749,2890,6445,3135,3310,5638,2714,2924,3221,1544,1677,805,378,427,
16125,3223,1561,1662,5641,2750,2891,6445,3135,3310,5639,2714,2925,3221,1544,1677,806,378,428,
16130,3225,1561,1664,5642,2750,2892,6448,3135,3313,5641,2715,2926,3223,1545,1678,806,378,428,
16135,3226,1562,1664,5643,2750,2893,6449,3135,3314,5643,2717,2926,3224,1545,1679,806,378,428,
16140,3227,1562,1665,5646,2751,2895,6453,3135,3318,5645,2717,2928,3225,1546,1679,806,378,428,
16145,3227,1562,1665,5648,2752,2896,6453,3135,3318,5646,2717,2929,3225,1546,1679,807,378,429,
16150,3229,1562,1667,5649,2752,2897,6456,3135,3321,5648,2717,2931,3227,1547,1680,807,378,429,
16155,3230,1563,1667,5650,2752,2898,6457,3136,3321,5650,2717,2933,3228,1547,1681,807,378,429,
16160,3231,1564,1667,5653,2753,2900,6461,3137,3324,5652,2718,2934,3229,1548,1681,807,378,429,
16165,3231,1564,1667,5655,2754,2901,6461,3137,3324,5653,2718,2935,3229,1548,1681,808,379,429,
16170,3233,1565,1668,5656,2755,2901,6464,3139,3325,5655,2719,2936,3231,1549,1682,808,379,429,
16175,3234,1566,1668,5657,2755,2902,6465,3139,3326,5657,2719,2938,3232,1550,1682,808,379,429,
16180,3235,1567,1668,5660,2757,2903,6469,3139,3330,5659,2720,2939,3233,1551,1682,808,379,429,
16185,3235,1567,1668,5662,2758,2904,6469,3139,3330,5660,2720,2940,3233,1551,1682,809,379,430,
16190,3237,1568,1669,5663,2759,2904,6472,3139,3333,5662,2721,2941,3235,1553,1682,809,379,430,
16195,3238,1569,1669,5664,2759,2905,6473,3140,3333,5664,2722,2942,3236,1554,1682,809,379,430,
16200,3239,1569,1670,5667,2760,2907,6477,3143,3334,5666,2723,2943,3237,1554,1683,809,379,430,
16205,3239,1569,1670,5669,2760,2909,6477,3143,3334,5667,2724,2943,3237,1554,1683,810,380,430,
16210,3241,1570,1671,5670,2761,2909,6480,3144,3336,5669,2725,2944,3239,1555,1684,810,380,430,
16215,3242,1571,1671,5671,2761,2910,6481,3144,3337,5671,2727,2944,3240,1555,1685,810,380,430,
16220,3243,1572,1671,5674,2764,2910,6485,3147,3338,5673,2727,2946,3241,1556,1685,810,380,430,
16225,3243,1572,1671,5676,2765,2911,6485,3147,3338,5674,2727,2947,3241,1556,1685,811,380,431,
16230,3245,1573,1672,5677,2766,2911,6488,3148,3340,5676,2728,2948,3243,1556,1687,811,380,431,
16235,3246,1573,1673,5678,2766,2912,6489,3149,3340,5678,2729,2949,3244,1557,1687,811,380,431,
16240,3247,1573,1674,5681,2768,2913,6493,3152,3341,5680,2729,2951,3245,1557,1688,811,380,431,
16245,3247,1573,1674,5683,2770,2913,6493,3152,3341,5681,2729,2952,3245,1557,1688,812,381,431,
16250,3249,1574,1675,5684,2770,2914,6496,3153,3343,5683,2731,2952,3247,1559,1688,812,381,431,
16255,3250,1574,1676,5685,2770,2915,6497,3154,3343,5685,2733,2952,3248,1560,1688,812,381,431,
16260,3251,1575,1676,5688,2771,2917,6501,3154,3347,5687,2734,2953,3249,1561,1688,812,381,431,
16265,3251,1575,1676,5690,2771,2919,6501,3154,3347,5688,2735,2953,3249,1561,1688,813,381,432,
16270,3253,1577,1676,5691,2771,2920,6504,3155,3349,5690,2735,2955,3251,1562,1689,813,381,432,
16275,3254,1578,1676,5692,2772,2920,6505,3155,3350,5692,2736,2956,3252,1562,1690,813,381,432,
16280,3255,1579,1676,5695,2772,2923,6509,3158,3351,5694,2737,2957,3253,1562,1691,813,381,432,
16285,3255,1579,1676,5697,2774,2923,6509,3158,3351,5695,2737,2958,3253,1562,1691,814,382,432,
16290,3257,1581,1676,5698,2774,2924,6512,3160,3352,5697,2737,2960,3255,1563,1692,814,382,432,
16295,3258,1581,1677,5699,2774,2925,6513,3160,3353,5699,2737,2962,3256,1564,1692,814,382,432,
16300,3259,1582,1677,5702,2775,2927,6517,3163,3354,5701,2738,2963,3257,1565,1692,814,382,432,
16305,3259,1582,1677,5704,2776,2928,6517,3163,3354,5702,2738,2964,3257,1565,1692,815,382,433,
16310,3261,1584,1677,5705,2777,2928,6520,3163,3357,5704,2739,2965,3259,1566,1693,815,382,433,
16315,3262,1584,1678,5706,2778,2928,6521,3164,3357,5706,2739,2967,3260,1566,1694,815,382,433,
16320,3263,1584,1679,5709,2780,2929,6525,3166,3359,5708,2741,2967,3261,1566,1695,815,382,433,
16325,3263,1584,1679,5711,2780,2931,6525,3166,3359,5709,2741,2968,3261,1566,1695,816,382,434,
16330,3265,1584,1681,5712,2781,2931,6528,3167,3361,5711,2741,2970,3263,1567,1696,816,382,434,
16335,3266,1584,1682,5713,2781,2932,6529,3167,3362,5713,2742,2971,3264,1567,1697,816,382,434,
16340,3267,1585,1682,5716,2782,2934,6533,3168,3365,5715,2743,2972,3265,1567,1698,816,382,434,
16345,3267,1585,1682,5718,2784,2934,6533,3168,3365,5716,2744,2972,3265,1567,1698,817,383,434,
16350,3269,1586,1683,5719,2785,2934,6536,3169,3367,5718,2744,2974,3267,1567,1700,817,383,434,
16355,3270,1587,1683,5720,2785,2935,6537,3169,3368,5720,2745,2975,3268,1567,1701,817,383,434,
16360,3271,1587,1684,5723,2787,2936,6541,3172,3369,5722,2746,2976,3269,1568,1701,817,383,434,
16365,3271,1587,1684,5725,2787,2938,6541,3172,3369,5723,2746,2977,3269,1568,1701,818,383,435,
16370,3273,1589,1684,5726,2788,2938,6544,3174,3370,5725,2746,2979,3271,1569,1702,818,383,435,
16375,3274,1589,1685,5727,2788,2939,6545,3175,3370,5727,2747,2980,3272,1569,1703,818,383,435,
16380,3275,1589,1686,5730,2789,2941,6549,3178,3371,5729,2747,2982,3273,1570,1703,818,383,435,
16385,3275,1589,1686,5732,2789,2943,6549,3178,3371,5730,2747,2983,3273,1570,1703,819,383,436,
16390,3277,1590,1687,5733,2790,2943,6552,3178,3374,5732,2749,2983,3275,1571,1704,819,383,436,
16395,3278,1591,1687,5734,2790,2944,6553,3178,3375,5734,2750,2984,3276,1571,1705,819,383,436,
16400,3279,1591,1688,5737,2791,2946,6557,3181,3376,5736,2750,2986,3277,1572,1705,819,383,436,
16405,3279,1591,1688,5739,2792,2947,6557,3181,3376,5737,2751,2986,3277,1572,1705,820,384,436,
16410,3281,1591,1690,5740,2792,2948,6560,3182,3378,5739,2752,2987,3279,1573,1706,820,384,436,
16415,3282,1591,1691,5741,2792,2949,6561,3183,3378,5741,2752,2989,3280,1573,1707,820,384,436,
16420,3283,1591,1692,5744,2794,2950,6565,3186,3379,5743,2752,2991,3281,1573,1708,820,384,436,
16425,3283,1591,1692,5746,2794,2952,6565,3186,3379,5744,2752,2992,3281,1573,1708,821,385,436,
16430,3285,1592,1693,5747,2795,2952,6568,3187,3381,5746,2752,2994,3283,1573,1710,821,385,436,
16435,3286,1593,1693,5748,2796,2952,6569,3188,3381,5748,2752,2996,3284,1573,1711,821,385,436,
16440,3287,1593,1694,5751,2797,2954,6573,3189,3384,5750,2753,2997,3285,1573,1712,821,385,436,
16445,3287,1593,1694,5753,2799,2954,6573,3189,3384,5751,2754,2997,3285,1573,1712,822,385,437,
16450,3289,1594,1695,5754,2799,2955,6576,3192,3384,5753,2755,2998,3287,1575,1712,822,385,437,
16455,3290,1594,1696,5755,2799,2956,6577,3192,3385,5755,2755,3000,3288,1575,1713,822,385,437,
16460,3291,1595,1696,5758,2800,2958,6581,3194,3387,5757,2755,3002,3289,1576,1713,822,385,437,
16465,3291,1595,1696,5760,2801,2959,6581,3194,3387,5758,2755,3003,3289,1576,1713,823,385,438,
16470,3293,1595,1698,5761,2802,2959,6584,3196,3388,5760,2756,3004,3291,1578,1713,823,385,438,
16475,3294,1595,1699,5762,2803,2959,6585,3196,3389,5762,2757,3005,3292,1578,1714,823,385,438,
16480,3295,1595,1700,5765,2805,2960,6589,3197,3392,5764,2759,3005,3293,1578,1715,823,385,438,
16485,3295,1595,1700,5767,2806,2961,6589,3197,3392,5765,2760,3005,3293,1578,1715,824,386,438,
16490,3297,1596,1701,5768,2806,2962,6592,3199,3393,5767,2760,3007,3295,1579,1716,824,386,438,
16495,3298,1596,1702,5769,2806,2963,6593,3200,3393,5769,2761,3008,3296,1579,1717,824,386,438,
16500,3299,1596,1703,5772,2808,2964,6597,3203,3394,5771,2761,3010,3297,1579,1718,824,386,438,
16505,3299,1596,1703,5774,2809,2965,6597,3203,3394,5772,2761,3011,3297,1579,1718,825,386,439,
16510,3301,1597,1704,5775,2809,2966,6600,3204,3396,5774,2762,3012,3299,1580,1719,825,386,439,
16515,3302,1597,1705,5776,2809,2967,6601,3204,3397,5776,2763,3013,3300,1580,1720,825,386,439,
16520,3303,1598,1705,5779,2811,2968,6605,3207,3398,5778,2765,3013,3301,1580,1721,825,386,439,
16525,3303,1598,1705,5781,2813,2968,6605,3207,3398,5779,2765,3014,3301,1580,1721,826,386,440,
16530,3305,1599,1706,5782,2814,2968,6608,3207,3401,5781,2765,3016,3303,1582,1721,826,386,440,
16535,3306,1600,1706,5783,2814,2969,6609,3208,3401,5783,2766,3017,3304,1583,1721,826,386,440,
16540,3307,1601,1706,5786,2815,2971,6613,3210,3403,5785,2767,3018,3305,1583,1722,826,386,440,
16545,3307,1601,1706,5788,2816,2972,6613,3210,3403,5786,2767,3019,3305,1583,1722,827,387,440,
16550,3309,1603,1706,5789,2816,2973,6616,3212,3404,5788,2769,3019,3307,1584,1723,827,387,440,
16555,3310,1604,1706,5790,2816,2974,6617,3212,3405,5790,2771,3019,3308,1585,1723,827,387,440,
16560,3311,1604,1707,5793,2818,2975,6621,3215,3406,5792,2772,3020,3309,1585,1724,827,387,440,
16565,3311,1604,1707,5795,2819,2976,6621,3215,3406,5793,2773,3020,3309,1585,1724,828,388,440,
16570,3313,1604,1709,5796,2820,2976,6624,3216,3408,5795,2775,3020,3311,1586,1725,828,388,440,
16575,3314,1605,1709,5797,2821,2976,6625,3216,3409,5797,2776,3021,3312,1586,1726,828,388,440,
16580,3315,1606,1709,5800,2823,2977,6629,3218,3411,5799,2778,3021,3313,1587,1726,828,388,440,
16585,3315,1606,1709,5802,2824,2978,6629,3218,3411,5800,2779,3021,3313,1587,1726,829,389,440,
16590,3317,1606,1711,5803,2824,2979,6632,3220,3412,5802,2780,3022,3315,1588,1727,829,389,440,
16595,3318,1607,1711,5804,2824,2980,6633,3220,3413,5804,2782,3022,3316,1589,1727,829,389,440,
16600,3319,1608,1711,5807,2826,2981,6637,3222,3415,5806,2784,3022,3317,1589,1728,829,389,440,
16605,3319,1608,1711,5809,2826,2983,6637,3222,3415,5807,2784,3023,3317,1589,1728,830,390,440,
16610,3321,1608,1713,5810,2827,2983,6640,3224,3416,5809,2784,3025,3319,1591,1728,830,390,440,
16615,3322,1609,1713,5811,2828,2983,6641,3224,3417,5811,2785,3026,3320,1591,1729,830,390,440,
16620,3323,1609,1714,5814,2828,2986,6645,3224,3421,5813,2785,3028,3321,1592,1729,830,390,440,
16625,3323,1609,1714,5816,2828,2988,6645,3224,3421,5814,2786,3028,3321,1592,1729,831,390,441,
16630,3325,1609,1716,5817,2828,2989,6648,3225,3423,5816,2788,3028,3323,1593,1730,831,390,441,
16635,3326,1610,1716,5818,2828,2990,6649,3226,3423,5818,2789,3029,3324,1593,1731,831,390,441,
16640,3327,1611,1716,5821,2830,2991,6653,3227,3426,5820,2789,3031,3325,1594,1731,831,390,441,
16645,3327,1611,1716,5823,2831,2992,6653,3227,3426,5821,2790,3031,3325,1594,1731,832,391,441,
16650,3329,1612,1717,5824,2832,2992,6656,3229,3427,5823,2792,3031,3327,1595,1732,832,391,441,
16655,3330,1612,1718,5825,2833,2992,6657,3229,3428,5825,2793,3032,3328,1596,1732,832,391,441,
16660,3331,1613,1718,5828,2834,2994,6661,3233,3428,5827,2795,3032,3329,1596,1733,832,391,441,
16665,3331,1613,1718,5830,2835,2995,6661,3233,3428,5828,2796,3032,3329,1596,1733,833,392,441,
16670,3333,1613,1720,5831,2836,2995,6664,3233,3431,5830,2797,3033,3331,1597,1734,833,392,441,
16675,3334,1613,1721,5832,2837,2995,6665,3233,3432,5832,2797,3035,3332,1598,1734,833,392,441,
16680,3335,1613,1722,5835,2840,2995,6669,3235,3434,5834,2798,3036,3333,1599,1734,833,392,441,
16685,3335,1613,1722,5837,2840,2997,6669,3235,3434,5835,2798,3037,3333,1599,1734,834,393,441,
16690,3337,1613,1724,5838,2841,2997,6672,3236,3436,5837,2799,3038,3335,1601,1734,834,393,441,
16695,3338,1613,1725,5839,2842,2997,6673,3236,3437,5839,2800,3039,3336,1602,1734,834,393,441,
16700,3339,1614,1725,5842,2843,2999,6677,3237,3440,5841,2800,3041,3337,1603,1734,834,393,441,
16705,3339,1614,1725,5844,2844,3000,6677,3237,3440,5842,2800,3042,3337,1603,1734,835,394,441,
16710,3341,1614,1727,5845,2844,3001,6680,3237,3443,5844,2801,3043,3339,1604,1735,835,394,441,
16715,3342,1614,1728,5846,2845,3001,6681,3237,3444,5846,2803,3043,3340,1604,1736,835,394,441,
16720,3343,1614,1729,5849,2846,3003,6685,3239,3446,5848,2804,3044,3341,1605,1736,835,394,441,
16725,3343,1614,1729,5851,2847,3004,6685,3239,3446,5849,2804,3045,3341,1605,1736,836,395,441,
16730,3345,1614,1731,5852,2848,3004,6688,3241,3447,5851,2805,3046,3343,1605,1738,836,395,441,
16735,3346,1614,1732,5853,2849,3004,6689,3242,3447,5853,2807,3046,3344,1605,1739,836,395,441,
16740,3347,1614,1733,5856,2852,3004,6693,3243,3450,5855,2808,3047,3345,1606,1739,836,395,441,
16745,3347,1614,1733,5858,2852,3006,6693,3243,3450,5856,2809,3047,3345,1606,1739,837,395,442,
16750,3349,1614,1735,5859,2852,3007,6696,3245,3451,5858,2810,3048,3347,1607,1740,837,395,442,
16755,3350,1615,1735,5860,2852,3008,6697,3246,3451,5860,2811,3049,3348,1607,1741,837,395,442,
16760,3351,1616,1735,5863,2854,3009,6701,3247,3454,5862,2812,3050,3349,1608,1741,837,395,442,
16765,3351,1616,1735,5865,2855,3010,6701,3247,3454,5863,2812,3051,3349,1608,1741,838,396,442,
16770,3353,1618,1735,5866,2855,3011,6704,3247,3457,5865,2813,3052,3351,1609,1742,838,396,442,
16775,3354,1619,1735,5867,2855,3012,6705,3247,3458,5867,2815,3052,3352,1610,1742,838,396,442,
16780,3355,1619,1736,5870,2856,3014,6709,3249,3460,5869,2816,3053,3353,1610,1743,838,396,442,
16785,3355,1619,1736,5872,2858,3014,6709,3249,3460,5870,2817,3053,3353,1610,1743,839,397,442,
16790,3357,1620,1737,5873,2858,3015,6712,3250,3462,5872,2818,3054,3355,1610,1745,839,397,442,
16795,3358,1621,1737,5874,2859,3015,6713,3251,3462,5874,2820,3054,3356,1610,1746,839,397,442,
16800,3359,1621,1738,5877,2861,3016,6717,3255,3462,5876,2820,3056,3357,1610,1747,839,397,442,
16805,3359,1621,1738,5879,2861,3018,6717,3255,3462,5877,2821,3056,3357,1610,1747,840,397,443,
16810,3361,1622,1739,5880,2862,3018,6720,3255,3465,5879,2823,3056,3359,1612,1747,840,397,443,
16815,3362,1623,1739,5881,2863,3018,6721,3255,3466,5881,2824,3057,3360,1613,1747,840,397,443,
16820,3363,1624,1739,5884,2866,3018,6725,3258,3467,5883,2824,3059,3361,1613,1748,840,397,443,
16825,3363,1624,1739,5886,2866,3020,6725,3258,3467,5884,2824,3060,3361,1613,1748,841,398,443,
16830,3365,1624,1741,5887,2867,3020,6728,3260,3468,5886,2825,3061,3363,1613,1750,841,398,443,
16835,3366,1625,1741,5888,2867,3021,6729,3261,3468,5888,2826,3062,3364,1613,1751,841,398,443,
16840,3367,1625,1742,5891,2868,3023,6733,3263,3470,5890,2827,3063,3365,1613,1752,841,398,443,
16845,3367,1625,1742,5893,2870,3023,6733,3263,3470,5891,2827,3064,3365,1613,1752,842,399,443,
16850,3369,1625,1744,5894,2870,3024,6736,3265,3471,5893,2828,3065,3367,1614,1753,842,399,443,
16855,3370,1626,1744,5895,2871,3024,6737,3265,3472,5895,2829,3066,3368,1614,1754,842,399,443,
16860,3371,1627,1744,5898,2872,3026,6741,3265,3476,5897,2831,3066,3369,1614,1755,842,399,443,
16865,3371,1627,1744,5900,2873,3027,6741,3265,3476,5898,2831,3067,3369,1614,1755,843,399,444,
16870,3373,1627,1746,5901,2873,3028,6744,3266,3478,5900,2833,3067,3371,1615,1756,843,399,444,
16875,3374,1627,1747,5902,2874,3028,6745,3266,3479,5902,2833,3069,3372,1615,1757,843,399,444,
16880,3375,1627,1748,5905,2876,3029,6749,3268,3481,5904,2834,3070,3373,1615,1758,843,399,444,
16885,3375,1627,1748,5907,2877,3030,6749,3268,3481,5905,2834,3071,3373,1615,1758,844,400,444,
16890,3377,1628,1749,5908,2877,3031,6752,3268,3484,5907,2836,3071,3375,1616,1759,844,400,444,
16895,3378,1628,1750,5909,2877,3032,6753,3268,3485,5909,2837,3072,3376,1617,1759,844,400,444,
16900,3379,1628,1751,5912,2878,3034,6757,3271,3486,5911,2838,3073,3377,1618,1759,844,400,444,
16905,3379,1628,1751,5914,2878,3036,6757,3271,3486,5912,2839,3073,3377,1618,1759,845,401,444,
16910,3381,1628,1753,5915,2879,3036,6760,3273,3487,5914,2841,3073,3379,1619,1760,845,401,444,
16915,3382,1629,1753,5916,2880,3036,6761,3273,3488,5916,2843,3073,3380,1620,1760,845,401,444,
16920,3383,1630,1753,5919,2882,3037,6765,3274,3491,5918,2844,3074,3381,1621,1760,845,401,444,
16925,3383,1630,1753,5921,2884,3037,6765,3274,3491,5919,2845,3074,3381,1621,1760,846,402,444,
16930,3385,1631,1754,5922,2885,3037,6768,3276,3492,5921,2846,3075,3383,1621,1762,846,402,444,
16935,3386,1631,1755,5923,2886,3037,6769,3276,3493,5923,2848,3075,3384,1621,1763,846,402,444,
16940,3387,1631,1756,5926,2888,3038,6773,3279,3494,5925,2849,3076,3385,1622,1763,846,402,444,
16945,3387,1631,1756,5928,2889,3039,6773,3279,3494,5926,2849,3077,3385,1622,1763,847,403,444,
16950,3389,1633,1756,5929,2889,3040,6776,3281,3495,5928,2849,3079,3387,1622,1765,847,403,444,
16955,3390,1634,1756,5930,2890,3040,6777,3281,3496,5930,2849,3081,3388,1623,1765,847,403,444,
16960,3391,1635,1756,5933,2892,3041,6781,3284,3497,5932,2850,3082,3389,1623,1766,847,403,444,
16965,3391,1635,1756,5935,2893,3042,6781,3284,3497,5933,2850,3083,3389,1623,1766,848,403,445,
16970,3393,1635,1758,5936,2893,3043,6784,3286,3498,5935,2852,3083,3391,1624,1767,848,403,445,
16975,3394,1635,1759,5937,2893,3044,6785,3286,3499,5937,2854,3083,3392,1625,1767,848,403,445,
16980,3395,1636,1759,5940,2896,3044,6789,3288,3501,5939,2854,3085,3393,1626,1767,848,403,445,
16985,3395,1636,1759,5942,2896,3046,6789,3288,3501,5940,2855,3085,3393,1626,1767,849,403,446,
16990,3397,1637,1760,5943,2896,3047,6792,3290,3502,5942,2856,3086,3395,1627,1768,849,403,446,
16995,3398,1638,1760,5944,2896,3048,6793,3290,3503,5944,2857,3087,3396,1627,1769,849,403,446,
17000,3399,1639,1760,5947,2897,3050,6797,3293,3504,5946,2858,3088,3397,1628,1769,849,403,446,
17005,3399,1639,1760,5949,2898,3051,6797,3293,3504,5947,2859,3088,3397,1628,1769,850,403,447,
17010,3401,1639,1762,5950,2899,3051,6800,3294,3506,5949,2861,3088,3399,1629,1770,850,403,447,
17015,3402,1640,1762,5951,2899,3052,6801,3295,3506,5951,2862,3089,3400,1630,1770,850,403,447,
17020,3403,1640,1763,5954,2900,3054,6805,3298,3507,5953,2862,3091,3401,1630,1771,850,403,447,
17025,3403,1640,1763,5956,2901,3055,6805,3298,3507,5954,2863,3091,3401,1630,1771,851,403,448,
17030,3405,1641,1764,5957,2902,3055,6808,3300,3508,5956,2863,3093,3403,1630,1773,851,403,448,
17035,3406,1642,1764,5958,2902,3056,6809,3301,3508,5958,2863,3095,3404,1630,1774,851,403,448,
17040,3407,1643,1764,5961,2903,3058,6813,3302,3511,5960,2864,3096,3405,1631,1774,851,403,448,
17045,3407,1643,1764,5963,2905,3058,6813,3302,3511,5961,2865,3096,3405,1631,1774,852,403,449,
17050,3409,1644,1765,5964,2905,3059,6816,3304,3512,5963,2866,3097,3407,1633,1774,852,403,449,
17055,3410,1644,1766,5965,2906,3059,6817,3304,3513,5965,2868,3097,3408,1633,1775,852,403,449,
17060,3411,1644,1767,5968,2908,3060,6821,3308,3513,5967,2869,3098,3409,1633,1776,852,403,449,
17065,3411,1644,1767,5970,2909,3061,6821,3308,3513,5968,2870,3098,3409,1633,1776,853,404,449,
17070,3413,1645,1768,5971,2909,3062,6824,3309,3515,5970,2871,3099,3411,1633,1778,853,404,449,
17075,3414,1645,1769,5972,2910,3062,6825,3309,3516,5972,2872,3100,3412,1634,1778,853,404,449,
17080,3415,1645,1770,5975,2912,3063,6829,3312,3517,5974,2873,3101,3413,1635,1778,853,404,449,
17085,3415,1645,1770,5977,2912,3065,6829,3312,3517,5975,2873,3102,3413,1635,1778,854,404,450,
17090,3417,1646,1771,5978,2912,3066,6832,3314,3518,5977,2874,3103,3415,1635,1780,854,404,450,
17095,3418,1646,1772,5979,2913,3066,6833,3315,3518,5979,2875,3104,3416,1636,1780,854,404,450,
17100,3419,1647,1772,5982,2914,3068,6837,3316,3521,5981,2877,3104,3417,1637,1780,854,404,450,
17105,3419,1647,1772,5984,2915,3069,6837,3316,3521,5982,2878,3104,3417,1637,1780,855,405,450,
17110,3421,1648,1773,5985,2915,3070,6840,3317,3523,5984,2879,3105,3419,1638,1781,855,405,450,
17115,3422,1649,1773,5986,2916,3070,6841,3318,3523,5986,2880,3106,3420,1638,1782,855,405,450,
17120,3423,1649,1774,5989,2918,3071,6845,3319,3526,5988,2880,3108,3421,1638,1783,855,405,450,
17125,3423,1649,1774,5991,2920,3071,6845,3319,3526,5989,2880,3109,3421,1638,1783,856,405,451,
17130,3425,1651,1774,5992,2920,3072,6848,3322,3526,5991,2882,3109,3423,1639,1784,856,405,451,
17135,3426,1651,1775,5993,2920,3073,6849,3323,3526,5993,2882,3111,3424,1639,1785,856,405,451,
17140,3427,1652,1775,5996,2923,3073,6853,3326,3527,5995,2883,3112,3425,1639,1786,856,405,451,
17145,3427,1652,1775,5998,2923,3075,6853,3326,3527,5996,2883,3113,3425,1639,1786,857,406,451,
17150,3429,1652,1777,5999,2924,3075,6856,3327,3529,5998,2883,3115,3427,1640,1787,857,406,451,
17155,3430,1653,1777,6000,2924,3076,6857,3327,3530,6000,2885,3115,3428,1640,1788,857,406,451,
17160,3431,1654,1777,6003,2925,3078,6861,3327,3534,6002,2886,3116,3429,1641,1788,857,406,451,
17165,3431,1654,1777,6005,2927,3078,6861,3327,3534,6003,2886,3117,3429,1641,1788,858,406,452,
17170,3433,1655,1778,6006,2928,3078,6864,3328,3536,6005,2888,3117,3431,1642,1789,858,406,452,
17175,3434,1655,1779,6007,2928,3079,6865,3329,3536,6007,2888,3119,3432,1643,1789,858,406,452,
17180,3435,1656,1779,6010,2929,3081,6869,3332,3537,6009,2888,3121,3433,1643,1790,858,406,452,
17185,3435,1656,1779,6012,2930,3082,6869,3332,3537,6010,2889,3121,3433,1643,1790,859,407,452,
17190,3437,1656,1781,6013,2931,3082,6872,3335,3537,6012,2890,3122,3435,1644,1791,859,407,452,
17195,3438,1657,1781,6014,2931,3083,6873,3335,3538,6014,2890,3124,3436,1644,1792,859,407,452,
17200,3439,1658,1781,6017,2932,3085,6877,3338,3539,6016,2890,3126,3437,1645,1792,859,407,452,
17205,3439,1658,1781,6019,2933,3086,6877,3338,3539,6017,2890,3127,3437,1645,1792,860,408,452,
17210,3441,1659,1782,6020,2933,3087,6880,3338,3542,6019,2892,3127,3439,1646,1793,860,408,452,
17215,3442,1659,1783,6021,2934,3087,6881,3339,3542,6021,2893,3128,3440,1646,1794,860,408,452,
17220,3443,1659,1784,6024,2936,3088,6885,3341,3544,6023,2894,3129,3441,1647,1794,860,408,452,
17225,3443,1659,1784,6026,2937,3089,6885,3341,3544,6024,2895,3129,3441,1647,1794,861,409,452,
17230,3445,1660,1785,6027,2938,3089,6888,3341,3547,6026,2896,3130,3443,1648,1795,861,409,452,
17235,3446,1660,1786,6028,2938,3090,6889,3342,3547,6028,2897,3131,3444,1648,1796,861,409,452,
17240,3447,1661,1786,6031,2941,3090,6893,3343,3550,6030,2897,3133,3445,1649,1796,861,409,452,
17245,3447,1661,1786,6033,2941,3092,6893,3343,3550,6031,2898,3133,3445,1649,1796,862,409,453,
17250,3449,1663,1786,6034,2942,3092,6896,3344,3552,6033,2899,3134,3447,1650,1797,862,409,453,
17255,3450,1663,1787,6035,2943,3092,6897,3344,3553,6035,2900,3135,3448,1650,1798,862,409,453,
17260,3451,1664,1787,6038,2945,3093,6901,3347,3554,6037,2900,3137,3449,1650,1799,862,409,453,
17265,3451,1664,1787,6040,2946,3094,6901,3347,3554,6038,2901,3137,3449,1650,1799,863,410,453,
17270,3453,1664,1789,6041,2947,3094,6904,3350,3554,6040,2901,3139,3451,1651,1800,863,410,453,
17275,3454,1664,1790,6042,2948,3094,6905,3351,3554,6042,2901,3141,3452,1651,1801,863,410,453,
17280,3455,1665,1790,6045,2951,3094,6909,3354,3555,6044,2902,3142,3453,1652,1801,863,410,453,
17285,3455,1665,1790,6047,2953,3094,6909,3354,3555,6045,2902,3143,3453,1652,1801,864,411,453,
17290,3457,1665,1792,6048,2954,3094,6912,3356,3556,6047,2903,3144,3455,1653,1802,864,411,453,
17295,3458,1666,1792,6049,2954,3095,6913,3356,3557,6049,2904,3145,3456,1653,1803,864,411,453,
17300,3459,1666,1793,6052,2956,3096,6917,3360,3557,6051,2905,3146,3457,1654,1803,864,411,453,
17305,3459,1666,1793,6054,2958,3096,6917,3360,3557,6052,2905,3147,3457,1654,1803,865,411,454,
17310,3461,1668,1793,6055,2959,3096,6920,3361,3559,6054,2906,3148,3459,1655,1804,865,411,454,
17315,3462,1668,1794,6056,2959,3097,6921,3361,3560,6056,2906,3150,3460,1655,1805,865,411,454,
17320,3463,1669,1794,6059,2961,3098,6925,3364,3561,6058,2907,3151,3461,1655,1806,865,411,454,
17325,3463,1669,1794,6061,2962,3099,6925,3364,3561,6059,2908,3151,3461,1655,1806,866,412,454,
17330,3465,1670,1795,6062,2963,3099,6928,3367,3561,6061,2910,3151,3463,1657,1806,866,412,454,
17335,3466,1671,1795,6063,2964,3099,6929,3368,3561,6063,2911,3152,3464,1658,1806,866,412,454,
17340,3467,1672,1795,6066,2966,3100,6933,3371,3562,6065,2911,3154,3465,1659,1806,866,412,454,
17345,3467,1672,1795,6068,2966,3102,6933,3371,3562,6066,2912,3154,3465,1659,1806,867,413,454,
17350,3469,1674,1795,6069,2966,3103,6936,3372,3564,6068,2913,3155,3467,1659,1808,867,413,454,
17355,3470,1674,1796,6070,2966,3104,6937,3372,3565,6070,2914,3156,3468,1660,1808,867,413,454,
17360,3471,1674,1797,6073,2967,3106,6941,3374,3567,6072,2914,3158,3469,1660,1809,867,413,454,
17365,3471,1674,1797,6075,2967,3108,6941,3374,3567,6073,2914,3159,3469,1660,1809,868,414,454,
17370,3473,1674,1799,6076,2968,3108,6944,3375,3569,6075,2916,3159,3471,1662,1809,868,414,454,
17375,3474,1675,1799,6077,2969,3108,6945,3375,3570,6077,2916,3161,3472,1663,1809,868,414,454,
17380,3475,1675,1800,6080,2970,3110,6949,3377,3572,6079,2917,3162,3473,1664,1809,868,414,454,
17385,3475,1675,1800,6082,2971,3111,6949,3377,3572,6080,2917,3163,3473,1664,1809,869,414,455,
17390,3477,1676,1801,6083,2971,3112,6952,3379,3573,6082,2919,3163,3475,1665,1810,869,414,455,
17395,3478,1677,1801,6084,2971,3113,6953,3379,3574,6084,2919,3165,3476,1666,1810,869,414,455,
17400,3479,1677,1802,6087,2973,3114,6957,3382,3575,6086,2921,3165,3477,1667,1810,869,414,455,
17405,3479,1677,1802,6089,2974,3115,6957,3382,3575,6087,2922,3165,3477,1667,1810,870,414,456,
17410,3481,1678,1803,6090,2975,3115,6960,3384,3576,6089,2922,3167,3479,1668,1811,870,414,456,
17415,3482,1678,1804,6091,2975,3116,6961,3385,3576,6091,2922,3169,3480,1669,1811,870,414,456,
17420,3483,1679,1804,6094,2977,3117,6965,3386,3579,6093,2924,3169,3481,1669,1812,870,414,456,
17425,3483,1679,1804,6096,2978,3118,6965,3386,3579,6094,2925,3169,3481,1669,1812,871,414,457,
17430,3485,1680,1805,6097,2979,3118,6968,3387,3581,6096,2926,3170,3483,1670,1813,871,414,457,
17435,3486,1681,1805,6098,2980,3118,6969,3387,3582,6098,2928,3170,3484,1670,1814,871,414,457,
17440,3487,1681,1806,6101,2982,3119,6973,3388,3585,6100,2929,3171,3485,1671,1814,871,414,457,
17445,3487,1681,1806,6103,2983,3120,6973,3388,3585,6101,2930,3171,3485,1671,1814,872,415,457,
17450,3489,1682,1807,6104,2984,3120,6976,3389,3587,6103,2930,3173,3487,1671,1816,872,415,457,
17455,3490,1683,1807,6105,2984,3121,6977,3390,3587,6105,2932,3173,3488,1672,1816,872,415,457,
17460,3491,1684,1807,6108,2985,3123,6981,3394,3587,6107,2933,3174,3489,1673,1816,872,415,457,
17465,3491,1684,1807,6110,2986,3124,6981,3394,3587,6108,2933,3175,3489,1673,1816,873,415,458,
17470,3493,1685,1808,6111,2987,3124,6984,3396,3588,6110,2935,3175,3491,1675,1816,873,415,458,
17475,3494,1685,1809,6112,2987,3125,6985,3397,3588,6112,2937,3175,3492,1675,1817,873,415,458,
17480,3495,1685,1810,6115,2990,3125,6989,3399,3590,6114,2939,3175,3493,1675,1818,873,415,458,
17485,3495,1685,1810,6117,2991,3126,6989,3399,3590,6115,2939,3176,3493,1675,1818,874,415,459,
17490,3497,1685,1812,6118,2991,3127,6992,3400,3592,6117,2940,3177,3495,1677,1818,874,415,459,
17495,3498,1686,1812,6119,2992,3127,6993,3401,3592,6119,2941,3178,3496,1678,1818,874,415,459,
17500,3499,1686,1813,6122,2994,3128,6997,3404,3593,6121,2943,3178,3497,1678,1819,874,415,459,
17505,3499,1686,1813,6124,2996,3128,6997,3404,3593,6122,2944,3178,3497,1678,1819,875,415,460,
17510,3501,1687,1814,6125,2997,3128,7000,3406,3594,6124,2944,3180,3499,1679,1820,875,415,460,
17515,3502,1688,1814,6126,2997,3129,7001,3407,3594,6126,2945,3181,3500,1679,1821,875,415,460,
17520,3503,1689,1814,6129,2998,3131,7005,3410,3595,6128,2946,3182,3501,1680,1821,875,415,460,
17525,3503,1689,1814,6131,2998,3133,7005,3410,3595,6129,2946,3183,3501,1680,1821,876,416,460,
17530,3505,1690,1815,6132,2998,3134,7008,3412,3596,6131,2947,3184,3503,1681,1822,876,416,460,
17535,3506,1690,1816,6133,2999,3134,7009,3412,3597,6133,2948,3185,3504,1681,1823,876,416,460,
17540,3507,1691,1816,6136,3002,3134,7013,3414,3599,6135,2949,3186,3505,1682,1823,876,416,460,
17545,3507,1691,1816,6138,3004,3134,7013,3414,3599,6136,2950,3186,3505,1682,1823,877,416,461,
17550,3509,1691,1818,6139,3004,3135,7016,3414,3602,6138,2951,3187,3507,1682,1825,877,416,461,
17555,3510,1692,1818,6140,3004,3136,7017,3414,3603,6140,2951,3189,3508,1683,1825,877,416,461,
17560,3511,1693,1818,6143,3005,3138,7021,3415,3606,6142,2951,3191,3509,1683,1826,877,416,461,
17565,3511,1693,1818,6145,3007,3138,7021,3415,3606,6143,2952,3191,3509,1683,1826,878,417,461,
17570,3513,1694,1819,6146,3008,3138,7024,3417,3607,6145,2953,3192,3511,1683,1828,878,417,461,
17575,3514,1694,1820,6147,3008,3139,7025,3417,3608,6147,2953,3194,3512,1684,1828,878,417,461,
17580,3515,1695,1820,6150,3010,3140,7029,3420,3609,6149,2955,3194,3513,1685,1828,878,417,461,
17585,3515,1695,1820,6152,3011,3141,7029,3420,3609,6150,2955,3195,3513,1685,1828,879,418,461,
17590,3517,1696,1821,6153,3012,3141,7032,3421,3611,6152,2956,3196,3515,1686,1829,879,418,461,
17595,3518,1696,1822,6154,3012,3142,7033,3422,3611,6154,2957,3197,3516,1687,1829,879,418,461,
17600,3519,1697,1822,6157,3013,3144,7037,3425,3612,6156,2958,3198,3517,1688,1829,879,418,461,
17605,3519,1697,1822,6159,3014,3145,7037,3425,3612,6157,2959,3198,3517,1688,1829,880,418,462,
17610,3521,1698,1823,6160,3015,3145,7040,3428,3612,6159,2959,3200,3519,1689,1830,880,418,462,
17615,3522,1699,1823,6161,3015,3146,7041,3429,3612,6161,2961,3200,3520,1690,1830,880,418,462,
17620,3523,1700,1823,6164,3015,3149,7045,3430,3615,6163,2962,3201,3521,1690,1831,880,418,462,
17625,3523,1700,1823,6166,3017,3149,7045,3430,3615,6164,2962,3202,3521,1690,1831,881,419,462,
17630,3525,1701,1824,6167,3018,3149,7048,3430,3618,6166,2963,3203,3523,1692,1831,881,419,462,
17635,3526,1701,1825,6168,3019,3149,7049,3430,3619,6168,2964,3204,3524,1692,1832,881,419,462,
17640,3527,1702,1825,6171,3021,3150,7053,3431,3622,6170,2964,3206,3525,1692,1833,881,419,462,
17645,3527,1702,1825,6173,3022,3151,7053,3431,3622,6171,2964,3207,3525,1692,1833,882,420,462,
17650,3529,1703,1826,6174,3022,3152,7056,3434,3622,6173,2964,3209,3527,1692,1835,882,420,462,
17655,3530,1704,1826,6175,3022,3153,7057,3434,3623,6175,2964,3211,3528,1693,1835,882,420,462,
17660,3531,1704,1827,6178,3024,3154,7061,3435,3626,6177,2965,3212,3529,1694,1835,882,420,462,
17665,3531,1704,1827,6180,3025,3155,7061,3435,3626,6178,2966,3212,3529,1694,1835,883,420,463,
17670,3533,1705,1828,6181,3025,3156,7064,3437,3627,6180,2967,3213,3531,1695,1836,883,420,463,
17675,3534,1706,1828,6182,3026,3156,7065,3438,3627,6182,2968,3214,3532,1696,1836,883,420,463,
17680,3535,1707,1828,6185,3027,3158,7069,3439,3630,6184,2969,3215,3533,1696,1837,883,420,463,
17685,3535,1707,1828,6187,3028,3159,7069,3439,3630,6185,2969,3216,3533,1696,1837,884,420,464,
17690,3537,1709,1828,6188,3028,3160,7072,3440,3632,6187,2971,3216,3535,1696,1839,884,420,464,
17695,3538,1710,1828,6189,3029,3160,7073,3440,3633,6189,2971,3218,3536,1697,1839,884,420,464,
17700,3539,1711,1828,6192,3029,3163,7077,3441,3636,6191,2971,3220,3537,1697,1840,884,420,464,
17705,3539,1711,1828,6194,3030,3164,7077,3441,3636,6192,2971,3221,3537,1697,1840,885,420,465,
17710,3541,1712,1829,6195,3030,3165,7080,3443,3637,6194,2971,3223,3539,1699,1840,885,420,465,
17715,3542,1712,1830,6196,3031,3165,7081,3444,3637,6196,2972,3224,3540,1700,1840,885,420,465,
17720,3543,1712,1831,6199,3032,3167,7085,3446,3639,6198,2973,3225,3541,1700,1841,885,420,465,
17725,3543,1712,1831,6201,3032,3169,7085,3446,3639,6199,2974,3225,3541,1700,1841,886,420,466,
17730,3545,1712,1833,6202,3032,3170,7088,3446,3642,6201,2975,3226,3543,1701,1842,886,420,466,
17735,3546,1713,1833,6203,3033,3170,7089,3446,3643,6203,2977,3226,3544,1701,1843,886,420,466,
17740,3547,1713,1834,6206,3035,3171,7093,3447,3646,6205,2977,3228,3545,1702,1843,886,420,466,
17745,3547,1713,1834,6208,3036,3172,7093,3447,3646,6206,2977,3229,3545,1702,1843,887,420,467,
17750,3549,1714,1835,6209,3037,3172,7096,3448,3648,6208,2978,3230,3547,1704,1843,887,420,467,
17755,3550,1714,1836,6210,3037,3173,7097,3449,3648,6210,2979,3231,3548,1705,1843,887,420,467,
17760,3551,1714,1837,6213,3038,3175,7101,3452,3649,6212,2980,3232,3549,1706,1843,887,420,467,
17765,3551,1714,1837,6215,3039,3176,7101,3452,3649,6213,2981,3232,3549,1706,1843,888,421,467,
17770,3553,1715,1838,6216,3039,3177,7104,3453,3651,6215,2981,3234,3551,1707,1844,888,421,467,
17775,3554,1715,1839,6217,3039,3178,7105,3453,3652,6217,2983,3234,3552,1707,1845,888,421,467,
17780,3555,1715,1840,6220,3040,3180,7109,3455,3654,6219,2984,3235,3553,1707,1846,888,421,467,
17785,3555,1715,1840,6222,3041,3181,7109,3455,3654,6220,2984,3236,3553,1707,1846,889,422,467,
17790,3557,1715,1842,6223,3042,3181,7112,3457,3655,6222,2986,3236,3555,1707,1848,889,422,467,
17795,3558,1715,1843,6224,3042,3182,7113,3458,3655,6224,2987,3237,3556,1708,1848,889,422,467,
17800,3559,1716,1843,6227,3042,3185,7117,3458,3659,6226,2987,3239,3557,1709,1848,889,422,467,
17805,3559,1716,1843,6229,3042,3187,7117,3458,3659,6227,2987,3240,3557,1709,1848,890,423,467,
17810,3561,1716,1845,6230,3042,3188,7120,3461,3659,6229,2988,3241,3559,1710,1849,890,423,467,
17815,3562,1716,1846,6231,3043,3188,7121,3461,3660,6231,2989,3242,3560,1710,1850,890,423,467,
17820,3563,1717,1846,6234,3044,3190,7125,3463,3662,6233,2990,3243,3561,1710,1851,890,423,467,
17825,3563,1717,1846,6236,3044,3192,7125,3463,3662,6234,2990,3244,3561,1710,1851,891,423,468,
17830,3565,1719,1846,6237,3044,3193,7128,3464,3664,6236,2990,3246,3563,1711,1852,891,423,468,
17835,3566,1720,1846,6238,3044,3194,7129,3464,3665,6238,2991,3247,3564,1711,1853,891,423,468,
17840,3567,1721,1846,6241,3044,3197,7133,3465,3668,6240,2991,3249,3565,1711,1854,891,423,468,
17845,3567,1721,1846,6243,3045,3198,7133,3465,3668,6241,2991,3250,3565,1711,1854,892,423,469,
17850,3569,1723,1846,6244,3045,3199,7136,3467,3669,6243,2991,3252,3567,1713,1854,892,423,469,
17855,3570,1724,1846,6245,3045,3200,7137,3467,3670,6245,2992,3253,3568,1714,1854,892,423,469,
17860,3571,1724,1847,6248,3047,3201,7141,3469,3672,6247,2993,3254,3569,1714,1855,892,423,469,
17865,3571,1724,1847,6250,3049,3201,7141,3469,3672,6248,2994,3254,3569,1714,1855,893,424,469,
17870,3573,1725,1848,6251,3050,3201,7144,3469,3675,6250,2995,3255,3571,1715,1856,893,424,469,
17875,3574,1726,1848,6252,3051,3201,7145,3470,3675,6252,2997,3255,3572,1716,1856,893,424,469,
17880,3575,1726,1849,6255,3051,3204,7149,3472,3677,6254,2997,3257,3573,1717,1856,893,424,469,
17885,3575,1726,1849,6257,3052,3205,7149,3472,3677,6255,2997,3258,3573,1717,1856,894,424,470,
17890,3577,1727,1850,6258,3053,3205,7152,3473,3679,6257,2998,3259,3575,1717,1858,894,424,470,
17895,3578,1727,1851,6259,3053,3206,7153,3474,3679,6259,2999,3260,3576,1717,1859,894,424,470,
17900,3579,1727,1852,6262,3055,3207,7157,3474,3683,6261,2999,3262,3577,1717,1860,894,424,470,
17905,3579,1727,1852,6264,3056,3208,7157,3474,3683,6262,3000,3262,3577,1717,1860,895,425,470,
17910,3581,1728,1853,6265,3056,3209,7160,3475,3685,6264,3000,3264,3579,1718,1861,895,425,470,
17915,3582,1728,1854,6266,3057,3209,7161,3475,3686,6266,3002,3264,3580,1719,1861,895,425,470,
17920,3583,1728,1855,6269,3057,3212,7165,3475,3690,6268,3003,3265,3581,1720,1861,895,425,470,
17925,3583,1728,1855,6271,3058,3213,7165,3475,3690,6269,3004,3265,3581,1720,1861,896,426,470,
17930,3585,1729,1856,6272,3059,3213,7168,3478,3690,6271,3006,3265,3583,1722,1861,896,426,470,
17935,3586,1730,1856,6273,3060,3213,7169,3479,3690,6273,3007,3266,3584,1723,1861,896,426,470,
17940,3587,1730,1857,6276,3061,3215,7173,3480,3693,6275,3007,3268,3585,1723,1862,896,426,470,
17945,3587,1730,1857,6278,3062,3216,7173,3480,3693,6276,3008,3268,3585,1723,1862,897,427,470,
17950,3589,1730,1859,6279,3063,3216,7176,3480,3696,6278,3008,3270,3587,1723,1864,897,427,470,
17955,3590,1731,1859,6280,3064,3216,7177,3480,3697,6280,3008,3272,3588,1724,1864,897,427,470,
17960,3591,1731,1860,6283,3067,3216,7181,3481,3700,6282,3008,3274,3589,1725,1864,897,427,470,
17965,3591,1731,1860,6285,3067,3218,7181,3481,3700,6283,3009,3274,3589,1725,1864,898,427,471,
17970,3593,1732,1861,6286,3068,3218,7184,3483,3701,6285,3010,3275,3591,1727,1864,898,427,471,
17975,3594,1732,1862,6287,3068,3219,7185,3484,3701,6287,3011,3276,3592,1727,1865,898,427,471,
17980,3595,1733,1862,6290,3069,3221,7189,3486,3703,6289,3012,3277,3593,1727,1866,898,427,471,
17985,3595,1733,1862,6292,3069,3223,7189,3486,3703,6290,3013,3277,3593,1727,1866,899,428,471,
17990,3597,1734,1863,6293,3069,3224,7192,3488,3704,6292,3013,3279,3595,1728,1867,899,428,471,
17995,3598,1735,1863,6294,3069,3225,7193,3488,3705,6294,3013,3281,3596,1729,1867,899,428,471,
18000,3599,1735,1864,6297,3071,3226,7197,3491,3706,6296,3014,3282,3597,1730,1867,899,428,471,
18005,3599,1735,1864,6299,3072,3227,7197,3491,3706,6297,3015,3282,3597,1730,1867,900,428,472,
18010,3601,1736,1865,6300,3073,3227,7200,3494,3706,6299,3016,3283,3599,1732,1867,900,428,472,
18015,3602,1736,1866,6301,3074,3227,7201,3494,3707,6301,3017,3284,3600,1732,1868,900,428,472,
18020,3603,1736,1867,6304,3077,3227,7205,3497,3708,6303,3017,3286,3601,1733,1868,900,428,472,
18025,3603,1736,1867,6306,3078,3228,7205,3497,3708,6304,3017,3287,3601,1733,1868,901,429,472,
18030,3605,1736,1869,6307,3078,3229,7208,3500,3708,6306,3017,3289,3603,1734,1869,901,429,472,
18035,3606,1736,1870,6308,3078,3230,7209,3501,3708,6308,3019,3289,3604,1735,1869,901,429,472,
18040,3607,1737,1870,6311,3080,3231,7213,3503,3710,6310,3019,3291,3605,1735,1870,901,429,472,
18045,3607,1737,1870,6313,3081,3232,7213,3503,3710,6311,3020,3291,3605,1735,1870,902,429,473,
18050,3609,1739,1870,6314,3081,3233,7216,3504,3712,6313,3021,3292,3607,1736,1871,902,429,473,
18055,3610,1740,1870,6315,3081,3234,7217,3504,3713,6315,3022,3293,3608,1737,1871,902,429,473,
18060,3611,1741,1870,6318,3082,3236,7221,3506,3715,6317,3024,3293,3609,1738,1871,902,429,473,
18065,3611,1741,1870,6320,3083,3237,7221,3506,3715,6318,3024,3294,3609,1738,1871,903,429,474,
18070,3613,1742,1871,6321,3084,3237,7224,3507,3717,6320,3024,3296,3611,1739,1872,903,429,474,
18075,3614,1742,1872,6322,3084,3238,7225,3507,3718,6322,3025,3297,3612,1739,1873,903,429,474,
18080,3615,1742,1873,6325,3086,3239,7229,3509,3720,6324,3026,3298,3613,1739,1874,903,429,474,
18085,3615,1742,1873,6327,3087,3240,7229,3509,3720,6325,3026,3299,3613,1739,1874,904,429,475,
18090,3617,1743,1874,6328,3088,3240,7232,3509,3723,6327,3028,3299,3615,1741,1874,904,429,475,
18095,3618,1743,1875,6329,3088,3241,7233,3509,3724,6329,3029,3300,3616,1742,1874,904,429,475,
18100,3619,1744,1875,6332,3090,3242,7237,3510,3727,6331,3029,3302,3617,1743,1874,904,429,475,
18105,3619,1744,1875,6334,3092,3242,7237,3510,3727,6332,3030,3302,3617,1743,1874,905,430,475,
18110,3621,1745,1876,6335,3092,3243,7240,3513,3727,6334,3031,3303,3619,1744,1875,905,430,475,
18115,3622,1746,1876,6336,3092,3244,7241,3514,3727,6336,3031,3305,3620,1744,1876,905,430,475,
18120,3623,1747,1876,6339,3093,3246,7245,3515,3730,6338,3032,3306,3621,1744,1877,905,430,475,
18125,3623,1747,1876,6341,3094,3247,7245,3515,3730,6339,3032,3307,3621,1744,1877,906,430,476,
18130,3625,1749,1876,6342,3094,3248,7248,3515,3733,6341,3033,3308,3623,1744,1879,906,430,476,
18135,3626,1749,1877,6343,3095,3248,7249,3516,3733,6343,3034,3309,3624,1744,1880,906,430,476,
18140,3627,1750,1877,6346,3096,3250,7253,3519,3734,6345,3035,3310,3625,1744,1881,906,430,476,
18145,3627,1750,1877,6348,3097,3251,7253,3519,3734,6346,3036,3310,3625,1744,1881,907,430,477,
18150,3629,1750,1879,6349,3097,3252,7256,3519,3737,6348,3036,3312,3627,1746,1881,907,430,477,
18155,3630,1750,1880,6350,3097,3253,7257,3519,3738,6350,3037,3313,3628,1746,1882,907,430,477,
18160,3631,1751,1880,6353,3097,3256,7261,3522,3739,6352,3038,3314,3629,1746,1883,907,430,477,
18165,3631,1751,1880,6355,3099,3256,7261,3522,3739,6353,3038,3315,3629,1746,1883,908,430,478,
18170,3633,1752,1881,6356,3100,3256,7264,3523,3741,6355,3040,3315,3631,1746,1885,908,430,478,
18175,3634,1752,1882,6357,3101,3256,7265,3523,3742,6357,3042,3315,3632,1746,1886,908,430,478,
18180,3635,1752,1883,6360,3103,3257,7269,3524,3745,6359,3043,3316,3633,1747,1886,908,430,478,
18185,3635,1752,1883,6362,3103,3259,7269,3524,3745,6360,3043,3317,3633,1747,1886,909,431,478,
18190,3637,1753,1884,6363,3103,3260,7272,3525,3747,6362,3044,3318,3635,1748,1887,909,431,478,
18195,3638,1753,1885,6364,3104,3260,7273,3525,3748,6364,3044,3320,3636,1749,1887,909,431,478,
18200,3639,1754,1885,6367,3107,3260,7277,3529,3748,6366,3046,3320,3637,1750,1887,909,431,478,
18205,3639,1754,1885,6369,3109,3260,7277,3529,3748,6367,3046,3321,3637,1750,1887,910,431,479,
18210,3641,1754,1887,6370,3110,3260,7280,3530,3750,6369,3047,3322,3639,1752,1887,910,431,479,
18215,3642,1754,1888,6371,3110,3261,7281,3530,3751,6371,3047,3324,3640,1753,1887,910,431,479,
18220,3643,1755,1888,6374,3110,3264,7285,3532,3753,6373,3047,3326,3641,1753,1888,910,431,479,
18225,3643,1755,1888,6376,3111,3265,7285,3532,3753,6374,3047,3327,3641,1753,1888,911,432,479,
18230,3645,1757,1888,6377,3111,3266,7288,3534,3754,6376,3048,3328,3643,1754,1889,911,432,479,
18235,3646,1758,1888,6378,3112,3266,7289,3534,3755,6378,3050,3328,3644,1755,1889,911,432,479,
18240,3647,1759,1888,6381,3114,3267,7293,3534,3759,6380,3051,3329,3645,1755,1890,911,432,479,
18245,3647,1759,1888,6383,3114,3269,7293,3534,3759,6381,3051,3330,3645,1755,1890,912,432,480,
18250,3649,1760,1889,6384,3115,3269,7296,3535,3761,6383,3052,3331,3647,1755,1892,912,432,480,
18255,3650,1760,1890,6385,3116,3269,7297,3536,3761,6385,3054,3331,3648,1755,1893,912,432,480,
18260,3651,1761,1890,6388,3117,3271,7301,3539,3762,6387,3056,3331,3649,1755,1894,912,432,480,
18265,3651,1761,1890,6390,3118,3272,7301,3539,3762,6388,3056,3332,3649,1755,1894,913,432,481,
18270,3653,1763,1890,6391,3118,3273,7304,3540,3764,6390,3058,3332,3651,1757,1894,913,432,481,
18275,3654,1764,1890,6392,3119,3273,7305,3541,3764,6392,3058,3334,3652,1757,1895,913,432,481,
18280,3655,1764,1891,6395,3120,3275,7309,3543,3766,6394,3058,3336,3653,1757,1896,913,432,481,
18285,3655,1764,1891,6397,3122,3275,7309,3543,3766,6395,3058,3337,3653,1757,1896,914,432,482,
18290,3657,1765,1892,6398,3123,3275,7312,3543,3769,6397,3059,3338,3655,1757,1898,914,432,482,
18295,3658,1765,1893,6399,3123,3276,7313,3543,3770,6399,3059,3340,3656,1757,1899,914,432,482,
18300,3659,1765,1894,6402,3124,3278,7317,3545,3772,6401,3059,3342,3657,1758,1899,914,432,482,
18305,3659,1765,1894,6404,3125,3279,7317,3545,3772,6402,3059,3343,3657,1758,1899,915,432,483,
18310,3661,1766,1895,6405,3125,3280,7320,3546,3774,6404,3060,3344,3659,1759,1900,915,432,483,
18315,3662,1766,1896,6406,3125,3281,7321,3547,3774,6406,3060,3346,3660,1760,1900,915,432,483,
18320,3663,1766,1897,6409,3128,3281,7325,3549,3776,6408,3060,3348,3661,1761,1900,915,432,483,
18325,3663,1766,1897,6411,3128,3283,7325,3549,3776,6409,3061,3348,3661,1761,1900,916,432,484,
18330,3665,1767,1898,6412,3128,3284,7328,3549,3779,6411,3062,3349,3663,1762,1901,916,432,484,
18335,3666,1767,1899,6413,3129,3284,7329,3550,3779,6413,3062,3351,3664,1763,1901,916,432,484,
18340,3667,1767,1900,6416,3131,3285,7333,3552,3781,6415,3063,3352,3665,1763,1902,916,432,484,
18345,3667,1767,1900,6418,3132,3286,7333,3552,3781,6416,3064,3352,3665,1763,1902,917,432,485,
18350,3669,1769,1900,6419,3133,3286,7336,3553,3783,6418,3064,3354,3667,1763,1904,917,432,485,
18355,3670,1770,1900,6420,3133,3287,7337,3554,3783,6420,3065,3355,3668,1763,1905,917,432,485,
18360,3671,1770,1901,6423,3135,3288,7341,3556,3785,6422,3067,3355,3669,1763,1906,917,432,485,
18365,3671,1770,1901,6425,3136,3289,7341,3556,3785,6423,3068,3355,3669,1763,1906,918,432,486,
18370,3673,1772,1901,6426,3137,3289,7344,3558,3786,6425,3068,3357,3671,1764,1907,918,432,486,
18375,3674,1772,1902,6427,3137,3290,7345,3559,3786,6427,3069,3358,3672,1765,1907,918,432,486,
18380,3675,1772,1903,6430,3138,3292,7349,3561,3788,6429,3071,3358,3673,1766,1907,918,432,486,
18385,3675,1772,1903,6432,3138,3294,7349,3561,3788,6430,3072,3358,3673,1766,1907,919,433,486,
18390,3677,1773,1904,6433,3138,3295,7352,3562,3790,6432,3073,3359,3675,1766,1909,919,433,486,
18395,3678,1773,1905,6434,3139,3295,7353,3563,3790,6434,3074,3360,3676,1766,1910,919,433,486,
18400,3679,1774,1905,6437,3142,3295,7357,3564,3793,6436,3074,3362,3677,1767,1910,919,433,486,
18405,3679,1774,1905,6439,3143,3296,7357,3564,3793,6437,3075,3362,3677,1767,1910,920,433,487,
18410,3681,1776,1905,6440,3143,3297,7360,3566,3794,6439,3076,3363,3679,1769,1910,920,433,487,
18415,3682,1777,1905,6441,3143,3298,7361,3566,3795,6441,3077,3364,3680,1770,1910,920,433,487,
18420,3683,1778,1905,6444,3146,3298,7365,3569,3796,6443,3077,3366,3681,1770,1911,920,433,487,
18425,3683,1778,1905,6446,3148,3298,7365,3569,3796,6444,3077,3367,3681,1770,1911,921,434,487,
18430,3685,1779,1906,6447,3148,3299,7368,3570,3798,6446,3078,3368,3683,1770,1913,921,434,487,
18435,3686,1780,1906,6448,3149,3299,7369,3570,3799,6448,3079,3369,3684,1771,1913,921,434,487,
18440,3687,1780,1907,6451,3151,3300,7373,3570,3803,6450,3080,3370,3685,1772,1913,921,434,487,
18445,3687,1780,1907,6453,3151,3302,7373,3570,3803,6451,3080,3371,3685,1772,1913,922,435,487,
18450,3689,1781,1908,6454,3151,3303,7376,3571,3805,6453,3081,3372,3687,1772,1915,922,435,487,
18455,3690,1782,1908,6455,3151,3304,7377,3571,3806,6455,3081,3374,3688,1773,1915,922,435,487,
18460,3691,1783,1908,6458,3152,3306,7381,3573,3808,6457,3081,3376,3689,1774,1915,922,435,487,
18465,3691,1783,1908,6460,3153,3307,7381,3573,3808,6458,3082,3376,3689,1774,1915,923,436,487,
18470,3693,1783,1910,6461,3154,3307,7384,3574,3810,6460,3084,3376,3691,1776,1915,923,436,487,
18475,3694,1784,1910,6462,3155,3307,7385,3574,3811,6462,3085,3377,3692,1777,1915,923,436,487,
18480,3695,1785,1910,6465,3157,3308,7389,3576,3813,6464,3085,3379,3693,1777,1916,923,436,487,
18485,3695,1785,1910,6467,3158,3309,7389,3576,3813,6465,3085,3380,3693,1777,1916,924,436,488,
18490,3697,1786,1911,6468,3158,3310,7392,3577,3815,6467,3086,3381,3695,1777,1918,924,436,488,
18495,3698,1786,1912,6469,3159,3310,7393,3578,3815,6469,3087,3382,3696,1777,1919,924,436,488,
18500,3699,1786,1913,6472,3159,3313,7397,3579,3818,6471,3087,3384,3697,1778,1919,924,436,488,
18505,3699,1786,1913,6474,3160,3314,7397,3579,3818,6472,3088,3384,3697,1778,1919,925,436,489,
18510,3701,1787,1914,6475,3160,3315,7400,3581,3819,6474,3089,3385,3699,1778,1921,925,436,489,
18515,3702,1787,1915,6476,3161,3315,7401,3582,3819,6476,3090,3386,3700,1779,1921,925,436,489,
18520,3703,1788,1915,6479,3161,3318,7405,3585,3820,6478,3091,3387,3701,1779,1922,925,436,489,
18525,3703,1788,1915,6481,3162,3319,7405,3585,3820,6479,3091,3388,3701,1779,1922,926,437,489,
18530,3705,1790,1915,6482,3162,3320,7408,3585,3823,6481,3093,3388,3703,1780,1923,926,437,489,
18535,3706,1790,1916,6483,3162,3321,7409,3586,3823,6483,3095,3388,3704,1781,1923,926,437,489,
18540,3707,1791,1916,6486,3164,3322,7413,3587,3826,6485,3096,3389,3705,1782,1923,926,437,489,
18545,3707,1791,1916,6488,3166,3322,7413,3587,3826,6486,3097,3389,3705,1782,1923,927,438,489,
18550,3709,1793,1916,6489,3167,3322,7416,3589,3827,6488,3097,3391,3707,1783,1924,927,438,489,
18555,3710,1794,1916,6490,3167,3323,7417,3590,3827,6490,3098,3392,3708,1783,1925,927,438,489,
18560,3711,1794,1917,6493,3168,3325,7421,3593,3828,6492,3098,3394,3709,1783,1926,927,438,489,
18565,3711,1794,1917,6495,3170,3325,7421,3593,3828,6493,3099,3394,3709,1783,1926,928,438,490,
18570,3713,1794,1919,6496,3171,3325,7424,3595,3829,6495,3101,3394,3711,1783,1928,928,438,490,
18575,3714,1795,1919,6497,3171,3326,7425,3596,3829,6497,3101,3396,3712,1784,1928,928,438,490,
18580,3715,1795,1920,6500,3173,3327,7429,3597,3832,6499,3102,3397,3713,1785,1928,928,438,490,
18585,3715,1795,1920,6502,3175,3327,7429,3597,3832,6500,3102,3398,3713,1785,1928,929,439,490,
18590,3717,1797,1920,6503,3175,3328,7432,3598,3834,6502,3104,3398,3715,1786,1929,929,439,490,
18595,3718,1798,1920,6504,3175,3329,7433,3598,3835,6504,3106,3398,3716,1786,1930,929,439,490,
18600,3719,1798,1921,6507,3176,3331,7437,3600,3837,6506,3106,3400,3717,1787,1930,929,439,490,
18605,3719,1798,1921,6509,3177,3332,7437,3600,3837,6507,3106,3401,3717,1787,1930,930,439,491,
18610,3721,1799,1922,6510,3178,3332,7440,3602,3838,6509,3107,3402,3719,1788,1931,930,439,491,
18615,3722,1799,1923,6511,3178,3333,7441,3603,3838,6511,3108,3403,3720,1788,1932,930,439,491,
18620,3723,1799,1924,6514,3178,3336,7445,3604,3841,6513,3109,3404,3721,1789,1932,930,439,491,
18625,3723,1799,1924,6516,3179,3337,7445,3604,3841,6514,3110,3404,3721,1789,1932,931,439,492,
18630,3725,1801,1924,6517,3179,3338,7448,3604,3844,6516,3111,3405,3723,1789,1934,931,439,492,
18635,3726,1802,1924,6518,3179,3339,7449,3605,3844,6518,3113,3405,3724,1790,1934,931,439,492,
18640,3727,1802,1925,6521,3181,3340,7453,3608,3845,6520,3115,3405,3725,1790,1935,931,439,492,
18645,3727,1802,1925,6523,3181,3342,7453,3608,3845,6521,3115,3406,3725,1790,1935,932,439,493,
18650,3729,1802,1927,6524,3182,3342,7456,3609,3847,6523,3117,3406,3727,1790,1937,932,439,493,
18655,3730,1802,1928,6525,3183,3342,7457,3609,3848,6525,3117,3408,3728,1790,1938,932,439,493,
18660,3731,1802,1929,6528,3184,3344,7461,3610,3851,6527,3119,3408,3729,1791,1938,932,439,493,
18665,3731,1802,1929,6530,3185,3345,7461,3610,3851,6528,3120,3408,3729,1791,1938,933,439,494,
18670,3733,1803,1930,6531,3185,3346,7464,3612,3852,6530,3121,3409,3731,1791,1940,933,439,494,
18675,3734,1803,1931,6532,3185,3347,7465,3612,3853,6532,3123,3409,3732,1792,1940,933,439,494,
18680,3735,1803,1932,6535,3187,3348,7469,3614,3855,6534,3124,3410,3733,1793,1940,933,439,494,
18685,3735,1803,1932,6537,3187,3350,7469,3614,3855,6535,3125,3410,3733,1793,1940,934,439,495,
18690,3737,1805,1932,6538,3188,3350,7472,3617,3855,6537,3126,3411,3735,1793,1942,934,439,495,
18695,3738,1806,1932,6539,3189,3350,7473,3617,3856,6539,3127,3412,3736,1793,1943,934,439,495,
18700,3739,1807,1932,6542,3190,3352,7477,3620,3857,6541,3127,3414,3737,1793,1944,934,439,495,
18705,3739,1807,1932,6544,3191,3353,7477,3620,3857,6542,3127,3415,3737,1793,1944,935,439,496,
18710,3741,1807,1934,6545,3191,3354,7480,3621,3859,6544,3127,3417,3739,1794,1945,935,439,496,
18715,3742,1807,1935,6546,3192,3354,7481,3621,3860,6546,3129,3417,3740,1795,1945,935,439,496,
18720,3743,1808,1935,6549,3193,3356,7485,3622,3863,6548,3129,3419,3741,1795,1946,935,439,496,
18725,3743,1808,1935,6551,3193,3358,7485,3622,3863,6549,3129,3420,3741,1795,1946,936,440,496,
18730,3745,1808,1937,6552,3193,3359,7488,3623,3865,6551,3130,3421,3743,1796,1947,936,440,496,
18735,3746,1808,1938,6553,3194,3359,7489,3623,3866,6553,3130,3423,3744,1797,1947,936,440,496,
18740,3747,1808,1939,6556,3195,3361,7493,3624,3869,6555,3130,3425,3745,1798,1947,936,440,496,
18745,3747,1808,1939,6558,3195,3363,7493,3624,3869,6556,3130,3426,3745,1798,1947,937,440,497,
18750,3749,1808,1941,6559,3196,3363,7496,3624,3872,6558,3131,3427,3747,1799,1948,937,440,497,
18755,3750,1808,1942,6560,3197,3363,7497,3625,3872,6560,3133,3427,3748,1800,1948,937,440,497,
18760,3751,1809,1942,6563,3199,3364,7501,3628,3873,6562,3133,3429,3749,1801,1948,937,440,497,
18765,3751,1809,1942,6565,3201,3364,7501,3628,3873,6563,3133,3430,3749,1801,1948,938,440,498,
18770,3753,1810,1943,6566,3202,3364,7504,3630,3874,6565,3133,3432,3751,1802,1949,938,440,498,
18775,3754,1810,1944,6567,3202,3365,7505,3631,3874,6567,3133,3434,3752,1803,1949,938,440,498,
18780,3755,1811,1944,6570,3204,3366,7509,3632,3877,6569,3133,3436,3753,1804,1949,938,440,498,
18785,3755,1811,1944,6572,3204,3368,7509,3632,3877,6570,3133,3437,3753,1804,1949,939,440,499,
18790,3757,1812,1945,6573,3205,3368,7512,3633,3879,6572,3134,3438,3755,1806,1949,939,440,499,
18795,3758,1813,1945,6574,3206,3368,7513,3633,3880,6574,3136,3438,3756,1807,1949,939,440,499,
18800,3759,1814,1945,6577,3207,3370,7517,3635,3882,6576,3138,3438,3757,1807,1950,939,440,499,
18805,3759,1814,1945,6579,3208,3371,7517,3635,3882,6577,3139,3438,3757,1807,1950,940,441,499,
18810,3761,1815,1946,6580,3208,3372,7520,3636,3884,6579,3141,3438,3759,1807,1952,940,441,499,
18815,3762,1816,1946,6581,3209,3372,7521,3636,3885,6581,3141,3440,3760,1808,1952,940,441,499,
18820,3763,1816,1947,6584,3210,3374,7525,3638,3887,6583,3141,3442,3761,1808,1953,940,441,499,
18825,3763,1816,1947,6586,3212,3374,7525,3638,3887,6584,3142,3442,3761,1808,1953,941,441,500,
18830,3765,1817,1948,6587,3212,3375,7528,3640,3888,6586,3143,3443,3763,1809,1954,941,441,500,
18835,3766,1818,1948,6588,3213,3375,7529,3641,3888,6588,3145,3443,3764,1809,1955,941,441,500,
18840,3767,1818,1949,6591,3215,3376,7533,3642,3891,6590,3147,3443,3765,1809,1956,941,441,500,
18845,3767,1818,1949,6593,3215,3378,7533,3642,3891,6591,3147,3444,3765,1809,1956,942,442,500,
18850,3769,1820,1949,6594,3216,3378,7536,3645,3891,6593,3148,3445,3767,1809,1958,942,442,500,
18855,3770,1820,1950,6595,3217,3378,7537,3645,3892,6595,3148,3447,3768,1809,1959,942,442,500,
18860,3771,1821,1950,6598,3220,3378,7541,3649,3892,6597,3150,3447,3769,1809,1960,942,442,500,
18865,3771,1821,1950,6600,3221,3379,7541,3649,3892,6598,3150,3448,3769,1809,1960,943,443,500,
18870,3773,1822,1951,6601,3222,3379,7544,3651,3893,6600,3151,3449,3771,1811,1960,943,443,500,
18875,3774,1822,1952,6602,3222,3380,7545,3652,3893,6602,3153,3449,3772,1811,1961,943,443,500,
18880,3775,1822,1953,6605,3225,3380,7549,3654,3895,6604,3153,3451,3773,1811,1962,943,443,500,
18885,3775,1822,1953,6607,3227,3380,7549,3654,3895,6605,3154,3451,3773,1811,1962,944,443,501,
18890,3777,1822,1955,6608,3227,3381,7552,3656,3896,6607,3155,3452,3775,1812,1963,944,443,501,
18895,3778,1823,1955,6609,3227,3382,7553,3656,3897,6609,3156,3453,3776,1813,1963,944,443,501,
18900,3779,1824,1955,6612,3230,3382,7557,3659,3898,6611,3156,3455,3777,1813,1964,944,443,501,
18905,3779,1824,1955,6614,3231,3383,7557,3659,3898,6612,3157,3455,3777,1813,1964,945,444,501,
18910,3781,1825,1956,6615,3231,3384,7560,3660,3900,6614,3158,3456,3779,1813,1966,945,444,501,
18915,3782,1826,1956,6616,3232,3384,7561,3660,3901,6616,3160,3456,3780,1813,1967,945,444,501,
18920,3783,1827,1956,6619,3233,3386,7565,3660,3905,6618,3161,3457,3781,1814,1967,945,444,501,
18925,3783,1827,1956,6621,3234,3387,7565,3660,3905,6619,3161,3458,3781,1814,1967,946,444,502,
18930,3785,1828,1957,6622,3235,3387,7568,3662,3906,6621,3161,3460,3783,1815,1968,946,444,502,
18935,3786,1829,1957,6623,3236,3387,7569,3663,3906,6623,3161,3462,3784,1815,1969,946,444,502,
18940,3787,1829,1958,6626,3237,3389,7573,3664,3909,6625,3162,3463,3785,1816,1969,946,444,502,
18945,3787,1829,1958,6628,3238,3390,7573,3664,3909,6626,3162,3464,3785,1816,1969,947,445,502,
18950,3789,1830,1959,6629,3239,3390,7576,3665,3911,6628,3162,3466,3787,1816,1971,947,445,502,
18955,3790,1830,1960,6630,3239,3391,7577,3665,3912,6630,3164,3466,3788,1816,1972,947,445,502,
18960,3791,1831,1960,6633,3241,3392,7581,3668,3913,6632,3165,3467,3789,1817,1972,947,445,502,
18965,3791,1831,1960,6635,3241,3394,7581,3668,3913,6633,3165,3468,3789,1817,1972,948,445,503,
18970,3793,1832,1961,6636,3241,3395,7584,3670,3914,6635,3166,3469,3791,1817,1974,948,445,503,
18975,3794,1832,1962,6637,3241,3396,7585,3670,3915,6637,3168,3469,3792,1818,1974,948,445,503,
18980,3795,1832,1963,6640,3241,3399,7589,3673,3916,6639,3169,3470,3793,1819,1974,948,445,503,
18985,3795,1832,1963,6642,3241,3401,7589,3673,3916,6640,3169,3471,3793,1819,1974,949,446,503,
18990,3797,1833,1964,6643,3242,3401,7592,3674,3918,6642,3169,3473,3795,1820,1975,949,446,503,
18995,3798,1833,1965,6644,3243,3401,7593,3674,3919,6644,3171,3473,3796,1820,1976,949,446,503,
19000,3799,1833,1966,6647,3245,3402,7597,3677,3920,6646,3172,3474,3797,1821,1976,949,446,503,
19005,3799,1833,1966,6649,3246,3403,7597,3677,3920,6647,3173,3474,3797,1821,1976,950,447,503,
19010,3801,1835,1966,6650,3247,3403,7600,3678,3922,6649,3173,3476,3799,1822,1977,950,447,503,
19015,3802,1836,1966,6651,3247,3404,7601,3679,3922,6651,3174,3477,3800,1823,1977,950,447,503,
19020,3803,1836,1967,6654,3250,3404,7605,3681,3924,6653,3175,3478,3801,1824,1977,950,447,503,
19025,3803,1836,1967,6656,3250,3406,7605,3681,3924,6654,3176,3478,3801,1824,1977,951,447,504,
19030,3805,1836,1969,6657,3251,3406,7608,3682,3926,6656,3178,3478,3803,1825,1978,951,447,504,
19035,3806,1837,1969,6658,3252,3406,7609,3682,3927,6658,3179,3479,3804,1825,1979,951,447,504,
19040,3807,1837,1970,6661,3254,3407,7613,3684,3929,6660,3180,3480,3805,1825,1980,951,447,504,
19045,3807,1837,1970,6663,3255,3408,7613,3684,3929,6661,3181,3480,3805,1825,1980,952,447,505,
19050,3809,1839,1970,6664,3255,3409,7616,3686,3930,6663,3182,3481,3807,1827,1980,952,447,505,
19055,3810,1839,1971,6665,3255,3410,7617,3686,3931,6665,3183,3482,3808,1828,1980,952,447,505,
19060,3811,1840,1971,6668,3258,3410,7621,3689,3932,6667,3185,3482,3809,1829,1980,952,447,505,
19065,3811,1840,1971,6670,3260,3410,7621,3689,3932,6668,3185,3483,3809,1829,1980,953,448,505,
19070,3813,1841,1972,6671,3260,3411,7624,3690,3934,6670,3187,3483,3811,1831,1980,953,448,505,
19075,3814,1841,1973,6672,3260,3412,7625,3690,3935,6672,3187,3485,3812,1831,1981,953,448,505,
19080,3815,1842,1973,6675,3262,3413,7629,3692,3937,6674,3189,3485,3813,1832,1981,953,448,505,
19085,3815,1842,1973,6677,3262,3415,7629,3692,3937,6675,3190,3485,3813,1832,1981,954,448,506,
19090,3817,1843,1974,6678,3263,3415,7632,3692,3940,6677,3191,3486,3815,1833,1982,954,448,506,
19095,3818,1843,1975,6679,3263,3416,7633,3693,3940,6679,3193,3486,3816,1833,1983,954,448,506,
19100,3819,1844,1975,6682,3265,3417,7637,3694,3943,6681,3193,3488,3817,1833,1984,954,448,506,
19105,3819,1844,1975,6684,3265,3419,7637,3694,3943,6682,3194,3488,3817,1833,1984,955,449,506,
19110,3821,1845,1976,6685,3266,3419,7640,3696,3944,6684,3195,3489,3819,1833,1986,955,449,506,
19115,3822,1845,1977,6686,3267,3419,7641,3697,3944,6686,3197,3489,3820,1833,1987,955,449,506,
19120,3823,1845,1978,6689,3268,3421,7645,3699,3946,6688,3198,3490,3821,1833,1988,955,449,506,
19125,3823,1845,1978,6691,3269,3422,7645,3699,3946,6689,3198,3491,3821,1833,1988,956,449,507,
19130,3825,1845,1980,6692,3269,3423,7648,3701,3947,6691,3200,3491,3823,1835,1988,956,449,507,
19135,3826,1846,1980,6693,3270,3423,7649,3701,3948,6693,3201,3492,3824,1836,1988,956,449,507,
19140,3827,1846,1981,6696,3273,3423,7653,3704,3949,6695,3201,3494,3825,1836,1989,956,449,507,
19145,3827,1846,1981,6698,3275,3423,7653,3704,3949,6696,3202,3494,3825,1836,1989,957,450,507,
19150,3829,1847,1982,6699,3276,3423,7656,3706,3950,6698,3203,3495,3827,1838,1989,957,450,507,
19155,3830,1848,1982,6700,3277,3423,7657,3706,3951,6700,3204,3496,3828,1839,1989,957,450,507,
19160,3831,1848,1983,6703,3279,3424,7661,3708,3953,6702,3205,3497,3829,1840,1989,957,450,507,
19165,3831,1848,1983,6705,3279,3426,7661,3708,3953,6703,3205,3498,3829,1840,1989,958,450,508,
19170,3833,1850,1983,6706,3280,3426,7664,3711,3953,6705,3205,3500,3831,1840,1991,958,450,508,
19175,3834,1851,1983,6707,3280,3427,7665,3712,3953,6707,3205,3502,3832,1841,1991,958,450,508,
19180,3835,1851,1984,6710,3281,3429,7669,3713,3956,6709,3207,3502,3833,1841,1992,958,450,508,
19185,3835,1851,1984,6712,3282,3430,7669,3713,3956,6710,3208,3502,3833,1841,1992,959,450,509,
19190,3837,1852,1985,6713,3282,3431,7672,3715,3957,6712,3209,3503,3835,1842,1993,959,450,509,
19195,3838,1852,1986,6714,3282,3432,7673,3715,3958,6714,3210,3504,3836,1843,1993,959,450,509,
19200,3839,1853,1986,6717,3284,3433,7677,3718,3959,6716,3211,3505,3837,1843,1994,959,450,509,
19205,3839,1853,1986,6719,3284,3435,7677,3718,3959,6717,3211,3506,3837,1843,1994,960,450,510,
19210,3841,1855,1986,6720,3285,3435,7680,3720,3960,6719,3213,3506,3839,1844,1995,960,450,510,
19215,3842,1855,1987,6721,3286,3435,7681,3720,3961,6721,3214,3507,3840,1845,1995,960,450,510,
19220,3843,1855,1988,6724,3288,3436,7685,3722,3963,6723,3216,3507,3841,1845,1996,960,450,510,
19225,3843,1855,1988,6726,3290,3436,7685,3722,3963,6724,3217,3507,3841,1845,1996,961,451,510,
19230,3845,1857,1988,6727,3290,3437,7688,3724,3964,6726,3218,3508,3843,1846,1997,961,451,510,
19235,3846,1858,1988,6728,3291,3437,7689,3724,3965,6728,3218,3510,3844,1847,1997,961,451,510,
19240,3847,1859,1988,6731,3293,3438,7693,3727,3966,6730,3219,3511,3845,1847,1998,961,451,510,
19245,3847,1859,1988,6733,3293,3440,7693,3727,3966,6731,3219,3512,3845,1847,1998,962,451,511,
19250,3849,1860,1989,6734,3293,3441,7696,3728,3968,6733,3220,3513,3847,1849,1998,962,451,511,
19255,3850,1860,1990,6735,3294,3441,7697,3729,3968,6735,3221,3514,3848,1849,1999,962,451,511,
19260,3851,1861,1990,6738,3295,3443,7701,3731,3970,6737,3223,3514,3849,1850,1999,962,451,511,
19265,3851,1861,1990,6740,3297,3443,7701,3731,3970,6738,3224,3514,3849,1850,1999,963,452,511,
19270,3853,1861,1992,6741,3297,3444,7704,3732,3972,6740,3225,3515,3851,1852,1999,963,452,511,
19275,3854,1861,1993,6742,3297,3445,7705,3733,3972,6742,3226,3516,3852,1852,2000,963,452,511,
19280,3855,1861,1994,6745,3300,3445,7709,3734,3975,6744,3226,3518,3853,1853,2000,963,452,511,
19285,3855,1861,1994,6747,3301,3446,7709,3734,3975,6745,3227,3518,3853,1853,2000,964,452,512,
19290,3857,1861,1996,6748,3301,3447,7712,3735,3977,6747,3228,3519,3855,1853,2002,964,452,512,
19295,3858,1861,1997,6749,3302,3447,7713,3736,3977,6749,3229,3520,3856,1854,2002,964,452,512,
19300,3859,1861,1998,6752,3304,3448,7717,3738,3979,6751,3231,3520,3857,1854,2003,964,452,512,
19305,3859,1861,1998,6754,3305,3449,7717,3738,3979,6752,3231,3521,3857,1854,2003,965,452,513,
19310,3861,1863,1998,6755,3305,3450,7720,3739,3981,6754,3232,3522,3859,1856,2003,965,452,513,
19315,3862,1864,1998,6756,3306,3450,7721,3740,3981,6756,3233,3523,3860,1856,2004,965,452,513,
19320,3863,1864,1999,6759,3309,3450,7725,3742,3983,6758,3233,3525,3861,1856,2005,965,452,513,
19325,3863,1864,1999,6761,3310,3451,7725,3742,3983,6759,3233,3526,3861,1856,2005,966,452,514,
19330,3865,1865,2000,6762,3310,3452,7728,3743,3985,6761,3234,3527,3863,1857,2006,966,452,514,
19335,3866,1865,2001,6763,3311,3452,7729,3743,3986,6763,3235,3528,3864,1858,2006,966,452,514,
19340,3867,1866,2001,6766,3313,3453,7733,3745,3988,6765,3237,3528,3865,1859,2006,966,452,514,
19345,3867,1866,2001,6768,3315,3453,7733,3745,3988,6766,3237,3529,3865,1859,2006,967,452,515,
19350,3869,1867,2002,6769,3316,3453,7736,3746,3990,6768,3237,3531,3867,1860,2007,967,452,515,
19355,3870,1868,2002,6770,3316,3454,7737,3747,3990,6770,3238,3532,3868,1861,2007,967,452,515,
19360,3871,1869,2002,6773,3318,3455,7741,3748,3993,6772,3239,3533,3869,1861,2008,967,452,515,
19365,3871,1869,2002,6775,3320,3455,7741,3748,3993,6773,3240,3533,3869,1861,2008,968,452,516,
19370,3873,1869,2004,6776,3321,3455,7744,3750,3994,6775,3242,3533,3871,1862,2009,968,452,516,
19375,3874,1869,2005,6777,3322,3455,7745,3751,3994,6777,3243,3534,3872,1863,2009,968,452,516,
19380,3875,1869,2006,6780,3323,3457,7749,3754,3995,6779,3245,3534,3873,1863,2010,968,452,516,
19385,3875,1869,2006,6782,3325,3457,7749,3754,3995,6780,3245,3535,3873,1863,2010,969,452,517,
19390,3877,1870,2007,6783,3325,3458,7752,3756,3996,6782,3247,3535,3875,1865,2010,969,452,517,
19395,3878,1870,2008,6784,3325,3459,7753,3756,3997,6784,3248,3536,3876,1865,2011,969,452,517,
19400,3879,1870,2009,6787,3326,3461,7757,3757,4000,6786,3248,3538,3877,1865,2012,969,452,517,
19405,3879,1870,2009,6789,3328,3461,7757,3757,4000,6787,3248,3539,3877,1865,2012,970,453,517,
19410,3881,1871,2010,6790,3329,3461,7760,3759,4001,6789,3249,3540,3879,1866,2013,970,453,517,
19415,3882,1872,2010,6791,3329,3462,7761,3759,4002,6791,3249,3542,3880,1867,2013,970,453,517,
19420,3883,1872,2011,6794,3330,3464,7765,3760,4005,6793,3250,3543,3881,1868,2013,970,453,517,
19425,3883,1872,2011,6796,3330,3466,7765,3760,4005,6794,3250,3544,3881,1868,2013,971,454,517,
19430,3885,1874,2011,6797,3331,3466,7768,3762,4006,6796,3251,3545,3883,1869,2014,971,454,517,
19435,3886,1875,2011,6798,3331,3467,7769,3763,4006,6798,3253,3545,3884,1869,2015,971,454,517,
19440,3887,1875,2012,6801,3334,3467,7773,3765,4008,6800,3254,3546,3885,1870,2015,971,454,517,
19445,3887,1875,2012,6803,3334,3469,7773,3765,4008,6801,3254,3547,3885,1870,2015,972,454,518,
19450,3889,1875,2014,6804,3334,3470,7776,3767,4009,6803,3254,3549,3887,1871,2016,972,454,518,
19455,3890,1876,2014,6805,3335,3470,7777,3767,4010,6805,3255,3550,3888,1871,2017,972,454,518,
19460,3891,1876,2015,6808,3336,3472,7781,3769,4012,6807,3256,3551,3889,1872,2017,972,454,518,
19465,3891,1876,2015,6810,3337,3473,7781,3769,4012,6808,3256,3552,3889,1872,2017,973,455,518,
19470,3893,1876,2017,6811,3337,3474,7784,3771,4013,6810,3256,3554,3891,1872,2019,973,455,518,
19475,3894,1876,2018,6812,3338,3474,7785,3771,4014,6812,3257,3555,3892,1872,2020,973,455,518,
19480,3895,1876,2019,6815,3339,3476,7789,3774,4015,6814,3258,3556,3893,1872,2021,973,455,518,
19485,3895,1876,2019,6817,3341,3476,7789,3774,4015,6815,3259,3556,3893,1872,2021,974,455,519,
19490,3897,1877,2020,6818,3341,3477,7792,3777,4015,6817,3259,3558,3895,1873,2022,974,455,519,
19495,3898,1878,2020,6819,3342,3477,7793,3778,4015,6819,3259,3560,3896,1874,2022,974,455,519,
19500,3899,1878,2021,6822,3343,3479,7797,3781,4016,6821,3260,3561,3897,1874,2023,974,455,519,
19505,3899,1878,2021,6824,3344,3480,7797,3781,4016,6822,3260,3562,3897,1874,2023,975,455,520,
19510,3901,1878,2023,6825,3345,3480,7800,3781,4019,6824,3261,3563,3899,1875,2024,975,455,520,
19515,3902,1878,2024,6826,3345,3481,7801,3781,4020,6826,3262,3564,3900,1876,2024,975,455,520,
19520,3903,1879,2024,6829,3347,3482,7805,3784,4021,6828,3263,3565,3901,1876,2025,975,455,520,
19525,3903,1879,2024,6831,3347,3484,7805,3784,4021,6829,3264,3565,3901,1876,2025,976,455,521,
19530,3905,1880,2025,6832,3348,3484,7808,3787,4021,6831,3264,3567,3903,1877,2026,976,455,521,
19535,3906,1880,2026,6833,3349,3484,7809,3788,4021,6833,3265,3568,3904,1877,2027,976,455,521,
19540,3907,1881,2026,6836,3350,3486,7813,3788,4025,6835,3265,3570,3905,1878,2027,976,455,521,
19545,3907,1881,2026,6838,3352,3486,7813,3788,4025,6836,3266,3570,3905,1878,2027,977,455,522,
19550,3909,1882,2027,6839,3353,3486,7816,3789,4027,6838,3266,3572,3907,1879,2028,977,455,522,
19555,3910,1882,2028,6840,3354,3486,7817,3789,4028,6840,3268,3572,3908,1879,2029,977,455,522,
19560,3911,1883,2028,6843,3356,3487,7821,3789,4032,6842,3269,3573,3909,1879,2030,977,455,522,
19565,3911,1883,2028,6845,3356,3489,7821,3789,4032,6843,3270,3573,3909,1879,2030,978,455,523,
19570,3913,1884,2029,6846,3356,3490,7824,3791,4033,6845,3271,3574,3911,1880,2031,978,455,523,
19575,3914,1884,2030,6847,3356,3491,7825,3792,4033,6847,3273,3574,3912,1880,2032,978,455,523,
19580,3915,1885,2030,6850,3358,3492,7829,3794,4035,6849,3274,3575,3913,1881,2032,978,455,523,
19585,3915,1885,2030,6852,3359,3493,7829,3794,4035,6850,3275,3575,3913,1881,2032,979,456,523,
19590,3917,1885,2032,6853,3359,3494,7832,3796,4036,6852,3275,3577,3915,1881,2034,979,456,523,
19595,3918,1885,2033,6854,3359,3495,7833,3796,4037,6854,3277,3577,3916,1882,2034,979,456,523,
19600,3919,1886,2033,6857,3361,3496,7837,3799,4038,6856,3277,3579,3917,1883,2034,979,456,523,
19605,3919,1886,2033,6859,3361,3498,7837,3799,4038,6857,3277,3580,3917,1883,2034,980,456,524,
19610,3921,1888,2033,6860,3361,3499,7840,3800,4040,6859,3277,3582,3919,1885,2034,980,456,524,
19615,3922,1888,2034,6861,3362,3499,7841,3801,4040,6861,3277,3584,3920,1886,2034,980,456,524,
19620,3923,1888,2035,6864,3364,3500,7845,3804,4041,6863,3277,3586,3921,1887,2034,980,456,524,
19625,3923,1888,2035,6866,3364,3502,7845,3804,4041,6864,3277,3587,3921,1887,2034,981,457,524,
19630,3925,1888,2037,6867,3365,3502,7848,3806,4042,6866,3278,3588,3923,1889,2034,981,457,524,
19635,3926,1889,2037,6868,3366,3502,7849,3806,4043,6868,3278,3590,3924,1890,2034,981,457,524,
19640,3927,1890,2037,6871,3367,3504,7853,3809,4044,6870,3279,3591,3925,1891,2034,981,457,524,
19645,3927,1890,2037,6873,3368,3505,7853,3809,4044,6871,3280,3591,3925,1891,2034,982,457,525,
19650,3929,1891,2038,6874,3368,3506,7856,3809,4047,6873,3282,3591,3927,1893,2034,982,457,525,
19655,3930,1891,2039,6875,3369,3506,7857,3809,4048,6875,3282,3593,3928,1894,2034,982,457,525,
19660,3931,1891,2040,6878,3371,3507,7861,3810,4051,6877,3283,3594,3929,1895,2034,982,457,525,
19665,3931,1891,2040,6880,3371,3509,7861,3810,4051,6878,3283,3595,3929,1895,2034,983,457,526,
19670,3933,1892,2041,6881,3372,3509,7864,3812,4052,6880,3283,3597,3931,1895,2036,983,457,526,
19675,3934,1892,2042,6882,3373,3509,7865,3813,4052,6882,3283,3599,3932,1896,2036,983,457,526,
19680,3935,1893,2042,6885,3374,3511,7869,3815,4054,6884,3285,3599,3933,1896,2037,983,457,526,
19685,3935,1893,2042,6887,3375,3512,7869,3815,4054,6885,3286,3599,3933,1896,2037,984,457,527,
19690,3937,1893,2044,6888,3375,3513,7872,3817,4055,6887,3288,3599,3935,1897,2038,984,457,527,
19695,3938,1894,2044,6889,3376,3513,7873,3817,4056,6889,3289,3600,3936,1897,2039,984,457,527,
19700,3939,1894,2045,6892,3376,3516,7877,3818,4059,6891,3290,3601,3937,1898,2039,984,457,527,
19705,3939,1894,2045,6894,3378,3516,7877,3818,4059,6892,3290,3602,3937,1898,2039,985,458,527,
19710,3941,1896,2045,6895,3378,3517,7880,3819,4061,6894,3292,3602,3939,1899,2040,985,458,527,
19715,3942,1897,2045,6896,3378,3518,7881,3819,4062,6896,3293,3603,3940,1899,2041,985,458,527,
19720,3943,1897,2046,6899,3380,3519,7885,3820,4065,6898,3293,3605,3941,1900,2041,985,458,527,
19725,3943,1897,2046,6901,3380,3521,7885,3820,4065,6899,3294,3605,3941,1900,2041,986,459,527,
19730,3945,1899,2046,6902,3380,3522,7888,3822,4066,6901,3295,3606,3943,1900,2043,986,459,527,
19735,3946,1900,2046,6903,3381,3522,7889,3823,4066,6903,3296,3607,3944,1901,2043,986,459,527,
19740,3947,1901,2046,6906,3384,3522,7893,3824,4069,6905,3298,3607,3945,1902,2043,986,459,527,
19745,3947,1901,2046,6908,3386,3522,7893,3824,4069,6906,3299,3607,3945,1902,2043,987,460,527,
19750,3949,1903,2046,6909,3387,3522,7896,3827,4069,6908,3300,3608,3947,1902,2045,987,460,527,
19755,3950,1903,2047,6910,3388,3522,7897,3828,4069,6910,3302,3608,3948,1902,2046,987,460,527,
19760,3951,1904,2047,6913,3390,3523,7901,3830,4071,6912,3302,3610,3949,1903,2046,987,460,527,
19765,3951,1904,2047,6915,3390,3525,7901,3830,4071,6913,3303,3610,3949,1903,2046,988,461,527,
19770,3953,1904,2049,6916,3391,3525,7904,3832,4072,6915,3303,3612,3951,1905,2046,988,461,527,
19775,3954,1904,2050,6917,3392,3525,7905,3833,4072,6917,3303,3614,3952,1906,2046,988,461,527,
19780,3955,1905,2050,6920,3394,3526,7909,3835,4074,6919,3304,3615,3953,1906,2047,988,461,527,
19785,3955,1905,2050,6922,3394,3528,7909,3835,4074,6920,3305,3615,3953,1906,2047,989,462,527,
19790,3957,1905,2052,6923,3394,3529,7912,3838,4074,6922,3306,3616,3955,1907,2048,989,462,527,
19795,3958,1905,2053,6924,3395,3529,7913,3838,4075,6924,3308,3616,3956,1908,2048,989,462,527,
19800,3959,1906,2053,6927,3396,3531,7917,3840,4077,6926,3310,3616,3957,1909,2048,989,462,527,
19805,3959,1906,2053,6929,3397,3532,7917,3840,4077,6927,3311,3616,3957,1909,2048,990,463,527,
19810,3961,1906,2055,6930,3397,3533,7920,3842,4078,6929,3312,3617,3959,1911,2048,990,463,527,
19815,3962,1907,2055,6931,3397,3534,7921,3843,4078,6931,3313,3618,3960,1912,2048,990,463,527,
19820,3963,1907,2056,6934,3398,3536,7925,3845,4080,6933,3315,3618,3961,1912,2049,990,463,527,
19825,3963,1907,2056,6936,3399,3537,7925,3845,4080,6934,3316,3618,3961,1912,2049,991,463,528,
19830,3965,1907,2058,6937,3399,3538,7928,3845,4083,6936,3317,3619,3963,1912,2051,991,463,528,
19835,3966,1908,2058,6938,3399,3539,7929,3846,4083,6938,3317,3621,3964,1912,2052,991,463,528,
19840,3967,1909,2058,6941,3400,3541,7933,3848,4085,6940,3318,3622,3965,1912,2053,991,463,528,
19845,3967,1909,2058,6943,3400,3543,7933,3848,4085,6941,3318,3623,3965,1912,2053,992,464,528,
19850,3969,1910,2059,6944,3400,3544,7936,3849,4087,6943,3318,3625,3967,1912,2055,992,464,528,
19855,3970,1911,2059,6945,3400,3545,7937,3849,4088,6945,3319,3626,3968,1913,2055,992,464,528,
19860,3971,1912,2059,6948,3403,3545,7941,3852,4089,6947,3321,3626,3969,1914,2055,992,464,528,
19865,3971,1912,2059,6950,3404,3546,7941,3852,4089,6948,3322,3626,3969,1914,2055,993,464,529,
19870,3973,1913,2060,6951,3404,3547,7944,3853,4091,6950,3323,3627,3971,1914,2057,993,464,529,
19875,3974,1914,2060,6952,3405,3547,7945,3854,4091,6952,3325,3627,3972,1914,2058,993,464,529,
19880,3975,1914,2061,6955,3408,3547,7949,3856,4093,6954,3326,3628,3973,1914,2059,993,464,529,
19885,3975,1914,2061,6957,3409,3548,7949,3856,4093,6955,3327,3628,3973,1914,2059,994,464,530,
19890,3977,1915,2062,6958,3409,3549,7952,3857,4095,6957,3329,3628,3975,1915,2060,994,464,530,
19895,3978,1915,2063,6959,3409,3550,7953,3858,4095,6959,3331,3628,3976,1916,2060,994,464,530,
19900,3979,1915,2064,6962,3411,3551,7957,3859,4098,6961,3333,3628,3977,1916,2061,994,464,530,
19905,3979,1915,2064,6964,3411,3553,7957,3859,4098,6962,3333,3629,3977,1916,2061,995,465,530,
19910,3981,1916,2065,6965,3412,3553,7960,3860,4100,6964,3334,3630,3979,1917,2062,995,465,530,
19915,3982,1917,2065,6966,3412,3554,7961,3861,4100,6966,3335,3631,3980,1917,2063,995,465,530,
19920,3983,1917,2066,6969,3413,3556,7965,3863,4102,6968,3336,3632,3981,1917,2064,995,465,530,
19925,3983,1917,2066,6971,3415,3556,7965,3863,4102,6969,3336,3633,3981,1917,2064,996,466,530,
19930,3985,1918,2067,6972,3415,3557,7968,3863,4105,6971,3338,3633,3983,1918,2065,996,466,530,
19935,3986,1918,2068,6973,3416,3557,7969,3863,4106,6973,3339,3634,3984,1918,2066,996,466,530,
19940,3987,1919,2068,6976,3417,3559,7973,3865,4108,6975,3339,3636,3985,1918,2067,996,466,530,
19945,3987,1919,2068,6978,3418,3560,7973,3865,4108,6976,3340,3636,3985,1918,2067,997,467,530,
19950,3989,1920,2069,6979,3418,3561,7976,3867,4109,6978,3341,3637,3987,1919,2068,997,467,530,
19955,3990,1921,2069,6980,3418,3562,7977,3867,4110,6980,3341,3639,3988,1920,2068,997,467,530,
19960,3991,1922,2069,6983,3420,3563,7981,3870,4111,6982,3343,3639,3989,1920,2069,997,467,530,
19965,3991,1922,2069,6985,3420,3565,7981,3870,4111,6983,3343,3640,3989,1920,2069,998,468,530,
19970,3993,1923,2070,6986,3421,3565,7984,3873,4111,6985,3344,3641,3991,1921,2070,998,468,530,
19975,3994,1924,2070,6987,3422,3565,7985,3873,4112,6987,3345,3642,3992,1921,2071,998,468,530,
19980,3995,1925,2070,6990,3422,3568,7989,3874,4115,6989,3346,3643,3993,1921,2072,998,468,530,
19985,3995,1925,2070,6992,3423,3569,7989,3874,4115,6990,3347,3643,3993,1921,2072,999,469,530,
19990,3997,1925,2072,6993,3423,3570,7992,3875,4117,6992,3348,3644,3995,1922,2073,999,469,530,
19995,3998,1925,2073,6994,3424,3570,7993,3876,4117,6994,3349,3645,3996,1923,2073,999,469,530,
20000,3999,1925,2074,6997,3426,3571,7997,3879,4118,6996,3349,3647,3997,1923,2074,999,469,530,
20005,3999,1925,2074,6999,3428,3571,7997,3879,4118,6997,3350,3647,3997,1923,2074,1000,470,530,
20010,4001,1926,2075,7000,3429,3571,8000,3882,4118,6999,3352,3647,3999,1923,2076,1000,470,530,
20015,4002,1927,2075,7001,3430,3571,8001,3882,4119,7001,3353,3648,4000,1923,2077,1000,470,530,
20020,4003,1928,2075,7004,3433,3571,8005,3884,4121,7003,3354,3649,4001,1924,2077,1000,470,530,
20025,4003,1928,2075,7006,3435,3571,8005,3884,4121,7004,3355,3649,4001,1924,2077,1001,470,531,
20030,4005,1928,2077,7007,3435,3572,8008,3887,4121,7006,3356,3650,4003,1924,2079,1001,470,531,
20035,4006,1929,2077,7008,3436,3572,8009,3887,4122,7008,3356,3652,4004,1924,2080,1001,470,531,
20040,4007,1930,2077,7011,3437,3574,8013,3889,4124,7010,3357,3653,4005,1924,2081,1001,470,531,
20045,4007,1930,2077,7013,3437,3576,8013,3889,4124,7011,3357,3654,4005,1924,2081,1002,471,531,
20050,4009,1932,2077,7014,3437,3577,8016,3890,4126,7013,3357,3656,4007,1926,2081,1002,471,531,
20055,4010,1932,2078,7015,3438,3577,8017,3891,4126,7015,3358,3657,4008,1927,2081,1002,471,531,
20060,4011,1933,2078,7018,3439,3579,8021,3892,4129,7017,3358,3659,4009,1927,2082,1002,471,531,
20065,4011,1933,2078,7020,3441,3579,8021,3892,4129,7018,3358,3660,4009,1927,2082,1003,472,531,
20070,4013,1934,2079,7021,3441,3580,8024,3894,4130,7020,3359,3661,4011,1927,2084,1003,472,531,
20075,4014,1935,2079,7022,3441,3581,8025,3894,4131,7022,3360,3662,4012,1927,2085,1003,472,531,
20080,4015,1935,2080,7025,3443,3582,8029,3896,4133,7024,3360,3664,4013,1928,2085,1003,472,531,
20085,4015,1935,2080,7027,3445,3582,8029,3896,4133,7025,3360,3665,4013,1928,2085,1004,473,531,
20090,4017,1935,2082,7028,3445,3583,8032,3897,4135,7027,3360,3667,4015,1930,2085,1004,473,531,
20095,4018,1936,2082,7029,3445,3584,8033,3897,4136,7029,3362,3667,4016,1931,2085,1004,473,531,
20100,4019,1937,2082,7032,3446,3586,8037,3898,4139,7031,3362,3669,4017,1932,2085,1004,473,531,
20105,4019,1937,2082,7034,3447,3587,8037,3898,4139,7032,3362,3670,4017,1932,2085,1005,473,532,
20110,4021,1938,2083,7035,3447,3588,8040,3900,4140,7034,3363,3671,4019,1933,2086,1005,473,532,
20115,4022,1939,2083,7036,3447,3589,8041,3900,4141,7036,3365,3671,4020,1934,2086,1005,473,532,
20120,4023,1939,2084,7039,3447,3592,8045,3902,4143,7038,3365,3673,4021,1934,2087,1005,473,532,
20125,4023,1939,2084,7041,3447,3594,8045,3902,4143,7039,3365,3674,4021,1934,2087,1006,473,533,
20130,4025,1939,2086,7042,3447,3595,8048,3903,4145,7041,3366,3675,4023,1936,2087,1006,473,533,
20135,4026,1939,2087,7043,3447,3596,8049,3903,4146,7043,3366,3677,4024,1937,2087,1006,473,533,
20140,4027,1940,2087,7046,3449,3597,8053,3905,4148,7045,3366,3679,4025,1938,2087,1006,473,533,
20145,4027,1940,2087,7048,3449,3599,8053,3905,4148,7046,3366,3680,4025,1938,2087,1007,474,533,
20150,4029,1940,2089,7049,3449,3600,8056,3905,4151,7048,3366,3682,4027,1939,2088,1007,474,533,
20155,4030,1940,2090,7050,3449,3601,8057,3905,4152,7050,3367,3683,4028,1939,2089,1007,474,533,
20160,4031,1940,2091,7053,3450,3603,8061,3908,4153,7052,3367,3685,4029,1940,2089,1007,474,533,
20165,4031,1940,2091,7055,3450,3605,8061,3908,4153,7053,3367,3686,4029,1940,2089,1008,475,533,
20170,4033,1941,2092,7056,3451,3605,8064,3910,4154,7055,3368,3687,4031,1942,2089,1008,475,533,
20175,4034,1942,2092,7057,3452,3605,8065,3910,4155,7057,3370,3687,4032,1942,2090,1008,475,533,
20180,4035,1943,2092,7060,3453,3607,8069,3913,4156,7059,3371,3688,4033,1943,2090,1008,475,533,
20185,4035,1943,2092,7062,3454,3608,8069,3913,4156,7060,3372,3688,4033,1943,2090,1009,475,534,
20190,4037,1944,2093,7063,3455,3608,8072,3916,4156,7062,3373,3689,4035,1943,2092,1009,475,534,
20195,4038,1944,2094,7064,3456,3608,8073,3916,4157,7064,3374,3690,4036,1944,2092,1009,475,534,
20200,4039,1945,2094,7067,3458,3609,8077,3918,4159,7066,3376,3690,4037,1945,2092,1009,475,534,
20205,4039,1945,2094,7069,3459,3610,8077,3918,4159,7067,3376,3691,4037,1945,2092,1010,475,535,
20210,4041,1946,2095,7070,3460,3610,8080,3918,4162,7069,3378,3691,4039,1946,2093,1010,475,535,
20215,4042,1947,2095,7071,3461,3610,8081,3918,4163,7071,3378,3693,4040,1946,2094,1010,475,535,
20220,4043,1948,2095,7074,3462,3612,8085,3920,4165,7073,3379,3694,4041,1947,2094,1010,475,535,
20225,4043,1948,2095,7076,3463,3613,8085,3920,4165,7074,3379,3695,4041,1947,2094,1011,475,536,
20230,4045,1949,2096,7077,3464,3613,8088,3920,4168,7076,3381,3695,4043,1949,2094,1011,475,536,
20235,4046,1949,2097,7078,3464,3614,8089,3920,4169,7078,3382,3696,4044,1949,2095,1011,475,536,
20240,4047,1949,2098,7081,3466,3615,8093,3923,4170,7080,3383,3697,4045,1949,2096,1011,475,536,
20245,4047,1949,2098,7083,3468,3615,8093,3923,4170,7081,3383,3698,4045,1949,2096,1012,476,536,
20250,4049,1949,2100,7084,3469,3615,8096,3925,4171,7083,3383,3700,4047,1950,2097,1012,476,536,
20255,4050,1949,2101,7085,3470,3615,8097,3926,4171,7085,3384,3701,4048,1950,2098,1012,476,536,
20260,4051,1949,2102,7088,3470,3618,8101,3928,4173,7087,3384,3703,4049,1950,2099,1012,476,536,
20265,4051,1949,2102,7090,3470,3620,8101,3928,4173,7088,3385,3703,4049,1950,2099,1013,477,536,
20270,4053,1951,2102,7091,3470,3621,8104,3930,4174,7090,3387,3703,4051,1951,2100,1013,477,536,
20275,4054,1952,2102,7092,3471,3621,8105,3931,4174,7092,3388,3704,4052,1951,2101,1013,477,536,
20280,4055,1952,2103,7095,3471,3624,8109,3932,4177,7094,3389,3705,4053,1952,2101,1013,477,536,
20285,4055,1952,2103,7097,3471,3626,8109,3932,4177,7095,3389,3706,4053,1952,2101,1014,477,537,
20290,4057,1952,2105,7098,3472,3626,8112,3933,4179,7097,3390,3707,4055,1953,2102,1014,477,537,
20295,4058,1953,2105,7099,3472,3627,8113,3934,4179,7099,3391,3708,4056,1953,2103,1014,477,537,
20300,4059,1954,2105,7102,3475,3627,8117,3935,4182,7101,3391,3710,4057,1954,2103,1014,477,537,
20305,4059,1954,2105,7104,3475,3629,8117,3935,4182,7102,3392,3710,4057,1954,2103,1015,477,538,
20310,4061,1955,2106,7105,3476,3629,8120,3937,4183,7104,3393,3711,4059,1955,2104,1015,477,538,
20315,4062,1956,2106,7106,3477,3629,8121,3938,4183,7106,3395,3711,4060,1956,2104,1015,477,538,
20320,4063,1957,2106,7109,3480,3629,8125,3940,4185,7108,3396,3712,4061,1956,2105,1015,477,538,
20325,4063,1957,2106,7111,3480,3631,8125,3940,4185,7109,3396,3713,4061,1956,2105,1016,477,539,
20330,4065,1957,2108,7112,3481,3631,8128,3942,4186,7111,3397,3714,4063,1956,2107,1016,477,539,
20335,4066,1957,2109,7113,3482,3631,8129,3943,4186,7113,3398,3715,4064,1957,2107,1016,477,539,
20340,4067,1958,2109,7116,3483,3633,8133,3944,4189,7115,3398,3717,4065,1958,2107,1016,477,539,
20345,4067,1958,2109,7118,3485,3633,8133,3944,4189,7116,3398,3718,4065,1958,2107,1017,477,540,
20350,4069,1959,2110,7119,3485,3634,8136,3947,4189,7118,3399,3719,4067,1958,2109,1017,477,540,
20355,4070,1959,2111,7120,3486,3634,8137,3947,4190,7120,3400,3720,4068,1958,2110,1017,477,540,
20360,4071,1960,2111,7123,3488,3635,8141,3948,4193,7122,3400,3722,4069,1959,2110,1017,477,540,
20365,4071,1960,2111,7125,3488,3637,8141,3948,4193,7123,3400,3723,4069,1959,2110,1018,478,540,
20370,4073,1961,2112,7126,3488,3638,8144,3950,4194,7125,3401,3724,4071,1960,2111,1018,478,540,
20375,4074,1961,2113,7127,3489,3638,8145,3950,4195,7127,3401,3726,4072,1961,2111,1018,478,540,
20380,4075,1961,2114,7130,3491,3639,8149,3951,4198,7129,3402,3727,4073,1961,2112,1018,478,540,
20385,4075,1961,2114,7132,3492,3640,8149,3951,4198,7130,3402,3728,4073,1961,2112,1019,478,541,
20390,4077,1963,2114,7133,3493,3640,8152,3951,4201,7132,3403,3729,4075,1962,2113,1019,478,541,
20395,4078,1963,2115,7134,3494,3640,8153,3952,4201,7134,3403,3731,4076,1963,2113,1019,478,541,
20400,4079,1964,2115,7137,3497,3640,8157,3955,4202,7136,3405,3731,4077,1963,2114,1019,478,541,
20405,4079,1964,2115,7139,3498,3641,8157,3955,4202,7137,3406,3731,4077,1963,2114,1020,479,541,
20410,4081,1965,2116,7140,3498,3642,8160,3956,4204,7139,3407,3732,4079,1964,2115,1020,479,541,
20415,4082,1965,2117,7141,3499,3642,8161,3956,4205,7141,3407,3734,4080,1965,2115,1020,479,541,
20420,4083,1965,2118,7144,3500,3644,8165,3958,4207,7143,3407,3736,4081,1965,2116,1020,479,541,
20425,4083,1965,2118,7146,3500,3646,8165,3958,4207,7144,3407,3737,4081,1965,2116,1021,480,541,
20430,4085,1967,2118,7147,3500,3647,8168,3959,4209,7146,3408,3738,4083,1965,2118,1021,480,541,
20435,4086,1967,2119,7148,3500,3648,8169,3959,4210,7148,3409,3739,4084,1966,2118,1021,480,541,
20440,4087,1967,2120,7151,3503,3648,8173,3961,4212,7150,3410,3740,4085,1966,2119,1021,480,541,
20445,4087,1967,2120,7153,3504,3649,8173,3961,4212,7151,3411,3740,4085,1966,2119,1022,480,542,
20450,4089,1969,2120,7154,3504,3650,8176,3962,4214,7153,3413,3740,4087,1967,2120,1022,480,542,
20455,4090,1970,2120,7155,3504,3651,8177,3962,4215,7155,3413,3742,4088,1967,2121,1022,480,542,
20460,4091,1970,2121,7158,3505,3653,8181,3965,4216,7157,3413,3744,4089,1967,2122,1022,480,542,
20465,4091,1970,2121,7160,3506,3654,8181,3965,4216,7158,3413,3745,4089,1967,2122,1023,481,542,
20470,4093,1971,2122,7161,3507,3654,8184,3967,4217,7160,3413,3747,4091,1969,2122,1023,481,542,
20475,4094,1972,2122,7162,3507,3655,8185,3968,4217,7162,3414,3748,4092,1970,2122,1023,481,542,
20480,4095,1973,2122,7165,3510,3655,8189,3971,4218,7164,3415,3749,4093,1970,2123,1023,481,542,
20485,4095,1973,2122,7167,3512,3655,8189,3971,4218,7165,3415,3750,4093,1970,2123,1024,482,542,
20490,4097,1974,2123,7168,3513,3655,8192,3973,4219,7167,3416,3751,4095,1970,2125,1024,482,542,
20495,4098,1975,2123,7169,3513,3656,8193,3973,4220,7169,3418,3751,4096,1971,2125,1024,482,542,
20500,4099,1976,2123,7172,3514,3658,8197,3974,4223,7171,3418,3753,4097,1972,2125,1024,482,542,
20505,4099,1976,2123,7174,3515,3659,8197,3974,4223,7172,3418,3754,4097,1972,2125,1025,482,543,
20510,4101,1977,2124,7175,3516,3659,8200,3976,4224,7174,3420,3754,4099,1973,2126,1025,482,543,
20515,4102,1978,2124,7176,3516,3660,8201,3977,4224,7176,3421,3755,4100,1974,2126,1025,482,543,
20520,4103,1979,2124,7179,3517,3662,8205,3978,4227,7178,3421,3757,4101,1974,2127,1025,482,543,
20525,4103,1979,2124,7181,3518,3663,8205,3978,4227,7179,3421,3758,4101,1974,2127,1026,482,544,
20530,4105,1979,2126,7182,3518,3664,8208,3980,4228,7181,3422,3759,4103,1974,2129,1026,482,544,
20535,4106,1980,2126,7183,3519,3664,8209,3980,4229,7183,3422,3761,4104,1975,2129,1026,482,544,
20540,4107,1980,2127,7186,3520,3666,8213,3982,4231,7185,3423,3762,4105,1976,2129,1026,482,544,
20545,4107,1980,2127,7188,3521,3667,8213,3982,4231,7186,3423,3763,4105,1976,2129,1027,483,544,
20550,4109,1982,2127,7189,3521,3668,8216,3984,4232,7188,3424,3764,4107,1977,2130,1027,483,544,
20555,4110,1983,2127,7190,3522,3668,8217,3985,4232,7190,3424,3766,4108,1977,2131,1027,483,544,
20560,4111,1983,2128,7193,3523,3670,8221,3987,4234,7192,3426,3766,4109,1978,2131,1027,483,544,
20565,4111,1983,2128,7195,3523,3672,8221,3987,4234,7193,3426,3767,4109,1978,2131,1028,483,545,
20570,4113,1983,2130,7196,3523,3673,8224,3988,4236,7195,3426,3769,4111,1979,2132,1028,483,545,
20575,4114,1984,2130,7197,3524,3673,8225,3989,4236,7197,3427,3770,4112,1980,2132,1028,483,545,
20580,4115,1984,2131,7200,3527,3673,8229,3990,4239,7199,3427,3772,4113,1980,2133,1028,483,545,
20585,4115,1984,2131,7202,3527,3675,8229,3990,4239,7200,3428,3772,4113,1980,2133,1029,484,545,
20590,4117,1985,2132,7203,3528,3675,8232,3993,4239,7202,3429,3773,4115,1980,2135,1029,484,545,
20595,4118,1985,2133,7204,3528,3676,8233,3993,4240,7204,3431,3773,4116,1981,2135,1029,484,545,
20600,4119,1986,2133,7207,3530,3677,8237,3996,4241,7206,3431,3775,4117,1982,2135,1029,484,545,
20605,4119,1986,2133,7209,3530,3679,8237,3996,4241,7207,3432,3775,4117,1982,2135,1030,485,545,
20610,4121,1987,2134,7210,3530,3680,8240,3998,4242,7209,3432,3777,4119,1984,2135,1030,485,545,
20615,4122,1987,2135,7211,3530,3681,8241,3999,4242,7211,3432,3779,4120,1985,2135,1030,485,545,
20620,4123,1987,2136,7214,3531,3683,8245,4002,4243,7213,3433,3780,4121,1986,2135,1030,485,545,
20625,4123,1987,2136,7216,3533,3683,8245,4002,4243,7214,3434,3780,4121,1986,2135,1031,486,545,
20630,4125,1988,2137,7217,3534,3683,8248,4003,4245,7216,3435,3781,4123,1987,2136,1031,486,545,
20635,4126,1988,2138,7218,3535,3683,8249,4003,4246,7218,3435,3783,4124,1987,2137,1031,486,545,
20640,4127,1988,2139,7221,3537,3684,8253,4006,4247,7220,3437,3783,4125,1988,2137,1031,486,545,
20645,4127,1988,2139,7223,3539,3684,8253,4006,4247,7221,3437,3784,4125,1988,2137,1032,486,546,
20650,4129,1988,2141,7224,3540,3684,8256,4007,4249,7223,3438,3785,4127,1989,2138,1032,486,546,
20655,4130,1988,2142,7225,3540,3685,8257,4008,4249,7225,3440,3785,4128,1990,2138,1032,486,546,
20660,4131,1988,2143,7228,3541,3687,8261,4011,4250,7227,3440,3787,4129,1991,2138,1032,486,546,
20665,4131,1988,2143,7230,3542,3688,8261,4011,4250,7228,3440,3788,4129,1991,2138,1033,486,547,
20670,4133,1988,2145,7231,3542,3689,8264,4013,4251,7230,3440,3790,4131,1992,2139,1033,486,547,
20675,4134,1989,2145,7232,3543,3689,8265,4013,4252,7232,3441,3791,4132,1993,2139,1033,486,547,
20680,4135,1989,2146,7235,3545,3690,8269,4015,4254,7234,3442,3792,4133,1994,2139,1033,486,547,
20685,4135,1989,2146,7237,3546,3691,8269,4015,4254,7235,3442,3793,4133,1994,2139,1034,486,548,
20690,4137,1990,2147,7238,3547,3691,8272,4016,4256,7237,3443,3794,4135,1995,2140,1034,486,548,
20695,4138,1991,2147,7239,3547,3692,8273,4016,4257,7239,3445,3794,4136,1996,2140,1034,486,548,
20700,4139,1991,2148,7242,3550,3692,8277,4019,4258,7241,3446,3795,4137,1997,2140,1034,486,548,
20705,4139,1991,2148,7244,3551,3693,8277,4019,4258,7242,3447,3795,4137,1997,2140,1035,486,549,
20710,4141,1992,2149,7245,3551,3694,8280,4020,4260,7244,3448,3796,4139,1998,2141,1035,486,549,
20715,4142,1993,2149,7246,3552,3694,8281,4021,4260,7246,3450,3796,4140,1998,2142,1035,486,549,
20720,4143,1993,2150,7249,3552,3697,8285,4023,4262,7248,3451,3797,4141,1999,2142,1035,486,549,
20725,4143,1993,2150,7251,3552,3699,8285,4023,4262,7249,3452,3797,4141,1999,2142,1036,487,549,
20730,4145,1993,2152,7252,3552,3700,8288,4026,4262,7251,3453,3798,4143,2000,2143,1036,487,549,
20735,4146,1993,2153,7253,3553,3700,8289,4026,4263,7253,3453,3800,4144,2000,2144,1036,487,549,
20740,4147,1993,2154,7256,3553,3703,8293,4028,4265,7255,3453,3802,4145,2001,2144,1036,487,549,
20745,4147,1993,2154,7258,3555,3703,8293,4028,4265,7256,3453,3803,4145,2001,2144,1037,487,550,
20750,4149,1995,2154,7259,3556,3703,8296,4030,4266,7258,3453,3805,4147,2003,2144,1037,487,550,
20755,4150,1996,2154,7260,3557,3703,8297,4031,4266,7260,3454,3806,4148,2004,2144,1037,487,550,
20760,4151,1996,2155,7263,3558,3705,8301,4032,4269,7262,3455,3807,4149,2005,2144,1037,487,550,
20765,4151,1996,2155,7265,3558,3707,8301,4032,4269,7263,3455,3808,4149,2005,2144,1038,487,551,
20770,4153,1996,2157,7266,3558,3708,8304,4034,4270,7265,3456,3809,4151,2007,2144,1038,487,551,
20775,4154,1996,2158,7267,3558,3709,8305,4035,4270,7267,3458,3809,4152,2007,2145,1038,487,551,
20780,4155,1996,2159,7270,3559,3711,8309,4037,4272,7269,3458,3811,4153,2008,2145,1038,487,551,
20785,4155,1996,2159,7272,3560,3712,8309,4037,4272,7270,3459,3811,4153,2008,2145,1039,487,552,
20790,4157,1996,2161,7273,3561,3712,8312,4038,4274,7272,3461,3811,4155,2009,2146,1039,487,552,
20795,4158,1997,2161,7274,3561,3713,8313,4039,4274,7274,3461,3813,4156,2010,2146,1039,487,552,
20800,4159,1998,2161,7277,3562,3715,8317,4041,4276,7276,3463,3813,4157,2010,2147,1039,487,552,
20805,4159,1998,2161,7279,3562,3717,8317,4041,4276,7277,3463,3814,4157,2010,2147,1040,487,553,
20810,4161,1999,2162,7280,3563,3717,8320,4043,4277,7279,3463,3816,4159,2011,2148,1040,487,553,
20815,4162,1999,2163,7281,3564,3717,8321,4044,4277,7281,3464,3817,4160,2012,2148,1040,487,553,
20820,4163,1999,2164,7284,3567,3717,8325,4046,4279,7283,3465,3818,4161,2012,2149,1040,487,553,
20825,4163,1999,2164,7286,3568,3718,8325,4046,4279,7284,3466,3818,4161,2012,2149,1041,488,553,
20830,4165,2000,2165,7287,3569,3718,8328,4048,4280,7286,3467,3819,4163,2014,2149,1041,488,553,
20835,4166,2000,2166,7288,3570,3718,8329,4048,4281,7288,3468,3820,4164,2014,2150,1041,488,553,
20840,4167,2001,2166,7291,3573,3718,8333,4050,4283,7290,3469,3821,4165,2015,2150,1041,488,553,
20845,4167,2001,2166,7293,3573,3720,8333,4050,4283,7291,3469,3822,4165,2015,2150,1042,489,553,
20850,4169,2002,2167,7294,3574,3720,8336,4050,4286,7293,3470,3823,4167,2017,2150,1042,489,553,
20855,4170,2003,2167,7295,3574,3721,8337,4051,4286,7295,3470,3825,4168,2017,2151,1042,489,553,
20860,4171,2004,2167,7298,3575,3723,8341,4052,4289,7297,3471,3826,4169,2018,2151,1042,489,553,
20865,4171,2004,2167,7300,3575,3725,8341,4052,4289,7298,3471,3827,4169,2018,2151,1043,489,554,
20870,4173,2004,2169,7301,3575,3726,8344,4053,4291,7300,3472,3828,4171,2020,2151,1043,489,554,
20875,4174,2005,2169,7302,3576,3726,8345,4053,4292,7302,3472,3830,4172,2020,2152,1043,489,554,
20880,4175,2006,2169,7305,3577,3728,8349,4056,4293,7304,3472,3832,4173,2020,2153,1043,489,554,
20885,4175,2006,2169,7307,3578,3729,8349,4056,4293,7305,3473,3832,4173,2020,2153,1044,490,554,
20890,4177,2006,2171,7308,3579,3729,8352,4057,4295,7307,3473,3834,4175,2021,2154,1044,490,554,
20895,4178,2006,2172,7309,3579,3730,8353,4057,4296,7309,3474,3835,4176,2022,2154,1044,490,554,
20900,4179,2007,2172,7312,3581,3731,8357,4057,4300,7311,3476,3835,4177,2022,2155,1044,490,554,
20905,4179,2007,2172,7314,3581,3733,8357,4057,4300,7312,3477,3835,4177,2022,2155,1045,490,555,
20910,4181,2008,2173,7315,3582,3733,8360,4059,4301,7314,3478,3836,4179,2024,2155,1045,490,555,
20915,4182,2008,2174,7316,3583,3733,8361,4059,4302,7316,3479,3837,4180,2025,2155,1045,490,555,
20920,4183,2009,2174,7319,3584,3735,8365,4062,4303,7318,3481,3837,4181,2026,2155,1045,490,555,
20925,4183,2009,2174,7321,3584,3737,8365,4062,4303,7319,3482,3837,4181,2026,2155,1046,491,555,
20930,4185,2011,2174,7322,3584,3738,8368,4064,4304,7321,3484,3837,4183,2027,2156,1046,491,555,
20935,4186,2011,2175,7323,3584,3739,8369,4064,4305,7323,3486,3837,4184,2028,2156,1046,491,555,
20940,4187,2011,2176,7326,3586,3740,8373,4065,4308,7325,3487,3838,4185,2028,2157,1046,491,555,
20945,4187,2011,2176,7328,3588,3740,8373,4065,4308,7326,3487,3839,4185,2028,2157,1047,492,555,
20950,4189,2012,2177,7329,3589,3740,8376,4067,4309,7328,3488,3840,4187,2029,2158,1047,492,555,
20955,4190,2012,2178,7330,3590,3740,8377,4067,4310,7330,3489,3841,4188,2030,2158,1047,492,555,
20960,4191,2012,2179,7333,3591,3742,8381,4070,4311,7332,3491,3841,4189,2031,2158,1047,492,555,
20965,4191,2012,2179,7335,3592,3743,8381,4070,4311,7333,3492,3841,4189,2031,2158,1048,493,555,
20970,4193,2013,2180,7336,3593,3743,8384,4071,4313,7335,3493,3842,4191,2031,2160,1048,493,555,
20975,4194,2014,2180,7337,3593,3744,8385,4072,4313,7337,3494,3843,4192,2032,2160,1048,493,555,
20980,4195,2015,2180,7340,3595,3745,8389,4074,4315,7339,3495,3844,4193,2033,2160,1048,493,555,
20985,4195,2015,2180,7342,3596,3746,8389,4074,4315,7340,3496,3844,4193,2033,2160,1049,494,555,
20990,4197,2016,2181,7343,3597,3746,8392,4076,4316,7342,3497,3845,4195,2035,2160,1049,494,555,
20995,4198,2017,2181,7344,3597,3747,8393,4076,4317,7344,3498,3846,4196,2036,2160,1049,494,555,
21000,4199,2018,2181,7347,3600,3747,8397,4079,4318,7346,3499,3847,4197,2037,2160,1049,494,555,
21005,4199,2018,2181,7349,3601,3748,8397,4079,4318,7347,3499,3848,4197,2037,2160,1050,494,556,
21010,4201,2019,2182,7350,3602,3748,8400,4080,4320,7349,3501,3848,4199,2039,2160,1050,494,556,
21015,4202,2020,2182,7351,3603,3748,8401,4081,4320,7351,3502,3849,4200,2040,2160,1050,494,556,
21020,4203,2020,2183,7354,3605,3749,8405,4083,4322,7353,3502,3851,4201,2040,2161,1050,494,556,
21025,4203,2020,2183,7356,3605,3751,8405,4083,4322,7354,3503,3851,4201,2040,2161,1051,494,557,
21030,4205,2020,2185,7357,3605,3752,8408,4083,4325,7356,3503,3853,4203,2041,2162,1051,494,557,
21035,4206,2020,2186,7358,3605,3753,8409,4083,4326,7358,3504,3854,4204,2041,2163,1051,494,557,
21040,4207,2020,2187,7361,3606,3755,8413,4086,4327,7360,3504,3856,4205,2041,2164,1051,494,557,
21045,4207,2020,2187,7363,3608,3755,8413,4086,4327,7361,3504,3857,4205,2041,2164,1052,494,558,
21050,4209,2020,2189,7364,3608,3756,8416,4086,4330,7363,3505,3858,4207,2043,2164,1052,494,558,
21055,4210,2021,2189,7365,3609,3756,8417,4086,4331,7365,3506,3859,4208,2044,2164,1052,494,558,
21060,4211,2021,2190,7368,3610,3758,8421,4087,4334,7367,3508,3859,4209,2044,2165,1052,494,558,
21065,4211,2021,2190,7370,3612,3758,8421,4087,4334,7368,3508,3860,4209,2044,2165,1053,494,559,
21070,4213,2022,2191,7371,3613,3758,8424,4089,4335,7370,3508,3862,4211,2045,2166,1053,494,559,
21075,4214,2022,2192,7372,3613,3759,8425,4090,4335,7372,3509,3863,4212,2045,2167,1053,494,559,
21080,4215,2023,2192,7375,3613,3762,8429,4091,4338,7374,3510,3864,4213,2046,2167,1053,494,559,
21085,4215,2023,2192,7377,3614,3763,8429,4091,4338,7375,3511,3864,4213,2046,2167,1054,494,560,
21090,4217,2025,2192,7378,3614,3764,8432,4092,4340,7377,3512,3865,4215,2046,2169,1054,494,560,
21095,4218,2026,2192,7379,3614,3765,8433,4092,4341,7379,3513,3866,4216,2047,2169,1054,494,560,
21100,4219,2027,2192,7382,3614,3768,8437,4094,4343,7381,3515,3866,4217,2047,2170,1054,494,560,
21105,4219,2027,2192,7384,3615,3769,8437,4094,4343,7382,3515,3867,4217,2047,2170,1055,494,561,
21110,4221,2028,2193,7385,3616,3769,8440,4094,4346,7384,3516,3868,4219,2047,2172,1055,494,561,
21115,4222,2028,2194,7386,3616,3770,8441,4094,4347,7386,3517,3869,4220,2047,2173,1055,494,561,
21120,4223,2029,2194,7389,3616,3773,8445,4097,4348,7388,3519,3869,4221,2047,2174,1055,494,561,
21125,4223,2029,2194,7391,3617,3774,8445,4097,4348,7389,3520,3869,4221,2047,2174,1056,495,561,
21130,4225,2030,2195,7392,3617,3775,8448,4098,4350,7391,3522,3869,4223,2049,2174,1056,495,561,
21135,4226,2030,2196,7393,3617,3776,8449,4098,4351,7393,3523,3870,4224,2049,2175,1056,495,561,
21140,4227,2030,2197,7396,3618,3778,8453,4100,4353,7395,3524,3871,4225,2049,2176,1056,495,561,
21145,4227,2030,2197,7398,3618,3780,8453,4100,4353,7396,3525,3871,4225,2049,2176,1057,495,562,
21150,4229,2031,2198,7399,3618,3781,8456,4103,4353,7398,3526,3872,4227,2051,2176,1057,495,562,
21155,4230,2031,2199,7400,3618,3782,8457,4104,4353,7400,3527,3873,4228,2052,2176,1057,495,562,
21160,4231,2031,2200,7403,3621,3782,8461,4105,4356,7402,3528,3874,4229,2052,2177,1057,495,562,
21165,4231,2031,2200,7405,3623,3782,8461,4105,4356,7403,3528,3875,4229,2052,2177,1058,496,562,
21170,4233,2031,2202,7406,3623,3783,8464,4107,4357,7405,3528,3877,4231,2054,2177,1058,496,562,
21175,4234,2032,2202,7407,3624,3783,8465,4107,4358,7407,3530,3877,4232,2055,2177,1058,496,562,
21180,4235,2033,2202,7410,3624,3786,8469,4111,4358,7409,3531,3878,4233,2055,2178,1058,496,562,
21185,4235,2033,2202,7412,3626,3786,8469,4111,4358,7410,3531,3879,4233,2055,2178,1059,496,563,
21190,4237,2034,2203,7413,3626,3787,8472,4114,4358,7412,3532,3880,4235,2055,2180,1059,496,563,
21195,4238,2035,2203,7414,3626,3788,8473,4115,4358,7414,3534,3880,4236,2056,2180,1059,496,563,
21200,4239,2036,2203,7417,3627,3790,8477,4118,4359,7416,3534,3882,4237,2056,2181,1059,496,563,
21205,4239,2036,2203,7419,3627,3792,8477,4118,4359,7417,3535,3882,4237,2056,2181,1060,497,563,
21210,4241,2037,2204,7420,3627,3793,8480,4119,4361,7419,3536,3883,4239,2056,2183,1060,497,563,
21215,4242,2038,2204,7421,3627,3794,8481,4119,4362,7421,3538,3883,4240,2057,2183,1060,497,563,
21220,4243,2038,2205,7424,3629,3795,8485,4120,4365,7423,3540,3883,4241,2058,2183,1060,497,563,
21225,4243,2038,2205,7426,3630,3796,8485,4120,4365,7424,3540,3884,4241,2058,2183,1061,498,563,
21230,4245,2040,2205,7427,3631,3796,8488,4121,4367,7426,3540,3886,4243,2059,2184,1061,498,563,
21235,4246,2041,2205,7428,3631,3797,8489,4122,4367,7428,3541,3887,4244,2059,2185,1061,498,563,
21240,4247,2041,2206,7431,3631,3800,8493,4124,4369,7430,3542,3888,4245,2060,2185,1061,498,563,
21245,4247,2041,2206,7433,3632,3801,8493,4124,4369,7431,3542,3889,4245,2060,2185,1062,498,564,
21250,4249,2042,2207,7434,3632,3802,8496,4126,4370,7433,3542,3891,4247,2061,2186,1062,498,564,
21255,4250,2042,2208,7435,3633,3802,8497,4126,4371,7435,3542,3893,4248,2061,2187,1062,498,564,
21260,4251,2042,2209,7438,3635,3803,8501,4130,4371,7437,3542,3895,4249,2062,2187,1062,498,564,
21265,4251,2042,2209,7440,3635,3805,8501,4130,4371,7438,3542,3896,4249,2062,2187,1063,499,564,
21270,4253,2044,2209,7441,3636,3805,8504,4132,4372,7440,3543,3897,4251,2064,2187,1063,499,564,
21275,4254,2044,2210,7442,3637,3805,8505,4132,4373,7442,3544,3898,4252,2065,2187,1063,499,564,
21280,4255,2045,2210,7445,3637,3808,8509,4134,4375,7444,3544,3900,4253,2066,2187,1063,499,564,
21285,4255,2045,2210,7447,3639,3808,8509,4134,4375,7445,3545,3900,4253,2066,2187,1064,500,564,
21290,4257,2047,2210,7448,3640,3808,8512,4137,4375,7447,3546,3901,4255,2068,2187,1064,500,564,
21295,4258,2047,2211,7449,3640,3809,8513,4137,4376,7449,3547,3902,4256,2068,2188,1064,500,564,
21300,4259,2048,2211,7452,3642,3810,8517,4137,4380,7451,3549,3902,4257,2069,2188,1064,500,564,
21305,4259,2048,2211,7454,3643,3811,8517,4137,4380,7452,3550,3902,4257,2069,2188,1065,500,565,
21310,4261,2049,2212,7455,3643,3812,8520,4137,4383,7454,3551,3903,4259,2069,2190,1065,500,565,
21315,4262,2049,2213,7456,3643,3813,8521,4137,4384,7456,3552,3904,4260,2069,2191,1065,500,565,
21320,4263,2050,2213,7459,3644,3815,8525,4138,4387,7458,3553,3905,4261,2070,2191,1065,500,565,
21325,4263,2050,2213,7461,3645,3816,8525,4138,4387,7459,3554,3905,4261,2070,2191,1066,501,565,
21330,4265,2051,2214,7462,3646,3816,8528,4139,4389,7461,3555,3906,4263,2070,2193,1066,501,565,
21335,4266,2052,2214,7463,3647,3816,8529,4140,4389,7463,3555,3908,4264,2070,2194,1066,501,565,
21340,4267,2053,2214,7466,3650,3816,8533,4142,4391,7465,3556,3909,4265,2071,2194,1066,501,565,
21345,4267,2053,2214,7468,3651,3817,8533,4142,4391,7466,3556,3910,4265,2071,2194,1067,501,566,
21350,4269,2055,2214,7469,3651,3818,8536,4143,4393,7468,3557,3911,4267,2073,2194,1067,501,566,
21355,4270,2055,2215,7470,3652,3818,8537,4143,4394,7470,3557,3913,4268,2074,2194,1067,501,566,
21360,4271,2056,2215,7473,3652,3821,8541,4145,4396,7472,3559,3913,4269,2074,2195,1067,501,566,
21365,4271,2056,2215,7475,3654,3821,8541,4145,4396,7473,3559,3914,4269,2074,2195,1068,502,566,
21370,4273,2056,2217,7476,3654,3822,8544,4147,4397,7475,3560,3915,4271,2075,2196,1068,502,566,
21375,4274,2057,2217,7477,3654,3823,8545,4148,4397,7477,3562,3915,4272,2076,2196,1068,502,566,
21380,4275,2057,2218,7480,3655,3825,8549,4150,4399,7479,3562,3917,4273,2077,2196,1068,502,566,
21385,4275,2057,2218,7482,3656,3826,8549,4150,4399,7480,3562,3918,4273,2077,2196,1069,503,566,
21390,4277,2058,2219,7483,3657,3826,8552,4150,4402,7482,3563,3919,4275,2078,2197,1069,503,566,
21395,4278,2059,2219,7484,3658,3826,8553,4151,4402,7484,3565,3919,4276,2079,2197,1069,503,566,
21400,4279,2059,2220,7487,3658,3829,8557,4153,4404,7486,3565,3921,4277,2079,2198,1069,503,566,
21405,4279,2059,2220,7489,3658,3831,8557,4153,4404,7487,3566,3921,4277,2079,2198,1070,504,566,
21410,4281,2061,2220,7490,3659,3831,8560,4155,4405,7489,3566,3923,4279,2079,2200,1070,504,566,
21415,4282,2061,2221,7491,3659,3832,8561,4155,4406,7491,3567,3924,4280,2079,2201,1070,504,566,
21420,4283,2062,2221,7494,3660,3834,8565,4156,4409,7493,3567,3926,4281,2079,2202,1070,504,566,
21425,4283,2062,2221,7496,3661,3835,8565,4156,4409,7494,3568,3926,4281,2079,2202,1071,504,567,
21430,4285,2064,2221,7497,3661,3836,8568,4158,4410,7496,3569,3927,4283,2081,2202,1071,504,567,
21435,4286,2065,2221,7498,3661,3837,8569,4159,4410,7498,3570,3928,4284,2082,2202,1071,504,567,
21440,4287,2065,2222,7501,3661,3840,8573,4162,4411,7500,3570,3930,4285,2083,2202,1071,504,567,
21445,4287,2065,2222,7503,3662,3841,8573,4162,4411,7501,3571,3930,4285,2083,2202,1072,504,568,
21450,4289,2066,2223,7504,3662,3842,8576,4163,4413,7503,3572,3931,4287,2084,2203,1072,504,568,
21455,4290,2067,2223,7505,3663,3842,8577,4164,4413,7505,3574,3931,4288,2084,2204,1072,504,568,
21460,4291,2067,2224,7508,3665,3843,8581,4166,4415,7507,3575,3932,4289,2084,2205,1072,504,568,
21465,4291,2067,2224,7510,3666,3844,8581,4166,4415,7508,3575,3933,4289,2084,2205,1073,504,569,
21470,4293,2067,2226,7511,3667,3844,8584,4166,4418,7510,3576,3934,4291,2084,2207,1073,504,569,
21475,4294,2067,2227,7512,3667,3845,8585,4167,4418,7512,3577,3935,4292,2084,2208,1073,504,569,
21480,4295,2067,2228,7515,3669,3846,8589,4170,4419,7514,3578,3936,4293,2085,2208,1073,504,569,
21485,4295,2067,2228,7517,3670,3847,8589,4170,4419,7515,3579,3936,4293,2085,2208,1074,505,569,
21490,4297,2068,2229,7518,3670,3848,8592,4172,4420,7517,3579,3938,4295,2086,2209,1074,505,569,
21495,4298,2069,2229,7519,3671,3848,8593,4173,4420,7519,3580,3939,4296,2087,2209,1074,505,569,
21500,4299,2069,2230,7522,3672,3850,8597,4176,4421,7521,3580,3941,4297,2088,2209,1074,505,569,
21505,4299,2069,2230,7524,3672,3852,8597,4176,4421,7522,3581,3941,4297,2088,2209,1075,506,569,
21510,4301,2070,2231,7525,3672,3853,8600,4177,4423,7524,3583,3941,4299,2089,2210,1075,506,569,
21515,4302,2070,2232,7526,3673,3853,8601,4178,4423,7526,3584,3942,4300,2089,2211,1075,506,569,
21520,4303,2070,2233,7529,3674,3855,8605,4180,4425,7528,3584,3944,4301,2089,2212,1075,506,569,
21525,4303,2070,2233,7531,3676,3855,8605,4180,4425,7529,3584,3945,4301,2089,2212,1076,507,569,
21530,4305,2072,2233,7532,3676,3856,8608,4182,4426,7531,3586,3945,4303,2090,2213,1076,507,569,
21535,4306,2073,2233,7533,3676,3857,8609,4182,4427,7533,3586,3947,4304,2091,2213,1076,507,569,
21540,4307,2073,2234,7536,3678,3858,8613,4183,4430,7535,3587,3948,4305,2091,2214,1076,507,569,
21545,4307,2073,2234,7538,3678,3860,8613,4183,4430,7536,3588,3948,4305,2091,2214,1077,508,569,
21550,4309,2073,2236,7539,3678,3861,8616,4186,4430,7538,3590,3948,4307,2092,2215,1077,508,569,
21555,4310,2074,2236,7540,3678,3862,8617,4186,4431,7540,3592,3948,4308,2093,2215,1077,508,569,
21560,4311,2074,2237,7543,3680,3863,8621,4187,4434,7542,3594,3948,4309,2093,2216,1077,508,569,
21565,4311,2074,2237,7545,3682,3863,8621,4187,4434,7543,3595,3948,4309,2093,2216,1078,509,569,
21570,4313,2075,2238,7546,3683,3863,8624,4188,4436,7545,3596,3949,4311,2095,2216,1078,509,569,
21575,4314,2076,2238,7547,3683,3864,8625,4189,4436,7547,3597,3950,4312,2095,2217,1078,509,569,
21580,4315,2076,2239,7550,3685,3865,8629,4191,4438,7549,3598,3951,4313,2096,2217,1078,509,569,
21585,4315,2076,2239,7552,3685,3867,8629,4191,4438,7550,3599,3951,4313,2096,2217,1079,509,570,
21590,4317,2077,2240,7553,3685,3868,8632,4193,4439,7552,3600,3952,4315,2098,2217,1079,509,570,
21595,4318,2078,2240,7554,3685,3869,8633,4193,4440,7554,3602,3952,4316,2099,2217,1079,509,570,
21600,4319,2079,2240,7557,3687,3870,8637,4196,4441,7556,3604,3952,4317,2100,2217,1079,509,570,
21605,4319,2079,2240,7559,3689,3870,8637,4196,4441,7557,3605,3952,4317,2100,2217,1080,510,570,
21610,4321,2081,2240,7560,3690,3870,8640,4198,4442,7559,3607,3952,4319,2100,2219,1080,510,570,
21615,4322,2081,2241,7561,3691,3870,8641,4199,4442,7561,3608,3953,4320,2100,2220,1080,510,570,
21620,4323,2082,2241,7564,3693,3871,8645,4201,4444,7563,3608,3955,4321,2101,2220,1080,510,570,
21625,4323,2082,2241,7566,3693,3873,8645,4201,4444,7564,3608,3956,4321,2101,2220,1081,511,570,
21630,4325,2082,2243,7567,3694,3873,8648,4203,4445,7566,3609,3957,4323,2102,2221,1081,511,570,
21635,4326,2082,2244,7568,3694,3874,8649,4204,4445,7568,3611,3957,4324,2102,2222,1081,511,570,
21640,4327,2083,2244,7571,3696,3875,8653,4208,4445,7570,3611,3959,4325,2103,2222,1081,511,570,
21645,4327,2083,2244,7573,3697,3876,8653,4208,4445,7571,3612,3959,4325,2103,2222,1082,512,570,
21650,4329,2084,2245,7574,3698,3876,8656,4208,4448,7573,3614,3959,4327,2104,2223,1082,512,570,
21655,4330,2085,2245,7575,3698,3877,8657,4208,4449,7575,3614,3961,4328,2105,2223,1082,512,570,
21660,4331,2086,2245,7578,3698,3880,8661,4209,4452,7577,3614,3963,4329,2105,2224,1082,512,570,
21665,4331,2086,2245,7580,3698,3882,8661,4209,4452,7578,3614,3964,4329,2105,2224,1083,513,570,
21670,4333,2087,2246,7581,3699,3882,8664,4211,4453,7580,3616,3964,4331,2106,2225,1083,513,570,
21675,4334,2088,2246,7582,3700,3882,8665,4211,4454,7582,3617,3965,4332,2106,2226,1083,513,570,
21680,4335,2088,2247,7585,3702,3883,8669,4212,4457,7584,3618,3966,4333,2107,2226,1083,513,570,
21685,4335,2088,2247,7587,3702,3885,8669,4212,4457,7585,3618,3967,4333,2107,2226,1084,514,570,
21690,4337,2089,2248,7588,3703,3885,8672,4215,4457,7587,3620,3967,4335,2109,2226,1084,514,570,
21695,4338,2089,2249,7589,3704,3885,8673,4216,4457,7589,3620,3969,4336,2109,2227,1084,514,570,
21700,4339,2090,2249,7592,3705,3887,8677,4217,4460,7591,3622,3969,4337,2109,2228,1084,514,570,
21705,4339,2090,2249,7594,3706,3888,8677,4217,4460,7592,3622,3970,4337,2109,2228,1085,515,570,
21710,4341,2090,2251,7595,3707,3888,8680,4218,4462,7594,3623,3971,4339,2110,2229,1085,515,570,
21715,4342,2091,2251,7596,3707,3889,8681,4219,4462,7596,3623,3973,4340,2111,2229,1085,515,570,
21720,4343,2091,2252,7599,3709,3890,8685,4221,4464,7598,3624,3974,4341,2111,2230,1085,515,570,
21725,4343,2091,2252,7601,3711,3890,8685,4221,4464,7599,3624,3975,4341,2111,2230,1086,516,570,
21730,4345,2091,2254,7602,3712,3890,8688,4221,4467,7601,3626,3975,4343,2113,2230,1086,516,570,
21735,4346,2092,2254,7603,3713,3890,8689,4221,4468,7603,3626,3977,4344,2113,2231,1086,516,570,
21740,4347,2093,2254,7606,3715,3891,8693,4223,4470,7605,3627,3978,4345,2113,2232,1086,516,570,
21745,4347,2093,2254,7608,3716,3892,8693,4223,4470,7606,3628,3978,4345,2113,2232,1087,517,570,
21750,4349,2095,2254,7609,3717,3892,8696,4223,4473,7608,3630,3978,4347,2114,2233,1087,517,570,
21755,4350,2096,2254,7610,3717,3893,8697,4224,4473,7610,3631,3979,4348,2114,2234,1087,517,570,
21760,4351,2096,2255,7613,3718,3895,8701,4227,4474,7612,3631,3981,4349,2115,2234,1087,517,570,
21765,4351,2096,2255,7615,3719,3896,8701,4227,4474,7613,3631,3982,4349,2115,2234,1088,518,570,
21770,4353,2097,2256,7616,3719,3897,8704,4227,4477,7615,3632,3983,4351,2115,2236,1088,518,570,
21775,4354,2098,2256,7617,3719,3898,8705,4228,4477,7617,3633,3984,4352,2116,2236,1088,518,570,
21780,4355,2099,2256,7620,3721,3899,8709,4230,4479,7619,3634,3985,4353,2117,2236,1088,518,570,
21785,4355,2099,2256,7622,3722,3900,8709,4230,4479,7620,3635,3985,4353,2117,2236,1089,518,571,
21790,4357,2100,2257,7623,3723,3900,8712,4231,4481,7622,3635,3987,4355,2118,2237,1089,518,571,
21795,4358,2101,2257,7624,3723,3901,8713,4231,4482,7624,3636,3988,4356,2118,2238,1089,518,571,
21800,4359,2102,2257,7627,3725,3902,8717,4233,4484,7626,3638,3988,4357,2119,2238,1089,518,571,
21805,4359,2102,2257,7629,3725,3904,8717,4233,4484,7627,3639,3988,4357,2119,2238,1090,518,572,
21810,4361,2102,2259,7630,3726,3904,8720,4235,4485,7629,3639,3990,4359,2119,2240,1090,518,572,
21815,4362,2102,2260,7631,3727,3904,8721,4235,4486,7631,3639,3992,4360,2120,2240,1090,518,572,
21820,4363,2102,2261,7634,3729,3905,8725,4239,4486,7633,3640,3993,4361,2120,2241,1090,518,572,
21825,4363,2102,2261,7636,3730,3906,8725,4239,4486,7634,3641,3993,4361,2120,2241,1091,518,573,
21830,4365,2103,2262,7637,3731,3906,8728,4241,4487,7636,3642,3994,4363,2122,2241,1091,518,573,
21835,4366,2104,2262,7638,3731,3907,8729,4241,4488,7638,3642,3996,4364,2122,2242,1091,518,573,
21840,4367,2104,2263,7641,3732,3909,8733,4245,4488,7640,3643,3997,4365,2122,2243,1091,518,573,
21845,4367,2104,2263,7643,3733,3910,8733,4245,4488,7641,3644,3997,4365,2122,2243,1092,519,573,
21850,4369,2106,2263,7644,3734,3910,8736,4246,4490,7643,3645,3998,4367,2123,2244,1092,519,573,
21855,4370,2107,2263,7645,3734,3911,8737,4247,4490,7645,3645,4000,4368,2124,2244,1092,519,573,
21860,4371,2107,2264,7648,3737,3911,8741,4250,4491,7647,3646,4001,4369,2124,2245,1092,519,573,
21865,4371,2107,2264,7650,3738,3912,8741,4250,4491,7648,3646,4002,4369,2124,2245,1093,520,573,
21870,4373,2107,2266,7651,3738,3913,8744,4251,4493,7650,3647,4003,4371,2125,2246,1093,520,573,
21875,4374,2108,2266,7652,3738,3914,8745,4251,4494,7652,3649,4003,4372,2125,2247,1093,520,573,
21880,4375,2108,2267,7655,3739,3916,8749,4255,4494,7654,3649,4005,4373,2125,2248,1093,520,573,
21885,4375,2108,2267,7657,3740,3917,8749,4255,4494,7655,3649,4006,4373,2125,2248,1094,520,574,
21890,4377,2109,2268,7658,3740,3918,8752,4257,4495,7657,3650,4007,4375,2126,2249,1094,520,574,
21895,4378,2109,2269,7659,3741,3918,8753,4258,4495,7659,3652,4007,4376,2126,2250,1094,520,574,
21900,4379,2109,2270,7662,3743,3919,8757,4260,4497,7661,3653,4008,4377,2126,2251,1094,520,574,
21905,4379,2109,2270,7664,3745,3919,8757,4260,4497,7662,3653,4009,4377,2126,2251,1095,520,575,
21910,4381,2111,2270,7665,3746,3919,8760,4260,4500,7664,3654,4010,4379,2128,2251,1095,520,575,
21915,4382,2111,2271,7666,3746,3920,8761,4261,4500,7666,3655,4011,4380,2128,2252,1095,520,575,
21920,4383,2112,2271,7669,3748,3921,8765,4264,4501,7668,3656,4012,4381,2129,2252,1095,520,575,
21925,4383,2112,2271,7671,3748,3923,8765,4264,4501,7669,3657,4012,4381,2129,2252,1096,521,575,
21930,4385,2113,2272,7672,3748,3924,8768,4264,4504,7671,3658,4013,4383,2130,2253,1096,521,575,
21935,4386,2113,2273,7673,3748,3925,8769,4264,4505,7673,3660,4013,4384,2130,2254,1096,521,575,
21940,4387,2114,2273,7676,3749,3927,8773,4266,4507,7675,3661,4014,4385,2131,2254,1096,521,575,
21945,4387,2114,2273,7678,3750,3928,8773,4266,4507,7676,3662,4014,4385,2131,2254,1097,521,576,
21950,4389,2115,2274,7679,3750,3929,8776,4266,4510,7678,3664,4014,4387,2133,2254,1097,521,576,
21955,4390,2116,2274,7680,3751,3929,8777,4266,4511,7680,3665,4015,4388,2134,2254,1097,521,576,
21960,4391,2117,2274,7683,3752,3931,8781,4267,4514,7682,3665,4017,4389,2135,2254,1097,521,576,
21965,4391,2117,2274,7685,3752,3933,8781,4267,4514,7683,3665,4018,4389,2135,2254,1098,522,576,
21970,4393,2117,2276,7686,3753,3933,8784,4267,4517,7685,3665,4020,4391,2137,2254,1098,522,576,
21975,4394,2117,2277,7687,3753,3934,8785,4268,4517,7687,3667,4020,4392,2137,2255,1098,522,576,
21980,4395,2117,2278,7690,3753,3937,8789,4270,4519,7689,3668,4021,4393,2138,2255,1098,522,576,
21985,4395,2117,2278,7692,3755,3937,8789,4270,4519,7690,3668,4022,4393,2138,2255,1099,522,577,
21990,4397,2118,2279,7693,3756,3937,8792,4272,4520,7692,3669,4023,4395,2139,2256,1099,522,577,
21995,4398,2119,2279,7694,3756,3938,8793,4273,4520,7694,3670,4024,4396,2139,2257,1099,522,577,
22000,4399,2119,2280,7697,3757,3940,8797,4275,4522,7696,3670,4026,4397,2139,2258,1099,522,577,
22005,4399,2119,2280,7699,3758,3941,8797,4275,4522,7697,3671,4026,4397,2139,2258,1100,522,578,
22010,4401,2120,2281,7700,3759,3941,8800,4277,4523,7699,3671,4028,4399,2140,2259,1100,522,578,
22015,4402,2121,2281,7701,3759,3942,8801,4278,4523,7701,3673,4028,4400,2141,2259,1100,522,578,
22020,4403,2121,2282,7704,3761,3943,8805,4280,4525,7703,3674,4029,4401,2141,2260,1100,522,578,
22025,4403,2121,2282,7706,3762,3944,8805,4280,4525,7704,3675,4029,4401,2141,2260,1101,522,579,
22030,4405,2122,2283,7707,3763,3944,8808,4281,4527,7706,3676,4030,4403,2141,2262,1101,522,579,
22035,4406,2123,2283,7708,3764,3944,8809,4282,4527,7708,3677,4031,4404,2142,2262,1101,522,579,
22040,4407,2124,2283,7711,3767,3944,8813,4284,4529,7710,3678,4032,4405,2143,2262,1101,522,579,
22045,4407,2124,2283,7713,3768,3945,8813,4284,4529,7711,3679,4032,4405,2143,2262,1102,523,579,
22050,4409,2125,2284,7714,3768,3946,8816,4285,4531,7713,3681,4032,4407,2144,2263,1102,523,579,
22055,4410,2126,2284,7715,3769,3946,8817,4285,4532,7715,3681,4034,4408,2145,2263,1102,523,579,
22060,4411,2126,2285,7718,3771,3947,8821,4288,4533,7717,3682,4035,4409,2145,2264,1102,523,579,
22065,4411,2126,2285,7720,3773,3947,8821,4288,4533,7718,3682,4036,4409,2145,2264,1103,524,579,
22070,4413,2127,2286,7721,3773,3948,8824,4290,4534,7720,3683,4037,4411,2146,2265,1103,524,579,
22075,4414,2128,2286,7722,3774,3948,8825,4291,4534,7722,3683,4039,4412,2146,2266,1103,524,579,
22080,4415,2129,2286,7725,3776,3949,8829,4292,4537,7724,3684,4040,4413,2146,2267,1103,524,579,
22085,4415,2129,2286,7727,3776,3951,8829,4292,4537,7725,3684,4041,4413,2146,2267,1104,525,579,
22090,4417,2131,2286,7728,3776,3952,8832,4295,4537,7727,3685,4042,4415,2148,2267,1104,525,579,
22095,4418,2131,2287,7729,3777,3952,8833,4296,4537,7729,3686,4043,4416,2148,2268,1104,525,579,
22100,4419,2132,2287,7732,3777,3955,8837,4299,4538,7731,3688,4043,4417,2149,2268,1104,525,579,
22105,4419,2132,2287,7734,3778,3956,8837,4299,4538,7732,3688,4044,4417,2149,2268,1105,526,579,
22110,4421,2132,2289,7735,3779,3956,8840,4300,4540,7734,3689,4045,4419,2151,2268,1105,526,579,
22115,4422,2133,2289,7736,3779,3957,8841,4300,4541,7736,3690,4046,4420,2152,2268,1105,526,579,
22120,4423,2134,2289,7739,3781,3958,8845,4303,4542,7738,3691,4047,4421,2153,2268,1105,526,579,
22125,4423,2134,2289,7741,3781,3960,8845,4303,4542,7739,3692,4047,4421,2153,2268,1106,526,580,
22130,4425,2135,2290,7742,3782,3960,8848,4304,4544,7741,3692,4049,4423,2155,2268,1106,526,580,
22135,4426,2135,2291,7743,3782,3961,8849,4304,4545,7743,3693,4050,4424,2155,2269,1106,526,580,
22140,4427,2136,2291,7746,3783,3963,8853,4306,4547,7745,3695,4050,4425,2155,2270,1106,526,580,
22145,4427,2136,2291,7748,3785,3963,8853,4306,4547,7746,3696,4050,4425,2155,2270,1107,527,580,
22150,4429,2136,2293,7749,3785,3964,8856,4307,4549,7748,3696,4052,4427,2155,2272,1107,527,580,
22155,4430,2136,2294,7750,3785,3965,8857,4307,4550,7750,3697,4053,4428,2156,2272,1107,527,580,
22160,4431,2136,2295,7753,3787,3966,8861,4310,4551,7752,3697,4055,4429,2156,2273,1107,527,580,
22165,4431,2136,2295,7755,3787,3968,8861,4310,4551,7753,3698,4055,4429,2156,2273,1108,527,581,
22170,4433,2137,2296,7756,3788,3968,8864,4313,4551,7755,3700,4055,4431,2158,2273,1108,527,581,
22175,4434,2137,2297,7757,3789,3968,8865,4314,4551,7757,3700,4057,4432,2158,2274,1108,527,581,
22180,4435,2138,2297,7760,3790,3970,8869,4316,4553,7759,3700,4059,4433,2158,2275,1108,527,581,
22185,4435,2138,2297,7762,3792,3970,8869,4316,4553,7760,3700,4060,4433,2158,2275,1109,527,582,
22190,4437,2138,2299,7763,3792,3971,8872,4319,4553,7762,3701,4061,4435,2158,2277,1109,527,582,
22195,4438,2139,2299,7764,3792,3972,8873,4320,4553,7764,3702,4062,4436,2159,2277,1109,527,582,
22200,4439,2140,2299,7767,3794,3973,8877,4322,4555,7766,3703,4063,4437,2159,2278,1109,527,582,
22205,4439,2140,2299,7769,3796,3973,8877,4322,4555,7767,3704,4063,4437,2159,2278,1110,527,583,
22210,4441,2141,2300,7770,3797,3973,8880,4322,4558,7769,3704,4065,4439,2159,2280,1110,527,583,
22215,4442,2141,2301,7771,3797,3974,8881,4323,4558,7771,3706,4065,4440,2160,2280,1110,527,583,
22220,4443,2142,2301,7774,3799,3975,8885,4326,4559,7773,3706,4067,4441,2160,2281,1110,527,583,
22225,4443,2142,2301,7776,3801,3975,8885,4326,4559,7774,3706,4068,4441,2160,2281,1111,528,583,
22230,4445,2143,2302,7777,3802,3975,8888,4328,4560,7776,3707,4069,4443,2162,2281,1111,528,583,
22235,4446,2143,2303,7778,3802,3976,8889,4328,4561,7778,3708,4070,4444,2162,2282,1111,528,583,
22240,4447,2143,2304,7781,3803,3978,8893,4331,4562,7780,3710,4070,4445,2162,2283,1111,528,583,
22245,4447,2143,2304,7783,3804,3979,8893,4331,4562,7781,3711,4070,4445,2162,2283,1112,529,583,
22250,4449,2144,2305,7784,3805,3979,8896,4332,4564,7783,3711,4072,4447,2163,2284,1112,529,583,
22255,4450,2144,2306,7785,3806,3979,8897,4332,4565,7785,3713,4072,4448,2164,2284,1112,529,583,
22260,4451,2145,2306,7788,3808,3980,8901,4334,4567,7787,3714,4073,4449,2165,2284,1112,529,583,
22265,4451,2145,2306,7790,3809,3981,8901,4334,4567,7788,3715,4073,4449,2165,2284,1113,529,584,
22270,4453,2146,2307,7791,3809,3982,8904,4334,4570,7790,3716,4074,4451,2167,2284,1113,529,584,
22275,4454,2146,2308,7792,3810,3982,8905,4335,4570,7792,3716,4076,4452,2168,2284,1113,529,584,
22280,4455,2147,2308,7795,3811,3984,8909,4337,4572,7794,3717,4077,4453,2169,2284,1113,529,584,
22285,4455,2147,2308,7797,3812,3985,8909,4337,4572,7795,3717,4078,4453,2169,2284,1114,530,584,
22290,4457,2148,2309,7798,3813,3985,8912,4338,4574,7797,3718,4079,4455,2169,2286,1114,530,584,
22295,4458,2149,2309,7799,3814,3985,8913,4339,4574,7799,3719,4080,4456,2169,2287,1114,530,584,
22300,4459,2150,2309,7802,3816,3986,8917,4340,4577,7801,3720,4081,4457,2170,2287,1114,530,584,
22305,4459,2150,2309,7804,3817,3987,8917,4340,4577,7802,3720,4082,4457,2170,2287,1115,530,585,
22310,4461,2150,2311,7805,3818,3987,8920,4341,4579,7804,3720,4084,4459,2172,2287,1115,530,585,
22315,4462,2151,2311,7806,3819,3987,8921,4341,4580,7806,3720,4086,4460,2172,2288,1115,530,585,
22320,4463,2151,2312,7809,3821,3988,8925,4343,4582,7808,3720,4088,4461,2173,2288,1115,530,585,
22325,4463,2151,2312,7811,3822,3989,8925,4343,4582,7809,3720,4089,4461,2173,2288,1116,531,585,
22330,4465,2153,2312,7812,3822,3990,8928,4344,4584,7811,3721,4090,4463,2174,2289,1116,531,585,
22335,4466,2153,2313,7813,3823,3990,8929,4344,4585,7813,3721,4092,4464,2174,2290,1116,531,585,
22340,4467,2153,2314,7816,3824,3992,8933,4346,4587,7815,3721,4094,4465,2175,2290,1116,531,585,
22345,4467,2153,2314,7818,3824,3994,8933,4346,4587,7816,3722,4094,4465,2175,2290,1117,532,585,
22350,4469,2154,2315,7819,3825,3994,8936,4348,4588,7818,3723,4095,4467,2176,2291,1117,532,585,
22355,4470,2154,2316,7820,3826,3994,8937,4348,4589,7820,3723,4097,4468,2177,2291,1117,532,585,
22360,4471,2154,2317,7823,3828,3995,8941,4350,4591,7822,3723,4099,4469,2178,2291,1117,532,585,
22365,4471,2154,2317,7825,3829,3996,8941,4350,4591,7823,3724,4099,4469,2178,2291,1118,533,585,
22370,4473,2156,2317,7826,3830,3996,8944,4351,4593,7825,3726,4099,4471,2179,2292,1118,533,585,
22375,4474,2156,2318,7827,3831,3996,8945,4352,4593,7827,3727,4100,4472,2179,2293,1118,533,585,
22380,4475,2156,2319,7830,3832,3998,8949,4356,4593,7829,3728,4101,4473,2179,2294,1118,533,585,
22385,4475,2156,2319,7832,3832,4000,8949,4356,4593,7830,3728,4102,4473,2179,2294,1119,534,585,
22390,4477,2156,2321,7833,3833,4000,8952,4357,4595,7832,3729,4103,4475,2180,2295,1119,534,585,
22395,4478,2157,2321,7834,3834,4000,8953,4357,4596,7834,3730,4104,4476,2180,2296,1119,534,585,
22400,4479,2157,2322,7837,3834,4003,8957,4359,4598,7836,3732,4104,4477,2181,2296,1119,534,585,
22405,4479,2157,2322,7839,3834,4005,8957,4359,4598,7837,3733,4104,4477,2181,2296,1120,535,585,
22410,4481,2158,2323,7840,3835,4005,8960,4359,4601,7839,3734,4105,4479,2182,2297,1120,535,585,
22415,4482,2158,2324,7841,3836,4005,8961,4360,4601,7841,3734,4107,4480,2182,2298,1120,535,585,
22420,4483,2158,2325,7844,3838,4006,8965,4362,4603,7843,3736,4107,4481,2182,2299,1120,535,585,
22425,4483,2158,2325,7846,3838,4008,8965,4362,4603,7844,3737,4107,4481,2182,2299,1121,535,586,
22430,4485,2159,2326,7847,3838,4009,8968,4364,4604,7846,3737,4109,4483,2183,2300,1121,535,586,
22435,4486,2160,2326,7848,3838,4010,8969,4365,4604,7848,3738,4110,4484,2183,2301,1121,535,586,
22440,4487,2160,2327,7851,3838,4013,8973,4368,4605,7850,3739,4111,4485,2183,2302,1121,535,586,
22445,4487,2160,2327,7853,3838,4015,8973,4368,4605,7851,3739,4112,4485,2183,2302,1122,536,586,
22450,4489,2161,2328,7854,3838,4016,8976,4369,4607,7853,3741,4112,4487,2185,2302,1122,536,586,
22455,4490,2161,2329,7855,3838,4017,8977,4370,4607,7855,3741,4114,4488,2185,2303,1122,536,586,
22460,4491,2162,2329,7858,3840,4018,8981,4372,4609,7857,3741,4116,4489,2185,2304,1122,536,586,
22465,4491,2162,2329,7860,3841,4019,8981,4372,4609,7858,3742,4116,4489,2185,2304,1123,537,586,
22470,4493,2163,2330,7861,3842,4019,8984,4373,4611,7860,3742,4118,4491,2186,2305,1123,537,586,
22475,4494,2164,2330,7862,3843,4019,8985,4374,4611,7862,3744,4118,4492,2186,2306,1123,537,586,
22480,4495,2165,2330,7865,3845,4020,8989,4375,4614,7864,3744,4120,4493,2187,2306,1123,537,586,
22485,4495,2165,2330,7867,3847,4020,8989,4375,4614,7865,3745,4120,4493,2187,2306,1124,538,586,
22490,4497,2166,2331,7868,3847,4021,8992,4377,4615,7867,3746,4121,4495,2189,2306,1124,538,586,
22495,4498,2167,2331,7869,3847,4022,8993,4377,4616,7869,3748,4121,4496,2189,2307,1124,538,586,
22500,4499,2167,2332,7872,3849,4023,8997,4379,4618,7871,3749,4122,4497,2190,2307,1124,538,586,
22505,4499,2167,2332,7874,3850,4024,8997,4379,4618,7872,3750,4122,4497,2190,2307,1125,539,586,
22510,4501,2168,2333,7875,3850,4025,9000,4380,4620,7874,3750,4124,4499,2191,2308,1125,539,586,
22515,4502,2168,2334,7876,3850,4026,9001,4380,4621,7876,3751,4125,4500,2191,2309,1125,539,586,
22520,4503,2168,2335,7879,3850,4029,9005,4383,4622,7878,3751,4127,4501,2191,2310,1125,539,586,
22525,4503,2168,2335,7881,3850,4031,9005,4383,4622,7879,3752,4127,4501,2191,2310,1126,539,587,
22530,4505,2169,2336,7882,3850,4032,9008,4385,4623,7881,3753,4128,4503,2192,2311,1126,539,587,
22535,4506,2170,2336,7883,3850,4033,9009,4386,4623,7883,3754,4129,4504,2193,2311,1126,539,587,
22540,4507,2171,2336,7886,3850,4036,9013,4388,4625,7885,3754,4131,4505,2194,2311,1126,539,587,
22545,4507,2171,2336,7888,3851,4037,9013,4388,4625,7886,3754,4132,4505,2194,2311,1127,539,588,
22550,4509,2172,2337,7889,3852,4037,9016,4391,4625,7888,3756,4132,4507,2194,2313,1127,539,588,
22555,4510,2172,2338,7890,3852,4038,9017,4392,4625,7890,3757,4133,4508,2195,2313,1127,539,588,
22560,4511,2173,2338,7893,3852,4041,9021,4394,4627,7892,3758,4134,4509,2195,2314,1127,539,588,
22565,4511,2173,2338,7895,3854,4041,9021,4394,4627,7893,3758,4135,4509,2195,2314,1128,540,588,
22570,4513,2175,2338,7896,3854,4042,9024,4395,4629,7895,3759,4136,4511,2195,2316,1128,540,588,
22575,4514,2175,2339,7897,3854,4043,9025,4395,4630,7897,3761,4136,4512,2195,2317,1128,540,588,
22580,4515,2175,2340,7900,3855,4045,9029,4395,4634,7899,3763,4136,4513,2195,2318,1128,540,588,
22585,4515,2175,2340,7902,3856,4046,9029,4395,4634,7900,3764,4136,4513,2195,2318,1129,540,589,
22590,4517,2177,2340,7903,3856,4047,9032,4396,4636,7902,3766,4136,4515,2196,2319,1129,540,589,
22595,4518,2177,2341,7904,3856,4048,9033,4397,4636,7904,3767,4137,4516,2197,2319,1129,540,589,
22600,4519,2177,2342,7907,3858,4049,9037,4398,4639,7906,3768,4138,4517,2198,2319,1129,540,589,
22605,4519,2177,2342,7909,3858,4051,9037,4398,4639,7907,3768,4139,4517,2198,2319,1130,541,589,
22610,4521,2178,2343,7910,3859,4051,9040,4400,4640,7909,3770,4139,4519,2198,2321,1130,541,589,
22615,4522,2178,2344,7911,3860,4051,9041,4400,4641,7911,3771,4140,4520,2199,2321,1130,541,589,
22620,4523,2179,2344,7914,3861,4053,9045,4402,4643,7913,3771,4142,4521,2199,2322,1130,541,589,
22625,4523,2179,2344,7916,3861,4055,9045,4402,4643,7914,3772,4142,4521,2199,2322,1131,541,590,
22630,4525,2181,2344,7917,3861,4056,9048,4403,4645,7916,3772,4144,4523,2200,2323,1131,541,590,
22635,4526,2182,2344,7918,3862,4056,9049,4403,4646,7918,3773,4145,4524,2200,2324,1131,541,590,
22640,4527,2183,2344,7921,3865,4056,9053,4407,4646,7920,3775,4145,4525,2201,2324,1131,541,590,
22645,4527,2183,2344,7923,3866,4057,9053,4407,4646,7921,3776,4145,4525,2201,2324,1132,542,590,
22650,4529,2183,2346,7924,3866,4058,9056,4408,4648,7923,3777,4146,4527,2202,2325,1132,542,590,
22655,4530,2183,2347,7925,3867,4058,9057,4409,4648,7925,3779,4146,4528,2202,2326,1132,542,590,
22660,4531,2184,2347,7928,3868,4060,9061,4412,4649,7927,3779,4148,4529,2202,2327,1132,542,590,
22665,4531,2184,2347,7930,3868,4062,9061,4412,4649,7928,3779,4149,4529,2202,2327,1133,543,590,
22670,4533,2185,2348,7931,3868,4063,9064,4413,4651,7930,3779,4151,4531,2203,2328,1133,543,590,
22675,4534,2185,2349,7932,3869,4063,9065,4413,4652,7932,3780,4152,4532,2204,2328,1133,543,590,
22680,4535,2185,2350,7935,3870,4065,9069,4415,4654,7934,3780,4154,4533,2205,2328,1133,543,590,
22685,4535,2185,2350,7937,3872,4065,9069,4415,4654,7935,3781,4154,4533,2205,2328,1134,544,590,
22690,4537,2187,2350,7938,3872,4066,9072,4417,4655,7937,3781,4156,4535,2205,2330,1134,544,590,
22695,4538,2187,2351,7939,3873,4066,9073,4418,4655,7939,3782,4157,4536,2206,2330,1134,544,590,
22700,4539,2188,2351,7942,3876,4066,9077,4419,4658,7941,3783,4158,4537,2207,2330,1134,544,590,
22705,4539,2188,2351,7944,3877,4067,9077,4419,4658,7942,3784,4158,4537,2207,2330,1135,545,590,
22710,4541,2189,2352,7945,3877,4068,9080,4421,4659,7944,3784,4160,4539,2208,2331,1135,545,590,
22715,4542,2190,2352,7946,3878,4068,9081,4421,4660,7946,3785,4161,4540,2208,2332,1135,545,590,
22720,4543,2190,2353,7949,3880,4069,9085,4424,4661,7948,3787,4161,4541,2209,2332,1135,545,590,
22725,4543,2190,2353,7951,3881,4070,9085,4424,4661,7949,3788,4161,4541,2209,2332,1136,545,591,
22730,4545,2190,2355,7952,3881,4071,9088,4426,4662,7951,3788,4163,4543,2210,2333,1136,545,591,
22735,4546,2190,2356,7953,3881,4072,9089,4426,4663,7953,3789,4164,4544,2210,2334,1136,545,591,
22740,4547,2191,2356,7956,3882,4074,9093,4428,4665,7955,3791,4164,4545,2210,2335,1136,545,591,
22745,4547,2191,2356,7958,3883,4075,9093,4428,4665,7956,3791,4165,4545,2210,2335,1137,546,591,
22750,4549,2192,2357,7959,3884,4075,9096,4429,4667,7958,3792,4166,4547,2211,2336,1137,546,591,
22755,4550,2193,2357,7960,3885,4075,9097,4429,4668,7960,3794,4166,4548,2212,2336,1137,546,591,
22760,4551,2194,2357,7963,3885,4078,9101,4430,4671,7962,3795,4167,4549,2212,2337,1137,546,591,
22765,4551,2194,2357,7965,3886,4079,9101,4430,4671,7963,3796,4167,4549,2212,2337,1138,547,591,
22770,4553,2195,2358,7966,3886,4080,9104,4430,4674,7965,3798,4167,4551,2213,2338,1138,547,591,
22775,4554,2195,2359,7967,3886,4081,9105,4430,4675,7967,3799,4168,4552,2213,2339,1138,547,591,
22780,4555,2195,2360,7970,3888,4082,9109,4431,4678,7969,3801,4168,4553,2214,2339,1138,547,591,
22785,4555,2195,2360,7972,3888,4084,9109,4431,4678,7970,3801,4169,4553,2214,2339,1139,548,591,
22790,4557,2195,2362,7973,3889,4084,9112,4432,4680,7972,3801,4171,4555,2216,2339,1139,548,591,
22795,4558,2196,2362,7974,3890,4084,9113,4433,4680,7974,3801,4173,4556,2217,2339,1139,548,591,
22800,4559,2196,2363,7977,3892,4085,9117,4435,4682,7976,3803,4173,4557,2217,2340,1139,548,591,
22805,4559,2196,2363,7979,3892,4087,9117,4435,4682,7977,3803,4174,4557,2217,2340,1140,548,592,
22810,4561,2198,2363,7980,3892,4088,9120,4437,4683,7979,3804,4175,4559,2217,2342,1140,548,592,
22815,4562,2199,2363,7981,3892,4089,9121,4437,4684,7981,3805,4176,4560,2217,2343,1140,548,592,
22820,4563,2199,2364,7984,3892,4092,9125,4438,4687,7983,3805,4178,4561,2217,2344,1140,548,592,
22825,4563,2199,2364,7986,3893,4093,9125,4438,4687,7984,3805,4179,4561,2217,2344,1141,548,593,
22830,4565,2200,2365,7987,3894,4093,9128,4441,4687,7986,3807,4179,4563,2219,2344,1141,548,593,
22835,4566,2201,2365,7988,3895,4093,9129,4441,4688,7988,3808,4180,4564,2219,2345,1141,548,593,
22840,4567,2202,2365,7991,3896,4095,9133,4443,4690,7990,3809,4181,4565,2219,2346,1141,548,593,
22845,4567,2202,2365,7993,3897,4096,9133,4443,4690,7991,3809,4182,4565,2219,2346,1142,549,593,
22850,4569,2204,2365,7994,3897,4097,9136,4445,4691,7993,3810,4183,4567,2220,2347,1142,549,593,
22855,4570,2205,2365,7995,3897,4098,9137,4446,4691,7995,3811,4184,4568,2221,2347,1142,549,593,
22860,4571,2206,2365,7998,3898,4100,9141,4449,4692,7997,3811,4186,4569,2221,2348,1142,549,593,
22865,4571,2206,2365,8000,3900,4100,9141,4449,4692,7998,3812,4186,4569,2221,2348,1143,549,594,
22870,4573,2208,2365,8001,3900,4101,9144,4449,4695,8000,3813,4187,4571,2222,2349,1143,549,594,
22875,4574,2208,2366,8002,3901,4101,9145,4450,4695,8002,3813,4189,4572,2223,2349,1143,549,594,
22880,4575,2208,2367,8005,3902,4103,9149,4451,4698,8004,3814,4190,4573,2224,2349,1143,549,594,
22885,4575,2208,2367,8007,3902,4105,9149,4451,4698,8005,3814,4191,4573,2224,2349,1144,549,595,
22890,4577,2209,2368,8008,3902,4106,9152,4452,4700,8007,3816,4191,4575,2225,2350,1144,549,595,
22895,4578,2210,2368,8009,3903,4106,9153,4453,4700,8009,3816,4193,4576,2225,2351,1144,549,595,
22900,4579,2211,2368,8012,3906,4106,9157,4455,4702,8011,3818,4193,4577,2225,2352,1144,549,595,
22905,4579,2211,2368,8014,3907,4107,9157,4455,4702,8012,3818,4194,4577,2225,2352,1145,550,595,
22910,4581,2211,2370,8015,3908,4107,9160,4456,4704,8014,3819,4195,4579,2225,2354,1145,550,595,
22915,4582,2211,2371,8016,3909,4107,9161,4457,4704,8016,3821,4195,4580,2226,2354,1145,550,595,
22920,4583,2212,2371,8019,3912,4107,9165,4458,4707,8018,3823,4195,4581,2227,2354,1145,550,595,
22925,4583,2212,2371,8021,3913,4108,9165,4458,4707,8019,3823,4196,4581,2227,2354,1146,551,595,
22930,4585,2212,2373,8022,3913,4109,9168,4460,4708,8021,3824,4197,4583,2227,2356,1146,551,595,
22935,4586,2212,2374,8023,3914,4109,9169,4461,4708,8023,3825,4198,4584,2227,2357,1146,551,595,
22940,4587,2213,2374,8026,3915,4111,9173,4464,4709,8025,3825,4200,4585,2227,2358,1146,551,595,
22945,4587,2213,2374,8028,3915,4113,9173,4464,4709,8026,3826,4200,4585,2227,2358,1147,552,595,
22950,4589,2214,2375,8029,3915,4114,9176,4465,4711,8028,3827,4201,4587,2229,2358,1147,552,595,
22955,4590,2214,2376,8030,3916,4114,9177,4466,4711,8030,3828,4202,4588,2229,2359,1147,552,595,
22960,4591,2215,2376,8033,3917,4116,9181,4468,4713,8032,3829,4203,4589,2230,2359,1147,552,595,
22965,4591,2215,2376,8035,3917,4118,9181,4468,4713,8033,3829,4204,4589,2230,2359,1148,552,596,
22970,4593,2216,2377,8036,3918,4118,9184,4470,4714,8035,3830,4205,4591,2231,2360,1148,552,596,
22975,4594,2216,2378,8037,3919,4118,9185,4471,4714,8037,3831,4206,4592,2232,2360,1148,552,596,
22980,4595,2216,2379,8040,3921,4119,9189,4474,4715,8039,3832,4207,4593,2232,2361,1148,552,596,
22985,4595,2216,2379,8042,3922,4120,9189,4474,4715,8040,3833,4207,4593,2232,2361,1149,552,597,
22990,4597,2218,2379,8043,3923,4120,9192,4476,4716,8042,3833,4209,4595,2233,2362,1149,552,597,
22995,4598,2218,2380,8044,3924,4120,9193,4476,4717,8044,3835,4209,4596,2233,2363,1149,552,597,
23000,4599,2218,2381,8047,3924,4123,9197,4477,4720,8046,3836,4210,4597,2233,2364,1149,552,597,
23005,4599,2218,2381,8049,3925,4124,9197,4477,4720,8047,3837,4210,4597,2233,2364,1150,553,597,
23010,4601,2218,2383,8050,3926,4124,9200,4478,4722,8049,3838,4211,4599,2234,2365,1150,553,597,
23015,4602,2218,2384,8051,3926,4125,9201,4478,4723,8051,3839,4212,4600,2235,2365,1150,553,597,
23020,4603,2218,2385,8054,3928,4126,9205,4481,4724,8053,3840,4213,4601,2236,2365,1150,553,597,
23025,4603,2218,2385,8056,3928,4128,9205,4481,4724,8054,3841,4213,4601,2236,2365,1151,553,598,
23030,4605,2219,2386,8057,3928,4129,9208,4483,4725,8056,3842,4214,4603,2237,2366,1151,553,598,
23035,4606,2219,2387,8058,3928,4130,9209,4483,4726,8058,3843,4215,4604,2237,2367,1151,553,598,
23040,4607,2220,2387,8061,3929,4132,9213,4485,4728,8060,3845,4215,4605,2238,2367,1151,553,598,
23045,4607,2220,2387,8063,3929,4134,9213,4485,4728,8061,3845,4216,4605,2238,2367,1152,553,599,
23050,4609,2220,2389,8064,3929,4135,9216,4488,4728,8063,3845,4218,4607,2239,2368,1152,553,599,
23055,4610,2220,2390,8065,3929,4136,9217,4489,4728,8065,3847,4218,4608,2239,2369,1152,553,599,
23060,4611,2221,2390,8068,3929,4139,9221,4491,4730,8067,3848,4219,4609,2240,2369,1152,553,599,
23065,4611,2221,2390,8070,3930,4140,9221,4491,4730,8068,3848,4220,4609,2240,2369,1153,554,599,
23070,4613,2222,2391,8071,3931,4140,9224,4493,4731,8070,3849,4221,4611,2241,2370,1153,554,599,
23075,4614,2223,2391,8072,3932,4140,9225,4493,4732,8072,3851,4221,4612,2242,2370,1153,554,599,
23080,4615,2224,2391,8075,3932,4143,9229,4496,4733,8074,3852,4222,4613,2243,2370,1153,554,599,
23085,4615,2224,2391,8077,3932,4145,9229,4496,4733,8075,3853,4222,4613,2243,2370,1154,554,600,
23090,4617,2225,2392,8078,3932,4146,9232,4497,4735,8077,3854,4223,4615,2243,2372,1154,554,600,
23095,4618,2225,2393,8079,3933,4146,9233,4498,4735,8079,3856,4223,4616,2244,2372,1154,554,600,
23100,4619,2226,2393,8082,3935,4147,9237,4500,4737,8081,3857,4224,4617,2245,2372,1154,554,600,
23105,4619,2226,2393,8084,3936,4148,9237,4500,4737,8082,3858,4224,4617,2245,2372,1155,555,600,
23110,4621,2227,2394,8085,3936,4149,9240,4502,4738,8084,3860,4224,4619,2246,2373,1155,555,600,
23115,4622,2227,2395,8086,3936,4150,9241,4502,4739,8086,3860,4226,4620,2246,2374,1155,555,600,
23120,4623,2227,2396,8089,3937,4152,9245,4503,4742,8088,3861,4227,4621,2247,2374,1155,555,600,
23125,4623,2227,2396,8091,3938,4153,9245,4503,4742,8089,3861,4228,4621,2247,2374,1156,555,601,
23130,4625,2229,2396,8092,3939,4153,9248,4504,4744,8091,3863,4228,4623,2248,2375,1156,555,601,
23135,4626,2230,2396,8093,3939,4154,9249,4504,4745,8093,3864,4229,4624,2249,2375,1156,555,601,
23140,4627,2230,2397,8096,3940,4156,9253,4506,4747,8095,3865,4230,4625,2250,2375,1156,555,601,
23145,4627,2230,2397,8098,3941,4157,9253,4506,4747,8096,3865,4231,4625,2250,2375,1157,555,602,
23150,4629,2232,2397,8099,3941,4158,9256,4507,4749,8098,3867,4231,4627,2251,2376,1157,555,602,
23155,4630,2233,2397,8100,3941,4159,9257,4508,4749,8100,3869,4231,4628,2252,2376,1157,555,602,
23160,4631,2233,2398,8103,3944,4159,9261,4510,4751,8102,3869,4233,4629,2252,2377,1157,555,602,
23165,4631,2233,2398,8105,3945,4160,9261,4510,4751,8103,3870,4233,4629,2252,2377,1158,556,602,
23170,4633,2235,2398,8106,3946,4160,9264,4511,4753,8105,3871,4234,4631,2253,2378,1158,556,602,
23175,4634,2235,2399,8107,3947,4160,9265,4512,4753,8107,3872,4235,4632,2254,2378,1158,556,602,
23180,4635,2235,2400,8110,3948,4162,9269,4513,4756,8109,3874,4235,4633,2254,2379,1158,556,602,
23185,4635,2235,2400,8112,3949,4163,9269,4513,4756,8110,3874,4236,4633,2254,2379,1159,556,603,
23190,4637,2236,2401,8113,3949,4164,9272,4514,4758,8112,3875,4237,4635,2254,2381,1159,556,603,
23195,4638,2236,2402,8114,3949,4165,9273,4515,4758,8114,3877,4237,4636,2255,2381,1159,556,603,
23200,4639,2236,2403,8117,3951,4166,9277,4518,4759,8116,3879,4237,4637,2255,2382,1159,556,603,
23205,4639,2236,2403,8119,3951,4168,9277,4518,4759,8117,3879,4238,4637,2255,2382,1160,557,603,
23210,4641,2238,2403,8120,3952,4168,9280,4519,4761,8119,3881,4238,4639,2256,2383,1160,557,603,
23215,4642,2239,2403,8121,3952,4169,9281,4520,4761,8121,3883,4238,4640,2256,2384,1160,557,603,
23220,4643,2240,2403,8124,3954,4170,9285,4521,4764,8123,3884,4239,4641,2257,2384,1160,557,603,
23225,4643,2240,2403,8126,3956,4170,9285,4521,4764,8124,3885,4239,4641,2257,2384,1161,557,604,
23230,4645,2240,2405,8127,3957,4170,9288,4523,4765,8126,3885,4241,4643,2259,2384,1161,557,604,
23235,4646,2240,2406,8128,3958,4170,9289,4523,4766,8128,3886,4242,4644,2260,2384,1161,557,604,
23240,4647,2241,2406,8131,3960,4171,9293,4525,4768,8130,3887,4243,4645,2260,2385,1161,557,604,
23245,4647,2241,2406,8133,3961,4172,9293,4525,4768,8131,3888,4243,4645,2260,2385,1162,558,604,
23250,4649,2242,2407,8134,3961,4173,9296,4526,4770,8133,3889,4244,4647,2260,2387,1162,558,604,
23255,4650,2242,2408,8135,3961,4174,9297,4527,4770,8135,3890,4245,4648,2261,2387,1162,558,604,
23260,4651,2243,2408,8138,3961,4177,9301,4529,4772,8137,3891,4246,4649,2262,2387,1162,558,604,
23265,4651,2243,2408,8140,3962,4178,9301,4529,4772,8138,3892,4246,4649,2262,2387,1163,558,605,
23270,4653,2244,2409,8141,3963,4178,9304,4531,4773,8140,3892,4248,4651,2263,2388,1163,558,605,
23275,4654,2245,2409,8142,3963,4179,9305,4532,4773,8142,3893,4249,4652,2264,2388,1163,558,605,
23280,4655,2246,2409,8145,3964,4181,9309,4534,4775,8144,3894,4250,4653,2264,2389,1163,558,605,
23285,4655,2246,2409,8147,3966,4181,9309,4534,4775,8145,3895,4250,4653,2264,2389,1164,559,605,
23290,4657,2247,2410,8148,3967,4181,9312,4536,4776,8147,3896,4251,4655,2264,2391,1164,559,605,
23295,4658,2248,2410,8149,3967,4182,9313,4536,4777,8149,3898,4251,4656,2265,2391,1164,559,605,
23300,4659,2248,2411,8152,3970,4182,9317,4538,4779,8151,3898,4253,4657,2266,2391,1164,559,605,
23305,4659,2248,2411,8154,3971,4183,9317,4538,4779,8152,3898,4254,4657,2266,2391,1165,559,606,
23310,4661,2250,2411,8155,3971,4184,9320,4540,4780,8154,3900,4254,4659,2268,2391,1165,559,606,
23315,4662,2250,2412,8156,3972,4184,9321,4541,4780,8156,3901,4255,4660,2268,2392,1165,559,606,
23320,4663,2250,2413,8159,3975,4184,9325,4543,4782,8158,3901,4257,4661,2268,2393,1165,559,606,
23325,4663,2250,2413,8161,3976,4185,9325,4543,4782,8159,3902,4257,4661,2268,2393,1166,560,606,
23330,4665,2250,2415,8162,3977,4185,9328,4545,4783,8161,3904,4257,4663,2269,2394,1166,560,606,
23335,4666,2251,2415,8163,3977,4186,9329,4545,4784,8163,3905,4258,4664,2270,2394,1166,560,606,
23340,4667,2252,2415,8166,3980,4186,9333,4546,4787,8165,3906,4259,4665,2270,2395,1166,560,606,
23345,4667,2252,2415,8168,3981,4187,9333,4546,4787,8166,3906,4260,4665,2270,2395,1167,560,607,
23350,4669,2252,2417,8169,3981,4188,9336,4547,4789,8168,3907,4261,4667,2270,2397,1167,560,607,
23355,4670,2252,2418,8170,3981,4189,9337,4547,4790,8170,3907,4263,4668,2270,2398,1167,560,607,
23360,4671,2253,2418,8173,3983,4190,9341,4548,4793,8172,3908,4264,4669,2271,2398,1167,560,607,
23365,4671,2253,2418,8175,3985,4190,9341,4548,4793,8173,3909,4264,4669,2271,2398,1168,560,608,
23370,4673,2253,2420,8176,3986,4190,9344,4550,4794,8175,3910,4265,4671,2271,2400,1168,560,608,
23375,4674,2254,2420,8177,3986,4191,9345,4551,4794,8177,3912,4265,4672,2271,2401,1168,560,608,
23380,4675,2255,2420,8180,3988,4192,9349,4552,4797,8179,3914,4265,4673,2272,2401,1168,560,608,
23385,4675,2255,2420,8182,3988,4194,9349,4552,4797,8180,3915,4265,4673,2272,2401,1169,561,608,
23390,4677,2255,2422,8183,3988,4195,9352,4554,4798,8182,3916,4266,4675,2274,2401,1169,561,608,
23395,4678,2256,2422,8184,3988,4196,9353,4555,4798,8184,3917,4267,4676,2275,2401,1169,561,608,
23400,4679,2256,2423,8187,3990,4197,9357,4557,4800,8186,3917,4269,4677,2276,2401,1169,561,608,
23405,4679,2256,2423,8189,3991,4198,9357,4557,4800,8187,3917,4270,4677,2276,2401,1170,561,609,
23410,4681,2258,2423,8190,3991,4199,9360,4560,4800,8189,3918,4271,4679,2278,2401,1170,561,609,
23415,4682,2258,2424,8191,3992,4199,9361,4560,4801,8191,3920,4271,4680,2278,2402,1170,561,609,
23420,4683,2259,2424,8194,3995,4199,9365,4562,4803,8193,3921,4272,4681,2279,2402,1170,561,609,
23425,4683,2259,2424,8196,3996,4200,9365,4562,4803,8194,3922,4272,4681,2279,2402,1171,562,609,
23430,4685,2259,2426,8197,3997,4200,9368,4563,4805,8196,3923,4273,4683,2279,2404,1171,562,609,
23435,4686,2259,2427,8198,3998,4200,9369,4564,4805,8198,3925,4273,4684,2280,2404,1171,562,609,
23440,4687,2260,2427,8201,3998,4203,9373,4564,4809,8200,3926,4274,4685,2280,2405,1171,562,609,
23445,4687,2260,2427,8203,3999,4204,9373,4564,4809,8201,3927,4274,4685,2280,2405,1172,562,610,
23450,4689,2260,2429,8204,4000,4204,9376,4567,4809,8203,3928,4275,4687,2280,2407,1172,562,610,
23455,4690,2260,2430,8205,4001,4204,9377,4568,4809,8205,3929,4276,4688,2280,2408,1172,562,610,
23460,4691,2260,2431,8208,4001,4207,9381,4569,4812,8207,3929,4278,4689,2281,2408,1172,562,610,
23465,4691,2260,2431,8210,4003,4207,9381,4569,4812,8208,3929,4279,4689,2281,2408,1173,563,610,
23470,4693,2260,2433,8211,4004,4207,9384,4570,4814,8210,3930,4280,4691,2282,2409,1173,563,610,
23475,4694,2260,2434,8212,4005,4207,9385,4570,4815,8212,3931,4281,4692,2283,2409,1173,563,610,
23480,4695,2261,2434,8215,4006,4209,9389,4572,4817,8214,3932,4282,4693,2284,2409,1173,563,610,
23485,4695,2261,2434,8217,4008,4209,9389,4572,4817,8215,3932,4283,4693,2284,2409,1174,564,610,
23490,4697,2262,2435,8218,4009,4209,9392,4574,4818,8217,3933,4284,4695,2286,2409,1174,564,610,
23495,4698,2262,2436,8219,4010,4209,9393,4574,4819,8219,3933,4286,4696,2286,2410,1174,564,610,
23500,4699,2262,2437,8222,4011,4211,9397,4576,4821,8221,3934,4287,4697,2287,2410,1174,564,610,
23505,4699,2262,2437,8224,4012,4212,9397,4576,4821,8222,3934,4288,4697,2287,2410,1175,565,610,
23510,4701,2263,2438,8225,4013,4212,9400,4577,4823,8224,3936,4288,4699,2288,2411,1175,565,610,
23515,4702,2263,2439,8226,4014,4212,9401,4578,4823,8226,3938,4288,4700,2288,2412,1175,565,610,
23520,4703,2263,2440,8229,4015,4214,9405,4579,4826,8228,3939,4289,4701,2289,2412,1175,565,610,
23525,4703,2263,2440,8231,4015,4216,9405,4579,4826,8229,3940,4289,4701,2289,2412,1176,565,611,
23530,4705,2264,2441,8232,4015,4217,9408,4580,4828,8231,3940,4291,4703,2289,2414,1176,565,611,
23535,4706,2264,2442,8233,4015,4218,9409,4580,4829,8233,3940,4293,4704,2290,2414,1176,565,611,
23540,4707,2265,2442,8236,4017,4219,9413,4582,4831,8235,3941,4294,4705,2290,2415,1176,565,611,
23545,4707,2265,2442,8238,4018,4220,9413,4582,4831,8236,3942,4294,4705,2290,2415,1177,565,612,
23550,4709,2266,2443,8239,4018,4221,9416,4583,4833,8238,3942,4296,4707,2292,2415,1177,565,612,
23555,4710,2266,2444,8240,4018,4222,9417,4584,4833,8240,3943,4297,4708,2293,2415,1177,565,612,
23560,4711,2267,2444,8243,4020,4223,9421,4585,4836,8242,3944,4298,4709,2293,2416,1177,565,612,
23565,4711,2267,2444,8245,4022,4223,9421,4585,4836,8243,3944,4299,4709,2293,2416,1178,566,612,
23570,4713,2269,2444,8246,4023,4223,9424,4587,4837,8245,3944,4301,4711,2293,2418,1178,566,612,
23575,4714,2270,2444,8247,4024,4223,9425,4587,4838,8247,3945,4302,4712,2294,2418,1178,566,612,
23580,4715,2270,2445,8250,4024,4226,9429,4590,4839,8249,3946,4303,4713,2295,2418,1178,566,612,
23585,4715,2270,2445,8252,4026,4226,9429,4590,4839,8250,3946,4304,4713,2295,2418,1179,566,613,
23590,4717,2271,2446,8253,4026,4227,9432,4591,4841,8252,3947,4305,4715,2295,2420,1179,566,613,
23595,4718,2272,2446,8254,4027,4227,9433,4592,4841,8254,3947,4307,4716,2295,2421,1179,566,613,
23600,4719,2272,2447,8257,4028,4229,9437,4594,4843,8256,3948,4308,4717,2296,2421,1179,566,613,
23605,4719,2272,2447,8259,4028,4231,9437,4594,4843,8257,3948,4309,4717,2296,2421,1180,566,614,
23610,4721,2274,2447,8260,4029,4231,9440,4594,4846,8259,3949,4310,4719,2297,2422,1180,566,614,
23615,4722,2274,2448,8261,4029,4232,9441,4594,4847,8261,3951,4310,4720,2297,2423,1180,566,614,
23620,4723,2275,2448,8264,4031,4233,9445,4594,4851,8263,3953,4310,4721,2298,2423,1180,566,614,
23625,4723,2275,2448,8266,4033,4233,9445,4594,4851,8264,3953,4311,4721,2298,2423,1181,567,614,
23630,4725,2277,2448,8267,4033,4234,9448,4594,4854,8266,3954,4312,4723,2299,2424,1181,567,614,
23635,4726,2278,2448,8268,4034,4234,9449,4594,4855,8268,3955,4313,4724,2299,2425,1181,567,614,
23640,4727,2278,2449,8271,4034,4237,9453,4596,4857,8270,3956,4314,4725,2299,2426,1181,567,614,
23645,4727,2278,2449,8273,4035,4238,9453,4596,4857,8271,3956,4315,4725,2299,2426,1182,567,615,
23650,4729,2279,2450,8274,4035,4239,9456,4597,4859,8273,3956,4317,4727,2299,2428,1182,567,615,
23655,4730,2280,2450,8275,4036,4239,9457,4597,4860,8275,3957,4318,4728,2300,2428,1182,567,615,
23660,4731,2281,2450,8278,4038,4240,9461,4599,4862,8277,3958,4319,4729,2300,2429,1182,567,615,
23665,4731,2281,2450,8280,4039,4241,9461,4599,4862,8278,3958,4320,4729,2300,2429,1183,568,615,
23670,4733,2282,2451,8281,4039,4242,9464,4599,4865,8280,3959,4321,4731,2301,2430,1183,568,615,
23675,4734,2283,2451,8282,4039,4243,9465,4600,4865,8282,3960,4322,4732,2301,2431,1183,568,615,
23680,4735,2283,2452,8285,4041,4244,9469,4602,4867,8284,3962,4322,4733,2302,2431,1183,568,615,
23685,4735,2283,2452,8287,4041,4246,9469,4602,4867,8285,3962,4323,4733,2302,2431,1184,569,615,
23690,4737,2284,2453,8288,4041,4247,9472,4605,4867,8287,3963,4324,4735,2303,2432,1184,569,615,
23695,4738,2285,2453,8289,4042,4247,9473,4606,4867,8289,3963,4326,4736,2303,2433,1184,569,615,
23700,4739,2285,2454,8292,4043,4249,9477,4607,4870,8291,3963,4328,4737,2304,2433,1184,569,615,
23705,4739,2285,2454,8294,4043,4251,9477,4607,4870,8292,3963,4329,4737,2304,2433,1185,570,615,
23710,4741,2286,2455,8295,4043,4252,9480,4610,4870,8294,3963,4331,4739,2305,2434,1185,570,615,
23715,4742,2287,2455,8296,4043,4253,9481,4611,4870,8296,3963,4333,4740,2305,2435,1185,570,615,
23720,4743,2288,2455,8299,4046,4253,9485,4612,4873,8298,3964,4334,4741,2306,2435,1185,570,615,
23725,4743,2288,2455,8301,4046,4255,9485,4612,4873,8299,3965,4334,4741,2306,2435,1186,571,615,
23730,4745,2288,2457,8302,4047,4255,9488,4614,4874,8301,3965,4336,4743,2307,2436,1186,571,615,
23735,4746,2289,2457,8303,4048,4255,9489,4614,4875,8303,3965,4338,4744,2308,2436,1186,571,615,
23740,4747,2289,2458,8306,4050,4256,9493,4616,4877,8305,3965,4340,4745,2308,2437,1186,571,615,
23745,4747,2289,2458,8308,4052,4256,9493,4616,4877,8306,3966,4340,4745,2308,2437,1187,572,615,
23750,4749,2291,2458,8309,4052,4257,9496,4618,4878,8308,3967,4341,4747,2310,2437,1187,572,615,
23755,4750,2291,2459,8310,4053,4257,9497,4619,4878,8310,3968,4342,4748,2311,2437,1187,572,615,
23760,4751,2291,2460,8313,4054,4259,9501,4621,4880,8312,3968,4344,4749,2311,2438,1187,572,615,
23765,4751,2291,2460,8315,4055,4260,9501,4621,4880,8313,3969,4344,4749,2311,2438,1188,573,615,
23770,4753,2293,2460,8316,4055,4261,9504,4622,4882,8315,3970,4345,4751,2311,2440,1188,573,615,
23775,4754,2293,2461,8317,4056,4261,9505,4622,4883,8317,3970,4347,4752,2312,2440,1188,573,615,
23780,4755,2293,2462,8320,4057,4263,9509,4624,4885,8319,3970,4349,4753,2312,2441,1188,573,615,
23785,4755,2293,2462,8322,4057,4265,9509,4624,4885,8320,3971,4349,4753,2312,2441,1189,574,615,
23790,4757,2295,2462,8323,4058,4265,9512,4627,4885,8322,3971,4351,4755,2312,2443,1189,574,615,
23795,4758,2296,2462,8324,4058,4266,9513,4628,4885,8324,3971,4353,4756,2312,2444,1189,574,615,
23800,4759,2296,2463,8327,4060,4267,9517,4630,4887,8326,3972,4354,4757,2312,2445,1189,574,615,
23805,4759,2296,2463,8329,4061,4268,9517,4630,4887,8327,3972,4355,4757,2312,2445,1190,574,616,
23810,4761,2297,2464,8330,4061,4269,9520,4631,4889,8329,3973,4356,4759,2313,2446,1190,574,616,
23815,4762,2297,2465,8331,4062,4269,9521,4631,4890,8331,3975,4356,4760,2314,2446,1190,574,616,
23820,4763,2297,2466,8334,4064,4270,9525,4634,4891,8333,3975,4358,4761,2315,2446,1190,574,616,
23825,4763,2297,2466,8336,4064,4272,9525,4634,4891,8334,3975,4359,4761,2315,2446,1191,575,616,
23830,4765,2299,2466,8337,4065,4272,9528,4635,4893,8336,3977,4359,4763,2315,2448,1191,575,616,
23835,4766,2299,2467,8338,4066,4272,9529,4635,4894,8338,3978,4360,4764,2316,2448,1191,575,616,
23840,4767,2299,2468,8341,4066,4275,9533,4636,4897,8340,3978,4362,4765,2317,2448,1191,575,616,
23845,4767,2299,2468,8343,4066,4277,9533,4636,4897,8341,3978,4363,4765,2317,2448,1192,575,617,
23850,4769,2301,2468,8344,4066,4278,9536,4637,4899,8343,3979,4364,4767,2318,2449,1192,575,617,
23855,4770,2302,2468,8345,4067,4278,9537,4637,4900,8345,3980,4365,4768,2318,2450,1192,575,617,
23860,4771,2303,2468,8348,4069,4279,9541,4640,4901,8347,3980,4367,4769,2318,2451,1192,575,617,
23865,4771,2303,2468,8350,4070,4280,9541,4640,4901,8348,3981,4367,4769,2318,2451,1193,575,618,
23870,4773,2305,2468,8351,4070,4281,9544,4640,4904,8350,3982,4368,4771,2318,2453,1193,575,618,
23875,4774,2305,2469,8352,4070,4282,9545,4640,4905,8352,3983,4369,4772,2319,2453,1193,575,618,
23880,4775,2306,2469,8355,4071,4284,9549,4642,4907,8354,3983,4371,4773,2320,2453,1193,575,618,
23885,4775,2306,2469,8357,4072,4285,9549,4642,4907,8355,3983,4372,4773,2320,2453,1194,575,619,
23890,4777,2307,2470,8358,4073,4285,9552,4644,4908,8357,3985,4372,4775,2321,2454,1194,575,619,
23895,4778,2307,2471,8359,4073,4286,9553,4645,4908,8359,3986,4373,4776,2321,2455,1194,575,619,
23900,4779,2308,2471,8362,4074,4288,9557,4649,4908,8361,3986,4375,4777,2322,2455,1194,575,619,
23905,4779,2308,2471,8364,4076,4288,9557,4649,4908,8362,3987,4375,4777,2322,2455,1195,576,619,
23910,4781,2309,2472,8365,4076,4289,9560,4649,4911,8364,3987,4377,4779,2323,2456,1195,576,619,
23915,4782,2309,2473,8366,4077,4289,9561,4649,4912,8366,3988,4378,4780,2324,2456,1195,576,619,
23920,4783,2309,2474,8369,4079,4290,9565,4652,4913,8368,3990,4378,4781,2324,2457,1195,576,619,
23925,4783,2309,2474,8371,4081,4290,9565,4652,4913,8369,3991,4378,4781,2324,2457,1196,576,620,
23930,4785,2311,2474,8372,4082,4290,9568,4654,4914,8371,3992,4379,4783,2325,2458,1196,576,620,
23935,4786,2312,2474,8373,4082,4291,9569,4654,4915,8373,3992,4381,4784,2326,2458,1196,576,620,
23940,4787,2312,2475,8376,4084,4292,9573,4656,4917,8375,3992,4383,4785,2327,2458,1196,576,620,
23945,4787,2312,2475,8378,4085,4293,9573,4656,4917,8376,3992,4384,4785,2327,2458,1197,577,620,
23950,4789,2313,2476,8379,4086,4293,9576,4657,4919,8378,3993,4385,4787,2328,2459,1197,577,620,
23955,4790,2313,2477,8380,4086,4294,9577,4657,4920,8380,3994,4386,4788,2328,2460,1197,577,620,
23960,4791,2314,2477,8383,4088,4295,9581,4660,4921,8382,3995,4387,4789,2328,2461,1197,577,620,
23965,4791,2314,2477,8385,4088,4297,9581,4660,4921,8383,3995,4388,4789,2328,2461,1198,577,621,
23970,4793,2315,2478,8386,4089,4297,9584,4661,4923,8385,3996,4389,4791,2328,2463,1198,577,621,
23975,4794,2316,2478,8387,4089,4298,9585,4662,4923,8387,3997,4390,4792,2328,2464,1198,577,621,
23980,4795,2316,2479,8390,4090,4300,9589,4666,4923,8389,3998,4391,4793,2329,2464,1198,577,621,
23985,4795,2316,2479,8392,4090,4302,9589,4666,4923,8390,3999,4391,4793,2329,2464,1199,577,622,
23990,4797,2317,2480,8393,4090,4303,9592,4667,4925,8392,4000,4392,4795,2329,2466,1199,577,622,
23995,4798,2318,2480,8394,4090,4304,9593,4667,4926,8394,4000,4394,4796,2330,2466,1199,577,622,
24000,4799,2319,2480,8397,4090,4307,9597,4670,4927,8396,4000,4396,4797,2330,2467,1199,577,622,
24005,4799,2319,2480,8399,4092,4307,9597,4670,4927,8397,4000,4397,4797,2330,2467,1200,577,623,
24010,4801,2321,2480,8400,4092,4308,9600,4671,4929,8399,4000,4399,4799,2330,2469,1200,577,623,
24015,4802,2322,2480,8401,4092,4309,9601,4671,4930,8401,4000,4401,4800,2331,2469,1200,577,623,
24020,4803,2322,2481,8404,4092,4312,9605,4672,4933,8403,4001,4402,4801,2332,2469,1200,577,623,
24025,4803,2322,2481,8406,4092,4314,9605,4672,4933,8404,4001,4403,4801,2332,2469,1201,577,624,
24030,4805,2324,2481,8407,4092,4315,9608,4672,4936,8406,4003,4403,4803,2333,2470,1201,577,624,
24035,4806,2325,2481,8408,4092,4316,9609,4672,4937,8408,4005,4403,4804,2334,2470,1201,577,624,
24040,4807,2326,2481,8411,4093,4318,9613,4674,4939,8410,4006,4404,4805,2335,2470,1201,577,624,
24045,4807,2326,2481,8413,4093,4320,9613,4674,4939,8411,4007,4404,4805,2335,2470,1202,577,625,
24050,4809,2326,2483,8414,4093,4321,9616,4676,4940,8413,4008,4405,4807,2336,2471,1202,577,625,
24055,4810,2326,2484,8415,4094,4321,9617,4677,4940,8415,4010,4405,4808,2336,2472,1202,577,625,
24060,4811,2326,2485,8418,4097,4321,9621,4679,4942,8417,4010,4407,4809,2336,2473,1202,577,625,
24065,4811,2326,2485,8420,4098,4322,9621,4679,4942,8418,4011,4407,4809,2336,2473,1203,578,625,
24070,4813,2328,2485,8421,4098,4323,9624,4680,4944,8420,4013,4407,4811,2336,2475,1203,578,625,
24075,4814,2329,2485,8422,4099,4323,9625,4681,4944,8422,4014,4408,4812,2336,2476,1203,578,625,
24080,4815,2330,2485,8425,4101,4324,9629,4683,4946,8424,4016,4408,4813,2337,2476,1203,578,625,
24085,4815,2330,2485,8427,4101,4326,9629,4683,4946,8425,4017,4408,4813,2337,2476,1204,579,625,
24090,4817,2331,2486,8428,4102,4326,9632,4684,4948,8427,4018,4409,4815,2339,2476,1204,579,625,
24095,4818,2332,2486,8429,4102,4327,9633,4684,4949,8429,4019,4410,4816,2339,2477,1204,579,625,
24100,4819,2332,2487,8432,4104,4328,9637,4687,4950,8431,4020,4411,4817,2339,2478,1204,579,625,
24105,4819,2332,2487,8434,4106,4328,9637,4687,4950,8432,4021,4411,4817,2339,2478,1205,580,625,
24110,4821,2334,2487,8435,4106,4329,9640,4689,4951,8434,4022,4412,4819,2340,2479,1205,580,625,
24115,4822,2335,2487,8436,4107,4329,9641,4689,4952,8436,4023,4413,4820,2340,2480,1205,580,625,
24120,4823,2336,2487,8439,4109,4330,9645,4692,4953,8438,4024,4414,4821,2340,2481,1205,580,625,
24125,4823,2336,2487,8441,4111,4330,9645,4692,4953,8439,4024,4415,4821,2340,2481,1206,581,625,
24130,4825,2338,2487,8442,4112,4330,9648,4695,4953,8441,4025,4416,4823,2340,2483,1206,581,625,
24135,4826,2338,2488,8443,4112,4331,9649,4695,4954,8443,4025,4418,4824,2340,2484,1206,581,625,
24140,4827,2339,2488,8446,4114,4332,9653,4698,4955,8445,4026,4419,4825,2341,2484,1206,581,625,
24145,4827,2339,2488,8448,4115,4333,9653,4698,4955,8446,4026,4420,4825,2341,2484,1207,582,625,
24150,4829,2340,2489,8449,4116,4333,9656,4701,4955,8448,4026,4422,4827,2341,2486,1207,582,625,
24155,4830,2340,2490,8450,4116,4334,9657,4701,4956,8450,4026,4424,4828,2342,2486,1207,582,625,
24160,4831,2341,2490,8453,4118,4335,9661,4703,4958,8452,4028,4424,4829,2342,2487,1207,582,625,
24165,4831,2341,2490,8455,4119,4336,9661,4703,4958,8453,4029,4424,4829,2342,2487,1208,582,626,
24170,4833,2342,2491,8456,4119,4337,9664,4704,4960,8455,4030,4425,4831,2343,2488,1208,582,626,
24175,4834,2343,2491,8457,4120,4337,9665,4705,4960,8457,4030,4427,4832,2344,2488,1208,582,626,
24180,4835,2344,2491,8460,4121,4339,9669,4706,4963,8459,4032,4427,4833,2344,2489,1208,582,626,
24185,4835,2344,2491,8462,4121,4341,9669,4706,4963,8460,4032,4428,4833,2344,2489,1209,582,627,
24190,4837,2344,2493,8463,4122,4341,9672,4707,4965,8462,4034,4428,4835,2344,2491,1209,582,627,
24195,4838,2344,2494,8464,4123,4341,9673,4707,4966,8464,4034,4430,4836,2345,2491,1209,582,627,
24200,4839,2344,2495,8467,4123,4344,9677,4709,4968,8466,4034,4432,4837,2345,2492,1209,582,627,
24205,4839,2344,2495,8469,4124,4345,9677,4709,4968,8467,4034,4433,4837,2345,2492,1210,582,628,
24210,4841,2346,2495,8470,4124,4346,9680,4709,4971,8469,4034,4435,4839,2345,2494,1210,582,628,
24215,4842,2346,2496,8471,4124,4347,9681,4710,4971,8471,4035,4436,4840,2345,2495,1210,582,628,
24220,4843,2346,2497,8474,4126,4348,9685,4711,4974,8473,4036,4437,4841,2346,2495,1210,582,628,
24225,4843,2346,2497,8476,4126,4350,9685,4711,4974,8474,4036,4438,4841,2346,2495,1211,583,628,
24230,4845,2346,2499,8477,4127,4350,9688,4712,4976,8476,4038,4438,4843,2348,2495,1211,583,628,
24235,4846,2347,2499,8478,4128,4350,9689,4713,4976,8478,4038,4440,4844,2349,2495,1211,583,628,
24240,4847,2348,2499,8481,4129,4352,9693,4716,4977,8480,4040,4440,4845,2349,2496,1211,583,628,
24245,4847,2348,2499,8483,4131,4352,9693,4716,4977,8481,4041,4440,4845,2349,2496,1212,584,628,
24250,4849,2349,2500,8484,4132,4352,9696,4716,4980,8483,4042,4441,4847,2349,2498,1212,584,628,
24255,4850,2349,2501,8485,4133,4352,9697,4716,4981,8485,4044,4441,4848,2349,2499,1212,584,628,
24260,4851,2350,2501,8488,4136,4352,9701,4718,4983,8487,4045,4442,4849,2349,2500,1212,584,628,
24265,4851,2350,2501,8490,4138,4352,9701,4718,4983,8488,4046,4442,4849,2349,2500,1213,585,628,
24270,4853,2350,2503,8491,4139,4352,9704,4718,4986,8490,4047,4443,4851,2351,2500,1213,585,628,
24275,4854,2350,2504,8492,4140,4352,9705,4718,4987,8492,4048,4444,4852,2352,2500,1213,585,628,
24280,4855,2351,2504,8495,4141,4354,9709,4718,4991,8494,4050,4444,4853,2352,2501,1213,585,628,
24285,4855,2351,2504,8497,4143,4354,9709,4718,4991,8495,4050,4445,4853,2352,2501,1214,585,629,
24290,4857,2351,2506,8498,4143,4355,9712,4720,4992,8497,4050,4447,4855,2354,2501,1214,585,629,
24295,4858,2352,2506,8499,4144,4355,9713,4720,4993,8499,4051,4448,4856,2354,2502,1214,585,629,
24300,4859,2353,2506,8502,4144,4358,9717,4721,4996,8501,4051,4450,4857,2355,2502,1214,585,629,
24305,4859,2353,2506,8504,4145,4359,9717,4721,4996,8502,4052,4450,4857,2355,2502,1215,586,629,
24310,4861,2355,2506,8505,4146,4359,9720,4723,4997,8504,4052,4452,4859,2357,2502,1215,586,629,
24315,4862,2356,2506,8506,4146,4360,9721,4723,4998,8506,4052,4454,4860,2357,2503,1215,586,629,
24320,4863,2357,2506,8509,4148,4361,9725,4726,4999,8508,4053,4455,4861,2357,2504,1215,586,629,
24325,4863,2357,2506,8511,4148,4363,9725,4726,4999,8509,4053,4456,4861,2357,2504,1216,587,629,
24330,4865,2358,2507,8512,4148,4364,9728,4728,5000,8511,4054,4457,4863,2358,2505,1216,587,629,
24335,4866,2358,2508,8513,4149,4364,9729,4728,5001,8513,4055,4458,4864,2359,2505,1216,587,629,
24340,4867,2358,2509,8516,4149,4367,9733,4730,5003,8515,4055,4460,4865,2360,2505,1216,587,629,
24345,4867,2358,2509,8518,4150,4368,9733,4730,5003,8516,4055,4461,4865,2360,2505,1217,587,630,
24350,4869,2359,2510,8519,4151,4368,9736,4733,5003,8518,4057,4461,4867,2360,2507,1217,587,630,
24355,4870,2359,2511,8520,4152,4368,9737,4733,5004,8520,4059,4461,4868,2360,2508,1217,587,630,
24360,4871,2359,2512,8523,4155,4368,9741,4737,5004,8522,4059,4463,4869,2360,2509,1217,587,630,
24365,4871,2359,2512,8525,4156,4369,9741,4737,5004,8523,4059,4464,4869,2360,2509,1218,587,631,
24370,4873,2360,2513,8526,4157,4369,9744,4739,5005,8525,4061,4464,4871,2360,2511,1218,587,631,
24375,4874,2360,2514,8527,4157,4370,9745,4739,5006,8527,4062,4465,4872,2360,2512,1218,587,631,
24380,4875,2361,2514,8530,4158,4372,9749,4743,5006,8529,4063,4466,4873,2360,2513,1218,587,631,
24385,4875,2361,2514,8532,4160,4372,9749,4743,5006,8530,4064,4466,4873,2360,2513,1219,588,631,
24390,4877,2361,2516,8533,4160,4373,9752,4745,5007,8532,4065,4467,4875,2361,2514,1219,588,631,
24395,4878,2361,2517,8534,4160,4374,9753,4746,5007,8534,4067,4467,4876,2362,2514,1219,588,631,
24400,4879,2361,2518,8537,4161,4376,9757,4747,5010,8536,4068,4468,4877,2363,2514,1219,588,631,
24405,4879,2361,2518,8539,4162,4377,9757,4747,5010,8537,4068,4469,4877,2363,2514,1220,589,631,
24410,4881,2361,2520,8540,4163,4377,9760,4747,5013,8539,4069,4470,4879,2364,2515,1220,589,631,
24415,4882,2361,2521,8541,4164,4377,9761,4747,5014,8541,4071,4470,4880,2364,2516,1220,589,631,
24420,4883,2362,2521,8544,4165,4379,9765,4750,5015,8543,4073,4470,4881,2365,2516,1220,589,631,
24425,4883,2362,2521,8546,4166,4380,9765,4750,5015,8544,4073,4471,4881,2365,2516,1221,589,632,
24430,4885,2364,2521,8547,4167,4380,9768,4751,5017,8546,4074,4472,4883,2365,2518,1221,589,632,
24435,4886,2364,2522,8548,4168,4380,9769,4751,5018,8548,4075,4473,4884,2366,2518,1221,589,632,
24440,4887,2364,2523,8551,4169,4382,9773,4751,5022,8550,4076,4474,4885,2367,2518,1221,589,632,
24445,4887,2364,2523,8553,4170,4383,9773,4751,5022,8551,4077,4474,4885,2367,2518,1222,589,633,
24450,4889,2366,2523,8554,4171,4383,9776,4752,5024,8553,4079,4474,4887,2367,2520,1222,589,633,
24455,4890,2367,2523,8555,4171,4384,9777,4752,5025,8555,4080,4475,4888,2368,2520,1222,589,633,
24460,4891,2367,2524,8558,4171,4387,9781,4754,5027,8557,4081,4476,4889,2369,2520,1222,589,633,
24465,4891,2367,2524,8560,4172,4388,9781,4754,5027,8558,4082,4476,4889,2369,2520,1223,589,634,
24470,4893,2367,2526,8561,4173,4388,9784,4757,5027,8560,4082,4478,4891,2370,2521,1223,589,634,
24475,4894,2368,2526,8562,4173,4389,9785,4758,5027,8562,4083,4479,4892,2371,2521,1223,589,634,
24480,4895,2368,2527,8565,4174,4391,9789,4762,5027,8564,4083,4481,4893,2372,2521,1223,589,634,
24485,4895,2368,2527,8567,4174,4393,9789,4762,5027,8565,4083,4482,4893,2372,2521,1224,590,634,
24490,4897,2369,2528,8568,4174,4394,9792,4764,5028,8567,4084,4483,4895,2373,2522,1224,590,634,
24495,4898,2369,2529,8569,4174,4395,9793,4764,5029,8569,4086,4483,4896,2373,2523,1224,590,634,
24500,4899,2369,2530,8572,4176,4396,9797,4765,5032,8571,4087,4484,4897,2374,2523,1224,590,634,
24505,4899,2369,2530,8574,4177,4397,9797,4765,5032,8572,4088,4484,4897,2374,2523,1225,590,635,
24510,4901,2370,2531,8575,4177,4398,9800,4766,5034,8574,4089,4485,4899,2376,2523,1225,590,635,
24515,4902,2370,2532,8576,4178,4398,9801,4766,5035,8576,4091,4485,4900,2376,2524,1225,590,635,
24520,4903,2370,2533,8579,4178,4401,9805,4770,5035,8578,4093,4485,4901,2377,2524,1225,590,635,
24525,4903,2370,2533,8581,4178,4403,9805,4770,5035,8579,4093,4486,4901,2377,2524,1226,590,636,
24530,4905,2371,2534,8582,4178,4404,9808,4771,5037,8581,4095,4486,4903,2379,2524,1226,590,636,
24535,4906,2371,2535,8583,4178,4405,9809,4771,5038,8583,4097,4486,4904,2379,2525,1226,590,636,
24540,4907,2372,2535,8586,4180,4406,9813,4773,5040,8585,4097,4488,4905,2380,2525,1226,590,636,
24545,4907,2372,2535,8588,4182,4406,9813,4773,5040,8586,4098,4488,4905,2380,2525,1227,591,636,
24550,4909,2374,2535,8589,4183,4406,9816,4774,5042,8588,4100,4488,4907,2381,2526,1227,591,636,
24555,4910,2375,2535,8590,4184,4406,9817,4775,5042,8590,4100,4490,4908,2382,2526,1227,591,636,
24560,4911,2376,2535,8593,4186,4407,9821,4775,5046,8592,4100,4492,4909,2383,2526,1227,591,636,
24565,4911,2376,2535,8595,4188,4407,9821,4775,5046,8593,4101,4492,4909,2383,2526,1228,592,636,
24570,4913,2376,2537,8596,4188,4408,9824,4777,5047,8595,4103,4492,4911,2383,2528,1228,592,636,
24575,4914,2376,2538,8597,4189,4408,9825,4777,5048,8597,4103,4494,4912,2383,2529,1228,592,636,
24580,4915,2377,2538,8600,4192,4408,9829,4781,5048,8599,4104,4495,4913,2383,2530,1228,592,636,
24585,4915,2377,2538,8602,4194,4408,9829,4781,5048,8600,4105,4495,4913,2383,2530,1229,592,637,
24590,4917,2377,2540,8603,4195,4408,9832,4783,5049,8602,4106,4496,4915,2383,2532,1229,592,637,
24595,4918,2377,2541,8604,4195,4409,9833,4783,5050,8604,4107,4497,4916,2384,2532,1229,592,637,
24600,4919,2378,2541,8607,4196,4411,9837,4786,5051,8606,4109,4497,4917,2385,2532,1229,592,637,
24605,4919,2378,2541,8609,4197,4412,9837,4786,5051,8607,4109,4498,4917,2385,2532,1230,592,638,
24610,4921,2379,2542,8610,4197,4413,9840,4788,5052,8609,4111,4498,4919,2386,2533,1230,592,638,
24615,4922,2379,2543,8611,4197,4414,9841,4788,5053,8611,4112,4499,4920,2387,2533,1230,592,638,
24620,4923,2379,2544,8614,4199,4415,9845,4789,5056,8613,4113,4500,4921,2388,2533,1230,592,638,
24625,4923,2379,2544,8616,4200,4416,9845,4789,5056,8614,4114,4500,4921,2388,2533,1231,592,639,
24630,4925,2380,2545,8617,4200,4417,9848,4790,5058,8616,4115,4501,4923,2389,2534,1231,592,639,
24635,4926,2381,2545,8618,4201,4417,9849,4791,5058,8618,4117,4501,4924,2390,2534,1231,592,639,
24640,4927,2381,2546,8621,4203,4418,9853,4793,5060,8620,4118,4502,4925,2390,2535,1231,592,639,
24645,4927,2381,2546,8623,4203,4420,9853,4793,5060,8621,4118,4503,4925,2390,2535,1232,592,640,
24650,4929,2383,2546,8624,4203,4421,9856,4793,5063,8623,4120,4503,4927,2391,2536,1232,592,640,
24655,4930,2383,2547,8625,4203,4422,9857,4793,5064,8625,4121,4504,4928,2392,2536,1232,592,640,
24660,4931,2383,2548,8628,4204,4424,9861,4796,5065,8627,4122,4505,4929,2392,2537,1232,592,640,
24665,4931,2383,2548,8630,4204,4426,9861,4796,5065,8628,4123,4505,4929,2392,2537,1233,592,641,
24670,4933,2385,2548,8631,4204,4427,9864,4797,5067,8630,4123,4507,4931,2393,2538,1233,592,641,
24675,4934,2386,2548,8632,4204,4428,9865,4798,5067,8632,4124,4508,4932,2393,2539,1233,592,641,
24680,4935,2387,2548,8635,4205,4430,9869,4801,5068,8634,4125,4509,4933,2393,2540,1233,592,641,
24685,4935,2387,2548,8637,4206,4431,9869,4801,5068,8635,4126,4509,4933,2393,2540,1234,593,641,
24690,4937,2388,2549,8638,4207,4431,9872,4802,5070,8637,4126,4511,4935,2394,2541,1234,593,641,
24695,4938,2389,2549,8639,4207,4432,9873,4803,5070,8639,4128,4511,4936,2394,2542,1234,593,641,
24700,4939,2390,2549,8642,4208,4434,9877,4805,5072,8641,4128,4513,4937,2394,2543,1234,593,641,
24705,4939,2390,2549,8644,4209,4435,9877,4805,5072,8642,4128,4514,4937,2394,2543,1235,594,641,
24710,4941,2391,2550,8645,4209,4436,9880,4808,5072,8644,4129,4515,4939,2395,2544,1235,594,641,
24715,4942,2391,2551,8646,4209,4437,9881,4809,5072,8646,4130,4516,4940,2395,2545,1235,594,641,
24720,4943,2391,2552,8649,4210,4439,9885,4810,5075,8648,4132,4516,4941,2396,2545,1235,594,641,
24725,4943,2391,2552,8651,4210,4441,9885,4810,5075,8649,4132,4517,4941,2396,2545,1236,594,642,
24730,4945,2391,2554,8652,4210,4442,9888,4813,5075,8651,4133,4518,4943,2398,2545,1236,594,642,
24735,4946,2391,2555,8653,4211,4442,9889,4813,5076,8653,4134,4519,4944,2399,2545,1236,594,642,
24740,4947,2392,2555,8656,4213,4443,9893,4813,5080,8655,4135,4520,4945,2400,2545,1236,594,642,
24745,4947,2392,2555,8658,4214,4444,9893,4813,5080,8656,4135,4521,4945,2400,2545,1237,594,643,
24750,4949,2393,2556,8659,4214,4445,9896,4815,5081,8658,4137,4521,4947,2401,2546,1237,594,643,
24755,4950,2394,2556,8660,4215,4445,9897,4816,5081,8660,4137,4523,4948,2401,2547,1237,594,643,
24760,4951,2394,2557,8663,4217,4446,9901,4818,5083,8662,4137,4525,4949,2401,2548,1237,594,643,
24765,4951,2394,2557,8665,4218,4447,9901,4818,5083,8663,4138,4525,4949,2401,2548,1238,594,644,
24770,4953,2395,2558,8666,4218,4448,9904,4819,5085,8665,4139,4526,4951,2403,2548,1238,594,644,
24775,4954,2396,2558,8667,4219,4448,9905,4820,5085,8667,4140,4527,4952,2403,2549,1238,594,644,
24780,4955,2396,2559,8670,4220,4450,9909,4822,5087,8669,4141,4528,4953,2404,2549,1238,594,644,
24785,4955,2396,2559,8672,4220,4452,9909,4822,5087,8670,4142,4528,4953,2404,2549,1239,594,645,
24790,4957,2398,2559,8673,4221,4452,9912,4822,5090,8672,4144,4528,4955,2404,2551,1239,594,645,
24795,4958,2399,2559,8674,4221,4453,9913,4823,5090,8674,4144,4530,4956,2404,2552,1239,594,645,
24800,4959,2400,2559,8677,4223,4454,9917,4824,5093,8676,4145,4531,4957,2405,2552,1239,594,645,
24805,4959,2400,2559,8679,4224,4455,9917,4824,5093,8677,4145,4532,4957,2405,2552,1240,594,646,
24810,4961,2401,2560,8680,4225,4455,9920,4825,5095,8679,4147,4532,4959,2405,2554,1240,594,646,
24815,4962,2401,2561,8681,4226,4455,9921,4826,5095,8681,4149,4532,4960,2405,2555,1240,594,646,
24820,4963,2402,2561,8684,4229,4455,9925,4828,5097,8683,4150,4533,4961,2405,2556,1240,594,646,
24825,4963,2402,2561,8686,4229,4457,9925,4828,5097,8684,4150,4534,4961,2405,2556,1241,594,647,
24830,4965,2402,2563,8687,4230,4457,9928,4829,5099,8686,4151,4535,4963,2405,2558,1241,594,647,
24835,4966,2403,2563,8688,4230,4458,9929,4829,5100,8688,4151,4537,4964,2405,2559,1241,594,647,
24840,4967,2403,2564,8691,4231,4460,9933,4830,5103,8690,4151,4539,4965,2405,2560,1241,594,647,
24845,4967,2403,2564,8693,4231,4462,9933,4830,5103,8691,4151,4540,4965,2405,2560,1242,594,648,
24850,4969,2404,2565,8694,4231,4463,9936,4833,5103,8693,4153,4540,4967,2406,2561,1242,594,648,
24855,4970,2404,2566,8695,4231,4464,9937,4834,5103,8695,4154,4541,4968,2406,2562,1242,594,648,
24860,4971,2404,2567,8698,4234,4464,9941,4835,5106,8697,4156,4541,4969,2406,2563,1242,594,648,
24865,4971,2404,2567,8700,4236,4464,9941,4835,5106,8698,4156,4542,4969,2406,2563,1243,594,649,
24870,4973,2405,2568,8701,4237,4464,9944,4836,5108,8700,4157,4543,4971,2407,2564,1243,594,649,
24875,4974,2406,2568,8702,4237,4465,9945,4836,5109,8702,4157,4545,4972,2408,2564,1243,594,649,
24880,4975,2407,2568,8705,4238,4467,9949,4838,5111,8704,4157,4547,4973,2408,2565,1243,594,649,
24885,4975,2407,2568,8707,4239,4468,9949,4838,5111,8705,4158,4547,4973,2408,2565,1244,595,649,
24890,4977,2408,2569,8708,4240,4468,9952,4839,5113,8707,4159,4548,4975,2409,2566,1244,595,649,
24895,4978,2408,2570,8709,4241,4468,9953,4840,5113,8709,4160,4549,4976,2409,2567,1244,595,649,
24900,4979,2409,2570,8712,4242,4470,9957,4842,5115,8711,4161,4550,4977,2409,2568,1244,595,649,
24905,4979,2409,2570,8714,4243,4471,9957,4842,5115,8712,4161,4551,4977,2409,2568,1245,595,650,
24910,4981,2411,2570,8715,4243,4472,9960,4843,5117,8714,4162,4552,4979,2410,2569,1245,595,650,
24915,4982,2412,2570,8716,4244,4472,9961,4843,5118,8716,4163,4553,4980,2411,2569,1245,595,650,
24920,4983,2413,2570,8719,4245,4474,9965,4843,5122,8718,4163,4555,4981,2412,2569,1245,595,650,
24925,4983,2413,2570,8721,4246,4475,9965,4843,5122,8719,4164,4555,4981,2412,2569,1246,595,651,
24930,4985,2414,2571,8722,4246,4476,9968,4846,5122,8721,4166,4555,4983,2413,2570,1246,595,651,
24935,4986,2414,2572,8723,4247,4476,9969,4847,5122,8723,4166,4557,4984,2413,2571,1246,595,651,
24940,4987,2414,2573,8726,4249,4477,9973,4848,5125,8725,4167,4558,4985,2414,2571,1246,595,651,
24945,4987,2414,2573,8728,4249,4479,9973,4848,5125,8726,4167,4559,4985,2414,2571,1247,595,652,
24950,4989,2414,2575,8729,4250,4479,9976,4850,5126,8728,4168,4560,4987,2416,2571,1247,595,652,
24955,4990,2415,2575,8730,4250,4480,9977,4851,5126,8730,4170,4560,4988,2416,2572,1247,595,652,
24960,4991,2415,2576,8733,4251,4482,9981,4852,5129,8732,4170,4562,4989,2417,2572,1247,595,652,
24965,4991,2415,2576,8735,4253,4482,9981,4852,5129,8733,4170,4563,4989,2417,2572,1248,596,652,
24970,4993,2416,2577,8736,4253,4483,9984,4852,5132,8735,4170,4565,4991,2418,2573,1248,596,652,
24975,4994,2416,2578,8737,4254,4483,9985,4852,5133,8737,4170,4567,4992,2419,2573,1248,596,652,
24980,4995,2417,2578,8740,4255,4485,9989,4854,5135,8739,4170,4569,4993,2419,2574,1248,596,652,
24985,4995,2417,2578,8742,4256,4486,9989,4854,5135,8740,4170,4570,4993,2419,2574,1249,596,653,
24990,4997,2418,2579,8743,4256,4487,9992,4856,5136,8742,4172,4570,4995,2419,2576,1249,596,653,
24995,4998,2419,2579,8744,4256,4488,9993,4857,5136,8744,4174,4570,4996,2420,2576,1249,596,653,
25000,4999,2420,2579,8747,4258,4489,9997,4860,5137,8746,4175,4571,4997,2421,2576,1249,596,653,
25005,4999,2420,2579,8749,4258,4491,9997,4860,5137,8747,4176,4571,4997,2421,2576,1250,597,653,
25010,5001,2421,2580,8750,4258,4492,10000,4862,5138,8749,4178,4571,4999,2422,2577,1250,597,653,
25015,5002,2421,2581,8751,4259,4492,10001,4863,5138,8751,4179,4572,5000,2422,2578,1250,597,653,
25020,5003,2422,2581,8754,4262,4492,10005,4866,5139,8753,4180,4573,5001,2422,2579,1250,597,653,
25025,5003,2422,2581,8756,4263,4493,10005,4866,5139,8754,4181,4573,5001,2422,2579,1251,597,654,
25030,5005,2422,2583,8757,4264,4493,10008,4867,5141,8756,4182,4574,5003,2424,2579,1251,597,654,
25035,5006,2422,2584,8758,4265,4493,10009,4867,5142,8758,4182,4576,5004,2425,2579,1251,597,654,
25040,5007,2423,2584,8761,4265,4496,10013,4867,5146,8760,4183,4577,5005,2425,2580,1251,597,654,
25045,5007,2423,2584,8763,4266,4497,10013,4867,5146,8761,4183,4578,5005,2425,2580,1252,598,654,
25050,5009,2424,2585,8764,4266,4498,10016,4868,5148,8763,4184,4579,5007,2426,2581,1252,598,654,
25055,5010,2425,2585,8765,4266,4499,10017,4869,5148,8765,4185,4580,5008,2427,2581,1252,598,654,
25060,5011,2425,2586,8768,4267,4501,10021,4870,5151,8767,4187,4580,5009,2427,2582,1252,598,654,
25065,5011,2425,2586,8770,4269,4501,10021,4870,5151,8768,4188,4580,5009,2427,2582,1253,598,655,
25070,5013,2426,2587,8771,4269,4502,10024,4873,5151,8770,4189,4581,5011,2428,2583,1253,598,655,
25075,5014,2426,2588,8772,4270,4502,10025,4873,5152,8772,4190,4582,5012,2429,2583,1253,598,655,
25080,5015,2427,2588,8775,4271,4504,10029,4877,5152,8774,4192,4582,5013,2429,2584,1253,598,655,
25085,5015,2427,2588,8777,4272,4505,10029,4877,5152,8775,4192,4583,5013,2429,2584,1254,599,655,
25090,5017,2428,2589,8778,4273,4505,10032,4880,5152,8777,4194,4583,5015,2430,2585,1254,599,655,
25095,5018,2428,2590,8779,4273,4506,10033,4880,5153,8779,4196,4583,5016,2431,2585,1254,599,655,
25100,5019,2429,2590,8782,4275,4507,10037,4882,5155,8781,4197,4584,5017,2431,2586,1254,599,655,
25105,5019,2429,2590,8784,4276,4508,10037,4882,5155,8782,4198,4584,5017,2431,2586,1255,600,655,
25110,5021,2429,2592,8785,4277,4508,10040,4884,5156,8784,4200,4584,5019,2432,2587,1255,600,655,
25115,5022,2429,2593,8786,4277,4509,10041,4884,5157,8786,4200,4586,5020,2432,2588,1255,600,655,
25120,5023,2429,2594,8789,4277,4512,10045,4887,5158,8788,4202,4586,5021,2432,2589,1255,600,655,
25125,5023,2429,2594,8791,4278,4513,10045,4887,5158,8789,4202,4587,5021,2432,2589,1256,600,656,
25130,5025,2429,2596,8792,4278,4514,10048,4889,5159,8791,4204,4587,5023,2434,2589,1256,600,656,
25135,5026,2430,2596,8793,4279,4514,10049,4890,5159,8793,4204,4589,5024,2434,2590,1256,600,656,
25140,5027,2430,2597,8796,4282,4514,10053,4893,5160,8795,4205,4590,5025,2435,2590,1256,600,656,
25145,5027,2430,2597,8798,4283,4515,10053,4893,5160,8796,4205,4591,5025,2435,2590,1257,600,657,
25150,5029,2430,2599,8799,4284,4515,10056,4895,5161,8798,4206,4592,5027,2436,2591,1257,600,657,
25155,5030,2431,2599,8800,4285,4515,10057,4895,5162,8800,4208,4592,5028,2436,2592,1257,600,657,
25160,5031,2432,2599,8803,4285,4518,10061,4896,5165,8802,4209,4593,5029,2437,2592,1257,600,657,
25165,5031,2432,2599,8805,4286,4519,10061,4896,5165,8803,4209,4594,5029,2437,2592,1258,601,657,
25170,5033,2433,2600,8806,4286,4520,10064,4898,5166,8805,4211,4594,5031,2439,2592,1258,601,657,
25175,5034,2433,2601,8807,4286,4521,10065,4899,5166,8807,4212,4595,5032,2439,2593,1258,601,657,
25180,5035,2434,2601,8810,4286,4524,10069,4899,5170,8809,4212,4597,5033,2440,2593,1258,601,657,
25185,5035,2434,2601,8812,4288,4524,10069,4899,5170,8810,4213,4597,5033,2440,2593,1259,601,658,
25190,5037,2435,2602,8813,4289,4524,10072,4901,5171,8812,4215,4597,5035,2440,2595,1259,601,658,
25195,5038,2436,2602,8814,4290,4524,10073,4901,5172,8814,4217,4597,5036,2441,2595,1259,601,658,
25200,5039,2437,2602,8817,4292,4525,10077,4905,5172,8816,4218,4598,5037,2442,2595,1259,601,658,
25205,5039,2437,2602,8819,4293,4526,10077,4905,5172,8817,4218,4599,5037,2442,2595,1260,601,659,
25210,5041,2438,2603,8820,4293,4527,10080,4907,5173,8819,4218,4601,5039,2443,2596,1260,601,659,
25215,5042,2439,2603,8821,4293,4528,10081,4908,5173,8821,4218,4603,5040,2443,2597,1260,601,659,
25220,5043,2440,2603,8824,4294,4530,10085,4909,5176,8823,4220,4603,5041,2444,2597,1260,601,659,
25225,5043,2440,2603,8826,4295,4531,10085,4909,5176,8824,4221,4603,5041,2444,2597,1261,602,659,
25230,5045,2440,2605,8827,4296,4531,10088,4909,5179,8826,4223,4603,5043,2445,2598,1261,602,659,
25235,5046,2440,2606,8828,4296,4532,10089,4910,5179,8828,4225,4603,5044,2446,2598,1261,602,659,
25240,5047,2441,2606,8831,4296,4535,10093,4911,5182,8830,4226,4604,5045,2447,2598,1261,602,659,
25245,5047,2441,2606,8833,4296,4537,10093,4911,5182,8831,4227,4604,5045,2447,2598,1262,602,660,
25250,5049,2441,2608,8834,4296,4538,10096,4914,5182,8833,4228,4605,5047,2448,2599,1262,602,660,
25255,5050,2441,2609,8835,4296,4539,10097,4914,5183,8835,4230,4605,5048,2448,2600,1262,602,660,
25260,5051,2442,2609,8838,4298,4540,10101,4915,5186,8837,4232,4605,5049,2449,2600,1262,602,660,
25265,5051,2442,2609,8840,4299,4541,10101,4915,5186,8838,4232,4606,5049,2449,2600,1263,603,660,
25270,5053,2442,2611,8841,4299,4542,10104,4915,5189,8840,4233,4607,5051,2450,2601,1263,603,660,
25275,5054,2443,2611,8842,4300,4542,10105,4916,5189,8842,4235,4607,5052,2450,2602,1263,603,660,
25280,5055,2443,2612,8845,4301,4544,10109,4920,5189,8844,4235,4609,5053,2451,2602,1263,603,660,
25285,5055,2443,2612,8847,4302,4545,10109,4920,5189,8845,4235,4610,5053,2451,2602,1264,604,660,
25290,5057,2443,2614,8848,4303,4545,10112,4922,5190,8847,4236,4611,5055,2453,2602,1264,604,660,
25295,5058,2443,2615,8849,4304,4545,10113,4922,5191,8849,4238,4611,5056,2453,2603,1264,604,660,
25300,5059,2444,2615,8852,4306,4546,10117,4923,5194,8851,4240,4611,5057,2454,2603,1264,604,660,
25305,5059,2444,2615,8854,4307,4547,10117,4923,5194,8852,4241,4611,5057,2454,2603,1265,604,661,
25310,5061,2446,2615,8855,4308,4547,10120,4925,5195,8854,4241,4613,5059,2455,2604,1265,604,661,
25315,5062,2447,2615,8856,4309,4547,10121,4925,5196,8856,4242,4614,5060,2456,2604,1265,604,661,
25320,5063,2447,2616,8859,4311,4548,10125,4925,5200,8858,4244,4614,5061,2457,2604,1265,604,661,
25325,5063,2447,2616,8861,4312,4549,10125,4925,5200,8859,4244,4615,5061,2457,2604,1266,605,661,
25330,5065,2447,2618,8862,4313,4549,10128,4927,5201,8861,4244,4617,5063,2458,2605,1266,605,661,
25335,5066,2448,2618,8863,4314,4549,10129,4927,5202,8863,4244,4619,5064,2458,2606,1266,605,661,
25340,5067,2448,2619,8866,4314,4552,10133,4930,5203,8865,4245,4620,5065,2458,2607,1266,605,661,
25345,5067,2448,2619,8868,4314,4554,10133,4930,5203,8866,4245,4621,5065,2458,2607,1267,605,662,
25350,5069,2449,2620,8869,4315,4554,10136,4931,5205,8868,4247,4621,5067,2460,2607,1267,605,662,
25355,5070,2449,2621,8870,4315,4555,10137,4931,5206,8870,4248,4622,5068,2461,2607,1267,605,662,
25360,5071,2449,2622,8873,4317,4556,10141,4933,5208,8872,4249,4623,5069,2462,2607,1267,605,662,
25365,5071,2449,2622,8875,4319,4556,10141,4933,5208,8873,4250,4623,5069,2462,2607,1268,605,663,
25370,5073,2450,2623,8876,4320,4556,10144,4935,5209,8875,4250,4625,5071,2463,2608,1268,605,663,
25375,5074,2451,2623,8877,4320,4557,10145,4936,5209,8877,4250,4627,5072,2464,2608,1268,605,663,
25380,5075,2452,2623,8880,4323,4557,10149,4937,5212,8879,4252,4627,5073,2464,2609,1268,605,663,
25385,5075,2452,2623,8882,4324,4558,10149,4937,5212,8880,4253,4627,5073,2464,2609,1269,606,663,
25390,5077,2454,2623,8883,4325,4558,10152,4938,5214,8882,4253,4629,5075,2466,2609,1269,606,663,
25395,5078,2455,2623,8884,4325,4559,10153,4939,5214,8884,4254,4630,5076,2467,2609,1269,606,663,
25400,5079,2456,2623,8887,4327,4560,10157,4941,5216,8886,4256,4630,5077,2468,2609,1269,606,663,
25405,5079,2456,2623,8889,4329,4560,10157,4941,5216,8887,4257,4630,5077,2468,2609,1270,607,663,
25410,5081,2457,2624,8890,4329,4561,10160,4943,5217,8889,4258,4631,5079,2469,2610,1270,607,663,
25415,5082,2458,2624,8891,4330,4561,10161,4944,5217,8891,4258,4633,5080,2469,2611,1270,607,663,
25420,5083,2458,2625,8894,4331,4563,10165,4946,5219,8893,4258,4635,5081,2470,2611,1270,607,663,
25425,5083,2458,2625,8896,4332,4564,10165,4946,5219,8894,4259,4635,5081,2470,2611,1271,607,664,
25430,5085,2458,2627,8897,4332,4565,10168,4947,5221,8896,4260,4636,5083,2471,2612,1271,607,664,
25435,5086,2458,2628,8898,4333,4565,10169,4948,5221,8898,4261,4637,5084,2472,2612,1271,607,664,
25440,5087,2458,2629,8901,4334,4567,10173,4950,5223,8900,4262,4638,5085,2472,2613,1271,607,664,
25445,5087,2458,2629,8903,4335,4568,10173,4950,5223,8901,4263,4638,5085,2472,2613,1272,607,665,
25450,5089,2458,2631,8904,4336,4568,10176,4953,5223,8903,4264,4639,5087,2472,2615,1272,607,665,
25455,5090,2458,2632,8905,4336,4569,10177,4953,5224,8905,4265,4640,5088,2473,2615,1272,607,665,
25460,5091,2459,2632,8908,4338,4570,10181,4954,5227,8907,4265,4642,5089,2473,2616,1272,607,665,
25465,5091,2459,2632,8910,4340,4570,10181,4954,5227,8908,4265,4643,5089,2473,2616,1273,607,666,
25470,5093,2460,2633,8911,4341,4570,10184,4955,5229,8910,4266,4644,5091,2473,2618,1273,607,666,
25475,5094,2461,2633,8912,4342,4570,10185,4956,5229,8912,4268,4644,5092,2474,2618,1273,607,666,
25480,5095,2462,2633,8915,4344,4571,10189,4957,5232,8914,4269,4645,5093,2474,2619,1273,607,666,
25485,5095,2462,2633,8917,4344,4573,10189,4957,5232,8915,4270,4645,5093,2474,2619,1274,607,667,
25490,5097,2463,2634,8918,4345,4573,10192,4958,5234,8917,4272,4645,5095,2475,2620,1274,607,667,
25495,5098,2464,2634,8919,4346,4573,10193,4959,5234,8919,4274,4645,5096,2475,2621,1274,607,667,
25500,5099,2465,2634,8922,4348,4574,10197,4962,5235,8921,4275,4646,5097,2476,2621,1274,607,667,
25505,5099,2465,2634,8924,4348,4576,10197,4962,5235,8922,4276,4646,5097,2476,2621,1275,607,668,
25510,5101,2466,2635,8925,4348,4577,10200,4964,5236,8924,4276,4648,5099,2478,2621,1275,607,668,
25515,5102,2467,2635,8926,4349,4577,10201,4965,5236,8926,4277,4649,5100,2479,2621,1275,607,668,
25520,5103,2468,2635,8929,4351,4578,10205,4967,5238,8928,4277,4651,5101,2480,2621,1275,607,668,
25525,5103,2468,2635,8931,4351,4580,10205,4967,5238,8929,4278,4651,5101,2480,2621,1276,608,668,
25530,5105,2470,2635,8932,4351,4581,10208,4969,5239,8931,4278,4653,5103,2482,2621,1276,608,668,
25535,5106,2471,2635,8933,4352,4581,10209,4970,5239,8933,4279,4654,5104,2482,2622,1276,608,668,
25540,5107,2472,2635,8936,4353,4583,10213,4971,5242,8935,4279,4656,5105,2482,2623,1276,608,668,
25545,5107,2472,2635,8938,4354,4584,10213,4971,5242,8936,4279,4657,5105,2482,2623,1277,609,668,
25550,5109,2473,2636,8939,4354,4585,10216,4971,5245,8938,4280,4658,5107,2483,2624,1277,609,668,
25555,5110,2474,2636,8940,4354,4586,10217,4972,5245,8940,4280,4660,5108,2483,2625,1277,609,668,
25560,5111,2475,2636,8943,4355,4588,10221,4974,5247,8942,4281,4661,5109,2483,2626,1277,609,668,
25565,5111,2475,2636,8945,4357,4588,10221,4974,5247,8943,4281,4662,5109,2483,2626,1278,609,669,
25570,5113,2476,2637,8946,4358,4588,10224,4976,5248,8945,4283,4662,5111,2484,2627,1278,609,669,
25575,5114,2477,2637,8947,4358,4589,10225,4977,5248,8947,4285,4662,5112,2485,2627,1278,609,669,
25580,5115,2478,2637,8950,4358,4592,10229,4977,5252,8949,4286,4663,5113,2486,2627,1278,609,669,
25585,5115,2478,2637,8952,4360,4592,10229,4977,5252,8950,4286,4664,5113,2486,2627,1279,609,670,
25590,5117,2479,2638,8953,4360,4593,10232,4980,5252,8952,4288,4664,5115,2487,2628,1279,609,670,
25595,5118,2480,2638,8954,4360,4594,10233,4980,5253,8954,4289,4665,5116,2488,2628,1279,609,670,
25600,5119,2480,2639,8957,4362,4595,10237,4982,5255,8956,4291,4665,5117,2489,2628,1279,609,670,
25605,5119,2480,2639,8959,4363,4596,10237,4982,5255,8957,4291,4666,5117,2489,2628,1280,610,670,
25610,5121,2481,2640,8960,4363,4597,10240,4983,5257,8959,4291,4668,5119,2489,2630,1280,610,670,
25615,5122,2481,2641,8961,4364,4597,10241,4983,5258,8961,4293,4668,5120,2490,2630,1280,610,670,
25620,5123,2481,2642,8964,4366,4598,10245,4986,5259,8963,4294,4669,5121,2490,2631,1280,610,670,
25625,5123,2481,2642,8966,4367,4599,10245,4986,5259,8964,4294,4670,5121,2490,2631,1281,611,670,
25630,5125,2483,2642,8967,4368,4599,10248,4987,5261,8966,4295,4671,5123,2491,2632,1281,611,670,
25635,5126,2484,2642,8968,4369,4599,10249,4987,5262,8968,4295,4673,5124,2491,2633,1281,611,670,
25640,5127,2484,2643,8971,4372,4599,10253,4989,5264,8970,4295,4675,5125,2492,2633,1281,611,670,
25645,5127,2484,2643,8973,4373,4600,10253,4989,5264,8971,4296,4675,5125,2492,2633,1282,612,670,
25650,5129,2485,2644,8974,4373,4601,10256,4991,5265,8973,4297,4676,5127,2494,2633,1282,612,670,
25655,5130,2485,2645,8975,4374,4601,10257,4991,5266,8975,4299,4676,5128,2494,2634,1282,612,670,
25660,5131,2485,2646,8978,4374,4604,10261,4993,5268,8977,4301,4676,5129,2494,2635,1282,612,670,
25665,5131,2485,2646,8980,4374,4606,10261,4993,5268,8978,4301,4677,5129,2494,2635,1283,613,670,
25670,5133,2486,2647,8981,4374,4607,10264,4995,5269,8980,4301,4679,5131,2494,2637,1283,613,670,
25675,5134,2487,2647,8982,4374,4608,10265,4995,5270,8982,4302,4680,5132,2494,2638,1283,613,670,
25680,5135,2488,2647,8985,4375,4610,10269,4995,5274,8984,4302,4682,5133,2494,2639,1283,613,670,
25685,5135,2488,2647,8987,4376,4611,10269,4995,5274,8985,4302,4683,5133,2494,2639,1284,613,671,
25690,5137,2489,2648,8988,4377,4611,10272,4997,5275,8987,4304,4683,5135,2495,2640,1284,613,671,
25695,5138,2489,2649,8989,4377,4612,10273,4998,5275,8989,4304,4685,5136,2496,2640,1284,613,671,
25700,5139,2490,2649,8992,4378,4614,10277,5002,5275,8991,4306,4685,5137,2497,2640,1284,613,671,
25705,5139,2490,2649,8994,4378,4616,10277,5002,5275,8992,4306,4686,5137,2497,2640,1285,614,671,
25710,5141,2491,2650,8995,4379,4616,10280,5005,5275,8994,4307,4687,5139,2499,2640,1285,614,671,
25715,5142,2491,2651,8996,4379,4617,10281,5006,5275,8996,4308,4688,5140,2499,2641,1285,614,671,
25720,5143,2491,2652,8999,4381,4618,10285,5006,5279,8998,4309,4689,5141,2499,2642,1285,614,671,
25725,5143,2491,2652,9001,4382,4619,10285,5006,5279,8999,4310,4689,5141,2499,2642,1286,614,672,
25730,5145,2492,2653,9002,4382,4620,10288,5009,5279,9001,4311,4690,5143,2499,2644,1286,614,672,
25735,5146,2492,2654,9003,4382,4621,10289,5009,5280,9003,4311,4692,5144,2499,2645,1286,614,672,
25740,5147,2493,2654,9006,4382,4624,10293,5011,5282,9005,4312,4693,5145,2499,2646,1286,614,672,
25745,5147,2493,2654,9008,4383,4625,10293,5011,5282,9006,4313,4693,5145,2499,2646,1287,615,672,
25750,5149,2494,2655,9009,4384,4625,10296,5013,5283,9008,4313,4695,5147,2501,2646,1287,615,672,
25755,5150,2495,2655,9010,4385,4625,10297,5014,5283,9010,4315,4695,5148,2501,2647,1287,615,672,
25760,5151,2495,2656,9013,4385,4628,10301,5015,5286,9012,4316,4696,5149,2501,2648,1287,615,672,
25765,5151,2495,2656,9015,4386,4629,10301,5015,5286,9013,4317,4696,5149,2501,2648,1288,615,673,
25770,5153,2496,2657,9016,4386,4630,10304,5017,5287,9015,4317,4698,5151,2501,2650,1288,615,673,
25775,5154,2497,2657,9017,4387,4630,10305,5017,5288,9017,4317,4700,5152,2502,2650,1288,615,673,
25780,5155,2497,2658,9020,4388,4632,10309,5018,5291,9019,4318,4701,5153,2502,2651,1288,615,673,
25785,5155,2497,2658,9022,4390,4632,10309,5018,5291,9020,4318,4702,5153,2502,2651,1289,615,674,
25790,5157,2498,2659,9023,4390,4633,10312,5018,5294,9022,4320,4702,5155,2502,2653,1289,615,674,
25795,5158,2498,2660,9024,4390,4634,10313,5019,5294,9024,4321,4703,5156,2503,2653,1289,615,674,
25800,5159,2498,2661,9027,4390,4637,10317,5022,5295,9026,4322,4704,5157,2503,2654,1289,615,674,
25805,5159,2498,2661,9029,4391,4638,10317,5022,5295,9027,4322,4705,5157,2503,2654,1290,616,674,
25810,5161,2499,2662,9030,4391,4639,10320,5022,5298,9029,4323,4706,5159,2503,2656,1290,616,674,
25815,5162,2500,2662,9031,4392,4639,10321,5022,5299,9031,4324,4707,5160,2503,2657,1290,616,674,
25820,5163,2500,2663,9034,4393,4641,10325,5024,5301,9033,4324,4709,5161,2504,2657,1290,616,674,
25825,5163,2500,2663,9036,4394,4642,10325,5024,5301,9034,4325,4709,5161,2504,2657,1291,616,675,
25830,5165,2500,2665,9037,4394,4643,10328,5027,5301,9036,4326,4710,5163,2505,2658,1291,616,675,
25835,5166,2500,2666,9038,4395,4643,10329,5027,5302,9038,4326,4712,5164,2505,2659,1291,616,675,
25840,5167,2501,2666,9041,4396,4645,10333,5028,5305,9040,4328,4712,5165,2506,2659,1291,616,675,
25845,5167,2501,2666,9043,4398,4645,10333,5028,5305,9041,4329,4712,5165,2506,2659,1292,616,676,
25850,5169,2503,2666,9044,4399,4645,10336,5030,5306,9043,4330,4713,5167,2507,2660,1292,616,676,
25855,5170,2504,2666,9045,4400,4645,10337,5031,5306,9045,4332,4713,5168,2508,2660,1292,616,676,
25860,5171,2505,2666,9048,4402,4646,10341,5033,5308,9047,4334,4713,5169,2509,2660,1292,616,676,
25865,5171,2505,2666,9050,4403,4647,10341,5033,5308,9048,4335,4713,5169,2509,2660,1293,617,676,
25870,5173,2506,2667,9051,4404,4647,10344,5035,5309,9050,4335,4715,5171,2509,2662,1293,617,676,
25875,5174,2506,2668,9052,4404,4648,10345,5035,5310,9052,4336,4716,5172,2509,2663,1293,617,676,
25880,5175,2506,2669,9055,4404,4651,10349,5035,5314,9054,4337,4717,5173,2510,2663,1293,617,676,
25885,5175,2506,2669,9057,4404,4653,10349,5035,5314,9055,4338,4717,5173,2510,2663,1294,618,676,
25890,5177,2506,2671,9058,4405,4653,10352,5036,5316,9057,4339,4718,5175,2511,2664,1294,618,676,
25895,5178,2506,2672,9059,4406,4653,10353,5036,5317,9059,4340,4719,5176,2512,2664,1294,618,676,
25900,5179,2506,2673,9062,4408,4654,10357,5038,5319,9061,4342,4719,5177,2513,2664,1294,618,676,
25905,5179,2506,2673,9064,4410,4654,10357,5038,5319,9062,4343,4719,5177,2513,2664,1295,618,677,
25910,5181,2507,2674,9065,4411,4654,10360,5038,5322,9064,4345,4719,5179,2514,2665,1295,618,677,
25915,5182,2507,2675,9066,4412,4654,10361,5039,5322,9066,4345,4721,5180,2514,2666,1295,618,677,
25920,5183,2508,2675,9069,4413,4656,10365,5041,5324,9068,4347,4721,5181,2514,2667,1295,618,677,
25925,5183,2508,2675,9071,4413,4658,10365,5041,5324,9069,4348,4721,5181,2514,2667,1296,618,678,
25930,5185,2508,2677,9072,4414,4658,10368,5042,5326,9071,4349,4722,5183,2515,2668,1296,618,678,
25935,5186,2508,2678,9073,4415,4658,10369,5042,5327,9073,4350,4723,5184,2516,2668,1296,618,678,
25940,5187,2509,2678,9076,4417,4659,10373,5044,5329,9075,4352,4723,5185,2516,2669,1296,618,678,
25945,5187,2509,2678,9078,4417,4661,10373,5044,5329,9076,4352,4724,5185,2516,2669,1297,618,679,
25950,5189,2511,2678,9079,4417,4662,10376,5045,5331,9078,4352,4726,5187,2516,2671,1297,618,679,
25955,5190,2512,2678,9080,4418,4662,10377,5045,5332,9080,4352,4728,5188,2517,2671,1297,618,679,
25960,5191,2512,2679,9083,4419,4664,10381,5045,5336,9082,4353,4729,5189,2517,2672,1297,618,679,
25965,5191,2512,2679,9085,4421,4664,10381,5045,5336,9083,4354,4729,5189,2517,2672,1298,618,680,
25970,5193,2512,2681,9086,4421,4665,10384,5046,5338,9085,4354,4731,5191,2519,2672,1298,618,680,
25975,5194,2512,2682,9087,4422,4665,10385,5047,5338,9087,4356,4731,5192,2519,2673,1298,618,680,
25980,5195,2513,2682,9090,4423,4667,10389,5050,5339,9089,4358,4731,5193,2519,2674,1298,618,680,
25985,5195,2513,2682,9092,4424,4668,10389,5050,5339,9090,4358,4732,5193,2519,2674,1299,618,681,
25990,5197,2513,2684,9093,4424,4669,10392,5052,5340,9092,4360,4732,5195,2520,2675,1299,618,681,
25995,5198,2513,2685,9094,4425,4669,10393,5052,5341,9094,4361,4733,5196,2521,2675,1299,618,681,
26000,5199,2513,2686,9097,4425,4672,10397,5055,5342,9096,4362,4734,5197,2521,2676,1299,618,681,
26005,5199,2513,2686,9099,4426,4673,10397,5055,5342,9097,4362,4735,5197,2521,2676,1300,619,681,
26010,5201,2514,2687,9100,4427,4673,10400,5056,5344,9099,4362,4737,5199,2521,2678,1300,619,681,
26015,5202,2515,2687,9101,4427,4674,10401,5057,5344,9101,4364,4737,5200,2522,2678,1300,619,681,
26020,5203,2516,2687,9104,4429,4675,10405,5060,5345,9103,4365,4738,5201,2522,2679,1300,619,681,
26025,5203,2516,2687,9106,4430,4676,10405,5060,5345,9104,4365,4739,5201,2522,2679,1301,619,682,
26030,5205,2517,2688,9107,4431,4676,10408,5061,5347,9106,4365,4741,5203,2524,2679,1301,619,682,
26035,5206,2517,2689,9108,4432,4676,10409,5061,5348,9108,4365,4743,5204,2525,2679,1301,619,682,
26040,5207,2517,2690,9111,4434,4677,10413,5063,5350,9110,4366,4744,5205,2525,2680,1301,619,682,
26045,5207,2517,2690,9113,4436,4677,10413,5063,5350,9111,4367,4744,5205,2525,2680,1302,620,682,
26050,5209,2519,2690,9114,4437,4677,10416,5064,5352,9113,4369,4744,5207,2526,2681,1302,620,682,
26055,5210,2519,2691,9115,4438,4677,10417,5064,5353,9115,4369,4746,5208,2527,2681,1302,620,682,
26060,5211,2519,2692,9118,4438,4680,10421,5064,5357,9117,4370,4747,5209,2527,2682,1302,620,682,
26065,5211,2519,2692,9120,4438,4682,10421,5064,5357,9118,4370,4748,5209,2527,2682,1303,620,683,
26070,5213,2521,2692,9121,4438,4683,10424,5066,5358,9120,4372,4748,5211,2527,2684,1303,620,683,
26075,5214,2522,2692,9122,4438,4684,10425,5066,5359,9122,4373,4749,5212,2528,2684,1303,620,683,
26080,5215,2522,2693,9125,4441,4684,10429,5067,5362,9124,4374,4750,5213,2529,2684,1303,620,683,
26085,5215,2522,2693,9127,4441,4686,10429,5067,5362,9125,4375,4750,5213,2529,2684,1304,620,684,
26090,5217,2523,2694,9128,4441,4687,10432,5067,5365,9127,4377,4750,5215,2529,2686,1304,620,684,
26095,5218,2524,2694,9129,4441,4688,10433,5067,5366,9129,4379,4750,5216,2529,2687,1304,620,684,
26100,5219,2524,2695,9132,4443,4689,10437,5067,5370,9131,4380,4751,5217,2529,2688,1304,620,684,
26105,5219,2524,2695,9134,4444,4690,10437,5067,5370,9132,4380,4752,5217,2529,2688,1305,620,685,
26110,5221,2526,2695,9135,4445,4690,10440,5068,5372,9134,4380,4754,5219,2531,2688,1305,620,685,
26115,5222,2526,2696,9136,4445,4691,10441,5069,5372,9136,4382,4754,5220,2531,2689,1305,620,685,
26120,5223,2527,2696,9139,4447,4692,10445,5072,5373,9138,4384,4754,5221,2532,2689,1305,620,685,
26125,5223,2527,2696,9141,4448,4693,10445,5072,5373,9139,4384,4755,5221,2532,2689,1306,620,686,
26130,5225,2528,2697,9142,4448,4694,10448,5073,5375,9141,4385,4756,5223,2533,2690,1306,620,686,
26135,5226,2529,2697,9143,4449,4694,10449,5074,5375,9143,4386,4757,5224,2534,2690,1306,620,686,
26140,5227,2529,2698,9146,4451,4695,10453,5076,5377,9145,4388,4757,5225,2534,2691,1306,620,686,
26145,5227,2529,2698,9148,4451,4697,10453,5076,5377,9146,4388,4758,5225,2534,2691,1307,620,687,
26150,5229,2531,2698,9149,4451,4698,10456,5077,5379,9148,4389,4759,5227,2535,2692,1307,620,687,
26155,5230,2532,2698,9150,4451,4699,10457,5077,5380,9150,4389,4761,5228,2536,2692,1307,620,687,
26160,5231,2532,2699,9153,4452,4701,10461,5078,5383,9152,4391,4761,5229,2536,2693,1307,620,687,
26165,5231,2532,2699,9155,4452,4703,10461,5078,5383,9153,4392,4761,5229,2536,2693,1308,620,688,
26170,5233,2532,2701,9156,4452,4704,10464,5079,5385,9155,4392,4763,5231,2536,2695,1308,620,688,
26175,5234,2533,2701,9157,4453,4704,10465,5079,5386,9157,4393,4764,5232,2537,2695,1308,620,688,
26180,5235,2533,2702,9160,4454,4706,10469,5080,5389,9159,4395,4764,5233,2537,2696,1308,620,688,
26185,5235,2533,2702,9162,4456,4706,10469,5080,5389,9160,4395,4765,5233,2537,2696,1309,620,689,
26190,5237,2535,2702,9163,4457,4706,10472,5081,5391,9162,4397,4765,5235,2538,2697,1309,620,689,
26195,5238,2535,2703,9164,4457,4707,10473,5082,5391,9164,4398,4766,5236,2539,2697,1309,620,689,
26200,5239,2536,2703,9167,4457,4710,10477,5084,5393,9166,4399,4767,5237,2539,2698,1309,620,689,
26205,5239,2536,2703,9169,4458,4711,10477,5084,5393,9167,4400,4767,5237,2539,2698,1310,620,690,
26210,5241,2537,2704,9170,4458,4712,10480,5087,5393,9169,4401,4768,5239,2539,2700,1310,620,690,
26215,5242,2537,2705,9171,4459,4712,10481,5088,5393,9171,4401,4770,5240,2539,2701,1310,620,690,
26220,5243,2537,2706,9174,4462,4712,10485,5090,5395,9173,4402,4771,5241,2539,2702,1310,620,690,
26225,5243,2537,2706,9176,4464,4712,10485,5090,5395,9174,4403,4771,5241,2539,2702,1311,620,691,
26230,5245,2537,2708,9177,4465,4712,10488,5090,5398,9176,4403,4773,5243,2540,2703,1311,620,691,
26235,5246,2537,2709,9178,4465,4713,10489,5090,5399,9178,4405,4773,5244,2540,2704,1311,620,691,
26240,5247,2538,2709,9181,4467,4714,10493,5092,5401,9180,4407,4773,5245,2540,2705,1311,620,691,
26245,5247,2538,2709,9183,4467,4716,10493,5092,5401,9181,4407,4774,5245,2540,2705,1312,620,692,
26250,5249,2538,2711,9184,4467,4717,10496,5093,5403,9183,4408,4775,5247,2541,2706,1312,620,692,
26255,5250,2538,2712,9185,4467,4718,10497,5094,5403,9185,4409,4776,5248,2541,2707,1312,620,692,
26260,5251,2538,2713,9188,4468,4720,10501,5095,5406,9187,4410,4777,5249,2541,2708,1312,620,692,
26265,5251,2538,2713,9190,4469,4721,10501,5095,5406,9188,4411,4777,5249,2541,2708,1313,621,692,
26270,5253,2538,2715,9191,4470,4721,10504,5096,5408,9190,4413,4777,5251,2541,2710,1313,621,692,
26275,5254,2539,2715,9192,4470,4722,10505,5096,5409,9192,4414,4778,5252,2541,2711,1313,621,692,
26280,5255,2539,2716,9195,4470,4725,10509,5097,5412,9194,4414,4780,5253,2542,2711,1313,621,692,
26285,5255,2539,2716,9197,4472,4725,10509,5097,5412,9195,4415,4780,5253,2542,2711,1314,621,693,
26290,5257,2539,2718,9198,4472,4726,10512,5099,5413,9197,4417,4780,5255,2543,2712,1314,621,693,
26295,5258,2539,2719,9199,4473,4726,10513,5099,5414,9199,4418,4781,5256,2543,2713,1314,621,693,
26300,5259,2540,2719,9202,4476,4726,10517,5099,5418,9201,4419,4782,5257,2544,2713,1314,621,693,
26305,5259,2540,2719,9204,4476,4728,10517,5099,5418,9202,4419,4783,5257,2544,2713,1315,622,693,
26310,5261,2542,2719,9205,4476,4729,10520,5101,5419,9204,4419,4785,5259,2545,2714,1315,622,693,
26315,5262,2542,2720,9206,4477,4729,10521,5101,5420,9206,4420,4786,5260,2546,2714,1315,622,693,
26320,5263,2543,2720,9209,4479,4730,10525,5104,5421,9208,4420,4788,5261,2546,2715,1315,622,693,
26325,5263,2543,2720,9211,4480,4731,10525,5104,5421,9209,4421,4788,5261,2546,2715,1316,622,694,
26330,5265,2544,2721,9212,4481,4731,10528,5107,5421,9211,4423,4788,5263,2548,2715,1316,622,694,
26335,5266,2544,2722,9213,4481,4732,10529,5108,5421,9213,4424,4789,5264,2548,2716,1316,622,694,
26340,5267,2544,2723,9216,4483,4733,10533,5108,5425,9215,4425,4790,5265,2548,2717,1316,622,694,
26345,5267,2544,2723,9218,4484,4734,10533,5108,5425,9216,4426,4790,5265,2548,2717,1317,622,695,
26350,5269,2545,2724,9219,4485,4734,10536,5109,5427,9218,4427,4791,5267,2548,2719,1317,622,695,
26355,5270,2545,2725,9220,4485,4735,10537,5109,5428,9220,4428,4792,5268,2548,2720,1317,622,695,
26360,5271,2546,2725,9223,4486,4737,10541,5111,5430,9222,4429,4793,5269,2548,2721,1317,622,695,
26365,5271,2546,2725,9225,4488,4737,10541,5111,5430,9223,4430,4793,5269,2548,2721,1318,623,695,
26370,5273,2546,2727,9226,4489,4737,10544,5114,5430,9225,4432,4793,5271,2548,2723,1318,623,695,
26375,5274,2547,2727,9227,4490,4737,10545,5114,5431,9227,4434,4793,5272,2549,2723,1318,623,695,
26380,5275,2547,2728,9230,4490,4740,10549,5116,5433,9229,4435,4794,5273,2550,2723,1318,623,695,
26385,5275,2547,2728,9232,4491,4741,10549,5116,5433,9230,4436,4794,5273,2550,2723,1319,623,696,
26390,5277,2548,2729,9233,4492,4741,10552,5117,5435,9232,4436,4796,5275,2552,2723,1319,623,696,
26395,5278,2548,2730,9234,4493,4741,10553,5118,5435,9234,4438,4796,5276,2552,2724,1319,623,696,
26400,5279,2548,2731,9237,4494,4743,10557,5120,5437,9236,4438,4798,5277,2553,2724,1319,623,696,
26405,5279,2548,2731,9239,4495,4744,10557,5120,5437,9237,4439,4798,5277,2553,2724,1320,623,697,
26410,5281,2550,2731,9240,4495,4745,10560,5122,5438,9239,4440,4799,5279,2554,2725,1320,623,697,
26415,5282,2550,2732,9241,4496,4745,10561,5122,5439,9241,4442,4799,5280,2555,2725,1320,623,697,
26420,5283,2550,2733,9244,4497,4747,10565,5124,5441,9243,4442,4801,5281,2556,2725,1320,623,697,
26425,5283,2550,2733,9246,4499,4747,10565,5124,5441,9244,4443,4801,5281,2556,2725,1321,624,697,
26430,5285,2551,2734,9247,4500,4747,10568,5125,5443,9246,4444,4802,5283,2558,2725,1321,624,697,
26435,5286,2551,2735,9248,4500,4748,10569,5126,5443,9248,4444,4804,5284,2559,2725,1321,624,697,
26440,5287,2551,2736,9251,4501,4750,10573,5126,5447,9250,4445,4805,5285,2560,2725,1321,624,697,
26445,5287,2551,2736,9253,4502,4751,10573,5126,5447,9251,4445,4806,5285,2560,2725,1322,624,698,
26450,5289,2552,2737,9254,4502,4752,10576,5126,5450,9253,4446,4807,5287,2562,2725,1322,624,698,
26455,5290,2552,2738,9255,4503,4752,10577,5126,5451,9255,4447,4808,5288,2563,2725,1322,624,698,
26460,5291,2553,2738,9258,4506,4752,10581,5126,5455,9257,4449,4808,5289,2564,2725,1322,624,698,
26465,5291,2553,2738,9260,4507,4753,10581,5126,5455,9258,4449,4809,5289,2564,2725,1323,625,698,
26470,5293,2554,2739,9261,4507,4754,10584,5127,5457,9260,4450,4810,5291,2566,2725,1323,625,698,
26475,5294,2554,2740,9262,4508,4754,10585,5127,5458,9262,4451,4811,5292,2566,2726,1323,625,698,
26480,5295,2554,2741,9265,4511,4754,10589,5130,5459,9264,4452,4812,5293,2567,2726,1323,625,698,
26485,5295,2554,2741,9267,4513,4754,10589,5130,5459,9265,4452,4813,5293,2567,2726,1324,626,698,
26490,5297,2556,2741,9268,4514,4754,10592,5131,5461,9267,4454,4813,5295,2568,2727,1324,626,698,
26495,5298,2556,2742,9269,4515,4754,10593,5132,5461,9269,4455,4814,5296,2568,2728,1324,626,698,
26500,5299,2557,2742,9272,4517,4755,10597,5134,5463,9271,4456,4815,5297,2569,2728,1324,626,698,
26505,5299,2557,2742,9274,4519,4755,10597,5134,5463,9272,4457,4815,5297,2569,2728,1325,627,698,
26510,5301,2558,2743,9275,4520,4755,10600,5135,5465,9274,4458,4816,5299,2569,2730,1325,627,698,
26515,5302,2559,2743,9276,4521,4755,10601,5136,5465,9276,4458,4818,5300,2569,2731,1325,627,698,
26520,5303,2560,2743,9279,4523,4756,10605,5138,5467,9278,4459,4819,5301,2570,2731,1325,627,698,
26525,5303,2560,2743,9281,4524,4757,10605,5138,5467,9279,4460,4819,5301,2570,2731,1326,628,698,
26530,5305,2561,2744,9282,4524,4758,10608,5139,5469,9281,4460,4821,5303,2571,2732,1326,628,698,
26535,5306,2561,2745,9283,4524,4759,10609,5140,5469,9283,4461,4822,5304,2572,2732,1326,628,698,
26540,5307,2562,2745,9286,4527,4759,10613,5142,5471,9285,4462,4823,5305,2573,2732,1326,628,698,
26545,5307,2562,2745,9288,4529,4759,10613,5142,5471,9286,4462,4824,5305,2573,2732,1327,629,698,
26550,5309,2563,2746,9289,4529,4760,10616,5144,5472,9288,4464,4824,5307,2573,2734,1327,629,698,
26555,5310,2563,2747,9290,4529,4761,10617,5145,5472,9290,4465,4825,5308,2574,2734,1327,629,698,
26560,5311,2564,2747,9293,4532,4761,10621,5147,5474,9292,4465,4827,5309,2574,2735,1327,629,698,
26565,5311,2564,2747,9295,4533,4762,10621,5147,5474,9293,4465,4828,5309,2574,2735,1328,629,699,
26570,5313,2565,2748,9296,4534,4762,10624,5149,5475,9295,4466,4829,5311,2575,2736,1328,629,699,
26575,5314,2566,2748,9297,4535,4762,10625,5150,5475,9297,4467,4830,5312,2576,2736,1328,629,699,
26580,5315,2567,2748,9300,4537,4763,10629,5154,5475,9299,4468,4831,5313,2577,2736,1328,629,699,
26585,5315,2567,2748,9302,4538,4764,10629,5154,5475,9300,4469,4831,5313,2577,2736,1329,630,699,
26590,5317,2569,2748,9303,4539,4764,10632,5156,5476,9302,4470,4832,5315,2579,2736,1329,630,699,
26595,5318,2569,2749,9304,4539,4765,10633,5157,5476,9304,4470,4834,5316,2579,2737,1329,630,699,
26600,5319,2570,2749,9307,4540,4767,10637,5158,5479,9306,4471,4835,5317,2579,2738,1329,630,699,
26605,5319,2570,2749,9309,4542,4767,10637,5158,5479,9307,4471,4836,5317,2579,2738,1330,631,699,
26610,5321,2571,2750,9310,4543,4767,10640,5158,5482,9309,4473,4836,5319,2580,2739,1330,631,699,
26615,5322,2572,2750,9311,4543,4768,10641,5159,5482,9311,4474,4837,5320,2581,2739,1330,631,699,
26620,5323,2573,2750,9314,4543,4771,10645,5160,5485,9313,4474,4839,5321,2582,2739,1330,631,699,
26625,5323,2573,2750,9316,4544,4772,10645,5160,5485,9314,4474,4840,5321,2582,2739,1331,631,700,
26630,5325,2575,2750,9317,4545,4772,10648,5161,5487,9316,4475,4841,5323,2583,2740,1331,631,700,
26635,5326,2576,2750,9318,4546,4772,10649,5161,5488,9318,4476,4842,5324,2583,2741,1331,631,700,
26640,5327,2576,2751,9321,4547,4774,10653,5164,5489,9320,4477,4843,5325,2584,2741,1331,631,700,
26645,5327,2576,2751,9323,4548,4775,10653,5164,5489,9321,4477,4844,5325,2584,2741,1332,631,701,
26650,5329,2577,2752,9324,4549,4775,10656,5167,5489,9323,4479,4844,5327,2584,2743,1332,631,701,
26655,5330,2578,2752,9325,4549,4776,10657,5168,5489,9325,4479,4846,5328,2584,2744,1332,631,701,
26660,5331,2578,2753,9328,4550,4778,10661,5169,5492,9327,4481,4846,5329,2584,2745,1332,631,701,
26665,5331,2578,2753,9330,4551,4779,10661,5169,5492,9328,4481,4847,5329,2584,2745,1333,632,701,
26670,5333,2579,2754,9331,4551,4780,10664,5171,5493,9330,4481,4849,5331,2584,2747,1333,632,701,
26675,5334,2579,2755,9332,4552,4780,10665,5172,5493,9332,4481,4851,5332,2584,2748,1333,632,701,
26680,5335,2580,2755,9335,4555,4780,10669,5175,5494,9334,4482,4852,5333,2585,2748,1333,632,701,
26685,5335,2580,2755,9337,4555,4782,10669,5175,5494,9335,4483,4852,5333,2585,2748,1334,633,701,
26690,5337,2581,2756,9338,4555,4783,10672,5175,5497,9337,4484,4853,5335,2587,2748,1334,633,701,
26695,5338,2582,2756,9339,4555,4784,10673,5176,5497,9339,4485,4854,5336,2587,2749,1334,633,701,
26700,5339,2583,2756,9342,4556,4786,10677,5178,5499,9341,4486,4855,5337,2588,2749,1334,633,701,
26705,5339,2583,2756,9344,4556,4788,10677,5178,5499,9342,4487,4855,5337,2588,2749,1335,634,701,
26710,5341,2583,2758,9345,4557,4788,10680,5181,5499,9344,4488,4856,5339,2589,2750,1335,634,701,
26715,5342,2583,2759,9346,4557,4789,10681,5181,5500,9346,4489,4857,5340,2589,2751,1335,634,701,
26720,5343,2584,2759,9349,4558,4791,10685,5182,5503,9348,4489,4859,5341,2589,2752,1335,634,701,
26725,5343,2584,2759,9351,4559,4792,10685,5182,5503,9349,4489,4860,5341,2589,2752,1336,634,702,
26730,5345,2585,2760,9352,4559,4793,10688,5183,5505,9351,4489,4862,5343,2590,2753,1336,634,702,
26735,5346,2586,2760,9353,4560,4793,10689,5184,5505,9353,4490,4863,5344,2591,2753,1336,634,702,
26740,5347,2586,2761,9356,4562,4794,10693,5185,5508,9355,4490,4865,5345,2591,2754,1336,634,702,
26745,5347,2586,2761,9358,4563,4795,10693,5185,5508,9356,4491,4865,5345,2591,2754,1337,634,703,
26750,5349,2586,2763,9359,4563,4796,10696,5186,5510,9358,4491,4867,5347,2592,2755,1337,634,703,
26755,5350,2587,2763,9360,4563,4797,10697,5187,5510,9360,4492,4868,5348,2593,2755,1337,634,703,
26760,5351,2587,2764,9363,4563,4800,10701,5189,5512,9362,4492,4870,5349,2593,2756,1337,634,703,
26765,5351,2587,2764,9365,4563,4802,10701,5189,5512,9363,4492,4871,5349,2593,2756,1338,634,704,
26770,5353,2587,2766,9366,4563,4803,10704,5190,5514,9365,4493,4872,5351,2594,2757,1338,634,704,
26775,5354,2587,2767,9367,4564,4803,10705,5191,5514,9367,4494,4873,5352,2594,2758,1338,634,704,
26780,5355,2588,2767,9370,4565,4805,10709,5192,5517,9369,4494,4875,5353,2594,2759,1338,634,704,
26785,5355,2588,2767,9372,4567,4805,10709,5192,5517,9370,4494,4876,5353,2594,2759,1339,635,704,
26790,5357,2588,2769,9373,4568,4805,10712,5194,5518,9372,4496,4876,5355,2595,2760,1339,635,704,
26795,5358,2588,2770,9374,4568,4806,10713,5195,5518,9374,4497,4877,5356,2595,2761,1339,635,704,
26800,5359,2588,2771,9377,4571,4806,10717,5196,5521,9376,4499,4877,5357,2595,2762,1339,635,704,
26805,5359,2588,2771,9379,4572,4807,10717,5196,5521,9377,4499,4878,5357,2595,2762,1340,636,704,
26810,5361,2588,2773,9380,4572,4808,10720,5198,5522,9379,4501,4878,5359,2596,2763,1340,636,704,
26815,5362,2589,2773,9381,4573,4808,10721,5198,5523,9381,4502,4879,5360,2596,2764,1340,636,704,
26820,5363,2590,2773,9384,4573,4811,10725,5200,5525,9383,4503,4880,5361,2597,2764,1340,636,704,
26825,5363,2590,2773,9386,4574,4812,10725,5200,5525,9384,4504,4880,5361,2597,2764,1341,637,704,
26830,5365,2592,2773,9387,4574,4813,10728,5201,5527,9386,4506,4880,5363,2597,2766,1341,637,704,
26835,5366,2593,2773,9388,4574,4814,10729,5201,5528,9388,4507,4881,5364,2597,2767,1341,637,704,
26840,5367,2594,2773,9391,4575,4816,10733,5204,5529,9390,4508,4882,5365,2598,2767,1341,637,704,
26845,5367,2594,2773,9393,4577,4816,10733,5204,5529,9391,4509,4882,5365,2598,2767,1342,638,704,
26850,5369,2595,2774,9394,4578,4816,10736,5206,5530,9393,4510,4883,5367,2600,2767,1342,638,704,
26855,5370,2596,2774,9395,4578,4817,10737,5207,5530,9395,4511,4884,5368,2601,2767,1342,638,704,
26860,5371,2597,2774,9398,4579,4819,10741,5209,5532,9397,4512,4885,5369,2602,2767,1342,638,704,
26865,5371,2597,2774,9400,4580,4820,10741,5209,5532,9398,4513,4885,5369,2602,2767,1343,638,705,
26870,5373,2599,2774,9401,4580,4821,10744,5210,5534,9400,4514,4886,5371,2603,2768,1343,638,705,
26875,5374,2599,2775,9402,4580,4822,10745,5210,5535,9402,4515,4887,5372,2604,2768,1343,638,705,
26880,5375,2600,2775,9405,4582,4823,10749,5211,5538,9404,4515,4889,5373,2605,2768,1343,638,705,
26885,5375,2600,2775,9407,4584,4823,10749,5211,5538,9405,4515,4890,5373,2605,2768,1344,638,706,
26890,5377,2601,2776,9408,4585,4823,10752,5212,5540,9407,4516,4891,5375,2606,2769,1344,638,706,
26895,5378,2601,2777,9409,4585,4824,10753,5212,5541,9409,4517,4892,5376,2607,2769,1344,638,706,
26900,5379,2601,2778,9412,4586,4826,10757,5215,5542,9411,4519,4892,5377,2608,2769,1344,638,706,
26905,5379,2601,2778,9414,4587,4827,10757,5215,5542,9412,4519,4893,5377,2608,2769,1345,639,706,
26910,5381,2602,2779,9415,4587,4828,10760,5216,5544,9414,4520,4894,5379,2609,2770,1345,639,706,
26915,5382,2603,2779,9416,4587,4829,10761,5216,5545,9416,4521,4895,5380,2610,2770,1345,639,706,
26920,5383,2604,2779,9419,4589,4830,10765,5219,5546,9418,4522,4896,5381,2611,2770,1345,639,706,
26925,5383,2604,2779,9421,4591,4830,10765,5219,5546,9419,4522,4897,5381,2611,2770,1346,639,707,
26930,5385,2604,2781,9422,4592,4830,10768,5220,5548,9421,4524,4897,5383,2612,2771,1346,639,707,
26935,5386,2605,2781,9423,4592,4831,10769,5221,5548,9423,4526,4897,5384,2612,2772,1346,639,707,
26940,5387,2606,2781,9426,4594,4832,10773,5224,5549,9425,4526,4899,5385,2613,2772,1346,639,707,
26945,5387,2606,2781,9428,4595,4833,10773,5224,5549,9426,4526,4900,5385,2613,2772,1347,640,707,
26950,5389,2608,2781,9429,4595,4834,10776,5225,5551,9428,4527,4901,5387,2614,2773,1347,640,707,
26955,5390,2608,2782,9430,4595,4835,10777,5226,5551,9430,4529,4901,5388,2615,2773,1347,640,707,
26960,5391,2608,2783,9433,4597,4836,10781,5227,5554,9432,4530,4902,5389,2616,2773,1347,640,707,
26965,5391,2608,2783,9435,4597,4838,10781,5227,5554,9433,4531,4902,5389,2616,2773,1348,640,708,
26970,5393,2610,2783,9436,4597,4839,10784,5228,5556,9435,4532,4903,5391,2616,2775,1348,640,708,
26975,5394,2611,2783,9437,4598,4839,10785,5228,5557,9437,4533,4904,5392,2616,2776,1348,640,708,
26980,5395,2611,2784,9440,4598,4842,10789,5228,5561,9439,4534,4905,5393,2617,2776,1348,640,708,
26985,5395,2611,2784,9442,4600,4842,10789,5228,5561,9440,4535,4905,5393,2617,2776,1349,641,708,
26990,5397,2612,2785,9443,4601,4842,10792,5229,5563,9442,4535,4907,5395,2618,2777,1349,641,708,
26995,5398,2612,2786,9444,4602,4842,10793,5229,5564,9444,4535,4909,5396,2619,2777,1349,641,708,
27000,5399,2612,2787,9447,4603,4844,10797,5232,5565,9446,4535,4911,5397,2620,2777,1349,641,708,
27005,5399,2612,2787,9449,4604,4845,10797,5232,5565,9447,4536,4911,5397,2620,2777,1350,642,708,
27010,5401,2612,2789,9450,4604,4846,10800,5233,5567,9449,4537,4912,5399,2622,2777,1350,642,708,
27015,5402,2613,2789,9451,4604,4847,10801,5233,5568,9451,4538,4913,5400,2623,2777,1350,642,708,
27020,5403,2614,2789,9454,4606,4848,10805,5235,5570,9453,4539,4914,5401,2623,2778,1350,642,708,
27025,5403,2614,2789,9456,4606,4850,10805,5235,5570,9454,4540,4914,5401,2623,2778,1351,643,708,
27030,5405,2615,2790,9457,4606,4851,10808,5236,5572,9456,4540,4916,5403,2625,2778,1351,643,708,
27035,5406,2615,2791,9458,4607,4851,10809,5236,5573,9458,4541,4917,5404,2625,2779,1351,643,708,
27040,5407,2616,2791,9461,4609,4852,10813,5239,5574,9460,4541,4919,5405,2626,2779,1351,643,708,
27045,5407,2616,2791,9463,4610,4853,10813,5239,5574,9461,4541,4920,5405,2626,2779,1352,643,709,
27050,5409,2617,2792,9464,4611,4853,10816,5241,5575,9463,4541,4922,5407,2627,2780,1352,643,709,
27055,5410,2618,2792,9465,4612,4853,10817,5241,5576,9465,4542,4923,5408,2627,2781,1352,643,709,
27060,5411,2619,2792,9468,4614,4854,10821,5242,5579,9467,4543,4924,5409,2628,2781,1352,643,709,
27065,5411,2619,2792,9470,4614,4856,10821,5242,5579,9468,4544,4924,5409,2628,2781,1353,643,710,
27070,5413,2619,2794,9471,4615,4856,10824,5244,5580,9470,4545,4925,5411,2629,2782,1353,643,710,
27075,5414,2619,2795,9472,4616,4856,10825,5244,5581,9472,4546,4926,5412,2629,2783,1353,643,710,
27080,5415,2620,2795,9475,4617,4858,10829,5245,5584,9474,4547,4927,5413,2629,2784,1353,643,710,
27085,5415,2620,2795,9477,4617,4860,10829,5245,5584,9475,4547,4928,5413,2629,2784,1354,644,710,
27090,5417,2621,2796,9478,4618,4860,10832,5245,5587,9477,4548,4929,5415,2630,2785,1354,644,710,
27095,5418,2622,2796,9479,4618,4861,10833,5245,5588,9479,4549,4930,5416,2631,2785,1354,644,710,
27100,5419,2623,2796,9482,4620,4862,10837,5246,5591,9481,4551,4930,5417,2632,2785,1354,644,710,
27105,5419,2623,2796,9484,4621,4863,10837,5246,5591,9482,4551,4931,5417,2632,2785,1355,644,711,
27110,5421,2624,2797,9485,4622,4863,10840,5247,5593,9484,4553,4931,5419,2633,2786,1355,644,711,
27115,5422,2625,2797,9486,4623,4863,10841,5247,5594,9486,4555,4931,5420,2633,2787,1355,644,711,
27120,5423,2625,2798,9489,4624,4865,10845,5248,5597,9488,4556,4932,5421,2633,2788,1355,644,711,
27125,5423,2625,2798,9491,4626,4865,10845,5248,5597,9489,4556,4933,5421,2633,2788,1356,644,712,
27130,5425,2626,2799,9492,4626,4866,10848,5250,5598,9491,4557,4934,5423,2633,2790,1356,644,712,
27135,5426,2626,2800,9493,4626,4867,10849,5250,5599,9493,4558,4935,5424,2634,2790,1356,644,712,
27140,5427,2627,2800,9496,4627,4869,10853,5251,5602,9495,4559,4936,5425,2635,2790,1356,644,712,
27145,5427,2627,2800,9498,4628,4870,10853,5251,5602,9496,4559,4937,5425,2635,2790,1357,644,713,
27150,5429,2629,2800,9499,4629,4870,10856,5253,5603,9498,4560,4938,5427,2636,2791,1357,644,713,
27155,5430,2630,2800,9500,4629,4871,10857,5253,5604,9500,4561,4939,5428,2637,2791,1357,644,713,
27160,5431,2631,2800,9503,4630,4873,10861,5255,5606,9502,4561,4941,5429,2637,2792,1357,644,713,
27165,5431,2631,2800,9505,4631,4874,10861,5255,5606,9503,4561,4942,5429,2637,2792,1358,644,714,
27170,5433,2633,2800,9506,4631,4875,10864,5256,5608,9505,4561,4944,5431,2639,2792,1358,644,714,
27175,5434,2633,2801,9507,4632,4875,10865,5256,5609,9507,4561,4946,5432,2640,2792,1358,644,714,
27180,5435,2634,2801,9510,4634,4876,10869,5257,5612,9509,4562,4947,5433,2641,2792,1358,644,714,
27185,5435,2634,2801,9512,4635,4877,10869,5257,5612,9510,4562,4948,5433,2641,2792,1359,645,714,
27190,5437,2635,2802,9513,4635,4878,10872,5258,5614,9512,4563,4949,5435,2641,2794,1359,645,714,
27195,5438,2636,2802,9514,4635,4879,10873,5259,5614,9514,4564,4950,5436,2642,2794,1359,645,714,
27200,5439,2637,2802,9517,4636,4881,10877,5262,5615,9516,4565,4951,5437,2642,2795,1359,645,714,
27205,5439,2637,2802,9519,4636,4883,10877,5262,5615,9517,4565,4952,5437,2642,2795,1360,646,714,
27210,5441,2637,2804,9520,4637,4883,10880,5264,5616,9519,4566,4953,5439,2643,2796,1360,646,714,
27215,5442,2638,2804,9521,4637,4884,10881,5264,5617,9521,4567,4954,5440,2644,2796,1360,646,714,
27220,5443,2638,2805,9524,4639,4885,10885,5266,5619,9523,4568,4955,5441,2645,2796,1360,646,714,
27225,5443,2638,2805,9526,4641,4885,10885,5266,5619,9524,4569,4955,5441,2645,2796,1361,647,714,
27230,5445,2640,2805,9527,4642,4885,10888,5268,5620,9526,4570,4956,5443,2646,2797,1361,647,714,
27235,5446,2641,2805,9528,4642,4886,10889,5269,5620,9528,4570,4958,5444,2646,2798,1361,647,714,
27240,5447,2642,2805,9531,4643,4888,10893,5271,5622,9530,4571,4959,5445,2646,2799,1361,647,714,
27245,5447,2642,2805,9533,4645,4888,10893,5271,5622,9531,4572,4959,5445,2646,2799,1362,648,714,
27250,5449,2643,2806,9534,4645,4889,10896,5272,5624,9533,4574,4959,5447,2648,2799,1362,648,714,
27255,5450,2644,2806,9535,4645,4890,10897,5272,5625,9535,4575,4960,5448,2648,2800,1362,648,714,
27260,5451,2645,2806,9538,4647,4891,10901,5275,5626,9537,4576,4961,5449,2649,2800,1362,648,714,
27265,5451,2645,2806,9540,4648,4892,10901,5275,5626,9538,4577,4961,5449,2649,2800,1363,649,714,
27270,5453,2645,2808,9541,4649,4892,10904,5275,5629,9540,4579,4961,5451,2650,2801,1363,649,714,
27275,5454,2645,2809,9542,4650,4892,10905,5275,5630,9542,4581,4961,5452,2650,2802,1363,649,714,
27280,5455,2645,2810,9545,4651,4894,10909,5275,5634,9544,4582,4962,5453,2650,2803,1363,649,714,
27285,5455,2645,2810,9547,4653,4894,10909,5275,5634,9545,4583,4962,5453,2650,2803,1364,649,715,
27290,5457,2646,2811,9548,4653,4895,10912,5277,5635,9547,4585,4962,5455,2651,2804,1364,649,715,
27295,5458,2646,2812,9549,4654,4895,10913,5277,5636,9549,4587,4962,5456,2651,2805,1364,649,715,
27300,5459,2647,2812,9552,4656,4896,10917,5278,5639,9551,4588,4963,5457,2652,2805,1364,649,715,
27305,5459,2647,2812,9554,4657,4897,10917,5278,5639,9552,4588,4964,5457,2652,2805,1365,649,716,
27310,5461,2647,2814,9555,4658,4897,10920,5280,5640,9554,4588,4966,5459,2653,2806,1365,649,716,
27315,5462,2647,2815,9556,4658,4898,10921,5280,5641,9556,4590,4966,5460,2654,2806,1365,649,716,
27320,5463,2647,2816,9559,4660,4899,10925,5282,5643,9558,4591,4967,5461,2655,2806,1365,649,716,
27325,5463,2647,2816,9561,4661,4900,10925,5282,5643,9559,4592,4967,5461,2655,2806,1366,649,717,
27330,5465,2648,2817,9562,4662,4900,10928,5285,5643,9561,4593,4968,5463,2656,2807,1366,649,717,
27335,5466,2648,2818,9563,4662,4901,10929,5286,5643,9563,4593,4970,5464,2656,2808,1366,649,717,
27340,5467,2649,2818,9566,4663,4903,10933,5288,5645,9565,4594,4971,5465,2656,2809,1366,649,717,
27345,5467,2649,2818,9568,4664,4904,10933,5288,5645,9566,4594,4972,5465,2656,2809,1367,650,717,
27350,5469,2651,2818,9569,4664,4905,10936,5289,5647,9568,4595,4973,5467,2656,2811,1367,650,717,
27355,5470,2651,2819,9570,4665,4905,10937,5289,5648,9570,4596,4974,5468,2657,2811,1367,650,717,
27360,5471,2651,2820,9573,4666,4907,10941,5291,5650,9572,4597,4975,5469,2657,2812,1367,650,717,
27365,5471,2651,2820,9575,4666,4909,10941,5291,5650,9573,4597,4976,5469,2657,2812,1368,651,717,
27370,5473,2653,2820,9576,4667,4909,10944,5293,5651,9575,4598,4977,5471,2657,2814,1368,651,717,
27375,5474,2653,2821,9577,4668,4909,10945,5294,5651,9577,4599,4978,5472,2657,2815,1368,651,717,
27380,5475,2653,2822,9580,4669,4911,10949,5296,5653,9579,4601,4978,5473,2657,2816,1368,651,717,
27385,5475,2653,2822,9582,4669,4913,10949,5296,5653,9580,4601,4979,5473,2657,2816,1369,651,718,
27390,5477,2654,2823,9583,4670,4913,10952,5296,5656,9582,4602,4980,5475,2658,2817,1369,651,718,
27395,5478,2654,2824,9584,4671,4913,10953,5296,5657,9584,4603,4981,5476,2659,2817,1369,651,718,
27400,5479,2654,2825,9587,4674,4913,10957,5300,5657,9586,4605,4981,5477,2659,2818,1369,651,718,
27405,5479,2654,2825,9589,4674,4915,10957,5300,5657,9587,4606,4981,5477,2659,2818,1370,651,719,
27410,5481,2655,2826,9590,4675,4915,10960,5302,5658,9589,4607,4982,5479,2660,2819,1370,651,719,
27415,5482,2656,2826,9591,4675,4916,10961,5302,5659,9591,4607,4984,5480,2661,2819,1370,651,719,
27420,5483,2657,2826,9594,4676,4918,10965,5303,5662,9593,4608,4985,5481,2661,2820,1370,651,719,
27425,5483,2657,2826,9596,4677,4919,10965,5303,5662,9594,4608,4986,5481,2661,2820,1371,651,720,
27430,5485,2657,2828,9597,4678,4919,10968,5305,5663,9596,4609,4987,5483,2662,2821,1371,651,720,
27435,5486,2658,2828,9598,4678,4920,10969,5305,5664,9598,4610,4988,5484,2663,2821,1371,651,720,
27440,5487,2659,2828,9601,4678,4923,10973,5309,5664,9600,4610,4990,5485,2663,2822,1371,651,720,
27445,5487,2659,2828,9603,4680,4923,10973,5309,5664,9601,4610,4991,5485,2663,2822,1372,651,721,
27450,5489,2661,2828,9604,4681,4923,10976,5311,5665,9603,4611,4992,5487,2664,2823,1372,651,721,
27455,5490,2662,2828,9605,4682,4923,10977,5312,5665,9605,4611,4994,5488,2665,2823,1372,651,721,
27460,5491,2663,2828,9608,4682,4926,10981,5315,5666,9607,4612,4995,5489,2666,2823,1372,651,721,
27465,5491,2663,2828,9610,4682,4928,10981,5315,5666,9608,4613,4995,5489,2666,2823,1373,652,721,
27470,5493,2664,2829,9611,4682,4929,10984,5315,5669,9610,4615,4995,5491,2666,2825,1373,652,721,
27475,5494,2665,2829,9612,4683,4929,10985,5316,5669,9612,4616,4996,5492,2666,2826,1373,652,721,
27480,5495,2665,2830,9615,4685,4930,10989,5318,5671,9614,4618,4996,5493,2667,2826,1373,652,721,
27485,5495,2665,2830,9617,4687,4930,10989,5318,5671,9615,4618,4997,5493,2667,2826,1374,653,721,
27490,5497,2667,2830,9618,4688,4930,10992,5320,5672,9617,4619,4998,5495,2667,2828,1374,653,721,
27495,5498,2668,2830,9619,4689,4930,10993,5321,5672,9619,4619,5000,5496,2668,2828,1374,653,721,
27500,5499,2669,2830,9622,4690,4932,10997,5321,5676,9621,4619,5002,5497,2668,2829,1374,653,721,
27505,5499,2669,2830,9624,4690,4934,10997,5321,5676,9622,4619,5003,5497,2668,2829,1375,654,721,
27510,5501,2669,2832,9625,4690,4935,11000,5321,5679,9624,4620,5004,5499,2669,2830,1375,654,721,
27515,5502,2669,2833,9626,4691,4935,11001,5321,5680,9626,4621,5005,5500,2669,2831,1375,654,721,
27520,5503,2669,2834,9629,4691,4938,11005,5325,5680,9628,4623,5005,5501,2670,2831,1375,654,721,
27525,5503,2669,2834,9631,4693,4938,11005,5325,5680,9629,4624,5005,5501,2670,2831,1376,654,722,
27530,5505,2670,2835,9632,4694,4938,11008,5326,5682,9631,4624,5007,5503,2671,2832,1376,654,722,
27535,5506,2670,2836,9633,4695,4938,11009,5326,5683,9633,4626,5007,5504,2672,2832,1376,654,722,
27540,5507,2671,2836,9636,4696,4940,11013,5329,5684,9635,4627,5008,5505,2672,2833,1376,654,722,
27545,5507,2671,2836,9638,4697,4941,11013,5329,5684,9636,4628,5008,5505,2672,2833,1377,654,723,
27550,5509,2671,2838,9639,4697,4942,11016,5330,5686,9638,4628,5010,5507,2673,2834,1377,654,723,
27555,5510,2671,2839,9640,4697,4943,11017,5330,5687,9640,4630,5010,5508,2674,2834,1377,654,723,
27560,5511,2671,2840,9643,4698,4945,11021,5331,5690,9642,4630,5012,5509,2675,2834,1377,654,723,
27565,5511,2671,2840,9645,4699,4946,11021,5331,5690,9643,4631,5012,5509,2675,2834,1378,655,723,
27570,5513,2672,2841,9646,4700,4946,11024,5332,5692,9645,4633,5012,5511,2676,2835,1378,655,723,
27575,5514,2672,2842,9647,4700,4947,11025,5332,5693,9647,4634,5013,5512,2676,2836,1378,655,723,
27580,5515,2672,2843,9650,4703,4947,11029,5334,5695,9649,4635,5014,5513,2677,2836,1378,655,723,
27585,5515,2672,2843,9652,4705,4947,11029,5334,5695,9650,4635,5015,5513,2677,2836,1379,656,723,
27590,5517,2673,2844,9653,4706,4947,11032,5336,5696,9652,4636,5016,5515,2678,2837,1379,656,723,
27595,5518,2674,2844,9654,4706,4948,11033,5336,5697,9654,4637,5017,5516,2678,2838,1379,656,723,
27600,5519,2674,2845,9657,4706,4951,11037,5339,5698,9656,4638,5018,5517,2678,2839,1379,656,723,
27605,5519,2674,2845,9659,4708,4951,11037,5339,5698,9657,4638,5019,5517,2678,2839,1380,656,724,
27610,5521,2675,2846,9660,4708,4952,11040,5341,5699,9659,4639,5020,5519,2679,2840,1380,656,724,
27615,5522,2676,2846,9661,4709,4952,11041,5341,5700,9661,4639,5022,5520,2679,2841,1380,656,724,
27620,5523,2677,2846,9664,4710,4954,11045,5344,5701,9663,4640,5023,5521,2680,2841,1380,656,724,
27625,5523,2677,2846,9666,4710,4956,11045,5344,5701,9664,4641,5023,5521,2680,2841,1381,656,725,
27630,5525,2677,2848,9667,4710,4957,11048,5346,5702,9666,4641,5025,5523,2682,2841,1381,656,725,
27635,5526,2678,2848,9668,4711,4957,11049,5347,5702,9668,4642,5026,5524,2683,2841,1381,656,725,
27640,5527,2679,2848,9671,4711,4960,11053,5350,5703,9670,4643,5027,5525,2684,2841,1381,656,725,
27645,5527,2679,2848,9673,4712,4961,11053,5350,5703,9671,4643,5028,5525,2684,2841,1382,657,725,
27650,5529,2679,2850,9674,4712,4962,11056,5352,5704,9673,4644,5029,5527,2685,2842,1382,657,725,
27655,5530,2680,2850,9675,4713,4962,11057,5352,5705,9675,4646,5029,5528,2685,2843,1382,657,725,
27660,5531,2681,2850,9678,4716,4962,11061,5355,5706,9677,4646,5031,5529,2686,2843,1382,657,725,
27665,5531,2681,2850,9680,4717,4963,11061,5355,5706,9678,4646,5032,5529,2686,2843,1383,657,726,
27670,5533,2683,2850,9681,4718,4963,11064,5357,5707,9680,4648,5032,5531,2687,2844,1383,657,726,
27675,5534,2684,2850,9682,4718,4964,11065,5357,5708,9682,4648,5034,5532,2688,2844,1383,657,726,
27680,5535,2685,2850,9685,4720,4965,11069,5358,5711,9684,4648,5036,5533,2689,2844,1383,657,726,
27685,5535,2685,2850,9687,4720,4967,11069,5358,5711,9685,4648,5037,5533,2689,2844,1384,657,727,
27690,5537,2685,2852,9688,4720,4968,11072,5359,5713,9687,4650,5037,5535,2689,2846,1384,657,727,
27695,5538,2686,2852,9689,4720,4969,11073,5359,5714,9689,4651,5038,5536,2689,2847,1384,657,727,
27700,5539,2686,2853,9692,4721,4971,11077,5361,5716,9691,4653,5038,5537,2689,2848,1384,657,727,
27705,5539,2686,2853,9694,4722,4972,11077,5361,5716,9692,4653,5039,5537,2689,2848,1385,657,728,
27710,5541,2687,2854,9695,4722,4973,11080,5363,5717,9694,4654,5040,5539,2691,2848,1385,657,728,
27715,5542,2687,2855,9696,4722,4974,11081,5363,5718,9696,4656,5040,5540,2691,2849,1385,657,728,
27720,5543,2688,2855,9699,4724,4975,11085,5365,5720,9698,4657,5041,5541,2691,2850,1385,657,728,
27725,5543,2688,2855,9701,4725,4976,11085,5365,5720,9699,4658,5041,5541,2691,2850,1386,657,729,
27730,5545,2689,2856,9702,4725,4977,11088,5367,5721,9701,4659,5042,5543,2693,2850,1386,657,729,
27735,5546,2690,2856,9703,4725,4978,11089,5367,5722,9703,4660,5043,5544,2693,2851,1386,657,729,
27740,5547,2690,2857,9706,4726,4980,11093,5368,5725,9705,4660,5045,5545,2693,2852,1386,657,729,
27745,5547,2690,2857,9708,4726,4982,11093,5368,5725,9706,4660,5046,5545,2693,2852,1387,657,730,
27750,5549,2691,2858,9709,4726,4983,11096,5369,5727,9708,4660,5048,5547,2694,2853,1387,657,730,
27755,5550,2691,2859,9710,4727,4983,11097,5370,5727,9710,4661,5049,5548,2694,2854,1387,657,730,
27760,5551,2691,2860,9713,4728,4985,11101,5373,5728,9712,4662,5050,5549,2694,2855,1387,657,730,
27765,5551,2691,2860,9715,4729,4986,11101,5373,5728,9713,4663,5050,5549,2694,2855,1388,657,731,
27770,5553,2692,2861,9716,4730,4986,11104,5375,5729,9715,4664,5051,5551,2696,2855,1388,657,731,
27775,5554,2692,2862,9717,4730,4987,11105,5375,5730,9717,4666,5051,5552,2697,2855,1388,657,731,
27780,5555,2692,2863,9720,4731,4989,11109,5378,5731,9719,4667,5052,5553,2698,2855,1388,657,731,
27785,5555,2692,2863,9722,4732,4990,11109,5378,5731,9720,4667,5053,5553,2698,2855,1389,657,732,
27790,5557,2692,2865,9723,4732,4991,11112,5379,5733,9722,4668,5054,5555,2699,2856,1389,657,732,
27795,5558,2692,2866,9724,4732,4992,11113,5380,5733,9724,4669,5055,5556,2699,2857,1389,657,732,
27800,5559,2693,2866,9727,4733,4994,11117,5380,5737,9726,4670,5056,5557,2700,2857,1389,657,732,
27805,5559,2693,2866,9729,4734,4995,11117,5380,5737,9727,4671,5056,5557,2700,2857,1390,658,732,
27810,5561,2695,2866,9730,4735,4995,11120,5380,5740,9729,4672,5057,5559,2701,2858,1390,658,732,
27815,5562,2696,2866,9731,4735,4996,11121,5381,5740,9731,4674,5057,5560,2701,2859,1390,658,732,
27820,5563,2696,2867,9734,4735,4999,11125,5383,5742,9733,4675,5058,5561,2701,2860,1390,658,732,
27825,5563,2696,2867,9736,4737,4999,11125,5383,5742,9734,4676,5058,5561,2701,2860,1391,658,733,
27830,5565,2696,2869,9737,4737,5000,11128,5383,5745,9736,4677,5059,5563,2702,2861,1391,658,733,
27835,5566,2696,2870,9738,4737,5001,11129,5383,5746,9738,4678,5060,5564,2702,2862,1391,658,733,
27840,5567,2696,2871,9741,4738,5003,11133,5384,5749,9740,4679,5061,5565,2703,2862,1391,658,733,
27845,5567,2696,2871,9743,4739,5004,11133,5384,5749,9741,4679,5062,5565,2703,2862,1392,659,733,
27850,5569,2696,2873,9744,4740,5004,11136,5385,5751,9743,4679,5064,5567,2705,2862,1392,659,733,
27855,5570,2696,2874,9745,4741,5004,11137,5386,5751,9745,4680,5065,5568,2705,2863,1392,659,733,
27860,5571,2697,2874,9748,4741,5007,11141,5387,5754,9747,4680,5067,5569,2705,2864,1392,659,733,
27865,5571,2697,2874,9750,4742,5008,11141,5387,5754,9748,4681,5067,5569,2705,2864,1393,660,733,
27870,5573,2699,2874,9751,4743,5008,11144,5389,5755,9750,4682,5068,5571,2706,2865,1393,660,733,
27875,5574,2699,2875,9752,4743,5009,11145,5390,5755,9752,4683,5069,5572,2706,2866,1393,660,733,
27880,5575,2700,2875,9755,4744,5011,11149,5392,5757,9754,4684,5070,5573,2707,2866,1393,660,733,
27885,5575,2700,2875,9757,4745,5012,11149,5392,5757,9755,4685,5070,5573,2707,2866,1394,660,734,
27890,5577,2700,2877,9758,4746,5012,11152,5393,5759,9757,4686,5071,5575,2709,2866,1394,660,734,
27895,5578,2700,2878,9759,4747,5012,11153,5394,5759,9759,4687,5072,5576,2710,2866,1394,660,734,
27900,5579,2701,2878,9762,4747,5015,11157,5395,5762,9761,4687,5074,5577,2710,2867,1394,660,734,
27905,5579,2701,2878,9764,4747,5017,11157,5395,5762,9762,4687,5075,5577,2710,2867,1395,661,734,
27910,5581,2701,2880,9765,4747,5018,11160,5395,5765,9764,4688,5076,5579,2711,2868,1395,661,734,
27915,5582,2702,2880,9766,4747,5019,11161,5395,5766,9766,4689,5077,5580,2711,2869,1395,661,734,
27920,5583,2702,2881,9769,4748,5021,11165,5397,5768,9768,4691,5077,5581,2712,2869,1395,661,734,
27925,5583,2702,2881,9771,4749,5022,11165,5397,5768,9769,4692,5077,5581,2712,2869,1396,661,735,
27930,5585,2704,2881,9772,4749,5023,11168,5400,5768,9771,4692,5079,5583,2713,2870,1396,661,735,
27935,5586,2705,2881,9773,4750,5023,11169,5401,5768,9773,4693,5080,5584,2714,2870,1396,661,735,
27940,5587,2705,2882,9776,4751,5025,11173,5403,5770,9775,4693,5082,5585,2715,2870,1396,661,735,
27945,5587,2705,2882,9778,4752,5026,11173,5403,5770,9776,4694,5082,5585,2715,2870,1397,661,736,
27950,5589,2706,2883,9779,4753,5026,11176,5405,5771,9778,4696,5082,5587,2717,2870,1397,661,736,
27955,5590,2706,2884,9780,4753,5027,11177,5406,5771,9780,4696,5084,5588,2717,2871,1397,661,736,
27960,5591,2706,2885,9783,4756,5027,11181,5408,5773,9782,4697,5085,5589,2717,2872,1397,661,736,
27965,5591,2706,2885,9785,4757,5028,11181,5408,5773,9783,4697,5086,5589,2717,2872,1398,661,737,
27970,5593,2708,2885,9786,4758,5028,11184,5409,5775,9785,4697,5088,5591,2718,2873,1398,661,737,
27975,5594,2709,2885,9787,4758,5029,11185,5409,5776,9787,4699,5088,5592,2719,2873,1398,661,737,
27980,5595,2709,2886,9790,4759,5031,11189,5411,5778,9789,4700,5089,5593,2720,2873,1398,661,737,
27985,5595,2709,2886,9792,4759,5033,11189,5411,5778,9790,4701,5089,5593,2720,2873,1399,661,738,
27990,5597,2709,2888,9793,4759,5034,11192,5412,5780,9792,4702,5090,5595,2721,2874,1399,661,738,
27995,5598,2709,2889,9794,4759,5035,11193,5413,5780,9794,4703,5091,5596,2721,2875,1399,661,738,
28000,5599,2709,2890,9797,4760,5037,11197,5417,5780,9796,4703,5093,5597,2722,2875,1399,661,738,
28005,5599,2709,2890,9799,4760,5039,11197,5417,5780,9797,4703,5094,5597,2722,2875,1400,661,739,
28010,5601,2710,2891,9800,4761,5039,11200,5418,5782,9799,4703,5096,5599,2722,2877,1400,661,739,
28015,5602,2710,2892,9801,4762,5039,11201,5418,5783,9801,4703,5098,5600,2722,2878,1400,661,739,
28020,5603,2710,2893,9804,4764,5040,11205,5420,5785,9803,4704,5099,5601,2723,2878,1400,661,739,
28025,5603,2710,2893,9806,4765,5041,11205,5420,5785,9804,4704,5100,5601,2723,2878,1401,661,740,
28030,5605,2711,2894,9807,4766,5041,11208,5422,5786,9806,4705,5101,5603,2724,2879,1401,661,740,
28035,5606,2712,2894,9808,4767,5041,11209,5423,5786,9808,4707,5101,5604,2725,2879,1401,661,740,
28040,5607,2712,2895,9811,4767,5044,11213,5426,5787,9810,4709,5101,5605,2725,2880,1401,661,740,
28045,5607,2712,2895,9813,4767,5046,11213,5426,5787,9811,4710,5101,5605,2725,2880,1402,662,740,
28050,5609,2712,2897,9814,4768,5046,11216,5427,5789,9813,4712,5101,5607,2726,2881,1402,662,740,
28055,5610,2712,2898,9815,4768,5047,11217,5428,5789,9815,4713,5102,5608,2726,2882,1402,662,740,
28060,5611,2713,2898,9818,4770,5048,11221,5430,5791,9817,4713,5104,5609,2726,2883,1402,662,740,
28065,5611,2713,2898,9820,4771,5049,11221,5430,5791,9818,4713,5105,5609,2726,2883,1403,662,741,
28070,5613,2714,2899,9821,4772,5049,11224,5431,5793,9820,4713,5107,5611,2726,2885,1403,662,741,
28075,5614,2715,2899,9822,4772,5050,11225,5431,5794,9822,4714,5108,5612,2726,2886,1403,662,741,
28080,5615,2716,2899,9825,4773,5052,11229,5435,5794,9824,4715,5109,5613,2727,2886,1403,662,741,
28085,5615,2716,2899,9827,4774,5053,11229,5435,5794,9825,4716,5109,5613,2727,2886,1404,662,742,
28090,5617,2717,2900,9828,4775,5053,11232,5437,5795,9827,4718,5109,5615,2728,2887,1404,662,742,
28095,5618,2718,2900,9829,4776,5053,11233,5438,5795,9829,4719,5110,5616,2728,2888,1404,662,742,
28100,5619,2718,2901,9832,4776,5056,11237,5441,5796,9831,4719,5112,5617,2729,2888,1404,662,742,
28105,5619,2718,2901,9834,4776,5058,11237,5441,5796,9832,4720,5112,5617,2729,2888,1405,663,742,
28110,5621,2720,2901,9835,4776,5059,11240,5442,5798,9834,4720,5114,5619,2730,2889,1405,663,742,
28115,5622,2720,2902,9836,4777,5059,11241,5443,5798,9836,4721,5115,5620,2731,2889,1405,663,742,
28120,5623,2720,2903,9839,4780,5059,11245,5445,5800,9838,4722,5116,5621,2732,2889,1405,663,742,
28125,5623,2720,2903,9841,4781,5060,11245,5445,5800,9839,4723,5116,5621,2732,2889,1406,664,742,
28130,5625,2722,2903,9842,4782,5060,11248,5446,5802,9841,4723,5118,5623,2733,2890,1406,664,742,
28135,5626,2723,2903,9843,4782,5061,11249,5446,5803,9843,4723,5120,5624,2733,2891,1406,664,742,
28140,5627,2724,2903,9846,4783,5063,11253,5447,5806,9845,4723,5122,5625,2733,2892,1406,664,742,
28145,5627,2724,2903,9848,4785,5063,11253,5447,5806,9846,4724,5122,5625,2733,2892,1407,664,743,
28150,5629,2725,2904,9849,4786,5063,11256,5449,5807,9848,4724,5124,5627,2734,2893,1407,664,743,
28155,5630,2726,2904,9850,4786,5064,11257,5450,5807,9850,4726,5124,5628,2734,2894,1407,664,743,
28160,5631,2726,2905,9853,4789,5064,11261,5453,5808,9852,4728,5124,5629,2734,2895,1407,664,743,
28165,5631,2726,2905,9855,4791,5064,11261,5453,5808,9853,4728,5125,5629,2734,2895,1408,664,744,
28170,5633,2728,2905,9856,4791,5065,11264,5454,5810,9855,4730,5125,5631,2735,2896,1408,664,744,
28175,5634,2728,2906,9857,4792,5065,11265,5455,5810,9857,4731,5126,5632,2736,2896,1408,664,744,
28180,5635,2729,2906,9860,4794,5066,11269,5458,5811,9859,4731,5128,5633,2737,2896,1408,664,744,
28185,5635,2729,2906,9862,4795,5067,11269,5458,5811,9860,4732,5128,5633,2737,2896,1409,664,745,
28190,5637,2730,2907,9863,4796,5067,11272,5459,5813,9862,4732,5130,5635,2738,2897,1409,664,745,
28195,5638,2730,2908,9864,4797,5067,11273,5459,5814,9864,4733,5131,5636,2738,2898,1409,664,745,
28200,5639,2731,2908,9867,4799,5068,11277,5462,5815,9866,4735,5131,5637,2738,2899,1409,664,745,
28205,5639,2731,2908,9869,4799,5070,11277,5462,5815,9867,4736,5131,5637,2738,2899,1410,664,746,
28210,5641,2731,2910,9870,4800,5070,11280,5464,5816,9869,4737,5132,5639,2739,2900,1410,664,746,
28215,5642,2731,2911,9871,4800,5071,11281,5464,5817,9871,4738,5133,5640,2739,2901,1410,664,746,
28220,5643,2731,2912,9874,4800,5074,11285,5465,5820,9873,4740,5133,5641,2740,2901,1410,664,746,
28225,5643,2731,2912,9876,4801,5075,11285,5465,5820,9874,4740,5134,5641,2740,2901,1411,664,747,
28230,5645,2732,2913,9877,4801,5076,11288,5466,5822,9876,4741,5135,5643,2741,2902,1411,664,747,
28235,5646,2733,2913,9878,4802,5076,11289,5467,5822,9878,4742,5136,5644,2741,2903,1411,664,747,
28240,5647,2733,2914,9881,4803,5078,11293,5469,5824,9880,4743,5137,5645,2742,2903,1411,664,747,
28245,5647,2733,2914,9883,4804,5079,11293,5469,5824,9881,4744,5137,5645,2742,2903,1412,665,747,
28250,5649,2734,2915,9884,4804,5080,11296,5469,5827,9883,4746,5137,5647,2743,2904,1412,665,747,
28255,5650,2735,2915,9885,4805,5080,11297,5469,5828,9885,4748,5137,5648,2743,2905,1412,665,747,
28260,5651,2735,2916,9888,4805,5083,11301,5472,5829,9887,4748,5139,5649,2744,2905,1412,665,747,
28265,5651,2735,2916,9890,4806,5084,11301,5472,5829,9888,4749,5139,5649,2744,2905,1413,666,747,
28270,5653,2736,2917,9891,4806,5085,11304,5475,5829,9890,4749,5141,5651,2746,2905,1413,666,747,
28275,5654,2736,2918,9892,4806,5086,11305,5475,5830,9892,4751,5141,5652,2747,2905,1413,666,747,
28280,5655,2737,2918,9895,4808,5087,11309,5476,5833,9894,4753,5141,5653,2748,2905,1413,666,747,
28285,5655,2737,2918,9897,4810,5087,11309,5476,5833,9895,4753,5142,5653,2748,2905,1414,667,747,
28290,5657,2737,2920,9898,4811,5087,11312,5478,5834,9897,4753,5144,5655,2749,2906,1414,667,747,
28295,5658,2738,2920,9899,4811,5088,11313,5478,5835,9899,4754,5145,5656,2749,2907,1414,667,747,
28300,5659,2738,2921,9902,4814,5088,11317,5480,5837,9901,4754,5147,5657,2750,2907,1414,667,747,
28305,5659,2738,2921,9904,4816,5088,11317,5480,5837,9902,4754,5148,5657,2750,2907,1415,667,748,
28310,5661,2738,2923,9905,4816,5089,11320,5480,5840,9904,4755,5149,5659,2752,2907,1415,667,748,
28315,5662,2738,2924,9906,4816,5090,11321,5481,5840,9906,4755,5151,5660,2752,2908,1415,667,748,
28320,5663,2738,2925,9909,4818,5091,11325,5484,5841,9908,4757,5151,5661,2752,2909,1415,667,748,
28325,5663,2738,2925,9911,4818,5093,11325,5484,5841,9909,4758,5151,5661,2752,2909,1416,667,749,
28330,5665,2739,2926,9912,4818,5094,11328,5486,5842,9911,4760,5151,5663,2753,2910,1416,667,749,
28335,5666,2739,2927,9913,4818,5095,11329,5487,5842,9913,4760,5153,5664,2754,2910,1416,667,749,
28340,5667,2739,2928,9916,4818,5098,11333,5489,5844,9915,4760,5155,5665,2754,2911,1416,667,749,
28345,5667,2739,2928,9918,4818,5100,11333,5489,5844,9916,4760,5156,5665,2754,2911,1417,668,749,
28350,5669,2739,2930,9919,4819,5100,11336,5490,5846,9918,4760,5158,5667,2755,2912,1417,668,749,
28355,5670,2739,2931,9920,4819,5101,11337,5490,5847,9920,4760,5160,5668,2756,2912,1417,668,749,
28360,5671,2740,2931,9923,4820,5103,11341,5490,5851,9922,4761,5161,5669,2756,2913,1417,668,749,
28365,5671,2740,2931,9925,4821,5104,11341,5490,5851,9923,4761,5162,5669,2756,2913,1418,668,750,
28370,5673,2742,2931,9926,4821,5105,11344,5491,5853,9925,4762,5163,5671,2757,2914,1418,668,750,
28375,5674,2743,2931,9927,4821,5106,11345,5491,5854,9927,4763,5164,5672,2758,2914,1418,668,750,
28380,5675,2744,2931,9930,4821,5109,11349,5493,5856,9929,4764,5165,5673,2759,2914,1418,668,750,
28385,5675,2744,2931,9932,4822,5110,11349,5493,5856,9930,4764,5166,5673,2759,2914,1419,668,751,
28390,5677,2745,2932,9933,4823,5110,11352,5496,5856,9932,4764,5168,5675,2761,2914,1419,668,751,
28395,5678,2745,2933,9934,4824,5110,11353,5496,5857,9934,4765,5169,5676,2762,2914,1419,668,751,
28400,5679,2746,2933,9937,4826,5111,11357,5497,5860,9936,4767,5169,5677,2762,2915,1419,668,751,
28405,5679,2746,2933,9939,4826,5113,11357,5497,5860,9937,4767,5170,5677,2762,2915,1420,669,751,
28410,5681,2746,2935,9940,4827,5113,11360,5499,5861,9939,4767,5172,5679,2763,2916,1420,669,751,
28415,5682,2747,2935,9941,4827,5114,11361,5500,5861,9941,4768,5173,5680,2763,2917,1420,669,751,
28420,5683,2748,2935,9944,4829,5115,11365,5502,5863,9943,4769,5174,5681,2763,2918,1420,669,751,
28425,5683,2748,2935,9946,4830,5116,11365,5502,5863,9944,4769,5175,5681,2763,2918,1421,670,751,
28430,5685,2748,2937,9947,4831,5116,11368,5503,5865,9946,4771,5175,5683,2764,2919,1421,670,751,
28435,5686,2749,2937,9948,4831,5117,11369,5503,5866,9948,4772,5176,5684,2765,2919,1421,670,751,
28440,5687,2749,2938,9951,4832,5119,11373,5504,5869,9950,4773,5177,5685,2766,2919,1421,670,751,
28445,5687,2749,2938,9953,4833,5120,11373,5504,5869,9951,4774,5177,5685,2766,2919,1422,671,751,
28450,5689,2750,2939,9954,4833,5121,11376,5504,5872,9953,4775,5178,5687,2768,2919,1422,671,751,
28455,5690,2751,2939,9955,4833,5122,11377,5504,5873,9955,4776,5179,5688,2768,2920,1422,671,751,
28460,5691,2752,2939,9958,4834,5124,11381,5505,5876,9957,4777,5180,5689,2768,2921,1422,671,751,
28465,5691,2752,2939,9960,4836,5124,11381,5505,5876,9958,4778,5180,5689,2768,2921,1423,672,751,
28470,5693,2754,2939,9961,4836,5125,11384,5507,5877,9960,4779,5181,5691,2768,2923,1423,672,751,
28475,5694,2755,2939,9962,4837,5125,11385,5508,5877,9962,4780,5182,5692,2768,2924,1423,672,751,
28480,5695,2755,2940,9965,4840,5125,11389,5509,5880,9964,4781,5183,5693,2768,2925,1423,672,751,
28485,5695,2755,2940,9967,4840,5127,11389,5509,5880,9965,4782,5183,5693,2768,2925,1424,673,751,
28490,5697,2756,2941,9968,4841,5127,11392,5511,5881,9967,4783,5184,5695,2769,2926,1424,673,751,
28495,5698,2757,2941,9969,4841,5128,11393,5512,5881,9969,4785,5184,5696,2769,2927,1424,673,751,
28500,5699,2757,2942,9972,4843,5129,11397,5514,5883,9971,4786,5185,5697,2770,2927,1424,673,751,
28505,5699,2757,2942,9974,4845,5129,11397,5514,5883,9972,4787,5185,5697,2770,2927,1425,674,751,
28510,5701,2758,2943,9975,4846,5129,11400,5515,5885,9974,4788,5186,5699,2772,2927,1425,674,751,
28515,5702,2759,2943,9976,4846,5130,11401,5515,5886,9976,4789,5187,5700,2772,2928,1425,674,751,
28520,5703,2760,2943,9979,4847,5132,11405,5518,5887,9978,4791,5187,5701,2772,2929,1425,674,751,
28525,5703,2760,2943,9981,4848,5133,11405,5518,5887,9979,4792,5187,5701,2772,2929,1426,674,752,
28530,5705,2762,2943,9982,4848,5134,11408,5519,5889,9981,4793,5188,5703,2774,2929,1426,674,752,
28535,5706,2763,2943,9983,4849,5134,11409,5520,5889,9983,4794,5189,5704,2774,2930,1426,674,752,
28540,5707,2764,2943,9986,4849,5137,11413,5523,5890,9985,4795,5190,5705,2774,2931,1426,674,752,
28545,5707,2764,2943,9988,4850,5138,11413,5523,5890,9986,4795,5191,5705,2774,2931,1427,675,752,
28550,5709,2764,2945,9989,4850,5139,11416,5524,5892,9988,4795,5193,5707,2775,2932,1427,675,752,
28555,5710,2764,2946,9990,4850,5140,11417,5525,5892,9990,4796,5194,5708,2776,2932,1427,675,752,
28560,5711,2764,2947,9993,4851,5142,11421,5527,5894,9992,4796,5196,5709,2777,2932,1427,675,752,
28565,5711,2764,2947,9995,4853,5142,11421,5527,5894,9993,4797,5196,5709,2777,2932,1428,676,752,
28570,5713,2765,2948,9996,4854,5142,11424,5528,5896,9995,4798,5197,5711,2779,2932,1428,676,752,
28575,5714,2765,2949,9997,4854,5143,11425,5528,5897,9997,4799,5198,5712,2780,2932,1428,676,752,
28580,5715,2765,2950,10000,4857,5143,11429,5530,5899,9999,4800,5199,5713,2781,2932,1428,676,752,
28585,5715,2765,2950,10002,4859,5143,11429,5530,5899,10000,4801,5199,5713,2781,2932,1429,677,752,
28590,5717,2765,2952,10003,4859,5144,11432,5530,5902,10002,4801,5201,5715,2782,2933,1429,677,752,
28595,5718,2766,2952,10004,4860,5144,11433,5530,5903,10004,4802,5202,5716,2783,2933,1429,677,752,
28600,5719,2766,2953,10007,4862,5145,11437,5531,5906,10006,4802,5204,5717,2783,2934,1429,677,752,
28605,5719,2766,2953,10009,4863,5146,11437,5531,5906,10007,4803,5204,5717,2783,2934,1430,678,752,
28610,5721,2767,2954,10010,4864,5146,11440,5532,5908,10009,4805,5204,5719,2783,2936,1430,678,752,
28615,5722,2768,2954,10011,4865,5146,11441,5532,5909,10011,4805,5206,5720,2783,2937,1430,678,752,
28620,5723,2768,2955,10014,4867,5147,11445,5533,5912,10013,4806,5207,5721,2784,2937,1430,678,752,
28625,5723,2768,2955,10016,4868,5148,11445,5533,5912,10014,4807,5207,5721,2784,2937,1431,679,752,
28630,5725,2769,2956,10017,4868,5149,11448,5534,5914,10016,4809,5207,5723,2785,2938,1431,679,752,
28635,5726,2769,2957,10018,4869,5149,11449,5535,5914,10018,4810,5208,5724,2786,2938,1431,679,752,
28640,5727,2770,2957,10021,4870,5151,11453,5537,5916,10020,4812,5208,5725,2787,2938,1431,679,752,
28645,5727,2770,2957,10023,4871,5152,11453,5537,5916,10021,4813,5208,5725,2787,2938,1432,680,752,
28650,5729,2771,2958,10024,4872,5152,11456,5539,5917,10023,4814,5209,5727,2789,2938,1432,680,752,
28655,5730,2772,2958,10025,4873,5152,11457,5539,5918,10025,4816,5209,5728,2790,2938,1432,680,752,
28660,5731,2773,2958,10028,4874,5154,11461,5542,5919,10027,4817,5210,5729,2791,2938,1432,680,752,
28665,5731,2773,2958,10030,4874,5156,11461,5542,5919,10028,4818,5210,5729,2791,2938,1433,680,753,
28670,5733,2774,2959,10031,4875,5156,11464,5544,5920,10030,4820,5210,5731,2791,2940,1433,680,753,
28675,5734,2775,2959,10032,4875,5157,11465,5544,5921,10032,4821,5211,5732,2791,2941,1433,680,753,
28680,5735,2776,2959,10035,4876,5159,11469,5545,5924,10034,4822,5212,5733,2791,2942,1433,680,753,
28685,5735,2776,2959,10037,4878,5159,11469,5545,5924,10035,4823,5212,5733,2791,2942,1434,680,754,
28690,5737,2777,2960,10038,4879,5159,11472,5547,5925,10037,4825,5212,5735,2792,2943,1434,680,754,
28695,5738,2778,2960,10039,4880,5159,11473,5548,5925,10039,4825,5214,5736,2792,2944,1434,680,754,
28700,5739,2779,2960,10042,4880,5162,11477,5551,5926,10041,4825,5216,5737,2793,2944,1434,680,754,
28705,5739,2779,2960,10044,4881,5163,11477,5551,5926,10042,4825,5217,5737,2793,2944,1435,681,754,
28710,5741,2780,2961,10045,4881,5164,11480,5552,5928,10044,4826,5218,5739,2794,2945,1435,681,754,
28715,5742,2781,2961,10046,4881,5165,11481,5552,5929,10046,4828,5218,5740,2794,2946,1435,681,754,
28720,5743,2782,2961,10049,4882,5167,11485,5553,5932,10048,4829,5219,5741,2794,2947,1435,681,754,
28725,5743,2782,2961,10051,4884,5167,11485,5553,5932,10049,4829,5220,5741,2794,2947,1436,682,754,
28730,5745,2783,2962,10052,4884,5168,11488,5554,5934,10051,4830,5221,5743,2796,2947,1436,682,754,
28735,5746,2784,2962,10053,4885,5168,11489,5555,5934,10053,4830,5223,5744,2797,2947,1436,682,754,
28740,5747,2785,2962,10056,4886,5170,11493,5558,5935,10055,4831,5224,5745,2798,2947,1436,682,754,
28745,5747,2785,2962,10058,4886,5172,11493,5558,5935,10056,4832,5224,5745,2798,2947,1437,682,755,
28750,5749,2787,2962,10059,4887,5172,11496,5558,5938,10058,4833,5225,5747,2798,2949,1437,682,755,
28755,5750,2787,2963,10060,4887,5173,11497,5558,5939,10060,4835,5225,5748,2799,2949,1437,682,755,
28760,5751,2787,2964,10063,4888,5175,11501,5560,5941,10062,4836,5226,5749,2799,2950,1437,682,755,
28765,5751,2787,2964,10065,4889,5176,11501,5560,5941,10063,4836,5227,5749,2799,2950,1438,682,756,
28770,5753,2787,2966,10066,4889,5177,11504,5563,5941,10065,4836,5229,5751,2800,2951,1438,682,756,
28775,5754,2788,2966,10067,4889,5178,11505,5563,5942,10067,4838,5229,5752,2800,2952,1438,682,756,
28780,5755,2788,2967,10070,4890,5180,11509,5566,5943,10069,4838,5231,5753,2801,2952,1438,682,756,
28785,5755,2788,2967,10072,4892,5180,11509,5566,5943,10070,4839,5231,5753,2801,2952,1439,682,757,
28790,5757,2789,2968,10073,4893,5180,11512,5568,5944,10072,4841,5231,5755,2802,2953,1439,682,757,
28795,5758,2789,2969,10074,4893,5181,11513,5569,5944,10074,4842,5232,5756,2802,2954,1439,682,757,
28800,5759,2789,2970,10077,4893,5184,11517,5569,5948,10076,4842,5234,5757,2802,2955,1439,682,757,
28805,5759,2789,2970,10079,4895,5184,11517,5569,5948,10077,4843,5234,5757,2802,2955,1440,682,758,
28810,5761,2790,2971,10080,4895,5185,11520,5572,5948,10079,4845,5234,5759,2803,2956,1440,682,758,
28815,5762,2791,2971,10081,4895,5186,11521,5573,5948,10081,4846,5235,5760,2803,2957,1440,682,758,
28820,5763,2791,2972,10084,4896,5188,11525,5575,5950,10083,4846,5237,5761,2803,2958,1440,682,758,
28825,5763,2791,2972,10086,4897,5189,11525,5575,5950,10084,4846,5238,5761,2803,2958,1441,683,758,
28830,5765,2791,2974,10087,4897,5190,11528,5577,5951,10086,4848,5238,5763,2803,2960,1441,683,758,
28835,5766,2792,2974,10088,4897,5191,11529,5577,5952,10088,4849,5239,5764,2804,2960,1441,683,758,
28840,5767,2793,2974,10091,4899,5192,11533,5577,5956,10090,4849,5241,5765,2804,2961,1441,683,758,
28845,5767,2793,2974,10093,4901,5192,11533,5577,5956,10091,4849,5242,5765,2804,2961,1442,684,758,
28850,5769,2795,2974,10094,4901,5193,11536,5578,5958,10093,4850,5243,5767,2804,2963,1442,684,758,
28855,5770,2796,2974,10095,4901,5194,11537,5579,5958,10095,4850,5245,5768,2805,2963,1442,684,758,
28860,5771,2796,2975,10098,4904,5194,11541,5580,5961,10097,4850,5247,5769,2806,2963,1442,684,758,
28865,5771,2796,2975,10100,4905,5195,11541,5580,5961,10098,4850,5248,5769,2806,2963,1443,684,759,
28870,5773,2796,2977,10101,4906,5195,11544,5581,5963,10100,4851,5249,5771,2808,2963,1443,684,759,
28875,5774,2796,2978,10102,4907,5195,11545,5582,5963,10102,4851,5251,5772,2809,2963,1443,684,759,
28880,5775,2796,2979,10105,4907,5198,11549,5584,5965,10104,4852,5252,5773,2809,2964,1443,684,759,
28885,5775,2796,2979,10107,4908,5199,11549,5584,5965,10105,4852,5253,5773,2809,2964,1444,685,759,
28890,5777,2796,2981,10108,4908,5200,11552,5585,5967,10107,4852,5255,5775,2809,2966,1444,685,759,
28895,5778,2797,2981,10109,4909,5200,11553,5585,5968,10109,4854,5255,5776,2810,2966,1444,685,759,
28900,5779,2797,2982,10112,4911,5201,11557,5585,5972,10111,4855,5256,5777,2811,2966,1444,685,759,
28905,5779,2797,2982,10114,4912,5202,11557,5585,5972,10112,4855,5257,5777,2811,2966,1445,686,759,
28910,5781,2798,2983,10115,4912,5203,11560,5587,5973,10114,4855,5259,5779,2811,2968,1445,686,759,
28915,5782,2798,2984,10116,4912,5204,11561,5587,5974,10116,4855,5261,5780,2812,2968,1445,686,759,
28920,5783,2798,2985,10119,4914,5205,11565,5588,5977,10118,4857,5261,5781,2813,2968,1445,686,759,
28925,5783,2798,2985,10121,4915,5206,11565,5588,5977,10119,4857,5262,5781,2813,2968,1446,686,760,
28930,5785,2799,2986,10122,4915,5207,11568,5591,5977,10121,4857,5264,5783,2813,2970,1446,686,760,
28935,5786,2800,2986,10123,4915,5208,11569,5592,5977,10123,4858,5265,5784,2813,2971,1446,686,760,
28940,5787,2800,2987,10126,4916,5210,11573,5595,5978,10125,4859,5266,5785,2813,2972,1446,686,760,
28945,5787,2800,2987,10128,4917,5211,11573,5595,5978,10126,4860,5266,5785,2813,2972,1447,686,761,
28950,5789,2801,2988,10129,4917,5212,11576,5595,5981,10128,4860,5268,5787,2814,2973,1447,686,761,
28955,5790,2802,2988,10130,4917,5213,11577,5595,5982,10130,4860,5270,5788,2814,2974,1447,686,761,
28960,5791,2802,2989,10133,4919,5214,11581,5598,5983,10132,4861,5271,5789,2814,2975,1447,686,761,
28965,5791,2802,2989,10135,4920,5215,11581,5598,5983,10133,4862,5271,5789,2814,2975,1448,686,762,
28970,5793,2804,2989,10136,4920,5216,11584,5601,5983,10135,4863,5272,5791,2815,2976,1448,686,762,
28975,5794,2805,2989,10137,4920,5217,11585,5601,5984,10137,4865,5272,5792,2815,2977,1448,686,762,
28980,5795,2805,2990,10140,4920,5220,11589,5603,5986,10139,4866,5273,5793,2816,2977,1448,686,762,
28985,5795,2805,2990,10142,4921,5221,11589,5603,5986,10140,4866,5274,5793,2816,2977,1449,686,763,
28990,5797,2806,2991,10143,4922,5221,11592,5604,5988,10142,4867,5275,5795,2816,2979,1449,686,763,
28995,5798,2807,2991,10144,4923,5221,11593,5604,5989,10144,4869,5275,5796,2817,2979,1449,686,763,
29000,5799,2807,2992,10147,4925,5222,11597,5605,5992,10146,4871,5275,5797,2817,2980,1449,686,763,
29005,5799,2807,2992,10149,4927,5222,11597,5605,5992,10147,4872,5275,5797,2817,2980,1450,687,763,
29010,5801,2808,2993,10150,4927,5223,11600,5607,5993,10149,4873,5276,5799,2819,2980,1450,687,763,
29015,5802,2809,2993,10151,4927,5224,11601,5608,5993,10151,4875,5276,5800,2820,2980,1450,687,763,
29020,5803,2809,2994,10154,4930,5224,11605,5609,5996,10153,4875,5278,5801,2820,2981,1450,687,763,
29025,5803,2809,2994,10156,4931,5225,11605,5609,5996,10154,4876,5278,5801,2820,2981,1451,688,763,
29030,5805,2811,2994,10157,4932,5225,11608,5611,5997,10156,4876,5280,5803,2822,2981,1451,688,763,
29035,5806,2811,2995,10158,4933,5225,11609,5612,5997,10158,4876,5282,5804,2822,2982,1451,688,763,
29040,5807,2811,2996,10161,4936,5225,11613,5615,5998,10160,4877,5283,5805,2823,2982,1451,688,763,
29045,5807,2811,2996,10163,4937,5226,11613,5615,5998,10161,4877,5284,5805,2823,2982,1452,688,764,
29050,5809,2813,2996,10164,4937,5227,11616,5618,5998,10163,4879,5284,5807,2824,2983,1452,688,764,
29055,5810,2813,2997,10165,4938,5227,11617,5619,5998,10165,4880,5285,5808,2825,2983,1452,688,764,
29060,5811,2813,2998,10168,4939,5229,11621,5621,6000,10167,4880,5287,5809,2825,2984,1452,688,764,
29065,5811,2813,2998,10170,4940,5230,11621,5621,6000,10168,4880,5288,5809,2825,2984,1453,688,765,
29070,5813,2813,3000,10171,4941,5230,11624,5622,6002,10170,4881,5289,5811,2826,2985,1453,688,765,
29075,5814,2813,3001,10172,4942,5230,11625,5622,6003,10172,4882,5290,5812,2827,2985,1453,688,765,
29080,5815,2813,3002,10175,4942,5233,11629,5623,6006,10174,4883,5291,5813,2828,2985,1453,688,765,
29085,5815,2813,3002,10177,4943,5234,11629,5623,6006,10175,4883,5292,5813,2828,2985,1454,688,766,
29090,5817,2813,3004,10178,4944,5234,11632,5624,6008,10177,4883,5294,5815,2829,2986,1454,688,766,
29095,5818,2813,3005,10179,4944,5235,11633,5625,6008,10179,4884,5295,5816,2829,2987,1454,688,766,
29100,5819,2814,3005,10182,4947,5235,11637,5626,6011,10181,4885,5296,5817,2829,2988,1454,688,766,
29105,5819,2814,3005,10184,4948,5236,11637,5626,6011,10182,4885,5297,5817,2829,2988,1455,689,766,
29110,5821,2815,3006,10185,4949,5236,11640,5627,6013,10184,4885,5299,5819,2831,2988,1455,689,766,
29115,5822,2815,3007,10186,4949,5237,11641,5628,6013,10186,4886,5300,5820,2832,2988,1455,689,766,
29120,5823,2816,3007,10189,4950,5239,11645,5630,6015,10188,4887,5301,5821,2832,2989,1455,689,766,
29125,5823,2816,3007,10191,4951,5240,11645,5630,6015,10189,4887,5302,5821,2832,2989,1456,690,766,
29130,5825,2816,3009,10192,4951,5241,11648,5632,6016,10191,4889,5302,5823,2833,2990,1456,690,766,
29135,5826,2817,3009,10193,4951,5242,11649,5632,6017,10193,4889,5304,5824,2833,2991,1456,690,766,
29140,5827,2817,3010,10196,4952,5244,11653,5635,6018,10195,4890,5305,5825,2833,2992,1456,690,766,
29145,5827,2817,3010,10198,4952,5246,11653,5635,6018,10196,4890,5306,5825,2833,2992,1457,690,767,
29150,5829,2819,3010,10199,4952,5247,11656,5636,6020,10198,4891,5307,5827,2834,2993,1457,690,767,
29155,5830,2820,3010,10200,4953,5247,11657,5636,6021,10200,4892,5308,5828,2834,2994,1457,690,767,
29160,5831,2821,3010,10203,4955,5248,11661,5639,6022,10202,4892,5310,5829,2835,2994,1457,690,767,
29165,5831,2821,3010,10205,4956,5249,11661,5639,6022,10203,4893,5310,5829,2835,2994,1458,691,767,
29170,5833,2822,3011,10206,4956,5250,11664,5639,6025,10205,4894,5311,5831,2835,2996,1458,691,767,
29175,5834,2822,3012,10207,4956,5251,11665,5640,6025,10207,4895,5312,5832,2835,2997,1458,691,767,
29180,5835,2822,3013,10210,4958,5252,11669,5643,6026,10209,4897,5312,5833,2835,2998,1458,691,767,
29185,5835,2822,3013,10212,4960,5252,11669,5643,6026,10210,4897,5313,5833,2835,2998,1459,692,767,
29190,5837,2822,3015,10213,4960,5253,11672,5645,6027,10212,4898,5314,5835,2837,2998,1459,692,767,
29195,5838,2823,3015,10214,4960,5254,11673,5645,6028,10214,4899,5315,5836,2838,2998,1459,692,767,
29200,5839,2824,3015,10217,4963,5254,11677,5646,6031,10216,4901,5315,5837,2838,2999,1459,692,767,
29205,5839,2824,3015,10219,4964,5255,11677,5646,6031,10217,4901,5316,5837,2838,2999,1460,692,768,
29210,5841,2825,3016,10220,4964,5256,11680,5647,6033,10219,4902,5317,5839,2838,3001,1460,692,768,
29215,5842,2825,3017,10221,4964,5257,11681,5648,6033,10221,4903,5318,5840,2838,3002,1460,692,768,
29220,5843,2825,3018,10224,4966,5258,11685,5650,6035,10223,4905,5318,5841,2839,3002,1460,692,768,
29225,5843,2825,3018,10226,4968,5258,11685,5650,6035,10224,4906,5318,5841,2839,3002,1461,692,769,
29230,5845,2825,3020,10227,4968,5259,11688,5652,6036,10226,4906,5320,5843,2840,3003,1461,692,769,
29235,5846,2825,3021,10228,4968,5260,11689,5652,6037,10228,4907,5321,5844,2840,3004,1461,692,769,
29240,5847,2825,3022,10231,4969,5262,11693,5654,6039,10230,4909,5321,5845,2840,3005,1461,692,769,
29245,5847,2825,3022,10233,4969,5264,11693,5654,6039,10231,4909,5322,5845,2840,3005,1462,693,769,
29250,5849,2825,3024,10234,4969,5265,11696,5656,6040,10233,4909,5324,5847,2841,3006,1462,693,769,
29255,5850,2825,3025,10235,4970,5265,11697,5656,6041,10235,4910,5325,5848,2842,3006,1462,693,769,
29260,5851,2826,3025,10238,4971,5267,11701,5658,6043,10237,4912,5325,5849,2843,3006,1462,693,769,
29265,5851,2826,3025,10240,4973,5267,11701,5658,6043,10238,4912,5326,5849,2843,3006,1463,693,770,
29270,5853,2827,3026,10241,4974,5267,11704,5661,6043,10240,4914,5326,5851,2845,3006,1463,693,770,
29275,5854,2828,3026,10242,4975,5267,11705,5662,6043,10242,4914,5328,5852,2846,3006,1463,693,770,
29280,5855,2829,3026,10245,4976,5269,11709,5663,6046,10244,4914,5330,5853,2846,3007,1463,693,770,
29285,5855,2829,3026,10247,4977,5270,11709,5663,6046,10245,4915,5330,5853,2846,3007,1464,693,771,
29290,5857,2830,3027,10248,4977,5271,11712,5665,6047,10247,4917,5330,5855,2847,3008,1464,693,771,
29295,5858,2831,3027,10249,4977,5272,11713,5665,6048,10249,4918,5331,5856,2847,3009,1464,693,771,
29300,5859,2832,3027,10252,4979,5273,11717,5667,6050,10251,4919,5332,5857,2847,3010,1464,693,771,
29305,5859,2832,3027,10254,4981,5273,11717,5667,6050,10252,4919,5333,5857,2847,3010,1465,693,772,
29310,5861,2834,3027,10255,4982,5273,11720,5668,6052,10254,4920,5334,5859,2849,3010,1465,693,772,
29315,5862,2834,3028,10256,4983,5273,11721,5668,6053,10256,4920,5336,5860,2850,3010,1465,693,772,
29320,5863,2835,3028,10259,4984,5275,11725,5671,6054,10258,4922,5336,5861,2850,3011,1465,693,772,
29325,5863,2835,3028,10261,4985,5276,11725,5671,6054,10259,4923,5336,5861,2850,3011,1466,694,772,
29330,5865,2837,3028,10262,4985,5277,11728,5672,6056,10261,4923,5338,5863,2850,3013,1466,694,772,
29335,5866,2837,3029,10263,4986,5277,11729,5673,6056,10263,4923,5340,5864,2850,3014,1466,694,772,
29340,5867,2837,3030,10266,4988,5278,11733,5674,6059,10265,4923,5342,5865,2851,3014,1466,694,772,
29345,5867,2837,3030,10268,4989,5279,11733,5674,6059,10266,4923,5343,5865,2851,3014,1467,695,772,
29350,5869,2837,3032,10269,4989,5280,11736,5675,6061,10268,4924,5344,5867,2852,3015,1467,695,772,
29355,5870,2838,3032,10270,4989,5281,11737,5675,6062,10270,4925,5345,5868,2852,3016,1467,695,772,
29360,5871,2838,3033,10273,4992,5281,11741,5676,6065,10272,4926,5346,5869,2853,3016,1467,695,772,
29365,5871,2838,3033,10275,4993,5282,11741,5676,6065,10273,4927,5346,5869,2853,3016,1468,695,773,
29370,5873,2840,3033,10276,4993,5283,11744,5677,6067,10275,4928,5347,5871,2855,3016,1468,695,773,
29375,5874,2840,3034,10277,4993,5284,11745,5677,6068,10277,4929,5348,5872,2856,3016,1468,695,773,
29380,5875,2840,3035,10280,4996,5284,11749,5679,6070,10279,4930,5349,5873,2856,3017,1468,695,773,
29385,5875,2840,3035,10282,4997,5285,11749,5679,6070,10280,4930,5350,5873,2856,3017,1469,695,774,
29390,5877,2840,3037,10283,4998,5285,11752,5680,6072,10282,4931,5351,5875,2857,3018,1469,695,774,
29395,5878,2841,3037,10284,4999,5285,11753,5681,6072,10284,4933,5351,5876,2857,3019,1469,695,774,
29400,5879,2842,3037,10287,4999,5288,11757,5683,6074,10286,4934,5352,5877,2858,3019,1469,695,774,
29405,5879,2842,3037,10289,5001,5288,11757,5683,6074,10287,4935,5352,5877,2858,3019,1470,695,775,
29410,5881,2843,3038,10290,5001,5289,11760,5686,6074,10289,4935,5354,5879,2859,3020,1470,695,775,
29415,5882,2844,3038,10291,5002,5289,11761,5687,6074,10291,4935,5356,5880,2860,3020,1470,695,775,
29420,5883,2844,3039,10294,5004,5290,11765,5691,6074,10293,4935,5358,5881,2861,3020,1470,695,775,
29425,5883,2844,3039,10296,5004,5292,11765,5691,6074,10294,4936,5358,5881,2861,3020,1471,696,775,
29430,5885,2845,3040,10297,5004,5293,11768,5693,6075,10296,4938,5358,5883,2862,3021,1471,696,775,
29435,5886,2846,3040,10298,5004,5294,11769,5694,6075,10298,4939,5359,5884,2863,3021,1471,696,775,
29440,5887,2847,3040,10301,5004,5297,11773,5697,6076,10300,4941,5359,5885,2863,3022,1471,696,775,
29445,5887,2847,3040,10303,5006,5297,11773,5697,6076,10301,4941,5360,5885,2863,3022,1472,697,775,
29450,5889,2848,3041,10304,5006,5298,11776,5699,6077,10303,4942,5361,5887,2864,3023,1472,697,775,
29455,5890,2849,3041,10305,5006,5299,11777,5699,6078,10305,4944,5361,5888,2865,3023,1472,697,775,
29460,5891,2849,3042,10308,5007,5301,11781,5702,6079,10307,4945,5362,5889,2865,3024,1472,697,775,
29465,5891,2849,3042,10310,5007,5303,11781,5702,6079,10308,4945,5363,5889,2865,3024,1473,697,776,
29470,5893,2850,3043,10311,5007,5304,11784,5704,6080,10310,4946,5364,5891,2865,3026,1473,697,776,
29475,5894,2851,3043,10312,5007,5305,11785,5705,6080,10312,4947,5365,5892,2866,3026,1473,697,776,
29480,5895,2851,3044,10315,5008,5307,11789,5705,6084,10314,4948,5366,5893,2867,3026,1473,697,776,
29485,5895,2851,3044,10317,5009,5308,11789,5705,6084,10315,4948,5367,5893,2867,3026,1474,697,777,
29490,5897,2852,3045,10318,5009,5309,11792,5706,6086,10317,4948,5369,5895,2869,3026,1474,697,777,
29495,5898,2852,3046,10319,5009,5310,11793,5707,6086,10319,4949,5370,5896,2870,3026,1474,697,777,
29500,5899,2852,3047,10322,5011,5311,11797,5708,6089,10321,4949,5372,5897,2871,3026,1474,697,777,
29505,5899,2852,3047,10324,5013,5311,11797,5708,6089,10322,4950,5372,5897,2871,3026,1475,698,777,
29510,5901,2852,3049,10325,5013,5312,11800,5710,6090,10324,4951,5373,5899,2872,3027,1475,698,777,
29515,5902,2853,3049,10326,5014,5312,11801,5710,6091,10326,4953,5373,5900,2872,3028,1475,698,777,
29520,5903,2853,3050,10329,5015,5314,11805,5711,6094,10328,4954,5374,5901,2872,3029,1475,698,777,
29525,5903,2853,3050,10331,5016,5315,11805,5711,6094,10329,4955,5374,5901,2872,3029,1476,699,777,
29530,5905,2853,3052,10332,5016,5316,11808,5712,6096,10331,4956,5375,5903,2872,3031,1476,699,777,
29535,5906,2854,3052,10333,5016,5317,11809,5713,6096,10333,4956,5377,5904,2872,3032,1476,699,777,
29540,5907,2854,3053,10336,5018,5318,11813,5716,6097,10335,4957,5378,5905,2873,3032,1476,699,777,
29545,5907,2854,3053,10338,5020,5318,11813,5716,6097,10336,4958,5378,5905,2873,3032,1477,700,777,
29550,5909,2855,3054,10339,5021,5318,11816,5717,6099,10338,4958,5380,5907,2875,3032,1477,700,777,
29555,5910,2855,3055,10340,5022,5318,11817,5718,6099,10340,4959,5381,5908,2876,3032,1477,700,777,
29560,5911,2856,3055,10343,5024,5319,11821,5719,6102,10342,4959,5383,5909,2877,3032,1477,700,777,
29565,5911,2856,3055,10345,5025,5320,11821,5719,6102,10343,4960,5383,5909,2877,3032,1478,701,777,
29570,5913,2856,3057,10346,5026,5320,11824,5721,6103,10345,4960,5385,5911,2878,3033,1478,701,777,
29575,5914,2857,3057,10347,5026,5321,11825,5722,6103,10347,4961,5386,5912,2879,3033,1478,701,777,
29580,5915,2857,3058,10350,5026,5324,11829,5724,6105,10349,4962,5387,5913,2879,3034,1478,701,777,
29585,5915,2857,3058,10352,5028,5324,11829,5724,6105,10350,4963,5387,5913,2879,3034,1479,702,777,
29590,5917,2858,3059,10353,5029,5324,11832,5727,6105,10352,4963,5389,5915,2880,3035,1479,702,777,
29595,5918,2858,3060,10354,5030,5324,11833,5728,6105,10354,4964,5390,5916,2880,3036,1479,702,777,
29600,5919,2859,3060,10357,5032,5325,11837,5730,6107,10356,4965,5391,5917,2881,3036,1479,702,777,
29605,5919,2859,3060,10359,5034,5325,11837,5730,6107,10357,4965,5392,5917,2881,3036,1480,702,778,
29610,5921,2860,3061,10360,5034,5326,11840,5732,6108,10359,4967,5392,5919,2883,3036,1480,702,778,
29615,5922,2861,3061,10361,5034,5327,11841,5733,6108,10361,4967,5394,5920,2884,3036,1480,702,778,
29620,5923,2861,3062,10364,5036,5328,11845,5735,6110,10363,4969,5394,5921,2885,3036,1480,702,778,
29625,5923,2861,3062,10366,5036,5330,11845,5735,6110,10364,4970,5394,5921,2885,3036,1481,703,778,
29630,5925,2863,3062,10367,5037,5330,11848,5737,6111,10366,4971,5395,5923,2886,3037,1481,703,778,
29635,5926,2864,3062,10368,5037,5331,11849,5737,6112,10368,4971,5397,5924,2887,3037,1481,703,778,
29640,5927,2865,3062,10371,5039,5332,11853,5739,6114,10370,4972,5398,5925,2888,3037,1481,703,778,
29645,5927,2865,3062,10373,5041,5332,11853,5739,6114,10371,4972,5399,5925,2888,3037,1482,703,779,
29650,5929,2866,3063,10374,5042,5332,11856,5740,6116,10373,4973,5400,5927,2888,3039,1482,703,779,
29655,5930,2867,3063,10375,5043,5332,11857,5741,6116,10375,4975,5400,5928,2888,3040,1482,703,779,
29660,5931,2868,3063,10378,5045,5333,11861,5744,6117,10377,4976,5401,5929,2889,3040,1482,703,779,
29665,5931,2868,3063,10380,5045,5335,11861,5744,6117,10378,4976,5402,5929,2889,3040,1483,703,780,
29670,5933,2869,3064,10381,5045,5336,11864,5746,6118,10380,4976,5404,5931,2890,3041,1483,703,780,
29675,5934,2869,3065,10382,5046,5336,11865,5746,6119,10382,4978,5404,5932,2890,3042,1483,703,780,
29680,5935,2869,3066,10385,5047,5338,11869,5749,6120,10384,4978,5406,5933,2890,3043,1483,703,780,
29685,5935,2869,3066,10387,5048,5339,11869,5749,6120,10385,4979,5406,5933,2890,3043,1484,704,780,
29690,5937,2870,3067,10388,5048,5340,11872,5752,6120,10387,4980,5407,5935,2891,3044,1484,704,780,
29695,5938,2870,3068,10389,5048,5341,11873,5752,6121,10389,4981,5408,5936,2891,3045,1484,704,780,
29700,5939,2871,3068,10392,5049,5343,11877,5754,6123,10391,4982,5409,5937,2891,3046,1484,704,780,
29705,5939,2871,3068,10394,5050,5344,11877,5754,6123,10392,4983,5409,5937,2891,3046,1485,705,780,
29710,5941,2872,3069,10395,5050,5345,11880,5755,6125,10394,4985,5409,5939,2893,3046,1485,705,780,
29715,5942,2872,3070,10396,5050,5346,11881,5755,6126,10396,4985,5411,5940,2894,3046,1485,705,780,
29720,5943,2872,3071,10399,5051,5348,11885,5757,6128,10398,4986,5412,5941,2895,3046,1485,705,780,
29725,5943,2872,3071,10401,5052,5349,11885,5757,6128,10399,4986,5413,5941,2895,3046,1486,705,781,
29730,5945,2872,3073,10402,5053,5349,11888,5758,6130,10401,4987,5414,5943,2896,3047,1486,705,781,
29735,5946,2872,3074,10403,5054,5349,11889,5759,6130,10403,4987,5416,5944,2897,3047,1486,705,781,
29740,5947,2872,3075,10406,5054,5352,11893,5761,6132,10405,4987,5418,5945,2897,3048,1486,705,781,
29745,5947,2872,3075,10408,5054,5354,11893,5761,6132,10406,4988,5418,5945,2897,3048,1487,706,781,
29750,5949,2873,3076,10409,5055,5354,11896,5763,6133,10408,4989,5419,5947,2897,3050,1487,706,781,
29755,5950,2873,3077,10410,5055,5355,11897,5764,6133,10410,4990,5420,5948,2898,3050,1487,706,781,
29760,5951,2874,3077,10413,5057,5356,11901,5767,6134,10412,4991,5421,5949,2899,3050,1487,706,781,
29765,5951,2874,3077,10415,5058,5357,11901,5767,6134,10413,4992,5421,5949,2899,3050,1488,707,781,
29770,5953,2874,3079,10416,5058,5358,11904,5768,6136,10415,4993,5422,5951,2899,3052,1488,707,781,
29775,5954,2875,3079,10417,5059,5358,11905,5769,6136,10417,4994,5423,5952,2900,3052,1488,707,781,
29780,5955,2875,3080,10420,5061,5359,11909,5771,6138,10419,4994,5425,5953,2900,3053,1488,707,781,
29785,5955,2875,3080,10422,5063,5359,11909,5771,6138,10420,4994,5426,5953,2900,3053,1489,707,782,
29790,5957,2877,3080,10423,5063,5360,11912,5773,6139,10422,4995,5427,5955,2900,3055,1489,707,782,
29795,5958,2878,3080,10424,5064,5360,11913,5773,6140,10424,4995,5429,5956,2901,3055,1489,707,782,
29800,5959,2878,3081,10427,5066,5361,11917,5774,6143,10426,4995,5431,5957,2901,3056,1489,707,782,
29805,5959,2878,3081,10429,5067,5362,11917,5774,6143,10427,4996,5431,5957,2901,3056,1490,708,782,
29810,5961,2880,3081,10430,5068,5362,11920,5775,6145,10429,4997,5432,5959,2902,3057,1490,708,782,
29815,5962,2881,3081,10431,5069,5362,11921,5775,6146,10431,4999,5432,5960,2903,3057,1490,708,782,
29820,5963,2881,3082,10434,5072,5362,11925,5777,6148,10433,5001,5432,5961,2904,3057,1490,708,782,
29825,5963,2881,3082,10436,5072,5364,11925,5777,6148,10434,5002,5432,5961,2904,3057,1491,708,783,
29830,5965,2882,3083,10437,5072,5365,11928,5778,6150,10436,5004,5432,5963,2905,3058,1491,708,783,
29835,5966,2882,3084,10438,5072,5366,11929,5779,6150,10438,5004,5434,5964,2905,3059,1491,708,783,
29840,5967,2883,3084,10441,5075,5366,11933,5780,6153,10440,5005,5435,5965,2906,3059,1491,708,783,
29845,5967,2883,3084,10443,5077,5366,11933,5780,6153,10441,5006,5435,5965,2906,3059,1492,709,783,
29850,5969,2885,3084,10444,5077,5367,11936,5782,6154,10443,5006,5437,5967,2907,3060,1492,709,783,
29855,5970,2885,3085,10445,5077,5368,11937,5783,6154,10445,5008,5437,5968,2907,3061,1492,709,783,
29860,5971,2885,3086,10448,5078,5370,11941,5784,6157,10447,5010,5437,5969,2908,3061,1492,709,783,
29865,5971,2885,3086,10450,5079,5371,11941,5784,6157,10448,5011,5437,5969,2908,3061,1493,709,784,
29870,5973,2886,3087,10451,5080,5371,11944,5785,6159,10450,5013,5437,5971,2908,3063,1493,709,784,
29875,5974,2887,3087,10452,5080,5372,11945,5786,6159,10452,5013,5439,5972,2909,3063,1493,709,784,
29880,5975,2888,3087,10455,5082,5373,11949,5788,6161,10454,5014,5440,5973,2910,3063,1493,709,784,
29885,5975,2888,3087,10457,5082,5375,11949,5788,6161,10455,5015,5440,5973,2910,3063,1494,710,784,
29890,5977,2889,3088,10458,5082,5376,11952,5790,6162,10457,5015,5442,5975,2912,3063,1494,710,784,
29895,5978,2890,3088,10459,5082,5377,11953,5790,6163,10459,5016,5443,5976,2913,3063,1494,710,784,
29900,5979,2890,3089,10462,5084,5378,11957,5793,6164,10461,5017,5444,5977,2914,3063,1494,710,784,
29905,5979,2890,3089,10464,5085,5379,11957,5793,6164,10462,5018,5444,5977,2914,3063,1495,710,785,
29910,5981,2891,3090,10465,5085,5380,11960,5796,6164,10464,5020,5444,5979,2915,3064,1495,710,785,
29915,5982,2891,3091,10466,5085,5381,11961,5796,6165,10466,5021,5445,5980,2915,3065,1495,710,785,
29920,5983,2892,3091,10469,5086,5383,11965,5798,6167,10468,5022,5446,5981,2916,3065,1495,710,785,
29925,5983,2892,3091,10471,5087,5384,11965,5798,6167,10469,5023,5446,5981,2916,3065,1496,710,786,
29930,5985,2892,3093,10472,5087,5385,11968,5799,6169,10471,5024,5447,5983,2918,3065,1496,710,786,
29935,5986,2892,3094,10473,5087,5386,11969,5799,6170,10473,5026,5447,5984,2919,3065,1496,710,786,
29940,5987,2893,3094,10476,5088,5388,11973,5800,6173,10475,5027,5448,5985,2919,3066,1496,710,786,
29945,5987,2893,3094,10478,5089,5389,11973,5800,6173,10476,5028,5448,5985,2919,3066,1497,711,786,
29950,5989,2893,3096,10479,5089,5390,11976,5800,6176,10478,5030,5448,5987,2921,3066,1497,711,786,
29955,5990,2894,3096,10480,5089,5391,11977,5800,6177,10480,5031,5449,5988,2921,3067,1497,711,786,
29960,5991,2894,3097,10483,5091,5392,11981,5802,6179,10482,5031,5451,5989,2922,3067,1497,711,786,
29965,5991,2894,3097,10485,5092,5393,11981,5802,6179,10483,5031,5452,5989,2922,3067,1498,712,786,
29970,5993,2896,3097,10486,5093,5393,11984,5803,6181,10485,5033,5452,5991,2923,3068,1498,712,786,
29975,5994,2896,3098,10487,5094,5393,11985,5804,6181,10487,5034,5453,5992,2923,3069,1498,712,786,
29980,5995,2897,3098,10490,5097,5393,11989,5807,6182,10489,5035,5454,5993,2924,3069,1498,712,786,
29985,5995,2897,3098,10492,5097,5395,11989,5807,6182,10490,5035,5455,5993,2924,3069,1499,712,787,
29990,5997,2898,3099,10493,5097,5396,11992,5809,6183,10492,5035,5457,5995,2925,3070,1499,712,787,
29995,5998,2898,3100,10494,5097,5397,11993,5810,6183,10494,5036,5458,5996,2925,3071,1499,712,787,
30000,5999,2899,3100,10497,5098,5399,11997,5810,6187,10496,5036,5460,5997,2925,3072,1499,712,787,
30005,5999,2899,3100,10499,5099,5400,11997,5810,6187,10497,5037,5460,5997,2925,3072,1500,713,787,
30010,6001,2901,3100,10500,5099,5401,12000,5811,6189,10499,5039,5460,5999,2926,3073,1500,713,787,
30015,6002,2901,3101,10501,5100,5401,12001,5811,6190,10501,5039,5462,6000,2926,3074,1500,713,787,
30020,6003,2902,3101,10504,5102,5402,12005,5812,6193,10503,5040,5463,6001,2927,3074,1500,713,787,
30025,6003,2902,3101,10506,5103,5403,12005,5812,6193,10504,5040,5464,6001,2927,3074,1501,714,787,
30030,6005,2903,3102,10507,5103,5404,12008,5813,6195,10506,5041,5465,6003,2929,3074,1501,714,787,
30035,6006,2903,3103,10508,5104,5404,12009,5813,6196,10508,5042,5466,6004,2929,3075,1501,714,787,
30040,6007,2903,3104,10511,5105,5406,12013,5816,6197,10510,5042,5468,6005,2929,3076,1501,714,787,
30045,6007,2903,3104,10513,5105,5408,12013,5816,6197,10511,5043,5468,6005,2929,3076,1502,714,788,
30050,6009,2904,3105,10514,5106,5408,12016,5819,6197,10513,5044,5469,6007,2930,3077,1502,714,788,
30055,6010,2904,3106,10515,5107,5408,12017,5819,6198,10515,5044,5471,6008,2931,3077,1502,714,788,
30060,6011,2905,3106,10518,5107,5411,12021,5821,6200,10517,5045,5472,6009,2932,3077,1502,714,788,
30065,6011,2905,3106,10520,5107,5413,12021,5821,6200,10518,5046,5472,6009,2932,3077,1503,715,788,
30070,6013,2905,3108,10521,5108,5413,12024,5824,6200,10520,5048,5472,6011,2933,3078,1503,715,788,
30075,6014,2905,3109,10522,5109,5413,12025,5824,6201,10522,5050,5472,6012,2933,3079,1503,715,788,
30080,6015,2906,3109,10525,5110,5415,12029,5826,6203,10524,5050,5474,6013,2933,3080,1503,715,788,
30085,6015,2906,3109,10527,5111,5416,12029,5826,6203,10525,5051,5474,6013,2933,3080,1504,716,788,
30090,6017,2906,3111,10528,5111,5417,12032,5827,6205,10527,5051,5476,6015,2934,3081,1504,716,788,
30095,6018,2907,3111,10529,5112,5417,12033,5828,6205,10529,5052,5477,6016,2934,3082,1504,716,788,
30100,6019,2907,3112,10532,5114,5418,12037,5829,6208,10531,5052,5479,6017,2935,3082,1504,716,788,
30105,6019,2907,3112,10534,5115,5419,12037,5829,6208,10532,5052,5480,6017,2935,3082,1505,717,788,
30110,6021,2908,3113,10535,5116,5419,12040,5830,6210,10534,5054,5480,6019,2936,3083,1505,717,788,
30115,6022,2908,3114,10536,5117,5419,12041,5830,6211,10536,5055,5481,6020,2936,3084,1505,717,788,
30120,6023,2909,3114,10539,5119,5420,12045,5834,6211,10538,5056,5482,6021,2936,3085,1505,717,788,
30125,6023,2909,3114,10541,5119,5422,12045,5834,6211,10539,5056,5483,6021,2936,3085,1506,718,788,
30130,6025,2910,3115,10542,5120,5422,12048,5835,6213,10541,5057,5484,6023,2937,3086,1506,718,788,
30135,6026,2910,3116,10543,5121,5422,12049,5835,6214,10543,5058,5485,6024,2938,3086,1506,718,788,
30140,6027,2911,3116,10546,5123,5423,12053,5838,6215,10545,5059,5486,6025,2938,3087,1506,718,788,
30145,6027,2911,3116,10548,5124,5424,12053,5838,6215,10546,5059,5487,6025,2938,3087,1507,718,789,
30150,6029,2913,3116,10549,5125,5424,12056,5840,6216,10548,5060,5488,6027,2939,3088,1507,718,789,
30155,6030,2913,3117,10550,5125,5425,12057,5841,6216,10550,5060,5490,6028,2940,3088,1507,718,789,
30160,6031,2913,3118,10553,5127,5426,12061,5844,6217,10552,5060,5492,6029,2940,3089,1507,718,789,
30165,6031,2913,3118,10555,5129,5426,12061,5844,6217,10553,5061,5492,6029,2940,3089,1508,718,790,
30170,6033,2914,3119,10556,5130,5426,12064,5846,6218,10555,5062,5493,6031,2940,3091,1508,718,790,
30175,6034,2914,3120,10557,5130,5427,12065,5847,6218,10557,5062,5495,6032,2941,3091,1508,718,790,
30180,6035,2914,3121,10560,5133,5427,12069,5848,6221,10559,5063,5496,6033,2941,3092,1508,718,790,
30185,6035,2914,3121,10562,5134,5428,12069,5848,6221,10560,5063,5497,6033,2941,3092,1509,719,790,
30190,6037,2916,3121,10563,5134,5429,12072,5851,6221,10562,5065,5497,6035,2943,3092,1509,719,790,
30195,6038,2917,3121,10564,5134,5430,12073,5851,6222,10564,5065,5499,6036,2944,3092,1509,719,790,
30200,6039,2917,3122,10567,5136,5431,12077,5853,6224,10566,5066,5500,6037,2945,3092,1509,719,790,
30205,6039,2917,3122,10569,5137,5432,12077,5853,6224,10567,5066,5501,6037,2945,3092,1510,719,791,
30210,6041,2918,3123,10570,5137,5433,12080,5853,6227,10569,5067,5502,6039,2946,3093,1510,719,791,
30215,6042,2918,3124,10571,5137,5434,12081,5853,6228,10571,5068,5503,6040,2946,3094,1510,719,791,
30220,6043,2918,3125,10574,5137,5437,12085,5854,6231,10573,5069,5504,6041,2947,3094,1510,719,791,
30225,6043,2918,3125,10576,5138,5438,12085,5854,6231,10574,5069,5505,6041,2947,3094,1511,720,791,
30230,6045,2919,3126,10577,5139,5438,12088,5856,6232,10576,5069,5507,6043,2948,3095,1511,720,791,
30235,6046,2919,3127,10578,5139,5439,12089,5857,6232,10578,5069,5509,6044,2948,3096,1511,720,791,
30240,6047,2920,3127,10581,5140,5441,12093,5860,6233,10580,5070,5510,6045,2949,3096,1511,720,791,
30245,6047,2920,3127,10583,5141,5442,12093,5860,6233,10581,5071,5510,6045,2949,3096,1512,721,791,
30250,6049,2921,3128,10584,5142,5442,12096,5861,6235,10583,5072,5511,6047,2949,3098,1512,721,791,
30255,6050,2921,3129,10585,5143,5442,12097,5862,6235,10585,5072,5513,6048,2949,3099,1512,721,791,
30260,6051,2921,3130,10588,5145,5443,12101,5864,6237,10587,5073,5514,6049,2949,3100,1512,721,791,
30265,6051,2921,3130,10590,5145,5445,12101,5864,6237,10588,5074,5514,6049,2949,3100,1513,722,791,
30270,6053,2923,3130,10591,5146,5445,12104,5865,6239,10590,5075,5515,6051,2949,3102,1513,722,791,
30275,6054,2923,3131,10592,5147,5445,12105,5866,6239,10592,5076,5516,6052,2950,3102,1513,722,791,
30280,6055,2924,3131,10595,5147,5448,12109,5867,6242,10594,5077,5517,6053,2951,3102,1513,722,791,
30285,6055,2924,3131,10597,5148,5449,12109,5867,6242,10595,5078,5517,6053,2951,3102,1514,723,791,
30290,6057,2924,3133,10598,5149,5449,12112,5870,6242,10597,5079,5518,6055,2952,3103,1514,723,791,
30295,6058,2925,3133,10599,5149,5450,12113,5871,6242,10599,5081,5518,6056,2953,3103,1514,723,791,
30300,6059,2926,3133,10602,5149,5453,12117,5873,6244,10601,5082,5519,6057,2953,3104,1514,723,791,
30305,6059,2926,3133,10604,5151,5453,12117,5873,6244,10602,5083,5519,6057,2953,3104,1515,724,791,
30310,6061,2927,3134,10605,5152,5453,12120,5874,6246,10604,5083,5521,6059,2955,3104,1515,724,791,
30315,6062,2928,3134,10606,5153,5453,12121,5874,6247,10606,5085,5521,6060,2956,3104,1515,724,791,
30320,6063,2928,3135,10609,5156,5453,12125,5875,6250,10608,5085,5523,6061,2957,3104,1515,724,791,
30325,6063,2928,3135,10611,5158,5453,12125,5875,6250,10609,5086,5523,6061,2957,3104,1516,724,792,
30330,6065,2928,3137,10612,5158,5454,12128,5877,6251,10611,5087,5524,6063,2958,3105,1516,724,792,
30335,6066,2929,3137,10613,5159,5454,12129,5878,6251,10613,5087,5526,6064,2959,3105,1516,724,792,
30340,6067,2930,3137,10616,5161,5455,12133,5879,6254,10615,5088,5527,6065,2960,3105,1516,724,792,
30345,6067,2930,3137,10618,5161,5457,12133,5879,6254,10616,5088,5528,6065,2960,3105,1517,724,793,
30350,6069,2931,3138,10619,5162,5457,12136,5881,6255,10618,5088,5530,6067,2961,3106,1517,724,793,
30355,6070,2931,3139,10620,5162,5458,12137,5881,6256,10620,5089,5531,6068,2961,3107,1517,724,793,
30360,6071,2932,3139,10623,5162,5461,12141,5882,6259,10622,5090,5532,6069,2961,3108,1517,724,793,
30365,6071,2932,3139,10625,5162,5463,12141,5882,6259,10623,5090,5533,6069,2961,3108,1518,725,793,
30370,6073,2934,3139,10626,5163,5463,12144,5883,6261,10625,5091,5534,6071,2962,3109,1518,725,793,
30375,6074,2934,3140,10627,5164,5463,12145,5884,6261,10627,5093,5534,6072,2962,3110,1518,725,793,
30380,6075,2934,3141,10630,5166,5464,12149,5886,6263,10629,5093,5536,6073,2963,3110,1518,725,793,
30385,6075,2934,3141,10632,5167,5465,12149,5886,6263,10630,5093,5537,6073,2963,3110,1519,726,793,
30390,6077,2934,3143,10633,5168,5465,12152,5888,6264,10632,5093,5539,6075,2964,3111,1519,726,793,
30395,6078,2935,3143,10634,5168,5466,12153,5889,6264,10634,5094,5540,6076,2965,3111,1519,726,793,
30400,6079,2935,3144,10637,5169,5468,12157,5892,6265,10636,5094,5542,6077,2965,3112,1519,726,793,
30405,6079,2935,3144,10639,5171,5468,12157,5892,6265,10637,5095,5542,6077,2965,3112,1520,726,794,
30410,6081,2937,3144,10640,5172,5468,12160,5893,6267,10639,5096,5543,6079,2966,3113,1520,726,794,
30415,6082,2937,3145,10641,5173,5468,12161,5893,6268,10641,5096,5545,6080,2967,3113,1520,726,794,
30420,6083,2937,3146,10644,5176,5468,12165,5894,6271,10643,5097,5546,6081,2967,3114,1520,726,794,
30425,6083,2937,3146,10646,5176,5470,12165,5894,6271,10644,5097,5547,6081,2967,3114,1521,726,795,
30430,6085,2937,3148,10647,5177,5470,12168,5896,6272,10646,5098,5548,6083,2968,3115,1521,726,795,
30435,6086,2937,3149,10648,5177,5471,12169,5896,6273,10648,5100,5548,6084,2969,3115,1521,726,795,
30440,6087,2937,3150,10651,5178,5473,12173,5897,6276,10650,5100,5550,6085,2969,3116,1521,726,795,
30445,6087,2937,3150,10653,5179,5474,12173,5897,6276,10651,5100,5551,6085,2969,3116,1522,727,795,
30450,6089,2938,3151,10654,5179,5475,12176,5898,6278,10653,5100,5553,6087,2970,3117,1522,727,795,
30455,6090,2939,3151,10655,5179,5476,12177,5898,6279,10655,5101,5554,6088,2970,3118,1522,727,795,
30460,6091,2939,3152,10658,5182,5476,12181,5899,6282,10657,5102,5555,6089,2971,3118,1522,727,795,
30465,6091,2939,3152,10660,5183,5477,12181,5899,6282,10658,5102,5556,6089,2971,3118,1523,727,796,
30470,6093,2940,3153,10661,5183,5478,12184,5902,6282,10660,5104,5556,6091,2972,3119,1523,727,796,
30475,6094,2941,3153,10662,5184,5478,12185,5903,6282,10662,5106,5556,6092,2973,3119,1523,727,796,
30480,6095,2941,3154,10665,5186,5479,12189,5906,6283,10664,5106,5558,6093,2973,3120,1523,727,796,
30485,6095,2941,3154,10667,5188,5479,12189,5906,6283,10665,5106,5559,6093,2973,3120,1524,727,797,
30490,6097,2943,3154,10668,5189,5479,12192,5909,6283,10667,5107,5560,6095,2974,3121,1524,727,797,
30495,6098,2943,3155,10669,5189,5480,12193,5910,6283,10669,5107,5562,6096,2974,3122,1524,727,797,
30500,6099,2943,3156,10672,5191,5481,12197,5912,6285,10671,5108,5563,6097,2974,3123,1524,727,797,
30505,6099,2943,3156,10674,5191,5483,12197,5912,6285,10672,5108,5564,6097,2974,3123,1525,727,798,
30510,6101,2944,3157,10675,5192,5483,12200,5913,6287,10674,5109,5565,6099,2974,3125,1525,727,798,
30515,6102,2944,3158,10676,5193,5483,12201,5913,6288,10676,5109,5567,6100,2974,3126,1525,727,798,
30520,6103,2944,3159,10679,5195,5484,12205,5915,6290,10678,5110,5568,6101,2975,3126,1525,727,798,
30525,6103,2944,3159,10681,5195,5486,12205,5915,6290,10679,5111,5568,6101,2975,3126,1526,727,799,
30530,6105,2945,3160,10682,5195,5487,12208,5915,6293,10681,5113,5568,6103,2977,3126,1526,727,799,
30535,6106,2945,3161,10683,5196,5487,12209,5915,6294,10683,5113,5570,6104,2978,3126,1526,727,799,
30540,6107,2945,3162,10686,5198,5488,12213,5916,6297,10685,5115,5570,6105,2978,3127,1526,727,799,
30545,6107,2945,3162,10688,5199,5489,12213,5916,6297,10686,5116,5570,6105,2978,3127,1527,727,800,
30550,6109,2946,3163,10689,5200,5489,12216,5917,6299,10688,5117,5571,6107,2979,3128,1527,727,800,
30555,6110,2947,3163,10690,5201,5489,12217,5917,6300,10690,5118,5572,6108,2979,3129,1527,727,800,
30560,6111,2947,3164,10693,5203,5490,12221,5918,6303,10692,5119,5573,6109,2980,3129,1527,727,800,
30565,6111,2947,3164,10695,5204,5491,12221,5918,6303,10693,5119,5574,6109,2980,3129,1528,728,800,
30570,6113,2948,3165,10696,5204,5492,12224,5920,6304,10695,5120,5575,6111,2981,3130,1528,728,800,
30575,6114,2948,3166,10697,5204,5493,12225,5920,6305,10697,5120,5577,6112,2982,3130,1528,728,800,
30580,6115,2949,3166,10700,5205,5495,12229,5921,6308,10699,5121,5578,6113,2983,3130,1528,728,800,
30585,6115,2949,3166,10702,5206,5496,12229,5921,6308,10700,5121,5579,6113,2983,3130,1529,729,800,
30590,6117,2950,3167,10703,5207,5496,12232,5923,6309,10702,5122,5580,6115,2984,3131,1529,729,800,
30595,6118,2950,3168,10704,5207,5497,12233,5923,6310,10704,5123,5581,6116,2984,3132,1529,729,800,
30600,6119,2950,3169,10707,5208,5499,12237,5925,6312,10706,5124,5582,6117,2984,3133,1529,729,800,
30605,6119,2950,3169,10709,5208,5501,12237,5925,6312,10707,5125,5582,6117,2984,3133,1530,729,801,
30610,6121,2951,3170,10710,5208,5502,12240,5927,6313,10709,5126,5583,6119,2984,3135,1530,729,801,
30615,6122,2951,3171,10711,5208,5503,12241,5927,6314,10711,5126,5585,6120,2984,3136,1530,729,801,
30620,6123,2951,3172,10714,5209,5505,12245,5930,6315,10713,5126,5587,6121,2984,3137,1530,729,801,
30625,6123,2951,3172,10716,5209,5507,12245,5930,6315,10714,5126,5588,6121,2984,3137,1531,730,801,
30630,6125,2951,3174,10717,5210,5507,12248,5931,6317,10716,5126,5590,6123,2986,3137,1531,730,801,
30635,6126,2952,3174,10718,5211,5507,12249,5931,6318,10718,5127,5591,6124,2987,3137,1531,730,801,
30640,6127,2953,3174,10721,5212,5509,12253,5932,6321,10720,5127,5593,6125,2988,3137,1531,730,801,
30645,6127,2953,3174,10723,5212,5511,12253,5932,6321,10721,5128,5593,6125,2988,3137,1532,731,801,
30650,6129,2954,3175,10724,5213,5511,12256,5933,6323,10723,5129,5594,6127,2989,3138,1532,731,801,
30655,6130,2955,3175,10725,5214,5511,12257,5933,6324,10725,5131,5594,6128,2990,3138,1532,731,801,
30660,6131,2956,3175,10728,5215,5513,12261,5936,6325,10727,5131,5596,6129,2990,3139,1532,731,801,
30665,6131,2956,3175,10730,5216,5514,12261,5936,6325,10728,5131,5597,6129,2990,3139,1533,731,802,
30670,6133,2956,3177,10731,5216,5515,12264,5936,6328,10730,5132,5598,6131,2990,3141,1533,731,802,
30675,6134,2956,3178,10732,5216,5516,12265,5936,6329,10732,5133,5599,6132,2990,3142,1533,731,802,
30680,6135,2957,3178,10735,5217,5518,12269,5937,6332,10734,5133,5601,6133,2990,3143,1533,731,802,
30685,6135,2957,3178,10737,5219,5518,12269,5937,6332,10735,5134,5601,6133,2990,3143,1534,731,803,
30690,6137,2957,3180,10738,5219,5519,12272,5938,6334,10737,5134,5603,6135,2991,3144,1534,731,803,
30695,6138,2958,3180,10739,5219,5520,12273,5938,6335,10739,5135,5604,6136,2992,3144,1534,731,803,
30700,6139,2959,3180,10742,5219,5523,12277,5939,6338,10741,5135,5606,6137,2993,3144,1534,731,803,
30705,6139,2959,3180,10744,5221,5523,12277,5939,6338,10742,5135,5607,6137,2993,3144,1535,731,804,
30710,6141,2961,3180,10745,5222,5523,12280,5939,6341,10744,5137,5607,6139,2995,3144,1535,731,804,
30715,6142,2961,3181,10746,5223,5523,12281,5939,6342,10746,5138,5608,6140,2995,3145,1535,731,804,
30720,6143,2962,3181,10749,5224,5525,12285,5943,6342,10748,5139,5609,6141,2995,3146,1535,731,804,
30725,6143,2962,3181,10751,5226,5525,12285,5943,6342,10749,5140,5609,6141,2995,3146,1536,731,805,
30730,6145,2963,3182,10752,5227,5525,12288,5944,6344,10751,5141,5610,6143,2997,3146,1536,731,805,
30735,6146,2964,3182,10753,5227,5526,12289,5945,6344,10753,5141,5612,6144,2997,3147,1536,731,805,
30740,6147,2964,3183,10756,5229,5527,12293,5949,6344,10755,5141,5614,6145,2997,3148,1536,731,805,
30745,6147,2964,3183,10758,5231,5527,12293,5949,6344,10756,5142,5614,6145,2997,3148,1537,731,806,
30750,6149,2965,3184,10759,5231,5528,12296,5950,6346,10758,5144,5614,6147,2998,3149,1537,731,806,
30755,6150,2965,3185,10760,5232,5528,12297,5951,6346,10760,5144,5616,6148,2998,3150,1537,731,806,
30760,6151,2966,3185,10763,5233,5530,12301,5952,6349,10762,5145,5617,6149,2999,3150,1537,731,806,
30765,6151,2966,3185,10765,5234,5531,12301,5952,6349,10763,5146,5617,6149,2999,3150,1538,731,807,
30770,6153,2967,3186,10766,5235,5531,12304,5955,6349,10765,5146,5619,6151,3000,3151,1538,731,807,
30775,6154,2968,3186,10767,5235,5532,12305,5956,6349,10767,5147,5620,6152,3001,3151,1538,731,807,
30780,6155,2969,3186,10770,5236,5534,12309,5959,6350,10769,5148,5621,6153,3001,3152,1538,731,807,
30785,6155,2969,3186,10772,5237,5535,12309,5959,6350,10770,5148,5622,6153,3001,3152,1539,732,807,
30790,6157,2970,3187,10773,5238,5535,12312,5961,6351,10772,5148,5624,6155,3003,3152,1539,732,807,
30795,6158,2970,3188,10774,5239,5535,12313,5962,6351,10774,5150,5624,6156,3004,3152,1539,732,807,
30800,6159,2970,3189,10777,5240,5537,12317,5964,6353,10776,5152,5624,6157,3004,3153,1539,732,807,
30805,6159,2970,3189,10779,5242,5537,12317,5964,6353,10777,5153,5624,6157,3004,3153,1540,733,807,
30810,6161,2971,3190,10780,5242,5538,12320,5966,6354,10779,5154,5625,6159,3005,3154,1540,733,807,
30815,6162,2971,3191,10781,5243,5538,12321,5966,6355,10781,5156,5625,6160,3006,3154,1540,733,807,
30820,6163,2972,3191,10784,5244,5540,12325,5967,6358,10783,5158,5625,6161,3007,3154,1540,733,807,
30825,6163,2972,3191,10786,5245,5541,12325,5967,6358,10784,5159,5625,6161,3007,3154,1541,733,808,
30830,6165,2973,3192,10787,5246,5541,12328,5968,6360,10786,5160,5626,6163,3008,3155,1541,733,808,
30835,6166,2974,3192,10788,5246,5542,12329,5969,6360,10788,5161,5627,6164,3008,3156,1541,733,808,
30840,6167,2975,3192,10791,5247,5544,12333,5971,6362,10790,5162,5628,6165,3008,3157,1541,733,808,
30845,6167,2975,3192,10793,5248,5545,12333,5971,6362,10791,5162,5629,6165,3008,3157,1542,734,808,
30850,6169,2976,3193,10794,5248,5546,12336,5974,6362,10793,5164,5629,6167,3008,3159,1542,734,808,
30855,6170,2977,3193,10795,5248,5547,12337,5975,6362,10795,5165,5630,6168,3008,3160,1542,734,808,
30860,6171,2978,3193,10798,5249,5549,12341,5977,6364,10797,5166,5631,6169,3008,3161,1542,734,808,
30865,6171,2978,3193,10800,5250,5550,12341,5977,6364,10798,5167,5631,6169,3008,3161,1543,734,809,
30870,6173,2979,3194,10801,5251,5550,12344,5979,6365,10800,5169,5631,6171,3009,3162,1543,734,809,
30875,6174,2980,3194,10802,5251,5551,12345,5979,6366,10802,5171,5631,6172,3009,3163,1543,734,809,
30880,6175,2981,3194,10805,5253,5552,12349,5981,6368,10804,5172,5632,6173,3009,3164,1543,734,809,
30885,6175,2981,3194,10807,5254,5553,12349,5981,6368,10805,5172,5633,6173,3009,3164,1544,734,810,
30890,6177,2981,3196,10808,5255,5553,12352,5983,6369,10807,5173,5634,6175,3010,3165,1544,734,810,
30895,6178,2982,3196,10809,5255,5554,12353,5983,6370,10809,5175,5634,6176,3010,3166,1544,734,810,
30900,6179,2982,3197,10812,5256,5556,12357,5984,6373,10811,5176,5635,6177,3011,3166,1544,734,810,
30905,6179,2982,3197,10814,5256,5558,12357,5984,6373,10812,5176,5636,6177,3011,3166,1545,734,811,
30910,6181,2983,3198,10815,5256,5559,12360,5985,6375,10814,5177,5637,6179,3011,3168,1545,734,811,
30915,6182,2983,3199,10816,5257,5559,12361,5985,6376,10816,5177,5639,6180,3012,3168,1545,734,811,
30920,6183,2983,3200,10819,5258,5561,12365,5985,6380,10818,5177,5641,6181,3012,3169,1545,734,811,
30925,6183,2983,3200,10821,5258,5563,12365,5985,6380,10819,5178,5641,6181,3012,3169,1546,735,811,
30930,6185,2983,3202,10822,5258,5564,12368,5987,6381,10821,5180,5641,6183,3013,3170,1546,735,811,
30935,6186,2984,3202,10823,5258,5565,12369,5988,6381,10823,5180,5643,6184,3013,3171,1546,735,811,
30940,6187,2985,3202,10826,5260,5566,12373,5991,6382,10825,5181,5644,6185,3014,3171,1546,735,811,
30945,6187,2985,3202,10828,5260,5568,12373,5991,6382,10826,5182,5644,6185,3014,3171,1547,736,811,
30950,6189,2986,3203,10829,5261,5568,12376,5992,6384,10828,5184,5644,6187,3015,3172,1547,736,811,
30955,6190,2986,3204,10830,5262,5568,12377,5992,6385,10830,5185,5645,6188,3016,3172,1547,736,811,
30960,6191,2986,3205,10833,5264,5569,12381,5993,6388,10832,5185,5647,6189,3016,3173,1547,736,811,
30965,6191,2986,3205,10835,5265,5570,12381,5993,6388,10833,5185,5648,6189,3016,3173,1548,737,811,
30970,6193,2988,3205,10836,5266,5570,12384,5995,6389,10835,5186,5649,6191,3016,3175,1548,737,811,
30975,6194,2988,3206,10837,5266,5571,12385,5996,6389,10837,5187,5650,6192,3017,3175,1548,737,811,
30980,6195,2989,3206,10840,5266,5574,12389,5998,6391,10839,5188,5651,6193,3017,3176,1548,737,811,
30985,6195,2989,3206,10842,5267,5575,12389,5998,6391,10840,5188,5652,6193,3017,3176,1549,738,811,
30990,6197,2990,3207,10843,5267,5576,12392,6000,6392,10842,5189,5653,6195,3018,3177,1549,738,811,
30995,6198,2991,3207,10844,5267,5577,12393,6001,6392,10844,5191,5653,6196,3018,3178,1549,738,811,
31000,6199,2991,3208,10847,5268,5579,12397,6001,6396,10846,5193,5653,6197,3018,3179,1549,738,811,
31005,6199,2991,3208,10849,5270,5579,12397,6001,6396,10847,5194,5653,6197,3018,3179,1550,739,811,
31010,6201,2993,3208,10850,5271,5579,12400,6001,6399,10849,5196,5653,6199,3019,3180,1550,739,811,
31015,6202,2993,3209,10851,5272,5579,12401,6002,6399,10851,5196,5655,6200,3019,3181,1550,739,811,
31020,6203,2994,3209,10854,5274,5580,12405,6003,6402,10853,5196,5657,6201,3020,3181,1550,739,811,
31025,6203,2994,3209,10856,5275,5581,12405,6003,6402,10854,5197,5657,6201,3020,3181,1551,740,811,
31030,6205,2995,3210,10857,5276,5581,12408,6004,6404,10856,5198,5658,6203,3021,3182,1551,740,811,
31035,6206,2995,3211,10858,5276,5582,12409,6004,6405,10858,5199,5659,6204,3021,3183,1551,740,811,
31040,6207,2995,3212,10861,5277,5584,12413,6007,6406,10860,5200,5660,6205,3022,3183,1551,740,811,
31045,6207,2995,3212,10863,5278,5585,12413,6007,6406,10861,5201,5660,6205,3022,3183,1552,740,812,
31050,6209,2996,3213,10864,5279,5585,12416,6007,6409,10863,5203,5660,6207,3023,3184,1552,740,812,
31055,6210,2997,3213,10865,5279,5586,12417,6008,6409,10865,5203,5662,6208,3024,3184,1552,740,812,
31060,6211,2998,3213,10868,5280,5588,12421,6011,6410,10867,5203,5664,6209,3024,3185,1552,740,812,
31065,6211,2998,3213,10870,5282,5588,12421,6011,6410,10868,5204,5664,6209,3024,3185,1553,740,813,
31070,6213,2998,3215,10871,5282,5589,12424,6014,6410,10870,5206,5664,6211,3025,3186,1553,740,813,
31075,6214,2999,3215,10872,5283,5589,12425,6015,6410,10872,5207,5665,6212,3026,3186,1553,740,813,
31080,6215,3000,3215,10875,5284,5591,12429,6017,6412,10874,5209,5665,6213,3027,3186,1553,740,813,
31085,6215,3000,3215,10877,5284,5593,12429,6017,6412,10875,5209,5666,6213,3027,3186,1554,741,813,
31090,6217,3001,3216,10878,5285,5593,12432,6020,6412,10877,5210,5667,6215,3029,3186,1554,741,813,
31095,6218,3001,3217,10879,5285,5594,12433,6020,6413,10879,5212,5667,6216,3029,3187,1554,741,813,
31100,6219,3002,3217,10882,5286,5596,12437,6021,6416,10881,5212,5669,6217,3029,3188,1554,741,813,
31105,6219,3002,3217,10884,5287,5597,12437,6021,6416,10882,5213,5669,6217,3029,3188,1555,742,813,
31110,6221,3002,3219,10885,5287,5598,12440,6022,6418,10884,5214,5670,6219,3029,3190,1555,742,813,
31115,6222,3002,3220,10886,5287,5599,12441,6022,6419,10886,5215,5671,6220,3029,3191,1555,742,813,
31120,6223,3002,3221,10889,5290,5599,12445,6024,6421,10888,5215,5673,6221,3029,3192,1555,742,813,
31125,6223,3002,3221,10891,5290,5601,12445,6024,6421,10889,5215,5674,6221,3029,3192,1556,743,813,
31130,6225,3002,3223,10892,5291,5601,12448,6025,6423,10891,5216,5675,6223,3030,3193,1556,743,813,
31135,6226,3002,3224,10893,5292,5601,12449,6026,6423,10893,5218,5675,6224,3031,3193,1556,743,813,
31140,6227,3003,3224,10896,5293,5603,12453,6027,6426,10895,5219,5676,6225,3032,3193,1556,743,813,
31145,6227,3003,3224,10898,5294,5604,12453,6027,6426,10896,5219,5677,6225,3032,3193,1557,744,813,
31150,6229,3003,3226,10899,5294,5605,12456,6028,6428,10898,5221,5677,6227,3033,3194,1557,744,813,
31155,6230,3004,3226,10900,5295,5605,12457,6029,6428,10900,5223,5677,6228,3034,3194,1557,744,813,
31160,6231,3004,3227,10903,5297,5606,12461,6031,6430,10902,5223,5679,6229,3034,3195,1557,744,813,
31165,6231,3004,3227,10905,5298,5607,12461,6031,6430,10903,5224,5679,6229,3034,3195,1558,745,813,
31170,6233,3005,3228,10906,5298,5608,12464,6032,6432,10905,5225,5680,6231,3034,3197,1558,745,813,
31175,6234,3006,3228,10907,5299,5608,12465,6032,6433,10907,5226,5681,6232,3034,3198,1558,745,813,
31180,6235,3006,3229,10910,5301,5609,12469,6034,6435,10909,5228,5681,6233,3034,3199,1558,745,813,
31185,6235,3006,3229,10912,5302,5610,12469,6034,6435,10910,5229,5681,6233,3034,3199,1559,745,814,
31190,6237,3007,3230,10913,5302,5611,12472,6034,6438,10912,5230,5682,6235,3036,3199,1559,745,814,
31195,6238,3008,3230,10914,5302,5612,12473,6034,6439,10914,5231,5683,6236,3037,3199,1559,745,814,
31200,6239,3008,3231,10917,5304,5613,12477,6038,6439,10916,5231,5685,6237,3038,3199,1559,745,814,
31205,6239,3008,3231,10919,5305,5614,12477,6038,6439,10917,5231,5686,6237,3038,3199,1560,746,814,
31210,6241,3010,3231,10920,5305,5615,12480,6040,6440,10919,5233,5686,6239,3038,3201,1560,746,814,
31215,6242,3010,3232,10921,5305,5616,12481,6040,6441,10921,5234,5687,6240,3038,3202,1560,746,814,
31220,6243,3011,3232,10924,5305,5619,12485,6041,6444,10923,5235,5688,6241,3038,3203,1560,746,814,
31225,6243,3011,3232,10926,5306,5620,12485,6041,6444,10924,5235,5689,6241,3038,3203,1561,746,815,
31230,6245,3012,3233,10927,5307,5620,12488,6042,6446,10926,5237,5689,6243,3038,3205,1561,746,815,
31235,6246,3012,3234,10928,5307,5621,12489,6042,6447,10928,5238,5690,6244,3039,3205,1561,746,815,
31240,6247,3013,3234,10931,5308,5623,12493,6044,6449,10930,5238,5692,6245,3040,3205,1561,746,815,
31245,6247,3013,3234,10933,5308,5625,12493,6044,6449,10931,5238,5693,6245,3040,3205,1562,746,816,
31250,6249,3014,3235,10934,5309,5625,12496,6047,6449,10933,5239,5694,6247,3041,3206,1562,746,816,
31255,6250,3014,3236,10935,5310,5625,12497,6047,6450,10935,5241,5694,6248,3041,3207,1562,746,816,
31260,6251,3014,3237,10938,5311,5627,12501,6050,6451,10937,5241,5696,6249,3042,3207,1562,746,816,
31265,6251,3014,3237,10940,5312,5628,12501,6050,6451,10938,5241,5697,6249,3042,3207,1563,746,817,
31270,6253,3015,3238,10941,5312,5629,12504,6053,6451,10940,5242,5698,6251,3043,3208,1563,746,817,
31275,6254,3015,3239,10942,5313,5629,12505,6054,6451,10942,5244,5698,6252,3043,3209,1563,746,817,
31280,6255,3015,3240,10945,5315,5630,12509,6055,6454,10944,5246,5698,6253,3043,3210,1563,746,817,
31285,6255,3015,3240,10947,5316,5631,12509,6055,6454,10945,5247,5698,6253,3043,3210,1564,746,818,
31290,6257,3016,3241,10948,5316,5632,12512,6056,6456,10947,5248,5699,6255,3045,3210,1564,746,818,
31295,6258,3017,3241,10949,5316,5633,12513,6057,6456,10949,5249,5700,6256,3045,3211,1564,746,818,
31300,6259,3018,3241,10952,5317,5635,12517,6058,6459,10951,5251,5700,6257,3046,3211,1564,746,818,
31305,6259,3018,3241,10954,5318,5636,12517,6058,6459,10952,5251,5701,6257,3046,3211,1565,747,818,
31310,6261,3019,3242,10955,5318,5637,12520,6061,6459,10954,5251,5703,6259,3046,3213,1565,747,818,
31315,6262,3020,3242,10956,5318,5638,12521,6062,6459,10956,5252,5704,6260,3046,3214,1565,747,818,
31320,6263,3021,3242,10959,5319,5640,12525,6064,6461,10958,5253,5705,6261,3047,3214,1565,747,818,
31325,6263,3021,3242,10961,5320,5641,12525,6064,6461,10959,5254,5705,6261,3047,3214,1566,748,818,
31330,6265,3022,3243,10962,5320,5642,12528,6065,6463,10961,5255,5706,6263,3049,3214,1566,748,818,
31335,6266,3023,3243,10963,5320,5643,12529,6066,6463,10963,5255,5708,6264,3049,3215,1566,748,818,
31340,6267,3024,3243,10966,5323,5643,12533,6067,6466,10965,5256,5709,6265,3049,3216,1566,748,818,
31345,6267,3024,3243,10968,5325,5643,12533,6067,6466,10966,5257,5709,6265,3049,3216,1567,748,819,
31350,6269,3024,3245,10969,5326,5643,12536,6067,6469,10968,5258,5710,6267,3049,3218,1567,748,819,
31355,6270,3024,3246,10970,5326,5644,12537,6067,6470,10970,5259,5711,6268,3049,3219,1567,748,819,
31360,6271,3024,3247,10973,5328,5645,12541,6069,6472,10972,5259,5713,6269,3049,3220,1567,748,819,
31365,6271,3024,3247,10975,5329,5646,12541,6069,6472,10973,5260,5713,6269,3049,3220,1568,748,820,
31370,6273,3025,3248,10976,5329,5647,12544,6069,6475,10975,5261,5714,6271,3050,3221,1568,748,820,
31375,6274,3026,3248,10977,5330,5647,12545,6070,6475,10977,5262,5715,6272,3050,3222,1568,748,820,
31380,6275,3027,3248,10980,5333,5647,12549,6072,6477,10979,5263,5716,6273,3050,3223,1568,748,820,
31385,6275,3027,3248,10982,5333,5649,12549,6072,6477,10980,5264,5716,6273,3050,3223,1569,749,820,
31390,6277,3028,3249,10983,5334,5649,12552,6075,6477,10982,5264,5718,6275,3051,3224,1569,749,820,
31395,6278,3028,3250,10984,5335,5649,12553,6075,6478,10984,5265,5719,6276,3052,3224,1569,749,820,
31400,6279,3029,3250,10987,5336,5651,12557,6077,6480,10986,5266,5720,6277,3052,3225,1569,749,820,
31405,6279,3029,3250,10989,5337,5652,12557,6077,6480,10987,5267,5720,6277,3052,3225,1570,750,820,
31410,6281,3030,3251,10990,5337,5653,12560,6077,6483,10989,5267,5722,6279,3054,3225,1570,750,820,
31415,6282,3031,3251,10991,5337,5654,12561,6078,6483,10991,5268,5723,6280,3055,3225,1570,750,820,
31420,6283,3032,3251,10994,5339,5655,12565,6082,6483,10993,5269,5724,6281,3055,3226,1570,750,820,
31425,6283,3032,3251,10996,5339,5657,12565,6082,6483,10994,5269,5725,6281,3055,3226,1571,751,820,
31430,6285,3034,3251,10997,5340,5657,12568,6083,6485,10996,5270,5726,6283,3055,3228,1571,751,820,
31435,6286,3035,3251,10998,5340,5658,12569,6084,6485,10998,5271,5727,6284,3055,3229,1571,751,820,
31440,6287,3035,3252,11001,5342,5659,12573,6086,6487,11000,5271,5729,6285,3056,3229,1571,751,820,
31445,6287,3035,3252,11003,5343,5660,12573,6086,6487,11001,5271,5730,6285,3056,3229,1572,751,821,
31450,6289,3037,3252,11004,5344,5660,12576,6088,6488,11003,5272,5731,6287,3057,3230,1572,751,821,
31455,6290,3038,3252,11005,5345,5660,12577,6088,6489,11005,5274,5731,6288,3057,3231,1572,751,821,
31460,6291,3039,3252,11008,5347,5661,12581,6091,6490,11007,5275,5732,6289,3057,3232,1572,751,821,
31465,6291,3039,3252,11010,5348,5662,12581,6091,6490,11008,5275,5733,6289,3057,3232,1573,752,821,
31470,6293,3040,3253,11011,5349,5662,12584,6092,6492,11010,5276,5734,6291,3057,3234,1573,752,821,
31475,6294,3040,3254,11012,5350,5662,12585,6093,6492,11012,5277,5735,6292,3057,3235,1573,752,821,
31480,6295,3041,3254,11015,5351,5664,12589,6094,6495,11014,5278,5736,6293,3058,3235,1573,752,821,
31485,6295,3041,3254,11017,5352,5665,12589,6094,6495,11015,5279,5736,6293,3058,3235,1574,753,821,
31490,6297,3041,3256,11018,5352,5666,12592,6096,6496,11017,5279,5738,6295,3058,3237,1574,753,821,
31495,6298,3041,3257,11019,5352,5667,12593,6096,6497,11019,5280,5739,6296,3058,3238,1574,753,821,
31500,6299,3041,3258,11022,5353,5669,12597,6098,6499,11021,5281,5740,6297,3058,3239,1574,753,821,
31505,6299,3041,3258,11024,5355,5669,12597,6098,6499,11022,5281,5741,6297,3058,3239,1575,754,821,
31510,6301,3043,3258,11025,5356,5669,12600,6100,6500,11024,5282,5742,6299,3058,3241,1575,754,821,
31515,6302,3044,3258,11026,5357,5669,12601,6100,6501,11026,5283,5743,6300,3059,3241,1575,754,821,
31520,6303,3045,3258,11029,5358,5671,12605,6102,6503,11028,5283,5745,6301,3060,3241,1575,754,821,
31525,6303,3045,3258,11031,5359,5672,12605,6102,6503,11029,5284,5745,6301,3060,3241,1576,754,822,
31530,6305,3045,3260,11032,5359,5673,12608,6103,6505,11031,5285,5746,6303,3061,3242,1576,754,822,
31535,6306,3045,3261,11033,5359,5674,12609,6103,6506,11033,5286,5747,6304,3061,3243,1576,754,822,
31540,6307,3045,3262,11036,5359,5677,12613,6104,6509,11035,5286,5749,6305,3062,3243,1576,754,822,
31545,6307,3045,3262,11038,5360,5678,12613,6104,6509,11036,5286,5750,6305,3062,3243,1577,754,823,
31550,6309,3047,3262,11039,5360,5679,12616,6106,6510,11038,5286,5752,6307,3064,3243,1577,754,823,
31555,6310,3047,3263,11040,5361,5679,12617,6106,6511,11040,5287,5753,6308,3064,3244,1577,754,823,
31560,6311,3047,3264,11043,5362,5681,12621,6108,6513,11042,5287,5755,6309,3065,3244,1577,754,823,
31565,6311,3047,3264,11045,5362,5683,12621,6108,6513,11043,5287,5756,6309,3065,3244,1578,754,824,
31570,6313,3047,3266,11046,5362,5684,12624,6110,6514,11045,5288,5757,6311,3066,3245,1578,754,824,
31575,6314,3048,3266,11047,5363,5684,12625,6110,6515,11047,5288,5759,6312,3066,3246,1578,754,824,
31580,6315,3049,3266,11050,5365,5685,12629,6113,6516,11049,5290,5759,6313,3067,3246,1578,754,824,
31585,6315,3049,3266,11052,5366,5686,12629,6113,6516,11050,5291,5759,6313,3067,3246,1579,755,824,
31590,6317,3049,3268,11053,5366,5687,12632,6114,6518,11052,5291,5761,6315,3067,3248,1579,755,824,
31595,6318,3049,3269,11054,5366,5688,12633,6115,6518,11054,5293,5761,6316,3068,3248,1579,755,824,
31600,6319,3050,3269,11057,5368,5689,12637,6117,6520,11056,5293,5763,6317,3068,3249,1579,755,824,
31605,6319,3050,3269,11059,5370,5689,12637,6117,6520,11057,5293,5764,6317,3068,3249,1580,755,825,
31610,6321,3050,3271,11060,5370,5690,12640,6118,6522,11059,5294,5765,6319,3069,3250,1580,755,825,
31615,6322,3050,3272,11061,5371,5690,12641,6118,6523,11061,5294,5767,6320,3069,3251,1580,755,825,
31620,6323,3050,3273,11064,5371,5693,12645,6120,6525,11063,5296,5767,6321,3069,3252,1580,755,825,
31625,6323,3050,3273,11066,5372,5694,12645,6120,6525,11064,5296,5768,6321,3069,3252,1581,755,826,
31630,6325,3051,3274,11067,5373,5694,12648,6123,6525,11066,5298,5768,6323,3071,3252,1581,755,826,
31635,6326,3052,3274,11068,5374,5694,12649,6124,6525,11068,5300,5768,6324,3071,3253,1581,755,826,
31640,6327,3053,3274,11071,5376,5695,12653,6126,6527,11070,5300,5770,6325,3071,3254,1581,755,826,
31645,6327,3053,3274,11073,5377,5696,12653,6126,6527,11071,5301,5770,6325,3071,3254,1582,755,827,
31650,6329,3055,3274,11074,5377,5697,12656,6126,6530,11073,5302,5771,6327,3072,3255,1582,755,827,
31655,6330,3056,3274,11075,5378,5697,12657,6127,6530,11075,5303,5772,6328,3073,3255,1582,755,827,
31660,6331,3057,3274,11078,5380,5698,12661,6129,6532,11077,5305,5772,6329,3074,3255,1582,755,827,
31665,6331,3057,3274,11080,5381,5699,12661,6129,6532,11078,5306,5772,6329,3074,3255,1583,755,828,
31670,6333,3058,3275,11081,5382,5699,12664,6130,6534,11080,5307,5773,6331,3074,3257,1583,755,828,
31675,6334,3058,3276,11082,5383,5699,12665,6130,6535,11082,5307,5775,6332,3075,3257,1583,755,828,
31680,6335,3059,3276,11085,5385,5700,12669,6133,6536,11084,5308,5776,6333,3075,3258,1583,755,828,
31685,6335,3059,3276,11087,5386,5701,12669,6133,6536,11085,5308,5777,6333,3075,3258,1584,756,828,
31690,6337,3061,3276,11088,5386,5702,12672,6135,6537,11087,5309,5778,6335,3077,3258,1584,756,828,
31695,6338,3062,3276,11089,5386,5703,12673,6136,6537,11089,5310,5779,6336,3077,3259,1584,756,828,
31700,6339,3062,3277,11092,5389,5703,12677,6138,6539,11091,5311,5780,6337,3077,3260,1584,756,828,
31705,6339,3062,3277,11094,5390,5704,12677,6138,6539,11092,5311,5781,6337,3077,3260,1585,756,829,
31710,6341,3063,3278,11095,5390,5705,12680,6139,6541,11094,5312,5782,6339,3079,3260,1585,756,829,
31715,6342,3064,3278,11096,5390,5706,12681,6139,6542,11096,5314,5782,6340,3080,3260,1585,756,829,
31720,6343,3064,3279,11099,5391,5708,12685,6141,6544,11098,5315,5783,6341,3081,3260,1585,756,829,
31725,6343,3064,3279,11101,5392,5709,12685,6141,6544,11099,5315,5784,6341,3081,3260,1586,757,829,
31730,6345,3066,3279,11102,5393,5709,12688,6144,6544,11101,5317,5784,6343,3082,3261,1586,757,829,
31735,6346,3067,3279,11103,5394,5709,12689,6144,6545,11103,5318,5785,6344,3082,3262,1586,757,829,
31740,6347,3067,3280,11106,5394,5712,12693,6146,6547,11105,5318,5787,6345,3082,3263,1586,757,829,
31745,6347,3067,3280,11108,5395,5713,12693,6146,6547,11106,5319,5787,6345,3082,3263,1587,758,829,
31750,6349,3068,3281,11109,5395,5714,12696,6147,6549,11108,5319,5789,6347,3083,3264,1587,758,829,
31755,6350,3068,3282,11110,5396,5714,12697,6147,6550,11110,5319,5791,6348,3083,3265,1587,758,829,
31760,6351,3069,3282,11113,5398,5715,12701,6148,6553,11112,5319,5793,6349,3084,3265,1587,758,829,
31765,6351,3069,3282,11115,5398,5717,12701,6148,6553,11113,5320,5793,6349,3084,3265,1588,759,829,
31770,6353,3070,3283,11116,5399,5717,12704,6151,6553,11115,5322,5793,6351,3084,3267,1588,759,829,
31775,6354,3071,3283,11117,5399,5718,12705,6152,6553,11117,5323,5794,6352,3085,3267,1588,759,829,
31780,6355,3072,3283,11120,5402,5718,12709,6154,6555,11119,5323,5796,6353,3086,3267,1588,759,829,
31785,6355,3072,3283,11122,5402,5720,12709,6154,6555,11120,5323,5797,6353,3086,3267,1589,760,829,
31790,6357,3073,3284,11123,5403,5720,12712,6155,6557,11122,5323,5799,6355,3087,3268,1589,760,829,
31795,6358,3074,3284,11124,5404,5720,12713,6156,6557,11124,5324,5800,6356,3087,3269,1589,760,829,
31800,6359,3075,3284,11127,5405,5722,12717,6159,6558,11126,5325,5801,6357,3087,3270,1589,760,829,
31805,6359,3075,3284,11129,5406,5723,12717,6159,6558,11127,5325,5802,6357,3087,3270,1590,761,829,
31810,6361,3076,3285,11130,5406,5724,12720,6159,6561,11129,5326,5803,6359,3088,3271,1590,761,829,
31815,6362,3077,3285,11131,5406,5725,12721,6160,6561,11131,5327,5804,6360,3089,3271,1590,761,829,
31820,6363,3077,3286,11134,5406,5728,12725,6162,6563,11133,5328,5805,6361,3089,3272,1590,761,829,
31825,6363,3077,3286,11136,5407,5729,12725,6162,6563,11134,5329,5805,6361,3089,3272,1591,761,830,
31830,6365,3078,3287,11137,5408,5729,12728,6162,6566,11136,5330,5806,6363,3090,3273,1591,761,830,
31835,6366,3079,3287,11138,5409,5729,12729,6162,6567,11138,5332,5806,6364,3090,3274,1591,761,830,
31840,6367,3079,3288,11141,5409,5732,12733,6163,6570,11140,5333,5807,6365,3090,3275,1591,761,830,
31845,6367,3079,3288,11143,5410,5733,12733,6163,6570,11141,5334,5807,6365,3090,3275,1592,761,831,
31850,6369,3080,3289,11144,5410,5734,12736,6163,6573,11143,5335,5808,6367,3092,3275,1592,761,831,
31855,6370,3081,3289,11145,5411,5734,12737,6164,6573,11145,5336,5809,6368,3092,3276,1592,761,831,
31860,6371,3081,3290,11148,5413,5735,12741,6165,6576,11147,5337,5810,6369,3093,3276,1592,761,831,
31865,6371,3081,3290,11150,5414,5736,12741,6165,6576,11148,5338,5810,6369,3093,3276,1593,762,831,
31870,6373,3083,3290,11151,5415,5736,12744,6168,6576,11150,5338,5812,6371,3094,3277,1593,762,831,
31875,6374,3083,3291,11152,5416,5736,12745,6169,6576,11152,5338,5814,6372,3095,3277,1593,762,831,
31880,6375,3084,3291,11155,5416,5739,12749,6172,6577,11154,5339,5815,6373,3096,3277,1593,762,831,
31885,6375,3084,3291,11157,5416,5741,12749,6172,6577,11155,5339,5816,6373,3096,3277,1594,763,831,
31890,6377,3084,3293,11158,5416,5742,12752,6174,6578,11157,5341,5816,6375,3098,3277,1594,763,831,
31895,6378,3084,3294,11159,5417,5742,12753,6175,6578,11159,5343,5816,6376,3099,3277,1594,763,831,
31900,6379,3084,3295,11162,5419,5743,12757,6175,6582,11161,5343,5818,6377,3100,3277,1594,763,831,
31905,6379,3084,3295,11164,5420,5744,12757,6175,6582,11162,5344,5818,6377,3100,3277,1595,763,832,
31910,6381,3086,3295,11165,5421,5744,12760,6176,6584,11164,5345,5819,6379,3101,3278,1595,763,832,
31915,6382,3086,3296,11166,5422,5744,12761,6176,6585,11166,5346,5820,6380,3101,3279,1595,763,832,
31920,6383,3086,3297,11169,5424,5745,12765,6178,6587,11168,5347,5821,6381,3101,3280,1595,763,832,
31925,6383,3086,3297,11171,5426,5745,12765,6178,6587,11169,5347,5822,6381,3101,3280,1596,763,833,
31930,6385,3087,3298,11172,5427,5745,12768,6179,6589,11171,5347,5824,6383,3101,3282,1596,763,833,
31935,6386,3087,3299,11173,5428,5745,12769,6180,6589,11173,5348,5825,6384,3102,3282,1596,763,833,
31940,6387,3087,3300,11176,5429,5747,12773,6181,6592,11175,5349,5826,6385,3103,3282,1596,763,833,
31945,6387,3087,3300,11178,5430,5748,12773,6181,6592,11176,5349,5827,6385,3103,3282,1597,763,834,
31950,6389,3088,3301,11179,5430,5749,12776,6183,6593,11178,5351,5827,6387,3104,3283,1597,763,834,
31955,6390,3089,3301,11180,5430,5750,12777,6183,6594,11180,5352,5828,6388,3105,3283,1597,763,834,
31960,6391,3090,3301,11183,5431,5752,12781,6185,6596,11182,5354,5828,6389,3105,3284,1597,763,834,
31965,6391,3090,3301,11185,5432,5753,12781,6185,6596,11183,5355,5828,6389,3105,3284,1598,763,835,
31970,6393,3090,3303,11186,5432,5754,12784,6185,6599,11185,5355,5830,6391,3106,3285,1598,763,835,
31975,6394,3091,3303,11187,5433,5754,12785,6186,6599,11187,5357,5830,6392,3107,3285,1598,763,835,
31980,6395,3091,3304,11190,5435,5755,12789,6188,6601,11189,5358,5831,6393,3107,3286,1598,763,835,
31985,6395,3091,3304,11192,5436,5756,12789,6188,6601,11190,5359,5831,6393,3107,3286,1599,763,836,
31990,6397,3091,3306,11193,5436,5757,12792,6189,6603,11192,5360,5832,6395,3108,3287,1599,763,836,
31995,6398,3092,3306,11194,5437,5757,12793,6189,6604,11194,5360,5834,6396,3108,3288,1599,763,836,
32000,6399,3093,3306,11197,5437,5760,12797,6191,6606,11196,5361,5835,6397,3109,3288,1599,763,836,
32005,6399,3093,3306,11199,5437,5762,12797,6191,6606,11197,5362,5835,6397,3109,3288,1600,764,836,
32010,6401,3094,3307,11200,5438,5762,12800,6194,6606,11199,5364,5835,6399,3110,3289,1600,764,836,
32015,6402,3095,3307,11201,5438,5763,12801,6194,6607,11201,5365,5836,6400,3111,3289,1600,764,836,
32020,6403,3096,3307,11204,5439,5765,12805,6195,6610,11203,5366,5837,6401,3111,3290,1600,764,836,
32025,6403,3096,3307,11206,5439,5767,12805,6195,6610,11204,5367,5837,6401,3111,3290,1601,765,836,
32030,6405,3097,3308,11207,5440,5767,12808,6196,6612,11206,5368,5838,6403,3112,3291,1601,765,836,
32035,6406,3098,3308,11208,5440,5768,12809,6197,6612,11208,5369,5839,6404,3113,3291,1601,765,836,
32040,6407,3098,3309,11211,5441,5770,12813,6198,6615,11210,5369,5841,6405,3114,3291,1601,765,836,
32045,6407,3098,3309,11213,5442,5771,12813,6198,6615,11211,5370,5841,6405,3114,3291,1602,766,836,
32050,6409,3099,3310,11214,5442,5772,12816,6199,6617,11213,5372,5841,6407,3115,3292,1602,766,836,
32055,6410,3099,3311,11215,5442,5773,12817,6200,6617,11215,5374,5841,6408,3116,3292,1602,766,836,
32060,6411,3100,3311,11218,5444,5774,12821,6202,6619,11217,5376,5841,6409,3116,3293,1602,766,836,
32065,6411,3100,3311,11220,5446,5774,12821,6202,6619,11218,5376,5842,6409,3116,3293,1603,766,837,
32070,6413,3102,3311,11221,5446,5775,12824,6204,6620,11220,5376,5844,6411,3117,3294,1603,766,837,
32075,6414,3103,3311,11222,5446,5776,12825,6204,6621,11222,5377,5845,6412,3118,3294,1603,766,837,
32080,6415,3104,3311,11225,5448,5777,12829,6206,6623,11224,5379,5845,6413,3119,3294,1603,766,837,
32085,6415,3104,3311,11227,5449,5778,12829,6206,6623,11225,5379,5846,6413,3119,3294,1604,766,838,
32090,6417,3104,3313,11228,5450,5778,12832,6207,6625,11227,5379,5848,6415,3121,3294,1604,766,838,
32095,6418,3105,3313,11229,5450,5779,12833,6207,6626,11229,5380,5849,6416,3122,3294,1604,766,838,
32100,6419,3105,3314,11232,5452,5780,12837,6209,6628,11231,5381,5850,6417,3122,3295,1604,766,838,
32105,6419,3105,3314,11234,5453,5781,12837,6209,6628,11232,5381,5851,6417,3122,3295,1605,766,839,
32110,6421,3106,3315,11235,5453,5782,12840,6210,6630,11234,5382,5852,6419,3123,3296,1605,766,839,
32115,6422,3106,3316,11236,5454,5782,12841,6210,6631,11236,5382,5854,6420,3124,3296,1605,766,839,
32120,6423,3106,3317,11239,5456,5783,12845,6210,6635,11238,5383,5855,6421,3124,3297,1605,766,839,
32125,6423,3106,3317,11241,5458,5783,12845,6210,6635,11239,5384,5855,6421,3124,3297,1606,766,840,
32130,6425,3107,3318,11242,5458,5784,12848,6212,6636,11241,5384,5857,6423,3126,3297,1606,766,840,
32135,6426,3108,3318,11243,5458,5785,12849,6213,6636,11243,5386,5857,6424,3126,3298,1606,766,840,
32140,6427,3109,3318,11246,5459,5787,12853,6216,6637,11245,5387,5858,6425,3126,3299,1606,766,840,
32145,6427,3109,3318,11248,5460,5788,12853,6216,6637,11246,5388,5858,6425,3126,3299,1607,766,841,
32150,6429,3109,3320,11249,5461,5788,12856,6216,6640,11248,5389,5859,6427,3127,3300,1607,766,841,
32155,6430,3110,3320,11250,5462,5788,12857,6216,6641,11250,5390,5860,6428,3127,3301,1607,766,841,
32160,6431,3111,3320,11253,5464,5789,12861,6217,6644,11252,5391,5861,6429,3127,3302,1607,766,841,
32165,6431,3111,3320,11255,5465,5790,12861,6217,6644,11253,5392,5861,6429,3127,3302,1608,767,841,
32170,6433,3112,3321,11256,5466,5790,12864,6217,6647,11255,5392,5863,6431,3129,3302,1608,767,841,
32175,6434,3112,3322,11257,5467,5790,12865,6218,6647,11257,5392,5865,6432,3130,3302,1608,767,841,
32180,6435,3112,3323,11260,5467,5793,12869,6218,6651,11259,5392,5867,6433,3131,3302,1608,767,841,
32185,6435,3112,3323,11262,5467,5795,12869,6218,6651,11260,5393,5867,6433,3131,3302,1609,767,842,
32190,6437,3113,3324,11263,5467,5796,12872,6219,6653,11262,5394,5868,6435,3132,3303,1609,767,842,
32195,6438,3113,3325,11264,5468,5796,12873,6220,6653,11264,5395,5869,6436,3133,3303,1609,767,842,
32200,6439,3113,3326,11267,5470,5797,12877,6221,6656,11266,5397,5869,6437,3134,3303,1609,767,842,
32205,6439,3113,3326,11269,5471,5798,12877,6221,6656,11267,5397,5870,6437,3134,3303,1610,767,843,
32210,6441,3113,3328,11270,5471,5799,12880,6223,6657,11269,5398,5871,6439,3135,3304,1610,767,843,
32215,6442,3114,3328,11271,5471,5800,12881,6223,6658,11271,5399,5872,6440,3135,3305,1610,767,843,
32220,6443,3115,3328,11274,5474,5800,12885,6224,6661,11273,5401,5872,6441,3136,3305,1610,767,843,
32225,6443,3115,3328,11276,5474,5802,12885,6224,6661,11274,5402,5872,6441,3136,3305,1611,767,844,
32230,6445,3116,3329,11277,5474,5803,12888,6227,6661,11276,5403,5873,6443,3137,3306,1611,767,844,
32235,6446,3117,3329,11278,5474,5804,12889,6228,6661,11278,5404,5874,6444,3137,3307,1611,767,844,
32240,6447,3118,3329,11281,5476,5805,12893,6231,6662,11280,5404,5876,6445,3138,3307,1611,767,844,
32245,6447,3118,3329,11283,5478,5805,12893,6231,6662,11281,5405,5876,6445,3138,3307,1612,768,844,
32250,6449,3118,3331,11284,5479,5805,12896,6231,6665,11283,5406,5877,6447,3140,3307,1612,768,844,
32255,6450,3118,3332,11285,5479,5806,12897,6232,6665,11285,5407,5878,6448,3141,3307,1612,768,844,
32260,6451,3118,3333,11288,5481,5807,12901,6235,6666,11287,5407,5880,6449,3141,3308,1612,768,844,
32265,6451,3118,3333,11290,5481,5809,12901,6235,6666,11288,5408,5880,6449,3141,3308,1613,768,845,
32270,6453,3118,3335,11291,5482,5809,12904,6235,6669,11290,5409,5881,6451,3141,3310,1613,768,845,
32275,6454,3119,3335,11292,5483,5809,12905,6236,6669,11292,5411,5881,6452,3142,3310,1613,768,845,
32280,6455,3119,3336,11295,5483,5812,12909,6237,6672,11294,5413,5881,6453,3143,3310,1613,768,845,
32285,6455,3119,3336,11297,5483,5814,12909,6237,6672,11295,5414,5881,6453,3143,3310,1614,768,846,
32290,6457,3120,3337,11298,5483,5815,12912,6239,6673,11297,5415,5882,6455,3143,3312,1614,768,846,
32295,6458,3120,3338,11299,5483,5816,12913,6239,6674,11299,5416,5883,6456,3143,3313,1614,768,846,
32300,6459,3120,3339,11302,5484,5818,12917,6241,6676,11301,5417,5884,6457,3143,3314,1614,768,846,
32305,6459,3120,3339,11304,5484,5820,12917,6241,6676,11302,5418,5884,6457,3143,3314,1615,768,847,
32310,6461,3121,3340,11305,5484,5821,12920,6242,6678,11304,5420,5884,6459,3144,3315,1615,768,847,
32315,6462,3121,3341,11306,5484,5822,12921,6242,6679,11306,5422,5884,6460,3144,3316,1615,768,847,
32320,6463,3121,3342,11309,5486,5823,12925,6243,6682,11308,5423,5885,6461,3144,3317,1615,768,847,
32325,6463,3121,3342,11311,5487,5824,12925,6243,6682,11309,5424,5885,6461,3144,3317,1616,768,848,
32330,6465,3121,3344,11312,5487,5825,12928,6246,6682,11311,5424,5887,6463,3144,3319,1616,768,848,
32335,6466,3122,3344,11313,5487,5826,12929,6246,6683,11313,5424,5889,6464,3145,3319,1616,768,848,
32340,6467,3123,3344,11316,5488,5828,12933,6248,6685,11315,5424,5891,6465,3145,3320,1616,768,848,
32345,6467,3123,3344,11318,5489,5829,12933,6248,6685,11316,5424,5892,6465,3145,3320,1617,768,849,
32350,6469,3124,3345,11319,5489,5830,12936,6249,6687,11318,5425,5893,6467,3147,3320,1617,768,849,
32355,6470,3125,3345,11320,5490,5830,12937,6249,6688,11320,5427,5893,6468,3147,3321,1617,768,849,
32360,6471,3126,3345,11323,5492,5831,12941,6251,6690,11322,5428,5894,6469,3148,3321,1617,768,849,
32365,6471,3126,3345,11325,5493,5832,12941,6251,6690,11323,5429,5894,6469,3148,3321,1618,768,850,
32370,6473,3127,3346,11326,5493,5833,12944,6253,6691,11325,5429,5896,6471,3149,3322,1618,768,850,
32375,6474,3128,3346,11327,5493,5834,12945,6253,6692,11327,5431,5896,6472,3150,3322,1618,768,850,
32380,6475,3129,3346,11330,5494,5836,12949,6254,6695,11329,5431,5898,6473,3151,3322,1618,768,850,
32385,6475,3129,3346,11332,5494,5838,12949,6254,6695,11330,5432,5898,6473,3151,3322,1619,768,851,
32390,6477,3129,3348,11333,5494,5839,12952,6256,6696,11332,5433,5899,6475,3151,3324,1619,768,851,
32395,6478,3130,3348,11334,5494,5840,12953,6256,6697,11334,5434,5900,6476,3152,3324,1619,768,851,
32400,6479,3131,3348,11337,5495,5842,12957,6257,6700,11336,5435,5901,6477,3153,3324,1619,768,851,
32405,6479,3131,3348,11339,5496,5843,12957,6257,6700,11337,5436,5901,6477,3153,3324,1620,768,852,
32410,6481,3132,3349,11340,5496,5844,12960,6257,6703,11339,5436,5903,6479,3154,3325,1620,768,852,
32415,6482,3133,3349,11341,5497,5844,12961,6258,6703,11341,5437,5904,6480,3155,3325,1620,768,852,
32420,6483,3134,3349,11344,5498,5846,12965,6259,6706,11343,5439,5904,6481,3156,3325,1620,768,852,
32425,6483,3134,3349,11346,5499,5847,12965,6259,6706,11344,5440,5904,6481,3156,3325,1621,769,852,
32430,6485,3136,3349,11347,5500,5847,12968,6261,6707,11346,5441,5905,6483,3157,3326,1621,769,852,
32435,6486,3137,3349,11348,5500,5848,12969,6262,6707,11348,5442,5906,6484,3158,3326,1621,769,852,
32440,6487,3138,3349,11351,5501,5850,12973,6263,6710,11350,5444,5906,6485,3159,3326,1621,769,852,
32445,6487,3138,3349,11353,5502,5851,12973,6263,6710,11351,5444,5907,6485,3159,3326,1622,770,852,
32450,6489,3138,3351,11354,5503,5851,12976,6264,6712,11353,5446,5907,6487,3161,3326,1622,770,852,
32455,6490,3138,3352,11355,5503,5852,12977,6265,6712,11355,5447,5908,6488,3162,3326,1622,770,852,
32460,6491,3138,3353,11358,5505,5853,12981,6267,6714,11357,5447,5910,6489,3162,3327,1622,770,852,
32465,6491,3138,3353,11360,5506,5854,12981,6267,6714,11358,5447,5911,6489,3162,3327,1623,770,853,
32470,6493,3140,3353,11361,5506,5855,12984,6270,6714,11360,5448,5912,6491,3163,3328,1623,770,853,
32475,6494,3140,3354,11362,5507,5855,12985,6270,6715,11362,5449,5913,6492,3164,3328,1623,770,853,
32480,6495,3141,3354,11365,5508,5857,12989,6272,6717,11364,5449,5915,6493,3164,3329,1623,770,853,
32485,6495,3141,3354,11367,5509,5858,12989,6272,6717,11365,5450,5915,6493,3164,3329,1624,771,853,
32490,6497,3143,3354,11368,5509,5859,12992,6273,6719,11367,5451,5916,6495,3165,3330,1624,771,853,
32495,6498,3143,3355,11369,5509,5860,12993,6273,6720,11369,5452,5917,6496,3165,3331,1624,771,853,
32500,6499,3144,3355,11372,5511,5861,12997,6275,6722,11371,5453,5918,6497,3166,3331,1624,771,853,
32505,6499,3144,3355,11374,5512,5862,12997,6275,6722,11372,5454,5918,6497,3166,3331,1625,772,853,
32510,6501,3144,3357,11375,5513,5862,13000,6277,6723,11374,5454,5920,6499,3168,3331,1625,772,853,
32515,6502,3144,3358,11376,5513,5863,13001,6278,6723,11376,5456,5920,6500,3168,3332,1625,772,853,
32520,6503,3145,3358,11379,5514,5865,13005,6279,6726,11378,5457,5921,6501,3169,3332,1625,772,853,
32525,6503,3145,3358,11381,5515,5866,13005,6279,6726,11379,5458,5921,6501,3169,3332,1626,773,853,
32530,6505,3145,3360,11382,5515,5867,13008,6281,6727,11381,5459,5922,6503,3169,3334,1626,773,853,
32535,6506,3146,3360,11383,5516,5867,13009,6282,6727,11383,5459,5924,6504,3170,3334,1626,773,853,
32540,6507,3147,3360,11386,5519,5867,13013,6284,6729,11385,5459,5926,6505,3170,3335,1626,773,853,
32545,6507,3147,3360,11388,5519,5869,13013,6284,6729,11386,5460,5926,6505,3170,3335,1627,774,853,
32550,6509,3149,3360,11389,5520,5869,13016,6284,6732,11388,5462,5926,6507,3171,3336,1627,774,853,
32555,6510,3149,3361,11390,5520,5870,13017,6285,6732,11390,5463,5927,6508,3172,3336,1627,774,853,
32560,6511,3149,3362,11393,5521,5872,13021,6287,6734,11392,5465,5927,6509,3173,3336,1627,774,853,
32565,6511,3149,3362,11395,5521,5874,13021,6287,6734,11393,5466,5927,6509,3173,3336,1628,775,853,
32570,6513,3149,3364,11396,5522,5874,13024,6288,6736,11395,5467,5928,6511,3175,3336,1628,775,853,
32575,6514,3150,3364,11397,5522,5875,13025,6288,6737,11397,5469,5928,6512,3176,3336,1628,775,853,
32580,6515,3150,3365,11400,5523,5877,13029,6289,6740,11399,5470,5929,6513,3177,3336,1628,775,853,
32585,6515,3150,3365,11402,5524,5878,13029,6289,6740,11400,5471,5929,6513,3177,3336,1629,775,854,
32590,6517,3151,3366,11403,5524,5879,13032,6291,6741,11402,5471,5931,6515,3178,3337,1629,775,854,
32595,6518,3152,3366,11404,5524,5880,13033,6292,6741,11404,5472,5932,6516,3179,3337,1629,775,854,
32600,6519,3153,3366,11407,5524,5883,13037,6294,6743,11406,5472,5934,6517,3179,3338,1629,775,854,
32605,6519,3153,3366,11409,5524,5885,13037,6294,6743,11407,5472,5935,6517,3179,3338,1630,775,855,
32610,6521,3154,3367,11410,5525,5885,13040,6295,6745,11409,5473,5936,6519,3180,3339,1630,775,855,
32615,6522,3154,3368,11411,5526,5885,13041,6295,6746,11411,5473,5938,6520,3180,3340,1630,775,855,
32620,6523,3154,3369,11414,5528,5886,13045,6297,6748,11413,5474,5939,6521,3180,3341,1630,775,855,
32625,6523,3154,3369,11416,5529,5887,13045,6297,6748,11414,5474,5940,6521,3180,3341,1631,776,855,
32630,6525,3154,3371,11417,5530,5887,13048,6298,6750,11416,5475,5941,6523,3180,3343,1631,776,855,
32635,6526,3155,3371,11418,5530,5888,13049,6299,6750,11418,5476,5942,6524,3180,3344,1631,776,855,
32640,6527,3156,3371,11421,5531,5890,13053,6300,6753,11420,5476,5944,6525,3180,3345,1631,776,855,
32645,6527,3156,3371,11423,5532,5891,13053,6300,6753,11421,5477,5944,6525,3180,3345,1632,776,856,
32650,6529,3156,3373,11424,5532,5892,13056,6302,6754,11423,5479,5944,6527,3180,3347,1632,776,856,
32655,6530,3157,3373,11425,5532,5893,13057,6303,6754,11425,5481,5944,6528,3180,3348,1632,776,856,
32660,6531,3157,3374,11428,5534,5894,13061,6305,6756,11427,5483,5944,6529,3181,3348,1632,776,856,
32665,6531,3157,3374,11430,5536,5894,13061,6305,6756,11428,5484,5944,6529,3181,3348,1633,777,856,
32670,6533,3159,3374,11431,5536,5895,13064,6305,6759,11430,5485,5945,6531,3183,3348,1633,777,856,
32675,6534,3159,3375,11432,5536,5896,13065,6305,6760,11432,5487,5945,6532,3183,3349,1633,777,856,
32680,6535,3159,3376,11435,5536,5899,13069,6308,6761,11434,5487,5947,6533,3183,3350,1633,777,856,
32685,6535,3159,3376,11437,5537,5900,13069,6308,6761,11435,5487,5948,6533,3183,3350,1634,778,856,
32690,6537,3161,3376,11438,5537,5901,13072,6310,6762,11437,5487,5950,6535,3184,3351,1634,778,856,
32695,6538,3161,3377,11439,5538,5901,13073,6310,6763,11439,5488,5951,6536,3184,3352,1634,778,856,
32700,6539,3162,3377,11442,5540,5902,13077,6312,6765,11441,5490,5951,6537,3184,3353,1634,778,856,
32705,6539,3162,3377,11444,5541,5903,13077,6312,6765,11442,5490,5952,6537,3184,3353,1635,779,856,
32710,6541,3163,3378,11445,5541,5904,13080,6315,6765,11444,5491,5953,6539,3185,3354,1635,779,856,
32715,6542,3164,3378,11446,5542,5904,13081,6315,6766,11446,5492,5954,6540,3185,3355,1635,779,856,
32720,6543,3164,3379,11449,5542,5907,13085,6318,6767,11448,5493,5955,6541,3185,3356,1635,779,856,
32725,6543,3164,3379,11451,5544,5907,13085,6318,6767,11449,5493,5956,6541,3185,3356,1636,779,857,
32730,6545,3165,3380,11452,5544,5908,13088,6320,6768,11451,5495,5956,6543,3186,3357,1636,779,857,
32735,6546,3166,3380,11453,5545,5908,13089,6321,6768,11453,5496,5957,6544,3187,3357,1636,779,857,
32740,6547,3166,3381,11456,5547,5909,13093,6324,6769,11455,5497,5958,6545,3188,3357,1636,779,857,
32745,6547,3166,3381,11458,5548,5910,13093,6324,6769,11456,5497,5959,6545,3188,3357,1637,780,857,
32750,6549,3166,3383,11459,5549,5910,13096,6327,6769,11458,5498,5960,6547,3189,3358,1637,780,857,
32755,6550,3167,3383,11460,5549,5911,13097,6327,6770,11460,5498,5962,6548,3190,3358,1637,780,857,
32760,6551,3168,3383,11463,5549,5914,13101,6328,6773,11462,5498,5964,6549,3191,3358,1637,780,857,
32765,6551,3168,3383,11465,5549,5916,13101,6328,6773,11463,5498,5965,6549,3191,3358,1638,781,857,
32770,6553,3168,3385,11466,5550,5916,13104,6330,6774,11465,5499,5966,6551,3191,3360,1638,781,857,
32775,6554,3168,3386,11467,5550,5917,13105,6330,6775,11467,5500,5967,6552,3192,3360,1638,781,857,
32780,6555,3169,3386,11470,5551,5919,13109,6332,6777,11469,5500,5969,6553,3193,3360,1638,781,857,
32785,6555,3169,3386,11472,5552,5920,13109,6332,6777,11470,5501,5969,6553,3193,3360,1639,781,858,
32790,6557,3171,3386,11473,5553,5920,13112,6333,6779,11472,5503,5969,6555,3194,3361,1639,781,858,
32795,6558,3172,3386,11474,5553,5921,13113,6334,6779,11474,5505,5969,6556,3195,3361,1639,781,858,
32800,6559,3172,3387,11477,5555,5922,13117,6336,6781,11476,5507,5969,6557,3195,3362,1639,781,858,
32805,6559,3172,3387,11479,5556,5923,13117,6336,6781,11477,5508,5969,6557,3195,3362,1640,782,858,
32810,6561,3172,3389,11480,5556,5924,13120,6337,6783,11479,5510,5969,6559,3196,3363,1640,782,858,
32815,6562,3172,3390,11481,5557,5924,13121,6338,6783,11481,5512,5969,6560,3196,3364,1640,782,858,
32820,6563,3172,3391,11484,5558,5926,13125,6341,6784,11483,5513,5970,6561,3196,3365,1640,782,858,
32825,6563,3172,3391,11486,5559,5927,13125,6341,6784,11484,5514,5970,6561,3196,3365,1641,783,858,
32830,6565,3173,3392,11487,5559,5928,13128,6342,6786,11486,5515,5971,6563,3197,3366,1641,783,858,
32835,6566,3174,3392,11488,5559,5929,13129,6342,6787,11488,5517,5971,6564,3198,3366,1641,783,858,
32840,6567,3175,3392,11491,5561,5930,13133,6345,6788,11490,5517,5973,6565,3198,3367,1641,783,858,
32845,6567,3175,3392,11493,5563,5930,13133,6345,6788,11491,5517,5974,6565,3198,3367,1642,783,859,
32850,6569,3175,3394,11494,5563,5931,13136,6348,6788,11493,5518,5975,6567,3198,3369,1642,783,859,
32855,6570,3175,3395,11495,5563,5932,13137,6348,6789,11495,5519,5976,6568,3199,3369,1642,783,859,
32860,6571,3175,3396,11498,5564,5934,13141,6349,6792,11497,5520,5977,6569,3199,3370,1642,783,859,
32865,6571,3175,3396,11500,5564,5936,13141,6349,6792,11498,5520,5978,6569,3199,3370,1643,783,860,
32870,6573,3177,3396,11501,5564,5937,13144,6352,6792,11500,5522,5978,6571,3199,3372,1643,783,860,
32875,6574,3177,3397,11502,5564,5938,13145,6352,6793,11502,5523,5979,6572,3199,3373,1643,783,860,
32880,6575,3177,3398,11505,5567,5938,13149,6353,6796,11504,5523,5981,6573,3199,3374,1643,783,860,
32885,6575,3177,3398,11507,5568,5939,13149,6353,6796,11505,5524,5981,6573,3199,3374,1644,783,861,
32890,6577,3179,3398,11508,5569,5939,13152,6353,6799,11507,5525,5982,6575,3199,3376,1644,783,861,
32895,6578,3180,3398,11509,5570,5939,13153,6354,6799,11509,5526,5983,6576,3200,3376,1644,783,861,
32900,6579,3181,3398,11512,5572,5940,13157,6356,6801,11511,5526,5985,6577,3200,3377,1644,783,861,
32905,6579,3181,3398,11514,5574,5940,13157,6356,6801,11512,5526,5986,6577,3200,3377,1645,784,861,
32910,6581,3181,3400,11515,5574,5941,13160,6359,6801,11514,5527,5987,6579,3200,3379,1645,784,861,
32915,6582,3181,3401,11516,5575,5941,13161,6360,6801,11516,5529,5987,6580,3201,3379,1645,784,861,
32920,6583,3182,3401,11519,5575,5944,13165,6361,6804,11518,5530,5988,6581,3201,3380,1645,784,861,
32925,6583,3182,3401,11521,5575,5946,13165,6361,6804,11519,5530,5989,6581,3201,3380,1646,785,861,
32930,6585,3183,3402,11522,5576,5946,13168,6362,6806,11521,5532,5989,6583,3202,3381,1646,785,861,
32935,6586,3183,3403,11523,5576,5947,13169,6362,6807,11523,5533,5990,6584,3202,3382,1646,785,861,
32940,6587,3183,3404,11526,5577,5949,13173,6365,6808,11525,5534,5991,6585,3202,3383,1646,785,861,
32945,6587,3183,3404,11528,5579,5949,13173,6365,6808,11526,5534,5992,6585,3202,3383,1647,786,861,
32950,6589,3185,3404,11529,5580,5949,13176,6366,6810,11528,5534,5994,6587,3204,3383,1647,786,861,
32955,6590,3185,3405,11530,5580,5950,13177,6367,6810,11530,5536,5994,6588,3204,3384,1647,786,861,
32960,6591,3186,3405,11533,5583,5950,13181,6368,6813,11532,5536,5996,6589,3205,3384,1647,786,861,
32965,6591,3186,3405,11535,5584,5951,13181,6368,6813,11533,5537,5996,6589,3205,3384,1648,786,862,
32970,6593,3187,3406,11536,5585,5951,13184,6371,6813,11535,5537,5998,6591,3207,3384,1648,786,862,
32975,6594,3187,3407,11537,5585,5952,13185,6371,6814,11537,5538,5999,6592,3208,3384,1648,786,862,
32980,6595,3187,3408,11540,5586,5954,13189,6373,6816,11539,5539,6000,6593,3209,3384,1648,786,862,
32985,6595,3187,3408,11542,5587,5955,13189,6373,6816,11540,5539,6001,6593,3209,3384,1649,787,862,
32990,6597,3188,3409,11543,5587,5956,13192,6375,6817,11542,5540,6002,6595,3210,3385,1649,787,862,
32995,6598,3188,3410,11544,5588,5956,13193,6375,6818,11544,5541,6003,6596,3210,3386,1649,787,862,
33000,6599,3188,3411,11547,5588,5959,13197,6376,6821,11546,5543,6003,6597,3210,3387,1649,787,862,
33005,6599,3188,3411,11549,5588,5961,13197,6376,6821,11547,5543,6004,6597,3210,3387,1650,787,863,
33010,6601,3190,3411,11550,5589,5961,13200,6378,6822,11549,5544,6005,6599,3211,3388,1650,787,863,
33015,6602,3191,3411,11551,5589,5962,13201,6379,6822,11551,5545,6006,6600,3211,3389,1650,787,863,
33020,6603,3191,3412,11554,5591,5963,13205,6381,6824,11553,5547,6006,6601,3212,3389,1650,787,863,
33025,6603,3191,3412,11556,5593,5963,13205,6381,6824,11554,5548,6006,6601,3212,3389,1651,788,863,
33030,6605,3192,3413,11557,5593,5964,13208,6382,6826,11556,5550,6006,6603,3212,3391,1651,788,863,
33035,6606,3193,3413,11558,5593,5965,13209,6382,6827,11558,5551,6007,6604,3212,3392,1651,788,863,
33040,6607,3194,3413,11561,5596,5965,13213,6384,6829,11560,5551,6009,6605,3212,3393,1651,788,863,
33045,6607,3194,3413,11563,5596,5967,13213,6384,6829,11561,5552,6009,6605,3212,3393,1652,788,864,
33050,6609,3196,3413,11564,5596,5968,13216,6387,6829,11563,5554,6009,6607,3212,3395,1652,788,864,
33055,6610,3196,3414,11565,5597,5968,13217,6387,6830,11565,5555,6010,6608,3213,3395,1652,788,864,
33060,6611,3197,3414,11568,5597,5971,13221,6390,6831,11567,5555,6012,6609,3213,3396,1652,788,864,
33065,6611,3197,3414,11570,5597,5973,13221,6390,6831,11568,5555,6013,6609,3213,3396,1653,789,864,
33070,6613,3198,3415,11571,5597,5974,13224,6392,6832,11570,5557,6013,6611,3213,3398,1653,789,864,
33075,6614,3199,3415,11572,5597,5975,13225,6393,6832,11572,5557,6015,6612,3214,3398,1653,789,864,
33080,6615,3199,3416,11575,5597,5978,13229,6395,6834,11574,5558,6016,6613,3214,3399,1653,789,864,
33085,6615,3199,3416,11577,5599,5978,13229,6395,6834,11575,5559,6016,6613,3214,3399,1654,790,864,
33090,6617,3200,3417,11578,5599,5979,13232,6395,6837,11577,5561,6016,6615,3215,3400,1654,790,864,
33095,6618,3201,3417,11579,5600,5979,13233,6395,6838,11579,5563,6016,6616,3216,3400,1654,790,864,
33100,6619,3201,3418,11582,5602,5980,13237,6397,6840,11581,5563,6018,6617,3217,3400,1654,790,864,
33105,6619,3201,3418,11584,5602,5982,13237,6397,6840,11582,5563,6019,6617,3217,3400,1655,791,864,
33110,6621,3203,3418,11585,5603,5982,13240,6399,6841,11584,5564,6020,6619,3218,3401,1655,791,864,
33115,6622,3204,3418,11586,5603,5983,13241,6399,6842,11586,5566,6020,6620,3218,3402,1655,791,864,
33120,6623,3205,3418,11589,5604,5985,13245,6400,6845,11588,5568,6020,6621,3219,3402,1655,791,864,
33125,6623,3205,3418,11591,5606,5985,13245,6400,6845,11589,5569,6020,6621,3219,3402,1656,791,865,
33130,6625,3205,3420,11592,5607,5985,13248,6401,6847,11591,5570,6021,6623,3220,3403,1656,791,865,
33135,6626,3205,3421,11593,5607,5986,13249,6402,6847,11593,5572,6021,6624,3221,3403,1656,791,865,
33140,6627,3206,3421,11596,5607,5989,13253,6402,6851,11595,5573,6022,6625,3221,3404,1656,791,865,
33145,6627,3206,3421,11598,5609,5989,13253,6402,6851,11596,5574,6022,6625,3221,3404,1657,791,866,
33150,6629,3207,3422,11599,5610,5989,13256,6404,6852,11598,5574,6024,6627,3223,3404,1657,791,866,
33155,6630,3207,3423,11600,5610,5990,13257,6405,6852,11600,5574,6026,6628,3223,3405,1657,791,866,
33160,6631,3207,3424,11603,5611,5992,13261,6407,6854,11602,5576,6026,6629,3223,3406,1657,791,866,
33165,6631,3207,3424,11605,5611,5994,13261,6407,6854,11603,5577,6026,6629,3223,3406,1658,791,867,
33170,6633,3209,3424,11606,5611,5995,13264,6408,6856,11605,5578,6027,6631,3224,3407,1658,791,867,
33175,6634,3210,3424,11607,5611,5996,13265,6408,6857,11607,5578,6029,6632,3224,3408,1658,791,867,
33180,6635,3211,3424,11610,5612,5998,13269,6410,6859,11609,5579,6030,6633,3224,3409,1658,791,867,
33185,6635,3211,3424,11612,5613,5999,13269,6410,6859,11610,5579,6031,6633,3224,3409,1659,792,867,
33190,6637,3212,3425,11613,5614,5999,13272,6413,6859,11612,5581,6031,6635,3225,3410,1659,792,867,
33195,6638,3213,3425,11614,5614,6000,13273,6414,6859,11614,5583,6031,6636,3225,3411,1659,792,867,
33200,6639,3213,3426,11617,5615,6002,13277,6417,6860,11616,5585,6031,6637,3225,3412,1659,792,867,
33205,6639,3213,3426,11619,5616,6003,13277,6417,6860,11617,5585,6032,6637,3225,3412,1660,792,868,
33210,6641,3214,3427,11620,5616,6004,13280,6419,6861,11619,5585,6034,6639,3226,3413,1660,792,868,
33215,6642,3214,3428,11621,5616,6005,13281,6419,6862,11621,5586,6035,6640,3227,3413,1660,792,868,
33220,6643,3215,3428,11624,5617,6007,13285,6419,6866,11623,5588,6035,6641,3227,3414,1660,792,868,
33225,6643,3215,3428,11626,5618,6008,13285,6419,6866,11624,5588,6036,6641,3227,3414,1661,793,868,
33230,6645,3217,3428,11627,5619,6008,13288,6421,6867,11626,5589,6037,6643,3227,3416,1661,793,868,
33235,6646,3217,3429,11628,5619,6009,13289,6421,6868,11628,5590,6038,6644,3227,3417,1661,793,868,
33240,6647,3217,3430,11631,5622,6009,13293,6422,6871,11630,5590,6040,6645,3228,3417,1661,793,868,
33245,6647,3217,3430,11633,5622,6011,13293,6422,6871,11631,5590,6041,6645,3228,3417,1662,794,868,
33250,6649,3218,3431,11634,5622,6012,13296,6423,6873,11633,5591,6042,6647,3228,3419,1662,794,868,
33255,6650,3219,3431,11635,5622,6013,13297,6423,6874,11635,5591,6044,6648,3228,3420,1662,794,868,
33260,6651,3220,3431,11638,5624,6014,13301,6423,6878,11637,5593,6044,6649,3229,3420,1662,794,868,
33265,6651,3220,3431,11640,5625,6015,13301,6423,6878,11638,5594,6044,6649,3229,3420,1663,795,868,
33270,6653,3220,3433,11641,5625,6016,13304,6424,6880,11640,5594,6046,6651,3230,3421,1663,795,868,
33275,6654,3221,3433,11642,5625,6017,13305,6425,6880,11642,5596,6046,6652,3230,3422,1663,795,868,
33280,6655,3222,3433,11645,5626,6019,13309,6427,6882,11644,5597,6047,6653,3231,3422,1663,795,868,
33285,6655,3222,3433,11647,5627,6020,13309,6427,6882,11645,5597,6048,6653,3231,3422,1664,796,868,
33290,6657,3222,3435,11648,5627,6021,13312,6428,6884,11647,5598,6049,6655,3232,3423,1664,796,868,
33295,6658,3222,3436,11649,5628,6021,13313,6428,6885,11649,5600,6049,6656,3233,3423,1664,796,868,
33300,6659,3223,3436,11652,5630,6022,13317,6429,6888,11651,5602,6049,6657,3234,3423,1664,796,868,
33305,6659,3223,3436,11654,5631,6023,13317,6429,6888,11652,5603,6049,6657,3234,3423,1665,796,869,
33310,6661,3223,3438,11655,5631,6024,13320,6431,6889,11654,5603,6051,6659,3235,3424,1665,796,869,
33315,6662,3224,3438,11656,5632,6024,13321,6431,6890,11656,5603,6053,6660,3235,3425,1665,796,869,
33320,6663,3224,3439,11659,5634,6025,13325,6432,6893,11658,5604,6054,6661,3235,3426,1665,796,869,
33325,6663,3224,3439,11661,5635,6026,13325,6432,6893,11659,5604,6055,6661,3235,3426,1666,796,870,
33330,6665,3224,3441,11662,5636,6026,13328,6434,6894,11661,5605,6056,6663,3236,3427,1666,796,870,
33335,6666,3224,3442,11663,5637,6026,13329,6435,6894,11663,5606,6057,6664,3236,3428,1666,796,870,
33340,6667,3225,3442,11666,5638,6028,13333,6437,6896,11665,5607,6058,6665,3237,3428,1666,796,870,
33345,6667,3225,3442,11668,5639,6029,13333,6437,6896,11666,5607,6059,6665,3237,3428,1667,796,871,
33350,6669,3225,3444,11669,5639,6030,13336,6439,6897,11668,5608,6060,6667,3238,3429,1667,796,871,
33355,6670,3226,3444,11670,5639,6031,13337,6439,6898,11670,5609,6061,6668,3239,3429,1667,796,871,
33360,6671,3226,3445,11673,5642,6031,13341,6441,6900,11672,5609,6063,6669,3239,3430,1667,796,871,
33365,6671,3226,3445,11675,5643,6032,13341,6441,6900,11673,5610,6063,6669,3239,3430,1668,797,871,
33370,6673,3227,3446,11676,5643,6033,13344,6442,6902,11675,5611,6064,6671,3239,3432,1668,797,871,
33375,6674,3227,3447,11677,5643,6034,13345,6442,6903,11677,5613,6064,6672,3239,3433,1668,797,871,
33380,6675,3227,3448,11680,5644,6036,13349,6444,6905,11679,5615,6064,6673,3239,3434,1668,797,871,
33385,6675,3227,3448,11682,5645,6037,13349,6444,6905,11680,5616,6064,6673,3239,3434,1669,798,871,
33390,6677,3228,3449,11683,5645,6038,13352,6445,6907,11682,5617,6065,6675,3241,3434,1669,798,871,
33395,6678,3229,3449,11684,5645,6039,13353,6445,6908,11684,5618,6066,6676,3242,3434,1669,798,871,
33400,6679,3230,3449,11687,5647,6040,13357,6446,6911,11686,5619,6067,6677,3242,3435,1669,798,871,
33405,6679,3230,3449,11689,5648,6041,13357,6446,6911,11687,5620,6067,6677,3242,3435,1670,798,872,
33410,6681,3232,3449,11690,5649,6041,13360,6448,6912,11689,5622,6067,6679,3243,3436,1670,798,872,
33415,6682,3233,3449,11691,5650,6041,13361,6448,6913,11691,5623,6068,6680,3243,3437,1670,798,872,
33420,6683,3233,3450,11694,5651,6043,13365,6449,6916,11693,5625,6068,6681,3244,3437,1670,798,872,
33425,6683,3233,3450,11696,5652,6044,13365,6449,6916,11694,5625,6069,6681,3244,3437,1671,799,872,
33430,6685,3235,3450,11697,5653,6044,13368,6450,6918,11696,5626,6070,6683,3245,3438,1671,799,872,
33435,6686,3235,3451,11698,5654,6044,13369,6450,6919,11698,5626,6072,6684,3245,3439,1671,799,872,
33440,6687,3236,3451,11701,5654,6047,13373,6452,6921,11700,5627,6073,6685,3246,3439,1671,799,872,
33445,6687,3236,3451,11703,5655,6048,13373,6452,6921,11701,5627,6074,6685,3246,3439,1672,800,872,
33450,6689,3237,3452,11704,5655,6049,13376,6455,6921,11703,5628,6075,6687,3248,3439,1672,800,872,
33455,6690,3238,3452,11705,5655,6050,13377,6456,6921,11705,5630,6075,6688,3249,3439,1672,800,872,
33460,6691,3238,3453,11708,5658,6050,13381,6459,6922,11707,5632,6075,6689,3249,3440,1672,800,872,
33465,6691,3238,3453,11710,5659,6051,13381,6459,6922,11708,5632,6076,6689,3249,3440,1673,801,872,
33470,6693,3239,3454,11711,5659,6052,13384,6461,6923,11710,5633,6077,6691,3250,3441,1673,801,872,
33475,6694,3239,3455,11712,5659,6053,13385,6461,6924,11712,5634,6078,6692,3251,3441,1673,801,872,
33480,6695,3239,3456,11715,5660,6055,13389,6462,6927,11714,5635,6079,6693,3251,3442,1673,801,872,
33485,6695,3239,3456,11717,5662,6055,13389,6462,6927,11715,5635,6080,6693,3251,3442,1674,801,873,
33490,6697,3239,3458,11718,5662,6056,13392,6464,6928,11717,5636,6081,6695,3251,3444,1674,801,873,
33495,6698,3240,3458,11719,5662,6057,13393,6465,6928,11719,5638,6081,6696,3251,3445,1674,801,873,
33500,6699,3240,3459,11722,5663,6059,13397,6465,6932,11721,5640,6081,6697,3252,3445,1674,801,873,
33505,6699,3240,3459,11724,5665,6059,13397,6465,6932,11722,5640,6082,6697,3252,3445,1675,802,873,
33510,6701,3242,3459,11725,5665,6060,13400,6466,6934,11724,5640,6084,6699,3253,3446,1675,802,873,
33515,6702,3242,3460,11726,5666,6060,13401,6467,6934,11726,5641,6085,6700,3254,3446,1675,802,873,
33520,6703,3242,3461,11729,5667,6062,13405,6467,6938,11728,5642,6086,6701,3255,3446,1675,802,873,
33525,6703,3242,3461,11731,5669,6062,13405,6467,6938,11729,5642,6087,6701,3255,3446,1676,802,874,
33530,6705,3243,3462,11732,5670,6062,13408,6469,6939,11731,5643,6088,6703,3256,3447,1676,802,874,
33535,6706,3244,3462,11733,5670,6063,13409,6469,6940,11733,5644,6089,6704,3256,3448,1676,802,874,
33540,6707,3245,3462,11736,5672,6064,13413,6471,6942,11735,5645,6090,6705,3257,3448,1676,802,874,
33545,6707,3245,3462,11738,5673,6065,13413,6471,6942,11736,5645,6091,6705,3257,3448,1677,803,874,
33550,6709,3245,3464,11739,5673,6066,13416,6473,6943,11738,5646,6092,6707,3259,3448,1677,803,874,
33555,6710,3245,3465,11740,5673,6067,13417,6473,6944,11740,5647,6093,6708,3260,3448,1677,803,874,
33560,6711,3246,3465,11743,5674,6069,13421,6475,6946,11742,5647,6095,6709,3260,3449,1677,803,874,
33565,6711,3246,3465,11745,5674,6071,13421,6475,6946,11743,5648,6095,6709,3260,3449,1678,803,875,
33570,6713,3247,3466,11746,5674,6072,13424,6477,6947,11745,5649,6096,6711,3262,3449,1678,803,875,
33575,6714,3247,3467,11747,5675,6072,13425,6478,6947,11747,5650,6097,6712,3263,3449,1678,803,875,
33580,6715,3247,3468,11750,5677,6073,13429,6480,6949,11749,5650,6099,6713,3263,3450,1678,803,875,
33585,6715,3247,3468,11752,5678,6074,13429,6480,6949,11750,5651,6099,6713,3263,3450,1679,803,876,
33590,6717,3249,3468,11753,5679,6074,13432,6481,6951,11752,5653,6099,6715,3264,3451,1679,803,876,
33595,6718,3250,3468,11754,5679,6075,13433,6482,6951,11754,5654,6100,6716,3265,3451,1679,803,876,
33600,6719,3251,3468,11757,5679,6078,13437,6483,6954,11756,5656,6100,6717,3266,3451,1679,803,876,
33605,6719,3251,3468,11759,5680,6079,13437,6483,6954,11757,5657,6100,6717,3266,3451,1680,803,877,
33610,6721,3253,3468,11760,5681,6079,13440,6485,6955,11759,5658,6101,6719,3268,3451,1680,803,877,
33615,6722,3254,3468,11761,5681,6080,13441,6485,6956,11761,5660,6101,6720,3268,3452,1680,803,877,
33620,6723,3254,3469,11764,5682,6082,13445,6487,6958,11763,5660,6103,6721,3268,3453,1680,803,877,
33625,6723,3254,3469,11766,5682,6084,13445,6487,6958,11764,5661,6103,6721,3268,3453,1681,803,878,
33630,6725,3254,3471,11767,5682,6085,13448,6489,6959,11766,5661,6105,6723,3269,3454,1681,803,878,
33635,6726,3254,3472,11768,5682,6086,13449,6489,6960,11768,5662,6106,6724,3269,3455,1681,803,878,
33640,6727,3254,3473,11771,5683,6088,13453,6489,6964,11770,5663,6107,6725,3270,3455,1681,803,878,
33645,6727,3254,3473,11773,5683,6090,13453,6489,6964,11771,5664,6107,6725,3270,3455,1682,803,879,
33650,6729,3255,3474,11774,5684,6090,13456,6489,6967,11773,5666,6107,6727,3270,3457,1682,803,879,
33655,6730,3256,3474,11775,5684,6091,13457,6489,6968,11775,5668,6107,6728,3270,3458,1682,803,879,
33660,6731,3256,3475,11778,5686,6092,13461,6491,6970,11777,5669,6108,6729,3271,3458,1682,803,879,
33665,6731,3256,3475,11780,5686,6094,13461,6491,6970,11778,5670,6108,6729,3271,3458,1683,803,880,
33670,6733,3258,3475,11781,5687,6094,13464,6492,6972,11780,5671,6109,6731,3271,3460,1683,803,880,
33675,6734,3258,3476,11782,5688,6094,13465,6492,6973,11782,5673,6109,6732,3271,3461,1683,803,880,
33680,6735,3259,3476,11785,5690,6095,13469,6493,6976,11784,5673,6111,6733,3272,3461,1683,803,880,
33685,6735,3259,3476,11787,5691,6096,13469,6493,6976,11785,5674,6111,6733,3272,3461,1684,803,881,
33690,6737,3260,3477,11788,5691,6097,13472,6495,6977,11787,5674,6113,6735,3273,3462,1684,803,881,
33695,6738,3261,3477,11789,5691,6098,13473,6496,6977,11789,5674,6115,6736,3273,3463,1684,803,881,
33700,6739,3262,3477,11792,5693,6099,13477,6497,6980,11791,5675,6116,6737,3274,3463,1684,803,881,
33705,6739,3262,3477,11794,5695,6099,13477,6497,6980,11792,5676,6116,6737,3274,3463,1685,804,881,
33710,6741,3263,3478,11795,5696,6099,13480,6500,6980,11794,5677,6117,6739,3276,3463,1685,804,881,
33715,6742,3263,3479,11796,5696,6100,13481,6501,6980,11796,5678,6118,6740,3276,3464,1685,804,881,
33720,6743,3264,3479,11799,5696,6103,13485,6503,6982,11798,5678,6120,6741,3276,3465,1685,804,881,
33725,6743,3264,3479,11801,5697,6104,13485,6503,6982,11799,5679,6120,6741,3276,3465,1686,805,881,
33730,6745,3264,3481,11802,5698,6104,13488,6506,6982,11801,5681,6120,6743,3277,3466,1686,805,881,
33735,6746,3264,3482,11803,5698,6105,13489,6506,6983,11803,5682,6121,6744,3277,3467,1686,805,881,
33740,6747,3265,3482,11806,5700,6106,13493,6509,6984,11805,5684,6121,6745,3278,3467,1686,805,881,
33745,6747,3265,3482,11808,5701,6107,13493,6509,6984,11806,5684,6122,6745,3278,3467,1687,806,881,
33750,6749,3265,3484,11809,5702,6107,13496,6512,6984,11808,5686,6122,6747,3279,3468,1687,806,881,
33755,6750,3265,3485,11810,5703,6107,13497,6513,6984,11810,5688,6122,6748,3280,3468,1687,806,881,
33760,6751,3266,3485,11813,5704,6109,13501,6515,6986,11812,5690,6122,6749,3280,3469,1687,806,881,
33765,6751,3266,3485,11815,5704,6111,13501,6515,6986,11813,5691,6122,6749,3280,3469,1688,806,882,
33770,6753,3267,3486,11816,5704,6112,13504,6516,6988,11815,5692,6123,6751,3281,3470,1688,806,882,
33775,6754,3268,3486,11817,5705,6112,13505,6516,6989,11817,5692,6125,6752,3282,3470,1688,806,882,
33780,6755,3268,3487,11820,5706,6114,13509,6517,6992,11819,5692,6127,6753,3283,3470,1688,806,882,
33785,6755,3268,3487,11822,5708,6114,13509,6517,6992,11820,5692,6128,6753,3283,3470,1689,806,883,
33790,6757,3268,3489,11823,5709,6114,13512,6520,6992,11822,5694,6128,6755,3283,3472,1689,806,883,
33795,6758,3268,3490,11824,5709,6115,13513,6521,6992,11824,5694,6130,6756,3283,3473,1689,806,883,
33800,6759,3268,3491,11827,5712,6115,13517,6522,6995,11826,5695,6131,6757,3283,3474,1689,806,883,
33805,6759,3268,3491,11829,5714,6115,13517,6522,6995,11827,5695,6132,6757,3283,3474,1690,806,884,
33810,6761,3269,3492,11830,5715,6115,13520,6524,6996,11829,5695,6134,6759,3284,3475,1690,806,884,
33815,6762,3269,3493,11831,5715,6116,13521,6525,6996,11831,5696,6135,6760,3285,3475,1690,806,884,
33820,6763,3269,3494,11834,5717,6117,13525,6526,6999,11833,5697,6136,6761,3286,3475,1690,806,884,
33825,6763,3269,3494,11836,5718,6118,13525,6526,6999,11834,5697,6137,6761,3286,3475,1691,807,884,
33830,6765,3269,3496,11837,5718,6119,13528,6528,7000,11836,5698,6138,6763,3287,3476,1691,807,884,
33835,6766,3270,3496,11838,5718,6120,13529,6529,7000,11838,5698,6140,6764,3287,3477,1691,807,884,
33840,6767,3271,3496,11841,5719,6122,13533,6532,7001,11840,5698,6142,6765,3287,3478,1691,807,884,
33845,6767,3271,3496,11843,5719,6124,13533,6532,7001,11841,5698,6143,6765,3287,3478,1692,807,885,
33850,6769,3271,3498,11844,5720,6124,13536,6534,7002,11843,5698,6145,6767,3288,3479,1692,807,885,
33855,6770,3271,3499,11845,5721,6124,13537,6535,7002,11845,5698,6147,6768,3289,3479,1692,807,885,
33860,6771,3272,3499,11848,5722,6126,13541,6538,7003,11847,5698,6149,6769,3290,3479,1692,807,885,
33865,6771,3272,3499,11850,5723,6127,13541,6538,7003,11848,5698,6150,6769,3290,3479,1693,807,886,
33870,6773,3274,3499,11851,5723,6128,13544,6539,7005,11850,5699,6151,6771,3292,3479,1693,807,886,
33875,6774,3274,3500,11852,5723,6129,13545,6539,7006,11852,5700,6152,6772,3293,3479,1693,807,886,
33880,6775,3275,3500,11855,5726,6129,13549,6541,7008,11854,5700,6154,6773,3294,3479,1693,807,886,
33885,6775,3275,3500,11857,5727,6130,13549,6541,7008,11855,5700,6155,6773,3294,3479,1694,807,887,
33890,6777,3276,3501,11858,5727,6131,13552,6542,7010,11857,5701,6156,6775,3294,3481,1694,807,887,
33895,6778,3276,3502,11859,5727,6132,13553,6542,7011,11859,5703,6156,6776,3295,3481,1694,807,887,
33900,6779,3276,3503,11862,5729,6133,13557,6544,7013,11861,5705,6156,6777,3296,3481,1694,807,887,
33905,6779,3276,3503,11864,5730,6134,13557,6544,7013,11862,5705,6157,6777,3296,3481,1695,807,888,
33910,6781,3276,3505,11865,5730,6135,13560,6544,7016,11864,5705,6159,6779,3297,3482,1695,807,888,
33915,6782,3277,3505,11866,5730,6136,13561,6544,7017,11866,5706,6160,6780,3297,3483,1695,807,888,
33920,6783,3277,3506,11869,5731,6138,13565,6546,7019,11868,5707,6161,6781,3298,3483,1695,807,888,
33925,6783,3277,3506,11871,5731,6140,13565,6546,7019,11869,5707,6162,6781,3298,3483,1696,808,888,
33930,6785,3277,3508,11872,5732,6140,13568,6548,7020,11871,5709,6162,6783,3299,3484,1696,808,888,
33935,6786,3277,3509,11873,5732,6141,13569,6548,7021,11873,5709,6164,6784,3299,3485,1696,808,888,
33940,6787,3278,3509,11876,5734,6142,13573,6549,7024,11875,5711,6164,6785,3299,3486,1696,808,888,
33945,6787,3278,3509,11878,5735,6143,13573,6549,7024,11876,5712,6164,6785,3299,3486,1697,808,889,
33950,6789,3279,3510,11879,5735,6144,13576,6552,7024,11878,5714,6164,6787,3299,3488,1697,808,889,
33955,6790,3280,3510,11880,5735,6145,13577,6552,7025,11880,5715,6165,6788,3300,3488,1697,808,889,
33960,6791,3281,3510,11883,5737,6146,13581,6553,7028,11882,5715,6167,6789,3301,3488,1697,808,889,
33965,6791,3281,3510,11885,5738,6147,13581,6553,7028,11883,5716,6167,6789,3301,3488,1698,808,890,
33970,6793,3282,3511,11886,5738,6148,13584,6555,7029,11885,5717,6168,6791,3303,3488,1698,808,890,
33975,6794,3282,3512,11887,5738,6149,13585,6555,7030,11887,5717,6170,6792,3303,3489,1698,808,890,
33980,6795,3282,3513,11890,5739,6151,13589,6555,7034,11889,5719,6170,6793,3303,3490,1698,808,890,
33985,6795,3282,3513,11892,5739,6153,13589,6555,7034,11890,5719,6171,6793,3303,3490,1699,808,891,
33990,6797,3282,3515,11893,5740,6153,13592,6557,7035,11892,5721,6171,6795,3304,3491,1699,808,891,
33995,6798,3282,3516,11894,5740,6154,13593,6557,7036,11894,5723,6171,6796,3305,3491,1699,808,891,
34000,6799,3283,3516,11897,5743,6154,13597,6558,7039,11896,5723,6173,6797,3305,3492,1699,808,891,
34005,6799,3283,3516,11899,5744,6155,13597,6558,7039,11897,5723,6174,6797,3305,3492,1700,808,892,
34010,6801,3285,3516,11900,5744,6156,13600,6560,7040,11899,5724,6175,6799,3305,3494,1700,808,892,
34015,6802,3285,3517,11901,5744,6157,13601,6560,7041,11901,5725,6176,6800,3305,3495,1700,808,892,
34020,6803,3285,3518,11904,5746,6158,13605,6561,7044,11903,5725,6178,6801,3306,3495,1700,808,892,
34025,6803,3285,3518,11906,5746,6160,13605,6561,7044,11904,5725,6179,6801,3306,3495,1701,808,893,
34030,6805,3286,3519,11907,5746,6161,13608,6563,7045,11906,5726,6180,6803,3306,3497,1701,808,893,
34035,6806,3287,3519,11908,5746,6162,13609,6563,7046,11908,5726,6182,6804,3307,3497,1701,808,893,
34040,6807,3287,3520,11911,5748,6163,13613,6566,7047,11910,5727,6183,6805,3308,3497,1701,808,893,
34045,6807,3287,3520,11913,5749,6164,13613,6566,7047,11911,5727,6184,6805,3308,3497,1702,809,893,
34050,6809,3289,3520,11914,5750,6164,13616,6568,7048,11913,5729,6184,6807,3308,3499,1702,809,893,
34055,6810,3290,3520,11915,5750,6165,13617,6568,7049,11915,5730,6185,6808,3309,3499,1702,809,893,
34060,6811,3290,3521,11918,5753,6165,13621,6569,7052,11917,5731,6186,6809,3309,3500,1702,809,893,
34065,6811,3290,3521,11920,5753,6167,13621,6569,7052,11918,5732,6186,6809,3309,3500,1703,810,893,
34070,6813,3291,3522,11921,5754,6167,13624,6570,7054,11920,5733,6187,6811,3309,3502,1703,810,893,
34075,6814,3292,3522,11922,5755,6167,13625,6571,7054,11922,5734,6188,6812,3310,3502,1703,810,893,
34080,6815,3293,3522,11925,5756,6169,13629,6573,7056,11924,5735,6189,6813,3310,3503,1703,810,893,
34085,6815,3293,3522,11927,5757,6170,13629,6573,7056,11925,5736,6189,6813,3310,3503,1704,811,893,
34090,6817,3293,3524,11928,5757,6171,13632,6574,7058,11927,5737,6190,6815,3311,3504,1704,811,893,
34095,6818,3293,3525,11929,5758,6171,13633,6574,7059,11929,5737,6192,6816,3312,3504,1704,811,893,
34100,6819,3294,3525,11932,5760,6172,13637,6578,7059,11931,5737,6194,6817,3312,3505,1704,811,893,
34105,6819,3294,3525,11934,5762,6172,13637,6578,7059,11932,5738,6194,6817,3312,3505,1705,811,894,
34110,6821,3295,3526,11935,5762,6173,13640,6578,7062,11934,5740,6194,6819,3313,3506,1705,811,894,
34115,6822,3296,3526,11936,5763,6173,13641,6578,7063,11936,5741,6195,6820,3313,3507,1705,811,894,
34120,6823,3297,3526,11939,5765,6174,13645,6579,7066,11938,5742,6196,6821,3313,3508,1705,811,894,
34125,6823,3297,3526,11941,5766,6175,13645,6579,7066,11939,5742,6197,6821,3313,3508,1706,812,894,
34130,6825,3297,3528,11942,5767,6175,13648,6581,7067,11941,5744,6197,6823,3314,3509,1706,812,894,
34135,6826,3298,3528,11943,5768,6175,13649,6581,7068,11943,5745,6198,6824,3315,3509,1706,812,894,
34140,6827,3299,3528,11946,5770,6176,13653,6582,7071,11945,5746,6199,6825,3316,3509,1706,812,894,
34145,6827,3299,3528,11948,5772,6176,13653,6582,7071,11946,5747,6199,6825,3316,3509,1707,813,894,
34150,6829,3299,3530,11949,5773,6176,13656,6582,7074,11948,5748,6200,6827,3316,3511,1707,813,894,
34155,6830,3299,3531,11950,5773,6177,13657,6583,7074,11950,5750,6200,6828,3317,3511,1707,813,894,
34160,6831,3299,3532,11953,5774,6179,13661,6584,7077,11952,5751,6201,6829,3317,3512,1707,813,894,
34165,6831,3299,3532,11955,5775,6180,13661,6584,7077,11953,5751,6202,6829,3317,3512,1708,813,895,
34170,6833,3299,3534,11956,5776,6180,13664,6586,7078,11955,5753,6202,6831,3318,3513,1708,813,895,
34175,6834,3299,3535,11957,5776,6181,13665,6587,7078,11957,5754,6203,6832,3319,3513,1708,813,895,
34180,6835,3299,3536,11960,5778,6182,13669,6588,7081,11959,5755,6204,6833,3320,3513,1708,813,895,
34185,6835,3299,3536,11962,5778,6184,13669,6588,7081,11960,5755,6205,6833,3320,3513,1709,813,896,
34190,6837,3300,3537,11963,5779,6184,13672,6588,7084,11962,5756,6206,6835,3321,3514,1709,813,896,
34195,6838,3301,3537,11964,5779,6185,13673,6589,7084,11964,5756,6208,6836,3322,3514,1709,813,896,
34200,6839,3302,3537,11967,5780,6187,13677,6592,7085,11966,5757,6209,6837,3322,3515,1709,813,896,
34205,6839,3302,3537,11969,5781,6188,13677,6592,7085,11967,5757,6210,6837,3322,3515,1710,814,896,
34210,6841,3303,3538,11970,5782,6188,13680,6594,7086,11969,5759,6210,6839,3323,3516,1710,814,896,
34215,6842,3303,3539,11971,5783,6188,13681,6594,7087,11971,5759,6212,6840,3323,3517,1710,814,896,
34220,6843,3304,3539,11974,5785,6189,13685,6596,7089,11973,5760,6213,6841,3324,3517,1710,814,896,
34225,6843,3304,3539,11976,5787,6189,13685,6596,7089,11974,5760,6214,6841,3324,3517,1711,815,896,
34230,6845,3304,3541,11977,5788,6189,13688,6598,7090,11976,5762,6214,6843,3326,3517,1711,815,896,
34235,6846,3305,3541,11978,5789,6189,13689,6599,7090,11978,5763,6215,6844,3326,3518,1711,815,896,
34240,6847,3306,3541,11981,5791,6190,13693,6599,7094,11980,5765,6215,6845,3327,3518,1711,815,896,
34245,6847,3306,3541,11983,5792,6191,13693,6599,7094,11981,5766,6215,6845,3327,3518,1712,815,897,
34250,6849,3307,3542,11984,5793,6191,13696,6600,7096,11983,5767,6216,6847,3327,3520,1712,815,897,
34255,6850,3308,3542,11985,5793,6192,13697,6601,7096,11985,5767,6218,6848,3327,3521,1712,815,897,
34260,6851,3309,3542,11988,5795,6193,13701,6603,7098,11987,5767,6220,6849,3327,3522,1712,815,897,
34265,6851,3309,3542,11990,5797,6193,13701,6603,7098,11988,5767,6221,6849,3327,3522,1713,816,897,
34270,6853,3309,3544,11991,5797,6194,13704,6604,7100,11990,5769,6221,6851,3328,3523,1713,816,897,
34275,6854,3310,3544,11992,5798,6194,13705,6604,7101,11992,5771,6221,6852,3329,3523,1713,816,897,
34280,6855,3311,3544,11995,5798,6197,13709,6606,7103,11994,5772,6222,6853,3329,3524,1713,816,897,
34285,6855,3311,3544,11997,5800,6197,13709,6606,7103,11995,5772,6223,6853,3329,3524,1714,816,898,
34290,6857,3313,3544,11998,5801,6197,13712,6607,7105,11997,5772,6225,6855,3329,3526,1714,816,898,
34295,6858,3313,3545,11999,5801,6198,13713,6607,7106,11999,5773,6226,6856,3330,3526,1714,816,898,
34300,6859,3313,3546,12002,5801,6201,13717,6608,7109,12001,5775,6226,6857,3331,3526,1714,816,898,
34305,6859,3313,3546,12004,5801,6203,13717,6608,7109,12002,5775,6227,6857,3331,3526,1715,816,899,
34310,6861,3314,3547,12005,5801,6204,13720,6610,7110,12004,5776,6228,6859,3333,3526,1715,816,899,
34315,6862,3314,3548,12006,5801,6205,13721,6611,7110,12006,5777,6229,6860,3333,3527,1715,816,899,
34320,6863,3315,3548,12009,5803,6206,13725,6612,7113,12008,5778,6230,6861,3333,3528,1715,816,899,
34325,6863,3315,3548,12011,5804,6207,13725,6612,7113,12009,5778,6231,6861,3333,3528,1716,816,900,
34330,6865,3315,3550,12012,5804,6208,13728,6614,7114,12011,5778,6233,6863,3333,3530,1716,816,900,
34335,6866,3316,3550,12013,5804,6209,13729,6615,7114,12013,5780,6233,6864,3334,3530,1716,816,900,
34340,6867,3317,3550,12016,5804,6212,13733,6618,7115,12015,5781,6234,6865,3335,3530,1716,816,900,
34345,6867,3317,3550,12018,5806,6212,13733,6618,7115,12016,5782,6234,6865,3335,3530,1717,817,900,
34350,6869,3318,3551,12019,5807,6212,13736,6621,7115,12018,5783,6235,6867,3335,3532,1717,817,900,
34355,6870,3319,3551,12020,5807,6213,13737,6621,7116,12020,5784,6236,6868,3336,3532,1717,817,900,
34360,6871,3320,3551,12023,5809,6214,13741,6622,7119,12022,5785,6237,6869,3337,3532,1717,817,900,
34365,6871,3320,3551,12025,5809,6216,13741,6622,7119,12023,5786,6237,6869,3337,3532,1718,818,900,
34370,6873,3321,3552,12026,5810,6216,13744,6624,7120,12025,5786,6239,6871,3339,3532,1718,818,900,
34375,6874,3321,3553,12027,5810,6217,13745,6625,7120,12027,5786,6241,6872,3340,3532,1718,818,900,
34380,6875,3321,3554,12030,5812,6218,13749,6627,7122,12029,5787,6242,6873,3341,3532,1718,818,900,
34385,6875,3321,3554,12032,5812,6220,13749,6627,7122,12030,5788,6242,6873,3341,3532,1719,819,900,
34390,6877,3322,3555,12033,5812,6221,13752,6628,7124,12032,5789,6243,6875,3341,3534,1719,819,900,
34395,6878,3322,3556,12034,5812,6222,13753,6628,7125,12034,5790,6244,6876,3342,3534,1719,819,900,
34400,6879,3322,3557,12037,5813,6224,13757,6630,7127,12036,5791,6245,6877,3343,3534,1719,819,900,
34405,6879,3322,3557,12039,5815,6224,13757,6630,7127,12037,5792,6245,6877,3343,3534,1720,820,900,
34410,6881,3323,3558,12040,5815,6225,13760,6630,7130,12039,5793,6246,6879,3345,3534,1720,820,900,
34415,6882,3324,3558,12041,5815,6226,13761,6630,7131,12041,5795,6246,6880,3346,3534,1720,820,900,
34420,6883,3325,3558,12044,5817,6227,13765,6632,7133,12043,5797,6246,6881,3346,3535,1720,820,900,
34425,6883,3325,3558,12046,5818,6228,13765,6632,7133,12044,5798,6246,6881,3346,3535,1721,820,901,
34430,6885,3325,3560,12047,5818,6229,13768,6635,7133,12046,5800,6246,6883,3348,3535,1721,820,901,
34435,6886,3326,3560,12048,5818,6230,13769,6636,7133,12048,5800,6248,6884,3348,3536,1721,820,901,
34440,6887,3326,3561,12051,5820,6231,13773,6638,7135,12050,5801,6249,6885,3348,3537,1721,820,901,
34445,6887,3326,3561,12053,5821,6232,13773,6638,7135,12051,5802,6249,6885,3348,3537,1722,821,901,
34450,6889,3327,3562,12054,5822,6232,13776,6638,7138,12053,5803,6250,6887,3348,3539,1722,821,901,
34455,6890,3327,3563,12055,5822,6233,13777,6639,7138,12055,5804,6251,6888,3348,3540,1722,821,901,
34460,6891,3327,3564,12058,5824,6234,13781,6639,7142,12057,5804,6253,6889,3348,3541,1722,821,901,
34465,6891,3327,3564,12060,5825,6235,13781,6639,7142,12058,5805,6253,6889,3348,3541,1723,822,901,
34470,6893,3328,3565,12061,5825,6236,13784,6640,7144,12060,5806,6254,6891,3349,3542,1723,822,901,
34475,6894,3328,3566,12062,5825,6237,13785,6641,7144,12062,5807,6255,6892,3349,3543,1723,822,901,
34480,6895,3328,3567,12065,5825,6240,13789,6642,7147,12064,5807,6257,6893,3350,3543,1723,822,901,
34485,6895,3328,3567,12067,5825,6242,13789,6642,7147,12065,5807,6258,6893,3350,3543,1724,822,902,
34490,6897,3330,3567,12068,5825,6243,13792,6644,7148,12067,5808,6259,6895,3352,3543,1724,822,902,
34495,6898,3330,3568,12069,5826,6243,13793,6645,7148,12069,5810,6259,6896,3352,3544,1724,822,902,
34500,6899,3330,3569,12072,5826,6246,13797,6648,7149,12071,5811,6260,6897,3353,3544,1724,822,902,
34505,6899,3330,3569,12074,5827,6247,13797,6648,7149,12072,5811,6261,6897,3353,3544,1725,822,903,
34510,6901,3331,3570,12075,5827,6248,13800,6648,7152,12074,5813,6261,6899,3355,3544,1725,822,903,
34515,6902,3331,3571,12076,5828,6248,13801,6649,7152,12076,5815,6261,6900,3355,3545,1725,822,903,
34520,6903,3331,3572,12079,5830,6249,13805,6652,7153,12078,5817,6261,6901,3356,3545,1725,822,903,
34525,6903,3331,3572,12081,5832,6249,13805,6652,7153,12079,5817,6262,6901,3356,3545,1726,822,904,
34530,6905,3333,3572,12082,5832,6250,13808,6653,7155,12081,5819,6262,6903,3357,3546,1726,822,904,
34535,6906,3334,3572,12083,5833,6250,13809,6653,7156,12083,5820,6263,6904,3358,3546,1726,822,904,
34540,6907,3335,3572,12086,5833,6253,13813,6655,7158,12085,5821,6264,6905,3359,3546,1726,822,904,
34545,6907,3335,3572,12088,5835,6253,13813,6655,7158,12086,5821,6265,6905,3359,3546,1727,822,905,
34550,6909,3336,3573,12089,5836,6253,13816,6655,7161,12088,5822,6266,6907,3360,3547,1727,822,905,
34555,6910,3336,3574,12090,5836,6254,13817,6655,7162,12090,5824,6266,6908,3360,3548,1727,822,905,
34560,6911,3337,3574,12093,5838,6255,13821,6657,7164,12092,5825,6267,6909,3361,3548,1727,822,905,
34565,6911,3337,3574,12095,5838,6257,13821,6657,7164,12093,5826,6267,6909,3361,3548,1728,823,905,
34570,6913,3339,3574,12096,5839,6257,13824,6658,7166,12095,5828,6267,6911,3362,3549,1728,823,905,
34575,6914,3340,3574,12097,5839,6258,13825,6658,7167,12097,5829,6268,6912,3363,3549,1728,823,905,
34580,6915,3340,3575,12100,5841,6259,13829,6659,7170,12099,5830,6269,6913,3364,3549,1728,823,905,
34585,6915,3340,3575,12102,5842,6260,13829,6659,7170,12100,5830,6270,6913,3364,3549,1729,823,906,
34590,6917,3341,3576,12103,5842,6261,13832,6660,7172,12102,5830,6272,6915,3364,3551,1729,823,906,
34595,6918,3341,3577,12104,5842,6262,13833,6660,7173,12104,5831,6273,6916,3364,3552,1729,823,906,
34600,6919,3342,3577,12107,5844,6263,13837,6663,7174,12106,5832,6274,6917,3364,3553,1729,823,906,
34605,6919,3342,3577,12109,5845,6264,13837,6663,7174,12107,5832,6275,6917,3364,3553,1730,823,907,
34610,6921,3343,3578,12110,5845,6265,13840,6663,7177,12109,5832,6277,6919,3365,3554,1730,823,907,
34615,6922,3343,3579,12111,5845,6266,13841,6663,7178,12111,5832,6279,6920,3366,3554,1730,823,907,
34620,6923,3344,3579,12114,5848,6266,13845,6666,7179,12113,5834,6279,6921,3367,3554,1730,823,907,
34625,6923,3344,3579,12116,5850,6266,13845,6666,7179,12114,5835,6279,6921,3367,3554,1731,824,907,
34630,6925,3345,3580,12117,5850,6267,13848,6667,7181,12116,5836,6280,6923,3368,3555,1731,824,907,
34635,6926,3345,3581,12118,5851,6267,13849,6667,7182,12118,5837,6281,6924,3369,3555,1731,824,907,
34640,6927,3345,3582,12121,5853,6268,13853,6669,7184,12120,5838,6282,6925,3370,3555,1731,824,907,
34645,6927,3345,3582,12123,5854,6269,13853,6669,7184,12121,5838,6283,6925,3370,3555,1732,825,907,
34650,6929,3347,3582,12124,5855,6269,13856,6671,7185,12123,5839,6284,6927,3370,3557,1732,825,907,
34655,6930,3348,3582,12125,5856,6269,13857,6671,7186,12125,5841,6284,6928,3371,3557,1732,825,907,
34660,6931,3348,3583,12128,5857,6271,13861,6671,7190,12127,5843,6284,6929,3372,3557,1732,825,907,
34665,6931,3348,3583,12130,5858,6272,13861,6671,7190,12128,5844,6284,6929,3372,3557,1733,825,908,
34670,6933,3350,3583,12131,5859,6272,13864,6673,7191,12130,5845,6285,6931,3373,3558,1733,825,908,
34675,6934,3350,3584,12132,5860,6272,13865,6674,7191,12132,5846,6286,6932,3374,3558,1733,825,908,
34680,6935,3350,3585,12135,5862,6273,13869,6677,7192,12134,5847,6287,6933,3375,3558,1733,825,908,
34685,6935,3350,3585,12137,5863,6274,13869,6677,7192,12135,5848,6287,6933,3375,3558,1734,826,908,
34690,6937,3352,3585,12138,5864,6274,13872,6680,7192,12137,5848,6289,6935,3375,3560,1734,826,908,
34695,6938,3352,3586,12139,5864,6275,13873,6681,7192,12139,5850,6289,6936,3375,3561,1734,826,908,
34700,6939,3353,3586,12142,5866,6276,13877,6683,7194,12141,5850,6291,6937,3375,3562,1734,826,908,
34705,6939,3353,3586,12144,5867,6277,13877,6683,7194,12142,5851,6291,6937,3375,3562,1735,827,908,
34710,6941,3354,3587,12145,5868,6277,13880,6685,7195,12144,5853,6291,6939,3376,3563,1735,827,908,
34715,6942,3354,3588,12146,5868,6278,13881,6685,7196,12146,5854,6292,6940,3376,3564,1735,827,908,
34720,6943,3354,3589,12149,5870,6279,13885,6687,7198,12148,5854,6294,6941,3377,3564,1735,827,908,
34725,6943,3354,3589,12151,5872,6279,13885,6687,7198,12149,5855,6294,6941,3377,3564,1736,827,909,
34730,6945,3355,3590,12152,5873,6279,13888,6689,7199,12151,5855,6296,6943,3379,3564,1736,827,909,
34735,6946,3355,3591,12153,5874,6279,13889,6690,7199,12153,5855,6298,6944,3379,3565,1736,827,909,
34740,6947,3355,3592,12156,5876,6280,13893,6691,7202,12155,5856,6299,6945,3379,3566,1736,827,909,
34745,6947,3355,3592,12158,5876,6282,13893,6691,7202,12156,5856,6300,6945,3379,3566,1737,827,910,
34750,6949,3356,3593,12159,5877,6282,13896,6692,7204,12158,5858,6300,6947,3380,3567,1737,827,910,
34755,6950,3356,3594,12160,5877,6283,13897,6692,7205,12160,5858,6302,6948,3381,3567,1737,827,910,
34760,6951,3356,3595,12163,5879,6284,13901,6695,7206,12162,5860,6302,6949,3382,3567,1737,827,910,
34765,6951,3356,3595,12165,5879,6286,13901,6695,7206,12163,5861,6302,6949,3382,3567,1738,828,910,
34770,6953,3357,3596,12166,5880,6286,13904,6696,7208,12165,5862,6303,6951,3382,3569,1738,828,910,
34775,6954,3357,3597,12167,5880,6287,13905,6697,7208,12167,5863,6304,6952,3383,3569,1738,828,910,
34780,6955,3358,3597,12170,5883,6287,13909,6698,7211,12169,5864,6305,6953,3383,3570,1738,828,910,
34785,6955,3358,3597,12172,5884,6288,13909,6698,7211,12170,5864,6306,6953,3383,3570,1739,828,911,
34790,6957,3358,3599,12173,5884,6289,13912,6700,7212,12172,5865,6307,6955,3383,3572,1739,828,911,
34795,6958,3359,3599,12174,5884,6290,13913,6701,7212,12174,5865,6309,6956,3383,3573,1739,828,911,
34800,6959,3359,3600,12177,5885,6292,13917,6704,7213,12176,5866,6310,6957,3383,3574,1739,828,911,
34805,6959,3359,3600,12179,5885,6294,13917,6704,7213,12177,5866,6311,6957,3383,3574,1740,828,912,
34810,6961,3360,3601,12180,5885,6295,13920,6704,7216,12179,5868,6311,6959,3385,3574,1740,828,912,
34815,6962,3360,3602,12181,5885,6296,13921,6705,7216,12181,5869,6312,6960,3385,3575,1740,828,912,
34820,6963,3360,3603,12184,5886,6298,13925,6707,7218,12183,5871,6312,6961,3385,3576,1740,828,912,
34825,6963,3360,3603,12186,5887,6299,13925,6707,7218,12184,5872,6312,6961,3385,3576,1741,829,912,
34830,6965,3361,3604,12187,5887,6300,13928,6707,7221,12186,5873,6313,6963,3385,3578,1741,829,912,
34835,6966,3361,3605,12188,5887,6301,13929,6707,7222,12188,5873,6315,6964,3385,3579,1741,829,912,
34840,6967,3362,3605,12191,5888,6303,13933,6710,7223,12190,5873,6317,6965,3385,3580,1741,829,912,
34845,6967,3362,3605,12193,5889,6304,13933,6710,7223,12191,5873,6318,6965,3385,3580,1742,830,912,
34850,6969,3362,3607,12194,5889,6305,13936,6713,7223,12193,5874,6319,6967,3386,3581,1742,830,912,
34855,6970,3363,3607,12195,5889,6306,13937,6713,7224,12195,5875,6320,6968,3386,3582,1742,830,912,
34860,6971,3363,3608,12198,5890,6308,13941,6717,7224,12197,5876,6321,6969,3386,3583,1742,830,912,
34865,6971,3363,3608,12200,5891,6309,13941,6717,7224,12198,5877,6321,6969,3386,3583,1743,830,913,
34870,6973,3363,3610,12201,5891,6310,13944,6718,7226,12200,5877,6323,6971,3387,3584,1743,830,913,
34875,6974,3364,3610,12202,5892,6310,13945,6719,7226,12202,5877,6325,6972,3387,3585,1743,830,913,
34880,6975,3364,3611,12205,5894,6311,13949,6721,7228,12204,5878,6326,6973,3387,3586,1743,830,913,
34885,6975,3364,3611,12207,5896,6311,13949,6721,7228,12205,5878,6327,6973,3387,3586,1744,831,913,
34890,6977,3365,3612,12208,5897,6311,13952,6722,7230,12207,5879,6328,6975,3389,3586,1744,831,913,
34895,6978,3365,3613,12209,5897,6312,13953,6722,7231,12209,5880,6329,6976,3390,3586,1744,831,913,
34900,6979,3366,3613,12212,5899,6313,13957,6723,7234,12211,5882,6329,6977,3391,3586,1744,831,913,
34905,6979,3366,3613,12214,5900,6314,13957,6723,7234,12212,5883,6329,6977,3391,3586,1745,831,914,
34910,6981,3368,3613,12215,5900,6315,13960,6725,7235,12214,5885,6329,6979,3391,3588,1745,831,914,
34915,6982,3369,3613,12216,5901,6315,13961,6725,7236,12216,5885,6331,6980,3392,3588,1745,831,914,
34920,6983,3369,3614,12219,5902,6317,13965,6727,7238,12218,5886,6332,6981,3392,3589,1745,831,914,
34925,6983,3369,3614,12221,5903,6318,13965,6727,7238,12219,5887,6332,6981,3392,3589,1746,832,914,
34930,6985,3370,3615,12222,5903,6319,13968,6730,7238,12221,5889,6332,6983,3393,3590,1746,832,914,
34935,6986,3370,3616,12223,5903,6320,13969,6730,7239,12223,5889,6334,6984,3393,3591,1746,832,914,
34940,6987,3371,3616,12226,5904,6322,13973,6730,7243,12225,5891,6334,6985,3394,3591,1746,832,914,
34945,6987,3371,3616,12228,5904,6324,13973,6730,7243,12226,5892,6334,6985,3394,3591,1747,833,914,
34950,6989,3371,3618,12229,5905,6324,13976,6732,7244,12228,5893,6335,6987,3395,3592,1747,833,914,
34955,6990,3372,3618,12230,5906,6324,13977,6732,7245,12230,5894,6336,6988,3396,3592,1747,833,914,
34960,6991,3373,3618,12233,5907,6326,13981,6735,7246,12232,5895,6337,6989,3396,3593,1747,833,914,
34965,6991,3373,3618,12235,5908,6327,13981,6735,7246,12233,5895,6338,6989,3396,3593,1748,834,914,
34970,6993,3373,3620,12236,5908,6328,13984,6736,7248,12235,5895,6340,6991,3397,3594,1748,834,914,
34975,6994,3373,3621,12237,5909,6328,13985,6736,7249,12237,5896,6341,6992,3398,3594,1748,834,914,
34980,6995,3374,3621,12240,5911,6329,13989,6739,7250,12239,5896,6343,6993,3398,3595,1748,834,914,
34985,6995,3374,3621,12242,5913,6329,13989,6739,7250,12240,5896,6344,6993,3398,3595,1749,834,915,
34990,6997,3375,3622,12243,5914,6329,13992,6740,7252,12242,5898,6344,6995,3399,3596,1749,834,915,
34995,6998,3376,3622,12244,5915,6329,13993,6741,7252,12244,5899,6345,6996,3399,3597,1749,834,915,
35000,6999,3376,3623,12247,5917,6330,13997,6741,7256,12246,5900,6346,6997,3399,3598,1749,834,915,
35005,6999,3376,3623,12249,5917,6332,13997,6741,7256,12247,5901,6346,6997,3399,3598,1750,834,916,
35010,7001,3378,3623,12250,5918,6332,14000,6743,7257,12249,5901,6348,6999,3399,3600,1750,834,916,
35015,7002,3378,3624,12251,5918,6333,14001,6743,7258,12251,5902,6349,7000,3400,3600,1750,834,916,
35020,7003,3379,3624,12254,5919,6335,14005,6745,7260,12253,5903,6350,7001,3401,3600,1750,834,916,
35025,7003,3379,3624,12256,5919,6337,14005,6745,7260,12254,5904,6350,7001,3401,3600,1751,834,917,
35030,7005,3380,3625,12257,5920,6337,14008,6747,7261,12256,5905,6351,7003,3401,3602,1751,834,917,
35035,7006,3381,3625,12258,5921,6337,14009,6747,7262,12258,5906,6352,7004,3402,3602,1751,834,917,
35040,7007,3381,3626,12261,5921,6340,14013,6747,7266,12260,5908,6352,7005,3402,3603,1751,834,917,
35045,7007,3381,3626,12263,5923,6340,14013,6747,7266,12261,5908,6353,7005,3402,3603,1752,835,917,
35050,7009,3381,3628,12264,5923,6341,14016,6748,7268,12263,5909,6354,7007,3403,3604,1752,835,917,
35055,7010,3382,3628,12265,5923,6342,14017,6748,7269,12265,5911,6354,7008,3403,3605,1752,835,917,
35060,7011,3382,3629,12268,5925,6343,14021,6748,7273,12267,5913,6354,7009,3404,3605,1752,835,917,
35065,7011,3382,3629,12270,5925,6345,14021,6748,7273,12268,5913,6355,7009,3404,3605,1753,836,917,
35070,7013,3382,3631,12271,5926,6345,14024,6750,7274,12270,5915,6355,7011,3405,3606,1753,836,917,
35075,7014,3382,3632,12272,5927,6345,14025,6750,7275,12272,5916,6356,7012,3406,3606,1753,836,917,
35080,7015,3383,3632,12275,5929,6346,14029,6752,7277,12274,5917,6357,7013,3406,3607,1753,836,917,
35085,7015,3383,3632,12277,5929,6348,14029,6752,7277,12275,5917,6358,7013,3406,3607,1754,837,917,
35090,7017,3384,3633,12278,5930,6348,14032,6752,7280,12277,5917,6360,7015,3406,3609,1754,837,917,
35095,7018,3385,3633,12279,5930,6349,14033,6752,7281,12279,5919,6360,7016,3407,3609,1754,837,917,
35100,7019,3385,3634,12282,5931,6351,14037,6755,7282,12281,5919,6362,7017,3407,3610,1754,837,917,
35105,7019,3385,3634,12284,5931,6353,14037,6755,7282,12282,5919,6363,7017,3407,3610,1755,837,918,
35110,7021,3387,3634,12285,5931,6354,14040,6757,7283,12284,5919,6365,7019,3409,3610,1755,837,918,
35115,7022,3388,3634,12286,5931,6355,14041,6758,7283,12286,5920,6366,7020,3409,3611,1755,837,918,
35120,7023,3388,3635,12289,5931,6358,14045,6760,7285,12288,5921,6367,7021,3409,3612,1755,837,918,
35125,7023,3388,3635,12291,5932,6359,14045,6760,7285,12289,5921,6368,7021,3409,3612,1756,837,919,
35130,7025,3389,3636,12292,5933,6359,14048,6760,7288,12291,5921,6370,7023,3410,3613,1756,837,919,
35135,7026,3389,3637,12293,5934,6359,14049,6761,7288,12293,5922,6371,7024,3410,3614,1756,837,919,
35140,7027,3390,3637,12296,5936,6360,14053,6765,7288,12295,5922,6373,7025,3410,3615,1756,837,919,
35145,7027,3390,3637,12298,5938,6360,14053,6765,7288,12296,5922,6374,7025,3410,3615,1757,838,919,
35150,7029,3391,3638,12299,5939,6360,14056,6768,7288,12298,5922,6376,7027,3411,3616,1757,838,919,
35155,7030,3391,3639,12300,5940,6360,14057,6768,7289,12300,5923,6377,7028,3411,3617,1757,838,919,
35160,7031,3392,3639,12303,5941,6362,14061,6772,7289,12302,5925,6377,7029,3412,3617,1757,838,919,
35165,7031,3392,3639,12305,5942,6363,14061,6772,7289,12303,5925,6378,7029,3412,3617,1758,838,920,
35170,7033,3392,3641,12306,5943,6363,14064,6772,7292,12305,5925,6380,7031,3413,3618,1758,838,920,
35175,7034,3393,3641,12307,5944,6363,14065,6772,7293,12307,5926,6381,7032,3413,3619,1758,838,920,
35180,7035,3393,3642,12310,5945,6365,14069,6774,7295,12309,5927,6382,7033,3414,3619,1758,838,920,
35185,7035,3393,3642,12312,5946,6366,14069,6774,7295,12310,5928,6382,7033,3414,3619,1759,839,920,
35190,7037,3395,3642,12313,5947,6366,14072,6775,7297,12312,5929,6383,7035,3415,3620,1759,839,920,
35195,7038,3396,3642,12314,5947,6367,14073,6776,7297,12314,5929,6385,7036,3416,3620,1759,839,920,
35200,7039,3396,3643,12317,5947,6370,14077,6777,7300,12316,5929,6387,7037,3417,3620,1759,839,920,
35205,7039,3396,3643,12319,5948,6371,14077,6777,7300,12317,5929,6388,7037,3417,3620,1760,839,921,
35210,7041,3397,3644,12320,5948,6372,14080,6778,7302,12319,5929,6390,7039,3418,3621,1760,839,921,
35215,7042,3397,3645,12321,5949,6372,14081,6779,7302,12321,5931,6390,7040,3418,3622,1760,839,921,
35220,7043,3398,3645,12324,5949,6375,14085,6781,7304,12323,5931,6392,7041,3418,3623,1760,839,921,
35225,7043,3398,3645,12326,5950,6376,14085,6781,7304,12324,5931,6393,7041,3418,3623,1761,839,922,
35230,7045,3400,3645,12327,5950,6377,14088,6784,7304,12326,5932,6394,7043,3419,3624,1761,839,922,
35235,7046,3401,3645,12328,5951,6377,14089,6784,7305,12328,5933,6395,7044,3419,3625,1761,839,922,
35240,7047,3401,3646,12331,5953,6378,14093,6785,7308,12330,5934,6396,7045,3420,3625,1761,839,922,
35245,7047,3401,3646,12333,5953,6380,14093,6785,7308,12331,5935,6396,7045,3420,3625,1762,839,923,
35250,7049,3403,3646,12334,5953,6381,14096,6786,7310,12333,5935,6398,7047,3420,3627,1762,839,923,
35255,7050,3403,3647,12335,5953,6382,14097,6787,7310,12335,5937,6398,7048,3420,3628,1762,839,923,
35260,7051,3404,3647,12338,5954,6384,14101,6787,7314,12337,5938,6399,7049,3421,3628,1762,839,923,
35265,7051,3404,3647,12340,5956,6384,14101,6787,7314,12338,5939,6399,7049,3421,3628,1763,839,924,
35270,7053,3405,3648,12341,5956,6385,14104,6788,7316,12340,5939,6401,7051,3422,3629,1763,839,924,
35275,7054,3406,3648,12342,5957,6385,14105,6789,7316,12342,5940,6402,7052,3422,3630,1763,839,924,
35280,7055,3407,3648,12345,5958,6387,14109,6790,7319,12344,5942,6402,7053,3423,3630,1763,839,924,
35285,7055,3407,3648,12347,5959,6388,14109,6790,7319,12345,5942,6403,7053,3423,3630,1764,840,924,
35290,7057,3407,3650,12348,5959,6389,14112,6791,7321,12347,5944,6403,7055,3425,3630,1764,840,924,
35295,7058,3408,3650,12349,5960,6389,14113,6792,7321,12349,5946,6403,7056,3426,3630,1764,840,924,
35300,7059,3408,3651,12352,5961,6391,14117,6794,7323,12351,5946,6405,7057,3426,3631,1764,840,924,
35305,7059,3408,3651,12354,5963,6391,14117,6794,7323,12352,5946,6406,7057,3426,3631,1765,840,925,
35310,7061,3409,3652,12355,5963,6392,14120,6797,7323,12354,5947,6407,7059,3426,3633,1765,840,925,
35315,7062,3409,3653,12356,5963,6393,14121,6797,7324,12356,5947,6409,7060,3427,3633,1765,840,925,
35320,7063,3410,3653,12359,5965,6394,14125,6798,7327,12358,5948,6410,7061,3427,3634,1765,840,925,
35325,7063,3410,3653,12361,5966,6395,14125,6798,7327,12359,5949,6410,7061,3427,3634,1766,841,925,
35330,7065,3411,3654,12362,5967,6395,14128,6799,7329,12361,5949,6412,7063,3428,3635,1766,841,925,
35335,7066,3411,3655,12363,5967,6396,14129,6799,7330,12363,5950,6413,7064,3429,3635,1766,841,925,
35340,7067,3411,3656,12366,5970,6396,14133,6801,7332,12365,5951,6414,7065,3429,3636,1766,841,925,
35345,7067,3411,3656,12368,5970,6398,14133,6801,7332,12366,5952,6414,7065,3429,3636,1767,842,925,
35350,7069,3412,3657,12369,5970,6399,14136,6801,7335,12368,5953,6415,7067,3430,3637,1767,842,925,
35355,7070,3412,3658,12370,5971,6399,14137,6801,7336,12370,5954,6416,7068,3430,3638,1767,842,925,
35360,7071,3412,3659,12373,5974,6399,14141,6802,7339,12372,5955,6417,7069,3430,3639,1767,842,925,
35365,7071,3412,3659,12375,5974,6401,14141,6802,7339,12373,5955,6418,7069,3430,3639,1768,842,926,
35370,7073,3412,3661,12376,5975,6401,14144,6802,7342,12375,5956,6419,7071,3431,3640,1768,842,926,
35375,7074,3412,3662,12377,5975,6402,14145,6802,7343,12377,5957,6420,7072,3432,3640,1768,842,926,
35380,7075,3413,3662,12380,5976,6404,14149,6805,7344,12379,5959,6420,7073,3432,3641,1768,842,926,
35385,7075,3413,3662,12382,5977,6405,14149,6805,7344,12380,5959,6421,7073,3432,3641,1769,843,926,
35390,7077,3414,3663,12383,5978,6405,14152,6807,7345,12382,5959,6423,7075,3433,3642,1769,843,926,
35395,7078,3414,3664,12384,5978,6406,14153,6808,7345,12384,5959,6425,7076,3434,3642,1769,843,926,
35400,7079,3414,3665,12387,5979,6408,14157,6811,7346,12386,5961,6425,7077,3434,3643,1769,843,926,
35405,7079,3414,3665,12389,5980,6409,14157,6811,7346,12387,5962,6425,7077,3434,3643,1770,844,926,
35410,7081,3416,3665,12390,5980,6410,14160,6812,7348,12389,5963,6426,7079,3435,3644,1770,844,926,
35415,7082,3417,3665,12391,5981,6410,14161,6813,7348,12391,5963,6428,7080,3436,3644,1770,844,926,
35420,7083,3418,3665,12394,5984,6410,14165,6814,7351,12393,5964,6429,7081,3436,3645,1770,844,926,
35425,7083,3418,3665,12396,5986,6410,14165,6814,7351,12394,5965,6429,7081,3436,3645,1771,844,927,
35430,7085,3420,3665,12397,5987,6410,14168,6814,7354,12396,5967,6429,7083,3436,3647,1771,844,927,
35435,7086,3421,3665,12398,5987,6411,14169,6815,7354,12398,5968,6430,7084,3437,3647,1771,844,927,
35440,7087,3421,3666,12401,5989,6412,14173,6818,7355,12400,5969,6431,7085,3437,3648,1771,844,927,
35445,7087,3421,3666,12403,5990,6413,14173,6818,7355,12401,5969,6432,7085,3437,3648,1772,844,928,
35450,7089,3421,3668,12404,5990,6414,14176,6819,7357,12403,5969,6434,7087,3438,3649,1772,844,928,
35455,7090,3422,3668,12405,5990,6415,14177,6819,7358,12405,5969,6436,7088,3439,3649,1772,844,928,
35460,7091,3422,3669,12408,5990,6418,14181,6821,7360,12407,5970,6437,7089,3439,3650,1772,844,928,
35465,7091,3422,3669,12410,5992,6418,14181,6821,7360,12408,5971,6437,7089,3439,3650,1773,845,928,
35470,7093,3424,3669,12411,5992,6419,14184,6823,7361,12410,5973,6437,7091,3440,3651,1773,845,928,
35475,7094,3425,3669,12412,5993,6419,14185,6824,7361,12412,5975,6437,7092,3441,3651,1773,845,928,
35480,7095,3425,3670,12415,5996,6419,14189,6826,7363,12414,5976,6438,7093,3442,3651,1773,845,928,
35485,7095,3425,3670,12417,5996,6421,14189,6826,7363,12415,5976,6439,7093,3442,3651,1774,845,929,
35490,7097,3427,3670,12418,5997,6421,14192,6826,7366,12417,5977,6440,7095,3443,3652,1774,845,929,
35495,7098,3428,3670,12419,5997,6422,14193,6827,7366,12419,5979,6440,7096,3444,3652,1774,845,929,
35500,7099,3428,3671,12422,5999,6423,14197,6829,7368,12421,5980,6441,7097,3444,3653,1774,845,929,
35505,7099,3428,3671,12424,6000,6424,14197,6829,7368,12422,5981,6441,7097,3444,3653,1775,846,929,
35510,7101,3430,3671,12425,6001,6424,14200,6829,7371,12424,5983,6441,7099,3444,3655,1775,846,929,
35515,7102,3430,3672,12426,6001,6425,14201,6829,7372,12426,5984,6442,7100,3445,3655,1775,846,929,
35520,7103,3431,3672,12429,6004,6425,14205,6832,7373,12428,5984,6444,7101,3445,3656,1775,846,929,
35525,7103,3431,3672,12431,6006,6425,14205,6832,7373,12429,5984,6445,7101,3445,3656,1776,847,929,
35530,7105,3431,3674,12432,6007,6425,14208,6833,7375,12431,5985,6446,7103,3445,3658,1776,847,929,
35535,7106,3432,3674,12433,6008,6425,14209,6834,7375,12433,5986,6447,7104,3446,3658,1776,847,929,
35540,7107,3433,3674,12436,6009,6427,14213,6836,7377,12435,5988,6447,7105,3447,3658,1776,847,929,
35545,7107,3433,3674,12438,6009,6429,14213,6836,7377,12436,5988,6448,7105,3447,3658,1777,848,929,
35550,7109,3433,3676,12439,6010,6429,14216,6839,7377,12438,5990,6448,7107,3447,3660,1777,848,929,
35555,7110,3433,3677,12440,6010,6430,14217,6840,7377,12440,5992,6448,7108,3447,3661,1777,848,929,
35560,7111,3433,3678,12443,6011,6432,14221,6843,7378,12442,5993,6449,7109,3448,3661,1777,848,929,
35565,7111,3433,3678,12445,6012,6433,14221,6843,7378,12443,5994,6449,7109,3448,3661,1778,848,930,
35570,7113,3433,3680,12446,6012,6434,14224,6846,7378,12445,5995,6450,7111,3449,3662,1778,848,930,
35575,7114,3433,3681,12447,6012,6435,14225,6846,7379,12447,5996,6451,7112,3449,3663,1778,848,930,
35580,7115,3433,3682,12450,6014,6436,14229,6848,7381,12449,5996,6453,7113,3449,3664,1778,848,930,
35585,7115,3433,3682,12452,6014,6438,14229,6848,7381,12450,5996,6454,7113,3449,3664,1779,849,930,
35590,7117,3435,3682,12453,6015,6438,14232,6850,7382,12452,5997,6455,7115,3450,3665,1779,849,930,
35595,7118,3435,3683,12454,6015,6439,14233,6851,7382,12454,5998,6456,7116,3451,3665,1779,849,930,
35600,7119,3436,3683,12457,6016,6441,14237,6852,7385,12456,5998,6458,7117,3451,3666,1779,849,930,
35605,7119,3436,3683,12459,6017,6442,14237,6852,7385,12457,5998,6459,7117,3451,3666,1780,849,931,
35610,7121,3437,3684,12460,6018,6442,14240,6854,7386,12459,5998,6461,7119,3451,3668,1780,849,931,
35615,7122,3437,3685,12461,6019,6442,14241,6854,7387,12461,5998,6463,7120,3451,3669,1780,849,931,
35620,7123,3437,3686,12464,6021,6443,14245,6858,7387,12463,5999,6464,7121,3452,3669,1780,849,931,
35625,7123,3437,3686,12466,6022,6444,14245,6858,7387,12464,6000,6464,7121,3452,3669,1781,849,932,
35630,7125,3438,3687,12467,6022,6445,14248,6859,7389,12466,6000,6466,7123,3452,3671,1781,849,932,
35635,7126,3438,3688,12468,6022,6446,14249,6859,7390,12468,6002,6466,7124,3453,3671,1781,849,932,
35640,7127,3438,3689,12471,6024,6447,14253,6861,7392,12470,6003,6467,7125,3453,3672,1781,849,932,
35645,7127,3438,3689,12473,6025,6448,14253,6861,7392,12471,6003,6468,7125,3453,3672,1782,849,933,
35650,7129,3439,3690,12474,6025,6449,14256,6861,7395,12473,6005,6468,7127,3453,3674,1782,849,933,
35655,7130,3439,3691,12475,6025,6450,14257,6862,7395,12475,6006,6469,7128,3453,3675,1782,849,933,
35660,7131,3439,3692,12478,6027,6451,14261,6864,7397,12477,6006,6471,7129,3453,3676,1782,849,933,
35665,7131,3439,3692,12480,6027,6453,14261,6864,7397,12478,6006,6472,7129,3453,3676,1783,849,934,
35670,7133,3441,3692,12481,6028,6453,14264,6867,7397,12480,6006,6474,7131,3454,3677,1783,849,934,
35675,7134,3441,3693,12482,6029,6453,14265,6868,7397,12482,6006,6476,7132,3454,3678,1783,849,934,
35680,7135,3442,3693,12485,6031,6454,14269,6872,7397,12484,6008,6476,7133,3455,3678,1783,849,934,
35685,7135,3442,3693,12487,6032,6455,14269,6872,7397,12485,6009,6476,7133,3455,3678,1784,850,934,
35690,7137,3443,3694,12488,6032,6456,14272,6873,7399,12487,6010,6477,7135,3456,3679,1784,850,934,
35695,7138,3444,3694,12489,6033,6456,14273,6873,7400,12489,6011,6478,7136,3457,3679,1784,850,934,
35700,7139,3445,3694,12492,6034,6458,14277,6875,7402,12491,6011,6480,7137,3457,3680,1784,850,934,
35705,7139,3445,3694,12494,6036,6458,14277,6875,7402,12492,6011,6481,7137,3457,3680,1785,851,934,
35710,7141,3445,3696,12495,6036,6459,14280,6877,7403,12494,6011,6483,7139,3458,3681,1785,851,934,
35715,7142,3445,3697,12496,6037,6459,14281,6878,7403,12496,6012,6484,7140,3459,3681,1785,851,934,
35720,7143,3445,3698,12499,6039,6460,14285,6879,7406,12498,6013,6485,7141,3460,3681,1785,851,934,
35725,7143,3445,3698,12501,6040,6461,14285,6879,7406,12499,6013,6486,7141,3460,3681,1786,851,935,
35730,7145,3445,3700,12502,6040,6462,14288,6881,7407,12501,6013,6488,7143,3460,3683,1786,851,935,
35735,7146,3446,3700,12503,6041,6462,14289,6881,7408,12503,6013,6490,7144,3460,3684,1786,851,935,
35740,7147,3446,3701,12506,6044,6462,14293,6884,7409,12505,6013,6492,7145,3460,3685,1786,851,935,
35745,7147,3446,3701,12508,6045,6463,14293,6884,7409,12506,6013,6493,7145,3460,3685,1787,851,936,
35750,7149,3446,3703,12509,6046,6463,14296,6885,7411,12508,6014,6494,7147,3461,3686,1787,851,936,
35755,7150,3446,3704,12510,6047,6463,14297,6886,7411,12510,6016,6494,7148,3461,3687,1787,851,936,
35760,7151,3446,3705,12513,6049,6464,14301,6887,7414,12512,6016,6496,7149,3461,3688,1787,851,936,
35765,7151,3446,3705,12515,6050,6465,14301,6887,7414,12513,6017,6496,7149,3461,3688,1788,852,936,
35770,7153,3447,3706,12516,6050,6466,14304,6890,7414,12515,6018,6497,7151,3462,3689,1788,852,936,
35775,7154,3448,3706,12517,6051,6466,14305,6891,7414,12517,6019,6498,7152,3463,3689,1788,852,936,
35780,7155,3448,3707,12520,6053,6467,14309,6893,7416,12519,6021,6498,7153,3464,3689,1788,852,936,
35785,7155,3448,3707,12522,6053,6469,14309,6893,7416,12520,6022,6498,7153,3464,3689,1789,852,937,
35790,7157,3449,3708,12523,6054,6469,14312,6893,7419,12522,6023,6499,7155,3466,3689,1789,852,937,
35795,7158,3449,3709,12524,6055,6469,14313,6893,7420,12524,6024,6500,7156,3467,3689,1789,852,937,
35800,7159,3450,3709,12527,6057,6470,14317,6893,7424,12526,6025,6501,7157,3468,3689,1789,852,937,
35805,7159,3450,3709,12529,6058,6471,14317,6893,7424,12527,6026,6501,7157,3468,3689,1790,852,938,
35810,7161,3451,3710,12530,6058,6472,14320,6896,7424,12529,6027,6502,7159,3469,3690,1790,852,938,
35815,7162,3452,3710,12531,6058,6473,14321,6897,7424,12531,6027,6504,7160,3469,3691,1790,852,938,
35820,7163,3453,3710,12534,6060,6474,14325,6900,7425,12533,6028,6505,7161,3470,3691,1790,852,938,
35825,7163,3453,3710,12536,6062,6474,14325,6900,7425,12534,6028,6506,7161,3470,3691,1791,852,939,
35830,7165,3453,3712,12537,6063,6474,14328,6901,7427,12536,6028,6508,7163,3470,3693,1791,852,939,
35835,7166,3453,3713,12538,6064,6474,14329,6901,7428,12538,6029,6509,7164,3470,3694,1791,852,939,
35840,7167,3453,3714,12541,6067,6474,14333,6901,7432,12540,6030,6510,7165,3471,3694,1791,852,939,
35845,7167,3453,3714,12543,6069,6474,14333,6901,7432,12541,6031,6510,7165,3471,3694,1792,853,939,
35850,7169,3453,3716,12544,6070,6474,14336,6903,7433,12543,6031,6512,7167,3471,3696,1792,853,939,
35855,7170,3453,3717,12545,6070,6475,14337,6904,7433,12545,6032,6513,7168,3472,3696,1792,853,939,
35860,7171,3453,3718,12548,6073,6475,14341,6905,7436,12547,6032,6515,7169,3472,3697,1792,853,939,
35865,7171,3453,3718,12550,6075,6475,14341,6905,7436,12548,6032,6516,7169,3472,3697,1793,853,940,
35870,7173,3453,3720,12551,6075,6476,14344,6907,7437,12550,6033,6517,7171,3473,3698,1793,853,940,
35875,7174,3453,3721,12552,6075,6477,14345,6907,7438,12552,6034,6518,7172,3474,3698,1793,853,940,
35880,7175,3454,3721,12555,6076,6479,14349,6909,7440,12554,6035,6519,7173,3474,3699,1793,853,940,
35885,7175,3454,3721,12557,6078,6479,14349,6909,7440,12555,6035,6520,7173,3474,3699,1794,854,940,
35890,7177,3455,3722,12558,6078,6480,14352,6911,7441,12557,6036,6521,7175,3476,3699,1794,854,940,
35895,7178,3456,3722,12559,6079,6480,14353,6911,7442,12559,6037,6522,7176,3477,3699,1794,854,940,
35900,7179,3457,3722,12562,6081,6481,14357,6912,7445,12561,6037,6524,7177,3477,3700,1794,854,940,
35905,7179,3457,3722,12564,6082,6482,14357,6912,7445,12562,6038,6524,7177,3477,3700,1795,854,941,
35910,7181,3458,3723,12565,6083,6482,14360,6913,7447,12564,6038,6526,7179,3478,3701,1795,854,941,
35915,7182,3458,3724,12566,6083,6483,14361,6914,7447,12566,6038,6528,7180,3479,3701,1795,854,941,
35920,7183,3459,3724,12569,6084,6485,14365,6915,7450,12568,6040,6528,7181,3479,3702,1795,854,941,
35925,7183,3459,3724,12571,6085,6486,14365,6915,7450,12569,6041,6528,7181,3479,3702,1796,854,942,
35930,7185,3460,3725,12572,6086,6486,14368,6916,7452,12571,6042,6529,7183,3479,3704,1796,854,942,
35935,7186,3460,3726,12573,6086,6487,14369,6916,7453,12573,6042,6531,7184,3479,3705,1796,854,942,
35940,7187,3461,3726,12576,6088,6488,14373,6917,7456,12575,6043,6532,7185,3479,3706,1796,854,942,
35945,7187,3461,3726,12578,6089,6489,14373,6917,7456,12576,6044,6532,7185,3479,3706,1797,854,943,
35950,7189,3461,3728,12579,6090,6489,14376,6917,7459,12578,6045,6533,7187,3480,3707,1797,854,943,
35955,7190,3461,3729,12580,6091,6489,14377,6917,7460,12580,6046,6534,7188,3480,3708,1797,854,943,
35960,7191,3461,3730,12583,6093,6490,14381,6918,7463,12582,6048,6534,7189,3480,3709,1797,854,943,
35965,7191,3461,3730,12585,6093,6492,14381,6918,7463,12583,6049,6534,7189,3480,3709,1798,854,944,
35970,7193,3461,3732,12586,6094,6492,14384,6919,7465,12585,6050,6535,7191,3480,3711,1798,854,944,
35975,7194,3461,3733,12587,6094,6493,14385,6920,7465,12587,6052,6535,7192,3481,3711,1798,854,944,
35980,7195,3461,3734,12590,6095,6495,14389,6922,7467,12589,6053,6536,7193,3481,3712,1798,854,944,
35985,7195,3461,3734,12592,6097,6495,14389,6922,7467,12590,6054,6536,7193,3481,3712,1799,854,945,
35990,7197,3461,3736,12593,6097,6496,14392,6923,7469,12592,6056,6536,7195,3483,3712,1799,854,945,
35995,7198,3462,3736,12594,6098,6496,14393,6924,7469,12594,6057,6537,7196,3484,3712,1799,854,945,
36000,7199,3463,3736,12597,6100,6497,14397,6924,7473,12596,6058,6538,7197,3485,3712,1799,854,945,
36005,7199,3463,3736,12599,6101,6498,14397,6924,7473,12597,6059,6538,7197,3485,3712,1800,854,946,
36010,7201,3464,3737,12600,6101,6499,14400,6925,7475,12599,6060,6539,7199,3487,3712,1800,854,946,
36015,7202,3464,3738,12601,6101,6500,14401,6925,7476,12601,6062,6539,7200,3488,3712,1800,854,946,
36020,7203,3464,3739,12604,6102,6502,14405,6929,7476,12603,6062,6541,7201,3488,3713,1800,854,946,
36025,7203,3464,3739,12606,6103,6503,14405,6929,7476,12604,6062,6542,7201,3488,3713,1801,855,946,
36030,7205,3464,3741,12607,6104,6503,14408,6930,7478,12606,6064,6542,7203,3490,3713,1801,855,946,
36035,7206,3464,3742,12608,6104,6504,14409,6931,7478,12608,6065,6543,7204,3491,3713,1801,855,946,
36040,7207,3465,3742,12611,6105,6506,14413,6931,7482,12610,6066,6544,7205,3492,3713,1801,855,946,
36045,7207,3465,3742,12613,6106,6507,14413,6931,7482,12611,6066,6545,7205,3492,3713,1802,855,947,
36050,7209,3466,3743,12614,6107,6507,14416,6934,7482,12613,6066,6547,7207,3492,3715,1802,855,947,
36055,7210,3467,3743,12615,6107,6508,14417,6934,7483,12615,6066,6549,7208,3493,3715,1802,855,947,
36060,7211,3467,3744,12618,6108,6510,14421,6937,7484,12617,6067,6550,7209,3494,3715,1802,855,947,
36065,7211,3467,3744,12620,6109,6511,14421,6937,7484,12618,6068,6550,7209,3494,3715,1803,856,947,
36070,7213,3469,3744,12621,6109,6512,14424,6938,7486,12620,6069,6551,7211,3494,3717,1803,856,947,
36075,7214,3470,3744,12622,6110,6512,14425,6938,7487,12622,6070,6552,7212,3495,3717,1803,856,947,
36080,7215,3471,3744,12625,6113,6512,14429,6941,7488,12624,6071,6553,7213,3495,3718,1803,856,947,
36085,7215,3471,3744,12627,6113,6514,14429,6941,7488,12625,6071,6554,7213,3495,3718,1804,856,948,
36090,7217,3471,3746,12628,6113,6515,14432,6942,7490,12627,6072,6555,7215,3496,3719,1804,856,948,
36095,7218,3472,3746,12629,6113,6516,14433,6942,7491,12629,6072,6557,7216,3496,3720,1804,856,948,
36100,7219,3472,3747,12632,6114,6518,14437,6944,7493,12631,6073,6558,7217,3497,3720,1804,856,948,
36105,7219,3472,3747,12634,6115,6519,14437,6944,7493,12632,6073,6559,7217,3497,3720,1805,856,949,
36110,7221,3473,3748,12635,6116,6519,14440,6946,7494,12634,6073,6561,7219,3499,3720,1805,856,949,
36115,7222,3474,3748,12636,6116,6520,14441,6947,7494,12636,6074,6562,7220,3499,3721,1805,856,949,
36120,7223,3474,3749,12639,6116,6523,14445,6949,7496,12638,6076,6562,7221,3499,3722,1805,856,949,
36125,7223,3474,3749,12641,6117,6524,14445,6949,7496,12639,6076,6563,7221,3499,3722,1806,856,950,
36130,7225,3474,3751,12642,6118,6524,14448,6952,7496,12641,6076,6565,7223,3499,3724,1806,856,950,
36135,7226,3474,3752,12643,6119,6524,14449,6953,7496,12643,6078,6565,7224,3499,3725,1806,856,950,
36140,7227,3474,3753,12646,6121,6525,14453,6954,7499,12645,6078,6567,7225,3500,3725,1806,856,950,
36145,7227,3474,3753,12648,6122,6526,14453,6954,7499,12646,6079,6567,7225,3500,3725,1807,856,951,
36150,7229,3474,3755,12649,6122,6527,14456,6955,7501,12648,6080,6568,7227,3500,3727,1807,856,951,
36155,7230,3475,3755,12650,6122,6528,14457,6955,7502,12650,6081,6569,7228,3501,3727,1807,856,951,
36160,7231,3476,3755,12653,6123,6530,14461,6956,7505,12652,6081,6571,7229,3502,3727,1807,856,951,
36165,7231,3476,3755,12655,6123,6532,14461,6956,7505,12653,6082,6571,7229,3502,3727,1808,857,951,
36170,7233,3476,3757,12656,6124,6532,14464,6957,7507,12655,6082,6573,7231,3502,3729,1808,857,951,
36175,7234,3476,3758,12657,6125,6532,14465,6958,7507,12657,6082,6575,7232,3502,3730,1808,857,951,
36180,7235,3477,3758,12660,6125,6535,14469,6960,7509,12659,6082,6577,7233,3502,3731,1808,857,951,
36185,7235,3477,3758,12662,6126,6536,14469,6960,7509,12660,6082,6578,7233,3502,3731,1809,858,951,
36190,7237,3478,3759,12663,6126,6537,14472,6960,7512,12662,6083,6579,7235,3504,3731,1809,858,951,
36195,7238,3478,3760,12664,6127,6537,14473,6961,7512,12664,6085,6579,7236,3505,3731,1809,858,951,
36200,7239,3478,3761,12667,6128,6539,14477,6962,7515,12666,6086,6580,7237,3506,3731,1809,858,951,
36205,7239,3478,3761,12669,6129,6540,14477,6962,7515,12667,6086,6581,7237,3506,3731,1810,859,951,
36210,7241,3479,3762,12670,6130,6540,14480,6964,7516,12669,6088,6581,7239,3506,3733,1810,859,951,
36215,7242,3480,3762,12671,6130,6541,14481,6964,7517,12671,6089,6582,7240,3507,3733,1810,859,951,
36220,7243,3480,3763,12674,6132,6542,14485,6965,7520,12673,6091,6582,7241,3507,3734,1810,859,951,
36225,7243,3480,3763,12676,6133,6543,14485,6965,7520,12674,6091,6583,7241,3507,3734,1811,860,951,
36230,7245,3480,3765,12677,6133,6544,14488,6965,7523,12676,6091,6585,7243,3508,3735,1811,860,951,
36235,7246,3481,3765,12678,6133,6545,14489,6965,7524,12678,6091,6587,7244,3508,3736,1811,860,951,
36240,7247,3481,3766,12681,6135,6546,14493,6967,7526,12680,6091,6589,7245,3508,3737,1811,860,951,
36245,7247,3481,3766,12683,6137,6546,14493,6967,7526,12681,6092,6589,7245,3508,3737,1812,860,952,
36250,7249,3481,3768,12684,6137,6547,14496,6969,7527,12683,6093,6590,7247,3510,3737,1812,860,952,
36255,7250,3482,3768,12685,6138,6547,14497,6970,7527,12685,6093,6592,7248,3510,3738,1812,860,952,
36260,7251,3483,3768,12688,6138,6550,14501,6972,7529,12687,6095,6592,7249,3511,3738,1812,860,952,
36265,7251,3483,3768,12690,6140,6550,14501,6972,7529,12688,6096,6592,7249,3511,3738,1813,860,953,
36270,7253,3485,3768,12691,6141,6550,14504,6973,7531,12690,6097,6593,7251,3512,3739,1813,860,953,
36275,7254,3486,3768,12692,6142,6550,14505,6973,7532,12692,6098,6594,7252,3513,3739,1813,860,953,
36280,7255,3486,3769,12695,6144,6551,14509,6975,7534,12694,6098,6596,7253,3513,3740,1813,860,953,
36285,7255,3486,3769,12697,6145,6552,14509,6975,7534,12695,6098,6597,7253,3513,3740,1814,861,953,
36290,7257,3486,3771,12698,6145,6553,14512,6976,7536,12697,6099,6598,7255,3515,3740,1814,861,953,
36295,7258,3486,3772,12699,6146,6553,14513,6977,7536,12699,6101,6598,7256,3515,3741,1814,861,953,
36300,7259,3486,3773,12702,6148,6554,14517,6979,7538,12701,6102,6599,7257,3515,3742,1814,861,953,
36305,7259,3486,3773,12704,6150,6554,14517,6979,7538,12702,6103,6599,7257,3515,3742,1815,862,953,
36310,7261,3487,3774,12705,6150,6555,14520,6981,7539,12704,6105,6599,7259,3516,3743,1815,862,953,
36315,7262,3488,3774,12706,6150,6556,14521,6982,7539,12706,6105,6601,7260,3517,3743,1815,862,953,
36320,7263,3488,3775,12709,6151,6558,14525,6985,7540,12708,6106,6602,7261,3518,3743,1815,862,953,
36325,7263,3488,3775,12711,6152,6559,14525,6985,7540,12709,6106,6603,7261,3518,3743,1816,862,954,
36330,7265,3488,3777,12712,6152,6560,14528,6986,7542,12711,6108,6603,7263,3518,3745,1816,862,954,
36335,7266,3489,3777,12713,6152,6561,14529,6987,7542,12713,6108,6605,7264,3518,3746,1816,862,954,
36340,7267,3489,3778,12716,6153,6563,14533,6987,7546,12715,6110,6605,7265,3518,3747,1816,862,954,
36345,7267,3489,3778,12718,6154,6564,14533,6987,7546,12716,6111,6605,7265,3518,3747,1817,863,954,
36350,7269,3490,3779,12719,6154,6565,14536,6989,7547,12718,6112,6606,7267,3519,3748,1817,863,954,
36355,7270,3491,3779,12720,6154,6566,14537,6989,7548,12720,6113,6607,7268,3519,3749,1817,863,954,
36360,7271,3491,3780,12723,6156,6567,14541,6991,7550,12722,6115,6607,7269,3520,3749,1817,863,954,
36365,7271,3491,3780,12725,6156,6569,14541,6991,7550,12723,6116,6607,7269,3520,3749,1818,863,955,
36370,7273,3492,3781,12726,6156,6570,14544,6994,7550,12725,6117,6608,7271,3521,3750,1818,863,955,
36375,7274,3493,3781,12727,6156,6571,14545,6994,7551,12727,6118,6609,7272,3521,3751,1818,863,955,
36380,7275,3493,3782,12730,6157,6573,14549,6996,7553,12729,6119,6610,7273,3522,3751,1818,863,955,
36385,7275,3493,3782,12732,6157,6575,14549,6996,7553,12730,6120,6610,7273,3522,3751,1819,863,956,
36390,7277,3494,3783,12733,6157,6576,14552,6997,7555,12732,6121,6611,7275,3524,3751,1819,863,956,
36395,7278,3495,3783,12734,6158,6576,14553,6998,7555,12734,6122,6612,7276,3524,3752,1819,863,956,
36400,7279,3496,3783,12737,6159,6578,14557,7000,7557,12736,6123,6613,7277,3524,3753,1819,863,956,
36405,7279,3496,3783,12739,6161,6578,14557,7000,7557,12737,6123,6614,7277,3524,3753,1820,863,957,
36410,7281,3496,3785,12740,6161,6579,14560,7002,7558,12739,6125,6614,7279,3525,3754,1820,863,957,
36415,7282,3496,3786,12741,6162,6579,14561,7003,7558,12741,6126,6615,7280,3526,3754,1820,863,957,
36420,7283,3496,3787,12744,6165,6579,14565,7005,7560,12743,6127,6616,7281,3527,3754,1820,863,957,
36425,7283,3496,3787,12746,6166,6580,14565,7005,7560,12744,6128,6616,7281,3527,3754,1821,864,957,
36430,7285,3497,3788,12747,6167,6580,14568,7007,7561,12746,6129,6617,7283,3529,3754,1821,864,957,
36435,7286,3497,3789,12748,6167,6581,14569,7008,7561,12748,6130,6618,7284,3529,3755,1821,864,957,
36440,7287,3498,3789,12751,6169,6582,14573,7012,7561,12750,6131,6619,7285,3530,3755,1821,864,957,
36445,7287,3498,3789,12753,6169,6584,14573,7012,7561,12751,6131,6620,7285,3530,3755,1822,865,957,
36450,7289,3499,3790,12754,6170,6584,14576,7013,7563,12753,6132,6621,7287,3531,3756,1822,865,957,
36455,7290,3499,3791,12755,6170,6585,14577,7014,7563,12755,6132,6623,7288,3531,3757,1822,865,957,
36460,7291,3500,3791,12758,6171,6587,14581,7014,7567,12757,6133,6624,7289,3532,3757,1822,865,957,
36465,7291,3500,3791,12760,6172,6588,14581,7014,7567,12758,6134,6624,7289,3532,3757,1823,866,957,
36470,7293,3500,3793,12761,6173,6588,14584,7016,7568,12760,6135,6625,7291,3534,3757,1823,866,957,
36475,7294,3500,3794,12762,6174,6588,14585,7017,7568,12762,6136,6626,7292,3534,3758,1823,866,957,
36480,7295,3501,3794,12765,6175,6590,14589,7021,7568,12764,6137,6627,7293,3535,3758,1823,866,957,
36485,7295,3501,3794,12767,6175,6592,14589,7021,7568,12765,6138,6627,7293,3535,3758,1824,866,958,
36490,7297,3502,3795,12768,6175,6593,14592,7023,7569,12767,6139,6628,7295,3536,3759,1824,866,958,
36495,7298,3503,3795,12769,6175,6594,14593,7023,7570,12769,6141,6628,7296,3536,3760,1824,866,958,
36500,7299,3503,3796,12772,6177,6595,14597,7025,7572,12771,6141,6630,7297,3536,3761,1824,866,958,
36505,7299,3503,3796,12774,6178,6596,14597,7025,7572,12772,6141,6631,7297,3536,3761,1825,867,958,
36510,7301,3504,3797,12775,6178,6597,14600,7026,7574,12774,6142,6632,7299,3538,3761,1825,867,958,
36515,7302,3505,3797,12776,6178,6598,14601,7027,7574,12776,6143,6633,7300,3538,3762,1825,867,958,
36520,7303,3506,3797,12779,6179,6600,14605,7031,7574,12778,6143,6635,7301,3539,3762,1825,867,958,
36525,7303,3506,3797,12781,6180,6601,14605,7031,7574,12779,6143,6636,7301,3539,3762,1826,868,958,
36530,7305,3508,3797,12782,6181,6601,14608,7033,7575,12781,6143,6638,7303,3540,3763,1826,868,958,
36535,7306,3509,3797,12783,6181,6602,14609,7033,7576,12783,6145,6638,7304,3541,3763,1826,868,958,
36540,7307,3509,3798,12786,6182,6604,14613,7035,7578,12785,6146,6639,7305,3542,3763,1826,868,958,
36545,7307,3509,3798,12788,6182,6606,14613,7035,7578,12786,6146,6640,7305,3542,3763,1827,869,958,
36550,7309,3510,3799,12789,6182,6607,14616,7038,7578,12788,6146,6642,7307,3544,3763,1827,869,958,
36555,7310,3511,3799,12790,6182,6608,14617,7039,7578,12790,6148,6642,7308,3544,3764,1827,869,958,
36560,7311,3511,3800,12793,6182,6611,14621,7039,7582,12792,6150,6642,7309,3544,3765,1827,869,958,
36565,7311,3511,3800,12795,6182,6613,14621,7039,7582,12793,6151,6642,7309,3544,3765,1828,870,958,
36570,7313,3512,3801,12796,6183,6613,14624,7042,7582,12795,6152,6643,7311,3544,3767,1828,870,958,
36575,7314,3513,3801,12797,6184,6613,14625,7043,7582,12797,6154,6643,7312,3545,3767,1828,870,958,
36580,7315,3514,3801,12800,6187,6613,14629,7045,7584,12799,6155,6644,7313,3546,3767,1828,870,958,
36585,7315,3514,3801,12802,6188,6614,14629,7045,7584,12800,6155,6645,7313,3546,3767,1829,870,959,
36590,7317,3516,3801,12803,6189,6614,14632,7048,7584,12802,6156,6646,7315,3546,3769,1829,870,959,
36595,7318,3516,3802,12804,6190,6614,14633,7048,7585,12804,6156,6648,7316,3546,3770,1829,870,959,
36600,7319,3517,3802,12807,6192,6615,14637,7049,7588,12806,6157,6649,7317,3546,3771,1829,870,959,
36605,7319,3517,3802,12809,6192,6617,14637,7049,7588,12807,6158,6649,7317,3546,3771,1830,870,960,
36610,7321,3518,3803,12810,6192,6618,14640,7050,7590,12809,6158,6651,7319,3548,3771,1830,870,960,
36615,7322,3519,3803,12811,6192,6619,14641,7050,7591,12811,6158,6653,7320,3548,3772,1830,870,960,
36620,7323,3519,3804,12814,6194,6620,14645,7053,7592,12813,6160,6653,7321,3548,3773,1830,870,960,
36625,7323,3519,3804,12816,6196,6620,14645,7053,7592,12814,6160,6654,7321,3548,3773,1831,870,961,
36630,7325,3520,3805,12817,6196,6621,14648,7054,7594,12816,6161,6655,7323,3549,3774,1831,870,961,
36635,7326,3521,3805,12818,6196,6622,14649,7055,7594,12818,6162,6656,7324,3549,3775,1831,870,961,
36640,7327,3521,3806,12821,6198,6623,14653,7057,7596,12820,6164,6656,7325,3549,3776,1831,870,961,
36645,7327,3521,3806,12823,6199,6624,14653,7057,7596,12821,6164,6657,7325,3549,3776,1832,871,961,
36650,7329,3523,3806,12824,6200,6624,14656,7059,7597,12823,6164,6659,7327,3551,3776,1832,871,961,
36655,7330,3524,3806,12825,6200,6625,14657,7059,7598,12825,6164,6661,7328,3551,3777,1832,871,961,
36660,7331,3525,3806,12828,6202,6626,14661,7061,7600,12827,6165,6662,7329,3551,3778,1832,871,961,
36665,7331,3525,3806,12830,6203,6627,14661,7061,7600,12828,6165,6663,7329,3551,3778,1833,871,962,
36670,7333,3525,3808,12831,6204,6627,14664,7063,7601,12830,6167,6663,7331,3552,3779,1833,871,962,
36675,7334,3525,3809,12832,6204,6628,14665,7063,7602,12832,6167,6665,7332,3552,3780,1833,871,962,
36680,7335,3526,3809,12835,6205,6630,14669,7065,7604,12834,6169,6665,7333,3553,3780,1833,871,962,
36685,7335,3526,3809,12837,6206,6631,14669,7065,7604,12835,6170,6665,7333,3553,3780,1834,871,963,
36690,7337,3527,3810,12838,6207,6631,14672,7065,7607,12837,6172,6665,7335,3553,3782,1834,871,963,
36695,7338,3528,3810,12839,6207,6632,14673,7066,7607,12839,6172,6667,7336,3554,3782,1834,871,963,
36700,7339,3529,3810,12842,6209,6633,14677,7069,7608,12841,6173,6668,7337,3554,3783,1834,871,963,
36705,7339,3529,3810,12844,6210,6634,14677,7069,7608,12842,6174,6668,7337,3554,3783,1835,871,964,
36710,7341,3529,3812,12845,6210,6635,14680,7071,7609,12844,6175,6669,7339,3555,3784,1835,871,964,
36715,7342,3529,3813,12846,6210,6636,14681,7071,7610,12846,6176,6670,7340,3556,3784,1835,871,964,
36720,7343,3529,3814,12849,6210,6639,14685,7074,7611,12848,6176,6672,7341,3557,3784,1835,871,964,
36725,7343,3529,3814,12851,6211,6640,14685,7074,7611,12849,6176,6673,7341,3557,3784,1836,871,965,
36730,7345,3531,3814,12852,6212,6640,14688,7076,7612,12851,6177,6674,7343,3558,3785,1836,871,965,
36735,7346,3531,3815,12853,6212,6641,14689,7076,7613,12853,6178,6675,7344,3558,3786,1836,871,965,
36740,7347,3531,3816,12856,6214,6642,14693,7077,7616,12855,6180,6675,7345,3558,3787,1836,871,965,
36745,7347,3531,3816,12858,6214,6644,14693,7077,7616,12856,6180,6676,7345,3558,3787,1837,871,966,
36750,7349,3531,3818,12859,6215,6644,14696,7077,7619,12858,6181,6677,7347,3559,3788,1837,871,966,
36755,7350,3532,3818,12860,6216,6644,14697,7077,7620,12860,6182,6678,7348,3559,3789,1837,871,966,
36760,7351,3533,3818,12863,6217,6646,14701,7079,7622,12862,6183,6679,7349,3559,3790,1837,871,966,
36765,7351,3533,3818,12865,6218,6647,14701,7079,7622,12863,6183,6680,7349,3559,3790,1838,872,966,
36770,7353,3534,3819,12866,6218,6648,14704,7081,7623,12865,6185,6680,7351,3560,3791,1838,872,966,
36775,7354,3534,3820,12867,6218,6649,14705,7081,7624,12867,6185,6682,7352,3561,3791,1838,872,966,
36780,7355,3534,3821,12870,6220,6650,14709,7081,7628,12869,6185,6684,7353,3561,3792,1838,872,966,
36785,7355,3534,3821,12872,6221,6651,14709,7081,7628,12870,6186,6684,7353,3561,3792,1839,872,967,
36790,7357,3534,3823,12873,6221,6652,14712,7081,7631,12872,6188,6684,7355,3562,3793,1839,872,967,
36795,7358,3534,3824,12874,6221,6653,14713,7082,7631,12874,6189,6685,7356,3563,3793,1839,872,967,
36800,7359,3535,3824,12877,6222,6655,14717,7083,7634,12876,6190,6686,7357,3563,3794,1839,872,967,
36805,7359,3535,3824,12879,6223,6656,14717,7083,7634,12877,6190,6687,7357,3563,3794,1840,872,968,
36810,7361,3536,3825,12880,6224,6656,14720,7085,7635,12879,6190,6689,7359,3563,3796,1840,872,968,
36815,7362,3537,3825,12881,6224,6657,14721,7085,7636,12881,6191,6690,7360,3563,3797,1840,872,968,
36820,7363,3538,3825,12884,6227,6657,14725,7087,7638,12883,6193,6690,7361,3563,3798,1840,872,968,
36825,7363,3538,3825,12886,6229,6657,14725,7087,7638,12884,6193,6691,7361,3563,3798,1841,872,969,
36830,7365,3538,3827,12887,6230,6657,14728,7088,7640,12886,6194,6692,7363,3564,3799,1841,872,969,
36835,7366,3539,3827,12888,6230,6658,14729,7088,7641,12888,6195,6693,7364,3564,3800,1841,872,969,
36840,7367,3540,3827,12891,6231,6660,14733,7089,7644,12890,6196,6694,7365,3564,3801,1841,872,969,
36845,7367,3540,3827,12893,6233,6660,14733,7089,7644,12891,6196,6695,7365,3564,3801,1842,872,970,
36850,7369,3541,3828,12894,6234,6660,14736,7090,7646,12893,6197,6696,7367,3566,3801,1842,872,970,
36855,7370,3542,3828,12895,6235,6660,14737,7090,7647,12895,6198,6697,7368,3566,3802,1842,872,970,
36860,7371,3542,3829,12898,6237,6661,14741,7091,7650,12897,6200,6697,7369,3566,3803,1842,872,970,
36865,7371,3542,3829,12900,6238,6662,14741,7091,7650,12898,6201,6697,7369,3566,3803,1843,872,971,
36870,7373,3543,3830,12901,6239,6662,14744,7094,7650,12900,6202,6698,7371,3567,3804,1843,872,971,
36875,7374,3543,3831,12902,6240,6662,14745,7094,7651,12902,6202,6700,7372,3567,3805,1843,872,971,
36880,7375,3543,3832,12905,6242,6663,14749,7095,7654,12904,6203,6701,7373,3568,3805,1843,872,971,
36885,7375,3543,3832,12907,6242,6665,14749,7095,7654,12905,6203,6702,7373,3568,3805,1844,872,972,
36890,7377,3545,3832,12908,6243,6665,14752,7097,7655,12907,6203,6704,7375,3570,3805,1844,872,972,
36895,7378,3545,3833,12909,6243,6666,14753,7098,7655,12909,6203,6706,7376,3570,3806,1844,872,972,
36900,7379,3545,3834,12912,6243,6669,14757,7099,7658,12911,6204,6707,7377,3570,3807,1844,872,972,
36905,7379,3545,3834,12914,6243,6671,14757,7099,7658,12912,6204,6708,7377,3570,3807,1845,873,972,
36910,7381,3546,3835,12915,6243,6672,14760,7100,7660,12914,6205,6709,7379,3572,3807,1845,873,972,
36915,7382,3547,3835,12916,6243,6673,14761,7100,7661,12916,6206,6710,7380,3572,3808,1845,873,972,
36920,7383,3547,3836,12919,6245,6674,14765,7102,7663,12918,6206,6712,7381,3573,3808,1845,873,972,
36925,7383,3547,3836,12921,6246,6675,14765,7102,7663,12919,6206,6713,7381,3573,3808,1846,874,972,
36930,7385,3548,3837,12922,6246,6676,14768,7104,7664,12921,6206,6715,7383,3574,3809,1846,874,972,
36935,7386,3549,3837,12923,6246,6677,14769,7104,7665,12923,6207,6716,7384,3575,3809,1846,874,972,
36940,7387,3550,3837,12926,6248,6678,14773,7107,7666,12925,6209,6716,7385,3576,3809,1846,874,972,
36945,7387,3550,3837,12928,6248,6680,14773,7107,7666,12926,6210,6716,7385,3576,3809,1847,875,972,
36950,7389,3552,3837,12929,6248,6681,14776,7108,7668,12928,6211,6717,7387,3577,3810,1847,875,972,
36955,7390,3552,3838,12930,6248,6682,14777,7109,7668,12930,6212,6718,7388,3577,3811,1847,875,972,
36960,7391,3553,3838,12933,6248,6685,14781,7110,7671,12932,6213,6719,7389,3578,3811,1847,875,972,
36965,7391,3553,3838,12935,6249,6686,14781,7110,7671,12933,6214,6719,7389,3578,3811,1848,876,972,
36970,7393,3554,3839,12936,6249,6687,14784,7112,7672,12935,6215,6720,7391,3579,3812,1848,876,972,
36975,7394,3554,3840,12937,6250,6687,14785,7113,7672,12937,6217,6720,7392,3579,3813,1848,876,972,
36980,7395,3555,3840,12940,6250,6690,14789,7117,7672,12939,6219,6720,7393,3579,3814,1848,876,972,
36985,7395,3555,3840,12942,6250,6692,14789,7117,7672,12940,6220,6720,7393,3579,3814,1849,876,973,
36990,7397,3555,3842,12943,6250,6693,14792,7119,7673,12942,6221,6721,7395,3580,3815,1849,876,973,
36995,7398,3555,3843,12944,6250,6694,14793,7120,7673,12944,6222,6722,7396,3580,3816,1849,876,973,
37000,7399,3555,3844,12947,6251,6696,14797,7121,7676,12946,6223,6723,7397,3580,3817,1849,876,973,
37005,7399,3555,3844,12949,6253,6696,14797,7121,7676,12947,6224,6723,7397,3580,3817,1850,876,974,
37010,7401,3555,3846,12950,6254,6696,14800,7123,7677,12949,6224,6725,7399,3581,3818,1850,876,974,
37015,7402,3556,3846,12951,6255,6696,14801,7123,7678,12951,6224,6727,7400,3582,3818,1850,876,974,
37020,7403,3557,3846,12954,6257,6697,14805,7123,7682,12953,6225,6728,7401,3583,3818,1850,876,974,
37025,7403,3557,3846,12956,6259,6697,14805,7123,7682,12954,6225,6729,7401,3583,3818,1851,877,974,
37030,7405,3557,3848,12957,6259,6698,14808,7125,7683,12956,6226,6730,7403,3584,3819,1851,877,974,
37035,7406,3558,3848,12958,6259,6699,14809,7126,7683,12958,6227,6731,7404,3585,3819,1851,877,974,
37040,7407,3558,3849,12961,6261,6700,14813,7127,7686,12960,6228,6732,7405,3586,3819,1851,877,974,
37045,7407,3558,3849,12963,6262,6701,14813,7127,7686,12961,6229,6732,7405,3586,3819,1852,877,975,
37050,7409,3558,3851,12964,6262,6702,14816,7130,7686,12963,6229,6734,7407,3588,3819,1852,877,975,
37055,7410,3558,3852,12965,6263,6702,14817,7131,7686,12965,6230,6735,7408,3589,3819,1852,877,975,
37060,7411,3559,3852,12968,6263,6705,14821,7132,7689,12967,6232,6735,7409,3589,3820,1852,877,975,
37065,7411,3559,3852,12970,6263,6707,14821,7132,7689,12968,6233,6735,7409,3589,3820,1853,877,976,
37070,7413,3559,3854,12971,6264,6707,14824,7132,7692,12970,6235,6735,7411,3590,3821,1853,877,976,
37075,7414,3559,3855,12972,6264,6708,14825,7132,7693,12972,6236,6736,7412,3590,3822,1853,877,976,
37080,7415,3560,3855,12975,6266,6709,14829,7135,7694,12974,6237,6737,7413,3591,3822,1853,877,976,
37085,7415,3560,3855,12977,6268,6709,14829,7135,7694,12975,6237,6738,7413,3591,3822,1854,878,976,
37090,7417,3562,3855,12978,6268,6710,14832,7138,7694,12977,6237,6740,7415,3593,3822,1854,878,976,
37095,7418,3563,3855,12979,6268,6711,14833,7138,7695,12979,6239,6740,7416,3594,3822,1854,878,976,
37100,7419,3563,3856,12982,6270,6712,14837,7139,7698,12981,6240,6741,7417,3595,3822,1854,878,976,
37105,7419,3563,3856,12984,6270,6714,14837,7139,7698,12982,6240,6742,7417,3595,3822,1855,878,977,
37110,7421,3565,3856,12985,6270,6715,14840,7141,7699,12984,6240,6744,7419,3596,3823,1855,878,977,
37115,7422,3566,3856,12986,6270,6716,14841,7142,7699,12986,6240,6746,7420,3597,3823,1855,878,977,
37120,7423,3566,3857,12989,6271,6718,14845,7142,7703,12988,6240,6748,7421,3597,3824,1855,878,977,
37125,7423,3566,3857,12991,6272,6719,14845,7142,7703,12989,6240,6749,7421,3597,3824,1856,878,978,
37130,7425,3566,3859,12992,6272,6720,14848,7144,7704,12991,6241,6750,7423,3598,3825,1856,878,978,
37135,7426,3567,3859,12993,6273,6720,14849,7144,7705,12993,6241,6752,7424,3598,3826,1856,878,978,
37140,7427,3568,3859,12996,6273,6723,14853,7144,7709,12995,6243,6752,7425,3599,3826,1856,878,978,
37145,7427,3568,3859,12998,6273,6725,14853,7144,7709,12996,6244,6752,7425,3599,3826,1857,879,978,
37150,7429,3569,3860,12999,6274,6725,14856,7145,7711,12998,6245,6753,7427,3600,3827,1857,879,978,
37155,7430,3569,3861,13000,6275,6725,14857,7145,7712,13000,6246,6754,7428,3601,3827,1857,879,978,
37160,7431,3570,3861,13003,6277,6726,14861,7146,7715,13002,6248,6754,7429,3601,3828,1857,879,978,
37165,7431,3570,3861,13005,6279,6726,14861,7146,7715,13003,6248,6755,7429,3601,3828,1858,880,978,
37170,7433,3570,3863,13006,6280,6726,14864,7147,7717,13005,6249,6756,7431,3602,3829,1858,880,978,
37175,7434,3571,3863,13007,6281,6726,14865,7147,7718,13007,6249,6758,7432,3602,3830,1858,880,978,
37180,7435,3571,3864,13010,6283,6727,14869,7149,7720,13009,6251,6758,7433,3603,3830,1858,880,978,
37185,7435,3571,3864,13012,6283,6729,14869,7149,7720,13010,6251,6759,7433,3603,3830,1859,880,979,
37190,7437,3571,3866,13013,6283,6730,14872,7149,7723,13012,6252,6760,7435,3605,3830,1859,880,979,
37195,7438,3571,3867,13014,6284,6730,14873,7149,7724,13014,6253,6761,7436,3606,3830,1859,880,979,
37200,7439,3571,3868,13017,6284,6733,14877,7150,7727,13016,6253,6763,7437,3606,3831,1859,880,979,
37205,7439,3571,3868,13019,6284,6735,14877,7150,7727,13017,6253,6764,7437,3606,3831,1860,880,980,
37210,7441,3572,3869,13020,6284,6736,14880,7150,7730,13019,6255,6764,7439,3607,3832,1860,880,980,
37215,7442,3573,3869,13021,6284,6737,14881,7151,7730,13021,6256,6765,7440,3608,3832,1860,880,980,
37220,7443,3574,3869,13024,6285,6739,14885,7152,7733,13023,6258,6765,7441,3609,3832,1860,880,980,
37225,7443,3574,3869,13026,6286,6740,14885,7152,7733,13024,6258,6766,7441,3609,3832,1861,880,981,
37230,7445,3575,3870,13027,6287,6740,14888,7155,7733,13026,6260,6766,7443,3609,3834,1861,880,981,
37235,7446,3575,3871,13028,6288,6740,14889,7156,7733,13028,6262,6766,7444,3610,3834,1861,880,981,
37240,7447,3575,3872,13031,6289,6742,14893,7156,7737,13030,6264,6766,7445,3611,3834,1861,880,981,
37245,7447,3575,3872,13033,6290,6743,14893,7156,7737,13031,6264,6767,7445,3611,3834,1862,881,981,
37250,7449,3575,3874,13034,6291,6743,14896,7158,7738,13033,6265,6768,7447,3612,3835,1862,881,981,
37255,7450,3575,3875,13035,6291,6744,14897,7159,7738,13035,6267,6768,7448,3612,3836,1862,881,981,
37260,7451,3576,3875,13038,6293,6745,14901,7160,7741,13037,6268,6769,7449,3613,3836,1862,881,981,
37265,7451,3576,3875,13040,6294,6746,14901,7160,7741,13038,6268,6770,7449,3613,3836,1863,882,981,
37270,7453,3577,3876,13041,6294,6747,14904,7160,7744,13040,6269,6771,7451,3613,3838,1863,882,981,
37275,7454,3578,3876,13042,6294,6748,14905,7161,7744,13042,6271,6771,7452,3614,3838,1863,882,981,
37280,7455,3578,3877,13045,6294,6751,14909,7163,7746,13044,6271,6773,7453,3615,3838,1863,882,981,
37285,7455,3578,3877,13047,6295,6752,14909,7163,7746,13045,6271,6774,7453,3615,3838,1864,882,982,
37290,7457,3579,3878,13048,6296,6752,14912,7164,7748,13047,6272,6775,7455,3616,3839,1864,882,982,
37295,7458,3580,3878,13049,6297,6752,14913,7164,7749,13049,6272,6777,7456,3617,3839,1864,882,982,
37300,7459,3581,3878,13052,6298,6754,14917,7165,7752,13051,6274,6777,7457,3618,3839,1864,882,982,
37305,7459,3581,3878,13054,6299,6755,14917,7165,7752,13052,6274,6778,7457,3618,3839,1865,882,983,
37310,7461,3583,3878,13055,6300,6755,14920,7166,7754,13054,6275,6779,7459,3620,3839,1865,882,983,
37315,7462,3583,3879,13056,6301,6755,14921,7167,7754,13056,6276,6780,7460,3620,3840,1865,882,983,
37320,7463,3583,3880,13059,6302,6757,14925,7169,7756,13058,6278,6780,7461,3620,3841,1865,882,983,
37325,7463,3583,3880,13061,6303,6758,14925,7169,7756,13059,6278,6781,7461,3620,3841,1866,882,984,
37330,7465,3583,3882,13062,6303,6759,14928,7172,7756,13061,6278,6783,7463,3621,3842,1866,882,984,
37335,7466,3584,3882,13063,6304,6759,14929,7172,7757,13063,6278,6785,7464,3622,3842,1866,882,984,
37340,7467,3584,3883,13066,6306,6760,14933,7174,7759,13065,6278,6787,7465,3622,3843,1866,882,984,
37345,7467,3584,3883,13068,6307,6761,14933,7174,7759,13066,6278,6788,7465,3622,3843,1867,883,984,
37350,7469,3585,3884,13069,6308,6761,14936,7176,7760,13068,6279,6789,7467,3624,3843,1867,883,984,
37355,7470,3585,3885,13070,6309,6761,14937,7176,7761,13070,6280,6790,7468,3625,3843,1867,883,984,
37360,7471,3586,3885,13073,6311,6762,14941,7177,7764,13072,6281,6791,7469,3626,3843,1867,883,984,
37365,7471,3586,3885,13075,6312,6763,14941,7177,7764,13073,6281,6792,7469,3626,3843,1868,884,984,
37370,7473,3587,3886,13076,6312,6764,14944,7178,7766,13075,6281,6794,7471,3627,3844,1868,884,984,
37375,7474,3588,3886,13077,6313,6764,14945,7179,7766,13077,6281,6796,7472,3628,3844,1868,884,984,
37380,7475,3588,3887,13080,6315,6765,14949,7181,7768,13079,6281,6798,7473,3628,3845,1868,884,984,
37385,7475,3588,3887,13082,6315,6767,14949,7181,7768,13080,6281,6799,7473,3628,3845,1869,885,984,
37390,7477,3590,3887,13083,6315,6768,14952,7183,7769,13082,6282,6800,7475,3629,3846,1869,885,984,
37395,7478,3591,3887,13084,6315,6769,14953,7183,7770,13084,6284,6800,7476,3629,3847,1869,885,984,
37400,7479,3591,3888,13087,6316,6771,14957,7184,7773,13086,6285,6801,7477,3630,3847,1869,885,984,
37405,7479,3591,3888,13089,6316,6773,14957,7184,7773,13087,6285,6802,7477,3630,3847,1870,885,985,
37410,7481,3592,3889,13090,6317,6773,14960,7185,7775,13089,6287,6802,7479,3631,3848,1870,885,985,
37415,7482,3593,3889,13091,6317,6774,14961,7185,7776,13091,6288,6803,7480,3631,3849,1870,885,985,
37420,7483,3593,3890,13094,6318,6776,14965,7187,7778,13093,6289,6804,7481,3632,3849,1870,885,985,
37425,7483,3593,3890,13096,6319,6777,14965,7187,7778,13094,6290,6804,7481,3632,3849,1871,886,985,
37430,7485,3594,3891,13097,6320,6777,14968,7188,7780,13096,6291,6805,7483,3633,3850,1871,886,985,
37435,7486,3595,3891,13098,6321,6777,14969,7188,7781,13098,6292,6806,7484,3633,3851,1871,886,985,
37440,7487,3596,3891,13101,6322,6779,14973,7191,7782,13100,6294,6806,7485,3634,3851,1871,886,985,
37445,7487,3596,3891,13103,6324,6779,14973,7191,7782,13101,6295,6806,7485,3634,3851,1872,887,985,
37450,7489,3598,3891,13104,6324,6780,14976,7192,7784,13103,6296,6807,7487,3636,3851,1872,887,985,
37455,7490,3599,3891,13105,6324,6781,14977,7193,7784,13105,6297,6808,7488,3637,3851,1872,887,985,
37460,7491,3599,3892,13108,6326,6782,14981,7194,7787,13107,6297,6810,7489,3638,3851,1872,887,985,
37465,7491,3599,3892,13110,6328,6782,14981,7194,7787,13108,6298,6810,7489,3638,3851,1873,888,985,
37470,7493,3600,3893,13111,6329,6782,14984,7196,7788,13110,6298,6812,7491,3638,3853,1873,888,985,
37475,7494,3601,3893,13112,6330,6782,14985,7196,7789,13112,6300,6812,7492,3639,3853,1873,888,985,
37480,7495,3601,3894,13115,6332,6783,14989,7199,7790,13114,6300,6814,7493,3640,3853,1873,888,985,
37485,7495,3601,3894,13117,6333,6784,14989,7199,7790,13115,6300,6815,7493,3640,3853,1874,888,986,
37490,7497,3602,3895,13118,6333,6785,14992,7200,7792,13117,6301,6816,7495,3642,3853,1874,888,986,
37495,7498,3602,3896,13119,6334,6785,14993,7200,7793,13119,6302,6817,7496,3642,3854,1874,888,986,
37500,7499,3602,3897,13122,6334,6788,14997,7201,7796,13121,6303,6818,7497,3643,3854,1874,888,986,
37505,7499,3602,3897,13124,6336,6788,14997,7201,7796,13122,6304,6818,7497,3643,3854,1875,888,987,
37510,7501,3603,3898,13125,6337,6788,15000,7202,7798,13124,6305,6819,7499,3643,3856,1875,888,987,
37515,7502,3604,3898,13126,6338,6788,15001,7202,7799,13126,6306,6820,7500,3643,3857,1875,888,987,
37520,7503,3605,3898,13129,6338,6791,15005,7203,7802,13128,6307,6821,7501,3644,3857,1875,888,987,
37525,7503,3605,3898,13131,6338,6793,15005,7203,7802,13129,6307,6822,7501,3644,3857,1876,888,988,
37530,7505,3605,3900,13132,6339,6793,15008,7204,7804,13131,6309,6822,7503,3645,3858,1876,888,988,
37535,7506,3605,3901,13133,6339,6794,15009,7204,7805,13133,6311,6822,7504,3645,3859,1876,888,988,
37540,7507,3606,3901,13136,6341,6795,15013,7206,7807,13135,6311,6824,7505,3645,3860,1876,888,988,
37545,7507,3606,3901,13138,6342,6796,15013,7206,7807,13136,6311,6825,7505,3645,3860,1877,889,988,
37550,7509,3606,3903,13139,6343,6796,15016,7207,7809,13138,6313,6825,7507,3646,3861,1877,889,988,
37555,7510,3607,3903,13140,6344,6796,15017,7207,7810,13140,6314,6826,7508,3647,3861,1877,889,988,
37560,7511,3608,3903,13143,6346,6797,15021,7209,7812,13142,6316,6826,7509,3647,3862,1877,889,988,
37565,7511,3608,3903,13145,6348,6797,15021,7209,7812,13143,6316,6827,7509,3647,3862,1878,889,989,
37570,7513,3609,3904,13146,6349,6797,15024,7212,7812,13145,6317,6828,7511,3647,3864,1878,889,989,
37575,7514,3610,3904,13147,6350,6797,15025,7212,7813,13147,6318,6829,7512,3648,3864,1878,889,989,
37580,7515,3610,3905,13150,6351,6799,15029,7214,7815,13149,6319,6830,7513,3649,3864,1878,889,989,
37585,7515,3610,3905,13152,6352,6800,15029,7214,7815,13150,6319,6831,7513,3649,3864,1879,889,990,
37590,7517,3611,3906,13153,6353,6800,15032,7214,7818,13152,6321,6831,7515,3649,3866,1879,889,990,
37595,7518,3612,3906,13154,6354,6800,15033,7215,7818,13154,6323,6831,7516,3650,3866,1879,889,990,
37600,7519,3613,3906,13157,6355,6802,15037,7216,7821,13156,6325,6831,7517,3651,3866,1879,889,990,
37605,7519,3613,3906,13159,6355,6804,15037,7216,7821,13157,6325,6832,7517,3651,3866,1880,890,990,
37610,7521,3615,3906,13160,6356,6804,15040,7218,7822,13159,6325,6834,7519,3653,3866,1880,890,990,
37615,7522,3616,3906,13161,6357,6804,15041,7219,7822,13161,6325,6836,7520,3654,3866,1880,890,990,
37620,7523,3617,3906,13164,6360,6804,15045,7221,7824,13163,6327,6836,7521,3654,3867,1880,890,990,
37625,7523,3617,3906,13166,6360,6806,15045,7221,7824,13164,6328,6836,7521,3654,3867,1881,890,991,
37630,7525,3618,3907,13167,6361,6806,15048,7222,7826,13166,6328,6838,7523,3656,3867,1881,890,991,
37635,7526,3619,3907,13168,6362,6806,15049,7223,7826,13168,6328,6840,7524,3657,3867,1881,890,991,
37640,7527,3619,3908,13171,6362,6809,15053,7225,7828,13170,6329,6841,7525,3657,3868,1881,890,991,
37645,7527,3619,3908,13173,6364,6809,15053,7225,7828,13171,6330,6841,7525,3657,3868,1882,891,991,
37650,7529,3619,3910,13174,6365,6809,15056,7227,7829,13173,6331,6842,7527,3657,3870,1882,891,991,
37655,7530,3620,3910,13175,6366,6809,15057,7228,7829,13175,6333,6842,7528,3657,3871,1882,891,991,
37660,7531,3621,3910,13178,6369,6809,15061,7230,7831,13177,6335,6842,7529,3658,3871,1882,891,991,
37665,7531,3621,3910,13180,6369,6811,15061,7230,7831,13178,6336,6842,7529,3658,3871,1883,892,991,
37670,7533,3621,3912,13181,6369,6812,15064,7231,7833,13180,6338,6842,7531,3660,3871,1883,892,991,
37675,7534,3621,3913,13182,6369,6813,15065,7232,7833,13182,6340,6842,7532,3660,3872,1883,892,991,
37680,7535,3622,3913,13185,6370,6815,15069,7234,7835,13184,6340,6844,7533,3661,3872,1883,892,991,
37685,7535,3622,3913,13187,6370,6817,15069,7234,7835,13185,6340,6845,7533,3661,3872,1884,893,991,
37690,7537,3623,3914,13188,6370,6818,15072,7236,7836,13187,6340,6847,7535,3662,3873,1884,893,991,
37695,7538,3623,3915,13189,6370,6819,15073,7236,7837,13189,6342,6847,7536,3662,3874,1884,893,991,
37700,7539,3623,3916,13192,6373,6819,15077,7237,7840,13191,6344,6847,7537,3662,3875,1884,893,991,
37705,7539,3623,3916,13194,6373,6821,15077,7237,7840,13192,6344,6848,7537,3662,3875,1885,894,991,
37710,7541,3625,3916,13195,6374,6821,15080,7240,7840,13194,6346,6848,7539,3662,3877,1885,894,991,
37715,7542,3625,3917,13196,6375,6821,15081,7240,7841,13196,6346,6850,7540,3663,3877,1885,894,991,
37720,7543,3626,3917,13199,6377,6822,15085,7243,7842,13198,6346,6852,7541,3663,3878,1885,894,991,
37725,7543,3626,3917,13201,6378,6823,15085,7243,7842,13199,6347,6852,7541,3663,3878,1886,894,992,
37730,7545,3627,3918,13202,6378,6824,15088,7243,7845,13201,6348,6853,7543,3665,3878,1886,894,992,
37735,7546,3627,3919,13203,6378,6825,15089,7243,7846,13203,6349,6854,7544,3666,3878,1886,894,992,
37740,7547,3627,3920,13206,6379,6827,15093,7245,7848,13205,6350,6855,7545,3666,3879,1886,894,992,
37745,7547,3627,3920,13208,6381,6827,15093,7245,7848,13206,6351,6855,7545,3666,3879,1887,894,993,
37750,7549,3629,3920,13209,6382,6827,15096,7248,7848,13208,6352,6856,7547,3668,3879,1887,894,993,
37755,7550,3629,3921,13210,6383,6827,15097,7249,7848,13210,6353,6857,7548,3668,3880,1887,894,993,
37760,7551,3630,3921,13213,6384,6829,15101,7250,7851,13212,6354,6858,7549,3669,3880,1887,894,993,
37765,7551,3630,3921,13215,6386,6829,15101,7250,7851,13213,6355,6858,7549,3669,3880,1888,894,994,
37770,7553,3630,3923,13216,6386,6830,15104,7251,7853,13215,6357,6858,7551,3670,3881,1888,894,994,
37775,7554,3630,3924,13217,6386,6831,15105,7251,7854,13217,6359,6858,7552,3670,3882,1888,894,994,
37780,7555,3631,3924,13220,6389,6831,15109,7253,7856,13219,6359,6860,7553,3670,3883,1888,894,994,
37785,7555,3631,3924,13222,6389,6833,15109,7253,7856,13220,6360,6860,7553,3670,3883,1889,895,994,
37790,7557,3633,3924,13223,6390,6833,15112,7256,7856,13222,6360,6862,7555,3671,3884,1889,895,994,
37795,7558,3634,3924,13224,6391,6833,15113,7256,7857,13224,6361,6863,7556,3672,3884,1889,895,994,
37800,7559,3634,3925,13227,6394,6833,15117,7256,7861,13226,6362,6864,7557,3673,3884,1889,895,994,
37805,7559,3634,3925,13229,6395,6834,15117,7256,7861,13227,6362,6865,7557,3673,3884,1890,895,995,
37810,7561,3635,3926,13230,6395,6835,15120,7257,7863,13229,6363,6866,7559,3673,3886,1890,895,995,
37815,7562,3636,3926,13231,6395,6836,15121,7258,7863,13231,6363,6868,7560,3673,3887,1890,895,995,
37820,7563,3636,3927,13234,6398,6836,15125,7258,7867,13233,6364,6869,7561,3674,3887,1890,895,995,
37825,7563,3636,3927,13236,6399,6837,15125,7258,7867,13234,6364,6870,7561,3674,3887,1891,895,996,
37830,7565,3637,3928,13237,6400,6837,15128,7259,7869,13236,6365,6871,7563,3676,3887,1891,895,996,
37835,7566,3637,3929,13238,6400,6838,15129,7259,7870,13238,6366,6872,7564,3677,3887,1891,895,996,
37840,7567,3637,3930,13241,6402,6839,15133,7261,7872,13240,6367,6873,7565,3677,3888,1891,895,996,
37845,7567,3637,3930,13243,6402,6841,15133,7261,7872,13241,6367,6874,7565,3677,3888,1892,895,997,
37850,7569,3639,3930,13244,6402,6842,15136,7263,7873,13243,6368,6875,7567,3679,3888,1892,895,997,
37855,7570,3639,3931,13245,6402,6843,15137,7264,7873,13245,6369,6876,7568,3680,3888,1892,895,997,
37860,7571,3639,3932,13248,6404,6844,15141,7265,7876,13247,6369,6878,7569,3680,3889,1892,895,997,
37865,7571,3639,3932,13250,6405,6845,15141,7265,7876,13248,6369,6879,7569,3680,3889,1893,895,998,
37870,7573,3640,3933,13251,6405,6846,15144,7266,7878,13250,6369,6881,7571,3681,3890,1893,895,998,
37875,7574,3641,3933,13252,6405,6847,15145,7266,7879,13252,6369,6883,7572,3682,3890,1893,895,998,
37880,7575,3642,3933,13255,6407,6848,15149,7268,7881,13254,6370,6884,7573,3683,3890,1893,895,998,
37885,7575,3642,3933,13257,6408,6849,15149,7268,7881,13255,6370,6885,7573,3683,3890,1894,895,999,
37890,7577,3643,3934,13258,6408,6850,15152,7269,7883,13257,6372,6885,7575,3685,3890,1894,895,999,
37895,7578,3643,3935,13259,6409,6850,15153,7270,7883,13259,6374,6885,7576,3685,3891,1894,895,999,
37900,7579,3643,3936,13262,6410,6852,15157,7272,7885,13261,6375,6886,7577,3686,3891,1894,895,999,
37905,7579,3643,3936,13264,6411,6853,15157,7272,7885,13262,6376,6886,7577,3686,3891,1895,896,999,
37910,7581,3644,3937,13265,6411,6854,15160,7273,7887,13264,6377,6887,7579,3686,3893,1895,896,999,
37915,7582,3644,3938,13266,6411,6855,15161,7273,7888,13266,6378,6888,7580,3686,3894,1895,896,999,
37920,7583,3645,3938,13269,6411,6858,15165,7275,7890,13268,6378,6890,7581,3686,3895,1895,896,999,
37925,7583,3645,3938,13271,6412,6859,15165,7275,7890,13269,6379,6890,7581,3686,3895,1896,896,1000,
37930,7585,3645,3940,13272,6412,6860,15168,7275,7893,13271,6380,6891,7583,3687,3896,1896,896,1000,
37935,7586,3646,3940,13273,6413,6860,15169,7276,7893,13273,6381,6892,7584,3687,3897,1896,896,1000,
37940,7587,3646,3941,13276,6415,6861,15173,7279,7894,13275,6381,6894,7585,3688,3897,1896,896,1000,
37945,7587,3646,3941,13278,6417,6861,15173,7279,7894,13276,6382,6894,7585,3688,3897,1897,896,1001,
37950,7589,3647,3942,13279,6417,6862,15176,7281,7895,13278,6383,6895,7587,3689,3898,1897,896,1001,
37955,7590,3648,3942,13280,6417,6863,15177,7281,7896,13280,6384,6896,7588,3690,3898,1897,896,1001,
37960,7591,3649,3942,13283,6418,6865,15181,7282,7899,13282,6385,6897,7589,3690,3899,1897,896,1001,
37965,7591,3649,3942,13285,6419,6866,15181,7282,7899,13283,6385,6898,7589,3690,3899,1898,896,1002,
37970,7593,3650,3943,13286,6420,6866,15184,7283,7901,13285,6385,6900,7591,3691,3900,1898,896,1002,
37975,7594,3651,3943,13287,6421,6866,15185,7284,7901,13287,6385,6902,7592,3692,3900,1898,896,1002,
37980,7595,3652,3943,13290,6423,6867,15189,7286,7903,13289,6385,6904,7593,3692,3901,1898,896,1002,
37985,7595,3652,3943,13292,6423,6869,15189,7286,7903,13290,6385,6905,7593,3692,3901,1899,897,1002,
37990,7597,3652,3945,13293,6423,6870,15192,7289,7903,13292,6387,6905,7595,3693,3902,1899,897,1002,
37995,7598,3653,3945,13294,6423,6871,15193,7290,7903,13294,6388,6906,7596,3693,3903,1899,897,1002,
38000,7599,3654,3945,13297,6425,6872,15197,7291,7906,13296,6389,6907,7597,3694,3903,1899,897,1002,
38005,7599,3654,3945,13299,6427,6872,15197,7291,7906,13297,6390,6907,7597,3694,3903,1900,898,1002,
38010,7601,3656,3945,13300,6428,6872,15200,7291,7909,13299,6391,6908,7599,3695,3904,1900,898,1002,
38015,7602,3657,3945,13301,6429,6872,15201,7291,7910,13301,6391,6910,7600,3696,3904,1900,898,1002,
38020,7603,3657,3946,13304,6431,6873,15205,7294,7911,13303,6392,6911,7601,3697,3904,1900,898,1002,
38025,7603,3657,3946,13306,6432,6874,15205,7294,7911,13304,6392,6912,7601,3697,3904,1901,898,1003,
38030,7605,3658,3947,13307,6432,6875,15208,7295,7913,13306,6392,6914,7603,3699,3904,1901,898,1003,
38035,7606,3659,3947,13308,6433,6875,15209,7295,7914,13308,6393,6915,7604,3699,3905,1901,898,1003,
38040,7607,3660,3947,13311,6435,6876,15213,7296,7917,13310,6395,6915,7605,3700,3905,1901,898,1003,
38045,7607,3660,3947,13313,6435,6878,15213,7296,7917,13311,6395,6916,7605,3700,3905,1902,899,1003,
38050,7609,3660,3949,13314,6435,6879,15216,7297,7919,13313,6396,6917,7607,3700,3907,1902,899,1003,
38055,7610,3660,3950,13315,6435,6880,15217,7298,7919,13315,6397,6918,7608,3701,3907,1902,899,1003,
38060,7611,3660,3951,13318,6436,6882,15221,7300,7921,13317,6399,6918,7609,3702,3907,1902,899,1003,
38065,7611,3660,3951,13320,6437,6883,15221,7300,7921,13318,6400,6918,7609,3702,3907,1903,899,1004,
38070,7613,3660,3953,13321,6437,6884,15224,7301,7923,13320,6401,6919,7611,3704,3907,1903,899,1004,
38075,7614,3661,3953,13322,6438,6884,15225,7302,7923,13322,6402,6920,7612,3705,3907,1903,899,1004,
38080,7615,3662,3953,13325,6440,6885,15229,7303,7926,13324,6402,6922,7613,3705,3908,1903,899,1004,
38085,7615,3662,3953,13327,6440,6887,15229,7303,7926,13325,6403,6922,7613,3705,3908,1904,900,1004,
38090,7617,3664,3953,13328,6440,6888,15232,7306,7926,13327,6404,6923,7615,3706,3909,1904,900,1004,
38095,7618,3664,3954,13329,6440,6889,15233,7306,7927,13329,6405,6924,7616,3706,3910,1904,900,1004,
38100,7619,3665,3954,13332,6440,6892,15237,7307,7930,13331,6407,6924,7617,3707,3910,1904,900,1004,
38105,7619,3665,3954,13334,6442,6892,15237,7307,7930,13332,6408,6924,7617,3707,3910,1905,900,1005,
38110,7621,3666,3955,13335,6442,6893,15240,7308,7932,13334,6408,6926,7619,3707,3912,1905,900,1005,
38115,7622,3666,3956,13336,6443,6893,15241,7308,7933,13336,6408,6928,7620,3708,3912,1905,900,1005,
38120,7623,3666,3957,13339,6444,6895,15245,7310,7935,13338,6409,6929,7621,3709,3912,1905,900,1005,
38125,7623,3666,3957,13341,6445,6896,15245,7310,7935,13339,6410,6929,7621,3709,3912,1906,900,1006,
38130,7625,3667,3958,13342,6445,6897,15248,7311,7937,13341,6411,6930,7623,3710,3913,1906,900,1006,
38135,7626,3668,3958,13343,6446,6897,15249,7312,7937,13343,6413,6930,7624,3711,3913,1906,900,1006,
38140,7627,3669,3958,13346,6448,6898,15253,7314,7939,13345,6414,6931,7625,3712,3913,1906,900,1006,
38145,7627,3669,3958,13348,6448,6900,15253,7314,7939,13346,6414,6932,7625,3712,3913,1907,901,1006,
38150,7629,3669,3960,13349,6449,6900,15256,7316,7940,13348,6415,6933,7627,3712,3915,1907,901,1006,
38155,7630,3670,3960,13350,6450,6900,15257,7316,7941,13350,6415,6935,7628,3712,3916,1907,901,1006,
38160,7631,3671,3960,13353,6452,6901,15261,7319,7942,13352,6417,6935,7629,3713,3916,1907,901,1006,
38165,7631,3671,3960,13355,6453,6902,15261,7319,7942,13353,6417,6936,7629,3713,3916,1908,901,1007,
38170,7633,3671,3962,13356,6453,6903,15264,7321,7943,13355,6418,6937,7631,3713,3918,1908,901,1007,
38175,7634,3672,3962,13357,6454,6903,15265,7321,7944,13357,6419,6938,7632,3714,3918,1908,901,1007,
38180,7635,3673,3962,13360,6455,6905,15269,7321,7948,13359,6419,6940,7633,3715,3918,1908,901,1007,
38185,7635,3673,3962,13362,6456,6906,15269,7321,7948,13360,6419,6941,7633,3715,3918,1909,901,1008,
38190,7637,3674,3963,13363,6457,6906,15272,7322,7950,13362,6420,6942,7635,3716,3919,1909,901,1008,
38195,7638,3674,3964,13364,6457,6907,15273,7322,7951,13364,6421,6943,7636,3716,3920,1909,901,1008,
38200,7639,3674,3965,13367,6460,6907,15277,7325,7952,13366,6421,6945,7637,3716,3921,1909,901,1008,
38205,7639,3674,3965,13369,6462,6907,15277,7325,7952,13367,6422,6945,7637,3716,3921,1910,902,1008,
38210,7641,3674,3967,13370,6462,6908,15280,7326,7954,13369,6423,6946,7639,3716,3923,1910,902,1008,
38215,7642,3674,3968,13371,6462,6909,15281,7326,7955,13371,6424,6947,7640,3717,3923,1910,902,1008,
38220,7643,3675,3968,13374,6462,6912,15285,7328,7957,13373,6425,6948,7641,3717,3924,1910,902,1008,
38225,7643,3675,3968,13376,6464,6912,15285,7328,7957,13374,6426,6948,7641,3717,3924,1911,902,1009,
38230,7645,3675,3970,13377,6464,6913,15288,7330,7958,13376,6427,6949,7643,3718,3925,1911,902,1009,
38235,7646,3675,3971,13378,6464,6914,15289,7330,7959,13378,6427,6951,7644,3718,3926,1911,902,1009,
38240,7647,3676,3971,13381,6467,6914,15293,7332,7961,13380,6428,6952,7645,3719,3926,1911,902,1009,
38245,7647,3676,3971,13383,6467,6916,15293,7332,7961,13381,6429,6952,7645,3719,3926,1912,902,1010,
38250,7649,3676,3973,13384,6468,6916,15296,7334,7962,13383,6430,6953,7647,3720,3927,1912,902,1010,
38255,7650,3676,3974,13385,6468,6917,15297,7334,7963,13385,6430,6955,7648,3721,3927,1912,902,1010,
38260,7651,3676,3975,13388,6469,6919,15301,7336,7965,13387,6430,6957,7649,3721,3928,1912,902,1010,
38265,7651,3676,3975,13390,6470,6920,15301,7336,7965,13388,6431,6957,7649,3721,3928,1913,903,1010,
38270,7653,3677,3976,13391,6470,6921,15304,7338,7966,13390,6432,6958,7651,3722,3929,1913,903,1010,
38275,7654,3678,3976,13392,6471,6921,15305,7339,7966,13392,6433,6959,7652,3723,3929,1913,903,1010,
38280,7655,3679,3976,13395,6471,6924,15309,7340,7969,13394,6434,6960,7653,3724,3929,1913,903,1010,
38285,7655,3679,3976,13397,6472,6925,15309,7340,7969,13395,6435,6960,7653,3724,3929,1914,903,1011,
38290,7657,3681,3976,13398,6473,6925,15312,7341,7971,13397,6437,6960,7655,3725,3930,1914,903,1011,
38295,7658,3682,3976,13399,6473,6926,15313,7341,7972,13399,6438,6961,7656,3726,3930,1914,903,1011,
38300,7659,3683,3976,13402,6474,6928,15317,7342,7975,13401,6440,6961,7657,3726,3931,1914,903,1011,
38305,7659,3683,3976,13404,6475,6929,15317,7342,7975,13402,6441,6961,7657,3726,3931,1915,903,1012,
38310,7661,3684,3977,13405,6476,6929,15320,7342,7978,13404,6442,6962,7659,3726,3933,1915,903,1012,
38315,7662,3684,3978,13406,6476,6930,15321,7342,7979,13406,6444,6962,7660,3727,3933,1915,903,1012,
38320,7663,3684,3979,13409,6478,6931,15325,7344,7981,13408,6444,6964,7661,3727,3934,1915,903,1012,
38325,7663,3684,3979,13411,6478,6933,15325,7344,7981,13409,6444,6965,7661,3727,3934,1916,903,1013,
38330,7665,3685,3980,13412,6479,6933,15328,7345,7983,13411,6445,6966,7663,3728,3935,1916,903,1013,
38335,7666,3685,3981,13413,6480,6933,15329,7345,7984,13413,6446,6967,7664,3728,3936,1916,903,1013,
38340,7667,3686,3981,13416,6483,6933,15333,7346,7987,13415,6447,6968,7665,3728,3937,1916,903,1013,
38345,7667,3686,3981,13418,6484,6934,15333,7346,7987,13416,6447,6969,7665,3728,3937,1917,903,1014,
38350,7669,3687,3982,13419,6485,6934,15336,7347,7989,13418,6448,6970,7667,3729,3938,1917,903,1014,
38355,7670,3687,3983,13420,6486,6934,15337,7348,7989,13420,6450,6970,7668,3729,3939,1917,903,1014,
38360,7671,3687,3984,13423,6488,6935,15341,7349,7992,13422,6451,6971,7669,3730,3939,1917,903,1014,
38365,7671,3687,3984,13425,6490,6935,15341,7349,7992,13423,6452,6971,7669,3730,3939,1918,904,1014,
38370,7673,3687,3986,13426,6490,6936,15344,7350,7994,13425,6452,6973,7671,3731,3940,1918,904,1014,
38375,7674,3687,3987,13427,6490,6937,15345,7351,7994,13427,6453,6974,7672,3731,3941,1918,904,1014,
38380,7675,3688,3987,13430,6491,6939,15349,7354,7995,13429,6454,6975,7673,3731,3942,1918,904,1014,
38385,7675,3688,3987,13432,6493,6939,15349,7354,7995,13430,6455,6975,7673,3731,3942,1919,905,1014,
38390,7677,3689,3988,13433,6493,6940,15352,7357,7995,13432,6455,6977,7675,3732,3943,1919,905,1014,
38395,7678,3689,3989,13434,6494,6940,15353,7358,7995,13434,6456,6978,7676,3732,3944,1919,905,1014,
38400,7679,3689,3990,13437,6496,6941,15357,7360,7997,13436,6456,6980,7677,3732,3945,1919,905,1014,
38405,7679,3689,3990,13439,6497,6942,15357,7360,7997,13437,6457,6980,7677,3732,3945,1920,906,1014,
38410,7681,3690,3991,13440,6498,6942,15360,7362,7998,13439,6459,6980,7679,3733,3946,1920,906,1014,
38415,7682,3690,3992,13441,6498,6943,15361,7362,7999,13441,6460,6981,7680,3733,3947,1920,906,1014,
38420,7683,3690,3993,13444,6501,6943,15365,7365,8000,13443,6461,6982,7681,3733,3948,1920,906,1014,
38425,7683,3690,3993,13446,6503,6943,15365,7365,8000,13444,6461,6983,7681,3733,3948,1921,906,1015,
38430,7685,3692,3993,13447,6503,6944,15368,7365,8003,13446,6462,6984,7683,3734,3949,1921,906,1015,
38435,7686,3692,3994,13448,6504,6944,15369,7366,8003,13448,6463,6985,7684,3735,3949,1921,906,1015,
38440,7687,3693,3994,13451,6505,6946,15373,7370,8003,13450,6464,6986,7685,3736,3949,1921,906,1015,
38445,7687,3693,3994,13453,6507,6946,15373,7370,8003,13451,6465,6986,7685,3736,3949,1922,907,1015,
38450,7689,3695,3994,13454,6507,6947,15376,7372,8004,13453,6465,6988,7687,3736,3951,1922,907,1015,
38455,7690,3695,3995,13455,6507,6948,15377,7373,8004,13455,6467,6988,7688,3737,3951,1922,907,1015,
38460,7691,3696,3995,13458,6509,6949,15381,7375,8006,13457,6467,6990,7689,3737,3952,1922,907,1015,
38465,7691,3696,3995,13460,6511,6949,15381,7375,8006,13458,6468,6990,7689,3737,3952,1923,907,1016,
38470,7693,3696,3997,13461,6512,6949,15384,7377,8007,13460,6470,6990,7691,3737,3954,1923,907,1016,
38475,7694,3696,3998,13462,6513,6949,15385,7378,8007,13462,6471,6991,7692,3738,3954,1923,907,1016,
38480,7695,3697,3998,13465,6516,6949,15389,7380,8009,13464,6472,6992,7693,3738,3955,1923,907,1016,
38485,7695,3697,3998,13467,6518,6949,15389,7380,8009,13465,6473,6992,7693,3738,3955,1924,908,1016,
38490,7697,3697,4000,13468,6518,6950,15392,7382,8010,13467,6474,6993,7695,3739,3956,1924,908,1016,
38495,7698,3697,4001,13469,6518,6951,15393,7382,8011,13469,6476,6993,7696,3740,3956,1924,908,1016,
38500,7699,3697,4002,13472,6519,6953,15397,7384,8013,13471,6478,6993,7697,3740,3957,1924,908,1016,
38505,7699,3697,4002,13474,6520,6954,15397,7384,8013,13472,6479,6993,7697,3740,3957,1925,909,1016,
38510,7701,3699,4002,13475,6521,6954,15400,7385,8015,13474,6480,6994,7699,3741,3958,1925,909,1016,
38515,7702,3700,4002,13476,6522,6954,15401,7385,8016,13476,6480,6996,7700,3741,3959,1925,909,1016,
38520,7703,3701,4002,13479,6524,6955,15405,7387,8018,13478,6480,6998,7701,3742,3959,1925,909,1016,
38525,7703,3701,4002,13481,6524,6957,15405,7387,8018,13479,6480,6999,7701,3742,3959,1926,909,1017,
38530,7705,3703,4002,13482,6524,6958,15408,7389,8019,13481,6481,7000,7703,3743,3960,1926,909,1017,
38535,7706,3703,4003,13483,6524,6959,15409,7389,8020,13483,6482,7001,7704,3744,3960,1926,909,1017,
38540,7707,3704,4003,13486,6526,6960,15413,7392,8021,13485,6484,7001,7705,3745,3960,1926,909,1017,
38545,7707,3704,4003,13488,6528,6960,15413,7392,8021,13486,6484,7002,7705,3745,3960,1927,910,1017,
38550,7709,3704,4005,13489,6528,6961,15416,7393,8023,13488,6486,7002,7707,3746,3961,1927,910,1017,
38555,7710,3705,4005,13490,6529,6961,15417,7394,8023,13490,6487,7003,7708,3746,3962,1927,910,1017,
38560,7711,3705,4006,13493,6530,6963,15421,7395,8026,13492,6487,7005,7709,3746,3963,1927,910,1017,
38565,7711,3705,4006,13495,6531,6964,15421,7395,8026,13493,6488,7005,7709,3746,3963,1928,911,1017,
38570,7713,3706,4007,13496,6531,6965,15424,7396,8028,13495,6489,7006,7711,3747,3964,1928,911,1017,
38575,7714,3706,4008,13497,6532,6965,15425,7397,8028,13497,6491,7006,7712,3748,3964,1928,911,1017,
38580,7715,3706,4009,13500,6533,6967,15429,7399,8030,13499,6491,7008,7713,3748,3965,1928,911,1017,
38585,7715,3706,4009,13502,6535,6967,15429,7399,8030,13500,6491,7009,7713,3748,3965,1929,911,1018,
38590,7717,3708,4009,13503,6536,6967,15432,7400,8032,13502,6492,7010,7715,3750,3965,1929,911,1018,
38595,7718,3708,4010,13504,6536,6968,15433,7401,8032,13504,6493,7011,7716,3751,3965,1929,911,1018,
38600,7719,3709,4010,13507,6536,6971,15437,7403,8034,13506,6493,7013,7717,3751,3966,1929,911,1018,
38605,7719,3709,4010,13509,6538,6971,15437,7403,8034,13507,6493,7014,7717,3751,3966,1930,912,1018,
38610,7721,3709,4012,13510,6538,6972,15440,7405,8035,13509,6493,7016,7719,3753,3966,1930,912,1018,
38615,7722,3709,4013,13511,6539,6972,15441,7406,8035,13511,6493,7018,7720,3753,3967,1930,912,1018,
38620,7723,3710,4013,13514,6542,6972,15445,7408,8037,13513,6494,7019,7721,3754,3967,1930,912,1018,
38625,7723,3710,4013,13516,6543,6973,15445,7408,8037,13514,6494,7020,7721,3754,3967,1931,912,1019,
38630,7725,3710,4015,13517,6543,6974,15448,7409,8039,13516,6495,7021,7723,3756,3967,1931,912,1019,
38635,7726,3711,4015,13518,6544,6974,15449,7409,8040,13518,6495,7023,7724,3756,3968,1931,912,1019,
38640,7727,3712,4015,13521,6545,6976,15453,7411,8042,13520,6495,7025,7725,3757,3968,1931,912,1019,
38645,7727,3712,4015,13523,6546,6977,15453,7411,8042,13521,6496,7025,7725,3757,3968,1932,912,1020,
38650,7729,3712,4017,13524,6546,6978,15456,7411,8045,13523,6496,7027,7727,3757,3970,1932,912,1020,
38655,7730,3713,4017,13525,6546,6979,15457,7411,8046,13525,6497,7028,7728,3757,3971,1932,912,1020,
38660,7731,3713,4018,13528,6547,6981,15461,7414,8047,13527,6497,7030,7729,3758,3971,1932,912,1020,
38665,7731,3713,4018,13530,6547,6983,15461,7414,8047,13528,6497,7031,7729,3758,3971,1933,913,1020,
38670,7733,3713,4020,13531,6547,6984,15464,7415,8049,13530,6498,7032,7731,3760,3971,1933,913,1020,
38675,7734,3714,4020,13532,6548,6984,15465,7416,8049,13532,6500,7032,7732,3761,3971,1933,913,1020,
38680,7735,3715,4020,13535,6548,6987,15469,7417,8052,13534,6500,7034,7733,3762,3971,1933,913,1020,
38685,7735,3715,4020,13537,6549,6988,15469,7417,8052,13535,6500,7035,7733,3762,3971,1934,914,1020,
38690,7737,3715,4022,13538,6549,6989,15472,7417,8055,13537,6501,7036,7735,3763,3972,1934,914,1020,
38695,7738,3715,4023,13539,6549,6990,15473,7417,8056,13539,6502,7037,7736,3764,3972,1934,914,1020,
38700,7739,3716,4023,13542,6551,6991,15477,7419,8058,13541,6502,7039,7737,3764,3973,1934,914,1020,
38705,7739,3716,4023,13544,6552,6992,15477,7419,8058,13542,6502,7040,7737,3764,3973,1935,915,1020,
38710,7741,3717,4024,13545,6553,6992,15480,7421,8059,13544,6504,7040,7739,3766,3973,1935,915,1020,
38715,7742,3718,4024,13546,6554,6992,15481,7421,8060,13546,6505,7041,7740,3766,3974,1935,915,1020,
38720,7743,3718,4025,13549,6554,6995,15485,7423,8062,13548,6506,7042,7741,3766,3975,1935,915,1020,
38725,7743,3718,4025,13551,6555,6996,15485,7423,8062,13549,6507,7042,7741,3766,3975,1936,915,1021,
38730,7745,3720,4025,13552,6555,6997,15488,7425,8063,13551,6508,7043,7743,3766,3977,1936,915,1021,
38735,7746,3721,4025,13553,6556,6997,15489,7426,8063,13553,6509,7044,7744,3766,3978,1936,915,1021,
38740,7747,3721,4026,13556,6557,6999,15493,7428,8065,13555,6510,7045,7745,3766,3979,1936,915,1021,
38745,7747,3721,4026,13558,6559,6999,15493,7428,8065,13556,6511,7045,7745,3766,3979,1937,916,1021,
38750,7749,3723,4026,13559,6559,7000,15496,7430,8066,13558,6512,7046,7747,3767,3980,1937,916,1021,
38755,7750,3724,4026,13560,6560,7000,15497,7431,8066,13560,6512,7048,7748,3767,3981,1937,916,1021,
38760,7751,3725,4026,13563,6561,7002,15501,7433,8068,13562,6514,7048,7749,3768,3981,1937,916,1021,
38765,7751,3725,4026,13565,6562,7003,15501,7433,8068,13563,6514,7049,7749,3768,3981,1938,917,1021,
38770,7753,3727,4026,13566,6562,7004,15504,7434,8070,13565,6514,7051,7751,3769,3982,1938,917,1021,
38775,7754,3727,4027,13567,6562,7005,15505,7435,8070,13567,6514,7053,7752,3769,3983,1938,917,1021,
38780,7755,3728,4027,13570,6563,7007,15509,7438,8071,13569,6515,7054,7753,3769,3984,1938,917,1021,
38785,7755,3728,4027,13572,6563,7009,15509,7438,8071,13570,6516,7054,7753,3769,3984,1939,918,1021,
38790,7757,3730,4027,13573,6564,7009,15512,7441,8071,13572,6518,7054,7755,3771,3984,1939,918,1021,
38795,7758,3730,4028,13574,6564,7010,15513,7441,8072,13574,6518,7056,7756,3771,3985,1939,918,1021,
38800,7759,3730,4029,13577,6566,7011,15517,7442,8075,13576,6519,7057,7757,3771,3986,1939,918,1021,
38805,7759,3730,4029,13579,6566,7013,15517,7442,8075,13577,6519,7058,7757,3771,3986,1940,918,1022,
38810,7761,3731,4030,13580,6567,7013,15520,7444,8076,13579,6521,7058,7759,3772,3987,1940,918,1022,
38815,7762,3731,4031,13581,6567,7014,15521,7444,8077,13581,6522,7059,7760,3773,3987,1940,918,1022,
38820,7763,3731,4032,13584,6569,7015,15525,7447,8078,13583,6524,7059,7761,3773,3988,1940,918,1022,
38825,7763,3731,4032,13586,6571,7015,15525,7447,8078,13584,6524,7060,7761,3773,3988,1941,919,1022,
38830,7765,3732,4033,13587,6571,7016,15528,7448,8080,13586,6525,7061,7763,3774,3989,1941,919,1022,
38835,7766,3732,4034,13588,6571,7017,15529,7448,8081,13588,6525,7063,7764,3774,3990,1941,919,1022,
38840,7767,3732,4035,13591,6573,7018,15533,7450,8083,13590,6525,7065,7765,3774,3991,1941,919,1022,
38845,7767,3732,4035,13593,6574,7019,15533,7450,8083,13591,6526,7065,7765,3774,3991,1942,920,1022,
38850,7769,3734,4035,13594,6575,7019,15536,7452,8084,13593,6526,7067,7767,3775,3992,1942,920,1022,
38855,7770,3734,4036,13595,6575,7020,15537,7452,8085,13595,6527,7068,7768,3776,3992,1942,920,1022,
38860,7771,3735,4036,13598,6576,7022,15541,7455,8086,13597,6527,7070,7769,3777,3992,1942,920,1022,
38865,7771,3735,4036,13600,6577,7023,15541,7455,8086,13598,6528,7070,7769,3777,3992,1943,920,1023,
38870,7773,3736,4037,13601,6577,7024,15544,7457,8087,13600,6529,7071,7771,3779,3992,1943,920,1023,
38875,7774,3737,4037,13602,6578,7024,15545,7457,8088,13602,6530,7072,7772,3780,3992,1943,920,1023,
38880,7775,3738,4037,13605,6579,7026,15549,7459,8090,13604,6531,7073,7773,3781,3992,1943,920,1023,
38885,7775,3738,4037,13607,6580,7027,15549,7459,8090,13605,6531,7074,7773,3781,3992,1944,920,1024,
38890,7777,3739,4038,13608,6580,7028,15552,7459,8093,13607,6532,7075,7775,3781,3994,1944,920,1024,
38895,7778,3739,4039,13609,6580,7029,15553,7460,8093,13609,6532,7077,7776,3781,3995,1944,920,1024,
38900,7779,3740,4039,13612,6580,7032,15557,7463,8094,13611,6532,7079,7777,3782,3995,1944,920,1024,
38905,7779,3740,4039,13614,6581,7033,15557,7463,8094,13612,6532,7080,7777,3782,3995,1945,921,1024,
38910,7781,3740,4041,13615,6582,7033,15560,7465,8095,13614,6533,7081,7779,3783,3996,1945,921,1024,
38915,7782,3741,4041,13616,6582,7034,15561,7466,8095,13616,6534,7082,7780,3784,3996,1945,921,1024,
38920,7783,3742,4041,13619,6583,7036,15565,7468,8097,13618,6535,7083,7781,3784,3997,1945,921,1024,
38925,7783,3742,4041,13621,6584,7037,15565,7468,8097,13619,6536,7083,7781,3784,3997,1946,922,1024,
38930,7785,3743,4042,13622,6585,7037,15568,7469,8099,13621,6538,7083,7783,3785,3998,1946,922,1024,
38935,7786,3743,4043,13623,6586,7037,15569,7469,8100,13623,6539,7084,7784,3785,3999,1946,922,1024,
38940,7787,3744,4043,13626,6587,7039,15573,7473,8100,13625,6539,7086,7785,3786,3999,1946,922,1024,
38945,7787,3744,4043,13628,6588,7040,15573,7473,8100,13626,6539,7087,7785,3786,3999,1947,923,1024,
38950,7789,3745,4044,13629,6589,7040,15576,7475,8101,13628,6540,7088,7787,3787,4000,1947,923,1024,
38955,7790,3746,4044,13630,6589,7041,15577,7475,8102,13630,6541,7089,7788,3788,4000,1947,923,1024,
38960,7791,3747,4044,13633,6590,7043,15581,7477,8104,13632,6543,7089,7789,3789,4000,1947,923,1024,
38965,7791,3747,4044,13635,6590,7045,15581,7477,8104,13633,6543,7090,7789,3789,4000,1948,923,1025,
38970,7793,3747,4046,13636,6591,7045,15584,7478,8106,13635,6545,7090,7791,3789,4002,1948,923,1025,
38975,7794,3747,4047,13637,6591,7046,15585,7479,8106,13637,6546,7091,7792,3790,4002,1948,923,1025,
38980,7795,3747,4048,13640,6593,7047,15589,7481,8108,13639,6548,7091,7793,3790,4003,1948,923,1025,
38985,7795,3747,4048,13642,6595,7047,15589,7481,8108,13640,6548,7092,7793,3790,4003,1949,924,1025,
38990,7797,3747,4050,13643,6595,7048,15592,7483,8109,13642,6549,7093,7795,3790,4005,1949,924,1025,
38995,7798,3748,4050,13644,6596,7048,15593,7483,8110,13644,6550,7094,7796,3791,4005,1949,924,1025,
39000,7799,3748,4051,13647,6598,7049,15597,7486,8111,13646,6550,7096,7797,3791,4006,1949,924,1025,
39005,7799,3748,4051,13649,6600,7049,15597,7486,8111,13647,6551,7096,7797,3791,4006,1950,925,1025,
39010,7801,3748,4053,13650,6600,7050,15600,7489,8111,13649,6552,7097,7799,3791,4008,1950,925,1025,
39015,7802,3749,4053,13651,6600,7051,15601,7490,8111,13651,6554,7097,7800,3792,4008,1950,925,1025,
39020,7803,3749,4054,13654,6601,7053,15605,7492,8113,13653,6554,7099,7801,3792,4009,1950,925,1025,
39025,7803,3749,4054,13656,6603,7053,15605,7492,8113,13654,6554,7100,7801,3792,4009,1951,925,1026,
39030,7805,3749,4056,13657,6604,7053,15608,7494,8114,13656,6555,7101,7803,3793,4010,1951,925,1026,
39035,7806,3749,4057,13658,6605,7053,15609,7494,8115,13658,6556,7102,7804,3793,4011,1951,925,1026,
39040,7807,3749,4058,13661,6606,7055,15613,7495,8118,13660,6558,7102,7805,3794,4011,1951,925,1026,
39045,7807,3749,4058,13663,6606,7057,15613,7495,8118,13661,6559,7102,7805,3794,4011,1952,926,1026,
39050,7809,3750,4059,13664,6606,7058,15616,7497,8119,13663,6560,7103,7807,3796,4011,1952,926,1026,
39055,7810,3750,4060,13665,6607,7058,15617,7498,8119,13665,6562,7103,7808,3797,4011,1952,926,1026,
39060,7811,3750,4061,13668,6609,7059,15621,7501,8120,13667,6564,7103,7809,3797,4012,1952,926,1026,
39065,7811,3750,4061,13670,6610,7060,15621,7501,8120,13668,6565,7103,7809,3797,4012,1953,926,1027,
39070,7813,3752,4061,13671,6610,7061,15624,7501,8123,13670,6566,7104,7811,3798,4013,1953,926,1027,
39075,7814,3752,4062,13672,6611,7061,15625,7502,8123,13672,6567,7105,7812,3798,4014,1953,926,1027,
39080,7815,3753,4062,13675,6612,7063,15629,7505,8124,13674,6568,7106,7813,3798,4015,1953,926,1027,
39085,7815,3753,4062,13677,6613,7064,15629,7505,8124,13675,6569,7106,7813,3798,4015,1954,926,1028,
39090,7817,3754,4063,13678,6613,7065,15632,7507,8125,13677,6570,7107,7815,3799,4016,1954,926,1028,
39095,7818,3755,4063,13679,6613,7066,15633,7507,8126,13679,6571,7108,7816,3799,4017,1954,926,1028,
39100,7819,3756,4063,13682,6613,7069,15637,7509,8128,13681,6571,7110,7817,3799,4018,1954,926,1028,
39105,7819,3756,4063,13684,6614,7070,15637,7509,8128,13682,6571,7111,7817,3799,4018,1955,926,1029,
39110,7821,3757,4064,13685,6615,7070,15640,7510,8130,13684,6571,7113,7819,3800,4019,1955,926,1029,
39115,7822,3758,4064,13686,6615,7071,15641,7511,8130,13686,6572,7114,7820,3800,4020,1955,926,1029,
39120,7823,3758,4065,13689,6617,7072,15645,7511,8134,13688,6574,7114,7821,3800,4021,1955,926,1029,
39125,7823,3758,4065,13691,6619,7072,15645,7511,8134,13689,6574,7115,7821,3800,4021,1956,927,1029,
39130,7825,3758,4067,13692,6619,7073,15648,7513,8135,13691,6574,7117,7823,3802,4021,1956,927,1029,
39135,7826,3759,4067,13693,6619,7074,15649,7514,8135,13693,6576,7117,7824,3802,4022,1956,927,1029,
39140,7827,3759,4068,13696,6620,7076,15653,7516,8137,13695,6577,7118,7825,3803,4022,1956,927,1029,
39145,7827,3759,4068,13698,6622,7076,15653,7516,8137,13696,6578,7118,7825,3803,4022,1957,928,1029,
39150,7829,3760,4069,13699,6622,7077,15656,7519,8137,13698,6580,7118,7827,3803,4024,1957,928,1029,
39155,7830,3761,4069,13700,6622,7078,15657,7519,8138,13700,6582,7118,7828,3803,4025,1957,928,1029,
39160,7831,3762,4069,13703,6623,7080,15661,7521,8140,13702,6583,7119,7829,3804,4025,1957,928,1029,
39165,7831,3762,4069,13705,6624,7081,15661,7521,8140,13703,6584,7119,7829,3804,4025,1958,928,1030,
39170,7833,3763,4070,13706,6625,7081,15664,7523,8141,13705,6585,7120,7831,3806,4025,1958,928,1030,
39175,7834,3763,4071,13707,6626,7081,15665,7523,8142,13707,6587,7120,7832,3806,4026,1958,928,1030,
39180,7835,3763,4072,13710,6627,7083,15669,7524,8145,13709,6588,7121,7833,3807,4026,1958,928,1030,
39185,7835,3763,4072,13712,6628,7084,15669,7524,8145,13710,6589,7121,7833,3807,4026,1959,928,1031,
39190,7837,3765,4072,13713,6629,7084,15672,7526,8146,13712,6591,7121,7835,3808,4027,1959,928,1031,
39195,7838,3766,4072,13714,6629,7085,15673,7527,8146,13714,6592,7122,7836,3809,4027,1959,928,1031,
39200,7839,3767,4072,13717,6631,7086,15677,7528,8149,13716,6592,7124,7837,3809,4028,1959,928,1031,
39205,7839,3767,4072,13719,6632,7087,15677,7528,8149,13717,6593,7124,7837,3809,4028,1960,928,1032,
39210,7841,3769,4072,13720,6633,7087,15680,7529,8151,13719,6594,7125,7839,3809,4030,1960,928,1032,
39215,7842,3770,4072,13721,6633,7088,15681,7530,8151,13721,6596,7125,7840,3810,4030,1960,928,1032,
39220,7843,3770,4073,13724,6636,7088,15685,7533,8152,13723,6596,7127,7841,3811,4030,1960,928,1032,
39225,7843,3770,4073,13726,6637,7089,15685,7533,8152,13724,6597,7127,7841,3811,4030,1961,929,1032,
39230,7845,3770,4075,13727,6637,7090,15688,7536,8152,13726,6598,7128,7843,3812,4031,1961,929,1032,
39235,7846,3770,4076,13728,6637,7091,15689,7537,8152,13728,6598,7130,7844,3812,4032,1961,929,1032,
39240,7847,3771,4076,13731,6639,7092,15693,7539,8154,13730,6600,7130,7845,3812,4033,1961,929,1032,
39245,7847,3771,4076,13733,6640,7093,15693,7539,8154,13731,6601,7130,7845,3812,4033,1962,930,1032,
39250,7849,3773,4076,13734,6640,7094,15696,7540,8156,13733,6603,7130,7847,3814,4033,1962,930,1032,
39255,7850,3774,4076,13735,6641,7094,15697,7540,8157,13735,6604,7131,7848,3814,4034,1962,930,1032,
39260,7851,3774,4077,13738,6642,7096,15701,7541,8160,13737,6604,7133,7849,3815,4034,1962,930,1032,
39265,7851,3774,4077,13740,6643,7097,15701,7541,8160,13738,6604,7134,7849,3815,4034,1963,930,1033,
39270,7853,3775,4078,13741,6644,7097,15704,7542,8162,13740,6605,7135,7851,3817,4034,1963,930,1033,
39275,7854,3775,4079,13742,6645,7097,15705,7543,8162,13742,6607,7135,7852,3817,4035,1963,930,1033,
39280,7855,3776,4079,13745,6645,7100,15709,7545,8164,13744,6607,7137,7853,3817,4036,1963,930,1033,
39285,7855,3776,4079,13747,6647,7100,15709,7545,8164,13745,6608,7137,7853,3817,4036,1964,930,1034,
39290,7857,3777,4080,13748,6647,7101,15712,7546,8166,13747,6609,7138,7855,3817,4038,1964,930,1034,
39295,7858,3778,4080,13749,6647,7102,15713,7547,8166,13749,6609,7140,7856,3817,4039,1964,930,1034,
39300,7859,3779,4080,13752,6648,7104,15717,7551,8166,13751,6610,7141,7857,3818,4039,1964,930,1034,
39305,7859,3779,4080,13754,6649,7105,15717,7551,8166,13752,6610,7142,7857,3818,4039,1965,930,1035,
39310,7861,3779,4082,13755,6649,7106,15720,7552,8168,13754,6612,7142,7859,3819,4040,1965,930,1035,
39315,7862,3779,4083,13756,6650,7106,15721,7553,8168,13756,6612,7144,7860,3819,4041,1965,930,1035,
39320,7863,3780,4083,13759,6651,7108,15725,7555,8170,13758,6613,7145,7861,3819,4042,1965,930,1035,
39325,7863,3780,4083,13761,6651,7110,15725,7555,8170,13759,6613,7146,7861,3819,4042,1966,930,1036,
39330,7865,3780,4085,13762,6652,7110,15728,7556,8172,13761,6614,7147,7863,3819,4044,1966,930,1036,
39335,7866,3780,4086,13763,6653,7110,15729,7556,8173,13763,6615,7148,7864,3820,4044,1966,930,1036,
39340,7867,3781,4086,13766,6655,7111,15733,7559,8174,13765,6615,7150,7865,3820,4045,1966,930,1036,
39345,7867,3781,4086,13768,6657,7111,15733,7559,8174,13766,6616,7150,7865,3820,4045,1967,931,1036,
39350,7869,3782,4087,13769,6657,7112,15736,7561,8175,13768,6617,7151,7867,3821,4046,1967,931,1036,
39355,7870,3783,4087,13770,6657,7113,15737,7561,8176,13770,6617,7153,7868,3822,4046,1967,931,1036,
39360,7871,3783,4088,13773,6659,7114,15741,7563,8178,13772,6619,7153,7869,3822,4047,1967,931,1036,
39365,7871,3783,4088,13775,6660,7115,15741,7563,8178,13773,6620,7153,7869,3822,4047,1968,932,1036,
39370,7873,3785,4088,13776,6660,7116,15744,7563,8181,13775,6621,7154,7871,3822,4049,1968,932,1036,
39375,7874,3785,4089,13777,6660,7117,15745,7564,8181,13777,6622,7155,7872,3823,4049,1968,932,1036,
39380,7875,3785,4090,13780,6661,7119,15749,7565,8184,13779,6624,7155,7873,3824,4049,1968,932,1036,
39385,7875,3785,4090,13782,6661,7121,15749,7565,8184,13780,6624,7156,7873,3824,4049,1969,933,1036,
39390,7877,3787,4090,13783,6661,7122,15752,7566,8186,13782,6624,7158,7875,3825,4050,1969,933,1036,
39395,7878,3787,4091,13784,6661,7123,15753,7567,8186,13784,6626,7158,7876,3825,4051,1969,933,1036,
39400,7879,3787,4092,13787,6663,7124,15757,7568,8189,13786,6627,7159,7877,3825,4052,1969,933,1036,
39405,7879,3787,4092,13789,6663,7126,15757,7568,8189,13787,6627,7160,7877,3825,4052,1970,933,1037,
39410,7881,3788,4093,13790,6663,7127,15760,7570,8190,13789,6628,7161,7879,3826,4053,1970,933,1037,
39415,7882,3789,4093,13791,6663,7128,15761,7571,8190,13791,6629,7162,7880,3827,4053,1970,933,1037,
39420,7883,3789,4094,13794,6663,7131,15765,7573,8192,13793,6629,7164,7881,3828,4053,1970,933,1037,
39425,7883,3789,4094,13796,6664,7132,15765,7573,8192,13794,6630,7164,7881,3828,4053,1971,934,1037,
39430,7885,3789,4096,13797,6665,7132,15768,7575,8193,13796,6631,7165,7883,3830,4053,1971,934,1037,
39435,7886,3789,4097,13798,6665,7133,15769,7575,8194,13798,6631,7167,7884,3830,4054,1971,934,1037,
39440,7887,3790,4097,13801,6666,7135,15773,7578,8195,13800,6632,7168,7885,3831,4054,1971,934,1037,
39445,7887,3790,4097,13803,6666,7137,15773,7578,8195,13801,6633,7168,7885,3831,4054,1972,934,1038,
39450,7889,3790,4099,13804,6667,7137,15776,7579,8197,13803,6634,7169,7887,3832,4055,1972,934,1038,
39455,7890,3790,4100,13805,6667,7138,15777,7580,8197,13805,6634,7171,7888,3832,4056,1972,934,1038,
39460,7891,3790,4101,13808,6668,7140,15781,7582,8199,13807,6635,7172,7889,3832,4057,1972,934,1038,
39465,7891,3790,4101,13810,6670,7140,15781,7582,8199,13808,6636,7172,7889,3832,4057,1973,935,1038,
39470,7893,3790,4103,13811,6671,7140,15784,7584,8200,13810,6636,7174,7891,3833,4058,1973,935,1038,
39475,7894,3791,4103,13812,6672,7140,15785,7584,8201,13812,6636,7176,7892,3833,4059,1973,935,1038,
39480,7895,3791,4104,13815,6674,7141,15789,7585,8204,13814,6638,7176,7893,3834,4059,1973,935,1038,
39485,7895,3791,4104,13817,6674,7143,15789,7585,8204,13815,6639,7176,7893,3834,4059,1974,936,1038,
39490,7897,3791,4106,13818,6675,7143,15792,7585,8207,13817,6641,7176,7895,3835,4060,1974,936,1038,
39495,7898,3791,4107,13819,6675,7144,15793,7585,8208,13819,6641,7178,7896,3836,4060,1974,936,1038,
39500,7899,3792,4107,13822,6677,7145,15797,7585,8212,13821,6643,7178,7897,3837,4060,1974,936,1038,
39505,7899,3792,4107,13824,6677,7147,15797,7585,8212,13822,6643,7179,7897,3837,4060,1975,936,1039,
39510,7901,3793,4108,13825,6678,7147,15800,7588,8212,13824,6643,7181,7899,3838,4061,1975,936,1039,
39515,7902,3793,4109,13826,6678,7148,15801,7588,8213,13826,6645,7181,7900,3838,4062,1975,936,1039,
39520,7903,3793,4110,13829,6679,7150,15805,7591,8214,13828,6645,7183,7901,3838,4063,1975,936,1039,
39525,7903,3793,4110,13831,6680,7151,15805,7591,8214,13829,6646,7183,7901,3838,4063,1976,936,1040,
39530,7905,3794,4111,13832,6680,7152,15808,7591,8217,13831,6647,7184,7903,3839,4064,1976,936,1040,
39535,7906,3795,4111,13833,6681,7152,15809,7592,8217,13833,6648,7185,7904,3840,4064,1976,936,1040,
39540,7907,3795,4112,13836,6682,7154,15813,7595,8218,13835,6648,7187,7905,3840,4065,1976,936,1040,
39545,7907,3795,4112,13838,6682,7156,15813,7595,8218,13836,6648,7188,7905,3840,4065,1977,936,1041,
39550,7909,3796,4113,13839,6682,7157,15816,7597,8219,13838,6650,7188,7907,3842,4065,1977,936,1041,
39555,7910,3796,4114,13840,6683,7157,15817,7598,8219,13840,6651,7189,7908,3843,4065,1977,936,1041,
39560,7911,3797,4114,13843,6684,7159,15821,7600,8221,13842,6653,7189,7909,3843,4066,1977,936,1041,
39565,7911,3797,4114,13845,6686,7159,15821,7600,8221,13843,6653,7190,7909,3843,4066,1978,936,1042,
39570,7913,3798,4115,13846,6687,7159,15824,7601,8223,13845,6654,7191,7911,3845,4066,1978,936,1042,
39575,7914,3799,4115,13847,6688,7159,15825,7601,8224,13847,6655,7192,7912,3846,4066,1978,936,1042,
39580,7915,3799,4116,13850,6690,7160,15829,7603,8226,13849,6657,7192,7913,3846,4067,1978,936,1042,
39585,7915,3799,4116,13852,6691,7161,15829,7603,8226,13850,6658,7192,7913,3846,4067,1979,936,1043,
39590,7917,3801,4116,13853,6692,7161,15832,7605,8227,13852,6660,7192,7915,3847,4068,1979,936,1043,
39595,7918,3802,4116,13854,6692,7162,15833,7605,8228,13854,6660,7194,7916,3847,4069,1979,936,1043,
39600,7919,3803,4116,13857,6692,7165,15837,7607,8230,13856,6661,7195,7917,3847,4070,1979,936,1043,
39605,7919,3803,4116,13859,6692,7167,15837,7607,8230,13857,6662,7195,7917,3847,4070,1980,936,1044,
39610,7921,3804,4117,13860,6692,7168,15840,7607,8233,13859,6663,7196,7919,3848,4071,1980,936,1044,
39615,7922,3805,4117,13861,6693,7168,15841,7607,8234,13861,6664,7197,7920,3848,4072,1980,936,1044,
39620,7923,3805,4118,13864,6696,7168,15845,7610,8235,13863,6666,7197,7921,3848,4073,1980,936,1044,
39625,7923,3805,4118,13866,6697,7169,15845,7610,8235,13864,6667,7197,7921,3848,4073,1981,937,1044,
39630,7925,3806,4119,13867,6697,7170,15848,7611,8237,13866,6669,7197,7923,3849,4074,1981,937,1044,
39635,7926,3806,4120,13868,6697,7171,15849,7611,8238,13868,6670,7198,7924,3849,4075,1981,937,1044,
39640,7927,3807,4120,13871,6698,7173,15853,7614,8239,13870,6672,7198,7925,3849,4076,1981,937,1044,
39645,7927,3807,4120,13873,6698,7175,15853,7614,8239,13871,6672,7199,7925,3849,4076,1982,937,1045,
39650,7929,3808,4121,13874,6698,7176,15856,7615,8241,13873,6673,7200,7927,3850,4077,1982,937,1045,
39655,7930,3809,4121,13875,6699,7176,15857,7615,8242,13875,6674,7201,7928,3850,4078,1982,937,1045,
39660,7931,3809,4122,13878,6701,7177,15861,7617,8244,13877,6676,7201,7929,3850,4079,1982,937,1045,
39665,7931,3809,4122,13880,6702,7178,15861,7617,8244,13878,6676,7202,7929,3850,4079,1983,938,1045,
39670,7933,3811,4122,13881,6702,7179,15864,7620,8244,13880,6677,7203,7931,3850,4081,1983,938,1045,
39675,7934,3811,4123,13882,6703,7179,15865,7620,8245,13882,6678,7204,7932,3851,4081,1983,938,1045,
39680,7935,3811,4124,13885,6703,7182,15869,7622,8247,13884,6678,7206,7933,3851,4082,1983,938,1045,
39685,7935,3811,4124,13887,6703,7184,15869,7622,8247,13885,6679,7206,7933,3851,4082,1984,938,1046,
39690,7937,3811,4126,13888,6704,7184,15872,7623,8249,13887,6681,7206,7935,3853,4082,1984,938,1046,
39695,7938,3812,4126,13889,6705,7184,15873,7624,8249,13889,6683,7206,7936,3854,4082,1984,938,1046,
39700,7939,3812,4127,13892,6708,7184,15877,7626,8251,13891,6683,7208,7937,3854,4083,1984,938,1046,
39705,7939,3812,4127,13894,6708,7186,15877,7626,8251,13892,6684,7208,7937,3854,4083,1985,939,1046,
39710,7941,3814,4127,13895,6709,7186,15880,7627,8253,13894,6685,7209,7939,3854,4085,1985,939,1046,
39715,7942,3815,4127,13896,6710,7186,15881,7627,8254,13896,6687,7209,7940,3854,4086,1985,939,1046,
39720,7943,3815,4128,13899,6710,7189,15885,7629,8256,13898,6688,7210,7941,3855,4086,1985,939,1046,
39725,7943,3815,4128,13901,6712,7189,15885,7629,8256,13899,6688,7211,7941,3855,4086,1986,940,1046,
39730,7945,3817,4128,13902,6713,7189,15888,7632,8256,13901,6688,7213,7943,3855,4088,1986,940,1046,
39735,7946,3818,4128,13903,6713,7190,15889,7633,8256,13903,6688,7215,7944,3856,4088,1986,940,1046,
39740,7947,3819,4128,13906,6714,7192,15893,7636,8257,13905,6688,7217,7945,3857,4088,1986,940,1046,
39745,7947,3819,4128,13908,6714,7194,15893,7636,8257,13906,6689,7217,7945,3857,4088,1987,940,1047,
39750,7949,3821,4128,13909,6714,7195,15896,7638,8258,13908,6691,7217,7947,3858,4089,1987,940,1047,
39755,7950,3822,4128,13910,6714,7196,15897,7638,8259,13910,6691,7219,7948,3858,4090,1987,940,1047,
39760,7951,3823,4128,13913,6716,7197,15901,7639,8262,13912,6692,7220,7949,3859,4090,1987,940,1047,
39765,7951,3823,4128,13915,6716,7199,15901,7639,8262,13913,6693,7220,7949,3859,4090,1988,940,1048,
39770,7953,3825,4128,13916,6716,7200,15904,7640,8264,13915,6694,7221,7951,3859,4092,1988,940,1048,
39775,7954,3825,4129,13917,6717,7200,15905,7640,8265,13917,6696,7221,7952,3860,4092,1988,940,1048,
39780,7955,3826,4129,13920,6719,7201,15909,7642,8267,13919,6697,7222,7953,3860,4093,1988,940,1048,
39785,7955,3826,4129,13922,6720,7202,15909,7642,8267,13920,6697,7223,7953,3860,4093,1989,940,1049,
39790,7957,3827,4130,13923,6721,7202,15912,7644,8268,13922,6699,7223,7955,3861,4094,1989,940,1049,
39795,7958,3828,4130,13924,6721,7203,15913,7644,8269,13924,6699,7225,7956,3862,4094,1989,940,1049,
39800,7959,3828,4131,13927,6721,7206,15917,7646,8271,13926,6699,7227,7957,3863,4094,1989,940,1049,
39805,7959,3828,4131,13929,6722,7207,15917,7646,8271,13927,6699,7228,7957,3863,4094,1990,941,1049,
39810,7961,3829,4132,13930,6722,7208,15920,7648,8272,13929,6700,7229,7959,3865,4094,1990,941,1049,
39815,7962,3829,4133,13931,6723,7208,15921,7648,8273,13931,6701,7230,7960,3865,4095,1990,941,1049,
39820,7963,3830,4133,13934,6724,7210,15925,7650,8275,13933,6702,7231,7961,3866,4095,1990,941,1049,
39825,7963,3830,4133,13936,6724,7212,15925,7650,8275,13934,6702,7232,7961,3866,4095,1991,941,1050,
39830,7965,3831,4134,13937,6724,7213,15928,7651,8277,13936,6703,7233,7963,3867,4096,1991,941,1050,
39835,7966,3832,4134,13938,6725,7213,15929,7652,8277,13938,6704,7234,7964,3868,4096,1991,941,1050,
39840,7967,3833,4134,13941,6726,7215,15933,7653,8280,13940,6705,7235,7965,3868,4097,1991,941,1050,
39845,7967,3833,4134,13943,6727,7216,15933,7653,8280,13941,6706,7235,7965,3868,4097,1992,942,1050,
39850,7969,3834,4135,13944,6727,7217,15936,7653,8283,13943,6707,7236,7967,3869,4098,1992,942,1050,
39855,7970,3834,4136,13945,6728,7217,15937,7654,8283,13945,6709,7236,7968,3869,4099,1992,942,1050,
39860,7971,3834,4137,13948,6729,7219,15941,7657,8284,13947,6710,7237,7969,3870,4099,1992,942,1050,
39865,7971,3834,4137,13950,6730,7220,15941,7657,8284,13948,6710,7238,7969,3870,4099,1993,942,1051,
39870,7973,3835,4138,13951,6730,7221,15944,7657,8287,13950,6712,7238,7971,3871,4100,1993,942,1051,
39875,7974,3835,4139,13952,6731,7221,15945,7658,8287,13952,6713,7239,7972,3872,4100,1993,942,1051,
39880,7975,3836,4139,13955,6733,7222,15949,7661,8288,13954,6714,7240,7973,3872,4101,1993,942,1051,
39885,7975,3836,4139,13957,6733,7224,15949,7661,8288,13955,6715,7240,7973,3872,4101,1994,942,1052,
39890,7977,3836,4141,13958,6733,7225,15952,7662,8290,13957,6717,7240,7975,3873,4102,1994,942,1052,
39895,7978,3837,4141,13959,6734,7225,15953,7662,8291,13959,6719,7240,7976,3873,4103,1994,942,1052,
39900,7979,3837,4142,13962,6735,7227,15957,7663,8294,13961,6719,7242,7977,3873,4104,1994,942,1052,
39905,7979,3837,4142,13964,6735,7229,15957,7663,8294,13962,6719,7243,7977,3873,4104,1995,942,1053,
39910,7981,3839,4142,13965,6735,7230,15960,7664,8296,13964,6720,7244,7979,3875,4104,1995,942,1053,
39915,7982,3840,4142,13966,6736,7230,15961,7664,8297,13966,6720,7246,7980,3875,4105,1995,942,1053,
39920,7983,3841,4142,13969,6737,7232,15965,7667,8298,13968,6721,7247,7981,3875,4106,1995,942,1053,
39925,7983,3841,4142,13971,6737,7234,15965,7667,8298,13969,6721,7248,7981,3875,4106,1996,942,1054,
39930,7985,3843,4142,13972,6737,7235,15968,7668,8300,13971,6723,7248,7983,3876,4107,1996,942,1054,
39935,7986,3843,4143,13973,6738,7235,15969,7668,8301,13973,6724,7249,7984,3876,4108,1996,942,1054,
39940,7987,3843,4144,13976,6739,7237,15973,7670,8303,13975,6725,7250,7985,3876,4109,1996,942,1054,
39945,7987,3843,4144,13978,6740,7238,15973,7670,8303,13976,6725,7251,7985,3876,4109,1997,943,1054,
39950,7989,3844,4145,13979,6741,7238,15976,7671,8305,13978,6727,7251,7987,3877,4110,1997,943,1054,
39955,7990,3844,4146,13980,6741,7239,15977,7671,8306,13980,6727,7253,7988,3877,4111,1997,943,1054,
39960,7991,3845,4146,13983,6742,7241,15981,7674,8307,13982,6727,7255,7989,3878,4111,1997,943,1054,
39965,7991,3845,4146,13985,6743,7242,15981,7674,8307,13983,6727,7256,7989,3878,4111,1998,943,1055,
39970,7993,3847,4146,13986,6743,7243,15984,7675,8309,13985,6728,7257,7991,3880,4111,1998,943,1055,
39975,7994,3848,4146,13987,6744,7243,15985,7676,8309,13987,6728,7259,7992,3881,4111,1998,943,1055,
39980,7995,3848,4147,13990,6744,7246,15989,7680,8309,13989,6729,7260,7993,3882,4111,1998,943,1055,
39985,7995,3848,4147,13992,6746,7246,15989,7680,8309,13990,6729,7261,7993,3882,4111,1999,943,1056,
39990,7997,3849,4148,13993,6746,7247,15992,7683,8309,13992,6731,7261,7995,3884,4111,1999,943,1056,
39995,7998,3850,4148,13994,6746,7248,15993,7684,8309,13994,6732,7262,7996,3885,4111,1999,943,1056,
40000,7999,3851,4148,13997,6746,7251,15997,7686,8311,13996,6732,7264,7997,3886,4111,1999,943,1056,
40005,7999,3851,4148,13999,6747,7252,15997,7686,8311,13997,6732,7265,7997,3886,4111,2000,944,1056,
40010,8001,3852,4149,14000,6747,7253,16000,7687,8313,13999,6732,7267,7999,3886,4113,2000,944,1056,
40015,8002,3853,4149,14001,6748,7253,16001,7688,8313,14001,6733,7268,8000,3886,4114,2000,944,1056,
40020,8003,3854,4149,14004,6749,7255,16005,7690,8315,14003,6735,7268,8001,3887,4114,2000,944,1056,
40025,8003,3854,4149,14006,6751,7255,16005,7690,8315,14004,6735,7269,8001,3887,4114,2001,944,1057,
40030,8005,3854,4151,14007,6752,7255,16008,7690,8318,14006,6735,7271,8003,3888,4115,2001,944,1057,
40035,8006,3855,4151,14008,6752,7256,16009,7691,8318,14008,6736,7272,8004,3888,4116,2001,944,1057,
40040,8007,3855,4152,14011,6754,7257,16013,7692,8321,14010,6738,7272,8005,3889,4116,2001,944,1057,
40045,8007,3855,4152,14013,6755,7258,16013,7692,8321,14011,6738,7273,8005,3889,4116,2002,944,1058,
40050,8009,3856,4153,14014,6756,7258,16016,7695,8321,14013,6738,7275,8007,3891,4116,2002,944,1058,
40055,8010,3856,4154,14015,6757,7258,16017,7696,8321,14015,6739,7276,8008,3892,4116,2002,944,1058,
40060,8011,3857,4154,14018,6759,7259,16021,7698,8323,14017,6740,7277,8009,3892,4117,2002,944,1058,
40065,8011,3857,4154,14020,6759,7261,16021,7698,8323,14018,6741,7277,8009,3892,4117,2003,945,1058,
40070,8013,3858,4155,14021,6759,7262,16024,7700,8324,14020,6743,7277,8011,3893,4118,2003,945,1058,
40075,8014,3859,4155,14022,6760,7262,16025,7701,8324,14022,6744,7278,8012,3893,4119,2003,945,1058,
40080,8015,3859,4156,14025,6762,7263,16029,7703,8326,14024,6745,7279,8013,3894,4119,2003,945,1058,
40085,8015,3859,4156,14027,6763,7264,16029,7703,8326,14025,6745,7280,8013,3894,4119,2004,946,1058,
40090,8017,3859,4158,14028,6763,7265,16032,7705,8327,14027,6747,7280,8015,3895,4120,2004,946,1058,
40095,8018,3859,4159,14029,6763,7266,16033,7706,8327,14029,6748,7281,8016,3896,4120,2004,946,1058,
40100,8019,3860,4159,14032,6764,7268,16037,7710,8327,14031,6749,7282,8017,3897,4120,2004,946,1058,
40105,8019,3860,4159,14034,6765,7269,16037,7710,8327,14032,6749,7283,8017,3897,4120,2005,947,1058,
40110,8021,3861,4160,14035,6765,7270,16040,7712,8328,14034,6749,7285,8019,3898,4121,2005,947,1058,
40115,8022,3862,4160,14036,6765,7271,16041,7712,8329,14036,6749,7287,8020,3898,4122,2005,947,1058,
40120,8023,3863,4160,14039,6766,7273,16045,7713,8332,14038,6751,7287,8021,3898,4123,2005,947,1058,
40125,8023,3863,4160,14041,6767,7274,16045,7713,8332,14039,6751,7288,8021,3898,4123,2006,947,1059,
40130,8025,3864,4161,14042,6768,7274,16048,7713,8335,14041,6752,7289,8023,3899,4124,2006,947,1059,
40135,8026,3864,4162,14043,6769,7274,16049,7713,8336,14043,6754,7289,8024,3899,4125,2006,947,1059,
40140,8027,3865,4162,14046,6771,7275,16053,7714,8339,14045,6754,7291,8025,3900,4125,2006,947,1059,
40145,8027,3865,4162,14048,6772,7276,16053,7714,8339,14046,6755,7291,8025,3900,4125,2007,947,1060,
40150,8029,3865,4164,14049,6773,7276,16056,7717,8339,14048,6755,7293,8027,3902,4125,2007,947,1060,
40155,8030,3866,4164,14050,6774,7276,16057,7717,8340,14050,6756,7294,8028,3903,4125,2007,947,1060,
40160,8031,3866,4165,14053,6774,7279,16061,7718,8343,14052,6757,7295,8029,3903,4126,2007,947,1060,
40165,8031,3866,4165,14055,6776,7279,16061,7718,8343,14053,6757,7296,8029,3903,4126,2008,948,1060,
40170,8033,3867,4166,14056,6777,7279,16064,7719,8345,14055,6757,7298,8031,3903,4128,2008,948,1060,
40175,8034,3867,4167,14057,6777,7280,16065,7720,8345,14057,6758,7299,8032,3903,4129,2008,948,1060,
40180,8035,3867,4168,14060,6778,7282,16069,7722,8347,14059,6760,7299,8033,3904,4129,2008,948,1060,
40185,8035,3867,4168,14062,6778,7284,16069,7722,8347,14060,6760,7300,8033,3904,4129,2009,948,1061,
40190,8037,3868,4169,14063,6778,7285,16072,7722,8350,14062,6760,7302,8035,3906,4129,2009,948,1061,
40195,8038,3869,4169,14064,6779,7285,16073,7722,8351,14064,6762,7302,8036,3907,4129,2009,948,1061,
40200,8039,3869,4170,14067,6781,7286,16077,7723,8354,14066,6762,7304,8037,3907,4130,2009,948,1061,
40205,8039,3869,4170,14069,6782,7287,16077,7723,8354,14067,6762,7305,8037,3907,4130,2010,948,1062,
40210,8041,3869,4172,14070,6783,7287,16080,7725,8355,14069,6764,7305,8039,3909,4130,2010,948,1062,
40215,8042,3870,4172,14071,6784,7287,16081,7725,8356,14071,6764,7307,8040,3910,4130,2010,948,1062,
40220,8043,3871,4172,14074,6785,7289,16085,7725,8360,14073,6766,7307,8041,3910,4131,2010,948,1062,
40225,8043,3871,4172,14076,6786,7290,16085,7725,8360,14074,6766,7308,8041,3910,4131,2011,948,1063,
40230,8045,3872,4173,14077,6786,7291,16088,7726,8362,14076,6768,7308,8043,3912,4131,2011,948,1063,
40235,8046,3872,4174,14078,6787,7291,16089,7726,8363,14078,6768,7310,8044,3912,4132,2011,948,1063,
40240,8047,3872,4175,14081,6789,7292,16093,7728,8365,14080,6769,7311,8045,3913,4132,2011,948,1063,
40245,8047,3872,4175,14083,6790,7293,16093,7728,8365,14081,6770,7311,8045,3913,4132,2012,948,1064,
40250,8049,3873,4176,14084,6791,7293,16096,7729,8367,14083,6771,7312,8047,3914,4133,2012,948,1064,
40255,8050,3873,4177,14085,6792,7293,16097,7729,8368,14085,6772,7313,8048,3914,4134,2012,948,1064,
40260,8051,3873,4178,14088,6792,7296,16101,7733,8368,14087,6773,7314,8049,3914,4135,2012,948,1064,
40265,8051,3873,4178,14090,6792,7298,16101,7733,8368,14088,6773,7315,8049,3914,4135,2013,948,1065,
40270,8053,3874,4179,14091,6793,7298,16104,7735,8369,14090,6775,7315,8051,3915,4136,2013,948,1065,
40275,8054,3875,4179,14092,6793,7299,16105,7735,8370,14092,6776,7316,8052,3915,4137,2013,948,1065,
40280,8055,3875,4180,14095,6795,7300,16109,7737,8372,14094,6777,7317,8053,3915,4138,2013,948,1065,
40285,8055,3875,4180,14097,6795,7302,16109,7737,8372,14095,6777,7318,8053,3915,4138,2014,948,1066,
40290,8057,3876,4181,14098,6796,7302,16112,7738,8374,14097,6777,7320,8055,3917,4138,2014,948,1066,
40295,8058,3876,4182,14099,6796,7303,16113,7739,8374,14099,6778,7321,8056,3918,4138,2014,948,1066,
40300,8059,3876,4183,14102,6799,7303,16117,7741,8376,14101,6779,7322,8057,3918,4139,2014,948,1066,
40305,8059,3876,4183,14104,6800,7304,16117,7741,8376,14102,6779,7323,8057,3918,4139,2015,948,1067,
40310,8061,3877,4184,14105,6801,7304,16120,7742,8378,14104,6780,7324,8059,3918,4141,2015,948,1067,
40315,8062,3877,4185,14106,6801,7305,16121,7742,8379,14106,6780,7326,8060,3919,4141,2015,948,1067,
40320,8063,3878,4185,14109,6803,7306,16125,7743,8382,14108,6781,7327,8061,3920,4141,2015,948,1067,
40325,8063,3878,4185,14111,6804,7307,16125,7743,8382,14109,6781,7328,8061,3920,4141,2016,948,1068,
40330,8065,3879,4186,14112,6805,7307,16128,7746,8382,14111,6783,7328,8063,3922,4141,2016,948,1068,
40335,8066,3879,4187,14113,6806,7307,16129,7746,8383,14113,6784,7329,8064,3922,4142,2016,948,1068,
40340,8067,3879,4188,14116,6807,7309,16133,7748,8385,14115,6786,7329,8065,3922,4143,2016,948,1068,
40345,8067,3879,4188,14118,6807,7311,16133,7748,8385,14116,6787,7329,8065,3922,4143,2017,948,1069,
40350,8069,3880,4189,14119,6808,7311,16136,7748,8388,14118,6788,7330,8067,3923,4144,2017,948,1069,
40355,8070,3881,4189,14120,6808,7312,16137,7749,8388,14120,6790,7330,8068,3924,4144,2017,948,1069,
40360,8071,3881,4190,14123,6810,7313,16141,7752,8389,14122,6791,7331,8069,3924,4145,2017,948,1069,
40365,8071,3881,4190,14125,6811,7314,16141,7752,8389,14123,6791,7332,8069,3924,4145,2018,949,1069,
40370,8073,3883,4190,14126,6811,7315,16144,7754,8390,14125,6793,7332,8071,3925,4146,2018,949,1069,
40375,8074,3884,4190,14127,6812,7315,16145,7754,8391,14127,6794,7333,8072,3926,4146,2018,949,1069,
40380,8075,3885,4190,14130,6813,7317,16149,7755,8394,14129,6795,7334,8073,3926,4147,2018,949,1069,
40385,8075,3885,4190,14132,6815,7317,16149,7755,8394,14130,6795,7335,8073,3926,4147,2019,949,1070,
40390,8077,3886,4191,14133,6815,7318,16152,7757,8395,14132,6796,7336,8075,3927,4148,2019,949,1070,
40395,8078,3886,4192,14134,6815,7319,16153,7758,8395,14134,6796,7338,8076,3927,4149,2019,949,1070,
40400,8079,3887,4192,14137,6816,7321,16157,7760,8397,14136,6796,7340,8077,3928,4149,2019,949,1070,
40405,8079,3887,4192,14139,6817,7322,16157,7760,8397,14137,6796,7341,8077,3928,4149,2020,950,1070,
40410,8081,3888,4193,14140,6817,7323,16160,7760,8400,14139,6797,7342,8079,3929,4150,2020,950,1070,
40415,8082,3889,4193,14141,6817,7324,16161,7760,8401,14141,6797,7344,8080,3930,4150,2020,950,1070,
40420,8083,3889,4194,14144,6818,7326,16165,7763,8402,14143,6797,7346,8081,3930,4151,2020,950,1070,
40425,8083,3889,4194,14146,6819,7327,16165,7763,8402,14144,6798,7346,8081,3930,4151,2021,951,1070,
40430,8085,3890,4195,14147,6819,7328,16168,7765,8403,14146,6798,7348,8083,3931,4152,2021,951,1070,
40435,8086,3890,4196,14148,6820,7328,16169,7765,8404,14148,6799,7349,8084,3931,4153,2021,951,1070,
40440,8087,3891,4196,14151,6823,7328,16173,7766,8407,14150,6799,7351,8085,3931,4154,2021,951,1070,
40445,8087,3891,4196,14153,6824,7329,16173,7766,8407,14151,6799,7352,8085,3931,4154,2022,952,1070,
40450,8089,3891,4198,14154,6824,7330,16176,7767,8409,14153,6799,7354,8087,3933,4154,2022,952,1070,
40455,8090,3891,4199,14155,6825,7330,16177,7767,8410,14155,6801,7354,8088,3934,4154,2022,952,1070,
40460,8091,3892,4199,14158,6827,7331,16181,7769,8412,14157,6803,7354,8089,3934,4155,2022,952,1070,
40465,8091,3892,4199,14160,6828,7332,16181,7769,8412,14158,6804,7354,8089,3934,4155,2023,952,1071,
40470,8093,3894,4199,14161,6829,7332,16184,7772,8412,14160,6805,7355,8091,3935,4156,2023,952,1071,
40475,8094,3894,4200,14162,6829,7333,16185,7773,8412,14162,6806,7356,8092,3936,4156,2023,952,1071,
40480,8095,3894,4201,14165,6830,7335,16189,7774,8415,14164,6808,7356,8093,3937,4156,2023,952,1071,
40485,8095,3894,4201,14167,6831,7336,16189,7774,8415,14165,6808,7357,8093,3937,4156,2024,953,1071,
40490,8097,3894,4203,14168,6832,7336,16192,7776,8416,14167,6808,7359,8095,3938,4157,2024,953,1071,
40495,8098,3895,4203,14169,6832,7337,16193,7777,8416,14169,6809,7360,8096,3939,4157,2024,953,1071,
40500,8099,3896,4203,14172,6834,7338,16197,7779,8418,14171,6810,7361,8097,3939,4158,2024,953,1071,
40505,8099,3896,4203,14174,6835,7339,16197,7779,8418,14172,6810,7362,8097,3939,4158,2025,953,1072,
40510,8101,3897,4204,14175,6836,7339,16200,7780,8420,14174,6811,7363,8099,3939,4160,2025,953,1072,
40515,8102,3898,4204,14176,6836,7340,16201,7780,8421,14176,6811,7365,8100,3939,4161,2025,953,1072,
40520,8103,3899,4204,14179,6837,7342,16205,7782,8423,14178,6812,7366,8101,3939,4162,2025,953,1072,
40525,8103,3899,4204,14181,6839,7342,16205,7782,8423,14179,6812,7367,8101,3939,4162,2026,954,1072,
40530,8105,3899,4206,14182,6839,7343,16208,7784,8424,14181,6813,7368,8103,3940,4163,2026,954,1072,
40535,8106,3899,4207,14183,6839,7344,16209,7785,8424,14183,6814,7369,8104,3940,4164,2026,954,1072,
40540,8107,3899,4208,14186,6840,7346,16213,7787,8426,14185,6816,7369,8105,3940,4165,2026,954,1072,
40545,8107,3899,4208,14188,6841,7347,16213,7787,8426,14186,6816,7370,8105,3940,4165,2027,954,1073,
40550,8109,3901,4208,14189,6841,7348,16216,7790,8426,14188,6816,7372,8107,3940,4167,2027,954,1073,
40555,8110,3901,4209,14190,6842,7348,16217,7790,8427,14190,6816,7374,8108,3940,4168,2027,954,1073,
40560,8111,3902,4209,14193,6843,7350,16221,7793,8428,14192,6817,7375,8109,3940,4169,2027,954,1073,
40565,8111,3902,4209,14195,6845,7350,16221,7793,8428,14193,6818,7375,8109,3940,4169,2028,955,1073,
40570,8113,3902,4211,14196,6845,7351,16224,7795,8429,14195,6818,7377,8111,3942,4169,2028,955,1073,
40575,8114,3903,4211,14197,6846,7351,16225,7795,8430,14197,6819,7378,8112,3942,4170,2028,955,1073,
40580,8115,3903,4212,14200,6846,7354,16229,7798,8431,14199,6820,7379,8113,3942,4171,2028,955,1073,
40585,8115,3903,4212,14202,6846,7356,16229,7798,8431,14200,6820,7380,8113,3942,4171,2029,955,1074,
40590,8117,3904,4213,14203,6846,7357,16232,7799,8433,14202,6820,7382,8115,3943,4172,2029,955,1074,
40595,8118,3904,4214,14204,6847,7357,16233,7799,8434,14204,6822,7382,8116,3943,4173,2029,955,1074,
40600,8119,3904,4215,14207,6849,7358,16237,7800,8437,14206,6823,7383,8117,3943,4174,2029,955,1074,
40605,8119,3904,4215,14209,6850,7359,16237,7800,8437,14207,6824,7383,8117,3943,4174,2030,955,1075,
40610,8121,3904,4217,14210,6850,7360,16240,7802,8438,14209,6825,7384,8119,3943,4176,2030,955,1075,
40615,8122,3905,4217,14211,6851,7360,16241,7802,8439,14211,6826,7385,8120,3944,4176,2030,955,1075,
40620,8123,3906,4217,14214,6851,7363,16245,7802,8443,14213,6827,7386,8121,3944,4177,2030,955,1075,
40625,8123,3906,4217,14216,6852,7364,16245,7802,8443,14214,6828,7386,8121,3944,4177,2031,955,1076,
40630,8125,3906,4219,14217,6853,7364,16248,7803,8445,14216,6830,7386,8123,3945,4178,2031,955,1076,
40635,8126,3906,4220,14218,6854,7364,16249,7803,8446,14218,6831,7387,8124,3945,4179,2031,955,1076,
40640,8127,3907,4220,14221,6855,7366,16253,7805,8448,14220,6833,7387,8125,3945,4180,2031,955,1076,
40645,8127,3907,4220,14223,6856,7367,16253,7805,8448,14221,6834,7387,8125,3945,4180,2032,956,1076,
40650,8129,3909,4220,14224,6857,7367,16256,7806,8450,14223,6835,7388,8127,3946,4181,2032,956,1076,
40655,8130,3909,4221,14225,6858,7367,16257,7807,8450,14225,6836,7389,8128,3947,4181,2032,956,1076,
40660,8131,3910,4221,14228,6859,7369,16261,7809,8452,14227,6836,7391,8129,3947,4182,2032,956,1076,
40665,8131,3910,4221,14230,6859,7371,16261,7809,8452,14228,6837,7391,8129,3947,4182,2033,957,1076,
40670,8133,3911,4222,14231,6859,7372,16264,7810,8454,14230,6838,7392,8131,3947,4184,2033,957,1076,
40675,8134,3911,4223,14232,6860,7372,16265,7811,8454,14232,6838,7394,8132,3948,4184,2033,957,1076,
40680,8135,3911,4224,14235,6861,7374,16269,7814,8455,14234,6840,7394,8133,3948,4185,2033,957,1076,
40685,8135,3911,4224,14237,6862,7375,16269,7814,8455,14235,6841,7394,8133,3948,4185,2034,957,1077,
40690,8137,3912,4225,14238,6862,7376,16272,7815,8457,14237,6841,7396,8135,3949,4186,2034,957,1077,
40695,8138,3913,4225,14239,6862,7377,16273,7816,8457,14239,6842,7397,8136,3950,4186,2034,957,1077,
40700,8139,3914,4225,14242,6864,7378,16277,7818,8459,14241,6843,7398,8137,3951,4186,2034,957,1077,
40705,8139,3914,4225,14244,6865,7379,16277,7818,8459,14242,6844,7398,8137,3951,4186,2035,957,1078,
40710,8141,3915,4226,14245,6866,7379,16280,7819,8461,14244,6845,7399,8139,3951,4188,2035,957,1078,
40715,8142,3916,4226,14246,6866,7380,16281,7819,8462,14246,6845,7401,8140,3951,4189,2035,957,1078,
40720,8143,3917,4226,14249,6868,7381,16285,7822,8463,14248,6846,7402,8141,3952,4189,2035,957,1078,
40725,8143,3917,4226,14251,6869,7382,16285,7822,8463,14249,6846,7403,8141,3952,4189,2036,958,1078,
40730,8145,3918,4227,14252,6870,7382,16288,7824,8464,14251,6847,7404,8143,3953,4190,2036,958,1078,
40735,8146,3918,4228,14253,6871,7382,16289,7824,8465,14253,6848,7405,8144,3953,4191,2036,958,1078,
40740,8147,3919,4228,14256,6872,7384,16293,7828,8465,14255,6848,7407,8145,3953,4192,2036,958,1078,
40745,8147,3919,4228,14258,6872,7386,16293,7828,8465,14256,6849,7407,8145,3953,4192,2037,958,1079,
40750,8149,3920,4229,14259,6872,7387,16296,7829,8467,14258,6850,7408,8147,3954,4193,2037,958,1079,
40755,8150,3920,4230,14260,6872,7388,16297,7830,8467,14260,6852,7408,8148,3955,4193,2037,958,1079,
40760,8151,3921,4230,14263,6874,7389,16301,7834,8467,14262,6854,7408,8149,3956,4193,2037,958,1079,
40765,8151,3921,4230,14265,6875,7390,16301,7834,8467,14263,6855,7408,8149,3956,4193,2038,959,1079,
40770,8153,3923,4230,14266,6875,7391,16304,7835,8469,14265,6856,7409,8151,3957,4194,2038,959,1079,
40775,8154,3923,4231,14267,6876,7391,16305,7835,8470,14267,6856,7411,8152,3958,4194,2038,959,1079,
40780,8155,3924,4231,14270,6877,7393,16309,7838,8471,14269,6857,7412,8153,3958,4195,2038,959,1079,
40785,8155,3924,4231,14272,6878,7394,16309,7838,8471,14270,6857,7413,8153,3958,4195,2039,960,1079,
40790,8157,3925,4232,14273,6879,7394,16312,7839,8473,14272,6857,7415,8155,3958,4197,2039,960,1079,
40795,8158,3925,4233,14274,6879,7395,16313,7839,8474,14274,6857,7417,8156,3958,4198,2039,960,1079,
40800,8159,3925,4234,14277,6881,7396,16317,7839,8478,14276,6858,7418,8157,3958,4199,2039,960,1079,
40805,8159,3925,4234,14279,6882,7397,16317,7839,8478,14277,6858,7419,8157,3958,4199,2040,961,1079,
40810,8161,3927,4234,14280,6882,7398,16320,7840,8480,14279,6859,7420,8159,3959,4200,2040,961,1079,
40815,8162,3927,4235,14281,6882,7399,16321,7841,8480,14281,6859,7422,8160,3959,4201,2040,961,1079,
40820,8163,3928,4235,14284,6884,7400,16325,7845,8480,14283,6860,7423,8161,3959,4202,2040,961,1079,
40825,8163,3928,4235,14286,6884,7402,16325,7845,8480,14284,6861,7423,8161,3959,4202,2041,961,1080,
40830,8165,3929,4236,14287,6884,7403,16328,7846,8482,14286,6862,7424,8163,3960,4203,2041,961,1080,
40835,8166,3929,4237,14288,6885,7403,16329,7847,8482,14288,6862,7426,8164,3960,4204,2041,961,1080,
40840,8167,3929,4238,14291,6886,7405,16333,7849,8484,14290,6862,7428,8165,3960,4205,2041,961,1080,
40845,8167,3929,4238,14293,6886,7407,16333,7849,8484,14291,6863,7428,8165,3960,4205,2042,962,1080,
40850,8169,3930,4239,14294,6886,7408,16336,7850,8486,14293,6865,7428,8167,3961,4206,2042,962,1080,
40855,8170,3930,4240,14295,6886,7409,16337,7850,8487,14295,6866,7429,8168,3962,4206,2042,962,1080,
40860,8171,3930,4241,14298,6887,7411,16341,7852,8489,14297,6868,7429,8169,3962,4207,2042,962,1080,
40865,8171,3930,4241,14300,6889,7411,16341,7852,8489,14298,6869,7429,8169,3962,4207,2043,962,1081,
40870,8173,3931,4242,14301,6890,7411,16344,7852,8492,14300,6871,7429,8171,3963,4208,2043,962,1081,
40875,8174,3932,4242,14302,6891,7411,16345,7853,8492,14302,6871,7431,8172,3963,4209,2043,962,1081,
40880,8175,3932,4243,14305,6892,7413,16349,7855,8494,14304,6872,7432,8173,3964,4209,2043,962,1081,
40885,8175,3932,4243,14307,6893,7414,16349,7855,8494,14305,6873,7432,8173,3964,4209,2044,962,1082,
40890,8177,3933,4244,14308,6893,7415,16352,7856,8496,14307,6874,7433,8175,3964,4211,2044,962,1082,
40895,8178,3933,4245,14309,6893,7416,16353,7856,8497,14309,6875,7434,8176,3965,4211,2044,962,1082,
40900,8179,3933,4246,14312,6895,7417,16357,7858,8499,14311,6876,7435,8177,3966,4211,2044,962,1082,
40905,8179,3933,4246,14314,6896,7418,16357,7858,8499,14312,6876,7436,8177,3966,4211,2045,963,1082,
40910,8181,3934,4247,14315,6897,7418,16360,7861,8499,14314,6876,7438,8179,3966,4213,2045,963,1082,
40915,8182,3934,4248,14316,6898,7418,16361,7862,8499,14316,6877,7439,8180,3967,4213,2045,963,1082,
40920,8183,3934,4249,14319,6901,7418,16365,7863,8502,14318,6878,7440,8181,3968,4213,2045,963,1082,
40925,8183,3934,4249,14321,6902,7419,16365,7863,8502,14319,6879,7440,8181,3968,4213,2046,963,1083,
40930,8185,3935,4250,14322,6903,7419,16368,7864,8504,14321,6879,7442,8183,3970,4213,2046,963,1083,
40935,8186,3936,4250,14323,6904,7419,16369,7865,8504,14323,6879,7444,8184,3970,4214,2046,963,1083,
40940,8187,3936,4251,14326,6906,7420,16373,7866,8507,14325,6880,7445,8185,3970,4215,2046,963,1083,
40945,8187,3936,4251,14328,6907,7421,16373,7866,8507,14326,6881,7445,8185,3970,4215,2047,964,1083,
40950,8189,3937,4252,14329,6908,7421,16376,7867,8509,14328,6882,7446,8187,3972,4215,2047,964,1083,
40955,8190,3938,4252,14330,6909,7421,16377,7868,8509,14330,6883,7447,8188,3972,4216,2047,964,1083,
40960,8191,3938,4253,14333,6911,7422,16381,7869,8512,14332,6883,7449,8189,3972,4217,2047,964,1083,
40965,8191,3938,4253,14335,6912,7423,16381,7869,8512,14333,6883,7450,8189,3972,4217,2048,964,1084,
40970,8193,3939,4254,14336,6912,7424,16384,7872,8512,14335,6884,7451,8191,3972,4219,2048,964,1084,
40975,8194,3939,4255,14337,6913,7424,16385,7873,8512,14337,6886,7451,8192,3972,4220,2048,964,1084,
40980,8195,3940,4255,14340,6914,7426,16389,7876,8513,14339,6888,7451,8193,3972,4221,2048,964,1084,
40985,8195,3940,4255,14342,6916,7426,16389,7876,8513,14340,6888,7452,8193,3972,4221,2049,964,1085,
40990,8197,3941,4256,14343,6917,7426,16392,7878,8514,14342,6890,7452,8195,3974,4221,2049,964,1085,
40995,8198,3942,4256,14344,6917,7427,16393,7878,8515,14344,6890,7454,8196,3975,4221,2049,964,1085,
41000,8199,3942,4257,14347,6917,7430,16397,7879,8518,14346,6890,7456,8197,3975,4222,2049,964,1085,
41005,8199,3942,4257,14349,6919,7430,16397,7879,8518,14347,6891,7456,8197,3975,4222,2050,964,1086,
41010,8201,3942,4259,14350,6920,7430,16400,7880,8520,14349,6892,7457,8199,3975,4224,2050,964,1086,
41015,8202,3943,4259,14351,6920,7431,16401,7881,8520,14351,6894,7457,8200,3975,4225,2050,964,1086,
41020,8203,3944,4259,14354,6922,7432,16405,7884,8521,14353,6894,7459,8201,3975,4226,2050,964,1086,
41025,8203,3944,4259,14356,6923,7433,16405,7884,8521,14354,6894,7460,8201,3975,4226,2051,965,1086,
41030,8205,3945,4260,14357,6923,7434,16408,7886,8522,14356,6895,7461,8203,3976,4227,2051,965,1086,
41035,8206,3945,4261,14358,6924,7434,16409,7886,8523,14358,6897,7461,8204,3976,4228,2051,965,1086,
41040,8207,3945,4262,14361,6925,7436,16413,7887,8526,14360,6898,7462,8205,3977,4228,2051,965,1086,
41045,8207,3945,4262,14363,6926,7437,16413,7887,8526,14361,6898,7463,8205,3977,4228,2052,966,1086,
41050,8209,3946,4263,14364,6927,7437,16416,7890,8526,14363,6899,7464,8207,3979,4228,2052,966,1086,
41055,8210,3946,4264,14365,6928,7437,16417,7890,8527,14365,6900,7465,8208,3980,4228,2052,966,1086,
41060,8211,3946,4265,14368,6928,7440,16421,7891,8530,14367,6901,7466,8209,3981,4228,2052,966,1086,
41065,8211,3946,4265,14370,6929,7441,16421,7891,8530,14368,6902,7466,8209,3981,4228,2053,966,1087,
41070,8213,3946,4267,14371,6930,7441,16424,7892,8532,14370,6903,7467,8211,3982,4229,2053,966,1087,
41075,8214,3947,4267,14372,6930,7442,16425,7892,8533,14372,6903,7469,8212,3982,4230,2053,966,1087,
41080,8215,3947,4268,14375,6933,7442,16429,7892,8537,14374,6903,7471,8213,3982,4231,2053,966,1087,
41085,8215,3947,4268,14377,6933,7444,16429,7892,8537,14375,6903,7472,8213,3982,4231,2054,967,1087,
41090,8217,3948,4269,14378,6934,7444,16432,7893,8539,14377,6905,7472,8215,3983,4232,2054,967,1087,
41095,8218,3949,4269,14379,6935,7444,16433,7894,8539,14379,6905,7474,8216,3984,4232,2054,967,1087,
41100,8219,3950,4269,14382,6936,7446,16437,7896,8541,14381,6906,7475,8217,3984,4233,2054,967,1087,
41105,8219,3950,4269,14384,6937,7447,16437,7896,8541,14382,6906,7476,8217,3984,4233,2055,967,1088,
41110,8221,3951,4270,14385,6938,7447,16440,7897,8543,14384,6908,7476,8219,3984,4235,2055,967,1088,
41115,8222,3951,4271,14386,6938,7448,16441,7897,8544,14386,6909,7477,8220,3985,4235,2055,967,1088,
41120,8223,3951,4272,14389,6939,7450,16445,7899,8546,14388,6910,7478,8221,3985,4236,2055,967,1088,
41125,8223,3951,4272,14391,6939,7452,16445,7899,8546,14389,6911,7478,8221,3985,4236,2056,967,1089,
41130,8225,3953,4272,14392,6940,7452,16448,7901,8547,14391,6913,7478,8223,3987,4236,2056,967,1089,
41135,8226,3954,4272,14393,6940,7453,16449,7901,8548,14393,6913,7480,8224,3987,4237,2056,967,1089,
41140,8227,3955,4272,14396,6941,7455,16453,7904,8549,14395,6913,7482,8225,3987,4238,2056,967,1089,
41145,8227,3955,4272,14398,6942,7456,16453,7904,8549,14396,6914,7482,8225,3987,4238,2057,968,1089,
41150,8229,3957,4272,14399,6943,7456,16456,7905,8551,14398,6916,7482,8227,3988,4239,2057,968,1089,
41155,8230,3957,4273,14400,6944,7456,16457,7905,8552,14400,6917,7483,8228,3989,4239,2057,968,1089,
41160,8231,3958,4273,14403,6945,7458,16461,7909,8552,14402,6917,7485,8229,3989,4240,2057,968,1089,
41165,8231,3958,4273,14405,6945,7460,16461,7909,8552,14403,6918,7485,8229,3989,4240,2058,969,1089,
41170,8233,3959,4274,14406,6946,7460,16464,7910,8554,14405,6919,7486,8231,3990,4241,2058,969,1089,
41175,8234,3959,4275,14407,6947,7460,16465,7910,8555,14407,6919,7488,8232,3990,4242,2058,969,1089,
41180,8235,3959,4276,14410,6948,7462,16469,7913,8556,14409,6919,7490,8233,3991,4242,2058,969,1089,
41185,8235,3959,4276,14412,6949,7463,16469,7913,8556,14410,6920,7490,8233,3991,4242,2059,970,1089,
41190,8237,3960,4277,14413,6950,7463,16472,7915,8557,14412,6921,7491,8235,3991,4244,2059,970,1089,
41195,8238,3961,4277,14414,6951,7463,16473,7916,8557,14414,6922,7492,8236,3992,4244,2059,970,1089,
41200,8239,3962,4277,14417,6952,7465,16477,7917,8560,14416,6924,7492,8237,3993,4244,2059,970,1089,
41205,8239,3962,4277,14419,6953,7466,16477,7917,8560,14417,6925,7492,8237,3993,4244,2060,971,1089,
41210,8241,3962,4279,14420,6954,7466,16480,7917,8563,14419,6925,7494,8239,3995,4244,2060,971,1089,
41215,8242,3962,4280,14421,6955,7466,16481,7917,8564,14421,6925,7496,8240,3995,4245,2060,971,1089,
41220,8243,3962,4281,14424,6957,7467,16485,7919,8566,14423,6927,7496,8241,3996,4245,2060,971,1089,
41225,8243,3962,4281,14426,6958,7468,16485,7919,8566,14424,6928,7496,8241,3996,4245,2061,972,1089,
41230,8245,3963,4282,14427,6959,7468,16488,7919,8569,14426,6929,7497,8243,3996,4247,2061,972,1089,
41235,8246,3964,4282,14428,6959,7469,16489,7919,8570,14428,6931,7497,8244,3996,4248,2061,972,1089,
41240,8247,3964,4283,14431,6961,7470,16493,7922,8571,14430,6932,7498,8245,3996,4249,2061,972,1089,
41245,8247,3964,4283,14433,6962,7471,16493,7922,8571,14431,6932,7499,8245,3996,4249,2062,973,1089,
41250,8249,3964,4285,14434,6963,7471,16496,7924,8572,14433,6932,7501,8247,3998,4249,2062,973,1089,
41255,8250,3965,4285,14435,6963,7472,16497,7924,8573,14435,6932,7503,8248,3999,4249,2062,973,1089,
41260,8251,3965,4286,14438,6965,7473,16501,7928,8573,14437,6932,7505,8249,4000,4249,2062,973,1089,
41265,8251,3965,4286,14440,6966,7474,16501,7928,8573,14438,6932,7506,8249,4000,4249,2063,974,1089,
41270,8253,3967,4286,14441,6967,7474,16504,7929,8575,14440,6933,7507,8251,4001,4250,2063,974,1089,
41275,8254,3967,4287,14442,6968,7474,16505,7929,8576,14442,6934,7508,8252,4001,4251,2063,974,1089,
41280,8255,3968,4287,14445,6969,7476,16509,7931,8578,14444,6936,7508,8253,4002,4251,2063,974,1089,
41285,8255,3968,4287,14447,6970,7477,16509,7931,8578,14445,6936,7509,8253,4002,4251,2064,975,1089,
41290,8257,3969,4288,14448,6970,7478,16512,7933,8579,14447,6937,7510,8255,4003,4252,2064,975,1089,
41295,8258,3969,4289,14449,6970,7479,16513,7933,8580,14449,6938,7511,8256,4004,4252,2064,975,1089,
41300,8259,3969,4290,14452,6970,7482,16517,7935,8582,14451,6939,7512,8257,4004,4253,2064,975,1089,
41305,8259,3969,4290,14454,6972,7482,16517,7935,8582,14452,6940,7512,8257,4004,4253,2065,976,1089,
41310,8261,3970,4291,14455,6973,7482,16520,7937,8583,14454,6941,7513,8259,4005,4254,2065,976,1089,
41315,8262,3971,4291,14456,6973,7483,16521,7937,8584,14456,6942,7514,8260,4005,4255,2065,976,1089,
41320,8263,3972,4291,14459,6975,7484,16525,7940,8585,14458,6943,7515,8261,4006,4255,2065,976,1089,
41325,8263,3972,4291,14461,6977,7484,16525,7940,8585,14459,6943,7516,8261,4006,4255,2066,977,1089,
41330,8265,3973,4292,14462,6978,7484,16528,7941,8587,14461,6943,7518,8263,4008,4255,2066,977,1089,
41335,8266,3973,4293,14463,6978,7485,16529,7941,8588,14463,6943,7520,8264,4009,4255,2066,977,1089,
41340,8267,3973,4294,14466,6980,7486,16533,7942,8591,14465,6944,7521,8265,4009,4256,2066,977,1089,
41345,8267,3973,4294,14468,6981,7487,16533,7942,8591,14466,6944,7522,8265,4009,4256,2067,978,1089,
41350,8269,3975,4294,14469,6982,7487,16536,7944,8592,14468,6945,7523,8267,4010,4257,2067,978,1089,
41355,8270,3976,4294,14470,6982,7488,16537,7944,8593,14470,6946,7524,8268,4011,4257,2067,978,1089,
41360,8271,3977,4294,14473,6983,7490,16541,7948,8593,14472,6946,7526,8269,4012,4257,2067,978,1089,
41365,8271,3977,4294,14475,6984,7491,16541,7948,8593,14473,6947,7526,8269,4012,4257,2068,978,1090,
41370,8273,3979,4294,14476,6984,7492,16544,7950,8594,14475,6947,7528,8271,4013,4258,2068,978,1090,
41375,8274,3979,4295,14477,6984,7493,16545,7950,8595,14477,6948,7529,8272,4014,4258,2068,978,1090,
41380,8275,3980,4295,14480,6985,7495,16549,7952,8597,14479,6950,7529,8273,4014,4259,2068,978,1090,
41385,8275,3980,4295,14482,6986,7496,16549,7952,8597,14480,6951,7529,8273,4014,4259,2069,979,1090,
41390,8277,3981,4296,14483,6987,7496,16552,7953,8599,14482,6953,7529,8275,4016,4259,2069,979,1090,
41395,8278,3981,4297,14484,6987,7497,16553,7954,8599,14484,6954,7530,8276,4016,4260,2069,979,1090,
41400,8279,3981,4298,14487,6990,7497,16557,7957,8600,14486,6955,7531,8277,4017,4260,2069,979,1090,
41405,8279,3981,4298,14489,6991,7498,16557,7957,8600,14487,6955,7532,8277,4017,4260,2070,979,1091,
41410,8281,3983,4298,14490,6991,7499,16560,7958,8602,14489,6955,7534,8279,4018,4261,2070,979,1091,
41415,8282,3984,4298,14491,6991,7500,16561,7959,8602,14491,6955,7536,8280,4019,4261,2070,979,1091,
41420,8283,3985,4298,14494,6992,7502,16565,7962,8603,14493,6957,7536,8281,4019,4262,2070,979,1091,
41425,8283,3985,4298,14496,6993,7503,16565,7962,8603,14494,6958,7536,8281,4019,4262,2071,980,1091,
41430,8285,3985,4300,14497,6993,7504,16568,7963,8605,14496,6960,7536,8283,4020,4263,2071,980,1091,
41435,8286,3986,4300,14498,6993,7505,16569,7963,8606,14498,6961,7537,8284,4021,4263,2071,980,1091,
41440,8287,3987,4300,14501,6994,7507,16573,7965,8608,14500,6962,7538,8285,4021,4264,2071,980,1091,
41445,8287,3987,4300,14503,6995,7508,16573,7965,8608,14501,6962,7539,8285,4021,4264,2072,981,1091,
41450,8289,3988,4301,14504,6996,7508,16576,7965,8611,14503,6962,7541,8287,4023,4264,2072,981,1091,
41455,8290,3988,4302,14505,6996,7509,16577,7965,8612,14505,6963,7542,8288,4023,4265,2072,981,1091,
41460,8291,3989,4302,14508,6999,7509,16581,7966,8615,14507,6964,7543,8289,4023,4266,2072,981,1091,
41465,8291,3989,4302,14510,7001,7509,16581,7966,8615,14508,6964,7544,8289,4023,4266,2073,981,1092,
41470,8293,3991,4302,14511,7002,7509,16584,7966,8618,14510,6965,7545,8291,4023,4268,2073,981,1092,
41475,8294,3991,4303,14512,7002,7510,16585,7966,8619,14512,6965,7547,8292,4024,4268,2073,981,1092,
41480,8295,3991,4304,14515,7004,7511,16589,7968,8621,14514,6966,7548,8293,4024,4269,2073,981,1092,
41485,8295,3991,4304,14517,7005,7512,16589,7968,8621,14515,6966,7549,8293,4024,4269,2074,981,1093,
41490,8297,3992,4305,14518,7006,7512,16592,7969,8623,14517,6967,7550,8295,4025,4270,2074,981,1093,
41495,8298,3992,4306,14519,7007,7512,16593,7970,8623,14519,6968,7551,8296,4026,4270,2074,981,1093,
41500,8299,3993,4306,14522,7010,7512,16597,7972,8625,14521,6969,7552,8297,4026,4271,2074,981,1093,
41505,8299,3993,4306,14524,7010,7514,16597,7972,8625,14522,6970,7552,8297,4026,4271,2075,982,1093,
41510,8301,3994,4307,14525,7010,7515,16600,7972,8628,14524,6972,7552,8299,4028,4271,2075,982,1093,
41515,8302,3994,4308,14526,7011,7515,16601,7972,8629,14526,6973,7553,8300,4029,4271,2075,982,1093,
41520,8303,3994,4309,14529,7011,7518,16605,7973,8632,14528,6975,7553,8301,4029,4272,2075,982,1093,
41525,8303,3994,4309,14531,7012,7519,16605,7973,8632,14529,6976,7553,8301,4029,4272,2076,983,1093,
41530,8305,3995,4310,14532,7013,7519,16608,7974,8634,14531,6978,7553,8303,4030,4273,2076,983,1093,
41535,8306,3996,4310,14533,7013,7520,16609,7974,8635,14533,6978,7555,8304,4031,4273,2076,983,1093,
41540,8307,3996,4311,14536,7014,7522,16613,7976,8637,14535,6980,7555,8305,4032,4273,2076,983,1093,
41545,8307,3996,4311,14538,7014,7524,16613,7976,8637,14536,6981,7555,8305,4032,4273,2077,984,1093,
41550,8309,3997,4312,14539,7014,7525,16616,7978,8638,14538,6982,7556,8307,4033,4274,2077,984,1093,
41555,8310,3998,4312,14540,7014,7526,16617,7978,8639,14540,6983,7557,8308,4033,4275,2077,984,1093,
41560,8311,3999,4312,14543,7015,7528,16621,7980,8641,14542,6983,7559,8309,4034,4275,2077,984,1093,
41565,8311,3999,4312,14545,7017,7528,16621,7980,8641,14543,6983,7560,8309,4034,4275,2078,985,1093,
41570,8313,4000,4313,14546,7017,7529,16624,7982,8642,14545,6984,7561,8311,4035,4276,2078,985,1093,
41575,8314,4000,4314,14547,7017,7530,16625,7982,8643,14547,6986,7561,8312,4036,4276,2078,985,1093,
41580,8315,4001,4314,14550,7019,7531,16629,7984,8645,14549,6988,7561,8313,4036,4277,2078,985,1093,
41585,8315,4001,4314,14552,7020,7532,16629,7984,8645,14550,6988,7562,8313,4036,4277,2079,985,1094,
41590,8317,4003,4314,14553,7021,7532,16632,7986,8646,14552,6988,7564,8315,4036,4279,2079,985,1094,
41595,8318,4004,4314,14554,7022,7532,16633,7986,8647,14554,6989,7565,8316,4037,4279,2079,985,1094,
41600,8319,4005,4314,14557,7024,7533,16637,7989,8648,14556,6989,7567,8317,4037,4280,2079,985,1094,
41605,8319,4005,4314,14559,7026,7533,16637,7989,8648,14557,6990,7567,8317,4037,4280,2080,985,1095,
41610,8321,4005,4316,14560,7026,7534,16640,7991,8649,14559,6991,7568,8319,4039,4280,2080,985,1095,
41615,8322,4005,4317,14561,7027,7534,16641,7992,8649,14561,6991,7570,8320,4040,4280,2080,985,1095,
41620,8323,4005,4318,14564,7029,7535,16645,7994,8651,14563,6992,7571,8321,4040,4281,2080,985,1095,
41625,8323,4005,4318,14566,7030,7536,16645,7994,8651,14564,6993,7571,8321,4040,4281,2081,985,1096,
41630,8325,4006,4319,14567,7031,7536,16648,7996,8652,14566,6994,7572,8323,4041,4282,2081,985,1096,
41635,8326,4006,4320,14568,7031,7537,16649,7997,8652,14568,6995,7573,8324,4042,4282,2081,985,1096,
41640,8327,4006,4321,14571,7032,7539,16653,7998,8655,14570,6997,7573,8325,4042,4283,2081,985,1096,
41645,8327,4006,4321,14573,7034,7539,16653,7998,8655,14571,6998,7573,8325,4042,4283,2082,986,1096,
41650,8329,4007,4322,14574,7035,7539,16656,8001,8655,14573,6999,7574,8327,4043,4284,2082,986,1096,
41655,8330,4008,4322,14575,7035,7540,16657,8002,8655,14575,7000,7575,8328,4043,4285,2082,986,1096,
41660,8331,4008,4323,14578,7036,7542,16661,8004,8657,14577,7001,7576,8329,4043,4286,2082,986,1096,
41665,8331,4008,4323,14580,7037,7543,16661,8004,8657,14578,7002,7576,8329,4043,4286,2083,987,1096,
41670,8333,4009,4324,14581,7038,7543,16664,8005,8659,14580,7003,7577,8331,4044,4287,2083,987,1096,
41675,8334,4009,4325,14582,7039,7543,16665,8006,8659,14582,7005,7577,8332,4044,4288,2083,987,1096,
41680,8335,4010,4325,14585,7041,7544,16669,8009,8660,14584,7006,7578,8333,4044,4289,2083,987,1096,
41685,8335,4010,4325,14587,7041,7546,16669,8009,8660,14585,7007,7578,8333,4044,4289,2084,987,1097,
41690,8337,4010,4327,14588,7041,7547,16672,8009,8663,14587,7008,7579,8335,4045,4290,2084,987,1097,
41695,8338,4011,4327,14589,7041,7548,16673,8009,8664,14589,7008,7581,8336,4046,4290,2084,987,1097,
41700,8339,4011,4328,14592,7043,7549,16677,8010,8667,14591,7009,7582,8337,4046,4291,2084,987,1097,
41705,8339,4011,4328,14594,7044,7550,16677,8010,8667,14592,7009,7583,8337,4046,4291,2085,988,1097,
41710,8341,4012,4329,14595,7045,7550,16680,8011,8669,14594,7010,7584,8339,4048,4291,2085,988,1097,
41715,8342,4012,4330,14596,7046,7550,16681,8011,8670,14596,7011,7585,8340,4048,4292,2085,988,1097,
41720,8343,4012,4331,14599,7048,7551,16685,8014,8671,14598,7012,7586,8341,4049,4292,2085,988,1097,
41725,8343,4012,4331,14601,7048,7553,16685,8014,8671,14599,7013,7586,8341,4049,4292,2086,989,1097,
41730,8345,4014,4331,14602,7048,7554,16688,8016,8672,14601,7014,7587,8343,4049,4294,2086,989,1097,
41735,8346,4014,4332,14603,7048,7555,16689,8016,8673,14603,7016,7587,8344,4049,4295,2086,989,1097,
41740,8347,4015,4332,14606,7049,7557,16693,8019,8674,14605,7017,7588,8345,4049,4296,2086,989,1097,
41745,8347,4015,4332,14608,7051,7557,16693,8019,8674,14606,7017,7589,8345,4049,4296,2087,990,1097,
41750,8349,4016,4333,14609,7051,7558,16696,8022,8674,14608,7019,7589,8347,4051,4296,2087,990,1097,
41755,8350,4016,4334,14610,7051,7559,16697,8022,8675,14610,7020,7590,8348,4051,4297,2087,990,1097,
41760,8351,4017,4334,14613,7054,7559,16701,8025,8676,14612,7021,7591,8349,4052,4297,2087,990,1097,
41765,8351,4017,4334,14615,7054,7561,16701,8025,8676,14613,7021,7592,8349,4052,4297,2088,991,1097,
41770,8353,4019,4334,14616,7054,7562,16704,8027,8677,14615,7022,7593,8351,4053,4298,2088,991,1097,
41775,8354,4020,4334,14617,7054,7563,16705,8028,8677,14617,7024,7593,8352,4054,4298,2088,991,1097,
41780,8355,4021,4334,14620,7056,7564,16709,8031,8678,14619,7026,7593,8353,4054,4299,2088,991,1097,
41785,8355,4021,4334,14622,7056,7566,16709,8031,8678,14620,7027,7593,8353,4054,4299,2089,992,1097,
41790,8357,4022,4335,14623,7057,7566,16712,8031,8681,14622,7028,7594,8355,4055,4300,2089,992,1097,
41795,8358,4023,4335,14624,7057,7567,16713,8032,8681,14624,7029,7595,8356,4055,4301,2089,992,1097,
41800,8359,4024,4335,14627,7058,7569,16717,8034,8683,14626,7031,7595,8357,4055,4302,2089,992,1097,
41805,8359,4024,4335,14629,7058,7571,16717,8034,8683,14627,7031,7596,8357,4055,4302,2090,993,1097,
41810,8361,4025,4336,14630,7058,7572,16720,8035,8685,14629,7032,7597,8359,4055,4304,2090,993,1097,
41815,8362,4026,4336,14631,7058,7573,16721,8036,8685,14631,7032,7599,8360,4055,4305,2090,993,1097,
41820,8363,4026,4337,14634,7058,7576,16725,8038,8687,14633,7033,7600,8361,4056,4305,2090,993,1097,
41825,8363,4026,4337,14636,7060,7576,16725,8038,8687,14634,7034,7600,8361,4056,4305,2091,993,1098,
41830,8365,4028,4337,14637,7061,7576,16728,8040,8688,14636,7035,7601,8363,4056,4307,2091,993,1098,
41835,8366,4029,4337,14638,7061,7577,16729,8041,8688,14638,7037,7601,8364,4057,4307,2091,993,1098,
41840,8367,4029,4338,14641,7064,7577,16733,8042,8691,14640,7037,7603,8365,4057,4308,2091,993,1098,
41845,8367,4029,4338,14643,7065,7578,16733,8042,8691,14641,7038,7603,8365,4057,4308,2092,993,1099,
41850,8369,4031,4338,14644,7066,7578,16736,8043,8693,14643,7039,7604,8367,4059,4308,2092,993,1099,
41855,8370,4032,4338,14645,7066,7579,16737,8043,8694,14645,7039,7606,8368,4060,4308,2092,993,1099,
41860,8371,4032,4339,14648,7068,7580,16741,8045,8696,14647,7040,7607,8369,4061,4308,2092,993,1099,
41865,8371,4032,4339,14650,7068,7582,16741,8045,8696,14648,7041,7607,8369,4061,4308,2093,993,1100,
41870,8373,4034,4339,14651,7069,7582,16744,8045,8699,14650,7043,7607,8371,4061,4310,2093,993,1100,
41875,8374,4034,4340,14652,7069,7583,16745,8046,8699,14652,7044,7608,8372,4061,4311,2093,993,1100,
41880,8375,4034,4341,14655,7071,7584,16749,8050,8699,14654,7045,7609,8373,4061,4312,2093,993,1100,
41885,8375,4034,4341,14657,7073,7584,16749,8050,8699,14655,7046,7609,8373,4061,4312,2094,993,1101,
41890,8377,4036,4341,14658,7073,7585,16752,8051,8701,14657,7048,7609,8375,4063,4312,2094,993,1101,
41895,8378,4037,4341,14659,7073,7586,16753,8052,8701,14659,7049,7610,8376,4064,4312,2094,993,1101,
41900,8379,4038,4341,14662,7074,7588,16757,8054,8703,14661,7050,7611,8377,4065,4312,2094,993,1101,
41905,8379,4038,4341,14664,7074,7590,16757,8054,8703,14662,7050,7612,8377,4065,4312,2095,994,1101,
41910,8381,4039,4342,14665,7074,7591,16760,8054,8706,14664,7051,7613,8379,4067,4312,2095,994,1101,
41915,8382,4040,4342,14666,7074,7592,16761,8055,8706,14666,7052,7614,8380,4067,4313,2095,994,1101,
41920,8383,4040,4343,14669,7076,7593,16765,8056,8709,14668,7052,7616,8381,4068,4313,2095,994,1101,
41925,8383,4040,4343,14671,7077,7594,16765,8056,8709,14669,7052,7617,8381,4068,4313,2096,994,1102,
41930,8385,4041,4344,14672,7077,7595,16768,8057,8711,14671,7054,7617,8383,4068,4315,2096,994,1102,
41935,8386,4041,4345,14673,7078,7595,16769,8058,8711,14673,7055,7618,8384,4069,4315,2096,994,1102,
41940,8387,4042,4345,14676,7079,7597,16773,8060,8713,14675,7056,7619,8385,4069,4316,2096,994,1102,
41945,8387,4042,4345,14678,7079,7599,16773,8060,8713,14676,7057,7619,8385,4069,4316,2097,995,1102,
41950,8389,4044,4345,14679,7080,7599,16776,8061,8715,14678,7058,7620,8387,4070,4317,2097,995,1102,
41955,8390,4045,4345,14680,7080,7600,16777,8062,8715,14680,7059,7621,8388,4070,4318,2097,995,1102,
41960,8391,4046,4345,14683,7081,7602,16781,8064,8717,14682,7059,7623,8389,4071,4318,2097,995,1102,
41965,8391,4046,4345,14685,7082,7603,16781,8064,8717,14683,7059,7624,8389,4071,4318,2098,996,1102,
41970,8393,4047,4346,14686,7083,7603,16784,8065,8719,14685,7060,7625,8391,4071,4320,2098,996,1102,
41975,8394,4048,4346,14687,7084,7603,16785,8065,8720,14687,7061,7626,8392,4071,4321,2098,996,1102,
41980,8395,4049,4346,14690,7084,7606,16789,8068,8721,14689,7061,7628,8393,4072,4321,2098,996,1102,
41985,8395,4049,4346,14692,7085,7607,16789,8068,8721,14690,7061,7629,8393,4072,4321,2099,996,1103,
41990,8397,4050,4347,14693,7086,7607,16792,8068,8724,14692,7062,7630,8395,4073,4322,2099,996,1103,
41995,8398,4050,4348,14694,7087,7607,16793,8068,8725,14694,7063,7631,8396,4073,4323,2099,996,1103,
42000,8399,4051,4348,14697,7087,7610,16797,8069,8728,14696,7063,7633,8397,4073,4324,2099,996,1103,
42005,8399,4051,4348,14699,7088,7611,16797,8069,8728,14697,7063,7634,8397,4073,4324,2100,996,1104,
42010,8401,4052,4349,14700,7089,7611,16800,8070,8730,14699,7065,7634,8399,4073,4326,2100,996,1104,
42015,8402,4053,4349,14701,7089,7612,16801,8070,8731,14701,7067,7634,8400,4073,4327,2100,996,1104,
42020,8403,4054,4349,14704,7089,7615,16805,8071,8734,14703,7067,7636,8401,4073,4328,2100,996,1104,
42025,8403,4054,4349,14706,7091,7615,16805,8071,8734,14704,7068,7636,8401,4073,4328,2101,997,1104,
42030,8405,4056,4349,14707,7092,7615,16808,8071,8737,14706,7069,7637,8403,4075,4328,2101,997,1104,
42035,8406,4057,4349,14708,7092,7616,16809,8071,8738,14708,7069,7639,8404,4076,4328,2101,997,1104,
42040,8407,4057,4350,14711,7094,7617,16813,8073,8740,14710,7070,7640,8405,4077,4328,2101,997,1104,
42045,8407,4057,4350,14713,7094,7619,16813,8073,8740,14711,7070,7641,8405,4077,4328,2102,998,1104,
42050,8409,4058,4351,14714,7095,7619,16816,8075,8741,14713,7071,7642,8407,4078,4329,2102,998,1104,
42055,8410,4058,4352,14715,7096,7619,16817,8076,8741,14715,7072,7643,8408,4078,4330,2102,998,1104,
42060,8411,4058,4353,14718,7096,7622,16821,8078,8743,14717,7073,7644,8409,4079,4330,2102,998,1104,
42065,8411,4058,4353,14720,7097,7623,16821,8078,8743,14718,7073,7645,8409,4079,4330,2103,998,1105,
42070,8413,4058,4355,14721,7098,7623,16824,8080,8744,14720,7074,7646,8411,4080,4331,2103,998,1105,
42075,8414,4058,4356,14722,7099,7623,16825,8080,8745,14722,7076,7646,8412,4080,4332,2103,998,1105,
42080,8415,4058,4357,14725,7102,7623,16829,8080,8749,14724,7077,7647,8413,4081,4332,2103,998,1105,
42085,8415,4058,4357,14727,7103,7624,16829,8080,8749,14725,7078,7647,8413,4081,4332,2104,999,1105,
42090,8417,4058,4359,14728,7103,7625,16832,8081,8751,14727,7080,7647,8415,4082,4333,2104,999,1105,
42095,8418,4059,4359,14729,7104,7625,16833,8081,8752,14729,7081,7648,8416,4083,4333,2104,999,1105,
42100,8419,4060,4359,14732,7106,7626,16837,8083,8754,14731,7081,7650,8417,4083,4334,2104,999,1105,
42105,8419,4060,4359,14734,7107,7627,16837,8083,8754,14732,7082,7650,8417,4083,4334,2105,1000,1105,
42110,8421,4061,4360,14735,7107,7628,16840,8085,8755,14734,7084,7650,8419,4085,4334,2105,1000,1105,
42115,8422,4061,4361,14736,7107,7629,16841,8085,8756,14736,7084,7652,8420,4085,4335,2105,1000,1105,
42120,8423,4061,4362,14739,7108,7631,16845,8087,8758,14738,7085,7653,8421,4085,4336,2105,1000,1105,
42125,8423,4061,4362,14741,7108,7633,16845,8087,8758,14739,7085,7654,8421,4085,4336,2106,1001,1105,
42130,8425,4062,4363,14742,7109,7633,16848,8089,8759,14741,7086,7655,8423,4087,4336,2106,1001,1105,
42135,8426,4063,4363,14743,7110,7633,16849,8090,8759,14743,7088,7655,8424,4088,4336,2106,1001,1105,
42140,8427,4063,4364,14746,7113,7633,16853,8091,8762,14745,7089,7656,8425,4088,4337,2106,1001,1105,
42145,8427,4063,4364,14748,7114,7634,16853,8091,8762,14746,7090,7656,8425,4088,4337,2107,1002,1105,
42150,8429,4063,4366,14749,7115,7634,16856,8092,8764,14748,7092,7656,8427,4089,4338,2107,1002,1105,
42155,8430,4064,4366,14750,7115,7635,16857,8093,8764,14750,7093,7657,8428,4090,4338,2107,1002,1105,
42160,8431,4064,4367,14753,7117,7636,16861,8096,8765,14752,7093,7659,8429,4090,4339,2107,1002,1105,
42165,8431,4064,4367,14755,7117,7638,16861,8096,8765,14753,7093,7660,8429,4090,4339,2108,1002,1106,
42170,8433,4064,4369,14756,7117,7639,16864,8097,8767,14755,7095,7660,8431,4091,4340,2108,1002,1106,
42175,8434,4065,4369,14757,7117,7640,16865,8097,8768,14757,7096,7661,8432,4091,4341,2108,1002,1106,
42180,8435,4066,4369,14760,7118,7642,16869,8097,8772,14759,7097,7662,8433,4092,4341,2108,1002,1106,
42185,8435,4066,4369,14762,7119,7643,16869,8097,8772,14760,7097,7663,8433,4092,4341,2109,1003,1106,
42190,8437,4067,4370,14763,7120,7643,16872,8097,8775,14762,7099,7663,8435,4093,4342,2109,1003,1106,
42195,8438,4068,4370,14764,7120,7644,16873,8098,8775,14764,7100,7664,8436,4094,4342,2109,1003,1106,
42200,8439,4069,4370,14767,7122,7645,16877,8101,8776,14766,7101,7665,8437,4094,4343,2109,1003,1106,
42205,8439,4069,4370,14769,7122,7647,16877,8101,8776,14767,7101,7666,8437,4094,4343,2110,1004,1106,
42210,8441,4070,4371,14770,7123,7647,16880,8102,8778,14769,7103,7666,8439,4096,4343,2110,1004,1106,
42215,8442,4070,4372,14771,7124,7647,16881,8103,8778,14771,7105,7666,8440,4097,4343,2110,1004,1106,
42220,8443,4070,4373,14774,7125,7649,16885,8105,8780,14773,7107,7666,8441,4098,4343,2110,1004,1106,
42225,8443,4070,4373,14776,7126,7650,16885,8105,8780,14774,7107,7667,8441,4098,4343,2111,1005,1106,
42230,8445,4071,4374,14777,7127,7650,16888,8107,8781,14776,7109,7667,8443,4099,4344,2111,1005,1106,
42235,8446,4072,4374,14778,7127,7651,16889,8108,8781,14778,7111,7667,8444,4099,4345,2111,1005,1106,
42240,8447,4072,4375,14781,7128,7653,16893,8110,8783,14780,7111,7669,8445,4100,4345,2111,1005,1106,
42245,8447,4072,4375,14783,7128,7655,16893,8110,8783,14781,7111,7670,8445,4100,4345,2112,1005,1107,
42250,8449,4073,4376,14784,7128,7656,16896,8113,8783,14783,7113,7670,8447,4101,4346,2112,1005,1107,
42255,8450,4073,4377,14785,7129,7656,16897,8113,8784,14785,7114,7671,8448,4102,4346,2112,1005,1107,
42260,8451,4074,4377,14788,7129,7659,16901,8114,8787,14787,7116,7671,8449,4102,4347,2112,1005,1107,
42265,8451,4074,4377,14790,7130,7660,16901,8114,8787,14788,7116,7672,8449,4102,4347,2113,1006,1107,
42270,8453,4074,4379,14791,7131,7660,16904,8115,8789,14790,7116,7674,8451,4103,4348,2113,1006,1107,
42275,8454,4074,4380,14792,7132,7660,16905,8116,8789,14792,7117,7675,8452,4103,4349,2113,1006,1107,
42280,8455,4074,4381,14795,7132,7663,16909,8118,8791,14794,7118,7676,8453,4104,4349,2113,1006,1107,
42285,8455,4074,4381,14797,7133,7664,16909,8118,8791,14795,7119,7676,8453,4104,4349,2114,1007,1107,
42290,8457,4074,4383,14798,7134,7664,16912,8120,8792,14797,7120,7677,8455,4105,4350,2114,1007,1107,
42295,8458,4075,4383,14799,7134,7665,16913,8120,8793,14799,7120,7679,8456,4106,4350,2114,1007,1107,
42300,8459,4075,4384,14802,7135,7667,16917,8123,8794,14801,7120,7681,8457,4107,4350,2114,1007,1107,
42305,8459,4075,4384,14804,7137,7667,16917,8123,8794,14802,7121,7681,8457,4107,4350,2115,1007,1108,
42310,8461,4075,4386,14805,7138,7667,16920,8124,8796,14804,7122,7682,8459,4109,4350,2115,1007,1108,
42315,8462,4075,4387,14806,7139,7667,16921,8125,8796,14806,7124,7682,8460,4109,4351,2115,1007,1108,
42320,8463,4076,4387,14809,7140,7669,16925,8126,8799,14808,7124,7684,8461,4110,4351,2115,1007,1108,
42325,8463,4076,4387,14811,7141,7670,16925,8126,8799,14809,7124,7685,8461,4110,4351,2116,1008,1108,
42330,8465,4077,4388,14812,7142,7670,16928,8127,8801,14811,7126,7685,8463,4111,4352,2116,1008,1108,
42335,8466,4078,4388,14813,7143,7670,16929,8127,8802,14813,7127,7686,8464,4112,4352,2116,1008,1108,
42340,8467,4079,4388,14816,7145,7671,16933,8130,8803,14815,7129,7686,8465,4112,4353,2116,1008,1108,
42345,8467,4079,4388,14818,7145,7673,16933,8130,8803,14816,7130,7686,8465,4112,4353,2117,1008,1109,
42350,8469,4079,4390,14819,7146,7673,16936,8133,8803,14818,7130,7688,8467,4112,4355,2117,1008,1109,
42355,8470,4080,4390,14820,7147,7673,16937,8133,8804,14820,7130,7690,8468,4113,4355,2117,1008,1109,
42360,8471,4080,4391,14823,7150,7673,16941,8136,8805,14822,7131,7691,8469,4113,4356,2117,1008,1109,
42365,8471,4080,4391,14825,7151,7674,16941,8136,8805,14823,7131,7692,8469,4113,4356,2118,1009,1109,
42370,8473,4082,4391,14826,7151,7675,16944,8137,8807,14825,7132,7693,8471,4114,4357,2118,1009,1109,
42375,8474,4082,4392,14827,7152,7675,16945,8137,8808,14827,7132,7695,8472,4115,4357,2118,1009,1109,
42380,8475,4083,4392,14830,7154,7676,16949,8138,8811,14829,7134,7695,8473,4115,4358,2118,1009,1109,
42385,8475,4083,4392,14832,7154,7678,16949,8138,8811,14830,7135,7695,8473,4115,4358,2119,1010,1109,
42390,8477,4084,4393,14833,7154,7679,16952,8141,8811,14832,7136,7696,8475,4116,4359,2119,1010,1109,
42395,8478,4085,4393,14834,7155,7679,16953,8142,8811,14834,7136,7698,8476,4117,4359,2119,1010,1109,
42400,8479,4086,4393,14837,7156,7681,16957,8144,8813,14836,7137,7699,8477,4117,4360,2119,1010,1109,
42405,8479,4086,4393,14839,7158,7681,16957,8144,8813,14837,7137,7700,8477,4117,4360,2120,1011,1109,
42410,8481,4088,4393,14840,7158,7682,16960,8145,8815,14839,7138,7701,8479,4119,4360,2120,1011,1109,
42415,8482,4089,4393,14841,7158,7683,16961,8145,8816,14841,7139,7702,8480,4119,4361,2120,1011,1109,
42420,8483,4089,4394,14844,7159,7685,16965,8145,8820,14843,7140,7703,8481,4119,4362,2120,1011,1109,
42425,8483,4089,4394,14846,7161,7685,16965,8145,8820,14844,7140,7704,8481,4119,4362,2121,1011,1110,
42430,8485,4090,4395,14847,7161,7686,16968,8146,8822,14846,7140,7706,8483,4119,4364,2121,1011,1110,
42435,8486,4091,4395,14848,7161,7687,16969,8147,8822,14848,7142,7706,8484,4119,4365,2121,1011,1110,
42440,8487,4092,4395,14851,7163,7688,16973,8148,8825,14850,7143,7707,8485,4119,4366,2121,1011,1110,
42445,8487,4092,4395,14853,7164,7689,16973,8148,8825,14851,7144,7707,8485,4119,4366,2122,1012,1110,
42450,8489,4093,4396,14854,7164,7690,16976,8150,8826,14853,7144,7709,8487,4120,4367,2122,1012,1110,
42455,8490,4094,4396,14855,7165,7690,16977,8150,8827,14855,7146,7709,8488,4120,4368,2122,1012,1110,
42460,8491,4094,4397,14858,7166,7692,16981,8152,8829,14857,7147,7710,8489,4121,4368,2122,1012,1110,
42465,8491,4094,4397,14860,7167,7693,16981,8152,8829,14858,7148,7710,8489,4121,4368,2123,1013,1110,
42470,8493,4095,4398,14861,7168,7693,16984,8155,8829,14860,7149,7711,8491,4122,4369,2123,1013,1110,
42475,8494,4095,4399,14862,7169,7693,16985,8155,8830,14862,7150,7712,8492,4123,4369,2123,1013,1110,
42480,8495,4095,4400,14865,7171,7694,16989,8156,8833,14864,7150,7714,8493,4123,4370,2123,1013,1110,
42485,8495,4095,4400,14867,7172,7695,16989,8156,8833,14865,7151,7714,8493,4123,4370,2124,1013,1111,
42490,8497,4096,4401,14868,7173,7695,16992,8158,8834,14867,7152,7715,8495,4124,4371,2124,1013,1111,
42495,8498,4096,4402,14869,7174,7695,16993,8158,8835,14869,7152,7717,8496,4124,4372,2124,1013,1111,
42500,8499,4096,4403,14872,7175,7697,16997,8160,8837,14871,7154,7717,8497,4125,4372,2124,1013,1111,
42505,8499,4096,4403,14874,7177,7697,16997,8160,8837,14872,7155,7717,8497,4125,4372,2125,1014,1111,
42510,8501,4098,4403,14875,7177,7698,17000,8162,8838,14874,7157,7717,8499,4125,4374,2125,1014,1111,
42515,8502,4099,4403,14876,7178,7698,17001,8163,8838,14876,7158,7718,8500,4126,4374,2125,1014,1111,
42520,8503,4099,4404,14879,7180,7699,17005,8165,8840,14878,7159,7719,8501,4127,4374,2125,1014,1111,
42525,8503,4099,4404,14881,7181,7700,17005,8165,8840,14879,7160,7719,8501,4127,4374,2126,1014,1112,
42530,8505,4100,4405,14882,7182,7700,17008,8167,8841,14881,7161,7720,8503,4128,4375,2126,1014,1112,
42535,8506,4100,4406,14883,7182,7701,17009,8167,8842,14883,7161,7722,8504,4128,4376,2126,1014,1112,
42540,8507,4100,4407,14886,7184,7702,17013,8168,8845,14885,7162,7723,8505,4128,4377,2126,1014,1112,
42545,8507,4100,4407,14888,7184,7704,17013,8168,8845,14886,7162,7724,8505,4128,4377,2127,1015,1112,
42550,8509,4100,4409,14889,7184,7705,17016,8168,8848,14888,7162,7726,8507,4128,4379,2127,1015,1112,
42555,8510,4100,4410,14890,7185,7705,17017,8168,8849,14890,7162,7728,8508,4128,4380,2127,1015,1112,
42560,8511,4100,4411,14893,7188,7705,17021,8171,8850,14892,7164,7728,8509,4129,4380,2127,1015,1112,
42565,8511,4100,4411,14895,7190,7705,17021,8171,8850,14893,7165,7728,8509,4129,4380,2128,1015,1113,
42570,8513,4100,4413,14896,7190,7706,17024,8173,8851,14895,7165,7730,8511,4130,4381,2128,1015,1113,
42575,8514,4101,4413,14897,7191,7706,17025,8174,8851,14897,7167,7730,8512,4131,4381,2128,1015,1113,
42580,8515,4102,4413,14900,7193,7707,17029,8176,8853,14899,7167,7732,8513,4132,4381,2128,1015,1113,
42585,8515,4102,4413,14902,7193,7709,17029,8176,8853,14900,7168,7732,8513,4132,4381,2129,1016,1113,
42590,8517,4102,4415,14903,7193,7710,17032,8178,8854,14902,7170,7732,8515,4133,4382,2129,1016,1113,
42595,8518,4102,4416,14904,7193,7711,17033,8178,8855,14904,7170,7734,8516,4134,4382,2129,1016,1113,
42600,8519,4102,4417,14907,7194,7713,17037,8180,8857,14906,7172,7734,8517,4135,4382,2129,1016,1113,
42605,8519,4102,4417,14909,7194,7715,17037,8180,8857,14907,7173,7734,8517,4135,4382,2130,1016,1114,
42610,8521,4104,4417,14910,7195,7715,17040,8180,8860,14909,7174,7735,8519,4136,4383,2130,1016,1114,
42615,8522,4104,4418,14911,7196,7715,17041,8180,8861,14911,7176,7735,8520,4136,4384,2130,1016,1114,
42620,8523,4105,4418,14914,7197,7717,17045,8182,8863,14913,7176,7737,8521,4137,4384,2130,1016,1114,
42625,8523,4105,4418,14916,7198,7718,17045,8182,8863,14914,7177,7737,8521,4137,4384,2131,1017,1114,
42630,8525,4107,4418,14917,7198,7719,17048,8182,8866,14916,7179,7737,8523,4138,4385,2131,1017,1114,
42635,8526,4108,4418,14918,7199,7719,17049,8182,8867,14918,7180,7738,8524,4138,4386,2131,1017,1114,
42640,8527,4108,4419,14921,7200,7721,17053,8183,8870,14920,7181,7739,8525,4138,4387,2131,1017,1114,
42645,8527,4108,4419,14923,7201,7722,17053,8183,8870,14921,7181,7740,8525,4138,4387,2132,1017,1115,
42650,8529,4109,4420,14924,7201,7723,17056,8184,8872,14923,7183,7740,8527,4139,4388,2132,1017,1115,
42655,8530,4109,4421,14925,7202,7723,17057,8185,8872,14925,7185,7740,8528,4139,4389,2132,1017,1115,
42660,8531,4110,4421,14928,7203,7725,17061,8188,8873,14927,7186,7741,8529,4140,4389,2132,1017,1115,
42665,8531,4110,4421,14930,7204,7726,17061,8188,8873,14928,7187,7741,8529,4140,4389,2133,1018,1115,
42670,8533,4110,4423,14931,7204,7727,17064,8189,8875,14930,7189,7741,8531,4140,4391,2133,1018,1115,
42675,8534,4110,4424,14932,7204,7728,17065,8190,8875,14932,7190,7742,8532,4140,4392,2133,1018,1115,
42680,8535,4111,4424,14935,7206,7729,17069,8193,8876,14934,7191,7743,8533,4140,4393,2133,1018,1115,
42685,8535,4111,4424,14937,7206,7731,17069,8193,8876,14935,7192,7743,8533,4140,4393,2134,1018,1116,
42690,8537,4112,4425,14938,7206,7732,17072,8196,8876,14937,7193,7744,8535,4141,4394,2134,1018,1116,
42695,8538,4112,4426,14939,7206,7733,17073,8197,8876,14939,7195,7744,8536,4141,4395,2134,1018,1116,
42700,8539,4113,4426,14942,7206,7736,17077,8198,8879,14941,7195,7746,8537,4141,4396,2134,1018,1116,
42705,8539,4113,4426,14944,7207,7737,17077,8198,8879,14942,7196,7746,8537,4141,4396,2135,1018,1117,
42710,8541,4114,4427,14945,7208,7737,17080,8198,8882,14944,7196,7748,8539,4142,4397,2135,1018,1117,
42715,8542,4114,4428,14946,7209,7737,17081,8198,8883,14946,7196,7750,8540,4143,4397,2135,1018,1117,
42720,8543,4115,4428,14949,7210,7739,17085,8199,8886,14948,7196,7752,8541,4144,4397,2135,1018,1117,
42725,8543,4115,4428,14951,7211,7740,17085,8199,8886,14949,7196,7753,8541,4144,4397,2136,1018,1118,
42730,8545,4116,4429,14952,7211,7741,17088,8200,8888,14951,7197,7754,8543,4145,4398,2136,1018,1118,
42735,8546,4117,4429,14953,7211,7742,17089,8200,8889,14953,7198,7755,8544,4146,4398,2136,1018,1118,
42740,8547,4117,4430,14956,7212,7744,17093,8203,8890,14955,7198,7757,8545,4147,4398,2136,1018,1118,
42745,8547,4117,4430,14958,7213,7745,17093,8203,8890,14956,7199,7757,8545,4147,4398,2137,1018,1119,
42750,8549,4119,4430,14959,7213,7746,17096,8204,8892,14958,7200,7758,8547,4149,4398,2137,1018,1119,
42755,8550,4119,4431,14960,7213,7747,17097,8204,8893,14960,7202,7758,8548,4149,4399,2137,1018,1119,
42760,8551,4120,4431,14963,7214,7749,17101,8207,8894,14962,7203,7759,8549,4150,4399,2137,1018,1119,
42765,8551,4120,4431,14965,7215,7750,17101,8207,8894,14963,7203,7760,8549,4150,4399,2138,1018,1120,
42770,8553,4121,4432,14966,7216,7750,17104,8209,8895,14965,7205,7760,8551,4151,4400,2138,1018,1120,
42775,8554,4121,4433,14967,7217,7750,17105,8210,8895,14967,7206,7761,8552,4152,4400,2138,1018,1120,
42780,8555,4121,4434,14970,7219,7751,17109,8211,8898,14969,7208,7761,8553,4152,4401,2138,1018,1120,
42785,8555,4121,4434,14972,7220,7752,17109,8211,8898,14970,7209,7761,8553,4152,4401,2139,1019,1120,
42790,8557,4122,4435,14973,7221,7752,17112,8212,8900,14972,7210,7762,8555,4153,4402,2139,1019,1120,
42795,8558,4123,4435,14974,7222,7752,17113,8212,8901,14974,7211,7763,8556,4154,4402,2139,1019,1120,
42800,8559,4123,4436,14977,7223,7754,17117,8214,8903,14976,7213,7763,8557,4154,4403,2139,1019,1120,
42805,8559,4123,4436,14979,7224,7755,17117,8214,8903,14977,7213,7764,8557,4154,4403,2140,1020,1120,
42810,8561,4124,4437,14980,7224,7756,17120,8215,8905,14979,7213,7766,8559,4155,4404,2140,1020,1120,
42815,8562,4124,4438,14981,7225,7756,17121,8215,8906,14981,7214,7767,8560,4155,4405,2140,1020,1120,
42820,8563,4124,4439,14984,7226,7758,17125,8217,8908,14983,7214,7769,8561,4155,4406,2140,1020,1120,
42825,8563,4124,4439,14986,7227,7759,17125,8217,8908,14984,7214,7770,8561,4155,4406,2141,1020,1121,
42830,8565,4124,4441,14987,7228,7759,17128,8220,8908,14986,7215,7771,8563,4156,4407,2141,1020,1121,
42835,8566,4124,4442,14988,7229,7759,17129,8220,8909,14988,7216,7772,8564,4157,4407,2141,1020,1121,
42840,8567,4125,4442,14991,7230,7761,17133,8221,8912,14990,7217,7773,8565,4157,4408,2141,1020,1121,
42845,8567,4125,4442,14993,7232,7761,17133,8221,8912,14991,7217,7774,8565,4157,4408,2142,1020,1122,
42850,8569,4126,4443,14994,7233,7761,17136,8222,8914,14993,7218,7775,8567,4158,4409,2142,1020,1122,
42855,8570,4126,4444,14995,7233,7762,17137,8222,8915,14995,7218,7777,8568,4159,4409,2142,1020,1122,
42860,8571,4126,4445,14998,7235,7763,17141,8225,8916,14997,7218,7779,8569,4159,4410,2142,1020,1122,
42865,8571,4126,4445,15000,7236,7764,17141,8225,8916,14998,7218,7780,8569,4159,4410,2143,1021,1122,
42870,8573,4127,4446,15001,7237,7764,17144,8227,8917,15000,7218,7782,8571,4159,4412,2143,1021,1122,
42875,8574,4128,4446,15002,7237,7765,17145,8227,8918,15002,7219,7783,8572,4160,4412,2143,1021,1122,
42880,8575,4128,4447,15005,7240,7765,17149,8229,8920,15004,7220,7784,8573,4161,4412,2143,1021,1122,
42885,8575,4128,4447,15007,7240,7767,17149,8229,8920,15005,7221,7784,8573,4161,4412,2144,1021,1123,
42890,8577,4128,4449,15008,7240,7768,17152,8230,8922,15007,7222,7785,8575,4163,4412,2144,1021,1123,
42895,8578,4129,4449,15009,7240,7769,17153,8231,8922,15009,7223,7786,8576,4163,4413,2144,1021,1123,
42900,8579,4130,4449,15012,7242,7770,17157,8234,8923,15011,7223,7788,8577,4164,4413,2144,1021,1123,
42905,8579,4130,4449,15014,7243,7771,17157,8234,8923,15012,7224,7788,8577,4164,4413,2145,1022,1123,
42910,8581,4131,4450,15015,7243,7772,17160,8236,8924,15014,7225,7789,8579,4164,4415,2145,1022,1123,
42915,8582,4131,4451,15016,7243,7773,17161,8236,8925,15016,7225,7791,8580,4164,4416,2145,1022,1123,
42920,8583,4132,4451,15019,7246,7773,17165,8239,8926,15018,7225,7793,8581,4165,4416,2145,1022,1123,
42925,8583,4132,4451,15021,7248,7773,17165,8239,8926,15019,7226,7793,8581,4165,4416,2146,1022,1124,
42930,8585,4133,4452,15022,7248,7774,17168,8240,8928,15021,7227,7794,8583,4166,4417,2146,1022,1124,
42935,8586,4133,4453,15023,7248,7775,17169,8241,8928,15023,7228,7795,8584,4166,4418,2146,1022,1124,
42940,8587,4133,4454,15026,7249,7777,17173,8244,8929,15025,7228,7797,8585,4166,4419,2146,1022,1124,
42945,8587,4133,4454,15028,7249,7779,17173,8244,8929,15026,7228,7798,8585,4166,4419,2147,1022,1125,
42950,8589,4134,4455,15029,7249,7780,17176,8246,8930,15028,7229,7799,8587,4166,4421,2147,1022,1125,
42955,8590,4134,4456,15030,7249,7781,17177,8246,8931,15030,7231,7799,8588,4166,4422,2147,1022,1125,
42960,8591,4134,4457,15033,7252,7781,17181,8248,8933,15032,7231,7801,8589,4166,4423,2147,1022,1125,
42965,8591,4134,4457,15035,7253,7782,17181,8248,8933,15033,7232,7801,8589,4166,4423,2148,1023,1125,
42970,8593,4135,4458,15036,7253,7783,17184,8250,8934,15035,7234,7801,8591,4166,4425,2148,1023,1125,
42975,8594,4136,4458,15037,7254,7783,17185,8250,8935,15037,7235,7802,8592,4166,4426,2148,1023,1125,
42980,8595,4136,4459,15040,7256,7784,17189,8252,8937,15039,7236,7803,8593,4166,4427,2148,1023,1125,
42985,8595,4136,4459,15042,7258,7784,17189,8252,8937,15040,7236,7804,8593,4166,4427,2149,1023,1126,
42990,8597,4137,4460,15043,7259,7784,17192,8253,8939,15042,7237,7805,8595,4167,4428,2149,1023,1126,
42995,8598,4137,4461,15044,7260,7784,17193,8254,8939,15044,7238,7806,8596,4167,4429,2149,1023,1126,
43000,8599,4138,4461,15047,7262,7785,17197,8256,8941,15046,7238,7808,8597,4167,4430,2149,1023,1126,
43005,8599,4138,4461,15049,7263,7786,17197,8256,8941,15047,7239,7808,8597,4167,4430,2150,1024,1126,
43010,8601,4140,4461,15050,7263,7787,17200,8257,8943,15049,7239,7810,8599,4168,4431,2150,1024,1126,
43015,8602,4140,4462,15051,7264,7787,17201,8258,8943,15051,7241,7810,8600,4168,4432,2150,1024,1126,
43020,8603,4140,4463,15054,7266,7788,17205,8260,8945,15053,7242,7811,8601,4168,4433,2150,1024,1126,
43025,8603,4140,4463,15056,7267,7789,17205,8260,8945,15054,7242,7812,8601,4168,4433,2151,1024,1127,
43030,8605,4140,4465,15057,7268,7789,17208,8261,8947,15056,7243,7813,8603,4170,4433,2151,1024,1127,
43035,8606,4141,4465,15058,7269,7789,17209,8262,8947,15058,7245,7813,8604,4170,4434,2151,1024,1127,
43040,8607,4142,4465,15061,7271,7790,17213,8265,8948,15060,7247,7813,8605,4170,4435,2151,1024,1127,
43045,8607,4142,4465,15063,7271,7792,17213,8265,8948,15061,7247,7814,8605,4170,4435,2152,1025,1127,
43050,8609,4143,4466,15064,7272,7792,17216,8267,8949,15063,7248,7815,8607,4172,4435,2152,1025,1127,
43055,8610,4144,4466,15065,7272,7793,17217,8267,8950,15065,7249,7816,8608,4172,4436,2152,1025,1127,
43060,8611,4144,4467,15068,7275,7793,17221,8269,8952,15067,7250,7817,8609,4172,4437,2152,1025,1127,
43065,8611,4144,4467,15070,7275,7795,17221,8269,8952,15068,7250,7818,8609,4172,4437,2153,1025,1128,
43070,8613,4145,4468,15071,7276,7795,17224,8270,8954,15070,7251,7819,8611,4173,4438,2153,1025,1128,
43075,8614,4146,4468,15072,7277,7795,17225,8270,8955,15072,7253,7819,8612,4173,4439,2153,1025,1128,
43080,8615,4147,4468,15075,7277,7798,17229,8271,8958,15074,7253,7821,8613,4173,4440,2153,1025,1128,
43085,8615,4147,4468,15077,7279,7798,17229,8271,8958,15075,7253,7822,8613,4173,4440,2154,1025,1129,
43090,8617,4148,4469,15078,7279,7799,17232,8273,8959,15077,7254,7823,8615,4174,4441,2154,1025,1129,
43095,8618,4149,4469,15079,7280,7799,17233,8273,8960,15079,7256,7823,8616,4174,4442,2154,1025,1129,
43100,8619,4149,4470,15082,7281,7801,17237,8275,8962,15081,7257,7824,8617,4174,4443,2154,1025,1129,
43105,8619,4149,4470,15084,7282,7802,17237,8275,8962,15082,7257,7825,8617,4174,4443,2155,1026,1129,
43110,8621,4151,4470,15085,7282,7803,17240,8276,8964,15084,7259,7825,8619,4176,4443,2155,1026,1129,
43115,8622,4151,4471,15086,7283,7803,17241,8276,8965,15086,7261,7825,8620,4176,4444,2155,1026,1129,
43120,8623,4151,4472,15089,7284,7805,17245,8279,8966,15088,7262,7826,8621,4176,4445,2155,1026,1129,
43125,8623,4151,4472,15091,7285,7806,17245,8279,8966,15089,7262,7827,8621,4176,4445,2156,1026,1130,
43130,8625,4153,4472,15092,7285,7807,17248,8280,8968,15091,7263,7828,8623,4177,4446,2156,1026,1130,
43135,8626,4154,4472,15093,7286,7807,17249,8281,8968,15093,7264,7829,8624,4178,4446,2156,1026,1130,
43140,8627,4154,4473,15096,7289,7807,17253,8283,8970,15095,7265,7830,8625,4178,4447,2156,1026,1130,
43145,8627,4154,4473,15098,7290,7808,17253,8283,8970,15096,7265,7831,8625,4178,4447,2157,1027,1130,
43150,8629,4155,4474,15099,7290,7809,17256,8286,8970,15098,7266,7832,8627,4179,4448,2157,1027,1130,
43155,8630,4156,4474,15100,7291,7809,17257,8286,8971,15100,7266,7834,8628,4180,4448,2157,1027,1130,
43160,8631,4157,4474,15103,7291,7812,17261,8288,8973,15102,7266,7836,8629,4181,4448,2157,1027,1130,
43165,8631,4157,4474,15105,7292,7813,17261,8288,8973,15103,7267,7836,8629,4181,4448,2158,1027,1131,
43170,8633,4159,4474,15106,7292,7814,17264,8290,8974,15105,7268,7837,8631,4181,4450,2158,1027,1131,
43175,8634,4159,4475,15107,7293,7814,17265,8291,8974,15107,7270,7837,8632,4181,4451,2158,1027,1131,
43180,8635,4159,4476,15110,7293,7817,17269,8292,8977,15109,7270,7839,8633,4181,4452,2158,1027,1131,
43185,8635,4159,4476,15112,7294,7818,17269,8292,8977,15110,7271,7839,8633,4181,4452,2159,1027,1132,
43190,8637,4161,4476,15113,7294,7819,17272,8294,8978,15112,7271,7841,8635,4183,4452,2159,1027,1132,
43195,8638,4161,4477,15114,7294,7820,17273,8295,8978,15114,7271,7843,8636,4184,4452,2159,1027,1132,
43200,8639,4162,4477,15117,7297,7820,17277,8297,8980,15116,7272,7844,8637,4185,4452,2159,1027,1132,
43205,8639,4162,4477,15119,7297,7822,17277,8297,8980,15117,7272,7845,8637,4185,4452,2160,1028,1132,
43210,8641,4163,4478,15120,7297,7823,17280,8297,8983,15119,7272,7847,8639,4186,4453,2160,1028,1132,
43215,8642,4164,4478,15121,7298,7823,17281,8297,8984,15121,7273,7848,8640,4186,4454,2160,1028,1132,
43220,8643,4164,4479,15124,7300,7824,17285,8301,8984,15123,7275,7848,8641,4187,4454,2160,1028,1132,
43225,8643,4164,4479,15126,7301,7825,17285,8301,8984,15124,7276,7848,8641,4187,4454,2161,1028,1133,
43230,8645,4165,4480,15127,7301,7826,17288,8302,8986,15126,7277,7849,8643,4188,4455,2161,1028,1133,
43235,8646,4165,4481,15128,7302,7826,17289,8302,8987,15128,7277,7851,8644,4189,4455,2161,1028,1133,
43240,8647,4166,4481,15131,7304,7827,17293,8306,8987,15130,7278,7852,8645,4190,4455,2161,1028,1133,
43245,8647,4166,4481,15133,7304,7829,17293,8306,8987,15131,7278,7853,8645,4190,4455,2162,1029,1133,
43250,8649,4166,4483,15134,7305,7829,17296,8307,8989,15133,7279,7854,8647,4191,4456,2162,1029,1133,
43255,8650,4166,4484,15135,7306,7829,17297,8308,8989,15135,7279,7856,8648,4192,4456,2162,1029,1133,
43260,8651,4166,4485,15138,7309,7829,17301,8310,8991,15137,7281,7856,8649,4193,4456,2162,1029,1133,
43265,8651,4166,4485,15140,7309,7831,17301,8310,8991,15138,7282,7856,8649,4193,4456,2163,1030,1133,
43270,8653,4167,4486,15141,7309,7832,17304,8312,8992,15140,7284,7856,8651,4194,4457,2163,1030,1133,
43275,8654,4168,4486,15142,7309,7833,17305,8312,8993,15142,7286,7856,8652,4195,4457,2163,1030,1133,
43280,8655,4169,4486,15145,7310,7835,17309,8315,8994,15144,7286,7858,8653,4195,4458,2163,1030,1133,
43285,8655,4169,4486,15147,7312,7835,17309,8315,8994,15145,7286,7859,8653,4195,4458,2164,1031,1133,
43290,8657,4170,4487,15148,7312,7836,17312,8316,8996,15147,7287,7860,8655,4196,4459,2164,1031,1133,
43295,8658,4170,4488,15149,7313,7836,17313,8317,8996,15149,7288,7861,8656,4196,4460,2164,1031,1133,
43300,8659,4171,4488,15152,7315,7837,17317,8319,8998,15151,7290,7861,8657,4196,4461,2164,1031,1133,
43305,8659,4171,4488,15154,7315,7839,17317,8319,8998,15152,7291,7861,8657,4196,4461,2165,1031,1134,
43310,8661,4172,4489,15155,7315,7840,17320,8321,8999,15154,7292,7862,8659,4197,4462,2165,1031,1134,
43315,8662,4173,4489,15156,7315,7841,17321,8321,9000,15156,7292,7864,8660,4197,4463,2165,1031,1134,
43320,8663,4173,4490,15159,7316,7843,17325,8322,9003,15158,7293,7865,8661,4197,4464,2165,1031,1134,
43325,8663,4173,4490,15161,7317,7844,17325,8322,9003,15159,7293,7866,8661,4197,4464,2166,1031,1135,
43330,8665,4175,4490,15162,7317,7845,17328,8325,9003,15161,7295,7866,8663,4199,4464,2166,1031,1135,
43335,8666,4176,4490,15163,7317,7846,17329,8326,9003,15163,7296,7867,8664,4199,4465,2166,1031,1135,
43340,8667,4177,4490,15166,7317,7849,17333,8328,9005,15165,7298,7867,8665,4200,4465,2166,1031,1135,
43345,8667,4177,4490,15168,7319,7849,17333,8328,9005,15166,7298,7868,8665,4200,4465,2167,1032,1135,
43350,8669,4178,4491,15169,7320,7849,17336,8329,9007,15168,7300,7868,8667,4202,4465,2167,1032,1135,
43355,8670,4179,4491,15170,7321,7849,17337,8330,9007,15170,7300,7870,8668,4202,4466,2167,1032,1135,
43360,8671,4180,4491,15173,7323,7850,17341,8332,9009,15172,7301,7871,8669,4202,4467,2167,1032,1135,
43365,8671,4180,4491,15175,7323,7852,17341,8332,9009,15173,7302,7871,8669,4202,4467,2168,1033,1135,
43370,8673,4180,4493,15176,7323,7853,17344,8333,9011,15175,7304,7871,8671,4204,4467,2168,1033,1135,
43375,8674,4180,4494,15177,7323,7854,17345,8333,9012,15177,7305,7872,8672,4204,4468,2168,1033,1135,
43380,8675,4181,4494,15180,7323,7857,17349,8335,9014,15179,7306,7873,8673,4205,4468,2168,1033,1135,
43385,8675,4181,4494,15182,7324,7858,17349,8335,9014,15180,7306,7874,8673,4205,4468,2169,1033,1136,
43390,8677,4182,4495,15183,7325,7858,17352,8336,9016,15182,7306,7876,8675,4207,4468,2169,1033,1136,
43395,8678,4182,4496,15184,7325,7859,17353,8337,9016,15184,7307,7877,8676,4207,4469,2169,1033,1136,
43400,8679,4183,4496,15187,7326,7861,17357,8338,9019,15186,7307,7879,8677,4207,4470,2169,1033,1136,
43405,8679,4183,4496,15189,7328,7861,17357,8338,9019,15187,7308,7879,8677,4207,4470,2170,1034,1136,
43410,8681,4185,4496,15190,7328,7862,17360,8341,9019,15189,7309,7880,8679,4208,4471,2170,1034,1136,
43415,8682,4185,4497,15191,7328,7863,17361,8341,9020,15191,7309,7882,8680,4209,4471,2170,1034,1136,
43420,8683,4185,4498,15194,7328,7866,17365,8342,9023,15193,7310,7883,8681,4209,4472,2170,1034,1136,
43425,8683,4185,4498,15196,7329,7867,17365,8342,9023,15194,7311,7883,8681,4209,4472,2171,1034,1137,
43430,8685,4186,4499,15197,7330,7867,17368,8345,9023,15196,7313,7883,8683,4210,4473,2171,1034,1137,
43435,8686,4187,4499,15198,7330,7868,17369,8346,9023,15198,7314,7884,8684,4211,4473,2171,1034,1137,
43440,8687,4188,4499,15201,7331,7870,17373,8348,9025,15200,7314,7886,8685,4212,4473,2171,1034,1137,
43445,8687,4188,4499,15203,7332,7871,17373,8348,9025,15201,7314,7887,8685,4212,4473,2172,1035,1137,
43450,8689,4189,4500,15204,7333,7871,17376,8349,9027,15203,7315,7888,8687,4213,4474,2172,1035,1137,
43455,8690,4189,4501,15205,7334,7871,17377,8350,9027,15205,7316,7889,8688,4213,4475,2172,1035,1137,
43460,8691,4190,4501,15208,7337,7871,17381,8351,9030,15207,7318,7889,8689,4213,4476,2172,1035,1137,
43465,8691,4190,4501,15210,7338,7872,17381,8351,9030,15208,7319,7889,8689,4213,4476,2173,1036,1137,
43470,8693,4190,4503,15211,7338,7873,17384,8352,9032,15210,7319,7891,8691,4214,4477,2173,1036,1137,
43475,8694,4191,4503,15212,7339,7873,17385,8352,9033,15212,7320,7892,8692,4215,4477,2173,1036,1137,
43480,8695,4191,4504,15215,7339,7876,17389,8355,9034,15214,7320,7894,8693,4216,4477,2173,1036,1137,
43485,8695,4191,4504,15217,7339,7878,17389,8355,9034,15215,7320,7895,8693,4216,4477,2174,1036,1138,
43490,8697,4192,4505,15218,7339,7879,17392,8357,9035,15217,7321,7896,8695,4218,4477,2174,1036,1138,
43495,8698,4193,4505,15219,7340,7879,17393,8358,9035,15219,7321,7898,8696,4218,4478,2174,1036,1138,
43500,8699,4193,4506,15222,7342,7880,17397,8359,9038,15221,7322,7899,8697,4219,4478,2174,1036,1138,
43505,8699,4193,4506,15224,7342,7882,17397,8359,9038,15222,7322,7900,8697,4219,4478,2175,1037,1138,
43510,8701,4195,4506,15225,7342,7883,17400,8360,9040,15224,7323,7901,8699,4220,4479,2175,1037,1138,
43515,8702,4195,4507,15226,7343,7883,17401,8360,9041,15226,7324,7902,8700,4220,4480,2175,1037,1138,
43520,8703,4195,4508,15229,7346,7883,17405,8363,9042,15228,7324,7904,8701,4221,4480,2175,1037,1138,
43525,8703,4195,4508,15231,7346,7885,17405,8363,9042,15229,7325,7904,8701,4221,4480,2176,1037,1139,
43530,8705,4196,4509,15232,7346,7886,17408,8366,9042,15231,7326,7905,8703,4221,4482,2176,1037,1139,
43535,8706,4197,4509,15233,7346,7887,17409,8366,9043,15233,7328,7905,8704,4221,4483,2176,1037,1139,
43540,8707,4197,4510,15236,7346,7890,17413,8368,9045,15235,7330,7905,8705,4222,4483,2176,1037,1139,
43545,8707,4197,4510,15238,7347,7891,17413,8368,9045,15236,7331,7905,8705,4222,4483,2177,1037,1140,
43550,8709,4198,4511,15239,7347,7892,17416,8370,9046,15238,7331,7907,8707,4224,4483,2177,1037,1140,
43555,8710,4199,4511,15240,7348,7892,17417,8370,9047,15240,7332,7908,8708,4225,4483,2177,1037,1140,
43560,8711,4199,4512,15243,7348,7895,17421,8372,9049,15242,7333,7909,8709,4225,4484,2177,1037,1140,
43565,8711,4199,4512,15245,7349,7896,17421,8372,9049,15243,7333,7910,8709,4225,4484,2178,1037,1141,
43570,8713,4200,4513,15246,7349,7897,17424,8375,9049,15245,7333,7912,8711,4226,4485,2178,1037,1141,
43575,8714,4201,4513,15247,7349,7898,17425,8376,9049,15247,7333,7914,8712,4227,4485,2178,1037,1141,
43580,8715,4202,4513,15250,7349,7901,17429,8379,9050,15249,7334,7915,8713,4227,4486,2178,1037,1141,
43585,8715,4202,4513,15252,7350,7902,17429,8379,9050,15250,7334,7916,8713,4227,4486,2179,1038,1141,
43590,8717,4202,4515,15253,7350,7903,17432,8381,9051,15252,7335,7917,8715,4228,4487,2179,1038,1141,
43595,8718,4202,4516,15254,7351,7903,17433,8381,9052,15254,7337,7917,8716,4228,4488,2179,1038,1141,
43600,8719,4202,4517,15257,7353,7904,17437,8384,9053,15256,7338,7918,8717,4229,4488,2179,1038,1141,
43605,8719,4202,4517,15259,7355,7904,17437,8384,9053,15257,7338,7919,8717,4229,4488,2180,1038,1142,
43610,8721,4203,4518,15260,7355,7905,17440,8385,9055,15259,7340,7919,8719,4231,4488,2180,1038,1142,
43615,8722,4204,4518,15261,7356,7905,17441,8386,9055,15261,7341,7920,8720,4231,4489,2180,1038,1142,
43620,8723,4205,4518,15264,7359,7905,17445,8389,9056,15263,7341,7922,8721,4232,4489,2180,1038,1142,
43625,8723,4205,4518,15266,7360,7906,17445,8389,9056,15264,7341,7923,8721,4232,4489,2181,1038,1143,
43630,8725,4207,4518,15267,7360,7907,17448,8391,9057,15266,7342,7924,8723,4234,4489,2181,1038,1143,
43635,8726,4207,4519,15268,7361,7907,17449,8392,9057,15268,7343,7925,8724,4235,4489,2181,1038,1143,
43640,8727,4208,4519,15271,7364,7907,17453,8393,9060,15270,7344,7926,8725,4235,4490,2181,1038,1143,
43645,8727,4208,4519,15273,7366,7907,17453,8393,9060,15271,7345,7926,8725,4235,4490,2182,1039,1143,
43650,8729,4208,4521,15274,7366,7908,17456,8394,9062,15273,7347,7926,8727,4235,4492,2182,1039,1143,
43655,8730,4209,4521,15275,7367,7908,17457,8395,9062,15275,7348,7927,8728,4235,4493,2182,1039,1143,
43660,8731,4209,4522,15278,7368,7910,17461,8397,9064,15277,7348,7929,8729,4235,4494,2182,1039,1143,
43665,8731,4209,4522,15280,7368,7912,17461,8397,9064,15278,7349,7929,8729,4235,4494,2183,1039,1144,
43670,8733,4210,4523,15281,7369,7912,17464,8398,9066,15280,7349,7931,8731,4236,4495,2183,1039,1144,
43675,8734,4210,4524,15282,7370,7912,17465,8399,9066,15282,7351,7931,8732,4236,4496,2183,1039,1144,
43680,8735,4211,4524,15285,7372,7913,17469,8401,9068,15284,7351,7933,8733,4236,4497,2183,1039,1144,
43685,8735,4211,4524,15287,7373,7914,17469,8401,9068,15285,7352,7933,8733,4236,4497,2184,1039,1145,
43690,8737,4211,4526,15288,7373,7915,17472,8401,9071,15287,7352,7935,8735,4236,4499,2184,1039,1145,
43695,8738,4211,4527,15289,7374,7915,17473,8401,9072,15289,7354,7935,8736,4236,4500,2184,1039,1145,
43700,8739,4212,4527,15292,7375,7917,17477,8402,9075,15291,7354,7937,8737,4236,4501,2184,1039,1145,
43705,8739,4212,4527,15294,7376,7918,17477,8402,9075,15292,7355,7937,8737,4236,4501,2185,1039,1146,
43710,8741,4214,4527,15295,7376,7919,17480,8405,9075,15294,7356,7938,8739,4237,4502,2185,1039,1146,
43715,8742,4214,4528,15296,7377,7919,17481,8406,9075,15296,7358,7938,8740,4238,4502,2185,1039,1146,
43720,8743,4215,4528,15299,7378,7921,17485,8406,9079,15298,7360,7938,8741,4238,4503,2185,1039,1146,
43725,8743,4215,4528,15301,7378,7923,17485,8406,9079,15299,7361,7938,8741,4238,4503,2186,1040,1146,
43730,8745,4216,4529,15302,7378,7924,17488,8407,9081,15301,7361,7940,8743,4240,4503,2186,1040,1146,
43735,8746,4216,4530,15303,7378,7925,17489,8407,9082,15303,7363,7940,8744,4241,4503,2186,1040,1146,
43740,8747,4216,4531,15306,7378,7928,17493,8409,9084,15305,7364,7941,8745,4242,4503,2186,1040,1146,
43745,8747,4216,4531,15308,7380,7928,17493,8409,9084,15306,7364,7942,8745,4242,4503,2187,1040,1147,
43750,8749,4218,4531,15309,7381,7928,17496,8410,9086,15308,7364,7944,8747,4243,4504,2187,1040,1147,
43755,8750,4219,4531,15310,7381,7929,17497,8410,9087,15310,7365,7945,8748,4244,4504,2187,1040,1147,
43760,8751,4219,4532,15313,7383,7930,17501,8412,9089,15312,7365,7947,8749,4245,4504,2187,1040,1147,
43765,8751,4219,4532,15315,7383,7932,17501,8412,9089,15313,7366,7947,8749,4245,4504,2188,1040,1148,
43770,8753,4220,4533,15316,7383,7933,17504,8413,9091,15315,7367,7948,8751,4245,4506,2188,1040,1148,
43775,8754,4221,4533,15317,7383,7934,17505,8414,9091,15317,7368,7949,8752,4246,4506,2188,1040,1148,
43780,8755,4221,4534,15320,7383,7937,17509,8416,9093,15319,7369,7950,8753,4246,4507,2188,1040,1148,
43785,8755,4221,4534,15322,7384,7938,17509,8416,9093,15320,7370,7950,8753,4246,4507,2189,1041,1148,
43790,8757,4222,4535,15323,7384,7939,17512,8416,9096,15322,7371,7951,8755,4247,4508,2189,1041,1148,
43795,8758,4222,4536,15324,7385,7939,17513,8416,9097,15324,7372,7952,8756,4248,4508,2189,1041,1148,
43800,8759,4223,4536,15327,7386,7941,17517,8416,9101,15326,7373,7953,8757,4248,4509,2189,1041,1148,
43805,8759,4223,4536,15329,7387,7942,17517,8416,9101,15327,7374,7953,8757,4248,4509,2190,1042,1148,
43810,8761,4224,4537,15330,7388,7942,17520,8417,9103,15329,7376,7953,8759,4249,4510,2190,1042,1148,
43815,8762,4225,4537,15331,7388,7943,17521,8417,9104,15331,7377,7954,8760,4249,4511,2190,1042,1148,
43820,8763,4226,4537,15334,7391,7943,17525,8420,9105,15333,7378,7955,8761,4250,4511,2190,1042,1148,
43825,8763,4226,4537,15336,7393,7943,17525,8420,9105,15334,7378,7956,8761,4250,4511,2191,1042,1149,
43830,8765,4227,4538,15337,7393,7944,17528,8422,9106,15336,7379,7957,8763,4252,4511,2191,1042,1149,
43835,8766,4227,4539,15338,7394,7944,17529,8422,9107,15338,7381,7957,8764,4252,4512,2191,1042,1149,
43840,8767,4228,4539,15341,7395,7946,17533,8425,9108,15340,7382,7958,8765,4253,4512,2191,1042,1149,
43845,8767,4228,4539,15343,7395,7948,17533,8425,9108,15341,7383,7958,8765,4253,4512,2192,1042,1150,
43850,8769,4228,4541,15344,7396,7948,17536,8425,9111,15343,7383,7960,8767,4253,4514,2192,1042,1150,
43855,8770,4228,4542,15345,7397,7948,17537,8426,9111,15345,7384,7961,8768,4253,4515,2192,1042,1150,
43860,8771,4228,4543,15348,7397,7951,17541,8429,9112,15347,7385,7962,8769,4254,4515,2192,1042,1150,
43865,8771,4228,4543,15350,7398,7952,17541,8429,9112,15348,7385,7963,8769,4254,4515,2193,1042,1151,
43870,8773,4229,4544,15351,7399,7952,17544,8432,9112,15350,7385,7965,8771,4255,4516,2193,1042,1151,
43875,8774,4230,4544,15352,7400,7952,17545,8432,9113,15352,7386,7966,8772,4255,4517,2193,1042,1151,
43880,8775,4230,4545,15355,7402,7953,17549,8435,9114,15354,7387,7967,8773,4256,4517,2193,1042,1151,
43885,8775,4230,4545,15357,7403,7954,17549,8435,9114,15355,7388,7967,8773,4256,4517,2194,1042,1152,
43890,8777,4231,4546,15358,7403,7955,17552,8436,9116,15357,7390,7967,8775,4257,4518,2194,1042,1152,
43895,8778,4232,4546,15359,7404,7955,17553,8437,9116,15359,7392,7967,8776,4257,4519,2194,1042,1152,
43900,8779,4233,4546,15362,7405,7957,17557,8439,9118,15361,7392,7969,8777,4257,4520,2194,1042,1152,
43905,8779,4233,4546,15364,7407,7957,17557,8439,9118,15362,7392,7970,8777,4257,4520,2195,1042,1153,
43910,8781,4234,4547,15365,7407,7958,17560,8442,9118,15364,7392,7972,8779,4258,4521,2195,1042,1153,
43915,8782,4234,4548,15366,7407,7959,17561,8443,9118,15366,7393,7973,8780,4258,4522,2195,1042,1153,
43920,8783,4234,4549,15369,7409,7960,17565,8445,9120,15368,7393,7975,8781,4259,4522,2195,1042,1153,
43925,8783,4234,4549,15371,7411,7960,17565,8445,9120,15369,7393,7976,8781,4259,4522,2196,1042,1154,
43930,8785,4235,4550,15372,7411,7961,17568,8447,9121,15371,7394,7977,8783,4261,4522,2196,1042,1154,
43935,8786,4235,4551,15373,7412,7961,17569,8447,9122,15373,7394,7979,8784,4262,4522,2196,1042,1154,
43940,8787,4236,4551,15376,7412,7964,17573,8447,9126,15375,7395,7980,8785,4263,4522,2196,1042,1154,
43945,8787,4236,4551,15378,7413,7965,17573,8447,9126,15376,7395,7981,8785,4263,4522,2197,1043,1154,
43950,8789,4236,4553,15379,7413,7966,17576,8448,9128,15378,7396,7982,8787,4263,4524,2197,1043,1154,
43955,8790,4236,4554,15380,7414,7966,17577,8448,9129,15380,7397,7983,8788,4264,4524,2197,1043,1154,
43960,8791,4237,4554,15383,7417,7966,17581,8449,9132,15382,7398,7984,8789,4264,4525,2197,1043,1154,
43965,8791,4237,4554,15385,7418,7967,17581,8449,9132,15383,7399,7984,8789,4264,4525,2198,1044,1154,
43970,8793,4238,4555,15386,7418,7968,17584,8450,9134,15385,7399,7986,8791,4266,4525,2198,1044,1154,
43975,8794,4238,4556,15387,7419,7968,17585,8450,9135,15387,7399,7988,8792,4267,4525,2198,1044,1154,
43980,8795,4238,4557,15390,7420,7970,17589,8450,9139,15389,7400,7989,8793,4268,4525,2198,1044,1154,
43985,8795,4238,4557,15392,7421,7971,17589,8450,9139,15390,7401,7989,8793,4268,4525,2199,1044,1155,
43990,8797,4238,4559,15393,7422,7971,17592,8451,9141,15392,7402,7990,8795,4270,4525,2199,1044,1155,
43995,8798,4239,4559,15394,7423,7971,17593,8452,9141,15394,7404,7990,8796,4270,4526,2199,1044,1155,
44000,8799,4240,4559,15397,7426,7971,17597,8456,9141,15396,7405,7991,8797,4270,4527,2199,1044,1155,
44005,8799,4240,4559,15399,7427,7972,17597,8456,9141,15397,7405,7992,8797,4270,4527,2200,1044,1156,
44010,8801,4241,4560,15400,7427,7973,17600,8458,9142,15399,7405,7994,8799,4270,4529,2200,1044,1156,
44015,8802,4241,4561,15401,7427,7974,17601,8458,9143,15401,7406,7995,8800,4270,4530,2200,1044,1156,
44020,8803,4241,4562,15404,7428,7976,17605,8459,9146,15403,7407,7996,8801,4271,4530,2200,1044,1156,
44025,8803,4241,4562,15406,7428,7978,17605,8459,9146,15404,7408,7996,8801,4271,4530,2201,1045,1156,
44030,8805,4243,4562,15407,7428,7979,17608,8460,9148,15406,7410,7996,8803,4273,4530,2201,1045,1156,
44035,8806,4243,4563,15408,7428,7980,17609,8460,9149,15408,7410,7998,8804,4274,4530,2201,1045,1156,
44040,8807,4244,4563,15411,7430,7981,17613,8461,9152,15410,7411,7999,8805,4274,4531,2201,1045,1156,
44045,8807,4244,4563,15413,7431,7982,17613,8461,9152,15411,7412,7999,8805,4274,4531,2202,1046,1156,
44050,8809,4246,4563,15414,7432,7982,17616,8462,9154,15413,7413,8000,8807,4276,4531,2202,1046,1156,
44055,8810,4246,4564,15415,7433,7982,17617,8462,9155,15415,7414,8001,8808,4276,4532,2202,1046,1156,
44060,8811,4247,4564,15418,7434,7984,17621,8465,9156,15417,7415,8002,8809,4276,4533,2202,1046,1156,
44065,8811,4247,4564,15420,7435,7985,17621,8465,9156,15418,7415,8003,8809,4276,4533,2203,1046,1157,
44070,8813,4247,4566,15421,7435,7986,17624,8466,9158,15420,7416,8004,8811,4277,4534,2203,1046,1157,
44075,8814,4247,4567,15422,7435,7987,17625,8467,9158,15422,7416,8006,8812,4277,4535,2203,1046,1157,
44080,8815,4247,4568,15425,7436,7989,17629,8470,9159,15424,7417,8007,8813,4278,4535,2203,1046,1157,
44085,8815,4247,4568,15427,7437,7990,17629,8470,9159,15425,7417,8008,8813,4278,4535,2204,1047,1157,
44090,8817,4248,4569,15428,7438,7990,17632,8471,9161,15427,7418,8009,8815,4279,4536,2204,1047,1157,
44095,8818,4248,4570,15429,7439,7990,17633,8471,9162,15429,7419,8010,8816,4279,4537,2204,1047,1157,
44100,8819,4248,4571,15432,7441,7991,17637,8472,9165,15431,7420,8011,8817,4279,4538,2204,1047,1157,
44105,8819,4248,4571,15434,7442,7992,17637,8472,9165,15432,7421,8011,8817,4279,4538,2205,1047,1158,
44110,8821,4250,4571,15435,7442,7993,17640,8472,9168,15434,7423,8011,8819,4280,4539,2205,1047,1158,
44115,8822,4250,4572,15436,7443,7993,17641,8472,9169,15436,7424,8012,8820,4280,4540,2205,1047,1158,
44120,8823,4250,4573,15439,7444,7995,17645,8473,9172,15438,7424,8014,8821,4280,4541,2205,1047,1158,
44125,8823,4250,4573,15441,7445,7996,17645,8473,9172,15439,7425,8014,8821,4280,4541,2206,1047,1159,
44130,8825,4251,4574,15442,7446,7996,17648,8473,9175,15441,7427,8014,8823,4281,4542,2206,1047,1159,
44135,8826,4252,4574,15443,7447,7996,17649,8473,9176,15443,7427,8016,8824,4281,4543,2206,1047,1159,
44140,8827,4253,4574,15446,7449,7997,17653,8474,9179,15445,7429,8016,8825,4281,4544,2206,1047,1159,
44145,8827,4253,4574,15448,7450,7998,17653,8474,9179,15446,7430,8016,8825,4281,4544,2207,1048,1159,
44150,8829,4253,4576,15449,7450,7999,17656,8476,9180,15448,7431,8017,8827,4282,4545,2207,1048,1159,
44155,8830,4254,4576,15450,7450,8000,17657,8476,9181,15450,7431,8019,8828,4282,4546,2207,1048,1159,
44160,8831,4255,4576,15453,7451,8002,17661,8478,9183,15452,7433,8019,8829,4282,4547,2207,1048,1159,
44165,8831,4255,4576,15455,7453,8002,17661,8478,9183,15453,7434,8019,8829,4282,4547,2208,1049,1159,
44170,8833,4257,4576,15456,7454,8002,17664,8479,9185,15455,7435,8020,8831,4283,4548,2208,1049,1159,
44175,8834,4258,4576,15457,7455,8002,17665,8479,9186,15457,7436,8021,8832,4284,4548,2208,1049,1159,
44180,8835,4259,4576,15460,7456,8004,17669,8481,9188,15459,7437,8022,8833,4284,4549,2208,1049,1159,
44185,8835,4259,4576,15462,7457,8005,17669,8481,9188,15460,7437,8023,8833,4284,4549,2209,1050,1159,
44190,8837,4260,4577,15463,7458,8005,17672,8484,9188,15462,7439,8023,8835,4284,4551,2209,1050,1159,
44195,8838,4261,4577,15464,7459,8005,17673,8484,9189,15464,7440,8024,8836,4284,4552,2209,1050,1159,
44200,8839,4262,4577,15467,7460,8007,17677,8486,9191,15466,7441,8025,8837,4284,4553,2209,1050,1159,
44205,8839,4262,4577,15469,7461,8008,17677,8486,9191,15467,7441,8026,8837,4284,4553,2210,1050,1160,
44210,8841,4264,4577,15470,7461,8009,17680,8489,9191,15469,7441,8028,8839,4285,4554,2210,1050,1160,
44215,8842,4265,4577,15471,7462,8009,17681,8490,9191,15471,7442,8029,8840,4285,4555,2210,1050,1160,
44220,8843,4265,4578,15474,7462,8012,17685,8493,9192,15473,7444,8029,8841,4285,4556,2210,1050,1160,
44225,8843,4265,4578,15476,7463,8013,17685,8493,9192,15474,7445,8029,8841,4285,4556,2211,1050,1161,
44230,8845,4265,4580,15477,7463,8014,17688,8493,9195,15476,7447,8029,8843,4285,4558,2211,1050,1161,
44235,8846,4265,4581,15478,7464,8014,17689,8493,9196,15478,7448,8030,8844,4286,4558,2211,1050,1161,
44240,8847,4265,4582,15481,7466,8015,17693,8494,9199,15480,7449,8031,8845,4287,4558,2211,1050,1161,
44245,8847,4265,4582,15483,7467,8016,17693,8494,9199,15481,7449,8032,8845,4287,4558,2212,1050,1162,
44250,8849,4265,4584,15484,7468,8016,17696,8496,9200,15483,7451,8032,8847,4288,4559,2212,1050,1162,
44255,8850,4265,4585,15485,7468,8017,17697,8496,9201,15485,7452,8033,8848,4288,4560,2212,1050,1162,
44260,8851,4266,4585,15488,7468,8020,17701,8500,9201,15487,7452,8035,8849,4288,4561,2212,1050,1162,
44265,8851,4266,4585,15490,7468,8022,17701,8500,9201,15488,7452,8036,8849,4288,4561,2213,1050,1163,
44270,8853,4266,4587,15491,7468,8023,17704,8502,9202,15490,7452,8038,8851,4289,4562,2213,1050,1163,
44275,8854,4266,4588,15492,7469,8023,17705,8503,9202,15492,7453,8039,8852,4290,4562,2213,1050,1163,
44280,8855,4267,4588,15495,7470,8025,17709,8505,9204,15494,7454,8040,8853,4291,4562,2213,1050,1163,
44285,8855,4267,4588,15497,7470,8027,17709,8505,9204,15495,7455,8040,8853,4291,4562,2214,1051,1163,
44290,8857,4268,4589,15498,7471,8027,17712,8506,9206,15497,7455,8042,8855,4292,4563,2214,1051,1163,
44295,8858,4269,4589,15499,7471,8028,17713,8507,9206,15499,7456,8043,8856,4293,4563,2214,1051,1163,
44300,8859,4269,4590,15502,7472,8030,17717,8508,9209,15501,7458,8043,8857,4294,4563,2214,1051,1163,
44305,8859,4269,4590,15504,7474,8030,17717,8508,9209,15502,7459,8043,8857,4294,4563,2215,1051,1164,
44310,8861,4269,4592,15505,7474,8031,17720,8510,9210,15504,7459,8045,8859,4295,4564,2215,1051,1164,
44315,8862,4270,4592,15506,7474,8032,17721,8511,9210,15506,7461,8045,8860,4296,4564,2215,1051,1164,
44320,8863,4270,4593,15509,7476,8033,17725,8511,9214,15508,7462,8046,8861,4296,4565,2215,1051,1164,
44325,8863,4270,4593,15511,7477,8034,17725,8511,9214,15509,7462,8047,8861,4296,4565,2216,1052,1164,
44330,8865,4272,4593,15512,7478,8034,17728,8512,9216,15511,7462,8049,8863,4297,4566,2216,1052,1164,
44335,8866,4273,4593,15513,7478,8035,17729,8513,9216,15513,7464,8049,8864,4297,4567,2216,1052,1164,
44340,8867,4273,4594,15516,7480,8036,17733,8516,9217,15515,7466,8049,8865,4297,4568,2216,1052,1164,
44345,8867,4273,4594,15518,7482,8036,17733,8516,9217,15516,7467,8049,8865,4297,4568,2217,1053,1164,
44350,8869,4274,4595,15519,7482,8037,17736,8517,9219,15518,7468,8050,8867,4298,4569,2217,1053,1164,
44355,8870,4275,4595,15520,7483,8037,17737,8518,9219,15520,7470,8050,8868,4298,4570,2217,1053,1164,
44360,8871,4276,4595,15523,7484,8039,17741,8518,9223,15522,7471,8051,8869,4298,4571,2217,1053,1164,
44365,8871,4276,4595,15525,7486,8039,17741,8518,9223,15523,7471,8052,8869,4298,4571,2218,1054,1164,
44370,8873,4278,4595,15526,7486,8040,17744,8520,9224,15525,7472,8053,8871,4299,4572,2218,1054,1164,
44375,8874,4278,4596,15527,7487,8040,17745,8521,9224,15527,7472,8055,8872,4300,4572,2218,1054,1164,
44380,8875,4278,4597,15530,7489,8041,17749,8522,9227,15529,7473,8056,8873,4301,4572,2218,1054,1164,
44385,8875,4278,4597,15532,7489,8043,17749,8522,9227,15530,7474,8056,8873,4301,4572,2219,1055,1164,
44390,8877,4278,4599,15533,7489,8044,17752,8523,9229,15532,7475,8057,8875,4301,4574,2219,1055,1164,
44395,8878,4278,4600,15534,7490,8044,17753,8524,9229,15534,7475,8059,8876,4301,4575,2219,1055,1164,
44400,8879,4278,4601,15537,7492,8045,17757,8526,9231,15536,7477,8059,8877,4301,4576,2219,1055,1164,
44405,8879,4278,4601,15539,7493,8046,17757,8526,9231,15537,7478,8059,8877,4301,4576,2220,1055,1165,
44410,8881,4278,4603,15540,7494,8046,17760,8527,9233,15539,7480,8059,8879,4302,4577,2220,1055,1165,
44415,8882,4279,4603,15541,7494,8047,17761,8527,9234,15541,7481,8060,8880,4302,4578,2220,1055,1165,
44420,8883,4280,4603,15544,7496,8048,17765,8528,9237,15543,7483,8060,8881,4302,4579,2220,1055,1165,
44425,8883,4280,4603,15546,7497,8049,17765,8528,9237,15544,7484,8060,8881,4302,4579,2221,1055,1166,
44430,8885,4281,4604,15547,7497,8050,17768,8529,9239,15546,7485,8061,8883,4303,4580,2221,1055,1166,
44435,8886,4281,4605,15548,7497,8051,17769,8529,9240,15548,7486,8062,8884,4304,4580,2221,1055,1166,
44440,8887,4282,4605,15551,7498,8053,17773,8531,9242,15550,7486,8064,8885,4305,4580,2221,1055,1166,
44445,8887,4282,4605,15553,7499,8054,17773,8531,9242,15551,7486,8065,8885,4305,4580,2222,1056,1166,
44450,8889,4284,4605,15554,7499,8055,17776,8532,9244,15553,7486,8067,8887,4305,4582,2222,1056,1166,
44455,8890,4285,4605,15555,7500,8055,17777,8532,9245,15555,7486,8069,8888,4306,4582,2222,1056,1166,
44460,8891,4285,4606,15558,7502,8056,17781,8535,9246,15557,7486,8071,8889,4306,4583,2222,1056,1166,
44465,8891,4285,4606,15560,7504,8056,17781,8535,9246,15558,7486,8072,8889,4306,4583,2223,1056,1167,
44470,8893,4287,4606,15561,7504,8057,17784,8537,9247,15560,7487,8073,8891,4307,4584,2223,1056,1167,
44475,8894,4288,4606,15562,7504,8058,17785,8537,9248,15562,7488,8074,8892,4307,4585,2223,1056,1167,
44480,8895,4289,4606,15565,7505,8060,17789,8538,9251,15564,7490,8074,8893,4307,4586,2223,1056,1167,
44485,8895,4289,4606,15567,7506,8061,17789,8538,9251,15565,7491,8074,8893,4307,4586,2224,1056,1168,
44490,8897,4289,4608,15568,7507,8061,17792,8539,9253,15567,7491,8076,8895,4309,4586,2224,1056,1168,
44495,8898,4289,4609,15569,7507,8062,17793,8539,9254,15569,7492,8077,8896,4310,4586,2224,1056,1168,
44500,8899,4290,4609,15572,7508,8064,17797,8541,9256,15571,7493,8078,8897,4310,4587,2224,1056,1168,
44505,8899,4290,4609,15574,7508,8066,17797,8541,9256,15572,7493,8079,8897,4310,4587,2225,1057,1168,
44510,8901,4291,4610,15575,7508,8067,17800,8542,9258,15574,7493,8081,8899,4310,4589,2225,1057,1168,
44515,8902,4291,4611,15576,7508,8068,17801,8542,9259,15576,7493,8083,8900,4311,4589,2225,1057,1168,
44520,8903,4291,4612,15579,7509,8070,17805,8546,9259,15578,7495,8083,8901,4312,4589,2225,1057,1168,
44525,8903,4291,4612,15581,7510,8071,17805,8546,9259,15579,7495,8084,8901,4312,4589,2226,1058,1168,
44530,8905,4291,4614,15582,7511,8071,17808,8547,9261,15581,7496,8085,8903,4313,4590,2226,1058,1168,
44535,8906,4292,4614,15583,7511,8072,17809,8547,9262,15583,7496,8087,8904,4313,4591,2226,1058,1168,
44540,8907,4292,4615,15586,7513,8073,17813,8547,9266,15585,7498,8087,8905,4313,4592,2226,1058,1168,
44545,8907,4292,4615,15588,7514,8074,17813,8547,9266,15586,7498,8088,8905,4313,4592,2227,1059,1168,
44550,8909,4292,4617,15589,7515,8074,17816,8547,9269,15588,7498,8090,8907,4313,4594,2227,1059,1168,
44555,8910,4292,4618,15590,7516,8074,17817,8547,9270,15590,7499,8091,8908,4314,4594,2227,1059,1168,
44560,8911,4292,4619,15593,7518,8075,17821,8549,9272,15592,7500,8092,8909,4314,4595,2227,1059,1168,
44565,8911,4292,4619,15595,7519,8076,17821,8549,9272,15593,7501,8092,8909,4314,4595,2228,1060,1168,
44570,8913,4293,4620,15596,7519,8077,17824,8550,9274,15595,7502,8093,8911,4314,4597,2228,1060,1168,
44575,8914,4293,4621,15597,7519,8078,17825,8551,9274,15597,7503,8094,8912,4314,4598,2228,1060,1168,
44580,8915,4294,4621,15600,7520,8080,17829,8552,9277,15599,7503,8096,8913,4314,4599,2228,1060,1168,
44585,8915,4294,4621,15602,7520,8082,17829,8552,9277,15600,7504,8096,8913,4314,4599,2229,1061,1168,
44590,8917,4296,4621,15603,7520,8083,17832,8553,9279,15602,7504,8098,8915,4315,4600,2229,1061,1168,
44595,8918,4296,4622,15604,7521,8083,17833,8554,9279,15604,7504,8100,8916,4315,4601,2229,1061,1168,
44600,8919,4297,4622,15607,7521,8086,17837,8557,9280,15606,7505,8101,8917,4315,4602,2229,1061,1168,
44605,8919,4297,4622,15609,7522,8087,17837,8557,9280,15607,7506,8101,8917,4315,4602,2230,1061,1169,
44610,8921,4298,4623,15610,7522,8088,17840,8557,9283,15609,7507,8102,8919,4316,4603,2230,1061,1169,
44615,8922,4298,4624,15611,7523,8088,17841,8558,9283,15611,7507,8104,8920,4317,4603,2230,1061,1169,
44620,8923,4299,4624,15614,7525,8089,17845,8561,9284,15613,7509,8104,8921,4318,4603,2230,1061,1169,
44625,8923,4299,4624,15616,7527,8089,17845,8561,9284,15614,7509,8105,8921,4318,4603,2231,1062,1169,
44630,8925,4300,4625,15617,7528,8089,17848,8563,9285,15616,7510,8106,8923,4319,4604,2231,1062,1169,
44635,8926,4300,4626,15618,7529,8089,17849,8563,9286,15618,7512,8106,8924,4320,4604,2231,1062,1169,
44640,8927,4300,4627,15621,7530,8091,17853,8565,9288,15620,7512,8108,8925,4321,4604,2231,1062,1169,
44645,8927,4300,4627,15623,7530,8093,17853,8565,9288,15621,7512,8109,8925,4321,4604,2232,1062,1170,
44650,8929,4301,4628,15624,7530,8094,17856,8567,9289,15623,7512,8111,8927,4322,4605,2232,1062,1170,
44655,8930,4301,4629,15625,7531,8094,17857,8567,9290,15625,7513,8112,8928,4323,4605,2232,1062,1170,
44660,8931,4301,4630,15628,7533,8095,17861,8569,9292,15627,7513,8114,8929,4324,4605,2232,1062,1170,
44665,8931,4301,4630,15630,7534,8096,17861,8569,9292,15628,7513,8115,8929,4324,4605,2233,1063,1170,
44670,8933,4302,4631,15631,7534,8097,17864,8571,9293,15630,7514,8116,8931,4325,4606,2233,1063,1170,
44675,8934,4303,4631,15632,7534,8098,17865,8572,9293,15632,7516,8116,8932,4326,4606,2233,1063,1170,
44680,8935,4304,4631,15635,7536,8099,17869,8574,9295,15634,7517,8117,8933,4327,4606,2233,1063,1170,
44685,8935,4304,4631,15637,7537,8100,17869,8574,9295,15635,7518,8117,8933,4327,4606,2234,1064,1170,
44690,8937,4305,4632,15638,7538,8100,17872,8575,9297,15637,7518,8119,8935,4327,4608,2234,1064,1170,
44695,8938,4305,4633,15639,7538,8101,17873,8576,9297,15639,7519,8120,8936,4327,4609,2234,1064,1170,
44700,8939,4305,4634,15642,7538,8104,17877,8579,9298,15641,7521,8120,8937,4328,4609,2234,1064,1170,
44705,8939,4305,4634,15644,7539,8105,17877,8579,9298,15642,7521,8121,8937,4328,4609,2235,1064,1171,
44710,8941,4305,4636,15645,7539,8106,17880,8580,9300,15644,7522,8122,8939,4329,4610,2235,1064,1171,
44715,8942,4305,4637,15646,7540,8106,17881,8580,9301,15646,7522,8124,8940,4329,4611,2235,1064,1171,
44720,8943,4305,4638,15649,7541,8108,17885,8583,9302,15648,7524,8124,8941,4329,4612,2235,1064,1171,
44725,8943,4305,4638,15651,7541,8110,17885,8583,9302,15649,7524,8125,8941,4329,4612,2236,1064,1172,
44730,8945,4305,4640,15652,7542,8110,17888,8585,9303,15651,7525,8126,8943,4330,4613,2236,1064,1172,
44735,8946,4305,4641,15653,7543,8110,17889,8585,9304,15653,7526,8127,8944,4330,4614,2236,1064,1172,
44740,8947,4306,4641,15656,7545,8111,17893,8587,9306,15655,7526,8129,8945,4331,4614,2236,1064,1172,
44745,8947,4306,4641,15658,7547,8111,17893,8587,9306,15656,7526,8130,8945,4331,4614,2237,1065,1172,
44750,8949,4307,4642,15659,7548,8111,17896,8589,9307,15658,7526,8132,8947,4333,4614,2237,1065,1172,
44755,8950,4308,4642,15660,7549,8111,17897,8589,9308,15660,7527,8133,8948,4333,4615,2237,1065,1172,
44760,8951,4308,4643,15663,7550,8113,17901,8592,9309,15662,7527,8135,8949,4334,4615,2237,1065,1172,
44765,8951,4308,4643,15665,7552,8113,17901,8592,9309,15663,7528,8135,8949,4334,4615,2238,1065,1173,
44770,8953,4310,4643,15666,7552,8114,17904,8592,9312,15665,7529,8136,8951,4335,4616,2238,1065,1173,
44775,8954,4310,4644,15667,7553,8114,17905,8592,9313,15667,7529,8138,8952,4335,4617,2238,1065,1173,
44780,8955,4310,4645,15670,7553,8117,17909,8595,9314,15669,7530,8139,8953,4335,4618,2238,1065,1173,
44785,8955,4310,4645,15672,7554,8118,17909,8595,9314,15670,7531,8139,8953,4335,4618,2239,1066,1173,
44790,8957,4312,4645,15673,7554,8119,17912,8596,9316,15672,7532,8140,8955,4336,4619,2239,1066,1173,
44795,8958,4313,4645,15674,7554,8120,17913,8597,9316,15674,7533,8141,8956,4336,4620,2239,1066,1173,
44800,8959,4314,4645,15677,7554,8123,17917,8598,9319,15676,7533,8143,8957,4336,4621,2239,1066,1173,
44805,8959,4314,4645,15679,7555,8124,17917,8598,9319,15677,7533,8144,8957,4336,4621,2240,1066,1174,
44810,8961,4315,4646,15680,7555,8125,17920,8600,9320,15679,7534,8145,8959,4337,4622,2240,1066,1174,
44815,8962,4315,4647,15681,7555,8126,17921,8601,9320,15681,7536,8145,8960,4338,4622,2240,1066,1174,
44820,8963,4315,4648,15684,7558,8126,17925,8603,9322,15683,7536,8147,8961,4339,4622,2240,1066,1174,
44825,8963,4315,4648,15686,7558,8128,17925,8603,9322,15684,7536,8148,8961,4339,4622,2241,1066,1175,
44830,8965,4316,4649,15687,7559,8128,17928,8605,9323,15686,7536,8150,8963,4339,4624,2241,1066,1175,
44835,8966,4316,4650,15688,7559,8129,17929,8606,9323,15688,7537,8151,8964,4339,4625,2241,1066,1175,
44840,8967,4316,4651,15691,7560,8131,17933,8607,9326,15690,7539,8151,8965,4340,4625,2241,1066,1175,
44845,8967,4316,4651,15693,7561,8132,17933,8607,9326,15691,7539,8152,8965,4340,4625,2242,1067,1175,
44850,8969,4316,4653,15694,7561,8133,17936,8609,9327,15693,7541,8152,8967,4342,4625,2242,1067,1175,
44855,8970,4317,4653,15695,7562,8133,17937,8609,9328,15695,7543,8152,8968,4343,4625,2242,1067,1175,
44860,8971,4318,4653,15698,7563,8135,17941,8612,9329,15697,7544,8153,8969,4344,4625,2242,1067,1175,
44865,8971,4318,4653,15700,7563,8137,17941,8612,9329,15698,7545,8153,8969,4344,4625,2243,1068,1175,
44870,8973,4320,4653,15701,7563,8138,17944,8614,9330,15700,7545,8155,8971,4344,4627,2243,1068,1175,
44875,8974,4321,4653,15702,7563,8139,17945,8614,9331,15702,7546,8156,8972,4344,4628,2243,1068,1175,
44880,8975,4321,4654,15705,7563,8142,17949,8615,9334,15704,7547,8157,8973,4344,4629,2243,1068,1175,
44885,8975,4321,4654,15707,7564,8143,17949,8615,9334,15705,7547,8158,8973,4344,4629,2244,1068,1176,
44890,8977,4323,4654,15708,7565,8143,17952,8617,9335,15707,7548,8159,8975,4346,4629,2244,1068,1176,
44895,8978,4323,4655,15709,7566,8143,17953,8618,9335,15709,7549,8160,8976,4346,4630,2244,1068,1176,
44900,8979,4324,4655,15712,7566,8146,17957,8621,9336,15711,7549,8162,8977,4347,4630,2244,1068,1176,
44905,8979,4324,4655,15714,7567,8147,17957,8621,9336,15712,7549,8163,8977,4347,4630,2245,1068,1177,
44910,8981,4325,4656,15715,7567,8148,17960,8624,9336,15714,7549,8165,8979,4348,4631,2245,1068,1177,
44915,8982,4325,4657,15716,7568,8148,17961,8625,9336,15716,7549,8167,8980,4348,4632,2245,1068,1177,
44920,8983,4325,4658,15719,7568,8151,17965,8626,9339,15718,7549,8169,8981,4348,4633,2245,1068,1177,
44925,8983,4325,4658,15721,7569,8152,17965,8626,9339,15719,7549,8170,8981,4348,4633,2246,1069,1177,
44930,8985,4325,4660,15722,7570,8152,17968,8627,9341,15721,7551,8170,8983,4348,4635,2246,1069,1177,
44935,8986,4325,4661,15723,7570,8153,17969,8628,9341,15723,7552,8171,8984,4349,4635,2246,1069,1177,
44940,8987,4326,4661,15726,7571,8155,17973,8629,9344,15725,7554,8171,8985,4349,4636,2246,1069,1177,
44945,8987,4326,4661,15728,7573,8155,17973,8629,9344,15726,7555,8171,8985,4349,4636,2247,1070,1177,
44950,8989,4326,4663,15729,7573,8156,17976,8631,9345,15728,7555,8173,8987,4350,4637,2247,1070,1177,
44955,8990,4327,4663,15730,7573,8157,17977,8631,9346,15730,7556,8174,8988,4351,4637,2247,1070,1177,
44960,8991,4328,4663,15733,7574,8159,17981,8632,9349,15732,7557,8175,8989,4352,4637,2247,1070,1177,
44965,8991,4328,4663,15735,7576,8159,17981,8632,9349,15733,7557,8176,8989,4352,4637,2248,1071,1177,
44970,8993,4329,4664,15736,7577,8159,17984,8634,9350,15735,7558,8177,8991,4352,4639,2248,1071,1177,
44975,8994,4329,4665,15737,7578,8159,17985,8635,9350,15737,7559,8178,8992,4352,4640,2248,1071,1177,
44980,8995,4329,4666,15740,7579,8161,17989,8636,9353,15739,7561,8178,8993,4352,4641,2248,1071,1177,
44985,8995,4329,4666,15742,7581,8161,17989,8636,9353,15740,7561,8179,8993,4352,4641,2249,1072,1177,
44990,8997,4330,4667,15743,7581,8162,17992,8638,9354,15742,7562,8180,8995,4353,4642,2249,1072,1177,
44995,8998,4331,4667,15744,7581,8163,17993,8638,9355,15744,7563,8181,8996,4353,4643,2249,1072,1177,
45000,8999,4331,4668,15747,7583,8164,17997,8641,9356,15746,7564,8182,8997,4354,4643,2249,1072,1177,
45005,8999,4331,4668,15749,7583,8166,17997,8641,9356,15747,7565,8182,8997,4354,4643,2250,1072,1178,
45010,9001,4332,4669,15750,7583,8167,18000,8643,9357,15749,7566,8183,8999,4354,4645,2250,1072,1178,
45015,9002,4333,4669,15751,7583,8168,18001,8644,9357,15751,7567,8184,9000,4354,4646,2250,1072,1178,
45020,9003,4334,4669,15754,7585,8169,18005,8646,9359,15753,7568,8185,9001,4354,4647,2250,1072,1178,
45025,9003,4334,4669,15756,7585,8171,18005,8646,9359,15754,7568,8186,9001,4354,4647,2251,1072,1179,
45030,9005,4336,4669,15757,7585,8172,18008,8649,9359,15756,7569,8187,9003,4355,4648,2251,1072,1179,
45035,9006,4337,4669,15758,7586,8172,18009,8650,9359,15758,7569,8189,9004,4356,4648,2251,1072,1179,
45040,9007,4338,4669,15761,7586,8175,18013,8651,9362,15760,7570,8190,9005,4357,4648,2251,1072,1179,
45045,9007,4338,4669,15763,7587,8176,18013,8651,9362,15761,7570,8191,9005,4357,4648,2252,1073,1179,
45050,9009,4338,4671,15764,7588,8176,18016,8654,9362,15763,7571,8192,9007,4357,4650,2252,1073,1179,
45055,9010,4338,4672,15765,7588,8177,18017,8654,9363,15765,7573,8192,9008,4358,4650,2252,1073,1179,
45060,9011,4339,4672,15768,7589,8179,18021,8655,9366,15767,7574,8193,9009,4359,4650,2252,1073,1179,
45065,9011,4339,4672,15770,7590,8180,18021,8655,9366,15768,7574,8194,9009,4359,4650,2253,1073,1180,
45070,9013,4340,4673,15771,7590,8181,18024,8656,9368,15770,7574,8196,9011,4359,4652,2253,1073,1180,
45075,9014,4341,4673,15772,7590,8182,18025,8657,9368,15772,7576,8196,9012,4359,4653,2253,1073,1180,
45080,9015,4342,4673,15775,7593,8182,18029,8658,9371,15774,7578,8196,9013,4359,4654,2253,1073,1180,
45085,9015,4342,4673,15777,7593,8184,18029,8658,9371,15775,7578,8197,9013,4359,4654,2254,1074,1180,
45090,9017,4343,4674,15778,7594,8184,18032,8659,9373,15777,7578,8199,9015,4359,4656,2254,1074,1180,
45095,9018,4344,4674,15779,7594,8185,18033,8660,9373,15779,7580,8199,9016,4360,4656,2254,1074,1180,
45100,9019,4344,4675,15782,7595,8187,18037,8660,9377,15781,7581,8200,9017,4360,4657,2254,1074,1180,
45105,9019,4344,4675,15784,7596,8188,18037,8660,9377,15782,7582,8200,9017,4360,4657,2255,1075,1180,
45110,9021,4346,4675,15785,7597,8188,18040,8661,9379,15784,7584,8200,9019,4362,4657,2255,1075,1180,
45115,9022,4346,4676,15786,7597,8189,18041,8662,9379,15786,7586,8200,9020,4363,4657,2255,1075,1180,
45120,9023,4347,4676,15789,7598,8191,18045,8663,9382,15788,7588,8200,9021,4363,4658,2255,1075,1180,
45125,9023,4347,4676,15791,7600,8191,18045,8663,9382,15789,7588,8201,9021,4363,4658,2256,1075,1181,
45130,9025,4348,4677,15792,7600,8192,18048,8665,9383,15791,7589,8202,9023,4363,4660,2256,1075,1181,
45135,9026,4349,4677,15793,7600,8193,18049,8666,9383,15793,7590,8203,9024,4364,4660,2256,1075,1181,
45140,9027,4350,4677,15796,7601,8195,18053,8670,9383,15795,7590,8205,9025,4365,4660,2256,1075,1181,
45145,9027,4350,4677,15798,7602,8196,18053,8670,9383,15796,7590,8206,9025,4365,4660,2257,1076,1181,
45150,9029,4351,4678,15799,7603,8196,18056,8670,9386,15798,7590,8208,9027,4366,4661,2257,1076,1181,
45155,9030,4352,4678,15800,7604,8196,18057,8671,9386,15800,7591,8209,9028,4367,4661,2257,1076,1181,
45160,9031,4352,4679,15803,7607,8196,18061,8673,9388,15802,7592,8210,9029,4367,4662,2257,1076,1181,
45165,9031,4352,4679,15805,7609,8196,18061,8673,9388,15803,7593,8210,9029,4367,4662,2258,1077,1181,
45170,9033,4352,4681,15806,7610,8196,18064,8675,9389,15805,7595,8210,9031,4368,4663,2258,1077,1181,
45175,9034,4352,4682,15807,7611,8196,18065,8676,9389,15807,7597,8210,9032,4368,4664,2258,1077,1181,
45180,9035,4352,4683,15810,7613,8197,18069,8678,9391,15809,7597,8212,9033,4369,4664,2258,1077,1181,
45185,9035,4352,4683,15812,7613,8199,18069,8678,9391,15810,7597,8213,9033,4369,4664,2259,1078,1181,
45190,9037,4353,4684,15813,7613,8200,18072,8678,9394,15812,7598,8214,9035,4370,4665,2259,1078,1181,
45195,9038,4353,4685,15814,7613,8201,18073,8679,9394,15814,7599,8215,9036,4371,4665,2259,1078,1181,
45200,9039,4353,4686,15817,7613,8204,18077,8682,9395,15816,7600,8216,9037,4372,4665,2259,1078,1181,
45205,9039,4353,4686,15819,7615,8204,18077,8682,9395,15817,7601,8216,9037,4372,4665,2260,1079,1181,
45210,9041,4354,4687,15820,7616,8204,18080,8684,9396,15819,7601,8218,9039,4373,4666,2260,1079,1181,
45215,9042,4355,4687,15821,7617,8204,18081,8685,9396,15821,7602,8219,9040,4373,4667,2260,1079,1181,
45220,9043,4356,4687,15824,7618,8206,18085,8688,9397,15823,7602,8221,9041,4374,4667,2260,1079,1181,
45225,9043,4356,4687,15826,7619,8207,18085,8688,9397,15824,7602,8222,9041,4374,4667,2261,1079,1182,
45230,9045,4358,4687,15827,7619,8208,18088,8689,9399,15826,7602,8224,9043,4375,4668,2261,1079,1182,
45235,9046,4359,4687,15828,7620,8208,18089,8689,9400,15828,7603,8225,9044,4375,4669,2261,1079,1182,
45240,9047,4359,4688,15831,7623,8208,18093,8692,9401,15830,7604,8226,9045,4376,4669,2261,1079,1182,
45245,9047,4359,4688,15833,7624,8209,18093,8692,9401,15831,7605,8226,9045,4376,4669,2262,1079,1183,
45250,9049,4360,4689,15834,7624,8210,18096,8692,9404,15833,7606,8227,9047,4377,4670,2262,1079,1183,
45255,9050,4360,4690,15835,7624,8211,18097,8692,9405,15835,7606,8229,9048,4378,4670,2262,1079,1183,
45260,9051,4360,4691,15838,7627,8211,18101,8694,9407,15837,7607,8230,9049,4379,4670,2262,1079,1183,
45265,9051,4360,4691,15840,7628,8212,18101,8694,9407,15838,7607,8231,9049,4379,4670,2263,1080,1183,
45270,9053,4362,4691,15841,7628,8213,18104,8696,9408,15840,7607,8233,9051,4380,4671,2263,1080,1183,
45275,9054,4362,4692,15842,7629,8213,18105,8696,9409,15842,7608,8234,9052,4381,4671,2263,1080,1183,
45280,9055,4362,4693,15845,7629,8216,18109,8700,9409,15844,7610,8234,9053,4382,4671,2263,1080,1183,
45285,9055,4362,4693,15847,7630,8217,18109,8700,9409,15845,7610,8235,9053,4382,4671,2264,1081,1183,
45290,9057,4363,4694,15848,7631,8217,18112,8701,9411,15847,7611,8236,9055,4383,4672,2264,1081,1183,
45295,9058,4363,4695,15849,7631,8218,18113,8702,9411,15849,7611,8238,9056,4383,4673,2264,1081,1183,
45300,9059,4364,4695,15852,7632,8220,18117,8704,9413,15851,7611,8240,9057,4383,4674,2264,1081,1183,
45305,9059,4364,4695,15854,7633,8221,18117,8704,9413,15852,7611,8241,9057,4383,4674,2265,1082,1183,
45310,9061,4366,4695,15855,7633,8222,18120,8705,9415,15854,7611,8243,9059,4384,4675,2265,1082,1183,
45315,9062,4366,4696,15856,7634,8222,18121,8705,9416,15856,7612,8244,9060,4384,4676,2265,1082,1183,
45320,9063,4366,4697,15859,7636,8223,18125,8708,9417,15858,7613,8245,9061,4385,4676,2265,1082,1183,
45325,9063,4366,4697,15861,7636,8225,18125,8708,9417,15859,7614,8245,9061,4385,4676,2266,1082,1184,
45330,9065,4368,4697,15862,7637,8225,18128,8710,9418,15861,7615,8246,9063,4385,4678,2266,1082,1184,
45335,9066,4369,4697,15863,7637,8226,18129,8710,9419,15863,7615,8248,9064,4386,4678,2266,1082,1184,
45340,9067,4370,4697,15866,7640,8226,18133,8710,9423,15865,7616,8249,9065,4387,4678,2266,1082,1184,
45345,9067,4370,4697,15868,7640,8228,18133,8710,9423,15866,7616,8250,9065,4387,4678,2267,1082,1185,
45350,9069,4370,4699,15869,7641,8228,18136,8710,9426,15868,7616,8252,9067,4388,4679,2267,1082,1185,
45355,9070,4370,4700,15870,7641,8229,18137,8711,9426,15870,7618,8252,9068,4388,4680,2267,1082,1185,
45360,9071,4370,4701,15873,7642,8231,18141,8714,9427,15872,7618,8254,9069,4388,4681,2267,1082,1185,
45365,9071,4370,4701,15875,7643,8232,18141,8714,9427,15873,7618,8255,9069,4388,4681,2268,1082,1186,
45370,9073,4371,4702,15876,7644,8232,18144,8714,9430,15875,7619,8256,9071,4389,4682,2268,1082,1186,
45375,9074,4372,4702,15877,7644,8233,18145,8714,9431,15877,7620,8257,9072,4389,4683,2268,1082,1186,
45380,9075,4372,4703,15880,7646,8234,18149,8717,9432,15879,7620,8259,9073,4390,4683,2268,1082,1186,
45385,9075,4372,4703,15882,7648,8234,18149,8717,9432,15880,7620,8260,9073,4390,4683,2269,1082,1187,
45390,9077,4373,4704,15883,7649,8234,18152,8719,9433,15882,7620,8262,9075,4391,4684,2269,1082,1187,
45395,9078,4373,4705,15884,7650,8234,18153,8719,9434,15884,7620,8264,9076,4391,4685,2269,1082,1187,
45400,9079,4373,4706,15887,7650,8237,18157,8722,9435,15886,7621,8265,9077,4391,4686,2269,1082,1187,
45405,9079,4373,4706,15889,7651,8238,18157,8722,9435,15887,7622,8265,9077,4391,4686,2270,1082,1188,
45410,9081,4375,4706,15890,7652,8238,18160,8723,9437,15889,7622,8267,9079,4392,4687,2270,1082,1188,
45415,9082,4376,4706,15891,7653,8238,18161,8724,9437,15891,7623,8268,9080,4393,4687,2270,1082,1188,
45420,9083,4377,4706,15894,7654,8240,18165,8724,9441,15893,7625,8268,9081,4394,4687,2270,1082,1188,
45425,9083,4377,4706,15896,7654,8242,18165,8724,9441,15894,7626,8268,9081,4394,4687,2271,1083,1188,
45430,9085,4378,4707,15897,7655,8242,18168,8725,9443,15896,7627,8269,9083,4394,4689,2271,1083,1188,
45435,9086,4379,4707,15898,7655,8243,18169,8726,9443,15898,7628,8270,9084,4394,4690,2271,1083,1188,
45440,9087,4379,4708,15901,7657,8244,18173,8727,9446,15900,7629,8271,9085,4394,4691,2271,1083,1188,
45445,9087,4379,4708,15903,7658,8245,18173,8727,9446,15901,7630,8271,9085,4394,4691,2272,1084,1188,
45450,9089,4379,4710,15904,7658,8246,18176,8729,9447,15903,7630,8273,9087,4395,4692,2272,1084,1188,
45455,9090,4379,4711,15905,7659,8246,18177,8730,9447,15905,7630,8275,9088,4395,4693,2272,1084,1188,
45460,9091,4380,4711,15908,7661,8247,18181,8733,9448,15907,7630,8277,9089,4396,4693,2272,1084,1188,
45465,9091,4380,4711,15910,7663,8247,18181,8733,9448,15908,7630,8278,9089,4396,4693,2273,1085,1188,
45470,9093,4381,4712,15911,7663,8248,18184,8735,9449,15910,7631,8279,9091,4396,4695,2273,1085,1188,
45475,9094,4381,4713,15912,7664,8248,18185,8735,9450,15912,7631,8281,9092,4396,4696,2273,1085,1188,
45480,9095,4381,4714,15915,7666,8249,18189,8738,9451,15914,7633,8281,9093,4396,4697,2273,1085,1188,
45485,9095,4381,4714,15917,7666,8251,18189,8738,9451,15915,7633,8282,9093,4396,4697,2274,1085,1189,
45490,9097,4382,4715,15918,7667,8251,18192,8740,9452,15917,7634,8283,9095,4398,4697,2274,1085,1189,
45495,9098,4382,4716,15919,7667,8252,18193,8740,9453,15919,7636,8283,9096,4399,4697,2274,1085,1189,
45500,9099,4382,4717,15922,7667,8255,18197,8742,9455,15921,7636,8285,9097,4400,4697,2274,1085,1189,
45505,9099,4382,4717,15924,7668,8256,18197,8742,9455,15922,7636,8286,9097,4400,4697,2275,1086,1189,
45510,9101,4383,4718,15925,7668,8257,18200,8744,9456,15924,7637,8287,9099,4400,4699,2275,1086,1189,
45515,9102,4383,4719,15926,7669,8257,18201,8744,9457,15926,7639,8287,9100,4400,4700,2275,1086,1189,
45520,9103,4383,4720,15929,7671,8258,18205,8747,9458,15928,7641,8287,9101,4401,4700,2275,1086,1189,
45525,9103,4383,4720,15931,7672,8259,18205,8747,9458,15929,7642,8287,9101,4401,4700,2276,1086,1190,
45530,9105,4384,4721,15932,7673,8259,18208,8748,9460,15931,7644,8287,9103,4401,4702,2276,1086,1190,
45535,9106,4384,4722,15933,7674,8259,18209,8749,9460,15933,7645,8288,9104,4402,4702,2276,1086,1190,
45540,9107,4385,4722,15936,7676,8260,18213,8749,9464,15935,7647,8288,9105,4402,4703,2276,1086,1190,
45545,9107,4385,4722,15938,7677,8261,18213,8749,9464,15936,7647,8289,9105,4402,4703,2277,1086,1191,
45550,9109,4386,4723,15939,7678,8261,18216,8750,9466,15938,7649,8289,9107,4402,4705,2277,1086,1191,
45555,9110,4386,4724,15940,7678,8262,18217,8750,9467,15940,7651,8289,9108,4403,4705,2277,1086,1191,
45560,9111,4387,4724,15943,7680,8263,18221,8752,9469,15942,7652,8290,9109,4404,4705,2277,1086,1191,
45565,9111,4387,4724,15945,7681,8264,18221,8752,9469,15943,7652,8291,9109,4404,4705,2278,1086,1192,
45570,9113,4389,4724,15946,7681,8265,18224,8753,9471,15945,7654,8291,9111,4405,4706,2278,1086,1192,
45575,9114,4389,4725,15947,7681,8266,18225,8754,9471,15947,7655,8292,9112,4406,4706,2278,1086,1192,
45580,9115,4390,4725,15950,7682,8268,18229,8756,9473,15949,7655,8294,9113,4406,4707,2278,1086,1192,
45585,9115,4390,4725,15952,7682,8270,18229,8756,9473,15950,7655,8295,9113,4406,4707,2279,1086,1193,
45590,9117,4391,4726,15953,7683,8270,18232,8756,9476,15952,7657,8295,9115,4407,4708,2279,1086,1193,
45595,9118,4392,4726,15954,7683,8271,18233,8756,9477,15954,7657,8297,9116,4407,4709,2279,1086,1193,
45600,9119,4392,4727,15957,7684,8273,18237,8759,9478,15956,7658,8298,9117,4407,4710,2279,1086,1193,
45605,9119,4392,4727,15959,7685,8274,18237,8759,9478,15957,7658,8299,9117,4407,4710,2280,1086,1194,
45610,9121,4393,4728,15960,7685,8275,18240,8760,9480,15959,7659,8300,9119,4408,4711,2280,1086,1194,
45615,9122,4394,4728,15961,7685,8276,18241,8760,9481,15961,7660,8301,9120,4408,4712,2280,1086,1194,
45620,9123,4395,4728,15964,7686,8278,18245,8762,9483,15963,7660,8303,9121,4409,4712,2280,1086,1194,
45625,9123,4395,4728,15966,7688,8278,18245,8762,9483,15964,7660,8304,9121,4409,4712,2281,1086,1195,
45630,9125,4395,4730,15967,7689,8278,18248,8764,9484,15966,7661,8305,9123,4411,4712,2281,1086,1195,
45635,9126,4395,4731,15968,7689,8279,18249,8765,9484,15968,7662,8306,9124,4411,4713,2281,1086,1195,
45640,9127,4395,4732,15971,7690,8281,18253,8767,9486,15970,7662,8308,9125,4411,4714,2281,1086,1195,
45645,9127,4395,4732,15973,7691,8282,18253,8767,9486,15971,7663,8308,9125,4411,4714,2282,1087,1195,
45650,9129,4396,4733,15974,7691,8283,18256,8768,9488,15973,7664,8309,9127,4411,4716,2282,1087,1195,
45655,9130,4396,4734,15975,7692,8283,18257,8768,9489,15975,7665,8310,9128,4411,4717,2282,1087,1195,
45660,9131,4396,4735,15978,7693,8285,18261,8771,9490,15977,7665,8312,9129,4411,4718,2282,1087,1195,
45665,9131,4396,4735,15980,7694,8286,18261,8771,9490,15978,7666,8312,9129,4411,4718,2283,1088,1195,
45670,9133,4397,4736,15981,7695,8286,18264,8772,9492,15980,7667,8313,9131,4412,4719,2283,1088,1195,
45675,9134,4397,4737,15982,7695,8287,18265,8773,9492,15982,7669,8313,9132,4413,4719,2283,1088,1195,
45680,9135,4397,4738,15985,7697,8288,18269,8775,9494,15984,7670,8314,9133,4414,4719,2283,1088,1195,
45685,9135,4397,4738,15987,7697,8290,18269,8775,9494,15985,7671,8314,9133,4414,4719,2284,1089,1195,
45690,9137,4397,4740,15988,7697,8291,18272,8776,9496,15987,7671,8316,9135,4414,4721,2284,1089,1195,
45695,9138,4398,4740,15989,7698,8291,18273,8776,9497,15989,7672,8317,9136,4415,4721,2284,1089,1195,
45700,9139,4399,4740,15992,7699,8293,18277,8778,9499,15991,7673,8318,9137,4416,4721,2284,1089,1195,
45705,9139,4399,4740,15994,7701,8293,18277,8778,9499,15992,7673,8319,9137,4416,4721,2285,1090,1195,
45710,9141,4400,4741,15995,7702,8293,18280,8780,9500,15994,7673,8321,9139,4418,4721,2285,1090,1195,
45715,9142,4401,4741,15996,7703,8293,18281,8780,9501,15996,7673,8323,9140,4419,4721,2285,1090,1195,
45720,9143,4402,4741,15999,7705,8294,18285,8781,9504,15998,7675,8323,9141,4420,4721,2285,1090,1195,
45725,9143,4402,4741,16001,7707,8294,18285,8781,9504,15999,7676,8323,9141,4420,4721,2286,1090,1196,
45730,9145,4403,4742,16002,7708,8294,18288,8782,9506,16001,7677,8324,9143,4422,4721,2286,1090,1196,
45735,9146,4403,4743,16003,7708,8295,18289,8782,9507,16003,7679,8324,9144,4423,4721,2286,1090,1196,
45740,9147,4404,4743,16006,7710,8296,18293,8784,9509,16005,7679,8326,9145,4423,4722,2286,1090,1196,
45745,9147,4404,4743,16008,7712,8296,18293,8784,9509,16006,7680,8326,9145,4423,4722,2287,1091,1196,
45750,9149,4404,4745,16009,7713,8296,18296,8786,9510,16008,7680,8328,9147,4424,4723,2287,1091,1196,
45755,9150,4405,4745,16010,7713,8297,18297,8786,9511,16010,7682,8328,9148,4424,4724,2287,1091,1196,
45760,9151,4406,4745,16013,7714,8299,18301,8787,9514,16012,7682,8330,9149,4424,4725,2287,1091,1196,
45765,9151,4406,4745,16015,7716,8299,18301,8787,9514,16013,7682,8331,9149,4424,4725,2288,1091,1197,
45770,9153,4408,4745,16016,7716,8300,18304,8788,9516,16015,7682,8333,9151,4425,4726,2288,1091,1197,
45775,9154,4409,4745,16017,7717,8300,18305,8788,9517,16017,7683,8334,9152,4426,4726,2288,1091,1197,
45780,9155,4409,4746,16020,7720,8300,18309,8791,9518,16019,7685,8334,9153,4426,4727,2288,1091,1197,
45785,9155,4409,4746,16022,7720,8302,18309,8791,9518,16020,7685,8335,9153,4426,4727,2289,1092,1197,
45790,9157,4410,4747,16023,7721,8302,18312,8792,9520,16022,7685,8337,9155,4428,4727,2289,1092,1197,
45795,9158,4410,4748,16024,7721,8303,18313,8792,9521,16024,7686,8338,9156,4428,4728,2289,1092,1197,
45800,9159,4411,4748,16027,7723,8304,18317,8794,9523,16026,7687,8339,9157,4429,4728,2289,1092,1197,
45805,9159,4411,4748,16029,7725,8304,18317,8794,9523,16027,7687,8340,9157,4429,4728,2290,1093,1197,
45810,9161,4411,4750,16030,7726,8304,18320,8796,9524,16029,7688,8341,9159,4430,4729,2290,1093,1197,
45815,9162,4412,4750,16031,7727,8304,18321,8797,9524,16031,7688,8343,9160,4430,4730,2290,1093,1197,
45820,9163,4413,4750,16034,7729,8305,18325,8798,9527,16033,7689,8344,9161,4431,4730,2290,1093,1197,
45825,9163,4413,4750,16036,7730,8306,18325,8798,9527,16034,7689,8345,9161,4431,4730,2291,1093,1198,
45830,9165,4413,4752,16037,7731,8306,18328,8798,9530,16036,7689,8347,9163,4433,4730,2291,1093,1198,
45835,9166,4413,4753,16038,7731,8307,18329,8799,9530,16038,7690,8348,9164,4434,4730,2291,1093,1198,
45840,9167,4413,4754,16041,7732,8309,18333,8802,9531,16040,7690,8350,9165,4434,4731,2291,1093,1198,
45845,9167,4413,4754,16043,7733,8310,18333,8802,9531,16041,7691,8350,9165,4434,4731,2292,1094,1198,
45850,9169,4414,4755,16044,7734,8310,18336,8804,9532,16043,7693,8350,9167,4434,4733,2292,1094,1198,
45855,9170,4414,4756,16045,7734,8311,18337,8805,9532,16045,7694,8351,9168,4435,4733,2292,1094,1198,
45860,9171,4415,4756,16048,7736,8312,18341,8805,9536,16047,7695,8352,9169,4435,4734,2292,1094,1198,
45865,9171,4415,4756,16050,7737,8313,18341,8805,9536,16048,7696,8352,9169,4435,4734,2293,1094,1199,
45870,9173,4416,4757,16051,7737,8314,18344,8807,9537,16050,7697,8353,9171,4436,4735,2293,1094,1199,
45875,9174,4416,4758,16052,7737,8315,18345,8807,9538,16052,7698,8354,9172,4436,4736,2293,1094,1199,
45880,9175,4416,4759,16055,7738,8317,18349,8810,9539,16054,7698,8356,9173,4436,4737,2293,1094,1199,
45885,9175,4416,4759,16057,7738,8319,18349,8810,9539,16055,7699,8356,9173,4436,4737,2294,1095,1199,
45890,9177,4416,4761,16058,7739,8319,18352,8811,9541,16057,7699,8358,9175,4438,4737,2294,1095,1199,
45895,9178,4417,4761,16059,7739,8320,18353,8812,9541,16059,7699,8360,9176,4439,4737,2294,1095,1199,
45900,9179,4418,4761,16062,7740,8322,18357,8814,9543,16061,7700,8361,9177,4439,4738,2294,1095,1199,
45905,9179,4418,4761,16064,7742,8322,18357,8814,9543,16062,7701,8361,9177,4439,4738,2295,1095,1200,
45910,9181,4420,4761,16065,7743,8322,18360,8816,9544,16064,7702,8362,9179,4441,4738,2295,1095,1200,
45915,9182,4420,4762,16066,7744,8322,18361,8816,9545,16066,7704,8362,9180,4442,4738,2295,1095,1200,
45920,9183,4420,4763,16069,7746,8323,18365,8820,9545,16068,7705,8363,9181,4442,4739,2295,1095,1200,
45925,9183,4420,4763,16071,7748,8323,18365,8820,9545,16069,7706,8363,9181,4442,4739,2296,1095,1201,
45930,9185,4421,4764,16072,7749,8323,18368,8821,9547,16071,7707,8364,9183,4443,4740,2296,1095,1201,
45935,9186,4422,4764,16073,7749,8324,18369,8822,9547,16073,7707,8366,9184,4443,4741,2296,1095,1201,
45940,9187,4422,4765,16076,7750,8326,18373,8824,9549,16075,7708,8367,9185,4443,4742,2296,1095,1201,
45945,9187,4422,4765,16078,7750,8328,18373,8824,9549,16076,7709,8367,9185,4443,4742,2297,1096,1201,
45950,9189,4422,4767,16079,7751,8328,18376,8826,9550,16078,7711,8367,9187,4444,4743,2297,1096,1201,
45955,9190,4423,4767,16080,7752,8328,18377,8827,9550,16080,7712,8368,9188,4445,4743,2297,1096,1201,
45960,9191,4424,4767,16083,7753,8330,18381,8830,9551,16082,7713,8369,9189,4445,4744,2297,1096,1201,
45965,9191,4424,4767,16085,7753,8332,18381,8830,9551,16083,7714,8369,9189,4445,4744,2298,1096,1202,
45970,9193,4424,4769,16086,7753,8333,18384,8831,9553,16085,7716,8369,9191,4445,4746,2298,1096,1202,
45975,9194,4424,4770,16087,7753,8334,18385,8832,9553,16087,7716,8371,9192,4445,4747,2298,1096,1202,
45980,9195,4424,4771,16090,7754,8336,18389,8835,9554,16089,7718,8371,9193,4446,4747,2298,1096,1202,
45985,9195,4424,4771,16092,7756,8336,18389,8835,9554,16090,7719,8371,9193,4446,4747,2299,1097,1202,
45990,9197,4425,4772,16093,7756,8337,18392,8838,9554,16092,7720,8372,9195,4447,4748,2299,1097,1202,
45995,9198,4426,4772,16094,7757,8337,18393,8838,9555,16094,7721,8373,9196,4447,4749,2299,1097,1202,
46000,9199,4426,4773,16097,7760,8337,18397,8839,9558,16096,7723,8373,9197,4448,4749,2299,1097,1202,
46005,9199,4426,4773,16099,7762,8337,18397,8839,9558,16097,7723,8374,9197,4448,4749,2300,1098,1202,
46010,9201,4426,4775,16100,7763,8337,18400,8840,9560,16099,7724,8375,9199,4449,4750,2300,1098,1202,
46015,9202,4427,4775,16101,7763,8338,18401,8841,9560,16101,7724,8377,9200,4449,4751,2300,1098,1202,
46020,9203,4427,4776,16104,7764,8340,18405,8845,9560,16103,7724,8379,9201,4450,4751,2300,1098,1202,
46025,9203,4427,4776,16106,7764,8342,18405,8845,9560,16104,7724,8380,9201,4450,4751,2301,1098,1203,
46030,9205,4428,4777,16107,7765,8342,18408,8847,9561,16106,7725,8381,9203,4450,4753,2301,1098,1203,
46035,9206,4429,4777,16108,7765,8343,18409,8848,9561,16108,7727,8381,9204,4450,4754,2301,1098,1203,
46040,9207,4430,4777,16111,7767,8344,18413,8848,9565,16110,7727,8383,9205,4451,4754,2301,1098,1203,
46045,9207,4430,4777,16113,7768,8345,18413,8848,9565,16111,7728,8383,9205,4451,4754,2302,1099,1203,
46050,9209,4432,4777,16114,7769,8345,18416,8850,9566,16113,7729,8384,9207,4452,4755,2302,1099,1203,
46055,9210,4433,4777,16115,7769,8346,18417,8850,9567,16115,7731,8384,9208,4452,4756,2302,1099,1203,
46060,9211,4434,4777,16118,7769,8349,18421,8853,9568,16117,7732,8385,9209,4452,4757,2302,1099,1203,
46065,9211,4434,4777,16120,7770,8350,18421,8853,9568,16118,7732,8386,9209,4452,4757,2303,1100,1203,
46070,9213,4434,4779,16121,7770,8351,18424,8855,9569,16120,7732,8388,9211,4453,4758,2303,1100,1203,
46075,9214,4434,4780,16122,7771,8351,18425,8856,9569,16122,7733,8389,9212,4454,4758,2303,1100,1203,
46080,9215,4434,4781,16125,7772,8353,18429,8858,9571,16124,7733,8391,9213,4454,4759,2303,1100,1203,
46085,9215,4434,4781,16127,7773,8354,18429,8858,9571,16125,7733,8392,9213,4454,4759,2304,1100,1204,
46090,9217,4435,4782,16128,7773,8355,18432,8858,9574,16127,7733,8394,9215,4455,4760,2304,1100,1204,
46095,9218,4435,4783,16129,7773,8356,18433,8858,9575,16129,7734,8395,9216,4455,4761,2304,1100,1204,
46100,9219,4436,4783,16132,7775,8357,18437,8859,9578,16131,7736,8395,9217,4455,4762,2304,1100,1204,
46105,9219,4436,4783,16134,7776,8358,18437,8859,9578,16132,7736,8396,9217,4455,4762,2305,1101,1204,
46110,9221,4438,4783,16135,7776,8359,18440,8861,9579,16134,7736,8398,9219,4455,4764,2305,1101,1204,
46115,9222,4439,4783,16136,7776,8360,18441,8862,9579,16136,7737,8399,9220,4456,4764,2305,1101,1204,
46120,9223,4439,4784,16139,7778,8361,18445,8865,9580,16138,7737,8401,9221,4456,4765,2305,1101,1204,
46125,9223,4439,4784,16141,7778,8363,18445,8865,9580,16139,7737,8402,9221,4456,4765,2306,1102,1204,
46130,9225,4440,4785,16142,7779,8363,18448,8866,9582,16141,7738,8403,9223,4457,4766,2306,1102,1204,
46135,9226,4440,4786,16143,7780,8363,18449,8867,9582,16143,7739,8404,9224,4457,4767,2306,1102,1204,
46140,9227,4441,4786,16146,7781,8365,18453,8869,9584,16145,7740,8405,9225,4458,4767,2306,1102,1204,
46145,9227,4441,4786,16148,7782,8366,18453,8869,9584,16146,7740,8406,9225,4458,4767,2307,1103,1204,
46150,9229,4442,4787,16149,7783,8366,18456,8870,9586,16148,7741,8407,9227,4459,4768,2307,1103,1204,
46155,9230,4443,4787,16150,7783,8367,18457,8871,9586,16150,7742,8408,9228,4460,4768,2307,1103,1204,
46160,9231,4443,4788,16153,7784,8369,18461,8875,9586,16152,7744,8408,9229,4460,4769,2307,1103,1204,
46165,9231,4443,4788,16155,7784,8371,18461,8875,9586,16153,7745,8408,9229,4460,4769,2308,1104,1204,
46170,9233,4443,4790,16156,7784,8372,18464,8876,9588,16155,7745,8410,9231,4461,4770,2308,1104,1204,
46175,9234,4443,4791,16157,7784,8373,18465,8876,9589,16157,7746,8411,9232,4461,4771,2308,1104,1204,
46180,9235,4444,4791,16160,7787,8373,18469,8879,9590,16159,7748,8411,9233,4462,4771,2308,1104,1204,
46185,9235,4444,4791,16162,7789,8373,18469,8879,9590,16160,7748,8412,9233,4462,4771,2309,1104,1205,
46190,9237,4445,4792,16163,7790,8373,18472,8880,9592,16162,7748,8414,9235,4463,4772,2309,1104,1205,
46195,9238,4445,4793,16164,7790,8374,18473,8880,9593,16164,7749,8415,9236,4463,4773,2309,1104,1205,
46200,9239,4445,4794,16167,7792,8375,18477,8881,9596,16166,7749,8417,9237,4464,4773,2309,1104,1205,
46205,9239,4445,4794,16169,7792,8377,18477,8881,9596,16167,7750,8417,9237,4464,4773,2310,1105,1205,
46210,9241,4447,4794,16170,7793,8377,18480,8884,9596,16169,7751,8418,9239,4465,4774,2310,1105,1205,
46215,9242,4448,4794,16171,7794,8377,18481,8885,9596,16171,7753,8418,9240,4465,4775,2310,1105,1205,
46220,9243,4449,4794,16174,7796,8378,18485,8886,9599,16173,7754,8419,9241,4466,4775,2310,1105,1205,
46225,9243,4449,4794,16176,7796,8380,18485,8886,9599,16174,7755,8419,9241,4466,4775,2311,1105,1206,
46230,9245,4450,4795,16177,7797,8380,18488,8886,9602,16176,7756,8420,9243,4466,4777,2311,1105,1206,
46235,9246,4450,4796,16178,7797,8381,18489,8886,9603,16178,7757,8421,9244,4466,4778,2311,1105,1206,
46240,9247,4451,4796,16181,7799,8382,18493,8887,9606,16180,7758,8422,9245,4467,4778,2311,1105,1206,
46245,9247,4451,4796,16183,7801,8382,18493,8887,9606,16181,7759,8422,9245,4467,4778,2312,1105,1207,
46250,9249,4451,4798,16184,7802,8382,18496,8888,9608,16183,7760,8423,9247,4467,4780,2312,1105,1207,
46255,9250,4451,4799,16185,7803,8382,18497,8889,9608,16185,7760,8425,9248,4467,4781,2312,1105,1207,
46260,9251,4452,4799,16188,7805,8383,18501,8890,9611,16187,7761,8426,9249,4468,4781,2312,1105,1207,
46265,9251,4452,4799,16190,7806,8384,18501,8890,9611,16188,7762,8426,9249,4468,4781,2313,1105,1208,
46270,9253,4453,4800,16191,7806,8385,18504,8892,9612,16190,7762,8428,9251,4468,4783,2313,1105,1208,
46275,9254,4454,4800,16192,7806,8386,18505,8893,9612,16192,7763,8429,9252,4468,4784,2313,1105,1208,
46280,9255,4454,4801,16195,7807,8388,18509,8895,9614,16194,7764,8430,9253,4469,4784,2313,1105,1208,
46285,9255,4454,4801,16197,7809,8388,18509,8895,9614,16195,7765,8430,9253,4469,4784,2314,1105,1209,
46290,9257,4454,4803,16198,7809,8389,18512,8896,9616,16197,7766,8431,9255,4470,4785,2314,1105,1209,
46295,9258,4454,4804,16199,7809,8390,18513,8896,9617,16199,7767,8432,9256,4470,4786,2314,1105,1209,
46300,9259,4455,4804,16202,7811,8391,18517,8898,9619,16201,7767,8434,9257,4470,4787,2314,1105,1209,
46305,9259,4455,4804,16204,7812,8392,18517,8898,9619,16202,7767,8435,9257,4470,4787,2315,1105,1210,
46310,9261,4455,4806,16205,7812,8393,18520,8900,9620,16204,7768,8436,9259,4470,4789,2315,1105,1210,
46315,9262,4456,4806,16206,7812,8394,18521,8900,9621,16206,7770,8436,9260,4470,4790,2315,1105,1210,
46320,9263,4457,4806,16209,7814,8395,18525,8901,9624,16208,7771,8437,9261,4471,4790,2315,1105,1210,
46325,9263,4457,4806,16211,7816,8395,18525,8901,9624,16209,7772,8437,9261,4471,4790,2316,1105,1211,
46330,9265,4457,4808,16212,7817,8395,18528,8903,9625,16211,7773,8438,9263,4472,4791,2316,1105,1211,
46335,9266,4457,4809,16213,7817,8396,18529,8903,9626,16213,7775,8438,9264,4472,4792,2316,1105,1211,
46340,9267,4457,4810,16216,7818,8398,18533,8904,9629,16215,7776,8439,9265,4472,4793,2316,1105,1211,
46345,9267,4457,4810,16218,7818,8400,18533,8904,9629,16216,7777,8439,9265,4472,4793,2317,1106,1211,
46350,9269,4459,4810,16219,7818,8401,18536,8906,9630,16218,7778,8440,9267,4473,4794,2317,1106,1211,
46355,9270,4459,4811,16220,7819,8401,18537,8906,9631,16220,7779,8441,9268,4473,4795,2317,1106,1211,
46360,9271,4459,4812,16223,7820,8403,18541,8909,9632,16222,7781,8441,9269,4474,4795,2317,1106,1211,
46365,9271,4459,4812,16225,7821,8404,18541,8909,9632,16223,7781,8442,9269,4474,4795,2318,1106,1212,
46370,9273,4460,4813,16226,7822,8404,18544,8909,9635,16225,7781,8444,9271,4476,4795,2318,1106,1212,
46375,9274,4460,4814,16227,7823,8404,18545,8909,9636,16227,7782,8445,9272,4476,4796,2318,1106,1212,
46380,9275,4461,4814,16230,7825,8405,18549,8911,9638,16229,7783,8446,9273,4476,4797,2318,1106,1212,
46385,9275,4461,4814,16232,7827,8405,18549,8911,9638,16230,7783,8447,9273,4476,4797,2319,1107,1212,
46390,9277,4462,4815,16233,7828,8405,18552,8912,9640,16232,7784,8448,9275,4476,4799,2319,1107,1212,
46395,9278,4463,4815,16234,7828,8406,18553,8912,9641,16234,7786,8448,9276,4477,4799,2319,1107,1212,
46400,9279,4463,4816,16237,7830,8407,18557,8913,9644,16236,7788,8448,9277,4478,4799,2319,1107,1212,
46405,9279,4463,4816,16239,7831,8408,18557,8913,9644,16237,7788,8449,9277,4478,4799,2320,1107,1213,
46410,9281,4464,4817,16240,7832,8408,18560,8914,9646,16239,7790,8449,9279,4478,4801,2320,1107,1213,
46415,9282,4464,4818,16241,7832,8409,18561,8914,9647,16241,7791,8450,9280,4479,4801,2320,1107,1213,
46420,9283,4465,4818,16244,7835,8409,18565,8915,9650,16243,7792,8451,9281,4480,4801,2320,1107,1213,
46425,9283,4465,4818,16246,7835,8411,18565,8915,9650,16244,7792,8452,9281,4480,4801,2321,1108,1213,
46430,9285,4466,4819,16247,7836,8411,18568,8915,9653,16246,7793,8453,9283,4481,4802,2321,1108,1213,
46435,9286,4467,4819,16248,7836,8412,18569,8916,9653,16248,7794,8454,9284,4481,4803,2321,1108,1213,
46440,9287,4467,4820,16251,7838,8413,18573,8918,9655,16250,7795,8455,9285,4482,4803,2321,1108,1213,
46445,9287,4467,4820,16253,7839,8414,18573,8918,9655,16251,7796,8455,9285,4482,4803,2322,1109,1213,
46450,9289,4469,4820,16254,7840,8414,18576,8920,9656,16253,7797,8456,9287,4483,4804,2322,1109,1213,
46455,9290,4470,4820,16255,7841,8414,18577,8921,9656,16255,7797,8458,9288,4483,4805,2322,1109,1213,
46460,9291,4470,4821,16258,7841,8417,18581,8922,9659,16257,7798,8459,9289,4483,4806,2322,1109,1213,
46465,9291,4470,4821,16260,7842,8418,18581,8922,9659,16258,7798,8460,9289,4483,4806,2323,1109,1214,
46470,9293,4472,4821,16261,7842,8419,18584,8923,9661,16260,7799,8461,9291,4483,4808,2323,1109,1214,
46475,9294,4473,4821,16262,7842,8420,18585,8923,9662,16262,7800,8462,9292,4483,4809,2323,1109,1214,
46480,9295,4474,4821,16265,7843,8422,18589,8923,9666,16264,7801,8463,9293,4484,4809,2323,1109,1214,
46485,9295,4474,4821,16267,7844,8423,18589,8923,9666,16265,7801,8464,9293,4484,4809,2324,1109,1215,
46490,9297,4475,4822,16268,7845,8423,18592,8925,9667,16267,7802,8465,9295,4485,4810,2324,1109,1215,
46495,9298,4476,4822,16269,7845,8424,18593,8925,9668,16269,7803,8466,9296,4485,4811,2324,1109,1215,
46500,9299,4476,4823,16272,7847,8425,18597,8926,9671,16271,7803,8468,9297,4486,4811,2324,1109,1215,
46505,9299,4476,4823,16274,7848,8426,18597,8926,9671,16272,7804,8468,9297,4486,4811,2325,1109,1216,
46510,9301,4477,4824,16275,7849,8426,18600,8927,9673,16274,7804,8470,9299,4486,4813,2325,1109,1216,
46515,9302,4477,4825,16276,7850,8426,18601,8927,9674,16276,7805,8471,9300,4487,4813,2325,1109,1216,
46520,9303,4478,4825,16279,7852,8427,18605,8929,9676,16278,7807,8471,9301,4488,4813,2325,1109,1216,
46525,9303,4478,4825,16281,7852,8429,18605,8929,9676,16279,7808,8471,9301,4488,4813,2326,1109,1217,
46530,9305,4479,4826,16282,7853,8429,18608,8931,9677,16281,7810,8471,9303,4488,4815,2326,1109,1217,
46535,9306,4480,4826,16283,7853,8430,18609,8931,9678,16283,7810,8473,9304,4488,4816,2326,1109,1217,
46540,9307,4480,4827,16286,7854,8432,18613,8933,9680,16285,7812,8473,9305,4489,4816,2326,1109,1217,
46545,9307,4480,4827,16288,7855,8433,18613,8933,9680,16286,7813,8473,9305,4489,4816,2327,1110,1217,
46550,9309,4480,4829,16289,7856,8433,18616,8934,9682,16288,7813,8475,9307,4491,4816,2327,1110,1217,
46555,9310,4480,4830,16290,7856,8434,18617,8934,9683,16290,7814,8476,9308,4491,4817,2327,1110,1217,
46560,9311,4481,4830,16293,7857,8436,18621,8934,9687,16292,7816,8476,9309,4491,4818,2327,1110,1217,
46565,9311,4481,4830,16295,7859,8436,18621,8934,9687,16293,7817,8476,9309,4491,4818,2328,1111,1217,
46570,9313,4481,4832,16296,7860,8436,18624,8935,9689,16295,7818,8477,9311,4493,4818,2328,1111,1217,
46575,9314,4481,4833,16297,7861,8436,18625,8935,9690,16297,7818,8479,9312,4494,4818,2328,1111,1217,
46580,9315,4482,4833,16300,7863,8437,18629,8938,9691,16299,7819,8480,9313,4494,4819,2328,1111,1217,
46585,9315,4482,4833,16302,7864,8438,18629,8938,9691,16300,7819,8481,9313,4494,4819,2329,1111,1218,
46590,9317,4483,4834,16303,7864,8439,18632,8940,9692,16302,7821,8481,9315,4495,4820,2329,1111,1218,
46595,9318,4484,4834,16304,7865,8439,18633,8940,9693,16304,7821,8483,9316,4496,4820,2329,1111,1218,
46600,9319,4484,4835,16307,7868,8439,18637,8942,9695,16306,7821,8485,9317,4496,4821,2329,1111,1218,
46605,9319,4484,4835,16309,7869,8440,18637,8942,9695,16307,7821,8486,9317,4496,4821,2330,1111,1219,
46610,9321,4486,4835,16310,7869,8441,18640,8943,9697,16309,7823,8486,9319,4496,4823,2330,1111,1219,
46615,9322,4486,4836,16311,7870,8441,18641,8944,9697,16311,7823,8488,9320,4496,4824,2330,1111,1219,
46620,9323,4487,4836,16314,7872,8442,18645,8947,9698,16313,7823,8490,9321,4496,4825,2330,1111,1219,
46625,9323,4487,4836,16316,7872,8444,18645,8947,9698,16314,7824,8490,9321,4496,4825,2331,1112,1219,
46630,9325,4487,4838,16317,7873,8444,18648,8949,9699,16316,7826,8490,9323,4497,4826,2331,1112,1219,
46635,9326,4488,4838,16318,7873,8445,18649,8950,9699,16318,7826,8492,9324,4498,4826,2331,1112,1219,
46640,9327,4489,4838,16321,7874,8447,18653,8951,9702,16320,7827,8493,9325,4499,4826,2331,1112,1219,
46645,9327,4489,4838,16323,7876,8447,18653,8951,9702,16321,7828,8493,9325,4499,4826,2332,1112,1220,
46650,9329,4490,4839,16324,7876,8448,18656,8952,9704,16323,7828,8495,9327,4500,4827,2332,1112,1220,
46655,9330,4491,4839,16325,7877,8448,18657,8952,9705,16325,7830,8495,9328,4501,4827,2332,1112,1220,
46660,9331,4491,4840,16328,7879,8449,18661,8955,9706,16327,7832,8495,9329,4501,4828,2332,1112,1220,
46665,9331,4491,4840,16330,7881,8449,18661,8955,9706,16328,7833,8495,9329,4501,4828,2333,1113,1220,
46670,9333,4493,4840,16331,7882,8449,18664,8956,9708,16330,7835,8495,9331,4503,4828,2333,1113,1220,
46675,9334,4493,4841,16332,7882,8450,18665,8956,9709,16332,7835,8497,9332,4504,4828,2333,1113,1220,
46680,9335,4494,4841,16335,7883,8452,18669,8957,9712,16334,7837,8497,9333,4504,4829,2333,1113,1220,
46685,9335,4494,4841,16337,7883,8454,18669,8957,9712,16335,7837,8498,9333,4504,4829,2334,1113,1221,
46690,9337,4496,4841,16338,7883,8455,18672,8958,9714,16337,7839,8498,9335,4504,4831,2334,1113,1221,
46695,9338,4496,4842,16339,7883,8456,18673,8958,9715,16339,7840,8499,9336,4504,4832,2334,1113,1221,
46700,9339,4497,4842,16342,7883,8459,18677,8960,9717,16341,7842,8499,9337,4504,4833,2334,1113,1221,
46705,9339,4497,4842,16344,7885,8459,18677,8960,9717,16342,7843,8499,9337,4504,4833,2335,1114,1221,
46710,9341,4498,4843,16345,7886,8459,18680,8962,9718,16344,7845,8499,9339,4505,4834,2335,1114,1221,
46715,9342,4499,4843,16346,7887,8459,18681,8963,9718,16346,7845,8501,9340,4505,4835,2335,1114,1221,
46720,9343,4500,4843,16349,7888,8461,18685,8964,9721,16348,7846,8502,9341,4506,4835,2335,1114,1221,
46725,9343,4500,4843,16351,7888,8463,18685,8964,9721,16349,7847,8502,9341,4506,4835,2336,1115,1221,
46730,9345,4500,4845,16352,7888,8464,18688,8967,9721,16351,7849,8502,9343,4506,4837,2336,1115,1221,
46735,9346,4500,4846,16353,7889,8464,18689,8968,9721,16353,7850,8503,9344,4506,4838,2336,1115,1221,
46740,9347,4501,4846,16356,7891,8465,18693,8969,9724,16355,7852,8503,9345,4506,4839,2336,1115,1221,
46745,9347,4501,4846,16358,7891,8467,18693,8969,9724,16356,7853,8503,9345,4506,4839,2337,1115,1222,
46750,9349,4502,4847,16359,7891,8468,18696,8971,9725,16358,7853,8505,9347,4508,4839,2337,1115,1222,
46755,9350,4502,4848,16360,7892,8468,18697,8971,9726,16360,7854,8506,9348,4508,4840,2337,1115,1222,
46760,9351,4502,4849,16363,7894,8469,18701,8974,9727,16362,7856,8506,9349,4508,4841,2337,1115,1222,
46765,9351,4502,4849,16365,7895,8470,18701,8974,9727,16363,7857,8506,9349,4508,4841,2338,1115,1223,
46770,9353,4503,4850,16366,7895,8471,18704,8977,9727,16365,7858,8507,9351,4510,4841,2338,1115,1223,
46775,9354,4504,4850,16367,7896,8471,18705,8978,9727,16367,7859,8508,9352,4510,4842,2338,1115,1223,
46780,9355,4505,4850,16370,7898,8472,18709,8978,9731,16369,7860,8509,9353,4511,4842,2338,1115,1223,
46785,9355,4505,4850,16372,7899,8473,18709,8978,9731,16370,7861,8509,9353,4511,4842,2339,1115,1224,
46790,9357,4505,4852,16373,7899,8474,18712,8979,9733,16372,7863,8509,9355,4513,4842,2339,1115,1224,
46795,9358,4505,4853,16374,7900,8474,18713,8979,9734,16374,7865,8509,9356,4514,4842,2339,1115,1224,
46800,9359,4505,4854,16377,7902,8475,18717,8982,9735,16376,7867,8509,9357,4515,4842,2339,1115,1224,
46805,9359,4505,4854,16379,7903,8476,18717,8982,9735,16377,7867,8510,9357,4515,4842,2340,1116,1224,
46810,9361,4506,4855,16380,7903,8477,18720,8984,9736,16379,7869,8510,9359,4516,4843,2340,1116,1224,
46815,9362,4506,4856,16381,7904,8477,18721,8985,9736,16381,7869,8512,9360,4516,4844,2340,1116,1224,
46820,9363,4506,4857,16384,7906,8478,18725,8988,9737,16383,7869,8514,9361,4517,4844,2340,1116,1224,
46825,9363,4506,4857,16386,7906,8480,18725,8988,9737,16384,7870,8514,9361,4517,4844,2341,1117,1224,
46830,9365,4507,4858,16387,7907,8480,18728,8988,9740,16386,7871,8515,9363,4517,4846,2341,1117,1224,
46835,9366,4508,4858,16388,7908,8480,18729,8989,9740,16388,7872,8516,9364,4517,4847,2341,1117,1224,
46840,9367,4508,4859,16391,7908,8483,18733,8990,9743,16390,7873,8517,9365,4518,4847,2341,1117,1224,
46845,9367,4508,4859,16393,7908,8485,18733,8990,9743,16391,7874,8517,9365,4518,4847,2342,1117,1225,
46850,9369,4509,4860,16394,7908,8486,18736,8991,9745,16393,7875,8518,9367,4519,4848,2342,1117,1225,
46855,9370,4510,4860,16395,7908,8487,18737,8992,9745,16395,7876,8519,9368,4520,4848,2342,1117,1225,
46860,9371,4511,4860,16398,7909,8489,18741,8993,9748,16397,7877,8520,9369,4520,4849,2342,1117,1225,
46865,9371,4511,4860,16400,7910,8490,18741,8993,9748,16398,7877,8521,9369,4520,4849,2343,1117,1226,
46870,9373,4511,4862,16401,7910,8491,18744,8995,9749,16400,7878,8522,9371,4520,4851,2343,1117,1226,
46875,9374,4511,4863,16402,7911,8491,18745,8996,9749,16402,7879,8523,9372,4521,4851,2343,1117,1226,
46880,9375,4512,4863,16405,7914,8491,18749,8999,9750,16404,7879,8525,9373,4521,4852,2343,1117,1226,
46885,9375,4512,4863,16407,7916,8491,18749,8999,9750,16405,7879,8526,9373,4521,4852,2344,1117,1227,
46890,9377,4512,4865,16408,7917,8491,18752,9000,9752,16407,7880,8527,9375,4523,4852,2344,1117,1227,
46895,9378,4512,4866,16409,7918,8491,18753,9001,9752,16409,7882,8527,9376,4523,4853,2344,1117,1227,
46900,9379,4512,4867,16412,7919,8493,18757,9002,9755,16411,7882,8529,9377,4523,4854,2344,1117,1227,
46905,9379,4512,4867,16414,7921,8493,18757,9002,9755,16412,7882,8530,9377,4523,4854,2345,1118,1227,
46910,9381,4514,4867,16415,7921,8494,18760,9004,9756,16414,7883,8531,9379,4525,4854,2345,1118,1227,
46915,9382,4515,4867,16416,7922,8494,18761,9005,9756,16416,7884,8532,9380,4525,4855,2345,1118,1227,
46920,9383,4515,4868,16419,7925,8494,18765,9008,9757,16418,7885,8533,9381,4525,4856,2345,1118,1227,
46925,9383,4515,4868,16421,7926,8495,18765,9008,9757,16419,7885,8534,9381,4525,4856,2346,1119,1227,
46930,9385,4516,4869,16422,7926,8496,18768,9011,9757,16421,7886,8535,9383,4527,4856,2346,1119,1227,
46935,9386,4516,4870,16423,7927,8496,18769,9012,9757,16423,7886,8537,9384,4528,4856,2346,1119,1227,
46940,9387,4517,4870,16426,7929,8497,18773,9014,9759,16425,7888,8537,9385,4529,4856,2346,1119,1227,
46945,9387,4517,4870,16428,7930,8498,18773,9014,9759,16426,7889,8537,9385,4529,4856,2347,1120,1227,
46950,9389,4518,4871,16429,7931,8498,18776,9016,9760,16428,7890,8538,9387,4529,4858,2347,1120,1227,
46955,9390,4518,4872,16430,7932,8498,18777,9016,9761,16430,7891,8539,9388,4529,4859,2347,1120,1227,
46960,9391,4519,4872,16433,7934,8499,18781,9018,9763,16432,7891,8541,9389,4530,4859,2347,1120,1227,
46965,9391,4519,4872,16435,7935,8500,18781,9018,9763,16433,7892,8541,9389,4530,4859,2348,1121,1227,
46970,9393,4521,4872,16436,7936,8500,18784,9020,9764,16435,7894,8541,9391,4532,4859,2348,1121,1227,
46975,9394,4522,4872,16437,7936,8501,18785,9020,9765,16437,7895,8542,9392,4533,4859,2348,1121,1227,
46980,9395,4522,4873,16440,7938,8502,18789,9022,9767,16439,7897,8542,9393,4534,4859,2348,1121,1227,
46985,9395,4522,4873,16442,7940,8502,18789,9022,9767,16440,7897,8543,9393,4534,4859,2349,1122,1227,
46990,9397,4522,4875,16443,7940,8503,18792,9024,9768,16442,7897,8545,9395,4535,4860,2349,1122,1227,
46995,9398,4522,4876,16444,7941,8503,18793,9025,9768,16444,7897,8547,9396,4535,4861,2349,1122,1227,
47000,9399,4523,4876,16447,7943,8504,18797,9027,9770,16446,7897,8549,9397,4536,4861,2349,1122,1227,
47005,9399,4523,4876,16449,7945,8504,18797,9027,9770,16447,7897,8550,9397,4536,4861,2350,1123,1227,
47010,9401,4524,4877,16450,7946,8504,18800,9028,9772,16449,7898,8551,9399,4537,4862,2350,1123,1227,
47015,9402,4525,4877,16451,7946,8505,18801,9028,9773,16451,7898,8553,9400,4538,4862,2350,1123,1227,
47020,9403,4526,4877,16454,7948,8506,18805,9028,9777,16453,7899,8554,9401,4539,4862,2350,1123,1227,
47025,9403,4526,4877,16456,7949,8507,18805,9028,9777,16454,7899,8555,9401,4539,4862,2351,1124,1227,
47030,9405,4527,4878,16457,7949,8508,18808,9030,9778,16456,7900,8556,9403,4540,4863,2351,1124,1227,
47035,9406,4527,4879,16458,7950,8508,18809,9030,9779,16458,7900,8558,9404,4540,4864,2351,1124,1227,
47040,9407,4527,4880,16461,7952,8509,18813,9032,9781,16460,7901,8559,9405,4541,4864,2351,1124,1227,
47045,9407,4527,4880,16463,7953,8510,18813,9032,9781,16461,7901,8560,9405,4541,4864,2352,1125,1227,
47050,9409,4527,4882,16464,7953,8511,18816,9033,9783,16463,7903,8560,9407,4543,4864,2352,1125,1227,
47055,9410,4527,4883,16465,7954,8511,18817,9034,9783,16465,7905,8560,9408,4543,4865,2352,1125,1227,
47060,9411,4528,4883,16468,7956,8512,18821,9037,9784,16467,7906,8561,9409,4544,4865,2352,1125,1227,
47065,9411,4528,4883,16470,7957,8513,18821,9037,9784,16468,7907,8561,9409,4544,4865,2353,1125,1228,
47070,9413,4529,4884,16471,7957,8514,18824,9037,9787,16470,7908,8562,9411,4545,4866,2353,1125,1228,
47075,9414,4530,4884,16472,7957,8515,18825,9037,9788,16472,7909,8563,9412,4545,4867,2353,1125,1228,
47080,9415,4530,4885,16475,7958,8517,18829,9038,9791,16474,7911,8563,9413,4545,4868,2353,1125,1228,
47085,9415,4530,4885,16477,7959,8518,18829,9038,9791,16475,7912,8563,9413,4545,4868,2354,1125,1229,
47090,9417,4531,4886,16478,7959,8519,18832,9038,9794,16477,7913,8564,9415,4545,4870,2354,1125,1229,
47095,9418,4532,4886,16479,7960,8519,18833,9038,9795,16479,7915,8564,9416,4546,4870,2354,1125,1229,
47100,9419,4532,4887,16482,7962,8520,18837,9040,9797,16481,7916,8565,9417,4547,4870,2354,1125,1229,
47105,9419,4532,4887,16484,7963,8521,18837,9040,9797,16482,7916,8566,9417,4547,4870,2355,1125,1230,
47110,9421,4533,4888,16485,7963,8522,18840,9042,9798,16484,7917,8567,9419,4549,4870,2355,1125,1230,
47115,9422,4533,4889,16486,7963,8523,18841,9042,9799,16486,7917,8569,9420,4549,4871,2355,1125,1230,
47120,9423,4534,4889,16489,7963,8526,18845,9045,9800,16488,7918,8570,9421,4550,4871,2355,1125,1230,
47125,9423,4534,4889,16491,7964,8527,18845,9045,9800,16489,7918,8571,9421,4550,4871,2356,1125,1231,
47130,9425,4534,4891,16492,7965,8527,18848,9047,9801,16491,7918,8573,9423,4551,4872,2356,1125,1231,
47135,9426,4535,4891,16493,7965,8528,18849,9048,9801,16493,7919,8574,9424,4552,4872,2356,1125,1231,
47140,9427,4536,4891,16496,7965,8531,18853,9052,9801,16495,7921,8574,9425,4553,4872,2356,1125,1231,
47145,9427,4536,4891,16498,7966,8532,18853,9052,9801,16496,7922,8574,9425,4553,4872,2357,1126,1231,
47150,9429,4537,4892,16499,7966,8533,18856,9053,9803,16498,7924,8574,9427,4553,4874,2357,1126,1231,
47155,9430,4537,4893,16500,7966,8534,18857,9053,9804,16500,7926,8574,9428,4554,4874,2357,1126,1231,
47160,9431,4538,4893,16503,7967,8536,18861,9053,9808,16502,7927,8575,9429,4554,4875,2357,1126,1231,
47165,9431,4538,4893,16505,7967,8538,18861,9053,9808,16503,7927,8576,9429,4554,4875,2358,1126,1232,
47170,9433,4539,4894,16506,7968,8538,18864,9055,9809,16505,7929,8576,9431,4555,4876,2358,1126,1232,
47175,9434,4539,4895,16507,7968,8539,18865,9055,9810,16507,7930,8577,9432,4556,4876,2358,1126,1232,
47180,9435,4539,4896,16510,7969,8541,18869,9057,9812,16509,7931,8578,9433,4557,4876,2358,1126,1232,
47185,9435,4539,4896,16512,7969,8543,18869,9057,9812,16510,7932,8578,9433,4557,4876,2359,1126,1233,
47190,9437,4540,4897,16513,7969,8544,18872,9059,9813,16512,7934,8578,9435,4558,4877,2359,1126,1233,
47195,9438,4540,4898,16514,7970,8544,18873,9059,9814,16514,7935,8579,9436,4559,4877,2359,1126,1233,
47200,9439,4541,4898,16517,7971,8546,18877,9060,9817,16516,7937,8579,9437,4559,4878,2359,1126,1233,
47205,9439,4541,4898,16519,7971,8548,18877,9060,9817,16517,7938,8579,9437,4559,4878,2360,1127,1233,
47210,9441,4543,4898,16520,7972,8548,18880,9060,9820,16519,7939,8580,9439,4559,4880,2360,1127,1233,
47215,9442,4544,4898,16521,7972,8549,18881,9061,9820,16521,7940,8581,9440,4560,4880,2360,1127,1233,
47220,9443,4545,4898,16524,7975,8549,18885,9064,9821,16523,7940,8583,9441,4560,4881,2360,1127,1233,
47225,9443,4545,4898,16526,7976,8550,18885,9064,9821,16524,7941,8583,9441,4560,4881,2361,1127,1234,
47230,9445,4545,4900,16527,7977,8550,18888,9065,9823,16526,7941,8585,9443,4561,4882,2361,1127,1234,
47235,9446,4546,4900,16528,7977,8551,18889,9066,9823,16528,7941,8587,9444,4562,4882,2361,1127,1234,
47240,9447,4547,4900,16531,7978,8553,18893,9068,9825,16530,7943,8587,9445,4563,4882,2361,1127,1234,
47245,9447,4547,4900,16533,7979,8554,18893,9068,9825,16531,7943,8588,9445,4563,4882,2362,1127,1235,
47250,9449,4547,4902,16534,7979,8555,18896,9070,9826,16533,7943,8590,9447,4565,4882,2362,1127,1235,
47255,9450,4548,4902,16535,7979,8556,18897,9070,9827,16535,7944,8591,9448,4566,4882,2362,1127,1235,
47260,9451,4549,4902,16538,7979,8559,18901,9073,9828,16537,7944,8593,9449,4567,4882,2362,1127,1235,
47265,9451,4549,4902,16540,7980,8560,18901,9073,9828,16538,7944,8594,9449,4567,4882,2363,1128,1235,
47270,9453,4551,4902,16541,7980,8561,18904,9074,9830,16540,7945,8595,9451,4569,4882,2363,1128,1235,
47275,9454,4551,4903,16542,7980,8562,18905,9074,9831,16542,7946,8596,9452,4569,4883,2363,1128,1235,
47280,9455,4551,4904,16545,7982,8563,18909,9076,9833,16544,7948,8596,9453,4569,4884,2363,1128,1235,
47285,9455,4551,4904,16547,7983,8564,18909,9076,9833,16545,7948,8597,9453,4569,4884,2364,1129,1235,
47290,9457,4552,4905,16548,7983,8565,18912,9079,9833,16547,7949,8598,9455,4570,4885,2364,1129,1235,
47295,9458,4552,4906,16549,7984,8565,18913,9080,9833,16549,7950,8599,9456,4570,4886,2364,1129,1235,
47300,9459,4552,4907,16552,7985,8567,18917,9081,9836,16551,7951,8600,9457,4570,4887,2364,1129,1235,
47305,9459,4552,4907,16554,7985,8569,18917,9081,9836,16552,7952,8600,9457,4570,4887,2365,1130,1235,
47310,9461,4553,4908,16555,7985,8570,18920,9083,9837,16554,7953,8601,9459,4572,4887,2365,1130,1235,
47315,9462,4553,4909,16556,7985,8571,18921,9084,9837,16556,7954,8602,9460,4573,4887,2365,1130,1235,
47320,9463,4553,4910,16559,7987,8572,18925,9085,9840,16558,7954,8604,9461,4574,4887,2365,1130,1235,
47325,9463,4553,4910,16561,7988,8573,18925,9085,9840,16559,7955,8604,9461,4574,4887,2366,1131,1235,
47330,9465,4555,4910,16562,7989,8573,18928,9086,9842,16561,7955,8606,9463,4576,4887,2366,1131,1235,
47335,9466,4556,4910,16563,7989,8574,18929,9086,9843,16563,7955,8608,9464,4577,4887,2366,1131,1235,
47340,9467,4557,4910,16566,7990,8576,18933,9088,9845,16565,7957,8608,9465,4578,4887,2366,1131,1235,
47345,9467,4557,4910,16568,7991,8577,18933,9088,9845,16566,7957,8609,9465,4578,4887,2367,1132,1235,
47350,9469,4558,4911,16569,7991,8578,18936,9089,9847,16568,7957,8611,9467,4580,4887,2367,1132,1235,
47355,9470,4559,4911,16570,7991,8579,18937,9089,9848,16570,7957,8613,9468,4580,4888,2367,1132,1235,
47360,9471,4560,4911,16573,7994,8579,18941,9093,9848,16572,7957,8615,9469,4580,4889,2367,1132,1235,
47365,9471,4560,4911,16575,7995,8580,18941,9093,9848,16573,7957,8616,9469,4580,4889,2368,1133,1235,
47370,9473,4561,4912,16576,7995,8581,18944,9094,9850,16575,7957,8618,9471,4581,4890,2368,1133,1235,
47375,9474,4562,4912,16577,7995,8582,18945,9094,9851,16577,7958,8619,9472,4582,4890,2368,1133,1235,
47380,9475,4562,4913,16580,7995,8585,18949,9096,9853,16579,7959,8620,9473,4583,4890,2368,1133,1235,
47385,9475,4562,4913,16582,7995,8587,18949,9096,9853,16580,7960,8620,9473,4583,4890,2369,1133,1236,
47390,9477,4562,4915,16583,7996,8587,18952,9097,9855,16582,7961,8621,9475,4584,4891,2369,1133,1236,
47395,9478,4563,4915,16584,7996,8588,18953,9098,9855,16584,7963,8621,9476,4585,4891,2369,1133,1236,
47400,9479,4564,4915,16587,7997,8590,18957,9099,9858,16586,7964,8622,9477,4586,4891,2369,1133,1236,
47405,9479,4564,4915,16589,7997,8592,18957,9099,9858,16587,7965,8622,9477,4586,4891,2370,1134,1236,
47410,9481,4565,4916,16590,7997,8593,18960,9100,9860,16589,7966,8623,9479,4588,4891,2370,1134,1236,
47415,9482,4566,4916,16591,7998,8593,18961,9100,9861,16591,7967,8624,9480,4589,4891,2370,1134,1236,
47420,9483,4566,4917,16594,7999,8595,18965,9102,9863,16593,7969,8624,9481,4589,4892,2370,1134,1236,
47425,9483,4566,4917,16596,8001,8595,18965,9102,9863,16594,7970,8624,9481,4589,4892,2371,1134,1237,
47430,9485,4568,4917,16597,8001,8596,18968,9104,9864,16596,7971,8625,9483,4589,4894,2371,1134,1237,
47435,9486,4569,4917,16598,8002,8596,18969,9105,9864,16598,7972,8626,9484,4589,4895,2371,1134,1237,
47440,9487,4570,4917,16601,8003,8598,18973,9107,9866,16600,7973,8627,9485,4589,4896,2371,1134,1237,
47445,9487,4570,4917,16603,8004,8599,18973,9107,9866,16601,7974,8627,9485,4589,4896,2372,1134,1238,
47450,9489,4571,4918,16604,8004,8600,18976,9109,9867,16603,7975,8628,9487,4589,4898,2372,1134,1238,
47455,9490,4571,4919,16605,8004,8601,18977,9110,9867,16605,7977,8628,9488,4590,4898,2372,1134,1238,
47460,9491,4572,4919,16608,8007,8601,18981,9114,9867,16607,7978,8629,9489,4591,4898,2372,1134,1238,
47465,9491,4572,4919,16610,8009,8601,18981,9114,9867,16608,7979,8629,9489,4591,4898,2373,1134,1239,
47470,9493,4573,4920,16611,8009,8602,18984,9116,9868,16610,7980,8630,9491,4592,4899,2373,1134,1239,
47475,9494,4573,4921,16612,8009,8603,18985,9117,9868,16612,7980,8632,9492,4592,4900,2373,1134,1239,
47480,9495,4574,4921,16615,8011,8604,18989,9119,9870,16614,7981,8633,9493,4593,4900,2373,1134,1239,
47485,9495,4574,4921,16617,8013,8604,18989,9119,9870,16615,7981,8634,9493,4593,4900,2374,1134,1240,
47490,9497,4575,4922,16618,8014,8604,18992,9121,9871,16617,7982,8635,9495,4593,4902,2374,1134,1240,
47495,9498,4575,4923,16619,8014,8605,18993,9122,9871,16619,7983,8636,9496,4594,4902,2374,1134,1240,
47500,9499,4576,4923,16622,8015,8607,18997,9124,9873,16621,7984,8637,9497,4595,4902,2374,1134,1240,
47505,9499,4576,4923,16624,8016,8608,18997,9124,9873,16622,7985,8637,9497,4595,4902,2375,1134,1241,
47510,9501,4577,4924,16625,8016,8609,19000,9126,9874,16624,7987,8637,9499,4596,4903,2375,1134,1241,
47515,9502,4578,4924,16626,8016,8610,19001,9126,9875,16626,7988,8638,9500,4596,4904,2375,1134,1241,
47520,9503,4579,4924,16629,8019,8610,19005,9129,9876,16628,7989,8639,9501,4596,4905,2375,1134,1241,
47525,9503,4579,4924,16631,8021,8610,19005,9129,9876,16629,7989,8640,9501,4596,4905,2376,1135,1241,
47530,9505,4579,4926,16632,8021,8611,19008,9130,9878,16631,7990,8641,9503,4597,4906,2376,1135,1241,
47535,9506,4580,4926,16633,8021,8612,19009,9131,9878,16633,7992,8641,9504,4598,4906,2376,1135,1241,
47540,9507,4580,4927,16636,8023,8613,19013,9133,9880,16635,7993,8642,9505,4599,4906,2376,1135,1241,
47545,9507,4580,4927,16638,8024,8614,19013,9133,9880,16636,7994,8642,9505,4599,4906,2377,1135,1242,
47550,9509,4581,4928,16639,8025,8614,19016,9134,9882,16638,7996,8642,9507,4600,4907,2377,1135,1242,
47555,9510,4581,4929,16640,8025,8615,19017,9134,9883,16640,7996,8644,9508,4600,4908,2377,1135,1242,
47560,9511,4581,4930,16643,8026,8617,19021,9136,9885,16642,7997,8645,9509,4600,4909,2377,1135,1242,
47565,9511,4581,4930,16645,8027,8618,19021,9136,9885,16643,7997,8646,9509,4600,4909,2378,1135,1243,
47570,9513,4583,4930,16646,8028,8618,19024,9136,9888,16645,7998,8647,9511,4600,4911,2378,1135,1243,
47575,9514,4583,4931,16647,8028,8619,19025,9136,9889,16647,8000,8647,9512,4600,4912,2378,1135,1243,
47580,9515,4584,4931,16650,8029,8621,19029,9139,9890,16649,8000,8649,9513,4600,4913,2378,1135,1243,
47585,9515,4584,4931,16652,8030,8622,19029,9139,9890,16650,8001,8649,9513,4600,4913,2379,1136,1243,
47590,9517,4585,4932,16653,8031,8622,19032,9139,9893,16652,8001,8651,9515,4601,4914,2379,1136,1243,
47595,9518,4586,4932,16654,8032,8622,19033,9140,9893,16654,8002,8652,9516,4602,4914,2379,1136,1243,
47600,9519,4586,4933,16657,8033,8624,19037,9140,9897,16656,8003,8653,9517,4603,4914,2379,1136,1243,
47605,9519,4586,4933,16659,8033,8626,19037,9140,9897,16657,8004,8653,9517,4603,4914,2380,1136,1244,
47610,9521,4587,4934,16660,8033,8627,19040,9141,9899,16659,8004,8655,9519,4604,4915,2380,1136,1244,
47615,9522,4587,4935,16661,8033,8628,19041,9142,9899,16661,8005,8656,9520,4605,4915,2380,1136,1244,
47620,9523,4588,4935,16664,8035,8629,19045,9145,9900,16663,8005,8658,9521,4605,4916,2380,1136,1244,
47625,9523,4588,4935,16666,8036,8630,19045,9145,9900,16664,8006,8658,9521,4605,4916,2381,1137,1244,
47630,9525,4590,4935,16667,8037,8630,19048,9146,9902,16666,8007,8659,9523,4606,4917,2381,1137,1244,
47635,9526,4591,4935,16668,8037,8631,19049,9147,9902,16668,8008,8660,9524,4606,4918,2381,1137,1244,
47640,9527,4592,4935,16671,8037,8634,19053,9150,9903,16670,8009,8661,9525,4606,4919,2381,1137,1244,
47645,9527,4592,4935,16673,8039,8634,19053,9150,9903,16671,8010,8661,9525,4606,4919,2382,1138,1244,
47650,9529,4592,4937,16674,8039,8635,19056,9152,9904,16673,8010,8663,9527,4608,4919,2382,1138,1244,
47655,9530,4592,4938,16675,8039,8636,19057,9153,9904,16675,8011,8664,9528,4609,4919,2382,1138,1244,
47660,9531,4593,4938,16678,8040,8638,19061,9155,9906,16677,8011,8666,9529,4609,4920,2382,1138,1244,
47665,9531,4593,4938,16680,8040,8640,19061,9155,9906,16678,8011,8667,9529,4609,4920,2383,1138,1245,
47670,9533,4594,4939,16681,8040,8641,19064,9155,9909,16680,8011,8669,9531,4610,4921,2383,1138,1245,
47675,9534,4595,4939,16682,8041,8641,19065,9156,9909,16682,8012,8670,9532,4611,4921,2383,1138,1245,
47680,9535,4596,4939,16685,8043,8642,19069,9158,9911,16684,8014,8670,9533,4612,4921,2383,1138,1245,
47685,9535,4596,4939,16687,8044,8643,19069,9158,9911,16685,8014,8671,9533,4612,4921,2384,1139,1245,
47690,9537,4596,4941,16688,8044,8644,19072,9159,9913,16687,8015,8672,9535,4613,4922,2384,1139,1245,
47695,9538,4597,4941,16689,8045,8644,19073,9160,9913,16689,8016,8673,9536,4613,4923,2384,1139,1245,
47700,9539,4598,4941,16692,8046,8646,19077,9162,9915,16691,8016,8675,9537,4614,4923,2384,1139,1245,
47705,9539,4598,4941,16694,8047,8647,19077,9162,9915,16692,8017,8675,9537,4614,4923,2385,1139,1246,
47710,9541,4599,4942,16695,8048,8647,19080,9164,9916,16694,8018,8676,9539,4615,4924,2385,1139,1246,
47715,9542,4600,4942,16696,8049,8647,19081,9164,9917,16696,8018,8678,9540,4615,4925,2385,1139,1246,
47720,9543,4600,4943,16699,8051,8648,19085,9165,9920,16698,8018,8680,9541,4616,4925,2385,1139,1246,
47725,9543,4600,4943,16701,8052,8649,19085,9165,9920,16699,8018,8681,9541,4616,4925,2386,1139,1247,
47730,9545,4600,4945,16702,8052,8650,19088,9167,9921,16701,8019,8682,9543,4617,4926,2386,1139,1247,
47735,9546,4601,4945,16703,8052,8651,19089,9168,9921,16703,8019,8684,9544,4617,4927,2386,1139,1247,
47740,9547,4601,4946,16706,8054,8652,19093,9170,9923,16705,8020,8685,9545,4617,4928,2386,1139,1247,
47745,9547,4601,4946,16708,8055,8653,19093,9170,9923,16706,8021,8685,9545,4617,4928,2387,1140,1247,
47750,9549,4603,4946,16709,8056,8653,19096,9172,9924,16708,8022,8686,9547,4617,4930,2387,1140,1247,
47755,9550,4603,4947,16710,8057,8653,19097,9173,9924,16710,8024,8686,9548,4617,4931,2387,1140,1247,
47760,9551,4603,4948,16713,8058,8655,19101,9174,9927,16712,8025,8687,9549,4617,4932,2387,1140,1247,
47765,9551,4603,4948,16715,8059,8656,19101,9174,9927,16713,8026,8687,9549,4617,4932,2388,1140,1248,
47770,9553,4604,4949,16716,8060,8656,19104,9176,9928,16715,8027,8688,9551,4618,4933,2388,1140,1248,
47775,9554,4604,4950,16717,8061,8656,19105,9177,9928,16717,8028,8689,9552,4619,4933,2388,1140,1248,
47780,9555,4605,4950,16720,8062,8658,19109,9181,9928,16719,8029,8690,9553,4619,4934,2388,1140,1248,
47785,9555,4605,4950,16722,8063,8659,19109,9181,9928,16720,8029,8691,9553,4619,4934,2389,1141,1248,
47790,9557,4606,4951,16723,8064,8659,19112,9182,9930,16722,8029,8693,9555,4619,4936,2389,1141,1248,
47795,9558,4606,4952,16724,8065,8659,19113,9182,9931,16724,8030,8694,9556,4620,4936,2389,1141,1248,
47800,9559,4607,4952,16727,8068,8659,19117,9184,9933,16726,8030,8696,9557,4621,4936,2389,1141,1248,
47805,9559,4607,4952,16729,8070,8659,19117,9184,9933,16727,8030,8697,9557,4621,4936,2390,1141,1249,
47810,9561,4608,4953,16730,8071,8659,19120,9186,9934,16729,8032,8697,9559,4622,4937,2390,1141,1249,
47815,9562,4608,4954,16731,8071,8660,19121,9186,9935,16731,8032,8699,9560,4622,4938,2390,1141,1249,
47820,9563,4609,4954,16734,8073,8661,19125,9188,9937,16733,8032,8701,9561,4622,4939,2390,1141,1249,
47825,9563,4609,4954,16736,8074,8662,19125,9188,9937,16734,8032,8702,9561,4622,4939,2391,1141,1250,
47830,9565,4611,4954,16737,8074,8663,19128,9189,9939,16736,8033,8703,9563,4623,4940,2391,1141,1250,
47835,9566,4611,4955,16738,8075,8663,19129,9189,9940,16738,8034,8704,9564,4624,4940,2391,1141,1250,
47840,9567,4612,4955,16741,8075,8666,19133,9191,9942,16740,8034,8706,9565,4624,4941,2391,1141,1250,
47845,9567,4612,4955,16743,8076,8667,19133,9191,9942,16741,8034,8707,9565,4624,4941,2392,1141,1251,
47850,9569,4614,4955,16744,8077,8667,19136,9193,9943,16743,8034,8709,9567,4624,4943,2392,1141,1251,
47855,9570,4614,4956,16745,8077,8668,19137,9194,9943,16745,8035,8710,9568,4625,4943,2392,1141,1251,
47860,9571,4614,4957,16748,8078,8670,19141,9197,9944,16747,8037,8710,9569,4626,4943,2392,1141,1251,
47865,9571,4614,4957,16750,8079,8671,19141,9197,9944,16748,8037,8711,9569,4626,4943,2393,1142,1251,
47870,9573,4616,4957,16751,8080,8671,19144,9197,9947,16750,8038,8712,9571,4627,4944,2393,1142,1251,
47875,9574,4617,4957,16752,8081,8671,19145,9197,9948,16752,8039,8713,9572,4628,4944,2393,1142,1251,
47880,9575,4617,4958,16755,8082,8673,19149,9199,9950,16754,8040,8714,9573,4629,4944,2393,1142,1251,
47885,9575,4617,4958,16757,8083,8674,19149,9199,9950,16755,8040,8715,9573,4629,4944,2394,1142,1252,
47890,9577,4617,4960,16758,8083,8675,19152,9199,9953,16757,8041,8716,9575,4630,4945,2394,1142,1252,
47895,9578,4618,4960,16759,8083,8676,19153,9199,9954,16759,8043,8716,9576,4631,4945,2394,1142,1252,
47900,9579,4618,4961,16762,8084,8678,19157,9200,9957,16761,8044,8717,9577,4631,4946,2394,1142,1252,
47905,9579,4618,4961,16764,8085,8679,19157,9200,9957,16762,8044,8718,9577,4631,4946,2395,1143,1252,
47910,9581,4618,4963,16765,8086,8679,19160,9203,9957,16764,8044,8720,9579,4632,4947,2395,1143,1252,
47915,9582,4618,4964,16766,8086,8680,19161,9203,9958,16766,8044,8722,9580,4632,4948,2395,1143,1252,
47920,9583,4619,4964,16769,8088,8681,19165,9205,9960,16768,8045,8723,9581,4632,4949,2395,1143,1252,
47925,9583,4619,4964,16771,8088,8683,19165,9205,9960,16769,8045,8724,9581,4632,4949,2396,1144,1252,
47930,9585,4621,4964,16772,8088,8684,19168,9205,9963,16771,8047,8724,9583,4633,4950,2396,1144,1252,
47935,9586,4621,4965,16773,8088,8685,19169,9206,9963,16773,8048,8725,9584,4633,4951,2396,1144,1252,
47940,9587,4621,4966,16776,8090,8686,19173,9208,9965,16775,8050,8725,9585,4633,4952,2396,1144,1252,
47945,9587,4621,4966,16778,8091,8687,19173,9208,9965,16776,8050,8726,9585,4633,4952,2397,1145,1252,
47950,9589,4621,4968,16779,8092,8687,19176,9208,9968,16778,8050,8728,9587,4633,4954,2397,1145,1252,
47955,9590,4621,4969,16780,8093,8687,19177,9208,9969,16780,8050,8730,9588,4633,4955,2397,1145,1252,
47960,9591,4621,4970,16783,8096,8687,19181,9210,9971,16782,8051,8731,9589,4633,4956,2397,1145,1252,
47965,9591,4621,4970,16785,8097,8688,19181,9210,9971,16783,8051,8732,9589,4633,4956,2398,1145,1253,
47970,9593,4621,4972,16786,8098,8688,19184,9211,9973,16785,8053,8732,9591,4633,4958,2398,1145,1253,
47975,9594,4622,4972,16787,8099,8688,19185,9212,9973,16787,8053,8734,9592,4633,4959,2398,1145,1253,
47980,9595,4622,4973,16790,8102,8688,19189,9215,9974,16789,8054,8735,9593,4633,4960,2398,1145,1253,
47985,9595,4622,4973,16792,8103,8689,19189,9215,9974,16790,8055,8735,9593,4633,4960,2399,1146,1253,
47990,9597,4623,4974,16793,8104,8689,19192,9216,9976,16792,8056,8736,9595,4635,4960,2399,1146,1253,
47995,9598,4623,4975,16794,8105,8689,19193,9217,9976,16794,8057,8737,9596,4636,4960,2399,1146,1253,
48000,9599,4623,4976,16797,8107,8690,19197,9219,9978,16796,8059,8737,9597,4637,4960,2399,1146,1253,
48005,9599,4623,4976,16799,8108,8691,19197,9219,9978,16797,8059,8738,9597,4637,4960,2400,1147,1253,
48010,9601,4624,4977,16800,8108,8692,19200,9219,9981,16799,8061,8738,9599,4637,4962,2400,1147,1253,
48015,9602,4624,4978,16801,8108,8693,19201,9220,9981,16801,8063,8738,9600,4638,4962,2400,1147,1253,
48020,9603,4625,4978,16804,8111,8693,19205,9221,9984,16803,8063,8740,9601,4638,4963,2400,1147,1253,
48025,9603,4625,4978,16806,8113,8693,19205,9221,9984,16804,8063,8741,9601,4638,4963,2401,1147,1254,
48030,9605,4626,4979,16807,8113,8694,19208,9222,9986,16806,8065,8741,9603,4639,4964,2401,1147,1254,
48035,9606,4627,4979,16808,8113,8695,19209,9223,9986,16808,8067,8741,9604,4639,4965,2401,1147,1254,
48040,9607,4627,4980,16811,8116,8695,19213,9225,9988,16810,8067,8743,9605,4640,4965,2401,1147,1254,
48045,9607,4627,4980,16813,8118,8695,19213,9225,9988,16811,8068,8743,9605,4640,4965,2402,1147,1255,
48050,9609,4629,4980,16814,8119,8695,19216,9226,9990,16813,8070,8743,9607,4642,4965,2402,1147,1255,
48055,9610,4630,4980,16815,8119,8696,19217,9226,9991,16815,8071,8744,9608,4642,4966,2402,1147,1255,
48060,9611,4630,4981,16818,8121,8697,19221,9228,9993,16817,8072,8745,9609,4642,4967,2402,1147,1255,
48065,9611,4630,4981,16820,8123,8697,19221,9228,9993,16818,8073,8745,9609,4642,4967,2403,1148,1255,
48070,9613,4631,4982,16821,8124,8697,19224,9231,9993,16820,8074,8746,9611,4643,4968,2403,1148,1255,
48075,9614,4631,4983,16822,8124,8698,19225,9231,9994,16822,8075,8747,9612,4643,4969,2403,1148,1255,
48080,9615,4632,4983,16825,8125,8700,19229,9234,9995,16824,8075,8749,9613,4643,4970,2403,1148,1255,
48085,9615,4632,4983,16827,8126,8701,19229,9234,9995,16825,8076,8749,9613,4643,4970,2404,1148,1256,
48090,9617,4634,4983,16828,8127,8701,19232,9236,9996,16827,8078,8749,9615,4644,4971,2404,1148,1256,
48095,9618,4634,4984,16829,8128,8701,19233,9236,9997,16829,8079,8750,9616,4644,4972,2404,1148,1256,
48100,9619,4635,4984,16832,8128,8704,19237,9238,9999,16831,8080,8751,9617,4645,4972,2404,1148,1256,
48105,9619,4635,4984,16834,8130,8704,19237,9238,9999,16832,8080,8752,9617,4645,4972,2405,1149,1256,
48110,9621,4635,4986,16835,8130,8705,19240,9240,10000,16834,8081,8753,9619,4645,4974,2405,1149,1256,
48115,9622,4635,4987,16836,8130,8706,19241,9241,10000,16836,8082,8754,9620,4645,4975,2405,1149,1256,
48120,9623,4636,4987,16839,8131,8708,19245,9242,10003,16838,8083,8755,9621,4645,4976,2405,1149,1256,
48125,9623,4636,4987,16841,8132,8709,19245,9242,10003,16839,8084,8755,9621,4645,4976,2406,1149,1257,
48130,9625,4638,4987,16842,8132,8710,19248,9244,10004,16841,8084,8757,9623,4646,4977,2406,1149,1257,
48135,9626,4639,4987,16843,8132,8711,19249,9244,10005,16843,8086,8757,9624,4646,4978,2406,1149,1257,
48140,9627,4639,4988,16846,8132,8714,19253,9245,10008,16845,8088,8757,9625,4647,4978,2406,1149,1257,
48145,9627,4639,4988,16848,8132,8716,19253,9245,10008,16846,8088,8758,9625,4647,4978,2407,1149,1258,
48150,9629,4639,4990,16849,8132,8717,19256,9248,10008,16848,8089,8759,9627,4649,4978,2407,1149,1258,
48155,9630,4640,4990,16850,8132,8718,19257,9248,10009,16850,8089,8761,9628,4650,4978,2407,1149,1258,
48160,9631,4640,4991,16853,8134,8719,19261,9249,10012,16852,8090,8762,9629,4651,4978,2407,1149,1258,
48165,9631,4640,4991,16855,8135,8720,19261,9249,10012,16853,8091,8762,9629,4651,4978,2408,1150,1258,
48170,9633,4640,4993,16856,8136,8720,19264,9250,10014,16855,8091,8764,9631,4652,4979,2408,1150,1258,
48175,9634,4641,4993,16857,8136,8721,19265,9250,10015,16857,8093,8764,9632,4652,4980,2408,1150,1258,
48180,9635,4641,4994,16860,8138,8722,19269,9253,10016,16859,8094,8765,9633,4653,4980,2408,1150,1258,
48185,9635,4641,4994,16862,8139,8723,19269,9253,10016,16860,8095,8765,9633,4653,4980,2409,1151,1258,
48190,9637,4643,4994,16863,8140,8723,19272,9254,10018,16862,8095,8767,9635,4654,4981,2409,1151,1258,
48195,9638,4643,4995,16864,8141,8723,19273,9255,10018,16864,8096,8768,9636,4655,4981,2409,1151,1258,
48200,9639,4643,4996,16867,8142,8725,19277,9256,10021,16866,8097,8769,9637,4656,4981,2409,1151,1258,
48205,9639,4643,4996,16869,8144,8725,19277,9256,10021,16867,8098,8769,9637,4656,4981,2410,1152,1258,
48210,9641,4643,4998,16870,8144,8726,19280,9258,10022,16869,8099,8770,9639,4658,4981,2410,1152,1258,
48215,9642,4643,4999,16871,8145,8726,19281,9258,10023,16871,8101,8770,9640,4659,4981,2410,1152,1258,
48220,9643,4644,4999,16874,8147,8727,19285,9260,10025,16873,8101,8772,9641,4660,4981,2410,1152,1258,
48225,9643,4644,4999,16876,8147,8729,19285,9260,10025,16874,8102,8772,9641,4660,4981,2411,1152,1259,
48230,9645,4644,5001,16877,8148,8729,19288,9262,10026,16876,8103,8773,9643,4662,4981,2411,1152,1259,
48235,9646,4644,5002,16878,8148,8730,19289,9262,10027,16878,8104,8774,9644,4663,4981,2411,1152,1259,
48240,9647,4644,5003,16881,8149,8732,19293,9265,10028,16880,8104,8776,9645,4663,4982,2411,1152,1259,
48245,9647,4644,5003,16883,8151,8732,19293,9265,10028,16881,8104,8777,9645,4663,4982,2412,1152,1260,
48250,9649,4645,5004,16884,8151,8733,19296,9267,10029,16883,8104,8779,9647,4665,4982,2412,1152,1260,
48255,9650,4646,5004,16885,8152,8733,19297,9267,10030,16885,8105,8780,9648,4665,4983,2412,1152,1260,
48260,9651,4647,5004,16888,8154,8734,19301,9268,10033,16887,8105,8782,9649,4665,4984,2412,1152,1260,
48265,9651,4647,5004,16890,8154,8736,19301,9268,10033,16888,8106,8782,9649,4665,4984,2413,1153,1260,
48270,9653,4649,5004,16891,8155,8736,19304,9269,10035,16890,8107,8783,9651,4666,4985,2413,1153,1260,
48275,9654,4649,5005,16892,8156,8736,19305,9269,10036,16892,8109,8783,9652,4666,4986,2413,1153,1260,
48280,9655,4650,5005,16895,8158,8737,19309,9271,10038,16894,8110,8784,9653,4666,4987,2413,1153,1260,
48285,9655,4650,5005,16897,8159,8738,19309,9271,10038,16895,8111,8784,9653,4666,4987,2414,1153,1261,
48290,9657,4651,5006,16898,8160,8738,19312,9273,10039,16897,8112,8785,9655,4666,4989,2414,1153,1261,
48295,9658,4651,5007,16899,8160,8739,19313,9274,10039,16899,8114,8785,9656,4666,4990,2414,1153,1261,
48300,9659,4652,5007,16902,8162,8740,19317,9274,10043,16901,8114,8787,9657,4666,4991,2414,1153,1261,
48305,9659,4652,5007,16904,8163,8741,19317,9274,10043,16902,8114,8788,9657,4666,4991,2415,1153,1262,
48310,9661,4653,5008,16905,8164,8741,19320,9275,10045,16904,8116,8788,9659,4667,4992,2415,1153,1262,
48315,9662,4654,5008,16906,8165,8741,19321,9275,10046,16906,8117,8789,9660,4667,4993,2415,1153,1262,
48320,9663,4655,5008,16909,8167,8742,19325,9276,10049,16908,8118,8790,9661,4668,4993,2415,1153,1262,
48325,9663,4655,5008,16911,8168,8743,19325,9276,10049,16909,8119,8790,9661,4668,4993,2416,1154,1262,
48330,9665,4656,5009,16912,8168,8744,19328,9276,10052,16911,8120,8791,9663,4668,4995,2416,1154,1262,
48335,9666,4656,5010,16913,8168,8745,19329,9277,10052,16913,8120,8793,9664,4668,4996,2416,1154,1262,
48340,9667,4656,5011,16916,8169,8747,19333,9279,10054,16915,8121,8794,9665,4668,4997,2416,1154,1262,
48345,9667,4656,5011,16918,8170,8748,19333,9279,10054,16916,8122,8794,9665,4668,4997,2417,1155,1262,
48350,9669,4657,5012,16919,8171,8748,19336,9281,10055,16918,8124,8794,9667,4669,4998,2417,1155,1262,
48355,9670,4658,5012,16920,8172,8748,19337,9282,10055,16920,8125,8795,9668,4669,4999,2417,1155,1262,
48360,9671,4658,5013,16923,8174,8749,19341,9284,10057,16922,8125,8797,9669,4669,5000,2417,1155,1262,
48365,9671,4658,5013,16925,8176,8749,19341,9284,10057,16923,8125,8798,9669,4669,5000,2418,1156,1262,
48370,9673,4658,5015,16926,8177,8749,19344,9286,10058,16925,8127,8798,9671,4670,5001,2418,1156,1262,
48375,9674,4658,5016,16927,8178,8749,19345,9287,10058,16927,8127,8800,9672,4671,5001,2418,1156,1262,
48380,9675,4658,5017,16930,8179,8751,19349,9290,10059,16929,8128,8801,9673,4672,5001,2418,1156,1262,
48385,9675,4658,5017,16932,8179,8753,19349,9290,10059,16930,8129,8801,9673,4672,5001,2419,1157,1262,
48390,9677,4658,5019,16933,8180,8753,19352,9293,10059,16932,8130,8802,9675,4672,5003,2419,1157,1262,
48395,9678,4658,5020,16934,8180,8754,19353,9293,10060,16934,8130,8804,9676,4673,5003,2419,1157,1262,
48400,9679,4658,5021,16937,8180,8757,19357,9296,10061,16936,8132,8804,9677,4673,5004,2419,1157,1262,
48405,9679,4658,5021,16939,8182,8757,19357,9296,10061,16937,8132,8805,9677,4673,5004,2420,1157,1263,
48410,9681,4660,5021,16940,8183,8757,19360,9298,10062,16939,8132,8807,9679,4674,5005,2420,1157,1263,
48415,9682,4661,5021,16941,8183,8758,19361,9299,10062,16941,8133,8808,9680,4674,5006,2420,1157,1263,
48420,9683,4661,5022,16944,8185,8759,19365,9301,10064,16943,8134,8809,9681,4674,5007,2420,1157,1263,
48425,9683,4661,5022,16946,8187,8759,19365,9301,10064,16944,8134,8810,9681,4674,5007,2421,1157,1264,
48430,9685,4662,5023,16947,8188,8759,19368,9303,10065,16946,8134,8812,9683,4675,5008,2421,1157,1264,
48435,9686,4663,5023,16948,8189,8759,19369,9303,10066,16948,8135,8813,9684,4676,5008,2421,1157,1264,
48440,9687,4664,5023,16951,8192,8759,19373,9304,10069,16950,8136,8814,9685,4677,5008,2421,1157,1264,
48445,9687,4664,5023,16953,8192,8761,19373,9304,10069,16951,8136,8815,9685,4677,5008,2422,1157,1265,
48450,9689,4664,5025,16954,8192,8762,19376,9306,10070,16953,8137,8816,9687,4678,5009,2422,1157,1265,
48455,9690,4664,5026,16955,8192,8763,19377,9306,10071,16955,8139,8816,9688,4679,5009,2422,1157,1265,
48460,9691,4664,5027,16958,8193,8765,19381,9309,10072,16957,8141,8816,9689,4680,5009,2422,1157,1265,
48465,9691,4664,5027,16960,8194,8766,19381,9309,10072,16958,8141,8817,9689,4680,5009,2423,1158,1265,
48470,9693,4665,5028,16961,8194,8767,19384,9311,10073,16960,8142,8818,9691,4681,5010,2423,1158,1265,
48475,9694,4665,5029,16962,8195,8767,19385,9311,10074,16962,8143,8819,9692,4681,5011,2423,1158,1265,
48480,9695,4665,5030,16965,8195,8770,19389,9313,10076,16964,8145,8819,9693,4681,5012,2423,1158,1265,
48485,9695,4665,5030,16967,8196,8771,19389,9313,10076,16965,8145,8820,9693,4681,5012,2424,1158,1266,
48490,9697,4665,5032,16968,8197,8771,19392,9315,10077,16967,8146,8821,9695,4682,5013,2424,1158,1266,
48495,9698,4666,5032,16969,8197,8772,19393,9316,10077,16969,8148,8821,9696,4682,5014,2424,1158,1266,
48500,9699,4667,5032,16972,8198,8774,19397,9318,10079,16971,8150,8821,9697,4682,5015,2424,1158,1266,
48505,9699,4667,5032,16974,8199,8775,19397,9318,10079,16972,8150,8822,9697,4682,5015,2425,1159,1266,
48510,9701,4668,5033,16975,8199,8776,19400,9318,10082,16974,8151,8823,9699,4682,5017,2425,1159,1266,
48515,9702,4668,5034,16976,8200,8776,19401,9319,10082,16976,8152,8824,9700,4682,5018,2425,1159,1266,
48520,9703,4669,5034,16979,8203,8776,19405,9322,10083,16978,8152,8826,9701,4682,5019,2425,1159,1266,
48525,9703,4669,5034,16981,8204,8777,19405,9322,10083,16979,8152,8827,9701,4682,5019,2426,1160,1266,
48530,9705,4670,5035,16982,8204,8778,19408,9324,10084,16981,8153,8828,9703,4683,5020,2426,1160,1266,
48535,9706,4670,5036,16983,8204,8779,19409,9325,10084,16983,8154,8829,9704,4684,5020,2426,1160,1266,
48540,9707,4671,5036,16986,8206,8780,19413,9327,10086,16985,8154,8831,9705,4685,5020,2426,1160,1266,
48545,9707,4671,5036,16988,8207,8781,19413,9327,10086,16986,8154,8832,9705,4685,5020,2427,1161,1266,
48550,9709,4671,5038,16989,8208,8781,19416,9327,10089,16988,8155,8833,9707,4686,5021,2427,1161,1266,
48555,9710,4672,5038,16990,8208,8782,19417,9328,10089,16990,8156,8834,9708,4687,5021,2427,1161,1266,
48560,9711,4673,5038,16993,8209,8784,19421,9329,10092,16992,8157,8835,9709,4688,5021,2427,1161,1266,
48565,9711,4673,5038,16995,8209,8786,19421,9329,10092,16993,8158,8835,9709,4688,5021,2428,1161,1267,
48570,9713,4674,5039,16996,8209,8787,19424,9331,10093,16995,8159,8836,9711,4688,5023,2428,1161,1267,
48575,9714,4675,5039,16997,8209,8788,19425,9332,10093,16997,8161,8836,9712,4689,5023,2428,1161,1267,
48580,9715,4675,5040,17000,8212,8788,19429,9335,10094,16999,8163,8836,9713,4690,5023,2428,1161,1267,
48585,9715,4675,5040,17002,8214,8788,19429,9335,10094,17000,8164,8836,9713,4690,5023,2429,1162,1267,
48590,9717,4677,5040,17003,8214,8789,19432,9338,10094,17002,8164,8838,9715,4691,5024,2429,1162,1267,
48595,9718,4678,5040,17004,8215,8789,19433,9339,10094,17004,8164,8840,9716,4691,5025,2429,1162,1267,
48600,9719,4678,5041,17007,8217,8790,19437,9340,10097,17006,8164,8842,9717,4691,5026,2429,1162,1267,
48605,9719,4678,5041,17009,8219,8790,19437,9340,10097,17007,8165,8842,9717,4691,5026,2430,1162,1268,
48610,9721,4679,5042,17010,8219,8791,19440,9342,10098,17009,8166,8843,9719,4693,5026,2430,1162,1268,
48615,9722,4680,5042,17011,8220,8791,19441,9342,10099,17011,8168,8843,9720,4694,5026,2430,1162,1268,
48620,9723,4681,5042,17014,8221,8793,19445,9343,10102,17013,8169,8844,9721,4695,5026,2430,1162,1268,
48625,9723,4681,5042,17016,8223,8793,19445,9343,10102,17014,8170,8844,9721,4695,5026,2431,1162,1269,
48630,9725,4682,5043,17017,8223,8794,19448,9346,10102,17016,8171,8845,9723,4695,5028,2431,1162,1269,
48635,9726,4683,5043,17018,8224,8794,19449,9347,10102,17018,8172,8846,9724,4695,5029,2431,1162,1269,
48640,9727,4683,5044,17021,8225,8796,19453,9350,10103,17020,8174,8846,9725,4696,5029,2431,1162,1269,
48645,9727,4683,5044,17023,8226,8797,19453,9350,10103,17021,8174,8847,9725,4696,5029,2432,1162,1270,
48650,9729,4684,5045,17024,8226,8798,19456,9352,10104,17023,8175,8848,9727,4698,5029,2432,1162,1270,
48655,9730,4685,5045,17025,8226,8799,19457,9352,10105,17025,8175,8850,9728,4699,5029,2432,1162,1270,
48660,9731,4685,5046,17028,8228,8800,19461,9354,10107,17027,8176,8851,9729,4699,5030,2432,1162,1270,
48665,9731,4685,5046,17030,8228,8802,19461,9354,10107,17028,8177,8851,9729,4699,5030,2433,1163,1270,
48670,9733,4686,5047,17031,8228,8803,19464,9355,10109,17030,8177,8853,9731,4701,5030,2433,1163,1270,
48675,9734,4686,5048,17032,8229,8803,19465,9355,10110,17032,8178,8854,9732,4701,5031,2433,1163,1270,
48680,9735,4686,5049,17035,8231,8804,19469,9357,10112,17034,8179,8855,9733,4702,5031,2433,1163,1270,
48685,9735,4686,5049,17037,8232,8805,19469,9357,10112,17035,8180,8855,9733,4702,5031,2434,1164,1270,
48690,9737,4686,5051,17038,8233,8805,19472,9358,10114,17037,8181,8856,9735,4703,5032,2434,1164,1270,
48695,9738,4686,5052,17039,8233,8806,19473,9359,10114,17039,8182,8857,9736,4703,5033,2434,1164,1270,
48700,9739,4686,5053,17042,8235,8807,19477,9360,10117,17041,8183,8858,9737,4704,5033,2434,1164,1270,
48705,9739,4686,5053,17044,8236,8808,19477,9360,10117,17042,8183,8859,9737,4704,5033,2435,1165,1270,
48710,9741,4687,5054,17045,8236,8809,19480,9361,10119,17044,8183,8861,9739,4705,5034,2435,1165,1270,
48715,9742,4687,5055,17046,8236,8810,19481,9362,10119,17046,8183,8863,9740,4705,5035,2435,1165,1270,
48720,9743,4688,5055,17049,8238,8811,19485,9365,10120,17048,8185,8863,9741,4706,5035,2435,1165,1270,
48725,9743,4688,5055,17051,8238,8813,19485,9365,10120,17049,8185,8864,9741,4706,5035,2436,1165,1271,
48730,9745,4688,5057,17052,8238,8814,19488,9367,10121,17051,8186,8865,9743,4707,5036,2436,1165,1271,
48735,9746,4688,5058,17053,8239,8814,19489,9367,10122,17053,8187,8866,9744,4707,5037,2436,1165,1271,
48740,9747,4688,5059,17056,8240,8816,19493,9368,10125,17055,8188,8867,9745,4708,5037,2436,1165,1271,
48745,9747,4688,5059,17058,8241,8817,19493,9368,10125,17056,8188,8868,9745,4708,5037,2437,1165,1272,
48750,9749,4690,5059,17059,8242,8817,19496,9369,10127,17058,8190,8868,9747,4709,5038,2437,1165,1272,
48755,9750,4690,5060,17060,8242,8818,19497,9370,10127,17060,8191,8869,9748,4710,5038,2437,1165,1272,
48760,9751,4690,5061,17063,8245,8818,19501,9371,10130,17062,8192,8870,9749,4710,5039,2437,1165,1272,
48765,9751,4690,5061,17065,8247,8818,19501,9371,10130,17063,8193,8870,9749,4710,5039,2438,1166,1272,
48770,9753,4691,5062,17066,8247,8819,19504,9373,10131,17065,8194,8871,9751,4712,5039,2438,1166,1272,
48775,9754,4691,5063,17067,8248,8819,19505,9373,10132,17067,8195,8872,9752,4713,5039,2438,1166,1272,
48780,9755,4692,5063,17070,8250,8820,19509,9373,10136,17069,8195,8874,9753,4714,5039,2438,1166,1272,
48785,9755,4692,5063,17072,8251,8821,19509,9373,10136,17070,8196,8874,9753,4714,5039,2439,1167,1272,
48790,9757,4692,5065,17073,8251,8822,19512,9375,10137,17072,8198,8874,9755,4715,5040,2439,1167,1272,
48795,9758,4692,5066,17074,8251,8823,19513,9375,10138,17074,8199,8875,9756,4715,5041,2439,1167,1272,
48800,9759,4692,5067,17077,8252,8825,19517,9378,10139,17076,8201,8875,9757,4716,5041,2439,1167,1272,
48805,9759,4692,5067,17079,8253,8826,19517,9378,10139,17077,8201,8876,9757,4716,5041,2440,1167,1273,
48810,9761,4693,5068,17080,8254,8826,19520,9379,10141,17079,8202,8877,9759,4717,5042,2440,1167,1273,
48815,9762,4694,5068,17081,8254,8827,19521,9380,10141,17081,8203,8878,9760,4717,5043,2440,1167,1273,
48820,9763,4695,5068,17084,8254,8830,19525,9382,10143,17083,8204,8879,9761,4718,5043,2440,1167,1273,
48825,9763,4695,5068,17086,8254,8832,19525,9382,10143,17084,8205,8879,9761,4718,5043,2441,1167,1274,
48830,9765,4696,5069,17087,8254,8833,19528,9383,10145,17086,8205,8881,9763,4719,5044,2441,1167,1274,
48835,9766,4697,5069,17088,8255,8833,19529,9384,10145,17088,8205,8883,9764,4720,5044,2441,1167,1274,
48840,9767,4697,5070,17091,8257,8834,19533,9387,10146,17090,8206,8884,9765,4720,5045,2441,1167,1274,
48845,9767,4697,5070,17093,8259,8834,19533,9387,10146,17091,8206,8885,9765,4720,5045,2442,1167,1275,
48850,9769,4697,5072,17094,8259,8835,19536,9389,10147,17093,8208,8885,9767,4720,5047,2442,1167,1275,
48855,9770,4697,5073,17095,8259,8836,19537,9389,10148,17095,8208,8887,9768,4720,5048,2442,1167,1275,
48860,9771,4697,5074,17098,8261,8837,19541,9390,10151,17097,8208,8889,9769,4720,5049,2442,1167,1275,
48865,9771,4697,5074,17100,8263,8837,19541,9390,10151,17098,8209,8889,9769,4720,5049,2443,1168,1275,
48870,9773,4697,5076,17101,8264,8837,19544,9391,10153,17100,8210,8890,9771,4722,5049,2443,1168,1275,
48875,9774,4697,5077,17102,8265,8837,19545,9392,10153,17102,8211,8891,9772,4723,5049,2443,1168,1275,
48880,9775,4698,5077,17105,8267,8838,19549,9394,10155,17104,8211,8893,9773,4723,5050,2443,1168,1275,
48885,9775,4698,5077,17107,8269,8838,19549,9394,10155,17105,8211,8894,9773,4723,5050,2444,1169,1275,
48890,9777,4698,5079,17108,8270,8838,19552,9395,10157,17107,8212,8895,9775,4724,5051,2444,1169,1275,
48895,9778,4698,5080,17109,8270,8839,19553,9396,10157,17109,8212,8897,9776,4725,5051,2444,1169,1275,
48900,9779,4699,5080,17112,8272,8840,19557,9399,10158,17111,8212,8899,9777,4726,5051,2444,1169,1275,
48905,9779,4699,5080,17114,8274,8840,19557,9399,10158,17112,8212,8900,9777,4726,5051,2445,1170,1275,
48910,9781,4699,5082,17115,8274,8841,19560,9402,10158,17114,8214,8900,9779,4727,5052,2445,1170,1275,
48915,9782,4700,5082,17116,8275,8841,19561,9402,10159,17116,8215,8901,9780,4727,5053,2445,1170,1275,
48920,9783,4700,5083,17119,8278,8841,19565,9404,10161,17118,8217,8901,9781,4727,5054,2445,1170,1275,
48925,9783,4700,5083,17121,8278,8843,19565,9404,10161,17119,8218,8901,9781,4727,5054,2446,1171,1275,
48930,9785,4700,5085,17122,8278,8844,19568,9407,10161,17121,8219,8902,9783,4728,5055,2446,1171,1275,
48935,9786,4701,5085,17123,8279,8844,19569,9407,10162,17123,8220,8903,9784,4728,5056,2446,1171,1275,
48940,9787,4702,5085,17126,8279,8847,19573,9407,10166,17125,8221,8904,9785,4728,5057,2446,1171,1275,
48945,9787,4702,5085,17128,8279,8849,19573,9407,10166,17126,8222,8904,9785,4728,5057,2447,1171,1276,
48950,9789,4703,5086,17129,8280,8849,19576,9409,10167,17128,8223,8905,9787,4728,5059,2447,1171,1276,
48955,9790,4704,5086,17130,8281,8849,19577,9409,10168,17130,8223,8907,9788,4728,5060,2447,1171,1276,
48960,9791,4705,5086,17133,8283,8850,19581,9411,10170,17132,8224,8908,9789,4729,5060,2447,1171,1276,
48965,9791,4705,5086,17135,8283,8852,19581,9411,10170,17133,8225,8908,9789,4729,5060,2448,1171,1277,
48970,9793,4705,5088,17136,8283,8853,19584,9412,10172,17135,8226,8909,9791,4730,5061,2448,1171,1277,
48975,9794,4706,5088,17137,8283,8854,19585,9412,10173,17137,8226,8911,9792,4731,5061,2448,1171,1277,
48980,9795,4706,5089,17140,8284,8856,19589,9414,10175,17139,8227,8912,9793,4731,5062,2448,1171,1277,
48985,9795,4706,5089,17142,8285,8857,19589,9414,10175,17140,8227,8913,9793,4731,5062,2449,1172,1277,
48990,9797,4707,5090,17143,8285,8858,19592,9415,10177,17142,8228,8914,9795,4732,5063,2449,1172,1277,
48995,9798,4707,5091,17144,8286,8858,19593,9415,10178,17144,8229,8915,9796,4732,5064,2449,1172,1277,
49000,9799,4708,5091,17147,8288,8859,19597,9415,10182,17146,8229,8917,9797,4732,5065,2449,1172,1277,
49005,9799,4708,5091,17149,8290,8859,19597,9415,10182,17147,8229,8918,9797,4732,5065,2450,1173,1277,
49010,9801,4709,5092,17150,8291,8859,19600,9417,10183,17149,8230,8919,9799,4732,5067,2450,1173,1277,
49015,9802,4710,5092,17151,8292,8859,19601,9417,10184,17151,8230,8921,9800,4733,5067,2450,1173,1277,
49020,9803,4710,5093,17154,8293,8861,19605,9418,10187,17153,8231,8922,9801,4733,5068,2450,1173,1277,
49025,9803,4710,5093,17156,8293,8863,19605,9418,10187,17154,8232,8922,9801,4733,5068,2451,1174,1277,
49030,9805,4711,5094,17157,8293,8864,19608,9420,10188,17156,8233,8923,9803,4734,5069,2451,1174,1277,
49035,9806,4711,5095,17158,8293,8865,19609,9420,10189,17158,8235,8923,9804,4735,5069,2451,1174,1277,
49040,9807,4712,5095,17161,8296,8865,19613,9422,10191,17160,8236,8924,9805,4735,5070,2451,1174,1277,
49045,9807,4712,5095,17163,8298,8865,19613,9422,10191,17161,8237,8924,9805,4735,5070,2452,1174,1278,
49050,9809,4713,5096,17164,8298,8866,19616,9424,10192,17163,8238,8925,9807,4736,5071,2452,1174,1278,
49055,9810,4713,5097,17165,8298,8867,19617,9425,10192,17165,8238,8927,9808,4736,5072,2452,1174,1278,
49060,9811,4713,5098,17168,8299,8869,19621,9427,10194,17167,8239,8928,9809,4736,5073,2452,1174,1278,
49065,9811,4713,5098,17170,8300,8870,19621,9427,10194,17168,8239,8929,9809,4736,5073,2453,1174,1279,
49070,9813,4713,5100,17171,8301,8870,19624,9427,10197,17170,8239,8931,9811,4737,5074,2453,1174,1279,
49075,9814,4713,5101,17172,8301,8871,19625,9428,10197,17172,8239,8933,9812,4737,5075,2453,1174,1279,
49080,9815,4713,5102,17175,8302,8873,19629,9430,10199,17174,8239,8935,9813,4738,5075,2453,1174,1279,
49085,9815,4713,5102,17177,8303,8874,19629,9430,10199,17175,8239,8936,9813,4738,5075,2454,1174,1280,
49090,9817,4713,5104,17178,8303,8875,19632,9431,10201,17177,8240,8937,9815,4740,5075,2454,1174,1280,
49095,9818,4713,5105,17179,8304,8875,19633,9431,10202,17179,8241,8938,9816,4741,5075,2454,1174,1280,
49100,9819,4714,5105,17182,8305,8877,19637,9432,10205,17181,8242,8939,9817,4741,5076,2454,1174,1280,
49105,9819,4714,5105,17184,8305,8879,19637,9432,10205,17182,8243,8939,9817,4741,5076,2455,1175,1280,
49110,9821,4715,5106,17185,8306,8879,19640,9434,10206,17184,8243,8941,9819,4742,5077,2455,1175,1280,
49115,9822,4716,5106,17186,8306,8880,19641,9435,10206,17186,8244,8942,9820,4743,5077,2455,1175,1280,
49120,9823,4716,5107,17189,8307,8882,19645,9438,10207,17188,8246,8942,9821,4743,5078,2455,1175,1280,
49125,9823,4716,5107,17191,8308,8883,19645,9438,10207,17189,8247,8942,9821,4743,5078,2456,1176,1280,
49130,9825,4716,5109,17192,8308,8884,19648,9439,10209,17191,8248,8943,9823,4743,5080,2456,1176,1280,
49135,9826,4717,5109,17193,8308,8885,19649,9439,10210,17193,8249,8944,9824,4744,5080,2456,1176,1280,
49140,9827,4718,5109,17196,8310,8886,19653,9441,10212,17195,8250,8945,9825,4745,5080,2456,1176,1280,
49145,9827,4718,5109,17198,8311,8887,19653,9441,10212,17196,8251,8945,9825,4745,5080,2457,1176,1281,
49150,9829,4720,5109,17199,8312,8887,19656,9442,10214,17198,8251,8947,9827,4746,5081,2457,1176,1281,
49155,9830,4720,5110,17200,8313,8887,19657,9442,10215,17200,8251,8949,9828,4747,5081,2457,1176,1281,
49160,9831,4721,5110,17203,8314,8889,19661,9445,10216,17202,8252,8950,9829,4748,5081,2457,1176,1281,
49165,9831,4721,5110,17205,8315,8890,19661,9445,10216,17203,8252,8951,9829,4748,5081,2458,1177,1281,
49170,9833,4723,5110,17206,8316,8890,19664,9447,10217,17205,8252,8953,9831,4748,5083,2458,1177,1281,
49175,9834,4723,5111,17207,8316,8891,19665,9448,10217,17207,8252,8955,9832,4749,5083,2458,1177,1281,
49180,9835,4724,5111,17210,8317,8893,19669,9450,10219,17209,8253,8956,9833,4749,5084,2458,1177,1281,
49185,9835,4724,5111,17212,8317,8895,19669,9450,10219,17210,8253,8957,9833,4749,5084,2459,1177,1282,
49190,9837,4726,5111,17213,8318,8895,19672,9450,10222,17212,8253,8959,9835,4751,5084,2459,1177,1282,
49195,9838,4727,5111,17214,8319,8895,19673,9451,10222,17214,8254,8960,9836,4752,5084,2459,1177,1282,
49200,9839,4727,5112,17217,8320,8897,19677,9454,10223,17216,8256,8960,9837,4753,5084,2459,1177,1282,
49205,9839,4727,5112,17219,8321,8898,19677,9454,10223,17217,8256,8961,9837,4753,5084,2460,1178,1282,
49210,9841,4729,5112,17220,8322,8898,19680,9455,10225,17219,8256,8963,9839,4754,5085,2460,1178,1282,
49215,9842,4730,5112,17221,8322,8899,19681,9456,10225,17221,8257,8964,9840,4755,5085,2460,1178,1282,
49220,9843,4731,5112,17224,8322,8902,19685,9458,10227,17223,8259,8964,9841,4755,5086,2460,1178,1282,
49225,9843,4731,5112,17226,8323,8903,19685,9458,10227,17224,8260,8964,9841,4755,5086,2461,1178,1283,
49230,9845,4732,5113,17227,8324,8903,19688,9458,10230,17226,8261,8965,9843,4756,5087,2461,1178,1283,
49235,9846,4732,5114,17228,8324,8904,19689,9458,10231,17228,8262,8966,9844,4756,5088,2461,1178,1283,
49240,9847,4733,5114,17231,8326,8905,19693,9458,10235,17230,8262,8968,9845,4757,5088,2461,1178,1283,
49245,9847,4733,5114,17233,8327,8906,19693,9458,10235,17231,8262,8969,9845,4757,5088,2462,1178,1284,
49250,9849,4733,5116,17234,8327,8907,19696,9459,10237,17233,8263,8970,9847,4757,5090,2462,1178,1284,
49255,9850,4734,5116,17235,8328,8907,19697,9459,10238,17235,8264,8971,9848,4758,5090,2462,1178,1284,
49260,9851,4734,5117,17238,8330,8908,19701,9461,10240,17237,8265,8972,9849,4758,5091,2462,1178,1284,
49265,9851,4734,5117,17240,8331,8909,19701,9461,10240,17238,8266,8972,9849,4758,5091,2463,1178,1285,
49270,9853,4735,5118,17241,8332,8909,19704,9463,10241,17240,8268,8972,9851,4759,5092,2463,1178,1285,
49275,9854,4735,5119,17242,8332,8910,19705,9463,10242,17242,8270,8972,9852,4759,5093,2463,1178,1285,
49280,9855,4735,5120,17245,8334,8911,19709,9466,10243,17244,8272,8972,9853,4759,5094,2463,1178,1285,
49285,9855,4735,5120,17247,8336,8911,19709,9466,10243,17245,8273,8972,9853,4759,5094,2464,1178,1286,
49290,9857,4737,5120,17248,8336,8912,19712,9466,10246,17247,8274,8973,9855,4761,5094,2464,1178,1286,
49295,9858,4737,5121,17249,8337,8912,19713,9466,10247,17249,8275,8974,9856,4762,5094,2464,1178,1286,
49300,9859,4738,5121,17252,8339,8913,19717,9466,10251,17251,8275,8976,9857,4763,5094,2464,1178,1286,
49305,9859,4738,5121,17254,8340,8914,19717,9466,10251,17252,8275,8977,9857,4763,5094,2465,1179,1286,
49310,9861,4740,5121,17255,8340,8915,19720,9466,10254,17254,8276,8978,9859,4763,5096,2465,1179,1286,
49315,9862,4740,5122,17256,8340,8916,19721,9466,10255,17256,8276,8980,9860,4763,5097,2465,1179,1286,
49320,9863,4740,5123,17259,8341,8918,19725,9468,10257,17258,8277,8981,9861,4763,5098,2465,1179,1286,
49325,9863,4740,5123,17261,8341,8920,19725,9468,10257,17259,8277,8982,9861,4763,5098,2466,1180,1286,
49330,9865,4741,5124,17262,8342,8920,19728,9471,10257,17261,8279,8982,9863,4763,5100,2466,1180,1286,
49335,9866,4741,5125,17263,8342,8921,19729,9472,10257,17263,8280,8983,9864,4763,5101,2466,1180,1286,
49340,9867,4741,5126,17266,8343,8923,19733,9473,10260,17265,8281,8984,9865,4763,5102,2466,1180,1286,
49345,9867,4741,5126,17268,8344,8924,19733,9473,10260,17266,8281,8985,9865,4763,5102,2467,1181,1286,
49350,9869,4741,5128,17269,8344,8925,19736,9476,10260,17268,8281,8987,9867,4765,5102,2467,1181,1286,
49355,9870,4742,5128,17270,8345,8925,19737,9477,10260,17270,8281,8989,9868,4766,5102,2467,1181,1286,
49360,9871,4742,5129,17273,8347,8926,19741,9480,10261,17272,8282,8990,9869,4767,5102,2467,1181,1286,
49365,9871,4742,5129,17275,8348,8927,19741,9480,10261,17273,8282,8991,9869,4767,5102,2468,1181,1287,
49370,9873,4742,5131,17276,8349,8927,19744,9482,10262,17275,8284,8991,9871,4768,5103,2468,1181,1287,
49375,9874,4743,5131,17277,8350,8927,19745,9482,10263,17277,8285,8992,9872,4768,5104,2468,1181,1287,
49380,9875,4744,5131,17280,8352,8928,19749,9485,10264,17279,8286,8993,9873,4768,5105,2468,1181,1287,
49385,9875,4744,5131,17282,8353,8929,19749,9485,10264,17280,8287,8993,9873,4768,5105,2469,1182,1287,
49390,9877,4745,5132,17283,8354,8929,19752,9487,10265,17282,8287,8995,9875,4769,5106,2469,1182,1287,
49395,9878,4745,5133,17284,8354,8930,19753,9488,10265,17284,8288,8996,9876,4770,5106,2469,1182,1287,
49400,9879,4745,5134,17287,8355,8932,19757,9491,10266,17286,8289,8997,9877,4771,5106,2469,1182,1287,
49405,9879,4745,5134,17289,8356,8933,19757,9491,10266,17287,8289,8998,9877,4771,5106,2470,1182,1288,
49410,9881,4746,5135,17290,8357,8933,19760,9491,10269,17289,8290,8999,9879,4772,5107,2470,1182,1288,
49415,9882,4746,5136,17291,8358,8933,19761,9492,10269,17291,8291,9000,9880,4773,5107,2470,1182,1288,
49420,9883,4746,5137,17294,8359,8935,19765,9494,10271,17293,8293,9000,9881,4774,5107,2470,1182,1288,
49425,9883,4746,5137,17296,8360,8936,19765,9494,10271,17294,8294,9000,9881,4774,5107,2471,1183,1288,
49430,9885,4746,5139,17297,8361,8936,19768,9495,10273,17296,8295,9001,9883,4774,5109,2471,1183,1288,
49435,9886,4746,5140,17298,8362,8936,19769,9495,10274,17298,8296,9002,9884,4774,5110,2471,1183,1288,
49440,9887,4746,5141,17301,8362,8939,19773,9496,10277,17300,8296,9004,9885,4774,5111,2471,1183,1288,
49445,9887,4746,5141,17303,8362,8941,19773,9496,10277,17301,8297,9004,9885,4774,5111,2472,1184,1288,
49450,9889,4747,5142,17304,8363,8941,19776,9496,10280,17303,8297,9006,9887,4774,5113,2472,1184,1288,
49455,9890,4747,5143,17305,8363,8942,19777,9496,10281,17305,8299,9006,9888,4774,5114,2472,1184,1288,
49460,9891,4747,5144,17308,8365,8943,19781,9498,10283,17307,8301,9006,9889,4775,5114,2472,1184,1288,
49465,9891,4747,5144,17310,8366,8944,19781,9498,10283,17308,8301,9007,9889,4775,5114,2473,1184,1289,
49470,9893,4749,5144,17311,8367,8944,19784,9500,10284,17310,8303,9007,9891,4775,5116,2473,1184,1289,
49475,9894,4750,5144,17312,8368,8944,19785,9501,10284,17312,8303,9009,9892,4775,5117,2473,1184,1289,
49480,9895,4750,5145,17315,8370,8945,19789,9502,10287,17314,8303,9011,9893,4775,5118,2473,1184,1289,
49485,9895,4750,5145,17317,8372,8945,19789,9502,10287,17315,8304,9011,9893,4775,5118,2474,1185,1289,
49490,9897,4750,5147,17318,8372,8946,19792,9505,10287,17317,8305,9012,9895,4777,5118,2474,1185,1289,
49495,9898,4750,5148,17319,8373,8946,19793,9505,10288,17319,8305,9014,9896,4778,5118,2474,1185,1289,
49500,9899,4750,5149,17322,8375,8947,19797,9505,10292,17321,8307,9014,9897,4778,5119,2474,1185,1289,
49505,9899,4750,5149,17324,8377,8947,19797,9505,10292,17322,8307,9015,9897,4778,5119,2475,1185,1290,
49510,9901,4750,5151,17325,8378,8947,19800,9507,10293,17324,8308,9016,9899,4778,5121,2475,1185,1290,
49515,9902,4751,5151,17326,8379,8947,19801,9507,10294,17326,8309,9017,9900,4779,5121,2475,1185,1290,
49520,9903,4751,5152,17329,8380,8949,19805,9509,10296,17328,8311,9017,9901,4780,5121,2475,1185,1290,
49525,9903,4751,5152,17331,8381,8950,19805,9509,10296,17329,8312,9017,9901,4780,5121,2476,1186,1290,
49530,9905,4752,5153,17332,8382,8950,19808,9510,10298,17331,8313,9018,9903,4781,5122,2476,1186,1290,
49535,9906,4753,5153,17333,8382,8951,19809,9511,10298,17333,8314,9019,9904,4781,5123,2476,1186,1290,
49540,9907,4754,5153,17336,8383,8953,19813,9512,10301,17335,8315,9020,9905,4781,5124,2476,1186,1290,
49545,9907,4754,5153,17338,8384,8954,19813,9512,10301,17336,8316,9020,9905,4781,5124,2477,1187,1290,
49550,9909,4755,5154,17339,8384,8955,19816,9513,10303,17338,8317,9021,9907,4782,5125,2477,1187,1290,
49555,9910,4756,5154,17340,8385,8955,19817,9514,10303,17340,8319,9021,9908,4782,5126,2477,1187,1290,
49560,9911,4757,5154,17343,8388,8955,19821,9517,10304,17342,8320,9022,9909,4782,5127,2477,1187,1290,
49565,9911,4757,5154,17345,8390,8955,19821,9517,10304,17343,8320,9023,9909,4782,5127,2478,1187,1291,
49570,9913,4758,5155,17346,8391,8955,19824,9519,10305,17345,8322,9023,9911,4782,5129,2478,1187,1291,
49575,9914,4759,5155,17347,8392,8955,19825,9520,10305,17347,8322,9025,9912,4783,5129,2478,1187,1291,
49580,9915,4759,5156,17350,8393,8957,19829,9521,10308,17349,8323,9026,9913,4784,5129,2478,1187,1291,
49585,9915,4759,5156,17352,8394,8958,19829,9521,10308,17350,8324,9026,9913,4784,5129,2479,1188,1291,
49590,9917,4760,5157,17353,8395,8958,19832,9523,10309,17352,8324,9028,9915,4785,5130,2479,1188,1291,
49595,9918,4761,5157,17354,8396,8958,19833,9524,10309,17354,8325,9029,9916,4786,5130,2479,1188,1291,
49600,9919,4761,5158,17357,8397,8960,19837,9526,10311,17356,8327,9029,9917,4787,5130,2479,1188,1291,
49605,9919,4761,5158,17359,8397,8962,19837,9526,10311,17357,8327,9030,9917,4787,5130,2480,1188,1292,
49610,9921,4763,5158,17360,8397,8963,19840,9529,10311,17359,8328,9031,9919,4788,5131,2480,1188,1292,
49615,9922,4764,5158,17361,8397,8964,19841,9530,10311,17361,8328,9033,9920,4789,5131,2480,1188,1292,
49620,9923,4765,5158,17364,8397,8967,19845,9533,10312,17363,8329,9034,9921,4789,5132,2480,1188,1292,
49625,9923,4765,5158,17366,8397,8969,19845,9533,10312,17364,8330,9034,9921,4789,5132,2481,1189,1292,
49630,9925,4766,5159,17367,8397,8970,19848,9535,10313,17366,8331,9035,9923,4791,5132,2481,1189,1292,
49635,9926,4766,5160,17368,8397,8971,19849,9536,10313,17368,8332,9036,9924,4791,5133,2481,1189,1292,
49640,9927,4766,5161,17371,8397,8974,19853,9537,10316,17370,8332,9038,9925,4791,5134,2481,1189,1292,
49645,9927,4766,5161,17373,8398,8975,19853,9537,10316,17371,8333,9038,9925,4791,5134,2482,1190,1292,
49650,9929,4766,5163,17374,8398,8976,19856,9540,10316,17373,8335,9038,9927,4791,5136,2482,1190,1292,
49655,9930,4767,5163,17375,8399,8976,19857,9541,10316,17375,8336,9039,9928,4791,5137,2482,1190,1292,
49660,9931,4768,5163,17378,8400,8978,19861,9543,10318,17377,8336,9041,9929,4792,5137,2482,1190,1292,
49665,9931,4768,5163,17380,8400,8980,19861,9543,10318,17378,8337,9041,9929,4792,5137,2483,1191,1292,
49670,9933,4769,5164,17381,8401,8980,19864,9544,10320,17380,8338,9042,9931,4792,5139,2483,1191,1292,
49675,9934,4770,5164,17382,8401,8981,19865,9544,10321,17382,8338,9044,9932,4793,5139,2483,1191,1292,
49680,9935,4770,5165,17385,8402,8983,19869,9548,10321,17384,8338,9046,9933,4794,5139,2483,1191,1292,
49685,9935,4770,5165,17387,8404,8983,19869,9548,10321,17385,8339,9046,9933,4794,5139,2484,1192,1292,
49690,9937,4771,5166,17388,8404,8984,19872,9548,10324,17387,8340,9047,9935,4795,5140,2484,1192,1292,
49695,9938,4772,5166,17389,8404,8985,19873,9548,10325,17389,8341,9048,9936,4795,5141,2484,1192,1292,
49700,9939,4773,5166,17392,8406,8986,19877,9548,10329,17391,8343,9048,9937,4796,5141,2484,1192,1292,
49705,9939,4773,5166,17394,8407,8987,19877,9548,10329,17392,8344,9048,9937,4796,5141,2485,1192,1293,
49710,9941,4774,5167,17395,8408,8987,19880,9550,10330,17394,8345,9049,9939,4797,5142,2485,1192,1293,
49715,9942,4774,5168,17396,8408,8988,19881,9550,10331,17396,8347,9049,9940,4797,5143,2485,1192,1293,
49720,9943,4775,5168,17399,8410,8989,19885,9552,10333,17398,8347,9051,9941,4797,5144,2485,1192,1293,
49725,9943,4775,5168,17401,8410,8991,19885,9552,10333,17399,8347,9052,9941,4797,5144,2486,1192,1294,
49730,9945,4776,5169,17402,8410,8992,19888,9554,10334,17401,8347,9054,9943,4797,5146,2486,1192,1294,
49735,9946,4776,5170,17403,8410,8993,19889,9555,10334,17403,8347,9056,9944,4797,5147,2486,1192,1294,
49740,9947,4777,5170,17406,8410,8996,19893,9559,10334,17405,8348,9057,9945,4797,5148,2486,1192,1294,
49745,9947,4777,5170,17408,8411,8997,19893,9559,10334,17406,8348,9058,9945,4797,5148,2487,1192,1295,
49750,9949,4779,5170,17409,8412,8997,19896,9561,10335,17408,8348,9060,9947,4798,5149,2487,1192,1295,
49755,9950,4779,5171,17410,8413,8997,19897,9561,10336,17410,8350,9060,9948,4799,5149,2487,1192,1295,
49760,9951,4779,5172,17413,8414,8999,19901,9563,10338,17412,8351,9061,9949,4800,5149,2487,1192,1295,
49765,9951,4779,5172,17415,8415,9000,19901,9563,10338,17413,8352,9061,9949,4800,5149,2488,1192,1296,
49770,9953,4779,5174,17416,8416,9000,19904,9564,10340,17415,8353,9062,9951,4802,5149,2488,1192,1296,
49775,9954,4779,5175,17417,8417,9000,19905,9564,10341,17417,8354,9063,9952,4802,5150,2488,1192,1296,
49780,9955,4779,5176,17420,8419,9001,19909,9566,10343,17419,8355,9064,9953,4802,5151,2488,1192,1296,
49785,9955,4779,5176,17422,8419,9003,19909,9566,10343,17420,8356,9064,9953,4802,5151,2489,1193,1296,
49790,9957,4779,5178,17423,8419,9004,19912,9568,10344,17422,8358,9064,9955,4803,5152,2489,1193,1296,
49795,9958,4779,5179,17424,8419,9005,19913,9568,10345,17424,8360,9064,9956,4803,5153,2489,1193,1296,
49800,9959,4780,5179,17427,8421,9006,19917,9569,10348,17426,8362,9064,9957,4803,5154,2489,1193,1296,
49805,9959,4780,5179,17429,8423,9006,19917,9569,10348,17427,8363,9064,9957,4803,5154,2490,1194,1296,
49810,9961,4781,5180,17430,8424,9006,19920,9569,10351,17429,8363,9066,9959,4804,5155,2490,1194,1296,
49815,9962,4782,5180,17431,8425,9006,19921,9569,10352,17431,8363,9068,9960,4804,5156,2490,1194,1296,
49820,9963,4783,5180,17434,8426,9008,19925,9570,10355,17433,8363,9070,9961,4805,5156,2490,1194,1296,
49825,9963,4783,5180,17436,8427,9009,19925,9570,10355,17434,8363,9071,9961,4805,5156,2491,1195,1296,
49830,9965,4783,5182,17437,8428,9009,19928,9571,10357,17436,8363,9073,9963,4805,5158,2491,1195,1296,
49835,9966,4784,5182,17438,8428,9010,19929,9571,10358,17438,8363,9075,9964,4805,5159,2491,1195,1296,
49840,9967,4785,5182,17441,8429,9012,19933,9572,10361,17440,8364,9076,9965,4806,5159,2491,1195,1296,
49845,9967,4785,5182,17443,8429,9014,19933,9572,10361,17441,8365,9076,9965,4806,5159,2492,1195,1297,
49850,9969,4786,5183,17444,8429,9015,19936,9575,10361,17443,8365,9078,9967,4807,5160,2492,1195,1297,
49855,9970,4786,5184,17445,8429,9016,19937,9575,10362,17445,8366,9079,9968,4807,5161,2492,1195,1297,
49860,9971,4787,5184,17448,8430,9018,19941,9575,10366,17447,8367,9080,9969,4807,5162,2492,1195,1297,
49865,9971,4787,5184,17450,8430,9020,19941,9575,10366,17448,8368,9080,9969,4807,5162,2493,1195,1298,
49870,9973,4787,5186,17451,8431,9020,19944,9577,10367,17450,8369,9081,9971,4807,5164,2493,1195,1298,
49875,9974,4788,5186,17452,8431,9021,19945,9578,10367,17452,8369,9083,9972,4808,5164,2493,1195,1298,
49880,9975,4789,5186,17455,8432,9023,19949,9579,10370,17454,8369,9085,9973,4809,5164,2493,1195,1298,
49885,9975,4789,5186,17457,8432,9025,19949,9579,10370,17455,8369,9086,9973,4809,5164,2494,1195,1299,
49890,9977,4789,5188,17458,8433,9025,19952,9581,10371,17457,8371,9086,9975,4810,5165,2494,1195,1299,
49895,9978,4789,5189,17459,8433,9026,19953,9582,10371,17459,8372,9087,9976,4811,5165,2494,1195,1299,
49900,9979,4790,5189,17462,8436,9026,19957,9585,10372,17461,8373,9088,9977,4811,5166,2494,1195,1299,
49905,9979,4790,5189,17464,8436,9028,19957,9585,10372,17462,8374,9088,9977,4811,5166,2495,1195,1300,
49910,9981,4791,5190,17465,8436,9029,19960,9587,10373,17464,8375,9089,9979,4812,5167,2495,1195,1300,
49915,9982,4792,5190,17466,8436,9030,19961,9587,10374,17466,8375,9091,9980,4813,5167,2495,1195,1300,
49920,9983,4792,5191,17469,8437,9032,19965,9590,10375,17468,8375,9093,9981,4814,5167,2495,1195,1300,
49925,9983,4792,5191,17471,8439,9032,19965,9590,10375,17469,8375,9094,9981,4814,5167,2496,1196,1300,
49930,9985,4793,5192,17472,8440,9032,19968,9590,10378,17471,8376,9095,9983,4814,5169,2496,1196,1300,
49935,9986,4794,5192,17473,8441,9032,19969,9591,10378,17473,8377,9096,9984,4814,5170,2496,1196,1300,
49940,9987,4794,5193,17476,8442,9034,19973,9592,10381,17475,8377,9098,9985,4814,5171,2496,1196,1300,
49945,9987,4794,5193,17478,8443,9035,19973,9592,10381,17476,8378,9098,9985,4814,5171,2497,1197,1300,
49950,9989,4794,5195,17479,8444,9035,19976,9594,10382,17478,8379,9099,9987,4815,5172,2497,1197,1300,
49955,9990,4795,5195,17480,8445,9035,19977,9594,10383,17480,8381,9099,9988,4816,5172,2497,1197,1300,
49960,9991,4795,5196,17483,8447,9036,19981,9596,10385,17482,8383,9099,9989,4816,5173,2497,1197,1300,
49965,9991,4795,5196,17485,8448,9037,19981,9596,10385,17483,8383,9100,9989,4816,5173,2498,1198,1300,
49970,9993,4796,5197,17486,8449,9037,19984,9597,10387,17485,8384,9101,9991,4817,5174,2498,1198,1300,
49975,9994,4796,5198,17487,8449,9038,19985,9598,10387,17487,8385,9102,9992,4817,5175,2498,1198,1300,
49980,9995,4796,5199,17490,8451,9039,19989,9600,10389,17489,8385,9104,9993,4818,5175,2498,1198,1300,
49985,9995,4796,5199,17492,8452,9040,19989,9600,10389,17490,8385,9105,9993,4818,5175,2499,1199,1300,
49990,9997,4797,5200,17493,8452,9041,19992,9602,10390,17492,8387,9105,9995,4820,5175,2499,1199,1300,
49995,9998,4797,5201,17494,8452,9042,19993,9602,10391,17494,8388,9106,9996,4820,5176,2499,1199,1300,
50000,9999,4797,5202,17497,8453,9044,19997,9604,10393,17496,8389,9107,9997,4821,5176,2499,1199,1300,
50005,9999,4797,5202,17499,8454,9045,19997,9604,10393,17497,8389,9108,9997,4821,5176,2500,1199,1301,
50010,10001,4798,5203,17500,8454,9046,20000,9604,10396,17499,8389,9110,9999,4821,5178,2500,1199,1301,
50015,10002,4799,5203,17501,8455,9046,20001,9605,10396,17501,8390,9111,10000,4821,5179,2500,1199,1301,
50020,10003,4800,5203,17504,8455,9049,20005,9606,10399,17503,8390,9113,10001,4821,5180,2500,1199,1301,
50025,10003,4800,5203,17506,8456,9050,20005,9606,10399,17504,8391,9113,10001,4821,5180,2501,1199,1302,
50030,10005,4802,5203,17507,8457,9050,20008,9608,10400,17506,8392,9114,10003,4821,5182,2501,1199,1302,
50035,10006,4803,5203,17508,8458,9050,20009,9609,10400,17508,8394,9114,10004,4822,5182,2501,1199,1302,
50040,10007,4804,5203,17511,8461,9050,20013,9611,10402,17510,8396,9114,10005,4823,5182,2501,1199,1302,
50045,10007,4804,5203,17513,8463,9050,20013,9611,10402,17511,8396,9115,10005,4823,5182,2502,1199,1303,
50050,10009,4805,5204,17514,8464,9050,20016,9613,10403,17513,8396,9117,10007,4823,5184,2502,1199,1303,
50055,10010,4806,5204,17515,8464,9051,20017,9614,10403,17515,8396,9119,10008,4824,5184,2502,1199,1303,
50060,10011,4806,5205,17518,8466,9052,20021,9616,10405,17517,8398,9119,10009,4824,5185,2502,1199,1303,
50065,10011,4806,5205,17520,8467,9053,20021,9616,10405,17518,8399,9119,10009,4824,5185,2503,1199,1304,
50070,10013,4807,5206,17521,8467,9054,20024,9619,10405,17520,8400,9120,10011,4824,5187,2503,1199,1304,
50075,10014,4807,5207,17522,8467,9055,20025,9619,10406,17522,8402,9120,10012,4824,5188,2503,1199,1304,
50080,10015,4808,5207,17525,8469,9056,20029,9622,10407,17524,8404,9120,10013,4825,5188,2503,1199,1304,
50085,10015,4808,5207,17527,8471,9056,20029,9622,10407,17525,8405,9120,10013,4825,5188,2504,1200,1304,
50090,10017,4809,5208,17528,8472,9056,20032,9625,10407,17527,8406,9121,10015,4827,5188,2504,1200,1304,
50095,10018,4809,5209,17529,8473,9056,20033,9625,10408,17529,8407,9122,10016,4827,5189,2504,1200,1304,
50100,10019,4810,5209,17532,8476,9056,20037,9628,10409,17531,8408,9123,10017,4828,5189,2504,1200,1304,
50105,10019,4810,5209,17534,8478,9056,20037,9628,10409,17532,8409,9123,10017,4828,5189,2505,1201,1304,
50110,10021,4812,5209,17535,8478,9057,20040,9629,10411,17534,8409,9125,10019,4830,5189,2505,1201,1304,
50115,10022,4813,5209,17536,8478,9058,20041,9629,10412,17536,8410,9126,10020,4831,5189,2505,1201,1304,
50120,10023,4813,5210,17539,8479,9060,20045,9632,10413,17538,8411,9127,10021,4831,5190,2505,1201,1304,
50125,10023,4813,5210,17541,8479,9062,20045,9632,10413,17539,8411,9128,10021,4831,5190,2506,1201,1305,
50130,10025,4814,5211,17542,8479,9063,20048,9633,10415,17541,8411,9130,10023,4833,5190,2506,1201,1305,
50135,10026,4815,5211,17543,8480,9063,20049,9634,10415,17543,8411,9132,10024,4834,5190,2506,1201,1305,
50140,10027,4816,5211,17546,8481,9065,20053,9636,10417,17545,8413,9132,10025,4834,5191,2506,1201,1305,
50145,10027,4816,5211,17548,8482,9066,20053,9636,10417,17546,8413,9133,10025,4834,5191,2507,1201,1306,
50150,10029,4817,5212,17549,8483,9066,20056,9639,10417,17548,8413,9135,10027,4835,5192,2507,1201,1306,
50155,10030,4818,5212,17550,8484,9066,20057,9639,10418,17550,8415,9135,10028,4835,5193,2507,1201,1306,
50160,10031,4818,5213,17553,8485,9068,20061,9641,10420,17552,8415,9137,10029,4835,5194,2507,1201,1306,
50165,10031,4818,5213,17555,8487,9068,20061,9641,10420,17553,8416,9137,10029,4835,5194,2508,1202,1306,
50170,10033,4819,5214,17556,8487,9069,20064,9644,10420,17555,8416,9139,10031,4836,5195,2508,1202,1306,
50175,10034,4820,5214,17557,8488,9069,20065,9645,10420,17557,8418,9139,10032,4837,5195,2508,1202,1306,
50180,10035,4821,5214,17560,8489,9071,20069,9647,10422,17559,8418,9141,10033,4837,5196,2508,1202,1306,
50185,10035,4821,5214,17562,8491,9071,20069,9647,10422,17560,8418,9142,10033,4837,5196,2509,1203,1306,
50190,10037,4821,5216,17563,8492,9071,20072,9650,10422,17562,8419,9143,10035,4838,5197,2509,1203,1306,
50195,10038,4822,5216,17564,8492,9072,20073,9650,10423,17564,8421,9143,10036,4839,5197,2509,1203,1306,
50200,10039,4822,5217,17567,8495,9072,20077,9654,10423,17566,8423,9143,10037,4839,5198,2509,1203,1306,
50205,10039,4822,5217,17569,8496,9073,20077,9654,10423,17567,8424,9143,10037,4839,5198,2510,1204,1306,
50210,10041,4822,5219,17570,8497,9073,20080,9655,10425,17569,8425,9144,10039,4840,5199,2510,1204,1306,
50215,10042,4823,5219,17571,8497,9074,20081,9655,10426,17571,8426,9145,10040,4840,5200,2510,1204,1306,
50220,10043,4823,5220,17574,8498,9076,20085,9657,10428,17573,8427,9146,10041,4840,5201,2510,1204,1306,
50225,10043,4823,5220,17576,8498,9078,20085,9657,10428,17574,8428,9146,10041,4840,5201,2511,1204,1307,
50230,10045,4824,5221,17577,8499,9078,20088,9659,10429,17576,8430,9146,10043,4841,5202,2511,1204,1307,
50235,10046,4825,5221,17578,8500,9078,20089,9659,10430,17578,8432,9146,10044,4841,5203,2511,1204,1307,
50240,10047,4825,5222,17581,8501,9080,20093,9660,10433,17580,8432,9148,10045,4841,5204,2511,1204,1307,
50245,10047,4825,5222,17583,8501,9082,20093,9660,10433,17581,8432,9149,10045,4841,5204,2512,1204,1308,
50250,10049,4826,5223,17584,8502,9082,20096,9660,10436,17583,8434,9149,10047,4842,5205,2512,1204,1308,
50255,10050,4827,5223,17585,8502,9083,20097,9661,10436,17585,8434,9151,10048,4843,5205,2512,1204,1308,
50260,10051,4827,5224,17588,8503,9085,20101,9663,10438,17587,8435,9152,10049,4843,5206,2512,1204,1308,
50265,10051,4827,5224,17590,8503,9087,20101,9663,10438,17588,8435,9153,10049,4843,5206,2513,1205,1308,
50270,10053,4827,5226,17591,8503,9088,20104,9664,10440,17590,8435,9155,10051,4843,5208,2513,1205,1308,
50275,10054,4828,5226,17592,8504,9088,20105,9664,10441,17592,8436,9156,10052,4843,5209,2513,1205,1308,
50280,10055,4828,5227,17595,8504,9091,20109,9666,10443,17594,8438,9156,10053,4844,5209,2513,1205,1308,
50285,10055,4828,5227,17597,8505,9092,20109,9666,10443,17595,8438,9157,10053,4844,5209,2514,1206,1308,
50290,10057,4829,5228,17598,8505,9093,20112,9666,10446,17597,8438,9159,10055,4844,5211,2514,1206,1308,
50295,10058,4830,5228,17599,8505,9094,20113,9666,10447,17599,8438,9161,10056,4844,5212,2514,1206,1308,
50300,10059,4831,5228,17602,8506,9096,20117,9667,10450,17601,8438,9163,10057,4844,5213,2514,1206,1308,
50305,10059,4831,5228,17604,8507,9097,20117,9667,10450,17602,8438,9164,10057,4844,5213,2515,1206,1309,
50310,10061,4833,5228,17605,8508,9097,20120,9669,10451,17604,8440,9164,10059,4844,5215,2515,1206,1309,
50315,10062,4833,5229,17606,8508,9098,20121,9670,10451,17606,8440,9166,10060,4845,5215,2515,1206,1309,
50320,10063,4834,5229,17609,8510,9099,20125,9671,10454,17608,8440,9168,10061,4845,5216,2515,1206,1309,
50325,10063,4834,5229,17611,8510,9101,20125,9671,10454,17609,8440,9169,10061,4845,5216,2516,1206,1310,
50330,10065,4835,5230,17612,8511,9101,20128,9672,10456,17611,8442,9169,10063,4845,5218,2516,1206,1310,
50335,10066,4835,5231,17613,8511,9102,20129,9673,10456,17613,8443,9170,10064,4846,5218,2516,1206,1310,
50340,10067,4836,5231,17616,8513,9103,20133,9674,10459,17615,8443,9172,10065,4847,5218,2516,1206,1310,
50345,10067,4836,5231,17618,8515,9103,20133,9674,10459,17616,8443,9173,10065,4847,5218,2517,1206,1311,
50350,10069,4837,5232,17619,8516,9103,20136,9676,10460,17618,8444,9174,10067,4847,5220,2517,1206,1311,
50355,10070,4837,5233,17620,8516,9104,20137,9677,10460,17620,8444,9176,10068,4848,5220,2517,1206,1311,
50360,10071,4837,5234,17623,8518,9105,20141,9679,10462,17622,8445,9177,10069,4848,5221,2517,1206,1311,
50365,10071,4837,5234,17625,8519,9106,20141,9679,10462,17623,8446,9177,10069,4848,5221,2518,1206,1312,
50370,10073,4838,5235,17626,8520,9106,20144,9680,10464,17625,8447,9178,10071,4848,5223,2518,1206,1312,
50375,10074,4838,5236,17627,8520,9107,20145,9680,10465,17627,8448,9179,10072,4849,5223,2518,1206,1312,
50380,10075,4838,5237,17630,8521,9109,20149,9683,10466,17629,8449,9180,10073,4849,5224,2518,1206,1312,
50385,10075,4838,5237,17632,8521,9111,20149,9683,10466,17630,8449,9181,10073,4849,5224,2519,1207,1312,
50390,10077,4839,5238,17633,8521,9112,20152,9683,10469,17632,8450,9182,10075,4849,5226,2519,1207,1312,
50395,10078,4840,5238,17634,8522,9112,20153,9684,10469,17634,8451,9183,10076,4850,5226,2519,1207,1312,
50400,10079,4841,5238,17637,8523,9114,20157,9686,10471,17636,8452,9184,10077,4850,5227,2519,1207,1312,
50405,10079,4841,5238,17639,8523,9116,20157,9686,10471,17637,8453,9184,10077,4850,5227,2520,1207,1313,
50410,10081,4843,5238,17640,8524,9116,20160,9688,10472,17639,8453,9186,10079,4852,5227,2520,1207,1313,
50415,10082,4843,5239,17641,8524,9117,20161,9688,10473,17641,8454,9187,10080,4852,5228,2520,1207,1313,
50420,10083,4843,5240,17644,8525,9119,20165,9689,10476,17643,8455,9188,10081,4852,5229,2520,1207,1313,
50425,10083,4843,5240,17646,8527,9119,20165,9689,10476,17644,8456,9188,10081,4852,5229,2521,1208,1313,
50430,10085,4843,5242,17647,8528,9119,20168,9691,10477,17646,8456,9190,10083,4853,5230,2521,1208,1313,
50435,10086,4844,5242,17648,8529,9119,20169,9692,10477,17648,8456,9192,10084,4854,5230,2521,1208,1313,
50440,10087,4844,5243,17651,8529,9122,20173,9694,10479,17650,8457,9193,10085,4855,5230,2521,1208,1313,
50445,10087,4844,5243,17653,8530,9123,20173,9694,10479,17651,8457,9194,10085,4855,5230,2522,1209,1313,
50450,10089,4846,5243,17654,8530,9124,20176,9696,10480,17653,8459,9194,10087,4856,5231,2522,1209,1313,
50455,10090,4847,5243,17655,8531,9124,20177,9697,10480,17655,8460,9195,10088,4857,5231,2522,1209,1313,
50460,10091,4848,5243,17658,8532,9126,20181,9699,10482,17657,8460,9197,10089,4858,5231,2522,1209,1313,
50465,10091,4848,5243,17660,8532,9128,20181,9699,10482,17658,8461,9197,10089,4858,5231,2523,1210,1313,
50470,10093,4849,5244,17661,8532,9129,20184,9701,10483,17660,8461,9199,10091,4858,5233,2523,1210,1313,
50475,10094,4850,5244,17662,8532,9130,20185,9702,10483,17662,8461,9201,10092,4859,5233,2523,1210,1313,
50480,10095,4850,5245,17665,8533,9132,20189,9705,10484,17664,8463,9201,10093,4859,5234,2523,1210,1313,
50485,10095,4850,5245,17667,8535,9132,20189,9705,10484,17665,8464,9201,10093,4859,5234,2524,1210,1314,
50490,10097,4852,5245,17668,8535,9133,20192,9706,10486,17667,8466,9201,10095,4860,5235,2524,1210,1314,
50495,10098,4853,5245,17669,8535,9134,20193,9707,10486,17669,8468,9201,10096,4861,5235,2524,1210,1314,
50500,10099,4853,5246,17672,8537,9135,20197,9710,10487,17671,8468,9203,10097,4862,5235,2524,1210,1314,
50505,10099,4853,5246,17674,8538,9136,20197,9710,10487,17672,8468,9204,10097,4862,5235,2525,1211,1314,
50510,10101,4854,5247,17675,8539,9136,20200,9711,10489,17674,8468,9206,10099,4863,5236,2525,1211,1314,
50515,10102,4854,5248,17676,8539,9137,20201,9711,10490,17676,8468,9208,10100,4864,5236,2525,1211,1314,
50520,10103,4854,5249,17679,8539,9140,20205,9711,10494,17678,8469,9209,10101,4865,5236,2525,1211,1314,
50525,10103,4854,5249,17681,8540,9141,20205,9711,10494,17679,8470,9209,10101,4865,5236,2526,1211,1315,
50530,10105,4855,5250,17682,8540,9142,20208,9711,10497,17681,8472,9209,10103,4867,5236,2526,1211,1315,
50535,10106,4855,5251,17683,8541,9142,20209,9711,10498,17683,8473,9210,10104,4868,5236,2526,1211,1315,
50540,10107,4856,5251,17686,8543,9143,20213,9715,10498,17685,8474,9211,10105,4869,5236,2526,1211,1315,
50545,10107,4856,5251,17688,8545,9143,20213,9715,10498,17686,8475,9211,10105,4869,5236,2527,1212,1315,
50550,10109,4857,5252,17689,8546,9143,20216,9717,10499,17688,8477,9211,10107,4870,5237,2527,1212,1315,
50555,10110,4858,5252,17690,8547,9143,20217,9717,10500,17690,8477,9213,10108,4871,5237,2527,1212,1315,
50560,10111,4858,5253,17693,8548,9145,20221,9721,10500,17692,8478,9214,10109,4872,5237,2527,1212,1315,
50565,10111,4858,5253,17695,8550,9145,20221,9721,10500,17693,8479,9214,10109,4872,5237,2528,1212,1316,
50570,10113,4859,5254,17696,8550,9146,20224,9723,10501,17695,8481,9214,10111,4873,5238,2528,1212,1316,
50575,10114,4860,5254,17697,8551,9146,20225,9723,10502,17697,8482,9215,10112,4874,5238,2528,1212,1316,
50580,10115,4860,5255,17700,8553,9147,20229,9724,10505,17699,8483,9216,10113,4875,5238,2528,1212,1316,
50585,10115,4860,5255,17702,8555,9147,20229,9724,10505,17700,8483,9217,10113,4875,5238,2529,1212,1317,
50590,10117,4862,5255,17703,8556,9147,20232,9724,10508,17702,8484,9218,10115,4877,5238,2529,1212,1317,
50595,10118,4862,5256,17704,8556,9148,20233,9725,10508,17704,8484,9220,10116,4877,5239,2529,1212,1317,
50600,10119,4862,5257,17707,8557,9150,20237,9726,10511,17706,8485,9221,10117,4877,5240,2529,1212,1317,
50605,10119,4862,5257,17709,8557,9152,20237,9726,10511,17707,8485,9222,10117,4877,5240,2530,1212,1318,
50610,10121,4863,5258,17710,8557,9153,20240,9728,10512,17709,8486,9223,10119,4878,5241,2530,1212,1318,
50615,10122,4864,5258,17711,8557,9154,20241,9728,10513,17711,8487,9224,10120,4879,5241,2530,1212,1318,
50620,10123,4864,5259,17714,8558,9156,20245,9730,10515,17713,8488,9225,10121,4879,5242,2530,1212,1318,
50625,10123,4864,5259,17716,8559,9157,20245,9730,10515,17714,8488,9226,10121,4879,5242,2531,1212,1319,
50630,10125,4864,5261,17717,8559,9158,20248,9732,10516,17716,8490,9226,10123,4880,5243,2531,1212,1319,
50635,10126,4864,5262,17718,8559,9159,20249,9732,10517,17718,8491,9227,10124,4881,5243,2531,1212,1319,
50640,10127,4864,5263,17721,8561,9160,20253,9734,10519,17720,8491,9229,10125,4881,5244,2531,1212,1319,
50645,10127,4864,5263,17723,8563,9160,20253,9734,10519,17721,8492,9229,10125,4881,5244,2532,1212,1320,
50650,10129,4865,5264,17724,8563,9161,20256,9735,10521,17723,8492,9231,10127,4882,5245,2532,1212,1320,
50655,10130,4865,5265,17725,8563,9162,20257,9736,10521,17725,8494,9231,10128,4883,5245,2532,1212,1320,
50660,10131,4865,5266,17728,8565,9163,20261,9739,10522,17727,8495,9232,10129,4883,5246,2532,1212,1320,
50665,10131,4865,5266,17730,8565,9165,20261,9739,10522,17728,8496,9232,10129,4883,5246,2533,1213,1320,
50670,10133,4866,5267,17731,8566,9165,20264,9739,10525,17730,8498,9232,10131,4883,5248,2533,1213,1320,
50675,10134,4866,5268,17732,8567,9165,20265,9739,10526,17732,8499,9233,10132,4883,5249,2533,1213,1320,
50680,10135,4866,5269,17735,8569,9166,20269,9740,10529,17734,8499,9235,10133,4883,5250,2533,1213,1320,
50685,10135,4866,5269,17737,8570,9167,20269,9740,10529,17735,8499,9236,10133,4883,5250,2534,1214,1320,
50690,10137,4867,5270,17738,8570,9168,20272,9741,10531,17737,8500,9237,10135,4884,5251,2534,1214,1320,
50695,10138,4868,5270,17739,8570,9169,20273,9741,10532,17739,8501,9238,10136,4884,5252,2534,1214,1320,
50700,10139,4868,5271,17742,8572,9170,20277,9743,10534,17741,8501,9240,10137,4885,5252,2534,1214,1320,
50705,10139,4868,5271,17744,8572,9172,20277,9743,10534,17742,8501,9241,10137,4885,5252,2535,1215,1320,
50710,10141,4870,5271,17745,8572,9173,20280,9744,10536,17744,8502,9242,10139,4886,5253,2535,1215,1320,
50715,10142,4870,5272,17746,8572,9174,20281,9744,10537,17746,8504,9242,10140,4886,5254,2535,1215,1320,
50720,10143,4871,5272,17749,8573,9176,20285,9745,10540,17748,8504,9244,10141,4887,5254,2535,1215,1320,
50725,10143,4871,5272,17751,8574,9177,20285,9745,10540,17749,8504,9245,10141,4887,5254,2536,1216,1320,
50730,10145,4872,5273,17752,8574,9178,20288,9746,10542,17751,8506,9245,10143,4889,5254,2536,1216,1320,
50735,10146,4873,5273,17753,8574,9179,20289,9747,10542,17753,8507,9246,10144,4889,5255,2536,1216,1320,
50740,10147,4873,5274,17756,8575,9181,20293,9750,10543,17755,8508,9247,10145,4889,5256,2536,1216,1320,
50745,10147,4873,5274,17758,8577,9181,20293,9750,10543,17756,8509,9247,10145,4889,5256,2537,1216,1321,
50750,10149,4875,5274,17759,8578,9181,20296,9751,10545,17758,8510,9248,10147,4889,5258,2537,1216,1321,
50755,10150,4876,5274,17760,8578,9182,20297,9751,10546,17760,8510,9250,10148,4890,5258,2537,1216,1321,
50760,10151,4877,5274,17763,8580,9183,20301,9752,10549,17762,8510,9252,10149,4891,5258,2537,1216,1321,
50765,10151,4877,5274,17765,8580,9185,20301,9752,10549,17763,8511,9252,10149,4891,5258,2538,1217,1321,
50770,10153,4879,5274,17766,8581,9185,20304,9754,10550,17765,8512,9253,10151,4891,5260,2538,1217,1321,
50775,10154,4880,5274,17767,8581,9186,20305,9754,10551,17767,8513,9254,10152,4892,5260,2538,1217,1321,
50780,10155,4881,5274,17770,8582,9188,20309,9755,10554,17769,8513,9256,10153,4892,5261,2538,1217,1321,
50785,10155,4881,5274,17772,8584,9188,20309,9755,10554,17770,8513,9257,10153,4892,5261,2539,1217,1322,
50790,10157,4881,5276,17773,8585,9188,20312,9755,10557,17772,8514,9258,10155,4893,5262,2539,1217,1322,
50795,10158,4881,5277,17774,8586,9188,20313,9755,10558,17774,8515,9259,10156,4893,5263,2539,1217,1322,
50800,10159,4881,5278,17777,8587,9190,20317,9756,10561,17776,8517,9259,10157,4893,5264,2539,1217,1322,
50805,10159,4881,5278,17779,8587,9192,20317,9756,10561,17777,8518,9259,10157,4893,5264,2540,1218,1322,
50810,10161,4882,5279,17780,8587,9193,20320,9757,10563,17779,8519,9260,10159,4894,5265,2540,1218,1322,
50815,10162,4883,5279,17781,8587,9194,20321,9757,10564,17781,8520,9261,10160,4895,5265,2540,1218,1322,
50820,10163,4883,5280,17784,8589,9195,20325,9760,10565,17783,8521,9262,10161,4896,5265,2540,1218,1322,
50825,10163,4883,5280,17786,8590,9196,20325,9760,10565,17784,8522,9262,10161,4896,5265,2541,1219,1322,
50830,10165,4884,5281,17787,8591,9196,20328,9761,10567,17786,8523,9263,10163,4898,5265,2541,1219,1322,
50835,10166,4884,5282,17788,8591,9197,20329,9761,10568,17788,8524,9264,10164,4899,5265,2541,1219,1322,
50840,10167,4885,5282,17791,8592,9199,20333,9764,10569,17790,8526,9264,10165,4899,5266,2541,1219,1322,
50845,10167,4885,5282,17793,8594,9199,20333,9764,10569,17791,8526,9265,10165,4899,5266,2542,1220,1322,
50850,10169,4885,5284,17794,8594,9200,20336,9766,10570,17793,8527,9266,10167,4901,5266,2542,1220,1322,
50855,10170,4886,5284,17795,8595,9200,20337,9766,10571,17795,8528,9267,10168,4901,5267,2542,1220,1322,
50860,10171,4886,5285,17798,8597,9201,20341,9768,10573,17797,8529,9268,10169,4902,5267,2542,1220,1322,
50865,10171,4886,5285,17800,8599,9201,20341,9768,10573,17798,8530,9268,10169,4902,5267,2543,1220,1323,
50870,10173,4886,5287,17801,8600,9201,20344,9768,10576,17800,8531,9269,10171,4903,5268,2543,1220,1323,
50875,10174,4887,5287,17802,8600,9202,20345,9768,10577,17802,8532,9270,10172,4903,5269,2543,1220,1323,
50880,10175,4888,5287,17805,8602,9203,20349,9769,10580,17804,8533,9271,10173,4903,5270,2543,1220,1323,
50885,10175,4888,5287,17807,8602,9205,20349,9769,10580,17805,8534,9271,10173,4903,5270,2544,1220,1324,
50890,10177,4890,5287,17808,8602,9206,20352,9770,10582,17807,8535,9272,10175,4903,5272,2544,1220,1324,
50895,10178,4890,5288,17809,8602,9207,20353,9771,10582,17809,8535,9274,10176,4903,5273,2544,1220,1324,
50900,10179,4890,5289,17812,8604,9208,20357,9774,10583,17811,8535,9276,10177,4903,5274,2544,1220,1324,
50905,10179,4890,5289,17814,8605,9209,20357,9774,10583,17812,8536,9276,10177,4903,5274,2545,1220,1325,
50910,10181,4891,5290,17815,8605,9210,20360,9776,10584,17814,8537,9277,10179,4905,5274,2545,1220,1325,
50915,10182,4891,5291,17816,8606,9210,20361,9777,10584,17816,8538,9278,10180,4906,5274,2545,1220,1325,
50920,10183,4891,5292,17819,8607,9212,20365,9779,10586,17818,8539,9279,10181,4907,5274,2545,1220,1325,
50925,10183,4891,5292,17821,8608,9213,20365,9779,10586,17819,8540,9279,10181,4907,5274,2546,1220,1326,
50930,10185,4891,5294,17822,8609,9213,20368,9780,10588,17821,8540,9281,10183,4908,5275,2546,1220,1326,
50935,10186,4891,5295,17823,8610,9213,20369,9780,10589,17823,8540,9283,10184,4908,5276,2546,1220,1326,
50940,10187,4891,5296,17826,8611,9215,20373,9781,10592,17825,8542,9283,10185,4908,5277,2546,1220,1326,
50945,10187,4891,5296,17828,8611,9217,20373,9781,10592,17826,8543,9283,10185,4908,5277,2547,1221,1326,
50950,10189,4892,5297,17829,8611,9218,20376,9783,10593,17828,8544,9284,10187,4909,5278,2547,1221,1326,
50955,10190,4893,5297,17830,8612,9218,20377,9784,10593,17830,8546,9284,10188,4909,5279,2547,1221,1326,
50960,10191,4893,5298,17833,8613,9220,20381,9787,10594,17832,8548,9284,10189,4909,5280,2547,1221,1326,
50965,10191,4893,5298,17835,8614,9221,20381,9787,10594,17833,8549,9284,10189,4909,5280,2548,1222,1326,
50970,10193,4894,5299,17836,8614,9222,20384,9789,10595,17835,8550,9285,10191,4910,5281,2548,1222,1326,
50975,10194,4895,5299,17837,8615,9222,20385,9790,10595,17837,8551,9286,10192,4910,5282,2548,1222,1326,
50980,10195,4895,5300,17840,8616,9224,20389,9793,10596,17839,8553,9286,10193,4911,5282,2548,1222,1326,
50985,10195,4895,5300,17842,8618,9224,20389,9793,10596,17840,8553,9287,10193,4911,5282,2549,1223,1326,
50990,10197,4895,5302,17843,8619,9224,20392,9795,10597,17842,8554,9288,10195,4913,5282,2549,1223,1326,
50995,10198,4895,5303,17844,8619,9225,20393,9795,10598,17844,8556,9288,10196,4913,5283,2549,1223,1326,
51000,10199,4895,5304,17847,8620,9227,20397,9797,10600,17846,8557,9289,10197,4914,5283,2549,1223,1326,
51005,10199,4895,5304,17849,8620,9229,20397,9797,10600,17847,8558,9289,10197,4914,5283,2550,1224,1326,
51010,10201,4896,5305,17850,8620,9230,20400,9797,10603,17849,8559,9290,10199,4915,5284,2550,1224,1326,
51015,10202,4897,5305,17851,8621,9230,20401,9798,10603,17851,8560,9291,10200,4916,5284,2550,1224,1326,
51020,10203,4897,5306,17854,8624,9230,20405,9799,10606,17853,8560,9293,10201,4916,5285,2550,1224,1326,
51025,10203,4897,5306,17856,8626,9230,20405,9799,10606,17854,8560,9294,10201,4916,5285,2551,1224,1327,
51030,10205,4897,5308,17857,8626,9231,20408,9802,10606,17856,8561,9295,10203,4917,5286,2551,1224,1327,
51035,10206,4898,5308,17858,8627,9231,20409,9802,10607,17858,8563,9295,10204,4918,5286,2551,1224,1327,
51040,10207,4898,5309,17861,8630,9231,20413,9802,10611,17860,8563,9297,10205,4919,5286,2551,1224,1327,
51045,10207,4898,5309,17863,8630,9233,20413,9802,10611,17861,8563,9298,10205,4919,5286,2552,1224,1328,
51050,10209,4900,5309,17864,8631,9233,20416,9805,10611,17863,8564,9299,10207,4920,5287,2552,1224,1328,
51055,10210,4900,5310,17865,8632,9233,20417,9805,10612,17865,8565,9300,10208,4921,5287,2552,1224,1328,
51060,10211,4900,5311,17868,8634,9234,20421,9806,10615,17867,8566,9301,10209,4921,5288,2552,1224,1328,
51065,10211,4900,5311,17870,8636,9234,20421,9806,10615,17868,8567,9301,10209,4921,5288,2553,1225,1328,
51070,10213,4900,5313,17871,8636,9235,20424,9808,10616,17870,8568,9302,10211,4922,5289,2553,1225,1328,
51075,10214,4901,5313,17872,8636,9236,20425,9809,10616,17872,8568,9304,10212,4923,5289,2553,1225,1328,
51080,10215,4901,5314,17875,8638,9237,20429,9810,10619,17874,8568,9306,10213,4923,5290,2553,1225,1328,
51085,10215,4901,5314,17877,8639,9238,20429,9810,10619,17875,8569,9306,10213,4923,5290,2554,1225,1329,
51090,10217,4903,5314,17878,8639,9239,20432,9811,10621,17877,8571,9306,10215,4924,5291,2554,1225,1329,
51095,10218,4903,5315,17879,8640,9239,20433,9812,10621,17879,8572,9307,10216,4925,5291,2554,1225,1329,
51100,10219,4903,5316,17882,8643,9239,20437,9812,10625,17881,8574,9307,10217,4925,5292,2554,1225,1329,
51105,10219,4903,5316,17884,8645,9239,20437,9812,10625,17882,8575,9307,10217,4925,5292,2555,1226,1329,
51110,10221,4904,5317,17885,8646,9239,20440,9813,10627,17884,8576,9308,10219,4926,5293,2555,1226,1329,
51115,10222,4904,5318,17886,8647,9239,20441,9813,10628,17886,8577,9309,10220,4927,5293,2555,1226,1329,
51120,10223,4904,5319,17889,8648,9241,20445,9814,10631,17888,8577,9311,10221,4928,5293,2555,1226,1329,
51125,10223,4904,5319,17891,8649,9242,20445,9814,10631,17889,8578,9311,10221,4928,5293,2556,1226,1330,
51130,10225,4904,5321,17892,8650,9242,20448,9816,10632,17891,8579,9312,10223,4930,5293,2556,1226,1330,
51135,10226,4905,5321,17893,8651,9242,20449,9817,10632,17893,8579,9314,10224,4930,5294,2556,1226,1330,
51140,10227,4906,5321,17896,8651,9245,20453,9817,10636,17895,8579,9316,10225,4931,5294,2556,1226,1330,
51145,10227,4906,5321,17898,8652,9246,20453,9817,10636,17896,8580,9316,10225,4931,5294,2557,1227,1330,
51150,10229,4907,5322,17899,8653,9246,20456,9819,10637,17898,8581,9317,10227,4932,5295,2557,1227,1330,
51155,10230,4907,5323,17900,8654,9246,20457,9820,10637,17900,8582,9318,10228,4932,5296,2557,1227,1330,
51160,10231,4907,5324,17903,8654,9249,20461,9823,10638,17902,8583,9319,10229,4932,5297,2557,1227,1330,
51165,10231,4907,5324,17905,8655,9250,20461,9823,10638,17903,8584,9319,10229,4932,5297,2558,1228,1330,
51170,10233,4907,5326,17906,8656,9250,20464,9825,10639,17905,8585,9320,10231,4933,5298,2558,1228,1330,
51175,10234,4907,5327,17907,8656,9251,20465,9825,10640,17907,8585,9322,10232,4933,5299,2558,1228,1330,
51180,10235,4907,5328,17910,8657,9253,20469,9828,10641,17909,8587,9322,10233,4934,5299,2558,1228,1330,
51185,10235,4907,5328,17912,8657,9255,20469,9828,10641,17910,8588,9322,10233,4934,5299,2559,1228,1331,
51190,10237,4907,5330,17913,8657,9256,20472,9828,10644,17912,8590,9322,10235,4935,5300,2559,1228,1331,
51195,10238,4907,5331,17914,8658,9256,20473,9828,10645,17914,8592,9322,10236,4935,5301,2559,1228,1331,
51200,10239,4908,5331,17917,8658,9259,20477,9830,10647,17916,8593,9323,10237,4935,5302,2559,1228,1331,
51205,10239,4908,5331,17919,8660,9259,20477,9830,10647,17917,8593,9324,10237,4935,5302,2560,1228,1332,
51210,10241,4910,5331,17920,8660,9260,20480,9831,10649,17919,8595,9324,10239,4937,5302,2560,1228,1332,
51215,10242,4910,5332,17921,8660,9261,20481,9832,10649,17921,8596,9325,10240,4937,5303,2560,1228,1332,
51220,10243,4910,5333,17924,8663,9261,20485,9835,10650,17923,8596,9327,10241,4937,5304,2560,1228,1332,
51225,10243,4910,5333,17926,8665,9261,20485,9835,10650,17924,8597,9327,10241,4937,5304,2561,1229,1332,
51230,10245,4912,5333,17927,8665,9262,20488,9836,10652,17926,8598,9328,10243,4939,5304,2561,1229,1332,
51235,10246,4913,5333,17928,8666,9262,20489,9837,10652,17928,8599,9329,10244,4939,5305,2561,1229,1332,
51240,10247,4913,5334,17931,8666,9265,20493,9839,10654,17930,8600,9330,10245,4939,5306,2561,1229,1332,
51245,10247,4913,5334,17933,8667,9266,20493,9839,10654,17931,8600,9331,10245,4939,5306,2562,1230,1332,
51250,10249,4914,5335,17934,8668,9266,20496,9839,10657,17933,8601,9332,10247,4940,5307,2562,1230,1332,
51255,10250,4915,5335,17935,8668,9267,20497,9840,10657,17935,8603,9332,10248,4941,5307,2562,1230,1332,
51260,10251,4915,5336,17938,8669,9269,20501,9843,10658,17937,8604,9333,10249,4941,5308,2562,1230,1332,
51265,10251,4915,5336,17940,8671,9269,20501,9843,10658,17938,8605,9333,10249,4941,5308,2563,1230,1333,
51270,10253,4916,5337,17941,8671,9270,20504,9845,10659,17940,8606,9334,10251,4942,5309,2563,1230,1333,
51275,10254,4917,5337,17942,8671,9271,20505,9845,10660,17942,8607,9335,10252,4942,5310,2563,1230,1333,
51280,10255,4917,5338,17945,8672,9273,20509,9848,10661,17944,8607,9337,10253,4942,5311,2563,1230,1333,
51285,10255,4917,5338,17947,8673,9274,20509,9848,10661,17945,8608,9337,10253,4942,5311,2564,1231,1333,
51290,10257,4918,5339,17948,8673,9275,20512,9849,10663,17947,8609,9338,10255,4943,5312,2564,1231,1333,
51295,10258,4918,5340,17949,8674,9275,20513,9850,10663,17949,8610,9339,10256,4943,5313,2564,1231,1333,
51300,10259,4919,5340,17952,8674,9278,20517,9852,10665,17951,8611,9340,10257,4944,5313,2564,1231,1333,
51305,10259,4919,5340,17954,8674,9280,20517,9852,10665,17952,8612,9340,10257,4944,5313,2565,1231,1334,
51310,10261,4920,5341,17955,8675,9280,20520,9853,10667,17954,8614,9340,10259,4944,5315,2565,1231,1334,
51315,10262,4920,5342,17956,8675,9281,20521,9854,10667,17956,8615,9341,10260,4944,5316,2565,1231,1334,
51320,10263,4921,5342,17959,8676,9283,20525,9855,10670,17958,8615,9343,10261,4944,5317,2565,1231,1334,
51325,10263,4921,5342,17961,8676,9285,20525,9855,10670,17959,8615,9344,10261,4944,5317,2566,1232,1334,
51330,10265,4921,5344,17962,8676,9286,20528,9857,10671,17961,8617,9344,10263,4945,5318,2566,1232,1334,
51335,10266,4921,5345,17963,8677,9286,20529,9858,10671,17963,8619,9344,10264,4945,5319,2566,1232,1334,
51340,10267,4921,5346,17966,8679,9287,20533,9862,10671,17965,8620,9345,10265,4945,5320,2566,1232,1334,
51345,10267,4921,5346,17968,8679,9289,20533,9862,10671,17966,8620,9346,10265,4945,5320,2567,1232,1335,
51350,10269,4922,5347,17969,8680,9289,20536,9863,10673,17968,8620,9348,10267,4945,5322,2567,1232,1335,
51355,10270,4923,5347,17970,8681,9289,20537,9863,10674,17970,8622,9348,10268,4945,5323,2567,1232,1335,
51360,10271,4924,5347,17973,8681,9292,20541,9865,10676,17972,8622,9350,10269,4946,5323,2567,1232,1335,
51365,10271,4924,5347,17975,8682,9293,20541,9865,10676,17973,8622,9351,10269,4946,5323,2568,1232,1336,
51370,10273,4925,5348,17976,8683,9293,20544,9865,10679,17975,8623,9352,10271,4948,5323,2568,1232,1336,
51375,10274,4925,5349,17977,8683,9294,20545,9865,10680,17977,8623,9354,10272,4948,5324,2568,1232,1336,
51380,10275,4926,5349,17980,8684,9296,20549,9867,10682,17979,8625,9354,10273,4949,5324,2568,1232,1336,
51385,10275,4926,5349,17982,8684,9298,20549,9867,10682,17980,8626,9354,10273,4949,5324,2569,1232,1337,
51390,10277,4927,5350,17983,8685,9298,20552,9868,10684,17982,8627,9355,10275,4949,5326,2569,1232,1337,
51395,10278,4928,5350,17984,8685,9299,20553,9869,10684,17984,8627,9357,10276,4949,5327,2569,1232,1337,
51400,10279,4928,5351,17987,8687,9300,20557,9872,10685,17986,8629,9357,10277,4950,5327,2569,1232,1337,
51405,10279,4928,5351,17989,8688,9301,20557,9872,10685,17987,8630,9357,10277,4950,5327,2570,1232,1338,
51410,10281,4929,5352,17990,8689,9301,20560,9874,10686,17989,8630,9359,10279,4951,5328,2570,1232,1338,
51415,10282,4930,5352,17991,8690,9301,20561,9874,10687,17991,8631,9360,10280,4951,5329,2570,1232,1338,
51420,10283,4931,5352,17994,8692,9302,20565,9875,10690,17993,8631,9362,10281,4951,5330,2570,1232,1338,
51425,10283,4931,5352,17996,8693,9303,20565,9875,10690,17994,8632,9362,10281,4951,5330,2571,1232,1339,
51430,10285,4931,5354,17997,8693,9304,20568,9877,10691,17996,8634,9362,10283,4951,5332,2571,1232,1339,
51435,10286,4931,5355,17998,8693,9305,20569,9877,10692,17998,8635,9363,10284,4951,5333,2571,1232,1339,
51440,10287,4932,5355,18001,8696,9305,20573,9878,10695,18000,8637,9363,10285,4951,5334,2571,1232,1339,
51445,10287,4932,5355,18003,8697,9306,20573,9878,10695,18001,8637,9364,10285,4951,5334,2572,1232,1340,
51450,10289,4933,5356,18004,8697,9307,20576,9880,10696,18003,8638,9365,10287,4953,5334,2572,1232,1340,
51455,10290,4934,5356,18005,8697,9308,20577,9881,10696,18005,8638,9367,10288,4954,5334,2572,1232,1340,
51460,10291,4934,5357,18008,8700,9308,20581,9881,10700,18007,8640,9367,10289,4954,5335,2572,1232,1340,
51465,10291,4934,5357,18010,8702,9308,20581,9881,10700,18008,8640,9368,10289,4954,5335,2573,1233,1340,
51470,10293,4935,5358,18011,8703,9308,20584,9883,10701,18010,8642,9368,10291,4956,5335,2573,1233,1340,
51475,10294,4936,5358,18012,8704,9308,20585,9883,10702,18012,8643,9369,10292,4957,5335,2573,1233,1340,
51480,10295,4936,5359,18015,8707,9308,20589,9884,10705,18014,8644,9370,10293,4958,5335,2573,1233,1340,
51485,10295,4936,5359,18017,8709,9308,20589,9884,10705,18015,8645,9370,10293,4958,5335,2574,1233,1341,
51490,10297,4937,5360,18018,8710,9308,20592,9886,10706,18017,8647,9370,10295,4959,5336,2574,1233,1341,
51495,10298,4938,5360,18019,8711,9308,20593,9886,10707,18019,8648,9371,10296,4959,5337,2574,1233,1341,
51500,10299,4938,5361,18022,8712,9310,20597,9889,10708,18021,8650,9371,10297,4960,5337,2574,1233,1341,
51505,10299,4938,5361,18024,8713,9311,20597,9889,10708,18022,8650,9372,10297,4960,5337,2575,1233,1342,
51510,10301,4939,5362,18025,8713,9312,20600,9890,10710,18024,8652,9372,10299,4960,5339,2575,1233,1342,
51515,10302,4940,5362,18026,8713,9313,20601,9891,10710,18026,8652,9374,10300,4960,5340,2575,1233,1342,
51520,10303,4941,5362,18029,8713,9316,20605,9892,10713,18028,8653,9375,10301,4960,5341,2575,1233,1342,
51525,10303,4941,5362,18031,8713,9318,20605,9892,10713,18029,8654,9375,10301,4960,5341,2576,1234,1342,
51530,10305,4943,5362,18032,8713,9319,20608,9893,10715,18031,8655,9376,10303,4960,5343,2576,1234,1342,
51535,10306,4943,5363,18033,8713,9320,20609,9894,10715,18033,8655,9378,10304,4961,5343,2576,1234,1342,
51540,10307,4943,5364,18036,8715,9321,20613,9897,10716,18035,8655,9380,10305,4961,5344,2576,1234,1342,
51545,10307,4943,5364,18038,8716,9322,20613,9897,10716,18036,8656,9380,10305,4961,5344,2577,1234,1343,
51550,10309,4944,5365,18039,8716,9323,20616,9899,10717,18038,8656,9382,10307,4963,5344,2577,1234,1343,
51555,10310,4945,5365,18040,8717,9323,20617,9900,10717,18040,8657,9383,10308,4963,5345,2577,1234,1343,
51560,10311,4945,5366,18043,8718,9325,20621,9900,10721,18042,8658,9384,10309,4964,5345,2577,1234,1343,
51565,10311,4945,5366,18045,8719,9326,20621,9900,10721,18043,8658,9385,10309,4964,5345,2578,1235,1343,
51570,10313,4945,5368,18046,8720,9326,20624,9901,10723,18045,8659,9386,10311,4965,5346,2578,1235,1343,
51575,10314,4945,5369,18047,8720,9327,20625,9902,10723,18047,8661,9386,10312,4965,5347,2578,1235,1343,
51580,10315,4946,5369,18050,8723,9327,20629,9903,10726,18049,8661,9388,10313,4966,5347,2578,1235,1343,
51585,10315,4946,5369,18052,8724,9328,20629,9903,10726,18050,8662,9388,10313,4966,5347,2579,1236,1343,
51590,10317,4947,5370,18053,8724,9329,20632,9904,10728,18052,8663,9389,10315,4967,5348,2579,1236,1343,
51595,10318,4948,5370,18054,8724,9330,20633,9904,10729,18054,8664,9390,10316,4967,5349,2579,1236,1343,
51600,10319,4949,5370,18057,8725,9332,20637,9904,10733,18056,8665,9391,10317,4968,5349,2579,1236,1343,
51605,10319,4949,5370,18059,8726,9333,20637,9904,10733,18057,8665,9392,10317,4968,5349,2580,1237,1343,
51610,10321,4950,5371,18060,8727,9333,20640,9904,10736,18059,8666,9393,10319,4968,5351,2580,1237,1343,
51615,10322,4950,5372,18061,8727,9334,20641,9905,10736,18061,8668,9393,10320,4968,5352,2580,1237,1343,
51620,10323,4951,5372,18064,8729,9335,20645,9906,10739,18063,8669,9394,10321,4968,5353,2580,1237,1343,
51625,10323,4951,5372,18066,8730,9336,20645,9906,10739,18064,8670,9394,10321,4968,5353,2581,1237,1344,
51630,10325,4951,5374,18067,8731,9336,20648,9908,10740,18066,8671,9395,10323,4969,5354,2581,1237,1344,
51635,10326,4952,5374,18068,8731,9337,20649,9909,10740,18068,8672,9396,10324,4969,5355,2581,1237,1344,
51640,10327,4953,5374,18071,8732,9339,20653,9911,10742,18070,8673,9397,10325,4970,5355,2581,1237,1344,
51645,10327,4953,5374,18073,8732,9341,20653,9911,10742,18071,8673,9398,10325,4970,5355,2582,1238,1344,
51650,10329,4955,5374,18074,8733,9341,20656,9912,10744,18073,8673,9400,10327,4970,5357,2582,1238,1344,
51655,10330,4956,5374,18075,8733,9342,20657,9912,10745,18075,8673,9402,10328,4970,5358,2582,1238,1344,
51660,10331,4957,5374,18078,8734,9344,20661,9915,10746,18077,8673,9404,10329,4970,5359,2582,1238,1344,
51665,10331,4957,5374,18080,8735,9345,20661,9915,10746,18078,8673,9405,10329,4970,5359,2583,1238,1345,
51670,10333,4957,5376,18081,8735,9346,20664,9917,10747,18080,8675,9405,10331,4970,5361,2583,1238,1345,
51675,10334,4957,5377,18082,8736,9346,20665,9918,10747,18082,8676,9406,10332,4971,5361,2583,1238,1345,
51680,10335,4958,5377,18085,8738,9347,20669,9920,10749,18084,8677,9407,10333,4971,5362,2583,1238,1345,
51685,10335,4958,5377,18087,8738,9349,20669,9920,10749,18085,8677,9408,10333,4971,5362,2584,1238,1346,
51690,10337,4959,5378,18088,8739,9349,20672,9922,10750,18087,8679,9408,10335,4973,5362,2584,1238,1346,
51695,10338,4960,5378,18089,8740,9349,20673,9922,10751,18089,8679,9410,10336,4973,5363,2584,1238,1346,
51700,10339,4960,5379,18092,8741,9351,20677,9923,10754,18091,8680,9411,10337,4974,5363,2584,1238,1346,
51705,10339,4960,5379,18094,8741,9353,20677,9923,10754,18092,8680,9412,10337,4974,5363,2585,1238,1347,
51710,10341,4961,5380,18095,8741,9354,20680,9924,10756,18094,8681,9413,10339,4976,5363,2585,1238,1347,
51715,10342,4962,5380,18096,8742,9354,20681,9924,10757,18096,8682,9414,10340,4977,5363,2585,1238,1347,
51720,10343,4962,5381,18099,8744,9355,20685,9925,10760,18098,8682,9416,10341,4978,5363,2585,1238,1347,
51725,10343,4962,5381,18101,8745,9356,20685,9925,10760,18099,8683,9416,10341,4978,5363,2586,1238,1348,
51730,10345,4964,5381,18102,8745,9357,20688,9927,10761,18101,8684,9417,10343,4978,5365,2586,1238,1348,
51735,10346,4965,5381,18103,8746,9357,20689,9928,10761,18103,8685,9418,10344,4978,5366,2586,1238,1348,
51740,10347,4965,5382,18106,8746,9360,20693,9931,10762,18105,8686,9419,10345,4979,5366,2586,1238,1348,
51745,10347,4965,5382,18108,8747,9361,20693,9931,10762,18106,8687,9419,10345,4979,5366,2587,1239,1348,
51750,10349,4966,5383,18109,8748,9361,20696,9932,10764,18108,8687,9421,10347,4980,5367,2587,1239,1348,
51755,10350,4967,5383,18110,8748,9362,20697,9933,10764,18110,8687,9423,10348,4981,5367,2587,1239,1348,
51760,10351,4967,5384,18113,8750,9363,20701,9934,10767,18112,8689,9423,10349,4982,5367,2587,1239,1348,
51765,10351,4967,5384,18115,8752,9363,20701,9934,10767,18113,8690,9423,10349,4982,5367,2588,1240,1348,
51770,10353,4968,5385,18116,8753,9363,20704,9934,10770,18115,8690,9425,10351,4983,5368,2588,1240,1348,
51775,10354,4969,5385,18117,8753,9364,20705,9934,10771,18117,8692,9425,10352,4984,5368,2588,1240,1348,
51780,10355,4969,5386,18120,8756,9364,20709,9936,10773,18119,8694,9425,10353,4984,5369,2588,1240,1348,
51785,10355,4969,5386,18122,8757,9365,20709,9936,10773,18120,8694,9426,10353,4984,5369,2589,1240,1349,
51790,10357,4971,5386,18123,8757,9366,20712,9936,10776,18122,8694,9428,10355,4986,5369,2589,1240,1349,
51795,10358,4972,5386,18124,8758,9366,20713,9936,10777,18124,8696,9428,10356,4987,5369,2589,1240,1349,
51800,10359,4973,5386,18127,8759,9368,20717,9939,10778,18126,8698,9428,10357,4987,5370,2589,1240,1349,
51805,10359,4973,5386,18129,8760,9369,20717,9939,10778,18127,8699,9428,10357,4987,5370,2590,1240,1350,
51810,10361,4974,5387,18130,8761,9369,20720,9940,10780,18129,8699,9430,10359,4988,5371,2590,1240,1350,
51815,10362,4974,5388,18131,8761,9370,20721,9940,10781,18131,8699,9432,10360,4989,5371,2590,1240,1350,
51820,10363,4975,5388,18134,8762,9372,20725,9942,10783,18133,8701,9432,10361,4990,5371,2590,1240,1350,
51825,10363,4975,5388,18136,8763,9373,20725,9942,10783,18134,8702,9432,10361,4990,5371,2591,1240,1351,
51830,10365,4977,5388,18137,8763,9374,20728,9945,10783,18136,8703,9433,10363,4991,5372,2591,1240,1351,
51835,10366,4978,5388,18138,8763,9375,20729,9946,10783,18138,8703,9435,10364,4991,5373,2591,1240,1351,
51840,10367,4979,5388,18141,8764,9377,20733,9948,10785,18140,8705,9435,10365,4991,5374,2591,1240,1351,
51845,10367,4979,5388,18143,8765,9378,20733,9948,10785,18141,8705,9436,10365,4991,5374,2592,1240,1352,
51850,10369,4979,5390,18144,8766,9378,20736,9948,10788,18143,8705,9438,10367,4993,5374,2592,1240,1352,
51855,10370,4980,5390,18145,8767,9378,20737,9949,10788,18145,8706,9439,10368,4993,5375,2592,1240,1352,
51860,10371,4981,5390,18148,8768,9380,20741,9951,10790,18147,8708,9439,10369,4993,5376,2592,1240,1352,
51865,10371,4981,5390,18150,8770,9380,20741,9951,10790,18148,8709,9439,10369,4993,5376,2593,1240,1353,
51870,10373,4982,5391,18151,8771,9380,20744,9952,10792,18150,8709,9441,10371,4994,5377,2593,1240,1353,
51875,10374,4983,5391,18152,8771,9381,20745,9953,10792,18152,8710,9442,10372,4995,5377,2593,1240,1353,
51880,10375,4983,5392,18155,8772,9383,20749,9955,10794,18154,8712,9442,10373,4996,5377,2593,1240,1353,
51885,10375,4983,5392,18157,8773,9384,20749,9955,10794,18155,8713,9442,10373,4996,5377,2594,1240,1354,
51890,10377,4985,5392,18158,8774,9384,20752,9957,10795,18157,8714,9443,10375,4997,5378,2594,1240,1354,
51895,10378,4985,5393,18159,8774,9385,20753,9958,10795,18159,8715,9444,10376,4997,5379,2594,1240,1354,
51900,10379,4985,5394,18162,8775,9387,20757,9958,10799,18161,8716,9445,10377,4997,5380,2594,1240,1354,
51905,10379,4985,5394,18164,8776,9388,20757,9958,10799,18162,8717,9445,10377,4997,5380,2595,1241,1354,
51910,10381,4985,5396,18165,8777,9388,20760,9961,10799,18164,8717,9447,10379,4998,5381,2595,1241,1354,
51915,10382,4985,5397,18166,8778,9388,20761,9962,10799,18166,8718,9448,10380,4998,5382,2595,1241,1354,
51920,10383,4985,5398,18169,8781,9388,20765,9964,10801,18168,8719,9449,10381,4998,5383,2595,1241,1354,
51925,10383,4985,5398,18171,8782,9389,20765,9964,10801,18169,8719,9450,10381,4998,5383,2596,1242,1354,
51930,10385,4987,5398,18172,8782,9390,20768,9966,10802,18171,8719,9452,10383,4999,5384,2596,1242,1354,
51935,10386,4988,5398,18173,8783,9390,20769,9966,10803,18173,8720,9453,10384,4999,5385,2596,1242,1354,
51940,10387,4988,5399,18176,8783,9393,20773,9968,10805,18175,8721,9454,10385,4999,5386,2596,1242,1354,
51945,10387,4988,5399,18178,8784,9394,20773,9968,10805,18176,8721,9455,10385,4999,5386,2597,1243,1354,
51950,10389,4990,5399,18179,8785,9394,20776,9971,10805,18178,8723,9455,10387,5000,5387,2597,1243,1354,
51955,10390,4991,5399,18180,8785,9395,20777,9971,10806,18180,8723,9457,10388,5001,5387,2597,1243,1354,
51960,10391,4991,5400,18183,8785,9398,20781,9972,10809,18182,8725,9457,10389,5001,5388,2597,1243,1354,
51965,10391,4991,5400,18185,8785,9400,20781,9972,10809,18183,8725,9458,10389,5001,5388,2598,1244,1354,
51970,10393,4993,5400,18186,8786,9400,20784,9973,10811,18185,8726,9459,10391,5002,5389,2598,1244,1354,
51975,10394,4993,5401,18187,8787,9400,20785,9973,10812,18187,8726,9461,10392,5003,5389,2598,1244,1354,
51980,10395,4993,5402,18190,8788,9402,20789,9974,10815,18189,8728,9461,10393,5003,5390,2598,1244,1354,
51985,10395,4993,5402,18192,8789,9403,20789,9974,10815,18190,8729,9461,10393,5003,5390,2599,1244,1355,
51990,10397,4993,5404,18193,8789,9404,20792,9975,10817,18192,8731,9461,10395,5005,5390,2599,1244,1355,
51995,10398,4994,5404,18194,8790,9404,20793,9975,10818,18194,8732,9462,10396,5006,5390,2599,1244,1355,
52000,10399,4995,5404,18197,8791,9406,20797,9975,10822,18196,8732,9464,10397,5006,5391,2599,1244,1355,
52005,10399,4995,5404,18199,8793,9406,20797,9975,10822,18197,8732,9465,10397,5006,5391,2600,1244,1356,
52010,10401,4995,5406,18200,8793,9407,20800,9978,10822,18199,8733,9466,10399,5007,5392,2600,1244,1356,
52015,10402,4996,5406,18201,8794,9407,20801,9978,10823,18201,8734,9467,10400,5008,5392,2600,1244,1356,
52020,10403,4997,5406,18204,8795,9409,20805,9979,10826,18203,8735,9468,10401,5008,5393,2600,1244,1356,
52025,10403,4997,5406,18206,8796,9410,20805,9979,10826,18204,8735,9469,10401,5008,5393,2601,1244,1357,
52030,10405,4997,5408,18207,8796,9411,20808,9980,10828,18206,8735,9471,10403,5009,5394,2601,1244,1357,
52035,10406,4998,5408,18208,8796,9412,20809,9981,10828,18208,8736,9472,10404,5009,5395,2601,1244,1357,
52040,10407,4999,5408,18211,8799,9412,20813,9983,10830,18210,8736,9474,10405,5009,5396,2601,1244,1357,
52045,10407,4999,5408,18213,8800,9413,20813,9983,10830,18211,8737,9474,10405,5009,5396,2602,1244,1358,
52050,10409,5001,5408,18214,8800,9414,20816,9985,10831,18213,8738,9475,10407,5010,5397,2602,1244,1358,
52055,10410,5002,5408,18215,8800,9415,20817,9986,10831,18215,8739,9476,10408,5010,5398,2602,1244,1358,
52060,10411,5003,5408,18218,8802,9416,20821,9988,10833,18217,8740,9477,10409,5010,5399,2602,1244,1358,
52065,10411,5003,5408,18220,8803,9417,20821,9988,10833,18218,8741,9477,10409,5010,5399,2603,1245,1358,
52070,10413,5004,5409,18221,8803,9418,20824,9990,10834,18220,8743,9477,10411,5010,5401,2603,1245,1358,
52075,10414,5004,5410,18222,8804,9418,20825,9991,10834,18222,8744,9478,10412,5011,5401,2603,1245,1358,
52080,10415,5005,5410,18225,8804,9421,20829,9994,10835,18224,8746,9478,10413,5011,5402,2603,1245,1358,
52085,10415,5005,5410,18227,8805,9422,20829,9994,10835,18225,8746,9479,10413,5011,5402,2604,1245,1359,
52090,10417,5006,5411,18228,8806,9422,20832,9994,10838,18227,8747,9480,10415,5012,5403,2604,1245,1359,
52095,10418,5006,5412,18229,8806,9423,20833,9995,10838,18229,8748,9481,10416,5013,5403,2604,1245,1359,
52100,10419,5006,5413,18232,8809,9423,20837,9998,10839,18231,8748,9483,10417,5013,5404,2604,1245,1359,
52105,10419,5006,5413,18234,8809,9425,20837,9998,10839,18232,8749,9483,10417,5013,5404,2605,1246,1359,
52110,10421,5008,5413,18235,8810,9425,20840,10000,10840,18234,8751,9483,10419,5013,5406,2605,1246,1359,
52115,10422,5009,5413,18236,8811,9425,20841,10000,10841,18236,8752,9484,10420,5013,5407,2605,1246,1359,
52120,10423,5009,5414,18239,8812,9427,20845,10002,10843,18238,8753,9485,10421,5013,5408,2605,1246,1359,
52125,10423,5009,5414,18241,8814,9427,20845,10002,10843,18239,8753,9486,10421,5013,5408,2606,1246,1360,
52130,10425,5009,5416,18242,8815,9427,20848,10004,10844,18241,8754,9487,10423,5014,5409,2606,1246,1360,
52135,10426,5010,5416,18243,8816,9427,20849,10005,10844,18243,8755,9488,10424,5015,5409,2606,1246,1360,
52140,10427,5011,5416,18246,8817,9429,20853,10008,10845,18245,8756,9489,10425,5016,5409,2606,1246,1360,
52145,10427,5011,5416,18248,8818,9430,20853,10008,10845,18246,8756,9490,10425,5016,5409,2607,1246,1361,
52150,10429,5012,5417,18249,8818,9431,20856,10009,10847,18248,8756,9492,10427,5017,5410,2607,1246,1361,
52155,10430,5013,5417,18250,8819,9431,20857,10009,10848,18250,8756,9494,10428,5018,5410,2607,1246,1361,
52160,10431,5013,5418,18253,8821,9432,20861,10012,10849,18252,8757,9495,10429,5018,5411,2607,1246,1361,
52165,10431,5013,5418,18255,8822,9433,20861,10012,10849,18253,8758,9495,10429,5018,5411,2608,1247,1361,
52170,10433,5015,5418,18256,8823,9433,20864,10014,10850,18255,8759,9496,10431,5019,5412,2608,1247,1361,
52175,10434,5016,5418,18257,8823,9434,20865,10015,10850,18257,8759,9498,10432,5020,5412,2608,1247,1361,
52180,10435,5017,5418,18260,8824,9436,20869,10018,10851,18259,8759,9500,10433,5020,5413,2608,1247,1361,
52185,10435,5017,5418,18262,8825,9437,20869,10018,10851,18260,8759,9501,10433,5020,5413,2609,1248,1361,
52190,10437,5017,5420,18263,8826,9437,20872,10019,10853,18262,8759,9503,10435,5021,5414,2609,1248,1361,
52195,10438,5017,5421,18264,8827,9437,20873,10020,10853,18264,8759,9505,10436,5021,5415,2609,1248,1361,
52200,10439,5017,5422,18267,8829,9438,20877,10023,10854,18266,8761,9505,10437,5021,5416,2609,1248,1361,
52205,10439,5017,5422,18269,8830,9439,20877,10023,10854,18267,8761,9506,10437,5021,5416,2610,1248,1362,
52210,10441,5019,5422,18270,8831,9439,20880,10024,10856,18269,8762,9507,10439,5022,5417,2610,1248,1362,
52215,10442,5020,5422,18271,8832,9439,20881,10025,10856,18271,8764,9507,10440,5023,5417,2610,1248,1362,
52220,10443,5020,5423,18274,8835,9439,20885,10026,10859,18273,8764,9509,10441,5024,5417,2610,1248,1362,
52225,10443,5020,5423,18276,8836,9440,20885,10026,10859,18274,8764,9510,10441,5024,5417,2611,1249,1362,
52230,10445,5020,5425,18277,8837,9440,20888,10029,10859,18276,8766,9510,10443,5024,5419,2611,1249,1362,
52235,10446,5020,5426,18278,8838,9440,20889,10029,10860,18278,8766,9512,10444,5025,5419,2611,1249,1362,
52240,10447,5021,5426,18281,8839,9442,20893,10031,10862,18280,8768,9512,10445,5026,5419,2611,1249,1362,
52245,10447,5021,5426,18283,8841,9442,20893,10031,10862,18281,8768,9513,10445,5026,5419,2612,1249,1363,
52250,10449,5023,5426,18284,8841,9443,20896,10032,10864,18283,8770,9513,10447,5028,5419,2612,1249,1363,
52255,10450,5023,5427,18285,8841,9444,20897,10033,10864,18285,8771,9514,10448,5028,5420,2612,1249,1363,
52260,10451,5024,5427,18288,8841,9447,20901,10034,10867,18287,8772,9515,10449,5029,5420,2612,1249,1363,
52265,10451,5024,5427,18290,8841,9449,20901,10034,10867,18288,8772,9516,10449,5029,5420,2613,1250,1363,
52270,10453,5026,5427,18291,8842,9449,20904,10034,10870,18290,8772,9518,10451,5030,5421,2613,1250,1363,
52275,10454,5027,5427,18292,8843,9449,20905,10034,10871,18292,8774,9518,10452,5030,5422,2613,1250,1363,
52280,10455,5027,5428,18295,8845,9450,20909,10036,10873,18294,8774,9520,10453,5031,5422,2613,1250,1363,
52285,10455,5027,5428,18297,8847,9450,20909,10036,10873,18295,8774,9521,10453,5031,5422,2614,1250,1364,
52290,10457,5028,5429,18298,8847,9451,20912,10037,10875,18297,8776,9521,10455,5032,5423,2614,1250,1364,
52295,10458,5028,5430,18299,8847,9452,20913,10038,10875,18299,8778,9521,10456,5032,5424,2614,1250,1364,
52300,10459,5029,5430,18302,8847,9455,20917,10040,10877,18301,8779,9522,10457,5033,5424,2614,1250,1364,
52305,10459,5029,5430,18304,8849,9455,20917,10040,10877,18302,8780,9522,10457,5033,5424,2615,1250,1365,
52310,10461,5029,5432,18305,8849,9456,20920,10043,10877,18304,8781,9523,10459,5034,5425,2615,1250,1365,
52315,10462,5030,5432,18306,8849,9457,20921,10043,10878,18306,8783,9523,10460,5035,5425,2615,1250,1365,
52320,10463,5030,5433,18309,8850,9459,20925,10044,10881,18308,8784,9524,10461,5035,5426,2615,1250,1365,
52325,10463,5030,5433,18311,8851,9460,20925,10044,10881,18309,8784,9525,10461,5035,5426,2616,1250,1366,
52330,10465,5030,5435,18312,8852,9460,20928,10044,10884,18311,8786,9525,10463,5035,5428,2616,1250,1366,
52335,10466,5031,5435,18313,8852,9461,20929,10045,10884,18313,8788,9525,10464,5035,5429,2616,1250,1366,
52340,10467,5031,5436,18316,8852,9464,20933,10045,10888,18315,8788,9527,10465,5035,5430,2616,1250,1366,
52345,10467,5031,5436,18318,8854,9464,20933,10045,10888,18316,8788,9528,10465,5035,5430,2617,1251,1366,
52350,10469,5032,5437,18319,8855,9464,20936,10047,10889,18318,8790,9528,10467,5036,5431,2617,1251,1366,
52355,10470,5033,5437,18320,8856,9464,20937,10047,10890,18320,8790,9530,10468,5036,5432,2617,1251,1366,
52360,10471,5033,5438,18323,8859,9464,20941,10049,10892,18322,8792,9530,10469,5036,5433,2617,1251,1366,
52365,10471,5033,5438,18325,8860,9465,20941,10049,10892,18323,8792,9531,10469,5036,5433,2618,1251,1367,
52370,10473,5034,5439,18326,8860,9466,20944,10051,10893,18325,8793,9532,10471,5038,5433,2618,1251,1367,
52375,10474,5034,5440,18327,8860,9467,20945,10051,10894,18327,8793,9534,10472,5039,5433,2618,1251,1367,
52380,10475,5035,5440,18330,8861,9469,20949,10053,10896,18329,8794,9535,10473,5039,5434,2618,1251,1367,
52385,10475,5035,5440,18332,8863,9469,20949,10053,10896,18330,8794,9536,10473,5039,5434,2619,1251,1368,
52390,10477,5036,5441,18333,8863,9470,20952,10054,10898,18332,8795,9537,10475,5040,5435,2619,1251,1368,
52395,10478,5037,5441,18334,8863,9471,20953,10055,10898,18334,8797,9537,10476,5041,5435,2619,1251,1368,
52400,10479,5037,5442,18337,8866,9471,20957,10057,10900,18336,8797,9539,10477,5041,5436,2619,1251,1368,
52405,10479,5037,5442,18339,8866,9473,20957,10057,10900,18337,8798,9539,10477,5041,5436,2620,1251,1369,
52410,10481,5038,5443,18340,8867,9473,20960,10058,10902,18339,8800,9539,10479,5042,5437,2620,1251,1369,
52415,10482,5039,5443,18341,8868,9473,20961,10059,10902,18341,8802,9539,10480,5043,5437,2620,1251,1369,
52420,10483,5039,5444,18344,8870,9474,20965,10061,10904,18343,8802,9541,10481,5044,5437,2620,1251,1369,
52425,10483,5039,5444,18346,8871,9475,20965,10061,10904,18344,8803,9541,10481,5044,5437,2621,1252,1369,
52430,10485,5039,5446,18347,8871,9476,20968,10061,10907,18346,8804,9542,10483,5045,5438,2621,1252,1369,
52435,10486,5040,5446,18348,8872,9476,20969,10062,10907,18348,8805,9543,10484,5046,5438,2621,1252,1369,
52440,10487,5040,5447,18351,8872,9479,20973,10064,10909,18350,8806,9544,10485,5046,5439,2621,1252,1369,
52445,10487,5040,5447,18353,8872,9481,20973,10064,10909,18351,8807,9544,10485,5046,5439,2622,1253,1369,
52450,10489,5041,5448,18354,8872,9482,20976,10065,10911,18353,8809,9544,10487,5048,5439,2622,1253,1369,
52455,10490,5042,5448,18355,8872,9483,20977,10066,10911,18355,8809,9546,10488,5049,5439,2622,1253,1369,
52460,10491,5042,5449,18358,8873,9485,20981,10067,10914,18357,8810,9547,10489,5049,5440,2622,1253,1369,
52465,10491,5042,5449,18360,8873,9487,20981,10067,10914,18358,8810,9548,10489,5049,5440,2623,1253,1370,
52470,10493,5042,5451,18361,8874,9487,20984,10068,10916,18360,8811,9549,10491,5049,5442,2623,1253,1370,
52475,10494,5042,5452,18362,8875,9487,20985,10068,10917,18362,8812,9550,10492,5049,5443,2623,1253,1370,
52480,10495,5043,5452,18365,8875,9490,20989,10070,10919,18364,8813,9551,10493,5050,5443,2623,1253,1370,
52485,10495,5043,5452,18367,8875,9492,20989,10070,10919,18365,8814,9551,10493,5050,5443,2624,1253,1371,
52490,10497,5044,5453,18368,8875,9493,20992,10071,10921,18367,8816,9551,10495,5052,5443,2624,1253,1371,
52495,10498,5044,5454,18369,8875,9494,20993,10072,10921,18369,8817,9552,10496,5052,5444,2624,1253,1371,
52500,10499,5045,5454,18372,8877,9495,20997,10075,10922,18371,8818,9553,10497,5053,5444,2624,1253,1371,
52505,10499,5045,5454,18374,8879,9495,20997,10075,10922,18372,8818,9554,10497,5053,5444,2625,1254,1371,
52510,10501,5045,5456,18375,8880,9495,21000,10076,10924,18374,8819,9555,10499,5053,5446,2625,1254,1371,
52515,10502,5045,5457,18376,8880,9496,21001,10076,10925,18376,8821,9555,10500,5053,5447,2625,1254,1371,
52520,10503,5046,5457,18379,8881,9498,21005,10080,10925,18378,8822,9556,10501,5054,5447,2625,1254,1371,
52525,10503,5046,5457,18381,8882,9499,21005,10080,10925,18379,8822,9557,10501,5054,5447,2626,1254,1372,
52530,10505,5048,5457,18382,8882,9500,21008,10081,10927,18381,8824,9557,10503,5055,5448,2626,1254,1372,
52535,10506,5048,5458,18383,8882,9501,21009,10082,10927,18383,8825,9558,10504,5056,5448,2626,1254,1372,
52540,10507,5048,5459,18386,8885,9501,21013,10085,10928,18385,8825,9560,10505,5057,5448,2626,1254,1372,
52545,10507,5048,5459,18388,8886,9502,21013,10085,10928,18386,8826,9560,10505,5057,5448,2627,1254,1373,
52550,10509,5048,5461,18389,8887,9502,21016,10087,10929,18388,8826,9562,10507,5059,5448,2627,1254,1373,
52555,10510,5048,5462,18390,8887,9503,21017,10087,10930,18390,8828,9562,10508,5059,5449,2627,1254,1373,
52560,10511,5048,5463,18393,8888,9505,21021,10088,10933,18392,8830,9562,10509,5059,5450,2627,1254,1373,
52565,10511,5048,5463,18395,8888,9507,21021,10088,10933,18393,8831,9562,10509,5059,5450,2628,1254,1374,
52570,10513,5049,5464,18396,8889,9507,21024,10091,10933,18395,8833,9562,10511,5059,5452,2628,1254,1374,
52575,10514,5050,5464,18397,8890,9507,21025,10092,10933,18397,8833,9564,10512,5060,5452,2628,1254,1374,
52580,10515,5050,5465,18400,8890,9510,21029,10094,10935,18399,8833,9566,10513,5061,5452,2628,1254,1374,
52585,10515,5050,5465,18402,8891,9511,21029,10094,10935,18400,8833,9567,10513,5061,5452,2629,1255,1374,
52590,10517,5050,5467,18403,8892,9511,21032,10095,10937,18402,8834,9568,10515,5061,5454,2629,1255,1374,
52595,10518,5051,5467,18404,8892,9512,21033,10096,10937,18404,8834,9570,10516,5061,5455,2629,1255,1374,
52600,10519,5051,5468,18407,8894,9513,21037,10098,10939,18406,8834,9572,10517,5062,5455,2629,1255,1374,
52605,10519,5051,5468,18409,8894,9515,21037,10098,10939,18407,8835,9572,10517,5062,5455,2630,1255,1375,
52610,10521,5052,5469,18410,8895,9515,21040,10099,10941,18409,8836,9573,10519,5063,5456,2630,1255,1375,
52615,10522,5052,5470,18411,8896,9515,21041,10099,10942,18411,8836,9575,10520,5064,5456,2630,1255,1375,
52620,10523,5053,5470,18414,8898,9516,21045,10102,10943,18413,8837,9576,10521,5065,5456,2630,1255,1375,
52625,10523,5053,5470,18416,8900,9516,21045,10102,10943,18414,8838,9576,10521,5065,5456,2631,1255,1376,
52630,10525,5054,5471,18417,8900,9517,21048,10105,10943,18416,8838,9578,10523,5066,5457,2631,1255,1376,
52635,10526,5055,5471,18418,8901,9517,21049,10106,10943,18418,8840,9578,10524,5066,5458,2631,1255,1376,
52640,10527,5055,5472,18421,8904,9517,21053,10109,10944,18420,8840,9580,10525,5066,5459,2631,1255,1376,
52645,10527,5055,5472,18423,8905,9518,21053,10109,10944,18421,8840,9581,10525,5066,5459,2632,1255,1377,
52650,10529,5056,5473,18424,8906,9518,21056,10112,10944,18423,8842,9581,10527,5067,5460,2632,1255,1377,
52655,10530,5056,5474,18425,8906,9519,21057,10113,10944,18425,8844,9581,10528,5067,5461,2632,1255,1377,
52660,10531,5056,5475,18428,8907,9521,21061,10115,10946,18427,8846,9581,10529,5068,5461,2632,1255,1377,
52665,10531,5056,5475,18430,8907,9523,21061,10115,10946,18428,8847,9581,10529,5068,5461,2633,1256,1377,
52670,10533,5057,5476,18431,8908,9523,21064,10117,10947,18430,8848,9582,10531,5068,5463,2633,1256,1377,
52675,10534,5057,5477,18432,8908,9524,21065,10117,10948,18432,8848,9584,10532,5069,5463,2633,1256,1377,
52680,10535,5057,5478,18435,8910,9525,21069,10118,10951,18434,8850,9584,10533,5070,5463,2633,1256,1377,
52685,10535,5057,5478,18437,8912,9525,21069,10118,10951,18435,8851,9584,10533,5070,5463,2634,1257,1377,
52690,10537,5058,5479,18438,8912,9526,21072,10119,10953,18437,8851,9586,10535,5071,5464,2634,1257,1377,
52695,10538,5058,5480,18439,8912,9527,21073,10120,10953,18439,8853,9586,10536,5072,5464,2634,1257,1377,
52700,10539,5058,5481,18442,8914,9528,21077,10120,10957,18441,8854,9587,10537,5072,5465,2634,1257,1377,
52705,10539,5058,5481,18444,8916,9528,21077,10120,10957,18442,8855,9587,10537,5072,5465,2635,1258,1377,
52710,10541,5059,5482,18445,8916,9529,21080,10123,10957,18444,8857,9587,10539,5072,5467,2635,1258,1377,
52715,10542,5059,5483,18446,8916,9530,21081,10123,10958,18446,8857,9589,10540,5072,5468,2635,1258,1377,
52720,10543,5059,5484,18449,8918,9531,21085,10126,10959,18448,8858,9590,10541,5073,5468,2635,1258,1377,
52725,10543,5059,5484,18451,8919,9532,21085,10126,10959,18449,8858,9591,10541,5073,5468,2636,1259,1377,
52730,10545,5060,5485,18452,8919,9533,21088,10129,10959,18451,8858,9593,10543,5075,5468,2636,1259,1377,
52735,10546,5061,5485,18453,8920,9533,21089,10130,10959,18453,8859,9594,10544,5075,5469,2636,1259,1377,
52740,10547,5062,5485,18456,8923,9533,21093,10132,10961,18455,8860,9595,10545,5076,5469,2636,1259,1377,
52745,10547,5062,5485,18458,8925,9533,21093,10132,10961,18456,8861,9595,10545,5076,5469,2637,1260,1377,
52750,10549,5063,5486,18459,8925,9534,21096,10134,10962,18458,8863,9595,10547,5077,5470,2637,1260,1377,
52755,10550,5063,5487,18460,8926,9534,21097,10134,10963,18460,8864,9596,10548,5078,5470,2637,1260,1377,
52760,10551,5064,5487,18463,8928,9535,21101,10136,10965,18462,8865,9597,10549,5079,5470,2637,1260,1377,
52765,10551,5064,5487,18465,8929,9536,21101,10136,10965,18463,8865,9598,10549,5079,5470,2638,1260,1378,
52770,10553,5065,5488,18466,8929,9537,21104,10137,10967,18465,8866,9599,10551,5079,5472,2638,1260,1378,
52775,10554,5066,5488,18467,8930,9537,21105,10137,10968,18467,8868,9599,10552,5079,5473,2638,1260,1378,
52780,10555,5066,5489,18470,8931,9539,21109,10138,10971,18469,8868,9601,10553,5079,5474,2638,1260,1378,
52785,10555,5066,5489,18472,8932,9540,21109,10138,10971,18470,8868,9602,10553,5079,5474,2639,1261,1378,
52790,10557,5066,5491,18473,8932,9541,21112,10141,10971,18472,8870,9602,10555,5080,5475,2639,1261,1378,
52795,10558,5066,5492,18474,8932,9542,21113,10142,10971,18474,8870,9604,10556,5080,5476,2639,1261,1378,
52800,10559,5066,5493,18477,8934,9543,21117,10145,10972,18476,8871,9605,10557,5081,5476,2639,1261,1378,
52805,10559,5066,5493,18479,8934,9545,21117,10145,10972,18477,8872,9605,10557,5081,5476,2640,1261,1379,
52810,10561,5067,5494,18480,8935,9545,21120,10146,10974,18479,8872,9607,10559,5083,5476,2640,1261,1379,
52815,10562,5067,5495,18481,8936,9545,21121,10146,10975,18481,8874,9607,10560,5083,5477,2640,1261,1379,
52820,10563,5068,5495,18484,8938,9546,21125,10148,10977,18483,8875,9608,10561,5084,5477,2640,1261,1379,
52825,10563,5068,5495,18486,8938,9548,21125,10148,10977,18484,8876,9608,10561,5084,5477,2641,1262,1379,
52830,10565,5069,5496,18487,8939,9548,21128,10150,10978,18486,8878,9608,10563,5084,5479,2641,1262,1379,
52835,10566,5069,5497,18488,8939,9549,21129,10151,10978,18488,8878,9610,10564,5085,5479,2641,1262,1379,
52840,10567,5069,5498,18491,8941,9550,21133,10152,10981,18490,8878,9612,10565,5085,5480,2641,1262,1379,
52845,10567,5069,5498,18493,8941,9552,21133,10152,10981,18491,8878,9613,10565,5085,5480,2642,1262,1380,
52850,10569,5070,5499,18494,8942,9552,21136,10155,10981,18493,8879,9614,10567,5086,5481,2642,1262,1380,
52855,10570,5071,5499,18495,8942,9553,21137,10155,10982,18495,8880,9615,10568,5086,5482,2642,1262,1380,
52860,10571,5071,5500,18498,8944,9554,21141,10157,10984,18497,8881,9616,10569,5087,5482,2642,1262,1380,
52865,10571,5071,5500,18500,8946,9554,21141,10157,10984,18498,8882,9616,10569,5087,5482,2643,1262,1381,
52870,10573,5072,5501,18501,8946,9555,21144,10159,10985,18500,8883,9617,10571,5089,5482,2643,1262,1381,
52875,10574,5073,5501,18502,8946,9556,21145,10160,10985,18502,8883,9619,10572,5089,5483,2643,1262,1381,
52880,10575,5073,5502,18505,8947,9558,21149,10164,10985,18504,8884,9620,10573,5090,5483,2643,1262,1381,
52885,10575,5073,5502,18507,8949,9558,21149,10164,10985,18505,8885,9620,10573,5090,5483,2644,1262,1382,
52890,10577,5074,5503,18508,8949,9559,21152,10167,10985,18507,8886,9621,10575,5092,5483,2644,1262,1382,
52895,10578,5074,5504,18509,8949,9560,21153,10167,10986,18509,8887,9622,10576,5093,5483,2644,1262,1382,
52900,10579,5074,5505,18512,8949,9563,21157,10169,10988,18511,8887,9624,10577,5094,5483,2644,1262,1382,
52905,10579,5074,5505,18514,8949,9565,21157,10169,10988,18512,8887,9625,10577,5094,5483,2645,1263,1382,
52910,10581,5075,5506,18515,8950,9565,21160,10171,10989,18514,8888,9626,10579,5096,5483,2645,1263,1382,
52915,10582,5075,5507,18516,8950,9566,21161,10171,10990,18516,8889,9627,10580,5096,5484,2645,1263,1382,
52920,10583,5075,5508,18519,8951,9568,21165,10173,10992,18518,8891,9627,10581,5096,5485,2645,1263,1382,
52925,10583,5075,5508,18521,8952,9569,21165,10173,10992,18519,8892,9627,10581,5096,5485,2646,1263,1383,
52930,10585,5076,5509,18522,8952,9570,21168,10176,10992,18521,8892,9629,10583,5097,5486,2646,1263,1383,
52935,10586,5076,5510,18523,8953,9570,21169,10177,10992,18523,8893,9630,10584,5098,5486,2646,1263,1383,
52940,10587,5077,5510,18526,8954,9572,21173,10179,10994,18525,8894,9631,10585,5098,5487,2646,1263,1383,
52945,10587,5077,5510,18528,8955,9573,21173,10179,10994,18526,8894,9632,10585,5098,5487,2647,1264,1383,
52950,10589,5079,5510,18529,8956,9573,21176,10180,10996,18528,8895,9633,10587,5099,5488,2647,1264,1383,
52955,10590,5080,5510,18530,8956,9574,21177,10181,10996,18530,8897,9633,10588,5100,5488,2647,1264,1383,
52960,10591,5080,5511,18533,8957,9576,21181,10183,10998,18532,8898,9634,10589,5101,5488,2647,1264,1383,
52965,10591,5080,5511,18535,8958,9577,21181,10183,10998,18533,8899,9634,10589,5101,5488,2648,1265,1383,
52970,10593,5081,5512,18536,8959,9577,21184,10184,11000,18535,8901,9634,10591,5102,5489,2648,1265,1383,
52975,10594,5082,5512,18537,8960,9577,21185,10185,11000,18537,8903,9634,10592,5103,5489,2648,1265,1383,
52980,10595,5082,5513,18540,8960,9580,21189,10185,11004,18539,8904,9635,10593,5103,5490,2648,1265,1383,
52985,10595,5082,5513,18542,8962,9580,21189,10185,11004,18540,8905,9635,10593,5103,5490,2649,1266,1383,
52990,10597,5084,5513,18543,8962,9581,21192,10186,11006,18542,8906,9636,10595,5104,5491,2649,1266,1383,
52995,10598,5085,5513,18544,8963,9581,21193,10187,11006,18544,8908,9636,10596,5104,5492,2649,1266,1383,
53000,10599,5085,5514,18547,8963,9584,21197,10189,11008,18546,8910,9636,10597,5105,5492,2649,1266,1383,
53005,10599,5085,5514,18549,8964,9585,21197,10189,11008,18547,8910,9637,10597,5105,5492,2650,1266,1384,
53010,10601,5085,5516,18550,8964,9586,21200,10189,11011,18549,8912,9637,10599,5106,5493,2650,1266,1384,
53015,10602,5086,5516,18551,8965,9586,21201,10190,11011,18551,8914,9637,10600,5107,5493,2650,1266,1384,
53020,10603,5087,5516,18554,8967,9587,21205,10191,11014,18553,8916,9637,10601,5108,5493,2650,1266,1384,
53025,10603,5087,5516,18556,8968,9588,21205,10191,11014,18554,8916,9638,10601,5108,5493,2651,1266,1385,
53030,10605,5088,5517,18557,8968,9589,21208,10194,11014,18556,8917,9639,10603,5108,5495,2651,1266,1385,
53035,10606,5088,5518,18558,8968,9590,21209,10195,11014,18558,8918,9640,10604,5108,5496,2651,1266,1385,
53040,10607,5088,5519,18561,8968,9593,21213,10197,11016,18560,8919,9641,10605,5109,5496,2651,1266,1385,
53045,10607,5088,5519,18563,8969,9594,21213,10197,11016,18561,8920,9641,10605,5109,5496,2652,1267,1385,
53050,10609,5088,5521,18564,8970,9594,21216,10199,11017,18563,8920,9643,10607,5110,5497,2652,1267,1385,
53055,10610,5089,5521,18565,8970,9595,21217,10199,11018,18565,8921,9644,10608,5111,5497,2652,1267,1385,
53060,10611,5089,5522,18568,8971,9597,21221,10200,11021,18567,8922,9645,10609,5112,5497,2652,1267,1385,
53065,10611,5089,5522,18570,8972,9598,21221,10200,11021,18568,8923,9645,10609,5112,5497,2653,1267,1386,
53070,10613,5090,5523,18571,8973,9598,21224,10201,11023,18570,8925,9645,10611,5113,5498,2653,1267,1386,
53075,10614,5091,5523,18572,8973,9599,21225,10201,11024,18572,8925,9647,10612,5113,5499,2653,1267,1386,
53080,10615,5092,5523,18575,8975,9600,21229,10204,11025,18574,8926,9648,10613,5114,5499,2653,1267,1386,
53085,10615,5092,5523,18577,8977,9600,21229,10204,11025,18575,8926,9649,10613,5114,5499,2654,1267,1387,
53090,10617,5094,5523,18578,8977,9601,21232,10205,11027,18577,8926,9651,10615,5115,5500,2654,1267,1387,
53095,10618,5094,5524,18579,8978,9601,21233,10206,11027,18579,8927,9652,10616,5115,5501,2654,1267,1387,
53100,10619,5094,5525,18582,8981,9601,21237,10209,11028,18581,8928,9653,10617,5116,5501,2654,1267,1387,
53105,10619,5094,5525,18584,8982,9602,21237,10209,11028,18582,8929,9653,10617,5116,5501,2655,1267,1388,
53110,10621,5096,5525,18585,8983,9602,21240,10210,11030,18584,8931,9653,10619,5117,5502,2655,1267,1388,
53115,10622,5097,5525,18586,8984,9602,21241,10211,11030,18586,8932,9654,10620,5118,5502,2655,1267,1388,
53120,10623,5097,5526,18589,8986,9603,21245,10212,11033,18588,8934,9654,10621,5119,5502,2655,1267,1388,
53125,10623,5097,5526,18591,8987,9604,21245,10212,11033,18589,8935,9654,10621,5119,5502,2656,1268,1388,
53130,10625,5097,5528,18592,8988,9604,21248,10213,11035,18591,8935,9656,10623,5120,5503,2656,1268,1388,
53135,10626,5098,5528,18593,8989,9604,21249,10213,11036,18593,8936,9657,10624,5121,5503,2656,1268,1388,
53140,10627,5099,5528,18596,8990,9606,21253,10215,11038,18595,8936,9659,10625,5121,5504,2656,1268,1388,
53145,10627,5099,5528,18598,8991,9607,21253,10215,11038,18596,8936,9660,10625,5121,5504,2657,1269,1388,
53150,10629,5100,5529,18599,8991,9608,21256,10217,11039,18598,8936,9662,10627,5123,5504,2657,1269,1388,
53155,10630,5100,5530,18600,8992,9608,21257,10218,11039,18600,8937,9663,10628,5123,5505,2657,1269,1388,
53160,10631,5100,5531,18603,8995,9608,21261,10220,11041,18602,8938,9664,10629,5123,5506,2657,1269,1388,
53165,10631,5100,5531,18605,8996,9609,21261,10220,11041,18603,8938,9665,10629,5123,5506,2658,1269,1389,
53170,10633,5102,5531,18606,8997,9609,21264,10221,11043,18605,8939,9666,10631,5124,5507,2658,1269,1389,
53175,10634,5102,5532,18607,8997,9610,21265,10221,11044,18607,8940,9667,10632,5124,5508,2658,1269,1389,
53180,10635,5103,5532,18610,8998,9612,21269,10224,11045,18609,8941,9668,10633,5125,5508,2658,1269,1389,
53185,10635,5103,5532,18612,8998,9614,21269,10224,11045,18610,8941,9669,10633,5125,5508,2659,1270,1389,
53190,10637,5104,5533,18613,8998,9615,21272,10225,11047,18612,8942,9670,10635,5125,5510,2659,1270,1389,
53195,10638,5104,5534,18614,8998,9616,21273,10225,11048,18614,8943,9671,10636,5125,5511,2659,1270,1389,
53200,10639,5104,5535,18617,9000,9617,21277,10227,11050,18616,8945,9671,10637,5126,5511,2659,1270,1389,
53205,10639,5104,5535,18619,9002,9617,21277,10227,11050,18617,8945,9672,10637,5126,5511,2660,1271,1389,
53210,10641,5106,5535,18620,9002,9618,21280,10229,11051,18619,8946,9673,10639,5127,5512,2660,1271,1389,
53215,10642,5107,5535,18621,9002,9619,21281,10230,11051,18621,8948,9673,10640,5128,5512,2660,1271,1389,
53220,10643,5107,5536,18624,9003,9621,21285,10231,11054,18623,8950,9673,10641,5129,5512,2660,1271,1389,
53225,10643,5107,5536,18626,9003,9623,21285,10231,11054,18624,8951,9673,10641,5129,5512,2661,1272,1389,
53230,10645,5109,5536,18627,9004,9623,21288,10233,11055,18626,8952,9674,10643,5129,5514,2661,1272,1389,
53235,10646,5109,5537,18628,9004,9624,21289,10233,11056,18628,8953,9675,10644,5129,5515,2661,1272,1389,
53240,10647,5109,5538,18631,9006,9625,21293,10235,11058,18630,8954,9676,10645,5129,5516,2661,1272,1389,
53245,10647,5109,5538,18633,9007,9626,21293,10235,11058,18631,8955,9676,10645,5129,5516,2662,1272,1390,
53250,10649,5110,5539,18634,9008,9626,21296,10236,11060,18633,8956,9677,10647,5131,5516,2662,1272,1390,
53255,10650,5110,5540,18635,9008,9627,21297,10236,11061,18635,8957,9678,10648,5132,5516,2662,1272,1390,
53260,10651,5110,5541,18638,9010,9628,21301,10238,11063,18637,8957,9680,10649,5132,5517,2662,1272,1390,
53265,10651,5110,5541,18640,9010,9630,21301,10238,11063,18638,8957,9681,10649,5132,5517,2663,1272,1391,
53270,10653,5112,5541,18641,9011,9630,21304,10240,11064,18640,8958,9682,10651,5133,5518,2663,1272,1391,
53275,10654,5112,5542,18642,9012,9630,21305,10241,11064,18642,8958,9684,10652,5134,5518,2663,1272,1391,
53280,10655,5113,5542,18645,9015,9630,21309,10243,11066,18644,8958,9686,10653,5135,5518,2663,1272,1391,
53285,10655,5113,5542,18647,9016,9631,21309,10243,11066,18645,8958,9687,10653,5135,5518,2664,1273,1391,
53290,10657,5115,5542,18648,9017,9631,21312,10243,11069,18647,8960,9687,10655,5135,5520,2664,1273,1391,
53295,10658,5116,5542,18649,9018,9631,21313,10243,11070,18649,8961,9688,10656,5136,5520,2664,1273,1391,
53300,10659,5117,5542,18652,9019,9633,21317,10244,11073,18651,8961,9690,10657,5136,5521,2664,1273,1391,
53305,10659,5117,5542,18654,9020,9634,21317,10244,11073,18652,8962,9690,10657,5136,5521,2665,1274,1391,
53310,10661,5117,5544,18655,9021,9634,21320,10245,11075,18654,8962,9692,10659,5136,5523,2665,1274,1391,
53315,10662,5118,5544,18656,9022,9634,21321,10245,11076,18656,8963,9693,10660,5137,5523,2665,1274,1391,
53320,10663,5118,5545,18659,9024,9635,21325,10246,11079,18658,8964,9694,10661,5137,5524,2665,1274,1391,
53325,10663,5118,5545,18661,9024,9637,21325,10246,11079,18659,8965,9694,10661,5137,5524,2666,1275,1391,
53330,10665,5119,5546,18662,9024,9638,21328,10246,11082,18661,8967,9694,10663,5139,5524,2666,1275,1391,
53335,10666,5120,5546,18663,9025,9638,21329,10246,11083,18663,8967,9696,10664,5140,5524,2666,1275,1391,
53340,10667,5121,5546,18666,9026,9640,21333,10247,11086,18665,8968,9697,10665,5141,5524,2666,1275,1391,
53345,10667,5121,5546,18668,9028,9640,21333,10247,11086,18666,8969,9697,10665,5141,5524,2667,1276,1391,
53350,10669,5123,5546,18669,9028,9641,21336,10249,11087,18668,8969,9699,10667,5143,5524,2667,1276,1391,
53355,10670,5123,5547,18670,9028,9642,21337,10249,11088,18670,8971,9699,10668,5143,5525,2667,1276,1391,
53360,10671,5123,5548,18673,9030,9643,21341,10252,11089,18672,8972,9700,10669,5144,5525,2667,1276,1391,
53365,10671,5123,5548,18675,9030,9645,21341,10252,11089,18673,8972,9701,10669,5144,5525,2668,1276,1392,
53370,10673,5124,5549,18676,9030,9646,21344,10253,11091,18675,8974,9701,10671,5145,5526,2668,1276,1392,
53375,10674,5124,5550,18677,9030,9647,21345,10254,11091,18677,8975,9702,10672,5146,5526,2668,1276,1392,
53380,10675,5124,5551,18680,9030,9650,21349,10257,11092,18679,8977,9702,10673,5146,5527,2668,1276,1392,
53385,10675,5124,5551,18682,9031,9651,21349,10257,11092,18680,8977,9703,10673,5146,5527,2669,1277,1392,
53390,10677,5125,5552,18683,9031,9652,21352,10260,11092,18682,8978,9704,10675,5147,5528,2669,1277,1392,
53395,10678,5125,5553,18684,9031,9653,21353,10260,11093,18684,8979,9705,10676,5148,5528,2669,1277,1392,
53400,10679,5125,5554,18687,9032,9655,21357,10261,11096,18686,8979,9707,10677,5148,5529,2669,1277,1392,
53405,10679,5125,5554,18689,9034,9655,21357,10261,11096,18687,8979,9708,10677,5148,5529,2670,1278,1392,
53410,10681,5125,5556,18690,9035,9655,21360,10262,11098,18689,8981,9708,10679,5149,5530,2670,1278,1392,
53415,10682,5126,5556,18691,9036,9655,21361,10262,11099,18691,8982,9709,10680,5149,5531,2670,1278,1392,
53420,10683,5126,5557,18694,9038,9656,21365,10265,11100,18693,8983,9710,10681,5150,5531,2670,1278,1392,
53425,10683,5126,5557,18696,9039,9657,21365,10265,11100,18694,8984,9710,10681,5150,5531,2671,1279,1392,
53430,10685,5127,5558,18697,9039,9658,21368,10266,11102,18696,8984,9712,10683,5150,5533,2671,1279,1392,
53435,10686,5128,5558,18698,9039,9659,21369,10267,11102,18698,8985,9713,10684,5151,5533,2671,1279,1392,
53440,10687,5128,5559,18701,9040,9661,21373,10269,11104,18700,8987,9713,10685,5151,5534,2671,1279,1392,
53445,10687,5128,5559,18703,9042,9661,21373,10269,11104,18701,8988,9713,10685,5151,5534,2672,1280,1392,
53450,10689,5130,5559,18704,9042,9662,21376,10272,11104,18703,8989,9714,10687,5151,5536,2672,1280,1392,
53455,10690,5130,5560,18705,9042,9663,21377,10272,11105,18705,8991,9714,10688,5152,5536,2672,1280,1392,
53460,10691,5131,5560,18708,9043,9665,21381,10274,11107,18707,8991,9716,10689,5152,5537,2672,1280,1392,
53465,10691,5131,5560,18710,9045,9665,21381,10274,11107,18708,8991,9717,10689,5152,5537,2673,1280,1393,
53470,10693,5132,5561,18711,9045,9666,21384,10277,11107,18710,8992,9718,10691,5152,5539,2673,1280,1393,
53475,10694,5133,5561,18712,9046,9666,21385,10278,11107,18712,8993,9719,10692,5153,5539,2673,1280,1393,
53480,10695,5133,5562,18715,9047,9668,21389,10279,11110,18714,8995,9719,10693,5154,5539,2673,1280,1393,
53485,10695,5133,5562,18717,9049,9668,21389,10279,11110,18715,8996,9719,10693,5154,5539,2674,1280,1394,
53490,10697,5134,5563,18718,9050,9668,21392,10282,11110,18717,8997,9720,10695,5154,5541,2674,1280,1394,
53495,10698,5134,5564,18719,9050,9669,21393,10282,11111,18719,8999,9720,10696,5155,5541,2674,1280,1394,
53500,10699,5135,5564,18722,9051,9671,21397,10283,11114,18721,9000,9721,10697,5156,5541,2674,1280,1394,
53505,10699,5135,5564,18724,9051,9673,21397,10283,11114,18722,9000,9722,10697,5156,5541,2675,1280,1395,
53510,10701,5136,5565,18725,9052,9673,21400,10286,11114,18724,9001,9723,10699,5157,5542,2675,1280,1395,
53515,10702,5137,5565,18726,9052,9674,21401,10286,11115,18726,9001,9725,10700,5158,5542,2675,1280,1395,
53520,10703,5137,5566,18729,9053,9676,21405,10287,11118,18728,9002,9726,10701,5159,5542,2675,1280,1395,
53525,10703,5137,5566,18731,9054,9677,21405,10287,11118,18729,9003,9726,10701,5159,5542,2676,1281,1395,
53530,10705,5138,5567,18732,9054,9678,21408,10290,11118,18731,9004,9727,10703,5160,5543,2676,1281,1395,
53535,10706,5138,5568,18733,9055,9678,21409,10291,11118,18733,9006,9727,10704,5160,5544,2676,1281,1395,
53540,10707,5138,5569,18736,9056,9680,21413,10294,11119,18735,9007,9728,10705,5160,5545,2676,1281,1395,
53545,10707,5138,5569,18738,9056,9682,21413,10294,11119,18736,9007,9729,10705,5160,5545,2677,1282,1395,
53550,10709,5139,5570,18739,9056,9683,21416,10297,11119,18738,9009,9729,10707,5161,5546,2677,1282,1395,
53555,10710,5139,5571,18740,9056,9684,21417,10297,11120,18740,9010,9730,10708,5161,5547,2677,1282,1395,
53560,10711,5139,5572,18743,9057,9686,21421,10298,11123,18742,9012,9730,10709,5161,5548,2677,1282,1395,
53565,10711,5139,5572,18745,9059,9686,21421,10298,11123,18743,9013,9730,10709,5161,5548,2678,1283,1395,
53570,10713,5140,5573,18746,9060,9686,21424,10299,11125,18745,9013,9732,10711,5161,5550,2678,1283,1395,
53575,10714,5141,5573,18747,9060,9687,21425,10299,11126,18747,9013,9734,10712,5162,5550,2678,1283,1395,
53580,10715,5141,5574,18750,9061,9689,21429,10303,11126,18749,9015,9734,10713,5162,5551,2678,1283,1395,
53585,10715,5141,5574,18752,9063,9689,21429,10303,11126,18750,9016,9734,10713,5162,5551,2679,1283,1396,
53590,10717,5141,5576,18753,9063,9690,21432,10304,11128,18752,9017,9735,10715,5162,5553,2679,1283,1396,
53595,10718,5142,5576,18754,9064,9690,21433,10304,11129,18754,9018,9736,10716,5163,5553,2679,1283,1396,
53600,10719,5142,5577,18757,9067,9690,21437,10307,11130,18756,9019,9737,10717,5164,5553,2679,1283,1396,
53605,10719,5142,5577,18759,9068,9691,21437,10307,11130,18757,9019,9738,10717,5164,5553,2680,1284,1396,
53610,10721,5144,5577,18760,9068,9692,21440,10308,11132,18759,9019,9740,10719,5165,5554,2680,1284,1396,
53615,10722,5144,5578,18761,9068,9693,21441,10309,11132,18761,9021,9740,10720,5166,5554,2680,1284,1396,
53620,10723,5144,5579,18764,9070,9694,21445,10311,11134,18763,9022,9741,10721,5167,5554,2680,1284,1396,
53625,10723,5144,5579,18766,9070,9696,21445,10311,11134,18764,9023,9741,10721,5167,5554,2681,1285,1396,
53630,10725,5146,5579,18767,9071,9696,21448,10314,11134,18766,9024,9742,10723,5167,5556,2681,1285,1396,
53635,10726,5146,5580,18768,9072,9696,21449,10314,11135,18768,9025,9743,10724,5168,5556,2681,1285,1396,
53640,10727,5146,5581,18771,9074,9697,21453,10316,11137,18770,9026,9744,10725,5168,5557,2681,1285,1396,
53645,10727,5146,5581,18773,9074,9699,21453,10316,11137,18771,9026,9745,10725,5168,5557,2682,1286,1396,
53650,10729,5146,5583,18774,9074,9700,21456,10317,11139,18773,9027,9746,10727,5168,5559,2682,1286,1396,
53655,10730,5146,5584,18775,9074,9701,21457,10317,11140,18775,9028,9747,10728,5168,5560,2682,1286,1396,
53660,10731,5146,5585,18778,9074,9704,21461,10319,11142,18777,9029,9748,10729,5168,5561,2682,1286,1396,
53665,10731,5146,5585,18780,9075,9705,21461,10319,11142,18778,9030,9748,10729,5168,5561,2683,1286,1397,
53670,10733,5147,5586,18781,9075,9706,21464,10321,11143,18780,9031,9749,10731,5168,5563,2683,1286,1397,
53675,10734,5147,5587,18782,9075,9707,21465,10322,11143,18782,9033,9749,10732,5169,5563,2683,1286,1397,
53680,10735,5148,5587,18785,9076,9709,21469,10325,11144,18784,9034,9750,10733,5169,5564,2683,1286,1397,
53685,10735,5148,5587,18787,9078,9709,21469,10325,11144,18785,9034,9751,10733,5169,5564,2684,1287,1397,
53690,10737,5149,5588,18788,9079,9709,21472,10328,11144,18787,9034,9753,10735,5170,5565,2684,1287,1397,
53695,10738,5149,5589,18789,9079,9710,21473,10328,11145,18789,9036,9753,10736,5171,5565,2684,1287,1397,
53700,10739,5149,5590,18792,9081,9711,21477,10331,11146,18791,9036,9755,10737,5171,5566,2684,1287,1397,
53705,10739,5149,5590,18794,9083,9711,21477,10331,11146,18792,9036,9756,10737,5171,5566,2685,1288,1397,
53710,10741,5150,5591,18795,9083,9712,21480,10332,11148,18794,9037,9757,10739,5173,5566,2685,1288,1397,
53715,10742,5150,5592,18796,9083,9713,21481,10332,11149,18796,9038,9758,10740,5174,5566,2685,1288,1397,
53720,10743,5151,5592,18799,9085,9714,21485,10335,11150,18798,9039,9759,10741,5174,5567,2685,1288,1397,
53725,10743,5151,5592,18801,9085,9716,21485,10335,11150,18799,9039,9760,10741,5174,5567,2686,1289,1397,
53730,10745,5152,5593,18802,9085,9717,21488,10337,11151,18801,9041,9760,10743,5175,5568,2686,1289,1397,
53735,10746,5153,5593,18803,9085,9718,21489,10338,11151,18803,9042,9761,10744,5175,5569,2686,1289,1397,
53740,10747,5154,5593,18806,9086,9720,21493,10339,11154,18805,9044,9761,10745,5175,5570,2686,1289,1397,
53745,10747,5154,5593,18808,9086,9722,21493,10339,11154,18806,9045,9761,10745,5175,5570,2687,1289,1398,
53750,10749,5154,5595,18809,9086,9723,21496,10341,11155,18808,9046,9762,10747,5176,5571,2687,1289,1398,
53755,10750,5154,5596,18810,9087,9723,21497,10342,11155,18810,9048,9762,10748,5177,5571,2687,1289,1398,
53760,10751,5155,5596,18813,9089,9724,21501,10343,11158,18812,9050,9762,10749,5178,5571,2687,1289,1398,
53765,10751,5155,5596,18815,9091,9724,21501,10343,11158,18813,9051,9762,10749,5178,5571,2688,1289,1399,
53770,10753,5156,5597,18816,9091,9725,21504,10344,11160,18815,9051,9764,10751,5178,5573,2688,1289,1399,
53775,10754,5157,5597,18817,9092,9725,21505,10344,11161,18817,9052,9765,10752,5178,5574,2688,1289,1399,
53780,10755,5157,5598,18820,9094,9726,21509,10345,11164,18819,9053,9766,10753,5179,5574,2688,1289,1399,
53785,10755,5157,5598,18822,9095,9727,21509,10345,11164,18820,9054,9766,10753,5179,5574,2689,1289,1400,
53790,10757,5159,5598,18823,9095,9728,21512,10346,11166,18822,9056,9766,10755,5180,5575,2689,1289,1400,
53795,10758,5160,5598,18824,9095,9729,21513,10346,11167,18824,9058,9766,10756,5181,5575,2689,1289,1400,
53800,10759,5161,5598,18827,9095,9732,21517,10347,11170,18826,9058,9768,10757,5181,5576,2689,1289,1400,
53805,10759,5161,5598,18829,9096,9733,21517,10347,11170,18827,9059,9768,10757,5181,5576,2690,1290,1400,
53810,10761,5162,5599,18830,9097,9733,21520,10349,11171,18829,9060,9769,10759,5181,5578,2690,1290,1400,
53815,10762,5162,5600,18831,9097,9734,21521,10350,11171,18831,9062,9769,10760,5181,5579,2690,1290,1400,
53820,10763,5163,5600,18834,9099,9735,21525,10353,11172,18833,9062,9771,10761,5181,5580,2690,1290,1400,
53825,10763,5163,5600,18836,9100,9736,21525,10353,11172,18834,9063,9771,10761,5181,5580,2691,1291,1400,
53830,10765,5164,5601,18837,9100,9737,21528,10353,11175,18836,9064,9772,10763,5182,5581,2691,1291,1400,
53835,10766,5165,5601,18838,9101,9737,21529,10353,11176,18838,9065,9773,10764,5182,5582,2691,1291,1400,
53840,10767,5166,5601,18841,9101,9740,21533,10354,11179,18840,9067,9773,10765,5183,5582,2691,1291,1400,
53845,10767,5166,5601,18843,9102,9741,21533,10354,11179,18841,9068,9773,10765,5183,5582,2692,1292,1400,
53850,10769,5167,5602,18844,9102,9742,21536,10354,11182,18843,9069,9774,10767,5184,5583,2692,1292,1400,
53855,10770,5168,5602,18845,9103,9742,21537,10354,11183,18845,9070,9775,10768,5184,5584,2692,1292,1400,
53860,10771,5169,5602,18848,9103,9745,21541,10355,11186,18847,9070,9777,10769,5185,5584,2692,1292,1400,
53865,10771,5169,5602,18850,9104,9746,21541,10355,11186,18848,9070,9778,10769,5185,5584,2693,1293,1400,
53870,10773,5170,5603,18851,9104,9747,21544,10356,11188,18850,9072,9778,10771,5186,5585,2693,1293,1400,
53875,10774,5171,5603,18852,9104,9748,21545,10356,11189,18852,9074,9778,10772,5186,5586,2693,1293,1400,
53880,10775,5171,5604,18855,9106,9749,21549,10357,11192,18854,9074,9780,10773,5186,5587,2693,1293,1400,
53885,10775,5171,5604,18857,9107,9750,21549,10357,11192,18855,9074,9781,10773,5186,5587,2694,1293,1401,
53890,10777,5172,5605,18858,9107,9751,21552,10358,11194,18857,9076,9781,10775,5187,5588,2694,1293,1401,
53895,10778,5172,5606,18859,9108,9751,21553,10358,11195,18859,9077,9782,10776,5188,5588,2694,1293,1401,
53900,10779,5172,5607,18862,9110,9752,21557,10360,11197,18861,9079,9782,10777,5189,5588,2694,1293,1401,
53905,10779,5172,5607,18864,9111,9753,21557,10360,11197,18862,9079,9783,10777,5189,5588,2695,1293,1402,
53910,10781,5173,5608,18865,9112,9753,21560,10363,11197,18864,9080,9784,10779,5190,5589,2695,1293,1402,
53915,10782,5173,5609,18866,9113,9753,21561,10364,11197,18866,9080,9786,10780,5190,5590,2695,1293,1402,
53920,10783,5174,5609,18869,9116,9753,21565,10365,11200,18868,9082,9786,10781,5190,5591,2695,1293,1402,
53925,10783,5174,5609,18871,9117,9754,21565,10365,11200,18869,9083,9786,10781,5190,5591,2696,1294,1402,
53930,10785,5176,5609,18872,9118,9754,21568,10366,11202,18871,9083,9788,10783,5190,5593,2696,1294,1402,
53935,10786,5176,5610,18873,9118,9755,21569,10366,11203,18873,9083,9790,10784,5191,5593,2696,1294,1402,
53940,10787,5177,5610,18876,9119,9757,21573,10368,11205,18875,9083,9792,10785,5191,5594,2696,1294,1402,
53945,10787,5177,5610,18878,9121,9757,21573,10368,11205,18876,9083,9793,10785,5191,5594,2697,1294,1403,
53950,10789,5178,5611,18879,9122,9757,21576,10369,11207,18878,9085,9793,10787,5192,5595,2697,1294,1403,
53955,10790,5179,5611,18880,9122,9758,21577,10370,11207,18880,9086,9794,10788,5192,5596,2697,1294,1403,
53960,10791,5180,5611,18883,9124,9759,21581,10372,11209,18882,9087,9795,10789,5192,5597,2697,1294,1403,
53965,10791,5180,5611,18885,9125,9760,21581,10372,11209,18883,9088,9795,10789,5192,5597,2698,1295,1403,
53970,10793,5181,5612,18886,9125,9761,21584,10374,11210,18885,9089,9796,10791,5194,5597,2698,1295,1403,
53975,10794,5182,5612,18887,9125,9762,21585,10374,11211,18887,9090,9797,10792,5194,5598,2698,1295,1403,
53980,10795,5183,5612,18890,9127,9763,21589,10375,11214,18889,9090,9799,10793,5194,5599,2698,1295,1403,
53985,10795,5183,5612,18892,9128,9764,21589,10375,11214,18890,9090,9800,10793,5194,5599,2699,1296,1403,
53990,10797,5184,5613,18893,9128,9765,21592,10377,11215,18892,9091,9801,10795,5195,5600,2699,1296,1403,
53995,10798,5185,5613,18894,9129,9765,21593,10377,11216,18894,9093,9801,10796,5195,5601,2699,1296,1403,
54000,10799,5185,5614,18897,9131,9766,21597,10379,11218,18896,9095,9801,10797,5196,5601,2699,1296,1403,
54005,10799,5185,5614,18899,9132,9767,21597,10379,11218,18897,9095,9802,10797,5196,5601,2700,1296,1404,
54010,10801,5186,5615,18900,9133,9767,21600,10381,11219,18899,9095,9804,10799,5197,5602,2700,1296,1404,
54015,10802,5187,5615,18901,9133,9768,21601,10381,11220,18901,9097,9804,10800,5198,5602,2700,1296,1404,
54020,10803,5187,5616,18904,9135,9769,21605,10382,11223,18903,9099,9804,10801,5199,5602,2700,1296,1404,
54025,10803,5187,5616,18906,9136,9770,21605,10382,11223,18904,9100,9804,10801,5199,5602,2701,1297,1404,
54030,10805,5187,5618,18907,9136,9771,21608,10384,11224,18906,9102,9804,10803,5199,5604,2701,1297,1404,
54035,10806,5187,5619,18908,9137,9771,21609,10385,11224,18908,9103,9805,10804,5200,5604,2701,1297,1404,
54040,10807,5187,5620,18911,9137,9774,21613,10386,11227,18910,9104,9806,10805,5200,5605,2701,1297,1404,
54045,10807,5187,5620,18913,9139,9774,21613,10386,11227,18911,9104,9807,10805,5200,5605,2702,1298,1404,
54050,10809,5187,5622,18914,9140,9774,21616,10387,11229,18913,9104,9809,10807,5201,5606,2702,1298,1404,
54055,10810,5187,5623,18915,9140,9775,21617,10387,11230,18915,9105,9810,10808,5202,5606,2702,1298,1404,
54060,10811,5187,5624,18918,9140,9778,21621,10388,11233,18917,9105,9812,10809,5203,5606,2702,1298,1404,
54065,10811,5187,5624,18920,9142,9778,21621,10388,11233,18918,9106,9812,10809,5203,5606,2703,1299,1404,
54070,10813,5187,5626,18921,9142,9779,21624,10390,11234,18920,9106,9814,10811,5203,5608,2703,1299,1404,
54075,10814,5188,5626,18922,9142,9780,21625,10390,11235,18922,9107,9815,10812,5203,5609,2703,1299,1404,
54080,10815,5188,5627,18925,9143,9782,21629,10392,11237,18924,9108,9816,10813,5203,5610,2703,1299,1404,
54085,10815,5188,5627,18927,9144,9783,21629,10392,11237,18925,9108,9817,10813,5203,5610,2704,1299,1405,
54090,10817,5190,5627,18928,9145,9783,21632,10394,11238,18927,9109,9818,10815,5204,5611,2704,1299,1405,
54095,10818,5190,5628,18929,9145,9784,21633,10394,11239,18929,9110,9819,10816,5205,5611,2704,1299,1405,
54100,10819,5190,5629,18932,9147,9785,21637,10396,11241,18931,9110,9821,10817,5205,5612,2704,1299,1405,
54105,10819,5190,5629,18934,9149,9785,21637,10396,11241,18932,9110,9822,10817,5205,5612,2705,1299,1406,
54110,10821,5191,5630,18935,9150,9785,21640,10397,11243,18934,9110,9824,10819,5206,5613,2705,1299,1406,
54115,10822,5192,5630,18936,9150,9786,21641,10397,11244,18936,9110,9826,10820,5206,5614,2705,1299,1406,
54120,10823,5192,5631,18939,9152,9787,21645,10399,11246,18938,9110,9828,10821,5207,5614,2705,1299,1406,
54125,10823,5192,5631,18941,9153,9788,21645,10399,11246,18939,9111,9828,10821,5207,5614,2706,1300,1406,
54130,10825,5193,5632,18942,9153,9789,21648,10401,11247,18941,9113,9828,10823,5208,5615,2706,1300,1406,
54135,10826,5194,5632,18943,9154,9789,21649,10402,11247,18943,9114,9829,10824,5209,5615,2706,1300,1406,
54140,10827,5195,5632,18946,9154,9792,21653,10402,11251,18945,9115,9830,10825,5210,5615,2706,1300,1406,
54145,10827,5195,5632,18948,9155,9793,21653,10402,11251,18946,9115,9831,10825,5210,5615,2707,1300,1407,
54150,10829,5196,5633,18949,9156,9793,21656,10403,11253,18948,9116,9832,10827,5212,5615,2707,1300,1407,
54155,10830,5197,5633,18950,9156,9794,21657,10403,11254,18950,9117,9833,10828,5213,5615,2707,1300,1407,
54160,10831,5197,5634,18953,9156,9797,21661,10405,11256,18952,9118,9834,10829,5213,5616,2707,1300,1407,
54165,10831,5197,5634,18955,9156,9799,21661,10405,11256,18953,9119,9834,10829,5213,5616,2708,1301,1407,
54170,10833,5198,5635,18956,9157,9799,21664,10406,11258,18955,9119,9836,10831,5214,5617,2708,1301,1407,
54175,10834,5199,5635,18957,9158,9799,21665,10407,11258,18957,9121,9836,10832,5214,5618,2708,1301,1407,
54180,10835,5200,5635,18960,9160,9800,21669,10410,11259,18959,9123,9836,10833,5214,5619,2708,1301,1407,
54185,10835,5200,5635,18962,9161,9801,21669,10410,11259,18960,9123,9837,10833,5214,5619,2709,1302,1407,
54190,10837,5201,5636,18963,9161,9802,21672,10410,11262,18962,9123,9839,10835,5216,5619,2709,1302,1407,
54195,10838,5202,5636,18964,9161,9803,21673,10411,11262,18964,9124,9840,10836,5216,5620,2709,1302,1407,
54200,10839,5203,5636,18967,9164,9803,21677,10413,11264,18966,9126,9840,10837,5216,5621,2709,1302,1407,
54205,10839,5203,5636,18969,9165,9804,21677,10413,11264,18967,9126,9841,10837,5216,5621,2710,1303,1407,
54210,10841,5203,5638,18970,9166,9804,21680,10415,11265,18969,9127,9842,10839,5216,5623,2710,1303,1407,
54215,10842,5203,5639,18971,9167,9804,21681,10415,11266,18971,9128,9843,10840,5217,5623,2710,1303,1407,
54220,10843,5204,5639,18974,9169,9805,21685,10417,11268,18973,9129,9844,10841,5218,5623,2710,1303,1407,
54225,10843,5204,5639,18976,9169,9807,21685,10417,11268,18974,9130,9844,10841,5218,5623,2711,1303,1408,
54230,10845,5205,5640,18977,9169,9808,21688,10420,11268,18976,9132,9844,10843,5219,5624,2711,1303,1408,
54235,10846,5205,5641,18978,9169,9809,21689,10421,11268,18978,9132,9846,10844,5219,5625,2711,1303,1408,
54240,10847,5205,5642,18981,9170,9811,21693,10422,11271,18980,9134,9846,10845,5219,5626,2711,1303,1408,
54245,10847,5205,5642,18983,9170,9813,21693,10422,11271,18981,9134,9847,10845,5219,5626,2712,1303,1409,
54250,10849,5206,5643,18984,9171,9813,21696,10425,11271,18983,9135,9848,10847,5220,5627,2712,1303,1409,
54255,10850,5206,5644,18985,9171,9814,21697,10426,11271,18985,9136,9849,10848,5221,5627,2712,1303,1409,
54260,10851,5207,5644,18988,9173,9815,21701,10428,11273,18987,9137,9850,10849,5222,5627,2712,1303,1409,
54265,10851,5207,5644,18990,9174,9816,21701,10428,11273,18988,9138,9850,10849,5222,5627,2713,1304,1409,
54270,10853,5208,5645,18991,9174,9817,21704,10428,11276,18990,9140,9850,10851,5223,5628,2713,1304,1409,
54275,10854,5208,5646,18992,9174,9818,21705,10428,11277,18992,9141,9851,10852,5223,5629,2713,1304,1409,
54280,10855,5208,5647,18995,9175,9820,21709,10430,11279,18994,9141,9853,10853,5224,5629,2713,1304,1409,
54285,10855,5208,5647,18997,9176,9821,21709,10430,11279,18995,9142,9853,10853,5224,5629,2714,1304,1410,
54290,10857,5210,5647,18998,9177,9821,21712,10431,11281,18997,9143,9854,10855,5225,5630,2714,1304,1410,
54295,10858,5211,5647,18999,9178,9821,21713,10431,11282,18999,9144,9855,10856,5225,5631,2714,1304,1410,
54300,10859,5211,5648,19002,9178,9824,21717,10432,11285,19001,9145,9856,10857,5225,5632,2714,1304,1410,
54305,10859,5211,5648,19004,9179,9825,21717,10432,11285,19002,9146,9856,10857,5225,5632,2715,1305,1410,
54310,10861,5212,5649,19005,9180,9825,21720,10433,11287,19004,9148,9856,10859,5226,5633,2715,1305,1410,
54315,10862,5213,5649,19006,9181,9825,21721,10434,11287,19006,9149,9857,10860,5227,5633,2715,1305,1410,
54320,10863,5213,5650,19009,9183,9826,21725,10437,11288,19008,9151,9857,10861,5227,5634,2715,1305,1410,
54325,10863,5213,5650,19011,9184,9827,21725,10437,11288,19009,9151,9858,10861,5227,5634,2716,1306,1410,
54330,10865,5213,5652,19012,9185,9827,21728,10440,11288,19011,9152,9859,10863,5229,5634,2716,1306,1410,
54335,10866,5213,5653,19013,9186,9827,21729,10440,11289,19013,9153,9860,10864,5229,5635,2716,1306,1410,
54340,10867,5213,5654,19016,9188,9828,21733,10442,11291,19015,9154,9861,10865,5230,5635,2716,1306,1410,
54345,10867,5213,5654,19018,9190,9828,21733,10442,11291,19016,9155,9861,10865,5230,5635,2717,1307,1410,
54350,10869,5215,5654,19019,9190,9829,21736,10442,11294,19018,9156,9862,10867,5230,5637,2717,1307,1410,
54355,10870,5215,5655,19020,9191,9829,21737,10442,11295,19020,9157,9863,10868,5230,5638,2717,1307,1410,
54360,10871,5215,5656,19023,9191,9832,21741,10444,11297,19022,9158,9864,10869,5230,5639,2717,1307,1410,
54365,10871,5215,5656,19025,9191,9834,21741,10444,11297,19023,9159,9864,10869,5230,5639,2718,1308,1410,
54370,10873,5216,5657,19026,9192,9834,21744,10446,11298,19025,9160,9865,10871,5232,5639,2718,1308,1410,
54375,10874,5216,5658,19027,9193,9834,21745,10447,11298,19027,9161,9866,10872,5233,5639,2718,1308,1410,
54380,10875,5216,5659,19030,9194,9836,21749,10449,11300,19029,9162,9867,10873,5234,5639,2718,1308,1410,
54385,10875,5216,5659,19032,9194,9838,21749,10449,11300,19030,9162,9868,10873,5234,5639,2719,1309,1410,
54390,10877,5216,5661,19033,9195,9838,21752,10451,11301,19032,9164,9868,10875,5236,5639,2719,1309,1410,
54395,10878,5216,5662,19034,9196,9838,21753,10452,11301,19034,9165,9869,10876,5237,5639,2719,1309,1410,
54400,10879,5217,5662,19037,9198,9839,21757,10453,11304,19036,9167,9869,10877,5237,5640,2719,1309,1410,
54405,10879,5217,5662,19039,9199,9840,21757,10453,11304,19037,9168,9869,10877,5237,5640,2720,1309,1411,
54410,10881,5219,5662,19040,9199,9841,21760,10455,11305,19039,9168,9871,10879,5237,5642,2720,1309,1411,
54415,10882,5219,5663,19041,9200,9841,21761,10456,11305,19041,9170,9871,10880,5237,5643,2720,1309,1411,
54420,10883,5220,5663,19044,9200,9844,21765,10457,11308,19043,9171,9872,10881,5237,5644,2720,1309,1411,
54425,10883,5220,5663,19046,9201,9845,21765,10457,11308,19044,9171,9873,10881,5237,5644,2721,1310,1411,
54430,10885,5221,5664,19047,9201,9846,21768,10459,11309,19046,9172,9874,10883,5238,5645,2721,1310,1411,
54435,10886,5221,5665,19048,9202,9846,21769,10460,11309,19048,9172,9876,10884,5239,5645,2721,1310,1411,
54440,10887,5221,5666,19051,9203,9848,21773,10461,11312,19050,9173,9877,10885,5240,5645,2721,1310,1411,
54445,10887,5221,5666,19053,9203,9850,21773,10461,11312,19051,9173,9878,10885,5240,5645,2722,1311,1411,
54450,10889,5222,5667,19054,9204,9850,21776,10462,11314,19053,9173,9880,10887,5242,5645,2722,1311,1411,
54455,10890,5222,5668,19055,9204,9851,21777,10462,11315,19055,9175,9880,10888,5242,5646,2722,1311,1411,
54460,10891,5222,5669,19058,9205,9853,21781,10465,11316,19057,9175,9882,10889,5243,5646,2722,1311,1411,
54465,10891,5222,5669,19060,9205,9855,21781,10465,11316,19058,9175,9883,10889,5243,5646,2723,1311,1412,
54470,10893,5224,5669,19061,9206,9855,21784,10466,11318,19060,9176,9884,10891,5244,5647,2723,1311,1412,
54475,10894,5225,5669,19062,9207,9855,21785,10467,11318,19062,9177,9885,10892,5244,5648,2723,1311,1412,
54480,10895,5226,5669,19065,9210,9855,21789,10468,11321,19064,9178,9886,10893,5245,5648,2723,1311,1412,
54485,10895,5226,5669,19067,9210,9857,21789,10468,11321,19065,9179,9886,10893,5245,5648,2724,1312,1412,
54490,10897,5227,5670,19068,9211,9857,21792,10469,11323,19067,9179,9888,10895,5245,5650,2724,1312,1412,
54495,10898,5228,5670,19069,9212,9857,21793,10469,11324,19069,9179,9890,10896,5246,5650,2724,1312,1412,
54500,10899,5228,5671,19072,9213,9859,21797,10472,11325,19071,9181,9890,10897,5247,5650,2724,1312,1412,
54505,10899,5228,5671,19074,9215,9859,21797,10472,11325,19072,9182,9890,10897,5247,5650,2725,1313,1412,
54510,10901,5230,5671,19075,9216,9859,21800,10474,11326,19074,9183,9891,10899,5248,5651,2725,1313,1412,
54515,10902,5231,5671,19076,9217,9859,21801,10475,11326,19076,9183,9893,10900,5248,5652,2725,1313,1412,
54520,10903,5231,5672,19079,9217,9862,21805,10478,11327,19078,9183,9895,10901,5249,5652,2725,1313,1412,
54525,10903,5231,5672,19081,9218,9863,21805,10478,11327,19079,9183,9896,10901,5249,5652,2726,1313,1413,
54530,10905,5232,5673,19082,9218,9864,21808,10480,11328,19081,9184,9897,10903,5250,5653,2726,1313,1413,
54535,10906,5232,5674,19083,9218,9865,21809,10481,11328,19083,9184,9899,10904,5250,5654,2726,1313,1413,
54540,10907,5232,5675,19086,9220,9866,21813,10484,11329,19085,9184,9901,10905,5251,5654,2726,1313,1413,
54545,10907,5232,5675,19088,9220,9868,21813,10484,11329,19086,9184,9902,10905,5251,5654,2727,1313,1414,
54550,10909,5232,5677,19089,9220,9869,21816,10485,11331,19088,9184,9904,10907,5252,5655,2727,1313,1414,
54555,10910,5233,5677,19090,9220,9870,21817,10486,11331,19090,9185,9905,10908,5253,5655,2727,1313,1414,
54560,10911,5234,5677,19093,9222,9871,21821,10488,11333,19092,9186,9906,10909,5253,5656,2727,1313,1414,
54565,10911,5234,5677,19095,9223,9872,21821,10488,11333,19093,9186,9907,10909,5253,5656,2728,1314,1414,
54570,10913,5235,5678,19096,9224,9872,21824,10488,11336,19095,9187,9908,10911,5253,5658,2728,1314,1414,
54575,10914,5236,5678,19097,9225,9872,21825,10489,11336,19097,9188,9909,10912,5254,5658,2728,1314,1414,
54580,10915,5237,5678,19100,9227,9873,21829,10491,11338,19099,9189,9910,10913,5254,5659,2728,1314,1414,
54585,10915,5237,5678,19102,9228,9874,21829,10491,11338,19100,9189,9911,10913,5254,5659,2729,1314,1415,
54590,10917,5238,5679,19103,9229,9874,21832,10494,11338,19102,9190,9912,10915,5255,5660,2729,1314,1415,
54595,10918,5238,5680,19104,9229,9875,21833,10494,11339,19104,9191,9913,10916,5256,5660,2729,1314,1415,
54600,10919,5238,5681,19107,9231,9876,21837,10495,11342,19106,9193,9913,10917,5257,5660,2729,1314,1415,
54605,10919,5238,5681,19109,9232,9877,21837,10495,11342,19107,9194,9913,10917,5257,5660,2730,1315,1415,
54610,10921,5239,5682,19110,9232,9878,21840,10497,11343,19109,9195,9914,10919,5259,5660,2730,1315,1415,
54615,10922,5240,5682,19111,9233,9878,21841,10497,11344,19111,9195,9916,10920,5259,5661,2730,1315,1415,
54620,10923,5240,5683,19114,9234,9880,21845,10499,11346,19113,9195,9918,10921,5259,5662,2730,1315,1415,
54625,10923,5240,5683,19116,9234,9882,21845,10499,11346,19114,9195,9919,10921,5259,5662,2731,1316,1415,
54630,10925,5241,5684,19117,9234,9883,21848,10501,11347,19116,9195,9921,10923,5259,5664,2731,1316,1415,
54635,10926,5242,5684,19118,9234,9884,21849,10501,11348,19118,9196,9922,10924,5260,5664,2731,1316,1415,
54640,10927,5242,5685,19121,9236,9885,21853,10503,11350,19120,9197,9923,10925,5260,5665,2731,1316,1415,
54645,10927,5242,5685,19123,9238,9885,21853,10503,11350,19121,9198,9923,10925,5260,5665,2732,1316,1416,
54650,10929,5243,5686,19124,9238,9886,21856,10505,11351,19123,9198,9925,10927,5262,5665,2732,1316,1416,
54655,10930,5244,5686,19125,9239,9886,21857,10506,11351,19125,9200,9925,10928,5262,5666,2732,1316,1416,
54660,10931,5245,5686,19128,9241,9887,21861,10510,11351,19127,9202,9925,10929,5263,5666,2732,1316,1416,
54665,10931,5245,5686,19130,9242,9888,21861,10510,11351,19128,9202,9926,10929,5263,5666,2733,1316,1417,
54670,10933,5246,5687,19131,9243,9888,21864,10513,11351,19130,9202,9928,10931,5265,5666,2733,1316,1417,
54675,10934,5246,5688,19132,9243,9889,21865,10514,11351,19132,9202,9930,10932,5266,5666,2733,1316,1417,
54680,10935,5246,5689,19135,9244,9891,21869,10515,11354,19134,9203,9931,10933,5267,5666,2733,1316,1417,
54685,10935,5246,5689,19137,9246,9891,21869,10515,11354,19135,9204,9931,10933,5267,5666,2734,1316,1418,
54690,10937,5248,5689,19138,9247,9891,21872,10517,11355,19137,9205,9932,10935,5267,5668,2734,1316,1418,
54695,10938,5248,5690,19139,9247,9892,21873,10517,11356,19139,9207,9932,10936,5268,5668,2734,1316,1418,
54700,10939,5248,5691,19142,9250,9892,21877,10517,11360,19141,9209,9932,10937,5268,5669,2734,1316,1418,
54705,10939,5248,5691,19144,9251,9893,21877,10517,11360,19142,9210,9932,10937,5268,5669,2735,1317,1418,
54710,10941,5250,5691,19145,9252,9893,21880,10518,11362,19144,9212,9932,10939,5269,5670,2735,1317,1418,
54715,10942,5250,5692,19146,9253,9893,21881,10518,11363,19146,9212,9934,10940,5270,5670,2735,1317,1418,
54720,10943,5250,5693,19149,9256,9893,21885,10521,11364,19148,9214,9934,10941,5270,5671,2735,1317,1418,
54725,10943,5250,5693,19151,9257,9894,21885,10521,11364,19149,9214,9935,10941,5270,5671,2736,1317,1419,
54730,10945,5252,5693,19152,9257,9895,21888,10522,11366,19151,9214,9937,10943,5272,5671,2736,1317,1419,
54735,10946,5252,5694,19153,9258,9895,21889,10523,11366,19153,9214,9939,10944,5272,5672,2736,1317,1419,
54740,10947,5253,5694,19156,9261,9895,21893,10525,11368,19155,9214,9941,10945,5272,5673,2736,1317,1419,
54745,10947,5253,5694,19158,9263,9895,21893,10525,11368,19156,9214,9942,10945,5272,5673,2737,1317,1420,
54750,10949,5254,5695,19159,9264,9895,21896,10525,11371,19158,9215,9943,10947,5273,5674,2737,1317,1420,
54755,10950,5254,5696,19160,9264,9896,21897,10526,11371,19160,9216,9944,10948,5273,5675,2737,1317,1420,
54760,10951,5254,5697,19163,9266,9897,21901,10526,11375,19162,9217,9945,10949,5274,5675,2737,1317,1420,
54765,10951,5254,5697,19165,9266,9899,21901,10526,11375,19163,9218,9945,10949,5274,5675,2738,1317,1421,
54770,10953,5254,5699,19166,9266,9900,21904,10528,11376,19165,9218,9947,10951,5274,5677,2738,1317,1421,
54775,10954,5254,5700,19167,9266,9901,21905,10528,11377,19167,9220,9947,10952,5274,5678,2738,1317,1421,
54780,10955,5254,5701,19170,9269,9901,21909,10529,11380,19169,9220,9949,10953,5275,5678,2738,1317,1421,
54785,10955,5254,5701,19172,9271,9901,21909,10529,11380,19170,9220,9950,10953,5275,5678,2739,1317,1422,
54790,10957,5254,5703,19173,9272,9901,21912,10531,11381,19172,9220,9952,10955,5275,5680,2739,1317,1422,
54795,10958,5255,5703,19174,9273,9901,21913,10531,11382,19174,9221,9953,10956,5275,5681,2739,1317,1422,
54800,10959,5255,5704,19177,9274,9903,21917,10534,11383,19176,9221,9955,10957,5276,5681,2739,1317,1422,
54805,10959,5255,5704,19179,9275,9904,21917,10534,11383,19177,9221,9956,10957,5276,5681,2740,1317,1423,
54810,10961,5255,5706,19180,9275,9905,21920,10536,11384,19179,9222,9957,10959,5277,5682,2740,1317,1423,
54815,10962,5255,5707,19181,9276,9905,21921,10536,11385,19181,9224,9957,10960,5277,5683,2740,1317,1423,
54820,10963,5255,5708,19184,9278,9906,21925,10537,11388,19183,9224,9959,10961,5278,5683,2740,1317,1423,
54825,10963,5255,5708,19186,9279,9907,21925,10537,11388,19184,9224,9960,10961,5278,5683,2741,1317,1424,
54830,10965,5255,5710,19187,9279,9908,21928,10538,11390,19186,9225,9961,10963,5280,5683,2741,1317,1424,
54835,10966,5255,5711,19188,9280,9908,21929,10539,11390,19188,9225,9963,10964,5280,5684,2741,1317,1424,
54840,10967,5255,5712,19191,9281,9910,21933,10542,11391,19190,9226,9964,10965,5281,5684,2741,1317,1424,
54845,10967,5255,5712,19193,9281,9912,21933,10542,11391,19191,9226,9965,10965,5281,5684,2742,1318,1424,
54850,10969,5255,5714,19194,9281,9913,21936,10542,11394,19193,9228,9965,10967,5282,5685,2742,1318,1424,
54855,10970,5256,5714,19195,9282,9913,21937,10543,11394,19195,9229,9966,10968,5282,5686,2742,1318,1424,
54860,10971,5256,5715,19198,9282,9916,21941,10546,11395,19197,9230,9967,10969,5283,5686,2742,1318,1424,
54865,10971,5256,5715,19200,9284,9916,21941,10546,11395,19198,9230,9968,10969,5283,5686,2743,1319,1424,
54870,10973,5257,5716,19201,9285,9916,21944,10547,11397,19200,9231,9969,10971,5284,5687,2743,1319,1424,
54875,10974,5257,5717,19202,9286,9916,21945,10547,11398,19202,9231,9971,10972,5285,5687,2743,1319,1424,
54880,10975,5258,5717,19205,9287,9918,21949,10550,11399,19204,9232,9972,10973,5285,5688,2743,1319,1424,
54885,10975,5258,5717,19207,9288,9919,21949,10550,11399,19205,9232,9973,10973,5285,5688,2744,1320,1424,
54890,10977,5258,5719,19208,9289,9919,21952,10550,11402,19207,9233,9974,10975,5287,5688,2744,1320,1424,
54895,10978,5258,5720,19209,9290,9919,21953,10551,11402,19209,9234,9975,10976,5288,5688,2744,1320,1424,
54900,10979,5259,5720,19212,9293,9919,21957,10555,11402,19211,9235,9976,10977,5288,5689,2744,1320,1424,
54905,10979,5259,5720,19214,9295,9919,21957,10555,11402,19212,9235,9977,10977,5288,5689,2745,1321,1424,
54910,10981,5260,5721,19215,9295,9920,21960,10556,11404,19214,9237,9977,10979,5289,5690,2745,1321,1424,
54915,10982,5261,5721,19216,9295,9921,21961,10557,11404,19216,9237,9979,10980,5289,5691,2745,1321,1424,
54920,10983,5261,5722,19219,9295,9924,21965,10559,11406,19218,9239,9979,10981,5289,5692,2745,1321,1424,
54925,10983,5261,5722,19221,9295,9926,21965,10559,11406,19219,9240,9979,10981,5289,5692,2746,1322,1424,
54930,10985,5263,5722,19222,9295,9927,21968,10559,11409,19221,9240,9981,10983,5289,5694,2746,1322,1424,
54935,10986,5264,5722,19223,9295,9928,21969,10559,11410,19223,9241,9982,10984,5290,5694,2746,1322,1424,
54940,10987,5265,5722,19226,9295,9931,21973,10562,11411,19225,9242,9983,10985,5291,5694,2746,1322,1424,
54945,10987,5265,5722,19228,9296,9932,21973,10562,11411,19226,9243,9983,10985,5291,5694,2747,1322,1425,
54950,10989,5265,5724,19229,9296,9933,21976,10563,11413,19228,9244,9984,10987,5292,5695,2747,1322,1425,
54955,10990,5266,5724,19230,9297,9933,21977,10563,11414,19230,9244,9986,10988,5292,5696,2747,1322,1425,
54960,10991,5267,5724,19233,9299,9934,21981,10566,11415,19232,9245,9987,10989,5292,5697,2747,1322,1425,
54965,10991,5267,5724,19235,9301,9934,21981,10566,11415,19233,9245,9988,10989,5292,5697,2748,1323,1425,
54970,10993,5269,5724,19236,9301,9935,21984,10567,11417,19235,9246,9989,10991,5293,5698,2748,1323,1425,
54975,10994,5269,5725,19237,9302,9935,21985,10567,11418,19237,9248,9989,10992,5293,5699,2748,1323,1425,
54980,10995,5269,5726,19240,9305,9935,21989,10569,11420,19239,9249,9990,10993,5293,5700,2748,1323,1425,
54985,10995,5269,5726,19242,9305,9937,21989,10569,11420,19240,9249,9991,10993,5293,5700,2749,1324,1425,
54990,10997,5271,5726,19243,9306,9937,21992,10571,11421,19242,9250,9992,10995,5293,5702,2749,1324,1425,
54995,10998,5272,5726,19244,9307,9937,21993,10572,11421,19244,9251,9993,10996,5293,5703,2749,1324,1425,
55000,10999,5272,5727,19247,9310,9937,21997,10575,11422,19246,9252,9994,10997,5294,5703,2749,1324,1425,
55005,10999,5272,5727,19249,9312,9937,21997,10575,11422,19247,9252,9995,10997,5294,5703,2750,1324,1426,
55010,11001,5273,5728,19250,9312,9938,22000,10578,11422,19249,9253,9996,10999,5295,5704,2750,1324,1426,
55015,11002,5273,5729,19251,9312,9939,22001,10579,11422,19251,9254,9997,11000,5295,5705,2750,1324,1426,
55020,11003,5274,5729,19254,9314,9940,22005,10580,11425,19253,9256,9997,11001,5295,5706,2750,1324,1426,
55025,11003,5274,5729,19256,9315,9941,22005,10580,11425,19254,9257,9997,11001,5295,5706,2751,1324,1427,
55030,11005,5275,5730,19257,9315,9942,22008,10581,11427,19256,9257,9999,11003,5295,5708,2751,1324,1427,
55035,11006,5275,5731,19258,9315,9943,22009,10581,11428,19258,9259,9999,11004,5295,5709,2751,1324,1427,
55040,11007,5276,5731,19261,9316,9945,22013,10584,11429,19260,9260,10000,11005,5296,5709,2751,1324,1427,
55045,11007,5276,5731,19263,9317,9946,22013,10584,11429,19261,9260,10001,11005,5296,5709,2752,1324,1428,
55050,11009,5276,5733,19264,9317,9947,22016,10587,11429,19263,9262,10001,11007,5297,5710,2752,1324,1428,
55055,11010,5276,5734,19265,9317,9948,22017,10587,11430,19265,9264,10001,11008,5298,5710,2752,1324,1428,
55060,11011,5277,5734,19268,9319,9949,22021,10591,11430,19267,9265,10002,11009,5299,5710,2752,1324,1428,
55065,11011,5277,5734,19270,9321,9949,22021,10591,11430,19268,9265,10003,11009,5299,5710,2753,1324,1429,
55070,11013,5278,5735,19271,9322,9949,22024,10593,11431,19270,9266,10004,11011,5300,5711,2753,1324,1429,
55075,11014,5279,5735,19272,9322,9950,22025,10594,11431,19272,9267,10005,11012,5301,5711,2753,1324,1429,
55080,11015,5279,5736,19275,9323,9952,22029,10598,11431,19274,9268,10006,11013,5302,5711,2753,1324,1429,
55085,11015,5279,5736,19277,9324,9953,22029,10598,11431,19275,9269,10006,11013,5302,5711,2754,1325,1429,
55090,11017,5279,5738,19278,9325,9953,22032,10600,11432,19277,9269,10008,11015,5303,5712,2754,1325,1429,
55095,11018,5279,5739,19279,9326,9953,22033,10601,11432,19279,9271,10008,11016,5304,5712,2754,1325,1429,
55100,11019,5280,5739,19282,9327,9955,22037,10603,11434,19281,9272,10009,11017,5304,5713,2754,1325,1429,
55105,11019,5280,5739,19284,9327,9957,22037,10603,11434,19282,9273,10009,11017,5304,5713,2755,1325,1430,
55110,11021,5281,5740,19285,9328,9957,22040,10605,11435,19284,9274,10010,11019,5306,5713,2755,1325,1430,
55115,11022,5281,5741,19286,9328,9958,22041,10605,11436,19286,9274,10012,11020,5306,5714,2755,1325,1430,
55120,11023,5281,5742,19289,9329,9960,22045,10607,11438,19288,9275,10013,11021,5307,5714,2755,1325,1430,
55125,11023,5281,5742,19291,9330,9961,22045,10607,11438,19289,9275,10014,11021,5307,5714,2756,1325,1431,
55130,11025,5282,5743,19292,9331,9961,22048,10607,11441,19291,9276,10015,11023,5307,5716,2756,1325,1431,
55135,11026,5283,5743,19293,9332,9961,22049,10607,11442,19293,9277,10016,11024,5307,5717,2756,1325,1431,
55140,11027,5283,5744,19296,9332,9964,22053,10611,11442,19295,9277,10018,11025,5307,5718,2756,1325,1431,
55145,11027,5283,5744,19298,9333,9965,22053,10611,11442,19296,9278,10018,11025,5307,5718,2757,1326,1431,
55150,11029,5284,5745,19299,9333,9966,22056,10613,11443,19298,9279,10019,11027,5307,5720,2757,1326,1431,
55155,11030,5285,5745,19300,9333,9967,22057,10614,11443,19300,9279,10021,11028,5307,5721,2757,1326,1431,
55160,11031,5286,5745,19303,9334,9969,22061,10616,11445,19302,9280,10022,11029,5307,5722,2757,1326,1431,
55165,11031,5286,5745,19305,9335,9970,22061,10616,11445,19303,9281,10022,11029,5307,5722,2758,1327,1431,
55170,11033,5287,5746,19306,9336,9970,22064,10616,11448,19305,9282,10023,11031,5307,5724,2758,1327,1431,
55175,11034,5287,5747,19307,9337,9970,22065,10617,11448,19307,9283,10024,11032,5308,5724,2758,1327,1431,
55180,11035,5287,5748,19310,9338,9972,22069,10618,11451,19309,9283,10026,11033,5309,5724,2758,1327,1431,
55185,11035,5287,5748,19312,9339,9973,22069,10618,11451,19310,9284,10026,11033,5309,5724,2759,1327,1432,
55190,11037,5287,5750,19313,9339,9974,22072,10619,11453,19312,9286,10026,11035,5309,5726,2759,1327,1432,
55195,11038,5288,5750,19314,9339,9975,22073,10619,11454,19314,9286,10028,11036,5310,5726,2759,1327,1432,
55200,11039,5288,5751,19317,9341,9976,22077,10620,11457,19316,9287,10029,11037,5310,5727,2759,1327,1432,
55205,11039,5288,5751,19319,9342,9977,22077,10620,11457,19317,9287,10030,11037,5310,5727,2760,1327,1433,
55210,11041,5289,5752,19320,9342,9978,22080,10621,11459,19319,9289,10030,11039,5310,5729,2760,1327,1433,
55215,11042,5290,5752,19321,9342,9979,22081,10621,11460,19321,9290,10031,11040,5311,5729,2760,1327,1433,
55220,11043,5290,5753,19324,9342,9982,22085,10622,11463,19323,9290,10033,11041,5311,5730,2760,1327,1433,
55225,11043,5290,5753,19326,9344,9982,22085,10622,11463,19324,9290,10034,11041,5311,5730,2761,1328,1433,
55230,11045,5291,5754,19327,9344,9983,22088,10624,11464,19326,9291,10035,11043,5311,5732,2761,1328,1433,
55235,11046,5291,5755,19328,9345,9983,22089,10625,11464,19328,9292,10036,11044,5311,5733,2761,1328,1433,
55240,11047,5292,5755,19331,9346,9985,22093,10625,11468,19330,9293,10037,11045,5311,5734,2761,1328,1433,
55245,11047,5292,5755,19333,9347,9986,22093,10625,11468,19331,9293,10038,11045,5311,5734,2762,1328,1434,
55250,11049,5293,5756,19334,9348,9986,22096,10625,11471,19333,9293,10040,11047,5312,5735,2762,1328,1434,
55255,11050,5294,5756,19335,9349,9986,22097,10625,11472,19335,9294,10041,11048,5312,5736,2762,1328,1434,
55260,11051,5294,5757,19338,9352,9986,22101,10627,11474,19337,9294,10043,11049,5312,5737,2762,1328,1434,
55265,11051,5294,5757,19340,9353,9987,22101,10627,11474,19338,9294,10044,11049,5312,5737,2763,1329,1434,
55270,11053,5294,5759,19341,9353,9988,22104,10629,11475,19340,9296,10044,11051,5312,5739,2763,1329,1434,
55275,11054,5294,5760,19342,9354,9988,22105,10630,11475,19342,9297,10045,11052,5313,5739,2763,1329,1434,
55280,11055,5294,5761,19345,9355,9990,22109,10632,11477,19344,9299,10045,11053,5314,5739,2763,1329,1434,
55285,11055,5294,5761,19347,9357,9990,22109,10632,11477,19345,9300,10045,11053,5314,5739,2764,1329,1435,
55290,11057,5295,5762,19348,9358,9990,22112,10634,11478,19347,9301,10046,11055,5314,5741,2764,1329,1435,
55295,11058,5296,5762,19349,9358,9991,22113,10635,11478,19349,9302,10047,11056,5315,5741,2764,1329,1435,
55300,11059,5297,5762,19352,9359,9993,22117,10637,11480,19351,9302,10049,11057,5316,5741,2764,1329,1435,
55305,11059,5297,5762,19354,9360,9994,22117,10637,11480,19352,9302,10050,11057,5316,5741,2765,1330,1435,
55310,11061,5298,5763,19355,9360,9995,22120,10640,11480,19354,9303,10051,11059,5316,5743,2765,1330,1435,
55315,11062,5298,5764,19356,9360,9996,22121,10640,11481,19356,9303,10053,11060,5317,5743,2765,1330,1435,
55320,11063,5298,5765,19359,9362,9997,22125,10642,11483,19358,9304,10054,11061,5317,5744,2765,1330,1435,
55325,11063,5298,5765,19361,9363,9998,22125,10642,11483,19359,9304,10055,11061,5317,5744,2766,1330,1436,
55330,11065,5299,5766,19362,9364,9998,22128,10645,11483,19361,9305,10056,11063,5319,5744,2766,1330,1436,
55335,11066,5300,5766,19363,9365,9998,22129,10645,11484,19363,9306,10057,11064,5319,5745,2766,1330,1436,
55340,11067,5300,5767,19366,9365,10001,22133,10647,11486,19365,9307,10058,11065,5319,5746,2766,1330,1436,
55345,11067,5300,5767,19368,9365,10003,22133,10647,11486,19366,9307,10059,11065,5319,5746,2767,1330,1437,
55350,11069,5300,5769,19369,9366,10003,22136,10650,11486,19368,9309,10059,11067,5320,5747,2767,1330,1437,
55355,11070,5300,5770,19370,9367,10003,22137,10651,11486,19370,9310,10060,11068,5321,5747,2767,1330,1437,
55360,11071,5300,5771,19373,9368,10005,22141,10654,11487,19372,9311,10061,11069,5321,5748,2767,1330,1437,
55365,11071,5300,5771,19375,9369,10006,22141,10654,11487,19373,9311,10062,11069,5321,5748,2768,1330,1438,
55370,11073,5301,5772,19376,9370,10006,22144,10655,11489,19375,9312,10063,11071,5321,5750,2768,1330,1438,
55375,11074,5302,5772,19377,9371,10006,22145,10655,11490,19377,9314,10063,11072,5321,5751,2768,1330,1438,
55380,11075,5303,5772,19380,9372,10008,22149,10656,11493,19379,9315,10064,11073,5321,5752,2768,1330,1438,
55385,11075,5303,5772,19382,9373,10009,22149,10656,11493,19380,9316,10064,11073,5321,5752,2769,1330,1439,
55390,11077,5303,5774,19383,9374,10009,22152,10657,11495,19382,9316,10066,11075,5322,5753,2769,1330,1439,
55395,11078,5303,5775,19384,9374,10010,22153,10657,11496,19384,9318,10066,11076,5322,5754,2769,1330,1439,
55400,11079,5304,5775,19387,9376,10011,22157,10658,11499,19386,9319,10067,11077,5322,5755,2769,1330,1439,
55405,11079,5304,5775,19389,9377,10012,22157,10658,11499,19387,9319,10068,11077,5322,5755,2770,1331,1439,
55410,11081,5304,5777,19390,9377,10013,22160,10659,11501,19389,9320,10069,11079,5323,5756,2770,1331,1439,
55415,11082,5304,5778,19391,9377,10014,22161,10660,11501,19391,9322,10069,11080,5323,5757,2770,1331,1439,
55420,11083,5304,5779,19394,9378,10016,22165,10662,11503,19393,9323,10070,11081,5323,5758,2770,1331,1439,
55425,11083,5304,5779,19396,9380,10016,22165,10662,11503,19394,9324,10070,11081,5323,5758,2771,1332,1439,
55430,11085,5305,5780,19397,9380,10017,22168,10662,11506,19396,9324,10072,11083,5324,5759,2771,1332,1439,
55435,11086,5305,5781,19398,9380,10018,22169,10663,11506,19398,9325,10073,11084,5325,5759,2771,1332,1439,
55440,11087,5305,5782,19401,9383,10018,22173,10663,11510,19400,9325,10075,11085,5325,5760,2771,1332,1439,
55445,11087,5305,5782,19403,9384,10019,22173,10663,11510,19401,9326,10075,11085,5325,5760,2772,1332,1440,
55450,11089,5307,5782,19404,9384,10020,22176,10663,11513,19403,9327,10076,11087,5326,5761,2772,1332,1440,
55455,11090,5307,5783,19405,9384,10021,22177,10664,11513,19405,9328,10077,11088,5327,5761,2772,1332,1440,
55460,11091,5308,5783,19408,9387,10021,22181,10666,11515,19407,9330,10077,11089,5327,5762,2772,1332,1440,
55465,11091,5308,5783,19410,9387,10023,22181,10666,11515,19408,9330,10078,11089,5327,5762,2773,1332,1441,
55470,11093,5309,5784,19411,9388,10023,22184,10666,11518,19410,9330,10080,11091,5329,5762,2773,1332,1441,
55475,11094,5309,5785,19412,9389,10023,22185,10667,11518,19412,9331,10081,11092,5329,5763,2773,1332,1441,
55480,11095,5309,5786,19415,9390,10025,22189,10668,11521,19414,9332,10082,11093,5329,5764,2773,1332,1441,
55485,11095,5309,5786,19417,9391,10026,22189,10668,11521,19415,9332,10083,11093,5329,5764,2774,1333,1441,
55490,11097,5310,5787,19418,9392,10026,22192,10669,11523,19417,9332,10085,11095,5330,5765,2774,1333,1441,
55495,11098,5310,5788,19419,9393,10026,22193,10670,11523,19419,9334,10085,11096,5330,5766,2774,1333,1441,
55500,11099,5311,5788,19422,9396,10026,22197,10671,11526,19421,9335,10086,11097,5331,5766,2774,1333,1441,
55505,11099,5311,5788,19424,9397,10027,22197,10671,11526,19422,9336,10086,11097,5331,5766,2775,1333,1442,
55510,11101,5311,5790,19425,9397,10028,22200,10673,11527,19424,9337,10087,11099,5332,5767,2775,1333,1442,
55515,11102,5312,5790,19426,9398,10028,22201,10673,11528,19426,9339,10087,11100,5333,5767,2775,1333,1442,
55520,11103,5312,5791,19429,9399,10030,22205,10674,11531,19428,9341,10087,11101,5333,5768,2775,1333,1442,
55525,11103,5312,5791,19431,9401,10030,22205,10674,11531,19429,9341,10088,11101,5333,5768,2776,1334,1442,
55530,11105,5312,5793,19432,9402,10030,22208,10676,11532,19431,9342,10089,11103,5334,5769,2776,1334,1442,
55535,11106,5313,5793,19433,9403,10030,22209,10676,11533,19433,9344,10089,11104,5335,5769,2776,1334,1442,
55540,11107,5313,5794,19436,9405,10031,22213,10680,11533,19435,9345,10090,11105,5335,5770,2776,1334,1442,
55545,11107,5313,5794,19438,9407,10031,22213,10680,11533,19436,9346,10090,11105,5335,5770,2777,1334,1443,
55550,11109,5314,5795,19439,9408,10031,22216,10680,11536,19438,9347,10091,11107,5336,5771,2777,1334,1443,
55555,11110,5314,5796,19440,9409,10031,22217,10680,11537,19440,9348,10092,11108,5337,5771,2777,1334,1443,
55560,11111,5314,5797,19443,9412,10031,22221,10682,11539,19442,9349,10093,11109,5338,5771,2777,1334,1443,
55565,11111,5314,5797,19445,9414,10031,22221,10682,11539,19443,9349,10094,11109,5338,5771,2778,1334,1444,
55570,11113,5315,5798,19446,9414,10032,22224,10683,11541,19445,9350,10095,11111,5339,5772,2778,1334,1444,
55575,11114,5315,5799,19447,9415,10032,22225,10684,11541,19447,9351,10096,11112,5340,5772,2778,1334,1444,
55580,11115,5315,5800,19450,9416,10034,22229,10685,11544,19449,9352,10097,11113,5341,5772,2778,1334,1444,
55585,11115,5315,5800,19452,9416,10036,22229,10685,11544,19450,9352,10098,11113,5341,5772,2779,1335,1444,
55590,11117,5315,5802,19453,9416,10037,22232,10687,11545,19452,9353,10099,11115,5342,5773,2779,1335,1444,
55595,11118,5316,5802,19454,9416,10038,22233,10688,11545,19454,9353,10101,11116,5342,5774,2779,1335,1444,
55600,11119,5316,5803,19457,9416,10041,22237,10690,11547,19456,9353,10103,11117,5342,5775,2779,1335,1444,
55605,11119,5316,5803,19459,9417,10042,22237,10690,11547,19457,9353,10104,11117,5342,5775,2780,1335,1445,
55610,11121,5316,5805,19460,9418,10042,22240,10692,11548,19459,9353,10106,11119,5343,5776,2780,1335,1445,
55615,11122,5316,5806,19461,9418,10043,22241,10693,11548,19461,9354,10107,11120,5344,5776,2780,1335,1445,
55620,11123,5317,5806,19464,9419,10045,22245,10696,11549,19463,9355,10108,11121,5344,5777,2780,1335,1445,
55625,11123,5317,5806,19466,9419,10047,22245,10696,11549,19464,9356,10108,11121,5344,5777,2781,1335,1446,
55630,11125,5319,5806,19467,9419,10048,22248,10696,11552,19466,9356,10110,11123,5345,5778,2781,1335,1446,
55635,11126,5320,5806,19468,9420,10048,22249,10697,11552,19468,9358,10110,11124,5345,5779,2781,1335,1446,
55640,11127,5321,5806,19471,9423,10048,22253,10699,11554,19470,9360,10110,11125,5346,5779,2781,1335,1446,
55645,11127,5321,5806,19473,9425,10048,22253,10699,11554,19471,9361,10110,11125,5346,5779,2782,1336,1446,
55650,11129,5322,5807,19474,9426,10048,22256,10701,11555,19473,9361,10112,11127,5347,5780,2782,1336,1446,
55655,11130,5322,5808,19475,9426,10049,22257,10701,11556,19475,9362,10113,11128,5348,5780,2782,1336,1446,
55660,11131,5322,5809,19478,9428,10050,22261,10703,11558,19477,9364,10113,11129,5348,5781,2782,1336,1446,
55665,11131,5322,5809,19480,9429,10051,22261,10703,11558,19478,9364,10114,11129,5348,5781,2783,1337,1446,
55670,11133,5323,5810,19481,9430,10051,22264,10704,11560,19480,9365,10115,11131,5348,5783,2783,1337,1446,
55675,11134,5323,5811,19482,9430,10052,22265,10705,11560,19482,9366,10116,11132,5349,5783,2783,1337,1446,
55680,11135,5323,5812,19485,9431,10054,22269,10707,11562,19484,9367,10117,11133,5349,5784,2783,1337,1446,
55685,11135,5323,5812,19487,9433,10054,22269,10707,11562,19485,9368,10117,11133,5349,5784,2784,1338,1446,
55690,11137,5323,5814,19488,9433,10055,22272,10708,11564,19487,9370,10117,11135,5351,5784,2784,1338,1446,
55695,11138,5323,5815,19489,9433,10056,22273,10709,11564,19489,9372,10117,11136,5352,5784,2784,1338,1446,
55700,11139,5323,5816,19492,9435,10057,22277,10711,11566,19491,9373,10118,11137,5352,5785,2784,1338,1446,
55705,11139,5323,5816,19494,9436,10058,22277,10711,11566,19492,9374,10118,11137,5352,5785,2785,1338,1447,
55710,11141,5323,5818,19495,9436,10059,22280,10712,11568,19494,9376,10118,11139,5352,5787,2785,1338,1447,
55715,11142,5324,5818,19496,9437,10059,22281,10713,11568,19496,9378,10118,11140,5353,5787,2785,1338,1447,
55720,11143,5324,5819,19499,9439,10060,22285,10715,11570,19498,9378,10120,11141,5354,5787,2785,1338,1447,
55725,11143,5324,5819,19501,9439,10062,22285,10715,11570,19499,9378,10121,11141,5354,5787,2786,1338,1448,
55730,11145,5326,5819,19502,9440,10062,22288,10716,11572,19501,9379,10122,11143,5356,5787,2786,1338,1448,
55735,11146,5327,5819,19503,9440,10063,22289,10717,11572,19503,9380,10123,11144,5356,5788,2786,1338,1448,
55740,11147,5328,5819,19506,9441,10065,22293,10718,11575,19505,9380,10125,11145,5357,5788,2786,1338,1448,
55745,11147,5328,5819,19508,9441,10067,22293,10718,11575,19506,9380,10126,11145,5357,5788,2787,1339,1448,
55750,11149,5330,5819,19509,9442,10067,22296,10718,11578,19508,9381,10127,11147,5359,5788,2787,1339,1448,
55755,11150,5331,5819,19510,9443,10067,22297,10719,11578,19510,9381,10129,11148,5359,5789,2787,1339,1448,
55760,11151,5331,5820,19513,9444,10069,22301,10721,11580,19512,9383,10129,11149,5359,5790,2787,1339,1448,
55765,11151,5331,5820,19515,9445,10070,22301,10721,11580,19513,9384,10129,11149,5359,5790,2788,1340,1448,
55770,11153,5333,5820,19516,9445,10071,22304,10722,11582,19515,9385,10130,11151,5360,5791,2788,1340,1448,
55775,11154,5334,5820,19517,9446,10071,22305,10722,11583,19517,9386,10131,11152,5361,5791,2788,1340,1448,
55780,11155,5334,5821,19520,9448,10072,22309,10723,11586,19519,9388,10131,11153,5362,5791,2788,1340,1448,
55785,11155,5334,5821,19522,9449,10073,22309,10723,11586,19520,9388,10132,11153,5362,5791,2789,1340,1449,
55790,11157,5335,5822,19523,9449,10074,22312,10724,11588,19522,9389,10133,11155,5362,5793,2789,1340,1449,
55795,11158,5335,5823,19524,9449,10075,22313,10724,11589,19524,9389,10135,11156,5363,5793,2789,1340,1449,
55800,11159,5335,5824,19527,9450,10077,22317,10727,11590,19526,9389,10137,11157,5363,5794,2789,1340,1449,
55805,11159,5335,5824,19529,9451,10078,22317,10727,11590,19527,9390,10137,11157,5363,5794,2790,1340,1450,
55810,11161,5335,5826,19530,9451,10079,22320,10728,11592,19529,9390,10139,11159,5363,5796,2790,1340,1450,
55815,11162,5336,5826,19531,9452,10079,22321,10728,11593,19531,9390,10141,11160,5363,5797,2790,1340,1450,
55820,11163,5337,5826,19534,9453,10081,22325,10729,11596,19533,9390,10143,11161,5364,5797,2790,1340,1450,
55825,11163,5337,5826,19536,9454,10082,22325,10729,11596,19534,9390,10144,11161,5364,5797,2791,1340,1451,
55830,11165,5339,5826,19537,9455,10082,22328,10730,11598,19536,9391,10145,11163,5366,5797,2791,1340,1451,
55835,11166,5339,5827,19538,9455,10083,22329,10730,11599,19538,9392,10146,11164,5366,5798,2791,1340,1451,
55840,11167,5339,5828,19541,9458,10083,22333,10730,11603,19540,9394,10146,11165,5366,5799,2791,1340,1451,
55845,11167,5339,5828,19543,9459,10084,22333,10730,11603,19541,9395,10146,11165,5366,5799,2792,1341,1451,
55850,11169,5341,5828,19544,9459,10085,22336,10730,11606,19543,9396,10147,11167,5366,5801,2792,1341,1451,
55855,11170,5342,5828,19545,9460,10085,22337,10731,11606,19545,9397,10148,11168,5366,5802,2792,1341,1451,
55860,11171,5342,5829,19548,9462,10086,22341,10734,11607,19547,9397,10150,11169,5367,5802,2792,1341,1451,
55865,11171,5342,5829,19550,9463,10087,22341,10734,11607,19548,9398,10150,11169,5367,5802,2793,1342,1451,
55870,11173,5342,5831,19551,9463,10088,22344,10735,11609,19550,9398,10152,11171,5369,5802,2793,1342,1451,
55875,11174,5342,5832,19552,9463,10089,22345,10735,11610,19552,9400,10152,11172,5369,5803,2793,1342,1451,
55880,11175,5342,5833,19555,9466,10089,22349,10736,11613,19554,9400,10154,11173,5369,5804,2793,1342,1451,
55885,11175,5342,5833,19557,9466,10091,22349,10736,11613,19555,9401,10154,11173,5369,5804,2794,1343,1451,
55890,11177,5343,5834,19558,9466,10092,22352,10738,11614,19557,9403,10154,11175,5370,5805,2794,1343,1451,
55895,11178,5344,5834,19559,9467,10092,22353,10738,11615,19559,9404,10155,11176,5371,5805,2794,1343,1451,
55900,11179,5345,5834,19562,9468,10094,22357,10742,11615,19561,9405,10156,11177,5372,5805,2794,1343,1451,
55905,11179,5345,5834,19564,9470,10094,22357,10742,11615,19562,9405,10157,11177,5372,5805,2795,1344,1451,
55910,11181,5346,5835,19565,9470,10095,22360,10743,11617,19564,9406,10158,11179,5374,5805,2795,1344,1451,
55915,11182,5346,5836,19566,9470,10096,22361,10744,11617,19566,9408,10158,11180,5375,5805,2795,1344,1451,
55920,11183,5346,5837,19569,9470,10099,22365,10745,11620,19568,9409,10159,11181,5375,5806,2795,1344,1451,
55925,11183,5346,5837,19571,9471,10100,22365,10745,11620,19569,9410,10159,11181,5375,5806,2796,1345,1451,
55930,11185,5346,5839,19572,9471,10101,22368,10747,11621,19571,9411,10160,11183,5375,5808,2796,1345,1451,
55935,11186,5347,5839,19573,9471,10102,22369,10748,11621,19573,9412,10161,11184,5375,5809,2796,1345,1451,
55940,11187,5347,5840,19576,9472,10104,22373,10750,11623,19575,9413,10162,11185,5375,5810,2796,1345,1451,
55945,11187,5347,5840,19578,9473,10105,22373,10750,11623,19576,9413,10163,11185,5375,5810,2797,1346,1451,
55950,11189,5348,5841,19579,9474,10105,22376,10751,11625,19578,9415,10163,11187,5375,5812,2797,1346,1451,
55955,11190,5348,5842,19580,9475,10105,22377,10752,11625,19580,9416,10164,11188,5375,5813,2797,1346,1451,
55960,11191,5349,5842,19583,9478,10105,22381,10754,11627,19582,9418,10164,11189,5375,5814,2797,1346,1451,
55965,11191,5349,5842,19585,9478,10107,22381,10754,11627,19583,9418,10165,11189,5375,5814,2798,1346,1452,
55970,11193,5349,5844,19586,9479,10107,22384,10756,11628,19585,9418,10167,11191,5375,5816,2798,1346,1452,
55975,11194,5350,5844,19587,9480,10107,22385,10757,11628,19587,9418,10169,11192,5375,5817,2798,1346,1452,
55980,11195,5351,5844,19590,9482,10108,22389,10759,11630,19589,9420,10169,11193,5375,5818,2798,1346,1452,
55985,11195,5351,5844,19592,9484,10108,22389,10759,11630,19590,9420,10170,11193,5375,5818,2799,1346,1453,
55990,11197,5352,5845,19593,9484,10109,22392,10761,11631,19592,9422,10170,11195,5375,5820,2799,1346,1453,
55995,11198,5352,5846,19594,9484,10110,22393,10762,11631,19594,9424,10170,11196,5376,5820,2799,1346,1453,
56000,11199,5353,5846,19597,9486,10111,22397,10764,11633,19596,9425,10171,11197,5377,5820,2799,1346,1453,
56005,11199,5353,5846,19599,9486,10113,22397,10764,11633,19597,9426,10171,11197,5377,5820,2800,1347,1453,
56010,11201,5353,5848,19600,9486,10114,22400,10766,11634,19599,9428,10171,11199,5378,5821,2800,1347,1453,
56015,11202,5353,5849,19601,9486,10115,22401,10766,11635,19601,9429,10172,11200,5378,5822,2800,1347,1453,
56020,11203,5353,5850,19604,9487,10117,22405,10767,11638,19603,9430,10173,11201,5378,5823,2800,1347,1453,
56025,11203,5353,5850,19606,9489,10117,22405,10767,11638,19604,9430,10174,11201,5378,5823,2801,1347,1454,
56030,11205,5353,5852,19607,9490,10117,22408,10769,11639,19606,9431,10175,11203,5380,5823,2801,1347,1454,
56035,11206,5354,5852,19608,9491,10117,22409,10770,11639,19608,9431,10177,11204,5381,5823,2801,1347,1454,
56040,11207,5354,5853,19611,9493,10118,22413,10773,11640,19610,9432,10178,11205,5381,5824,2801,1347,1454,
56045,11207,5354,5853,19613,9493,10120,22413,10773,11640,19611,9433,10178,11205,5381,5824,2802,1348,1454,
56050,11209,5355,5854,19614,9493,10121,22416,10774,11642,19613,9434,10179,11207,5381,5826,2802,1348,1454,
56055,11210,5355,5855,19615,9494,10121,22417,10775,11642,19615,9435,10180,11208,5382,5826,2802,1348,1454,
56060,11211,5355,5856,19618,9495,10123,22421,10776,11645,19617,9436,10181,11209,5383,5826,2802,1348,1454,
56065,11211,5355,5856,19620,9497,10123,22421,10776,11645,19618,9437,10181,11209,5383,5826,2803,1348,1455,
56070,11213,5356,5857,19621,9497,10124,22424,10777,11647,19620,9438,10182,11211,5383,5828,2803,1348,1455,
56075,11214,5357,5857,19622,9497,10125,22425,10777,11648,19622,9439,10183,11212,5383,5829,2803,1348,1455,
56080,11215,5358,5857,19625,9499,10126,22429,10778,11651,19624,9441,10183,11213,5383,5830,2803,1348,1455,
56085,11215,5358,5857,19627,9500,10127,22429,10778,11651,19625,9441,10184,11213,5383,5830,2804,1349,1455,
56090,11217,5358,5859,19628,9500,10128,22432,10780,11652,19627,9441,10186,11215,5385,5830,2804,1349,1455,
56095,11218,5359,5859,19629,9500,10129,22433,10780,11653,19629,9442,10187,11216,5386,5830,2804,1349,1455,
56100,11219,5359,5860,19632,9503,10129,22437,10783,11654,19631,9444,10187,11217,5387,5830,2804,1349,1455,
56105,11219,5359,5860,19634,9504,10130,22437,10783,11654,19632,9444,10188,11217,5387,5830,2805,1349,1456,
56110,11221,5360,5861,19635,9504,10131,22440,10786,11654,19634,9445,10189,11219,5388,5831,2805,1349,1456,
56115,11222,5361,5861,19636,9504,10132,22441,10787,11654,19636,9446,10190,11220,5388,5832,2805,1349,1456,
56120,11223,5361,5862,19639,9505,10134,22445,10788,11657,19638,9446,10192,11221,5388,5833,2805,1349,1456,
56125,11223,5361,5862,19641,9507,10134,22445,10788,11657,19639,9447,10192,11221,5388,5833,2806,1349,1457,
56130,11225,5361,5864,19642,9507,10135,22448,10790,11658,19641,9447,10194,11223,5390,5833,2806,1349,1457,
56135,11226,5361,5865,19643,9507,10136,22449,10790,11659,19643,9448,10195,11224,5390,5834,2806,1349,1457,
56140,11227,5361,5866,19646,9509,10137,22453,10792,11661,19645,9450,10195,11225,5391,5834,2806,1349,1457,
56145,11227,5361,5866,19648,9511,10137,22453,10792,11661,19646,9450,10196,11225,5391,5834,2807,1349,1458,
56150,11229,5362,5867,19649,9512,10137,22456,10793,11663,19648,9451,10197,11227,5392,5835,2807,1349,1458,
56155,11230,5363,5867,19650,9513,10137,22457,10794,11663,19650,9452,10198,11228,5392,5836,2807,1349,1458,
56160,11231,5363,5868,19653,9516,10137,22461,10796,11665,19652,9453,10199,11229,5393,5836,2807,1349,1458,
56165,11231,5363,5868,19655,9517,10138,22461,10796,11665,19653,9454,10199,11229,5393,5836,2808,1350,1458,
56170,11233,5365,5868,19656,9517,10139,22464,10797,11667,19655,9454,10201,11231,5393,5838,2808,1350,1458,
56175,11234,5366,5868,19657,9517,10140,22465,10798,11667,19657,9454,10203,11232,5394,5838,2808,1350,1458,
56180,11235,5367,5868,19660,9519,10141,22469,10798,11671,19659,9455,10204,11233,5395,5838,2808,1350,1458,
56185,11235,5367,5868,19662,9520,10142,22469,10798,11671,19660,9455,10205,11233,5395,5838,2809,1350,1459,
56190,11237,5368,5869,19663,9521,10142,22472,10799,11673,19662,9456,10206,11235,5396,5839,2809,1350,1459,
56195,11238,5368,5870,19664,9522,10142,22473,10799,11674,19664,9457,10207,11236,5397,5839,2809,1350,1459,
56200,11239,5368,5871,19667,9523,10144,22477,10801,11676,19666,9457,10209,11237,5397,5840,2809,1350,1459,
56205,11239,5368,5871,19669,9525,10144,22477,10801,11676,19667,9458,10209,11237,5397,5840,2810,1351,1459,
56210,11241,5369,5872,19670,9525,10145,22480,10803,11677,19669,9459,10210,11239,5398,5841,2810,1351,1459,
56215,11242,5370,5872,19671,9525,10146,22481,10804,11677,19671,9460,10211,11240,5399,5841,2810,1351,1459,
56220,11243,5370,5873,19674,9526,10148,22485,10807,11678,19673,9461,10212,11241,5399,5842,2810,1351,1459,
56225,11243,5370,5873,19676,9528,10148,22485,10807,11678,19674,9462,10212,11241,5399,5842,2811,1352,1459,
56230,11245,5372,5873,19677,9529,10148,22488,10808,11680,19676,9462,10214,11243,5400,5843,2811,1352,1459,
56235,11246,5373,5873,19678,9530,10148,22489,10809,11680,19678,9463,10215,11244,5400,5844,2811,1352,1459,
56240,11247,5374,5873,19681,9530,10151,22493,10811,11682,19680,9463,10217,11245,5400,5845,2811,1352,1459,
56245,11247,5374,5873,19683,9532,10151,22493,10811,11682,19681,9464,10217,11245,5400,5845,2812,1353,1459,
56250,11249,5375,5874,19684,9532,10152,22496,10812,11684,19683,9465,10218,11247,5401,5846,2812,1353,1459,
56255,11250,5375,5875,19685,9533,10152,22497,10812,11685,19685,9466,10219,11248,5401,5847,2812,1353,1459,
56260,11251,5376,5875,19688,9534,10154,22501,10814,11687,19687,9468,10219,11249,5402,5847,2812,1353,1459,
56265,11251,5376,5875,19690,9536,10154,22501,10814,11687,19688,9468,10220,11249,5402,5847,2813,1354,1459,
56270,11253,5376,5877,19691,9537,10154,22504,10816,11688,19690,9468,10222,11251,5403,5848,2813,1354,1459,
56275,11254,5376,5878,19692,9537,10155,22505,10816,11689,19692,9470,10222,11252,5403,5849,2813,1354,1459,
56280,11255,5376,5879,19695,9538,10157,22509,10819,11690,19694,9470,10224,11253,5403,5850,2813,1354,1459,
56285,11255,5376,5879,19697,9539,10158,22509,10819,11690,19695,9471,10224,11253,5403,5850,2814,1354,1460,
56290,11257,5377,5880,19698,9540,10158,22512,10820,11692,19697,9472,10225,11255,5404,5851,2814,1354,1460,
56295,11258,5378,5880,19699,9540,10159,22513,10821,11692,19699,9473,10226,11256,5404,5852,2814,1354,1460,
56300,11259,5379,5880,19702,9542,10160,22517,10823,11694,19701,9475,10226,11257,5404,5853,2814,1354,1460,
56305,11259,5379,5880,19704,9543,10161,22517,10823,11694,19702,9476,10226,11257,5404,5853,2815,1354,1461,
56310,11261,5380,5881,19705,9544,10161,22520,10825,11695,19704,9477,10227,11259,5405,5854,2815,1354,1461,
56315,11262,5380,5882,19706,9545,10161,22521,10825,11696,19706,9478,10228,11260,5405,5855,2815,1354,1461,
56320,11263,5380,5883,19709,9547,10162,22525,10827,11698,19708,9480,10228,11261,5405,5856,2815,1354,1461,
56325,11263,5380,5883,19711,9548,10163,22525,10827,11698,19709,9480,10229,11261,5405,5856,2816,1355,1461,
56330,11265,5381,5884,19712,9549,10163,22528,10830,11698,19711,9482,10229,11263,5407,5856,2816,1355,1461,
56335,11266,5381,5885,19713,9549,10164,22529,10830,11699,19713,9483,10230,11264,5407,5857,2816,1355,1461,
56340,11267,5381,5886,19716,9550,10166,22533,10832,11701,19715,9484,10231,11265,5408,5857,2816,1355,1461,
56345,11267,5381,5886,19718,9551,10167,22533,10832,11701,19716,9484,10232,11265,5408,5857,2817,1355,1462,
56350,11269,5383,5886,19719,9551,10168,22536,10834,11702,19718,9485,10233,11267,5409,5858,2817,1355,1462,
56355,11270,5384,5886,19720,9551,10169,22537,10835,11702,19720,9486,10234,11268,5410,5858,2817,1355,1462,
56360,11271,5385,5886,19723,9551,10172,22541,10838,11703,19722,9488,10234,11269,5411,5858,2817,1355,1462,
56365,11271,5385,5886,19725,9553,10172,22541,10838,11703,19723,9489,10234,11269,5411,5858,2818,1356,1462,
56370,11273,5385,5888,19726,9553,10173,22544,10840,11704,19725,9489,10236,11271,5411,5860,2818,1356,1462,
56375,11274,5385,5889,19727,9553,10174,22545,10840,11705,19727,9491,10236,11272,5411,5861,2818,1356,1462,
56380,11275,5385,5890,19730,9555,10175,22549,10844,11705,19729,9493,10236,11273,5412,5861,2818,1356,1462,
56385,11275,5385,5890,19732,9555,10177,22549,10844,11705,19730,9493,10237,11273,5412,5861,2819,1356,1463,
56390,11277,5386,5891,19733,9556,10177,22552,10846,11706,19732,9495,10237,11275,5412,5863,2819,1356,1463,
56395,11278,5386,5892,19734,9556,10178,22553,10846,11707,19734,9496,10238,11276,5413,5863,2819,1356,1463,
56400,11279,5387,5892,19737,9557,10180,22557,10847,11710,19736,9496,10240,11277,5414,5863,2819,1356,1463,
56405,11279,5387,5892,19739,9558,10181,22557,10847,11710,19737,9496,10241,11277,5414,5863,2820,1356,1464,
56410,11281,5388,5893,19740,9559,10181,22560,10850,11710,19739,9498,10241,11279,5414,5865,2820,1356,1464,
56415,11282,5388,5894,19741,9559,10182,22561,10851,11710,19741,9500,10241,11280,5415,5865,2820,1356,1464,
56420,11283,5389,5894,19744,9560,10184,22565,10854,11711,19743,9501,10242,11281,5416,5865,2820,1356,1464,
56425,11283,5389,5894,19746,9560,10186,22565,10854,11711,19744,9502,10242,11281,5416,5865,2821,1356,1465,
56430,11285,5390,5895,19747,9560,10187,22568,10856,11712,19746,9503,10243,11283,5416,5867,2821,1356,1465,
56435,11286,5391,5895,19748,9560,10188,22569,10856,11713,19748,9504,10244,11284,5416,5868,2821,1356,1465,
56440,11287,5392,5895,19751,9563,10188,22573,10857,11716,19750,9505,10245,11285,5416,5869,2821,1356,1465,
56445,11287,5392,5895,19753,9564,10189,22573,10857,11716,19751,9506,10245,11285,5416,5869,2822,1356,1466,
56450,11289,5394,5895,19754,9565,10189,22576,10857,11719,19753,9506,10247,11287,5417,5870,2822,1356,1466,
56455,11290,5395,5895,19755,9566,10189,22577,10857,11720,19755,9507,10248,11288,5418,5870,2822,1356,1466,
56460,11291,5395,5896,19758,9568,10190,22581,10860,11721,19757,9508,10249,11289,5418,5871,2822,1356,1466,
56465,11291,5395,5896,19760,9569,10191,22581,10860,11721,19758,9509,10249,11289,5418,5871,2823,1357,1466,
56470,11293,5397,5896,19761,9569,10192,22584,10861,11723,19760,9509,10251,11291,5419,5872,2823,1357,1466,
56475,11294,5397,5897,19762,9570,10192,22585,10861,11724,19762,9509,10253,11292,5420,5872,2823,1357,1466,
56480,11295,5397,5898,19765,9571,10194,22589,10863,11726,19764,9510,10254,11293,5421,5872,2823,1357,1466,
56485,11295,5397,5898,19767,9572,10195,22589,10863,11726,19765,9511,10254,11293,5421,5872,2824,1358,1466,
56490,11297,5399,5898,19768,9573,10195,22592,10865,11727,19767,9512,10255,11295,5423,5872,2824,1358,1466,
56495,11298,5400,5898,19769,9573,10196,22593,10866,11727,19769,9514,10255,11296,5424,5872,2824,1358,1466,
56500,11299,5401,5898,19772,9576,10196,22597,10867,11730,19771,9514,10257,11297,5424,5873,2824,1358,1466,
56505,11299,5401,5898,19774,9577,10197,22597,10867,11730,19772,9515,10257,11297,5424,5873,2825,1358,1467,
56510,11301,5402,5899,19775,9577,10198,22600,10868,11732,19774,9517,10257,11299,5425,5874,2825,1358,1467,
56515,11302,5403,5899,19776,9577,10199,22601,10869,11732,19776,9519,10257,11300,5426,5874,2825,1358,1467,
56520,11303,5403,5900,19779,9578,10201,22605,10871,11734,19778,9520,10258,11301,5427,5874,2825,1358,1467,
56525,11303,5403,5900,19781,9578,10203,22605,10871,11734,19779,9520,10259,11301,5427,5874,2826,1358,1468,
56530,11305,5404,5901,19782,9579,10203,22608,10872,11736,19781,9521,10260,11303,5428,5875,2826,1358,1468,
56535,11306,5405,5901,19783,9579,10204,22609,10872,11737,19783,9523,10260,11304,5429,5875,2826,1358,1468,
56540,11307,5405,5902,19786,9581,10205,22613,10874,11739,19785,9523,10262,11305,5429,5876,2826,1358,1468,
56545,11307,5405,5902,19788,9581,10207,22613,10874,11739,19786,9524,10262,11305,5429,5876,2827,1359,1468,
56550,11309,5405,5904,19789,9581,10208,22616,10877,11739,19788,9526,10262,11307,5431,5876,2827,1359,1468,
56555,11310,5405,5905,19790,9581,10209,22617,10877,11740,19790,9527,10263,11308,5431,5877,2827,1359,1468,
56560,11311,5406,5905,19793,9581,10212,22621,10879,11742,19792,9527,10265,11309,5431,5878,2827,1359,1468,
56565,11311,5406,5905,19795,9582,10213,22621,10879,11742,19793,9527,10266,11309,5431,5878,2828,1359,1469,
56570,11313,5408,5905,19796,9582,10214,22624,10881,11743,19795,9529,10266,11311,5432,5879,2828,1359,1469,
56575,11314,5409,5905,19797,9582,10215,22625,10882,11743,19797,9531,10266,11312,5432,5880,2828,1359,1469,
56580,11315,5410,5905,19800,9584,10216,22629,10885,11744,19799,9531,10268,11313,5432,5881,2828,1359,1469,
56585,11315,5410,5905,19802,9585,10217,22629,10885,11744,19800,9531,10269,11313,5432,5881,2829,1360,1469,
56590,11317,5411,5906,19803,9585,10218,22632,10886,11746,19802,9533,10269,11315,5433,5882,2829,1360,1469,
56595,11318,5411,5907,19804,9585,10219,22633,10887,11746,19804,9533,10271,11316,5433,5883,2829,1360,1469,
56600,11319,5411,5908,19807,9587,10220,22637,10888,11749,19806,9535,10271,11317,5433,5884,2829,1360,1469,
56605,11319,5411,5908,19809,9589,10220,22637,10888,11749,19807,9536,10271,11317,5433,5884,2830,1360,1470,
56610,11321,5412,5909,19810,9589,10221,22640,10889,11751,19809,9537,10272,11319,5434,5885,2830,1360,1470,
56615,11322,5413,5909,19811,9590,10221,22641,10889,11752,19811,9538,10273,11320,5435,5885,2830,1360,1470,
56620,11323,5414,5909,19814,9590,10224,22645,10890,11755,19813,9539,10274,11321,5436,5885,2830,1360,1470,
56625,11323,5414,5909,19816,9592,10224,22645,10890,11755,19814,9539,10275,11321,5436,5885,2831,1360,1471,
56630,11325,5416,5909,19817,9593,10224,22648,10891,11757,19816,9540,10276,11323,5438,5885,2831,1360,1471,
56635,11326,5416,5910,19818,9593,10225,22649,10892,11757,19818,9542,10276,11324,5439,5885,2831,1360,1471,
56640,11327,5417,5910,19821,9595,10226,22653,10896,11757,19820,9543,10277,11325,5439,5886,2831,1360,1471,
56645,11327,5417,5910,19823,9595,10228,22653,10896,11757,19821,9543,10278,11325,5439,5886,2832,1361,1471,
56650,11329,5419,5910,19824,9595,10229,22656,10898,11758,19823,9544,10279,11327,5440,5887,2832,1361,1471,
56655,11330,5419,5911,19825,9596,10229,22657,10898,11759,19825,9546,10279,11328,5441,5887,2832,1361,1471,
56660,11331,5419,5912,19828,9598,10230,22661,10900,11761,19827,9547,10280,11329,5442,5887,2832,1361,1471,
56665,11331,5419,5912,19830,9600,10230,22661,10900,11761,19828,9548,10280,11329,5442,5887,2833,1362,1471,
56670,11333,5421,5912,19831,9600,10231,22664,10902,11762,19830,9548,10282,11331,5444,5887,2833,1362,1471,
56675,11334,5421,5913,19832,9600,10232,22665,10903,11762,19832,9549,10283,11332,5444,5888,2833,1362,1471,
56680,11335,5422,5913,19835,9602,10233,22669,10906,11763,19834,9550,10284,11333,5445,5888,2833,1362,1471,
56685,11335,5422,5913,19837,9603,10234,22669,10906,11763,19835,9550,10285,11333,5445,5888,2834,1363,1471,
56690,11337,5423,5914,19838,9603,10235,22672,10909,11763,19837,9550,10287,11335,5446,5889,2834,1363,1471,
56695,11338,5424,5914,19839,9604,10235,22673,10910,11763,19839,9550,10289,11336,5446,5890,2834,1363,1471,
56700,11339,5424,5915,19842,9607,10235,22677,10911,11766,19841,9550,10291,11337,5446,5891,2834,1363,1471,
56705,11339,5424,5915,19844,9608,10236,22677,10911,11766,19842,9551,10291,11337,5446,5891,2835,1364,1471,
56710,11341,5425,5916,19845,9608,10237,22680,10912,11768,19844,9553,10291,11339,5447,5892,2835,1364,1471,
56715,11342,5425,5917,19846,9609,10237,22681,10912,11769,19846,9554,10292,11340,5448,5892,2835,1364,1471,
56720,11343,5425,5918,19849,9611,10238,22685,10914,11771,19848,9555,10293,11341,5448,5893,2835,1364,1471,
56725,11343,5425,5918,19851,9612,10239,22685,10914,11771,19849,9555,10294,11341,5448,5893,2836,1364,1472,
56730,11345,5426,5919,19852,9612,10240,22688,10916,11772,19851,9556,10295,11343,5448,5895,2836,1364,1472,
56735,11346,5426,5920,19853,9612,10241,22689,10916,11773,19853,9557,10296,11344,5448,5896,2836,1364,1472,
56740,11347,5426,5921,19856,9614,10242,22693,10918,11775,19855,9558,10297,11345,5448,5897,2836,1364,1472,
56745,11347,5426,5921,19858,9615,10243,22693,10918,11775,19856,9558,10298,11345,5448,5897,2837,1364,1473,
56750,11349,5426,5923,19859,9615,10244,22696,10921,11775,19858,9560,10298,11347,5449,5898,2837,1364,1473,
56755,11350,5427,5923,19860,9615,10245,22697,10921,11776,19860,9560,10300,11348,5449,5899,2837,1364,1473,
56760,11351,5427,5924,19863,9618,10245,22701,10922,11779,19862,9560,10302,11349,5450,5899,2837,1364,1473,
56765,11351,5427,5924,19865,9620,10245,22701,10922,11779,19863,9561,10302,11349,5450,5899,2838,1364,1474,
56770,11353,5429,5924,19866,9621,10245,22704,10924,11780,19865,9561,10304,11351,5451,5900,2838,1364,1474,
56775,11354,5429,5925,19867,9622,10245,22705,10925,11780,19867,9563,10304,11352,5452,5900,2838,1364,1474,
56780,11355,5429,5926,19870,9624,10246,22709,10926,11783,19869,9565,10304,11353,5453,5900,2838,1364,1474,
56785,11355,5429,5926,19872,9625,10247,22709,10926,11783,19870,9565,10305,11353,5453,5900,2839,1365,1474,
56790,11357,5431,5926,19873,9625,10248,22712,10928,11784,19872,9567,10305,11355,5453,5902,2839,1365,1474,
56795,11358,5431,5927,19874,9625,10249,22713,10928,11785,19874,9567,10307,11356,5453,5903,2839,1365,1474,
56800,11359,5431,5928,19877,9627,10250,22717,10930,11787,19876,9567,10309,11357,5453,5904,2839,1365,1474,
56805,11359,5431,5928,19879,9628,10251,22717,10930,11787,19877,9567,10310,11357,5453,5904,2840,1365,1475,
56810,11361,5431,5930,19880,9629,10251,22720,10932,11788,19879,9568,10311,11359,5455,5904,2840,1365,1475,
56815,11362,5431,5931,19881,9629,10252,22721,10933,11788,19881,9569,10312,11360,5455,5905,2840,1365,1475,
56820,11363,5431,5932,19884,9631,10253,22725,10935,11790,19883,9571,10312,11361,5455,5906,2840,1365,1475,
56825,11363,5431,5932,19886,9632,10254,22725,10935,11790,19884,9571,10313,11361,5455,5906,2841,1366,1475,
56830,11365,5432,5933,19887,9633,10254,22728,10937,11791,19886,9571,10315,11363,5456,5907,2841,1366,1475,
56835,11366,5432,5934,19888,9634,10254,22729,10938,11791,19888,9571,10317,11364,5456,5908,2841,1366,1475,
56840,11367,5432,5935,19891,9636,10255,22733,10939,11794,19890,9572,10318,11365,5456,5909,2841,1366,1475,
56845,11367,5432,5935,19893,9636,10257,22733,10939,11794,19891,9572,10319,11365,5456,5909,2842,1367,1475,
56850,11369,5433,5936,19894,9636,10258,22736,10941,11795,19893,9574,10319,11367,5456,5911,2842,1367,1475,
56855,11370,5434,5936,19895,9636,10259,22737,10941,11796,19895,9575,10320,11368,5456,5912,2842,1367,1475,
56860,11371,5434,5937,19898,9637,10261,22741,10945,11796,19897,9576,10321,11369,5457,5912,2842,1367,1475,
56865,11371,5434,5937,19900,9639,10261,22741,10945,11796,19898,9577,10321,11369,5457,5912,2843,1368,1475,
56870,11373,5436,5937,19901,9640,10261,22744,10945,11799,19900,9578,10322,11371,5458,5913,2843,1368,1475,
56875,11374,5436,5938,19902,9640,10262,22745,10945,11800,19902,9578,10324,11372,5458,5914,2843,1368,1475,
56880,11375,5436,5939,19905,9641,10264,22749,10945,11804,19904,9578,10326,11373,5458,5915,2843,1368,1475,
56885,11375,5436,5939,19907,9641,10266,22749,10945,11804,19905,9579,10326,11373,5458,5915,2844,1368,1476,
56890,11377,5436,5941,19908,9642,10266,22752,10946,11806,19907,9580,10327,11375,5459,5916,2844,1368,1476,
56895,11378,5437,5941,19909,9643,10266,22753,10947,11806,19909,9581,10328,11376,5460,5916,2844,1368,1476,
56900,11379,5437,5942,19912,9644,10268,22757,10950,11807,19911,9582,10329,11377,5461,5916,2844,1368,1476,
56905,11379,5437,5942,19914,9644,10270,22757,10950,11807,19912,9583,10329,11377,5461,5916,2845,1369,1476,
56910,11381,5437,5944,19915,9644,10271,22760,10953,11807,19914,9584,10330,11379,5461,5918,2845,1369,1476,
56915,11382,5437,5945,19916,9645,10271,22761,10953,11808,19916,9584,10332,11380,5462,5918,2845,1369,1476,
56920,11383,5438,5945,19919,9647,10272,22765,10954,11811,19918,9585,10333,11381,5463,5918,2845,1369,1476,
56925,11383,5438,5945,19921,9647,10274,22765,10954,11811,19919,9585,10334,11381,5463,5918,2846,1370,1476,
56930,11385,5439,5946,19922,9647,10275,22768,10955,11813,19921,9585,10336,11383,5465,5918,2846,1370,1476,
56935,11386,5439,5947,19923,9648,10275,22769,10955,11814,19923,9586,10337,11384,5465,5919,2846,1370,1476,
56940,11387,5439,5948,19926,9649,10277,22773,10956,11817,19925,9587,10338,11385,5466,5919,2846,1370,1476,
56945,11387,5439,5948,19928,9650,10278,22773,10956,11817,19926,9588,10338,11385,5466,5919,2847,1371,1476,
56950,11389,5439,5950,19929,9651,10278,22776,10958,11818,19928,9589,10339,11387,5468,5919,2847,1371,1476,
56955,11390,5439,5951,19930,9651,10279,22777,10958,11819,19930,9590,10340,11388,5469,5919,2847,1371,1476,
56960,11391,5439,5952,19933,9653,10280,22781,10960,11821,19932,9591,10341,11389,5469,5920,2847,1371,1476,
56965,11391,5439,5952,19935,9653,10282,22781,10960,11821,19933,9592,10341,11389,5469,5920,2848,1371,1477,
56970,11393,5439,5954,19936,9653,10283,22784,10961,11823,19935,9592,10343,11391,5469,5922,2848,1371,1477,
56975,11394,5440,5954,19937,9654,10283,22785,10962,11823,19937,9593,10344,11392,5470,5922,2848,1371,1477,
56980,11395,5440,5955,19940,9657,10283,22789,10964,11825,19939,9593,10346,11393,5471,5922,2848,1371,1477,
56985,11395,5440,5955,19942,9657,10285,22789,10964,11825,19940,9593,10347,11393,5471,5922,2849,1371,1478,
56990,11397,5441,5956,19943,9658,10285,22792,10967,11825,19942,9595,10347,11395,5473,5922,2849,1371,1478,
56995,11398,5442,5956,19944,9658,10286,22793,10967,11826,19944,9596,10348,11396,5473,5923,2849,1371,1478,
57000,11399,5443,5956,19947,9659,10288,22797,10970,11827,19946,9597,10349,11397,5473,5924,2849,1371,1478,
57005,11399,5443,5956,19949,9660,10289,22797,10970,11827,19947,9598,10349,11397,5473,5924,2850,1372,1478,
57010,11401,5443,5958,19950,9660,10290,22800,10972,11828,19949,9600,10349,11399,5474,5925,2850,1372,1478,
57015,11402,5443,5959,19951,9660,10291,22801,10972,11829,19951,9601,10350,11400,5475,5925,2850,1372,1478,
57020,11403,5444,5959,19954,9662,10292,22805,10975,11830,19953,9602,10351,11401,5476,5925,2850,1372,1478,
57025,11403,5444,5959,19956,9663,10293,22805,10975,11830,19954,9603,10351,11401,5476,5925,2851,1372,1479,
57030,11405,5446,5959,19957,9664,10293,22808,10977,11831,19956,9604,10352,11403,5477,5926,2851,1372,1479,
57035,11406,5447,5959,19958,9665,10293,22809,10978,11831,19958,9605,10353,11404,5478,5926,2851,1372,1479,
57040,11407,5447,5960,19961,9666,10295,22813,10980,11833,19960,9605,10355,11405,5478,5927,2851,1372,1479,
57045,11407,5447,5960,19963,9666,10297,22813,10980,11833,19961,9605,10356,11405,5478,5927,2852,1373,1479,
57050,11409,5449,5960,19964,9666,10298,22816,10980,11836,19963,9605,10358,11407,5480,5927,2852,1373,1479,
57055,11410,5449,5961,19965,9666,10299,22817,10980,11837,19965,9605,10360,11408,5481,5927,2852,1373,1479,
57060,11411,5450,5961,19968,9667,10301,22821,10983,11838,19967,9605,10362,11409,5482,5927,2852,1373,1479,
57065,11411,5450,5961,19970,9668,10302,22821,10983,11838,19968,9605,10363,11409,5482,5927,2853,1374,1479,
57070,11413,5450,5963,19971,9668,10303,22824,10983,11841,19970,9606,10364,11411,5484,5927,2853,1374,1479,
57075,11414,5450,5964,19972,9669,10303,22825,10983,11842,19972,9607,10365,11412,5484,5928,2853,1374,1479,
57080,11415,5451,5964,19975,9670,10305,22829,10984,11845,19974,9608,10366,11413,5484,5929,2853,1374,1479,
57085,11415,5451,5964,19977,9672,10305,22829,10984,11845,19975,9608,10367,11413,5484,5929,2854,1375,1479,
57090,11417,5451,5966,19978,9672,10306,22832,10987,11845,19977,9609,10368,11415,5484,5931,2854,1375,1479,
57095,11418,5452,5966,19979,9672,10307,22833,10988,11845,19979,9611,10368,11416,5485,5931,2854,1375,1479,
57100,11419,5453,5966,19982,9674,10308,22837,10988,11849,19981,9612,10369,11417,5486,5931,2854,1375,1479,
57105,11419,5453,5966,19984,9675,10309,22837,10988,11849,19982,9612,10370,11417,5486,5931,2855,1376,1479,
57110,11421,5454,5967,19985,9675,10310,22840,10990,11850,19984,9613,10371,11419,5487,5932,2855,1376,1479,
57115,11422,5454,5968,19986,9676,10310,22841,10991,11850,19986,9614,10372,11420,5487,5933,2855,1376,1479,
57120,11423,5455,5968,19989,9677,10312,22845,10992,11853,19988,9615,10373,11421,5488,5933,2855,1376,1479,
57125,11423,5455,5968,19991,9678,10313,22845,10992,11853,19989,9616,10373,11421,5488,5933,2856,1377,1479,
57130,11425,5457,5968,19992,9678,10314,22848,10994,11854,19991,9617,10374,11423,5489,5934,2856,1377,1479,
57135,11426,5457,5969,19993,9679,10314,22849,10995,11854,19993,9618,10375,11424,5490,5934,2856,1377,1479,
57140,11427,5458,5969,19996,9681,10315,22853,10996,11857,19995,9618,10377,11425,5490,5935,2856,1377,1479,
57145,11427,5458,5969,19998,9682,10316,22853,10996,11857,19996,9618,10378,11425,5490,5935,2857,1378,1479,
57150,11429,5459,5970,19999,9682,10317,22856,10998,11858,19998,9618,10380,11427,5491,5936,2857,1378,1479,
57155,11430,5460,5970,20000,9682,10318,22857,10999,11858,20000,9619,10381,11428,5491,5937,2857,1378,1479,
57160,11431,5461,5970,20003,9684,10319,22861,11001,11860,20002,9620,10382,11429,5491,5938,2857,1378,1479,
57165,11431,5461,5970,20005,9685,10320,22861,11001,11860,20003,9621,10382,11429,5491,5938,2858,1378,1480,
57170,11433,5462,5971,20006,9685,10321,22864,11003,11861,20005,9622,10383,11431,5491,5940,2858,1378,1480,
57175,11434,5463,5971,20007,9686,10321,22865,11003,11862,20007,9622,10385,11432,5491,5941,2858,1378,1480,
57180,11435,5464,5971,20010,9686,10324,22869,11006,11863,20009,9623,10386,11433,5492,5941,2858,1378,1480,
57185,11435,5464,5971,20012,9687,10325,22869,11006,11863,20010,9623,10387,11433,5492,5941,2859,1378,1481,
57190,11437,5465,5972,20013,9687,10326,22872,11009,11863,20012,9623,10389,11435,5494,5941,2859,1378,1481,
57195,11438,5466,5972,20014,9688,10326,22873,11010,11863,20014,9624,10390,11436,5494,5942,2859,1378,1481,
57200,11439,5466,5973,20017,9689,10328,22877,11012,11865,20016,9626,10390,11437,5494,5943,2859,1378,1481,
57205,11439,5466,5973,20019,9689,10330,22877,11012,11865,20017,9627,10390,11437,5494,5943,2860,1378,1482,
57210,11441,5466,5975,20020,9690,10330,22880,11013,11867,20019,9628,10391,11439,5495,5944,2860,1378,1482,
57215,11442,5467,5975,20021,9690,10331,22881,11014,11867,20021,9629,10392,11440,5495,5945,2860,1378,1482,
57220,11443,5467,5976,20024,9691,10333,22885,11015,11870,20023,9631,10392,11441,5495,5946,2860,1378,1482,
57225,11443,5467,5976,20026,9691,10335,22885,11015,11870,20024,9631,10393,11441,5495,5946,2861,1379,1482,
57230,11445,5467,5978,20027,9692,10335,22888,11016,11872,20026,9632,10394,11443,5496,5947,2861,1379,1482,
57235,11446,5468,5978,20028,9692,10336,22889,11016,11873,20028,9632,10396,11444,5496,5948,2861,1379,1482,
57240,11447,5468,5979,20031,9694,10337,22893,11018,11875,20030,9634,10396,11445,5497,5948,2861,1379,1482,
57245,11447,5468,5979,20033,9695,10338,22893,11018,11875,20031,9634,10397,11445,5497,5948,2862,1380,1482,
57250,11449,5468,5981,20034,9696,10338,22896,11019,11877,20033,9636,10397,11447,5498,5949,2862,1380,1482,
57255,11450,5468,5982,20035,9697,10338,22897,11020,11877,20035,9638,10397,11448,5499,5949,2862,1380,1482,
57260,11451,5468,5983,20038,9699,10339,22901,11022,11879,20037,9640,10397,11449,5499,5950,2862,1380,1482,
57265,11451,5468,5983,20040,9699,10341,22901,11022,11879,20038,9640,10398,11449,5499,5950,2863,1381,1482,
57270,11453,5469,5984,20041,9700,10341,22904,11025,11879,20040,9641,10399,11451,5500,5951,2863,1381,1482,
57275,11454,5469,5985,20042,9701,10341,22905,11025,11880,20042,9642,10400,11452,5501,5951,2863,1381,1482,
57280,11455,5470,5985,20045,9703,10342,22909,11027,11882,20044,9643,10401,11453,5501,5952,2863,1381,1482,
57285,11455,5470,5985,20047,9704,10343,22909,11027,11882,20045,9644,10401,11453,5501,5952,2864,1381,1483,
57290,11457,5470,5987,20048,9704,10344,22912,11028,11884,20047,9645,10402,11455,5502,5953,2864,1381,1483,
57295,11458,5470,5988,20049,9704,10345,22913,11029,11884,20049,9645,10404,11456,5502,5954,2864,1381,1483,
57300,11459,5470,5989,20052,9707,10345,22917,11030,11887,20051,9645,10406,11457,5502,5955,2864,1381,1483,
57305,11459,5470,5989,20054,9707,10347,22917,11030,11887,20052,9645,10407,11457,5502,5955,2865,1381,1484,
57310,11461,5470,5991,20055,9708,10347,22920,11032,11888,20054,9646,10408,11459,5504,5955,2865,1381,1484,
57315,11462,5471,5991,20056,9708,10348,22921,11032,11889,20056,9648,10408,11460,5504,5956,2865,1381,1484,
57320,11463,5472,5991,20059,9710,10349,22925,11035,11890,20058,9649,10409,11461,5505,5956,2865,1381,1484,
57325,11463,5472,5991,20061,9711,10350,22925,11035,11890,20059,9650,10409,11461,5505,5956,2866,1382,1484,
57330,11465,5473,5992,20062,9711,10351,22928,11036,11892,20061,9651,10410,11463,5506,5957,2866,1382,1484,
57335,11466,5474,5992,20063,9711,10352,22929,11036,11893,20063,9651,10412,11464,5506,5958,2866,1382,1484,
57340,11467,5474,5993,20066,9712,10354,22933,11037,11896,20065,9651,10414,11465,5506,5959,2866,1382,1484,
57345,11467,5474,5993,20068,9714,10354,22933,11037,11896,20066,9652,10414,11465,5506,5959,2867,1382,1485,
57350,11469,5475,5994,20069,9715,10354,22936,11038,11898,20068,9654,10414,11467,5507,5960,2867,1382,1485,
57355,11470,5475,5995,20070,9715,10355,22937,11039,11898,20070,9656,10414,11468,5507,5961,2867,1382,1485,
57360,11471,5476,5995,20073,9717,10356,22941,11040,11901,20072,9657,10415,11469,5508,5961,2867,1382,1485,
57365,11471,5476,5995,20075,9717,10358,22941,11040,11901,20073,9657,10416,11469,5508,5961,2868,1382,1486,
57370,11473,5477,5996,20076,9718,10358,22944,11041,11903,20075,9659,10416,11471,5509,5962,2868,1382,1486,
57375,11474,5478,5996,20077,9718,10359,22945,11042,11903,20077,9660,10417,11472,5509,5963,2868,1382,1486,
57380,11475,5478,5997,20080,9721,10359,22949,11043,11906,20079,9661,10418,11473,5509,5964,2868,1382,1486,
57385,11475,5478,5997,20082,9722,10360,22949,11043,11906,20080,9662,10418,11473,5509,5964,2869,1382,1487,
57390,11477,5478,5999,20083,9722,10361,22952,11045,11907,20082,9663,10419,11475,5510,5965,2869,1382,1487,
57395,11478,5479,5999,20084,9723,10361,22953,11045,11908,20084,9664,10420,11476,5510,5966,2869,1382,1487,
57400,11479,5479,6000,20087,9724,10363,22957,11048,11909,20086,9664,10422,11477,5511,5966,2869,1382,1487,
57405,11479,5479,6000,20089,9724,10365,22957,11048,11909,20087,9664,10423,11477,5511,5966,2870,1383,1487,
57410,11481,5481,6000,20090,9724,10366,22960,11050,11910,20089,9665,10424,11479,5511,5968,2870,1383,1487,
57415,11482,5482,6000,20091,9724,10367,22961,11051,11910,20091,9666,10425,11480,5512,5968,2870,1383,1487,
57420,11483,5482,6001,20094,9725,10369,22965,11051,11914,20093,9666,10427,11481,5513,5968,2870,1383,1487,
57425,11483,5482,6001,20096,9726,10370,22965,11051,11914,20094,9666,10428,11481,5513,5968,2871,1384,1487,
57430,11485,5483,6002,20097,9726,10371,22968,11053,11915,20096,9667,10429,11483,5514,5969,2871,1384,1487,
57435,11486,5484,6002,20098,9726,10372,22969,11053,11916,20098,9667,10431,11484,5515,5969,2871,1384,1487,
57440,11487,5484,6003,20101,9727,10374,22973,11056,11917,20100,9668,10432,11485,5515,5970,2871,1384,1487,
57445,11487,5484,6003,20103,9728,10375,22973,11056,11917,20101,9669,10432,11485,5515,5970,2872,1384,1488,
57450,11489,5485,6004,20104,9729,10375,22976,11056,11920,20103,9670,10433,11487,5516,5971,2872,1384,1488,
57455,11490,5485,6005,20105,9729,10376,22977,11056,11921,20105,9671,10434,11488,5517,5971,2872,1384,1488,
57460,11491,5486,6005,20108,9732,10376,22981,11058,11923,20107,9673,10434,11489,5518,5971,2872,1384,1488,
57465,11491,5486,6005,20110,9733,10377,22981,11058,11923,20108,9673,10435,11489,5518,5971,2873,1385,1488,
57470,11493,5488,6005,20111,9734,10377,22984,11060,11924,20110,9673,10437,11491,5519,5972,2873,1385,1488,
57475,11494,5489,6005,20112,9735,10377,22985,11060,11925,20112,9674,10438,11492,5519,5973,2873,1385,1488,
57480,11495,5490,6005,20115,9736,10379,22989,11061,11928,20114,9675,10439,11493,5519,5974,2873,1385,1488,
57485,11495,5490,6005,20117,9736,10381,22989,11061,11928,20115,9675,10440,11493,5519,5974,2874,1385,1489,
57490,11497,5492,6005,20118,9736,10382,22992,11062,11930,20117,9676,10441,11495,5519,5976,2874,1385,1489,
57495,11498,5492,6006,20119,9737,10382,22993,11063,11930,20119,9677,10442,11496,5519,5977,2874,1385,1489,
57500,11499,5493,6006,20122,9738,10384,22997,11065,11932,20121,9677,10444,11497,5520,5977,2874,1385,1489,
57505,11499,5493,6006,20124,9738,10386,22997,11065,11932,20122,9677,10445,11497,5520,5977,2875,1386,1489,
57510,11501,5495,6006,20125,9739,10386,23000,11066,11934,20124,9678,10446,11499,5521,5978,2875,1386,1489,
57515,11502,5495,6007,20126,9739,10387,23001,11067,11934,20126,9679,10447,11500,5521,5979,2875,1386,1489,
57520,11503,5496,6007,20129,9740,10389,23005,11069,11936,20128,9679,10449,11501,5522,5979,2875,1386,1489,
57525,11503,5496,6007,20131,9742,10389,23005,11069,11936,20129,9679,10450,11501,5522,5979,2876,1386,1490,
57530,11505,5498,6007,20132,9743,10389,23008,11070,11938,20131,9680,10451,11503,5523,5980,2876,1386,1490,
57535,11506,5498,6008,20133,9744,10389,23009,11071,11938,20133,9680,10453,11504,5524,5980,2876,1386,1490,
57540,11507,5498,6009,20136,9745,10391,23013,11073,11940,20135,9680,10455,11505,5524,5981,2876,1386,1490,
57545,11507,5498,6009,20138,9747,10391,23013,11073,11940,20136,9681,10455,11505,5524,5981,2877,1387,1490,
57550,11509,5499,6010,20139,9748,10391,23016,11074,11942,20138,9682,10456,11507,5525,5982,2877,1387,1490,
57555,11510,5500,6010,20140,9749,10391,23017,11074,11943,20140,9683,10457,11508,5526,5982,2877,1387,1490,
57560,11511,5501,6010,20143,9750,10393,23021,11077,11944,20142,9683,10459,11509,5527,5982,2877,1387,1490,
57565,11511,5501,6010,20145,9752,10393,23021,11077,11944,20143,9683,10460,11509,5527,5982,2878,1388,1490,
57570,11513,5501,6012,20146,9753,10393,23024,11077,11947,20145,9684,10461,11511,5528,5983,2878,1388,1490,
57575,11514,5501,6013,20147,9754,10393,23025,11078,11947,20147,9686,10461,11512,5529,5983,2878,1388,1490,
57580,11515,5502,6013,20150,9755,10395,23029,11081,11948,20149,9687,10462,11513,5529,5984,2878,1388,1490,
57585,11515,5502,6013,20152,9757,10395,23029,11081,11948,20150,9688,10462,11513,5529,5984,2879,1388,1491,
57590,11517,5503,6014,20153,9757,10396,23032,11082,11950,20152,9689,10463,11515,5530,5985,2879,1388,1491,
57595,11518,5504,6014,20154,9757,10397,23033,11083,11950,20154,9691,10463,11516,5531,5985,2879,1388,1491,
57600,11519,5505,6014,20157,9759,10398,23037,11084,11953,20156,9692,10464,11517,5531,5986,2879,1388,1491,
57605,11519,5505,6014,20159,9759,10400,23037,11084,11953,20157,9693,10464,11517,5531,5986,2880,1389,1491,
57610,11521,5506,6015,20160,9759,10401,23040,11085,11955,20159,9693,10466,11519,5532,5987,2880,1389,1491,
57615,11522,5506,6016,20161,9760,10401,23041,11085,11956,20161,9694,10467,11520,5533,5987,2880,1389,1491,
57620,11523,5507,6016,20164,9762,10402,23045,11086,11959,20163,9695,10468,11521,5533,5988,2880,1389,1491,
57625,11523,5507,6016,20166,9764,10402,23045,11086,11959,20164,9695,10469,11521,5533,5988,2881,1389,1492,
57630,11525,5508,6017,20167,9764,10403,23048,11087,11961,20166,9695,10471,11523,5534,5989,2881,1389,1492,
57635,11526,5508,6018,20168,9765,10403,23049,11088,11961,20168,9696,10472,11524,5534,5990,2881,1389,1492,
57640,11527,5508,6019,20171,9766,10405,23053,11089,11964,20170,9698,10472,11525,5534,5991,2881,1389,1492,
57645,11527,5508,6019,20173,9766,10407,23053,11089,11964,20171,9698,10473,11525,5534,5991,2882,1390,1492,
57650,11529,5508,6021,20174,9766,10408,23056,11090,11966,20173,9700,10473,11527,5535,5992,2882,1390,1492,
57655,11530,5509,6021,20175,9767,10408,23057,11090,11967,20175,9701,10474,11528,5535,5993,2882,1390,1492,
57660,11531,5509,6022,20178,9769,10409,23061,11091,11970,20177,9701,10476,11529,5535,5994,2882,1390,1492,
57665,11531,5509,6022,20180,9770,10410,23061,11091,11970,20178,9702,10476,11529,5535,5994,2883,1390,1493,
57670,11533,5509,6024,20181,9770,10411,23064,11092,11972,20180,9704,10476,11531,5535,5996,2883,1390,1493,
57675,11534,5510,6024,20182,9771,10411,23065,11093,11972,20182,9705,10477,11532,5535,5997,2883,1390,1493,
57680,11535,5510,6025,20185,9774,10411,23069,11094,11975,20184,9706,10478,11533,5535,5998,2883,1390,1493,
57685,11535,5510,6025,20187,9774,10413,23069,11094,11975,20185,9706,10479,11533,5535,5998,2884,1391,1493,
57690,11537,5511,6026,20188,9775,10413,23072,11095,11977,20187,9707,10480,11535,5537,5998,2884,1391,1493,
57695,11538,5511,6027,20189,9776,10413,23073,11095,11978,20189,9708,10481,11536,5537,5999,2884,1391,1493,
57700,11539,5511,6028,20192,9777,10415,23077,11097,11980,20191,9709,10482,11537,5538,5999,2884,1391,1493,
57705,11539,5511,6028,20194,9777,10417,23077,11097,11980,20192,9709,10483,11537,5538,5999,2885,1392,1493,
57710,11541,5512,6029,20195,9777,10418,23080,11099,11981,20194,9710,10484,11539,5539,6000,2885,1392,1493,
57715,11542,5513,6029,20196,9777,10419,23081,11099,11982,20196,9710,10486,11540,5540,6000,2885,1392,1493,
57720,11543,5514,6029,20199,9777,10422,23085,11100,11985,20198,9712,10486,11541,5540,6001,2885,1392,1493,
57725,11543,5514,6029,20201,9778,10423,23085,11100,11985,20199,9713,10486,11541,5540,6001,2886,1393,1493,
57730,11545,5514,6031,20202,9778,10424,23088,11101,11987,20201,9713,10488,11543,5542,6001,2886,1393,1493,
57735,11546,5514,6032,20203,9778,10425,23089,11102,11987,20203,9715,10488,11544,5543,6001,2886,1393,1493,
57740,11547,5515,6032,20206,9779,10427,23093,11103,11990,20205,9717,10488,11545,5543,6002,2886,1393,1493,
57745,11547,5515,6032,20208,9780,10428,23093,11103,11990,20206,9718,10488,11545,5543,6002,2887,1393,1494,
57750,11549,5517,6032,20209,9781,10428,23096,11104,11992,20208,9718,10490,11547,5544,6003,2887,1393,1494,
57755,11550,5518,6032,20210,9782,10428,23097,11105,11992,20210,9720,10490,11548,5544,6004,2887,1393,1494,
57760,11551,5518,6033,20213,9784,10429,23101,11109,11992,20212,9722,10490,11549,5545,6004,2887,1393,1494,
57765,11551,5518,6033,20215,9785,10430,23101,11109,11992,20213,9723,10490,11549,5545,6004,2888,1394,1494,
57770,11553,5519,6034,20216,9785,10431,23104,11110,11994,20215,9724,10491,11551,5547,6004,2888,1394,1494,
57775,11554,5519,6035,20217,9786,10431,23105,11110,11995,20217,9725,10492,11552,5548,6004,2888,1394,1494,
57780,11555,5520,6035,20220,9789,10431,23109,11111,11998,20219,9727,10492,11553,5549,6004,2888,1394,1494,
57785,11555,5520,6035,20222,9791,10431,23109,11111,11998,20220,9728,10492,11553,5549,6004,2889,1395,1494,
57790,11557,5521,6036,20223,9792,10431,23112,11112,12000,20222,9730,10492,11555,5550,6005,2889,1395,1494,
57795,11558,5521,6037,20224,9793,10431,23113,11112,12001,20224,9731,10493,11556,5550,6006,2889,1395,1494,
57800,11559,5521,6038,20227,9796,10431,23117,11114,12003,20226,9731,10495,11557,5551,6006,2889,1395,1494,
57805,11559,5521,6038,20229,9797,10432,23117,11114,12003,20227,9731,10496,11557,5551,6006,2890,1396,1494,
57810,11561,5522,6039,20230,9797,10433,23120,11115,12005,20229,9732,10497,11559,5553,6006,2890,1396,1494,
57815,11562,5523,6039,20231,9797,10434,23121,11116,12005,20231,9734,10497,11560,5553,6007,2890,1396,1494,
57820,11563,5524,6039,20234,9799,10435,23125,11118,12007,20233,9736,10497,11561,5553,6008,2890,1396,1494,
57825,11563,5524,6039,20236,9800,10436,23125,11118,12007,20234,9737,10497,11561,5553,6008,2891,1397,1494,
57830,11565,5524,6041,20237,9801,10436,23128,11120,12008,20236,9739,10497,11563,5554,6009,2891,1397,1494,
57835,11566,5525,6041,20238,9801,10437,23129,11120,12009,20238,9741,10497,11564,5554,6010,2891,1397,1494,
57840,11567,5526,6041,20241,9802,10439,23133,11121,12012,20240,9742,10498,11565,5554,6011,2891,1397,1494,
57845,11567,5526,6041,20243,9803,10440,23133,11121,12012,20241,9742,10499,11565,5554,6011,2892,1398,1494,
57850,11569,5527,6042,20244,9804,10440,23136,11121,12015,20243,9743,10500,11567,5555,6012,2892,1398,1494,
57855,11570,5527,6043,20245,9804,10441,23137,11122,12015,20245,9745,10500,11568,5556,6012,2892,1398,1494,
57860,11571,5527,6044,20248,9804,10444,23141,11125,12016,20247,9747,10500,11569,5557,6012,2892,1398,1494,
57865,11571,5527,6044,20250,9806,10444,23141,11125,12016,20248,9747,10501,11569,5557,6012,2893,1398,1495,
57870,11573,5528,6045,20251,9806,10445,23144,11126,12018,20250,9749,10501,11571,5558,6013,2893,1398,1495,
57875,11574,5528,6046,20252,9807,10445,23145,11126,12019,20252,9749,10503,11572,5559,6013,2893,1398,1495,
57880,11575,5528,6047,20255,9809,10446,23149,11129,12020,20254,9749,10505,11573,5559,6014,2893,1398,1495,
57885,11575,5528,6047,20257,9810,10447,23149,11129,12020,20255,9749,10506,11573,5559,6014,2894,1399,1495,
57890,11577,5528,6049,20258,9810,10448,23152,11130,12022,20257,9750,10507,11575,5559,6016,2894,1399,1495,
57895,11578,5528,6050,20259,9810,10449,23153,11131,12022,20259,9752,10507,11576,5560,6016,2894,1399,1495,
57900,11579,5528,6051,20262,9812,10450,23157,11134,12023,20261,9753,10508,11577,5560,6017,2894,1399,1495,
57905,11579,5528,6051,20264,9812,10452,23157,11134,12023,20262,9753,10509,11577,5560,6017,2895,1400,1495,
57910,11581,5529,6052,20265,9813,10452,23160,11135,12025,20264,9754,10510,11579,5562,6017,2895,1400,1495,
57915,11582,5529,6053,20266,9813,10453,23161,11135,12026,20266,9754,10512,11580,5563,6017,2895,1400,1495,
57920,11583,5529,6054,20269,9815,10454,23165,11139,12026,20268,9755,10513,11581,5563,6018,2895,1400,1495,
57925,11583,5529,6054,20271,9815,10456,23165,11139,12026,20269,9756,10513,11581,5563,6018,2896,1401,1495,
57930,11585,5530,6055,20272,9816,10456,23168,11141,12027,20271,9757,10514,11583,5564,6019,2896,1401,1495,
57935,11586,5531,6055,20273,9816,10457,23169,11141,12028,20273,9758,10515,11584,5564,6020,2896,1401,1495,
57940,11587,5532,6055,20276,9818,10458,23173,11145,12028,20275,9760,10515,11585,5565,6020,2896,1401,1495,
57945,11587,5532,6055,20278,9818,10460,23173,11145,12028,20276,9761,10515,11585,5565,6020,2897,1402,1495,
57950,11589,5533,6056,20279,9819,10460,23176,11146,12030,20278,9763,10515,11587,5565,6022,2897,1402,1495,
57955,11590,5534,6056,20280,9820,10460,23177,11147,12030,20280,9763,10517,11588,5566,6022,2897,1402,1495,
57960,11591,5535,6056,20283,9821,10462,23181,11149,12032,20282,9763,10519,11589,5567,6022,2897,1402,1495,
57965,11591,5535,6056,20285,9821,10464,23181,11149,12032,20283,9764,10519,11589,5567,6022,2898,1402,1496,
57970,11593,5536,6057,20286,9821,10465,23184,11150,12034,20285,9765,10520,11591,5569,6022,2898,1402,1496,
57975,11594,5536,6058,20287,9821,10466,23185,11150,12035,20287,9765,10522,11592,5569,6023,2898,1402,1496,
57980,11595,5536,6059,20290,9824,10466,23189,11151,12038,20289,9765,10524,11593,5569,6024,2898,1402,1496,
57985,11595,5536,6059,20292,9826,10466,23189,11151,12038,20290,9766,10524,11593,5569,6024,2899,1402,1497,
57990,11597,5538,6059,20293,9826,10467,23192,11153,12039,20292,9767,10525,11595,5571,6024,2899,1402,1497,
57995,11598,5538,6060,20294,9827,10467,23193,11153,12040,20294,9767,10527,11596,5572,6024,2899,1402,1497,
58000,11599,5538,6061,20297,9830,10467,23197,11156,12041,20296,9767,10529,11597,5573,6024,2899,1402,1497,
58005,11599,5538,6061,20299,9830,10469,23197,11156,12041,20297,9767,10530,11597,5573,6024,2900,1402,1498,
58010,11601,5539,6062,20300,9830,10470,23200,11156,12044,20299,9767,10532,11599,5574,6025,2900,1402,1498,
58015,11602,5540,6062,20301,9831,10470,23201,11157,12044,20301,9768,10533,11600,5575,6025,2900,1402,1498,
58020,11603,5540,6063,20304,9833,10471,23205,11159,12046,20303,9769,10534,11601,5576,6025,2900,1402,1498,
58025,11603,5540,6063,20306,9834,10472,23205,11159,12046,20304,9769,10535,11601,5576,6025,2901,1403,1498,
58030,11605,5542,6063,20307,9835,10472,23208,11160,12048,20306,9769,10537,11603,5577,6026,2901,1403,1498,
58035,11606,5543,6063,20308,9836,10472,23209,11161,12048,20308,9769,10539,11604,5578,6026,2901,1403,1498,
58040,11607,5544,6063,20311,9839,10472,23213,11164,12049,20310,9769,10541,11605,5579,6026,2901,1403,1498,
58045,11607,5544,6063,20313,9839,10474,23213,11164,12049,20311,9769,10542,11605,5579,6026,2902,1404,1498,
58050,11609,5545,6064,20314,9839,10475,23216,11164,12052,20313,9771,10542,11607,5580,6027,2902,1404,1498,
58055,11610,5546,6064,20315,9840,10475,23217,11164,12053,20315,9772,10543,11608,5581,6027,2902,1404,1498,
58060,11611,5546,6065,20318,9841,10477,23221,11166,12055,20317,9772,10545,11609,5581,6028,2902,1404,1498,
58065,11611,5546,6065,20320,9842,10478,23221,11166,12055,20318,9773,10545,11609,5581,6028,2903,1404,1499,
58070,11613,5547,6066,20321,9842,10479,23224,11167,12057,20320,9773,10547,11611,5581,6030,2903,1404,1499,
58075,11614,5547,6067,20322,9842,10480,23225,11168,12057,20322,9773,10549,11612,5582,6030,2903,1404,1499,
58080,11615,5548,6067,20325,9845,10480,23229,11172,12057,20324,9774,10550,11613,5582,6031,2903,1404,1499,
58085,11615,5548,6067,20327,9845,10482,23229,11172,12057,20325,9775,10550,11613,5582,6031,2904,1404,1500,
58090,11617,5549,6068,20328,9846,10482,23232,11174,12058,20327,9776,10551,11615,5584,6031,2904,1404,1500,
58095,11618,5550,6068,20329,9847,10482,23233,11175,12058,20329,9777,10552,11616,5584,6032,2904,1404,1500,
58100,11619,5550,6069,20332,9848,10484,23237,11176,12061,20331,9778,10553,11617,5584,6033,2904,1404,1500,
58105,11619,5550,6069,20334,9849,10485,23237,11176,12061,20332,9779,10553,11617,5584,6033,2905,1404,1501,
58110,11621,5552,6069,20335,9849,10486,23240,11176,12064,20334,9780,10554,11619,5585,6034,2905,1404,1501,
58115,11622,5552,6070,20336,9850,10486,23241,11176,12065,20336,9781,10555,11620,5585,6035,2905,1404,1501,
58120,11623,5553,6070,20339,9851,10488,23245,11177,12068,20338,9783,10555,11621,5585,6036,2905,1404,1501,
58125,11623,5553,6070,20341,9852,10489,23245,11177,12068,20339,9784,10555,11621,5585,6036,2906,1404,1502,
58130,11625,5555,6070,20342,9852,10490,23248,11179,12069,20341,9784,10557,11623,5586,6037,2906,1404,1502,
58135,11626,5556,6070,20343,9853,10490,23249,11179,12070,20343,9786,10557,11624,5586,6038,2906,1404,1502,
58140,11627,5557,6070,20346,9854,10492,23253,11181,12072,20345,9787,10558,11625,5587,6038,2906,1404,1502,
58145,11627,5557,6070,20348,9856,10492,23253,11181,12072,20346,9787,10559,11625,5587,6038,2907,1404,1503,
58150,11629,5559,6070,20349,9857,10492,23256,11182,12074,20348,9789,10559,11627,5588,6039,2907,1404,1503,
58155,11630,5560,6070,20350,9857,10493,23257,11183,12074,20350,9790,10560,11628,5588,6040,2907,1404,1503,
58160,11631,5560,6071,20353,9858,10495,23261,11186,12075,20352,9791,10561,11629,5588,6041,2907,1404,1503,
58165,11631,5560,6071,20355,9859,10496,23261,11186,12075,20353,9792,10561,11629,5588,6041,2908,1404,1504,
58170,11633,5562,6071,20356,9859,10497,23264,11188,12076,20355,9794,10561,11631,5589,6042,2908,1404,1504,
58175,11634,5563,6071,20357,9860,10497,23265,11189,12076,20357,9795,10562,11632,5590,6042,2908,1404,1504,
58180,11635,5564,6071,20360,9862,10498,23269,11191,12078,20359,9795,10564,11633,5590,6043,2908,1404,1504,
58185,11635,5564,6071,20362,9863,10499,23269,11191,12078,20360,9795,10565,11633,5590,6043,2909,1404,1505,
58190,11637,5564,6073,20363,9863,10500,23272,11192,12080,20362,9796,10566,11635,5590,6045,2909,1404,1505,
58195,11638,5565,6073,20364,9864,10500,23273,11192,12081,20364,9797,10567,11636,5590,6046,2909,1404,1505,
58200,11639,5566,6073,20367,9865,10502,23277,11194,12083,20366,9798,10568,11637,5590,6047,2909,1404,1505,
58205,11639,5566,6073,20369,9866,10503,23277,11194,12083,20367,9798,10569,11637,5590,6047,2910,1405,1505,
58210,11641,5566,6075,20370,9867,10503,23280,11195,12085,20369,9799,10570,11639,5590,6049,2910,1405,1505,
58215,11642,5567,6075,20371,9867,10504,23281,11195,12086,20371,9799,10572,11640,5590,6050,2910,1405,1505,
58220,11643,5568,6075,20374,9868,10506,23285,11197,12088,20373,9799,10574,11641,5590,6051,2910,1405,1505,
58225,11643,5568,6075,20376,9868,10508,23285,11197,12088,20374,9800,10574,11641,5590,6051,2911,1406,1505,
58230,11645,5569,6076,20377,9868,10509,23288,11197,12091,20376,9800,10576,11643,5592,6051,2911,1406,1505,
58235,11646,5569,6077,20378,9868,10510,23289,11197,12092,20378,9800,10578,11644,5593,6051,2911,1406,1505,
58240,11647,5569,6078,20381,9868,10513,23293,11197,12096,20380,9801,10579,11645,5594,6051,2911,1406,1505,
58245,11647,5569,6078,20383,9868,10515,23293,11197,12096,20381,9802,10579,11645,5594,6051,2912,1407,1505,
58250,11649,5569,6080,20384,9868,10516,23296,11199,12097,20383,9802,10581,11647,5595,6052,2912,1407,1505,
58255,11650,5570,6080,20385,9868,10517,23297,11200,12097,20385,9804,10581,11648,5596,6052,2912,1407,1505,
58260,11651,5570,6081,20388,9871,10517,23301,11201,12100,20387,9805,10582,11649,5596,6053,2912,1407,1505,
58265,11651,5570,6081,20390,9871,10519,23301,11201,12100,20388,9805,10583,11649,5596,6053,2913,1408,1505,
58270,11653,5571,6082,20391,9871,10520,23304,11202,12102,20390,9807,10583,11651,5598,6053,2913,1408,1505,
58275,11654,5572,6082,20392,9871,10521,23305,11203,12102,20392,9808,10584,11652,5598,6054,2913,1408,1505,
58280,11655,5572,6083,20395,9872,10523,23309,11204,12105,20394,9810,10584,11653,5598,6055,2913,1408,1505,
58285,11655,5572,6083,20397,9873,10524,23309,11204,12105,20395,9811,10584,11653,5598,6055,2914,1409,1505,
58290,11657,5573,6084,20398,9873,10525,23312,11206,12106,20397,9812,10585,11655,5600,6055,2914,1409,1505,
58295,11658,5573,6085,20399,9873,10526,23313,11207,12106,20399,9813,10586,11656,5600,6056,2914,1409,1505,
58300,11659,5574,6085,20402,9874,10528,23317,11209,12108,20401,9815,10586,11657,5601,6056,2914,1409,1505,
58305,11659,5574,6085,20404,9874,10530,23317,11209,12108,20402,9815,10587,11657,5601,6056,2915,1409,1506,
58310,11661,5574,6087,20405,9874,10531,23320,11210,12110,20404,9816,10588,11659,5602,6057,2915,1409,1506,
58315,11662,5574,6088,20406,9875,10531,23321,11211,12110,20406,9816,10590,11660,5602,6058,2915,1409,1506,
58320,11663,5574,6089,20409,9876,10533,23325,11212,12113,20408,9817,10591,11661,5602,6059,2915,1409,1506,
58325,11663,5574,6089,20411,9876,10535,23325,11212,12113,20409,9817,10592,11661,5602,6059,2916,1409,1507,
58330,11665,5575,6090,20412,9876,10536,23328,11214,12114,20411,9818,10593,11663,5604,6059,2916,1409,1507,
58335,11666,5576,6090,20413,9876,10537,23329,11214,12115,20413,9818,10595,11664,5605,6059,2916,1409,1507,
58340,11667,5576,6091,20416,9877,10539,23333,11215,12118,20415,9819,10596,11665,5606,6059,2916,1409,1507,
58345,11667,5576,6091,20418,9878,10540,23333,11215,12118,20416,9820,10596,11665,5606,6059,2917,1410,1507,
58350,11669,5578,6091,20419,9878,10541,23336,11217,12119,20418,9821,10597,11667,5608,6059,2917,1410,1507,
58355,11670,5579,6091,20420,9878,10542,23337,11218,12119,20420,9823,10597,11668,5608,6060,2917,1410,1507,
58360,11671,5580,6091,20423,9880,10543,23341,11220,12121,20422,9823,10599,11669,5608,6061,2917,1410,1507,
58365,11671,5580,6091,20425,9881,10544,23341,11220,12121,20423,9824,10599,11669,5608,6061,2918,1411,1507,
58370,11673,5582,6091,20426,9881,10545,23344,11222,12122,20425,9825,10600,11671,5609,6062,2918,1411,1507,
58375,11674,5582,6092,20427,9881,10546,23345,11222,12123,20427,9825,10602,11672,5610,6062,2918,1411,1507,
58380,11675,5583,6092,20430,9884,10546,23349,11222,12127,20429,9827,10602,11673,5611,6062,2918,1411,1507,
58385,11675,5583,6092,20432,9885,10547,23349,11222,12127,20430,9827,10603,11673,5611,6062,2919,1412,1507,
58390,11677,5584,6093,20433,9885,10548,23352,11222,12130,20432,9829,10603,11675,5613,6062,2919,1412,1507,
58395,11678,5585,6093,20434,9886,10548,23353,11223,12130,20434,9830,10604,11676,5613,6063,2919,1412,1507,
58400,11679,5586,6093,20437,9888,10549,23357,11226,12131,20436,9830,10606,11677,5613,6064,2919,1412,1507,
58405,11679,5586,6093,20439,9889,10550,23357,11226,12131,20437,9831,10606,11677,5613,6064,2920,1413,1507,
58410,11681,5586,6095,20440,9890,10550,23360,11228,12132,20439,9832,10607,11679,5614,6065,2920,1413,1507,
58415,11682,5586,6096,20441,9891,10550,23361,11229,12132,20441,9832,10609,11680,5615,6065,2920,1413,1507,
58420,11683,5587,6096,20444,9892,10552,23365,11230,12135,20443,9833,10610,11681,5616,6065,2920,1413,1507,
58425,11683,5587,6096,20446,9893,10553,23365,11230,12135,20444,9834,10610,11681,5616,6065,2921,1414,1507,
58430,11685,5588,6097,20447,9894,10553,23368,11233,12135,20446,9835,10611,11683,5617,6066,2921,1414,1507,
58435,11686,5588,6098,20448,9895,10553,23369,11233,12136,20448,9835,10613,11684,5618,6066,2921,1414,1507,
58440,11687,5588,6099,20451,9896,10555,23373,11235,12138,20450,9836,10614,11685,5618,6067,2921,1414,1507,
58445,11687,5588,6099,20453,9896,10557,23373,11235,12138,20451,9837,10614,11685,5618,6067,2922,1414,1508,
58450,11689,5590,6099,20454,9897,10557,23376,11237,12139,20453,9837,10616,11687,5619,6068,2922,1414,1508,
58455,11690,5591,6099,20455,9897,10558,23377,11237,12140,20455,9837,10618,11688,5620,6068,2922,1414,1508,
58460,11691,5592,6099,20458,9898,10560,23381,11239,12142,20457,9837,10620,11689,5620,6069,2922,1414,1508,
58465,11691,5592,6099,20460,9899,10561,23381,11239,12142,20458,9837,10621,11689,5620,6069,2923,1414,1509,
58470,11693,5593,6100,20461,9900,10561,23384,11240,12144,20460,9837,10623,11691,5620,6071,2923,1414,1509,
58475,11694,5593,6101,20462,9900,10562,23385,11241,12144,20462,9837,10625,11692,5621,6071,2923,1414,1509,
58480,11695,5593,6102,20465,9902,10563,23389,11244,12145,20464,9838,10626,11693,5621,6072,2923,1414,1509,
58485,11695,5593,6102,20467,9903,10564,23389,11244,12145,20465,9838,10627,11693,5621,6072,2924,1414,1510,
58490,11697,5594,6103,20468,9904,10564,23392,11245,12147,20467,9839,10628,11695,5621,6074,2924,1414,1510,
58495,11698,5594,6104,20469,9904,10565,23393,11246,12147,20469,9840,10629,11696,5622,6074,2924,1414,1510,
58500,11699,5595,6104,20472,9906,10566,23397,11247,12150,20471,9842,10629,11697,5623,6074,2924,1414,1510,
58505,11699,5595,6104,20474,9907,10567,23397,11247,12150,20472,9843,10629,11697,5623,6074,2925,1414,1511,
58510,11701,5597,6104,20475,9907,10568,23400,11250,12150,20474,9845,10629,11699,5624,6075,2925,1414,1511,
58515,11702,5598,6104,20476,9907,10569,23401,11250,12151,20476,9845,10631,11700,5625,6075,2925,1414,1511,
58520,11703,5599,6104,20479,9908,10571,23405,11251,12154,20478,9846,10632,11701,5625,6076,2925,1414,1511,
58525,11703,5599,6104,20481,9910,10571,23405,11251,12154,20479,9846,10633,11701,5625,6076,2926,1414,1512,
58530,11705,5600,6105,20482,9910,10572,23408,11254,12154,20481,9846,10635,11703,5625,6078,2926,1414,1512,
58535,11706,5601,6105,20483,9910,10573,23409,11254,12155,20483,9847,10636,11704,5626,6078,2926,1414,1512,
58540,11707,5602,6105,20486,9911,10575,23413,11256,12157,20485,9849,10636,11705,5627,6078,2926,1414,1512,
58545,11707,5602,6105,20488,9912,10576,23413,11256,12157,20486,9850,10636,11705,5627,6078,2927,1414,1513,
58550,11709,5604,6105,20489,9912,10577,23416,11258,12158,20488,9851,10637,11707,5627,6080,2927,1414,1513,
58555,11710,5605,6105,20490,9912,10578,23417,11258,12159,20490,9853,10637,11708,5628,6080,2927,1414,1513,
58560,11711,5605,6106,20493,9913,10580,23421,11259,12162,20492,9854,10638,11709,5628,6081,2927,1414,1513,
58565,11711,5605,6106,20495,9914,10581,23421,11259,12162,20493,9854,10639,11709,5628,6081,2928,1414,1514,
58570,11713,5605,6108,20496,9914,10582,23424,11261,12163,20495,9856,10639,11711,5628,6083,2928,1414,1514,
58575,11714,5605,6109,20497,9915,10582,23425,11262,12163,20497,9856,10641,11712,5629,6083,2928,1414,1514,
58580,11715,5606,6109,20500,9917,10583,23429,11264,12165,20499,9856,10643,11713,5629,6084,2928,1414,1514,
58585,11715,5606,6109,20502,9919,10583,23429,11264,12165,20500,9856,10644,11713,5629,6084,2929,1414,1515,
58590,11717,5607,6110,20503,9920,10583,23432,11265,12167,20502,9856,10646,11715,5630,6085,2929,1414,1515,
58595,11718,5608,6110,20504,9921,10583,23433,11266,12167,20504,9856,10648,11716,5630,6086,2929,1414,1515,
58600,11719,5609,6110,20507,9921,10586,23437,11267,12170,20506,9858,10648,11717,5631,6086,2929,1414,1515,
58605,11719,5609,6110,20509,9923,10586,23437,11267,12170,20507,9858,10649,11717,5631,6086,2930,1414,1516,
58610,11721,5609,6112,20510,9924,10586,23440,11270,12170,20509,9858,10651,11719,5632,6087,2930,1414,1516,
58615,11722,5609,6113,20511,9925,10586,23441,11271,12170,20511,9859,10652,11720,5633,6087,2930,1414,1516,
58620,11723,5610,6113,20514,9927,10587,23445,11272,12173,20513,9860,10653,11721,5633,6088,2930,1414,1516,
58625,11723,5610,6113,20516,9928,10588,23445,11272,12173,20514,9860,10654,11721,5633,6088,2931,1414,1517,
58630,11725,5610,6115,20517,9928,10589,23448,11272,12176,20516,9860,10656,11723,5634,6089,2931,1414,1517,
58635,11726,5611,6115,20518,9928,10590,23449,11272,12177,20518,9862,10656,11724,5634,6090,2931,1414,1517,
58640,11727,5611,6116,20521,9929,10592,23453,11274,12179,20520,9862,10658,11725,5635,6090,2931,1414,1517,
58645,11727,5611,6116,20523,9929,10594,23453,11274,12179,20521,9862,10659,11725,5635,6090,2932,1415,1517,
58650,11729,5613,6116,20524,9929,10595,23456,11276,12180,20523,9862,10661,11727,5636,6091,2932,1415,1517,
58655,11730,5613,6117,20525,9930,10595,23457,11276,12181,20525,9862,10663,11728,5637,6091,2932,1415,1517,
58660,11731,5614,6117,20528,9932,10596,23461,11279,12182,20527,9863,10664,11729,5637,6092,2932,1415,1517,
58665,11731,5614,6117,20530,9934,10596,23461,11279,12182,20528,9864,10664,11729,5637,6092,2933,1415,1518,
58670,11733,5614,6119,20531,9934,10597,23464,11280,12184,20530,9864,10666,11731,5637,6094,2933,1415,1518,
58675,11734,5615,6119,20532,9934,10598,23465,11280,12185,20532,9865,10667,11732,5637,6095,2933,1415,1518,
58680,11735,5616,6119,20535,9937,10598,23469,11283,12186,20534,9867,10667,11733,5637,6096,2933,1415,1518,
58685,11735,5616,6119,20537,9938,10599,23469,11283,12186,20535,9867,10668,11733,5637,6096,2934,1415,1519,
58690,11737,5616,6121,20538,9939,10599,23472,11284,12188,20537,9868,10669,11735,5639,6096,2934,1415,1519,
58695,11738,5617,6121,20539,9939,10600,23473,11285,12188,20539,9869,10670,11736,5639,6097,2934,1415,1519,
58700,11739,5618,6121,20542,9941,10601,23477,11285,12192,20541,9871,10670,11737,5640,6097,2934,1415,1519,
58705,11739,5618,6121,20544,9942,10602,23477,11285,12192,20542,9871,10671,11737,5640,6097,2935,1416,1519,
58710,11741,5619,6122,20545,9942,10603,23480,11285,12195,20544,9872,10672,11739,5641,6098,2935,1416,1519,
58715,11742,5620,6122,20546,9942,10604,23481,11285,12196,20546,9872,10674,11740,5641,6099,2935,1416,1519,
58720,11743,5621,6122,20549,9944,10605,23485,11287,12198,20548,9873,10675,11741,5642,6099,2935,1416,1519,
58725,11743,5621,6122,20551,9944,10607,23485,11287,12198,20549,9873,10676,11741,5642,6099,2936,1417,1519,
58730,11745,5622,6123,20552,9945,10607,23488,11288,12200,20551,9874,10677,11743,5642,6101,2936,1417,1519,
58735,11746,5623,6123,20553,9946,10607,23489,11288,12201,20553,9875,10678,11744,5642,6102,2936,1417,1519,
58740,11747,5623,6124,20556,9946,10610,23493,11291,12202,20555,9875,10680,11745,5643,6102,2936,1417,1519,
58745,11747,5623,6124,20558,9947,10611,23493,11291,12202,20556,9876,10680,11745,5643,6102,2937,1418,1519,
58750,11749,5625,6124,20559,9947,10612,23496,11294,12202,20558,9877,10681,11747,5643,6104,2937,1418,1519,
58755,11750,5626,6124,20560,9947,10613,23497,11294,12203,20560,9878,10682,11748,5643,6105,2937,1418,1519,
58760,11751,5626,6125,20563,9950,10613,23501,11296,12205,20562,9879,10683,11749,5644,6105,2937,1418,1519,
58765,11751,5626,6125,20565,9950,10615,23501,11296,12205,20563,9880,10683,11749,5644,6105,2938,1419,1519,
58770,11753,5627,6126,20566,9950,10616,23504,11297,12207,20565,9881,10684,11751,5646,6105,2938,1419,1519,
58775,11754,5628,6126,20567,9951,10616,23505,11297,12208,20567,9883,10684,11752,5647,6105,2938,1419,1519,
58780,11755,5628,6127,20570,9953,10617,23509,11300,12209,20569,9883,10686,11753,5648,6105,2938,1419,1519,
58785,11755,5628,6127,20572,9954,10618,23509,11300,12209,20570,9883,10687,11753,5648,6105,2939,1419,1520,
58790,11757,5629,6128,20573,9955,10618,23512,11302,12210,20572,9884,10688,11755,5648,6107,2939,1419,1520,
58795,11758,5629,6129,20574,9955,10619,23513,11302,12211,20574,9884,10690,11756,5649,6107,2939,1419,1520,
58800,11759,5629,6130,20577,9956,10621,23517,11306,12211,20576,9885,10691,11757,5649,6108,2939,1419,1520,
58805,11759,5629,6130,20579,9957,10622,23517,11306,12211,20577,9886,10691,11757,5649,6108,2940,1420,1520,
58810,11761,5630,6131,20580,9958,10622,23520,11306,12214,20579,9887,10692,11759,5650,6109,2940,1420,1520,
58815,11762,5631,6131,20581,9959,10622,23521,11307,12214,20581,9889,10692,11760,5650,6110,2940,1420,1520,
58820,11763,5632,6131,20584,9959,10625,23525,11310,12215,20583,9890,10693,11761,5651,6110,2940,1420,1520,
58825,11763,5632,6131,20586,9960,10626,23525,11310,12215,20584,9890,10694,11761,5651,6110,2941,1421,1520,
58830,11765,5632,6133,20587,9960,10627,23528,11310,12218,20586,9890,10696,11763,5653,6110,2941,1421,1520,
58835,11766,5633,6133,20588,9960,10628,23529,11310,12219,20588,9891,10697,11764,5654,6110,2941,1421,1520,
58840,11767,5634,6133,20591,9960,10631,23533,11312,12221,20590,9892,10698,11765,5654,6111,2941,1421,1520,
58845,11767,5634,6133,20593,9962,10631,23533,11312,12221,20591,9893,10698,11765,5654,6111,2942,1422,1520,
58850,11769,5635,6134,20594,9963,10631,23536,11312,12224,20593,9894,10699,11767,5654,6113,2942,1422,1520,
58855,11770,5636,6134,20595,9964,10631,23537,11312,12225,20595,9896,10699,11768,5655,6113,2942,1422,1520,
58860,11771,5636,6135,20598,9966,10632,23541,11316,12225,20597,9897,10700,11769,5655,6114,2942,1422,1520,
58865,11771,5636,6135,20600,9966,10634,23541,11316,12225,20598,9897,10701,11769,5655,6114,2943,1423,1520,
58870,11773,5637,6136,20601,9966,10635,23544,11318,12226,20600,9897,10703,11771,5655,6116,2943,1423,1520,
58875,11774,5637,6137,20602,9967,10635,23545,11319,12226,20602,9899,10703,11772,5656,6116,2943,1423,1520,
58880,11775,5638,6137,20605,9968,10637,23549,11321,12228,20604,9901,10703,11773,5656,6117,2943,1423,1520,
58885,11775,5638,6137,20607,9970,10637,23549,11321,12228,20605,9902,10703,11773,5656,6117,2944,1423,1521,
58890,11777,5640,6137,20608,9971,10637,23552,11323,12229,20607,9902,10705,11775,5658,6117,2944,1423,1521,
58895,11778,5641,6137,20609,9972,10637,23553,11324,12229,20609,9904,10705,11776,5659,6117,2944,1423,1521,
58900,11779,5642,6137,20612,9975,10637,23557,11326,12231,20611,9905,10706,11777,5660,6117,2944,1423,1521,
58905,11779,5642,6137,20614,9976,10638,23557,11326,12231,20612,9906,10706,11777,5660,6117,2945,1423,1522,
58910,11781,5644,6137,20615,9976,10639,23560,11329,12231,20614,9906,10708,11779,5661,6118,2945,1423,1522,
58915,11782,5644,6138,20616,9976,10640,23561,11330,12231,20616,9907,10709,11780,5662,6118,2945,1423,1522,
58920,11783,5645,6138,20619,9976,10643,23565,11332,12233,20618,9908,10710,11781,5662,6119,2945,1423,1522,
58925,11783,5645,6138,20621,9978,10643,23565,11332,12233,20619,9908,10711,11781,5662,6119,2946,1423,1523,
58930,11785,5647,6138,20622,9978,10644,23568,11334,12234,20621,9909,10712,11783,5664,6119,2946,1423,1523,
58935,11786,5648,6138,20623,9979,10644,23569,11335,12234,20623,9909,10714,11784,5664,6120,2946,1423,1523,
58940,11787,5649,6138,20626,9982,10644,23573,11337,12236,20625,9910,10715,11785,5664,6121,2946,1423,1523,
58945,11787,5649,6138,20628,9983,10645,23573,11337,12236,20626,9911,10715,11785,5664,6121,2947,1423,1524,
58950,11789,5649,6140,20629,9984,10645,23576,11338,12238,20628,9911,10717,11787,5665,6122,2947,1423,1524,
58955,11790,5649,6141,20630,9985,10645,23577,11339,12238,20630,9912,10718,11788,5666,6122,2947,1423,1524,
58960,11791,5649,6142,20633,9986,10647,23581,11341,12240,20632,9913,10719,11789,5667,6122,2947,1423,1524,
58965,11791,5649,6142,20635,9986,10649,23581,11341,12240,20633,9913,10720,11789,5667,6122,2948,1424,1524,
58970,11793,5651,6142,20636,9987,10649,23584,11342,12242,20635,9914,10721,11791,5668,6123,2948,1424,1524,
58975,11794,5651,6143,20637,9987,10650,23585,11343,12242,20637,9915,10722,11792,5669,6123,2948,1424,1524,
58980,11795,5652,6143,20640,9988,10652,23589,11345,12244,20639,9916,10723,11793,5670,6123,2948,1424,1524,
58985,11795,5652,6143,20642,9988,10654,23589,11345,12244,20640,9916,10724,11793,5670,6123,2949,1424,1525,
58990,11797,5653,6144,20643,9989,10654,23592,11347,12245,20642,9917,10725,11795,5671,6124,2949,1424,1525,
58995,11798,5653,6145,20644,9990,10654,23593,11347,12246,20644,9917,10727,11796,5672,6124,2949,1424,1525,
59000,11799,5653,6146,20647,9990,10657,23597,11349,12248,20646,9918,10728,11797,5673,6124,2949,1424,1525,
59005,11799,5653,6146,20649,9991,10658,23597,11349,12248,20647,9919,10728,11797,5673,6124,2950,1424,1526,
59010,11801,5654,6147,20650,9991,10659,23600,11350,12250,20649,9920,10729,11799,5673,6126,2950,1424,1526,
59015,11802,5654,6148,20651,9991,10660,23601,11350,12251,20651,9921,10730,11800,5674,6126,2950,1424,1526,
59020,11803,5655,6148,20654,9992,10662,23605,11353,12252,20653,9921,10732,11801,5674,6127,2950,1424,1526,
59025,11803,5655,6148,20656,9994,10662,23605,11353,12252,20654,9921,10733,11801,5674,6127,2951,1425,1526,
59030,11805,5657,6148,20657,9995,10662,23608,11355,12253,20656,9923,10733,11803,5675,6128,2951,1425,1526,
59035,11806,5657,6149,20658,9996,10662,23609,11356,12253,20658,9925,10733,11804,5676,6128,2951,1425,1526,
59040,11807,5658,6149,20661,9997,10664,23613,11359,12254,20660,9926,10734,11805,5676,6129,2951,1425,1526,
59045,11807,5658,6149,20663,9998,10665,23613,11359,12254,20661,9926,10735,11805,5676,6129,2952,1425,1527,
59050,11809,5660,6149,20664,9998,10666,23616,11360,12256,20663,9926,10737,11807,5678,6129,2952,1425,1527,
59055,11810,5661,6149,20665,9998,10667,23617,11360,12257,20665,9927,10738,11808,5678,6130,2952,1425,1527,
59060,11811,5662,6149,20668,9998,10670,23621,11361,12260,20667,9929,10738,11809,5679,6130,2952,1425,1527,
59065,11811,5662,6149,20670,9999,10671,23621,11361,12260,20668,9930,10738,11809,5679,6130,2953,1425,1528,
59070,11813,5663,6150,20671,9999,10672,23624,11363,12261,20670,9931,10739,11811,5680,6131,2953,1425,1528,
59075,11814,5664,6150,20672,9999,10673,23625,11363,12262,20672,9933,10739,11812,5681,6131,2953,1425,1528,
59080,11815,5665,6150,20675,10002,10673,23629,11365,12264,20674,9934,10740,11813,5681,6132,2953,1425,1528,
59085,11815,5665,6150,20677,10003,10674,23629,11365,12264,20675,9935,10740,11813,5681,6132,2954,1425,1529,
59090,11817,5666,6151,20678,10003,10675,23632,11366,12266,20677,9936,10741,11815,5682,6133,2954,1425,1529,
59095,11818,5667,6151,20679,10003,10676,23633,11366,12267,20679,9937,10742,11816,5682,6134,2954,1425,1529,
59100,11819,5667,6152,20682,10004,10678,23637,11368,12269,20681,9937,10744,11817,5683,6134,2954,1425,1529,
59105,11819,5667,6152,20684,10005,10679,23637,11368,12269,20682,9937,10745,11817,5683,6134,2955,1425,1530,
59110,11821,5668,6153,20685,10006,10679,23640,11369,12271,20684,9938,10746,11819,5685,6134,2955,1425,1530,
59115,11822,5668,6154,20686,10007,10679,23641,11370,12271,20686,9939,10747,11820,5685,6135,2955,1425,1530,
59120,11823,5668,6155,20689,10008,10681,23645,11373,12272,20688,9940,10748,11821,5686,6135,2955,1425,1530,
59125,11823,5668,6155,20691,10009,10682,23645,11373,12272,20689,9940,10749,11821,5686,6135,2956,1425,1531,
59130,11825,5669,6156,20692,10009,10683,23648,11374,12274,20691,9942,10749,11823,5686,6137,2956,1425,1531,
59135,11826,5670,6156,20693,10010,10683,23649,11374,12275,20693,9943,10750,11824,5687,6137,2956,1425,1531,
59140,11827,5671,6156,20696,10010,10686,23653,11377,12276,20695,9944,10751,11825,5687,6138,2956,1425,1531,
59145,11827,5671,6156,20698,10012,10686,23653,11377,12276,20696,9944,10752,11825,5687,6138,2957,1425,1532,
59150,11829,5672,6157,20699,10013,10686,23656,11377,12279,20698,9945,10753,11827,5688,6139,2957,1425,1532,
59155,11830,5673,6157,20700,10014,10686,23657,11378,12279,20700,9946,10754,11828,5688,6140,2957,1425,1532,
59160,11831,5673,6158,20703,10016,10687,23661,11380,12281,20702,9946,10756,11829,5688,6141,2957,1425,1532,
59165,11831,5673,6158,20705,10017,10688,23661,11380,12281,20703,9946,10757,11829,5688,6141,2958,1425,1533,
59170,11833,5675,6158,20706,10017,10689,23664,11382,12282,20705,9948,10757,11831,5689,6142,2958,1425,1533,
59175,11834,5676,6158,20707,10018,10689,23665,11383,12282,20707,9948,10759,11832,5690,6142,2958,1425,1533,
59180,11835,5676,6159,20710,10018,10692,23669,11383,12286,20709,9949,10760,11833,5690,6143,2958,1425,1533,
59185,11835,5676,6159,20712,10019,10693,23669,11383,12286,20710,9949,10761,11833,5690,6143,2959,1425,1534,
59190,11837,5676,6161,20713,10019,10694,23672,11384,12288,20712,9949,10763,11835,5691,6144,2959,1425,1534,
59195,11838,5676,6162,20714,10020,10694,23673,11384,12289,20714,9950,10764,11836,5691,6145,2959,1425,1534,
59200,11839,5677,6162,20717,10022,10695,23677,11388,12289,20716,9951,10765,11837,5691,6146,2959,1425,1534,
59205,11839,5677,6162,20719,10023,10696,23677,11388,12289,20717,9952,10765,11837,5691,6146,2960,1426,1534,
59210,11841,5678,6163,20720,10024,10696,23680,11389,12291,20719,9953,10766,11839,5692,6147,2960,1426,1534,
59215,11842,5679,6163,20721,10025,10696,23681,11390,12291,20721,9953,10768,11840,5692,6148,2960,1426,1534,
59220,11843,5680,6163,20724,10028,10696,23685,11392,12293,20723,9954,10769,11841,5692,6149,2960,1426,1534,
59225,11843,5680,6163,20726,10028,10698,23685,11392,12293,20724,9955,10769,11841,5692,6149,2961,1427,1534,
59230,11845,5681,6164,20727,10029,10698,23688,11393,12295,20726,9956,10770,11843,5692,6151,2961,1427,1534,
59235,11846,5681,6165,20728,10030,10698,23689,11394,12295,20728,9957,10771,11844,5693,6151,2961,1427,1534,
59240,11847,5682,6165,20731,10033,10698,23693,11395,12298,20730,9958,10772,11845,5693,6152,2961,1427,1534,
59245,11847,5682,6165,20733,10035,10698,23693,11395,12298,20731,9958,10773,11845,5693,6152,2962,1427,1535,
59250,11849,5683,6166,20734,10036,10698,23696,11397,12299,20733,9960,10773,11847,5694,6153,2962,1427,1535,
59255,11850,5684,6166,20735,10036,10699,23697,11398,12299,20735,9962,10773,11848,5695,6153,2962,1427,1535,
59260,11851,5684,6167,20738,10037,10701,23701,11399,12302,20737,9962,10775,11849,5696,6153,2962,1427,1535,
59265,11851,5684,6167,20740,10039,10701,23701,11399,12302,20738,9962,10776,11849,5696,6153,2963,1428,1535,
59270,11853,5685,6168,20741,10039,10702,23704,11400,12304,20740,9963,10777,11851,5696,6155,2963,1428,1535,
59275,11854,5686,6168,20742,10039,10703,23705,11400,12305,20742,9963,10779,11852,5696,6156,2963,1428,1535,
59280,11855,5686,6169,20745,10039,10706,23709,11402,12307,20744,9964,10780,11853,5696,6157,2963,1428,1535,
59285,11855,5686,6169,20747,10040,10707,23709,11402,12307,20745,9965,10780,11853,5696,6157,2964,1428,1536,
59290,11857,5687,6170,20748,10041,10707,23712,11403,12309,20747,9966,10781,11855,5697,6158,2964,1428,1536,
59295,11858,5688,6170,20749,10041,10708,23713,11404,12309,20749,9967,10782,11856,5697,6159,2964,1428,1536,
59300,11859,5688,6171,20752,10041,10711,23717,11407,12310,20751,9968,10783,11857,5697,6160,2964,1428,1536,
59305,11859,5688,6171,20754,10043,10711,23717,11407,12310,20752,9969,10783,11857,5697,6160,2965,1429,1536,
59310,11861,5690,6171,20755,10043,10712,23720,11409,12311,20754,9971,10783,11859,5697,6162,2965,1429,1536,
59315,11862,5691,6171,20756,10044,10712,23721,11410,12311,20756,9973,10783,11860,5698,6162,2965,1429,1536,
59320,11863,5691,6172,20759,10044,10715,23725,11411,12314,20758,9974,10784,11861,5698,6163,2965,1429,1536,
59325,11863,5691,6172,20761,10046,10715,23725,11411,12314,20759,9974,10785,11861,5698,6163,2966,1430,1536,
59330,11865,5692,6173,20762,10047,10715,23728,11413,12315,20761,9974,10787,11863,5699,6164,2966,1430,1536,
59335,11866,5693,6173,20763,10047,10716,23729,11413,12316,20763,9975,10788,11864,5699,6165,2966,1430,1536,
59340,11867,5693,6174,20766,10047,10719,23733,11416,12317,20765,9977,10788,11865,5699,6166,2966,1430,1536,
59345,11867,5693,6174,20768,10047,10721,23733,11416,12317,20766,9977,10789,11865,5699,6166,2967,1431,1536,
59350,11869,5694,6175,20769,10047,10722,23736,11418,12318,20768,9977,10791,11867,5701,6166,2967,1431,1536,
59355,11870,5694,6176,20770,10048,10722,23737,11418,12319,20770,9979,10791,11868,5701,6167,2967,1431,1536,
59360,11871,5694,6177,20773,10049,10724,23741,11419,12322,20772,9980,10792,11869,5702,6167,2967,1431,1536,
59365,11871,5694,6177,20775,10049,10726,23741,11419,12322,20773,9980,10793,11869,5702,6167,2968,1431,1537,
59370,11873,5695,6178,20776,10050,10726,23744,11419,12325,20775,9982,10793,11871,5703,6168,2968,1431,1537,
59375,11874,5695,6179,20777,10050,10727,23745,11420,12325,20777,9984,10793,11872,5704,6168,2968,1431,1537,
59380,11875,5696,6179,20780,10052,10728,23749,11421,12328,20779,9984,10795,11873,5704,6169,2968,1431,1537,
59385,11875,5696,6179,20782,10052,10730,23749,11421,12328,20780,9984,10796,11873,5704,6169,2969,1432,1537,
59390,11877,5697,6180,20783,10053,10730,23752,11422,12330,20782,9985,10797,11875,5706,6169,2969,1432,1537,
59395,11878,5698,6180,20784,10054,10730,23753,11422,12331,20784,9987,10797,11876,5707,6169,2969,1432,1537,
59400,11879,5699,6180,20787,10055,10732,23757,11423,12334,20786,9987,10799,11877,5708,6169,2969,1432,1537,
59405,11879,5699,6180,20789,10056,10733,23757,11423,12334,20787,9987,10800,11877,5708,6169,2970,1432,1538,
59410,11881,5699,6182,20790,10057,10733,23760,11423,12337,20789,9988,10801,11879,5710,6169,2970,1432,1538,
59415,11882,5699,6183,20791,10058,10733,23761,11423,12338,20791,9988,10803,11880,5710,6170,2970,1432,1538,
59420,11883,5700,6183,20794,10059,10735,23765,11424,12341,20793,9989,10804,11881,5711,6170,2970,1432,1538,
59425,11883,5700,6183,20796,10060,10736,23765,11424,12341,20794,9990,10804,11881,5711,6170,2971,1432,1539,
59430,11885,5701,6184,20797,10060,10737,23768,11425,12343,20796,9991,10805,11883,5712,6171,2971,1432,1539,
59435,11886,5701,6185,20798,10060,10738,23769,11425,12344,20798,9991,10807,11884,5712,6172,2971,1432,1539,
59440,11887,5702,6185,20801,10061,10740,23773,11426,12347,20800,9993,10807,11885,5713,6172,2971,1432,1539,
59445,11887,5702,6185,20803,10062,10741,23773,11426,12347,20801,9994,10807,11885,5713,6172,2972,1432,1540,
59450,11889,5702,6187,20804,10063,10741,23776,11426,12350,20803,9996,10807,11887,5714,6173,2972,1432,1540,
59455,11890,5703,6187,20805,10063,10742,23777,11426,12351,20805,9998,10807,11888,5714,6174,2972,1432,1540,
59460,11891,5704,6187,20808,10063,10745,23781,11428,12353,20807,9999,10808,11889,5714,6175,2972,1432,1540,
59465,11891,5704,6187,20810,10063,10747,23781,11428,12353,20808,9999,10809,11889,5714,6175,2973,1432,1541,
59470,11893,5705,6188,20811,10064,10747,23784,11429,12355,20810,9999,10811,11891,5714,6177,2973,1432,1541,
59475,11894,5706,6188,20812,10064,10748,23785,11430,12355,20812,9999,10813,11892,5715,6177,2973,1432,1541,
59480,11895,5707,6188,20815,10065,10750,23789,11432,12357,20814,10000,10814,11893,5716,6177,2973,1432,1541,
59485,11895,5707,6188,20817,10067,10750,23789,11432,12357,20815,10001,10814,11893,5716,6177,2974,1433,1541,
59490,11897,5707,6190,20818,10068,10750,23792,11434,12358,20817,10002,10815,11895,5717,6178,2974,1433,1541,
59495,11898,5708,6190,20819,10068,10751,23793,11434,12359,20819,10002,10817,11896,5718,6178,2974,1433,1541,
59500,11899,5709,6190,20822,10069,10753,23797,11436,12361,20821,10004,10817,11897,5718,6179,2974,1433,1541,
59505,11899,5709,6190,20824,10069,10755,23797,11436,12361,20822,10005,10817,11897,5718,6179,2975,1434,1541,
59510,11901,5709,6192,20825,10070,10755,23800,11436,12364,20824,10006,10818,11899,5719,6180,2975,1434,1541,
59515,11902,5709,6193,20826,10071,10755,23801,11436,12365,20826,10006,10820,11900,5719,6181,2975,1434,1541,
59520,11903,5709,6194,20829,10073,10756,23805,11438,12367,20828,10006,10822,11901,5720,6181,2975,1434,1541,
59525,11903,5709,6194,20831,10073,10758,23805,11438,12367,20829,10006,10823,11901,5720,6181,2976,1434,1542,
59530,11905,5710,6195,20832,10073,10759,23808,11440,12368,20831,10006,10825,11903,5721,6182,2976,1434,1542,
59535,11906,5710,6196,20833,10073,10760,23809,11440,12369,20833,10006,10827,11904,5721,6183,2976,1434,1542,
59540,11907,5711,6196,20836,10074,10762,23813,11442,12371,20835,10008,10827,11905,5721,6184,2976,1434,1542,
59545,11907,5711,6196,20838,10075,10763,23813,11442,12371,20836,10009,10827,11905,5721,6184,2977,1435,1542,
59550,11909,5711,6198,20839,10076,10763,23816,11443,12373,20838,10009,10829,11907,5722,6185,2977,1435,1542,
59555,11910,5712,6198,20840,10076,10764,23817,11444,12373,20840,10009,10831,11908,5722,6186,2977,1435,1542,
59560,11911,5712,6199,20843,10079,10764,23821,11447,12374,20842,10010,10832,11909,5722,6187,2977,1435,1542,
59565,11911,5712,6199,20845,10081,10764,23821,11447,12374,20843,10011,10832,11909,5722,6187,2978,1436,1542,
59570,11913,5713,6200,20846,10081,10765,23824,11450,12374,20845,10012,10833,11911,5724,6187,2978,1436,1542,
59575,11914,5713,6201,20847,10081,10766,23825,11451,12374,20847,10012,10835,11912,5725,6187,2978,1436,1542,
59580,11915,5713,6202,20850,10083,10767,23829,11452,12377,20849,10014,10835,11913,5725,6188,2978,1436,1542,
59585,11915,5713,6202,20852,10084,10768,23829,11452,12377,20850,10015,10835,11913,5725,6188,2979,1436,1543,
59590,11917,5713,6204,20853,10085,10768,23832,11452,12380,20852,10016,10836,11915,5727,6188,2979,1436,1543,
59595,11918,5714,6204,20854,10086,10768,23833,11452,12381,20854,10017,10837,11916,5727,6189,2979,1436,1543,
59600,11919,5714,6205,20857,10088,10769,23837,11454,12383,20856,10017,10839,11917,5727,6190,2979,1436,1543,
59605,11919,5714,6205,20859,10089,10770,23837,11454,12383,20857,10018,10839,11917,5727,6190,2980,1437,1543,
59610,11921,5715,6206,20860,10089,10771,23840,11455,12385,20859,10019,10840,11919,5729,6190,2980,1437,1543,
59615,11922,5715,6207,20861,10089,10772,23841,11456,12385,20861,10019,10842,11920,5730,6190,2980,1437,1543,
59620,11923,5715,6208,20864,10092,10772,23845,11457,12388,20863,10020,10843,11921,5731,6190,2980,1437,1543,
59625,11923,5715,6208,20866,10093,10773,23845,11457,12388,20864,10020,10844,11921,5731,6190,2981,1437,1544,
59630,11925,5717,6208,20867,10093,10774,23848,11459,12389,20866,10021,10845,11923,5732,6191,2981,1437,1544,
59635,11926,5718,6208,20868,10093,10775,23849,11459,12390,20868,10022,10846,11924,5733,6191,2981,1437,1544,
59640,11927,5718,6209,20871,10093,10778,23853,11460,12393,20870,10023,10847,11925,5734,6191,2981,1437,1544,
59645,11927,5718,6209,20873,10094,10779,23853,11460,12393,20871,10023,10848,11925,5734,6191,2982,1437,1545,
59650,11929,5718,6211,20874,10094,10780,23856,11462,12394,20873,10023,10850,11927,5736,6191,2982,1437,1545,
59655,11930,5719,6211,20875,10095,10780,23857,11462,12395,20875,10024,10851,11928,5736,6192,2982,1437,1545,
59660,11931,5719,6212,20878,10096,10782,23861,11462,12399,20877,10026,10851,11929,5737,6192,2982,1437,1545,
59665,11931,5719,6212,20880,10096,10784,23861,11462,12399,20878,10026,10852,11929,5737,6192,2983,1438,1545,
59670,11933,5720,6213,20881,10096,10785,23864,11463,12401,20880,10027,10853,11931,5737,6194,2983,1438,1545,
59675,11934,5720,6214,20882,10096,10786,23865,11463,12402,20882,10028,10854,11932,5738,6194,2983,1438,1545,
59680,11935,5720,6215,20885,10097,10788,23869,11465,12404,20884,10029,10855,11933,5739,6194,2983,1438,1545,
59685,11935,5720,6215,20887,10099,10788,23869,11465,12404,20885,10029,10856,11933,5739,6194,2984,1439,1545,
59690,11937,5720,6217,20888,10099,10789,23872,11467,12405,20887,10031,10856,11935,5740,6195,2984,1439,1545,
59695,11938,5721,6217,20889,10100,10789,23873,11467,12406,20889,10032,10857,11936,5741,6195,2984,1439,1545,
59700,11939,5721,6218,20892,10102,10790,23877,11471,12406,20891,10033,10858,11937,5741,6196,2984,1439,1545,
59705,11939,5721,6218,20894,10104,10790,23877,11471,12406,20892,10033,10859,11937,5741,6196,2985,1440,1545,
59710,11941,5722,6219,20895,10104,10791,23880,11472,12408,20894,10034,10860,11939,5742,6197,2985,1440,1545,
59715,11942,5722,6220,20896,10104,10792,23881,11472,12409,20896,10034,10862,11940,5742,6198,2985,1440,1545,
59720,11943,5722,6221,20899,10107,10792,23885,11473,12412,20898,10036,10862,11941,5742,6199,2985,1440,1545,
59725,11943,5722,6221,20901,10108,10793,23885,11473,12412,20899,10037,10862,11941,5742,6199,2986,1440,1546,
59730,11945,5722,6223,20902,10109,10793,23888,11474,12414,20901,10039,10862,11943,5744,6199,2986,1440,1546,
59735,11946,5723,6223,20903,10109,10794,23889,11475,12414,20903,10040,10863,11944,5745,6199,2986,1440,1546,
59740,11947,5723,6224,20906,10112,10794,23893,11477,12416,20905,10041,10864,11945,5745,6200,2986,1440,1546,
59745,11947,5723,6224,20908,10112,10796,23893,11477,12416,20906,10041,10865,11945,5745,6200,2987,1440,1547,
59750,11949,5724,6225,20909,10113,10796,23896,11478,12418,20908,10042,10866,11947,5746,6201,2987,1440,1547,
59755,11950,5724,6226,20910,10114,10796,23897,11478,12419,20910,10043,10867,11948,5746,6202,2987,1440,1547,
59760,11951,5725,6226,20913,10116,10797,23901,11480,12421,20912,10043,10869,11949,5746,6203,2987,1440,1547,
59765,11951,5725,6226,20915,10117,10798,23901,11480,12421,20913,10043,10870,11949,5746,6203,2988,1441,1547,
59770,11953,5726,6227,20916,10118,10798,23904,11482,12422,20915,10045,10870,11951,5746,6205,2988,1441,1547,
59775,11954,5726,6228,20917,10118,10799,23905,11482,12423,20917,10045,10872,11952,5747,6205,2988,1441,1547,
59780,11955,5726,6229,20920,10118,10802,23909,11484,12425,20919,10045,10874,11953,5747,6206,2988,1441,1547,
59785,11955,5726,6229,20922,10118,10804,23909,11484,12425,20920,10045,10875,11953,5747,6206,2989,1441,1548,
59790,11957,5726,6231,20923,10119,10804,23912,11485,12427,20922,10045,10877,11955,5748,6207,2989,1441,1548,
59795,11958,5727,6231,20924,10119,10805,23913,11486,12427,20924,10045,10879,11956,5748,6208,2989,1441,1548,
59800,11959,5728,6231,20927,10121,10806,23917,11488,12429,20926,10047,10879,11957,5749,6208,2989,1441,1548,
59805,11959,5728,6231,20929,10122,10807,23917,11488,12429,20927,10047,10880,11957,5749,6208,2990,1441,1549,
59810,11961,5730,6231,20930,10123,10807,23920,11489,12431,20929,10047,10882,11959,5750,6209,2990,1441,1549,
59815,11962,5730,6232,20931,10124,10807,23921,11489,12432,20931,10049,10882,11960,5750,6210,2990,1441,1549,
59820,11963,5730,6233,20934,10125,10809,23925,11491,12434,20933,10049,10884,11961,5751,6210,2990,1441,1549,
59825,11963,5730,6233,20936,10126,10810,23925,11491,12434,20934,10049,10885,11961,5751,6210,2991,1441,1550,
59830,11965,5732,6233,20937,10126,10811,23928,11491,12437,20936,10051,10885,11963,5751,6212,2991,1441,1550,
59835,11966,5732,6234,20938,10126,10812,23929,11491,12438,20938,10052,10886,11964,5751,6213,2991,1441,1550,
59840,11967,5732,6235,20941,10128,10813,23933,11492,12441,20940,10052,10888,11965,5752,6213,2991,1441,1550,
59845,11967,5732,6235,20943,10129,10814,23933,11492,12441,20941,10053,10888,11965,5752,6213,2992,1441,1551,
59850,11969,5733,6236,20944,10129,10815,23936,11493,12443,20943,10055,10888,11967,5753,6214,2992,1441,1551,
59855,11970,5733,6237,20945,10130,10815,23937,11493,12444,20945,10056,10889,11968,5753,6215,2992,1441,1551,
59860,11971,5734,6237,20948,10132,10816,23941,11494,12447,20947,10057,10890,11969,5753,6216,2992,1441,1551,
59865,11971,5734,6237,20950,10133,10817,23941,11494,12447,20948,10057,10891,11969,5753,6216,2993,1441,1552,
59870,11973,5735,6238,20951,10134,10817,23944,11496,12448,20950,10057,10893,11971,5754,6217,2993,1441,1552,
59875,11974,5736,6238,20952,10135,10817,23945,11497,12448,20952,10058,10894,11972,5754,6218,2993,1441,1552,
59880,11975,5736,6239,20955,10136,10819,23949,11499,12450,20954,10059,10895,11973,5754,6219,2993,1441,1552,
59885,11975,5736,6239,20957,10137,10820,23949,11499,12450,20955,10059,10896,11973,5754,6219,2994,1441,1553,
59890,11977,5736,6241,20958,10137,10821,23952,11500,12452,20957,10060,10897,11975,5755,6220,2994,1441,1553,
59895,11978,5736,6242,20959,10137,10822,23953,11500,12453,20959,10061,10898,11976,5755,6221,2994,1441,1553,
59900,11979,5737,6242,20962,10139,10823,23957,11502,12455,20961,10063,10898,11977,5755,6222,2994,1441,1553,
59905,11979,5737,6242,20964,10140,10824,23957,11502,12455,20962,10064,10898,11977,5755,6222,2995,1441,1554,
59910,11981,5739,6242,20965,10140,10825,23960,11504,12456,20964,10065,10899,11979,5756,6223,2995,1441,1554,
59915,11982,5739,6243,20966,10140,10826,23961,11504,12457,20966,10066,10900,11980,5756,6224,2995,1441,1554,
59920,11983,5739,6244,20969,10141,10828,23965,11504,12461,20968,10068,10900,11981,5757,6224,2995,1441,1554,
59925,11983,5739,6244,20971,10142,10829,23965,11504,12461,20969,10068,10901,11981,5757,6224,2996,1441,1555,
59930,11985,5740,6245,20972,10143,10829,23968,11505,12463,20971,10068,10903,11983,5758,6225,2996,1441,1555,
59935,11986,5741,6245,20973,10143,10830,23969,11506,12463,20973,10069,10904,11984,5759,6225,2996,1441,1555,
59940,11987,5742,6245,20976,10144,10832,23973,11507,12466,20975,10069,10906,11985,5760,6225,2996,1441,1555,
59945,11987,5742,6245,20978,10145,10833,23973,11507,12466,20976,10070,10906,11985,5760,6225,2997,1442,1555,
59950,11989,5744,6245,20979,10145,10834,23976,11509,12467,20978,10070,10908,11987,5760,6227,2997,1442,1555,
59955,11990,5745,6245,20980,10145,10835,23977,11510,12467,20980,10071,10909,11988,5761,6227,2997,1442,1555,
59960,11991,5745,6246,20983,10146,10837,23981,11511,12470,20982,10072,10910,11989,5762,6227,2997,1442,1555,
59965,11991,5745,6246,20985,10148,10837,23981,11511,12470,20983,10072,10911,11989,5762,6227,2998,1442,1556,
59970,11993,5746,6247,20986,10148,10838,23984,11511,12473,20985,10072,10913,11991,5762,6229,2998,1442,1556,
59975,11994,5747,6247,20987,10149,10838,23985,11512,12473,20987,10074,10913,11992,5762,6230,2998,1442,1556,
59980,11995,5748,6247,20990,10149,10841,23989,11514,12475,20989,10075,10914,11993,5763,6230,2998,1442,1556,
59985,11995,5748,6247,20992,10150,10842,23989,11514,12475,20990,10076,10914,11993,5763,6230,2999,1443,1556,
59990,11997,5750,6247,20993,10150,10843,23992,11516,12476,20992,10078,10914,11995,5764,6231,2999,1443,1556,
59995,11998,5751,6247,20994,10150,10844,23993,11516,12477,20994,10079,10915,11996,5764,6232,2999,1443,1556,
60000,11999,5751,6248,20997,10150,10847,23997,11517,12480,20996,10080,10916,11997,5764,6233,2999,1443,1556,
60005,11999,5751,6248,20999,10151,10848,23997,11517,12480,20997,10080,10917,11997,5764,6233,3000,1444,1556,
60010,12001,5751,6250,21000,10151,10849,24000,11518,12482,20999,10081,10918,11999,5765,6234,3000,1444,1556,
60015,12002,5751,6251,21001,10151,10850,24001,11518,12483,21001,10083,10918,12000,5765,6235,3000,1444,1556,
60020,12003,5751,6252,21004,10152,10852,24005,11519,12486,21003,10085,10918,12001,5765,6236,3000,1444,1556,
60025,12003,5751,6252,21006,10152,10854,24005,11519,12486,21004,10086,10918,12001,5765,6236,3001,1444,1557,
60030,12005,5752,6253,21007,10152,10855,24008,11521,12487,21006,10087,10919,12003,5766,6237,3001,1444,1557,
60035,12006,5752,6254,21008,10152,10856,24009,11521,12488,21008,10088,10920,12004,5766,6238,3001,1444,1557,
60040,12007,5752,6255,21011,10154,10857,24013,11524,12489,21010,10088,10922,12005,5766,6239,3001,1444,1557,
60045,12007,5752,6255,21013,10154,10859,24013,11524,12489,21011,10089,10922,12005,5766,6239,3002,1444,1558,
60050,12009,5753,6256,21014,10155,10859,24016,11525,12491,21013,10091,10922,12007,5767,6240,3002,1444,1558,
60055,12010,5754,6256,21015,10155,10860,24017,11526,12491,21015,10092,10923,12008,5767,6241,3002,1444,1558,
60060,12011,5755,6256,21018,10157,10861,24021,11527,12494,21017,10094,10923,12009,5767,6242,3002,1444,1558,
60065,12011,5755,6256,21020,10158,10862,24021,11527,12494,21018,10094,10924,12009,5767,6242,3003,1444,1559,
60070,12013,5756,6257,21021,10159,10862,24024,11527,12497,21020,10096,10924,12011,5769,6242,3003,1444,1559,
60075,12014,5757,6257,21022,10160,10862,24025,11528,12497,21022,10097,10925,12012,5770,6242,3003,1444,1559,
60080,12015,5758,6257,21025,10163,10862,24029,11530,12499,21024,10097,10927,12013,5770,6243,3003,1444,1559,
60085,12015,5758,6257,21027,10164,10863,24029,11530,12499,21025,10097,10928,12013,5770,6243,3004,1444,1560,
60090,12017,5760,6257,21028,10164,10864,24032,11531,12501,21027,10099,10928,12015,5771,6244,3004,1444,1560,
60095,12018,5760,6258,21029,10165,10864,24033,11531,12502,21029,10100,10929,12016,5772,6244,3004,1444,1560,
60100,12019,5760,6259,21032,10165,10867,24037,11533,12504,21031,10102,10929,12017,5773,6244,3004,1444,1560,
60105,12019,5760,6259,21034,10165,10869,24037,11533,12504,21032,10102,10930,12017,5773,6244,3005,1445,1560,
60110,12021,5762,6259,21035,10165,10870,24040,11533,12507,21034,10102,10932,12019,5773,6246,3005,1445,1560,
60115,12022,5763,6259,21036,10165,10871,24041,11533,12508,21036,10103,10933,12020,5774,6246,3005,1445,1560,
60120,12023,5763,6260,21039,10168,10871,24045,11536,12509,21038,10105,10933,12021,5774,6247,3005,1445,1560,
60125,12023,5763,6260,21041,10168,10873,24045,11536,12509,21039,10106,10933,12021,5774,6247,3006,1446,1560,
60130,12025,5763,6262,21042,10169,10873,24048,11537,12511,21041,10108,10933,12023,5775,6248,3006,1446,1560,
60135,12026,5763,6263,21043,10170,10873,24049,11537,12512,21043,10108,10935,12024,5775,6249,3006,1446,1560,
60140,12027,5763,6264,21046,10170,10876,24053,11541,12512,21045,10109,10936,12025,5776,6249,3006,1446,1560,
60145,12027,5763,6264,21048,10172,10876,24053,11541,12512,21046,10109,10937,12025,5776,6249,3007,1447,1560,
60150,12029,5763,6266,21049,10173,10876,24056,11542,12514,21048,10111,10937,12027,5776,6251,3007,1447,1560,
60155,12030,5763,6267,21050,10174,10876,24057,11542,12515,21050,10112,10938,12028,5776,6252,3007,1447,1560,
60160,12031,5763,6268,21053,10174,10879,24061,11544,12517,21052,10114,10938,12029,5777,6252,3007,1447,1560,
60165,12031,5763,6268,21055,10176,10879,24061,11544,12517,21053,10114,10939,12029,5777,6252,3008,1447,1561,
60170,12033,5764,6269,21056,10176,10880,24064,11546,12518,21055,10114,10941,12031,5777,6254,3008,1447,1561,
60175,12034,5764,6270,21057,10176,10881,24065,11547,12518,21057,10116,10941,12032,5778,6254,3008,1447,1561,
60180,12035,5765,6270,21060,10179,10881,24069,11549,12520,21059,10117,10942,12033,5778,6255,3008,1447,1561,
60185,12035,5765,6270,21062,10179,10883,24069,11549,12520,21060,10118,10942,12033,5778,6255,3009,1448,1561,
60190,12037,5766,6271,21063,10179,10884,24072,11549,12523,21062,10120,10942,12035,5780,6255,3009,1448,1561,
60195,12038,5766,6272,21064,10179,10885,24073,11550,12523,21064,10122,10942,12036,5780,6256,3009,1448,1561,
60200,12039,5767,6272,21067,10180,10887,24077,11553,12524,21066,10123,10943,12037,5780,6257,3009,1448,1561,
60205,12039,5767,6272,21069,10181,10888,24077,11553,12524,21067,10124,10943,12037,5780,6257,3010,1449,1561,
60210,12041,5768,6273,21070,10181,10889,24080,11553,12527,21069,10126,10943,12039,5782,6257,3010,1449,1561,
60215,12042,5769,6273,21071,10181,10890,24081,11554,12527,21071,10127,10944,12040,5783,6257,3010,1449,1561,
60220,12043,5769,6274,21074,10182,10892,24085,11556,12529,21073,10128,10945,12041,5784,6257,3010,1449,1561,
60225,12043,5769,6274,21076,10182,10894,24085,11556,12529,21074,10129,10945,12041,5784,6257,3011,1450,1561,
60230,12045,5770,6275,21077,10182,10895,24088,11557,12531,21076,10130,10946,12043,5785,6258,3011,1450,1561,
60235,12046,5770,6276,21078,10182,10896,24089,11557,12532,21078,10130,10948,12044,5786,6258,3011,1450,1561,
60240,12047,5771,6276,21081,10185,10896,24093,11559,12534,21080,10131,10949,12045,5787,6258,3011,1450,1561,
60245,12047,5771,6276,21083,10186,10897,24093,11559,12534,21081,10132,10949,12045,5787,6258,3012,1451,1561,
60250,12049,5771,6278,21084,10186,10898,24096,11561,12535,21083,10132,10951,12047,5788,6259,3012,1451,1561,
60255,12050,5772,6278,21085,10187,10898,24097,11562,12535,21085,10133,10952,12048,5788,6260,3012,1451,1561,
60260,12051,5773,6278,21088,10188,10900,24101,11564,12537,21087,10135,10952,12049,5788,6261,3012,1451,1561,
60265,12051,5773,6278,21090,10189,10901,24101,11564,12537,21088,10135,10953,12049,5788,6261,3013,1451,1562,
60270,12053,5775,6278,21091,10189,10902,24104,11565,12539,21090,10137,10953,12051,5790,6261,3013,1451,1562,
60275,12054,5776,6278,21092,10190,10902,24105,11565,12540,21092,10138,10954,12052,5791,6261,3013,1451,1562,
60280,12055,5776,6279,21095,10193,10902,24109,11568,12541,21094,10139,10955,12053,5791,6262,3013,1451,1562,
60285,12055,5776,6279,21097,10194,10903,24109,11568,12541,21095,10140,10955,12053,5791,6262,3014,1451,1563,
60290,12057,5776,6281,21098,10194,10904,24112,11569,12543,21097,10141,10956,12055,5792,6263,3014,1451,1563,
60295,12058,5777,6281,21099,10195,10904,24113,11569,12544,21099,10141,10958,12056,5792,6264,3014,1451,1563,
60300,12059,5777,6282,21102,10196,10906,24117,11570,12547,21101,10143,10958,12057,5792,6265,3014,1451,1563,
60305,12059,5777,6282,21104,10198,10906,24117,11570,12547,21102,10143,10959,12057,5792,6265,3015,1452,1563,
60310,12061,5779,6282,21105,10198,10907,24120,11571,12549,21104,10144,10960,12059,5794,6265,3015,1452,1563,
60315,12062,5780,6282,21106,10199,10907,24121,11571,12550,21106,10146,10960,12060,5795,6265,3015,1452,1563,
60320,12063,5781,6282,21109,10201,10908,24125,11574,12551,21108,10146,10962,12061,5796,6265,3015,1452,1563,
60325,12063,5781,6282,21111,10203,10908,24125,11574,12551,21109,10147,10962,12061,5796,6265,3016,1452,1564,
60330,12065,5783,6282,21112,10204,10908,24128,11574,12554,21111,10148,10963,12063,5796,6267,3016,1452,1564,
60335,12066,5783,6283,21113,10205,10908,24129,11575,12554,21113,10148,10965,12064,5796,6268,3016,1452,1564,
60340,12067,5784,6283,21116,10207,10909,24133,11577,12556,21115,10150,10965,12065,5797,6268,3016,1452,1564,
60345,12067,5784,6283,21118,10209,10909,24133,11577,12556,21116,10150,10966,12065,5797,6268,3017,1452,1565,
60350,12069,5785,6284,21119,10210,10909,24136,11577,12559,21118,10152,10966,12067,5797,6270,3017,1452,1565,
60355,12070,5786,6284,21120,10211,10909,24137,11577,12560,21120,10154,10966,12068,5797,6271,3017,1452,1565,
60360,12071,5787,6284,21123,10213,10910,24141,11580,12561,21122,10155,10967,12069,5798,6271,3017,1452,1565,
60365,12071,5787,6284,21125,10215,10910,24141,11580,12561,21123,10155,10968,12069,5798,6271,3018,1453,1565,
60370,12073,5789,6284,21126,10215,10911,24144,11583,12561,21125,10156,10969,12071,5798,6273,3018,1453,1565,
60375,12074,5789,6285,21127,10216,10911,24145,11583,12562,21127,10158,10969,12072,5798,6274,3018,1453,1565,
60380,12075,5789,6286,21130,10218,10912,24149,11585,12564,21129,10158,10971,12073,5799,6274,3018,1453,1565,
60385,12075,5789,6286,21132,10219,10913,24149,11585,12564,21130,10159,10971,12073,5799,6274,3019,1454,1565,
60390,12077,5790,6287,21133,10220,10913,24152,11586,12566,21132,10160,10972,12075,5799,6276,3019,1454,1565,
60395,12078,5791,6287,21134,10220,10914,24153,11587,12566,21134,10161,10973,12076,5800,6276,3019,1454,1565,
60400,12079,5792,6287,21137,10223,10914,24157,11588,12569,21136,10162,10974,12077,5800,6277,3019,1454,1565,
60405,12079,5792,6287,21139,10224,10915,24157,11588,12569,21137,10162,10975,12077,5800,6277,3020,1454,1566,
60410,12081,5792,6289,21140,10224,10916,24160,11590,12570,21139,10163,10976,12079,5802,6277,3020,1454,1566,
60415,12082,5793,6289,21141,10225,10916,24161,11590,12571,21141,10164,10977,12080,5802,6278,3020,1454,1566,
60420,12083,5793,6290,21144,10227,10917,24165,11592,12573,21143,10164,10979,12081,5803,6278,3020,1454,1566,
60425,12083,5793,6290,21146,10228,10918,24165,11592,12573,21144,10164,10980,12081,5803,6278,3021,1454,1567,
60430,12085,5793,6292,21147,10229,10918,24168,11594,12574,21146,10164,10982,12083,5803,6280,3021,1454,1567,
60435,12086,5793,6293,21148,10229,10919,24169,11594,12575,21148,10165,10983,12084,5804,6280,3021,1454,1567,
60440,12087,5794,6293,21151,10231,10920,24173,11595,12578,21150,10167,10983,12085,5804,6281,3021,1454,1567,
60445,12087,5794,6293,21153,10232,10921,24173,11595,12578,21151,10168,10983,12085,5804,6281,3022,1455,1567,
60450,12089,5794,6295,21154,10233,10921,24176,11597,12579,21153,10169,10984,12087,5805,6282,3022,1455,1567,
60455,12090,5795,6295,21155,10234,10921,24177,11598,12579,21155,10171,10984,12088,5805,6283,3022,1455,1567,
60460,12091,5796,6295,21158,10235,10923,24181,11600,12581,21157,10171,10986,12089,5806,6283,3022,1455,1567,
60465,12091,5796,6295,21160,10235,10925,24181,11600,12581,21158,10172,10986,12089,5806,6283,3023,1456,1567,
60470,12093,5796,6297,21161,10236,10925,24184,11602,12582,21160,10172,10988,12091,5808,6283,3023,1456,1567,
60475,12094,5797,6297,21162,10237,10925,24185,11602,12583,21162,10172,10990,12092,5808,6284,3023,1456,1567,
60480,12095,5798,6297,21165,10239,10926,24189,11603,12586,21164,10173,10991,12093,5809,6284,3023,1456,1567,
60485,12095,5798,6297,21167,10240,10927,24189,11603,12586,21165,10174,10991,12093,5809,6284,3024,1457,1567,
60490,12097,5800,6297,21168,10241,10927,24192,11603,12589,21167,10175,10992,12095,5809,6286,3024,1457,1567,
60495,12098,5801,6297,21169,10242,10927,24193,11604,12589,21169,10175,10994,12096,5810,6286,3024,1457,1567,
60500,12099,5802,6297,21172,10244,10928,24197,11606,12591,21171,10176,10995,12097,5810,6287,3024,1457,1567,
60505,12099,5802,6297,21174,10245,10929,24197,11606,12591,21172,10177,10995,12097,5810,6287,3025,1457,1568,
60510,12101,5802,6299,21175,10246,10929,24200,11608,12592,21174,10177,10997,12099,5811,6288,3025,1457,1568,
60515,12102,5803,6299,21176,10247,10929,24201,11608,12593,21176,10177,10999,12100,5811,6289,3025,1457,1568,
60520,12103,5803,6300,21179,10248,10931,24205,11609,12596,21178,10178,11000,12101,5812,6289,3025,1457,1568,
60525,12103,5803,6300,21181,10250,10931,24205,11609,12596,21179,10178,11001,12101,5812,6289,3026,1458,1568,
60530,12105,5804,6301,21182,10251,10931,24208,11611,12597,21181,10179,11002,12103,5814,6289,3026,1458,1568,
60535,12106,5804,6302,21183,10251,10932,24209,11611,12598,21183,10181,11002,12104,5815,6289,3026,1458,1568,
60540,12107,5805,6302,21186,10253,10933,24213,11612,12601,21185,10183,11002,12105,5815,6290,3026,1458,1568,
60545,12107,5805,6302,21188,10254,10934,24213,11612,12601,21186,10184,11002,12105,5815,6290,3027,1458,1569,
60550,12109,5806,6303,21189,10255,10934,24216,11613,12603,21188,10184,11004,12107,5816,6291,3027,1458,1569,
60555,12110,5806,6304,21190,10255,10935,24217,11613,12604,21190,10185,11005,12108,5817,6291,3027,1458,1569,
60560,12111,5806,6305,21193,10256,10937,24221,11613,12608,21192,10185,11007,12109,5818,6291,3027,1458,1569,
60565,12111,5806,6305,21195,10257,10938,24221,11613,12608,21193,10185,11008,12109,5818,6291,3028,1458,1570,
60570,12113,5807,6306,21196,10258,10938,24224,11613,12611,21195,10186,11009,12111,5820,6291,3028,1458,1570,
60575,12114,5808,6306,21197,10259,10938,24225,11614,12611,21197,10188,11009,12112,5820,6292,3028,1458,1570,
60580,12115,5809,6306,21200,10262,10938,24229,11616,12613,21199,10190,11009,12113,5820,6293,3028,1458,1570,
60585,12115,5809,6306,21202,10262,10940,24229,11616,12613,21200,10191,11009,12113,5820,6293,3029,1459,1570,
60590,12117,5811,6306,21203,10263,10940,24232,11618,12614,21202,10193,11009,12115,5821,6294,3029,1459,1570,
60595,12118,5811,6307,21204,10264,10940,24233,11619,12614,21204,10195,11009,12116,5822,6294,3029,1459,1570,
60600,12119,5811,6308,21207,10266,10941,24237,11619,12618,21206,10196,11010,12117,5822,6295,3029,1459,1570,
60605,12119,5811,6308,21209,10266,10943,24237,11619,12618,21207,10196,11011,12117,5822,6295,3030,1459,1571,
60610,12121,5813,6308,21210,10267,10943,24240,11621,12619,21209,10197,11012,12119,5823,6296,3030,1459,1571,
60615,12122,5814,6308,21211,10267,10944,24241,11622,12619,21211,10198,11013,12120,5824,6296,3030,1459,1571,
60620,12123,5814,6309,21214,10269,10945,24245,11623,12622,21213,10200,11013,12121,5824,6297,3030,1459,1571,
60625,12123,5814,6309,21216,10270,10946,24245,11623,12622,21214,10201,11013,12121,5824,6297,3031,1459,1572,
60630,12125,5815,6310,21217,10271,10946,24248,11623,12625,21216,10202,11014,12123,5825,6298,3031,1459,1572,
60635,12126,5816,6310,21218,10271,10947,24249,11624,12625,21218,10203,11015,12124,5825,6299,3031,1459,1572,
60640,12127,5817,6310,21221,10273,10948,24253,11626,12627,21220,10204,11016,12125,5825,6300,3031,1459,1572,
60645,12127,5817,6310,21223,10275,10948,24253,11626,12627,21221,10204,11017,12125,5825,6300,3032,1459,1573,
60650,12129,5818,6311,21224,10276,10948,24256,11628,12628,21223,10205,11018,12127,5825,6302,3032,1459,1573,
60655,12130,5819,6311,21225,10276,10949,24257,11629,12628,21225,10205,11020,12128,5826,6302,3032,1459,1573,
60660,12131,5820,6311,21228,10279,10949,24261,11630,12631,21227,10206,11021,12129,5827,6302,3032,1459,1573,
60665,12131,5820,6311,21230,10279,10951,24261,11630,12631,21228,10207,11021,12129,5827,6302,3033,1460,1573,
60670,12133,5821,6312,21231,10279,10952,24264,11632,12632,21230,10208,11022,12131,5827,6304,3033,1460,1573,
60675,12134,5821,6313,21232,10279,10953,24265,11632,12633,21232,10210,11022,12132,5828,6304,3033,1460,1573,
60680,12135,5821,6314,21235,10281,10954,24269,11635,12634,21234,10211,11023,12133,5829,6304,3033,1460,1573,
60685,12135,5821,6314,21237,10282,10955,24269,11635,12634,21235,10211,11024,12133,5829,6304,3034,1461,1573,
60690,12137,5821,6316,21238,10282,10956,24272,11636,12636,21237,10212,11025,12135,5830,6305,3034,1461,1573,
60695,12138,5821,6317,21239,10283,10956,24273,11636,12637,21239,10212,11027,12136,5830,6306,3034,1461,1573,
60700,12139,5821,6318,21242,10285,10957,24277,11638,12639,21241,10214,11027,12137,5831,6306,3034,1461,1573,
60705,12139,5821,6318,21244,10286,10958,24277,11638,12639,21242,10215,11027,12137,5831,6306,3035,1461,1574,
60710,12141,5822,6319,21245,10286,10959,24280,11641,12639,21244,10216,11028,12139,5832,6307,3035,1461,1574,
60715,12142,5822,6320,21246,10286,10960,24281,11642,12639,21246,10217,11029,12140,5832,6308,3035,1461,1574,
60720,12143,5823,6320,21249,10287,10962,24285,11645,12640,21248,10218,11030,12141,5833,6308,3035,1461,1574,
60725,12143,5823,6320,21251,10289,10962,24285,11645,12640,21249,10219,11030,12141,5833,6308,3036,1461,1575,
60730,12145,5824,6321,21252,10290,10962,24288,11646,12642,21251,10221,11030,12143,5833,6310,3036,1461,1575,
60735,12146,5824,6322,21253,10290,10963,24289,11647,12642,21253,10222,11031,12144,5834,6310,3036,1461,1575,
60740,12147,5825,6322,21256,10291,10965,24293,11649,12644,21255,10222,11033,12145,5835,6310,3036,1461,1575,
60745,12147,5825,6322,21258,10291,10967,24293,11649,12644,21256,10223,11033,12145,5835,6310,3037,1461,1576,
60750,12149,5826,6323,21259,10291,10968,24296,11651,12645,21258,10223,11035,12147,5837,6310,3037,1461,1576,
60755,12150,5827,6323,21260,10292,10968,24297,11651,12646,21260,10225,11035,12148,5837,6311,3037,1461,1576,
60760,12151,5828,6323,21263,10294,10969,24301,11652,12649,21262,10225,11037,12149,5837,6312,3037,1461,1576,
60765,12151,5828,6323,21265,10296,10969,24301,11652,12649,21263,10226,11037,12149,5837,6312,3038,1462,1576,
60770,12153,5829,6324,21266,10296,10970,24304,11652,12652,21265,10226,11039,12151,5839,6312,3038,1462,1576,
60775,12154,5830,6324,21267,10297,10970,24305,11653,12652,21267,10226,11041,12152,5839,6313,3038,1462,1576,
60780,12155,5830,6325,21270,10298,10972,24309,11657,12652,21269,10227,11042,12153,5840,6313,3038,1462,1576,
60785,12155,5830,6325,21272,10299,10973,24309,11657,12652,21270,10227,11043,12153,5840,6313,3039,1462,1577,
60790,12157,5831,6326,21273,10299,10974,24312,11658,12654,21272,10229,11043,12155,5840,6315,3039,1462,1577,
60795,12158,5832,6326,21274,10299,10975,24313,11658,12655,21274,10230,11044,12156,5840,6316,3039,1462,1577,
60800,12159,5832,6327,21277,10302,10975,24317,11660,12657,21276,10230,11046,12157,5841,6316,3039,1462,1577,
60805,12159,5832,6327,21279,10303,10976,24317,11660,12657,21277,10230,11047,12157,5841,6316,3040,1462,1578,
60810,12161,5833,6328,21280,10303,10977,24320,11662,12658,21279,10231,11048,12159,5842,6317,3040,1462,1578,
60815,12162,5833,6329,21281,10303,10978,24321,11663,12658,21281,10231,11050,12160,5843,6317,3040,1462,1578,
60820,12163,5834,6329,21284,10305,10979,24325,11664,12661,21283,10232,11051,12161,5844,6317,3040,1462,1578,
60825,12163,5834,6329,21286,10307,10979,24325,11664,12661,21284,10232,11052,12161,5844,6317,3041,1462,1579,
60830,12165,5836,6329,21287,10308,10979,24328,11666,12662,21286,10233,11053,12163,5846,6317,3041,1462,1579,
60835,12166,5837,6329,21288,10308,10980,24329,11666,12663,21288,10234,11054,12164,5847,6317,3041,1462,1579,
60840,12167,5837,6330,21291,10309,10982,24333,11667,12666,21290,10235,11055,12165,5847,6318,3041,1462,1579,
60845,12167,5837,6330,21293,10310,10983,24333,11667,12666,21291,10235,11056,12165,5847,6318,3042,1463,1579,
60850,12169,5839,6330,21294,10310,10984,24336,11668,12668,21293,10236,11057,12167,5849,6318,3042,1463,1579,
60855,12170,5840,6330,21295,10310,10985,24337,11669,12668,21295,10236,11059,12168,5850,6318,3042,1463,1579,
60860,12171,5841,6330,21298,10312,10986,24341,11672,12669,21297,10237,11060,12169,5851,6318,3042,1463,1579,
60865,12171,5841,6330,21300,10313,10987,24341,11672,12669,21298,10237,11061,12169,5851,6318,3043,1464,1579,
60870,12173,5842,6331,21301,10313,10988,24344,11674,12670,21300,10238,11062,12171,5852,6319,3043,1464,1579,
60875,12174,5843,6331,21302,10314,10988,24345,11675,12670,21302,10239,11063,12172,5853,6319,3043,1464,1579,
60880,12175,5844,6331,21305,10315,10990,24349,11677,12672,21304,10240,11064,12173,5853,6320,3043,1464,1579,
60885,12175,5844,6331,21307,10316,10991,24349,11677,12672,21305,10240,11065,12173,5853,6320,3044,1464,1580,
60890,12177,5844,6333,21308,10317,10991,24352,11679,12673,21307,10241,11066,12175,5855,6320,3044,1464,1580,
60895,12178,5844,6334,21309,10317,10992,24353,11679,12674,21309,10242,11067,12176,5856,6320,3044,1464,1580,
60900,12179,5844,6335,21312,10318,10994,24357,11681,12676,21311,10243,11068,12177,5856,6321,3044,1464,1580,
60905,12179,5844,6335,21314,10318,10996,24357,11681,12676,21312,10244,11068,12177,5856,6321,3045,1465,1580,
60910,12181,5844,6337,21315,10318,10997,24360,11683,12677,21314,10246,11068,12179,5857,6322,3045,1465,1580,
60915,12182,5845,6337,21316,10318,10998,24361,11684,12677,21316,10248,11068,12180,5858,6322,3045,1465,1580,
60920,12183,5845,6338,21319,10320,10999,24365,11685,12680,21318,10249,11069,12181,5858,6323,3045,1465,1580,
60925,12183,5845,6338,21321,10320,11001,24365,11685,12680,21319,10250,11069,12181,5858,6323,3046,1466,1580,
60930,12185,5845,6340,21322,10321,11001,24368,11687,12681,21321,10251,11070,12183,5859,6324,3046,1466,1580,
60935,12186,5846,6340,21323,10322,11001,24369,11687,12682,21323,10252,11071,12184,5859,6325,3046,1466,1580,
60940,12187,5846,6341,21326,10324,11002,24373,11688,12685,21325,10252,11073,12185,5860,6325,3046,1466,1580,
60945,12187,5846,6341,21328,10325,11003,24373,11688,12685,21326,10253,11073,12185,5860,6325,3047,1467,1580,
60950,12189,5848,6341,21329,10326,11003,24376,11690,12686,21328,10255,11073,12187,5862,6325,3047,1467,1580,
60955,12190,5849,6341,21330,10327,11003,24377,11691,12686,21330,10256,11074,12188,5862,6326,3047,1467,1580,
60960,12191,5849,6342,21333,10330,11003,24381,11692,12689,21332,10256,11076,12189,5863,6326,3047,1467,1580,
60965,12191,5849,6342,21335,10331,11004,24381,11692,12689,21333,10257,11076,12189,5863,6326,3048,1468,1580,
60970,12193,5849,6344,21336,10332,11004,24384,11693,12691,21335,10257,11078,12191,5864,6327,3048,1468,1580,
60975,12194,5850,6344,21337,10332,11005,24385,11694,12691,21337,10259,11078,12192,5865,6327,3048,1468,1580,
60980,12195,5850,6345,21340,10332,11008,24389,11694,12695,21339,10259,11080,12193,5866,6327,3048,1468,1580,
60985,12195,5850,6345,21342,10333,11009,24389,11694,12695,21340,10260,11080,12193,5866,6327,3049,1469,1580,
60990,12197,5850,6347,21343,10334,11009,24392,11694,12698,21342,10260,11082,12195,5866,6329,3049,1469,1580,
60995,12198,5850,6348,21344,10334,11010,24393,11695,12698,21344,10261,11083,12196,5867,6329,3049,1469,1580,
61000,12199,5851,6348,21347,10335,11012,24397,11699,12698,21346,10263,11083,12197,5867,6330,3049,1469,1580,
61005,12199,5851,6348,21349,10336,11013,24397,11699,12698,21347,10264,11083,12197,5867,6330,3050,1470,1580,
61010,12201,5853,6348,21350,10336,11014,24400,11700,12700,21349,10265,11084,12199,5867,6332,3050,1470,1580,
61015,12202,5854,6348,21351,10336,11015,24401,11700,12701,21351,10266,11085,12200,5867,6333,3050,1470,1580,
61020,12203,5854,6349,21354,10338,11016,24405,11702,12703,21353,10268,11085,12201,5868,6333,3050,1470,1580,
61025,12203,5854,6349,21356,10338,11018,24405,11702,12703,21354,10268,11086,12201,5868,6333,3051,1470,1581,
61030,12205,5855,6350,21357,10339,11018,24408,11704,12704,21356,10269,11087,12203,5868,6335,3051,1470,1581,
61035,12206,5856,6350,21358,10339,11019,24409,11705,12704,21358,10269,11089,12204,5869,6335,3051,1470,1581,
61040,12207,5856,6351,21361,10341,11020,24413,11709,12704,21360,10271,11089,12205,5869,6336,3051,1470,1581,
61045,12207,5856,6351,21363,10343,11020,24413,11709,12704,21361,10271,11090,12205,5869,6336,3052,1471,1581,
61050,12209,5857,6352,21364,10344,11020,24416,11711,12705,21363,10271,11092,12207,5869,6338,3052,1471,1581,
61055,12210,5857,6353,21365,10345,11020,24417,11712,12705,21365,10272,11093,12208,5870,6338,3052,1471,1581,
61060,12211,5857,6354,21368,10345,11023,24421,11712,12709,21367,10273,11094,12209,5870,6339,3052,1471,1581,
61065,12211,5857,6354,21370,10346,11024,24421,11712,12709,21368,10273,11095,12209,5870,6339,3053,1471,1582,
61070,12213,5858,6355,21371,10346,11025,24424,11714,12710,21370,10275,11095,12211,5870,6341,3053,1471,1582,
61075,12214,5859,6355,21372,10346,11026,24425,11715,12710,21372,10277,11095,12212,5871,6341,3053,1471,1582,
61080,12215,5859,6356,21375,10347,11028,24429,11716,12713,21374,10279,11095,12213,5872,6341,3053,1471,1582,
61085,12215,5859,6356,21377,10349,11028,24429,11716,12713,21375,10280,11095,12213,5872,6341,3054,1472,1582,
61090,12217,5861,6356,21378,10349,11029,24432,11716,12716,21377,10281,11096,12215,5872,6343,3054,1472,1582,
61095,12218,5861,6357,21379,10350,11029,24433,11716,12717,21379,10282,11097,12216,5873,6343,3054,1472,1582,
61100,12219,5862,6357,21382,10351,11031,24437,11718,12719,21381,10283,11098,12217,5874,6343,3054,1472,1582,
61105,12219,5862,6357,21384,10352,11032,24437,11718,12719,21382,10283,11099,12217,5874,6343,3055,1472,1583,
61110,12221,5862,6359,21385,10353,11032,24440,11720,12720,21384,10284,11100,12219,5875,6344,3055,1472,1583,
61115,12222,5863,6359,21386,10353,11033,24441,11720,12721,21386,10284,11102,12220,5876,6344,3055,1472,1583,
61120,12223,5863,6360,21389,10353,11036,24445,11723,12722,21388,10285,11103,12221,5876,6345,3055,1472,1583,
61125,12223,5863,6360,21391,10354,11037,24445,11723,12722,21389,10286,11103,12221,5876,6345,3056,1472,1584,
61130,12225,5864,6361,21392,10354,11038,24448,11725,12723,21391,10288,11103,12223,5876,6347,3056,1472,1584,
61135,12226,5864,6362,21393,10355,11038,24449,11726,12723,21393,10289,11104,12224,5876,6348,3056,1472,1584,
61140,12227,5864,6363,21396,10357,11039,24453,11729,12724,21395,10290,11105,12225,5877,6348,3056,1472,1584,
61145,12227,5864,6363,21398,10359,11039,24453,11729,12724,21396,10290,11106,12225,5877,6348,3057,1473,1584,
61150,12229,5865,6364,21399,10359,11040,24456,11731,12725,21398,10291,11107,12227,5878,6349,3057,1473,1584,
61155,12230,5866,6364,21400,10359,11041,24457,11731,12726,21400,10292,11108,12228,5878,6350,3057,1473,1584,
61160,12231,5867,6364,21403,10360,11043,24461,11733,12728,21402,10293,11109,12229,5878,6351,3057,1473,1584,
61165,12231,5867,6364,21405,10361,11044,24461,11733,12728,21403,10293,11110,12229,5878,6351,3058,1474,1584,
61170,12233,5869,6364,21406,10361,11045,24464,11736,12728,21405,10294,11111,12231,5879,6352,3058,1474,1584,
61175,12234,5870,6364,21407,10362,11045,24465,11737,12728,21407,10295,11112,12232,5879,6353,3058,1474,1584,
61180,12235,5870,6365,21410,10362,11048,24469,11739,12730,21409,10297,11112,12233,5879,6354,3058,1474,1584,
61185,12235,5870,6365,21412,10362,11050,24469,11739,12730,21410,10298,11112,12233,5879,6354,3059,1475,1584,
61190,12237,5872,6365,21413,10363,11050,24472,11741,12731,21412,10299,11113,12235,5880,6355,3059,1475,1584,
61195,12238,5873,6365,21414,10364,11050,24473,11741,12732,21414,10301,11113,12236,5880,6356,3059,1475,1584,
61200,12239,5874,6365,21417,10366,11051,24477,11743,12734,21416,10302,11114,12237,5881,6356,3059,1475,1584,
61205,12239,5874,6365,21419,10367,11052,24477,11743,12734,21417,10303,11114,12237,5881,6356,3060,1475,1585,
61210,12241,5874,6367,21420,10367,11053,24480,11744,12736,21419,10304,11115,12239,5881,6358,3060,1475,1585,
61215,12242,5875,6367,21421,10367,11054,24481,11744,12737,21421,10305,11116,12240,5882,6358,3060,1475,1585,
61220,12243,5875,6368,21424,10368,11056,24485,11747,12738,21423,10306,11117,12241,5882,6359,3060,1475,1585,
61225,12243,5875,6368,21426,10369,11057,24485,11747,12738,21424,10306,11118,12241,5882,6359,3061,1475,1586,
61230,12245,5877,6368,21427,10369,11058,24488,11748,12740,21426,10307,11119,12243,5882,6361,3061,1475,1586,
61235,12246,5878,6368,21428,10370,11058,24489,11749,12740,21428,10309,11119,12244,5883,6361,3061,1475,1586,
61240,12247,5878,6369,21431,10372,11059,24493,11751,12742,21430,10309,11121,12245,5884,6361,3061,1475,1586,
61245,12247,5878,6369,21433,10373,11060,24493,11751,12742,21431,10310,11121,12245,5884,6361,3062,1476,1586,
61250,12249,5879,6370,21434,10374,11060,24496,11754,12742,21433,10310,11123,12247,5886,6361,3062,1476,1586,
61255,12250,5879,6371,21435,10374,11061,24497,11754,12743,21435,10311,11124,12248,5887,6361,3062,1476,1586,
61260,12251,5879,6372,21438,10377,11061,24501,11755,12746,21437,10312,11125,12249,5888,6361,3062,1476,1586,
61265,12251,5879,6372,21440,10379,11061,24501,11755,12746,21438,10312,11126,12249,5888,6361,3063,1477,1586,
61270,12253,5881,6372,21441,10379,11062,24504,11756,12748,21440,10314,11126,12251,5889,6362,3063,1477,1586,
61275,12254,5882,6372,21442,10379,11063,24505,11756,12749,21442,10315,11127,12252,5890,6362,3063,1477,1586,
61280,12255,5883,6372,21445,10381,11064,24509,11757,12752,21444,10317,11127,12253,5891,6362,3063,1477,1586,
61285,12255,5883,6372,21447,10382,11065,24509,11757,12752,21445,10318,11127,12253,5891,6362,3064,1477,1587,
61290,12257,5885,6372,21448,10383,11065,24512,11758,12754,21447,10319,11128,12255,5892,6363,3064,1477,1587,
61295,12258,5886,6372,21449,10384,11065,24513,11759,12754,21449,10321,11128,12256,5893,6363,3064,1477,1587,
61300,12259,5887,6372,21452,10386,11066,24517,11760,12757,21451,10323,11128,12257,5893,6364,3064,1477,1587,
61305,12259,5887,6372,21454,10387,11067,24517,11760,12757,21452,10323,11129,12257,5893,6364,3065,1478,1587,
61310,12261,5888,6373,21455,10387,11068,24520,11762,12758,21454,10323,11131,12259,5894,6365,3065,1478,1587,
61315,12262,5888,6374,21456,10387,11069,24521,11762,12759,21456,10325,11131,12260,5895,6365,3065,1478,1587,
61320,12263,5889,6374,21459,10387,11072,24525,11763,12762,21458,10325,11133,12261,5895,6366,3065,1478,1587,
61325,12263,5889,6374,21461,10388,11073,24525,11763,12762,21459,10326,11133,12261,5895,6366,3066,1478,1588,
61330,12265,5891,6374,21462,10389,11073,24528,11765,12763,21461,10326,11135,12263,5897,6366,3066,1478,1588,
61335,12266,5892,6374,21463,10390,11073,24529,11766,12763,21463,10327,11136,12264,5897,6367,3066,1478,1588,
61340,12267,5893,6374,21466,10392,11074,24533,11768,12765,21465,10329,11136,12265,5897,6368,3066,1478,1588,
61345,12267,5893,6374,21468,10392,11076,24533,11768,12765,21466,10330,11136,12265,5897,6368,3067,1478,1589,
61350,12269,5894,6375,21469,10393,11076,24536,11771,12765,21468,10332,11136,12267,5898,6369,3067,1478,1589,
61355,12270,5894,6376,21470,10393,11077,24537,11772,12765,21470,10333,11137,12268,5898,6370,3067,1478,1589,
61360,12271,5895,6376,21473,10394,11079,24541,11774,12767,21472,10334,11138,12269,5899,6370,3067,1478,1589,
61365,12271,5895,6376,21475,10394,11081,24541,11774,12767,21473,10334,11139,12269,5899,6370,3068,1479,1589,
61370,12273,5896,6377,21476,10394,11082,24544,11775,12769,21475,10336,11139,12271,5900,6371,3068,1479,1589,
61375,12274,5897,6377,21477,10395,11082,24545,11776,12769,21477,10337,11140,12272,5901,6371,3068,1479,1589,
61380,12275,5897,6378,21480,10396,11084,24549,11777,12772,21479,10338,11141,12273,5902,6371,3068,1479,1589,
61385,12275,5897,6378,21482,10396,11086,24549,11777,12772,21480,10339,11141,12273,5902,6371,3069,1480,1589,
61390,12277,5898,6379,21483,10396,11087,24552,11778,12774,21482,10340,11142,12275,5902,6373,3069,1480,1589,
61395,12278,5898,6380,21484,10396,11088,24553,11779,12774,21484,10341,11143,12276,5903,6373,3069,1480,1589,
61400,12279,5899,6380,21487,10398,11089,24557,11781,12776,21486,10341,11145,12277,5903,6374,3069,1480,1589,
61405,12279,5899,6380,21489,10398,11091,24557,11781,12776,21487,10342,11145,12277,5903,6374,3070,1481,1589,
61410,12281,5900,6381,21490,10399,11091,24560,11783,12777,21489,10342,11147,12279,5904,6375,3070,1481,1589,
61415,12282,5900,6382,21491,10399,11092,24561,11784,12777,21491,10343,11148,12280,5904,6376,3070,1481,1589,
61420,12283,5901,6382,21494,10400,11094,24565,11784,12781,21493,10344,11149,12281,5905,6376,3070,1481,1589,
61425,12283,5901,6382,21496,10401,11095,24565,11784,12781,21494,10344,11150,12281,5905,6376,3071,1481,1590,
61430,12285,5901,6384,21497,10401,11096,24568,11785,12783,21496,10345,11151,12283,5905,6378,3071,1481,1590,
61435,12286,5901,6385,21498,10402,11096,24569,11785,12784,21498,10346,11152,12284,5905,6379,3071,1481,1590,
61440,12287,5901,6386,21501,10403,11098,24573,11788,12785,21500,10347,11153,12285,5906,6379,3071,1481,1590,
61445,12287,5901,6386,21503,10404,11099,24573,11788,12785,21501,10347,11154,12285,5906,6379,3072,1481,1591,
61450,12289,5901,6388,21504,10405,11099,24576,11790,12786,21503,10347,11156,12287,5906,6381,3072,1481,1591,
61455,12290,5901,6389,21505,10405,11100,24577,11790,12787,21505,10348,11157,12288,5907,6381,3072,1481,1591,
61460,12291,5902,6389,21508,10407,11101,24581,11791,12790,21507,10349,11158,12289,5907,6382,3072,1481,1591,
61465,12291,5902,6389,21510,10408,11102,24581,11791,12790,21508,10349,11159,12289,5907,6382,3073,1481,1592,
61470,12293,5904,6389,21511,10409,11102,24584,11794,12790,21510,10350,11160,12291,5909,6382,3073,1481,1592,
61475,12294,5904,6390,21512,10410,11102,24585,11795,12790,21512,10350,11162,12292,5910,6382,3073,1481,1592,
61480,12295,5905,6390,21515,10411,11104,24589,11796,12793,21514,10351,11163,12293,5910,6383,3073,1481,1592,
61485,12295,5905,6390,21517,10412,11105,24589,11796,12793,21515,10352,11163,12293,5910,6383,3074,1481,1593,
61490,12297,5906,6391,21518,10413,11105,24592,11798,12794,21517,10354,11163,12295,5911,6384,3074,1481,1593,
61495,12298,5907,6391,21519,10413,11106,24593,11798,12795,21519,10356,11163,12296,5912,6384,3074,1481,1593,
61500,12299,5908,6391,21522,10415,11107,24597,11801,12796,21521,10357,11164,12297,5913,6384,3074,1481,1593,
61505,12299,5908,6391,21524,10417,11107,24597,11801,12796,21522,10358,11164,12297,5913,6384,3075,1481,1594,
61510,12301,5909,6392,21525,10418,11107,24600,11802,12798,21524,10358,11166,12299,5913,6386,3075,1481,1594,
61515,12302,5909,6393,21526,10419,11107,24601,11803,12798,21526,10358,11168,12300,5913,6387,3075,1481,1594,
61520,12303,5909,6394,21529,10421,11108,24605,11804,12801,21528,10359,11169,12301,5914,6387,3075,1481,1594,
61525,12303,5909,6394,21531,10422,11109,24605,11804,12801,21529,10359,11170,12301,5914,6387,3076,1481,1595,
61530,12305,5910,6395,21532,10422,11110,24608,11805,12803,21531,10359,11172,12303,5915,6388,3076,1481,1595,
61535,12306,5910,6396,21533,10422,11111,24609,11806,12803,21533,10360,11173,12304,5916,6388,3076,1481,1595,
61540,12307,5910,6397,21536,10422,11114,24613,11808,12805,21535,10361,11174,12305,5916,6389,3076,1481,1595,
61545,12307,5910,6397,21538,10422,11116,24613,11808,12805,21536,10362,11174,12305,5916,6389,3077,1481,1596,
61550,12309,5912,6397,21539,10423,11116,24616,11810,12806,21538,10363,11175,12307,5916,6391,3077,1481,1596,
61555,12310,5912,6398,21540,10424,11116,24617,11811,12806,21540,10363,11177,12308,5916,6392,3077,1481,1596,
61560,12311,5913,6398,21543,10426,11117,24621,11814,12807,21542,10363,11179,12309,5917,6392,3077,1481,1596,
61565,12311,5913,6398,21545,10428,11117,24621,11814,12807,21543,10364,11179,12309,5917,6392,3078,1481,1597,
61570,12313,5913,6400,21546,10428,11118,24624,11815,12809,21545,10366,11179,12311,5918,6393,3078,1481,1597,
61575,12314,5913,6401,21547,10428,11119,24625,11815,12810,21547,10368,11179,12312,5918,6394,3078,1481,1597,
61580,12315,5914,6401,21550,10430,11120,24629,11817,12812,21549,10369,11180,12313,5919,6394,3078,1481,1597,
61585,12315,5914,6401,21552,10431,11121,24629,11817,12812,21550,10370,11180,12313,5919,6394,3079,1482,1597,
61590,12317,5914,6403,21553,10431,11122,24632,11818,12814,21552,10372,11180,12315,5920,6395,3079,1482,1597,
61595,12318,5914,6404,21554,10431,11123,24633,11818,12815,21554,10374,11180,12316,5920,6396,3079,1482,1597,
61600,12319,5914,6405,21557,10433,11124,24637,11822,12815,21556,10376,11180,12317,5921,6396,3079,1482,1597,
61605,12319,5914,6405,21559,10435,11124,24637,11822,12815,21557,10377,11180,12317,5921,6396,3080,1483,1597,
61610,12321,5916,6405,21560,10435,11125,24640,11824,12816,21559,10379,11180,12319,5922,6397,3080,1483,1597,
61615,12322,5917,6405,21561,10435,11126,24641,11824,12817,21561,10381,11180,12320,5923,6397,3080,1483,1597,
61620,12323,5918,6405,21564,10436,11128,24645,11826,12819,21563,10381,11182,12321,5923,6398,3080,1483,1597,
61625,12323,5918,6405,21566,10437,11129,24645,11826,12819,21564,10381,11183,12321,5923,6398,3081,1484,1597,
61630,12325,5918,6407,21567,10438,11129,24648,11828,12820,21566,10381,11185,12323,5924,6399,3081,1484,1597,
61635,12326,5918,6408,21568,10439,11129,24649,11828,12821,21568,10383,11185,12324,5925,6399,3081,1484,1597,
61640,12327,5918,6409,21571,10440,11131,24653,11829,12824,21570,10384,11186,12325,5926,6399,3081,1484,1597,
61645,12327,5918,6409,21573,10441,11132,24653,11829,12824,21571,10384,11187,12325,5926,6399,3082,1485,1597,
61650,12329,5919,6410,21574,10442,11132,24656,11830,12826,21573,10384,11189,12327,5927,6400,3082,1485,1597,
61655,12330,5919,6411,21575,10443,11132,24657,11831,12826,21575,10384,11191,12328,5928,6400,3082,1485,1597,
61660,12331,5919,6412,21578,10444,11134,24661,11834,12827,21577,10385,11192,12329,5928,6401,3082,1485,1597,
61665,12331,5919,6412,21580,10445,11135,24661,11834,12827,21578,10386,11192,12329,5928,6401,3083,1485,1598,
61670,12333,5920,6413,21581,10446,11135,24664,11836,12828,21580,10387,11193,12331,5929,6402,3083,1485,1598,
61675,12334,5920,6414,21582,10446,11136,24665,11837,12828,21582,10389,11193,12332,5929,6403,3083,1485,1598,
61680,12335,5920,6415,21585,10448,11137,24669,11839,12830,21584,10390,11194,12333,5929,6404,3083,1485,1598,
61685,12335,5920,6415,21587,10448,11139,24669,11839,12830,21585,10391,11194,12333,5929,6404,3084,1486,1598,
61690,12337,5921,6416,21588,10448,11140,24672,11842,12830,21587,10391,11196,12335,5931,6404,3084,1486,1598,
61695,12338,5922,6416,21589,10449,11140,24673,11842,12831,21589,10392,11197,12336,5931,6405,3084,1486,1598,
61700,12339,5922,6417,21592,10451,11141,24677,11846,12831,21591,10392,11199,12337,5931,6406,3084,1486,1598,
61705,12339,5922,6417,21594,10452,11142,24677,11846,12831,21592,10393,11199,12337,5931,6406,3085,1487,1598,
61710,12341,5924,6417,21595,10452,11143,24680,11848,12832,21594,10393,11201,12339,5932,6407,3085,1487,1598,
61715,12342,5924,6418,21596,10452,11144,24681,11848,12833,21596,10393,11203,12340,5932,6408,3085,1487,1598,
61720,12343,5925,6418,21599,10454,11145,24685,11850,12835,21598,10394,11204,12341,5933,6408,3085,1487,1598,
61725,12343,5925,6418,21601,10456,11145,24685,11850,12835,21599,10395,11204,12341,5933,6408,3086,1487,1599,
61730,12345,5926,6419,21602,10456,11146,24688,11852,12836,21601,10396,11205,12343,5933,6410,3086,1487,1599,
61735,12346,5927,6419,21603,10457,11146,24689,11853,12836,21603,10397,11206,12344,5934,6410,3086,1487,1599,
61740,12347,5927,6420,21606,10459,11147,24693,11856,12837,21605,10399,11206,12345,5935,6410,3086,1487,1599,
61745,12347,5927,6420,21608,10459,11149,24693,11856,12837,21606,10400,11206,12345,5935,6410,3087,1488,1599,
61750,12349,5927,6422,21609,10460,11149,24696,11856,12840,21608,10402,11206,12347,5936,6411,3087,1488,1599,
61755,12350,5928,6422,21610,10460,11150,24697,11857,12840,21610,10403,11207,12348,5936,6412,3087,1488,1599,
61760,12351,5929,6422,21613,10461,11152,24701,11859,12842,21612,10404,11208,12349,5937,6412,3087,1488,1599,
61765,12351,5929,6422,21615,10462,11153,24701,11859,12842,21613,10405,11208,12349,5937,6412,3088,1489,1599,
61770,12353,5930,6423,21616,10462,11154,24704,11860,12844,21615,10407,11208,12351,5937,6414,3088,1489,1599,
61775,12354,5931,6423,21617,10462,11155,24705,11861,12844,21617,10408,11209,12352,5937,6415,3088,1489,1599,
61780,12355,5931,6424,21620,10463,11157,24709,11864,12845,21619,10409,11210,12353,5937,6416,3088,1489,1599,
61785,12355,5931,6424,21622,10464,11158,24709,11864,12845,21620,10410,11210,12353,5937,6416,3089,1489,1600,
61790,12357,5933,6424,21623,10464,11159,24712,11865,12847,21622,10411,11211,12355,5938,6417,3089,1489,1600,
61795,12358,5934,6424,21624,10465,11159,24713,11865,12848,21624,10412,11212,12356,5939,6417,3089,1489,1600,
61800,12359,5935,6424,21627,10467,11160,24717,11869,12848,21626,10413,11213,12357,5939,6418,3089,1489,1600,
61805,12359,5935,6424,21629,10469,11160,24717,11869,12848,21627,10413,11214,12357,5939,6418,3090,1490,1600,
61810,12361,5936,6425,21630,10469,11161,24720,11870,12850,21629,10414,11215,12359,5939,6420,3090,1490,1600,
61815,12362,5936,6426,21631,10469,11162,24721,11871,12850,21631,10416,11215,12360,5939,6421,3090,1490,1600,
61820,12363,5936,6427,21634,10471,11163,24725,11873,12852,21633,10418,11215,12361,5940,6421,3090,1490,1600,
61825,12363,5936,6427,21636,10472,11164,24725,11873,12852,21634,10418,11216,12361,5940,6421,3091,1491,1600,
61830,12365,5936,6429,21637,10472,11165,24728,11876,12852,21636,10419,11217,12363,5942,6421,3091,1491,1600,
61835,12366,5937,6429,21638,10473,11165,24729,11876,12853,21638,10420,11218,12364,5943,6421,3091,1491,1600,
61840,12367,5938,6429,21641,10475,11166,24733,11877,12856,21640,10421,11219,12365,5944,6421,3091,1491,1600,
61845,12367,5938,6429,21643,10475,11168,24733,11877,12856,21641,10422,11219,12365,5944,6421,3092,1491,1601,
61850,12369,5940,6429,21644,10476,11168,24736,11878,12858,21643,10423,11220,12367,5945,6422,3092,1491,1601,
61855,12370,5941,6429,21645,10477,11168,24737,11878,12859,21645,10424,11221,12368,5946,6422,3092,1491,1601,
61860,12371,5941,6430,21648,10478,11170,24741,11880,12861,21647,10424,11223,12369,5946,6423,3092,1491,1601,
61865,12371,5941,6430,21650,10479,11171,24741,11880,12861,21648,10424,11224,12369,5946,6423,3093,1492,1601,
61870,12373,5942,6431,21651,10479,11172,24744,11883,12861,21650,10425,11225,12371,5946,6425,3093,1492,1601,
61875,12374,5942,6432,21652,10480,11172,24745,11884,12861,21652,10427,11225,12372,5946,6426,3093,1492,1601,
61880,12375,5943,6432,21655,10481,11174,24749,11886,12863,21654,10428,11226,12373,5946,6427,3093,1492,1601,
61885,12375,5943,6432,21657,10483,11174,24749,11886,12863,21655,10429,11226,12373,5946,6427,3094,1493,1601,
61890,12377,5944,6433,21658,10483,11175,24752,11888,12864,21657,10430,11227,12375,5948,6427,3094,1493,1601,
61895,12378,5944,6434,21659,10483,11176,24753,11889,12864,21659,10432,11227,12376,5948,6428,3094,1493,1601,
61900,12379,5944,6435,21662,10484,11178,24757,11890,12867,21661,10433,11228,12377,5949,6428,3094,1493,1601,
61905,12379,5944,6435,21664,10486,11178,24757,11890,12867,21662,10433,11229,12377,5949,6428,3095,1493,1602,
61910,12381,5945,6436,21665,10486,11179,24760,11893,12867,21664,10434,11230,12379,5949,6430,3095,1493,1602,
61915,12382,5945,6437,21666,10487,11179,24761,11893,12868,21666,10434,11232,12380,5949,6431,3095,1493,1602,
61920,12383,5946,6437,21669,10489,11180,24765,11895,12870,21668,10434,11234,12381,5949,6432,3095,1493,1602,
61925,12383,5946,6437,21671,10490,11181,24765,11895,12870,21669,10435,11234,12381,5949,6432,3096,1493,1603,
61930,12385,5947,6438,21672,10490,11182,24768,11897,12871,21671,10437,11234,12383,5950,6433,3096,1493,1603,
61935,12386,5948,6438,21673,10490,11183,24769,11898,12871,21673,10437,11236,12384,5950,6434,3096,1493,1603,
61940,12387,5948,6439,21676,10490,11186,24773,11900,12873,21675,10438,11237,12385,5950,6435,3096,1493,1603,
61945,12387,5948,6439,21678,10490,11188,24773,11900,12873,21676,10439,11237,12385,5950,6435,3097,1493,1604,
61950,12389,5948,6441,21679,10491,11188,24776,11902,12874,21678,10440,11238,12387,5950,6437,3097,1493,1604,
61955,12390,5948,6442,21680,10491,11189,24777,11902,12875,21680,10442,11238,12388,5950,6438,3097,1493,1604,
61960,12391,5948,6443,21683,10493,11190,24781,11905,12876,21682,10443,11239,12389,5950,6439,3097,1493,1604,
61965,12391,5948,6443,21685,10494,11191,24781,11905,12876,21683,10443,11240,12389,5950,6439,3098,1493,1605,
61970,12393,5950,6443,21686,10494,11192,24784,11905,12879,21685,10443,11242,12391,5950,6441,3098,1493,1605,
61975,12394,5950,6444,21687,10495,11192,24785,11905,12880,21687,10444,11243,12392,5950,6442,3098,1493,1605,
61980,12395,5951,6444,21690,10497,11193,24789,11908,12881,21689,10445,11244,12393,5951,6442,3098,1493,1605,
61985,12395,5951,6444,21692,10498,11194,24789,11908,12881,21690,10445,11245,12393,5951,6442,3099,1493,1606,
61990,12397,5952,6445,21693,10498,11195,24792,11910,12882,21692,10447,11245,12395,5953,6442,3099,1493,1606,
61995,12398,5952,6446,21694,10498,11196,24793,11910,12883,21694,10447,11247,12396,5954,6442,3099,1493,1606,
62000,12399,5952,6447,21697,10500,11197,24797,11912,12885,21696,10448,11248,12397,5954,6443,3099,1493,1606,
62005,12399,5952,6447,21699,10501,11198,24797,11912,12885,21697,10449,11248,12397,5954,6443,3100,1493,1607,
62010,12401,5954,6447,21700,10502,11198,24800,11914,12886,21699,10451,11248,12399,5955,6444,3100,1493,1607,
62015,12402,5955,6447,21701,10503,11198,24801,11914,12887,21701,10451,11250,12400,5955,6445,3100,1493,1607,
62020,12403,5956,6447,21704,10505,11199,24805,11916,12889,21703,10452,11251,12401,5956,6445,3100,1493,1607,
62025,12403,5956,6447,21706,10505,11201,24805,11916,12889,21704,10453,11251,12401,5956,6445,3101,1493,1608,
62030,12405,5956,6449,21707,10505,11202,24808,11918,12890,21706,10454,11252,12403,5958,6445,3101,1493,1608,
62035,12406,5957,6449,21708,10505,11203,24809,11918,12891,21708,10454,11254,12404,5959,6445,3101,1493,1608,
62040,12407,5957,6450,21711,10506,11205,24813,11921,12892,21710,10455,11255,12405,5959,6446,3101,1493,1608,
62045,12407,5957,6450,21713,10506,11207,24813,11921,12892,21711,10455,11256,12405,5959,6446,3102,1494,1608,
62050,12409,5958,6451,21714,10506,11208,24816,11921,12895,21713,10456,11257,12407,5960,6447,3102,1494,1608,
62055,12410,5958,6452,21715,10507,11208,24817,11922,12895,21715,10457,11258,12408,5961,6447,3102,1494,1608,
62060,12411,5958,6453,21718,10509,11209,24821,11925,12896,21717,10458,11259,12409,5961,6448,3102,1494,1608,
62065,12411,5958,6453,21720,10511,11209,24821,11925,12896,21718,10458,11260,12409,5961,6448,3103,1494,1609,
62070,12413,5959,6454,21721,10511,11210,24824,11927,12897,21720,10459,11261,12411,5962,6449,3103,1494,1609,
62075,12414,5960,6454,21722,10511,11211,24825,11928,12897,21722,10461,11261,12412,5963,6449,3103,1494,1609,
62080,12415,5960,6455,21725,10512,11213,24829,11929,12900,21724,10461,11263,12413,5964,6449,3103,1494,1609,
62085,12415,5960,6455,21727,10512,11215,24829,11929,12900,21725,10462,11263,12413,5964,6449,3104,1495,1609,
62090,12417,5960,6457,21728,10513,11215,24832,11931,12901,21727,10464,11263,12415,5965,6450,3104,1495,1609,
62095,12418,5960,6458,21729,10513,11216,24833,11932,12901,21729,10464,11265,12416,5966,6450,3104,1495,1609,
62100,12419,5960,6459,21732,10513,11219,24837,11932,12905,21731,10466,11265,12417,5966,6451,3104,1495,1609,
62105,12419,5960,6459,21734,10514,11220,24837,11932,12905,21732,10466,11266,12417,5966,6451,3105,1496,1609,
62110,12421,5962,6459,21735,10514,11221,24840,11934,12906,21734,10467,11267,12419,5966,6453,3105,1496,1609,
62115,12422,5962,6460,21736,10514,11222,24841,11935,12906,21736,10468,11268,12420,5967,6453,3105,1496,1609,
62120,12423,5963,6460,21739,10514,11225,24845,11937,12908,21738,10469,11269,12421,5968,6453,3105,1496,1609,
62125,12423,5963,6460,21741,10515,11226,24845,11937,12908,21739,10470,11269,12421,5968,6453,3106,1496,1610,
62130,12425,5963,6462,21742,10515,11227,24848,11937,12911,21741,10471,11270,12423,5969,6454,3106,1496,1610,
62135,12426,5963,6463,21743,10515,11228,24849,11938,12911,21743,10472,11271,12424,5969,6455,3106,1496,1610,
62140,12427,5963,6464,21746,10516,11230,24853,11941,12912,21745,10473,11272,12425,5969,6456,3106,1496,1610,
62145,12427,5963,6464,21748,10518,11230,24853,11941,12912,21746,10474,11272,12425,5969,6456,3107,1496,1611,
62150,12429,5963,6466,21749,10519,11230,24856,11943,12913,21748,10475,11273,12427,5969,6458,3107,1496,1611,
62155,12430,5963,6467,21750,10520,11230,24857,11943,12914,21750,10477,11273,12428,5969,6459,3107,1496,1611,
62160,12431,5964,6467,21753,10522,11231,24861,11945,12916,21752,10477,11275,12429,5970,6459,3107,1496,1611,
62165,12431,5964,6467,21755,10524,11231,24861,11945,12916,21753,10477,11276,12429,5970,6459,3108,1497,1611,
62170,12433,5964,6469,21756,10524,11232,24864,11948,12916,21755,10477,11278,12431,5970,6461,3108,1497,1611,
62175,12434,5964,6470,21757,10525,11232,24865,11948,12917,21757,10478,11279,12432,5971,6461,3108,1497,1611,
62180,12435,5964,6471,21760,10527,11233,24869,11949,12920,21759,10480,11279,12433,5971,6462,3108,1497,1611,
62185,12435,5964,6471,21762,10529,11233,24869,11949,12920,21760,10480,11280,12433,5971,6462,3109,1497,1612,
62190,12437,5965,6472,21763,10529,11234,24872,11950,12922,21762,10481,11281,12435,5972,6463,3109,1497,1612,
62195,12438,5965,6473,21764,10530,11234,24873,11950,12923,21764,10482,11282,12436,5972,6464,3109,1497,1612,
62200,12439,5966,6473,21767,10532,11235,24877,11951,12926,21766,10483,11283,12437,5972,6465,3109,1497,1612,
62205,12439,5966,6473,21769,10533,11236,24877,11951,12926,21767,10484,11283,12437,5972,6465,3110,1498,1612,
62210,12441,5968,6473,21770,10533,11237,24880,11952,12928,21769,10484,11285,12439,5972,6467,3110,1498,1612,
62215,12442,5969,6473,21771,10533,11238,24881,11952,12929,21771,10485,11286,12440,5973,6467,3110,1498,1612,
62220,12443,5970,6473,21774,10535,11239,24885,11954,12931,21773,10487,11286,12441,5973,6468,3110,1498,1612,
62225,12443,5970,6473,21776,10536,11240,24885,11954,12931,21774,10487,11287,12441,5973,6468,3111,1498,1613,
62230,12445,5971,6474,21777,10536,11241,24888,11956,12932,21776,10488,11288,12443,5975,6468,3111,1498,1613,
62235,12446,5971,6475,21778,10536,11242,24889,11956,12933,21778,10489,11289,12444,5976,6468,3111,1498,1613,
62240,12447,5972,6475,21781,10538,11243,24893,11959,12934,21780,10491,11289,12445,5977,6468,3111,1498,1613,
62245,12447,5972,6475,21783,10539,11244,24893,11959,12934,21781,10492,11289,12445,5977,6468,3112,1499,1613,
62250,12449,5973,6476,21784,10539,11245,24896,11960,12936,21783,10493,11290,12447,5979,6468,3112,1499,1613,
62255,12450,5973,6477,21785,10539,11246,24897,11960,12937,21785,10494,11291,12448,5979,6469,3112,1499,1613,
62260,12451,5973,6478,21788,10540,11248,24901,11961,12940,21787,10496,11291,12449,5980,6469,3112,1499,1613,
62265,12451,5973,6478,21790,10542,11248,24901,11961,12940,21788,10496,11292,12449,5980,6469,3113,1500,1613,
62270,12453,5973,6480,21791,10543,11248,24904,11962,12942,21790,10498,11292,12451,5981,6470,3113,1500,1613,
62275,12454,5974,6480,21792,10544,11248,24905,11962,12943,21792,10498,11294,12452,5981,6471,3113,1500,1613,
62280,12455,5974,6481,21795,10545,11250,24909,11965,12944,21794,10500,11294,12453,5981,6472,3113,1500,1613,
62285,12455,5974,6481,21797,10547,11250,24909,11965,12944,21795,10501,11294,12453,5981,6472,3114,1500,1614,
62290,12457,5974,6483,21798,10548,11250,24912,11965,12947,21797,10501,11296,12455,5983,6472,3114,1500,1614,
62295,12458,5974,6484,21799,10549,11250,24913,11966,12947,21799,10503,11296,12456,5983,6473,3114,1500,1614,
62300,12459,5974,6485,21802,10552,11250,24917,11969,12948,21801,10503,11298,12457,5983,6474,3114,1500,1614,
62305,12459,5974,6485,21804,10553,11251,24917,11969,12948,21802,10504,11298,12457,5983,6474,3115,1501,1614,
62310,12461,5976,6485,21805,10553,11252,24920,11969,12951,21804,10504,11300,12459,5985,6474,3115,1501,1614,
62315,12462,5976,6486,21806,10554,11252,24921,11970,12951,21806,10505,11301,12460,5986,6474,3115,1501,1614,
62320,12463,5977,6486,21809,10556,11253,24925,11972,12953,21808,10506,11302,12461,5986,6475,3115,1501,1614,
62325,12463,5977,6486,21811,10557,11254,24925,11972,12953,21809,10507,11302,12461,5986,6475,3116,1501,1615,
62330,12465,5978,6487,21812,10558,11254,24928,11974,12954,21811,10507,11304,12463,5987,6476,3116,1501,1615,
62335,12466,5979,6487,21813,10558,11255,24929,11974,12955,21813,10507,11306,12464,5988,6476,3116,1501,1615,
62340,12467,5980,6487,21816,10560,11256,24933,11977,12956,21815,10509,11306,12465,5989,6476,3116,1501,1615,
62345,12467,5980,6487,21818,10561,11257,24933,11977,12956,21816,10509,11307,12465,5989,6476,3117,1502,1615,
62350,12469,5980,6489,21819,10562,11257,24936,11978,12958,21818,10511,11307,12467,5989,6478,3117,1502,1615,
62355,12470,5981,6489,21820,10563,11257,24937,11978,12959,21820,10512,11308,12468,5989,6479,3117,1502,1615,
62360,12471,5982,6489,21823,10564,11259,24941,11981,12960,21822,10513,11309,12469,5990,6479,3117,1502,1615,
62365,12471,5982,6489,21825,10566,11259,24941,11981,12960,21823,10513,11310,12469,5990,6479,3118,1502,1616,
62370,12473,5983,6490,21826,10566,11260,24944,11983,12961,21825,10515,11310,12471,5991,6480,3118,1502,1616,
62375,12474,5984,6490,21827,10566,11261,24945,11984,12961,21827,10517,11310,12472,5992,6480,3118,1502,1616,
62380,12475,5984,6491,21830,10566,11264,24949,11986,12963,21829,10519,11310,12473,5993,6480,3118,1502,1616,
62385,12475,5984,6491,21832,10568,11264,24949,11986,12963,21830,10520,11310,12473,5993,6480,3119,1502,1617,
62390,12477,5986,6491,21833,10569,11264,24952,11988,12964,21832,10521,11311,12475,5994,6481,3119,1502,1617,
62395,12478,5987,6491,21834,10569,11265,24953,11989,12964,21834,10523,11311,12476,5995,6481,3119,1502,1617,
62400,12479,5988,6491,21837,10571,11266,24957,11991,12966,21836,10524,11312,12477,5995,6482,3119,1502,1617,
62405,12479,5988,6491,21839,10572,11267,24957,11991,12966,21837,10524,11313,12477,5995,6482,3120,1502,1618,
62410,12481,5988,6493,21840,10573,11267,24960,11993,12967,21839,10525,11314,12479,5996,6483,3120,1502,1618,
62415,12482,5989,6493,21841,10573,11268,24961,11994,12967,21841,10527,11314,12480,5997,6483,3120,1502,1618,
62420,12483,5989,6494,21844,10574,11270,24965,11996,12969,21843,10528,11315,12481,5997,6484,3120,1502,1618,
62425,12483,5989,6494,21846,10574,11272,24965,11996,12969,21844,10528,11316,12481,5997,6484,3121,1502,1619,
62430,12485,5989,6496,21847,10575,11272,24968,11998,12970,21846,10528,11318,12483,5998,6485,3121,1502,1619,
62435,12486,5989,6497,21848,10576,11272,24969,11998,12971,21848,10529,11319,12484,5998,6486,3121,1502,1619,
62440,12487,5989,6498,21851,10578,11273,24973,11999,12974,21850,10529,11321,12485,5998,6487,3121,1502,1619,
62445,12487,5989,6498,21853,10579,11274,24973,11999,12974,21851,10529,11322,12485,5998,6487,3122,1502,1620,
62450,12489,5990,6499,21854,10579,11275,24976,12000,12976,21853,10530,11323,12487,5998,6489,3122,1502,1620,
62455,12490,5990,6500,21855,10579,11276,24977,12000,12977,21855,10531,11324,12488,5999,6489,3122,1502,1620,
62460,12491,5991,6500,21858,10579,11279,24981,12000,12981,21857,10533,11324,12489,6000,6489,3122,1502,1620,
62465,12491,5991,6500,21860,10580,11280,24981,12000,12981,21858,10534,11324,12489,6000,6489,3123,1502,1621,
62470,12493,5992,6501,21861,10581,11280,24984,12003,12981,21860,10535,11325,12491,6000,6491,3123,1502,1621,
62475,12494,5993,6501,21862,10581,11281,24985,12004,12981,21862,10535,11327,12492,6001,6491,3123,1502,1621,
62480,12495,5993,6502,21865,10581,11284,24989,12007,12982,21864,10536,11328,12493,6001,6492,3123,1502,1621,
62485,12495,5993,6502,21867,10583,11284,24989,12007,12982,21865,10536,11329,12493,6001,6492,3124,1502,1622,
62490,12497,5995,6502,21868,10583,11285,24992,12008,12984,21867,10537,11330,12495,6002,6493,3124,1502,1622,
62495,12498,5996,6502,21869,10583,11286,24993,12009,12984,21869,10537,11332,12496,6003,6493,3124,1502,1622,
62500,12499,5996,6503,21872,10584,11288,24997,12010,12987,21871,10537,11334,12497,6004,6493,3124,1502,1622,
62505,12499,5996,6503,21874,10585,11289,24997,12010,12987,21872,10537,11335,12497,6004,6493,3125,1503,1622,
62510,12501,5997,6504,21875,10586,11289,25000,12012,12988,21874,10538,11336,12499,6005,6494,3125,1503,1622,
62515,12502,5997,6505,21876,10586,11290,25001,12013,12988,21876,10539,11337,12500,6006,6494,3125,1503,1622,
62520,12503,5997,6506,21879,10589,11290,25005,12015,12990,21878,10540,11338,12501,6007,6494,3125,1503,1622,
62525,12503,5997,6506,21881,10589,11292,25005,12015,12990,21879,10541,11338,12501,6007,6494,3126,1504,1622,
62530,12505,5997,6508,21882,10590,11292,25008,12017,12991,21881,10543,11338,12503,6007,6496,3126,1504,1622,
62535,12506,5997,6509,21883,10590,11293,25009,12017,12992,21883,10545,11338,12504,6008,6496,3126,1504,1622,
62540,12507,5997,6510,21886,10593,11293,25013,12021,12992,21885,10547,11338,12505,6008,6497,3126,1504,1622,
62545,12507,5997,6510,21888,10594,11294,25013,12021,12992,21886,10548,11338,12505,6008,6497,3127,1505,1622,
62550,12509,5999,6510,21889,10594,11295,25016,12022,12994,21888,10550,11338,12507,6009,6498,3127,1505,1622,
62555,12510,5999,6511,21890,10595,11295,25017,12023,12994,21890,10550,11340,12508,6009,6499,3127,1505,1622,
62560,12511,6000,6511,21893,10597,11296,25021,12025,12996,21892,10550,11342,12509,6010,6499,3127,1505,1622,
62565,12511,6000,6511,21895,10598,11297,25021,12025,12996,21893,10550,11343,12509,6010,6499,3128,1505,1623,
62570,12513,6002,6511,21896,10599,11297,25024,12028,12996,21895,10552,11343,12511,6010,6501,3128,1505,1623,
62575,12514,6003,6511,21897,10599,11298,25025,12029,12996,21897,10553,11344,12512,6011,6501,3128,1505,1623,
62580,12515,6004,6511,21900,10601,11299,25029,12030,12999,21899,10554,11345,12513,6011,6502,3128,1505,1623,
62585,12515,6004,6511,21902,10601,11301,25029,12030,12999,21900,10555,11345,12513,6011,6502,3129,1506,1623,
62590,12517,6004,6513,21903,10601,11302,25032,12032,13000,21902,10555,11347,12515,6013,6502,3129,1506,1623,
62595,12518,6005,6513,21904,10601,11303,25033,12033,13000,21904,10555,11349,12516,6014,6502,3129,1506,1623,
62600,12519,6005,6514,21907,10602,11305,25037,12036,13001,21906,10555,11351,12517,6014,6503,3129,1506,1623,
62605,12519,6005,6514,21909,10604,11305,25037,12036,13001,21907,10556,11351,12517,6014,6503,3130,1506,1624,
62610,12521,6006,6515,21910,10605,11305,25040,12036,13004,21909,10558,11351,12519,6014,6505,3130,1506,1624,
62615,12522,6006,6516,21911,10606,11305,25041,12036,13005,21911,10559,11352,12520,6015,6505,3130,1506,1624,
62620,12523,6007,6516,21914,10607,11307,25045,12038,13007,21913,10559,11354,12521,6015,6506,3130,1506,1624,
62625,12523,6007,6516,21916,10608,11308,25045,12038,13007,21914,10559,11355,12521,6015,6506,3131,1506,1625,
62630,12525,6008,6517,21917,10609,11308,25048,12041,13007,21916,10561,11355,12523,6016,6507,3131,1506,1625,
62635,12526,6008,6518,21918,10609,11309,25049,12041,13008,21918,10563,11355,12524,6016,6508,3131,1506,1625,
62640,12527,6009,6518,21921,10612,11309,25053,12043,13010,21920,10564,11356,12525,6016,6509,3131,1506,1625,
62645,12527,6009,6518,21923,10614,11309,25053,12043,13010,21921,10565,11356,12525,6016,6509,3132,1506,1626,
62650,12529,6009,6520,21924,10614,11310,25056,12044,13012,21923,10565,11358,12527,6017,6510,3132,1506,1626,
62655,12530,6010,6520,21925,10614,11311,25057,12045,13012,21925,10566,11359,12528,6018,6510,3132,1506,1626,
62660,12531,6010,6521,21928,10615,11313,25061,12048,13013,21927,10568,11359,12529,6018,6511,3132,1506,1626,
62665,12531,6010,6521,21930,10616,11314,25061,12048,13013,21928,10569,11359,12529,6018,6511,3133,1507,1626,
62670,12533,6011,6522,21931,10617,11314,25064,12048,13016,21930,10569,11361,12531,6019,6512,3133,1507,1626,
62675,12534,6012,6522,21932,10618,11314,25065,12049,13016,21932,10570,11362,12532,6020,6512,3133,1507,1626,
62680,12535,6013,6522,21935,10618,11317,25069,12050,13019,21934,10571,11363,12533,6021,6512,3133,1507,1626,
62685,12535,6013,6522,21937,10618,11319,25069,12050,13019,21935,10572,11363,12533,6021,6512,3134,1508,1626,
62690,12537,6014,6523,21938,10618,11320,25072,12051,13021,21937,10574,11363,12535,6022,6513,3134,1508,1626,
62695,12538,6015,6523,21939,10619,11320,25073,12052,13021,21939,10574,11365,12536,6023,6513,3134,1508,1626,
62700,12539,6016,6523,21942,10620,11322,25077,12053,13024,21941,10575,11366,12537,6023,6514,3134,1508,1626,
62705,12539,6016,6523,21944,10622,11322,25077,12053,13024,21942,10576,11366,12537,6023,6514,3135,1509,1626,
62710,12541,6016,6525,21945,10623,11322,25080,12054,13026,21944,10577,11367,12539,6024,6515,3135,1509,1626,
62715,12542,6016,6526,21946,10623,11323,25081,12055,13026,21946,10577,11369,12540,6024,6516,3135,1509,1626,
62720,12543,6017,6526,21949,10625,11324,25085,12055,13030,21948,10579,11369,12541,6024,6517,3135,1509,1626,
62725,12543,6017,6526,21951,10626,11325,25085,12055,13030,21949,10580,11369,12541,6024,6517,3136,1509,1627,
62730,12545,6018,6527,21952,10627,11325,25088,12058,13030,21951,10581,11370,12543,6025,6518,3136,1509,1627,
62735,12546,6018,6528,21953,10627,11326,25089,12059,13030,21953,10582,11371,12544,6026,6518,3136,1509,1627,
62740,12547,6019,6528,21956,10628,11328,25093,12061,13032,21955,10583,11372,12545,6026,6519,3136,1509,1627,
62745,12547,6019,6528,21958,10630,11328,25093,12061,13032,21956,10584,11372,12545,6026,6519,3137,1510,1627,
62750,12549,6020,6529,21959,10630,11329,25096,12063,13033,21958,10585,11373,12547,6027,6520,3137,1510,1627,
62755,12550,6020,6530,21960,10630,11330,25097,12063,13034,21960,10585,11375,12548,6028,6520,3137,1510,1627,
62760,12551,6021,6530,21963,10631,11332,25101,12065,13036,21962,10586,11376,12549,6029,6520,3137,1510,1627,
62765,12551,6021,6530,21965,10632,11333,25101,12065,13036,21963,10586,11377,12549,6029,6520,3138,1510,1628,
62770,12553,6021,6532,21966,10633,11333,25104,12066,13038,21965,10587,11378,12551,6030,6521,3138,1510,1628,
62775,12554,6022,6532,21967,10633,11334,25105,12067,13038,21967,10588,11379,12552,6031,6521,3138,1510,1628,
62780,12555,6022,6533,21970,10633,11337,25109,12070,13039,21969,10590,11379,12553,6031,6522,3138,1510,1628,
62785,12555,6022,6533,21972,10633,11339,25109,12070,13039,21970,10591,11379,12553,6031,6522,3139,1511,1628,
62790,12557,6023,6534,21973,10633,11340,25112,12072,13040,21972,10591,11381,12555,6031,6524,3139,1511,1628,
62795,12558,6023,6535,21974,10634,11340,25113,12072,13041,21974,10592,11382,12556,6031,6525,3139,1511,1628,
62800,12559,6023,6536,21977,10636,11341,25117,12075,13042,21976,10593,11383,12557,6031,6526,3139,1511,1628,
62805,12559,6023,6536,21979,10638,11341,25117,12075,13042,21977,10593,11384,12557,6031,6526,3140,1512,1628,
62810,12561,6023,6538,21980,10638,11342,25120,12078,13042,21979,10594,11385,12559,6032,6527,3140,1512,1628,
62815,12562,6024,6538,21981,10639,11342,25121,12079,13042,21981,10594,11387,12560,6032,6528,3140,1512,1628,
62820,12563,6024,6539,21984,10640,11344,25125,12082,13043,21983,10595,11388,12561,6033,6528,3140,1512,1628,
62825,12563,6024,6539,21986,10642,11344,25125,12082,13043,21984,10595,11389,12561,6033,6528,3141,1513,1628,
62830,12565,6026,6539,21987,10643,11344,25128,12084,13044,21986,10596,11390,12563,6033,6530,3141,1513,1628,
62835,12566,6027,6539,21988,10644,11344,25129,12085,13044,21988,10598,11390,12564,6034,6530,3141,1513,1628,
62840,12567,6027,6540,21991,10645,11346,25133,12088,13045,21990,10599,11391,12565,6035,6530,3141,1513,1628,
62845,12567,6027,6540,21993,10647,11346,25133,12088,13045,21991,10600,11391,12565,6035,6530,3142,1514,1628,
62850,12569,6028,6541,21994,10647,11347,25136,12091,13045,21993,10601,11392,12567,6037,6530,3142,1514,1628,
62855,12570,6029,6541,21995,10648,11347,25137,12092,13045,21995,10602,11393,12568,6038,6530,3142,1514,1628,
62860,12571,6029,6542,21998,10648,11350,25141,12094,13047,21997,10604,11393,12569,6039,6530,3142,1514,1628,
62865,12571,6029,6542,22000,10649,11351,25141,12094,13047,21998,10605,11393,12569,6039,6530,3143,1514,1629,
62870,12573,6030,6543,22001,10650,11351,25144,12095,13049,22000,10605,11395,12571,6040,6531,3143,1514,1629,
62875,12574,6030,6544,22002,10651,11351,25145,12095,13050,22002,10606,11396,12572,6040,6532,3143,1514,1629,
62880,12575,6030,6545,22005,10653,11352,25149,12098,13051,22004,10607,11397,12573,6040,6533,3143,1514,1629,
62885,12575,6030,6545,22007,10654,11353,25149,12098,13051,22005,10607,11398,12573,6040,6533,3144,1514,1630,
62890,12577,6031,6546,22008,10654,11354,25152,12099,13053,22007,10609,11398,12575,6042,6533,3144,1514,1630,
62895,12578,6032,6546,22009,10654,11355,25153,12100,13053,22009,10609,11400,12576,6043,6533,3144,1514,1630,
62900,12579,6033,6546,22012,10655,11357,25157,12103,13054,22011,10610,11401,12577,6043,6534,3144,1514,1630,
62905,12579,6033,6546,22014,10655,11359,25157,12103,13054,22012,10611,11401,12577,6043,6534,3145,1514,1631,
62910,12581,6035,6546,22015,10655,11360,25160,12105,13055,22014,10611,11403,12579,6045,6534,3145,1514,1631,
62915,12582,6035,6547,22016,10655,11361,25161,12106,13055,22016,10613,11403,12580,6045,6535,3145,1514,1631,
62920,12583,6035,6548,22019,10657,11362,25165,12110,13055,22018,10615,11403,12581,6045,6536,3145,1514,1631,
62925,12583,6035,6548,22021,10658,11363,25165,12110,13055,22019,10615,11404,12581,6045,6536,3146,1514,1632,
62930,12585,6035,6550,22022,10659,11363,25168,12111,13057,22021,10616,11405,12583,6045,6538,3146,1514,1632,
62935,12586,6036,6550,22023,10659,11364,25169,12111,13058,22023,10616,11407,12584,6045,6539,3146,1514,1632,
62940,12587,6036,6551,22026,10660,11366,25173,12112,13061,22025,10617,11408,12585,6046,6539,3146,1514,1632,
62945,12587,6036,6551,22028,10662,11366,25173,12112,13061,22026,10617,11409,12585,6046,6539,3147,1514,1633,
62950,12589,6037,6552,22029,10662,11367,25176,12114,13062,22028,10617,11411,12587,6046,6541,3147,1514,1633,
62955,12590,6038,6552,22030,10662,11368,25177,12115,13062,22030,10618,11412,12588,6047,6541,3147,1514,1633,
62960,12591,6038,6553,22033,10664,11369,25181,12116,13065,22032,10620,11412,12589,6048,6541,3147,1514,1633,
62965,12591,6038,6553,22035,10666,11369,25181,12116,13065,22033,10621,11412,12589,6048,6541,3148,1515,1633,
62970,12593,6040,6553,22036,10666,11370,25184,12117,13067,22035,10622,11413,12591,6048,6543,3148,1515,1633,
62975,12594,6041,6553,22037,10666,11371,25185,12117,13068,22037,10622,11415,12592,6048,6544,3148,1515,1633,
62980,12595,6041,6554,22040,10669,11371,25189,12118,13071,22039,10622,11417,12593,6049,6544,3148,1515,1633,
62985,12595,6041,6554,22042,10670,11372,25189,12118,13071,22040,10622,11418,12593,6049,6544,3149,1516,1633,
62990,12597,6041,6556,22043,10670,11373,25192,12118,13074,22042,10623,11419,12595,6051,6544,3149,1516,1633,
62995,12598,6041,6557,22044,10671,11373,25193,12119,13074,22044,10624,11420,12596,6052,6544,3149,1516,1633,
63000,12599,6041,6558,22047,10671,11376,25197,12121,13076,22046,10625,11421,12597,6053,6544,3149,1516,1633,
63005,12599,6041,6558,22049,10673,11376,25197,12121,13076,22047,10625,11422,12597,6053,6544,3150,1517,1633,
63010,12601,6043,6558,22050,10674,11376,25200,12121,13079,22049,10626,11423,12599,6055,6544,3150,1517,1633,
63015,12602,6043,6559,22051,10675,11376,25201,12122,13079,22051,10626,11425,12600,6056,6544,3150,1517,1633,
63020,12603,6044,6559,22054,10675,11379,25205,12123,13082,22053,10628,11425,12601,6057,6544,3150,1517,1633,
63025,12603,6044,6559,22056,10675,11381,25205,12123,13082,22054,10628,11426,12601,6057,6544,3151,1518,1633,
63030,12605,6045,6560,22057,10676,11381,25208,12126,13082,22056,10629,11427,12603,6057,6546,3151,1518,1633,
63035,12606,6045,6561,22058,10677,11381,25209,12127,13082,22058,10630,11428,12604,6057,6547,3151,1518,1633,
63040,12607,6045,6562,22061,10680,11381,25213,12129,13084,22060,10631,11429,12605,6057,6548,3151,1518,1633,
63045,12607,6045,6562,22063,10680,11383,25213,12129,13084,22061,10632,11429,12605,6057,6548,3152,1518,1634,
63050,12609,6047,6562,22064,10680,11384,25216,12131,13085,22063,10633,11430,12607,6058,6549,3152,1518,1634,
63055,12610,6047,6563,22065,10681,11384,25217,12132,13085,22065,10633,11432,12608,6058,6550,3152,1518,1634,
63060,12611,6047,6564,22068,10682,11386,25221,12134,13087,22067,10633,11434,12609,6058,6551,3152,1518,1634,
63065,12611,6047,6564,22070,10683,11387,25221,12134,13087,22068,10633,11435,12609,6058,6551,3153,1518,1635,
63070,12613,6047,6566,22071,10684,11387,25224,12135,13089,22070,10634,11436,12611,6059,6552,3153,1518,1635,
63075,12614,6047,6567,22072,10685,11387,25225,12135,13090,22072,10636,11436,12612,6059,6553,3153,1518,1635,
63080,12615,6047,6568,22075,10686,11389,25229,12137,13092,22074,10636,11438,12613,6059,6554,3153,1518,1635,
63085,12615,6047,6568,22077,10687,11390,25229,12137,13092,22075,10637,11438,12613,6059,6554,3154,1519,1635,
63090,12617,6048,6569,22078,10687,11391,25232,12139,13093,22077,10638,11439,12615,6059,6556,3154,1519,1635,
63095,12618,6048,6570,22079,10688,11391,25233,12139,13094,22079,10639,11440,12616,6059,6557,3154,1519,1635,
63100,12619,6048,6571,22082,10690,11392,25237,12139,13098,22081,10641,11440,12617,6059,6558,3154,1519,1635,
63105,12619,6048,6571,22084,10691,11393,25237,12139,13098,22082,10641,11441,12617,6059,6558,3155,1519,1636,
63110,12621,6048,6573,22085,10691,11394,25240,12141,13099,22084,10643,11441,12619,6059,6560,3155,1519,1636,
63115,12622,6049,6573,22086,10692,11394,25241,12141,13100,22086,10643,11443,12620,6060,6560,3155,1519,1636,
63120,12623,6049,6574,22089,10694,11395,25245,12143,13102,22088,10643,11445,12621,6061,6560,3155,1519,1636,
63125,12623,6049,6574,22091,10696,11395,25245,12143,13102,22089,10644,11445,12621,6061,6560,3156,1519,1637,
63130,12625,6050,6575,22092,10696,11396,25248,12144,13104,22091,10646,11445,12623,6063,6560,3156,1519,1637,
63135,12626,6051,6575,22093,10696,11397,25249,12145,13104,22093,10648,11445,12624,6064,6560,3156,1519,1637,
63140,12627,6051,6576,22096,10697,11399,25253,12147,13106,22095,10648,11447,12625,6065,6560,3156,1519,1637,
63145,12627,6051,6576,22098,10698,11400,25253,12147,13106,22096,10649,11447,12625,6065,6560,3157,1519,1638,
63150,12629,6051,6578,22099,10698,11401,25256,12149,13107,22098,10650,11448,12627,6067,6560,3157,1519,1638,
63155,12630,6052,6578,22100,10699,11401,25257,12150,13107,22100,10651,11449,12628,6068,6560,3157,1519,1638,
63160,12631,6052,6579,22103,10701,11402,25261,12153,13108,22102,10651,11451,12629,6068,6561,3157,1519,1638,
63165,12631,6052,6579,22105,10703,11402,25261,12153,13108,22103,10652,11451,12629,6068,6561,3158,1520,1638,
63170,12633,6054,6579,22106,10703,11403,25264,12156,13108,22105,10654,11451,12631,6070,6561,3158,1520,1638,
63175,12634,6055,6579,22107,10703,11404,25265,12156,13109,22107,10655,11452,12632,6070,6562,3158,1520,1638,
63180,12635,6056,6579,22110,10705,11405,25269,12157,13112,22109,10655,11454,12633,6071,6562,3158,1520,1638,
63185,12635,6056,6579,22112,10707,11405,25269,12157,13112,22110,10655,11455,12633,6071,6562,3159,1520,1639,
63190,12637,6058,6579,22113,10708,11405,25272,12157,13115,22112,10655,11457,12635,6072,6563,3159,1520,1639,
63195,12638,6059,6579,22114,10709,11405,25273,12158,13115,22114,10657,11457,12636,6073,6563,3159,1520,1639,
63200,12639,6059,6580,22117,10710,11407,25277,12159,13118,22116,10657,11459,12637,6074,6563,3159,1520,1639,
63205,12639,6059,6580,22119,10711,11408,25277,12159,13118,22117,10657,11460,12637,6074,6563,3160,1520,1640,
63210,12641,6060,6581,22120,10712,11408,25280,12160,13120,22119,10658,11461,12639,6076,6563,3160,1520,1640,
63215,12642,6060,6582,22121,10713,11408,25281,12160,13121,22121,10660,11461,12640,6077,6563,3160,1520,1640,
63220,12643,6061,6582,22124,10713,11411,25285,12163,13122,22123,10662,11461,12641,6078,6563,3160,1520,1640,
63225,12643,6061,6582,22126,10715,11411,25285,12163,13122,22124,10663,11461,12641,6078,6563,3161,1520,1641,
63230,12645,6062,6583,22127,10715,11412,25288,12165,13123,22126,10665,11461,12643,6079,6564,3161,1520,1641,
63235,12646,6063,6583,22128,10715,11413,25289,12165,13124,22128,10666,11462,12644,6079,6565,3161,1520,1641,
63240,12647,6063,6584,22131,10715,11416,25293,12168,13125,22130,10667,11463,12645,6079,6566,3161,1520,1641,
63245,12647,6063,6584,22133,10716,11417,25293,12168,13125,22131,10667,11464,12645,6079,6566,3162,1520,1642,
63250,12649,6063,6586,22134,10716,11418,25296,12170,13126,22133,10668,11465,12647,6081,6566,3162,1520,1642,
63255,12650,6063,6587,22135,10716,11419,25297,12170,13127,22135,10668,11467,12648,6081,6567,3162,1520,1642,
63260,12651,6063,6588,22138,10719,11419,25301,12172,13129,22137,10668,11469,12649,6082,6567,3162,1520,1642,
63265,12651,6063,6588,22140,10720,11420,25301,12172,13129,22138,10669,11469,12649,6082,6567,3163,1520,1643,
63270,12653,6064,6589,22141,10720,11421,25304,12172,13132,22140,10670,11470,12651,6082,6569,3163,1520,1643,
63275,12654,6065,6589,22142,10720,11422,25305,12172,13133,22142,10671,11471,12652,6083,6569,3163,1520,1643,
63280,12655,6065,6590,22145,10721,11424,25309,12175,13134,22144,10673,11471,12653,6084,6569,3163,1520,1643,
63285,12655,6065,6590,22147,10722,11425,25309,12175,13134,22145,10674,11471,12653,6084,6569,3164,1521,1643,
63290,12657,6067,6590,22148,10723,11425,25312,12175,13137,22147,10675,11472,12655,6085,6570,3164,1521,1643,
63295,12658,6068,6590,22149,10724,11425,25313,12175,13138,22149,10676,11473,12656,6086,6570,3164,1521,1643,
63300,12659,6068,6591,22152,10727,11425,25317,12176,13141,22151,10678,11473,12657,6087,6570,3164,1521,1643,
63305,12659,6068,6591,22154,10729,11425,25317,12176,13141,22152,10678,11474,12657,6087,6570,3165,1521,1644,
63310,12661,6068,6593,22155,10729,11426,25320,12177,13143,22154,10679,11475,12659,6088,6571,3165,1521,1644,
63315,12662,6069,6593,22156,10730,11426,25321,12177,13144,22156,10681,11475,12660,6088,6572,3165,1521,1644,
63320,12663,6069,6594,22159,10731,11428,25325,12179,13146,22158,10683,11475,12661,6089,6572,3165,1521,1644,
63325,12663,6069,6594,22161,10732,11429,25325,12179,13146,22159,10684,11475,12661,6089,6572,3166,1522,1644,
63330,12665,6070,6595,22162,10733,11429,25328,12181,13147,22161,10684,11477,12663,6090,6573,3166,1522,1644,
63335,12666,6070,6596,22163,10733,11430,25329,12182,13147,22163,10685,11478,12664,6090,6574,3166,1522,1644,
63340,12667,6071,6596,22166,10734,11432,25333,12185,13148,22165,10687,11478,12665,6091,6574,3166,1522,1644,
63345,12667,6071,6596,22168,10735,11433,25333,12185,13148,22166,10688,11478,12665,6091,6574,3167,1523,1644,
63350,12669,6073,6596,22169,10736,11433,25336,12188,13148,22168,10689,11479,12667,6091,6576,3167,1523,1644,
63355,12670,6073,6597,22170,10736,11434,25337,12188,13149,22170,10689,11481,12668,6092,6576,3167,1523,1644,
63360,12671,6074,6597,22173,10739,11434,25341,12190,13151,22172,10690,11482,12669,6093,6576,3167,1523,1644,
63365,12671,6074,6597,22175,10739,11436,25341,12190,13151,22173,10690,11483,12669,6093,6576,3168,1524,1644,
63370,12673,6075,6598,22176,10739,11437,25344,12191,13153,22175,10692,11483,12671,6094,6577,3168,1524,1644,
63375,12674,6075,6599,22177,10739,11438,25345,12191,13154,22177,10694,11483,12672,6095,6577,3168,1524,1644,
63380,12675,6075,6600,22180,10741,11439,25349,12195,13154,22179,10695,11484,12673,6095,6578,3168,1524,1644,
63385,12675,6075,6600,22182,10741,11441,25349,12195,13154,22180,10695,11485,12673,6095,6578,3169,1524,1645,
63390,12677,6075,6602,22183,10742,11441,25352,12196,13156,22182,10696,11486,12675,6096,6579,3169,1524,1645,
63395,12678,6076,6602,22184,10742,11442,25353,12196,13157,22184,10696,11488,12676,6096,6580,3169,1524,1645,
63400,12679,6076,6603,22187,10744,11443,25357,12197,13160,22186,10698,11488,12677,6096,6581,3169,1524,1645,
63405,12679,6076,6603,22189,10745,11444,25357,12197,13160,22187,10698,11489,12677,6096,6581,3170,1525,1645,
63410,12681,6077,6604,22190,10745,11445,25360,12198,13162,22189,10698,11491,12679,6098,6581,3170,1525,1645,
63415,12682,6077,6605,22191,10745,11446,25361,12199,13162,22191,10699,11492,12680,6098,6582,3170,1525,1645,
63420,12683,6078,6605,22194,10746,11448,25365,12201,13164,22193,10700,11493,12681,6098,6583,3170,1525,1645,
63425,12683,6078,6605,22196,10746,11450,25365,12201,13164,22194,10701,11493,12681,6098,6583,3171,1525,1646,
63430,12685,6080,6605,22197,10747,11450,25368,12203,13165,22196,10702,11494,12683,6100,6583,3171,1525,1646,
63435,12686,6080,6606,22198,10748,11450,25369,12204,13165,22198,10703,11495,12684,6101,6583,3171,1525,1646,
63440,12687,6081,6606,22201,10750,11451,25373,12204,13169,22200,10704,11496,12685,6101,6584,3171,1525,1646,
63445,12687,6081,6606,22203,10750,11453,25373,12204,13169,22201,10704,11497,12685,6101,6584,3172,1525,1647,
63450,12689,6082,6607,22204,10751,11453,25376,12205,13171,22203,10705,11498,12687,6101,6586,3172,1525,1647,
63455,12690,6082,6608,22205,10751,11454,25377,12206,13171,22205,10706,11499,12688,6102,6586,3172,1525,1647,
63460,12691,6082,6609,22208,10753,11455,25381,12207,13174,22207,10708,11499,12689,6103,6586,3172,1525,1647,
63465,12691,6082,6609,22210,10755,11455,25381,12207,13174,22208,10708,11500,12689,6103,6586,3173,1525,1648,
63470,12693,6083,6610,22211,10755,11456,25384,12210,13174,22210,10709,11501,12691,6104,6587,3173,1525,1648,
63475,12694,6083,6611,22212,10755,11457,25385,12211,13174,22212,10710,11502,12692,6105,6587,3173,1525,1648,
63480,12695,6084,6611,22215,10755,11460,25389,12214,13175,22214,10710,11504,12693,6106,6587,3173,1525,1648,
63485,12695,6084,6611,22217,10757,11460,25389,12214,13175,22215,10711,11504,12693,6106,6587,3174,1526,1648,
63490,12697,6085,6612,22218,10758,11460,25392,12215,13177,22217,10712,11505,12695,6107,6588,3174,1526,1648,
63495,12698,6086,6612,22219,10759,11460,25393,12216,13177,22219,10713,11506,12696,6108,6588,3174,1526,1648,
63500,12699,6087,6612,22222,10761,11461,25397,12218,13179,22221,10714,11507,12697,6109,6588,3174,1526,1648,
63505,12699,6087,6612,22224,10763,11461,25397,12218,13179,22222,10714,11508,12697,6109,6588,3175,1526,1649,
63510,12701,6087,6614,22225,10764,11461,25400,12219,13181,22224,10716,11508,12699,6110,6589,3175,1526,1649,
63515,12702,6087,6615,22226,10764,11462,25401,12219,13182,22226,10716,11510,12700,6110,6590,3175,1526,1649,
63520,12703,6088,6615,22229,10766,11463,25405,12220,13185,22228,10717,11511,12701,6110,6591,3175,1526,1649,
63525,12703,6088,6615,22231,10767,11464,25405,12220,13185,22229,10718,11511,12701,6110,6591,3176,1527,1649,
63530,12705,6088,6617,22232,10768,11464,25408,12222,13186,22231,10719,11512,12703,6111,6592,3176,1527,1649,
63535,12706,6088,6618,22233,10769,11464,25409,12223,13186,22233,10719,11514,12704,6112,6592,3176,1527,1649,
63540,12707,6088,6619,22236,10772,11464,25413,12225,13188,22235,10720,11515,12705,6113,6592,3176,1527,1649,
63545,12707,6088,6619,22238,10773,11465,25413,12225,13188,22236,10721,11515,12705,6113,6592,3177,1527,1650,
63550,12709,6088,6621,22239,10773,11466,25416,12226,13190,22238,10723,11515,12707,6114,6593,3177,1527,1650,
63555,12710,6088,6622,22240,10773,11467,25417,12226,13191,22240,10724,11516,12708,6115,6593,3177,1527,1650,
63560,12711,6089,6622,22243,10775,11468,25421,12226,13195,22242,10725,11517,12709,6116,6593,3177,1527,1650,
63565,12711,6089,6622,22245,10776,11469,25421,12226,13195,22243,10726,11517,12709,6116,6593,3178,1528,1650,
63570,12713,6091,6622,22246,10776,11470,25424,12228,13196,22245,10728,11517,12711,6117,6594,3178,1528,1650,
63575,12714,6091,6623,22247,10777,11470,25425,12229,13196,22247,10728,11519,12712,6117,6595,3178,1528,1650,
63580,12715,6091,6624,22250,10779,11471,25429,12232,13197,22249,10729,11520,12713,6117,6596,3178,1528,1650,
63585,12715,6091,6624,22252,10779,11473,25429,12232,13197,22250,10730,11520,12713,6117,6596,3179,1528,1651,
63590,12717,6092,6625,22253,10779,11474,25432,12235,13197,22252,10730,11522,12715,6117,6598,3179,1528,1651,
63595,12718,6093,6625,22254,10780,11474,25433,12235,13198,22254,10731,11523,12716,6117,6599,3179,1528,1651,
63600,12719,6094,6625,22257,10782,11475,25437,12238,13199,22256,10731,11525,12717,6118,6599,3179,1528,1651,
63605,12719,6094,6625,22259,10783,11476,25437,12238,13199,22257,10732,11525,12717,6118,6599,3180,1528,1652,
63610,12721,6096,6625,22260,10783,11477,25440,12240,13200,22259,10733,11526,12719,6119,6600,3180,1528,1652,
63615,12722,6096,6626,22261,10784,11477,25441,12240,13201,22261,10735,11526,12720,6119,6601,3180,1528,1652,
63620,12723,6096,6627,22264,10786,11478,25445,12241,13204,22263,10735,11528,12721,6119,6602,3180,1528,1652,
63625,12723,6096,6627,22266,10786,11480,25445,12241,13204,22264,10735,11529,12721,6119,6602,3181,1528,1653,
63630,12725,6097,6628,22267,10787,11480,25448,12242,13206,22266,10736,11530,12723,6120,6603,3181,1528,1653,
63635,12726,6098,6628,22268,10787,11481,25449,12242,13207,22268,10737,11531,12724,6120,6604,3181,1528,1653,
63640,12727,6099,6628,22271,10789,11482,25453,12244,13209,22270,10738,11532,12725,6120,6605,3181,1528,1653,
63645,12727,6099,6628,22273,10790,11483,25453,12244,13209,22271,10738,11533,12725,6120,6605,3182,1528,1654,
63650,12729,6100,6629,22274,10790,11484,25456,12244,13212,22273,10739,11534,12727,6121,6606,3182,1528,1654,
63655,12730,6101,6629,22275,10790,11485,25457,12245,13212,22275,10740,11535,12728,6121,6607,3182,1528,1654,
63660,12731,6101,6630,22278,10791,11487,25461,12247,13214,22277,10741,11536,12729,6121,6608,3182,1528,1654,
63665,12731,6101,6630,22280,10792,11488,25461,12247,13214,22278,10741,11537,12729,6121,6608,3183,1529,1654,
63670,12733,6103,6630,22281,10793,11488,25464,12249,13215,22280,10742,11538,12731,6122,6609,3183,1529,1654,
63675,12734,6103,6631,22282,10793,11489,25465,12250,13215,22282,10743,11539,12732,6122,6610,3183,1529,1654,
63680,12735,6103,6632,22285,10795,11490,25469,12251,13218,22284,10744,11540,12733,6123,6610,3183,1529,1654,
63685,12735,6103,6632,22287,10796,11491,25469,12251,13218,22285,10744,11541,12733,6123,6610,3184,1530,1654,
63690,12737,6104,6633,22288,10796,11492,25472,12253,13219,22287,10746,11541,12735,6124,6611,3184,1530,1654,
63695,12738,6105,6633,22289,10797,11492,25473,12253,13220,22289,10747,11542,12736,6125,6611,3184,1530,1654,
63700,12739,6106,6633,22292,10800,11492,25477,12255,13222,22291,10747,11544,12737,6126,6611,3184,1530,1654,
63705,12739,6106,6633,22294,10800,11494,25477,12255,13222,22292,10748,11544,12737,6126,6611,3185,1530,1655,
63710,12741,6107,6634,22295,10801,11494,25480,12256,13224,22294,10749,11545,12739,6128,6611,3185,1530,1655,
63715,12742,6108,6634,22296,10802,11494,25481,12256,13225,22296,10749,11547,12740,6128,6612,3185,1530,1655,
63720,12743,6108,6635,22299,10805,11494,25485,12259,13226,22298,10750,11548,12741,6128,6613,3185,1530,1655,
63725,12743,6108,6635,22301,10805,11496,25485,12259,13226,22299,10750,11549,12741,6128,6613,3186,1531,1655,
63730,12745,6110,6635,22302,10805,11497,25488,12260,13228,22301,10751,11550,12743,6129,6614,3186,1531,1655,
63735,12746,6110,6636,22303,10805,11498,25489,12261,13228,22303,10751,11552,12744,6129,6615,3186,1531,1655,
63740,12747,6111,6636,22306,10807,11499,25493,12262,13231,22305,10752,11553,12745,6130,6615,3186,1531,1655,
63745,12747,6111,6636,22308,10807,11501,25493,12262,13231,22306,10752,11554,12745,6130,6615,3187,1532,1655,
63750,12749,6112,6637,22309,10807,11502,25496,12262,13234,22308,10752,11556,12747,6130,6617,3187,1532,1655,
63755,12750,6113,6637,22310,10807,11503,25497,12263,13234,22310,10753,11557,12748,6131,6617,3187,1532,1655,
63760,12751,6113,6638,22313,10808,11505,25501,12265,13236,22312,10754,11558,12749,6131,6618,3187,1532,1655,
63765,12751,6113,6638,22315,10810,11505,25501,12265,13236,22313,10754,11559,12749,6131,6618,3188,1532,1656,
63770,12753,6113,6640,22316,10810,11506,25504,12266,13238,22315,10755,11560,12751,6132,6619,3188,1532,1656,
63775,12754,6114,6640,22317,10811,11506,25505,12266,13239,22317,10756,11561,12752,6132,6620,3188,1532,1656,
63780,12755,6114,6641,22320,10812,11508,25509,12267,13242,22319,10756,11563,12753,6132,6621,3188,1532,1656,
63785,12755,6114,6641,22322,10813,11509,25509,12267,13242,22320,10757,11563,12753,6132,6621,3189,1532,1657,
63790,12757,6116,6641,22323,10813,11510,25512,12267,13245,22322,10758,11564,12755,6134,6621,3189,1532,1657,
63795,12758,6116,6642,22324,10814,11510,25513,12268,13245,22324,10760,11564,12756,6135,6621,3189,1532,1657,
63800,12759,6117,6642,22327,10816,11511,25517,12270,13247,22326,10760,11566,12757,6135,6622,3189,1532,1657,
63805,12759,6117,6642,22329,10818,11511,25517,12270,13247,22327,10760,11567,12757,6135,6622,3190,1533,1657,
63810,12761,6118,6643,22330,10819,11511,25520,12271,13249,22329,10760,11569,12759,6135,6624,3190,1533,1657,
63815,12762,6119,6643,22331,10820,11511,25521,12271,13250,22331,10760,11571,12760,6136,6624,3190,1533,1657,
63820,12763,6119,6644,22334,10821,11513,25525,12275,13250,22333,10760,11573,12761,6137,6624,3190,1533,1657,
63825,12763,6119,6644,22336,10822,11514,25525,12275,13250,22334,10760,11574,12761,6137,6624,3191,1534,1657,
63830,12765,6120,6645,22337,10822,11515,25528,12276,13252,22336,10762,11574,12763,6139,6624,3191,1534,1657,
63835,12766,6121,6645,22338,10822,11516,25529,12277,13252,22338,10762,11576,12764,6139,6625,3191,1534,1657,
63840,12767,6122,6645,22341,10823,11518,25533,12279,13254,22340,10762,11578,12765,6139,6626,3191,1534,1657,
63845,12767,6122,6645,22343,10825,11518,25533,12279,13254,22341,10762,11579,12765,6139,6626,3192,1535,1657,
63850,12769,6124,6645,22344,10826,11518,25536,12280,13256,22343,10763,11580,12767,6139,6628,3192,1535,1657,
63855,12770,6124,6646,22345,10826,11519,25537,12281,13256,22345,10763,11582,12768,6140,6628,3192,1535,1657,
63860,12771,6124,6647,22348,10828,11520,25541,12282,13259,22347,10764,11583,12769,6141,6628,3192,1535,1657,
63865,12771,6124,6647,22350,10828,11522,25541,12282,13259,22348,10764,11584,12769,6141,6628,3193,1535,1658,
63870,12773,6125,6648,22351,10829,11522,25544,12283,13261,22350,10765,11585,12771,6142,6629,3193,1535,1658,
63875,12774,6126,6648,22352,10829,11523,25545,12284,13261,22352,10766,11586,12772,6143,6629,3193,1535,1658,
63880,12775,6126,6649,22355,10830,11525,25549,12285,13264,22354,10766,11588,12773,6144,6629,3193,1535,1658,
63885,12775,6126,6649,22357,10830,11527,25549,12285,13264,22355,10766,11589,12773,6144,6629,3194,1536,1658,
63890,12777,6126,6651,22358,10830,11528,25552,12287,13265,22357,10767,11590,12775,6146,6629,3194,1536,1658,
63895,12778,6126,6652,22359,10830,11529,25553,12287,13266,22359,10767,11592,12776,6146,6630,3194,1536,1658,
63900,12779,6127,6652,22362,10833,11529,25557,12289,13268,22361,10768,11593,12777,6147,6630,3194,1536,1658,
63905,12779,6127,6652,22364,10835,11529,25557,12289,13268,22362,10768,11594,12777,6147,6630,3195,1537,1658,
63910,12781,6128,6653,22365,10836,11529,25560,12290,13270,22364,10770,11594,12779,6148,6631,3195,1537,1658,
63915,12782,6128,6654,22366,10837,11529,25561,12290,13271,22366,10770,11596,12780,6149,6631,3195,1537,1658,
63920,12783,6128,6655,22369,10840,11529,25565,12291,13274,22368,10772,11596,12781,6149,6632,3195,1537,1658,
63925,12783,6128,6655,22371,10841,11530,25565,12291,13274,22369,10773,11596,12781,6149,6632,3196,1537,1659,
63930,12785,6129,6656,22372,10842,11530,25568,12292,13276,22371,10773,11598,12783,6149,6634,3196,1537,1659,
63935,12786,6130,6656,22373,10842,11531,25569,12293,13276,22373,10773,11600,12784,6149,6635,3196,1537,1659,
63940,12787,6130,6657,22376,10842,11534,25573,12296,13277,22375,10775,11600,12785,6149,6636,3196,1537,1659,
63945,12787,6130,6657,22378,10843,11535,25573,12296,13277,22376,10775,11601,12785,6149,6636,3197,1537,1660,
63950,12789,6130,6659,22379,10843,11536,25576,12297,13279,22378,10776,11602,12787,6149,6638,3197,1537,1660,
63955,12790,6130,6660,22380,10843,11537,25577,12298,13279,22380,10776,11604,12788,6149,6639,3197,1537,1660,
63960,12791,6131,6660,22383,10846,11537,25581,12299,13282,22382,10777,11605,12789,6150,6639,3197,1537,1660,
63965,12791,6131,6660,22385,10846,11539,25581,12299,13282,22383,10778,11605,12789,6150,6639,3198,1537,1661,
63970,12793,6131,6662,22386,10847,11539,25584,12301,13283,22385,10778,11607,12791,6152,6639,3198,1537,1661,
63975,12794,6132,6662,22387,10847,11540,25585,12301,13284,22387,10780,11607,12792,6152,6640,3198,1537,1661,
63980,12795,6132,6663,22390,10849,11541,25589,12304,13285,22389,10781,11608,12793,6152,6641,3198,1537,1661,
63985,12795,6132,6663,22392,10851,11541,25589,12304,13285,22390,10781,11609,12793,6152,6641,3199,1538,1661,
63990,12797,6133,6664,22393,10852,11541,25592,12307,13285,22392,10783,11609,12795,6154,6641,3199,1538,1661,
63995,12798,6133,6665,22394,10852,11542,25593,12307,13286,22394,10784,11610,12796,6155,6641,3199,1538,1661,
64000,12799,6133,6666,22397,10853,11544,25597,12308,13289,22396,10786,11610,12797,6155,6642,3199,1538,1661,
64005,12799,6133,6666,22399,10853,11546,25597,12308,13289,22397,10786,11611,12797,6155,6642,3200,1539,1661,
64010,12801,6135,6666,22400,10854,11546,25600,12310,13290,22399,10787,11612,12799,6156,6643,3200,1539,1661,
64015,12802,6136,6666,22401,10855,11546,25601,12311,13290,22401,10787,11614,12800,6157,6643,3200,1539,1661,
64020,12803,6136,6667,22404,10857,11547,25605,12312,13293,22403,10787,11616,12801,6157,6644,3200,1539,1661,
64025,12803,6136,6667,22406,10859,11547,25605,12312,13293,22404,10787,11617,12801,6157,6644,3201,1540,1661,
64030,12805,6136,6669,22407,10859,11548,25608,12315,13293,22406,10789,11617,12803,6158,6645,3201,1540,1661,
64035,12806,6137,6669,22408,10860,11548,25609,12316,13293,22408,10790,11618,12804,6159,6645,3201,1540,1661,
64040,12807,6138,6669,22411,10863,11548,25613,12317,13296,22410,10792,11618,12805,6159,6646,3201,1540,1661,
64045,12807,6138,6669,22413,10864,11549,25613,12317,13296,22411,10792,11619,12805,6159,6646,3202,1540,1662,
64050,12809,6140,6669,22414,10864,11550,25616,12318,13298,22413,10793,11620,12807,6161,6646,3202,1540,1662,
64055,12810,6140,6670,22415,10865,11550,25617,12319,13298,22415,10794,11621,12808,6161,6647,3202,1540,1662,
64060,12811,6140,6671,22418,10867,11551,25621,12320,13301,22417,10794,11623,12809,6161,6648,3202,1540,1662,
64065,12811,6140,6671,22420,10868,11552,25621,12320,13301,22418,10794,11624,12809,6161,6648,3203,1541,1662,
64070,12813,6141,6672,22421,10868,11553,25624,12321,13303,22420,10795,11625,12811,6163,6648,3203,1541,1662,
64075,12814,6141,6673,22422,10869,11553,25625,12322,13303,22422,10797,11625,12812,6163,6649,3203,1541,1662,
64080,12815,6142,6673,22425,10872,11553,25629,12324,13305,22424,10798,11626,12813,6163,6650,3203,1541,1662,
64085,12815,6142,6673,22427,10874,11553,25629,12324,13305,22425,10798,11627,12813,6163,6650,3204,1542,1662,
64090,12817,6143,6674,22428,10874,11554,25632,12326,13306,22427,10800,11627,12815,6164,6651,3204,1542,1662,
64095,12818,6144,6674,22429,10875,11554,25633,12327,13306,22429,10802,11627,12816,6164,6652,3204,1542,1662,
64100,12819,6144,6675,22432,10878,11554,25637,12330,13307,22431,10804,11627,12817,6164,6653,3204,1542,1662,
64105,12819,6144,6675,22434,10878,11556,25637,12330,13307,22432,10804,11628,12817,6164,6653,3205,1543,1662,
64110,12821,6146,6675,22435,10878,11557,25640,12331,13309,22434,10804,11630,12819,6165,6654,3205,1543,1662,
64115,12822,6146,6676,22436,10878,11558,25641,12332,13309,22436,10805,11631,12820,6166,6654,3205,1543,1662,
64120,12823,6146,6677,22439,10880,11559,25645,12333,13312,22438,10806,11632,12821,6167,6654,3205,1543,1662,
64125,12823,6146,6677,22441,10881,11560,25645,12333,13312,22439,10806,11633,12821,6167,6654,3206,1543,1663,
64130,12825,6146,6679,22442,10882,11560,25648,12334,13314,22441,10807,11634,12823,6167,6656,3206,1543,1663,
64135,12826,6147,6679,22443,10882,11561,25649,12335,13314,22443,10809,11634,12824,6167,6657,3206,1543,1663,
64140,12827,6147,6680,22446,10883,11563,25653,12336,13317,22445,10811,11634,12825,6168,6657,3206,1543,1663,
64145,12827,6147,6680,22448,10885,11563,25653,12336,13317,22446,10811,11635,12825,6168,6657,3207,1543,1664,
64150,12829,6148,6681,22449,10885,11564,25656,12338,13318,22448,10812,11636,12827,6168,6659,3207,1543,1664,
64155,12830,6149,6681,22450,10885,11565,25657,12338,13319,22450,10812,11638,12828,6169,6659,3207,1543,1664,
64160,12831,6149,6682,22453,10886,11567,25661,12341,13320,22452,10813,11639,12829,6170,6659,3207,1543,1664,
64165,12831,6149,6682,22455,10887,11568,25661,12341,13320,22453,10814,11639,12829,6170,6659,3208,1543,1665,
64170,12833,6150,6683,22456,10888,11568,25664,12343,13321,22455,10815,11640,12831,6171,6660,3208,1543,1665,
64175,12834,6151,6683,22457,10888,11569,25665,12344,13321,22457,10815,11642,12832,6171,6661,3208,1543,1665,
64180,12835,6151,6684,22460,10888,11572,25669,12347,13322,22459,10817,11642,12833,6172,6661,3208,1543,1665,
64185,12835,6151,6684,22462,10890,11572,25669,12347,13322,22460,10817,11643,12833,6172,6661,3209,1544,1665,
64190,12837,6152,6685,22463,10890,11573,25672,12348,13324,22462,10818,11644,12835,6173,6662,3209,1544,1665,
64195,12838,6153,6685,22464,10890,11574,25673,12349,13324,22464,10820,11644,12836,6173,6663,3209,1544,1665,
64200,12839,6154,6685,22467,10890,11577,25677,12350,13327,22466,10822,11644,12837,6173,6664,3209,1544,1665,
64205,12839,6154,6685,22469,10890,11579,25677,12350,13327,22467,10822,11645,12837,6173,6664,3210,1545,1665,
64210,12841,6155,6686,22470,10890,11580,25680,12352,13328,22469,10823,11646,12839,6174,6665,3210,1545,1665,
64215,12842,6155,6687,22471,10891,11580,25681,12352,13329,22471,10825,11646,12840,6175,6665,3210,1545,1665,
64220,12843,6155,6688,22474,10892,11582,25685,12353,13332,22473,10826,11647,12841,6176,6665,3210,1545,1665,
64225,12843,6155,6688,22476,10892,11584,25685,12353,13332,22474,10827,11647,12841,6176,6665,3211,1545,1666,
64230,12845,6155,6690,22477,10893,11584,25688,12354,13334,22476,10829,11647,12843,6177,6666,3211,1545,1666,
64235,12846,6156,6690,22478,10894,11584,25689,12355,13334,22478,10829,11649,12844,6177,6667,3211,1545,1666,
64240,12847,6156,6691,22481,10896,11585,25693,12357,13336,22480,10829,11651,12845,6177,6668,3211,1545,1666,
64245,12847,6156,6691,22483,10897,11586,25693,12357,13336,22481,10829,11652,12845,6177,6668,3212,1546,1666,
64250,12849,6156,6693,22484,10897,11587,25696,12359,13337,22483,10830,11653,12847,6177,6670,3212,1546,1666,
64255,12850,6157,6693,22485,10897,11588,25697,12360,13337,22485,10831,11654,12848,6178,6670,3212,1546,1666,
64260,12851,6157,6694,22488,10898,11590,25701,12362,13339,22487,10832,11655,12849,6178,6671,3212,1546,1666,
64265,12851,6157,6694,22490,10899,11591,25701,12362,13339,22488,10833,11655,12849,6178,6671,3213,1547,1666,
64270,12853,6157,6696,22491,10899,11592,25704,12363,13341,22490,10834,11656,12851,6179,6672,3213,1547,1666,
64275,12854,6158,6696,22492,10900,11592,25705,12363,13342,22492,10834,11658,12852,6179,6673,3213,1547,1666,
64280,12855,6158,6697,22495,10903,11592,25709,12364,13345,22494,10834,11660,12853,6179,6674,3213,1547,1666,
64285,12855,6158,6697,22497,10904,11593,25709,12364,13345,22495,10834,11661,12853,6179,6674,3214,1547,1667,
64290,12857,6158,6699,22498,10905,11593,25712,12367,13345,22497,10835,11662,12855,6181,6674,3214,1547,1667,
64295,12858,6159,6699,22499,10905,11594,25713,12367,13346,22499,10836,11663,12856,6181,6675,3214,1547,1667,
64300,12859,6159,6700,22502,10907,11595,25717,12370,13347,22501,10837,11664,12857,6181,6676,3214,1547,1667,
64305,12859,6159,6700,22504,10908,11596,25717,12370,13347,22502,10837,11665,12857,6181,6676,3215,1547,1668,
64310,12861,6159,6702,22505,10909,11596,25720,12371,13349,22504,10838,11666,12859,6182,6677,3215,1547,1668,
64315,12862,6159,6703,22506,10910,11596,25721,12372,13349,22506,10839,11667,12860,6183,6677,3215,1547,1668,
64320,12863,6160,6703,22509,10912,11597,25725,12374,13351,22508,10840,11668,12861,6184,6677,3215,1547,1668,
64325,12863,6160,6703,22511,10913,11598,25725,12374,13351,22509,10840,11669,12861,6184,6677,3216,1548,1668,
64330,12865,6162,6703,22512,10914,11598,25728,12374,13354,22511,10842,11669,12863,6185,6678,3216,1548,1668,
64335,12866,6162,6704,22513,10915,11598,25729,12374,13355,22513,10842,11671,12864,6185,6679,3216,1548,1668,
64340,12867,6163,6704,22516,10918,11598,25733,12376,13357,22515,10843,11672,12865,6186,6679,3216,1548,1668,
64345,12867,6163,6704,22518,10919,11599,25733,12376,13357,22516,10844,11672,12865,6186,6679,3217,1549,1668,
64350,12869,6164,6705,22519,10919,11600,25736,12378,13358,22518,10844,11674,12867,6187,6680,3217,1549,1668,
64355,12870,6164,6706,22520,10920,11600,25737,12378,13359,22520,10845,11675,12868,6188,6680,3217,1549,1668,
64360,12871,6164,6707,22523,10922,11601,25741,12380,13361,22522,10845,11677,12869,6189,6680,3217,1549,1668,
64365,12871,6164,6707,22525,10922,11603,25741,12380,13361,22523,10845,11678,12869,6189,6680,3218,1550,1668,
64370,12873,6165,6708,22526,10923,11603,25744,12380,13364,22525,10846,11679,12871,6189,6682,3218,1550,1668,
64375,12874,6166,6708,22527,10924,11603,25745,12381,13364,22527,10847,11680,12872,6189,6683,3218,1550,1668,
64380,12875,6166,6709,22530,10926,11604,25749,12384,13365,22529,10849,11680,12873,6190,6683,3218,1550,1668,
64385,12875,6166,6709,22532,10927,11605,25749,12384,13365,22530,10850,11680,12873,6190,6683,3219,1551,1668,
64390,12877,6167,6710,22533,10927,11606,25752,12386,13366,22532,10851,11681,12875,6191,6684,3219,1551,1668,
64395,12878,6167,6711,22534,10927,11607,25753,12387,13366,22534,10851,11683,12876,6191,6685,3219,1551,1668,
64400,12879,6168,6711,22537,10928,11609,25757,12388,13369,22536,10852,11684,12877,6191,6686,3219,1551,1668,
64405,12879,6168,6711,22539,10930,11609,25757,12388,13369,22537,10853,11684,12877,6191,6686,3220,1551,1669,
64410,12881,6170,6711,22540,10930,11610,25760,12390,13370,22539,10854,11685,12879,6191,6688,3220,1551,1669,
64415,12882,6170,6712,22541,10931,11610,25761,12390,13371,22541,10855,11686,12880,6192,6688,3220,1551,1669,
64420,12883,6170,6713,22544,10932,11612,25765,12394,13371,22543,10856,11687,12881,6192,6689,3220,1551,1669,
64425,12883,6170,6713,22546,10934,11612,25765,12394,13371,22544,10856,11688,12881,6192,6689,3221,1551,1670,
64430,12885,6172,6713,22547,10935,11612,25768,12395,13373,22546,10856,11690,12883,6194,6689,3221,1551,1670,
64435,12886,6173,6713,22548,10935,11613,25769,12395,13374,22548,10857,11691,12884,6194,6690,3221,1551,1670,
64440,12887,6174,6713,22551,10936,11615,25773,12397,13376,22550,10859,11691,12885,6195,6690,3221,1551,1670,
64445,12887,6174,6713,22553,10937,11616,25773,12397,13376,22551,10860,11691,12885,6195,6690,3222,1551,1671,
64450,12889,6176,6713,22554,10937,11617,25776,12399,13377,22553,10861,11692,12887,6196,6691,3222,1551,1671,
64455,12890,6177,6713,22555,10937,11618,25777,12399,13378,22555,10862,11693,12888,6196,6692,3222,1551,1671,
64460,12891,6177,6714,22558,10938,11620,25781,12399,13382,22557,10863,11694,12889,6197,6692,3222,1551,1671,
64465,12891,6177,6714,22560,10939,11621,25781,12399,13382,22558,10863,11695,12889,6197,6692,3223,1552,1671,
64470,12893,6177,6716,22561,10940,11621,25784,12400,13384,22560,10863,11697,12891,6197,6694,3223,1552,1671,
64475,12894,6177,6717,22562,10940,11622,25785,12401,13384,22562,10863,11699,12892,6197,6695,3223,1552,1671,
64480,12895,6178,6717,22565,10942,11623,25789,12401,13388,22564,10863,11701,12893,6197,6696,3223,1552,1671,
64485,12895,6178,6717,22567,10942,11625,25789,12401,13388,22565,10863,11702,12893,6197,6696,3224,1552,1672,
64490,12897,6178,6719,22568,10942,11626,25792,12403,13389,22567,10863,11704,12895,6198,6697,3224,1552,1672,
64495,12898,6178,6720,22569,10942,11627,25793,12403,13390,22569,10864,11705,12896,6198,6698,3224,1552,1672,
64500,12899,6179,6720,22572,10943,11629,25797,12405,13392,22571,10865,11706,12897,6199,6698,3224,1552,1672,
64505,12899,6179,6720,22574,10945,11629,25797,12405,13392,22572,10866,11706,12897,6199,6698,3225,1552,1673,
64510,12901,6180,6721,22575,10945,11630,25800,12405,13395,22574,10868,11706,12899,6200,6699,3225,1552,1673,
64515,12902,6180,6722,22576,10945,11631,25801,12405,13396,22576,10869,11707,12900,6201,6699,3225,1552,1673,
64520,12903,6180,6723,22579,10947,11632,25805,12407,13398,22578,10870,11708,12901,6201,6700,3225,1552,1673,
64525,12903,6180,6723,22581,10948,11633,25805,12407,13398,22579,10871,11708,12901,6201,6700,3226,1553,1673,
64530,12905,6181,6724,22582,10948,11634,25808,12409,13399,22581,10871,11710,12903,6203,6700,3226,1553,1673,
64535,12906,6182,6724,22583,10949,11634,25809,12409,13400,22583,10871,11712,12904,6203,6701,3226,1553,1673,
64540,12907,6182,6725,22586,10950,11636,25813,12411,13402,22585,10872,11713,12905,6203,6702,3226,1553,1673,
64545,12907,6182,6725,22588,10951,11637,25813,12411,13402,22586,10872,11714,12905,6203,6702,3227,1554,1673,
64550,12909,6184,6725,22589,10952,11637,25816,12414,13402,22588,10873,11715,12907,6203,6704,3227,1554,1673,
64555,12910,6185,6725,22590,10953,11637,25817,12414,13403,22590,10874,11716,12908,6203,6705,3227,1554,1673,
64560,12911,6185,6726,22593,10954,11639,25821,12416,13405,22592,10874,11718,12909,6203,6706,3227,1554,1673,
64565,12911,6185,6726,22595,10954,11641,25821,12416,13405,22593,10874,11719,12909,6203,6706,3228,1554,1674,
64570,12913,6186,6727,22596,10955,11641,25824,12418,13406,22595,10875,11720,12911,6204,6707,3228,1554,1674,
64575,12914,6186,6728,22597,10955,11642,25825,12419,13406,22597,10875,11722,12912,6204,6708,3228,1554,1674,
64580,12915,6187,6728,22600,10956,11644,25829,12421,13408,22599,10875,11724,12913,6205,6708,3228,1554,1674,
64585,12915,6187,6728,22602,10957,11645,25829,12421,13408,22600,10876,11724,12913,6205,6708,3229,1554,1675,
64590,12917,6188,6729,22603,10957,11646,25832,12421,13411,22602,10878,11724,12915,6206,6709,3229,1554,1675,
64595,12918,6188,6730,22604,10958,11646,25833,12422,13411,22604,10879,11725,12916,6207,6709,3229,1554,1675,
64600,12919,6189,6730,22607,10958,11649,25837,12426,13411,22606,10881,11725,12917,6208,6709,3229,1554,1675,
64605,12919,6189,6730,22609,10958,11651,25837,12426,13411,22607,10882,11725,12917,6208,6709,3230,1555,1675,
64610,12921,6190,6731,22610,10959,11651,25840,12427,13413,22609,10883,11726,12919,6210,6709,3230,1555,1675,
64615,12922,6191,6731,22611,10959,11652,25841,12428,13413,22611,10884,11727,12920,6211,6709,3230,1555,1675,
64620,12923,6191,6732,22614,10962,11652,25845,12430,13415,22613,10886,11727,12921,6211,6710,3230,1555,1675,
64625,12923,6191,6732,22616,10963,11653,25845,12430,13415,22614,10886,11728,12921,6211,6710,3231,1556,1675,
64630,12925,6191,6734,22617,10964,11653,25848,12432,13416,22616,10887,11729,12923,6211,6712,3231,1556,1675,
64635,12926,6191,6735,22618,10965,11653,25849,12432,13417,22618,10889,11729,12924,6211,6713,3231,1556,1675,
64640,12927,6191,6736,22621,10967,11654,25853,12434,13419,22620,10890,11730,12925,6211,6714,3231,1556,1675,
64645,12927,6191,6736,22623,10969,11654,25853,12434,13419,22621,10890,11731,12925,6211,6714,3232,1557,1675,
64650,12929,6192,6737,22624,10970,11654,25856,12436,13420,22623,10892,11731,12927,6212,6715,3232,1557,1675,
64655,12930,6193,6737,22625,10971,11654,25857,12437,13420,22625,10893,11732,12928,6212,6716,3232,1557,1675,
64660,12931,6194,6737,22628,10972,11656,25861,12437,13424,22627,10895,11732,12929,6212,6717,3232,1557,1675,
64665,12931,6194,6737,22630,10972,11658,25861,12437,13424,22628,10895,11733,12929,6212,6717,3233,1558,1675,
64670,12933,6194,6739,22631,10973,11658,25864,12437,13427,22630,10896,11734,12931,6214,6717,3233,1558,1675,
64675,12934,6194,6740,22632,10974,11658,25865,12437,13428,22632,10897,11735,12932,6214,6718,3233,1558,1675,
64680,12935,6194,6741,22635,10975,11660,25869,12438,13431,22634,10898,11736,12933,6215,6718,3233,1558,1675,
64685,12935,6194,6741,22637,10975,11662,25869,12438,13431,22635,10898,11737,12933,6215,6718,3234,1558,1676,
64690,12937,6195,6742,22638,10975,11663,25872,12440,13432,22637,10899,11738,12935,6216,6719,3234,1558,1676,
64695,12938,6195,6743,22639,10975,11664,25873,12440,13433,22639,10901,11738,12936,6217,6719,3234,1558,1676,
64700,12939,6195,6744,22642,10975,11667,25877,12442,13435,22641,10902,11739,12937,6218,6719,3234,1558,1676,
64705,12939,6195,6744,22644,10975,11669,25877,12442,13435,22642,10903,11739,12937,6218,6719,3235,1558,1677,
64710,12941,6197,6744,22645,10975,11670,25880,12443,13437,22644,10904,11740,12939,6219,6720,3235,1558,1677,
64715,12942,6197,6745,22646,10975,11671,25881,12444,13437,22646,10906,11740,12940,6219,6721,3235,1558,1677,
64720,12943,6198,6745,22649,10977,11672,25885,12447,13438,22648,10906,11742,12941,6219,6722,3235,1558,1677,
64725,12943,6198,6745,22651,10979,11672,25885,12447,13438,22649,10907,11742,12941,6219,6722,3236,1559,1677,
64730,12945,6199,6746,22652,10979,11673,25888,12448,13440,22651,10908,11743,12943,6219,6724,3236,1559,1677,
64735,12946,6200,6746,22653,10980,11673,25889,12448,13441,22653,10909,11744,12944,6220,6724,3236,1559,1677,
64740,12947,6200,6747,22656,10981,11675,25893,12451,13442,22655,10910,11745,12945,6220,6725,3236,1559,1677,
64745,12947,6200,6747,22658,10982,11676,25893,12451,13442,22656,10910,11746,12945,6220,6725,3237,1560,1677,
64750,12949,6201,6748,22659,10983,11676,25896,12452,13444,22658,10912,11746,12947,6220,6727,3237,1560,1677,
64755,12950,6201,6749,22660,10983,11677,25897,12452,13445,22660,10913,11747,12948,6220,6728,3237,1560,1677,
64760,12951,6202,6749,22663,10983,11680,25901,12454,13447,22662,10913,11749,12949,6220,6729,3237,1560,1677,
64765,12951,6202,6749,22665,10983,11682,25901,12454,13447,22663,10913,11750,12949,6220,6729,3238,1561,1677,
64770,12953,6203,6750,22666,10983,11683,25904,12456,13448,22665,10914,11751,12951,6221,6730,3238,1561,1677,
64775,12954,6204,6750,22667,10983,11684,25905,12456,13449,22667,10914,11753,12952,6221,6731,3238,1561,1677,
64780,12955,6205,6750,22670,10984,11686,25909,12457,13452,22669,10915,11754,12953,6222,6731,3238,1561,1677,
64785,12955,6205,6750,22672,10985,11687,25909,12457,13452,22670,10915,11755,12953,6222,6731,3239,1561,1678,
64790,12957,6206,6751,22673,10986,11687,25912,12458,13454,22672,10917,11755,12955,6223,6732,3239,1561,1678,
64795,12958,6207,6751,22674,10987,11687,25913,12458,13455,22674,10918,11756,12956,6224,6732,3239,1561,1678,
64800,12959,6208,6751,22677,10989,11688,25917,12461,13456,22676,10919,11757,12957,6224,6733,3239,1561,1678,
64805,12959,6208,6751,22679,10990,11689,25917,12461,13456,22677,10920,11757,12957,6224,6733,3240,1561,1679,
64810,12961,6210,6751,22680,10991,11689,25920,12463,13457,22679,10921,11758,12959,6224,6735,3240,1561,1679,
64815,12962,6210,6752,22681,10991,11690,25921,12464,13457,22681,10923,11758,12960,6225,6735,3240,1561,1679,
64820,12963,6211,6752,22684,10991,11693,25925,12468,13457,22683,10924,11759,12961,6225,6736,3240,1561,1679,
64825,12963,6211,6752,22686,10992,11694,25925,12468,13457,22684,10924,11760,12961,6225,6736,3241,1561,1680,
64830,12965,6213,6752,22687,10993,11694,25928,12470,13458,22686,10925,11761,12963,6226,6737,3241,1561,1680,
64835,12966,6213,6753,22688,10993,11695,25929,12470,13459,22688,10926,11762,12964,6226,6738,3241,1561,1680,
64840,12967,6214,6753,22691,10995,11696,25933,12471,13462,22690,10928,11762,12965,6227,6738,3241,1561,1680,
64845,12967,6214,6753,22693,10996,11697,25933,12471,13462,22691,10928,11763,12965,6227,6738,3242,1562,1680,
64850,12969,6214,6755,22694,10996,11698,25936,12471,13465,22693,10928,11765,12967,6228,6739,3242,1562,1680,
64855,12970,6215,6755,22695,10996,11699,25937,12472,13465,22695,10930,11765,12968,6229,6739,3242,1562,1680,
64860,12971,6215,6756,22698,10997,11701,25941,12473,13468,22697,10931,11766,12969,6229,6740,3242,1562,1680,
64865,12971,6215,6756,22700,10998,11702,25941,12473,13468,22698,10932,11766,12969,6229,6740,3243,1563,1680,
64870,12973,6215,6758,22701,10999,11702,25944,12476,13468,22700,10933,11767,12971,6229,6742,3243,1563,1680,
64875,12974,6216,6758,22702,11000,11702,25945,12477,13468,22702,10933,11769,12972,6229,6743,3243,1563,1680,
64880,12975,6216,6759,22705,11002,11703,25949,12480,13469,22704,10935,11769,12973,6229,6744,3243,1563,1680,
64885,12975,6216,6759,22707,11003,11704,25949,12480,13469,22705,10936,11769,12973,6229,6744,3244,1564,1680,
64890,12977,6217,6760,22708,11004,11704,25952,12481,13471,22707,10938,11769,12975,6231,6744,3244,1564,1680,
64895,12978,6217,6761,22709,11005,11704,25953,12481,13472,22709,10940,11769,12976,6231,6745,3244,1564,1680,
64900,12979,6218,6761,22712,11008,11704,25957,12483,13474,22711,10940,11771,12977,6231,6746,3244,1564,1680,
64905,12979,6218,6761,22714,11009,11705,25957,12483,13474,22712,10941,11771,12977,6231,6746,3245,1564,1681,
64910,12981,6220,6761,22715,11009,11706,25960,12484,13476,22714,10942,11772,12979,6232,6747,3245,1564,1681,
64915,12982,6221,6761,22716,11009,11707,25961,12485,13476,22716,10943,11773,12980,6232,6748,3245,1564,1681,
64920,12983,6222,6761,22719,11010,11709,25965,12486,13479,22718,10943,11775,12981,6233,6748,3245,1564,1681,
64925,12983,6222,6761,22721,11011,11710,25965,12486,13479,22719,10943,11776,12981,6233,6748,3246,1564,1682,
64930,12985,6223,6762,22722,11011,11711,25968,12486,13482,22721,10944,11777,12983,6234,6749,3246,1564,1682,
64935,12986,6224,6762,22723,11011,11712,25969,12487,13482,22723,10945,11778,12984,6234,6750,3246,1564,1682,
64940,12987,6225,6762,22726,11012,11714,25973,12488,13485,22725,10945,11780,12985,6234,6751,3246,1564,1682,
64945,12987,6225,6762,22728,11013,11715,25973,12488,13485,22726,10945,11781,12985,6234,6751,3247,1564,1683,
64950,12989,6226,6763,22729,11014,11715,25976,12490,13486,22728,10945,11783,12987,6236,6751,3247,1564,1683,
64955,12990,6227,6763,22730,11015,11715,25977,12490,13487,22730,10946,11784,12988,6236,6752,3247,1564,1683,
64960,12991,6228,6763,22733,11017,11716,25981,12492,13489,22732,10948,11784,12989,6236,6753,3247,1564,1683,
64965,12991,6228,6763,22735,11017,11718,25981,12492,13489,22733,10949,11784,12989,6236,6753,3248,1565,1683,
64970,12993,6230,6763,22736,11017,11719,25984,12493,13491,22735,10951,11784,12991,6237,6754,3248,1565,1683,
64975,12994,6230,6764,22737,11018,11719,25985,12493,13492,22737,10951,11786,12992,6238,6754,3248,1565,1683,
64980,12995,6231,6764,22740,11019,11721,25989,12493,13496,22739,10952,11787,12993,6239,6754,3248,1565,1683,
64985,12995,6231,6764,22742,11020,11722,25989,12493,13496,22740,10952,11788,12993,6239,6754,3249,1565,1684,
64990,12997,6232,6765,22743,11020,11723,25992,12494,13498,22742,10953,11789,12995,6240,6755,3249,1565,1684,
64995,12998,6232,6766,22744,11020,11724,25993,12494,13499,22744,10954,11790,12996,6241,6755,3249,1565,1684,
65000,12999,6232,6767,22747,11021,11726,25997,12495,13502,22746,10954,11792,12997,6242,6755,3249,1565,1684,
65005,12999,6232,6767,22749,11021,11728,25997,12495,13502,22747,10955,11792,12997,6242,6755,3250,1566,1684,
65010,13001,6233,6768,22750,11022,11728,26000,12498,13502,22749,10956,11793,12999,6243,6756,3250,1566,1684,
65015,13002,6234,6768,22751,11022,11729,26001,12498,13503,22751,10956,11795,13000,6243,6757,3250,1566,1684,
65020,13003,6234,6769,22754,11023,11731,26005,12499,13506,22753,10957,11796,13001,6244,6757,3250,1566,1684,
65025,13003,6234,6769,22756,11024,11732,26005,12499,13506,22754,10957,11797,13001,6244,6757,3251,1566,1685,
65030,13005,6234,6771,22757,11025,11732,26008,12501,13507,22756,10959,11797,13003,6245,6758,3251,1566,1685,
65035,13006,6234,6772,22758,11025,11733,26009,12502,13507,22758,10959,11799,13004,6245,6759,3251,1566,1685,
65040,13007,6234,6773,22761,11027,11734,26013,12502,13511,22760,10960,11800,13005,6246,6759,3251,1566,1685,
65045,13007,6234,6773,22763,11028,11735,26013,12502,13511,22761,10961,11800,13005,6246,6759,3252,1566,1686,
65050,13009,6235,6774,22764,11029,11735,26016,12503,13513,22763,10963,11800,13007,6246,6761,3252,1566,1686,
65055,13010,6235,6775,22765,11030,11735,26017,12503,13514,22765,10964,11801,13008,6246,6762,3252,1566,1686,
65060,13011,6235,6776,22768,11032,11736,26021,12504,13517,22767,10964,11803,13009,6246,6763,3252,1566,1686,
65065,13011,6235,6776,22770,11032,11738,26021,12504,13517,22768,10964,11804,13009,6246,6763,3253,1567,1686,
65070,13013,6235,6778,22771,11032,11739,26024,12505,13519,22770,10965,11805,13011,6248,6763,3253,1567,1686,
65075,13014,6235,6779,22772,11033,11739,26025,12505,13520,22772,10966,11806,13012,6249,6763,3253,1567,1686,
65080,13015,6235,6780,22775,11034,11741,26029,12507,13522,22774,10967,11807,13013,6249,6764,3253,1567,1686,
65085,13015,6235,6780,22777,11036,11741,26029,12507,13522,22775,10968,11807,13013,6249,6764,3254,1567,1687,
65090,13017,6235,6782,22778,11037,11741,26032,12507,13525,22777,10970,11807,13015,6250,6765,3254,1567,1687,
65095,13018,6236,6782,22779,11037,11742,26033,12507,13526,22779,10970,11809,13016,6250,6766,3254,1567,1687,
65100,13019,6236,6783,22782,11039,11743,26037,12509,13528,22781,10970,11811,13017,6250,6767,3254,1567,1687,
65105,13019,6236,6783,22784,11040,11744,26037,12509,13528,22782,10971,11811,13017,6250,6767,3255,1567,1688,
65110,13021,6236,6785,22785,11041,11744,26040,12509,13531,22784,10971,11813,13019,6251,6768,3255,1567,1688,
65115,13022,6237,6785,22786,11041,11745,26041,12509,13532,22786,10972,11814,13020,6252,6768,3255,1567,1688,
65120,13023,6237,6786,22789,11043,11746,26045,12513,13532,22788,10974,11814,13021,6252,6769,3255,1567,1688,
65125,13023,6237,6786,22791,11045,11746,26045,12513,13532,22789,10974,11815,13021,6252,6769,3256,1567,1689,
65130,13025,6238,6787,22792,11045,11747,26048,12516,13532,22791,10974,11817,13023,6253,6770,3256,1567,1689,
65135,13026,6239,6787,22793,11045,11748,26049,12516,13533,22793,10975,11818,13024,6254,6770,3256,1567,1689,
65140,13027,6239,6788,22796,11046,11750,26053,12519,13534,22795,10977,11818,13025,6255,6770,3256,1567,1689,
65145,13027,6239,6788,22798,11047,11751,26053,12519,13534,22796,10978,11818,13025,6255,6770,3257,1568,1689,
65150,13029,6240,6789,22799,11047,11752,26056,12519,13537,22798,10979,11819,13027,6257,6770,3257,1568,1689,
65155,13030,6240,6790,22800,11048,11752,26057,12519,13538,22800,10980,11820,13028,6258,6770,3257,1568,1689,
65160,13031,6240,6791,22803,11049,11754,26061,12522,13539,22802,10980,11822,13029,6258,6771,3257,1568,1689,
65165,13031,6240,6791,22805,11049,11756,26061,12522,13539,22803,10981,11822,13029,6258,6771,3258,1569,1689,
65170,13033,6240,6793,22806,11050,11756,26064,12525,13539,22805,10981,11824,13031,6259,6772,3258,1569,1689,
65175,13034,6241,6793,22807,11051,11756,26065,12525,13540,22807,10982,11825,13032,6259,6773,3258,1569,1689,
65180,13035,6242,6793,22810,11051,11759,26069,12527,13542,22809,10984,11825,13033,6260,6773,3258,1569,1689,
65185,13035,6242,6793,22812,11052,11760,26069,12527,13542,22810,10985,11825,13033,6260,6773,3259,1570,1689,
65190,13037,6243,6794,22813,11053,11760,26072,12528,13544,22812,10986,11826,13035,6260,6775,3259,1570,1689,
65195,13038,6243,6795,22814,11054,11760,26073,12529,13544,22814,10988,11826,13036,6261,6775,3259,1570,1689,
65200,13039,6244,6795,22817,11054,11763,26077,12531,13546,22816,10989,11827,13037,6261,6776,3259,1570,1689,
65205,13039,6244,6795,22819,11055,11764,26077,12531,13546,22817,10990,11827,13037,6261,6776,3260,1571,1689,
65210,13041,6246,6795,22820,11055,11765,26080,12533,13547,22819,10990,11829,13039,6261,6778,3260,1571,1689,
65215,13042,6246,6796,22821,11056,11765,26081,12533,13548,22821,10990,11831,13040,6261,6779,3260,1571,1689,
65220,13043,6247,6796,22824,11059,11765,26085,12535,13550,22823,10991,11832,13041,6262,6779,3260,1571,1689,
65225,13043,6247,6796,22826,11059,11767,26085,12535,13550,22824,10991,11833,13041,6262,6779,3261,1571,1690,
65230,13045,6247,6798,22827,11060,11767,26088,12537,13551,22826,10992,11834,13043,6263,6780,3261,1571,1690,
65235,13046,6247,6799,22828,11060,11768,26089,12537,13552,22828,10993,11835,13044,6263,6781,3261,1571,1690,
65240,13047,6247,6800,22831,11061,11770,26093,12539,13554,22830,10994,11836,13045,6263,6782,3261,1571,1690,
65245,13047,6247,6800,22833,11061,11772,26093,12539,13554,22831,10995,11836,13045,6263,6782,3262,1572,1690,
65250,13049,6247,6802,22834,11061,11773,26096,12542,13554,22833,10996,11837,13047,6264,6783,3262,1572,1690,
65255,13050,6248,6802,22835,11061,11774,26097,12542,13555,22835,10996,11839,13048,6264,6784,3262,1572,1690,
65260,13051,6248,6803,22838,11063,11775,26101,12542,13559,22837,10997,11840,13049,6265,6784,3262,1572,1690,
65265,13051,6248,6803,22840,11064,11776,26101,12542,13559,22838,10998,11840,13049,6265,6784,3263,1573,1690,
65270,13053,6248,6805,22841,11065,11776,26104,12544,13560,22840,10999,11841,13051,6265,6786,3263,1573,1690,
65275,13054,6249,6805,22842,11065,11777,26105,12544,13561,22842,10999,11843,13052,6265,6787,3263,1573,1690,
65280,13055,6249,6806,22845,11067,11778,26109,12546,13563,22844,10999,11845,13053,6265,6788,3263,1573,1690,
65285,13055,6249,6806,22847,11068,11779,26109,12546,13563,22845,10999,11846,13053,6265,6788,3264,1573,1691,
65290,13057,6250,6807,22848,11068,11780,26112,12547,13565,22847,11000,11847,13055,6266,6789,3264,1573,1691,
65295,13058,6251,6807,22849,11069,11780,26113,12547,13566,22849,11002,11847,13056,6266,6790,3264,1573,1691,
65300,13059,6251,6808,22852,11070,11782,26117,12549,13568,22851,11004,11847,13057,6267,6790,3264,1573,1691,
65305,13059,6251,6808,22854,11071,11783,26117,12549,13568,22852,11004,11848,13057,6267,6790,3265,1574,1691,
65310,13061,6252,6809,22855,11072,11783,26120,12552,13568,22854,11005,11849,13059,6267,6792,3265,1574,1691,
65315,13062,6252,6810,22856,11072,11784,26121,12553,13568,22856,11007,11849,13060,6268,6792,3265,1574,1691,
65320,13063,6253,6810,22859,11074,11785,26125,12556,13569,22858,11007,11851,13061,6269,6792,3265,1574,1691,
65325,13063,6253,6810,22861,11074,11787,26125,12556,13569,22859,11008,11851,13061,6269,6792,3266,1575,1691,
65330,13065,6255,6810,22862,11075,11787,26128,12559,13569,22861,11009,11852,13063,6269,6794,3266,1575,1691,
65335,13066,6256,6810,22863,11076,11787,26129,12559,13570,22863,11010,11853,13064,6270,6794,3266,1575,1691,
65340,13067,6257,6810,22866,11078,11788,26133,12560,13573,22865,11010,11855,13065,6270,6795,3266,1575,1691,
65345,13067,6257,6810,22868,11080,11788,26133,12560,13573,22866,11010,11856,13065,6270,6795,3267,1576,1691,
65350,13069,6258,6811,22869,11080,11789,26136,12561,13575,22868,11011,11857,13067,6270,6797,3267,1576,1691,
65355,13070,6258,6812,22870,11081,11789,26137,12562,13575,22870,11012,11858,13068,6270,6798,3267,1576,1691,
65360,13071,6259,6812,22873,11082,11791,26141,12564,13577,22872,11012,11860,13069,6271,6798,3267,1576,1691,
65365,13071,6259,6812,22875,11084,11791,26141,12564,13577,22873,11012,11861,13069,6271,6798,3268,1576,1692,
65370,13073,6261,6812,22876,11084,11792,26144,12566,13578,22875,11013,11862,13071,6273,6798,3268,1576,1692,
65375,13074,6261,6813,22877,11085,11792,26145,12566,13579,22877,11014,11863,13072,6274,6798,3268,1576,1692,
65380,13075,6262,6813,22880,11087,11793,26149,12568,13581,22879,11015,11864,13073,6274,6799,3268,1576,1692,
65385,13075,6262,6813,22882,11089,11793,26149,12568,13581,22880,11015,11865,13073,6274,6799,3269,1577,1692,
65390,13077,6263,6814,22883,11090,11793,26152,12569,13583,22882,11016,11866,13075,6274,6801,3269,1577,1692,
65395,13078,6264,6814,22884,11091,11793,26153,12569,13584,22884,11018,11866,13076,6274,6802,3269,1577,1692,
65400,13079,6264,6815,22887,11092,11795,26157,12570,13587,22886,11019,11867,13077,6275,6802,3269,1577,1692,
65405,13079,6264,6815,22889,11093,11796,26157,12570,13587,22887,11019,11868,13077,6275,6802,3270,1578,1692,
65410,13081,6264,6817,22890,11094,11796,26160,12573,13587,22889,11020,11869,13079,6276,6803,3270,1578,1692,
65415,13082,6265,6817,22891,11095,11796,26161,12574,13587,22891,11020,11871,13080,6276,6804,3270,1578,1692,
65420,13083,6265,6818,22894,11096,11798,26165,12574,13591,22893,11020,11873,13081,6277,6804,3270,1578,1692,
65425,13083,6265,6818,22896,11096,11800,26165,12574,13591,22894,11020,11874,13081,6277,6804,3271,1579,1692,
65430,13085,6266,6819,22897,11097,11800,26168,12575,13593,22896,11022,11874,13083,6278,6805,3271,1579,1692,
65435,13086,6266,6820,22898,11097,11801,26169,12575,13594,22898,11023,11875,13084,6278,6806,3271,1579,1692,
65440,13087,6266,6821,22901,11099,11802,26173,12577,13596,22900,11025,11875,13085,6279,6806,3271,1579,1692,
65445,13087,6266,6821,22903,11100,11803,26173,12577,13596,22901,11025,11876,13085,6279,6806,3272,1580,1692,
65450,13089,6266,6823,22904,11101,11803,26176,12579,13597,22903,11025,11878,13087,6280,6807,3272,1580,1692,
65455,13090,6266,6824,22905,11101,11804,26177,12580,13597,22905,11025,11880,13088,6281,6807,3272,1580,1692,
65460,13091,6267,6824,22908,11104,11804,26181,12582,13599,22907,11026,11881,13089,6281,6808,3272,1580,1692,
65465,13091,6267,6824,22910,11105,11805,26181,12582,13599,22908,11026,11882,13089,6281,6808,3273,1581,1692,
65470,13093,6268,6825,22911,11106,11805,26184,12583,13601,22910,11026,11884,13091,6282,6809,3273,1581,1692,
65475,13094,6268,6826,22912,11106,11806,26185,12583,13602,22912,11028,11884,13092,6282,6810,3273,1581,1692,
65480,13095,6268,6827,22915,11108,11807,26189,12584,13605,22914,11029,11885,13093,6283,6810,3273,1581,1692,
65485,13095,6268,6827,22917,11109,11808,26189,12584,13605,22915,11029,11886,13093,6283,6810,3274,1581,1693,
65490,13097,6269,6828,22918,11109,11809,26192,12586,13606,22917,11030,11887,13095,6285,6810,3274,1581,1693,
65495,13098,6270,6828,22919,11109,11810,26193,12587,13606,22919,11032,11887,13096,6286,6810,3274,1581,1693,
65500,13099,6271,6828,22922,11111,11811,26197,12588,13609,22921,11032,11889,13097,6287,6810,3274,1581,1693,
65505,13099,6271,6828,22924,11112,11812,26197,12588,13609,22922,11033,11889,13097,6287,6810,3275,1581,1694,
65510,13101,6273,6828,22925,11112,11813,26200,12590,13610,22924,11033,11891,13099,6287,6812,3275,1581,1694,
65515,13102,6274,6828,22926,11113,11813,26201,12591,13610,22926,11034,11892,13100,6288,6812,3275,1581,1694,
65520,13103,6275,6828,22929,11114,11815,26205,12593,13612,22928,11036,11892,13101,6289,6812,3275,1581,1694,
65525,13103,6275,6828,22931,11115,11816,26205,12593,13612,22929,11036,11893,13101,6289,6812,3276,1581,1695,
65530,13105,6275,6830,22932,11115,11817,26208,12594,13614,22931,11037,11894,13103,6291,6812,3276,1581,1695,
65535,13106,6276,6830,22933,11115,11818,26209,12594,13615,22933,11038,11895,13104,6292,6812,3276,1581,1695,
65540,13107,6277,6830,22936,11117,11819,26213,12598,13615,22935,11040,11895,13105,6293,6812,3276,1581,1695,
65545,13107,6277,6830,22938,11119,11819,26213,12598,13615,22936,11040,11896,13105,6293,6812,3277,1582,1695,
65550,13109,6278,6831,22939,11119,11820,26216,12601,13615,22938,11041,11897,13107,6293,6814,3277,1582,1695,
65555,13110,6278,6832,22940,11119,11821,26217,12602,13615,22940,11041,11899,13108,6293,6815,3277,1582,1695,
65560,13111,6278,6833,22943,11120,11823,26221,12604,13617,22942,11042,11900,13109,6293,6816,3277,1582,1695,
65565,13111,6278,6833,22945,11121,11824,26221,12604,13617,22943,11042,11901,13109,6293,6816,3278,1582,1696,
65570,13113,6278,6835,22946,11121,11825,26224,12604,13620,22945,11043,11902,13111,6294,6817,3278,1582,1696,
65575,13114,6279,6835,22947,11122,11825,26225,12604,13621,22947,11043,11904,13112,6295,6817,3278,1582,1696,
65580,13115,6279,6836,22950,11124,11826,26229,12607,13622,22949,11043,11906,13113,6296,6817,3278,1582,1696,
65585,13115,6279,6836,22952,11124,11828,26229,12607,13622,22950,11043,11907,13113,6296,6817,3279,1582,1697,
65590,13117,6279,6838,22953,11124,11829,26232,12610,13622,22952,11044,11908,13115,6296,6819,3279,1582,1697,
65595,13118,6280,6838,22954,11124,11830,26233,12610,13623,22954,11046,11908,13116,6297,6819,3279,1582,1697,
65600,13119,6280,6839,22957,11127,11830,26237,12613,13624,22956,11047,11909,13117,6297,6820,3279,1582,1697,
65605,13119,6280,6839,22959,11127,11832,26237,12613,13624,22957,11048,11909,13117,6297,6820,3280,1583,1697,
65610,13121,6282,6839,22960,11128,11832,26240,12613,13627,22959,11049,11910,13119,6297,6822,3280,1583,1697,
65615,13122,6283,6839,22961,11128,11833,26241,12613,13628,22961,11050,11911,13120,6297,6823,3280,1583,1697,
65620,13123,6284,6839,22964,11129,11835,26245,12615,13630,22963,11050,11913,13121,6297,6824,3280,1583,1697,
65625,13123,6284,6839,22966,11130,11836,26245,12615,13630,22964,11051,11913,13121,6297,6824,3281,1584,1697,
65630,13125,6285,6840,22967,11130,11837,26248,12616,13632,22966,11052,11914,13123,6298,6825,3281,1584,1697,
65635,13126,6285,6841,22968,11131,11837,26249,12617,13632,22968,11054,11914,13124,6299,6825,3281,1584,1697,
65640,13127,6285,6842,22971,11133,11838,26253,12619,13634,22970,11055,11915,13125,6300,6825,3281,1584,1697,
65645,13127,6285,6842,22973,11134,11839,26253,12619,13634,22971,11055,11916,13125,6300,6825,3282,1585,1697,
65650,13129,6286,6843,22974,11135,11839,26256,12620,13636,22973,11057,11916,13127,6301,6826,3282,1585,1697,
65655,13130,6286,6844,22975,11135,11840,26257,12621,13636,22975,11059,11916,13128,6301,6827,3282,1585,1697,
65660,13131,6287,6844,22978,11138,11840,26261,12623,13638,22977,11059,11918,13129,6302,6827,3282,1585,1697,
65665,13131,6287,6844,22980,11138,11842,26261,12623,13638,22978,11059,11919,13129,6302,6827,3283,1585,1698,
65670,13133,6288,6845,22981,11138,11843,26264,12624,13640,22980,11059,11921,13131,6302,6829,3283,1585,1698,
65675,13134,6289,6845,22982,11138,11844,26265,12625,13640,22982,11061,11921,13132,6302,6830,3283,1585,1698,
65680,13135,6289,6846,22985,11140,11845,26269,12627,13642,22984,11063,11921,13133,6303,6830,3283,1585,1698,
65685,13135,6289,6846,22987,11141,11846,26269,12627,13642,22985,11063,11922,13133,6303,6830,3284,1586,1698,
65690,13137,6291,6846,22988,11142,11846,26272,12629,13643,22987,11064,11923,13135,6304,6831,3284,1586,1698,
65695,13138,6292,6846,22989,11142,11847,26273,12630,13643,22989,11065,11924,13136,6305,6831,3284,1586,1698,
65700,13139,6293,6846,22992,11143,11849,26277,12632,13645,22991,11067,11924,13137,6305,6832,3284,1586,1698,
65705,13139,6293,6846,22994,11144,11850,26277,12632,13645,22992,11067,11925,13137,6305,6832,3285,1587,1698,
65710,13141,6294,6847,22995,11145,11850,26280,12632,13648,22994,11068,11926,13139,6307,6832,3285,1587,1698,
65715,13142,6294,6848,22996,11145,11851,26281,12632,13649,22996,11069,11927,13140,6307,6833,3285,1587,1698,
65720,13143,6295,6848,22999,11147,11852,26285,12634,13651,22998,11070,11928,13141,6307,6834,3285,1587,1698,
65725,13143,6295,6848,23001,11148,11853,26285,12634,13651,22999,11071,11928,13141,6307,6834,3286,1588,1698,
65730,13145,6296,6849,23002,11149,11853,26288,12636,13652,23001,11073,11928,13143,6309,6834,3286,1588,1698,
65735,13146,6296,6850,23003,11149,11854,26289,12637,13652,23003,11074,11929,13144,6310,6834,3286,1588,1698,
65740,13147,6297,6850,23006,11152,11854,26293,12638,13655,23005,11075,11930,13145,6311,6834,3286,1588,1698,
65745,13147,6297,6850,23008,11152,11856,26293,12638,13655,23006,11075,11931,13145,6311,6834,3287,1588,1699,
65750,13149,6299,6850,23009,11153,11856,26296,12639,13657,23008,11075,11933,13147,6312,6835,3287,1588,1699,
65755,13150,6299,6851,23010,11154,11856,26297,12639,13658,23010,11076,11934,13148,6313,6835,3287,1588,1699,
65760,13151,6299,6852,23013,11157,11856,26301,12639,13662,23012,11077,11935,13149,6314,6835,3287,1588,1699,
65765,13151,6299,6852,23015,11157,11858,26301,12639,13662,23013,11078,11935,13149,6314,6835,3288,1589,1699,
65770,13153,6300,6853,23016,11158,11858,26304,12642,13662,23015,11078,11937,13151,6315,6836,3288,1589,1699,
65775,13154,6300,6854,23017,11159,11858,26305,12642,13663,23017,11078,11939,13152,6316,6836,3288,1589,1699,
65780,13155,6300,6855,23020,11162,11858,26309,12645,13664,23019,11079,11940,13153,6316,6837,3288,1589,1699,
65785,13155,6300,6855,23022,11162,11860,26309,12645,13664,23020,11080,11940,13153,6316,6837,3289,1590,1699,
65790,13157,6300,6857,23023,11163,11860,26312,12646,13666,23022,11080,11942,13155,6317,6838,3289,1590,1699,
65795,13158,6301,6857,23024,11163,11861,26313,12646,13667,23024,11081,11943,13156,6318,6838,3289,1590,1699,
65800,13159,6301,6858,23027,11164,11863,26317,12649,13668,23026,11083,11943,13157,6318,6839,3289,1590,1699,
65805,13159,6301,6858,23029,11165,11864,26317,12649,13668,23027,11084,11943,13157,6318,6839,3290,1591,1699,
65810,13161,6303,6858,23030,11166,11864,26320,12652,13668,23029,11084,11945,13159,6318,6841,3290,1591,1699,
65815,13162,6304,6858,23031,11166,11865,26321,12653,13668,23031,11085,11946,13160,6318,6842,3290,1591,1699,
65820,13163,6305,6858,23034,11168,11866,26325,12657,13668,23033,11087,11946,13161,6318,6843,3290,1591,1699,
65825,13163,6305,6858,23036,11169,11867,26325,12657,13668,23034,11087,11947,13161,6318,6843,3291,1592,1699,
65830,13165,6307,6858,23037,11170,11867,26328,12659,13669,23036,11089,11947,13163,6319,6844,3291,1592,1699,
65835,13166,6308,6858,23038,11171,11867,26329,12659,13670,23038,11089,11949,13164,6319,6845,3291,1592,1699,
65840,13167,6309,6858,23041,11172,11869,26333,12662,13671,23040,11090,11950,13165,6320,6845,3291,1592,1699,
65845,13167,6309,6858,23043,11173,11870,26333,12662,13671,23041,11091,11950,13165,6320,6845,3292,1593,1699,
65850,13169,6309,6860,23044,11173,11871,26336,12662,13674,23043,11091,11952,13167,6321,6846,3292,1593,1699,
65855,13170,6309,6861,23045,11173,11872,26337,12662,13675,23045,11091,11954,13168,6322,6846,3292,1593,1699,
65860,13171,6309,6862,23048,11173,11875,26341,12663,13678,23047,11092,11955,13169,6323,6846,3292,1593,1699,
65865,13171,6309,6862,23050,11173,11877,26341,12663,13678,23048,11093,11955,13169,6323,6846,3293,1593,1700,
65870,13173,6311,6862,23051,11174,11877,26344,12664,13680,23050,11095,11955,13171,6324,6847,3293,1593,1700,
65875,13174,6311,6863,23052,11174,11878,26345,12664,13681,23052,11095,11957,13172,6325,6847,3293,1593,1700,
65880,13175,6312,6863,23055,11176,11879,26349,12664,13685,23054,11095,11959,13173,6325,6848,3293,1593,1700,
65885,13175,6312,6863,23057,11176,11881,26349,12664,13685,23055,11095,11960,13173,6325,6848,3294,1593,1701,
65890,13177,6312,6865,23058,11176,11882,26352,12664,13688,23057,11097,11960,13175,6325,6850,3294,1593,1701,
65895,13178,6313,6865,23059,11176,11883,26353,12664,13689,23059,11097,11962,13176,6326,6850,3294,1593,1701,
65900,13179,6313,6866,23062,11177,11885,26357,12666,13691,23061,11098,11963,13177,6326,6851,3294,1593,1701,
65905,13179,6313,6866,23064,11179,11885,26357,12666,13691,23062,11098,11964,13177,6326,6851,3295,1593,1702,
65910,13181,6314,6867,23065,11180,11885,26360,12668,13692,23064,11100,11964,13179,6328,6851,3295,1593,1702,
65915,13182,6314,6868,23066,11181,11885,26361,12668,13693,23066,11101,11965,13180,6328,6852,3295,1593,1702,
65920,13183,6315,6868,23069,11182,11887,26365,12669,13696,23068,11102,11966,13181,6328,6853,3295,1593,1702,
65925,13183,6315,6868,23071,11182,11889,26365,12669,13696,23069,11103,11966,13181,6328,6853,3296,1594,1702,
65930,13185,6317,6868,23072,11182,11890,26368,12669,13699,23071,11104,11967,13183,6329,6854,3296,1594,1702,
65935,13186,6317,6869,23073,11182,11891,26369,12669,13700,23073,11105,11968,13184,6330,6854,3296,1594,1702,
65940,13187,6318,6869,23076,11184,11892,26373,12671,13702,23075,11106,11969,13185,6330,6855,3296,1594,1702,
65945,13187,6318,6869,23078,11185,11893,26373,12671,13702,23076,11106,11970,13185,6330,6855,3297,1594,1703,
65950,13189,6320,6869,23079,11186,11893,26376,12674,13702,23078,11106,11972,13187,6332,6855,3297,1594,1703,
65955,13190,6320,6870,23080,11186,11894,26377,12674,13703,23080,11106,11974,13188,6333,6855,3297,1594,1703,
65960,13191,6321,6870,23083,11188,11895,26381,12676,13705,23082,11107,11975,13189,6333,6856,3297,1594,1703,
65965,13191,6321,6870,23085,11189,11896,26381,12676,13705,23083,11107,11976,13189,6333,6856,3298,1595,1703,
65970,13193,6322,6871,23086,11189,11897,26384,12676,13708,23085,11109,11976,13191,6333,6858,3298,1595,1703,
65975,13194,6322,6872,23087,11189,11898,26385,12676,13709,23087,11110,11977,13192,6333,6859,3298,1595,1703,
65980,13195,6322,6873,23090,11191,11899,26389,12679,13710,23089,11111,11978,13193,6333,6860,3298,1595,1703,
65985,13195,6322,6873,23092,11191,11901,26389,12679,13710,23090,11111,11979,13193,6333,6860,3299,1596,1703,
65990,13197,6323,6874,23093,11192,11901,26392,12680,13712,23092,11111,11981,13195,6334,6861,3299,1596,1703,
65995,13198,6323,6875,23094,11192,11902,26393,12680,13713,23094,11112,11982,13196,6334,6862,3299,1596,1703,
66000,13199,6324,6875,23097,11193,11904,26397,12680,13717,23096,11112,11984,13197,6334,6863,3299,1596,1703,
66005,13199,6324,6875,23099,11194,11905,26397,12680,13717,23097,11113,11984,13197,6334,6863,3300,1596,1704,
66010,13201,6326,6875,23100,11195,11905,26400,12680,13720,23099,11113,11986,13199,6335,6864,3300,1596,1704,
66015,13202,6326,6876,23101,11196,11905,26401,12680,13721,23101,11114,11987,13200,6335,6865,3300,1596,1704,
66020,13203,6326,6877,23104,11197,11907,26405,12681,13724,23103,11115,11988,13201,6336,6865,3300,1596,1704,
66025,13203,6326,6877,23106,11197,11909,26405,12681,13724,23104,11115,11989,13201,6336,6865,3301,1596,1705,
66030,13205,6327,6878,23107,11198,11909,26408,12683,13725,23106,11116,11990,13203,6338,6865,3301,1596,1705,
66035,13206,6328,6878,23108,11198,11910,26409,12684,13725,23108,11116,11992,13204,6338,6866,3301,1596,1705,
66040,13207,6328,6879,23111,11200,11911,26413,12687,13726,23110,11118,11992,13205,6338,6867,3301,1596,1705,
66045,13207,6328,6879,23113,11201,11912,26413,12687,13726,23111,11118,11993,13205,6338,6867,3302,1597,1705,
66050,13209,6329,6880,23114,11201,11913,26416,12689,13727,23113,11119,11994,13207,6339,6868,3302,1597,1705,
66055,13210,6330,6880,23115,11202,11913,26417,12689,13728,23115,11119,11996,13208,6340,6868,3302,1597,1705,
66060,13211,6331,6880,23118,11202,11916,26421,12691,13730,23117,11120,11997,13209,6341,6868,3302,1597,1705,
66065,13211,6331,6880,23120,11203,11917,26421,12691,13730,23118,11120,11998,13209,6341,6868,3303,1598,1705,
66070,13213,6332,6881,23121,11204,11917,26424,12692,13732,23120,11121,11999,13211,6341,6870,3303,1598,1705,
66075,13214,6333,6881,23122,11204,11918,26425,12693,13732,23122,11122,12000,13212,6341,6871,3303,1598,1705,
66080,13215,6333,6882,23125,11205,11920,26429,12695,13734,23124,11122,12002,13213,6341,6872,3303,1598,1705,
66085,13215,6333,6882,23127,11206,11921,26429,12695,13734,23125,11123,12002,13213,6341,6872,3304,1599,1705,
66090,13217,6335,6882,23128,11207,11921,26432,12696,13736,23127,11124,12003,13215,6343,6872,3304,1599,1705,
66095,13218,6335,6883,23129,11208,11921,26433,12697,13736,23129,11126,12003,13216,6344,6872,3304,1599,1705,
66100,13219,6335,6884,23132,11209,11923,26437,12700,13737,23131,11127,12004,13217,6344,6873,3304,1599,1705,
66105,13219,6335,6884,23134,11210,11924,26437,12700,13737,23132,11127,12005,13217,6344,6873,3305,1599,1706,
66110,13221,6336,6885,23135,11210,11925,26440,12703,13737,23134,11129,12005,13219,6345,6874,3305,1599,1706,
66115,13222,6336,6886,23136,11211,11925,26441,12704,13737,23136,11130,12006,13220,6345,6875,3305,1599,1706,
66120,13223,6336,6887,23139,11213,11926,26445,12707,13738,23138,11130,12008,13221,6346,6875,3305,1599,1706,
66125,13223,6336,6887,23141,11213,11928,26445,12707,13738,23139,11131,12008,13221,6346,6875,3306,1600,1706,
66130,13225,6336,6889,23142,11213,11929,26448,12708,13740,23141,11133,12008,13223,6346,6877,3306,1600,1706,
66135,13226,6337,6889,23143,11214,11929,26449,12709,13740,23143,11133,12010,13224,6346,6878,3306,1600,1706,
66140,13227,6338,6889,23146,11216,11930,26453,12711,13742,23145,11135,12010,13225,6347,6878,3306,1600,1706,
66145,13227,6338,6889,23148,11216,11932,26453,12711,13742,23146,11135,12011,13225,6347,6878,3307,1600,1707,
66150,13229,6338,6891,23149,11216,11933,26456,12713,13743,23148,11136,12012,13227,6347,6880,3307,1600,1707,
66155,13230,6338,6892,23150,11216,11934,26457,12714,13743,23150,11136,12014,13228,6347,6881,3307,1600,1707,
66160,13231,6339,6892,23153,11218,11935,26461,12717,13744,23152,11138,12014,13229,6347,6882,3307,1600,1707,
66165,13231,6339,6892,23155,11219,11936,26461,12717,13744,23153,11139,12014,13229,6347,6882,3308,1601,1707,
66170,13233,6340,6893,23156,11220,11936,26464,12718,13746,23155,11141,12014,13231,6348,6883,3308,1601,1707,
66175,13234,6341,6893,23157,11220,11937,26465,12719,13746,23157,11141,12016,13232,6348,6884,3308,1601,1707,
66180,13235,6342,6893,23160,11221,11939,26469,12720,13749,23159,11142,12017,13233,6348,6885,3308,1601,1707,
66185,13235,6342,6893,23162,11221,11941,26469,12720,13749,23160,11143,12017,13233,6348,6885,3309,1602,1707,
66190,13237,6343,6894,23163,11221,11942,26472,12722,13750,23162,11145,12017,13235,6350,6885,3309,1602,1707,
66195,13238,6344,6894,23164,11221,11943,26473,12722,13751,23164,11145,12019,13236,6350,6886,3309,1602,1707,
66200,13239,6345,6894,23167,11223,11944,26477,12725,13752,23166,11145,12021,13237,6350,6887,3309,1602,1707,
66205,13239,6345,6894,23169,11224,11945,26477,12725,13752,23167,11145,12022,13237,6350,6887,3310,1602,1708,
66210,13241,6347,6894,23170,11225,11945,26480,12727,13753,23169,11146,12023,13239,6351,6888,3310,1602,1708,
66215,13242,6347,6895,23171,11226,11945,26481,12727,13754,23171,11146,12025,13240,6352,6888,3310,1602,1708,
66220,13243,6347,6896,23174,11226,11948,26485,12728,13757,23173,11146,12027,13241,6353,6888,3310,1602,1708,
66225,13243,6347,6896,23176,11226,11950,26485,12728,13757,23174,11146,12028,13241,6353,6888,3311,1602,1709,
66230,13245,6348,6897,23177,11227,11950,26488,12729,13759,23176,11147,12029,13243,6355,6888,3311,1602,1709,
66235,13246,6349,6897,23178,11227,11951,26489,12730,13759,23178,11147,12031,13244,6355,6889,3311,1602,1709,
66240,13247,6350,6897,23181,11230,11951,26493,12731,13762,23180,11148,12032,13245,6356,6889,3311,1602,1709,
66245,13247,6350,6897,23183,11231,11952,26493,12731,13762,23181,11149,12032,13245,6356,6889,3312,1603,1709,
66250,13249,6351,6898,23184,11231,11953,26496,12732,13764,23183,11149,12034,13247,6357,6890,3312,1603,1709,
66255,13250,6352,6898,23185,11232,11953,26497,12733,13764,23185,11151,12034,13248,6358,6890,3312,1603,1709,
66260,13251,6353,6898,23188,11233,11955,26501,12736,13765,23187,11152,12035,13249,6359,6890,3312,1603,1709,
66265,13251,6353,6898,23190,11234,11956,26501,12736,13765,23188,11152,12036,13249,6359,6890,3313,1604,1709,
66270,13253,6354,6899,23191,11234,11957,26504,12737,13767,23190,11152,12038,13251,6361,6890,3313,1604,1709,
66275,13254,6354,6900,23192,11234,11958,26505,12738,13767,23192,11153,12039,13252,6361,6891,3313,1604,1709,
66280,13255,6354,6901,23195,11235,11960,26509,12740,13769,23194,11153,12041,13253,6362,6891,3313,1604,1709,
66285,13255,6354,6901,23197,11236,11961,26509,12740,13769,23195,11154,12041,13253,6362,6891,3314,1604,1710,
66290,13257,6356,6901,23198,11237,11961,26512,12742,13770,23197,11154,12043,13255,6363,6892,3314,1604,1710,
66295,13258,6357,6901,23199,11237,11962,26513,12742,13771,23199,11154,12045,13256,6363,6893,3314,1604,1710,
66300,13259,6358,6901,23202,11239,11963,26517,12743,13774,23201,11156,12045,13257,6363,6894,3314,1604,1710,
66305,13259,6358,6901,23204,11240,11964,26517,12743,13774,23202,11156,12046,13257,6363,6894,3315,1605,1710,
66310,13261,6359,6902,23205,11241,11964,26520,12744,13776,23204,11157,12047,13259,6364,6895,3315,1605,1710,
66315,13262,6360,6902,23206,11241,11965,26521,12744,13777,23206,11158,12048,13260,6365,6895,3315,1605,1710,
66320,13263,6361,6902,23209,11243,11966,26525,12746,13779,23208,11160,12048,13261,6366,6895,3315,1605,1710,
66325,13263,6361,6902,23211,11244,11967,26525,12746,13779,23209,11161,12048,13261,6366,6895,3316,1606,1710,
66330,13265,6363,6902,23212,11244,11968,26528,12748,13780,23211,11162,12049,13263,6368,6895,3316,1606,1710,
66335,13266,6364,6902,23213,11244,11969,26529,12748,13781,23213,11162,12051,13264,6368,6896,3316,1606,1710,
66340,13267,6365,6902,23216,11247,11969,26533,12749,13784,23215,11163,12052,13265,6368,6897,3316,1606,1710,
66345,13267,6365,6902,23218,11247,11971,26533,12749,13784,23216,11163,12053,13265,6368,6897,3317,1607,1710,
66350,13269,6367,6902,23219,11248,11971,26536,12751,13785,23218,11165,12053,13267,6369,6898,3317,1607,1710,
66355,13270,6367,6903,23220,11248,11972,26537,12752,13785,23220,11165,12055,13268,6369,6899,3317,1607,1710,
66360,13271,6368,6903,23223,11249,11974,26541,12755,13786,23222,11166,12056,13269,6369,6900,3317,1607,1710,
66365,13271,6368,6903,23225,11251,11974,26541,12755,13786,23223,11167,12056,13269,6369,6900,3318,1607,1711,
66370,13273,6369,6904,23226,11251,11975,26544,12756,13788,23225,11168,12057,13271,6371,6900,3318,1607,1711,
66375,13274,6370,6904,23227,11252,11975,26545,12757,13788,23227,11170,12057,13272,6372,6900,3318,1607,1711,
66380,13275,6371,6904,23230,11253,11977,26549,12760,13789,23229,11171,12058,13273,6373,6900,3318,1607,1711,
66385,13275,6371,6904,23232,11255,11977,26549,12760,13789,23230,11171,12059,13273,6373,6900,3319,1608,1711,
66390,13277,6371,6906,23233,11256,11977,26552,12762,13790,23232,11171,12061,13275,6375,6900,3319,1608,1711,
66395,13278,6371,6907,23234,11257,11977,26553,12762,13791,23234,11173,12061,13276,6375,6901,3319,1608,1711,
66400,13279,6371,6908,23237,11257,11980,26557,12765,13792,23236,11173,12063,13277,6376,6901,3319,1608,1711,
66405,13279,6371,6908,23239,11257,11982,26557,12765,13792,23237,11173,12064,13277,6376,6901,3320,1609,1711,
66410,13281,6372,6909,23240,11257,11983,26560,12768,13792,23239,11174,12065,13279,6377,6902,3320,1609,1711,
66415,13282,6373,6909,23241,11257,11984,26561,12769,13792,23241,11175,12066,13280,6377,6903,3320,1609,1711,
66420,13283,6374,6909,23244,11257,11987,26565,12771,13794,23243,11176,12067,13281,6378,6903,3320,1609,1711,
66425,13283,6374,6909,23246,11258,11988,26565,12771,13794,23244,11177,12067,13281,6378,6903,3321,1609,1712,
66430,13285,6376,6909,23247,11259,11988,26568,12772,13796,23246,11178,12068,13283,6379,6904,3321,1609,1712,
66435,13286,6376,6910,23248,11259,11989,26569,12772,13797,23248,11178,12070,13284,6380,6904,3321,1609,1712,
66440,13287,6376,6911,23251,11260,11991,26573,12775,13798,23250,11179,12071,13285,6381,6904,3321,1609,1712,
66445,13287,6376,6911,23253,11261,11992,26573,12775,13798,23251,11180,12071,13285,6381,6904,3322,1610,1712,
66450,13289,6376,6913,23254,11261,11993,26576,12777,13799,23253,11180,12073,13287,6381,6906,3322,1610,1712,
66455,13290,6377,6913,23255,11262,11993,26577,12777,13800,23255,11181,12074,13288,6382,6906,3322,1610,1712,
66460,13291,6377,6914,23258,11263,11995,26581,12779,13802,23257,11182,12075,13289,6382,6907,3322,1610,1712,
66465,13291,6377,6914,23260,11263,11997,26581,12779,13802,23258,11182,12076,13289,6382,6907,3323,1610,1713,
66470,13293,6378,6915,23261,11263,11998,26584,12779,13805,23260,11183,12077,13291,6383,6908,3323,1610,1713,
66475,13294,6378,6916,23262,11264,11998,26585,12780,13805,23262,11184,12078,13292,6384,6908,3323,1610,1713,
66480,13295,6378,6917,23265,11266,11999,26589,12782,13807,23264,11184,12080,13293,6384,6909,3323,1610,1713,
66485,13295,6378,6917,23267,11266,12001,26589,12782,13807,23265,11184,12081,13293,6384,6909,3324,1610,1714,
66490,13297,6379,6918,23268,11267,12001,26592,12784,13808,23267,11184,12083,13295,6384,6911,3324,1610,1714,
66495,13298,6380,6918,23269,11268,12001,26593,12785,13808,23269,11186,12083,13296,6385,6911,3324,1610,1714,
66500,13299,6381,6918,23272,11269,12003,26597,12787,13810,23271,11187,12084,13297,6385,6912,3324,1610,1714,
66505,13299,6381,6918,23274,11271,12003,26597,12787,13810,23272,11187,12085,13297,6385,6912,3325,1611,1714,
66510,13301,6382,6919,23275,11271,12004,26600,12788,13812,23274,11189,12085,13299,6385,6914,3325,1611,1714,
66515,13302,6382,6920,23276,11272,12004,26601,12789,13812,23276,11190,12086,13300,6386,6914,3325,1611,1714,
66520,13303,6383,6920,23279,11274,12005,26605,12791,13814,23278,11190,12088,13301,6386,6915,3325,1611,1714,
66525,13303,6383,6920,23281,11275,12006,26605,12791,13814,23279,11190,12089,13301,6386,6915,3326,1612,1714,
66530,13305,6385,6920,23282,11275,12007,26608,12792,13816,23281,11190,12091,13303,6387,6916,3326,1612,1714,
66535,13306,6385,6921,23283,11276,12007,26609,12793,13816,23283,11191,12092,13304,6388,6916,3326,1612,1714,
66540,13307,6385,6922,23286,11277,12009,26613,12796,13817,23285,11191,12094,13305,6388,6917,3326,1612,1714,
66545,13307,6385,6922,23288,11278,12010,26613,12796,13817,23286,11191,12095,13305,6388,6917,3327,1612,1715,
66550,13309,6386,6923,23289,11279,12010,26616,12797,13819,23288,11193,12095,13307,6389,6918,3327,1612,1715,
66555,13310,6386,6924,23290,11280,12010,26617,12797,13820,23290,11194,12096,13308,6390,6918,3327,1612,1715,
66560,13311,6386,6925,23293,11282,12011,26621,12799,13822,23292,11196,12096,13309,6390,6919,3327,1612,1715,
66565,13311,6386,6925,23295,11283,12012,26621,12799,13822,23293,11196,12097,13309,6390,6919,3328,1613,1715,
66570,13313,6388,6925,23296,11283,12013,26624,12799,13825,23295,11196,12099,13311,6391,6920,3328,1613,1715,
66575,13314,6389,6925,23297,11284,12013,26625,12799,13826,23297,11198,12099,13312,6391,6921,3328,1613,1715,
66580,13315,6390,6925,23300,11284,12016,26629,12802,13827,23299,11199,12100,13313,6392,6921,3328,1613,1715,
66585,13315,6390,6925,23302,11285,12017,26629,12802,13827,23300,11199,12101,13313,6392,6921,3329,1613,1716,
66590,13317,6391,6926,23303,11285,12018,26632,12804,13828,23302,11200,12102,13315,6393,6922,3329,1613,1716,
66595,13318,6391,6927,23304,11285,12019,26633,12805,13828,23304,11201,12103,13316,6394,6922,3329,1613,1716,
66600,13319,6392,6927,23307,11286,12021,26637,12806,13831,23306,11202,12104,13317,6394,6923,3329,1613,1716,
66605,13319,6392,6927,23309,11286,12023,26637,12806,13831,23307,11203,12104,13317,6394,6923,3330,1613,1717,
66610,13321,6394,6927,23310,11287,12023,26640,12806,13834,23309,11203,12106,13319,6394,6925,3330,1613,1717,
66615,13322,6394,6928,23311,11288,12023,26641,12807,13834,23311,11205,12106,13320,6395,6925,3330,1613,1717,
66620,13323,6395,6928,23314,11288,12026,26645,12811,13834,23313,11206,12107,13321,6395,6926,3330,1613,1717,
66625,13323,6395,6928,23316,11290,12026,26645,12811,13834,23314,11207,12107,13321,6395,6926,3331,1613,1718,
66630,13325,6396,6929,23317,11291,12026,26648,12812,13836,23316,11207,12109,13323,6397,6926,3331,1613,1718,
66635,13326,6397,6929,23318,11292,12026,26649,12812,13837,23318,11208,12110,13324,6398,6926,3331,1613,1718,
66640,13327,6398,6929,23321,11293,12028,26653,12813,13840,23320,11209,12111,13325,6399,6926,3331,1613,1718,
66645,13327,6398,6929,23323,11295,12028,26653,12813,13840,23321,11209,12112,13325,6399,6926,3332,1613,1719,
66650,13329,6399,6930,23324,11295,12029,26656,12814,13842,23323,11209,12114,13327,6401,6926,3332,1613,1719,
66655,13330,6400,6930,23325,11295,12030,26657,12814,13843,23325,11210,12115,13328,6402,6926,3332,1613,1719,
66660,13331,6400,6931,23328,11298,12030,26661,12817,13844,23327,11211,12116,13329,6403,6926,3332,1613,1719,
66665,13331,6400,6931,23330,11299,12031,26661,12817,13844,23328,11211,12117,13329,6403,6926,3333,1614,1719,
66670,13333,6401,6932,23331,11300,12031,26664,12818,13846,23330,11211,12119,13331,6405,6926,3333,1614,1719,
66675,13334,6402,6932,23332,11301,12031,26665,12818,13847,23332,11213,12119,13332,6405,6927,3333,1614,1719,
66680,13335,6402,6933,23335,11302,12033,26669,12820,13849,23334,11214,12120,13333,6405,6928,3333,1614,1719,
66685,13335,6402,6933,23337,11303,12034,26669,12820,13849,23335,11214,12121,13333,6405,6928,3334,1615,1719,
66690,13337,6404,6933,23338,11303,12035,26672,12821,13851,23337,11216,12121,13335,6406,6929,3334,1615,1719,
66695,13338,6404,6934,23339,11304,12035,26673,12821,13852,23339,11216,12123,13336,6407,6929,3334,1615,1719,
66700,13339,6404,6935,23342,11307,12035,26677,12824,13853,23341,11218,12123,13337,6407,6930,3334,1615,1719,
66705,13339,6404,6935,23344,11307,12037,26677,12824,13853,23342,11219,12123,13337,6407,6930,3335,1616,1719,
66710,13341,6405,6936,23345,11308,12037,26680,12827,13853,23344,11219,12125,13339,6408,6931,3335,1616,1719,
66715,13342,6405,6937,23346,11309,12037,26681,12827,13854,23346,11220,12126,13340,6408,6932,3335,1616,1719,
66720,13343,6405,6938,23349,11311,12038,26685,12828,13857,23348,11221,12127,13341,6409,6932,3335,1616,1719,
66725,13343,6405,6938,23351,11311,12040,26685,12828,13857,23349,11222,12127,13341,6409,6932,3336,1616,1720,
66730,13345,6406,6939,23352,11311,12041,26688,12829,13859,23351,11222,12129,13343,6410,6933,3336,1616,1720,
66735,13346,6406,6940,23353,11311,12042,26689,12830,13859,23353,11223,12130,13344,6411,6933,3336,1616,1720,
66740,13347,6407,6940,23356,11314,12042,26693,12832,13861,23355,11223,12132,13345,6411,6934,3336,1616,1720,
66745,13347,6407,6940,23358,11315,12043,26693,12832,13861,23356,11223,12133,13345,6411,6934,3337,1617,1720,
66750,13349,6407,6942,23359,11315,12044,26696,12833,13863,23358,11223,12135,13347,6411,6936,3337,1617,1720,
66755,13350,6408,6942,23360,11316,12044,26697,12833,13864,23360,11223,12137,13348,6412,6936,3337,1617,1720,
66760,13351,6409,6942,23363,11318,12045,26701,12837,13864,23362,11224,12138,13349,6413,6936,3337,1617,1720,
66765,13351,6409,6942,23365,11319,12046,26701,12837,13864,23363,11225,12138,13349,6413,6936,3338,1618,1720,
66770,13353,6409,6944,23366,11320,12046,26704,12837,13867,23365,11227,12138,13351,6414,6937,3338,1618,1720,
66775,13354,6409,6945,23367,11320,12047,26705,12838,13867,23367,11229,12138,13352,6414,6938,3338,1618,1720,
66780,13355,6409,6946,23370,11321,12049,26709,12838,13871,23369,11231,12138,13353,6414,6939,3338,1618,1720,
66785,13355,6409,6946,23372,11322,12050,26709,12838,13871,23370,11232,12138,13353,6414,6939,3339,1619,1720,
66790,13357,6410,6947,23373,11322,12051,26712,12839,13873,23372,11233,12139,13355,6416,6939,3339,1619,1720,
66795,13358,6411,6947,23374,11322,12052,26713,12839,13874,23374,11234,12140,13356,6416,6940,3339,1619,1720,
66800,13359,6412,6947,23377,11323,12054,26717,12841,13876,23376,11235,12141,13357,6417,6940,3339,1619,1720,
66805,13359,6412,6947,23379,11324,12055,26717,12841,13876,23377,11236,12141,13357,6417,6940,3340,1620,1720,
66810,13361,6414,6947,23380,11324,12056,26720,12841,13879,23379,11237,12142,13359,6418,6941,3340,1620,1720,
66815,13362,6415,6947,23381,11324,12057,26721,12841,13880,23381,11237,12144,13360,6418,6942,3340,1620,1720,
66820,13363,6415,6948,23384,11325,12059,26725,12844,13881,23383,11238,12145,13361,6419,6942,3340,1620,1720,
66825,13363,6415,6948,23386,11326,12060,26725,12844,13881,23384,11238,12146,13361,6419,6942,3341,1620,1721,
66830,13365,6415,6950,23387,11327,12060,26728,12846,13882,23386,11239,12147,13363,6421,6942,3341,1620,1721,
66835,13366,6416,6950,23388,11327,12061,26729,12846,13883,23388,11240,12148,13364,6422,6942,3341,1620,1721,
66840,13367,6417,6950,23391,11330,12061,26733,12846,13887,23390,11241,12149,13365,6422,6943,3341,1620,1721,
66845,13367,6417,6950,23393,11331,12062,26733,12846,13887,23391,11242,12149,13365,6422,6943,3342,1621,1721,
66850,13369,6418,6951,23394,11331,12063,26736,12849,13887,23393,11244,12149,13367,6423,6944,3342,1621,1721,
66855,13370,6419,6951,23395,11332,12063,26737,12850,13887,23395,11244,12151,13368,6423,6945,3342,1621,1721,
66860,13371,6420,6951,23398,11333,12065,26741,12851,13890,23397,11246,12151,13369,6423,6946,3342,1621,1721,
66865,13371,6420,6951,23400,11334,12066,26741,12851,13890,23398,11247,12151,13369,6423,6946,3343,1621,1722,
66870,13373,6421,6952,23401,11335,12066,26744,12851,13893,23400,11248,12152,13371,6424,6947,3343,1621,1722,
66875,13374,6422,6952,23402,11335,12067,26745,12851,13894,23402,11249,12153,13372,6425,6947,3343,1621,1722,
66880,13375,6422,6953,23405,11336,12069,26749,12853,13896,23404,11249,12155,13373,6425,6948,3343,1621,1722,
66885,13375,6422,6953,23407,11337,12070,26749,12853,13896,23405,11249,12156,13373,6425,6948,3344,1622,1722,
66890,13377,6424,6953,23408,11338,12070,26752,12854,13898,23407,11251,12156,13375,6427,6948,3344,1622,1722,
66895,13378,6424,6954,23409,11338,12071,26753,12854,13899,23409,11252,12157,13376,6427,6949,3344,1622,1722,
66900,13379,6425,6954,23412,11340,12072,26757,12855,13902,23411,11253,12158,13377,6427,6950,3344,1622,1722,
66905,13379,6425,6954,23414,11341,12073,26757,12855,13902,23412,11253,12159,13377,6427,6950,3345,1622,1723,
66910,13381,6426,6955,23415,11341,12074,26760,12856,13904,23414,11254,12160,13379,6428,6951,3345,1622,1723,
66915,13382,6427,6955,23416,11341,12075,26761,12857,13904,23416,11254,12162,13380,6428,6952,3345,1622,1723,
66920,13383,6428,6955,23419,11342,12077,26765,12859,13906,23418,11255,12163,13381,6428,6953,3345,1622,1723,
66925,13383,6428,6955,23421,11343,12078,26765,12859,13906,23419,11256,12163,13381,6428,6953,3346,1622,1724,
66930,13385,6428,6957,23422,11343,12079,26768,12860,13908,23421,11257,12164,13383,6429,6954,3346,1622,1724,
66935,13386,6429,6957,23423,11344,12079,26769,12860,13909,23423,11258,12165,13384,6430,6954,3346,1622,1724,
66940,13387,6429,6958,23426,11346,12080,26773,12863,13910,23425,11258,12167,13385,6430,6955,3346,1622,1724,
66945,13387,6429,6958,23428,11347,12081,26773,12863,13910,23426,11258,12168,13385,6430,6955,3347,1623,1724,
66950,13389,6429,6960,23429,11348,12081,26776,12865,13911,23428,11259,12169,13387,6431,6956,3347,1623,1724,
66955,13390,6429,6961,23430,11349,12081,26777,12865,13912,23430,11260,12170,13388,6431,6957,3347,1623,1724,
66960,13391,6430,6961,23433,11351,12082,26781,12867,13914,23432,11262,12170,13389,6431,6958,3347,1623,1724,
66965,13391,6430,6961,23435,11351,12084,26781,12867,13914,23433,11263,12170,13389,6431,6958,3348,1624,1724,
66970,13393,6430,6963,23436,11351,12085,26784,12868,13916,23435,11263,12172,13391,6433,6958,3348,1624,1724,
66975,13394,6431,6963,23437,11352,12085,26785,12869,13916,23437,11264,12173,13392,6434,6958,3348,1624,1724,
66980,13395,6432,6963,23440,11353,12087,26789,12871,13918,23439,11264,12175,13393,6434,6959,3348,1624,1724,
66985,13395,6432,6963,23442,11354,12088,26789,12871,13918,23440,11265,12175,13393,6434,6959,3349,1624,1725,
66990,13397,6434,6963,23443,11355,12088,26792,12871,13921,23442,11265,12177,13395,6434,6961,3349,1624,1725,
66995,13398,6435,6963,23444,11355,12089,26793,12872,13921,23444,11265,12179,13396,6435,6961,3349,1624,1725,
67000,13399,6436,6963,23447,11357,12090,26797,12875,13922,23446,11266,12180,13397,6435,6962,3349,1624,1725,
67005,13399,6436,6963,23449,11358,12091,26797,12875,13922,23447,11267,12180,13397,6435,6962,3350,1624,1726,
67010,13401,6437,6964,23450,11358,12092,26800,12877,13923,23449,11267,12182,13399,6437,6962,3350,1624,1726,
67015,13402,6438,6964,23451,11359,12092,26801,12878,13923,23451,11268,12183,13400,6437,6963,3350,1624,1726,
67020,13403,6439,6964,23454,11359,12095,26805,12881,13924,23453,11269,12184,13401,6437,6964,3350,1624,1726,
67025,13403,6439,6964,23456,11359,12097,26805,12881,13924,23454,11269,12185,13401,6437,6964,3351,1624,1727,
67030,13405,6441,6964,23457,11359,12098,26808,12883,13925,23456,11269,12187,13403,6439,6964,3351,1624,1727,
67035,13406,6441,6965,23458,11360,12098,26809,12884,13925,23458,11270,12188,13404,6439,6965,3351,1624,1727,
67040,13407,6441,6966,23461,11362,12099,26813,12886,13927,23460,11270,12190,13405,6439,6966,3351,1624,1727,
67045,13407,6441,6966,23463,11363,12100,26813,12886,13927,23461,11270,12191,13405,6439,6966,3352,1625,1727,
67050,13409,6441,6968,23464,11364,12100,26816,12886,13930,23463,11271,12192,13407,6439,6968,3352,1625,1727,
67055,13410,6441,6969,23465,11365,12100,26817,12886,13931,23465,11272,12193,13408,6439,6969,3352,1625,1727,
67060,13411,6442,6969,23468,11367,12101,26821,12886,13935,23467,11272,12195,13409,6439,6970,3352,1625,1727,
67065,13411,6442,6969,23470,11368,12102,26821,12886,13935,23468,11273,12195,13409,6439,6970,3353,1625,1728,
67070,13413,6443,6970,23471,11369,12102,26824,12887,13937,23470,11273,12197,13411,6441,6970,3353,1625,1728,
67075,13414,6444,6970,23472,11370,12102,26825,12888,13937,23472,11275,12197,13412,6442,6970,3353,1625,1728,
67080,13415,6445,6970,23475,11372,12103,26829,12892,13937,23474,11277,12197,13413,6442,6971,3353,1625,1728,
67085,13415,6445,6970,23477,11373,12104,26829,12892,13937,23475,11278,12197,13413,6442,6971,3354,1625,1729,
67090,13417,6446,6971,23478,11374,12104,26832,12894,13938,23477,11279,12198,13415,6442,6973,3354,1625,1729,
67095,13418,6446,6972,23479,11374,12105,26833,12894,13939,23479,11279,12200,13416,6442,6974,3354,1625,1729,
67100,13419,6446,6973,23482,11375,12107,26837,12896,13941,23481,11281,12200,13417,6443,6974,3354,1625,1729,
67105,13419,6446,6973,23484,11375,12109,26837,12896,13941,23482,11281,12201,13417,6443,6974,3355,1626,1729,
67110,13421,6447,6974,23485,11376,12109,26840,12898,13942,23484,11283,12201,13419,6444,6975,3355,1626,1729,
67115,13422,6447,6975,23486,11377,12109,26841,12898,13943,23486,11284,12202,13420,6445,6975,3355,1626,1729,
67120,13423,6448,6975,23489,11378,12111,26845,12902,13943,23488,11285,12203,13421,6446,6975,3355,1626,1729,
67125,13423,6448,6975,23491,11379,12112,26845,12902,13943,23489,11285,12204,13421,6446,6975,3356,1627,1729,
67130,13425,6449,6976,23492,11379,12113,26848,12905,13943,23491,11287,12204,13423,6446,6977,3356,1627,1729,
67135,13426,6449,6977,23493,11380,12113,26849,12906,13943,23493,11287,12206,13424,6447,6977,3356,1627,1729,
67140,13427,6449,6978,23496,11381,12115,26853,12909,13944,23495,11288,12207,13425,6448,6977,3356,1627,1729,
67145,13427,6449,6978,23498,11381,12117,26853,12909,13944,23496,11288,12208,13425,6448,6977,3357,1628,1729,
67150,13429,6450,6979,23499,11381,12118,26856,12910,13946,23498,11289,12209,13427,6448,6979,3357,1628,1729,
67155,13430,6450,6980,23500,11382,12118,26857,12911,13946,23500,11289,12211,13428,6448,6980,3357,1628,1729,
67160,13431,6450,6981,23503,11384,12119,26861,12912,13949,23502,11291,12211,13429,6449,6980,3357,1628,1729,
67165,13431,6450,6981,23505,11386,12119,26861,12912,13949,23503,11291,12212,13429,6449,6980,3358,1628,1730,
67170,13433,6452,6981,23506,11386,12120,26864,12913,13951,23505,11291,12214,13431,6450,6981,3358,1628,1730,
67175,13434,6453,6981,23507,11387,12120,26865,12913,13952,23507,11292,12215,13432,6451,6981,3358,1628,1730,
67180,13435,6454,6981,23510,11388,12122,26869,12914,13955,23509,11294,12215,13433,6451,6982,3358,1628,1730,
67185,13435,6454,6981,23512,11389,12123,26869,12914,13955,23510,11294,12216,13433,6451,6982,3359,1629,1730,
67190,13437,6455,6982,23513,11389,12124,26872,12916,13956,23512,11295,12217,13435,6452,6983,3359,1629,1730,
67195,13438,6455,6983,23514,11389,12125,26873,12917,13956,23514,11295,12219,13436,6452,6984,3359,1629,1730,
67200,13439,6455,6984,23517,11390,12127,26877,12918,13959,23516,11296,12220,13437,6452,6985,3359,1629,1730,
67205,13439,6455,6984,23519,11391,12128,26877,12918,13959,23517,11296,12221,13437,6452,6985,3360,1630,1730,
67210,13441,6456,6985,23520,11391,12129,26880,12920,13960,23519,11297,12222,13439,6453,6986,3360,1630,1730,
67215,13442,6457,6985,23521,11392,12129,26881,12920,13961,23521,11298,12223,13440,6454,6986,3360,1630,1730,
67220,13443,6457,6986,23524,11394,12130,26885,12923,13962,23523,11299,12224,13441,6455,6986,3360,1630,1730,
67225,13443,6457,6986,23526,11396,12130,26885,12923,13962,23524,11300,12224,13441,6455,6986,3361,1630,1731,
67230,13445,6458,6987,23527,11397,12130,26888,12924,13964,23526,11302,12224,13443,6455,6988,3361,1630,1731,
67235,13446,6458,6988,23528,11397,12131,26889,12925,13964,23528,11302,12226,13444,6455,6989,3361,1630,1731,
67240,13447,6459,6988,23531,11399,12132,26893,12928,13965,23530,11302,12228,13445,6455,6990,3361,1630,1731,
67245,13447,6459,6988,23533,11399,12134,26893,12928,13965,23531,11303,12228,13445,6455,6990,3362,1630,1732,
67250,13449,6460,6989,23534,11400,12134,26896,12929,13967,23533,11304,12229,13447,6455,6992,3362,1630,1732,
67255,13450,6460,6990,23535,11400,12135,26897,12930,13967,23535,11305,12230,13448,6455,6993,3362,1630,1732,
67260,13451,6460,6991,23538,11402,12136,26901,12931,13970,23537,11305,12232,13449,6455,6994,3362,1630,1732,
67265,13451,6460,6991,23540,11403,12137,26901,12931,13970,23538,11305,12233,13449,6455,6994,3363,1631,1732,
67270,13453,6460,6993,23541,11403,12138,26904,12931,13973,23540,11307,12233,13451,6456,6995,3363,1631,1732,
67275,13454,6461,6993,23542,11403,12139,26905,12932,13973,23542,11308,12234,13452,6456,6996,3363,1631,1732,
67280,13455,6461,6994,23545,11403,12142,26909,12934,13975,23544,11308,12236,13453,6457,6996,3363,1631,1732,
67285,13455,6461,6994,23547,11404,12143,26909,12934,13975,23545,11309,12236,13453,6457,6996,3364,1631,1733,
67290,13457,6461,6996,23548,11405,12143,26912,12935,13977,23547,11309,12238,13455,6459,6996,3364,1631,1733,
67295,13458,6461,6997,23549,11406,12143,26913,12936,13977,23549,11311,12238,13456,6459,6997,3364,1631,1733,
67300,13459,6461,6998,23552,11407,12145,26917,12939,13978,23551,11312,12239,13457,6460,6997,3364,1631,1733,
67305,13459,6461,6998,23554,11407,12147,26917,12939,13978,23552,11312,12240,13457,6460,6997,3365,1632,1733,
67310,13461,6461,7000,23555,11408,12147,26920,12941,13979,23554,11313,12241,13459,6462,6997,3365,1632,1733,
67315,13462,6461,7001,23556,11408,12148,26921,12941,13980,23556,11314,12242,13460,6462,6998,3365,1632,1733,
67320,13463,6461,7002,23559,11409,12150,26925,12944,13981,23558,11316,12242,13461,6462,6999,3365,1632,1733,
67325,13463,6461,7002,23561,11411,12150,26925,12944,13981,23559,11316,12243,13461,6462,6999,3366,1633,1733,
67330,13465,6462,7003,23562,11411,12151,26928,12944,13984,23561,11318,12243,13463,6464,6999,3366,1633,1733,
67335,13466,6462,7004,23563,11412,12151,26929,12945,13984,23563,11318,12245,13464,6464,7000,3366,1633,1733,
67340,13467,6463,7004,23566,11413,12153,26933,12947,13986,23565,11320,12245,13465,6464,7001,3366,1633,1733,
67345,13467,6463,7004,23568,11413,12155,26933,12947,13986,23566,11321,12245,13465,6464,7001,3367,1634,1733,
67350,13469,6464,7005,23569,11414,12155,26936,12948,13988,23568,11323,12245,13467,6465,7002,3367,1634,1733,
67355,13470,6464,7006,23570,11415,12155,26937,12948,13989,23570,11325,12245,13468,6465,7003,3367,1634,1733,
67360,13471,6465,7006,23573,11416,12157,26941,12950,13991,23572,11326,12246,13469,6465,7004,3367,1634,1733,
67365,13471,6465,7006,23575,11417,12158,26941,12950,13991,23573,11327,12246,13469,6465,7004,3368,1634,1734,
67370,13473,6467,7006,23576,11418,12158,26944,12951,13993,23575,11328,12247,13471,6465,7006,3368,1634,1734,
67375,13474,6468,7006,23577,11418,12159,26945,12951,13994,23577,11329,12248,13472,6466,7006,3368,1634,1734,
67380,13475,6468,7007,23580,11418,12162,26949,12951,13998,23579,11330,12249,13473,6467,7006,3368,1634,1734,
67385,13475,6468,7007,23582,11418,12164,26949,12951,13998,23580,11331,12249,13473,6467,7006,3369,1635,1734,
67390,13477,6468,7009,23583,11418,12165,26952,12952,14000,23582,11331,12251,13475,6468,7007,3369,1635,1734,
67395,13478,6468,7010,23584,11419,12165,26953,12952,14001,23584,11332,12252,13476,6468,7008,3369,1635,1734,
67400,13479,6469,7010,23587,11420,12167,26957,12953,14004,23586,11332,12254,13477,6468,7009,3369,1635,1734,
67405,13479,6469,7010,23589,11421,12168,26957,12953,14004,23587,11332,12255,13477,6468,7009,3370,1636,1734,
67410,13481,6469,7012,23590,11421,12169,26960,12954,14006,23589,11332,12257,13479,6469,7010,3370,1636,1734,
67415,13482,6469,7013,23591,11421,12170,26961,12954,14007,23591,11333,12258,13480,6470,7010,3370,1636,1734,
67420,13483,6470,7013,23594,11422,12172,26965,12957,14008,23593,11335,12258,13481,6471,7010,3370,1636,1734,
67425,13483,6470,7013,23596,11423,12173,26965,12957,14008,23594,11335,12259,13481,6471,7010,3371,1636,1735,
67430,13485,6472,7013,23597,11423,12174,26968,12959,14009,23596,11336,12260,13483,6471,7012,3371,1636,1735,
67435,13486,6473,7013,23598,11424,12174,26969,12960,14009,23598,11336,12262,13484,6472,7012,3371,1636,1735,
67440,13487,6474,7013,23601,11425,12176,26973,12961,14012,23600,11336,12264,13485,6473,7012,3371,1636,1735,
67445,13487,6474,7013,23603,11426,12177,26973,12961,14012,23601,11337,12264,13485,6473,7012,3372,1637,1735,
67450,13489,6476,7013,23604,11427,12177,26976,12964,14012,23603,11337,12266,13487,6474,7013,3372,1637,1735,
67455,13490,6477,7013,23605,11427,12178,26977,12965,14012,23605,11337,12268,13488,6475,7013,3372,1637,1735,
67460,13491,6478,7013,23608,11429,12179,26981,12967,14014,23607,11338,12269,13489,6476,7013,3372,1637,1735,
67465,13491,6478,7013,23610,11430,12180,26981,12967,14014,23608,11338,12270,13489,6476,7013,3373,1637,1736,
67470,13493,6479,7014,23611,11430,12181,26984,12970,14014,23610,11339,12271,13491,6477,7014,3373,1637,1736,