Time,1, HIGH Priority Generated, Low Priority Generated, 2, HIGH Priority Generated, Low Priority Generated, 3, HIGH Priority Generated, Low Priority Generated, 4, HIGH Priority Generated, Low Priority Generated, 5, HIGH Priority Generated, Low Priority Generated, 6, HIGH Priority Generated, Low Priority Generated, 
5,0,0,0,1,1,0,0,0,0,0,0,0,0,0,0,0,0,0,
10,1,0,1,2,2,0,2,2,0,1,1,0,0,0,0,0,0,0,
15,2,1,1,2,2,0,2,2,0,2,1,1,0,0,0,0,0,0,
20,3,2,1,4,2,2,5,4,1,3,1,2,1,1,0,0,0,0,
25,3,2,1,5,2,3,5,4,1,4,2,2,1,1,0,1,0,1,
30,4,2,2,6,3,3,6,4,2,5,2,3,3,2,1,1,0,1,
35,5,2,3,8,4,4,9,5,4,7,4,3,4,3,1,1,0,1,
40,6,3,3,9,4,5,10,5,5,9,6,3,4,3,1,1,0,1,
45,7,3,4,11,5,6,13,5,8,10,6,4,5,4,1,1,0,1,
50,7,3,4,12,6,6,13,5,8,11,7,4,5,4,1,2,1,1,
55,8,3,5,13,7,6,14,6,8,12,7,5,7,5,2,2,1,1,
60,9,3,6,15,8,7,17,7,10,14,8,6,8,5,3,2,1,1,
65,10,3,7,16,8,8,18,7,11,16,10,6,8,5,3,2,1,1,
70,11,4,7,18,8,10,21,7,14,17,11,6,9,5,4,2,1,1,
75,11,4,7,19,8,11,21,7,14,18,11,7,9,5,4,3,2,1,
80,12,5,7,20,9,11,22,8,14,19,11,8,11,5,6,3,2,1,
85,13,6,7,22,9,13,25,9,16,21,12,9,12,6,6,3,2,1,
90,14,6,8,23,9,14,26,10,16,23,13,10,12,6,6,3,2,1,
95,15,6,9,25,11,14,29,11,18,24,13,11,13,7,6,3,2,1,
100,15,6,9,26,12,14,29,11,18,25,14,11,13,7,6,4,3,1,
105,16,6,10,27,12,15,30,11,19,26,15,11,15,9,6,4,3,1,
110,17,6,11,29,13,16,33,14,19,28,16,12,16,9,7,4,3,1,
115,18,7,11,30,14,16,34,14,20,30,17,13,16,9,7,4,3,1,
120,19,7,12,32,16,16,37,15,22,31,18,13,17,9,8,4,3,1,
125,19,7,12,33,16,17,37,15,22,32,19,13,17,9,8,5,4,1,
130,20,8,12,34,17,17,38,15,23,33,20,13,19,9,10,5,4,1,
135,21,8,13,36,18,18,41,17,24,35,21,14,20,10,10,5,4,1,
140,22,8,14,37,19,18,42,18,24,37,21,16,20,10,10,5,4,1,
145,23,9,14,39,20,19,45,20,25,38,22,16,21,10,11,5,4,1,
150,23,9,14,40,20,20,45,20,25,39,23,16,21,10,11,6,5,1,
155,24,9,15,41,20,21,46,21,25,40,24,16,23,12,11,6,5,1,
160,25,9,16,43,21,22,49,23,26,42,25,17,24,12,12,6,5,1,
165,26,9,17,44,21,23,50,24,26,44,25,19,24,12,12,6,5,1,
170,27,9,18,46,22,24,53,26,27,45,26,19,25,13,12,6,5,1,
175,27,9,18,47,23,24,53,26,27,46,26,20,25,13,12,7,6,1,
180,28,9,19,48,24,24,54,27,27,47,26,21,27,14,13,7,6,1,
185,29,9,20,50,25,25,57,27,30,49,27,22,28,15,13,7,6,1,
190,30,10,20,51,25,26,58,27,31,51,27,24,28,15,13,7,6,1,
195,31,10,21,53,26,27,61,27,34,52,28,24,29,16,13,7,6,1,
200,31,10,21,54,26,28,61,27,34,53,29,24,29,16,13,8,7,1,
205,32,10,22,55,27,28,62,27,35,54,29,25,31,17,14,8,7,1,
210,33,10,23,57,28,29,65,28,37,56,31,25,32,18,14,8,7,1,
215,34,10,24,58,29,29,66,29,37,58,31,27,32,18,14,8,7,1,
220,35,11,24,60,30,30,69,32,37,59,32,27,33,19,14,8,7,1,
225,35,11,24,61,30,31,69,32,37,60,32,28,33,19,14,9,8,1,
230,36,12,24,62,31,31,70,32,38,61,32,29,35,19,16,9,8,1,
235,37,13,24,64,31,33,73,34,39,63,32,31,36,19,17,9,8,1,
240,38,14,24,65,31,34,74,35,39,65,33,32,36,19,17,9,8,1,
245,39,14,25,67,33,34,77,37,40,66,33,33,37,19,18,9,8,1,
250,39,14,25,68,33,35,77,37,40,67,33,34,37,19,18,10,8,2,
255,40,15,25,69,33,36,78,38,40,68,34,34,39,21,18,10,8,2,
260,41,15,26,71,35,36,81,39,42,70,36,34,40,21,19,10,8,2,
265,42,16,26,72,36,36,82,40,42,72,36,36,40,21,19,10,8,2,
270,43,16,27,74,38,36,85,41,44,73,36,37,41,22,19,10,8,2,
275,43,16,27,75,38,37,85,41,44,74,37,37,41,22,19,11,9,2,
280,44,17,27,76,38,38,86,42,44,75,37,38,43,23,20,11,9,2,
285,45,17,28,78,38,40,89,45,44,77,39,38,44,23,21,11,9,2,
290,46,17,29,79,39,40,90,45,45,79,40,39,44,23,21,11,9,2,
295,47,17,30,81,40,41,93,47,46,80,41,39,45,23,22,11,9,2,
300,47,17,30,82,40,42,93,47,46,81,41,40,45,23,22,12,10,2,
305,48,17,31,83,41,42,94,48,46,82,41,41,47,24,23,12,10,2,
310,49,18,31,85,42,43,97,49,48,84,42,42,48,25,23,12,10,2,
315,50,18,32,86,42,44,98,49,49,86,44,42,48,25,23,12,10,2,
320,51,18,33,88,43,45,101,52,49,87,45,42,49,25,24,12,10,2,
325,51,18,33,89,43,46,101,52,49,88,46,42,49,25,24,13,10,3,
330,52,18,34,90,43,47,102,53,49,89,47,42,51,26,25,13,10,3,
335,53,18,35,92,43,49,105,55,50,91,48,43,52,26,26,13,10,3,
340,54,18,36,93,43,50,106,56,50,93,49,44,52,26,26,13,10,3,
345,55,18,37,95,44,51,109,56,53,94,50,44,53,27,26,13,10,3,
350,55,18,37,96,44,52,109,56,53,95,50,45,53,27,26,14,11,3,
355,56,19,37,97,44,53,110,57,53,96,50,46,55,27,28,14,11,3,
360,57,19,38,99,45,54,113,59,54,98,50,48,56,28,28,14,11,3,
365,58,19,39,100,45,55,114,60,54,100,50,50,56,28,28,14,11,3,
370,59,19,40,102,47,55,117,61,56,101,51,50,57,29,28,14,11,3,
375,59,19,40,103,48,55,117,61,56,102,52,50,57,29,28,15,12,3,
380,60,19,41,104,48,56,118,62,56,103,52,51,59,29,30,15,12,3,
385,61,19,42,106,48,58,121,62,59,105,53,52,60,30,30,15,12,3,
390,62,20,42,107,48,59,122,62,60,107,54,53,60,30,30,15,12,3,
395,63,20,43,109,49,60,125,62,63,108,54,54,61,30,31,15,12,3,
400,63,20,43,110,50,60,125,62,63,109,54,55,61,30,31,16,12,4,
405,64,20,44,111,50,61,126,63,63,110,54,56,63,31,32,16,12,4,
410,65,20,45,113,52,61,129,63,66,112,55,57,64,31,33,16,12,4,
415,66,21,45,114,52,62,130,64,66,114,56,58,64,31,33,16,12,4,
420,67,22,45,116,53,63,133,65,68,115,57,58,65,32,33,16,12,4,
425,67,22,45,117,53,64,133,65,68,116,57,59,65,32,33,17,13,4,
430,68,22,46,118,53,65,134,65,69,117,57,60,67,32,35,17,13,4,
435,69,23,46,120,53,67,137,66,71,119,58,61,68,32,36,17,13,4,
440,70,24,46,121,54,67,138,66,72,121,60,61,68,32,36,17,13,4,
445,71,25,46,123,54,69,141,66,75,122,61,61,69,33,36,17,13,4,
450,71,25,46,124,55,69,141,66,75,123,61,62,69,33,36,18,13,5,
455,72,25,47,125,56,69,142,66,76,124,61,63,71,33,38,18,13,5,
460,73,26,47,127,56,71,145,67,78,126,61,65,72,33,39,18,13,5,
465,74,26,48,128,57,71,146,67,79,128,63,65,72,33,39,18,13,5,
470,75,26,49,130,57,73,149,69,80,129,63,66,73,33,40,18,13,5,
475,75,26,49,131,57,74,149,69,80,130,64,66,73,33,40,19,14,5,
480,76,27,49,132,57,75,150,70,80,131,65,66,75,35,40,19,14,5,
485,77,27,50,134,59,75,153,71,82,133,67,66,76,35,41,19,14,5,
490,78,28,50,135,59,76,154,72,82,135,69,66,76,35,41,19,14,5,
495,79,29,50,137,60,77,157,74,83,136,69,67,77,35,42,19,14,5,
500,79,29,50,138,60,78,157,74,83,137,70,67,77,35,42,20,14,6,
505,80,29,51,139,60,79,158,74,84,138,70,68,79,36,43,20,14,6,
510,81,30,51,141,61,80,161,75,86,140,71,69,80,37,43,20,14,6,
515,82,31,51,142,62,80,162,76,86,142,71,71,80,37,43,20,14,6,
520,83,32,51,144,62,82,165,79,86,143,72,71,81,37,44,20,14,6,
525,83,32,51,145,63,82,165,79,86,144,72,72,81,37,44,21,14,7,
530,84,32,52,146,64,82,166,80,86,145,72,73,83,37,46,21,14,7,
535,85,33,52,148,65,83,169,81,88,147,73,74,84,38,46,21,14,7,
540,86,34,52,149,66,83,170,82,88,149,75,74,84,38,46,21,14,7,
545,87,35,52,151,67,84,173,82,91,150,76,74,85,38,47,21,14,7,
550,87,35,52,152,68,84,173,82,91,151,76,75,85,38,47,22,15,7,
555,88,36,52,153,69,84,174,83,91,152,77,75,87,39,48,22,15,7,
560,89,37,52,155,70,85,177,84,93,154,78,76,88,40,48,22,15,7,
565,90,38,52,156,70,86,178,85,93,156,80,76,88,40,48,22,15,7,
570,91,39,52,158,71,87,181,86,95,157,81,76,89,41,48,22,15,7,
575,91,39,52,159,71,88,181,86,95,158,81,77,89,41,48,23,16,7,
580,92,39,53,160,72,88,182,86,96,159,81,78,91,42,49,23,16,7,
585,93,40,53,162,73,89,185,88,97,161,83,78,92,43,49,23,16,7,
590,94,41,53,163,73,90,186,89,97,163,84,79,92,43,49,23,16,7,
595,95,42,53,165,73,92,189,90,99,164,85,79,93,44,49,23,16,7,
600,95,42,53,166,74,92,189,90,99,165,86,79,93,44,49,24,17,7,
605,96,42,54,167,75,92,190,90,100,166,87,79,95,45,50,24,17,7,
610,97,42,55,169,77,92,193,91,102,168,87,81,96,46,50,24,17,7,
615,98,42,56,170,77,93,194,92,102,170,88,82,96,46,50,24,17,7,
620,99,43,56,172,77,95,197,93,104,171,88,83,97,47,50,24,17,7,
625,99,43,56,173,77,96,197,93,104,172,89,83,97,47,50,25,18,7,
630,100,44,56,174,78,96,198,94,104,173,89,84,99,49,50,25,18,7,
635,101,45,56,176,78,98,201,95,106,175,89,86,100,49,51,25,18,7,
640,102,46,56,177,78,99,202,96,106,177,89,88,100,49,51,25,18,7,
645,103,47,56,179,79,100,205,98,107,178,89,89,101,49,52,25,18,7,
650,103,47,56,180,79,101,205,98,107,179,90,89,101,49,52,26,18,8,
655,104,47,57,181,79,102,206,98,108,180,91,89,103,49,54,26,18,8,
660,105,48,57,183,79,104,209,98,111,182,92,90,104,50,54,26,18,8,
665,106,48,58,184,79,105,210,98,112,184,92,92,104,50,54,26,18,8,
670,107,48,59,186,80,106,213,100,113,185,93,92,105,50,55,26,18,8,
675,107,48,59,187,80,107,213,100,113,186,93,93,105,50,55,27,19,8,
680,108,48,60,188,80,108,214,101,113,187,93,94,107,50,57,27,19,8,
685,109,48,61,190,80,110,217,102,115,189,94,95,108,51,57,27,19,8,
690,110,49,61,191,81,110,218,102,116,191,95,96,108,51,57,27,19,8,
695,111,50,61,193,82,111,221,103,118,192,95,97,109,52,57,27,19,8,
700,111,50,61,194,82,112,221,103,118,193,95,98,109,52,57,28,20,8,
705,112,51,61,195,83,112,222,104,118,194,96,98,111,53,58,28,20,8,
710,113,51,62,197,85,112,225,104,121,196,96,100,112,53,59,28,20,8,
715,114,51,63,198,86,112,226,105,121,198,96,102,112,53,59,28,20,8,
720,115,52,63,200,88,112,229,106,123,199,97,102,113,54,59,28,20,8,
725,115,52,63,201,88,113,229,106,123,200,98,102,113,54,59,29,20,9,
730,116,52,64,202,88,114,230,107,123,201,98,103,115,54,61,29,20,9,
735,117,53,64,204,90,114,233,109,124,203,98,105,116,55,61,29,20,9,
740,118,53,65,205,90,115,234,109,125,205,100,105,116,55,61,29,20,9,
745,119,53,66,207,91,116,237,111,126,206,101,105,117,55,62,29,20,9,
750,119,53,66,208,91,117,237,111,126,207,102,105,117,55,62,30,20,10,
755,120,54,66,209,92,117,238,111,127,208,103,105,119,56,63,30,20,10,
760,121,55,66,211,93,118,241,112,129,210,103,107,120,56,64,30,20,10,
765,122,56,66,212,93,119,242,113,129,212,104,108,120,56,64,30,20,10,
770,123,56,67,214,95,119,245,115,130,213,104,109,121,56,65,30,20,10,
775,123,56,67,215,96,119,245,115,130,214,104,110,121,56,65,31,20,11,
780,124,57,67,216,97,119,246,115,131,215,105,110,123,57,66,31,20,11,
785,125,58,67,218,98,120,249,117,132,217,106,111,124,58,66,31,20,11,
790,126,58,68,219,99,120,250,117,133,219,108,111,124,58,66,31,20,11,
795,127,58,69,221,99,122,253,117,136,220,108,112,125,59,66,31,20,11,
800,127,58,69,222,99,123,253,117,136,221,108,113,125,59,66,32,20,12,
805,128,59,69,223,99,124,254,117,137,222,109,113,127,61,66,32,20,12,
810,129,59,70,225,100,125,257,119,138,224,110,114,128,62,66,32,20,12,
815,130,60,70,226,100,126,258,119,139,226,111,115,128,62,66,32,20,12,
820,131,61,70,228,102,126,261,120,141,227,112,115,129,63,66,32,20,12,
825,131,61,70,229,102,127,261,120,141,228,112,116,129,63,66,33,20,13,
830,132,62,70,230,102,128,262,120,142,229,113,116,131,65,66,33,20,13,
835,133,62,71,232,103,129,265,122,143,231,113,118,132,65,67,33,20,13,
840,134,63,71,233,103,130,266,122,144,233,115,118,132,65,67,33,20,13,
845,135,63,72,235,104,131,269,125,144,234,115,119,133,65,68,33,20,13,
850,135,63,72,236,104,132,269,125,144,235,116,119,133,65,68,34,20,14,
855,136,64,72,237,104,133,270,126,144,236,116,120,135,66,69,34,20,14,
860,137,64,73,239,105,134,273,127,146,238,117,121,136,66,70,34,20,14,
865,138,65,73,240,106,134,274,128,146,240,119,121,136,66,70,34,20,14,
870,139,66,73,242,107,135,277,130,147,241,120,121,137,66,71,34,20,14,
875,139,66,73,243,107,136,277,130,147,242,121,121,137,66,71,35,20,15,
880,140,67,73,244,107,137,278,131,147,243,121,122,139,67,72,35,20,15,
885,141,68,73,246,107,139,281,132,149,245,121,124,140,67,73,35,20,15,
890,142,68,74,247,107,140,282,133,149,247,122,125,140,67,73,35,20,15,
895,143,69,74,249,108,141,285,134,151,248,122,126,141,67,74,35,20,15,
900,143,69,74,250,109,141,285,134,151,249,123,126,141,67,74,36,21,15,
905,144,70,74,251,109,142,286,134,152,250,124,126,143,67,76,36,21,15,
910,145,70,75,253,111,142,289,135,154,252,126,126,144,68,76,36,21,15,
915,146,71,75,254,112,142,290,135,155,254,128,126,144,68,76,36,21,15,
920,147,72,75,256,113,143,293,137,156,255,128,127,145,68,77,36,21,15,
925,147,72,75,257,114,143,293,137,156,256,129,127,145,68,77,37,22,15,
930,148,73,75,258,115,143,294,138,156,257,129,128,147,69,78,37,22,15,
935,149,73,76,260,116,144,297,140,157,259,130,129,148,69,79,37,22,15,
940,150,73,77,261,117,144,298,140,158,261,130,131,148,69,79,37,22,15,
945,151,74,77,263,118,145,301,142,159,262,131,131,149,69,80,37,22,15,
950,151,74,77,264,119,145,301,142,159,263,132,131,149,69,80,38,23,15,
955,152,75,77,265,120,145,302,142,160,264,133,131,151,70,81,38,23,15,
960,153,76,77,267,121,146,305,143,162,266,133,133,152,71,81,38,23,15,
965,154,76,78,268,121,147,306,144,162,268,134,134,152,71,81,38,23,15,
970,155,76,79,270,122,148,309,145,164,269,134,135,153,71,82,38,23,15,
975,155,76,79,271,123,148,309,145,164,270,134,136,153,71,82,39,24,15,
980,156,76,80,272,123,149,310,145,165,271,135,136,155,72,83,39,24,15,
985,157,77,80,274,124,150,313,146,167,273,137,136,156,72,84,39,24,15,
990,158,77,81,275,125,150,314,147,167,275,138,137,156,72,84,39,24,15,
995,159,77,82,277,126,151,317,147,170,276,139,137,157,72,85,39,24,15,
1000,159,77,82,278,127,151,317,147,170,277,140,137,157,72,85,40,24,16,
1005,160,77,83,279,128,151,318,148,170,278,141,137,159,73,86,40,24,16,
1010,161,77,84,281,128,153,321,149,172,280,142,138,160,73,87,40,24,16,
1015,162,77,85,282,129,153,322,149,173,282,143,139,160,73,87,40,24,16,
1020,163,78,85,284,130,154,325,149,176,283,143,140,161,74,87,40,24,16,
1025,163,78,85,285,131,154,325,149,176,284,143,141,161,74,87,41,25,16,
1030,164,78,86,286,132,154,326,150,176,285,144,141,163,75,88,41,25,16,
1035,165,79,86,288,133,155,329,150,179,287,146,141,164,75,89,41,25,16,
1040,166,79,87,289,134,155,330,151,179,289,147,142,164,75,89,41,25,16,
1045,167,80,87,291,135,156,333,152,181,290,148,142,165,75,90,41,25,16,
1050,167,80,87,292,135,157,333,152,181,291,148,143,165,75,90,42,25,17,
1055,168,80,88,293,135,158,334,153,181,292,148,144,167,76,91,42,25,17,
1060,169,80,89,295,137,158,337,154,183,294,149,145,168,76,92,42,25,17,
1065,170,81,89,296,137,159,338,155,183,296,150,146,168,76,92,42,25,17,
1070,171,81,90,298,137,161,341,157,184,297,151,146,169,76,93,42,25,17,
1075,171,81,90,299,137,162,341,157,184,298,151,147,169,76,93,43,26,17,
1080,172,81,91,300,137,163,342,157,185,299,152,147,171,76,95,43,26,17,
1085,173,81,92,302,138,164,345,158,187,301,153,148,172,77,95,43,26,17,
1090,174,82,92,303,138,165,346,158,188,303,154,149,172,77,95,43,26,17,
1095,175,82,93,305,138,167,349,160,189,304,155,149,173,78,95,43,26,17,
1100,175,82,93,306,138,168,349,160,189,305,155,150,173,78,95,44,26,18,
1105,176,83,93,307,139,168,350,161,189,306,156,150,175,80,95,44,26,18,
1110,177,84,93,309,140,169,353,162,191,308,157,151,176,81,95,44,26,18,
1115,178,84,94,310,140,170,354,163,191,310,159,151,176,81,95,44,26,18,
1120,179,84,95,312,140,172,357,165,192,311,160,151,177,81,96,44,26,18,
1125,179,84,95,313,140,173,357,165,192,312,161,151,177,81,96,45,27,18,
1130,180,85,95,314,140,174,358,165,193,313,161,152,179,82,97,45,27,18,
1135,181,86,95,316,141,175,361,167,194,315,161,154,180,83,97,45,27,18,
1140,182,86,96,317,141,176,362,168,194,317,162,155,180,83,97,45,27,18,
1145,183,87,96,319,143,176,365,169,196,318,162,156,181,83,98,45,27,18,
1150,183,87,96,320,143,177,365,169,196,319,163,156,181,83,98,46,28,18,
1155,184,87,97,321,144,177,366,169,197,320,164,156,183,84,99,46,28,18,
1160,185,88,97,323,146,177,369,169,200,322,165,157,184,85,99,46,28,18,
1165,186,89,97,324,146,178,370,169,201,324,166,158,184,85,99,46,28,18,
1170,187,90,97,326,147,179,373,170,203,325,166,159,185,86,99,46,28,18,
1175,187,90,97,327,147,180,373,170,203,326,167,159,185,86,99,47,28,19,
1180,188,91,97,328,147,181,374,170,204,327,167,160,187,88,99,47,28,19,
1185,189,91,98,330,148,182,377,171,206,329,168,161,188,89,99,47,28,19,
1190,190,92,98,331,149,182,378,171,207,331,169,162,188,89,99,47,28,19,
1195,191,93,98,333,150,183,381,172,209,332,169,163,189,89,100,47,28,19,
1200,191,93,98,334,150,184,381,172,209,333,169,164,189,89,100,48,28,20,
1205,192,94,98,335,150,185,382,172,210,334,170,164,191,89,102,48,28,20,
1210,193,94,99,337,152,185,385,174,211,336,172,164,192,89,103,48,28,20,
1215,194,95,99,338,152,186,386,175,211,338,174,164,192,89,103,48,28,20,
1220,195,95,100,340,153,187,389,176,213,339,175,164,193,90,103,48,28,20,
1225,195,95,100,341,154,187,389,176,213,340,176,164,193,90,103,49,29,20,
1230,196,96,100,342,155,187,390,177,213,341,177,164,195,91,104,49,29,20,
1235,197,96,101,344,155,189,393,177,216,343,178,165,196,91,105,49,29,20,
1240,198,97,101,345,155,190,394,177,217,345,180,165,196,91,105,49,29,20,
1245,199,98,101,347,156,191,397,178,219,346,180,166,197,91,106,49,29,20,
1250,199,98,101,348,157,191,397,178,219,347,181,166,197,91,106,50,30,20,
1255,200,99,101,349,158,191,398,178,220,348,182,166,199,91,108,50,30,20,
1260,201,100,101,351,158,193,401,179,222,350,183,167,200,92,108,50,30,20,
1265,202,100,102,352,159,193,402,179,223,352,183,169,200,92,108,50,30,20,
1270,203,101,102,354,161,193,405,179,226,353,184,169,201,92,109,50,30,20,
1275,203,101,102,355,162,193,405,179,226,354,185,169,201,92,109,51,31,20,
1280,204,101,103,356,163,193,406,179,227,355,185,170,203,92,111,51,31,20,
1285,205,101,104,358,164,194,409,179,230,357,186,171,204,92,112,51,31,20,
1290,206,102,104,359,164,195,410,180,230,359,187,172,204,92,112,51,31,20,
1295,207,102,105,361,165,196,413,182,231,360,188,172,205,92,113,51,31,20,
1300,207,102,105,362,166,196,413,182,231,361,189,172,205,92,113,52,31,21,
1305,208,102,106,363,167,196,414,182,232,362,189,173,207,94,113,52,31,21,
1310,209,103,106,365,168,197,417,182,235,364,189,175,208,94,114,52,31,21,
1315,210,104,106,366,169,197,418,183,235,366,190,176,208,94,114,52,31,21,
1320,211,105,106,368,170,198,421,184,237,367,190,177,209,94,115,52,31,21,
1325,211,105,106,369,171,198,421,184,237,368,191,177,209,94,115,53,32,21,
1330,212,106,106,370,171,199,422,184,238,369,191,178,211,94,117,53,32,21,
1335,213,107,106,372,172,200,425,186,239,371,192,179,212,95,117,53,32,21,
1340,214,108,106,373,172,201,426,186,240,373,193,180,212,95,117,53,32,21,
1345,215,108,107,375,174,201,429,189,240,374,194,180,213,95,118,53,32,21,
1350,215,108,107,376,175,201,429,189,240,375,194,181,213,95,118,54,32,22,
1355,216,108,108,377,176,201,430,189,241,376,194,182,215,97,118,54,32,22,
1360,217,109,108,379,176,203,433,191,242,378,195,183,216,98,118,54,32,22,
1365,218,110,108,380,177,203,434,191,243,380,197,183,216,98,118,54,32,22,
1370,219,111,108,382,178,204,437,192,245,381,197,184,217,99,118,54,32,22,
1375,219,111,108,383,178,205,437,192,245,382,197,185,217,99,118,55,32,23,
1380,220,112,108,384,178,206,438,193,245,383,198,185,219,99,120,55,32,23,
1385,221,113,108,386,180,206,441,193,248,385,198,187,220,99,121,55,32,23,
1390,222,113,109,387,181,206,442,194,248,387,199,188,220,99,121,55,32,23,
1395,223,114,109,389,182,207,445,195,250,388,200,188,221,99,122,55,32,23,
1400,223,114,109,390,182,208,445,195,250,389,201,188,221,99,122,56,33,23,
1405,224,114,110,391,183,208,446,195,251,390,201,189,223,100,123,56,33,23,
1410,225,114,111,393,183,210,449,196,253,392,203,189,224,101,123,56,33,23,
1415,226,115,111,394,184,210,450,196,254,394,204,190,224,101,123,56,33,23,
1420,227,115,112,396,185,211,453,199,254,395,204,191,225,102,123,56,33,23,
1425,227,115,112,397,185,212,453,199,254,396,204,192,225,102,123,57,33,24,
1430,228,116,112,398,185,213,454,200,254,397,204,193,227,103,124,57,33,24,
1435,229,117,112,400,186,214,457,200,257,399,205,194,228,103,125,57,33,24,
1440,230,117,113,401,186,215,458,200,258,401,205,196,228,103,125,57,33,24,
1445,231,118,113,403,186,217,461,200,261,402,205,197,229,104,125,57,33,24,
1450,231,118,113,404,186,218,461,200,261,403,205,198,229,104,125,58,33,25,
1455,232,119,113,405,187,218,462,201,261,404,205,199,231,105,126,58,33,25,
1460,233,120,113,407,187,220,465,203,262,406,206,200,232,105,127,58,33,25,
1465,234,121,113,408,188,220,466,204,262,408,207,201,232,105,127,58,33,25,
1470,235,122,113,410,189,221,469,204,265,409,207,202,233,105,128,58,33,25,
1475,235,122,113,411,190,221,469,204,265,410,208,202,233,105,128,59,34,25,
1480,236,123,113,412,191,221,470,205,265,411,208,203,235,107,128,59,34,25,
1485,237,124,113,414,192,222,473,207,266,413,208,205,236,108,128,59,34,25,
1490,238,125,113,415,192,223,474,207,267,415,209,206,236,108,128,59,34,25,
1495,239,125,114,417,192,225,477,208,269,416,209,207,237,108,129,59,34,25,
1500,239,125,114,418,192,226,477,208,269,417,210,207,237,108,129,60,35,25,
1505,240,126,114,419,192,227,478,208,270,418,211,207,239,110,129,60,35,25,
1510,241,127,114,421,193,228,481,209,272,420,213,207,240,110,130,60,35,25,
1515,242,127,115,422,194,228,482,210,272,422,214,208,240,110,130,60,35,25,
1520,243,128,115,424,196,228,485,211,274,423,215,208,241,110,131,60,35,25,
1525,243,128,115,425,196,229,485,211,274,424,215,209,241,110,131,61,35,26,
1530,244,128,116,426,196,230,486,212,274,425,215,210,243,111,132,61,35,26,
1535,245,128,117,428,197,231,489,213,276,427,217,210,244,111,133,61,35,26,
1540,246,128,118,429,198,231,490,214,276,429,218,211,244,111,133,61,35,26,
1545,247,129,118,431,200,231,493,217,276,430,219,211,245,111,134,61,35,26,
1550,247,129,118,432,201,231,493,217,276,431,219,212,245,111,134,62,36,26,
1555,248,130,118,433,201,232,494,218,276,432,219,213,247,112,135,62,36,26,
1560,249,131,118,435,202,233,497,220,277,434,221,213,248,113,135,62,36,26,
1565,250,132,118,436,203,233,498,221,277,436,221,215,248,113,135,62,36,26,
1570,251,133,118,438,203,235,501,222,279,437,222,215,249,113,136,62,36,26,
1575,251,133,118,439,204,235,501,222,279,438,222,216,249,113,136,63,37,26,
1580,252,133,119,440,205,235,502,222,280,439,223,216,251,115,136,63,37,26,
1585,253,134,119,442,207,235,505,223,282,441,223,218,252,115,137,63,37,26,
1590,254,135,119,443,207,236,506,223,283,443,224,219,252,115,137,63,37,26,
1595,255,136,119,445,207,238,509,226,283,444,225,219,253,115,138,63,37,26,
1600,255,136,119,446,207,239,509,226,283,445,226,219,253,115,138,64,37,27,
1605,256,136,120,447,208,239,510,227,283,446,227,219,255,116,139,64,37,27,
1610,257,136,121,449,210,239,513,227,286,448,227,221,256,116,140,64,37,27,
1615,258,136,122,450,210,240,514,227,287,450,227,223,256,116,140,64,37,27,
1620,259,137,122,452,210,242,517,228,289,451,228,223,257,116,141,64,37,27,
1625,259,137,122,453,210,243,517,228,289,452,229,223,257,116,141,65,37,28,
1630,260,137,123,454,211,243,518,228,290,453,229,224,259,117,142,65,37,28,
1635,261,137,124,456,212,244,521,229,292,455,230,225,260,118,142,65,37,28,
1640,262,137,125,457,212,245,522,230,292,457,232,225,260,118,142,65,37,28,
1645,263,138,125,459,214,245,525,231,294,458,233,225,261,119,142,65,37,28,
1650,263,138,125,460,214,246,525,231,294,459,233,226,261,119,142,66,37,29,
1655,264,139,125,461,215,246,526,232,294,460,233,227,263,120,143,66,37,29,
1660,265,139,126,463,216,247,529,234,295,462,235,227,264,121,143,66,37,29,
1665,266,140,126,464,216,248,530,234,296,464,237,227,264,121,143,66,37,29,
1670,267,141,126,466,216,250,533,235,298,465,238,227,265,122,143,66,37,29,
1675,267,141,126,467,216,251,533,235,298,466,239,227,265,122,143,67,38,29,
1680,268,141,127,468,217,251,534,236,298,467,240,227,267,122,145,67,38,29,
1685,269,141,128,470,218,252,537,236,301,469,240,229,268,123,145,67,38,29,
1690,270,142,128,471,219,252,538,237,301,471,241,230,268,123,145,67,38,29,
1695,271,143,128,473,220,253,541,239,302,472,242,230,269,124,145,67,38,29,
1700,271,143,128,474,221,253,541,239,302,473,243,230,269,124,145,68,39,29,
1705,272,143,129,475,222,253,542,239,303,474,244,230,271,125,146,68,39,29,
1710,273,144,129,477,222,255,545,241,304,476,244,232,272,125,147,68,39,29,
1715,274,145,129,478,222,256,546,241,305,478,244,234,272,125,147,68,39,29,
1720,275,146,129,480,224,256,549,243,306,479,244,235,273,126,147,68,39,29,
1725,275,146,129,481,225,256,549,243,306,480,245,235,273,126,147,69,39,30,
1730,276,146,130,482,226,256,550,243,307,481,245,236,275,127,148,69,39,30,
1735,277,146,131,484,226,258,553,244,309,483,246,237,276,127,149,69,39,30,
1740,278,147,131,485,227,258,554,244,310,485,248,237,276,127,149,69,39,30,
1745,279,148,131,487,227,260,557,245,312,486,248,238,277,127,150,69,39,30,
1750,279,148,131,488,228,260,557,245,312,487,248,239,277,127,150,70,40,30,
1755,280,149,131,489,228,261,558,245,313,488,249,239,279,128,151,70,40,30,
1760,281,150,131,491,230,261,561,246,315,490,251,239,280,129,151,70,40,30,
1765,282,150,132,492,231,261,562,247,315,492,252,240,280,129,151,70,40,30,
1770,283,150,133,494,231,263,565,248,317,493,252,241,281,130,151,70,40,30,
1775,283,150,133,495,231,264,565,248,317,494,252,242,281,130,151,71,40,31,
1780,284,151,133,496,232,264,566,249,317,495,253,242,283,131,152,71,40,31,
1785,285,152,133,498,233,265,569,251,318,497,255,242,284,131,153,71,40,31,
1790,286,153,133,499,234,265,570,252,318,499,255,244,284,131,153,71,40,31,
1795,287,153,134,501,235,266,573,254,319,500,256,244,285,131,154,71,40,31,
1800,287,153,134,502,236,266,573,254,319,501,257,244,285,131,154,72,40,32,
1805,288,153,135,503,236,267,574,255,319,502,257,245,287,132,155,72,40,32,
1810,289,153,136,505,236,269,577,257,320,504,259,245,288,132,156,72,40,32,
1815,290,153,137,506,236,270,578,257,321,506,261,245,288,132,156,72,40,32,
1820,291,154,137,508,238,270,581,260,321,507,261,246,289,133,156,72,40,32,
1825,291,154,137,509,239,270,581,260,321,508,262,246,289,133,156,73,41,32,
1830,292,154,138,510,240,270,582,260,322,509,263,246,291,134,157,73,41,32,
1835,293,154,139,512,241,271,585,261,324,511,263,248,292,135,157,73,41,32,
1840,294,154,140,513,242,271,586,261,325,513,264,249,292,135,157,73,41,32,
1845,295,154,141,515,244,271,589,262,327,514,264,250,293,135,158,73,41,32,
1850,295,154,141,516,245,271,589,262,327,515,264,251,293,135,158,74,42,32,
1855,296,154,142,517,245,272,590,263,327,516,264,252,295,136,159,74,42,32,
1860,297,154,143,519,246,273,593,265,328,518,266,252,296,137,159,74,42,32,
1865,298,154,144,520,246,274,594,265,329,520,267,253,296,137,159,74,42,32,
1870,299,154,145,522,248,274,597,265,332,521,268,253,297,137,160,74,42,32,
1875,299,154,145,523,248,275,597,265,332,522,269,253,297,137,160,75,42,33,
1880,300,154,146,524,248,276,598,266,332,523,269,254,299,138,161,75,42,33,
1885,301,154,147,526,249,277,601,267,334,525,270,255,300,138,162,75,42,33,
1890,302,155,147,527,249,278,602,268,334,527,271,256,300,138,162,75,42,33,
1895,303,155,148,529,250,279,605,270,335,528,272,256,301,139,162,75,42,33,
1900,303,155,148,530,251,279,605,270,335,529,273,256,301,139,162,76,43,33,
1905,304,155,149,531,252,279,606,270,336,530,273,257,303,140,163,76,43,33,
1910,305,155,150,533,253,280,609,271,338,532,273,259,304,140,164,76,43,33,
1915,306,156,150,534,254,280,610,272,338,534,274,260,304,140,164,76,43,33,
1920,307,156,151,536,255,281,613,274,339,535,274,261,305,141,164,76,43,33,
1925,307,156,151,537,256,281,613,274,339,536,275,261,305,141,164,77,43,34,
1930,308,157,151,538,257,281,614,274,340,537,276,261,307,142,165,77,43,34,
1935,309,158,151,540,257,283,617,276,341,539,277,262,308,142,166,77,43,34,
1940,310,159,151,541,257,284,618,277,341,541,278,263,308,142,166,77,43,34,
1945,311,160,151,543,258,285,621,278,343,542,279,263,309,143,166,77,43,34,
1950,311,160,151,544,259,285,621,278,343,543,279,264,309,143,166,78,43,35,
1955,312,161,151,545,260,285,622,278,344,544,280,264,311,144,167,78,43,35,
1960,313,162,151,547,262,285,625,278,347,546,282,264,312,144,168,78,43,35,
1965,314,163,151,548,263,285,626,279,347,548,282,266,312,144,168,78,43,35,
1970,315,164,151,550,264,286,629,281,348,549,282,267,313,145,168,78,43,35,
1975,315,164,151,551,265,286,629,281,348,550,282,268,313,145,168,79,43,36,
1980,316,164,152,552,265,287,630,282,348,551,282,269,315,145,170,79,43,36,
1985,317,164,153,554,267,287,633,282,351,553,282,271,316,145,171,79,43,36,
1990,318,164,154,555,268,287,634,282,352,555,283,272,316,145,171,79,43,36,
1995,319,165,154,557,268,289,637,284,353,556,283,273,317,145,172,79,43,36,
2000,319,165,154,558,269,289,637,284,353,557,283,274,317,145,172,80,44,36,
2005,320,165,155,559,269,290,638,284,354,558,284,274,319,145,174,80,44,36,
2010,321,165,156,561,270,291,641,285,356,560,285,275,320,145,175,80,44,36,
2015,322,166,156,562,270,292,642,285,357,562,286,276,320,145,175,80,44,36,
2020,323,167,156,564,270,294,645,286,359,563,287,276,321,146,175,80,44,36,
2025,323,167,156,565,271,294,645,286,359,564,288,276,321,146,175,81,45,36,
2030,324,167,157,566,272,294,646,286,360,565,288,277,323,147,176,81,45,36,
2035,325,168,157,568,274,294,649,288,361,567,290,277,324,147,177,81,45,36,
2040,326,169,157,569,274,295,650,289,361,569,291,278,324,147,177,81,45,36,
2045,327,169,158,571,274,297,653,289,364,570,291,279,325,148,177,81,45,36,
2050,327,169,158,572,274,298,653,289,364,571,291,280,325,148,177,82,46,36,
2055,328,169,159,573,275,298,654,289,365,572,292,280,327,149,178,82,46,36,
2060,329,170,159,575,276,299,657,289,368,574,292,282,328,150,178,82,46,36,
2065,330,170,160,576,277,299,658,289,369,576,293,283,328,150,178,82,46,36,
2070,331,171,160,578,278,300,661,291,370,577,293,284,329,151,178,82,46,36,
2075,331,171,160,579,278,301,661,291,370,578,294,284,329,151,178,83,47,36,
2080,332,172,160,580,279,301,662,291,371,579,295,284,331,153,178,83,47,36,
2085,333,173,160,582,281,301,665,291,374,581,296,285,332,153,179,83,47,36,
2090,334,174,160,583,281,302,666,291,375,583,298,285,332,153,179,83,47,36,
2095,335,175,160,585,283,302,669,292,377,584,298,286,333,153,180,83,47,36,
2100,335,175,160,586,283,303,669,292,377,585,298,287,333,153,180,84,47,37,
2105,336,175,161,587,284,303,670,293,377,586,298,288,335,154,181,84,47,37,
2110,337,175,162,589,285,304,673,294,379,588,299,289,336,154,182,84,47,37,
2115,338,176,162,590,286,304,674,294,380,590,300,290,336,154,182,84,47,37,
2120,339,177,162,592,288,304,677,296,381,591,301,290,337,154,183,84,47,37,
2125,339,177,162,593,288,305,677,296,381,592,302,290,337,154,183,85,47,38,
2130,340,178,162,594,289,305,678,296,382,593,303,290,339,155,184,85,47,38,
2135,341,178,163,596,289,307,681,299,382,595,304,291,340,155,185,85,47,38,
2140,342,179,163,597,289,308,682,299,383,597,306,291,340,155,185,85,47,38,
2145,343,180,163,599,290,309,685,301,384,598,307,291,341,155,186,85,47,38,
2150,343,180,163,600,291,309,685,301,384,599,307,292,341,155,186,86,48,38,
2155,344,180,164,601,291,310,686,301,385,600,307,293,343,155,188,86,48,38,
2160,345,180,165,603,293,310,689,302,387,602,308,294,344,155,189,86,48,38,
2165,346,180,166,604,293,311,690,303,387,604,310,294,344,155,189,86,48,38,
2170,347,180,167,606,294,312,693,303,390,605,310,295,345,155,190,86,48,38,
2175,347,180,167,607,295,312,693,303,390,606,311,295,345,155,190,87,49,38,
2180,348,181,167,608,295,313,694,303,391,607,311,296,347,155,192,87,49,38,
2185,349,181,168,610,297,313,697,305,392,609,312,297,348,155,193,87,49,38,
2190,350,181,169,611,297,314,698,306,392,611,314,297,348,155,193,87,49,38,
2195,351,181,170,613,298,315,701,306,395,612,314,298,349,155,194,87,49,38,
2200,351,181,170,614,298,316,701,306,395,613,315,298,349,155,194,88,49,39,
2205,352,181,171,615,299,316,702,307,395,614,316,298,351,156,195,88,49,39,
2210,353,182,171,617,300,317,705,308,397,616,316,300,352,156,196,88,49,39,
2215,354,183,171,618,301,317,706,308,398,618,318,300,352,156,196,88,49,39,
2220,355,184,171,620,301,319,709,309,400,619,319,300,353,157,196,88,49,39,
2225,355,184,171,621,302,319,709,309,400,620,320,300,353,157,196,89,50,39,
2230,356,184,172,622,302,320,710,310,400,621,320,301,355,157,198,89,50,39,
2235,357,184,173,624,303,321,713,312,401,623,321,302,356,157,199,89,50,39,
2240,358,185,173,625,303,322,714,312,402,625,322,303,356,157,199,89,50,39,
2245,359,185,174,627,305,322,717,315,402,626,322,304,357,157,200,89,50,39,
2250,359,185,174,628,305,323,717,315,402,627,323,304,357,157,200,90,51,39,
2255,360,186,174,629,306,323,718,315,403,628,324,304,359,158,201,90,51,39,
2260,361,187,174,631,307,324,721,318,403,630,324,306,360,158,202,90,51,39,
2265,362,188,174,632,308,324,722,319,403,632,325,307,360,158,202,90,51,39,
2270,363,189,174,634,309,325,725,320,405,633,325,308,361,158,203,90,51,39,
2275,363,189,174,635,309,326,725,320,405,634,325,309,361,158,203,91,52,39,
2280,364,189,175,636,309,327,726,321,405,635,326,309,363,158,205,91,52,39,
2285,365,190,175,638,309,329,729,323,406,637,327,310,364,158,206,91,52,39,
2290,366,191,175,639,310,329,730,324,406,639,328,311,364,158,206,91,52,39,
2295,367,191,176,641,311,330,733,326,407,640,329,311,365,158,207,91,52,39,
2300,367,191,176,642,312,330,733,326,407,641,329,312,365,158,207,92,52,40,
2305,368,192,176,643,312,331,734,326,408,642,330,312,367,160,207,92,52,40,
2310,369,193,176,645,312,333,737,329,408,644,331,313,368,160,208,92,52,40,
2315,370,193,177,646,313,333,738,329,409,646,333,313,368,160,208,92,52,40,
2320,371,193,178,648,314,334,741,329,412,647,333,314,369,161,208,92,52,40,
2325,371,193,178,649,314,335,741,329,412,648,334,314,369,161,208,93,52,41,
2330,372,194,178,650,315,335,742,330,412,649,334,315,371,163,208,93,52,41,
2335,373,195,178,652,316,336,745,331,414,651,335,316,372,163,209,93,52,41,
2340,374,195,179,653,317,336,746,331,415,653,337,316,372,163,209,93,52,41,
2345,375,195,180,655,318,337,749,333,416,654,337,317,373,164,209,93,52,41,
2350,375,195,180,656,318,338,749,333,416,655,338,317,373,164,209,94,53,41,
2355,376,196,180,657,319,338,750,333,417,656,338,318,375,164,211,94,53,41,
2360,377,196,181,659,320,339,753,334,419,658,339,319,376,164,212,94,53,41,
2365,378,196,182,660,321,339,754,335,419,660,339,321,376,164,212,94,53,41,
2370,379,197,182,662,322,340,757,337,420,661,339,322,377,165,212,94,53,41,
2375,379,197,182,663,323,340,757,337,420,662,339,323,377,165,212,95,53,42,
2380,380,197,183,664,323,341,758,337,421,663,339,324,379,166,213,95,53,42,
2385,381,197,184,666,324,342,761,337,424,665,340,325,380,167,213,95,53,42,
2390,382,198,184,667,325,342,762,338,424,667,340,327,380,167,213,95,53,42,
2395,383,198,185,669,326,343,765,339,426,668,340,328,381,168,213,95,53,42,
2400,383,198,185,670,327,343,765,339,426,669,341,328,381,168,213,96,53,43,
2405,384,199,185,671,328,343,766,339,427,670,342,328,383,169,214,96,53,43,
2410,385,199,186,673,330,343,769,341,428,672,344,328,384,169,215,96,53,43,
2415,386,200,186,674,330,344,770,341,429,674,344,330,384,169,215,96,53,43,
2420,387,201,186,676,332,344,773,343,430,675,345,330,385,169,216,96,53,43,
2425,387,201,186,677,333,344,773,343,430,676,345,331,385,169,216,97,53,44,
2430,388,202,186,678,333,345,774,344,430,677,345,332,387,171,216,97,53,44,
2435,389,203,186,680,335,345,777,346,431,679,345,334,388,171,217,97,53,44,
2440,390,203,187,681,336,345,778,346,432,681,345,336,388,171,217,97,53,44,
2445,391,203,188,683,338,345,781,347,434,682,345,337,389,172,217,97,53,44,
2450,391,203,188,684,338,346,781,347,434,683,345,338,389,172,217,98,53,45,
2455,392,204,188,685,338,347,782,347,435,684,345,339,391,172,219,98,53,45,
2460,393,204,189,687,338,349,785,348,437,686,346,340,392,172,220,98,53,45,
2465,394,205,189,688,338,350,786,349,437,688,346,342,392,172,220,98,53,45,
2470,395,206,189,690,338,352,789,350,439,689,347,342,393,172,221,98,53,45,
2475,395,206,189,691,339,352,789,350,439,690,347,343,393,172,221,99,54,45,
2480,396,207,189,692,340,352,790,351,439,691,347,344,395,173,222,99,54,45,
2485,397,207,190,694,341,353,793,352,441,693,347,346,396,173,223,99,54,45,
2490,398,207,191,695,342,353,794,352,442,695,348,347,396,173,223,99,54,45,
2495,399,208,191,697,342,355,797,353,444,696,348,348,397,173,224,99,54,45,
2500,399,208,191,698,343,355,797,353,444,697,349,348,397,173,224,100,54,46,
2505,400,209,191,699,343,356,798,354,444,698,350,348,399,175,224,100,54,46,
2510,401,209,192,701,344,357,801,354,447,700,352,348,400,176,224,100,54,46,
2515,402,209,193,702,345,357,802,354,448,702,352,350,400,176,224,100,54,46,
2520,403,210,193,704,347,357,805,356,449,703,353,350,401,177,224,100,54,46,
2525,403,210,193,705,348,357,805,356,449,704,354,350,401,177,224,101,54,47,
2530,404,210,194,706,349,357,806,356,450,705,354,351,403,178,225,101,54,47,
2535,405,210,195,708,350,358,809,357,452,707,355,352,404,179,225,101,54,47,
2540,406,210,196,709,350,359,810,357,453,709,357,352,404,179,225,101,54,47,
2545,407,210,197,711,350,361,813,358,455,710,358,352,405,180,225,101,54,47,
2550,407,210,197,712,350,362,813,358,455,711,358,353,405,180,225,102,54,48,
2555,408,210,198,713,350,363,814,358,456,712,359,353,407,180,227,102,54,48,
2560,409,210,199,715,352,363,817,359,458,714,361,353,408,180,228,102,54,48,
2565,410,211,199,716,352,364,818,359,459,716,361,355,408,180,228,102,54,48,
2570,411,211,200,718,353,365,821,359,462,717,361,356,409,180,229,102,54,48,
2575,411,211,200,719,354,365,821,359,462,718,362,356,409,180,229,103,55,48,
2580,412,211,201,720,355,365,822,360,462,719,363,356,411,180,231,103,55,48,
2585,413,212,201,722,356,366,825,361,464,721,364,357,412,181,231,103,55,48,
2590,414,212,202,723,357,366,826,361,465,723,364,359,412,181,231,103,55,48,
2595,415,212,203,725,357,368,829,361,468,724,365,359,413,182,231,103,55,48,
2600,415,212,203,726,358,368,829,361,468,725,366,359,413,182,231,104,56,48,
2605,416,213,203,727,359,368,830,361,469,726,366,360,415,183,232,104,56,48,
2610,417,213,204,729,360,369,833,362,471,728,368,360,416,184,232,104,56,48,
2615,418,214,204,730,361,369,834,363,471,730,369,361,416,184,232,104,56,48,
2620,419,214,205,732,362,370,837,365,472,731,370,361,417,184,233,104,56,48,
2625,419,214,205,733,363,370,837,365,472,732,370,362,417,184,233,105,57,48,
2630,420,214,206,734,364,370,838,366,472,733,370,363,419,186,233,105,57,48,
2635,421,215,206,736,365,371,841,368,473,735,371,364,420,187,233,105,57,48,
2640,422,215,207,737,366,371,842,369,473,737,371,366,420,187,233,105,57,48,
2645,423,215,208,739,367,372,845,371,474,738,372,366,421,188,233,105,57,48,
2650,423,215,208,740,367,373,845,371,474,739,373,366,421,188,233,106,58,48,
2655,424,216,208,741,367,374,846,371,475,740,373,367,423,189,234,106,58,48,
2660,425,216,209,743,369,374,849,372,477,742,375,367,424,189,235,106,58,48,
2665,426,216,210,744,369,375,850,372,478,744,377,367,424,189,235,106,58,48,
2670,427,216,211,746,370,376,853,373,480,745,377,368,425,190,235,106,58,48,
2675,427,216,211,747,371,376,853,373,480,746,378,368,425,190,235,107,59,48,
2680,428,217,211,748,372,376,854,373,481,747,379,368,427,191,236,107,59,48,
2685,429,218,211,750,374,376,857,375,482,749,380,369,428,191,237,107,59,48,
2690,430,219,211,751,375,376,858,375,483,751,382,369,428,191,237,107,59,48,
2695,431,220,211,753,375,378,861,377,484,752,382,370,429,192,237,107,59,48,
2700,431,220,211,754,376,378,861,377,484,753,383,370,429,192,237,108,59,49,
2705,432,220,212,755,377,378,862,378,484,754,383,371,431,192,239,108,59,49,
2710,433,221,212,757,378,379,865,379,486,756,385,371,432,192,240,108,59,49,
2715,434,221,213,758,379,379,866,380,486,758,387,371,432,192,240,108,59,49,
2720,435,221,214,760,381,379,869,383,486,759,387,372,433,192,241,108,59,49,
2725,435,221,214,761,382,379,869,383,486,760,387,373,433,192,241,109,59,50,
2730,436,222,214,762,383,379,870,384,486,761,388,373,435,193,242,109,59,50,
2735,437,223,214,764,385,379,873,387,486,763,390,373,436,194,242,109,59,50,
2740,438,224,214,765,386,379,874,388,486,765,391,374,436,194,242,109,59,50,
2745,439,224,215,767,387,380,877,391,486,766,391,375,437,194,243,109,59,50,
2750,439,224,215,768,388,380,877,391,486,767,391,376,437,194,243,110,60,50,
2755,440,224,216,769,388,381,878,392,486,768,392,376,439,195,244,110,60,50,
2760,441,225,216,771,389,382,881,394,487,770,393,377,440,195,245,110,60,50,
2765,442,226,216,772,390,382,882,394,488,772,394,378,440,195,245,110,60,50,
2770,443,227,216,774,390,384,885,395,490,773,395,378,441,196,245,110,60,50,
2775,443,227,216,775,391,384,885,395,490,774,396,378,441,196,245,111,60,51,
2780,444,228,216,776,391,385,886,395,491,775,396,379,443,198,245,111,60,51,
2785,445,228,217,778,393,385,889,396,493,777,396,381,444,198,246,111,60,51,
2790,446,228,218,779,393,386,890,397,493,779,397,382,444,198,246,111,60,51,
2795,447,228,219,781,393,388,893,398,495,780,398,382,445,199,246,111,60,51,
2800,447,228,219,782,393,389,893,398,495,781,399,382,445,199,246,112,60,52,
2805,448,228,220,783,394,389,894,398,496,782,399,383,447,199,248,112,60,52,
2810,449,228,221,785,396,389,897,399,498,784,400,384,448,200,248,112,60,52,
2815,450,228,222,786,396,390,898,399,499,786,402,384,448,200,248,112,60,52,
2820,451,229,222,788,397,391,901,400,501,787,402,385,449,201,248,112,60,52,
2825,451,229,222,789,397,392,901,400,501,788,402,386,449,201,248,113,60,53,
2830,452,230,222,790,398,392,902,400,502,789,402,387,451,202,249,113,60,53,
2835,453,230,223,792,398,394,905,402,503,791,402,389,452,203,249,113,60,53,
2840,454,230,224,793,398,395,906,402,504,793,403,390,452,203,249,113,60,53,
2845,455,230,225,795,399,396,909,405,504,794,404,390,453,203,250,113,60,53,
2850,455,230,225,796,400,396,909,405,504,795,404,391,453,203,250,114,61,53,
2855,456,230,226,797,400,397,910,406,504,796,404,392,455,204,251,114,61,53,
2860,457,230,227,799,402,397,913,406,507,798,404,394,456,204,252,114,61,53,
2865,458,230,228,800,403,397,914,406,508,800,406,394,456,204,252,114,61,53,
2870,459,231,228,802,403,399,917,407,510,801,406,395,457,205,252,114,61,53,
2875,459,231,228,803,404,399,917,407,510,802,406,396,457,205,252,115,61,54,
2880,460,231,229,804,404,400,918,407,511,803,406,397,459,205,254,115,61,54,
2885,461,232,229,806,405,401,921,409,512,805,406,399,460,205,255,115,61,54,
2890,462,232,230,807,405,402,922,410,512,807,407,400,460,205,255,115,61,54,
2895,463,232,231,809,405,404,925,411,514,808,408,400,461,206,255,115,61,54,
2900,463,232,231,810,405,405,925,411,514,809,409,400,461,206,255,116,62,54,
2905,464,232,232,811,405,406,926,411,515,810,409,401,463,208,255,116,62,54,
2910,465,232,233,813,406,407,929,413,516,812,409,403,464,208,256,116,62,54,
2915,466,232,234,814,407,407,930,414,516,814,410,404,464,208,256,116,62,54,
2920,467,232,235,816,408,408,933,416,517,815,410,405,465,209,256,116,62,54,
2925,467,232,235,817,408,409,933,416,517,816,410,406,465,209,256,117,63,54,
2930,468,232,236,818,408,410,934,416,518,817,410,407,467,210,257,117,63,54,
2935,469,233,236,820,409,411,937,417,520,819,412,407,468,211,257,117,63,54,
2940,470,233,237,821,409,412,938,418,520,821,413,408,468,211,257,117,63,54,
2945,471,234,237,823,410,413,941,420,521,822,413,409,469,211,258,117,63,54,
2950,471,234,237,824,411,413,941,420,521,823,413,410,469,211,258,118,64,54,
2955,472,235,237,825,411,414,942,420,522,824,414,410,471,212,259,118,64,54,
2960,473,236,237,827,411,416,945,421,524,826,415,411,472,213,259,118,64,54,
2965,474,236,238,828,412,416,946,422,524,828,416,412,472,213,259,118,64,54,
2970,475,236,239,830,414,416,949,423,526,829,417,412,473,213,260,118,64,54,
2975,475,236,239,831,415,416,949,423,526,830,418,412,473,213,260,119,65,54,
2980,476,237,239,832,415,417,950,423,527,831,419,412,475,214,261,119,65,54,
2985,477,237,240,834,416,418,953,425,528,833,419,414,476,214,262,119,65,54,
2990,478,237,241,835,416,419,954,426,528,835,420,415,476,214,262,119,65,54,
2995,479,238,241,837,417,420,957,427,530,836,420,416,477,214,263,119,65,54,
3000,479,238,241,838,418,420,957,427,530,837,420,417,477,214,263,120,65,55,
3005,480,238,242,839,419,420,958,428,530,838,421,417,479,215,264,120,65,55,
3010,481,239,242,841,420,421,961,429,532,840,421,419,480,216,264,120,65,55,
3015,482,240,242,842,421,421,962,429,533,842,422,420,480,216,264,120,65,55,
3020,483,241,242,844,423,421,965,430,535,843,422,421,481,216,265,120,65,55,
3025,483,241,242,845,424,421,965,430,535,844,422,422,481,216,265,121,66,55,
3030,484,241,243,846,424,422,966,430,536,845,423,422,483,216,267,121,66,55,
3035,485,242,243,848,426,422,969,431,538,847,423,424,484,216,268,121,66,55,
3040,486,243,243,849,426,423,970,431,539,849,423,426,484,216,268,121,66,55,
3045,487,244,243,851,426,425,973,433,540,850,424,426,485,216,269,121,66,55,
3050,487,244,243,852,426,426,973,433,540,851,425,426,485,216,269,122,67,55,
3055,488,245,243,853,426,427,974,433,541,852,425,427,487,217,270,122,67,55,
3060,489,245,244,855,426,429,977,436,541,854,426,428,488,217,271,122,67,55,
3065,490,245,245,856,426,430,978,437,541,856,427,429,488,217,271,122,67,55,
3070,491,246,245,858,427,431,981,438,543,857,428,429,489,217,272,122,67,55,
3075,491,246,245,859,427,432,981,438,543,858,429,429,489,217,272,123,67,56,
3080,492,247,245,860,428,432,982,439,543,859,430,429,491,218,273,123,67,56,
3085,493,248,245,862,430,432,985,441,544,861,431,430,492,218,274,123,67,56,
3090,494,248,246,863,430,433,986,441,545,863,432,431,492,218,274,123,67,56,
3095,495,248,247,865,431,434,989,444,545,864,433,431,493,219,274,123,67,56,
3100,495,248,247,866,431,435,989,444,545,865,433,432,493,219,274,124,68,56,
3105,496,248,248,867,432,435,990,444,546,866,434,432,495,220,275,124,68,56,
3110,497,249,248,869,434,435,993,446,547,868,436,432,496,220,276,124,68,56,
3115,498,250,248,870,435,435,994,447,547,870,436,434,496,220,276,124,68,56,
3120,499,250,249,872,437,435,997,449,548,871,437,434,497,221,276,124,68,56,
3125,499,250,249,873,437,436,997,449,548,872,438,434,497,221,276,125,69,56,
3130,500,250,250,874,437,437,998,450,548,873,439,434,499,222,277,125,69,56,
3135,501,250,251,876,438,438,1001,453,548,875,440,435,500,223,277,125,69,56,
3140,502,251,251,877,438,439,1002,454,548,877,442,435,500,223,277,125,69,56,
3145,503,252,251,879,438,441,1005,456,549,878,442,436,501,223,278,125,69,56,
3150,503,252,251,880,439,441,1005,456,549,879,443,436,501,223,278,126,70,56,
3155,504,252,252,881,439,442,1006,456,550,880,443,437,503,223,280,126,70,56,
3160,505,253,252,883,441,442,1009,458,551,882,443,439,504,223,281,126,70,56,
3165,506,253,253,884,442,442,1010,458,552,884,444,440,504,223,281,126,70,56,
3170,507,253,254,886,443,443,1013,459,554,885,445,440,505,224,281,126,70,56,
3175,507,253,254,887,443,444,1013,459,554,886,445,441,505,224,281,127,70,57,
3180,508,253,255,888,443,445,1014,459,555,887,445,442,507,224,283,127,70,57,
3185,509,253,256,890,444,446,1017,462,555,889,445,444,508,225,283,127,70,57,
3190,510,253,257,891,444,447,1018,462,556,891,446,445,508,225,283,127,70,57,
3195,511,254,257,893,445,448,1021,464,557,892,447,445,509,226,283,127,70,57,
3200,511,254,257,894,446,448,1021,464,557,893,448,445,509,226,283,128,70,58,
3205,512,255,257,895,447,448,1022,464,558,894,449,445,511,227,284,128,70,58,
3210,513,256,257,897,447,450,1025,465,560,896,449,447,512,228,284,128,70,58,
3215,514,256,258,898,448,450,1026,465,561,898,451,447,512,228,284,128,70,58,
3220,515,257,258,900,448,452,1029,466,563,899,451,448,513,229,284,128,70,58,
3225,515,257,258,901,449,452,1029,466,563,900,451,449,513,229,284,129,71,58,
3230,516,257,259,902,449,453,1030,466,564,901,452,449,515,230,285,129,71,58,
3235,517,258,259,904,451,453,1033,467,566,903,453,450,516,231,285,129,71,58,
3240,518,259,259,905,452,453,1034,468,566,905,454,451,516,231,285,129,71,58,
3245,519,260,259,907,453,454,1037,469,568,906,454,452,517,231,286,129,71,58,
3250,519,260,259,908,453,455,1037,469,568,907,455,452,517,231,286,130,72,58,
3255,520,260,260,909,454,455,1038,470,568,908,455,453,519,232,287,130,72,58,
3260,521,261,260,911,455,456,1041,472,569,910,457,453,520,232,288,130,72,58,
3265,522,261,261,912,456,456,1042,473,569,912,459,453,520,232,288,130,72,58,
3270,523,262,261,914,458,456,1045,473,572,913,459,454,521,232,289,130,72,58,
3275,523,262,261,915,459,456,1045,473,572,914,460,454,521,232,289,131,73,58,
3280,524,262,262,916,459,457,1046,473,573,915,461,454,523,233,290,131,73,58,
3285,525,262,263,918,460,458,1049,474,575,917,461,456,524,234,290,131,73,58,
3290,526,262,264,919,460,459,1050,475,575,919,462,457,524,234,290,131,73,58,
3295,527,263,264,921,462,459,1053,476,577,920,463,457,525,234,291,131,73,58,
3300,527,263,264,922,463,459,1053,476,577,921,464,457,525,234,291,132,73,59,
3305,528,263,265,923,464,459,1054,476,578,922,465,457,527,235,292,132,73,59,
3310,529,263,266,925,466,459,1057,476,581,924,465,459,528,235,293,132,73,59,
3315,530,264,266,926,466,460,1058,476,582,926,466,460,528,235,293,132,73,59,
3320,531,264,267,928,467,461,1061,477,584,927,466,461,529,235,294,132,73,59,
3325,531,264,267,929,468,461,1061,477,584,928,467,461,529,235,294,133,73,60,
3330,532,264,268,930,469,461,1062,477,585,929,468,461,531,237,294,133,73,60,
3335,533,265,268,932,469,463,1065,479,586,931,469,462,532,237,295,133,73,60,
3340,534,266,268,933,470,463,1066,480,586,933,470,463,532,237,295,133,73,60,
3345,535,267,268,935,470,465,1069,483,586,934,470,464,533,238,295,133,73,60,
3350,535,267,268,936,470,466,1069,483,586,935,471,464,533,238,295,134,74,60,
3355,536,268,268,937,470,467,1070,483,587,936,471,465,535,239,296,134,74,60,
3360,537,268,269,939,470,469,1073,485,588,938,471,467,536,239,297,134,74,60,
3365,538,269,269,940,470,470,1074,486,588,940,471,469,536,239,297,134,74,60,
3370,539,269,270,942,471,471,1077,487,590,941,472,469,537,239,298,134,74,60,
3375,539,269,270,943,472,471,1077,487,590,942,473,469,537,239,298,135,75,60,
3380,540,269,271,944,472,472,1078,488,590,943,474,469,539,239,300,135,75,60,
3385,541,269,272,946,474,472,1081,491,590,945,475,470,540,239,301,135,75,60,
3390,542,270,272,947,474,473,1082,492,590,947,476,471,540,239,301,135,75,60,
3395,543,270,273,949,476,473,1085,493,592,948,477,471,541,240,301,135,75,60,
3400,543,270,273,950,476,474,1085,493,592,949,478,471,541,240,301,136,75,61,
3405,544,270,274,951,477,474,1086,493,593,950,479,471,543,241,302,136,75,61,
3410,545,270,275,953,477,476,1089,495,594,952,479,473,544,242,302,136,75,61,
3415,546,270,276,954,477,477,1090,496,594,954,480,474,544,242,302,136,75,61,
3420,547,270,277,956,479,477,1093,497,596,955,480,475,545,242,303,136,75,61,
3425,547,270,277,957,480,477,1093,497,596,956,481,475,545,242,303,137,75,62,
3430,548,271,277,958,480,478,1094,497,597,957,482,475,547,243,304,137,75,62,
3435,549,272,277,960,481,479,1097,499,598,959,483,476,548,244,304,137,75,62,
3440,550,272,278,961,482,479,1098,499,599,961,484,477,548,244,304,137,75,62,
3445,551,273,278,963,482,481,1101,500,601,962,485,477,549,244,305,137,75,62,
3450,551,273,278,964,483,481,1101,500,601,963,485,478,549,244,305,138,76,62,
3455,552,274,278,965,483,482,1102,500,602,964,485,479,551,245,306,138,76,62,
3460,553,275,278,967,484,483,1105,502,603,966,486,480,552,245,307,138,76,62,
3465,554,275,279,968,485,483,1106,503,603,968,487,481,552,245,307,138,76,62,
3470,555,275,280,970,487,483,1109,503,606,969,487,482,553,245,308,138,76,62,
3475,555,275,280,971,487,484,1109,503,606,970,488,482,553,245,308,139,76,63,
3480,556,276,280,972,488,484,1110,504,606,971,489,482,555,246,309,139,76,63,
3485,557,277,280,974,489,485,1113,505,608,973,491,482,556,247,309,139,76,63,
3490,558,277,281,975,490,485,1114,505,609,975,492,483,556,247,309,139,76,63,
3495,559,277,282,977,492,485,1117,507,610,976,493,483,557,247,310,139,76,63,
3500,559,277,282,978,493,485,1117,507,610,977,494,483,557,247,310,140,77,63,
3505,560,277,283,979,494,485,1118,507,611,978,495,483,559,249,310,140,77,63,
3510,561,278,283,981,495,486,1121,508,613,980,495,485,560,250,310,140,77,63,
3515,562,278,284,982,496,486,1122,509,613,982,495,487,560,250,310,140,77,63,
3520,563,278,285,984,498,486,1125,511,614,983,495,488,561,251,310,140,77,63,
3525,563,278,285,985,498,487,1125,511,614,984,496,488,561,251,310,141,77,64,
3530,564,278,286,986,499,487,1126,511,615,985,497,488,563,251,312,141,77,64,
3535,565,279,286,988,500,488,1129,513,616,987,498,489,564,252,312,141,77,64,
3540,566,280,286,989,500,489,1130,514,616,989,500,489,564,252,312,141,77,64,
3545,567,280,287,991,501,490,1133,515,618,990,500,490,565,252,313,141,77,64,
3550,567,280,287,992,501,491,1133,515,618,991,501,490,565,252,313,142,77,65,
3555,568,280,288,993,501,492,1134,515,619,992,501,491,567,254,313,142,77,65,
3560,569,281,288,995,503,492,1137,516,621,994,502,492,568,255,313,142,77,65,
3565,570,282,288,996,504,492,1138,516,622,996,503,493,568,255,313,142,77,65,
3570,571,283,288,998,504,494,1141,518,623,997,504,493,569,256,313,142,77,65,
3575,571,283,288,999,505,494,1141,518,623,998,504,494,569,256,313,143,77,66,
3580,572,283,289,1000,506,494,1142,518,624,999,504,495,571,256,315,143,77,66,
3585,573,283,290,1002,506,496,1145,519,626,1001,504,497,572,257,315,143,77,66,
3590,574,283,291,1003,507,496,1146,520,626,1003,505,498,572,257,315,143,77,66,
3595,575,284,291,1005,507,498,1149,523,626,1004,505,499,573,258,315,143,77,66,
3600,575,284,291,1006,508,498,1149,523,626,1005,506,499,573,258,315,144,78,66,
3605,576,284,292,1007,509,498,1150,524,626,1006,506,500,575,259,316,144,78,66,
3610,577,285,292,1009,511,498,1153,526,627,1008,507,501,576,259,317,144,78,66,
3615,578,285,293,1010,511,499,1154,526,628,1010,507,503,576,259,317,144,78,66,
3620,579,286,293,1012,513,499,1157,526,631,1011,508,503,577,259,318,144,78,66,
3625,579,286,293,1013,513,500,1157,526,631,1012,508,504,577,259,318,145,78,67,
3630,580,287,293,1014,514,500,1158,526,632,1013,509,504,579,260,319,145,78,67,
3635,581,288,293,1016,516,500,1161,528,633,1015,510,505,580,261,319,145,78,67,
3640,582,288,294,1017,516,501,1162,528,634,1017,511,506,580,261,319,145,78,67,
3645,583,288,295,1019,518,501,1165,531,634,1018,512,506,581,261,320,145,78,67,
3650,583,288,295,1020,519,501,1165,531,634,1019,512,507,581,261,320,146,78,68,
3655,584,289,295,1021,519,502,1166,532,634,1020,512,508,583,262,321,146,78,68,
3660,585,290,295,1023,519,504,1169,534,635,1022,513,509,584,262,322,146,78,68,
3665,586,291,295,1024,520,504,1170,534,636,1024,514,510,584,262,322,146,78,68,
3670,587,292,295,1026,521,505,1173,535,638,1025,514,511,585,263,322,146,78,68,
3675,587,292,295,1027,522,505,1173,535,638,1026,514,512,585,263,322,147,78,69,
3680,588,293,295,1028,522,506,1174,536,638,1027,515,512,587,264,323,147,78,69,
3685,589,294,295,1030,523,507,1177,538,639,1029,517,512,588,265,323,147,78,69,
3690,590,295,295,1031,523,508,1178,538,640,1031,518,513,588,265,323,147,78,69,
3695,591,295,296,1033,525,508,1181,539,642,1032,519,513,589,266,323,147,78,69,
3700,591,295,296,1034,525,509,1181,539,642,1033,520,513,589,266,323,148,78,70,
3705,592,295,297,1035,525,510,1182,540,642,1034,521,513,591,266,325,148,78,70,
3710,593,296,297,1037,525,512,1185,542,643,1036,521,515,592,267,325,148,78,70,
3715,594,296,298,1038,526,512,1186,542,644,1038,522,516,592,267,325,148,78,70,
3720,595,297,298,1040,527,513,1189,544,645,1039,522,517,593,267,326,148,78,70,
3725,595,297,298,1041,527,514,1189,544,645,1040,523,517,593,267,326,149,78,71,
3730,596,297,299,1042,527,515,1190,545,645,1041,524,517,595,267,328,149,78,71,
3735,597,297,300,1044,528,516,1193,547,646,1043,525,518,596,268,328,149,78,71,
3740,598,297,301,1045,528,517,1194,547,647,1045,526,519,596,268,328,149,78,71,
3745,599,297,302,1047,529,518,1197,549,648,1046,527,519,597,269,328,149,78,71,
3750,599,297,302,1048,529,519,1197,549,648,1047,527,520,597,269,328,150,78,72,
3755,600,298,302,1049,530,519,1198,550,648,1048,528,520,599,271,328,150,78,72,
3760,601,298,303,1051,530,521,1201,552,649,1050,528,522,600,271,329,150,78,72,
3765,602,299,303,1052,531,521,1202,553,649,1052,529,523,600,271,329,150,78,72,
3770,603,300,303,1054,531,523,1205,554,651,1053,529,524,601,271,330,150,78,72,
3775,603,300,303,1055,531,524,1205,554,651,1054,529,525,601,271,330,151,79,72,
3780,604,300,304,1056,531,525,1206,555,651,1055,529,526,603,272,331,151,79,72,
3785,605,301,304,1058,532,526,1209,555,654,1057,531,526,604,272,332,151,79,72,
3790,606,301,305,1059,533,526,1210,556,654,1059,533,526,604,272,332,151,79,72,
3795,607,301,306,1061,534,527,1213,558,655,1060,534,526,605,272,333,151,79,72,
3800,607,301,306,1062,535,527,1213,558,655,1061,534,527,605,272,333,152,80,72,
3805,608,301,307,1063,535,528,1214,558,656,1062,534,528,607,272,335,152,80,72,
3810,609,301,308,1065,536,529,1217,561,656,1064,536,528,608,272,336,152,80,72,
3815,610,301,309,1066,537,529,1218,562,656,1066,537,529,608,272,336,152,80,72,
3820,611,302,309,1068,539,529,1221,564,657,1067,538,529,609,272,337,152,80,72,
3825,611,302,309,1069,540,529,1221,564,657,1068,538,530,609,272,337,153,80,73,
3830,612,302,310,1070,540,530,1222,564,658,1069,538,531,611,273,338,153,80,73,
3835,613,303,310,1072,540,532,1225,566,659,1071,540,531,612,274,338,153,80,73,
3840,614,304,310,1073,541,532,1226,566,660,1073,542,531,612,274,338,153,80,73,
3845,615,304,311,1075,542,533,1229,567,662,1074,542,532,613,274,339,153,80,73,
3850,615,304,311,1076,542,534,1229,567,662,1075,542,533,613,274,339,154,81,73,
3855,616,304,312,1077,542,535,1230,568,662,1076,543,533,615,274,341,154,81,73,
3860,617,305,312,1079,544,535,1233,569,664,1078,544,534,616,274,342,154,81,73,
3865,618,306,312,1080,545,535,1234,570,664,1080,545,535,616,274,342,154,81,73,
3870,619,306,313,1082,546,536,1237,572,665,1081,545,536,617,275,342,154,81,73,
3875,619,306,313,1083,547,536,1237,572,665,1082,545,537,617,275,342,155,81,74,
3880,620,306,314,1084,548,536,1238,572,666,1083,545,538,619,276,343,155,81,74,
3885,621,307,314,1086,549,537,1241,572,669,1085,545,540,620,277,343,155,81,74,
3890,622,308,314,1087,550,537,1242,573,669,1087,547,540,620,277,343,155,81,74,
3895,623,309,314,1089,550,539,1245,574,671,1088,547,541,621,278,343,155,81,74,
3900,623,309,314,1090,550,540,1245,574,671,1089,547,542,621,278,343,156,81,75,
3905,624,310,314,1091,550,541,1246,575,671,1090,547,543,623,280,343,156,81,75,
3910,625,310,315,1093,551,542,1249,576,673,1092,549,543,624,281,343,156,81,75,
3915,626,310,316,1094,552,542,1250,577,673,1094,549,545,624,281,343,156,81,75,
3920,627,310,317,1096,554,542,1253,580,673,1095,549,546,625,281,344,156,81,75,
3925,627,310,317,1097,554,543,1253,580,673,1096,550,546,625,281,344,157,81,76,
3930,628,311,317,1098,554,544,1254,580,674,1097,550,547,627,282,345,157,81,76,
3935,629,312,317,1100,554,546,1257,581,676,1099,551,548,628,282,346,157,81,76,
3940,630,312,318,1101,555,546,1258,581,677,1101,551,550,628,282,346,157,81,76,
3945,631,312,319,1103,555,548,1261,582,679,1102,552,550,629,282,347,157,81,76,
3950,631,312,319,1104,556,548,1261,582,679,1103,553,550,629,282,347,158,82,76,
3955,632,312,320,1105,557,548,1262,583,679,1104,553,551,631,284,347,158,82,76,
3960,633,312,321,1107,558,549,1265,583,682,1106,555,551,632,285,347,158,82,76,
3965,634,313,321,1108,559,549,1266,583,683,1108,555,553,632,285,347,158,82,76,
3970,635,314,321,1110,560,550,1269,585,684,1109,556,553,633,285,348,158,82,76,
3975,635,314,321,1111,560,551,1269,585,684,1110,557,553,633,285,348,159,83,76,
3980,636,314,322,1112,560,552,1270,586,684,1111,558,553,635,286,349,159,83,76,
3985,637,315,322,1114,562,552,1273,587,686,1113,559,554,636,287,349,159,83,76,
3990,638,315,323,1115,563,552,1274,588,686,1115,561,554,636,287,349,159,83,76,
3995,639,316,323,1117,565,552,1277,589,688,1116,561,555,637,288,349,159,83,76,
4000,639,316,323,1118,565,553,1277,589,688,1117,561,556,637,288,349,160,83,77,
4005,640,316,324,1119,565,554,1278,589,689,1118,561,557,639,289,350,160,83,77,
4010,641,317,324,1121,565,556,1281,589,692,1120,561,559,640,290,350,160,83,77,
4015,642,318,324,1122,566,556,1282,590,692,1122,562,560,640,290,350,160,83,77,
4020,643,318,325,1124,568,556,1285,590,695,1123,562,561,641,291,350,160,83,77,
4025,643,318,325,1125,568,557,1285,590,695,1124,562,562,641,291,350,161,83,78,
4030,644,319,325,1126,568,558,1286,590,696,1125,563,562,643,293,350,161,83,78,
4035,645,319,326,1128,569,559,1289,592,697,1127,564,563,644,294,350,161,83,78,
4040,646,320,326,1129,570,559,1290,592,698,1129,566,563,644,294,350,161,83,78,
4045,647,321,326,1131,571,560,1293,592,701,1130,567,563,645,295,350,161,83,78,
4050,647,321,326,1132,572,560,1293,592,701,1131,568,563,645,295,350,162,84,78,
4055,648,322,326,1133,572,561,1294,593,701,1132,569,563,647,296,351,162,84,78,
4060,649,323,326,1135,574,561,1297,595,702,1134,570,564,648,296,352,162,84,78,
4065,650,323,327,1136,574,562,1298,595,703,1136,571,565,648,296,352,162,84,78,
4070,651,323,328,1138,576,562,1301,597,704,1137,571,566,649,297,352,162,84,78,
4075,651,323,328,1139,577,562,1301,597,704,1138,571,567,649,297,352,163,84,79,
4080,652,323,329,1140,577,563,1302,597,705,1139,571,568,651,298,353,163,84,79,
4085,653,324,329,1142,579,563,1305,598,707,1141,573,568,652,299,353,163,84,79,
4090,654,325,329,1143,579,564,1306,599,707,1143,573,570,652,299,353,163,84,79,
4095,655,326,329,1145,579,566,1309,601,708,1144,573,571,653,300,353,163,84,79,
4100,655,326,329,1146,579,567,1309,601,708,1145,574,571,653,300,353,164,85,79,
4105,656,327,329,1147,579,568,1310,602,708,1146,575,571,655,301,354,164,85,79,
4110,657,327,330,1149,580,569,1313,603,710,1148,575,573,656,302,354,164,85,79,
4115,658,328,330,1150,580,570,1314,603,711,1150,575,575,656,302,354,164,85,79,
4120,659,328,331,1152,581,571,1317,604,713,1151,576,575,657,302,355,164,85,79,
4125,659,328,331,1153,581,572,1317,604,713,1152,577,575,657,302,355,165,86,79,
4130,660,328,332,1154,582,572,1318,605,713,1153,577,576,659,303,356,165,86,79,
4135,661,329,332,1156,583,573,1321,607,714,1155,577,578,660,304,356,165,86,79,
4140,662,329,333,1157,584,573,1322,608,714,1157,578,579,660,304,356,165,86,79,
4145,663,329,334,1159,585,574,1325,608,717,1158,579,579,661,305,356,165,86,79,
4150,663,329,334,1160,585,575,1325,608,717,1159,580,579,661,305,356,166,87,79,
4155,664,330,334,1161,586,575,1326,608,718,1160,580,580,663,307,356,166,87,79,
4160,665,331,334,1163,587,576,1329,610,719,1162,581,581,664,307,357,166,87,79,
4165,666,332,334,1164,588,576,1330,610,720,1164,582,582,664,307,357,166,87,79,
4170,667,332,335,1166,588,578,1333,613,720,1165,582,583,665,307,358,166,87,79,
4175,667,332,335,1167,589,578,1333,613,720,1166,583,583,665,307,358,167,88,79,
4180,668,333,335,1168,589,579,1334,614,720,1167,583,584,667,308,359,167,88,79,
4185,669,334,335,1170,590,580,1337,617,720,1169,585,584,668,308,360,167,88,79,
4190,670,335,335,1171,590,581,1338,618,720,1171,586,585,668,308,360,167,88,79,
4195,671,335,336,1173,590,583,1341,619,722,1172,587,585,669,309,360,167,88,79,
4200,671,335,336,1174,591,583,1341,619,722,1173,588,585,669,309,360,168,88,80,
4205,672,335,337,1175,591,584,1342,620,722,1174,589,585,671,311,360,168,88,80,
4210,673,335,338,1177,593,584,1345,621,724,1176,589,587,672,312,360,168,88,80,
4215,674,335,339,1178,594,584,1346,621,725,1178,590,588,672,312,360,168,88,80,
4220,675,335,340,1180,596,584,1349,621,728,1179,590,589,673,313,360,168,88,80,
4225,675,335,340,1181,596,585,1349,621,728,1180,591,589,673,313,360,169,88,81,
4230,676,336,340,1182,596,586,1350,621,729,1181,592,589,675,313,362,169,88,81,
4235,677,337,340,1184,597,587,1353,623,730,1183,592,591,676,313,363,169,88,81,
4240,678,337,341,1185,597,588,1354,624,730,1185,594,591,676,313,363,169,88,81,
4245,679,337,342,1187,598,589,1357,626,731,1186,595,591,677,314,363,169,88,81,
4250,679,337,342,1188,599,589,1357,626,731,1187,595,592,677,314,363,170,88,82,
4255,680,338,342,1189,600,589,1358,627,731,1188,596,592,679,314,365,170,88,82,
4260,681,338,343,1191,602,589,1361,629,732,1190,597,593,680,315,365,170,88,82,
4265,682,338,344,1192,602,590,1362,630,732,1192,599,593,680,315,365,170,88,82,
4270,683,338,345,1194,602,592,1365,631,734,1193,599,594,681,315,366,170,88,82,
4275,683,338,345,1195,602,593,1365,631,734,1194,600,594,681,315,366,171,89,82,
4280,684,339,345,1196,602,594,1366,632,734,1195,601,594,683,316,367,171,89,82,
4285,685,340,345,1198,602,596,1369,633,736,1197,602,595,684,317,367,171,89,82,
4290,686,341,345,1199,602,597,1370,633,737,1199,603,596,684,317,367,171,89,82,
4295,687,342,345,1201,603,598,1373,634,739,1200,603,597,685,318,367,171,89,82,
4300,687,342,345,1202,604,598,1373,634,739,1201,603,598,685,318,367,172,89,83,
4305,688,343,345,1203,605,598,1374,635,739,1202,603,599,687,320,367,172,89,83,
4310,689,344,345,1205,607,598,1377,637,740,1204,604,600,688,320,368,172,89,83,
4315,690,345,345,1206,607,599,1378,637,741,1206,605,601,688,320,368,172,89,83,
4320,691,346,345,1208,607,601,1381,639,742,1207,605,602,689,320,369,172,89,83,
4325,691,346,345,1209,607,602,1381,639,742,1208,605,603,689,320,369,173,90,83,
4330,692,346,346,1210,607,603,1382,639,743,1209,605,604,691,322,369,173,90,83,
4335,693,346,347,1212,608,604,1385,640,745,1211,607,604,692,322,370,173,90,83,
4340,694,346,348,1213,608,605,1386,641,745,1213,607,606,692,322,370,173,90,83,
4345,695,347,348,1215,609,606,1389,641,748,1214,607,607,693,322,371,173,90,83,
4350,695,347,348,1216,610,606,1389,641,748,1215,608,607,693,322,371,174,90,84,
4355,696,348,348,1217,610,607,1390,641,749,1216,608,608,695,323,372,174,90,84,
4360,697,349,348,1219,611,608,1393,642,751,1218,609,609,696,323,373,174,90,84,
4365,698,349,349,1220,612,608,1394,642,752,1220,610,610,696,323,373,174,90,84,
4370,699,350,349,1222,612,610,1397,642,755,1221,611,610,697,324,373,174,90,84,
4375,699,350,349,1223,612,611,1397,642,755,1222,611,611,697,324,373,175,90,85,
4380,700,351,349,1224,613,611,1398,643,755,1223,612,611,699,325,374,175,90,85,
4385,701,351,350,1226,615,611,1401,644,757,1225,614,611,700,326,374,175,90,85,
4390,702,351,351,1227,615,612,1402,644,758,1227,614,613,700,326,374,175,90,85,
4395,703,351,352,1229,616,613,1405,646,759,1228,615,613,701,326,375,175,90,85,
4400,703,351,352,1230,617,613,1405,646,759,1229,616,613,701,326,375,176,91,85,
4405,704,351,353,1231,618,613,1406,647,759,1230,616,614,703,327,376,176,91,85,
4410,705,351,354,1233,620,613,1409,647,762,1232,617,615,704,328,376,176,91,85,
4415,706,351,355,1234,620,614,1410,647,763,1234,617,617,704,328,376,176,91,85,
4420,707,352,355,1236,622,614,1413,647,766,1235,617,618,705,328,377,176,91,85,
4425,707,352,355,1237,622,615,1413,647,766,1236,617,619,705,328,377,177,91,86,
4430,708,352,356,1238,622,616,1414,647,767,1237,618,619,707,330,377,177,91,86,
4435,709,352,357,1240,623,617,1417,649,768,1239,620,619,708,330,378,177,91,86,
4440,710,353,357,1241,624,617,1418,649,769,1241,621,620,708,330,378,177,91,86,
4445,711,353,358,1243,625,618,1421,651,770,1242,621,621,709,331,378,177,91,86,
4450,711,353,358,1244,626,618,1421,651,770,1243,621,622,709,331,378,178,91,87,
4455,712,353,359,1245,627,618,1422,651,771,1244,622,622,711,331,380,178,91,87,
4460,713,353,360,1247,628,619,1425,651,774,1246,623,623,712,332,380,178,91,87,
4465,714,354,360,1248,628,620,1426,652,774,1248,624,624,712,332,380,178,91,87,
4470,715,354,361,1250,628,622,1429,654,775,1249,624,625,713,332,381,178,91,87,
4475,715,354,361,1251,629,622,1429,654,775,1250,625,625,713,332,381,179,92,87,
4480,716,354,362,1252,630,622,1430,655,775,1251,626,625,715,332,383,179,92,87,
4485,717,355,362,1254,630,624,1433,655,778,1253,627,626,716,333,383,179,92,87,
4490,718,355,363,1255,630,625,1434,656,778,1255,629,626,716,333,383,179,92,87,
4495,719,356,363,1257,630,627,1437,657,780,1256,629,627,717,333,384,179,92,87,
4500,719,356,363,1258,631,627,1437,657,780,1257,630,627,717,333,384,180,92,88,
4505,720,357,363,1259,631,628,1438,658,780,1258,630,628,719,335,384,180,92,88,
4510,721,358,363,1261,632,629,1441,660,781,1260,632,628,720,335,385,180,92,88,
4515,722,358,364,1262,632,630,1442,660,782,1262,632,630,720,335,385,180,92,88,
4520,723,359,364,1264,632,632,1445,661,784,1263,632,631,721,335,386,180,92,88,
4525,723,359,364,1265,633,632,1445,661,784,1264,633,631,721,335,386,181,93,88,
4530,724,359,365,1266,633,633,1446,662,784,1265,634,631,723,335,388,181,93,88,
4535,725,359,366,1268,634,634,1449,663,786,1267,635,632,724,335,389,181,93,88,
4540,726,360,366,1269,635,634,1450,664,786,1269,636,633,724,335,389,181,93,88,
4545,727,360,367,1271,637,634,1453,667,786,1270,636,634,725,336,389,181,93,88,
4550,727,360,367,1272,638,634,1453,667,786,1271,636,635,725,336,389,182,94,88,
4555,728,360,368,1273,639,634,1454,667,787,1272,637,635,727,336,391,182,94,88,
4560,729,360,369,1275,639,636,1457,668,789,1274,637,637,728,336,392,182,94,88,
4565,730,360,370,1276,640,636,1458,669,789,1276,638,638,728,336,392,182,94,88,
4570,731,360,371,1278,640,638,1461,671,790,1277,639,638,729,337,392,182,94,88,
4575,731,360,371,1279,640,639,1461,671,790,1278,639,639,729,337,392,183,95,88,
4580,732,360,372,1280,640,640,1462,672,790,1279,639,640,731,339,392,183,95,88,
4585,733,360,373,1282,641,641,1465,673,792,1281,641,640,732,340,392,183,95,88,
4590,734,361,373,1283,641,642,1466,673,793,1283,641,642,732,340,392,183,95,88,
4595,735,361,374,1285,643,642,1469,675,794,1284,642,642,733,340,393,183,95,88,
4600,735,361,374,1286,643,643,1469,675,794,1285,642,643,733,340,393,184,95,89,
4605,736,361,375,1287,643,644,1470,675,795,1286,643,643,735,340,395,184,95,89,
4610,737,361,376,1289,644,645,1473,676,797,1288,645,643,736,340,396,184,95,89,
4615,738,362,376,1290,644,646,1474,676,798,1290,647,643,736,340,396,184,95,89,
4620,739,362,377,1292,646,646,1477,676,801,1291,648,643,737,341,396,184,95,89,
4625,739,362,377,1293,646,647,1477,676,801,1292,648,644,737,341,396,185,95,90,
4630,740,363,377,1294,646,648,1478,677,801,1293,649,644,739,341,398,185,95,90,
4635,741,364,377,1296,646,650,1481,678,803,1295,650,645,740,342,398,185,95,90,
4640,742,365,377,1297,646,651,1482,679,803,1297,651,646,740,342,398,185,95,90,
4645,743,365,378,1299,647,652,1485,680,805,1298,651,647,741,343,398,185,95,90,
4650,743,365,378,1300,647,653,1485,680,805,1299,651,648,741,343,398,186,96,90,
4655,744,366,378,1301,648,653,1486,680,806,1300,651,649,743,343,400,186,96,90,
4660,745,367,378,1303,650,653,1489,681,808,1302,652,650,744,344,400,186,96,90,
4665,746,368,378,1304,650,654,1490,682,808,1304,652,652,744,344,400,186,96,90,
4670,747,368,379,1306,651,655,1493,684,809,1305,652,653,745,345,400,186,96,90,
4675,747,368,379,1307,652,655,1493,684,809,1306,653,653,745,345,400,187,97,90,
4680,748,368,380,1308,653,655,1494,684,810,1307,653,654,747,346,401,187,97,90,
4685,749,369,380,1310,655,655,1497,684,813,1309,654,655,748,346,402,187,97,90,
4690,750,370,380,1311,656,655,1498,685,813,1311,654,657,748,346,402,187,97,90,
4695,751,371,380,1313,658,655,1501,686,815,1312,654,658,749,346,403,187,97,90,
4700,751,371,380,1314,659,655,1501,686,815,1313,654,659,749,346,403,188,98,90,
4705,752,372,380,1315,660,655,1502,686,816,1314,654,660,751,347,404,188,98,90,
4710,753,373,380,1317,660,657,1505,688,817,1316,655,661,752,348,404,188,98,90,
4715,754,373,381,1318,661,657,1506,688,818,1318,656,662,752,348,404,188,98,90,
4720,755,374,381,1320,662,658,1509,690,819,1319,656,663,753,349,404,188,98,90,
4725,755,374,381,1321,663,658,1509,690,819,1320,656,664,753,349,404,189,99,90,
4730,756,375,381,1322,664,658,1510,690,820,1321,657,664,755,349,406,189,99,90,
4735,757,375,382,1324,664,660,1513,692,821,1323,658,665,756,350,406,189,99,90,
4740,758,376,382,1325,664,661,1514,693,821,1325,660,665,756,350,406,189,99,90,
4745,759,377,382,1327,666,661,1517,696,821,1326,661,665,757,351,406,189,99,90,
4750,759,377,382,1328,666,662,1517,696,821,1327,661,666,757,351,406,190,100,90,
4755,760,378,382,1329,667,662,1518,696,822,1328,662,666,759,352,407,190,100,90,
4760,761,378,383,1331,667,664,1521,698,823,1330,663,667,760,352,408,190,100,90,
4765,762,379,383,1332,667,665,1522,699,823,1332,663,669,760,352,408,190,100,90,
4770,763,380,383,1334,668,666,1525,699,826,1333,664,669,761,353,408,190,100,90,
4775,763,380,383,1335,669,666,1525,699,826,1334,665,669,761,353,408,191,101,90,
4780,764,380,384,1336,670,666,1526,699,827,1335,665,670,763,355,408,191,101,90,
4785,765,380,385,1338,672,666,1529,699,830,1337,665,672,764,355,409,191,101,90,
4790,766,380,386,1339,673,666,1530,700,830,1339,665,674,764,355,409,191,101,90,
4795,767,381,386,1341,675,666,1533,700,833,1340,666,674,765,356,409,191,101,90,
4800,767,381,386,1342,675,667,1533,700,833,1341,666,675,765,356,409,192,101,91,
4805,768,382,386,1343,675,668,1534,701,833,1342,667,675,767,357,410,192,101,91,
4810,769,383,386,1345,676,669,1537,703,834,1344,667,677,768,357,411,192,101,91,
4815,770,383,387,1346,677,669,1538,703,835,1346,669,677,768,357,411,192,101,91,
4820,771,383,388,1348,679,669,1541,706,835,1347,670,677,769,358,411,192,101,91,
4825,771,383,388,1349,679,670,1541,706,835,1348,670,678,769,358,411,193,101,92,
4830,772,383,389,1350,680,670,1542,707,835,1349,671,678,771,359,412,193,101,92,
4835,773,383,390,1352,682,670,1545,709,836,1351,672,679,772,360,412,193,101,92,
4840,774,384,390,1353,682,671,1546,710,836,1353,673,680,772,360,412,193,101,92,
4845,775,385,390,1355,684,671,1549,712,837,1354,674,680,773,360,413,193,101,92,
4850,775,385,390,1356,684,672,1549,712,837,1355,674,681,773,360,413,194,102,92,
4855,776,386,390,1357,684,673,1550,712,838,1356,674,682,775,361,414,194,102,92,
4860,777,387,390,1359,684,675,1553,713,840,1358,675,683,776,362,414,194,102,92,
4865,778,388,390,1360,684,676,1554,714,840,1360,676,684,776,362,414,194,102,92,
4870,779,388,391,1362,685,677,1557,714,843,1361,676,685,777,363,414,194,102,92,
4875,779,388,391,1363,686,677,1557,714,843,1362,677,685,777,363,414,195,102,93,
4880,780,388,392,1364,686,678,1558,714,844,1363,678,685,779,364,415,195,102,93,
4885,781,389,392,1366,686,680,1561,715,846,1365,678,687,780,365,415,195,102,93,
4890,782,390,392,1367,686,681,1562,716,846,1367,680,687,780,365,415,195,102,93,
4895,783,390,393,1369,688,681,1565,718,847,1368,681,687,781,365,416,195,102,93,
4900,783,390,393,1370,688,682,1565,718,847,1369,681,688,781,365,416,196,102,94,
4905,784,391,393,1371,689,682,1566,719,847,1370,681,689,783,365,418,196,102,94,
4910,785,392,393,1373,689,684,1569,721,848,1372,682,690,784,366,418,196,102,94,
4915,786,393,393,1374,689,685,1570,721,849,1374,682,692,784,366,418,196,102,94,
4920,787,393,394,1376,689,687,1573,722,851,1375,682,693,785,367,418,196,102,94,
4925,787,393,394,1377,689,688,1573,722,851,1376,683,693,785,367,418,197,103,94,
4930,788,394,394,1378,689,689,1574,722,852,1377,683,694,787,367,420,197,103,94,
4935,789,395,394,1380,690,690,1577,723,854,1379,684,695,788,367,421,197,103,94,
4940,790,396,394,1381,691,690,1578,723,855,1381,685,696,788,367,421,197,103,94,
4945,791,396,395,1383,692,691,1581,724,857,1382,686,696,789,367,422,197,103,94,
4950,791,396,395,1384,693,691,1581,724,857,1383,686,697,789,367,422,198,104,94,
4955,792,397,395,1385,693,692,1582,725,857,1384,686,698,791,368,423,198,104,94,
4960,793,398,395,1387,695,692,1585,728,857,1386,688,698,792,368,424,198,104,94,
4965,794,399,395,1388,696,692,1586,729,857,1388,689,699,792,368,424,198,104,94,
4970,795,400,395,1390,696,694,1589,730,859,1389,690,699,793,368,425,198,104,94,
4975,795,400,395,1391,696,695,1589,730,859,1390,690,700,793,368,425,199,105,94,
4980,796,400,396,1392,697,695,1590,731,859,1391,691,700,795,369,426,199,105,94,
4985,797,400,397,1394,697,697,1593,733,860,1393,693,700,796,369,427,199,105,94,
4990,798,401,397,1395,698,697,1594,733,861,1395,695,700,796,369,427,199,105,94,
4995,799,402,397,1397,698,699,1597,735,862,1396,695,701,797,369,428,199,105,94,
5000,799,402,397,1398,698,700,1597,735,862,1397,695,702,797,369,428,200,105,95,
5005,800,402,398,1399,699,700,1598,736,862,1398,696,702,799,370,429,200,105,95,
5010,801,403,398,1401,700,701,1601,739,862,1400,698,702,800,370,430,200,105,95,
5015,802,403,399,1402,700,702,1602,739,863,1402,700,702,800,370,430,200,105,95,
5020,803,403,400,1404,700,704,1605,741,864,1403,701,702,801,371,430,200,105,95,
5025,803,403,400,1405,701,704,1605,741,864,1404,701,703,801,371,430,201,106,95,
5030,804,403,401,1406,702,704,1606,742,864,1405,702,703,803,372,431,201,106,95,
5035,805,403,402,1408,702,706,1609,743,866,1407,703,704,804,372,432,201,106,95,
5040,806,403,403,1409,702,707,1610,743,867,1409,705,704,804,372,432,201,106,95,
5045,807,404,403,1411,703,708,1613,745,868,1410,706,704,805,373,432,201,106,95,
5050,807,404,403,1412,703,709,1613,745,868,1411,706,705,805,373,432,202,107,95,
5055,808,404,404,1413,703,710,1614,746,868,1412,706,706,807,373,434,202,107,95,
5060,809,404,405,1415,705,710,1617,747,870,1414,707,707,808,374,434,202,107,95,
5065,810,405,405,1416,706,710,1618,747,871,1416,707,709,808,374,434,202,107,95,
5070,811,406,405,1418,707,711,1621,750,871,1417,707,710,809,374,435,202,107,95,
5075,811,406,405,1419,708,711,1621,750,871,1418,708,710,809,374,435,203,107,96,
5080,812,406,406,1420,708,712,1622,750,872,1419,708,711,811,374,437,203,107,96,
5085,813,406,407,1422,708,714,1625,753,872,1421,708,713,812,375,437,203,107,96,
5090,814,406,408,1423,709,714,1626,754,872,1423,709,714,812,375,437,203,107,96,
5095,815,406,409,1425,711,714,1629,756,873,1424,710,714,813,376,437,203,107,96,
5100,815,406,409,1426,712,714,1629,756,873,1425,711,714,813,376,437,204,107,97,
5105,816,407,409,1427,712,715,1630,757,873,1426,711,715,815,378,437,204,107,97,
5110,817,408,409,1429,714,715,1633,759,874,1428,712,716,816,378,438,204,107,97,
5115,818,409,409,1430,715,715,1634,759,875,1430,712,718,816,378,438,204,107,97,
5120,819,410,409,1432,715,717,1637,759,878,1431,713,718,817,379,438,204,107,97,
5125,819,410,409,1433,716,717,1637,759,878,1432,714,718,817,379,438,205,107,98,
5130,820,411,409,1434,716,718,1638,760,878,1433,714,719,819,379,440,205,107,98,
5135,821,412,409,1436,718,718,1641,763,878,1435,715,720,820,380,440,205,107,98,
5140,822,413,409,1437,719,718,1642,763,879,1437,717,720,820,380,440,205,107,98,
5145,823,414,409,1439,719,720,1645,764,881,1438,718,720,821,380,441,205,107,98,
5150,823,414,409,1440,719,721,1645,764,881,1439,719,720,821,380,441,206,107,99,
5155,824,414,410,1441,719,722,1646,764,882,1440,720,720,823,382,441,206,107,99,
5160,825,414,411,1443,721,722,1649,765,884,1442,721,721,824,382,442,206,107,99,
5165,826,415,411,1444,721,723,1650,766,884,1444,723,721,824,382,442,206,107,99,
5170,827,415,412,1446,722,724,1653,767,886,1445,724,721,825,382,443,206,107,99,
5175,827,415,412,1447,723,724,1653,767,886,1446,724,722,825,382,443,207,108,99,
5180,828,416,412,1448,724,724,1654,767,887,1447,724,723,827,382,445,207,108,99,
5185,829,416,413,1450,725,725,1657,768,889,1449,725,724,828,383,445,207,108,99,
5190,830,417,413,1451,725,726,1658,769,889,1451,726,725,828,383,445,207,108,99,
5195,831,417,414,1453,726,727,1661,770,891,1452,726,726,829,383,446,207,108,99,
5200,831,417,414,1454,727,727,1661,770,891,1453,727,726,829,383,446,208,108,100,
5205,832,417,415,1455,727,728,1662,771,891,1454,727,727,831,384,447,208,108,100,
5210,833,418,415,1457,728,729,1665,772,893,1456,728,728,832,384,448,208,108,100,
5215,834,418,416,1458,728,730,1666,773,893,1458,728,730,832,384,448,208,108,100,
5220,835,418,417,1460,728,732,1669,774,895,1459,729,730,833,384,449,208,108,100,
5225,835,418,417,1461,728,733,1669,774,895,1460,730,730,833,384,449,209,108,101,
5230,836,418,418,1462,729,733,1670,775,895,1461,731,730,835,385,450,209,108,101,
5235,837,419,418,1464,731,733,1673,776,897,1463,732,731,836,385,451,209,108,101,
5240,838,419,419,1465,731,734,1674,776,898,1465,732,733,836,385,451,209,108,101,
5245,839,420,419,1467,732,735,1677,778,899,1466,732,734,837,385,452,209,108,101,
5250,839,420,419,1468,733,735,1677,778,899,1467,733,734,837,385,452,210,109,101,
5255,840,421,419,1469,734,735,1678,779,899,1468,733,735,839,387,452,210,109,101,
5260,841,422,419,1471,734,737,1681,780,901,1470,735,735,840,387,453,210,109,101,
5265,842,423,419,1472,735,737,1682,780,902,1472,736,736,840,387,453,210,109,101,
5270,843,424,419,1474,736,738,1685,782,903,1473,737,736,841,387,454,210,109,101,
5275,843,424,419,1475,736,739,1685,782,903,1474,737,737,841,387,454,211,110,101,
5280,844,424,420,1476,736,740,1686,782,904,1475,737,738,843,387,456,211,110,101,
5285,845,425,420,1478,737,741,1689,784,905,1477,738,739,844,387,457,211,110,101,
5290,846,425,421,1479,737,742,1690,785,905,1479,738,741,844,387,457,211,110,101,
5295,847,425,422,1481,739,742,1693,787,906,1480,739,741,845,387,458,211,110,101,
5300,847,425,422,1482,739,743,1693,787,906,1481,740,741,845,387,458,212,111,101,
5305,848,426,422,1483,739,744,1694,787,907,1482,741,741,847,387,460,212,111,101,
5310,849,426,423,1485,741,744,1697,788,909,1484,741,743,848,388,460,212,111,101,
5315,850,427,423,1486,741,745,1698,788,910,1486,743,743,848,388,460,212,111,101,
5320,851,428,423,1488,741,747,1701,790,911,1487,743,744,849,389,460,212,111,101,
5325,851,428,423,1489,741,748,1701,790,911,1488,743,745,849,389,460,213,112,101,
5330,852,428,424,1490,742,748,1702,791,911,1489,743,746,851,390,461,213,112,101,
5335,853,428,425,1492,743,749,1705,791,914,1491,745,746,852,390,462,213,112,101,
5340,854,428,426,1493,743,750,1706,792,914,1493,746,747,852,390,462,213,112,101,
5345,855,428,427,1495,745,750,1709,794,915,1494,746,748,853,391,462,213,112,101,
5350,855,428,427,1496,746,750,1709,794,915,1495,747,748,853,391,462,214,113,101,
5355,856,428,428,1497,746,751,1710,794,916,1496,747,749,855,391,464,214,113,101,
5360,857,428,429,1499,747,752,1713,796,917,1498,747,751,856,392,464,214,113,101,
5365,858,429,429,1500,747,753,1714,797,917,1500,748,752,856,392,464,214,113,101,
5370,859,429,430,1502,747,755,1717,799,918,1501,748,753,857,392,465,214,113,101,
5375,859,429,430,1503,747,756,1717,799,918,1502,749,753,857,392,465,215,113,102,
5380,860,429,431,1504,747,757,1718,800,918,1503,749,754,859,393,466,215,113,102,
5385,861,429,432,1506,747,759,1721,802,919,1505,751,754,860,393,467,215,113,102,
5390,862,429,433,1507,748,759,1722,802,920,1507,751,756,860,393,467,215,113,102,
5395,863,430,433,1509,748,761,1725,803,922,1508,752,756,861,393,468,215,113,102,
5400,863,430,433,1510,749,761,1725,803,922,1509,753,756,861,393,468,216,113,103,
5405,864,431,433,1511,750,761,1726,804,922,1510,754,756,863,394,469,216,113,103,
5410,865,432,433,1513,752,761,1729,807,922,1512,754,758,864,394,470,216,113,103,
5415,866,432,434,1514,752,762,1730,807,923,1514,756,758,864,394,470,216,113,103,
5420,867,432,435,1516,753,763,1733,807,926,1515,756,759,865,395,470,216,113,103,
5425,867,432,435,1517,754,763,1733,807,926,1516,756,760,865,395,470,217,113,104,
5430,868,432,436,1518,754,764,1734,808,926,1517,757,760,867,396,471,217,113,104,
5435,869,432,437,1520,754,766,1737,808,929,1519,758,761,868,397,471,217,113,104,
5440,870,433,437,1521,755,766,1738,809,929,1521,758,763,868,397,471,217,113,104,
5445,871,433,438,1523,757,766,1741,810,931,1522,759,763,869,398,471,217,113,104,
5450,871,433,438,1524,757,767,1741,810,931,1523,759,764,869,398,471,218,114,104,
5455,872,434,438,1525,757,768,1742,811,931,1524,760,764,871,399,472,218,114,104,
5460,873,435,438,1527,758,769,1745,813,932,1526,761,765,872,399,473,218,114,104,
5465,874,436,438,1528,758,770,1746,814,932,1528,761,767,872,399,473,218,114,104,
5470,875,436,439,1530,759,771,1749,815,934,1529,761,768,873,400,473,218,114,104,
5475,875,436,439,1531,760,771,1749,815,934,1530,761,769,873,400,473,219,115,104,
5480,876,437,439,1532,761,771,1750,815,935,1531,762,769,875,401,474,219,115,104,
5485,877,438,439,1534,761,773,1753,818,935,1533,763,770,876,402,474,219,115,104,
5490,878,439,439,1535,762,773,1754,819,935,1535,764,771,876,402,474,219,115,104,
5495,879,439,440,1537,763,774,1757,822,935,1536,764,772,877,402,475,219,115,104,
5500,879,439,440,1538,763,775,1757,822,935,1537,764,773,877,402,475,220,115,105,
5505,880,439,441,1539,764,775,1758,823,935,1538,764,774,879,403,476,220,115,105,
5510,881,439,442,1541,765,776,1761,825,936,1540,766,774,880,403,477,220,115,105,
5515,882,440,442,1542,765,777,1762,826,936,1542,768,774,880,403,477,220,115,105,
5520,883,441,442,1544,766,778,1765,827,938,1543,769,774,881,404,477,220,115,105,
5525,883,441,442,1545,767,778,1765,827,938,1544,769,775,881,404,477,221,115,106,
5530,884,441,443,1546,768,778,1766,827,939,1545,769,776,883,405,478,221,115,106,
5535,885,441,444,1548,769,779,1769,829,940,1547,771,776,884,406,478,221,115,106,
5540,886,441,445,1549,769,780,1770,830,940,1549,771,778,884,406,478,221,115,106,
5545,887,442,445,1551,771,780,1773,832,941,1550,772,778,885,406,479,221,115,106,
5550,887,442,445,1552,772,780,1773,832,941,1551,772,779,885,406,479,222,115,107,
5555,888,443,445,1553,772,781,1774,832,942,1552,773,779,887,407,480,222,115,107,
5560,889,444,445,1555,772,783,1777,832,945,1554,773,781,888,407,481,222,115,107,
5565,890,445,445,1556,773,783,1778,833,945,1556,773,783,888,407,481,222,115,107,
5570,891,446,445,1558,773,785,1781,835,946,1557,773,784,889,408,481,222,115,107,
5575,891,446,445,1559,773,786,1781,835,946,1558,774,784,889,408,481,223,116,107,
5580,892,446,446,1560,774,786,1782,835,947,1559,774,785,891,408,483,223,116,107,
5585,893,446,447,1562,774,788,1785,838,947,1561,775,786,892,408,484,223,116,107,
5590,894,446,448,1563,774,789,1786,839,947,1563,775,788,892,408,484,223,116,107,
5595,895,447,448,1565,775,790,1789,841,948,1564,775,789,893,409,484,223,116,107,
5600,895,447,448,1566,776,790,1789,841,948,1565,776,789,893,409,484,224,117,107,
5605,896,447,449,1567,777,790,1790,841,949,1566,777,789,895,410,485,224,117,107,
5610,897,447,450,1569,777,792,1793,843,950,1568,778,790,896,410,486,224,117,107,
5615,898,447,451,1570,778,792,1794,843,951,1570,780,790,896,410,486,224,117,107,
5620,899,447,452,1572,779,793,1797,844,953,1571,781,790,897,410,487,224,117,107,
5625,899,447,452,1573,779,794,1797,844,953,1572,782,790,897,410,487,225,117,108,
5630,900,447,453,1574,779,795,1798,845,953,1573,783,790,899,411,488,225,117,108,
5635,901,447,454,1576,781,795,1801,846,955,1575,784,791,900,412,488,225,117,108,
5640,902,448,454,1577,781,796,1802,847,955,1577,784,793,900,412,488,225,117,108,
5645,903,449,454,1579,782,797,1805,849,956,1578,784,794,901,412,489,225,117,108,
5650,903,449,454,1580,782,798,1805,849,956,1579,785,794,901,412,489,226,118,108,
5655,904,449,455,1581,782,799,1806,850,956,1580,786,794,903,414,489,226,118,108,
5660,905,450,455,1583,782,801,1809,851,958,1582,786,796,904,415,489,226,118,108,
5665,906,450,456,1584,782,802,1810,852,958,1584,786,798,904,415,489,226,118,108,
5670,907,450,457,1586,784,802,1813,855,958,1585,786,799,905,416,489,226,118,108,
5675,907,450,457,1587,784,803,1813,855,958,1586,786,800,905,416,489,227,119,108,
5680,908,450,458,1588,784,804,1814,856,958,1587,787,800,907,418,489,227,119,108,
5685,909,450,459,1590,784,806,1817,858,959,1589,787,802,908,419,489,227,119,108,
5690,910,451,459,1591,785,806,1818,858,960,1591,787,804,908,419,489,227,119,108,
5695,911,451,460,1593,786,807,1821,859,962,1592,788,804,909,419,490,227,119,108,
5700,911,451,460,1594,787,807,1821,859,962,1593,789,804,909,419,490,228,119,109,
5705,912,452,460,1595,788,807,1822,859,963,1594,789,805,911,419,492,228,119,109,
5710,913,452,461,1597,788,809,1825,860,965,1596,789,807,912,420,492,228,119,109,
5715,914,453,461,1598,788,810,1826,861,965,1598,789,809,912,420,492,228,119,109,
5720,915,454,461,1600,789,811,1829,861,968,1599,789,810,913,420,493,228,119,109,
5725,915,454,461,1601,789,812,1829,861,968,1600,789,811,913,420,493,229,120,109,
5730,916,455,461,1602,789,813,1830,862,968,1601,789,812,915,422,493,229,120,109,
5735,917,455,462,1604,791,813,1833,864,969,1603,790,813,916,423,493,229,120,109,
5740,918,455,463,1605,792,813,1834,864,970,1605,790,815,916,423,493,229,120,109,
5745,919,455,464,1607,794,813,1837,867,970,1606,790,816,917,423,494,229,120,109,
5750,919,455,464,1608,794,814,1837,867,970,1607,790,817,917,423,494,230,121,109,
5755,920,455,465,1609,795,814,1838,867,971,1608,791,817,919,424,495,230,121,109,
5760,921,456,465,1611,796,815,1841,868,973,1610,792,818,920,425,495,230,121,109,
5765,922,456,466,1612,797,815,1842,869,973,1612,793,819,920,425,495,230,121,109,
5770,923,457,466,1614,797,817,1845,871,974,1613,793,820,921,425,496,230,121,109,
5775,923,457,466,1615,798,817,1845,871,974,1614,793,821,921,425,496,231,122,109,
5780,924,457,467,1616,798,818,1846,871,975,1615,794,821,923,426,497,231,122,109,
5785,925,458,467,1618,800,818,1849,873,976,1617,795,822,924,427,497,231,122,109,
5790,926,459,467,1619,801,818,1850,873,977,1619,795,824,924,427,497,231,122,109,
5795,927,459,468,1621,801,820,1853,875,978,1620,795,825,925,428,497,231,122,109,
5800,927,459,468,1622,802,820,1853,875,978,1621,795,826,925,428,497,232,123,109,
5805,928,459,469,1623,803,820,1854,876,978,1622,796,826,927,429,498,232,123,109,
5810,929,459,470,1625,805,820,1857,878,979,1624,797,827,928,430,498,232,123,109,
5815,930,460,470,1626,806,820,1858,879,979,1626,799,827,928,430,498,232,123,109,
5820,931,460,471,1628,806,822,1861,881,980,1627,799,828,929,430,499,232,123,109,
5825,931,460,471,1629,806,823,1861,881,980,1628,799,829,929,430,499,233,124,109,
5830,932,461,471,1630,807,823,1862,881,981,1629,799,830,931,430,501,233,124,109,
5835,933,462,471,1632,808,824,1865,882,983,1631,799,832,932,430,502,233,124,109,
5840,934,463,471,1633,808,825,1866,883,983,1633,800,833,932,430,502,233,124,109,
5845,935,463,472,1635,809,826,1869,884,985,1634,801,833,933,430,503,233,124,109,
5850,935,463,472,1636,810,826,1869,884,985,1635,801,834,933,430,503,234,125,109,
5855,936,463,473,1637,811,826,1870,885,985,1636,801,835,935,432,503,234,125,109,
5860,937,463,474,1639,813,826,1873,887,986,1638,802,836,936,432,504,234,125,109,
5865,938,463,475,1640,813,827,1874,887,987,1640,802,838,936,432,504,234,125,109,
5870,939,464,475,1642,814,828,1877,888,989,1641,803,838,937,433,504,234,125,109,
5875,939,464,475,1643,815,828,1877,888,989,1642,803,839,937,433,504,235,125,110,
5880,940,465,475,1644,816,828,1878,888,990,1643,804,839,939,435,504,235,125,110,
5885,941,466,475,1646,817,829,1881,890,991,1645,805,840,940,436,504,235,125,110,
5890,942,467,475,1647,818,829,1882,891,991,1647,806,841,940,436,504,235,125,110,
5895,943,467,476,1649,818,831,1885,893,992,1648,807,841,941,436,505,235,125,110,
5900,943,467,476,1650,818,832,1885,893,992,1649,807,842,941,436,505,236,125,111,
5905,944,468,476,1651,819,832,1886,893,993,1650,808,842,943,437,506,236,125,111,
5910,945,468,477,1653,821,832,1889,895,994,1652,809,843,944,437,507,236,125,111,
5915,946,469,477,1654,822,832,1890,896,994,1654,809,845,944,437,507,236,125,111,
5920,947,469,478,1656,823,833,1893,898,995,1655,809,846,945,437,508,236,125,111,
5925,947,469,478,1657,824,833,1893,898,995,1656,810,846,945,437,508,237,126,111,
5930,948,470,478,1658,825,833,1894,898,996,1657,811,846,947,437,510,237,126,111,
5935,949,471,478,1660,827,833,1897,900,997,1659,812,847,948,438,510,237,126,111,
5940,950,472,478,1661,828,833,1898,900,998,1661,813,848,948,438,510,237,126,111,
5945,951,473,478,1663,829,834,1901,903,998,1662,814,848,949,439,510,237,126,111,
5950,951,473,478,1664,830,834,1901,903,998,1663,815,848,949,439,510,238,126,112,
5955,952,474,478,1665,830,835,1902,903,999,1664,816,848,951,441,510,238,126,112,
5960,953,475,478,1667,832,835,1905,905,1000,1666,817,849,952,442,510,238,126,112,
5965,954,476,478,1668,833,835,1906,906,1000,1668,819,849,952,442,510,238,126,112,
5970,955,476,479,1670,834,836,1909,908,1001,1669,819,850,953,442,511,238,126,112,
5975,955,476,479,1671,835,836,1909,908,1001,1670,819,851,953,442,511,239,126,113,
5980,956,477,479,1672,836,836,1910,908,1002,1671,819,852,955,443,512,239,126,113,
5985,957,477,480,1674,836,838,1913,910,1003,1673,820,853,956,443,513,239,126,113,
5990,958,478,480,1675,836,839,1914,911,1003,1675,821,854,956,443,513,239,126,113,
5995,959,479,480,1677,838,839,1917,914,1003,1676,821,855,957,443,514,239,126,113,
6000,959,479,480,1678,839,839,1917,914,1003,1677,821,856,957,443,514,240,126,114,
6005,960,480,480,1679,840,839,1918,915,1003,1678,822,856,959,445,514,240,126,114,
6010,961,481,480,1681,841,840,1921,916,1005,1680,824,856,960,445,515,240,126,114,
6015,962,482,480,1682,841,841,1922,917,1005,1682,825,857,960,445,515,240,126,114,
6020,963,482,481,1684,842,842,1925,918,1007,1683,826,857,961,446,515,240,126,114,
6025,963,482,481,1685,842,843,1925,918,1007,1684,827,857,961,446,515,241,127,114,
6030,964,482,482,1686,842,844,1926,919,1007,1685,827,858,963,447,516,241,127,114,
6035,965,482,483,1688,844,844,1929,921,1008,1687,829,858,964,448,516,241,127,114,
6040,966,483,483,1689,845,844,1930,922,1008,1689,830,859,964,448,516,241,127,114,
6045,967,484,483,1691,847,844,1933,923,1010,1690,830,860,965,449,516,241,127,114,
6050,967,484,483,1692,848,844,1933,923,1010,1691,830,861,965,449,516,242,127,115,
6055,968,484,484,1693,848,845,1934,924,1010,1692,831,861,967,450,517,242,127,115,
6060,969,484,485,1695,849,846,1937,924,1013,1694,832,862,968,451,517,242,127,115,
6065,970,484,486,1696,849,847,1938,924,1014,1696,833,863,968,451,517,242,127,115,
6070,971,484,487,1698,849,849,1941,927,1014,1697,833,864,969,452,517,242,127,115,
6075,971,484,487,1699,850,849,1941,927,1014,1698,833,865,969,452,517,243,128,115,
6080,972,484,488,1700,850,850,1942,927,1015,1699,833,866,971,453,518,243,128,115,
6085,973,485,488,1702,850,852,1945,929,1016,1701,833,868,972,453,519,243,128,115,
6090,974,486,488,1703,850,853,1946,929,1017,1703,833,870,972,453,519,243,128,115,
6095,975,486,489,1705,851,854,1949,929,1020,1704,833,871,973,454,519,243,128,115,
6100,975,486,489,1706,851,855,1949,929,1020,1705,833,872,973,454,519,244,128,116,
6105,976,486,490,1707,851,856,1950,929,1021,1706,833,873,975,454,521,244,128,116,
6110,977,486,491,1709,853,856,1953,931,1022,1708,835,873,976,455,521,244,128,116,
6115,978,486,492,1710,853,857,1954,932,1022,1710,836,874,976,455,521,244,128,116,
6120,979,486,493,1712,853,859,1957,934,1023,1711,836,875,977,455,522,244,128,116,
6125,979,486,493,1713,853,860,1957,934,1023,1712,837,875,977,455,522,245,129,116,
6130,980,486,494,1714,854,860,1958,934,1024,1713,837,876,979,455,524,245,129,116,
6135,981,486,495,1716,856,860,1961,937,1024,1715,837,878,980,456,524,245,129,116,
6140,982,487,495,1717,856,861,1962,938,1024,1717,838,879,980,456,524,245,129,116,
6145,983,488,495,1719,857,862,1965,939,1026,1718,838,880,981,457,524,245,129,116,
6150,983,488,495,1720,858,862,1965,939,1026,1719,838,881,981,457,524,246,130,116,
6155,984,489,495,1721,859,862,1966,939,1027,1720,839,881,983,457,526,246,130,116,
6160,985,490,495,1723,859,864,1969,940,1029,1722,839,883,984,458,526,246,130,116,
6165,986,490,496,1724,859,865,1970,940,1030,1724,841,883,984,458,526,246,130,116,
6170,987,491,496,1726,861,865,1973,941,1032,1725,841,884,985,459,526,246,130,116,
6175,987,491,496,1727,862,865,1973,941,1032,1726,841,885,985,459,526,247,131,116,
6180,988,492,496,1728,862,866,1974,942,1032,1727,841,886,987,459,528,247,131,116,
6185,989,492,497,1730,864,866,1977,943,1034,1729,841,888,988,460,528,247,131,116,
6190,990,492,498,1731,864,867,1978,944,1034,1731,841,890,988,460,528,247,131,116,
6195,991,492,499,1733,865,868,1981,946,1035,1732,842,890,989,460,529,247,131,116,
6200,991,492,499,1734,866,868,1981,946,1035,1733,843,890,989,460,529,248,132,116,
6205,992,492,500,1735,867,868,1982,947,1035,1734,843,891,991,462,529,248,132,116,
6210,993,492,501,1737,868,869,1985,949,1036,1736,845,891,992,463,529,248,132,116,
6215,994,492,502,1738,869,869,1986,950,1036,1738,847,891,992,463,529,248,132,116,
6220,995,493,502,1740,871,869,1989,953,1036,1739,848,891,993,463,530,248,132,116,
6225,995,493,502,1741,871,870,1989,953,1036,1740,849,891,993,463,530,249,133,116,
6230,996,494,502,1742,872,870,1990,953,1037,1741,849,892,995,465,530,249,133,116,
6235,997,494,503,1744,873,871,1993,955,1038,1743,851,892,996,465,531,249,133,116,
6240,998,495,503,1745,873,872,1994,955,1039,1745,853,892,996,465,531,249,133,116,
6245,999,496,503,1747,874,873,1997,956,1041,1746,853,893,997,466,531,249,133,116,
6250,999,496,503,1748,874,874,1997,956,1041,1747,853,894,997,466,531,250,133,117,
6255,1000,497,503,1749,874,875,1998,956,1042,1748,854,894,999,467,532,250,133,117,
6260,1001,498,503,1751,875,876,2001,957,1044,1750,855,895,1000,468,532,250,133,117,
6265,1002,498,504,1752,875,877,2002,958,1044,1752,856,896,1000,468,532,250,133,117,
6270,1003,499,504,1754,877,877,2005,959,1046,1753,857,896,1001,468,533,250,133,117,
6275,1003,499,504,1755,877,878,2005,959,1046,1754,857,897,1001,468,533,251,133,118,
6280,1004,500,504,1756,877,879,2006,959,1047,1755,858,897,1003,468,535,251,133,118,
6285,1005,500,505,1758,877,881,2009,961,1048,1757,859,898,1004,468,536,251,133,118,
6290,1006,500,506,1759,877,882,2010,961,1049,1759,860,899,1004,468,536,251,133,118,
6295,1007,501,506,1761,878,883,2013,961,1052,1760,861,899,1005,468,537,251,133,118,
6300,1007,501,506,1762,878,884,2013,961,1052,1761,861,900,1005,468,537,252,133,119,
6305,1008,502,506,1763,878,885,2014,961,1053,1762,861,901,1007,469,538,252,133,119,
6310,1009,503,506,1765,880,885,2017,963,1054,1764,862,902,1008,469,539,252,133,119,
6315,1010,503,507,1766,880,886,2018,964,1054,1766,864,902,1008,469,539,252,133,119,
6320,1011,503,508,1768,882,886,2021,966,1055,1767,865,902,1009,469,540,252,133,119,
6325,1011,503,508,1769,883,886,2021,966,1055,1768,866,902,1009,469,540,253,133,120,
6330,1012,503,509,1770,883,887,2022,966,1056,1769,866,903,1011,471,540,253,133,120,
6335,1013,504,509,1772,884,888,2025,968,1057,1771,866,905,1012,472,540,253,133,120,
6340,1014,505,509,1773,885,888,2026,969,1057,1773,868,905,1012,472,540,253,133,120,
6345,1015,506,509,1775,885,890,2029,971,1058,1774,869,905,1013,473,540,253,133,120,
6350,1015,506,509,1776,886,890,2029,971,1058,1775,870,905,1013,473,540,254,133,121,
6355,1016,506,510,1777,887,890,2030,971,1059,1776,870,906,1015,474,541,254,133,121,
6360,1017,506,511,1779,887,892,2033,971,1062,1778,871,907,1016,475,541,254,133,121,
6365,1018,507,511,1780,887,893,2034,971,1063,1780,871,909,1016,475,541,254,133,121,
6370,1019,508,511,1782,888,894,2037,973,1064,1781,872,909,1017,475,542,254,133,121,
6375,1019,508,511,1783,889,894,2037,973,1064,1782,873,909,1017,475,542,255,134,121,
6380,1020,508,512,1784,890,894,2038,974,1064,1783,874,909,1019,475,544,255,134,121,
6385,1021,509,512,1786,891,895,2041,975,1066,1785,875,910,1020,476,544,255,134,121,
6390,1022,510,512,1787,892,895,2042,976,1066,1787,876,911,1020,476,544,255,134,121,
6395,1023,510,513,1789,893,896,2045,976,1069,1788,876,912,1021,477,544,255,134,121,
6400,1023,510,513,1790,893,897,2045,976,1069,1789,876,913,1021,477,544,256,135,121,
6405,1024,510,514,1791,894,897,2046,976,1070,1790,877,913,1023,478,545,256,135,121,
6410,1025,511,514,1793,896,897,2049,977,1072,1792,877,915,1024,479,545,256,135,121,
6415,1026,512,514,1794,897,897,2050,977,1073,1794,879,915,1024,479,545,256,135,121,
6420,1027,512,515,1796,898,898,2053,977,1076,1795,879,916,1025,480,545,256,135,121,
6425,1027,512,515,1797,899,898,2053,977,1076,1796,879,917,1025,480,545,257,136,121,
6430,1028,512,516,1798,899,899,2054,977,1077,1797,879,918,1027,481,546,257,136,121,
6435,1029,513,516,1800,900,900,2057,978,1079,1799,879,920,1028,482,546,257,136,121,
6440,1030,514,516,1801,900,901,2058,978,1080,1801,881,920,1028,482,546,257,136,121,
6445,1031,514,517,1803,901,902,2061,980,1081,1802,882,920,1029,482,547,257,136,121,
6450,1031,514,517,1804,901,903,2061,980,1081,1803,882,921,1029,482,547,258,136,122,
6455,1032,514,518,1805,901,904,2062,981,1081,1804,882,922,1031,483,548,258,136,122,
6460,1033,515,518,1807,901,906,2065,983,1082,1806,883,923,1032,484,548,258,136,122,
6465,1034,515,519,1808,901,907,2066,983,1083,1808,883,925,1032,484,548,258,136,122,
6470,1035,515,520,1810,901,909,2069,984,1085,1809,883,926,1033,485,548,258,136,122,
6475,1035,515,520,1811,901,910,2069,984,1085,1810,884,926,1033,485,548,259,137,122,
6480,1036,515,521,1812,901,911,2070,985,1085,1811,885,926,1035,485,550,259,137,122,
6485,1037,516,521,1814,901,913,2073,986,1087,1813,886,927,1036,486,550,259,137,122,
6490,1038,516,522,1815,902,913,2074,986,1088,1815,887,928,1036,486,550,259,137,122,
6495,1039,516,523,1817,902,915,2077,988,1089,1816,887,929,1037,487,550,259,137,122,
6500,1039,516,523,1818,903,915,2077,988,1089,1817,888,929,1037,487,550,260,137,123,
6505,1040,516,524,1819,903,916,2078,989,1089,1818,888,930,1039,487,552,260,137,123,
6510,1041,516,525,1821,904,917,2081,991,1090,1820,889,931,1040,487,553,260,137,123,
6515,1042,516,526,1822,904,918,2082,991,1091,1822,890,932,1040,487,553,260,137,123,
6520,1043,517,526,1824,905,919,2085,993,1092,1823,891,932,1041,488,553,260,137,123,
6525,1043,517,526,1825,905,920,2085,993,1092,1824,892,932,1041,488,553,261,137,124,
6530,1044,517,527,1826,905,921,2086,994,1092,1825,893,932,1043,488,555,261,137,124,
6535,1045,517,528,1828,905,923,2089,994,1095,1827,894,933,1044,488,556,261,137,124,
6540,1046,518,528,1829,906,923,2090,994,1096,1829,895,934,1044,488,556,261,137,124,
6545,1047,519,528,1831,908,923,2093,996,1097,1830,896,934,1045,489,556,261,137,124,
6550,1047,519,528,1832,909,923,2093,996,1097,1831,896,935,1045,489,556,262,137,125,
6555,1048,520,528,1833,910,923,2094,997,1097,1832,896,936,1047,491,556,262,137,125,
6560,1049,520,529,1835,910,925,2097,999,1098,1834,897,937,1048,492,556,262,137,125,
6565,1050,521,529,1836,911,925,2098,999,1099,1836,898,938,1048,492,556,262,137,125,
6570,1051,521,530,1838,913,925,2101,1000,1101,1837,899,938,1049,493,556,262,137,125,
6575,1051,521,530,1839,913,926,2101,1000,1101,1838,899,939,1049,493,556,263,137,126,
6580,1052,522,530,1840,913,927,2102,1000,1102,1839,900,939,1051,495,556,263,137,126,
6585,1053,523,530,1842,915,927,2105,1003,1102,1841,900,941,1052,496,556,263,137,126,
6590,1054,523,531,1843,916,927,2106,1003,1103,1843,901,942,1052,496,556,263,137,126,
6595,1055,523,532,1845,918,927,2109,1005,1104,1844,901,943,1053,497,556,263,137,126,
6600,1055,523,532,1846,919,927,2109,1005,1104,1845,901,944,1053,497,556,264,137,127,
6605,1056,523,533,1847,920,927,2110,1005,1105,1846,902,944,1055,499,556,264,137,127,
6610,1057,523,534,1849,920,929,2113,1007,1106,1848,902,946,1056,499,557,264,137,127,
6615,1058,523,535,1850,921,929,2114,1008,1106,1850,903,947,1056,499,557,264,137,127,
6620,1059,523,536,1852,921,931,2117,1010,1107,1851,904,947,1057,499,558,264,137,127,
6625,1059,523,536,1853,921,932,2117,1010,1107,1852,905,947,1057,499,558,265,138,127,
6630,1060,524,536,1854,922,932,2118,1011,1107,1853,905,948,1059,501,558,265,138,127,
6635,1061,524,537,1856,923,933,2121,1012,1109,1855,906,949,1060,501,559,265,138,127,
6640,1062,525,537,1857,923,934,2122,1012,1110,1857,908,949,1060,501,559,265,138,127,
6645,1063,525,538,1859,923,936,2125,1014,1111,1858,908,950,1061,501,560,265,138,127,
6650,1063,525,538,1860,924,936,2125,1014,1111,1859,908,951,1061,501,560,266,138,128,
6655,1064,525,539,1861,925,936,2126,1014,1112,1860,909,951,1063,502,561,266,138,128,
6660,1065,525,540,1863,925,938,2129,1014,1115,1862,910,952,1064,503,561,266,138,128,
6665,1066,525,541,1864,925,939,2130,1015,1115,1864,911,953,1064,503,561,266,138,128,
6670,1067,526,541,1866,926,940,2133,1017,1116,1865,911,954,1065,504,561,266,138,128,
6675,1067,526,541,1867,926,941,2133,1017,1116,1866,911,955,1065,504,561,267,139,128,
6680,1068,527,541,1868,926,942,2134,1017,1117,1867,911,956,1067,504,563,267,139,128,
6685,1069,527,542,1870,926,944,2137,1020,1117,1869,913,956,1068,505,563,267,139,128,
6690,1070,527,543,1871,927,944,2138,1020,1118,1871,914,957,1068,505,563,267,139,128,
6695,1071,528,543,1873,927,946,2141,1021,1120,1872,914,958,1069,506,563,267,139,128,
6700,1071,528,543,1874,928,946,2141,1021,1120,1873,914,959,1069,506,563,268,140,128,
6705,1072,528,544,1875,929,946,2142,1022,1120,1874,915,959,1071,507,564,268,140,128,
6710,1073,528,545,1877,930,947,2145,1025,1120,1876,916,960,1072,508,564,268,140,128,
6715,1074,528,546,1878,931,947,2146,1026,1120,1878,918,960,1072,508,564,268,140,128,
6720,1075,528,547,1880,932,948,2149,1026,1123,1879,918,961,1073,508,565,268,140,128,
6725,1075,528,547,1881,933,948,2149,1026,1123,1880,918,962,1073,508,565,269,140,129,
6730,1076,528,548,1882,934,948,2150,1027,1123,1881,918,963,1075,508,567,269,140,129,
6735,1077,528,549,1884,936,948,2153,1028,1125,1883,919,964,1076,508,568,269,140,129,
6740,1078,528,550,1885,937,948,2154,1029,1125,1885,920,965,1076,508,568,269,140,129,
6745,1079,528,551,1887,938,949,2157,1030,1127,1886,920,966,1077,509,568,269,140,129,
6750,1079,528,551,1888,938,950,2157,1030,1127,1887,921,966,1077,509,568,270,141,129,
6755,1080,528,552,1889,939,950,2158,1030,1128,1888,922,966,1079,509,570,270,141,129,
6760,1081,528,553,1891,940,951,2161,1032,1129,1890,922,968,1080,510,570,270,141,129,
6765,1082,528,554,1892,940,952,2162,1033,1129,1892,923,969,1080,510,570,270,141,129,
6770,1083,529,554,1894,941,953,2165,1035,1130,1893,923,970,1081,510,571,270,141,129,
6775,1083,529,554,1895,942,953,2165,1035,1130,1894,924,970,1081,510,571,271,142,129,
6780,1084,530,554,1896,943,953,2166,1035,1131,1895,924,971,1083,511,572,271,142,129,
6785,1085,530,555,1898,943,955,2169,1036,1133,1897,925,972,1084,511,573,271,142,129,
6790,1086,531,555,1899,944,955,2170,1037,1133,1899,926,973,1084,511,573,271,142,129,
6795,1087,531,556,1901,945,956,2173,1038,1135,1900,926,974,1085,512,573,271,142,129,
6800,1087,531,556,1902,946,956,2173,1038,1135,1901,927,974,1085,512,573,272,143,129,
6805,1088,531,557,1903,947,956,2174,1038,1136,1902,927,975,1087,514,573,272,143,129,
6810,1089,531,558,1905,949,956,2177,1041,1136,1904,929,975,1088,514,574,272,143,129,
6815,1090,531,559,1906,949,957,2178,1041,1137,1906,929,977,1088,514,574,272,143,129,
6820,1091,532,559,1908,950,958,2181,1042,1139,1907,930,977,1089,515,574,272,143,129,
6825,1091,532,559,1909,950,959,2181,1042,1139,1908,931,977,1089,515,574,273,143,130,
6830,1092,532,560,1910,950,960,2182,1043,1139,1909,932,977,1091,517,574,273,143,130,
6835,1093,532,561,1912,950,962,2185,1045,1140,1911,932,979,1092,517,575,273,143,130,
6840,1094,532,562,1913,950,963,2186,1045,1141,1913,933,980,1092,517,575,273,143,130,
6845,1095,533,562,1915,950,965,2189,1047,1142,1914,933,981,1093,518,575,273,143,130,
6850,1095,533,562,1916,951,965,2189,1047,1142,1915,934,981,1093,518,575,274,144,130,
6855,1096,534,562,1917,952,965,2190,1048,1142,1916,934,982,1095,519,576,274,144,130,
6860,1097,535,562,1919,953,966,2193,1049,1144,1918,935,983,1096,520,576,274,144,130,
6865,1098,536,562,1920,954,966,2194,1049,1145,1920,936,984,1096,520,576,274,144,130,
6870,1099,537,562,1922,955,967,2197,1050,1147,1921,936,985,1097,521,576,274,144,130,
6875,1099,537,562,1923,956,967,2197,1050,1147,1922,937,985,1097,521,576,275,145,130,
6880,1100,537,563,1924,956,968,2198,1051,1147,1923,937,986,1099,521,578,275,145,130,
6885,1101,538,563,1926,957,969,2201,1052,1149,1925,938,987,1100,522,578,275,145,130,
6890,1102,538,564,1927,958,969,2202,1052,1150,1927,939,988,1100,522,578,275,145,130,
6895,1103,539,564,1929,959,970,2205,1053,1152,1928,940,988,1101,523,578,275,145,130,
6900,1103,539,564,1930,960,970,2205,1053,1152,1929,940,989,1101,523,578,276,145,131,
6905,1104,539,565,1931,960,971,2206,1053,1153,1930,941,989,1103,523,580,276,145,131,
6910,1105,539,566,1933,961,972,2209,1056,1153,1932,943,989,1104,524,580,276,145,131,
6915,1106,540,566,1934,961,973,2210,1057,1153,1934,944,990,1104,524,580,276,145,131,
6920,1107,541,566,1936,962,974,2213,1059,1154,1935,944,991,1105,524,581,276,145,131,
6925,1107,541,566,1937,963,974,2213,1059,1154,1936,944,992,1105,524,581,277,145,132,
6930,1108,542,566,1938,963,975,2214,1060,1154,1937,945,992,1107,525,582,277,145,132,
6935,1109,542,567,1940,964,976,2217,1061,1156,1939,947,992,1108,525,583,277,145,132,
6940,1110,543,567,1941,965,976,2218,1062,1156,1941,948,993,1108,525,583,277,145,132,
6945,1111,544,567,1943,966,977,2221,1065,1156,1942,948,994,1109,526,583,277,145,132,
6950,1111,544,567,1944,966,978,2221,1065,1156,1943,949,994,1109,526,583,278,146,132,
6955,1112,545,567,1945,966,979,2222,1066,1156,1944,949,995,1111,527,584,278,146,132,
6960,1113,546,567,1947,966,981,2225,1067,1158,1946,949,997,1112,528,584,278,146,132,
6965,1114,547,567,1948,966,982,2226,1068,1158,1948,950,998,1112,528,584,278,146,132,
6970,1115,548,567,1950,967,983,2229,1071,1158,1949,951,998,1113,529,584,278,146,132,
6975,1115,548,567,1951,968,983,2229,1071,1158,1950,951,999,1113,529,584,279,147,132,
6980,1116,548,568,1952,969,983,2230,1072,1158,1951,951,1000,1115,529,586,279,147,132,
6985,1117,548,569,1954,970,984,2233,1073,1160,1953,953,1000,1116,529,587,279,147,132,
6990,1118,548,570,1955,970,985,2234,1074,1160,1955,954,1001,1116,529,587,279,147,132,
6995,1119,549,570,1957,971,986,2237,1075,1162,1956,955,1001,1117,529,588,279,147,132,
7000,1119,549,570,1958,971,987,2237,1075,1162,1957,956,1001,1117,529,588,280,147,133,
7005,1120,549,571,1959,972,987,2238,1076,1162,1958,956,1002,1119,531,588,280,147,133,
7010,1121,549,572,1961,973,988,2241,1078,1163,1960,958,1002,1120,531,589,280,147,133,
7015,1122,549,573,1962,973,989,2242,1078,1164,1962,960,1002,1120,531,589,280,147,133,
7020,1123,550,573,1964,975,989,2245,1078,1167,1963,961,1002,1121,531,590,280,147,133,
7025,1123,550,573,1965,975,990,2245,1078,1167,1964,962,1002,1121,531,590,281,148,133,
7030,1124,550,574,1966,976,990,2246,1078,1168,1965,963,1002,1123,532,591,281,148,133,
7035,1125,551,574,1968,976,992,2249,1080,1169,1967,963,1004,1124,532,592,281,148,133,
7040,1126,551,575,1969,976,993,2250,1080,1170,1969,964,1005,1124,532,592,281,148,133,
7045,1127,551,576,1971,976,995,2253,1081,1172,1970,964,1006,1125,532,593,281,148,133,
7050,1127,551,576,1972,977,995,2253,1081,1172,1971,964,1007,1125,532,593,282,148,134,
7055,1128,551,577,1973,978,995,2254,1082,1172,1972,964,1008,1127,533,594,282,148,134,
7060,1129,551,578,1975,979,996,2257,1083,1174,1974,965,1009,1128,533,595,282,148,134,
7065,1130,551,579,1976,979,997,2258,1084,1174,1976,966,1010,1128,533,595,282,148,134,
7070,1131,551,580,1978,981,997,2261,1085,1176,1977,967,1010,1129,534,595,282,148,134,
7075,1131,551,580,1979,981,998,2261,1085,1176,1978,967,1011,1129,534,595,283,149,134,
7080,1132,551,581,1980,982,998,2262,1085,1177,1979,967,1012,1131,535,596,283,149,134,
7085,1133,551,582,1982,984,998,2265,1087,1178,1981,969,1012,1132,535,597,283,149,134,
7090,1134,552,582,1983,985,998,2266,1088,1178,1983,971,1012,1132,535,597,283,149,134,
7095,1135,552,583,1985,985,1000,2269,1090,1179,1984,971,1013,1133,535,598,283,149,134,
7100,1135,552,583,1986,986,1000,2269,1090,1179,1985,971,1014,1133,535,598,284,149,135,
7105,1136,553,583,1987,986,1001,2270,1091,1179,1986,972,1014,1135,536,599,284,149,135,
7110,1137,553,584,1989,987,1002,2273,1092,1181,1988,972,1016,1136,537,599,284,149,135,
7115,1138,553,585,1990,988,1002,2274,1093,1181,1990,974,1016,1136,537,599,284,149,135,
7120,1139,553,586,1992,989,1003,2277,1095,1182,1991,975,1016,1137,537,600,284,149,135,
7125,1139,553,586,1993,989,1004,2277,1095,1182,1992,975,1017,1137,537,600,285,150,135,
7130,1140,553,587,1994,989,1005,2278,1096,1182,1993,976,1017,1139,538,601,285,150,135,
7135,1141,554,587,1996,989,1007,2281,1097,1184,1995,977,1018,1140,538,602,285,150,135,
7140,1142,554,588,1997,989,1008,2282,1097,1185,1997,978,1019,1140,538,602,285,150,135,
7145,1143,555,588,1999,989,1010,2285,1100,1185,1998,978,1020,1141,539,602,285,150,135,
7150,1143,555,588,2000,989,1011,2285,1100,1185,1999,979,1020,1141,539,602,286,150,136,
7155,1144,555,589,2001,990,1011,2286,1100,1186,2000,979,1021,1143,539,604,286,150,136,
7160,1145,555,590,2003,990,1013,2289,1101,1188,2002,979,1023,1144,539,605,286,150,136,
7165,1146,556,590,2004,991,1013,2290,1101,1189,2004,980,1024,1144,539,605,286,150,136,
7170,1147,557,590,2006,992,1014,2293,1103,1190,2005,980,1025,1145,540,605,286,150,136,
7175,1147,557,590,2007,992,1015,2293,1103,1190,2006,980,1026,1145,540,605,287,151,136,
7180,1148,557,591,2008,993,1015,2294,1103,1191,2007,981,1026,1147,541,606,287,151,136,
7185,1149,557,592,2010,993,1017,2297,1103,1194,2009,982,1027,1148,542,606,287,151,136,
7190,1150,558,592,2011,994,1017,2298,1104,1194,2011,982,1029,1148,542,606,287,151,136,
7195,1151,559,592,2013,995,1018,2301,1106,1195,2012,982,1030,1149,542,607,287,151,136,
7200,1151,559,592,2014,996,1018,2301,1106,1195,2013,983,1030,1149,542,607,288,152,136,
7205,1152,560,592,2015,996,1019,2302,1107,1195,2014,984,1030,1151,544,607,288,152,136,
7210,1153,560,593,2017,998,1019,2305,1109,1196,2016,985,1031,1152,545,607,288,152,136,
7215,1154,560,594,2018,999,1019,2306,1109,1197,2018,986,1032,1152,545,607,288,152,136,
7220,1155,560,595,2020,1000,1020,2309,1110,1199,2019,986,1033,1153,545,608,288,152,136,
7225,1155,560,595,2021,1000,1021,2309,1110,1199,2020,986,1034,1153,545,608,289,152,137,
7230,1156,561,595,2022,1001,1021,2310,1110,1200,2021,987,1034,1155,546,609,289,152,137,
7235,1157,562,595,2024,1001,1023,2313,1112,1201,2023,987,1036,1156,546,610,289,152,137,
7240,1158,563,595,2025,1001,1024,2314,1112,1202,2025,988,1037,1156,546,610,289,152,137,
7245,1159,563,596,2027,1002,1025,2317,1112,1205,2026,989,1037,1157,547,610,289,152,137,
7250,1159,563,596,2028,1002,1026,2317,1112,1205,2027,989,1038,1157,547,610,290,152,138,
7255,1160,564,596,2029,1003,1026,2318,1113,1205,2028,989,1039,1159,547,612,290,152,138,
7260,1161,564,597,2031,1004,1027,2321,1114,1207,2030,989,1041,1160,547,613,290,152,138,
7265,1162,564,598,2032,1004,1028,2322,1115,1207,2032,990,1042,1160,547,613,290,152,138,
7270,1163,565,598,2034,1005,1029,2325,1118,1207,2033,990,1043,1161,547,614,290,152,138,
7275,1163,565,598,2035,1005,1030,2325,1118,1207,2034,990,1044,1161,547,614,291,153,138,
7280,1164,565,599,2036,1005,1031,2326,1118,1208,2035,990,1045,1163,548,615,291,153,138,
7285,1165,565,600,2038,1006,1032,2329,1121,1208,2037,992,1045,1164,549,615,291,153,138,
7290,1166,566,600,2039,1006,1033,2330,1122,1208,2039,992,1047,1164,549,615,291,153,138,
7295,1167,567,600,2041,1006,1035,2333,1123,1210,2040,992,1048,1165,550,615,291,153,138,
7300,1167,567,600,2042,1007,1035,2333,1123,1210,2041,993,1048,1165,550,615,292,154,138,
7305,1168,568,600,2043,1007,1036,2334,1123,1211,2042,994,1048,1167,552,615,292,154,138,
7310,1169,568,601,2045,1009,1036,2337,1124,1213,2044,996,1048,1168,553,615,292,154,138,
7315,1170,569,601,2046,1009,1037,2338,1124,1214,2046,997,1049,1168,553,615,292,154,138,
7320,1171,570,601,2048,1010,1038,2341,1126,1215,2047,997,1050,1169,553,616,292,154,138,
7325,1171,570,601,2049,1010,1039,2341,1126,1215,2048,998,1050,1169,553,616,293,155,138,
7330,1172,570,602,2050,1011,1039,2342,1126,1216,2049,999,1050,1171,554,617,293,155,138,
7335,1173,571,602,2052,1013,1039,2345,1129,1216,2051,1001,1050,1172,555,617,293,155,138,
7340,1174,572,602,2053,1014,1039,2346,1130,1216,2053,1001,1052,1172,555,617,293,155,138,
7345,1175,572,603,2055,1015,1040,2349,1131,1218,2054,1001,1053,1173,556,617,293,155,138,
7350,1175,572,603,2056,1016,1040,2349,1131,1218,2055,1002,1053,1173,556,617,294,155,139,
7355,1176,573,603,2057,1017,1040,2350,1131,1219,2056,1003,1053,1175,557,618,294,155,139,
7360,1177,573,604,2059,1018,1041,2353,1133,1220,2058,1004,1054,1176,558,618,294,155,139,
7365,1178,574,604,2060,1018,1042,2354,1134,1220,2060,1006,1054,1176,558,618,294,155,139,
7370,1179,575,604,2062,1018,1044,2357,1137,1220,2061,1006,1055,1177,559,618,294,155,139,
7375,1179,575,604,2063,1019,1044,2357,1137,1220,2062,1007,1055,1177,559,618,295,156,139,
7380,1180,575,605,2064,1019,1045,2358,1137,1221,2063,1007,1056,1179,559,620,295,156,139,
7385,1181,576,605,2066,1020,1046,2361,1137,1224,2065,1009,1056,1180,559,621,295,156,139,
7390,1182,576,606,2067,1020,1047,2362,1137,1225,2067,1010,1057,1180,559,621,295,156,139,
7395,1183,577,606,2069,1021,1048,2365,1139,1226,2068,1010,1058,1181,560,621,295,156,139,
7400,1183,577,606,2070,1022,1048,2365,1139,1226,2069,1010,1059,1181,560,621,296,156,140,
7405,1184,577,607,2071,1022,1049,2366,1139,1227,2070,1010,1060,1183,561,622,296,156,140,
7410,1185,577,608,2073,1023,1050,2369,1141,1228,2072,1012,1060,1184,562,622,296,156,140,
7415,1186,578,608,2074,1024,1050,2370,1141,1229,2074,1013,1061,1184,562,622,296,156,140,
7420,1187,578,609,2076,1025,1051,2373,1142,1231,2075,1013,1062,1185,563,622,296,156,140,
7425,1187,578,609,2077,1025,1052,2373,1142,1231,2076,1014,1062,1185,563,622,297,157,140,
7430,1188,578,610,2078,1025,1053,2374,1143,1231,2077,1014,1063,1187,564,623,297,157,140,
7435,1189,578,611,2080,1027,1053,2377,1145,1232,2079,1015,1064,1188,564,624,297,157,140,
7440,1190,579,611,2081,1027,1054,2378,1146,1232,2081,1016,1065,1188,564,624,297,157,140,
7445,1191,579,612,2083,1028,1055,2381,1147,1234,2082,1016,1066,1189,564,625,297,157,140,
7450,1191,579,612,2084,1029,1055,2381,1147,1234,2083,1017,1066,1189,564,625,298,158,140,
7455,1192,579,613,2085,1029,1056,2382,1148,1234,2084,1017,1067,1191,566,625,298,158,140,
7460,1193,579,614,2087,1030,1057,2385,1150,1235,2086,1019,1067,1192,567,625,298,158,140,
7465,1194,579,615,2088,1031,1057,2386,1151,1235,2088,1020,1068,1192,567,625,298,158,140,
7470,1195,579,616,2090,1032,1058,2389,1153,1236,2089,1021,1068,1193,568,625,298,158,140,
7475,1195,579,616,2091,1033,1058,2389,1153,1236,2090,1022,1068,1193,568,625,299,158,141,
7480,1196,580,616,2092,1033,1059,2390,1154,1236,2091,1022,1069,1195,569,626,299,158,141,
7485,1197,580,617,2094,1034,1060,2393,1155,1238,2093,1023,1070,1196,569,627,299,158,141,
7490,1198,580,618,2095,1034,1061,2394,1156,1238,2095,1025,1070,1196,569,627,299,158,141,
7495,1199,581,618,2097,1034,1063,2397,1157,1240,2096,1025,1071,1197,570,627,299,158,141,
7500,1199,581,618,2098,1034,1064,2397,1157,1240,2097,1025,1072,1197,570,627,300,158,142,
7505,1200,582,618,2099,1034,1065,2398,1157,1241,2098,1025,1073,1199,570,629,300,158,142,
7510,1201,583,618,2101,1035,1066,2401,1158,1243,2100,1026,1074,1200,571,629,300,158,142,
7515,1202,583,619,2102,1035,1067,2402,1159,1243,2102,1026,1076,1200,571,629,300,158,142,
7520,1203,584,619,2104,1037,1067,2405,1160,1245,2103,1026,1077,1201,572,629,300,158,142,
7525,1203,584,619,2105,1037,1068,2405,1160,1245,2104,1026,1078,1201,572,629,301,158,143,
7530,1204,585,619,2106,1037,1069,2406,1161,1245,2105,1027,1078,1203,574,629,301,158,143,
7535,1205,585,620,2108,1038,1070,2409,1162,1247,2107,1027,1080,1204,574,630,301,158,143,
7540,1206,585,621,2109,1039,1070,2410,1162,1248,2109,1027,1082,1204,574,630,301,158,143,
7545,1207,586,621,2111,1040,1071,2413,1164,1249,2110,1028,1082,1205,574,631,301,158,143,
7550,1207,586,621,2112,1040,1072,2413,1164,1249,2111,1029,1082,1205,574,631,302,158,144,
7555,1208,586,622,2113,1041,1072,2414,1164,1250,2112,1030,1082,1207,574,633,302,158,144,
7560,1209,586,623,2115,1042,1073,2417,1165,1252,2114,1032,1082,1208,575,633,302,158,144,
7565,1210,586,624,2116,1042,1074,2418,1166,1252,2116,1032,1084,1208,575,633,302,158,144,
7570,1211,587,624,2118,1044,1074,2421,1166,1255,2117,1032,1085,1209,575,634,302,158,144,
7575,1211,587,624,2119,1045,1074,2421,1166,1255,2118,1032,1086,1209,575,634,303,159,144,
7580,1212,587,625,2120,1046,1074,2422,1167,1255,2119,1032,1087,1211,577,634,303,159,144,
7585,1213,587,626,2122,1048,1074,2425,1169,1256,2121,1032,1089,1212,577,635,303,159,144,
7590,1214,588,626,2123,1049,1074,2426,1169,1257,2123,1032,1091,1212,577,635,303,159,144,
7595,1215,588,627,2125,1050,1075,2429,1171,1258,2124,1032,1092,1213,578,635,303,159,144,
7600,1215,588,627,2126,1051,1075,2429,1171,1258,2125,1032,1093,1213,578,635,304,160,144,
7605,1216,588,628,2127,1051,1076,2430,1171,1259,2126,1032,1094,1215,579,636,304,160,144,
7610,1217,588,629,2129,1052,1077,2433,1174,1259,2128,1033,1095,1216,580,636,304,160,144,
7615,1218,588,630,2130,1053,1077,2434,1174,1260,2130,1033,1097,1216,580,636,304,160,144,
7620,1219,589,630,2132,1055,1077,2437,1177,1260,2131,1034,1097,1217,580,637,304,160,144,
7625,1219,589,630,2133,1056,1077,2437,1177,1260,2132,1034,1098,1217,580,637,305,161,144,
7630,1220,590,630,2134,1057,1077,2438,1178,1260,2133,1034,1099,1219,581,638,305,161,144,
7635,1221,591,630,2136,1058,1078,2441,1180,1261,2135,1035,1100,1220,581,639,305,161,144,
7640,1222,592,630,2137,1059,1078,2442,1181,1261,2137,1037,1100,1220,581,639,305,161,144,
7645,1223,593,630,2139,1060,1079,2445,1182,1263,2138,1038,1100,1221,581,640,305,161,144,
7650,1223,593,630,2140,1061,1079,2445,1182,1263,2139,1038,1101,1221,581,640,306,161,145,
7655,1224,593,631,2141,1062,1079,2446,1183,1263,2140,1039,1101,1223,583,640,306,161,145,
7660,1225,593,632,2143,1064,1079,2449,1185,1264,2142,1039,1103,1224,584,640,306,161,145,
7665,1226,594,632,2144,1065,1079,2450,1185,1265,2144,1040,1104,1224,584,640,306,161,145,
7670,1227,595,632,2146,1066,1080,2453,1188,1265,2145,1040,1105,1225,584,641,306,161,145,
7675,1227,595,632,2147,1066,1081,2453,1188,1265,2146,1041,1105,1225,584,641,307,161,146,
7680,1228,595,633,2148,1067,1081,2454,1188,1266,2147,1041,1106,1227,585,642,307,161,146,
7685,1229,596,633,2150,1068,1082,2457,1190,1267,2149,1042,1107,1228,586,642,307,161,146,
7690,1230,597,633,2151,1069,1082,2458,1191,1267,2151,1043,1108,1228,586,642,307,161,146,
7695,1231,598,633,2153,1070,1083,2461,1193,1268,2152,1044,1108,1229,586,643,307,161,146,
7700,1231,598,633,2154,1070,1084,2461,1193,1268,2153,1045,1108,1229,586,643,308,161,147,
7705,1232,599,633,2155,1070,1085,2462,1193,1269,2154,1045,1109,1231,587,644,308,161,147,
7710,1233,600,633,2157,1070,1087,2465,1194,1271,2156,1045,1111,1232,588,644,308,161,147,
7715,1234,600,634,2158,1071,1087,2466,1195,1271,2158,1046,1112,1232,588,644,308,161,147,
7720,1235,601,634,2160,1072,1088,2469,1197,1272,2159,1046,1113,1233,589,644,308,161,147,
7725,1235,601,634,2161,1073,1088,2469,1197,1272,2160,1046,1114,1233,589,644,309,161,148,
7730,1236,602,634,2162,1074,1088,2470,1197,1273,2161,1047,1114,1235,589,646,309,161,148,
7735,1237,602,635,2164,1075,1089,2473,1198,1275,2163,1048,1115,1236,589,647,309,161,148,
7740,1238,603,635,2165,1076,1089,2474,1199,1275,2165,1050,1115,1236,589,647,309,161,148,
7745,1239,604,635,2167,1077,1090,2477,1202,1275,2166,1051,1115,1237,589,648,309,161,148,
7750,1239,604,635,2168,1078,1090,2477,1202,1275,2167,1051,1116,1237,589,648,310,161,149,
7755,1240,604,636,2169,1079,1090,2478,1203,1275,2168,1052,1116,1239,591,648,310,161,149,
7760,1241,604,637,2171,1080,1091,2481,1206,1275,2170,1053,1117,1240,592,648,310,161,149,
7765,1242,605,637,2172,1080,1092,2482,1206,1276,2172,1054,1118,1240,592,648,310,161,149,
7770,1243,606,637,2174,1081,1093,2485,1208,1277,2173,1054,1119,1241,592,649,310,161,149,
7775,1243,606,637,2175,1081,1094,2485,1208,1277,2174,1055,1119,1241,592,649,311,162,149,
7780,1244,606,638,2176,1082,1094,2486,1209,1277,2175,1056,1119,1243,593,650,311,162,149,
7785,1245,606,639,2178,1083,1095,2489,1210,1279,2177,1057,1120,1244,594,650,311,162,149,
7790,1246,606,640,2179,1084,1095,2490,1211,1279,2179,1057,1122,1244,594,650,311,162,149,
7795,1247,607,640,2181,1085,1096,2493,1214,1279,2180,1058,1122,1245,595,650,311,162,149,
7800,1247,607,640,2182,1086,1096,2493,1214,1279,2181,1059,1122,1245,595,650,312,162,150,
7805,1248,607,641,2183,1087,1096,2494,1214,1280,2182,1060,1122,1247,596,651,312,162,150,
7810,1249,607,642,2185,1088,1097,2497,1216,1281,2184,1062,1122,1248,596,652,312,162,150,
7815,1250,607,643,2186,1088,1098,2498,1217,1281,2186,1063,1123,1248,596,652,312,162,150,
7820,1251,607,644,2188,1089,1099,2501,1218,1283,2187,1063,1124,1249,597,652,312,162,150,
7825,1251,607,644,2189,1090,1099,2501,1218,1283,2188,1063,1125,1249,597,652,313,162,151,
7830,1252,607,645,2190,1091,1099,2502,1218,1284,2189,1064,1125,1251,598,653,313,162,151,
7835,1253,608,645,2192,1091,1101,2505,1219,1286,2191,1065,1126,1252,599,653,313,162,151,
7840,1254,608,646,2193,1091,1102,2506,1220,1286,2193,1066,1127,1252,599,653,313,162,151,
7845,1255,609,646,2195,1093,1102,2509,1222,1287,2194,1066,1128,1253,599,654,313,162,151,
7850,1255,609,646,2196,1093,1103,2509,1222,1287,2195,1066,1129,1253,599,654,314,163,151,
7855,1256,609,647,2197,1093,1104,2510,1222,1288,2196,1067,1129,1255,600,655,314,163,151,
7860,1257,610,647,2199,1095,1104,2513,1225,1288,2198,1068,1130,1256,600,656,314,163,151,
7865,1258,610,648,2200,1095,1105,2514,1226,1288,2200,1068,1132,1256,600,656,314,163,151,
7870,1259,611,648,2202,1097,1105,2517,1228,1289,2201,1069,1132,1257,601,656,314,163,151,
7875,1259,611,648,2203,1098,1105,2517,1228,1289,2202,1069,1133,1257,601,656,315,164,151,
7880,1260,611,649,2204,1098,1106,2518,1228,1290,2203,1069,1134,1259,602,657,315,164,151,
7885,1261,612,649,2206,1099,1107,2521,1229,1292,2205,1071,1134,1260,603,657,315,164,151,
7890,1262,613,649,2207,1099,1108,2522,1229,1293,2207,1072,1135,1260,603,657,315,164,151,
7895,1263,613,650,2209,1100,1109,2525,1230,1295,2208,1073,1135,1261,603,658,315,164,151,
7900,1263,613,650,2210,1100,1110,2525,1230,1295,2209,1073,1136,1261,603,658,316,165,151,
7905,1264,613,651,2211,1101,1110,2526,1230,1296,2210,1074,1136,1263,604,659,316,165,151,
7910,1265,614,651,2213,1101,1112,2529,1230,1299,2212,1076,1136,1264,605,659,316,165,151,
7915,1266,615,651,2214,1102,1112,2530,1230,1300,2214,1076,1138,1264,605,659,316,165,151,
7920,1267,616,651,2216,1102,1114,2533,1231,1302,2215,1076,1139,1265,605,660,316,165,151,
7925,1267,616,651,2217,1103,1114,2533,1231,1302,2216,1076,1140,1265,605,660,317,165,152,
7930,1268,617,651,2218,1103,1115,2534,1231,1303,2217,1076,1141,1267,605,662,317,165,152,
7935,1269,618,651,2220,1104,1116,2537,1231,1306,2219,1077,1142,1268,606,662,317,165,152,
7940,1270,619,651,2221,1105,1116,2538,1232,1306,2221,1078,1143,1268,606,662,317,165,152,
7945,1271,619,652,2223,1106,1117,2541,1234,1307,2222,1078,1144,1269,607,662,317,165,152,
7950,1271,619,652,2224,1106,1118,2541,1234,1307,2223,1078,1145,1269,607,662,318,166,152,
7955,1272,620,652,2225,1106,1119,2542,1234,1308,2224,1078,1146,1271,608,663,318,166,152,
7960,1273,621,652,2227,1107,1120,2545,1236,1309,2226,1079,1147,1272,609,663,318,166,152,
7965,1274,621,653,2228,1107,1121,2546,1237,1309,2228,1081,1147,1272,609,663,318,166,152,
7970,1275,621,654,2230,1108,1122,2549,1238,1311,2229,1082,1147,1273,610,663,318,166,152,
7975,1275,621,654,2231,1108,1123,2549,1238,1311,2230,1083,1147,1273,610,663,319,167,152,
7980,1276,621,655,2232,1109,1123,2550,1239,1311,2231,1084,1147,1275,610,665,319,167,152,
7985,1277,622,655,2234,1109,1125,2553,1241,1312,2233,1085,1148,1276,611,665,319,167,152,
7990,1278,623,655,2235,1110,1125,2554,1241,1313,2235,1086,1149,1276,611,665,319,167,152,
7995,1279,624,655,2237,1111,1126,2557,1243,1314,2236,1087,1149,1277,611,666,319,167,152,
8000,1279,624,655,2238,1111,1127,2557,1243,1314,2237,1088,1149,1277,611,666,320,168,152,
8005,1280,624,656,2239,1112,1127,2558,1244,1314,2238,1089,1149,1279,611,668,320,168,152,
8010,1281,625,656,2241,1112,1129,2561,1245,1316,2240,1091,1149,1280,611,669,320,168,152,
8015,1282,626,656,2242,1112,1130,2562,1246,1316,2242,1092,1150,1280,611,669,320,168,152,
8020,1283,627,656,2244,1113,1131,2565,1247,1318,2243,1092,1151,1281,612,669,320,168,152,
8025,1283,627,656,2245,1113,1132,2565,1247,1318,2244,1093,1151,1281,612,669,321,169,152,
8030,1284,628,656,2246,1113,1133,2566,1247,1319,2245,1093,1152,1283,613,670,321,169,152,
8035,1285,628,657,2248,1115,1133,2569,1248,1321,2247,1094,1153,1284,613,671,321,169,152,
8040,1286,628,658,2249,1115,1134,2570,1248,1322,2249,1095,1154,1284,613,671,321,169,152,
8045,1287,628,659,2251,1116,1135,2573,1249,1324,2250,1096,1154,1285,613,672,321,169,152,
8050,1287,628,659,2252,1117,1135,2573,1249,1324,2251,1096,1155,1285,613,672,322,169,153,
8055,1288,629,659,2253,1117,1136,2574,1249,1325,2252,1097,1155,1287,613,674,322,169,153,
8060,1289,629,660,2255,1118,1137,2577,1251,1326,2254,1097,1157,1288,613,675,322,169,153,
8065,1290,629,661,2256,1118,1138,2578,1252,1326,2256,1097,1159,1288,613,675,322,169,153,
8070,1291,629,662,2258,1119,1139,2581,1252,1329,2257,1097,1160,1289,613,676,322,169,153,
8075,1291,629,662,2259,1119,1140,2581,1252,1329,2258,1097,1161,1289,613,676,323,170,153,
8080,1292,630,662,2260,1119,1141,2582,1252,1330,2259,1098,1161,1291,614,677,323,170,153,
8085,1293,631,662,2262,1121,1141,2585,1253,1332,2261,1098,1163,1292,615,677,323,170,153,
8090,1294,631,663,2263,1122,1141,2586,1253,1333,2263,1100,1163,1292,615,677,323,170,153,
8095,1295,632,663,2265,1122,1143,2589,1255,1334,2264,1101,1163,1293,616,677,323,170,153,
8100,1295,632,663,2266,1123,1143,2589,1255,1334,2265,1102,1163,1293,616,677,324,170,154,
8105,1296,632,664,2267,1123,1144,2590,1255,1335,2266,1103,1163,1295,617,678,324,170,154,
8110,1297,632,665,2269,1123,1146,2593,1256,1337,2268,1103,1165,1296,617,679,324,170,154,
8115,1298,633,665,2270,1124,1146,2594,1257,1337,2270,1105,1165,1296,617,679,324,170,154,
8120,1299,633,666,2272,1125,1147,2597,1258,1339,2271,1105,1166,1297,618,679,324,170,154,
8125,1299,633,666,2273,1126,1147,2597,1258,1339,2272,1105,1167,1297,618,679,325,171,154,
8130,1300,633,667,2274,1127,1147,2598,1258,1340,2273,1106,1167,1299,620,679,325,171,154,
8135,1301,634,667,2276,1127,1149,2601,1258,1343,2275,1106,1169,1300,621,679,325,171,154,
8140,1302,635,667,2277,1128,1149,2602,1259,1343,2277,1108,1169,1300,621,679,325,171,154,
8145,1303,635,668,2279,1130,1149,2605,1260,1345,2278,1109,1169,1301,621,680,325,171,154,
8150,1303,635,668,2280,1130,1150,2605,1260,1345,2279,1109,1170,1301,621,680,326,171,155,
8155,1304,636,668,2281,1131,1150,2606,1260,1346,2280,1109,1171,1303,621,682,326,171,155,
8160,1305,636,669,2283,1132,1151,2609,1261,1348,2282,1109,1173,1304,621,683,326,171,155,
8165,1306,636,670,2284,1133,1151,2610,1262,1348,2284,1111,1173,1304,621,683,326,171,155,
8170,1307,636,671,2286,1135,1151,2613,1264,1349,2285,1112,1173,1305,622,683,326,171,155,
8175,1307,636,671,2287,1136,1151,2613,1264,1349,2286,1112,1174,1305,622,683,327,172,155,
8180,1308,637,671,2288,1137,1151,2614,1265,1349,2287,1112,1175,1307,624,683,327,172,155,
8185,1309,637,672,2290,1138,1152,2617,1267,1350,2289,1114,1175,1308,624,684,327,172,155,
8190,1310,637,673,2291,1138,1153,2618,1267,1351,2291,1115,1176,1308,624,684,327,172,155,
8195,1311,638,673,2293,1139,1154,2621,1269,1352,2292,1115,1177,1309,624,685,327,172,155,
8200,1311,638,673,2294,1139,1155,2621,1269,1352,2293,1116,1177,1309,624,685,328,173,155,
8205,1312,639,673,2295,1139,1156,2622,1269,1353,2294,1116,1178,1311,625,686,328,173,155,
8210,1313,640,673,2297,1141,1156,2625,1270,1355,2296,1117,1179,1312,626,686,328,173,155,
8215,1314,640,674,2298,1142,1156,2626,1271,1355,2298,1118,1180,1312,626,686,328,173,155,
8220,1315,640,675,2300,1143,1157,2629,1271,1358,2299,1118,1181,1313,626,687,328,173,155,
8225,1315,640,675,2301,1144,1157,2629,1271,1358,2300,1118,1182,1313,626,687,329,174,155,
8230,1316,640,676,2302,1145,1157,2630,1271,1359,2301,1119,1182,1315,627,688,329,174,155,
8235,1317,641,676,2304,1145,1159,2633,1272,1361,2303,1120,1183,1316,627,689,329,174,155,
8240,1318,642,676,2305,1145,1160,2634,1273,1361,2305,1120,1185,1316,627,689,329,174,155,
8245,1319,642,677,2307,1146,1161,2637,1275,1362,2306,1121,1185,1317,627,690,329,174,155,
8250,1319,642,677,2308,1146,1162,2637,1275,1362,2307,1122,1185,1317,627,690,330,174,156,
8255,1320,642,678,2309,1146,1163,2638,1276,1362,2308,1122,1186,1319,629,690,330,174,156,
8260,1321,643,678,2311,1146,1165,2641,1278,1363,2310,1122,1188,1320,629,691,330,174,156,
8265,1322,643,679,2312,1147,1165,2642,1279,1363,2312,1123,1189,1320,629,691,330,174,156,
8270,1323,644,679,2314,1149,1165,2645,1280,1365,2313,1124,1189,1321,630,691,330,174,156,
8275,1323,644,679,2315,1150,1165,2645,1280,1365,2314,1125,1189,1321,630,691,331,174,157,
8280,1324,645,679,2316,1150,1166,2646,1281,1365,2315,1125,1190,1323,631,692,331,174,157,
8285,1325,645,680,2318,1150,1168,2649,1281,1368,2317,1126,1191,1324,631,693,331,174,157,
8290,1326,645,681,2319,1150,1169,2650,1282,1368,2319,1128,1191,1324,631,693,331,174,157,
8295,1327,645,682,2321,1151,1170,2653,1282,1371,2320,1129,1191,1325,632,693,331,174,157,
8300,1327,645,682,2322,1151,1171,2653,1282,1371,2321,1129,1192,1325,632,693,332,174,158,
8305,1328,646,682,2323,1152,1171,2654,1282,1372,2322,1129,1193,1327,633,694,332,174,158,
8310,1329,646,683,2325,1152,1173,2657,1284,1373,2324,1130,1194,1328,634,694,332,174,158,
8315,1330,646,684,2326,1153,1173,2658,1284,1374,2326,1131,1195,1328,634,694,332,174,158,
8320,1331,647,684,2328,1154,1174,2661,1285,1376,2327,1131,1196,1329,635,694,332,174,158,
8325,1331,647,684,2329,1154,1175,2661,1285,1376,2328,1131,1197,1329,635,694,333,175,158,
8330,1332,648,684,2330,1155,1175,2662,1286,1376,2329,1132,1197,1331,637,694,333,175,158,
8335,1333,648,685,2332,1155,1177,2665,1289,1376,2331,1134,1197,1332,638,694,333,175,158,
8340,1334,648,686,2333,1156,1177,2666,1290,1376,2333,1136,1197,1332,638,694,333,175,158,
8345,1335,648,687,2335,1157,1178,2669,1290,1379,2334,1136,1198,1333,639,694,333,175,158,
8350,1335,648,687,2336,1158,1178,2669,1290,1379,2335,1137,1198,1333,639,694,334,175,159,
8355,1336,649,687,2337,1158,1179,2670,1291,1379,2336,1138,1198,1335,641,694,334,175,159,
8360,1337,649,688,2339,1159,1180,2673,1293,1380,2338,1138,1200,1336,641,695,334,175,159,
8365,1338,649,689,2340,1159,1181,2674,1294,1380,2340,1139,1201,1336,641,695,334,175,159,
8370,1339,650,689,2342,1159,1183,2677,1296,1381,2341,1139,1202,1337,641,696,334,175,159,
8375,1339,650,689,2343,1160,1183,2677,1296,1381,2342,1139,1203,1337,641,696,335,176,159,
8380,1340,651,689,2344,1161,1183,2678,1297,1381,2343,1140,1203,1339,643,696,335,176,159,
8385,1341,652,689,2346,1163,1183,2681,1299,1382,2345,1142,1203,1340,644,696,335,176,159,
8390,1342,653,689,2347,1163,1184,2682,1300,1382,2347,1143,1204,1340,644,696,335,176,159,
8395,1343,654,689,2349,1164,1185,2685,1303,1382,2348,1144,1204,1341,644,697,335,176,159,
8400,1343,654,689,2350,1164,1186,2685,1303,1382,2349,1144,1205,1341,644,697,336,176,160,
8405,1344,654,690,2351,1165,1186,2686,1304,1382,2350,1144,1206,1343,646,697,336,176,160,
8410,1345,655,690,2353,1167,1186,2689,1305,1384,2352,1145,1207,1344,647,697,336,176,160,
8415,1346,655,691,2354,1167,1187,2690,1306,1384,2354,1147,1207,1344,647,697,336,176,160,
8420,1347,656,691,2356,1167,1189,2693,1308,1385,2355,1148,1207,1345,647,698,336,176,160,
8425,1347,656,691,2357,1168,1189,2693,1308,1385,2356,1148,1208,1345,647,698,337,176,161,
8430,1348,656,692,2358,1168,1190,2694,1308,1386,2357,1149,1208,1347,648,699,337,176,161,
8435,1349,656,693,2360,1168,1192,2697,1308,1389,2359,1150,1209,1348,649,699,337,176,161,
8440,1350,656,694,2361,1168,1193,2698,1309,1389,2361,1151,1210,1348,649,699,337,176,161,
8445,1351,656,695,2363,1169,1194,2701,1311,1390,2362,1152,1210,1349,649,700,337,176,161,
8450,1351,656,695,2364,1169,1195,2701,1311,1390,2363,1153,1210,1349,649,700,338,176,162,
8455,1352,657,695,2365,1169,1196,2702,1311,1391,2364,1154,1210,1351,649,702,338,176,162,
8460,1353,658,695,2367,1169,1198,2705,1314,1391,2366,1154,1212,1352,650,702,338,176,162,
8465,1354,658,696,2368,1169,1199,2706,1314,1392,2368,1156,1212,1352,650,702,338,176,162,
8470,1355,658,697,2370,1170,1200,2709,1315,1394,2369,1157,1212,1353,650,703,338,176,162,
8475,1355,658,697,2371,1171,1200,2709,1315,1394,2370,1157,1213,1353,650,703,339,176,163,
8480,1356,659,697,2372,1171,1201,2710,1315,1395,2371,1158,1213,1355,651,704,339,176,163,
8485,1357,659,698,2374,1171,1203,2713,1318,1395,2373,1159,1214,1356,652,704,339,176,163,
8490,1358,659,699,2375,1172,1203,2714,1319,1395,2375,1159,1216,1356,652,704,339,176,163,
8495,1359,659,700,2377,1174,1203,2717,1320,1397,2376,1159,1217,1357,652,705,339,176,163,
8500,1359,659,700,2378,1175,1203,2717,1320,1397,2377,1160,1217,1357,652,705,340,177,163,
8505,1360,660,700,2379,1175,1204,2718,1321,1397,2378,1160,1218,1359,653,706,340,177,163,
8510,1361,661,700,2381,1176,1205,2721,1323,1398,2380,1161,1219,1360,654,706,340,177,163,
8515,1362,662,700,2382,1177,1205,2722,1324,1398,2382,1162,1220,1360,654,706,340,177,163,
8520,1363,663,700,2384,1178,1206,2725,1325,1400,2383,1163,1220,1361,655,706,340,177,163,
8525,1363,663,700,2385,1179,1206,2725,1325,1400,2384,1164,1220,1361,655,706,341,178,163,
8530,1364,664,700,2386,1180,1206,2726,1325,1401,2385,1164,1221,1363,656,707,341,178,163,
8535,1365,664,701,2388,1181,1207,2729,1325,1404,2387,1165,1222,1364,656,708,341,178,163,
8540,1366,665,701,2389,1182,1207,2730,1326,1404,2389,1166,1223,1364,656,708,341,178,163,
8545,1367,665,702,2391,1183,1208,2733,1327,1406,2390,1166,1224,1365,657,708,341,178,163,
8550,1367,665,702,2392,1183,1209,2733,1327,1406,2391,1166,1225,1365,657,708,342,178,164,
8555,1368,665,703,2393,1183,1210,2734,1328,1406,2392,1166,1226,1367,657,710,342,178,164,
8560,1369,665,704,2395,1184,1211,2737,1329,1408,2394,1167,1227,1368,658,710,342,178,164,
8565,1370,665,705,2396,1185,1211,2738,1329,1409,2396,1169,1227,1368,658,710,342,178,164,
8570,1371,666,705,2398,1187,1211,2741,1329,1412,2397,1170,1227,1369,658,711,342,178,164,
8575,1371,666,705,2399,1188,1211,2741,1329,1412,2398,1171,1227,1369,658,711,343,179,164,
8580,1372,667,705,2400,1189,1211,2742,1330,1412,2399,1171,1228,1371,659,712,343,179,164,
8585,1373,668,705,2402,1189,1213,2745,1333,1412,2401,1172,1229,1372,659,713,343,179,164,
8590,1374,669,705,2403,1190,1213,2746,1333,1413,2403,1172,1231,1372,659,713,343,179,164,
8595,1375,670,705,2405,1190,1215,2749,1334,1415,2404,1172,1232,1373,659,714,343,179,164,
8600,1375,670,705,2406,1190,1216,2749,1334,1415,2405,1172,1233,1373,659,714,344,180,164,
8605,1376,670,706,2407,1190,1217,2750,1335,1415,2406,1172,1234,1375,659,716,344,180,164,
8610,1377,671,706,2409,1192,1217,2753,1337,1416,2408,1173,1235,1376,659,717,344,180,164,
8615,1378,672,706,2410,1192,1218,2754,1337,1417,2410,1175,1235,1376,659,717,344,180,164,
8620,1379,672,707,2412,1193,1219,2757,1338,1419,2411,1176,1235,1377,659,718,344,180,164,
8625,1379,672,707,2413,1193,1220,2757,1338,1419,2412,1176,1236,1377,659,718,345,181,164,
8630,1380,673,707,2414,1194,1220,2758,1339,1419,2413,1176,1237,1379,660,719,345,181,164,
8635,1381,673,708,2416,1195,1221,2761,1339,1422,2415,1177,1238,1380,661,719,345,181,164,
8640,1382,673,709,2417,1196,1221,2762,1340,1422,2417,1179,1238,1380,661,719,345,181,164,
8645,1383,674,709,2419,1196,1223,2765,1342,1423,2418,1180,1238,1381,661,720,345,181,164,
8650,1383,674,709,2420,1196,1224,2765,1342,1423,2419,1180,1239,1381,661,720,346,181,165,
8655,1384,674,710,2421,1196,1225,2766,1342,1424,2420,1180,1240,1383,663,720,346,181,165,
8660,1385,675,710,2423,1198,1225,2769,1345,1424,2422,1181,1241,1384,664,720,346,181,165,
8665,1386,675,711,2424,1199,1225,2770,1345,1425,2424,1182,1242,1384,664,720,346,181,165,
8670,1387,676,711,2426,1199,1227,2773,1347,1426,2425,1182,1243,1385,665,720,346,181,165,
8675,1387,676,711,2427,1199,1228,2773,1347,1426,2426,1183,1243,1385,665,720,347,182,165,
8680,1388,677,711,2428,1199,1229,2774,1348,1426,2427,1183,1244,1387,665,722,347,182,165,
8685,1389,677,712,2430,1201,1229,2777,1350,1427,2429,1183,1246,1388,665,723,347,182,165,
8690,1390,677,713,2431,1202,1229,2778,1350,1428,2431,1184,1247,1388,665,723,347,182,165,
8695,1391,678,713,2433,1203,1230,2781,1351,1430,2432,1184,1248,1389,666,723,347,182,165,
8700,1391,678,713,2434,1203,1231,2781,1351,1430,2433,1185,1248,1389,666,723,348,182,166,
8705,1392,679,713,2435,1203,1232,2782,1352,1430,2434,1186,1248,1391,666,725,348,182,166,
8710,1393,680,713,2437,1203,1234,2785,1355,1430,2436,1187,1249,1392,667,725,348,182,166,
8715,1394,680,714,2438,1204,1234,2786,1356,1430,2438,1189,1249,1392,667,725,348,182,166,
8720,1395,680,715,2440,1205,1235,2789,1358,1431,2439,1190,1249,1393,667,726,348,182,166,
8725,1395,680,715,2441,1206,1235,2789,1358,1431,2440,1190,1250,1393,667,726,349,183,166,
8730,1396,681,715,2442,1206,1236,2790,1359,1431,2441,1191,1250,1395,668,727,349,183,166,
8735,1397,682,715,2444,1207,1237,2793,1359,1434,2443,1193,1250,1396,669,727,349,183,166,
8740,1398,683,715,2445,1207,1238,2794,1359,1435,2445,1194,1251,1396,669,727,349,183,166,
8745,1399,683,716,2447,1209,1238,2797,1361,1436,2446,1194,1252,1397,670,727,349,183,166,
8750,1399,683,716,2448,1209,1239,2797,1361,1436,2447,1195,1252,1397,670,727,350,183,167,
8755,1400,683,717,2449,1209,1240,2798,1361,1437,2448,1196,1252,1399,671,728,350,183,167,
8760,1401,683,718,2451,1210,1241,2801,1361,1440,2450,1196,1254,1400,671,729,350,183,167,
8765,1402,683,719,2452,1210,1242,2802,1361,1441,2452,1197,1255,1400,671,729,350,183,167,
8770,1403,683,720,2454,1212,1242,2805,1363,1442,2453,1198,1255,1401,672,729,350,183,167,
8775,1403,683,720,2455,1212,1243,2805,1363,1442,2454,1199,1255,1401,672,729,351,183,168,
8780,1404,684,720,2456,1213,1243,2806,1363,1443,2455,1199,1256,1403,674,729,351,183,168,
8785,1405,685,720,2458,1214,1244,2809,1364,1445,2457,1199,1258,1404,675,729,351,183,168,
8790,1406,686,720,2459,1214,1245,2810,1365,1445,2459,1200,1259,1404,675,729,351,183,168,
8795,1407,686,721,2461,1216,1245,2813,1368,1445,2460,1200,1260,1405,675,730,351,183,168,
8800,1407,686,721,2462,1217,1245,2813,1368,1445,2461,1201,1260,1405,675,730,352,184,168,
8805,1408,686,722,2463,1218,1245,2814,1368,1446,2462,1202,1260,1407,676,731,352,184,168,
8810,1409,686,723,2465,1219,1246,2817,1369,1448,2464,1203,1261,1408,677,731,352,184,168,
8815,1410,686,724,2466,1220,1246,2818,1370,1448,2466,1204,1262,1408,677,731,352,184,168,
8820,1411,687,724,2468,1222,1246,2821,1372,1449,2467,1204,1263,1409,677,732,352,184,168,
8825,1411,687,724,2469,1222,1247,2821,1372,1449,2468,1205,1263,1409,677,732,353,184,169,
8830,1412,687,725,2470,1222,1248,2822,1373,1449,2469,1206,1263,1411,679,732,353,184,169,
8835,1413,687,726,2472,1223,1249,2825,1375,1450,2471,1207,1264,1412,680,732,353,184,169,
8840,1414,688,726,2473,1224,1249,2826,1376,1450,2473,1209,1264,1412,680,732,353,184,169,
8845,1415,688,727,2475,1226,1249,2829,1378,1451,2474,1210,1264,1413,681,732,353,184,169,
8850,1415,688,727,2476,1227,1249,2829,1378,1451,2475,1210,1265,1413,681,732,354,184,170,
8855,1416,689,727,2477,1227,1250,2830,1379,1451,2476,1210,1266,1415,681,734,354,184,170,
8860,1417,690,727,2479,1229,1250,2833,1381,1452,2478,1210,1268,1416,682,734,354,184,170,
8865,1418,690,728,2480,1229,1251,2834,1382,1452,2480,1211,1269,1416,682,734,354,184,170,
8870,1419,690,729,2482,1230,1252,2837,1384,1453,2481,1211,1270,1417,682,735,354,184,170,
8875,1419,690,729,2483,1231,1252,2837,1384,1453,2482,1212,1270,1417,682,735,355,185,170,
8880,1420,691,729,2484,1231,1253,2838,1385,1453,2483,1212,1271,1419,684,735,355,185,170,
8885,1421,692,729,2486,1233,1253,2841,1387,1454,2485,1214,1271,1420,684,736,355,185,170,
8890,1422,692,730,2487,1233,1254,2842,1388,1454,2487,1215,1272,1420,684,736,355,185,170,
8895,1423,693,730,2489,1233,1256,2845,1389,1456,2488,1216,1272,1421,685,736,355,185,170,
8900,1423,693,730,2490,1233,1257,2845,1389,1456,2489,1217,1272,1421,685,736,356,185,171,
8905,1424,694,730,2491,1234,1257,2846,1389,1457,2490,1218,1272,1423,686,737,356,185,171,
8910,1425,695,730,2493,1234,1259,2849,1390,1459,2492,1219,1273,1424,687,737,356,185,171,
8915,1426,695,731,2494,1234,1260,2850,1390,1460,2494,1220,1274,1424,687,737,356,185,171,
8920,1427,696,731,2496,1235,1261,2853,1392,1461,2495,1220,1275,1425,687,738,356,185,171,
8925,1427,696,731,2497,1235,1262,2853,1392,1461,2496,1221,1275,1425,687,738,357,185,172,
8930,1428,696,732,2498,1236,1262,2854,1392,1462,2497,1221,1276,1427,689,738,357,185,172,
8935,1429,697,732,2500,1237,1263,2857,1392,1465,2499,1223,1276,1428,689,739,357,185,172,
8940,1430,698,732,2501,1238,1263,2858,1392,1466,2501,1224,1277,1428,689,739,357,185,172,
8945,1431,698,733,2503,1240,1263,2861,1392,1469,2502,1225,1277,1429,689,740,357,185,172,
8950,1431,698,733,2504,1241,1263,2861,1392,1469,2503,1226,1277,1429,689,740,358,185,173,
8955,1432,699,733,2505,1241,1264,2862,1392,1470,2504,1226,1278,1431,690,741,358,185,173,
8960,1433,700,733,2507,1242,1265,2865,1394,1471,2506,1227,1279,1432,691,741,358,185,173,
8965,1434,700,734,2508,1242,1266,2866,1395,1471,2508,1227,1281,1432,691,741,358,185,173,
8970,1435,700,735,2510,1243,1267,2869,1398,1471,2509,1227,1282,1433,691,742,358,185,173,
8975,1435,700,735,2511,1244,1267,2869,1398,1471,2510,1228,1282,1433,691,742,359,185,174,
8980,1436,700,736,2512,1244,1268,2870,1399,1471,2511,1229,1282,1435,692,743,359,185,174,
8985,1437,700,737,2514,1244,1270,2873,1402,1471,2513,1230,1283,1436,693,743,359,185,174,
8990,1438,701,737,2515,1244,1271,2874,1403,1471,2515,1230,1285,1436,693,743,359,185,174,
8995,1439,701,738,2517,1245,1272,2877,1406,1471,2516,1231,1285,1437,693,744,359,185,174,
9000,1439,701,738,2518,1246,1272,2877,1406,1471,2517,1231,1286,1437,693,744,360,185,175,
9005,1440,701,739,2519,1247,1272,2878,1406,1472,2518,1232,1286,1439,695,744,360,185,175,
9010,1441,701,740,2521,1249,1272,2881,1408,1473,2520,1232,1288,1440,696,744,360,185,175,
9015,1442,701,741,2522,1249,1273,2882,1408,1474,2522,1233,1289,1440,696,744,360,185,175,
9020,1443,702,741,2524,1250,1274,2885,1408,1477,2523,1233,1290,1441,696,745,360,185,175,
9025,1443,702,741,2525,1250,1275,2885,1408,1477,2524,1234,1290,1441,696,745,361,185,176,
9030,1444,702,742,2526,1251,1275,2886,1408,1478,2525,1235,1290,1443,696,747,361,185,176,
9035,1445,703,742,2528,1252,1276,2889,1410,1479,2527,1235,1292,1444,697,747,361,185,176,
9040,1446,704,742,2529,1253,1276,2890,1411,1479,2529,1236,1293,1444,697,747,361,185,176,
9045,1447,704,743,2531,1255,1276,2893,1412,1481,2530,1236,1294,1445,697,748,361,185,176,
9050,1447,704,743,2532,1256,1276,2893,1412,1481,2531,1237,1294,1445,697,748,362,186,176,
9055,1448,704,744,2533,1257,1276,2894,1413,1481,2532,1237,1295,1447,697,750,362,186,176,
9060,1449,705,744,2535,1259,1276,2897,1415,1482,2534,1239,1295,1448,697,751,362,186,176,
9065,1450,705,745,2536,1260,1276,2898,1416,1482,2536,1239,1297,1448,697,751,362,186,176,
9070,1451,705,746,2538,1262,1276,2901,1419,1482,2537,1240,1297,1449,697,752,362,186,176,
9075,1451,705,746,2539,1262,1277,2901,1419,1482,2538,1241,1297,1449,697,752,363,187,176,
9080,1452,706,746,2540,1263,1277,2902,1419,1483,2539,1241,1298,1451,698,753,363,187,176,
9085,1453,707,746,2542,1264,1278,2905,1421,1484,2541,1242,1299,1452,699,753,363,187,176,
9090,1454,708,746,2543,1265,1278,2906,1422,1484,2543,1243,1300,1452,699,753,363,187,176,
9095,1455,708,747,2545,1266,1279,2909,1424,1485,2544,1244,1300,1453,700,753,363,187,176,
9100,1455,708,747,2546,1266,1280,2909,1424,1485,2545,1244,1301,1453,700,753,364,188,176,
9105,1456,709,747,2547,1267,1280,2910,1425,1485,2546,1244,1302,1455,700,755,364,188,176,
9110,1457,709,748,2549,1268,1281,2913,1427,1486,2548,1245,1303,1456,701,755,364,188,176,
9115,1458,709,749,2550,1268,1282,2914,1427,1487,2550,1246,1304,1456,701,755,364,188,176,
9120,1459,710,749,2552,1268,1284,2917,1428,1489,2551,1246,1305,1457,702,755,364,188,176,
9125,1459,710,749,2553,1268,1285,2917,1428,1489,2552,1247,1305,1457,702,755,365,188,177,
9130,1460,711,749,2554,1268,1286,2918,1428,1490,2553,1247,1306,1459,703,756,365,188,177,
9135,1461,712,749,2556,1269,1287,2921,1431,1490,2555,1248,1307,1460,704,756,365,188,177,
9140,1462,713,749,2557,1269,1288,2922,1431,1491,2557,1248,1309,1460,704,756,365,188,177,
9145,1463,714,749,2559,1270,1289,2925,1432,1493,2558,1248,1310,1461,705,756,365,188,177,
9150,1463,714,749,2560,1270,1290,2925,1432,1493,2559,1249,1310,1461,705,756,366,189,177,
9155,1464,714,750,2561,1270,1291,2926,1432,1494,2560,1249,1311,1463,707,756,366,189,177,
9160,1465,715,750,2563,1270,1293,2929,1433,1496,2562,1249,1313,1464,707,757,366,189,177,
9165,1466,716,750,2564,1270,1294,2930,1434,1496,2564,1250,1314,1464,707,757,366,189,177,
9170,1467,716,751,2566,1270,1296,2933,1435,1498,2565,1250,1315,1465,707,758,366,189,177,
9175,1467,716,751,2567,1271,1296,2933,1435,1498,2566,1250,1316,1465,707,758,367,190,177,
9180,1468,717,751,2568,1272,1296,2934,1436,1498,2567,1250,1317,1467,707,760,367,190,177,
9185,1469,718,751,2570,1274,1296,2937,1437,1500,2569,1250,1319,1468,707,761,367,190,177,
9190,1470,718,752,2571,1274,1297,2938,1437,1501,2571,1251,1320,1468,707,761,367,190,177,
9195,1471,718,753,2573,1276,1297,2941,1438,1503,2572,1251,1321,1469,708,761,367,190,177,
9200,1471,718,753,2574,1276,1298,2941,1438,1503,2573,1252,1321,1469,708,761,368,191,177,
9205,1472,719,753,2575,1276,1299,2942,1439,1503,2574,1252,1322,1471,708,763,368,191,177,
9210,1473,719,754,2577,1277,1300,2945,1440,1505,2576,1253,1323,1472,709,763,368,191,177,
9215,1474,719,755,2578,1277,1301,2946,1441,1505,2578,1254,1324,1472,709,763,368,191,177,
9220,1475,720,755,2580,1278,1302,2949,1441,1508,2579,1254,1325,1473,709,764,368,191,177,
9225,1475,720,755,2581,1278,1303,2949,1441,1508,2580,1254,1326,1473,709,764,369,192,177,
9230,1476,720,756,2582,1278,1304,2950,1441,1509,2581,1255,1326,1475,710,765,369,192,177,
9235,1477,720,757,2584,1280,1304,2953,1443,1510,2583,1256,1327,1476,711,765,369,192,177,
9240,1478,721,757,2585,1281,1304,2954,1443,1511,2585,1257,1328,1476,711,765,369,192,177,
9245,1479,722,757,2587,1281,1306,2957,1443,1514,2586,1258,1328,1477,711,766,369,192,177,
9250,1479,722,757,2588,1281,1307,2957,1443,1514,2587,1258,1329,1477,711,766,370,193,177,
9255,1480,723,757,2589,1281,1308,2958,1444,1514,2588,1258,1330,1479,713,766,370,193,177,
9260,1481,724,757,2591,1282,1309,2961,1446,1515,2590,1259,1331,1480,713,767,370,193,177,
9265,1482,724,758,2592,1283,1309,2962,1447,1515,2592,1260,1332,1480,713,767,370,193,177,
9270,1483,725,758,2594,1284,1310,2965,1447,1518,2593,1261,1332,1481,713,768,370,193,177,
9275,1483,725,758,2595,1285,1310,2965,1447,1518,2594,1262,1332,1481,713,768,371,194,177,
9280,1484,725,759,2596,1285,1311,2966,1448,1518,2595,1263,1332,1483,714,769,371,194,177,
9285,1485,725,760,2598,1286,1312,2969,1450,1519,2597,1263,1334,1484,714,770,371,194,177,
9290,1486,725,761,2599,1287,1312,2970,1450,1520,2599,1265,1334,1484,714,770,371,194,177,
9295,1487,725,762,2601,1288,1313,2973,1450,1523,2600,1265,1335,1485,714,771,371,194,177,
9300,1487,725,762,2602,1288,1314,2973,1450,1523,2601,1266,1335,1485,714,771,372,194,178,
9305,1488,726,762,2603,1288,1315,2974,1450,1524,2602,1267,1335,1487,715,772,372,194,178,
9310,1489,726,763,2605,1288,1317,2977,1450,1527,2604,1268,1336,1488,715,773,372,194,178,
9315,1490,727,763,2606,1289,1317,2978,1450,1528,2606,1269,1337,1488,715,773,372,194,178,
9320,1491,727,764,2608,1289,1319,2981,1450,1531,2607,1269,1338,1489,715,774,372,194,178,
9325,1491,727,764,2609,1290,1319,2981,1450,1531,2608,1269,1339,1489,715,774,373,194,179,
9330,1492,727,765,2610,1291,1319,2982,1451,1531,2609,1269,1340,1491,717,774,373,194,179,
9335,1493,727,766,2612,1292,1320,2985,1453,1532,2611,1270,1341,1492,717,775,373,194,179,
9340,1494,727,767,2613,1292,1321,2986,1453,1533,2613,1270,1343,1492,717,775,373,194,179,
9345,1495,727,768,2615,1293,1322,2989,1454,1535,2614,1270,1344,1493,718,775,373,194,179,
9350,1495,727,768,2616,1293,1323,2989,1454,1535,2615,1270,1345,1493,718,775,374,194,180,
9355,1496,727,769,2617,1294,1323,2990,1454,1536,2616,1270,1346,1495,719,776,374,194,180,
9360,1497,728,769,2619,1295,1324,2993,1455,1538,2618,1271,1347,1496,719,777,374,194,180,
9365,1498,729,769,2620,1295,1325,2994,1455,1539,2620,1273,1347,1496,719,777,374,194,180,
9370,1499,730,769,2622,1296,1326,2997,1455,1542,2621,1273,1348,1497,720,777,374,194,180,
9375,1499,730,769,2623,1297,1326,2997,1455,1542,2622,1273,1349,1497,720,777,375,195,180,
9380,1500,730,770,2624,1298,1326,2998,1455,1543,2623,1273,1350,1499,722,777,375,195,180,
9385,1501,730,771,2626,1298,1328,3001,1456,1545,2625,1274,1351,1500,723,777,375,195,180,
9390,1502,730,772,2627,1299,1328,3002,1457,1545,2627,1275,1352,1500,723,777,375,195,180,
9395,1503,731,772,2629,1299,1330,3005,1460,1545,2628,1275,1353,1501,723,778,375,195,180,
9400,1503,731,772,2630,1299,1331,3005,1460,1545,2629,1275,1354,1501,723,778,376,196,180,
9405,1504,731,773,2631,1300,1331,3006,1461,1545,2630,1275,1355,1503,724,779,376,196,180,
9410,1505,731,774,2633,1300,1333,3009,1464,1545,2632,1276,1356,1504,724,780,376,196,180,
9415,1506,731,775,2634,1300,1334,3010,1464,1546,2634,1277,1357,1504,724,780,376,196,180,
9420,1507,732,775,2636,1302,1334,3013,1464,1549,2635,1278,1357,1505,725,780,376,196,180,
9425,1507,732,775,2637,1302,1335,3013,1464,1549,2636,1278,1358,1505,725,780,377,197,180,
9430,1508,733,775,2638,1302,1336,3014,1465,1549,2637,1278,1359,1507,726,781,377,197,180,
9435,1509,734,775,2640,1302,1338,3017,1467,1550,2639,1278,1361,1508,726,782,377,197,180,
9440,1510,734,776,2641,1303,1338,3018,1467,1551,2641,1278,1363,1508,726,782,377,197,180,
9445,1511,734,777,2643,1303,1340,3021,1469,1552,2642,1278,1364,1509,726,783,377,197,180,
9450,1511,734,777,2644,1303,1341,3021,1469,1552,2643,1279,1364,1509,726,783,378,198,180,
9455,1512,735,777,2645,1304,1341,3022,1469,1553,2644,1280,1364,1511,728,783,378,198,180,
9460,1513,736,777,2647,1304,1343,3025,1470,1555,2646,1282,1364,1512,729,783,378,198,180,
9465,1514,736,778,2648,1305,1343,3026,1470,1556,2648,1282,1366,1512,729,783,378,198,180,
9470,1515,737,778,2650,1306,1344,3029,1471,1558,2649,1283,1366,1513,730,783,378,198,180,
9475,1515,737,778,2651,1307,1344,3029,1471,1558,2650,1284,1366,1513,730,783,379,199,180,
9480,1516,737,779,2652,1308,1344,3030,1471,1559,2651,1285,1366,1515,731,784,379,199,180,
9485,1517,737,780,2654,1309,1345,3033,1474,1559,2653,1286,1367,1516,732,784,379,199,180,
9490,1518,737,781,2655,1310,1345,3034,1475,1559,2655,1287,1368,1516,732,784,379,199,180,
9495,1519,738,781,2657,1312,1345,3037,1475,1562,2656,1287,1369,1517,733,784,379,199,180,
9500,1519,738,781,2658,1312,1346,3037,1475,1562,2657,1287,1370,1517,733,784,380,200,180,
9505,1520,739,781,2659,1312,1347,3038,1476,1562,2658,1287,1371,1519,734,785,380,200,180,
9510,1521,739,782,2661,1313,1348,3041,1478,1563,2660,1287,1373,1520,734,786,380,200,180,
9515,1522,740,782,2662,1313,1349,3042,1479,1563,2662,1287,1375,1520,734,786,380,200,180,
9520,1523,741,782,2664,1314,1350,3045,1479,1566,2663,1287,1376,1521,735,786,380,200,180,
9525,1523,741,782,2665,1315,1350,3045,1479,1566,2664,1288,1376,1521,735,786,381,200,181,
9530,1524,741,783,2666,1315,1351,3046,1479,1567,2665,1289,1376,1523,735,788,381,200,181,
9535,1525,741,784,2668,1316,1352,3049,1480,1569,2667,1289,1378,1524,735,789,381,200,181,
9540,1526,741,785,2669,1317,1352,3050,1480,1570,2669,1291,1378,1524,735,789,381,200,181,
9545,1527,742,785,2671,1317,1354,3053,1481,1572,2670,1292,1378,1525,736,789,381,200,181,
9550,1527,742,785,2672,1318,1354,3053,1481,1572,2671,1293,1378,1525,736,789,382,201,181,
9555,1528,742,786,2673,1319,1354,3054,1482,1572,2672,1294,1378,1527,737,790,382,201,181,
9560,1529,742,787,2675,1319,1356,3057,1483,1574,2674,1295,1379,1528,737,791,382,201,181,
9565,1530,743,787,2676,1319,1357,3058,1484,1574,2676,1296,1380,1528,737,791,382,201,181,
9570,1531,743,788,2678,1320,1358,3061,1486,1575,2677,1296,1381,1529,737,792,382,201,181,
9575,1531,743,788,2679,1321,1358,3061,1486,1575,2678,1297,1381,1529,737,792,383,202,181,
9580,1532,744,788,2680,1322,1358,3062,1487,1575,2679,1297,1382,1531,739,792,383,202,181,
9585,1533,745,788,2682,1323,1359,3065,1488,1577,2681,1297,1384,1532,739,793,383,202,181,
9590,1534,746,788,2683,1324,1359,3066,1489,1577,2683,1298,1385,1532,739,793,383,202,181,
9595,1535,747,788,2685,1324,1361,3069,1491,1578,2684,1299,1385,1533,740,793,383,202,181,
9600,1535,747,788,2686,1324,1362,3069,1491,1578,2685,1300,1385,1533,740,793,384,203,181,
9605,1536,747,789,2687,1324,1363,3070,1492,1578,2686,1301,1385,1535,741,794,384,203,181,
9610,1537,748,789,2689,1325,1364,3073,1494,1579,2688,1303,1385,1536,741,795,384,203,181,
9615,1538,748,790,2690,1325,1365,3074,1495,1579,2690,1304,1386,1536,741,795,384,203,181,
9620,1539,749,790,2692,1326,1366,3077,1498,1579,2691,1305,1386,1537,742,795,384,203,181,
9625,1539,749,790,2693,1326,1367,3077,1498,1579,2692,1306,1386,1537,742,795,385,204,181,
9630,1540,750,790,2694,1327,1367,3078,1498,1580,2693,1307,1386,1539,742,797,385,204,181,
9635,1541,750,791,2696,1328,1368,3081,1499,1582,2695,1308,1387,1540,743,797,385,204,181,
9640,1542,750,792,2697,1328,1369,3082,1499,1583,2697,1308,1389,1540,743,797,385,204,181,
9645,1543,751,792,2699,1330,1369,3085,1500,1585,2698,1308,1390,1541,744,797,385,204,181,
9650,1543,751,792,2700,1330,1370,3085,1500,1585,2699,1309,1390,1541,744,797,386,204,182,
9655,1544,751,793,2701,1330,1371,3086,1501,1585,2700,1310,1390,1543,745,798,386,204,182,
9660,1545,752,793,2703,1330,1373,3089,1503,1586,2702,1311,1391,1544,746,798,386,204,182,
9665,1546,752,794,2704,1330,1374,3090,1503,1587,2704,1312,1392,1544,746,798,386,204,182,
9670,1547,752,795,2706,1331,1375,3093,1504,1589,2705,1313,1392,1545,747,798,386,204,182,
9675,1547,752,795,2707,1331,1376,3093,1504,1589,2706,1314,1392,1545,747,798,387,205,182,
9680,1548,753,795,2708,1332,1376,3094,1505,1589,2707,1315,1392,1547,747,800,387,205,182,
9685,1549,753,796,2710,1334,1376,3097,1505,1592,2709,1315,1394,1548,747,801,387,205,182,
9690,1550,754,796,2711,1334,1377,3098,1505,1593,2711,1317,1394,1548,747,801,387,205,182,
9695,1551,754,797,2713,1336,1377,3101,1507,1594,2712,1317,1395,1549,747,802,387,205,182,
9700,1551,754,797,2714,1336,1378,3101,1507,1594,2713,1318,1395,1549,747,802,388,206,182,
9705,1552,754,798,2715,1336,1379,3102,1508,1594,2714,1319,1395,1551,747,804,388,206,182,
9710,1553,755,798,2717,1337,1380,3105,1510,1595,2716,1321,1395,1552,748,804,388,206,182,
9715,1554,755,799,2718,1337,1381,3106,1511,1595,2718,1322,1396,1552,748,804,388,206,182,
9720,1555,756,799,2720,1337,1383,3109,1512,1597,2719,1323,1396,1553,749,804,388,206,182,
9725,1555,756,799,2721,1338,1383,3109,1512,1597,2720,1323,1397,1553,749,804,389,207,182,
9730,1556,757,799,2722,1338,1384,3110,1512,1598,2721,1323,1398,1555,749,806,389,207,182,
9735,1557,757,800,2724,1340,1384,3113,1514,1599,2723,1325,1398,1556,750,806,389,207,182,
9740,1558,758,800,2725,1340,1385,3114,1514,1600,2725,1326,1399,1556,750,806,389,207,182,
9745,1559,758,801,2727,1340,1387,3117,1516,1601,2726,1327,1399,1557,751,806,389,207,182,
9750,1559,758,801,2728,1340,1388,3117,1516,1601,2727,1328,1399,1557,751,806,390,208,182,
9755,1560,758,802,2729,1341,1388,3118,1517,1601,2728,1328,1400,1559,752,807,390,208,182,
9760,1561,758,803,2731,1343,1388,3121,1519,1602,2730,1330,1400,1560,753,807,390,208,182,
9765,1562,759,803,2732,1344,1388,3122,1520,1602,2732,1330,1402,1560,753,807,390,208,182,
9770,1563,759,804,2734,1344,1390,3125,1521,1604,2733,1331,1402,1561,754,807,390,208,182,
9775,1563,759,804,2735,1345,1390,3125,1521,1604,2734,1331,1403,1561,754,807,391,208,183,
9780,1564,759,805,2736,1345,1391,3126,1521,1605,2735,1332,1403,1563,754,809,391,208,183,
9785,1565,759,806,2738,1347,1391,3129,1524,1605,2737,1334,1403,1564,755,809,391,208,183,
9790,1566,759,807,2739,1348,1391,3130,1525,1605,2739,1335,1404,1564,755,809,391,208,183,
9795,1567,759,808,2741,1349,1392,3133,1528,1605,2740,1336,1404,1565,756,809,391,208,183,
9800,1567,759,808,2742,1349,1393,3133,1528,1605,2741,1337,1404,1565,756,809,392,208,184,
9805,1568,759,809,2743,1350,1393,3134,1529,1605,2742,1337,1405,1567,756,811,392,208,184,
9810,1569,759,810,2745,1351,1394,3137,1531,1606,2744,1337,1407,1568,756,812,392,208,184,
9815,1570,760,810,2746,1352,1394,3138,1531,1607,2746,1337,1409,1568,756,812,392,208,184,
9820,1571,760,811,2748,1354,1394,3141,1533,1608,2747,1337,1410,1569,757,812,392,208,184,
9825,1571,760,811,2749,1355,1394,3141,1533,1608,2748,1337,1411,1569,757,812,393,209,184,
9830,1572,760,812,2750,1355,1395,3142,1534,1608,2749,1337,1412,1571,758,813,393,209,184,
9835,1573,761,812,2752,1355,1397,3145,1535,1610,2751,1338,1413,1572,759,813,393,209,184,
9840,1574,762,812,2753,1355,1398,3146,1536,1610,2753,1338,1415,1572,759,813,393,209,184,
9845,1575,762,813,2755,1356,1399,3149,1536,1613,2754,1338,1416,1573,759,814,393,209,184,
9850,1575,762,813,2756,1356,1400,3149,1536,1613,2755,1339,1416,1573,759,814,394,209,185,
9855,1576,762,814,2757,1357,1400,3150,1537,1613,2756,1340,1416,1575,761,814,394,209,185,
9860,1577,762,815,2759,1359,1400,3153,1538,1615,2758,1340,1418,1576,762,814,394,209,185,
9865,1578,763,815,2760,1359,1401,3154,1539,1615,2760,1341,1419,1576,762,814,394,209,185,
9870,1579,764,815,2762,1361,1401,3157,1540,1617,2761,1341,1420,1577,763,814,394,209,185,
9875,1579,764,815,2763,1361,1402,3157,1540,1617,2762,1341,1421,1577,763,814,395,209,186,
9880,1580,765,815,2764,1362,1402,3158,1541,1617,2763,1342,1421,1579,763,816,395,209,186,
9885,1581,766,815,2766,1362,1404,3161,1543,1618,2765,1343,1422,1580,764,816,395,209,186,
9890,1582,766,816,2767,1362,1405,3162,1543,1619,2767,1345,1422,1580,764,816,395,209,186,
9895,1583,766,817,2769,1363,1406,3165,1545,1620,2768,1345,1423,1581,764,817,395,209,186,
9900,1583,766,817,2770,1363,1407,3165,1545,1620,2769,1345,1424,1581,764,817,396,209,187,
9905,1584,766,818,2771,1363,1408,3166,1545,1621,2770,1345,1425,1583,764,819,396,209,187,
9910,1585,766,819,2773,1363,1410,3169,1547,1622,2772,1346,1426,1584,764,820,396,209,187,
9915,1586,766,820,2774,1364,1410,3170,1547,1623,2774,1346,1428,1584,764,820,396,209,187,
9920,1587,767,820,2776,1365,1411,3173,1549,1624,2775,1347,1428,1585,764,821,396,209,187,
9925,1587,767,820,2777,1365,1412,3173,1549,1624,2776,1348,1428,1585,764,821,397,209,188,
9930,1588,767,821,2778,1365,1413,3174,1549,1625,2777,1348,1429,1587,765,822,397,209,188,
9935,1589,767,822,2780,1365,1415,3177,1550,1627,2779,1349,1430,1588,765,823,397,209,188,
9940,1590,767,823,2781,1365,1416,3178,1551,1627,2781,1349,1432,1588,765,823,397,209,188,
9945,1591,768,823,2783,1366,1417,3181,1553,1628,2782,1349,1433,1589,765,824,397,209,188,
9950,1591,768,823,2784,1367,1417,3181,1553,1628,2783,1350,1433,1589,765,824,398,209,189,
9955,1592,768,824,2785,1368,1417,3182,1553,1629,2784,1351,1433,1591,766,825,398,209,189,
9960,1593,769,824,2787,1368,1419,3185,1555,1630,2786,1351,1435,1592,766,826,398,209,189,
9965,1594,770,824,2788,1369,1419,3186,1555,1631,2788,1353,1435,1592,766,826,398,209,189,
9970,1595,770,825,2790,1370,1420,3189,1556,1633,2789,1353,1436,1593,766,827,398,209,189,
9975,1595,770,825,2791,1370,1421,3189,1556,1633,2790,1353,1437,1593,766,827,399,209,190,
9980,1596,770,826,2792,1370,1422,3190,1557,1633,2791,1353,1438,1595,766,829,399,209,190,
9985,1597,770,827,2794,1371,1423,3193,1559,1634,2793,1354,1439,1596,766,830,399,209,190,
9990,1598,771,827,2795,1372,1423,3194,1559,1635,2795,1354,1441,1596,766,830,399,209,190,
9995,1599,771,828,2797,1372,1425,3197,1560,1637,2796,1354,1442,1597,766,831,399,209,190,
10000,1599,771,828,2798,1372,1426,3197,1560,1637,2797,1354,1443,1597,766,831,400,209,191,
10005,1600,772,828,2799,1372,1427,3198,1561,1637,2798,1354,1444,1599,766,833,400,209,191,
10010,1601,773,828,2801,1373,1428,3201,1561,1640,2800,1355,1445,1600,766,834,400,209,191,
10015,1602,773,829,2802,1373,1429,3202,1562,1640,2802,1357,1445,1600,766,834,400,209,191,
10020,1603,773,830,2804,1374,1430,3205,1562,1643,2803,1357,1446,1601,767,834,400,209,191,
10025,1603,773,830,2805,1375,1430,3205,1562,1643,2804,1358,1446,1601,767,834,401,209,192,
10030,1604,773,831,2806,1376,1430,3206,1562,1644,2805,1358,1447,1603,767,836,401,209,192,
10035,1605,773,832,2808,1377,1431,3209,1564,1645,2807,1359,1448,1604,767,837,401,209,192,
10040,1606,773,833,2809,1377,1432,3210,1565,1645,2809,1360,1449,1604,767,837,401,209,192,
10045,1607,773,834,2811,1379,1432,3213,1566,1647,2810,1360,1450,1605,767,838,401,209,192,
10050,1607,773,834,2812,1379,1433,3213,1566,1647,2811,1360,1451,1605,767,838,402,210,192,
10055,1608,774,834,2813,1380,1433,3214,1567,1647,2812,1361,1451,1607,769,838,402,210,192,
10060,1609,774,835,2815,1380,1435,3217,1569,1648,2814,1363,1451,1608,769,839,402,210,192,
10065,1610,774,836,2816,1380,1436,3218,1569,1649,2816,1363,1453,1608,769,839,402,210,192,
10070,1611,774,837,2818,1381,1437,3221,1569,1652,2817,1363,1454,1609,769,840,402,210,192,
10075,1611,774,837,2819,1382,1437,3221,1569,1652,2818,1364,1454,1609,769,840,403,210,193,
10080,1612,775,837,2820,1383,1437,3222,1570,1652,2819,1365,1454,1611,770,841,403,210,193,
10085,1613,775,838,2822,1384,1438,3225,1572,1653,2821,1366,1455,1612,770,842,403,210,193,
10090,1614,775,839,2823,1385,1438,3226,1572,1654,2823,1368,1455,1612,770,842,403,210,193,
10095,1615,775,840,2825,1387,1438,3229,1572,1657,2824,1369,1455,1613,770,843,403,210,193,
10100,1615,775,840,2826,1387,1439,3229,1572,1657,2825,1370,1455,1613,770,843,404,210,194,
10105,1616,775,841,2827,1387,1440,3230,1572,1658,2826,1370,1456,1615,770,845,404,210,194,
10110,1617,775,842,2829,1387,1442,3233,1575,1658,2828,1371,1457,1616,770,846,404,210,194,
10115,1618,776,842,2830,1388,1442,3234,1576,1658,2830,1372,1458,1616,770,846,404,210,194,
10120,1619,776,843,2832,1389,1443,3237,1578,1659,2831,1372,1459,1617,771,846,404,210,194,
10125,1619,776,843,2833,1389,1444,3237,1578,1659,2832,1373,1459,1617,771,846,405,210,195,
10130,1620,776,844,2834,1390,1444,3238,1579,1659,2833,1374,1459,1619,772,847,405,210,195,
10135,1621,776,845,2836,1391,1445,3241,1580,1661,2835,1374,1461,1620,772,848,405,210,195,
10140,1622,776,846,2837,1391,1446,3242,1581,1661,2837,1376,1461,1620,772,848,405,210,195,
10145,1623,776,847,2839,1392,1447,3245,1582,1663,2838,1376,1462,1621,773,848,405,210,195,
10150,1623,776,847,2840,1392,1448,3245,1582,1663,2839,1376,1463,1621,773,848,406,211,195,
10155,1624,776,848,2841,1392,1449,3246,1583,1663,2840,1377,1463,1623,774,849,406,211,195,
10160,1625,777,848,2843,1393,1450,3249,1584,1665,2842,1379,1463,1624,775,849,406,211,195,
10165,1626,777,849,2844,1393,1451,3250,1584,1666,2844,1380,1464,1624,775,849,406,211,195,
10170,1627,778,849,2846,1393,1453,3253,1586,1667,2845,1381,1464,1625,776,849,406,211,195,
10175,1627,778,849,2847,1394,1453,3253,1586,1667,2846,1382,1464,1625,776,849,407,211,196,
10180,1628,778,850,2848,1395,1453,3254,1587,1667,2847,1382,1465,1627,777,850,407,211,196,
10185,1629,779,850,2850,1396,1454,3257,1590,1667,2849,1382,1467,1628,777,851,407,211,196,
10190,1630,779,851,2851,1397,1454,3258,1590,1668,2851,1384,1467,1628,777,851,407,211,196,
10195,1631,779,852,2853,1398,1455,3261,1592,1669,2852,1385,1467,1629,778,851,407,211,196,
10200,1631,779,852,2854,1399,1455,3261,1592,1669,2853,1385,1468,1629,778,851,408,211,197,
10205,1632,779,853,2855,1399,1456,3262,1593,1669,2854,1385,1469,1631,780,851,408,211,197,
10210,1633,780,853,2857,1401,1456,3265,1594,1671,2856,1385,1471,1632,780,852,408,211,197,
10215,1634,780,854,2858,1402,1456,3266,1594,1672,2858,1385,1473,1632,780,852,408,211,197,
10220,1635,781,854,2860,1402,1458,3269,1595,1674,2859,1385,1474,1633,781,852,408,211,197,
10225,1635,781,854,2861,1403,1458,3269,1595,1674,2860,1386,1474,1633,781,852,409,212,197,
10230,1636,782,854,2862,1403,1459,3270,1595,1675,2861,1386,1475,1635,782,853,409,212,197,
10235,1637,782,855,2864,1405,1459,3273,1596,1677,2863,1388,1475,1636,783,853,409,212,197,
10240,1638,782,856,2865,1405,1460,3274,1597,1677,2865,1389,1476,1636,783,853,409,212,197,
10245,1639,782,857,2867,1405,1462,3277,1599,1678,2866,1389,1477,1637,784,853,409,212,197,
10250,1639,782,857,2868,1406,1462,3277,1599,1678,2867,1390,1477,1637,784,853,410,213,197,
10255,1640,782,858,2869,1406,1463,3278,1599,1679,2868,1390,1478,1639,785,854,410,213,197,
10260,1641,782,859,2871,1408,1463,3281,1601,1680,2870,1390,1480,1640,785,855,410,213,197,
10265,1642,782,860,2872,1408,1464,3282,1601,1681,2872,1390,1482,1640,785,855,410,213,197,
10270,1643,782,861,2874,1409,1465,3285,1601,1684,2873,1390,1483,1641,786,855,410,213,197,
10275,1643,782,861,2875,1410,1465,3285,1601,1684,2874,1391,1483,1641,786,855,411,213,198,
10280,1644,782,862,2876,1410,1466,3286,1602,1684,2875,1391,1484,1643,788,855,411,213,198,
10285,1645,783,862,2878,1410,1468,3289,1603,1686,2877,1391,1486,1644,789,855,411,213,198,
10290,1646,783,863,2879,1410,1469,3290,1603,1687,2879,1391,1488,1644,789,855,411,213,198,
10295,1647,783,864,2881,1411,1470,3293,1603,1690,2880,1391,1489,1645,789,856,411,213,198,
10300,1647,783,864,2882,1411,1471,3293,1603,1690,2881,1392,1489,1645,789,856,412,214,198,
10305,1648,783,865,2883,1412,1471,3294,1604,1690,2882,1393,1489,1647,789,858,412,214,198,
10310,1649,784,865,2885,1413,1472,3297,1605,1692,2884,1394,1490,1648,790,858,412,214,198,
10315,1650,784,866,2886,1413,1473,3298,1605,1693,2886,1395,1491,1648,790,858,412,214,198,
10320,1651,785,866,2888,1414,1474,3301,1606,1695,2887,1396,1491,1649,791,858,412,214,198,
10325,1651,785,866,2889,1414,1475,3301,1606,1695,2888,1397,1491,1649,791,858,413,214,199,
10330,1652,785,867,2890,1414,1476,3302,1606,1696,2889,1398,1491,1651,793,858,413,214,199,
10335,1653,786,867,2892,1415,1477,3305,1608,1697,2891,1399,1492,1652,793,859,413,214,199,
10340,1654,786,868,2893,1416,1477,3306,1608,1698,2893,1400,1493,1652,793,859,413,214,199,
10345,1655,787,868,2895,1416,1479,3309,1610,1699,2894,1400,1494,1653,793,860,413,214,199,
10350,1655,787,868,2896,1417,1479,3309,1610,1699,2895,1400,1495,1653,793,860,414,215,199,
10355,1656,788,868,2897,1418,1479,3310,1611,1699,2896,1400,1496,1655,795,860,414,215,199,
10360,1657,788,869,2899,1419,1480,3313,1613,1700,2898,1401,1497,1656,795,861,414,215,199,
10365,1658,788,870,2900,1419,1481,3314,1614,1700,2900,1403,1497,1656,795,861,414,215,199,
10370,1659,788,871,2902,1421,1481,3317,1616,1701,2901,1403,1498,1657,796,861,414,215,199,
10375,1659,788,871,2903,1422,1481,3317,1616,1701,2902,1403,1499,1657,796,861,415,216,199,
10380,1660,788,872,2904,1422,1482,3318,1617,1701,2903,1403,1500,1659,797,862,415,216,199,
10385,1661,788,873,2906,1423,1483,3321,1619,1702,2905,1405,1500,1660,797,863,415,216,199,
10390,1662,789,873,2907,1424,1483,3322,1620,1702,2907,1406,1501,1660,797,863,415,216,199,
10395,1663,790,873,2909,1426,1483,3325,1620,1705,2908,1407,1501,1661,797,864,415,216,199,
10400,1663,790,873,2910,1427,1483,3325,1620,1705,2909,1408,1501,1661,797,864,416,216,200,
10405,1664,790,874,2911,1427,1484,3326,1620,1706,2910,1408,1502,1663,799,864,416,216,200,
10410,1665,791,874,2913,1429,1484,3329,1622,1707,2912,1408,1504,1664,800,864,416,216,200,
10415,1666,791,875,2914,1429,1485,3330,1622,1708,2914,1409,1505,1664,800,864,416,216,200,
10420,1667,791,876,2916,1430,1486,3333,1623,1710,2915,1410,1505,1665,801,864,416,216,200,
10425,1667,791,876,2917,1431,1486,3333,1623,1710,2916,1410,1506,1665,801,864,417,216,201,
10430,1668,792,876,2918,1431,1487,3334,1623,1711,2917,1410,1507,1667,802,865,417,216,201,
10435,1669,792,877,2920,1432,1488,3337,1624,1713,2919,1410,1509,1668,802,866,417,216,201,
10440,1670,793,877,2921,1432,1489,3338,1625,1713,2921,1412,1509,1668,802,866,417,216,201,
10445,1671,793,878,2923,1432,1491,3341,1627,1714,2922,1412,1510,1669,803,866,417,216,201,
10450,1671,793,878,2924,1433,1491,3341,1627,1714,2923,1413,1510,1669,803,866,418,216,202,
10455,1672,793,879,2925,1434,1491,3342,1627,1715,2924,1413,1511,1671,804,867,418,216,202,
10460,1673,794,879,2927,1434,1493,3345,1630,1715,2926,1414,1512,1672,804,868,418,216,202,
10465,1674,795,879,2928,1434,1494,3346,1631,1715,2928,1416,1512,1672,804,868,418,216,202,
10470,1675,795,880,2930,1435,1495,3349,1633,1716,2929,1417,1512,1673,805,868,418,216,202,
10475,1675,795,880,2931,1436,1495,3349,1633,1716,2930,1418,1512,1673,805,868,419,216,203,
10480,1676,796,880,2932,1437,1495,3350,1634,1716,2931,1419,1512,1675,806,869,419,216,203,
10485,1677,796,881,2934,1439,1495,3353,1636,1717,2933,1420,1513,1676,807,869,419,216,203,
10490,1678,796,882,2935,1439,1496,3354,1637,1717,2935,1422,1513,1676,807,869,419,216,203,
10495,1679,796,883,2937,1440,1497,3357,1639,1718,2936,1423,1513,1677,807,870,419,216,203,
10500,1679,796,883,2938,1441,1497,3357,1639,1718,2937,1424,1513,1677,807,870,420,216,204,
10505,1680,797,883,2939,1442,1497,3358,1639,1719,2938,1424,1514,1679,808,871,420,216,204,
10510,1681,798,883,2941,1443,1498,3361,1640,1721,2940,1424,1516,1680,809,871,420,216,204,
10515,1682,799,883,2942,1443,1499,3362,1641,1721,2942,1426,1516,1680,809,871,420,216,204,
10520,1683,799,884,2944,1445,1499,3365,1642,1723,2943,1427,1516,1681,810,871,420,216,204,
10525,1683,799,884,2945,1446,1499,3365,1642,1723,2944,1427,1517,1681,810,871,421,217,204,
10530,1684,799,885,2946,1446,1500,3366,1643,1723,2945,1427,1518,1683,812,871,421,217,204,
10535,1685,800,885,2948,1447,1501,3369,1644,1725,2947,1429,1518,1684,813,871,421,217,204,
10540,1686,801,885,2949,1447,1502,3370,1645,1725,2949,1430,1519,1684,813,871,421,217,204,
10545,1687,802,885,2951,1448,1503,3373,1647,1726,2950,1431,1519,1685,813,872,421,217,204,
10550,1687,802,885,2952,1448,1504,3373,1647,1726,2951,1431,1520,1685,813,872,422,217,205,
10555,1688,802,886,2953,1449,1504,3374,1647,1727,2952,1431,1521,1687,815,872,422,217,205,
10560,1689,803,886,2955,1450,1505,3377,1648,1729,2954,1432,1522,1688,815,873,422,217,205,
10565,1690,804,886,2956,1450,1506,3378,1648,1730,2956,1433,1523,1688,815,873,422,217,205,
10570,1691,804,887,2958,1450,1508,3381,1649,1732,2957,1433,1524,1689,815,874,422,217,205,
10575,1691,804,887,2959,1450,1509,3381,1649,1732,2958,1433,1525,1689,815,874,423,217,206,
10580,1692,804,888,2960,1451,1509,3382,1649,1733,2959,1434,1525,1691,816,875,423,217,206,
10585,1693,804,889,2962,1452,1510,3385,1650,1735,2961,1435,1526,1692,816,876,423,217,206,
10590,1694,805,889,2963,1453,1510,3386,1650,1736,2963,1436,1527,1692,816,876,423,217,206,
10595,1695,806,889,2965,1455,1510,3389,1652,1737,2964,1436,1528,1693,816,877,423,217,206,
10600,1695,806,889,2966,1456,1510,3389,1652,1737,2965,1437,1528,1693,816,877,424,217,207,
10605,1696,806,890,2967,1456,1511,3390,1653,1737,2966,1437,1529,1695,817,878,424,217,207,
10610,1697,806,891,2969,1458,1511,3393,1653,1740,2968,1438,1530,1696,817,879,424,217,207,
10615,1698,806,892,2970,1458,1512,3394,1653,1741,2970,1439,1531,1696,817,879,424,217,207,
10620,1699,807,892,2972,1459,1513,3397,1654,1743,2971,1439,1532,1697,818,879,424,217,207,
10625,1699,807,892,2973,1460,1513,3397,1654,1743,2972,1439,1533,1697,818,879,425,217,208,
10630,1700,807,893,2974,1461,1513,3398,1655,1743,2973,1439,1534,1699,819,880,425,217,208,
10635,1701,807,894,2976,1462,1514,3401,1658,1743,2975,1440,1535,1700,819,881,425,217,208,
10640,1702,807,895,2977,1463,1514,3402,1659,1743,2977,1442,1535,1700,819,881,425,217,208,
10645,1703,808,895,2979,1464,1515,3405,1660,1745,2978,1442,1536,1701,819,882,425,217,208,
10650,1703,808,895,2980,1465,1515,3405,1660,1745,2979,1443,1536,1701,819,882,426,218,208,
10655,1704,809,895,2981,1465,1516,3406,1661,1745,2980,1443,1537,1703,819,884,426,218,208,
10660,1705,809,896,2983,1466,1517,3409,1662,1747,2982,1444,1538,1704,819,885,426,218,208,
10665,1706,809,897,2984,1467,1517,3410,1663,1747,2984,1445,1539,1704,819,885,426,218,208,
10670,1707,809,898,2986,1467,1519,3413,1664,1749,2985,1445,1540,1705,820,885,426,218,208,
10675,1707,809,898,2987,1468,1519,3413,1664,1749,2986,1445,1541,1705,820,885,427,218,209,
10680,1708,810,898,2988,1468,1520,3414,1665,1749,2987,1445,1542,1707,822,885,427,218,209,
10685,1709,811,898,2990,1468,1522,3417,1667,1750,2989,1446,1543,1708,822,886,427,218,209,
10690,1710,811,899,2991,1469,1522,3418,1667,1751,2991,1447,1544,1708,822,886,427,218,209,
10695,1711,812,899,2993,1470,1523,3421,1670,1751,2992,1447,1545,1709,823,886,427,218,209,
10700,1711,812,899,2994,1470,1524,3421,1670,1751,2993,1448,1545,1709,823,886,428,219,209,
10705,1712,813,899,2995,1470,1525,3422,1671,1751,2994,1448,1546,1711,823,888,428,219,209,
10710,1713,814,899,2997,1470,1527,3425,1671,1754,2996,1448,1548,1712,823,889,428,219,209,
10715,1714,814,900,2998,1470,1528,3426,1672,1754,2998,1448,1550,1712,823,889,428,219,209,
10720,1715,814,901,3000,1470,1530,3429,1673,1756,2999,1449,1550,1713,824,889,428,219,209,
10725,1715,814,901,3001,1471,1530,3429,1673,1756,3000,1450,1550,1713,824,889,429,219,210,
10730,1716,814,902,3002,1471,1531,3430,1673,1757,3001,1450,1551,1715,826,889,429,219,210,
10735,1717,815,902,3004,1473,1531,3433,1675,1758,3003,1451,1552,1716,827,889,429,219,210,
10740,1718,815,903,3005,1474,1531,3434,1676,1758,3005,1452,1553,1716,827,889,429,219,210,
10745,1719,816,903,3007,1474,1533,3437,1676,1761,3006,1452,1554,1717,828,889,429,219,210,
10750,1719,816,903,3008,1475,1533,3437,1676,1761,3007,1452,1555,1717,828,889,430,219,211,
10755,1720,817,903,3009,1475,1534,3438,1676,1762,3008,1453,1555,1719,829,890,430,219,211,
10760,1721,818,903,3011,1476,1535,3441,1678,1763,3010,1455,1555,1720,830,890,430,219,211,
10765,1722,819,903,3012,1477,1535,3442,1679,1763,3012,1456,1556,1720,830,890,430,219,211,
10770,1723,820,903,3014,1479,1535,3445,1681,1764,3013,1457,1556,1721,830,891,430,219,211,
10775,1723,820,903,3015,1480,1535,3445,1681,1764,3014,1457,1557,1721,830,891,431,220,211,
10780,1724,820,904,3016,1480,1536,3446,1682,1764,3015,1457,1558,1723,831,892,431,220,211,
10785,1725,820,905,3018,1481,1537,3449,1683,1766,3017,1457,1560,1724,832,892,431,220,211,
10790,1726,821,905,3019,1482,1537,3450,1683,1767,3019,1458,1561,1724,832,892,431,220,211,
10795,1727,822,905,3021,1484,1537,3453,1685,1768,3020,1458,1562,1725,832,893,431,220,211,
10800,1727,822,905,3022,1484,1538,3453,1685,1768,3021,1458,1563,1725,832,893,432,221,211,
10805,1728,823,905,3023,1484,1539,3454,1685,1769,3022,1458,1564,1727,833,894,432,221,211,
10810,1729,823,906,3025,1486,1539,3457,1687,1770,3024,1459,1565,1728,833,895,432,221,211,
10815,1730,824,906,3026,1487,1539,3458,1687,1771,3026,1461,1565,1728,833,895,432,221,211,
10820,1731,824,907,3028,1487,1541,3461,1689,1772,3027,1462,1565,1729,834,895,432,221,211,
10825,1731,824,907,3029,1487,1542,3461,1689,1772,3028,1463,1565,1729,834,895,433,222,211,
10830,1732,825,907,3030,1488,1542,3462,1690,1772,3029,1464,1565,1731,835,896,433,222,211,
10835,1733,825,908,3032,1488,1544,3465,1692,1773,3031,1466,1565,1732,836,896,433,222,211,
10840,1734,826,908,3033,1488,1545,3466,1692,1774,3033,1467,1566,1732,836,896,433,222,211,
10845,1735,826,909,3035,1489,1546,3469,1695,1774,3034,1468,1566,1733,836,897,433,222,211,
10850,1735,826,909,3036,1490,1546,3469,1695,1774,3035,1468,1567,1733,836,897,434,223,211,
10855,1736,827,909,3037,1490,1547,3470,1695,1775,3036,1468,1568,1735,836,899,434,223,211,
10860,1737,828,909,3039,1491,1548,3473,1695,1778,3038,1469,1569,1736,836,900,434,223,211,
10865,1738,828,910,3040,1492,1548,3474,1696,1778,3040,1470,1570,1736,836,900,434,223,211,
10870,1739,829,910,3042,1494,1548,3477,1697,1780,3041,1470,1571,1737,837,900,434,223,211,
10875,1739,829,910,3043,1495,1548,3477,1697,1780,3042,1471,1571,1737,837,900,435,224,211,
10880,1740,829,911,3044,1495,1549,3478,1698,1780,3043,1471,1572,1739,838,901,435,224,211,
10885,1741,829,912,3046,1496,1550,3481,1698,1783,3045,1472,1573,1740,838,902,435,224,211,
10890,1742,829,913,3047,1497,1550,3482,1698,1784,3047,1474,1573,1740,838,902,435,224,211,
10895,1743,829,914,3049,1498,1551,3485,1699,1786,3048,1475,1573,1741,838,903,435,224,211,
10900,1743,829,914,3050,1499,1551,3485,1699,1786,3049,1476,1573,1741,838,903,436,225,211,
10905,1744,829,915,3051,1499,1552,3486,1699,1787,3050,1477,1573,1743,839,904,436,225,211,
10910,1745,829,916,3053,1500,1553,3489,1702,1787,3052,1478,1574,1744,840,904,436,225,211,
10915,1746,829,917,3054,1501,1553,3490,1702,1788,3054,1480,1574,1744,840,904,436,225,211,
10920,1747,829,918,3056,1503,1553,3493,1704,1789,3055,1480,1575,1745,841,904,436,225,211,
10925,1747,829,918,3057,1504,1553,3493,1704,1789,3056,1481,1575,1745,841,904,437,226,211,
10930,1748,829,919,3058,1505,1553,3494,1704,1790,3057,1482,1575,1747,843,904,437,226,211,
10935,1749,830,919,3060,1506,1554,3497,1704,1793,3059,1482,1577,1748,844,904,437,226,211,
10940,1750,830,920,3061,1506,1555,3498,1704,1794,3061,1484,1577,1748,844,904,437,226,211,
10945,1751,830,921,3063,1507,1556,3501,1706,1795,3062,1485,1577,1749,844,905,437,226,211,
10950,1751,830,921,3064,1507,1557,3501,1706,1795,3063,1486,1577,1749,844,905,438,227,211,
10955,1752,831,921,3065,1508,1557,3502,1706,1796,3064,1487,1577,1751,845,906,438,227,211,
10960,1753,832,921,3067,1510,1557,3505,1707,1798,3066,1488,1578,1752,846,906,438,227,211,
10965,1754,833,921,3068,1510,1558,3506,1708,1798,3068,1489,1579,1752,846,906,438,227,211,
10970,1755,834,921,3070,1510,1560,3509,1709,1800,3069,1490,1579,1753,846,907,438,227,211,
10975,1755,834,921,3071,1510,1561,3509,1709,1800,3070,1491,1579,1753,846,907,439,228,211,
10980,1756,835,921,3072,1511,1561,3510,1709,1801,3071,1492,1579,1755,847,908,439,228,211,
10985,1757,835,922,3074,1512,1562,3513,1710,1803,3073,1492,1581,1756,847,909,439,228,211,
10990,1758,835,923,3075,1512,1563,3514,1710,1804,3075,1494,1581,1756,847,909,439,228,211,
10995,1759,835,924,3077,1513,1564,3517,1710,1807,3076,1495,1581,1757,847,910,439,228,211,
11000,1759,835,924,3078,1514,1564,3517,1710,1807,3077,1496,1581,1757,847,910,440,229,211,
11005,1760,835,925,3079,1515,1564,3518,1710,1808,3078,1496,1582,1759,849,910,440,229,211,
11010,1761,835,926,3081,1516,1565,3521,1711,1810,3080,1496,1584,1760,849,911,440,229,211,
11015,1762,836,926,3082,1516,1566,3522,1712,1810,3082,1497,1585,1760,849,911,440,229,211,
11020,1763,836,927,3084,1517,1567,3525,1714,1811,3083,1497,1586,1761,849,912,440,229,211,
11025,1763,836,927,3085,1518,1567,3525,1714,1811,3084,1497,1587,1761,849,912,441,229,212,
11030,1764,836,928,3086,1519,1567,3526,1714,1812,3085,1498,1587,1763,851,912,441,229,212,
11035,1765,836,929,3088,1520,1568,3529,1715,1814,3087,1499,1588,1764,852,912,441,229,212,
11040,1766,836,930,3089,1521,1568,3530,1715,1815,3089,1500,1589,1764,852,912,441,229,212,
11045,1767,836,931,3091,1522,1569,3533,1717,1816,3090,1501,1589,1765,853,912,441,229,212,
11050,1767,836,931,3092,1522,1570,3533,1717,1816,3091,1502,1589,1765,853,912,442,229,213,
11055,1768,837,931,3093,1522,1571,3534,1717,1817,3092,1503,1589,1767,854,913,442,229,213,
11060,1769,838,931,3095,1523,1572,3537,1717,1820,3094,1504,1590,1768,855,913,442,229,213,
11065,1770,839,931,3096,1523,1573,3538,1717,1821,3096,1504,1592,1768,855,913,442,229,213,
11070,1771,840,931,3098,1523,1575,3541,1718,1823,3097,1504,1593,1769,855,914,442,229,213,
11075,1771,840,931,3099,1523,1576,3541,1718,1823,3098,1505,1593,1769,855,914,443,230,213,
11080,1772,840,932,3100,1523,1577,3542,1718,1824,3099,1506,1593,1771,856,915,443,230,213,
11085,1773,840,933,3102,1525,1577,3545,1719,1826,3101,1506,1595,1772,856,916,443,230,213,
11090,1774,841,933,3103,1525,1578,3546,1719,1827,3103,1506,1597,1772,856,916,443,230,213,
11095,1775,841,934,3105,1527,1578,3549,1721,1828,3104,1507,1597,1773,857,916,443,230,213,
11100,1775,841,934,3106,1527,1579,3549,1721,1828,3105,1507,1598,1773,857,916,444,230,214,
11105,1776,841,935,3107,1527,1580,3550,1721,1829,3106,1507,1599,1775,858,917,444,230,214,
11110,1777,841,936,3109,1528,1581,3553,1723,1830,3108,1508,1600,1776,858,918,444,230,214,
11115,1778,841,937,3110,1528,1582,3554,1723,1831,3110,1508,1602,1776,858,918,444,230,214,
11120,1779,841,938,3112,1529,1583,3557,1725,1832,3111,1509,1602,1777,859,918,444,230,214,
11125,1779,841,938,3113,1530,1583,3557,1725,1832,3112,1509,1603,1777,859,918,445,231,214,
11130,1780,842,938,3114,1531,1583,3558,1726,1832,3113,1509,1604,1779,860,919,445,231,214,
11135,1781,842,939,3116,1532,1584,3561,1727,1834,3115,1510,1605,1780,860,920,445,231,214,
11140,1782,843,939,3117,1533,1584,3562,1728,1834,3117,1512,1605,1780,860,920,445,231,214,
11145,1783,844,939,3119,1534,1585,3565,1728,1837,3118,1512,1606,1781,861,920,445,231,214,
11150,1783,844,939,3120,1535,1585,3565,1728,1837,3119,1513,1606,1781,861,920,446,232,214,
11155,1784,845,939,3121,1535,1586,3566,1729,1837,3120,1514,1606,1783,861,922,446,232,214,
11160,1785,846,939,3123,1536,1587,3569,1729,1840,3122,1516,1606,1784,862,922,446,232,214,
11165,1786,846,940,3124,1536,1588,3570,1729,1841,3124,1517,1607,1784,862,922,446,232,214,
11170,1787,847,940,3126,1536,1590,3573,1732,1841,3125,1518,1607,1785,862,923,446,232,214,
11175,1787,847,940,3127,1536,1591,3573,1732,1841,3126,1519,1607,1785,862,923,447,232,215,
11180,1788,847,941,3128,1536,1592,3574,1732,1842,3127,1519,1608,1787,863,924,447,232,215,
11185,1789,847,942,3130,1536,1594,3577,1733,1844,3129,1521,1608,1788,863,925,447,232,215,
11190,1790,847,943,3131,1536,1595,3578,1734,1844,3131,1522,1609,1788,863,925,447,232,215,
11195,1791,847,944,3133,1538,1595,3581,1734,1847,3132,1522,1610,1789,863,926,447,232,215,
11200,1791,847,944,3134,1538,1596,3581,1734,1847,3133,1523,1610,1789,863,926,448,232,216,
11205,1792,848,944,3135,1538,1597,3582,1735,1847,3134,1523,1611,1791,864,927,448,232,216,
11210,1793,848,945,3137,1539,1598,3585,1735,1850,3136,1524,1612,1792,864,928,448,232,216,
11215,1794,848,946,3138,1540,1598,3586,1735,1851,3138,1525,1613,1792,864,928,448,232,216,
11220,1795,848,947,3140,1541,1599,3589,1735,1854,3139,1526,1613,1793,864,929,448,232,216,
11225,1795,848,947,3141,1542,1599,3589,1735,1854,3140,1526,1614,1793,864,929,449,232,217,
11230,1796,848,948,3142,1543,1599,3590,1736,1854,3141,1527,1614,1795,865,930,449,232,217,
11235,1797,849,948,3144,1543,1601,3593,1736,1857,3143,1528,1615,1796,866,930,449,232,217,
11240,1798,849,949,3145,1543,1602,3594,1736,1858,3145,1529,1616,1796,866,930,449,232,217,
11245,1799,850,949,3147,1543,1604,3597,1737,1860,3146,1529,1617,1797,867,930,449,232,217,
11250,1799,850,949,3148,1544,1604,3597,1737,1860,3147,1529,1618,1797,867,930,450,232,218,
11255,1800,851,949,3149,1544,1605,3598,1738,1860,3148,1529,1619,1799,869,930,450,232,218,
11260,1801,852,949,3151,1545,1606,3601,1740,1861,3150,1529,1621,1800,870,930,450,232,218,
11265,1802,852,950,3152,1546,1606,3602,1740,1862,3152,1530,1622,1800,870,930,450,232,218,
11270,1803,852,951,3154,1546,1608,3605,1741,1864,3153,1530,1623,1801,871,930,450,232,218,
11275,1803,852,951,3155,1547,1608,3605,1741,1864,3154,1530,1624,1801,871,930,451,232,219,
11280,1804,853,951,3156,1547,1609,3606,1741,1865,3155,1530,1625,1803,872,931,451,232,219,
11285,1805,854,951,3158,1548,1610,3609,1742,1867,3157,1531,1626,1804,872,932,451,232,219,
11290,1806,855,951,3159,1549,1610,3610,1743,1867,3159,1532,1627,1804,872,932,451,232,219,
11295,1807,856,951,3161,1550,1611,3613,1744,1869,3160,1532,1628,1805,873,932,451,232,219,
11300,1807,856,951,3162,1550,1612,3613,1744,1869,3161,1532,1629,1805,873,932,452,232,220,
11305,1808,857,951,3163,1551,1612,3614,1744,1870,3162,1532,1630,1807,874,933,452,232,220,
11310,1809,857,952,3165,1553,1612,3617,1744,1873,3164,1533,1631,1808,874,934,452,232,220,
11315,1810,858,952,3166,1553,1613,3618,1745,1873,3166,1534,1632,1808,874,934,452,232,220,
11320,1811,859,952,3168,1553,1615,3621,1746,1875,3167,1535,1632,1809,874,935,452,232,220,
11325,1811,859,952,3169,1553,1616,3621,1746,1875,3168,1535,1633,1809,874,935,453,232,221,
11330,1812,859,953,3170,1553,1617,3622,1747,1875,3169,1535,1634,1811,875,936,453,232,221,
11335,1813,859,954,3172,1554,1618,3625,1748,1877,3171,1535,1636,1812,875,937,453,232,221,
11340,1814,859,955,3173,1555,1618,3626,1749,1877,3173,1536,1637,1812,875,937,453,232,221,
11345,1815,860,955,3175,1555,1620,3629,1751,1878,3174,1536,1638,1813,876,937,453,232,221,
11350,1815,860,955,3176,1556,1620,3629,1751,1878,3175,1536,1639,1813,876,937,454,233,221,
11355,1816,861,955,3177,1556,1621,3630,1752,1878,3176,1537,1639,1815,877,938,454,233,221,
11360,1817,861,956,3179,1556,1623,3633,1754,1879,3178,1539,1639,1816,877,939,454,233,221,
11365,1818,861,957,3180,1557,1623,3634,1755,1879,3180,1540,1640,1816,877,939,454,233,221,
11370,1819,861,958,3182,1559,1623,3637,1757,1880,3181,1541,1640,1817,878,939,454,233,221,
11375,1819,861,958,3183,1560,1623,3637,1757,1880,3182,1542,1640,1817,878,939,455,234,221,
11380,1820,861,959,3184,1560,1624,3638,1757,1881,3183,1543,1640,1819,879,940,455,234,221,
11385,1821,861,960,3186,1560,1626,3641,1759,1882,3185,1544,1641,1820,880,940,455,234,221,
11390,1822,861,961,3187,1560,1627,3642,1759,1883,3187,1544,1643,1820,880,940,455,234,221,
11395,1823,861,962,3189,1561,1628,3645,1761,1884,3188,1545,1643,1821,881,940,455,234,221,
11400,1823,861,962,3190,1561,1629,3645,1761,1884,3189,1545,1644,1821,881,940,456,234,222,
11405,1824,862,962,3191,1561,1630,3646,1762,1884,3190,1546,1644,1823,881,942,456,234,222,
11410,1825,863,962,3193,1562,1631,3649,1763,1886,3192,1547,1645,1824,882,942,456,234,222,
11415,1826,864,962,3194,1563,1631,3650,1763,1887,3194,1547,1647,1824,882,942,456,234,222,
11420,1827,865,962,3196,1564,1632,3653,1763,1890,3195,1548,1647,1825,882,943,456,234,222,
11425,1827,865,962,3197,1564,1633,3653,1763,1890,3196,1548,1648,1825,882,943,457,234,223,
11430,1828,866,962,3198,1565,1633,3654,1764,1890,3197,1548,1649,1827,882,945,457,234,223,
11435,1829,866,963,3200,1565,1635,3657,1767,1890,3199,1549,1650,1828,882,946,457,234,223,
11440,1830,866,964,3201,1566,1635,3658,1767,1891,3201,1549,1652,1828,882,946,457,234,223,
11445,1831,867,964,3203,1567,1636,3661,1769,1892,3202,1549,1653,1829,882,947,457,234,223,
11450,1831,867,964,3204,1567,1637,3661,1769,1892,3203,1549,1654,1829,882,947,458,234,224,
11455,1832,867,965,3205,1568,1637,3662,1769,1893,3204,1550,1654,1831,882,949,458,234,224,
11460,1833,867,966,3207,1568,1639,3665,1771,1894,3206,1551,1655,1832,882,950,458,234,224,
11465,1834,868,966,3208,1568,1640,3666,1771,1895,3208,1553,1655,1832,882,950,458,234,224,
11470,1835,869,966,3210,1568,1642,3669,1772,1897,3209,1553,1656,1833,882,951,458,234,224,
11475,1835,869,966,3211,1569,1642,3669,1772,1897,3210,1554,1656,1833,882,951,459,234,225,
11480,1836,870,966,3212,1570,1642,3670,1773,1897,3211,1554,1657,1835,883,952,459,234,225,
11485,1837,871,966,3214,1571,1643,3673,1773,1900,3213,1555,1658,1836,883,953,459,234,225,
11490,1838,871,967,3215,1571,1644,3674,1773,1901,3215,1557,1658,1836,883,953,459,234,225,
11495,1839,872,967,3217,1572,1645,3677,1776,1901,3216,1558,1658,1837,883,954,459,234,225,
11500,1839,872,967,3218,1573,1645,3677,1776,1901,3217,1559,1658,1837,883,954,460,234,226,
11505,1840,872,968,3219,1573,1646,3678,1777,1901,3218,1559,1659,1839,884,955,460,234,226,
11510,1841,872,969,3221,1575,1646,3681,1780,1901,3220,1560,1660,1840,885,955,460,234,226,
11515,1842,873,969,3222,1576,1646,3682,1781,1901,3222,1562,1660,1840,885,955,460,234,226,
11520,1843,873,970,3224,1576,1648,3685,1783,1902,3223,1563,1660,1841,885,956,460,234,226,
11525,1843,873,970,3225,1577,1648,3685,1783,1902,3224,1564,1660,1841,885,956,461,234,227,
11530,1844,874,970,3226,1578,1648,3686,1783,1903,3225,1565,1660,1843,887,956,461,234,227,
11535,1845,874,971,3228,1579,1649,3689,1784,1905,3227,1567,1660,1844,887,957,461,234,227,
11540,1846,875,971,3229,1579,1650,3690,1784,1906,3229,1568,1661,1844,887,957,461,234,227,
11545,1847,876,971,3231,1579,1652,3693,1785,1908,3230,1568,1662,1845,888,957,461,234,227,
11550,1847,876,971,3232,1580,1652,3693,1785,1908,3231,1568,1663,1845,888,957,462,234,228,
11555,1848,876,972,3233,1581,1652,3694,1785,1909,3232,1569,1663,1847,888,959,462,234,228,
11560,1849,877,972,3235,1583,1652,3697,1787,1910,3234,1570,1664,1848,889,959,462,234,228,
11565,1850,878,972,3236,1583,1653,3698,1788,1910,3236,1572,1664,1848,889,959,462,234,228,
11570,1851,878,973,3238,1584,1654,3701,1789,1912,3237,1572,1665,1849,890,959,462,234,228,
11575,1851,878,973,3239,1585,1654,3701,1789,1912,3238,1572,1666,1849,890,959,463,234,229,
11580,1852,879,973,3240,1585,1655,3702,1789,1913,3239,1573,1666,1851,891,960,463,234,229,
11585,1853,880,973,3242,1585,1657,3705,1789,1916,3241,1574,1667,1852,891,961,463,234,229,
11590,1854,881,973,3243,1586,1657,3706,1789,1917,3243,1574,1669,1852,891,961,463,234,229,
11595,1855,881,974,3245,1587,1658,3709,1789,1920,3244,1574,1670,1853,891,962,463,234,229,
11600,1855,881,974,3246,1588,1658,3709,1789,1920,3245,1574,1671,1853,891,962,464,235,229,
11605,1856,882,974,3247,1588,1659,3710,1789,1921,3246,1574,1672,1855,891,964,464,235,229,
11610,1857,883,974,3249,1589,1660,3713,1792,1921,3248,1576,1672,1856,892,964,464,235,229,
11615,1858,883,975,3250,1589,1661,3714,1792,1922,3250,1576,1674,1856,892,964,464,235,229,
11620,1859,884,975,3252,1590,1662,3717,1793,1924,3251,1577,1674,1857,893,964,464,235,229,
11625,1859,884,975,3253,1591,1662,3717,1793,1924,3252,1578,1674,1857,893,964,465,235,230,
11630,1860,884,976,3254,1592,1662,3718,1793,1925,3253,1578,1675,1859,894,965,465,235,230,
11635,1861,884,977,3256,1592,1664,3721,1793,1928,3255,1579,1676,1860,895,965,465,235,230,
11640,1862,884,978,3257,1592,1665,3722,1794,1928,3257,1580,1677,1860,895,965,465,235,230,
11645,1863,884,979,3259,1593,1666,3725,1796,1929,3258,1581,1677,1861,896,965,465,235,230,
11650,1863,884,979,3260,1593,1667,3725,1796,1929,3259,1582,1677,1861,896,965,466,235,231,
11655,1864,885,979,3261,1593,1668,3726,1796,1930,3260,1583,1677,1863,897,966,466,235,231,
11660,1865,885,980,3263,1594,1669,3729,1799,1930,3262,1584,1678,1864,898,966,466,235,231,
11665,1866,885,981,3264,1594,1670,3730,1800,1930,3264,1586,1678,1864,898,966,466,235,231,
11670,1867,886,981,3266,1594,1672,3733,1801,1932,3265,1587,1678,1865,898,967,466,235,231,
11675,1867,886,981,3267,1595,1672,3733,1801,1932,3266,1588,1678,1865,898,967,467,235,232,
11680,1868,887,981,3268,1596,1672,3734,1802,1932,3267,1588,1679,1867,899,968,467,235,232,
11685,1869,888,981,3270,1596,1674,3737,1803,1934,3269,1589,1680,1868,900,968,467,235,232,
11690,1870,889,981,3271,1596,1675,3738,1803,1935,3271,1590,1681,1868,900,968,467,235,232,
11695,1871,889,982,3273,1597,1676,3741,1804,1937,3272,1590,1682,1869,900,969,467,235,232,
11700,1871,889,982,3274,1598,1676,3741,1804,1937,3273,1590,1683,1869,900,969,468,235,233,
11705,1872,889,983,3275,1599,1676,3742,1805,1937,3274,1591,1683,1871,900,971,468,235,233,
11710,1873,889,984,3277,1600,1677,3745,1806,1939,3276,1592,1684,1872,900,972,468,235,233,
11715,1874,889,985,3278,1601,1677,3746,1807,1939,3278,1592,1686,1872,900,972,468,235,233,
11720,1875,890,985,3280,1602,1678,3749,1809,1940,3279,1592,1687,1873,900,973,468,235,233,
11725,1875,890,985,3281,1603,1678,3749,1809,1940,3280,1592,1688,1873,900,973,469,235,234,
11730,1876,891,985,3282,1604,1678,3750,1809,1941,3281,1592,1689,1875,901,974,469,235,234,
11735,1877,891,986,3284,1604,1680,3753,1811,1942,3283,1593,1690,1876,901,975,469,235,234,
11740,1878,892,986,3285,1605,1680,3754,1812,1942,3285,1594,1691,1876,901,975,469,235,234,
11745,1879,893,986,3287,1606,1681,3757,1815,1942,3286,1594,1692,1877,901,976,469,235,234,
11750,1879,893,986,3288,1607,1681,3757,1815,1942,3287,1595,1692,1877,901,976,470,235,235,
11755,1880,893,987,3289,1607,1682,3758,1816,1942,3288,1595,1693,1879,903,976,470,235,235,
11760,1881,893,988,3291,1608,1683,3761,1818,1943,3290,1596,1694,1880,903,977,470,235,235,
11765,1882,894,988,3292,1609,1683,3762,1819,1943,3292,1597,1695,1880,903,977,470,235,235,
11770,1883,895,988,3294,1611,1683,3765,1821,1944,3293,1597,1696,1881,903,978,470,235,235,
11775,1883,895,988,3295,1612,1683,3765,1821,1944,3294,1598,1696,1881,903,978,471,236,235,
11780,1884,895,989,3296,1613,1683,3766,1822,1944,3295,1599,1696,1883,905,978,471,236,235,
11785,1885,895,990,3298,1614,1684,3769,1824,1945,3297,1599,1698,1884,906,978,471,236,235,
11790,1886,896,990,3299,1615,1684,3770,1824,1946,3299,1599,1700,1884,906,978,471,236,235,
11795,1887,896,991,3301,1617,1684,3773,1825,1948,3300,1599,1701,1885,906,979,471,236,235,
11800,1887,896,991,3302,1617,1685,3773,1825,1948,3301,1599,1702,1885,906,979,472,236,236,
11805,1888,896,992,3303,1618,1685,3774,1825,1949,3302,1599,1703,1887,907,980,472,236,236,
11810,1889,896,993,3305,1618,1687,3777,1826,1951,3304,1600,1704,1888,908,980,472,236,236,
11815,1890,897,993,3306,1618,1688,3778,1827,1951,3306,1601,1705,1888,908,980,472,236,236,
11820,1891,897,994,3308,1619,1689,3781,1828,1953,3307,1602,1705,1889,908,981,472,236,236,
11825,1891,897,994,3309,1619,1690,3781,1828,1953,3308,1603,1705,1889,908,981,473,236,237,
11830,1892,897,995,3310,1620,1690,3782,1829,1953,3309,1604,1705,1891,909,982,473,236,237,
11835,1893,898,995,3312,1621,1691,3785,1830,1955,3311,1604,1707,1892,909,983,473,236,237,
11840,1894,898,996,3313,1622,1691,3786,1830,1956,3313,1606,1707,1892,909,983,473,236,237,
11845,1895,898,997,3315,1623,1692,3789,1830,1959,3314,1607,1707,1893,909,984,473,236,237,
11850,1895,898,997,3316,1624,1692,3789,1830,1959,3315,1608,1707,1893,909,984,474,236,238,
11855,1896,899,997,3317,1624,1693,3790,1831,1959,3316,1609,1707,1895,909,986,474,236,238,
11860,1897,899,998,3319,1624,1695,3793,1831,1962,3318,1610,1708,1896,910,986,474,236,238,
11865,1898,900,998,3320,1624,1696,3794,1831,1963,3320,1612,1708,1896,910,986,474,236,238,
11870,1899,900,999,3322,1626,1696,3797,1833,1964,3321,1613,1708,1897,911,986,474,236,238,
11875,1899,900,999,3323,1626,1697,3797,1833,1964,3322,1613,1709,1897,911,986,475,237,238,
11880,1900,900,1000,3324,1626,1698,3798,1833,1965,3323,1613,1710,1899,912,987,475,237,238,
11885,1901,900,1001,3326,1627,1699,3801,1835,1966,3325,1614,1711,1900,912,988,475,237,238,
11890,1902,901,1001,3327,1628,1699,3802,1836,1966,3327,1615,1712,1900,912,988,475,237,238,
11895,1903,902,1001,3329,1629,1700,3805,1837,1968,3328,1616,1712,1901,913,988,475,237,238,
11900,1903,902,1001,3330,1629,1701,3805,1837,1968,3329,1616,1713,1901,913,988,476,237,239,
11905,1904,903,1001,3331,1630,1701,3806,1837,1969,3330,1616,1714,1903,914,989,476,237,239,
11910,1905,903,1002,3333,1632,1701,3809,1839,1970,3332,1618,1714,1904,914,990,476,237,239,
11915,1906,904,1002,3334,1632,1702,3810,1840,1970,3334,1619,1715,1904,914,990,476,237,239,
11920,1907,904,1003,3336,1633,1703,3813,1842,1971,3335,1620,1715,1905,914,991,476,237,239,
11925,1907,904,1003,3337,1634,1703,3813,1842,1971,3336,1621,1715,1905,914,991,477,238,239,
11930,1908,905,1003,3338,1635,1703,3814,1843,1971,3337,1621,1716,1907,916,991,477,238,239,
11935,1909,906,1003,3340,1636,1704,3817,1844,1973,3339,1622,1717,1908,917,991,477,238,239,
11940,1910,906,1004,3341,1636,1705,3818,1845,1973,3341,1624,1717,1908,917,991,477,238,239,
11945,1911,907,1004,3343,1637,1706,3821,1845,1976,3342,1625,1717,1909,918,991,477,238,239,
11950,1911,907,1004,3344,1638,1706,3821,1845,1976,3343,1625,1718,1909,918,991,478,239,239,
11955,1912,907,1005,3345,1638,1707,3822,1845,1977,3344,1625,1719,1911,919,992,478,239,239,
11960,1913,908,1005,3347,1639,1708,3825,1847,1978,3346,1626,1720,1912,919,993,478,239,239,
11965,1914,909,1005,3348,1640,1708,3826,1848,1978,3348,1627,1721,1912,919,993,478,239,239,
11970,1915,909,1006,3350,1640,1710,3829,1850,1979,3349,1627,1722,1913,920,993,478,239,239,
11975,1915,909,1006,3351,1640,1711,3829,1850,1979,3350,1627,1723,1913,920,993,479,240,239,
11980,1916,909,1007,3352,1640,1712,3830,1850,1980,3351,1627,1724,1915,920,995,479,240,239,
11985,1917,909,1008,3354,1641,1713,3833,1853,1980,3353,1627,1726,1916,920,996,479,240,239,
11990,1918,910,1008,3355,1642,1713,3834,1853,1981,3355,1629,1726,1916,920,996,479,240,239,
11995,1919,911,1008,3357,1642,1715,3837,1855,1982,3356,1629,1727,1917,921,996,479,240,239,
12000,1919,911,1008,3358,1643,1715,3837,1855,1982,3357,1629,1728,1917,921,996,480,241,239,
12005,1920,912,1008,3359,1643,1716,3838,1855,1983,3358,1629,1729,1919,921,998,480,241,239,
12010,1921,912,1009,3361,1644,1717,3841,1855,1986,3360,1629,1731,1920,921,999,480,241,239,
12015,1922,912,1010,3362,1644,1718,3842,1856,1986,3362,1631,1731,1920,921,999,480,241,239,
12020,1923,913,1010,3364,1645,1719,3845,1858,1987,3363,1631,1732,1921,921,1000,480,241,239,
12025,1923,913,1010,3365,1645,1720,3845,1858,1987,3364,1632,1732,1921,921,1000,481,242,239,
12030,1924,913,1011,3366,1645,1721,3846,1859,1987,3365,1633,1732,1923,922,1001,481,242,239,
12035,1925,914,1011,3368,1646,1722,3849,1861,1988,3367,1633,1734,1924,922,1002,481,242,239,
12040,1926,914,1012,3369,1646,1723,3850,1861,1989,3369,1634,1735,1924,922,1002,481,242,239,
12045,1927,915,1012,3371,1646,1725,3853,1861,1992,3370,1634,1736,1925,922,1003,481,242,239,
12050,1927,915,1012,3372,1647,1725,3853,1861,1992,3371,1634,1737,1925,922,1003,482,243,239,
12055,1928,916,1012,3373,1648,1725,3854,1861,1993,3372,1635,1737,1927,923,1004,482,243,239,
12060,1929,916,1013,3375,1648,1727,3857,1864,1993,3374,1635,1739,1928,924,1004,482,243,239,
12065,1930,917,1013,3376,1649,1727,3858,1865,1993,3376,1635,1741,1928,924,1004,482,243,239,
12070,1931,918,1013,3378,1650,1728,3861,1866,1995,3377,1635,1742,1929,925,1004,482,243,239,
12075,1931,918,1013,3379,1651,1728,3861,1866,1995,3378,1635,1743,1929,925,1004,483,244,239,
12080,1932,919,1013,3380,1652,1728,3862,1866,1996,3379,1635,1744,1931,925,1006,483,244,239,
12085,1933,920,1013,3382,1653,1729,3865,1867,1998,3381,1636,1745,1932,926,1006,483,244,239,
12090,1934,920,1014,3383,1654,1729,3866,1868,1998,3383,1638,1745,1932,926,1006,483,244,239,
12095,1935,920,1015,3385,1655,1730,3869,1869,2000,3384,1639,1745,1933,926,1007,483,244,239,
12100,1935,920,1015,3386,1655,1731,3869,1869,2000,3385,1640,1745,1933,926,1007,484,244,240,
12105,1936,920,1016,3387,1655,1732,3870,1870,2000,3386,1640,1746,1935,926,1009,484,244,240,
12110,1937,920,1017,3389,1655,1734,3873,1870,2003,3388,1641,1747,1936,927,1009,484,244,240,
12115,1938,921,1017,3390,1655,1735,3874,1871,2003,3390,1642,1748,1936,927,1009,484,244,240,
12120,1939,922,1017,3392,1655,1737,3877,1873,2004,3391,1642,1749,1937,927,1010,484,244,240,
12125,1939,922,1017,3393,1656,1737,3877,1873,2004,3392,1642,1750,1937,927,1010,485,245,240,
12130,1940,922,1018,3394,1657,1737,3878,1873,2005,3393,1642,1751,1939,929,1010,485,245,240,
12135,1941,923,1018,3396,1658,1738,3881,1874,2007,3395,1643,1752,1940,930,1010,485,245,240,
12140,1942,924,1018,3397,1658,1739,3882,1874,2008,3397,1643,1754,1940,930,1010,485,245,240,
12145,1943,925,1018,3399,1660,1739,3885,1876,2009,3398,1644,1754,1941,930,1011,485,245,240,
12150,1943,925,1018,3400,1661,1739,3885,1876,2009,3399,1645,1754,1941,930,1011,486,246,240,
12155,1944,925,1019,3401,1661,1740,3886,1877,2009,3400,1645,1755,1943,931,1012,486,246,240,
12160,1945,925,1020,3403,1661,1742,3889,1880,2009,3402,1646,1756,1944,932,1012,486,246,240,
12165,1946,926,1020,3404,1662,1742,3890,1881,2009,3404,1648,1756,1944,932,1012,486,246,240,
12170,1947,926,1021,3406,1663,1743,3893,1882,2011,3405,1648,1757,1945,933,1012,486,246,240,
12175,1947,926,1021,3407,1663,1744,3893,1882,2011,3406,1649,1757,1945,933,1012,487,246,241,
12180,1948,927,1021,3408,1664,1744,3894,1882,2012,3407,1649,1758,1947,933,1014,487,246,241,
12185,1949,927,1022,3410,1665,1745,3897,1884,2013,3409,1650,1759,1948,933,1015,487,246,241,
12190,1950,927,1023,3411,1666,1745,3898,1884,2014,3411,1651,1760,1948,933,1015,487,246,241,
12195,1951,928,1023,3413,1667,1746,3901,1887,2014,3412,1652,1760,1949,933,1016,487,246,241,
12200,1951,928,1023,3414,1668,1746,3901,1887,2014,3413,1652,1761,1949,933,1016,488,246,242,
12205,1952,928,1024,3415,1669,1746,3902,1887,2015,3414,1652,1762,1951,935,1016,488,246,242,
12210,1953,928,1025,3417,1670,1747,3905,1889,2016,3416,1654,1762,1952,936,1016,488,246,242,
12215,1954,929,1025,3418,1670,1748,3906,1889,2017,3418,1654,1764,1952,936,1016,488,246,242,
12220,1955,930,1025,3420,1672,1748,3909,1891,2018,3419,1655,1764,1953,937,1016,488,246,242,
12225,1955,930,1025,3421,1673,1748,3909,1891,2018,3420,1655,1765,1953,937,1016,489,247,242,
12230,1956,931,1025,3422,1674,1748,3910,1892,2018,3421,1656,1765,1955,937,1018,489,247,242,
12235,1957,931,1026,3424,1675,1749,3913,1894,2019,3423,1657,1766,1956,938,1018,489,247,242,
12240,1958,932,1026,3425,1675,1750,3914,1895,2019,3425,1659,1766,1956,938,1018,489,247,242,
12245,1959,933,1026,3427,1675,1752,3917,1896,2021,3426,1660,1766,1957,938,1019,489,247,242,
12250,1959,933,1026,3428,1675,1753,3917,1896,2021,3427,1660,1767,1957,938,1019,490,247,243,
12255,1960,934,1026,3429,1675,1754,3918,1896,2022,3428,1661,1767,1959,939,1020,490,247,243,
12260,1961,934,1027,3431,1675,1756,3921,1898,2023,3430,1661,1769,1960,940,1020,490,247,243,
12265,1962,934,1028,3432,1675,1757,3922,1899,2023,3432,1661,1771,1960,940,1020,490,247,243,
12270,1963,934,1029,3434,1675,1759,3925,1899,2026,3433,1661,1772,1961,940,1021,490,247,243,
12275,1963,934,1029,3435,1676,1759,3925,1899,2026,3434,1661,1773,1961,940,1021,491,248,243,
12280,1964,935,1029,3436,1677,1759,3926,1900,2026,3435,1662,1773,1963,941,1022,491,248,243,
12285,1965,935,1030,3438,1677,1761,3929,1903,2026,3437,1663,1774,1964,942,1022,491,248,243,
12290,1966,936,1030,3439,1677,1762,3930,1904,2026,3439,1665,1774,1964,942,1022,491,248,243,
12295,1967,936,1031,3441,1677,1764,3933,1905,2028,3440,1665,1775,1965,942,1023,491,248,243,
12300,1967,936,1031,3442,1677,1765,3933,1905,2028,3441,1665,1776,1965,942,1023,492,248,244,
12305,1968,936,1032,3443,1677,1766,3934,1905,2029,3442,1666,1776,1967,943,1024,492,248,244,
12310,1969,937,1032,3445,1678,1767,3937,1908,2029,3444,1668,1776,1968,944,1024,492,248,244,
12315,1970,937,1033,3446,1678,1768,3938,1909,2029,3446,1668,1778,1968,944,1024,492,248,244,
12320,1971,937,1034,3448,1678,1770,3941,1910,2031,3447,1669,1778,1969,944,1025,492,248,244,
12325,1971,937,1034,3449,1678,1771,3941,1910,2031,3448,1670,1778,1969,944,1025,493,248,245,
12330,1972,938,1034,3450,1678,1772,3942,1910,2032,3449,1671,1778,1971,945,1026,493,248,245,
12335,1973,938,1035,3452,1679,1773,3945,1911,2034,3451,1671,1780,1972,945,1027,493,248,245,
12340,1974,938,1036,3453,1679,1774,3946,1911,2035,3453,1671,1782,1972,945,1027,493,248,245,
12345,1975,939,1036,3455,1680,1775,3949,1912,2037,3454,1671,1783,1973,945,1028,493,248,245,
12350,1975,939,1036,3456,1681,1775,3949,1912,2037,3455,1671,1784,1973,945,1028,494,248,246,
12355,1976,940,1036,3457,1682,1775,3950,1912,2038,3456,1671,1785,1975,947,1028,494,248,246,
12360,1977,941,1036,3459,1682,1777,3953,1914,2039,3458,1673,1785,1976,947,1029,494,248,246,
12365,1978,942,1036,3460,1683,1777,3954,1914,2040,3460,1675,1785,1976,947,1029,494,248,246,
12370,1979,942,1037,3462,1685,1777,3957,1915,2042,3461,1676,1785,1977,947,1030,494,248,246,
12375,1979,942,1037,3463,1686,1777,3957,1915,2042,3462,1677,1785,1977,947,1030,495,248,247,
12380,1980,942,1038,3464,1687,1777,3958,1916,2042,3463,1677,1786,1979,947,1032,495,248,247,
12385,1981,942,1039,3466,1688,1778,3961,1918,2043,3465,1679,1786,1980,947,1033,495,248,247,
12390,1982,943,1039,3467,1689,1778,3962,1919,2043,3467,1679,1788,1980,947,1033,495,248,247,
12395,1983,943,1040,3469,1691,1778,3965,1922,2043,3468,1679,1789,1981,948,1033,495,248,247,
12400,1983,943,1040,3470,1692,1778,3965,1922,2043,3469,1680,1789,1981,948,1033,496,249,247,
12405,1984,944,1040,3471,1692,1779,3966,1922,2044,3470,1681,1789,1983,949,1034,496,249,247,
12410,1985,944,1041,3473,1693,1780,3969,1923,2046,3472,1682,1790,1984,950,1034,496,249,247,
12415,1986,945,1041,3474,1693,1781,3970,1924,2046,3474,1682,1792,1984,950,1034,496,249,247,
12420,1987,946,1041,3476,1694,1782,3973,1926,2047,3475,1683,1792,1985,950,1035,496,249,247,
12425,1987,946,1041,3477,1694,1783,3973,1926,2047,3476,1683,1793,1985,950,1035,497,249,248,
12430,1988,946,1042,3478,1695,1783,3974,1927,2047,3477,1684,1793,1987,950,1037,497,249,248,
12435,1989,947,1042,3480,1697,1783,3977,1928,2049,3479,1685,1794,1988,951,1037,497,249,248,
12440,1990,947,1043,3481,1697,1784,3978,1928,2050,3481,1685,1796,1988,951,1037,497,249,248,
12445,1991,947,1044,3483,1697,1786,3981,1929,2052,3482,1685,1797,1989,952,1037,497,249,248,
12450,1991,947,1044,3484,1698,1786,3981,1929,2052,3483,1686,1797,1989,952,1037,498,249,249,
12455,1992,948,1044,3485,1699,1786,3982,1929,2053,3484,1686,1798,1991,952,1039,498,249,249,
12460,1993,948,1045,3487,1701,1786,3985,1930,2055,3486,1687,1799,1992,952,1040,498,249,249,
12465,1994,949,1045,3488,1702,1786,3986,1930,2056,3488,1688,1800,1992,952,1040,498,249,249,
12470,1995,950,1045,3490,1703,1787,3989,1930,2059,3489,1689,1800,1993,952,1041,498,249,249,
12475,1995,950,1045,3491,1703,1788,3989,1930,2059,3490,1690,1800,1993,952,1041,499,249,250,
12480,1996,950,1046,3492,1704,1788,3990,1930,2060,3491,1691,1800,1995,952,1043,499,249,250,
12485,1997,950,1047,3494,1705,1789,3993,1931,2062,3493,1692,1801,1996,953,1043,499,249,250,
12490,1998,950,1048,3495,1706,1789,3994,1931,2063,3495,1694,1801,1996,953,1043,499,249,250,
12495,1999,951,1048,3497,1708,1789,3997,1932,2065,3496,1695,1801,1997,953,1044,499,249,250,
12500,1999,951,1048,3498,1709,1789,3997,1932,2065,3497,1695,1802,1997,953,1044,500,249,251,
12505,2000,952,1048,3499,1710,1789,3998,1932,2066,3498,1696,1802,1999,955,1044,500,249,251,
12510,2001,952,1049,3501,1711,1790,4001,1933,2068,3500,1697,1803,2000,955,1045,500,249,251,
12515,2002,953,1049,3502,1711,1791,4002,1933,2069,3502,1699,1803,2000,955,1045,500,249,251,
12520,2003,953,1050,3504,1713,1791,4005,1935,2070,3503,1699,1804,2001,955,1046,500,249,251,
12525,2003,953,1050,3505,1713,1792,4005,1935,2070,3504,1700,1804,2001,955,1046,501,250,251,
12530,2004,954,1050,3506,1713,1793,4006,1935,2071,3505,1700,1805,2003,957,1046,501,250,251,
12535,2005,955,1050,3508,1713,1795,4009,1936,2073,3507,1700,1807,2004,958,1046,501,250,251,
12540,2006,956,1050,3509,1714,1795,4010,1936,2074,3509,1701,1808,2004,958,1046,501,250,251,
12545,2007,956,1051,3511,1716,1795,4013,1938,2075,3510,1702,1808,2005,958,1047,501,250,251,
12550,2007,956,1051,3512,1716,1796,4013,1938,2075,3511,1703,1808,2005,958,1047,502,251,251,
12555,2008,957,1051,3513,1716,1797,4014,1939,2075,3512,1703,1809,2007,959,1048,502,251,251,
12560,2009,957,1052,3515,1716,1799,4017,1941,2076,3514,1704,1810,2008,960,1048,502,251,251,
12565,2010,958,1052,3516,1716,1800,4018,1942,2076,3516,1705,1811,2008,960,1048,502,251,251,
12570,2011,958,1053,3518,1717,1801,4021,1944,2077,3517,1706,1811,2009,961,1048,502,251,251,
12575,2011,958,1053,3519,1717,1802,4021,1944,2077,3518,1707,1811,2009,961,1048,503,251,252,
12580,2012,959,1053,3520,1718,1802,4022,1944,2078,3519,1707,1812,2011,963,1048,503,251,252,
12585,2013,959,1054,3522,1720,1802,4025,1945,2080,3521,1708,1813,2012,964,1048,503,251,252,
12590,2014,959,1055,3523,1720,1803,4026,1946,2080,3523,1710,1813,2012,964,1048,503,251,252,
12595,2015,959,1056,3525,1722,1803,4029,1948,2081,3524,1710,1814,2013,964,1049,503,251,252,
12600,2015,959,1056,3526,1723,1803,4029,1948,2081,3525,1711,1814,2013,964,1049,504,251,253,
12605,2016,959,1057,3527,1724,1803,4030,1949,2081,3526,1711,1815,2015,966,1049,504,251,253,
12610,2017,959,1058,3529,1726,1803,4033,1951,2082,3528,1713,1815,2016,966,1050,504,251,253,
12615,2018,960,1058,3530,1727,1803,4034,1951,2083,3530,1714,1816,2016,966,1050,504,251,253,
12620,2019,961,1058,3532,1729,1803,4037,1954,2083,3531,1715,1816,2017,966,1051,504,251,253,
12625,2019,961,1058,3533,1729,1804,4037,1954,2083,3532,1715,1817,2017,966,1051,505,252,253,
12630,2020,962,1058,3534,1729,1805,4038,1955,2083,3533,1716,1817,2019,967,1052,505,252,253,
12635,2021,963,1058,3536,1730,1806,4041,1957,2084,3535,1716,1819,2020,967,1053,505,252,253,
12640,2022,964,1058,3537,1730,1807,4042,1957,2085,3537,1718,1819,2020,967,1053,505,252,253,
12645,2023,965,1058,3539,1732,1807,4045,1959,2086,3538,1718,1820,2021,968,1053,505,252,253,
12650,2023,965,1058,3540,1733,1807,4045,1959,2086,3539,1719,1820,2021,968,1053,506,253,253,
12655,2024,965,1059,3541,1733,1808,4046,1960,2086,3540,1720,1820,2023,970,1053,506,253,253,
12660,2025,965,1060,3543,1734,1809,4049,1962,2087,3542,1721,1821,2024,971,1053,506,253,253,
12665,2026,965,1061,3544,1735,1809,4050,1962,2088,3544,1721,1823,2024,971,1053,506,253,253,
12670,2027,966,1061,3546,1736,1810,4053,1963,2090,3545,1721,1824,2025,971,1054,506,253,253,
12675,2027,966,1061,3547,1736,1811,4053,1963,2090,3546,1721,1825,2025,971,1054,507,254,253,
12680,2028,966,1062,3548,1737,1811,4054,1964,2090,3547,1721,1826,2027,972,1055,507,254,253,
12685,2029,967,1062,3550,1738,1812,4057,1966,2091,3549,1721,1828,2028,973,1055,507,254,253,
12690,2030,967,1063,3551,1739,1812,4058,1967,2091,3551,1723,1828,2028,973,1055,507,254,253,
12695,2031,967,1064,3553,1740,1813,4061,1969,2092,3552,1723,1829,2029,973,1056,507,254,253,
12700,2031,967,1064,3554,1741,1813,4061,1969,2092,3553,1723,1830,2029,973,1056,508,254,254,
12705,2032,967,1065,3555,1742,1813,4062,1969,2093,3554,1724,1830,2031,975,1056,508,254,254,
12710,2033,967,1066,3557,1744,1813,4065,1971,2094,3556,1725,1831,2032,976,1056,508,254,254,
12715,2034,968,1066,3558,1744,1814,4066,1972,2094,3558,1725,1833,2032,976,1056,508,254,254,
12720,2035,968,1067,3560,1744,1816,4069,1974,2095,3559,1726,1833,2033,977,1056,508,254,254,
12725,2035,968,1067,3561,1744,1817,4069,1974,2095,3560,1726,1834,2033,977,1056,509,254,255,
12730,2036,968,1068,3562,1745,1817,4070,1975,2095,3561,1726,1835,2035,978,1057,509,254,255,
12735,2037,969,1068,3564,1746,1818,4073,1977,2096,3563,1727,1836,2036,978,1058,509,254,255,
12740,2038,970,1068,3565,1747,1818,4074,1978,2096,3565,1727,1838,2036,978,1058,509,254,255,
12745,2039,970,1069,3567,1748,1819,4077,1980,2097,3566,1728,1838,2037,978,1059,509,254,255,
12750,2039,970,1069,3568,1749,1819,4077,1980,2097,3567,1728,1839,2037,978,1059,510,254,256,
12755,2040,970,1070,3569,1749,1820,4078,1980,2098,3568,1729,1839,2039,979,1060,510,254,256,
12760,2041,970,1071,3571,1750,1821,4081,1980,2101,3570,1729,1841,2040,980,1060,510,254,256,
12765,2042,971,1071,3572,1750,1822,4082,1981,2101,3572,1730,1842,2040,980,1060,510,254,256,
12770,2043,972,1071,3574,1752,1822,4085,1984,2101,3573,1730,1843,2041,981,1060,510,254,256,
12775,2043,972,1071,3575,1752,1823,4085,1984,2101,3574,1731,1843,2041,981,1060,511,255,256,
12780,2044,973,1071,3576,1752,1824,4086,1985,2101,3575,1732,1843,2043,981,1062,511,255,256,
12785,2045,973,1072,3578,1754,1824,4089,1987,2102,3577,1732,1845,2044,981,1063,511,255,256,
12790,2046,974,1072,3579,1754,1825,4090,1988,2102,3579,1733,1846,2044,981,1063,511,255,256,
12795,2047,975,1072,3581,1755,1826,4093,1989,2104,3580,1734,1846,2045,981,1064,511,255,256,
12800,2047,975,1072,3582,1756,1826,4093,1989,2104,3581,1735,1846,2045,981,1064,512,256,256,
12805,2048,976,1072,3583,1756,1827,4094,1990,2104,3582,1735,1847,2047,981,1066,512,256,256,
12810,2049,977,1072,3585,1757,1828,4097,1992,2105,3584,1737,1847,2048,981,1067,512,256,256,
12815,2050,978,1072,3586,1758,1828,4098,1992,2106,3586,1738,1848,2048,981,1067,512,256,256,
12820,2051,978,1073,3588,1759,1829,4101,1993,2108,3587,1738,1849,2049,981,1068,512,256,256,
12825,2051,978,1073,3589,1759,1830,4101,1993,2108,3588,1738,1850,2049,981,1068,513,257,256,
12830,2052,978,1074,3590,1760,1830,4102,1993,2109,3589,1739,1850,2051,981,1070,513,257,256,
12835,2053,979,1074,3592,1762,1830,4105,1994,2111,3591,1740,1851,2052,981,1071,513,257,256,
12840,2054,980,1074,3593,1762,1831,4106,1994,2112,3593,1741,1852,2052,981,1071,513,257,256,
12845,2055,980,1075,3595,1763,1832,4109,1994,2115,3594,1742,1852,2053,982,1071,513,257,256,
12850,2055,980,1075,3596,1763,1833,4109,1994,2115,3595,1742,1853,2053,982,1071,514,258,256,
12855,2056,980,1076,3597,1763,1834,4110,1994,2116,3596,1742,1854,2055,983,1072,514,258,256,
12860,2057,980,1077,3599,1765,1834,4113,1995,2118,3598,1743,1855,2056,983,1073,514,258,256,
12865,2058,980,1078,3600,1766,1834,4114,1995,2119,3600,1743,1857,2056,983,1073,514,258,256,
12870,2059,980,1079,3602,1768,1834,4117,1997,2120,3601,1743,1858,2057,984,1073,514,258,256,
12875,2059,980,1079,3603,1768,1835,4117,1997,2120,3602,1743,1859,2057,984,1073,515,258,257,
12880,2060,981,1079,3604,1768,1836,4118,1997,2121,3603,1744,1859,2059,985,1074,515,258,257,
12885,2061,982,1079,3606,1769,1837,4121,1998,2123,3605,1745,1860,2060,986,1074,515,258,257,
12890,2062,983,1079,3607,1769,1838,4122,1999,2123,3607,1747,1860,2060,986,1074,515,258,257,
12895,2063,983,1080,3609,1770,1839,4125,2001,2124,3608,1748,1860,2061,987,1074,515,258,257,
12900,2063,983,1080,3610,1771,1839,4125,2001,2124,3609,1749,1860,2061,987,1074,516,258,258,
12905,2064,984,1080,3611,1772,1839,4126,2002,2124,3610,1750,1860,2063,989,1074,516,258,258,
12910,2065,985,1080,3613,1772,1841,4129,2003,2126,3612,1751,1861,2064,989,1075,516,258,258,
12915,2066,985,1081,3614,1773,1841,4130,2004,2126,3614,1753,1861,2064,989,1075,516,258,258,
12920,2067,985,1082,3616,1775,1841,4133,2006,2127,3615,1753,1862,2065,990,1075,516,258,258,
12925,2067,985,1082,3617,1776,1841,4133,2006,2127,3616,1753,1863,2065,990,1075,517,258,259,
12930,2068,986,1082,3618,1776,1842,4134,2007,2127,3617,1753,1864,2067,992,1075,517,258,259,
12935,2069,987,1082,3620,1777,1843,4137,2009,2128,3619,1755,1864,2068,992,1076,517,258,259,
12940,2070,988,1082,3621,1777,1844,4138,2010,2128,3621,1755,1866,2068,992,1076,517,258,259,
12945,2071,989,1082,3623,1777,1846,4141,2011,2130,3622,1756,1866,2069,992,1077,517,258,259,
12950,2071,989,1082,3624,1778,1846,4141,2011,2130,3623,1757,1866,2069,992,1077,518,258,260,
12955,2072,990,1082,3625,1779,1846,4142,2012,2130,3624,1758,1866,2071,994,1077,518,258,260,
12960,2073,990,1083,3627,1780,1847,4145,2012,2133,3626,1760,1866,2072,995,1077,518,258,260,
12965,2074,990,1084,3628,1780,1848,4146,2013,2133,3628,1762,1866,2072,995,1077,518,258,260,
12970,2075,990,1085,3630,1780,1850,4149,2014,2135,3629,1762,1867,2073,996,1077,518,258,260,
12975,2075,990,1085,3631,1781,1850,4149,2014,2135,3630,1762,1868,2073,996,1077,519,258,261,
12980,2076,991,1085,3632,1782,1850,4150,2015,2135,3631,1762,1869,2075,996,1079,519,258,261,
12985,2077,992,1085,3634,1784,1850,4153,2018,2135,3633,1763,1870,2076,996,1080,519,258,261,
12990,2078,992,1086,3635,1785,1850,4154,2018,2136,3635,1763,1872,2076,996,1080,519,258,261,
12995,2079,993,1086,3637,1787,1850,4157,2020,2137,3636,1764,1872,2077,996,1081,519,258,261,
13000,2079,993,1086,3638,1788,1850,4157,2020,2137,3637,1764,1873,2077,996,1081,520,259,261,
13005,2080,994,1086,3639,1788,1851,4158,2021,2137,3638,1764,1874,2079,998,1081,520,259,261,
13010,2081,994,1087,3641,1788,1853,4161,2023,2138,3640,1764,1876,2080,999,1081,520,259,261,
13015,2082,995,1087,3642,1789,1853,4162,2024,2138,3642,1766,1876,2080,999,1081,520,259,261,
13020,2083,996,1087,3644,1791,1853,4165,2027,2138,3643,1766,1877,2081,1000,1081,520,259,261,
13025,2083,996,1087,3645,1792,1853,4165,2027,2138,3644,1766,1878,2081,1000,1081,521,260,261,
13030,2084,997,1087,3646,1792,1854,4166,2028,2138,3645,1767,1878,2083,1000,1083,521,260,261,
13035,2085,998,1087,3648,1793,1855,4169,2030,2139,3647,1768,1879,2084,1001,1083,521,260,261,
13040,2086,999,1087,3649,1794,1855,4170,2030,2140,3649,1769,1880,2084,1001,1083,521,260,261,
13045,2087,999,1088,3651,1795,1856,4173,2032,2141,3650,1770,1880,2085,1001,1084,521,260,261,
13050,2087,999,1088,3652,1795,1857,4173,2032,2141,3651,1770,1881,2085,1001,1084,522,260,262,
13055,2088,1000,1088,3653,1795,1858,4174,2032,2142,3652,1771,1881,2087,1002,1085,522,260,262,
13060,2089,1000,1089,3655,1797,1858,4177,2033,2144,3654,1771,1883,2088,1002,1086,522,260,262,
13065,2090,1000,1090,3656,1797,1859,4178,2034,2144,3656,1771,1885,2088,1002,1086,522,260,262,
13070,2091,1000,1091,3658,1797,1861,4181,2036,2145,3657,1771,1886,2089,1002,1087,522,260,262,
13075,2091,1000,1091,3659,1798,1861,4181,2036,2145,3658,1772,1886,2089,1002,1087,523,260,263,
13080,2092,1001,1091,3660,1799,1861,4182,2036,2146,3659,1773,1886,2091,1002,1089,523,260,263,
13085,2093,1002,1091,3662,1801,1861,4185,2038,2147,3661,1773,1888,2092,1003,1089,523,260,263,
13090,2094,1003,1091,3663,1802,1861,4186,2038,2148,3663,1775,1888,2092,1003,1089,523,260,263,
13095,2095,1003,1092,3665,1803,1862,4189,2039,2150,3664,1776,1888,2093,1003,1090,523,260,263,
13100,2095,1003,1092,3666,1803,1863,4189,2039,2150,3665,1777,1888,2093,1003,1090,524,261,263,
13105,2096,1003,1093,3667,1803,1864,4190,2039,2151,3666,1778,1888,2095,1003,1092,524,261,263,
13110,2097,1004,1093,3669,1804,1865,4193,2042,2151,3668,1778,1890,2096,1003,1093,524,261,263,
13115,2098,1005,1093,3670,1804,1866,4194,2042,2152,3670,1779,1891,2096,1003,1093,524,261,263,
13120,2099,1005,1094,3672,1805,1867,4197,2044,2153,3671,1780,1891,2097,1004,1093,524,261,263,
13125,2099,1005,1094,3673,1805,1868,4197,2044,2153,3672,1781,1891,2097,1004,1093,525,262,263,
13130,2100,1005,1095,3674,1805,1869,4198,2044,2154,3673,1782,1891,2099,1004,1095,525,262,263,
13135,2101,1006,1095,3676,1806,1870,4201,2044,2157,3675,1783,1892,2100,1005,1095,525,262,263,
13140,2102,1006,1096,3677,1807,1870,4202,2044,2158,3677,1784,1893,2100,1005,1095,525,262,263,
13145,2103,1007,1096,3679,1808,1871,4205,2046,2159,3678,1784,1894,2101,1005,1096,525,262,263,
13150,2103,1007,1096,3680,1809,1871,4205,2046,2159,3679,1785,1894,2101,1005,1096,526,263,263,
13155,2104,1007,1097,3681,1810,1871,4206,2047,2159,3680,1786,1894,2103,1005,1098,526,263,263,
13160,2105,1007,1098,3683,1810,1873,4209,2049,2160,3682,1787,1895,2104,1006,1098,526,263,263,
13165,2106,1008,1098,3684,1810,1874,4210,2050,2160,3684,1789,1895,2104,1006,1098,526,263,263,
13170,2107,1008,1099,3686,1812,1874,4213,2051,2162,3685,1790,1895,2105,1006,1099,526,263,263,
13175,2107,1008,1099,3687,1813,1874,4213,2051,2162,3686,1790,1896,2105,1006,1099,527,263,264,
13180,2108,1009,1099,3688,1814,1874,4214,2052,2162,3687,1790,1897,2107,1007,1100,527,263,264,
13185,2109,1010,1099,3690,1815,1875,4217,2053,2164,3689,1791,1898,2108,1008,1100,527,263,264,
13190,2110,1011,1099,3691,1815,1876,4218,2053,2165,3691,1791,1900,2108,1008,1100,527,263,264,
13195,2111,1011,1100,3693,1817,1876,4221,2054,2167,3692,1791,1901,2109,1008,1101,527,263,264,
13200,2111,1011,1100,3694,1817,1877,4221,2054,2167,3693,1791,1902,2109,1008,1101,528,264,264,
13205,2112,1012,1100,3695,1817,1878,4222,2054,2168,3694,1792,1902,2111,1009,1102,528,264,264,
13210,2113,1013,1100,3697,1817,1880,4225,2055,2170,3696,1794,1902,2112,1009,1103,528,264,264,
13215,2114,1014,1100,3698,1818,1880,4226,2055,2171,3698,1796,1902,2112,1009,1103,528,264,264,
13220,2115,1015,1100,3700,1819,1881,4229,2055,2174,3699,1796,1903,2113,1010,1103,528,264,264,
13225,2115,1015,1100,3701,1820,1881,4229,2055,2174,3700,1797,1903,2113,1010,1103,529,264,265,
13230,2116,1016,1100,3702,1821,1881,4230,2055,2175,3701,1797,1904,2115,1011,1104,529,264,265,
13235,2117,1017,1100,3704,1822,1882,4233,2057,2176,3703,1798,1905,2116,1012,1104,529,264,265,
13240,2118,1018,1100,3705,1822,1883,4234,2057,2177,3705,1799,1906,2116,1012,1104,529,264,265,
13245,2119,1019,1100,3707,1823,1884,4237,2059,2178,3706,1800,1906,2117,1012,1105,529,264,265,
13250,2119,1019,1100,3708,1823,1885,4237,2059,2178,3707,1801,1906,2117,1012,1105,530,264,266,
13255,2120,1020,1100,3709,1823,1886,4238,2060,2178,3708,1801,1907,2119,1013,1106,530,264,266,
13260,2121,1021,1100,3711,1823,1888,4241,2063,2178,3710,1802,1908,2120,1013,1107,530,264,266,
13265,2122,1021,1101,3712,1823,1889,4242,2063,2179,3712,1803,1909,2120,1013,1107,530,264,266,
13270,2123,1021,1102,3714,1823,1891,4245,2065,2180,3713,1803,1910,2121,1014,1107,530,264,266,
13275,2123,1021,1102,3715,1824,1891,4245,2065,2180,3714,1804,1910,2121,1014,1107,531,265,266,
13280,2124,1021,1103,3716,1825,1891,4246,2065,2181,3715,1804,1911,2123,1016,1107,531,265,266,
13285,2125,1021,1104,3718,1826,1892,4249,2067,2182,3717,1804,1913,2124,1017,1107,531,265,266,
13290,2126,1021,1105,3719,1827,1892,4250,2067,2183,3719,1805,1914,2124,1017,1107,531,265,266,
13295,2127,1022,1105,3721,1828,1893,4253,2069,2184,3720,1806,1914,2125,1017,1108,531,265,266,
13300,2127,1022,1105,3722,1828,1894,4253,2069,2184,3721,1807,1914,2125,1017,1108,532,266,266,
13305,2128,1022,1106,3723,1829,1894,4254,2070,2184,3722,1807,1915,2127,1018,1109,532,266,266,
13310,2129,1022,1107,3725,1830,1895,4257,2070,2187,3724,1808,1916,2128,1018,1110,532,266,266,
13315,2130,1022,1108,3726,1831,1895,4258,2070,2188,3726,1808,1918,2128,1018,1110,532,266,266,
13320,2131,1023,1108,3728,1831,1897,4261,2072,2189,3727,1808,1919,2129,1019,1110,532,266,266,
13325,2131,1023,1108,3729,1831,1898,4261,2072,2189,3728,1809,1919,2129,1019,1110,533,266,267,
13330,2132,1023,1109,3730,1832,1898,4262,2073,2189,3729,1809,1920,2131,1020,1111,533,266,267,
13335,2133,1024,1109,3732,1833,1899,4265,2074,2191,3731,1811,1920,2132,1020,1112,533,266,267,
13340,2134,1024,1110,3733,1833,1900,4266,2074,2192,3733,1811,1922,2132,1020,1112,533,266,267,
13345,2135,1024,1111,3735,1834,1901,4269,2076,2193,3734,1812,1922,2133,1020,1113,533,266,267,
13350,2135,1024,1111,3736,1834,1902,4269,2076,2193,3735,1812,1923,2133,1020,1113,534,266,268,
13355,2136,1025,1111,3737,1835,1902,4270,2077,2193,3736,1813,1923,2135,1022,1113,534,266,268,
13360,2137,1026,1111,3739,1837,1902,4273,2078,2195,3738,1814,1924,2136,1022,1114,534,266,268,
13365,2138,1026,1112,3740,1838,1902,4274,2078,2196,3740,1816,1924,2136,1022,1114,534,266,268,
13370,2139,1026,1113,3742,1838,1904,4277,2078,2199,3741,1817,1924,2137,1023,1114,534,266,268,
13375,2139,1026,1113,3743,1839,1904,4277,2078,2199,3742,1818,1924,2137,1023,1114,535,267,268,
13380,2140,1026,1114,3744,1839,1905,4278,2079,2199,3743,1818,1925,2139,1024,1115,535,267,268,
13385,2141,1027,1114,3746,1841,1905,4281,2079,2202,3745,1818,1927,2140,1025,1115,535,267,268,
13390,2142,1027,1115,3747,1842,1905,4282,2079,2203,3747,1818,1929,2140,1025,1115,535,267,268,
13395,2143,1027,1116,3749,1842,1907,4285,2080,2205,3748,1818,1930,2141,1026,1115,535,267,268,
13400,2143,1027,1116,3750,1842,1908,4285,2080,2205,3749,1819,1930,2141,1026,1115,536,268,268,
13405,2144,1028,1116,3751,1842,1909,4286,2080,2206,3750,1819,1931,2143,1028,1115,536,268,268,
13410,2145,1029,1116,3753,1842,1911,4289,2082,2207,3752,1820,1932,2144,1028,1116,536,268,268,
13415,2146,1029,1117,3754,1843,1911,4290,2082,2208,3754,1822,1932,2144,1028,1116,536,268,268,
13420,2147,1029,1118,3756,1844,1912,4293,2084,2209,3755,1822,1933,2145,1028,1117,536,268,268,
13425,2147,1029,1118,3757,1845,1912,4293,2084,2209,3756,1822,1934,2145,1028,1117,537,268,269,
13430,2148,1030,1118,3758,1846,1912,4294,2084,2210,3757,1823,1934,2147,1028,1119,537,268,269,
13435,2149,1031,1118,3760,1847,1913,4297,2085,2212,3759,1824,1935,2148,1028,1120,537,268,269,
13440,2150,1031,1119,3761,1848,1913,4298,2085,2213,3761,1825,1936,2148,1028,1120,537,268,269,
13445,2151,1032,1119,3763,1850,1913,4301,2087,2214,3762,1825,1937,2149,1028,1121,537,268,269,
13450,2151,1032,1119,3764,1850,1914,4301,2087,2214,3763,1826,1937,2149,1028,1121,538,268,270,
13455,2152,1032,1120,3765,1850,1915,4302,2087,2215,3764,1826,1938,2151,1029,1122,538,268,270,
13460,2153,1033,1120,3767,1851,1916,4305,2089,2216,3766,1827,1939,2152,1030,1122,538,268,270,
13465,2154,1034,1120,3768,1852,1916,4306,2089,2217,3768,1829,1939,2152,1030,1122,538,268,270,
13470,2155,1035,1120,3770,1852,1918,4309,2091,2218,3769,1829,1940,2153,1030,1123,538,268,270,
13475,2155,1035,1120,3771,1852,1919,4309,2091,2218,3770,1829,1941,2153,1030,1123,539,268,271,
13480,2156,1035,1121,3772,1853,1919,4310,2091,2219,3771,1830,1941,2155,1030,1125,539,268,271,
13485,2157,1035,1122,3774,1854,1920,4313,2091,2222,3773,1831,1942,2156,1031,1125,539,268,271,
13490,2158,1035,1123,3775,1855,1920,4314,2091,2223,3775,1832,1943,2156,1031,1125,539,268,271,
13495,2159,1035,1124,3777,1855,1922,4317,2093,2224,3776,1832,1944,2157,1031,1126,539,268,271,
13500,2159,1035,1124,3778,1855,1923,4317,2093,2224,3777,1832,1945,2157,1031,1126,540,268,272,
13505,2160,1035,1125,3779,1856,1923,4318,2094,2224,3778,1833,1945,2159,1031,1128,540,268,272,
13510,2161,1036,1125,3781,1858,1923,4321,2094,2227,3780,1833,1947,2160,1031,1129,540,268,272,
13515,2162,1036,1126,3782,1858,1924,4322,2094,2228,3782,1833,1949,2160,1031,1129,540,268,272,
13520,2163,1037,1126,3784,1860,1924,4325,2096,2229,3783,1833,1950,2161,1031,1130,540,268,272,
13525,2163,1037,1126,3785,1861,1924,4325,2096,2229,3784,1834,1950,2161,1031,1130,541,269,272,
13530,2164,1037,1127,3786,1861,1925,4326,2096,2230,3785,1835,1950,2163,1032,1131,541,269,272,
13535,2165,1038,1127,3788,1862,1926,4329,2096,2233,3787,1835,1952,2164,1033,1131,541,269,272,
13540,2166,1039,1127,3789,1862,1927,4330,2096,2234,3789,1837,1952,2164,1033,1131,541,269,272,
13545,2167,1039,1128,3791,1863,1928,4333,2098,2235,3790,1837,1953,2165,1033,1132,541,269,272,
13550,2167,1039,1128,3792,1863,1929,4333,2098,2235,3791,1837,1954,2165,1033,1132,542,270,272,
13555,2168,1039,1129,3793,1864,1929,4334,2098,2236,3792,1838,1954,2167,1033,1134,542,270,272,
13560,2169,1039,1130,3795,1865,1930,4337,2100,2237,3794,1839,1955,2168,1034,1134,542,270,272,
13565,2170,1040,1130,3796,1865,1931,4338,2100,2238,3796,1841,1955,2168,1034,1134,542,270,272,
13570,2171,1040,1131,3798,1867,1931,4341,2101,2240,3797,1841,1956,2169,1035,1134,542,270,272,
13575,2171,1040,1131,3799,1867,1932,4341,2101,2240,3798,1842,1956,2169,1035,1134,543,271,272,
13580,2172,1041,1131,3800,1867,1933,4342,2102,2240,3799,1843,1956,2171,1036,1135,543,271,272,
13585,2173,1042,1131,3802,1868,1934,4345,2102,2243,3801,1844,1957,2172,1037,1135,543,271,272,
13590,2174,1042,1132,3803,1869,1934,4346,2103,2243,3803,1845,1958,2172,1037,1135,543,271,272,
13595,2175,1042,1133,3805,1870,1935,4349,2104,2245,3804,1845,1959,2173,1037,1136,543,271,272,
13600,2175,1042,1133,3806,1871,1935,4349,2104,2245,3805,1846,1959,2173,1037,1136,544,272,272,
13605,2176,1042,1134,3807,1872,1935,4350,2105,2245,3806,1846,1960,2175,1037,1138,544,272,272,
13610,2177,1043,1134,3809,1873,1936,4353,2106,2247,3808,1846,1962,2176,1038,1138,544,272,272,
13615,2178,1043,1135,3810,1873,1937,4354,2106,2248,3810,1847,1963,2176,1038,1138,544,272,272,
13620,2179,1043,1136,3812,1874,1938,4357,2108,2249,3811,1848,1963,2177,1038,1139,544,272,272,
13625,2179,1043,1136,3813,1874,1939,4357,2108,2249,3812,1849,1963,2177,1038,1139,545,272,273,
13630,2180,1044,1136,3814,1874,1940,4358,2109,2249,3813,1849,1964,2179,1040,1139,545,272,273,
13635,2181,1044,1137,3816,1875,1941,4361,2111,2250,3815,1850,1965,2180,1040,1140,545,272,273,
13640,2182,1045,1137,3817,1875,1942,4362,2111,2251,3817,1852,1965,2180,1040,1140,545,272,273,
13645,2183,1046,1137,3819,1876,1943,4365,2112,2253,3818,1853,1965,2181,1041,1140,545,272,273,
13650,2183,1046,1137,3820,1876,1944,4365,2112,2253,3819,1854,1965,2181,1041,1140,546,273,273,
13655,2184,1047,1137,3821,1876,1945,4366,2112,2254,3820,1855,1965,2183,1043,1140,546,273,273,
13660,2185,1047,1138,3823,1876,1947,4369,2114,2255,3822,1856,1966,2184,1043,1141,546,273,273,
13665,2186,1048,1138,3824,1877,1947,4370,2114,2256,3824,1857,1967,2184,1043,1141,546,273,273,
13670,2187,1048,1139,3826,1877,1949,4373,2116,2257,3825,1858,1967,2185,1043,1142,546,273,273,
13675,2187,1048,1139,3827,1877,1950,4373,2116,2257,3826,1859,1967,2185,1043,1142,547,273,274,
13680,2188,1049,1139,3828,1878,1950,4374,2116,2258,3827,1859,1968,2187,1043,1144,547,273,274,
13685,2189,1050,1139,3830,1879,1951,4377,2118,2259,3829,1859,1970,2188,1044,1144,547,273,274,
13690,2190,1051,1139,3831,1880,1951,4378,2118,2260,3831,1860,1971,2188,1044,1144,547,273,274,
13695,2191,1051,1140,3833,1882,1951,4381,2118,2263,3832,1860,1972,2189,1045,1144,547,273,274,
13700,2191,1051,1140,3834,1882,1952,4381,2118,2263,3833,1861,1972,2189,1045,1144,548,274,274,
13705,2192,1052,1140,3835,1882,1953,4382,2119,2263,3834,1862,1972,2191,1045,1146,548,274,274,
13710,2193,1053,1140,3837,1882,1955,4385,2121,2264,3836,1862,1974,2192,1046,1146,548,274,274,
13715,2194,1054,1140,3838,1882,1956,4386,2122,2264,3838,1862,1976,2192,1046,1146,548,274,274,
13720,2195,1055,1140,3840,1882,1958,4389,2123,2266,3839,1863,1976,2193,1047,1146,548,274,274,
13725,2195,1055,1140,3841,1882,1959,4389,2123,2266,3840,1864,1976,2193,1047,1146,549,275,274,
13730,2196,1056,1140,3842,1883,1959,4390,2124,2266,3841,1865,1976,2195,1047,1148,549,275,274,
13735,2197,1056,1141,3844,1885,1959,4393,2124,2269,3843,1866,1977,2196,1047,1149,549,275,274,
13740,2198,1056,1142,3845,1885,1960,4394,2124,2270,3845,1867,1978,2196,1047,1149,549,275,274,
13745,2199,1057,1142,3847,1885,1962,4397,2126,2271,3846,1868,1978,2197,1047,1150,549,275,274,
13750,2199,1057,1142,3848,1885,1963,4397,2126,2271,3847,1868,1979,2197,1047,1150,550,276,274,
13755,2200,1058,1142,3849,1885,1964,4398,2126,2272,3848,1869,1979,2199,1049,1150,550,276,274,
13760,2201,1059,1142,3851,1886,1965,4401,2128,2273,3850,1870,1980,2200,1049,1151,550,276,274,
13765,2202,1060,1142,3852,1886,1966,4402,2129,2273,3852,1872,1980,2200,1049,1151,550,276,274,
13770,2203,1060,1143,3854,1886,1968,4405,2131,2274,3853,1873,1980,2201,1050,1151,550,276,274,
13775,2203,1060,1143,3855,1886,1969,4405,2131,2274,3854,1873,1981,2201,1050,1151,551,277,274,
13780,2204,1061,1143,3856,1887,1969,4406,2131,2275,3855,1874,1981,2203,1052,1151,551,277,274,
13785,2205,1061,1144,3858,1887,1971,4409,2133,2276,3857,1875,1982,2204,1052,1152,551,277,274,
13790,2206,1062,1144,3859,1888,1971,4410,2134,2276,3859,1877,1982,2204,1052,1152,551,277,274,
13795,2207,1063,1144,3861,1889,1972,4413,2134,2279,3860,1878,1982,2205,1052,1153,551,277,274,
13800,2207,1063,1144,3862,1890,1972,4413,2134,2279,3861,1878,1983,2205,1052,1153,552,278,274,
13805,2208,1064,1144,3863,1891,1972,4414,2135,2279,3862,1878,1984,2207,1053,1154,552,278,274,
13810,2209,1064,1145,3865,1893,1972,4417,2137,2280,3864,1880,1984,2208,1053,1155,552,278,274,
13815,2210,1064,1146,3866,1893,1973,4418,2138,2280,3866,1881,1985,2208,1053,1155,552,278,274,
13820,2211,1065,1146,3868,1894,1974,4421,2139,2282,3867,1881,1986,2209,1053,1156,552,278,274,
13825,2211,1065,1146,3869,1894,1975,4421,2139,2282,3868,1882,1986,2209,1053,1156,553,278,275,
13830,2212,1066,1146,3870,1894,1976,4422,2139,2283,3869,1883,1986,2211,1053,1158,553,278,275,
13835,2213,1067,1146,3872,1895,1977,4425,2140,2285,3871,1883,1988,2212,1053,1159,553,278,275,
13840,2214,1068,1146,3873,1896,1977,4426,2141,2285,3873,1883,1990,2212,1053,1159,553,278,275,
13845,2215,1068,1147,3875,1897,1978,4429,2142,2287,3874,1883,1991,2213,1054,1159,553,278,275,
13850,2215,1068,1147,3876,1898,1978,4429,2142,2287,3875,1884,1991,2213,1054,1159,554,279,275,
13855,2216,1068,1148,3877,1899,1978,4430,2142,2288,3876,1885,1991,2215,1056,1159,554,279,275,
13860,2217,1069,1148,3879,1901,1978,4433,2144,2289,3878,1887,1991,2216,1057,1159,554,279,275,
13865,2218,1069,1149,3880,1902,1978,4434,2144,2290,3880,1888,1992,2216,1057,1159,554,279,275,
13870,2219,1070,1149,3882,1902,1980,4437,2147,2290,3881,1888,1993,2217,1057,1160,554,279,275,
13875,2219,1070,1149,3883,1903,1980,4437,2147,2290,3882,1889,1993,2217,1057,1160,555,280,275,
13880,2220,1071,1149,3884,1903,1981,4438,2147,2291,3883,1889,1994,2219,1058,1161,555,280,275,
13885,2221,1072,1149,3886,1904,1982,4441,2149,2292,3885,1889,1996,2220,1059,1161,555,280,275,
13890,2222,1072,1150,3887,1904,1983,4442,2149,2293,3887,1890,1997,2220,1059,1161,555,280,275,
13895,2223,1073,1150,3889,1905,1984,4445,2149,2296,3888,1890,1998,2221,1059,1162,555,280,275,
13900,2223,1073,1150,3890,1905,1985,4445,2149,2296,3889,1891,1998,2221,1059,1162,556,280,276,
13905,2224,1074,1150,3891,1905,1986,4446,2150,2296,3890,1892,1998,2223,1059,1164,556,280,276,
13910,2225,1074,1151,3893,1905,1988,4449,2152,2297,3892,1893,1999,2224,1059,1165,556,280,276,
13915,2226,1075,1151,3894,1905,1989,4450,2152,2298,3894,1894,2000,2224,1059,1165,556,280,276,
13920,2227,1076,1151,3896,1906,1990,4453,2153,2300,3895,1894,2001,2225,1060,1165,556,280,276,
13925,2227,1076,1151,3897,1907,1990,4453,2153,2300,3896,1894,2002,2225,1060,1165,557,280,277,
13930,2228,1076,1152,3898,1907,1991,4454,2153,2301,3897,1894,2003,2227,1061,1166,557,280,277,
13935,2229,1076,1153,3900,1908,1992,4457,2155,2302,3899,1894,2005,2228,1062,1166,557,280,277,
13940,2230,1076,1154,3901,1909,1992,4458,2156,2302,3901,1896,2005,2228,1062,1166,557,280,277,
13945,2231,1076,1155,3903,1909,1994,4461,2156,2305,3902,1897,2005,2229,1062,1167,557,280,277,
13950,2231,1076,1155,3904,1910,1994,4461,2156,2305,3903,1897,2006,2229,1062,1167,558,280,278,
13955,2232,1077,1155,3905,1910,1995,4462,2156,2306,3904,1898,2006,2231,1062,1169,558,280,278,
13960,2233,1077,1156,3907,1912,1995,4465,2157,2308,3906,1900,2006,2232,1062,1170,558,280,278,
13965,2234,1077,1157,3908,1913,1995,4466,2157,2309,3908,1901,2007,2232,1062,1170,558,280,278,
13970,2235,1077,1158,3910,1913,1997,4469,2160,2309,3909,1901,2008,2233,1063,1170,558,280,278,
13975,2235,1077,1158,3911,1914,1997,4469,2160,2309,3910,1902,2008,2233,1063,1170,559,281,278,
13980,2236,1077,1159,3912,1915,1997,4470,2160,2310,3911,1903,2008,2235,1065,1170,559,281,278,
13985,2237,1077,1160,3914,1916,1998,4473,2161,2312,3913,1905,2008,2236,1066,1170,559,281,278,
13990,2238,1078,1160,3915,1916,1999,4474,2161,2313,3915,1907,2008,2236,1066,1170,559,281,278,
13995,2239,1078,1161,3917,1917,2000,4477,2162,2315,3916,1907,2009,2237,1066,1171,559,281,278,
14000,2239,1078,1161,3918,1917,2001,4477,2162,2315,3917,1908,2009,2237,1066,1171,560,281,279,
14005,2240,1078,1162,3919,1918,2001,4478,2163,2315,3918,1909,2009,2239,1067,1172,560,281,279,
14010,2241,1079,1162,3921,1918,2003,4481,2164,2317,3920,1909,2011,2240,1067,1173,560,281,279,
14015,2242,1079,1163,3922,1918,2004,4482,2164,2318,3922,1909,2013,2240,1067,1173,560,281,279,
14020,2243,1080,1163,3924,1920,2004,4485,2164,2321,3923,1909,2014,2241,1067,1174,560,281,279,
14025,2243,1080,1163,3925,1920,2005,4485,2164,2321,3924,1909,2015,2241,1067,1174,561,281,280,
14030,2244,1080,1164,3926,1921,2005,4486,2164,2322,3925,1909,2016,2243,1069,1174,561,281,280,
14035,2245,1081,1164,3928,1922,2006,4489,2164,2325,3927,1909,2018,2244,1069,1175,561,281,280,
14040,2246,1081,1165,3929,1922,2007,4490,2165,2325,3929,1911,2018,2244,1069,1175,561,281,280,
14045,2247,1081,1166,3931,1923,2008,4493,2167,2326,3930,1911,2019,2245,1069,1176,561,281,280,
14050,2247,1081,1166,3932,1923,2009,4493,2167,2326,3931,1911,2020,2245,1069,1176,562,282,280,
14055,2248,1082,1166,3933,1924,2009,4494,2167,2327,3932,1911,2021,2247,1071,1176,562,282,280,
14060,2249,1082,1167,3935,1924,2011,4497,2169,2328,3934,1913,2021,2248,1071,1177,562,282,280,
14065,2250,1082,1168,3936,1925,2011,4498,2170,2328,3936,1914,2022,2248,1071,1177,562,282,280,
14070,2251,1082,1169,3938,1925,2013,4501,2172,2329,3937,1915,2022,2249,1072,1177,562,282,280,
14075,2251,1082,1169,3939,1926,2013,4501,2172,2329,3938,1915,2023,2249,1072,1177,563,283,280,
14080,2252,1083,1169,3940,1927,2013,4502,2172,2330,3939,1915,2024,2251,1073,1178,563,283,280,
14085,2253,1084,1169,3942,1928,2014,4505,2173,2332,3941,1915,2026,2252,1073,1179,563,283,280,
14090,2254,1085,1169,3943,1928,2015,4506,2173,2333,3943,1916,2027,2252,1073,1179,563,283,280,
14095,2255,1085,1170,3945,1929,2016,4509,2174,2335,3944,1917,2027,2253,1073,1180,563,283,280,
14100,2255,1085,1170,3946,1929,2017,4509,2174,2335,3945,1918,2027,2253,1073,1180,564,283,281,
14105,2256,1086,1170,3947,1929,2018,4510,2175,2335,3946,1919,2027,2255,1073,1182,564,283,281,
14110,2257,1087,1170,3949,1930,2019,4513,2177,2336,3948,1921,2027,2256,1074,1182,564,283,281,
14115,2258,1088,1170,3950,1930,2020,4514,2177,2337,3950,1922,2028,2256,1074,1182,564,283,281,
14120,2259,1089,1170,3952,1930,2022,4517,2178,2339,3951,1922,2029,2257,1074,1183,564,283,281,
14125,2259,1089,1170,3953,1931,2022,4517,2178,2339,3952,1923,2029,2257,1074,1183,565,284,281,
14130,2260,1090,1170,3954,1932,2022,4518,2179,2339,3953,1923,2030,2259,1074,1185,565,284,281,
14135,2261,1090,1171,3956,1932,2024,4521,2182,2339,3955,1924,2031,2260,1074,1186,565,284,281,
14140,2262,1090,1172,3957,1933,2024,4522,2182,2340,3957,1925,2032,2260,1074,1186,565,284,281,
14145,2263,1091,1172,3959,1933,2026,4525,2183,2342,3958,1925,2033,2261,1074,1187,565,284,281,
14150,2263,1091,1172,3960,1934,2026,4525,2183,2342,3959,1926,2033,2261,1074,1187,566,285,281,
14155,2264,1092,1172,3961,1935,2026,4526,2183,2343,3960,1926,2034,2263,1076,1187,566,285,281,
14160,2265,1092,1173,3963,1936,2027,4529,2184,2345,3962,1928,2034,2264,1077,1187,566,285,281,
14165,2266,1092,1174,3964,1936,2028,4530,2185,2345,3964,1928,2036,2264,1077,1187,566,285,281,
14170,2267,1092,1175,3966,1936,2030,4533,2187,2346,3965,1928,2037,2265,1078,1187,566,285,281,
14175,2267,1092,1175,3967,1937,2030,4533,2187,2346,3966,1929,2037,2265,1078,1187,567,286,281,
14180,2268,1092,1176,3968,1938,2030,4534,2188,2346,3967,1930,2037,2267,1078,1189,567,286,281,
14185,2269,1093,1176,3970,1939,2031,4537,2190,2347,3969,1931,2038,2268,1078,1190,567,286,281,
14190,2270,1094,1176,3971,1940,2031,4538,2191,2347,3971,1932,2039,2268,1078,1190,567,286,281,
14195,2271,1095,1176,3973,1941,2032,4541,2191,2350,3972,1932,2040,2269,1078,1191,567,286,281,
14200,2271,1095,1176,3974,1942,2032,4541,2191,2350,3973,1932,2041,2269,1078,1191,568,286,282,
14205,2272,1096,1176,3975,1942,2033,4542,2191,2351,3974,1933,2041,2271,1080,1191,568,286,282,
14210,2273,1097,1176,3977,1943,2034,4545,2193,2352,3976,1935,2041,2272,1081,1191,568,286,282,
14215,2274,1097,1177,3978,1944,2034,4546,2193,2353,3978,1936,2042,2272,1081,1191,568,286,282,
14220,2275,1097,1178,3980,1944,2036,4549,2194,2355,3979,1936,2043,2273,1082,1191,568,286,282,
14225,2275,1097,1178,3981,1944,2037,4549,2194,2355,3980,1936,2044,2273,1082,1191,569,287,282,
14230,2276,1097,1179,3982,1944,2038,4550,2195,2355,3981,1936,2045,2275,1082,1193,569,287,282,
14235,2277,1098,1179,3984,1944,2040,4553,2197,2356,3983,1938,2045,2276,1083,1193,569,287,282,
14240,2278,1099,1179,3985,1944,2041,4554,2197,2357,3985,1940,2045,2276,1083,1193,569,287,282,
14245,2279,1099,1180,3987,1946,2041,4557,2200,2357,3986,1941,2045,2277,1083,1194,569,287,282,
14250,2279,1099,1180,3988,1946,2042,4557,2200,2357,3987,1942,2045,2277,1083,1194,570,287,283,
14255,2280,1099,1181,3989,1946,2043,4558,2201,2357,3988,1943,2045,2279,1085,1194,570,287,283,
14260,2281,1100,1181,3991,1947,2044,4561,2201,2360,3990,1943,2047,2280,1086,1194,570,287,283,
14265,2282,1100,1182,3992,1948,2044,4562,2202,2360,3992,1944,2048,2280,1086,1194,570,287,283,
14270,2283,1101,1182,3994,1949,2045,4565,2203,2362,3993,1945,2048,2281,1086,1195,570,287,283,
14275,2283,1101,1182,3995,1949,2046,4565,2203,2362,3994,1945,2049,2281,1086,1195,571,287,284,
14280,2284,1101,1183,3996,1949,2047,4566,2203,2363,3995,1945,2050,2283,1086,1197,571,287,284,
14285,2285,1101,1184,3998,1950,2048,4569,2206,2363,3997,1946,2051,2284,1086,1198,571,287,284,
14290,2286,1102,1184,3999,1951,2048,4570,2206,2364,3999,1947,2052,2284,1086,1198,571,287,284,
14295,2287,1103,1184,4001,1951,2050,4573,2208,2365,4000,1948,2052,2285,1086,1199,571,287,284,
14300,2287,1103,1184,4002,1951,2051,4573,2208,2365,4001,1948,2053,2285,1086,1199,572,288,284,
14305,2288,1104,1184,4003,1951,2052,4574,2209,2365,4002,1949,2053,2287,1087,1200,572,288,284,
14310,2289,1104,1185,4005,1953,2052,4577,2211,2366,4004,1949,2055,2288,1088,1200,572,288,284,
14315,2290,1104,1186,4006,1953,2053,4578,2211,2367,4006,1950,2056,2288,1088,1200,572,288,284,
14320,2291,1104,1187,4008,1953,2055,4581,2213,2368,4007,1951,2056,2289,1088,1201,572,288,284,
14325,2291,1104,1187,4009,1953,2056,4581,2213,2368,4008,1951,2057,2289,1088,1201,573,288,285,
14330,2292,1104,1188,4010,1954,2056,4582,2214,2368,4009,1952,2057,2291,1090,1201,573,288,285,
14335,2293,1104,1189,4012,1955,2057,4585,2215,2370,4011,1952,2059,2292,1090,1202,573,288,285,
14340,2294,1105,1189,4013,1956,2057,4586,2215,2371,4013,1953,2060,2292,1090,1202,573,288,285,
14345,2295,1105,1190,4015,1957,2058,4589,2216,2373,4014,1954,2060,2293,1091,1202,573,288,285,
14350,2295,1105,1190,4016,1957,2059,4589,2216,2373,4015,1954,2061,2293,1091,1202,574,288,286,
14355,2296,1106,1190,4017,1957,2060,4590,2217,2373,4016,1954,2062,2295,1093,1202,574,288,286,
14360,2297,1106,1191,4019,1958,2061,4593,2217,2376,4018,1956,2062,2296,1093,1203,574,288,286,
14365,2298,1106,1192,4020,1958,2062,4594,2218,2376,4020,1956,2064,2296,1093,1203,574,288,286,
14370,2299,1107,1192,4022,1960,2062,4597,2219,2378,4021,1956,2065,2297,1094,1203,574,288,286,
14375,2299,1107,1192,4023,1960,2063,4597,2219,2378,4022,1957,2065,2297,1094,1203,575,289,286,
14380,2300,1108,1192,4024,1960,2064,4598,2219,2379,4023,1957,2066,2299,1096,1203,575,289,286,
14385,2301,1109,1192,4026,1961,2065,4601,2219,2382,4025,1958,2067,2300,1097,1203,575,289,286,
14390,2302,1109,1193,4027,1961,2066,4602,2219,2383,4027,1959,2068,2300,1097,1203,575,289,286,
14395,2303,1109,1194,4029,1963,2066,4605,2220,2385,4028,1959,2069,2301,1098,1203,575,289,286,
14400,2303,1109,1194,4030,1964,2066,4605,2220,2385,4029,1960,2069,2301,1098,1203,576,290,286,
14405,2304,1110,1194,4031,1965,2066,4606,2220,2386,4030,1960,2070,2303,1099,1204,576,290,286,
14410,2305,1111,1194,4033,1966,2067,4609,2220,2389,4032,1961,2071,2304,1100,1204,576,290,286,
14415,2306,1112,1194,4034,1967,2067,4610,2220,2390,4034,1962,2072,2304,1100,1204,576,290,286,
14420,2307,1113,1194,4036,1968,2068,4613,2221,2392,4035,1962,2073,2305,1101,1204,576,290,286,
14425,2307,1113,1194,4037,1968,2069,4613,2221,2392,4036,1962,2074,2305,1101,1204,577,291,286,
14430,2308,1114,1194,4038,1968,2070,4614,2222,2392,4037,1963,2074,2307,1102,1205,577,291,286,
14435,2309,1115,1194,4040,1969,2071,4617,2224,2393,4039,1964,2075,2308,1103,1205,577,291,286,
14440,2310,1116,1194,4041,1969,2072,4618,2224,2394,4041,1965,2076,2308,1103,1205,577,291,286,
14445,2311,1117,1194,4043,1970,2073,4621,2226,2395,4042,1966,2076,2309,1104,1205,577,291,286,
14450,2311,1117,1194,4044,1970,2074,4621,2226,2395,4043,1966,2077,2309,1104,1205,578,291,287,
14455,2312,1118,1194,4045,1971,2074,4622,2227,2395,4044,1967,2077,2311,1104,1207,578,291,287,
14460,2313,1118,1195,4047,1972,2075,4625,2228,2397,4046,1967,2079,2312,1104,1208,578,291,287,
14465,2314,1118,1196,4048,1973,2075,4626,2228,2398,4048,1968,2080,2312,1104,1208,578,291,287,
14470,2315,1119,1196,4050,1974,2076,4629,2231,2398,4049,1968,2081,2313,1105,1208,578,291,287,
14475,2315,1119,1196,4051,1974,2077,4629,2231,2398,4050,1969,2081,2313,1105,1208,579,292,287,
14480,2316,1119,1197,4052,1974,2078,4630,2232,2398,4051,1969,2082,2315,1106,1209,579,292,287,
14485,2317,1119,1198,4054,1974,2080,4633,2234,2399,4053,1971,2082,2316,1107,1209,579,292,287,
14490,2318,1119,1199,4055,1975,2080,4634,2235,2399,4055,1971,2084,2316,1107,1209,579,292,287,
14495,2319,1120,1199,4057,1976,2081,4637,2237,2400,4056,1972,2084,2317,1108,1209,579,292,287,
14500,2319,1120,1199,4058,1977,2081,4637,2237,2400,4057,1972,2085,2317,1108,1209,580,293,287,
14505,2320,1121,1199,4059,1978,2081,4638,2237,2401,4058,1973,2085,2319,1109,1210,580,293,287,
14510,2321,1122,1199,4061,1980,2081,4641,2238,2403,4060,1974,2086,2320,1109,1211,580,293,287,
14515,2322,1122,1200,4062,1980,2082,4642,2238,2404,4062,1976,2086,2320,1109,1211,580,293,287,
14520,2323,1123,1200,4064,1981,2083,4645,2240,2405,4063,1977,2086,2321,1109,1212,580,293,287,
14525,2323,1123,1200,4065,1982,2083,4645,2240,2405,4064,1977,2087,2321,1109,1212,581,293,288,
14530,2324,1123,1201,4066,1982,2084,4646,2241,2405,4065,1978,2087,2323,1110,1213,581,293,288,
14535,2325,1123,1202,4068,1983,2085,4649,2244,2405,4067,1979,2088,2324,1111,1213,581,293,288,
14540,2326,1124,1202,4069,1984,2085,4650,2244,2406,4069,1980,2089,2324,1111,1213,581,293,288,
14545,2327,1125,1202,4071,1986,2085,4653,2247,2406,4070,1980,2090,2325,1112,1213,581,293,288,
14550,2327,1125,1202,4072,1986,2086,4653,2247,2406,4071,1981,2090,2325,1112,1213,582,293,289,
14555,2328,1125,1203,4073,1987,2086,4654,2247,2407,4072,1982,2090,2327,1113,1214,582,293,289,
14560,2329,1125,1204,4075,1989,2086,4657,2248,2409,4074,1984,2090,2328,1113,1215,582,293,289,
14565,2330,1126,1204,4076,1990,2086,4658,2249,2409,4076,1984,2092,2328,1113,1215,582,293,289,
14570,2331,1127,1204,4078,1990,2088,4661,2251,2410,4077,1985,2092,2329,1113,1216,582,293,289,
14575,2331,1127,1204,4079,1991,2088,4661,2251,2410,4078,1986,2092,2329,1113,1216,583,294,289,
14580,2332,1128,1204,4080,1992,2088,4662,2251,2411,4079,1987,2092,2331,1113,1218,583,294,289,
14585,2333,1129,1204,4082,1993,2089,4665,2253,2412,4081,1989,2092,2332,1114,1218,583,294,289,
14590,2334,1129,1205,4083,1993,2090,4666,2253,2413,4083,1989,2094,2332,1114,1218,583,294,289,
14595,2335,1129,1206,4085,1993,2092,4669,2255,2414,4084,1989,2095,2333,1114,1219,583,294,289,
14600,2335,1129,1206,4086,1993,2093,4669,2255,2414,4085,1989,2096,2333,1114,1219,584,294,290,
14605,2336,1129,1207,4087,1993,2094,4670,2256,2414,4086,1989,2097,2335,1115,1220,584,294,290,
14610,2337,1129,1208,4089,1995,2094,4673,2257,2416,4088,1990,2098,2336,1116,1220,584,294,290,
14615,2338,1129,1209,4090,1996,2094,4674,2257,2417,4090,1991,2099,2336,1116,1220,584,294,290,
14620,2339,1130,1209,4092,1997,2095,4677,2257,2420,4091,1991,2100,2337,1117,1220,584,294,290,
14625,2339,1130,1209,4093,1998,2095,4677,2257,2420,4092,1991,2101,2337,1117,1220,585,295,290,
14630,2340,1131,1209,4094,1999,2095,4678,2258,2420,4093,1991,2102,2339,1118,1221,585,295,290,
14635,2341,1131,1210,4096,2000,2096,4681,2258,2423,4095,1992,2103,2340,1119,1221,585,295,290,
14640,2342,1132,1210,4097,2001,2096,4682,2258,2424,4097,1994,2103,2340,1119,1221,585,295,290,
14645,2343,1132,1211,4099,2001,2098,4685,2259,2426,4098,1995,2103,2341,1120,1221,585,295,290,
14650,2343,1132,1211,4100,2002,2098,4685,2259,2426,4099,1996,2103,2341,1120,1221,586,296,290,
14655,2344,1132,1212,4101,2002,2099,4686,2260,2426,4100,1996,2104,2343,1122,1221,586,296,290,
14660,2345,1132,1213,4103,2002,2101,4689,2261,2428,4102,1996,2106,2344,1122,1222,586,296,290,
14665,2346,1132,1214,4104,2002,2102,4690,2262,2428,4104,1997,2107,2344,1122,1222,586,296,290,
14670,2347,1132,1215,4106,2004,2102,4693,2263,2430,4105,1997,2108,2345,1123,1222,586,296,290,
14675,2347,1132,1215,4107,2005,2102,4693,2263,2430,4106,1997,2109,2345,1123,1222,587,296,291,
14680,2348,1132,1216,4108,2006,2102,4694,2264,2430,4107,1997,2110,2347,1125,1222,587,296,291,
14685,2349,1133,1216,4110,2007,2103,4697,2266,2431,4109,1998,2111,2348,1126,1222,587,296,291,
14690,2350,1134,1216,4111,2008,2103,4698,2267,2431,4111,1999,2112,2348,1126,1222,587,296,291,
14695,2351,1134,1217,4113,2009,2104,4701,2267,2434,4112,2000,2112,2349,1126,1223,587,296,291,
14700,2351,1134,1217,4114,2009,2105,4701,2267,2434,4113,2001,2112,2349,1126,1223,588,296,292,
14705,2352,1135,1217,4115,2009,2106,4702,2268,2434,4114,2001,2113,2351,1128,1223,588,296,292,
14710,2353,1136,1217,4117,2011,2106,4705,2270,2435,4116,2002,2114,2352,1129,1223,588,296,292,
14715,2354,1136,1218,4118,2012,2106,4706,2270,2436,4118,2002,2116,2352,1129,1223,588,296,292,
14720,2355,1137,1218,4120,2013,2107,4709,2271,2438,4119,2003,2116,2353,1130,1223,588,296,292,
14725,2355,1137,1218,4121,2014,2107,4709,2271,2438,4120,2004,2116,2353,1130,1223,589,297,292,
14730,2356,1138,1218,4122,2015,2107,4710,2272,2438,4121,2004,2117,2355,1130,1225,589,297,292,
14735,2357,1139,1218,4124,2015,2109,4713,2272,2441,4123,2005,2118,2356,1131,1225,589,297,292,
14740,2358,1140,1218,4125,2015,2110,4714,2272,2442,4125,2006,2119,2356,1131,1225,589,297,292,
14745,2359,1140,1219,4127,2016,2111,4717,2275,2442,4126,2007,2119,2357,1132,1225,589,297,292,
14750,2359,1140,1219,4128,2017,2111,4717,2275,2442,4127,2007,2120,2357,1132,1225,590,297,293,
14755,2360,1140,1220,4129,2017,2112,4718,2276,2442,4128,2007,2121,2359,1134,1225,590,297,293,
14760,2361,1140,1221,4131,2017,2114,4721,2277,2444,4130,2008,2122,2360,1134,1226,590,297,293,
14765,2362,1140,1222,4132,2017,2115,4722,2277,2445,4132,2008,2124,2360,1134,1226,590,297,293,
14770,2363,1141,1222,4134,2018,2116,4725,2279,2446,4133,2009,2124,2361,1134,1227,590,297,293,
14775,2363,1141,1222,4135,2018,2117,4725,2279,2446,4134,2009,2125,2361,1134,1227,591,297,294,
14780,2364,1141,1223,4136,2018,2118,4726,2280,2446,4135,2010,2125,2363,1135,1228,591,297,294,
14785,2365,1141,1224,4138,2019,2119,4729,2283,2446,4137,2011,2126,2364,1135,1229,591,297,294,
14790,2366,1142,1224,4139,2020,2119,4730,2283,2447,4139,2012,2127,2364,1135,1229,591,297,294,
14795,2367,1142,1225,4141,2022,2119,4733,2284,2449,4140,2012,2128,2365,1136,1229,591,297,294,
14800,2367,1142,1225,4142,2023,2119,4733,2284,2449,4141,2013,2128,2365,1136,1229,592,297,295,
14805,2368,1142,1226,4143,2024,2119,4734,2284,2450,4142,2013,2129,2367,1138,1229,592,297,295,
14810,2369,1142,1227,4145,2025,2120,4737,2287,2450,4144,2013,2131,2368,1138,1230,592,297,295,
14815,2370,1143,1227,4146,2026,2120,4738,2287,2451,4146,2014,2132,2368,1138,1230,592,297,295,
14820,2371,1143,1228,4148,2027,2121,4741,2290,2451,4147,2015,2132,2369,1138,1231,592,297,295,
14825,2371,1143,1228,4149,2028,2121,4741,2290,2451,4148,2015,2133,2369,1138,1231,593,298,295,
14830,2372,1144,1228,4150,2028,2122,4742,2290,2452,4149,2016,2133,2371,1139,1232,593,298,295,
14835,2373,1144,1229,4152,2029,2123,4745,2293,2452,4151,2017,2134,2372,1140,1232,593,298,295,
14840,2374,1145,1229,4153,2030,2123,4746,2293,2453,4153,2019,2134,2372,1140,1232,593,298,295,
14845,2375,1145,1230,4155,2032,2123,4749,2295,2454,4154,2019,2135,2373,1141,1232,593,298,295,
14850,2375,1145,1230,4156,2033,2123,4749,2295,2454,4155,2019,2136,2373,1141,1232,594,298,296,
14855,2376,1146,1230,4157,2034,2123,4750,2295,2455,4156,2020,2136,2375,1142,1233,594,298,296,
14860,2377,1146,1231,4159,2035,2124,4753,2297,2456,4158,2022,2136,2376,1143,1233,594,298,296,
14865,2378,1147,1231,4160,2036,2124,4754,2298,2456,4160,2022,2138,2376,1143,1233,594,298,296,
14870,2379,1148,1231,4162,2038,2124,4757,2300,2457,4161,2022,2139,2377,1144,1233,594,298,296,
14875,2379,1148,1231,4163,2039,2124,4757,2300,2457,4162,2022,2140,2377,1144,1233,595,298,297,
14880,2380,1149,1231,4164,2040,2124,4758,2300,2458,4163,2022,2141,2379,1145,1234,595,298,297,
14885,2381,1149,1232,4166,2042,2124,4761,2302,2459,4165,2022,2143,2380,1145,1235,595,298,297,
14890,2382,1150,1232,4167,2043,2124,4762,2303,2459,4167,2023,2144,2380,1145,1235,595,298,297,
14895,2383,1151,1232,4169,2043,2126,4765,2306,2459,4168,2023,2145,2381,1146,1235,595,298,297,
14900,2383,1151,1232,4170,2044,2126,4765,2306,2459,4169,2023,2146,2381,1146,1235,596,298,298,
14905,2384,1151,1233,4171,2045,2126,4766,2307,2459,4170,2024,2146,2383,1146,1237,596,298,298,
14910,2385,1151,1234,4173,2046,2127,4769,2308,2461,4172,2024,2148,2384,1146,1238,596,298,298,
14915,2386,1151,1235,4174,2047,2127,4770,2308,2462,4174,2026,2148,2384,1146,1238,596,298,298,
14920,2387,1151,1236,4176,2049,2127,4773,2308,2465,4175,2026,2149,2385,1146,1239,596,298,298,
14925,2387,1151,1236,4177,2050,2127,4773,2308,2465,4176,2026,2150,2385,1146,1239,597,299,298,
14930,2388,1152,1236,4178,2050,2128,4774,2308,2466,4177,2026,2151,2387,1146,1241,597,299,298,
14935,2389,1153,1236,4180,2051,2129,4777,2310,2467,4179,2028,2151,2388,1147,1241,597,299,298,
14940,2390,1154,1236,4181,2051,2130,4778,2310,2468,4181,2029,2152,2388,1147,1241,597,299,298,
14945,2391,1154,1237,4183,2052,2131,4781,2312,2469,4182,2029,2153,2389,1147,1242,597,299,298,
14950,2391,1154,1237,4184,2052,2132,4781,2312,2469,4183,2029,2154,2389,1147,1242,598,300,298,
14955,2392,1154,1238,4185,2053,2132,4782,2313,2469,4184,2030,2154,2391,1147,1244,598,300,298,
14960,2393,1154,1239,4187,2054,2133,4785,2314,2471,4186,2031,2155,2392,1148,1244,598,300,298,
14965,2394,1154,1240,4188,2054,2134,4786,2314,2472,4188,2031,2157,2392,1148,1244,598,300,298,
14970,2395,1155,1240,4190,2055,2135,4789,2315,2474,4189,2031,2158,2393,1149,1244,598,300,298,
14975,2395,1155,1240,4191,2055,2136,4789,2315,2474,4190,2032,2158,2393,1149,1244,599,300,299,
14980,2396,1155,1241,4192,2056,2136,4790,2316,2474,4191,2033,2158,2395,1151,1244,599,300,299,
14985,2397,1156,1241,4194,2058,2136,4793,2318,2475,4193,2034,2159,2396,1152,1244,599,300,299,
14990,2398,1156,1242,4195,2059,2136,4794,2319,2475,4195,2035,2160,2396,1152,1244,599,300,299,
14995,2399,1157,1242,4197,2060,2137,4797,2320,2477,4196,2036,2160,2397,1152,1245,599,300,299,
15000,2399,1157,1242,4198,2061,2137,4797,2320,2477,4197,2036,2161,2397,1152,1245,600,300,300,
15005,2400,1158,1242,4199,2061,2138,4798,2321,2477,4198,2037,2161,2399,1153,1246,600,300,300,
15010,2401,1159,1242,4201,2062,2139,4801,2321,2480,4200,2038,2162,2400,1154,1246,600,300,300,
15015,2402,1159,1243,4202,2062,2140,4802,2322,2480,4202,2038,2164,2400,1154,1246,600,300,300,
15020,2403,1160,1243,4204,2062,2142,4805,2324,2481,4203,2038,2165,2401,1154,1247,600,300,300,
15025,2403,1160,1243,4205,2062,2143,4805,2324,2481,4204,2039,2165,2401,1154,1247,601,301,300,
15030,2404,1160,1244,4206,2062,2144,4806,2325,2481,4205,2039,2166,2403,1155,1248,601,301,300,
15035,2405,1160,1245,4208,2062,2146,4809,2327,2482,4207,2040,2167,2404,1156,1248,601,301,300,
15040,2406,1160,1246,4209,2062,2147,4810,2327,2483,4209,2040,2169,2404,1156,1248,601,301,300,
15045,2407,1161,1246,4211,2063,2148,4813,2330,2483,4210,2041,2169,2405,1157,1248,601,301,300,
15050,2407,1161,1246,4212,2064,2148,4813,2330,2483,4211,2041,2170,2405,1157,1248,602,302,300,
15055,2408,1161,1247,4213,2065,2148,4814,2330,2484,4212,2042,2170,2407,1159,1248,602,302,300,
15060,2409,1161,1248,4215,2066,2149,4817,2332,2485,4214,2042,2172,2408,1159,1249,602,302,300,
15065,2410,1162,1248,4216,2067,2149,4818,2333,2485,4216,2043,2173,2408,1159,1249,602,302,300,
15070,2411,1163,1248,4218,2069,2149,4821,2334,2487,4217,2044,2173,2409,1160,1249,602,302,300,
15075,2411,1163,1248,4219,2069,2150,4821,2334,2487,4218,2044,2174,2409,1160,1249,603,302,301,
15080,2412,1164,1248,4220,2070,2150,4822,2335,2487,4219,2044,2175,2411,1160,1251,603,302,301,
15085,2413,1164,1249,4222,2072,2150,4825,2336,2489,4221,2044,2177,2412,1160,1252,603,302,301,
15090,2414,1164,1250,4223,2072,2151,4826,2336,2490,4223,2044,2179,2412,1160,1252,603,302,301,
15095,2415,1165,1250,4225,2072,2153,4829,2338,2491,4224,2044,2180,2413,1161,1252,603,302,301,
15100,2415,1165,1250,4226,2072,2154,4829,2338,2491,4225,2044,2181,2413,1161,1252,604,302,302,
15105,2416,1165,1251,4227,2073,2154,4830,2338,2492,4226,2045,2181,2415,1162,1253,604,302,302,
15110,2417,1165,1252,4229,2075,2154,4833,2340,2493,4228,2047,2181,2416,1162,1254,604,302,302,
15115,2418,1166,1252,4230,2076,2154,4834,2341,2493,4230,2049,2181,2416,1162,1254,604,302,302,
15120,2419,1167,1252,4232,2077,2155,4837,2343,2494,4231,2049,2182,2417,1163,1254,604,302,302,
15125,2419,1167,1252,4233,2078,2155,4837,2343,2494,4232,2050,2182,2417,1163,1254,605,303,302,
15130,2420,1167,1253,4234,2078,2156,4838,2343,2495,4233,2051,2182,2419,1164,1255,605,303,302,
15135,2421,1168,1253,4236,2080,2156,4841,2344,2497,4235,2052,2183,2420,1164,1256,605,303,302,
15140,2422,1169,1253,4237,2081,2156,4842,2344,2498,4237,2052,2185,2420,1164,1256,605,303,302,
15145,2423,1169,1254,4239,2082,2157,4845,2345,2500,4238,2052,2186,2421,1164,1257,605,303,302,
15150,2423,1169,1254,4240,2083,2157,4845,2345,2500,4239,2053,2186,2421,1164,1257,606,303,303,
15155,2424,1169,1255,4241,2083,2158,4846,2346,2500,4240,2053,2187,2423,1164,1259,606,303,303,
15160,2425,1169,1256,4243,2084,2159,4849,2347,2502,4242,2054,2188,2424,1165,1259,606,303,303,
15165,2426,1170,1256,4244,2084,2160,4850,2347,2503,4244,2056,2188,2424,1165,1259,606,303,303,
15170,2427,1171,1256,4246,2085,2161,4853,2350,2503,4245,2057,2188,2425,1166,1259,606,303,303,
15175,2427,1171,1256,4247,2085,2162,4853,2350,2503,4246,2057,2189,2425,1166,1259,607,303,304,
15180,2428,1171,1257,4248,2086,2162,4854,2351,2503,4247,2057,2190,2427,1167,1260,607,303,304,
15185,2429,1171,1258,4250,2087,2163,4857,2352,2505,4249,2058,2191,2428,1167,1261,607,303,304,
15190,2430,1171,1259,4251,2088,2163,4858,2352,2506,4251,2058,2193,2428,1167,1261,607,303,304,
15195,2431,1172,1259,4253,2088,2165,4861,2354,2507,4252,2058,2194,2429,1167,1262,607,303,304,
15200,2431,1172,1259,4254,2088,2166,4861,2354,2507,4253,2059,2194,2429,1167,1262,608,304,304,
15205,2432,1173,1259,4255,2089,2166,4862,2355,2507,4254,2060,2194,2431,1168,1263,608,304,304,
15210,2433,1174,1259,4257,2090,2167,4865,2356,2509,4256,2062,2194,2432,1169,1263,608,304,304,
15215,2434,1174,1260,4258,2091,2167,4866,2356,2510,4258,2064,2194,2432,1169,1263,608,304,304,
15220,2435,1174,1261,4260,2092,2168,4869,2358,2511,4259,2064,2195,2433,1170,1263,608,304,304,
15225,2435,1174,1261,4261,2093,2168,4869,2358,2511,4260,2065,2195,2433,1170,1263,609,304,305,
15230,2436,1175,1261,4262,2094,2168,4870,2359,2511,4261,2065,2196,2435,1171,1264,609,304,305,
15235,2437,1175,1262,4264,2095,2169,4873,2362,2511,4263,2067,2196,2436,1171,1265,609,304,305,
15240,2438,1176,1262,4265,2096,2169,4874,2362,2512,4265,2069,2196,2436,1171,1265,609,304,305,
15245,2439,1176,1263,4267,2096,2171,4877,2363,2514,4266,2069,2197,2437,1171,1266,609,304,305,
15250,2439,1176,1263,4268,2096,2172,4877,2363,2514,4267,2070,2197,2437,1171,1266,610,304,306,
15255,2440,1177,1263,4269,2097,2172,4878,2364,2514,4268,2071,2197,2439,1173,1266,610,304,306,
15260,2441,1177,1264,4271,2098,2173,4881,2366,2515,4270,2072,2198,2440,1173,1267,610,304,306,
15265,2442,1178,1264,4272,2098,2174,4882,2366,2516,4272,2073,2199,2440,1173,1267,610,304,306,
15270,2443,1178,1265,4274,2099,2175,4885,2367,2518,4273,2073,2200,2441,1174,1267,610,304,306,
15275,2443,1178,1265,4275,2100,2175,4885,2367,2518,4274,2073,2201,2441,1174,1267,611,305,306,
15280,2444,1178,1266,4276,2101,2175,4886,2367,2519,4275,2073,2202,2443,1175,1268,611,305,306,
15285,2445,1178,1267,4278,2103,2175,4889,2368,2521,4277,2074,2203,2444,1176,1268,611,305,306,
15290,2446,1179,1267,4279,2104,2175,4890,2368,2522,4279,2075,2204,2444,1176,1268,611,305,306,
15295,2447,1180,1267,4281,2104,2177,4893,2368,2525,4280,2076,2204,2445,1176,1269,611,305,306,
15300,2447,1180,1267,4282,2105,2177,4893,2368,2525,4281,2076,2205,2445,1176,1269,612,305,307,
15305,2448,1181,1267,4283,2105,2178,4894,2369,2525,4282,2076,2206,2447,1176,1271,612,305,307,
15310,2449,1182,1267,4285,2107,2178,4897,2371,2526,4284,2078,2206,2448,1176,1272,612,305,307,
15315,2450,1182,1268,4286,2108,2178,4898,2372,2526,4286,2079,2207,2448,1176,1272,612,305,307,
15320,2451,1183,1268,4288,2110,2178,4901,2373,2528,4287,2079,2208,2449,1176,1273,612,305,307,
15325,2451,1183,1268,4289,2110,2179,4901,2373,2528,4288,2079,2209,2449,1176,1273,613,306,307,
15330,2452,1184,1268,4290,2110,2180,4902,2373,2529,4289,2079,2210,2451,1177,1274,613,306,307,
15335,2453,1184,1269,4292,2110,2182,4905,2373,2532,4291,2080,2211,2452,1177,1275,613,306,307,
15340,2454,1185,1269,4293,2110,2183,4906,2374,2532,4293,2080,2213,2452,1177,1275,613,306,307,
15345,2455,1185,1270,4295,2112,2183,4909,2375,2534,4294,2081,2213,2453,1177,1276,613,306,307,
15350,2455,1185,1270,4296,2113,2183,4909,2375,2534,4295,2081,2214,2453,1177,1276,614,307,307,
15355,2456,1185,1271,4297,2114,2183,4910,2375,2535,4296,2081,2215,2455,1178,1277,614,307,307,
15360,2457,1186,1271,4299,2115,2184,4913,2377,2536,4298,2082,2216,2456,1179,1277,614,307,307,
15365,2458,1186,1272,4300,2115,2185,4914,2378,2536,4300,2083,2217,2456,1179,1277,614,307,307,
15370,2459,1186,1273,4302,2117,2185,4917,2380,2537,4301,2083,2218,2457,1179,1278,614,307,307,
15375,2459,1186,1273,4303,2117,2186,4917,2380,2537,4302,2084,2218,2457,1179,1278,615,308,307,
15380,2460,1186,1274,4304,2117,2187,4918,2380,2538,4303,2084,2219,2459,1179,1280,615,308,307,
15385,2461,1187,1274,4306,2117,2189,4921,2381,2540,4305,2084,2221,2460,1180,1280,615,308,307,
15390,2462,1188,1274,4307,2118,2189,4922,2381,2541,4307,2086,2221,2460,1180,1280,615,308,307,
15395,2463,1188,1275,4309,2119,2190,4925,2384,2541,4308,2087,2221,2461,1180,1281,615,308,307,
15400,2463,1188,1275,4310,2119,2191,4925,2384,2541,4309,2087,2222,2461,1180,1281,616,308,308,
15405,2464,1189,1275,4311,2120,2191,4926,2385,2541,4310,2087,2223,2463,1182,1281,616,308,308,
15410,2465,1190,1275,4313,2121,2192,4929,2387,2542,4312,2089,2223,2464,1183,1281,616,308,308,
15415,2466,1190,1276,4314,2122,2192,4930,2387,2543,4314,2090,2224,2464,1183,1281,616,308,308,
15420,2467,1190,1277,4316,2122,2194,4933,2389,2544,4315,2091,2224,2465,1183,1282,616,308,308,
15425,2467,1190,1277,4317,2122,2195,4933,2389,2544,4316,2091,2225,2465,1183,1282,617,308,309,
15430,2468,1191,1277,4318,2123,2195,4934,2390,2544,4317,2092,2225,2467,1184,1283,617,308,309,
15435,2469,1191,1278,4320,2125,2195,4937,2392,2545,4319,2094,2225,2468,1185,1283,617,308,309,
15440,2470,1191,1279,4321,2125,2196,4938,2393,2545,4321,2095,2226,2468,1185,1283,617,308,309,
15445,2471,1192,1279,4323,2126,2197,4941,2395,2546,4322,2095,2227,2469,1186,1283,617,308,309,
15450,2471,1192,1279,4324,2126,2198,4941,2395,2546,4323,2095,2228,2469,1186,1283,618,309,309,
15455,2472,1192,1280,4325,2126,2199,4942,2396,2546,4324,2095,2229,2471,1186,1285,618,309,309,
15460,2473,1192,1281,4327,2127,2200,4945,2396,2549,4326,2097,2229,2472,1186,1286,618,309,309,
15465,2474,1193,1281,4328,2128,2200,4946,2396,2550,4328,2098,2230,2472,1186,1286,618,309,309,
15470,2475,1193,1282,4330,2128,2202,4949,2397,2552,4329,2098,2231,2473,1187,1286,618,309,309,
15475,2475,1193,1282,4331,2129,2202,4949,2397,2552,4330,2099,2231,2473,1187,1286,619,309,310,
15480,2476,1194,1282,4332,2130,2202,4950,2398,2552,4331,2100,2231,2475,1187,1288,619,309,310,
15485,2477,1194,1283,4334,2132,2202,4953,2399,2554,4333,2102,2231,2476,1188,1288,619,309,310,
15490,2478,1195,1283,4335,2133,2202,4954,2399,2555,4335,2104,2231,2476,1188,1288,619,309,310,
15495,2479,1196,1283,4337,2133,2204,4957,2402,2555,4336,2105,2231,2477,1188,1289,619,309,310,
15500,2479,1196,1283,4338,2133,2205,4957,2402,2555,4337,2106,2231,2477,1188,1289,620,309,311,
15505,2480,1196,1284,4339,2134,2205,4958,2402,2556,4338,2107,2231,2479,1188,1291,620,309,311,
15510,2481,1197,1284,4341,2135,2206,4961,2404,2557,4340,2108,2232,2480,1188,1292,620,309,311,
15515,2482,1198,1284,4342,2135,2207,4962,2404,2558,4342,2108,2234,2480,1188,1292,620,309,311,
15520,2483,1198,1285,4344,2136,2208,4965,2406,2559,4343,2109,2234,2481,1188,1293,620,309,311,
15525,2483,1198,1285,4345,2136,2209,4965,2406,2559,4344,2109,2235,2481,1188,1293,621,309,312,
15530,2484,1199,1285,4346,2137,2209,4966,2406,2560,4345,2109,2236,2483,1189,1294,621,309,312,
15535,2485,1200,1285,4348,2138,2210,4969,2406,2563,4347,2109,2238,2484,1190,1294,621,309,312,
15540,2486,1201,1285,4349,2138,2211,4970,2406,2564,4349,2111,2238,2484,1190,1294,621,309,312,
15545,2487,1202,1285,4351,2140,2211,4973,2406,2567,4350,2111,2239,2485,1190,1295,621,309,312,
15550,2487,1202,1285,4352,2140,2212,4973,2406,2567,4351,2112,2239,2485,1190,1295,622,310,312,
15555,2488,1203,1285,4353,2141,2212,4974,2406,2568,4352,2113,2239,2487,1191,1296,622,310,312,
15560,2489,1203,1286,4355,2142,2213,4977,2408,2569,4354,2113,2241,2488,1191,1297,622,310,312,
15565,2490,1203,1287,4356,2143,2213,4978,2408,2570,4356,2113,2243,2488,1191,1297,622,310,312,
15570,2491,1204,1287,4358,2144,2214,4981,2409,2572,4357,2113,2244,2489,1191,1298,622,310,312,
15575,2491,1204,1287,4359,2145,2214,4981,2409,2572,4358,2114,2244,2489,1191,1298,623,310,313,
15580,2492,1204,1288,4360,2145,2215,4982,2410,2572,4359,2114,2245,2491,1191,1300,623,310,313,
15585,2493,1205,1288,4362,2146,2216,4985,2410,2575,4361,2116,2245,2492,1191,1301,623,310,313,
15590,2494,1206,1288,4363,2147,2216,4986,2410,2576,4363,2117,2246,2492,1191,1301,623,310,313,
15595,2495,1207,1288,4365,2148,2217,4989,2411,2578,4364,2117,2247,2493,1192,1301,623,310,313,
15600,2495,1207,1288,4366,2148,2218,4989,2411,2578,4365,2118,2247,2493,1192,1301,624,311,313,
15605,2496,1207,1289,4367,2148,2219,4990,2412,2578,4366,2119,2247,2495,1194,1301,624,311,313,
15610,2497,1207,1290,4369,2150,2219,4993,2413,2580,4368,2121,2247,2496,1194,1302,624,311,313,
15615,2498,1208,1290,4370,2150,2220,4994,2413,2581,4370,2122,2248,2496,1194,1302,624,311,313,
15620,2499,1209,1290,4372,2151,2221,4997,2413,2584,4371,2123,2248,2497,1195,1302,624,311,313,
15625,2499,1209,1290,4373,2151,2222,4997,2413,2584,4372,2123,2249,2497,1195,1302,625,311,314,
15630,2500,1210,1290,4374,2152,2222,4998,2414,2584,4373,2124,2249,2499,1196,1303,625,311,314,
15635,2501,1211,1290,4376,2153,2223,5001,2415,2586,4375,2124,2251,2500,1196,1304,625,311,314,
15640,2502,1212,1290,4377,2154,2223,5002,2416,2586,4377,2125,2252,2500,1196,1304,625,311,314,
15645,2503,1213,1290,4379,2154,2225,5005,2417,2588,4378,2125,2253,2501,1197,1304,625,311,314,
15650,2503,1213,1290,4380,2154,2226,5005,2417,2588,4379,2125,2254,2501,1197,1304,626,311,315,
15655,2504,1214,1290,4381,2155,2226,5006,2417,2589,4380,2125,2255,2503,1199,1304,626,311,315,
15660,2505,1214,1291,4383,2156,2227,5009,2419,2590,4382,2125,2257,2504,1200,1304,626,311,315,
15665,2506,1214,1292,4384,2157,2227,5010,2419,2591,4384,2127,2257,2504,1200,1304,626,311,315,
15670,2507,1215,1292,4386,2158,2228,5013,2422,2591,4385,2127,2258,2505,1200,1305,626,311,315,
15675,2507,1215,1292,4387,2159,2228,5013,2422,2591,4386,2127,2259,2505,1200,1305,627,311,316,
15680,2508,1216,1292,4388,2159,2229,5014,2423,2591,4387,2127,2260,2507,1200,1307,627,311,316,
15685,2509,1217,1292,4390,2161,2229,5017,2425,2592,4389,2128,2261,2508,1200,1308,627,311,316,
15690,2510,1217,1293,4391,2162,2229,5018,2425,2593,4391,2129,2262,2508,1200,1308,627,311,316,
15695,2511,1218,1293,4393,2164,2229,5021,2426,2595,4392,2130,2262,2509,1200,1309,627,311,316,
15700,2511,1218,1293,4394,2164,2230,5021,2426,2595,4393,2131,2262,2509,1200,1309,628,312,316,
15705,2512,1218,1294,4395,2165,2230,5022,2426,2596,4394,2132,2262,2511,1201,1310,628,312,316,
15710,2513,1218,1295,4397,2167,2230,5025,2427,2598,4396,2133,2263,2512,1202,1310,628,312,316,
15715,2514,1218,1296,4398,2168,2230,5026,2427,2599,4398,2133,2265,2512,1202,1310,628,312,316,
15720,2515,1218,1297,4400,2170,2230,5029,2427,2602,4399,2134,2265,2513,1203,1310,628,312,316,
15725,2515,1218,1297,4401,2171,2230,5029,2427,2602,4400,2134,2266,2513,1203,1310,629,313,316,
15730,2516,1219,1297,4402,2172,2230,5030,2427,2603,4401,2135,2266,2515,1205,1310,629,313,316,
15735,2517,1219,1298,4404,2172,2232,5033,2428,2605,4403,2135,2268,2516,1205,1311,629,313,316,
15740,2518,1220,1298,4405,2172,2233,5034,2428,2606,4405,2137,2268,2516,1205,1311,629,313,316,
15745,2519,1220,1299,4407,2173,2234,5037,2430,2607,4406,2137,2269,2517,1205,1312,629,313,316,
15750,2519,1220,1299,4408,2174,2234,5037,2430,2607,4407,2138,2269,2517,1205,1312,630,313,317,
15755,2520,1221,1299,4409,2175,2234,5038,2430,2608,4408,2139,2269,2519,1207,1312,630,313,317,
15760,2521,1221,1300,4411,2176,2235,5041,2432,2609,4410,2140,2270,2520,1208,1312,630,313,317,
15765,2522,1221,1301,4412,2176,2236,5042,2432,2610,4412,2140,2272,2520,1208,1312,630,313,317,
15770,2523,1222,1301,4414,2178,2236,5045,2434,2611,4413,2141,2272,2521,1208,1313,630,313,317,
15775,2523,1222,1301,4415,2179,2236,5045,2434,2611,4414,2142,2272,2521,1208,1313,631,314,317,
15780,2524,1222,1302,4416,2180,2236,5046,2434,2612,4415,2142,2273,2523,1208,1315,631,314,317,
15785,2525,1222,1303,4418,2180,2238,5049,2435,2614,4417,2143,2274,2524,1209,1315,631,314,317,
15790,2526,1223,1303,4419,2181,2238,5050,2435,2615,4419,2144,2275,2524,1209,1315,631,314,317,
15795,2527,1224,1303,4421,2182,2239,5053,2436,2617,4420,2144,2276,2525,1210,1315,631,314,317,
15800,2527,1224,1303,4422,2183,2239,5053,2436,2617,4421,2144,2277,2525,1210,1315,632,315,317,
15805,2528,1225,1303,4423,2183,2240,5054,2436,2618,4422,2144,2278,2527,1212,1315,632,315,317,
15810,2529,1226,1303,4425,2184,2241,5057,2437,2620,4424,2144,2280,2528,1213,1315,632,315,317,
15815,2530,1226,1304,4426,2185,2241,5058,2438,2620,4426,2146,2280,2528,1213,1315,632,315,317,
15820,2531,1226,1305,4428,2186,2242,5061,2438,2623,4427,2146,2281,2529,1214,1315,632,315,317,
15825,2531,1226,1305,4429,2186,2243,5061,2438,2623,4428,2146,2282,2529,1214,1315,633,316,317,
15830,2532,1226,1306,4430,2187,2243,5062,2438,2624,4429,2146,2283,2531,1215,1316,633,316,317,
15835,2533,1226,1307,4432,2188,2244,5065,2439,2626,4431,2147,2284,2532,1216,1316,633,316,317,
15840,2534,1227,1307,4433,2188,2245,5066,2439,2627,4433,2148,2285,2532,1216,1316,633,316,317,
15845,2535,1228,1307,4435,2189,2246,5069,2442,2627,4434,2148,2286,2533,1217,1316,633,316,317,
15850,2535,1228,1307,4436,2190,2246,5069,2442,2627,4435,2148,2287,2533,1217,1316,634,316,318,
15855,2536,1228,1308,4437,2190,2247,5070,2443,2627,4436,2148,2288,2535,1217,1318,634,316,318,
15860,2537,1228,1309,4439,2192,2247,5073,2445,2628,4438,2148,2290,2536,1218,1318,634,316,318,
15865,2538,1228,1310,4440,2193,2247,5074,2446,2628,4440,2148,2292,2536,1218,1318,634,316,318,
15870,2539,1229,1310,4442,2194,2248,5077,2448,2629,4441,2148,2293,2537,1219,1318,634,316,318,
15875,2539,1229,1310,4443,2195,2248,5077,2448,2629,4442,2148,2294,2537,1219,1318,635,316,319,
15880,2540,1230,1310,4444,2195,2249,5078,2448,2630,4443,2148,2295,2539,1221,1318,635,316,319,
15885,2541,1231,1310,4446,2196,2250,5081,2449,2632,4445,2148,2297,2540,1222,1318,635,316,319,
15890,2542,1231,1311,4447,2197,2250,5082,2450,2632,4447,2149,2298,2540,1222,1318,635,316,319,
15895,2543,1232,1311,4449,2199,2250,5085,2450,2635,4448,2150,2298,2541,1223,1318,635,316,319,
15900,2543,1232,1311,4450,2199,2251,5085,2450,2635,4449,2150,2299,2541,1223,1318,636,317,319,
15905,2544,1232,1312,4451,2200,2251,5086,2450,2636,4450,2150,2300,2543,1224,1319,636,317,319,
15910,2545,1233,1312,4453,2201,2252,5089,2451,2638,4452,2152,2300,2544,1224,1320,636,317,319,
15915,2546,1233,1313,4454,2201,2253,5090,2451,2639,4454,2153,2301,2544,1224,1320,636,317,319,
15920,2547,1233,1314,4456,2203,2253,5093,2453,2640,4455,2154,2301,2545,1225,1320,636,317,319,
15925,2547,1233,1314,4457,2204,2253,5093,2453,2640,4456,2154,2302,2545,1225,1320,637,318,319,
15930,2548,1234,1314,4458,2205,2253,5094,2454,2640,4457,2155,2302,2547,1225,1322,637,318,319,
15935,2549,1235,1314,4460,2206,2254,5097,2457,2640,4459,2156,2303,2548,1226,1322,637,318,319,
15940,2550,1236,1314,4461,2206,2255,5098,2457,2641,4461,2157,2304,2548,1226,1322,637,318,319,
15945,2551,1236,1315,4463,2208,2255,5101,2459,2642,4462,2157,2305,2549,1226,1323,637,318,319,
15950,2551,1236,1315,4464,2208,2256,5101,2459,2642,4463,2157,2306,2549,1226,1323,638,318,320,
15955,2552,1237,1315,4465,2209,2256,5102,2459,2643,4464,2158,2306,2551,1227,1324,638,318,320,
15960,2553,1237,1316,4467,2210,2257,5105,2461,2644,4466,2159,2307,2552,1228,1324,638,318,320,
15965,2554,1237,1317,4468,2210,2258,5106,2461,2645,4468,2160,2308,2552,1228,1324,638,318,320,
15970,2555,1237,1318,4470,2210,2260,5109,2463,2646,4469,2160,2309,2553,1229,1324,638,318,320,
15975,2555,1237,1318,4471,2210,2261,5109,2463,2646,4470,2161,2309,2553,1229,1324,639,319,320,
15980,2556,1238,1318,4472,2210,2262,5110,2464,2646,4471,2161,2310,2555,1230,1325,639,319,320,
15985,2557,1239,1318,4474,2211,2263,5113,2467,2646,4473,2163,2310,2556,1230,1326,639,319,320,
15990,2558,1239,1319,4475,2212,2263,5114,2467,2647,4475,2164,2311,2556,1230,1326,639,319,320,
15995,2559,1239,1320,4477,2213,2264,5117,2469,2648,4476,2164,2312,2557,1230,1327,639,319,320,
16000,2559,1239,1320,4478,2213,2265,5117,2469,2648,4477,2165,2312,2557,1230,1327,640,320,320,
16005,2560,1239,1321,4479,2214,2265,5118,2469,2649,4478,2165,2313,2559,1230,1329,640,320,320,
16010,2561,1240,1321,4481,2215,2266,5121,2471,2650,4480,2166,2314,2560,1231,1329,640,320,320,
16015,2562,1241,1321,4482,2216,2266,5122,2472,2650,4482,2166,2316,2560,1231,1329,640,320,320,
16020,2563,1241,1322,4484,2218,2266,5125,2473,2652,4483,2167,2316,2561,1232,1329,640,320,320,
16025,2563,1241,1322,4485,2218,2267,5125,2473,2652,4484,2168,2316,2561,1232,1329,641,320,321,
16030,2564,1241,1323,4486,2219,2267,5126,2474,2652,4485,2169,2316,2563,1234,1329,641,320,321,
16035,2565,1241,1324,4488,2220,2268,5129,2477,2652,4487,2169,2318,2564,1235,1329,641,320,321,
16040,2566,1241,1325,4489,2220,2269,5130,2478,2652,4489,2169,2320,2564,1235,1329,641,320,321,
16045,2567,1241,1326,4491,2220,2271,5133,2480,2653,4490,2170,2320,2565,1235,1330,641,320,321,
16050,2567,1241,1326,4492,2221,2271,5133,2480,2653,4491,2171,2320,2565,1235,1330,642,320,322,
16055,2568,1241,1327,4493,2221,2272,5134,2480,2654,4492,2171,2321,2567,1237,1330,642,320,322,
16060,2569,1242,1327,4495,2222,2273,5137,2482,2655,4494,2172,2322,2568,1237,1331,642,320,322,
16065,2570,1243,1327,4496,2222,2274,5138,2482,2656,4496,2173,2323,2568,1237,1331,642,320,322,
16070,2571,1243,1328,4498,2222,2276,5141,2483,2658,4497,2174,2323,2569,1238,1331,642,320,322,
16075,2571,1243,1328,4499,2223,2276,5141,2483,2658,4498,2175,2323,2569,1238,1331,643,320,323,
16080,2572,1243,1329,4500,2223,2277,5142,2483,2659,4499,2176,2323,2571,1239,1332,643,320,323,
16085,2573,1244,1329,4502,2223,2279,5145,2484,2661,4501,2177,2324,2572,1240,1332,643,320,323,
16090,2574,1244,1330,4503,2224,2279,5146,2485,2661,4503,2178,2325,2572,1240,1332,643,320,323,
16095,2575,1245,1330,4505,2224,2281,5149,2486,2663,4504,2178,2326,2573,1240,1333,643,320,323,
16100,2575,1245,1330,4506,2225,2281,5149,2486,2663,4505,2178,2327,2573,1240,1333,644,321,323,
16105,2576,1245,1331,4507,2226,2281,5150,2486,2664,4506,2178,2328,2575,1241,1334,644,321,323,
16110,2577,1245,1332,4509,2227,2282,5153,2487,2666,4508,2179,2329,2576,1241,1335,644,321,323,
16115,2578,1246,1332,4510,2227,2283,5154,2488,2666,4510,2180,2330,2576,1241,1335,644,321,323,
16120,2579,1246,1333,4512,2228,2284,5157,2489,2668,4511,2181,2330,2577,1242,1335,644,321,323,
16125,2579,1246,1333,4513,2228,2285,5157,2489,2668,4512,2181,2331,2577,1242,1335,645,322,323,
16130,2580,1246,1334,4514,2228,2286,5158,2489,2669,4513,2181,2332,2579,1243,1336,645,322,323,
16135,2581,1247,1334,4516,2228,2288,5161,2490,2671,4515,2182,2333,2580,1244,1336,645,322,323,
16140,2582,1248,1334,4517,2228,2289,5162,2491,2671,4517,2183,2334,2580,1244,1336,645,322,323,
16145,2583,1248,1335,4519,2230,2289,5165,2492,2673,4518,2183,2335,2581,1245,1336,645,322,323,
16150,2583,1248,1335,4520,2231,2289,5165,2492,2673,4519,2183,2336,2581,1245,1336,646,322,324,
16155,2584,1249,1335,4521,2232,2289,5166,2493,2673,4520,2184,2336,2583,1246,1337,646,322,324,
16160,2585,1250,1335,4523,2232,2291,5169,2494,2675,4522,2185,2337,2584,1246,1338,646,322,324,
16165,2586,1250,1336,4524,2233,2291,5170,2494,2676,4524,2186,2338,2584,1246,1338,646,322,324,
16170,2587,1251,1336,4526,2233,2293,5173,2497,2676,4525,2186,2339,2585,1246,1339,646,322,324,
16175,2587,1251,1336,4527,2233,2294,5173,2497,2676,4526,2186,2340,2585,1246,1339,647,323,324,
16180,2588,1251,1337,4528,2233,2295,5174,2497,2677,4527,2187,2340,2587,1247,1340,647,323,324,
16185,2589,1252,1337,4530,2235,2295,5177,2499,2678,4529,2189,2340,2588,1248,1340,647,323,324,
16190,2590,1253,1337,4531,2236,2295,5178,2500,2678,4531,2189,2342,2588,1248,1340,647,323,324,
16195,2591,1254,1337,4533,2237,2296,5181,2501,2680,4532,2190,2342,2589,1249,1340,647,323,324,
16200,2591,1254,1337,4534,2238,2296,5181,2501,2680,4533,2190,2343,2589,1249,1340,648,324,324,
16205,2592,1255,1337,4535,2239,2296,5182,2502,2680,4534,2190,2344,2591,1249,1342,648,324,324,
16210,2593,1256,1337,4537,2240,2297,5185,2503,2682,4536,2191,2345,2592,1249,1343,648,324,324,
16215,2594,1257,1337,4538,2241,2297,5186,2503,2683,4538,2193,2345,2592,1249,1343,648,324,324,
16220,2595,1258,1337,4540,2242,2298,5189,2505,2684,4539,2194,2345,2593,1249,1344,648,324,324,
16225,2595,1258,1337,4541,2243,2298,5189,2505,2684,4540,2194,2346,2593,1249,1344,649,324,325,
16230,2596,1258,1338,4542,2244,2298,5190,2505,2685,4541,2194,2347,2595,1249,1346,649,324,325,
16235,2597,1258,1339,4544,2245,2299,5193,2506,2687,4543,2194,2349,2596,1250,1346,649,324,325,
16240,2598,1258,1340,4545,2245,2300,5194,2506,2688,4545,2194,2351,2596,1250,1346,649,324,325,
16245,2599,1258,1341,4547,2246,2301,5197,2508,2689,4546,2195,2351,2597,1250,1347,649,324,325,
16250,2599,1258,1341,4548,2247,2301,5197,2508,2689,4547,2196,2351,2597,1250,1347,650,324,326,
16255,2600,1258,1342,4549,2247,2302,5198,2509,2689,4548,2196,2352,2599,1252,1347,650,324,326,
16260,2601,1258,1343,4551,2249,2302,5201,2510,2691,4550,2197,2353,2600,1252,1348,650,324,326,
16265,2602,1258,1344,4552,2249,2303,5202,2510,2692,4552,2198,2354,2600,1252,1348,650,324,326,
16270,2603,1259,1344,4554,2249,2305,5205,2511,2694,4553,2198,2355,2601,1253,1348,650,324,326,
16275,2603,1259,1344,4555,2249,2306,5205,2511,2694,4554,2198,2356,2601,1253,1348,651,324,327,
16280,2604,1260,1344,4556,2249,2307,5206,2511,2695,4555,2198,2357,2603,1254,1349,651,324,327,
16285,2605,1261,1344,4558,2250,2308,5209,2514,2695,4557,2198,2359,2604,1255,1349,651,324,327,
16290,2606,1261,1345,4559,2250,2309,5210,2514,2696,4559,2199,2360,2604,1255,1349,651,324,327,
16295,2607,1261,1346,4561,2251,2310,5213,2517,2696,4560,2199,2361,2605,1256,1349,651,324,327,
16300,2607,1261,1346,4562,2252,2310,5213,2517,2696,4561,2199,2362,2605,1256,1349,652,325,327,
16305,2608,1261,1347,4563,2253,2310,5214,2517,2697,4562,2199,2363,2607,1256,1351,652,325,327,
16310,2609,1261,1348,4565,2254,2311,5217,2520,2697,4564,2200,2364,2608,1257,1351,652,325,327,
16315,2610,1262,1348,4566,2254,2312,5218,2521,2697,4566,2201,2365,2608,1257,1351,652,325,327,
16320,2611,1263,1348,4568,2255,2313,5221,2521,2700,4567,2201,2366,2609,1257,1352,652,325,327,
16325,2611,1263,1348,4569,2255,2314,5221,2521,2700,4568,2202,2366,2609,1257,1352,653,325,328,
16330,2612,1264,1348,4570,2256,2314,5222,2522,2700,4569,2202,2367,2611,1259,1352,653,325,328,
16335,2613,1264,1349,4572,2257,2315,5225,2522,2703,4571,2203,2368,2612,1260,1352,653,325,328,
16340,2614,1264,1350,4573,2257,2316,5226,2522,2704,4573,2205,2368,2612,1260,1352,653,325,328,
16345,2615,1264,1351,4575,2258,2317,5229,2524,2705,4574,2205,2369,2613,1260,1353,653,325,328,
16350,2615,1264,1351,4576,2258,2318,5229,2524,2705,4575,2205,2370,2613,1260,1353,654,325,329,
16355,2616,1264,1352,4577,2258,2319,5230,2525,2705,4576,2206,2370,2615,1261,1354,654,325,329,
16360,2617,1264,1353,4579,2258,2321,5233,2527,2706,4578,2207,2371,2616,1262,1354,654,325,329,
16365,2618,1264,1354,4580,2259,2321,5234,2528,2706,4580,2207,2373,2616,1262,1354,654,325,329,
16370,2619,1264,1355,4582,2259,2323,5237,2529,2708,4581,2207,2374,2617,1262,1355,654,325,329,
16375,2619,1264,1355,4583,2259,2324,5237,2529,2708,4582,2207,2375,2617,1262,1355,655,325,330,
16380,2620,1264,1356,4584,2259,2325,5238,2529,2709,4583,2208,2375,2619,1263,1356,655,325,330,
16385,2621,1264,1357,4586,2260,2326,5241,2531,2710,4585,2210,2375,2620,1264,1356,655,325,330,
16390,2622,1264,1358,4587,2261,2326,5242,2531,2711,4587,2211,2376,2620,1264,1356,655,325,330,
16395,2623,1264,1359,4589,2262,2327,5245,2532,2713,4588,2211,2377,2621,1264,1357,655,325,330,
16400,2623,1264,1359,4590,2263,2327,5245,2532,2713,4589,2211,2378,2621,1264,1357,656,326,330,
16405,2624,1265,1359,4591,2264,2327,5246,2532,2714,4590,2212,2378,2623,1265,1358,656,326,330,
16410,2625,1265,1360,4593,2265,2328,5249,2534,2715,4592,2213,2379,2624,1266,1358,656,326,330,
16415,2626,1265,1361,4594,2265,2329,5250,2535,2715,4594,2213,2381,2624,1266,1358,656,326,330,
16420,2627,1265,1362,4596,2265,2331,5253,2538,2715,4595,2213,2382,2625,1266,1359,656,326,330,
16425,2627,1265,1362,4597,2265,2332,5253,2538,2715,4596,2214,2382,2625,1266,1359,657,326,331,
16430,2628,1266,1362,4598,2265,2333,5254,2538,2716,4597,2215,2382,2627,1266,1361,657,326,331,
16435,2629,1266,1363,4600,2267,2333,5257,2540,2717,4599,2217,2382,2628,1267,1361,657,326,331,
16440,2630,1266,1364,4601,2267,2334,5258,2540,2718,4601,2218,2383,2628,1267,1361,657,326,331,
16445,2631,1267,1364,4603,2269,2334,5261,2543,2718,4602,2218,2384,2629,1267,1362,657,326,331,
16450,2631,1267,1364,4604,2270,2334,5261,2543,2718,4603,2219,2384,2629,1267,1362,658,326,332,
16455,2632,1268,1364,4605,2270,2335,5262,2544,2718,4604,2219,2385,2631,1268,1363,658,326,332,
16460,2633,1268,1365,4607,2271,2336,5265,2546,2719,4606,2221,2385,2632,1268,1364,658,326,332,
16465,2634,1268,1366,4608,2271,2337,5266,2546,2720,4608,2221,2387,2632,1268,1364,658,326,332,
16470,2635,1269,1366,4610,2273,2337,5269,2549,2720,4609,2221,2388,2633,1268,1365,658,326,332,
16475,2635,1269,1366,4611,2274,2337,5269,2549,2720,4610,2221,2389,2633,1268,1365,659,326,333,
16480,2636,1269,1367,4612,2275,2337,5270,2549,2721,4611,2221,2390,2635,1269,1366,659,326,333,
16485,2637,1270,1367,4614,2277,2337,5273,2551,2722,4613,2221,2392,2636,1269,1367,659,326,333,
16490,2638,1270,1368,4615,2278,2337,5274,2551,2723,4615,2221,2394,2636,1269,1367,659,326,333,
16495,2639,1271,1368,4617,2279,2338,5277,2553,2724,4616,2222,2394,2637,1269,1368,659,326,333,
16500,2639,1271,1368,4618,2279,2339,5277,2553,2724,4617,2223,2394,2637,1269,1368,660,327,333,
16505,2640,1271,1369,4619,2279,2340,5278,2554,2724,4618,2223,2395,2639,1270,1369,660,327,333,
16510,2641,1271,1370,4621,2281,2340,5281,2554,2727,4620,2223,2397,2640,1271,1369,660,327,333,
16515,2642,1272,1370,4622,2282,2340,5282,2555,2727,4622,2225,2397,2640,1271,1369,660,327,333,
16520,2643,1272,1371,4624,2283,2341,5285,2555,2730,4623,2226,2397,2641,1271,1370,660,327,333,
16525,2643,1272,1371,4625,2283,2342,5285,2555,2730,4624,2227,2397,2641,1271,1370,661,328,333,
16530,2644,1272,1372,4626,2284,2342,5286,2556,2730,4625,2228,2397,2643,1271,1372,661,328,333,
16535,2645,1273,1372,4628,2286,2342,5289,2558,2731,4627,2228,2399,2644,1272,1372,661,328,333,
16540,2646,1273,1373,4629,2287,2342,5290,2558,2732,4629,2229,2400,2644,1272,1372,661,328,333,
16545,2647,1273,1374,4631,2288,2343,5293,2560,2733,4630,2229,2401,2645,1273,1372,661,328,333,
16550,2647,1273,1374,4632,2288,2344,5293,2560,2733,4631,2230,2401,2645,1273,1372,662,328,334,
16555,2648,1273,1375,4633,2289,2344,5294,2561,2733,4632,2231,2401,2647,1274,1373,662,328,334,
16560,2649,1274,1375,4635,2290,2345,5297,2563,2734,4634,2231,2403,2648,1275,1373,662,328,334,
16565,2650,1275,1375,4636,2290,2346,5298,2563,2735,4636,2232,2404,2648,1275,1373,662,328,334,
16570,2651,1275,1376,4638,2290,2348,5301,2563,2738,4637,2233,2404,2649,1275,1374,662,328,334,
16575,2651,1275,1376,4639,2291,2348,5301,2563,2738,4638,2233,2405,2649,1275,1374,663,329,334,
16580,2652,1275,1377,4640,2292,2348,5302,2563,2739,4639,2233,2406,2651,1276,1375,663,329,334,
16585,2653,1276,1377,4642,2293,2349,5305,2565,2740,4641,2234,2407,2652,1276,1376,663,329,334,
16590,2654,1276,1378,4643,2293,2350,5306,2566,2740,4643,2234,2409,2652,1276,1376,663,329,334,
16595,2655,1277,1378,4645,2295,2350,5309,2567,2742,4644,2234,2410,2653,1276,1377,663,329,334,
16600,2655,1277,1378,4646,2296,2350,5309,2567,2742,4645,2234,2411,2653,1276,1377,664,329,335,
16605,2656,1277,1379,4647,2297,2350,5310,2567,2743,4646,2234,2412,2655,1278,1377,664,329,335,
16610,2657,1277,1380,4649,2297,2352,5313,2568,2745,4648,2235,2413,2656,1279,1377,664,329,335,
16615,2658,1277,1381,4650,2297,2353,5314,2569,2745,4650,2237,2413,2656,1279,1377,664,329,335,
16620,2659,1277,1382,4652,2298,2354,5317,2571,2746,4651,2237,2414,2657,1280,1377,664,329,335,
16625,2659,1277,1382,4653,2299,2354,5317,2571,2746,4652,2238,2414,2657,1280,1377,665,329,336,
16630,2660,1278,1382,4654,2300,2354,5318,2572,2746,4653,2239,2414,2659,1282,1377,665,329,336,
16635,2661,1279,1382,4656,2302,2354,5321,2575,2746,4655,2241,2414,2660,1282,1378,665,329,336,
16640,2662,1279,1383,4657,2303,2354,5322,2576,2746,4657,2242,2415,2660,1282,1378,665,329,336,
16645,2663,1280,1383,4659,2304,2355,5325,2578,2747,4658,2243,2415,2661,1282,1379,665,329,336,
16650,2663,1280,1383,4660,2304,2356,5325,2578,2747,4659,2244,2415,2661,1282,1379,666,329,337,
16655,2664,1280,1384,4661,2304,2357,5326,2578,2748,4660,2245,2415,2663,1283,1380,666,329,337,
16660,2665,1281,1384,4663,2305,2358,5329,2579,2750,4662,2246,2416,2664,1283,1381,666,329,337,
16665,2666,1281,1385,4664,2305,2359,5330,2580,2750,4664,2247,2417,2664,1283,1381,666,329,337,
16670,2667,1282,1385,4666,2305,2361,5333,2582,2751,4665,2247,2418,2665,1284,1381,666,329,337,
16675,2667,1282,1385,4667,2305,2362,5333,2582,2751,4666,2247,2419,2665,1284,1381,667,330,337,
16680,2668,1283,1385,4668,2305,2363,5334,2583,2751,4667,2247,2420,2667,1286,1381,667,330,337,
16685,2669,1284,1385,4670,2306,2364,5337,2584,2753,4669,2247,2422,2668,1287,1381,667,330,337,
16690,2670,1284,1386,4671,2307,2364,5338,2584,2754,4671,2248,2423,2668,1287,1381,667,330,337,
16695,2671,1285,1386,4673,2307,2366,5341,2586,2755,4672,2248,2424,2669,1287,1382,667,330,337,
16700,2671,1285,1386,4674,2307,2367,5341,2586,2755,4673,2249,2424,2669,1287,1382,668,330,338,
16705,2672,1285,1387,4675,2307,2368,5342,2587,2755,4674,2250,2424,2671,1288,1383,668,330,338,
16710,2673,1286,1387,4677,2307,2370,5345,2587,2758,4676,2251,2425,2672,1288,1384,668,330,338,
16715,2674,1287,1387,4678,2307,2371,5346,2588,2758,4678,2251,2427,2672,1288,1384,668,330,338,
16720,2675,1288,1387,4680,2307,2373,5349,2589,2760,4679,2251,2428,2673,1289,1384,668,330,338,
16725,2675,1288,1387,4681,2307,2374,5349,2589,2760,4680,2251,2429,2673,1289,1384,669,331,338,
16730,2676,1289,1387,4682,2307,2375,5350,2590,2760,4681,2252,2429,2675,1290,1385,669,331,338,
16735,2677,1290,1387,4684,2309,2375,5353,2593,2760,4683,2252,2431,2676,1291,1385,669,331,338,
16740,2678,1291,1387,4685,2309,2376,5354,2594,2760,4685,2252,2433,2676,1291,1385,669,331,338,
16745,2679,1291,1388,4687,2310,2377,5357,2595,2762,4686,2252,2434,2677,1291,1386,669,331,338,
16750,2679,1291,1388,4688,2311,2377,5357,2595,2762,4687,2252,2435,2677,1291,1386,670,332,338,
16755,2680,1291,1389,4689,2312,2377,5358,2596,2762,4688,2253,2435,2679,1292,1387,670,332,338,
16760,2681,1292,1389,4691,2313,2378,5361,2596,2765,4690,2254,2436,2680,1292,1388,670,332,338,
16765,2682,1292,1390,4692,2313,2379,5362,2596,2766,4692,2255,2437,2680,1292,1388,670,332,338,
16770,2683,1292,1391,4694,2314,2380,5365,2597,2768,4693,2255,2438,2681,1293,1388,670,332,338,
16775,2683,1292,1391,4695,2315,2380,5365,2597,2768,4694,2255,2439,2681,1293,1388,671,332,339,
16780,2684,1293,1391,4696,2316,2380,5366,2598,2768,4695,2255,2440,2683,1294,1389,671,332,339,
16785,2685,1293,1392,4698,2317,2381,5369,2601,2768,4697,2256,2441,2684,1294,1390,671,332,339,
16790,2686,1294,1392,4699,2317,2382,5370,2602,2768,4699,2257,2442,2684,1294,1390,671,332,339,
16795,2687,1294,1393,4701,2319,2382,5373,2603,2770,4700,2258,2442,2685,1295,1390,671,332,339,
16800,2687,1294,1393,4702,2319,2383,5373,2603,2770,4701,2258,2443,2685,1295,1390,672,333,339,
16805,2688,1294,1394,4703,2319,2384,5374,2604,2770,4702,2258,2444,2687,1297,1390,672,333,339,
16810,2689,1294,1395,4705,2321,2384,5377,2606,2771,4704,2260,2444,2688,1297,1391,672,333,339,
16815,2690,1294,1396,4706,2322,2384,5378,2607,2771,4706,2260,2446,2688,1297,1391,672,333,339,
16820,2691,1294,1397,4708,2324,2384,5381,2609,2772,4707,2261,2446,2689,1298,1391,672,333,339,
16825,2691,1294,1397,4709,2325,2384,5381,2609,2772,4708,2261,2447,2689,1298,1391,673,333,340,
16830,2692,1294,1398,4710,2326,2384,5382,2610,2772,4709,2261,2448,2691,1300,1391,673,333,340,
16835,2693,1294,1399,4712,2326,2386,5385,2612,2773,4711,2262,2449,2692,1301,1391,673,333,340,
16840,2694,1295,1399,4713,2326,2387,5386,2613,2773,4713,2262,2451,2692,1301,1391,673,333,340,
16845,2695,1295,1400,4715,2326,2389,5389,2615,2774,4714,2263,2451,2693,1301,1392,673,333,340,
16850,2695,1295,1400,4716,2327,2389,5389,2615,2774,4715,2263,2452,2693,1301,1392,674,333,341,
16855,2696,1295,1401,4717,2328,2389,5390,2615,2775,4716,2264,2452,2695,1301,1394,674,333,341,
16860,2697,1295,1402,4719,2328,2391,5393,2616,2777,4718,2265,2453,2696,1302,1394,674,333,341,
16865,2698,1296,1402,4720,2329,2391,5394,2617,2777,4720,2267,2453,2696,1302,1394,674,333,341,
16870,2699,1297,1402,4722,2330,2392,5397,2619,2778,4721,2268,2453,2697,1302,1395,674,333,341,
16875,2699,1297,1402,4723,2331,2392,5397,2619,2778,4722,2268,2454,2697,1302,1395,675,334,341,
16880,2700,1297,1403,4724,2331,2393,5398,2619,2779,4723,2268,2455,2699,1303,1396,675,334,341,
16885,2701,1297,1404,4726,2331,2395,5401,2621,2780,4725,2269,2456,2700,1304,1396,675,334,341,
16890,2702,1298,1404,4727,2331,2396,5402,2622,2780,4727,2271,2456,2700,1304,1396,675,334,341,
16895,2703,1299,1404,4729,2331,2398,5405,2623,2782,4728,2271,2457,2701,1305,1396,675,334,341,
16900,2703,1299,1404,4730,2331,2399,5405,2623,2782,4729,2271,2458,2701,1305,1396,676,334,342,
16905,2704,1300,1404,4731,2332,2399,5406,2623,2783,4730,2271,2459,2703,1305,1398,676,334,342,
16910,2705,1300,1405,4733,2333,2400,5409,2625,2784,4732,2272,2460,2704,1305,1399,676,334,342,
16915,2706,1300,1406,4734,2333,2401,5410,2625,2785,4734,2272,2462,2704,1305,1399,676,334,342,
16920,2707,1301,1406,4736,2335,2401,5413,2626,2787,4735,2273,2462,2705,1306,1399,676,334,342,
16925,2707,1301,1406,4737,2335,2402,5413,2626,2787,4736,2274,2462,2705,1306,1399,677,334,343,
16930,2708,1302,1406,4738,2335,2403,5414,2626,2788,4737,2274,2463,2707,1308,1399,677,334,343,
16935,2709,1303,1406,4740,2336,2404,5417,2627,2790,4739,2274,2465,2708,1309,1399,677,334,343,
16940,2710,1303,1407,4741,2337,2404,5418,2628,2790,4741,2275,2466,2708,1309,1399,677,334,343,
16945,2711,1304,1407,4743,2338,2405,5421,2629,2792,4742,2275,2467,2709,1309,1400,677,334,343,
16950,2711,1304,1407,4744,2339,2405,5421,2629,2792,4743,2276,2467,2709,1309,1400,678,335,343,
16955,2712,1304,1408,4745,2340,2405,5422,2629,2793,4744,2276,2468,2711,1309,1402,678,335,343,
16960,2713,1304,1409,4747,2341,2406,5425,2629,2796,4746,2276,2470,2712,1309,1403,678,335,343,
16965,2714,1305,1409,4748,2342,2406,5426,2629,2797,4748,2277,2471,2712,1309,1403,678,335,343,
16970,2715,1305,1410,4750,2343,2407,5429,2630,2799,4749,2278,2471,2713,1309,1404,678,335,343,
16975,2715,1305,1410,4751,2344,2407,5429,2630,2799,4750,2278,2472,2713,1309,1404,679,335,344,
16980,2716,1306,1410,4752,2345,2407,5430,2630,2800,4751,2279,2472,2715,1309,1406,679,335,344,
16985,2717,1306,1411,4754,2347,2407,5433,2632,2801,4753,2281,2472,2716,1309,1407,679,335,344,
16990,2718,1307,1411,4755,2347,2408,5434,2633,2801,4755,2281,2474,2716,1309,1407,679,335,344,
16995,2719,1307,1412,4757,2348,2409,5437,2634,2803,4756,2282,2474,2717,1310,1407,679,335,344,
17000,2719,1307,1412,4758,2348,2410,5437,2634,2803,4757,2282,2475,2717,1310,1407,680,335,345,
17005,2720,1307,1413,4759,2348,2411,5438,2635,2803,4758,2283,2475,2719,1310,1409,680,335,345,
17010,2721,1308,1413,4761,2350,2411,5441,2635,2806,4760,2285,2475,2720,1310,1410,680,335,345,
17015,2722,1309,1413,4762,2351,2411,5442,2636,2806,4762,2286,2476,2720,1310,1410,680,335,345,
17020,2723,1310,1413,4764,2352,2412,5445,2637,2808,4763,2286,2477,2721,1310,1411,680,335,345,
17025,2723,1310,1413,4765,2352,2413,5445,2637,2808,4764,2286,2478,2721,1310,1411,681,335,346,
17030,2724,1310,1414,4766,2353,2413,5446,2638,2808,4765,2286,2479,2723,1312,1411,681,335,346,
17035,2725,1310,1415,4768,2355,2413,5449,2639,2810,4767,2287,2480,2724,1313,1411,681,335,346,
17040,2726,1310,1416,4769,2355,2414,5450,2639,2811,4769,2287,2482,2724,1313,1411,681,335,346,
17045,2727,1311,1416,4771,2357,2414,5453,2641,2812,4770,2287,2483,2725,1313,1412,681,335,346,
17050,2727,1311,1416,4772,2358,2414,5453,2641,2812,4771,2288,2483,2725,1313,1412,682,336,346,
17055,2728,1311,1417,4773,2359,2414,5454,2641,2813,4772,2289,2483,2727,1314,1413,682,336,346,
17060,2729,1312,1417,4775,2360,2415,5457,2642,2815,4774,2289,2485,2728,1314,1414,682,336,346,
17065,2730,1312,1418,4776,2360,2416,5458,2643,2815,4776,2290,2486,2728,1314,1414,682,336,346,
17070,2731,1313,1418,4778,2360,2418,5461,2645,2816,4777,2291,2486,2729,1314,1415,682,336,346,
17075,2731,1313,1418,4779,2361,2418,5461,2645,2816,4778,2291,2487,2729,1314,1415,683,336,347,
17080,2732,1313,1419,4780,2362,2418,5462,2645,2817,4779,2291,2488,2731,1315,1416,683,336,347,
17085,2733,1313,1420,4782,2364,2418,5465,2645,2820,4781,2292,2489,2732,1315,1417,683,336,347,
17090,2734,1314,1420,4783,2364,2419,5466,2646,2820,4783,2293,2490,2732,1315,1417,683,336,347,
17095,2735,1314,1421,4785,2364,2421,5469,2648,2821,4784,2294,2490,2733,1316,1417,683,336,347,
17100,2735,1314,1421,4786,2364,2422,5469,2648,2821,4785,2294,2491,2733,1316,1417,684,336,348,
17105,2736,1314,1422,4787,2365,2422,5470,2648,2822,4786,2294,2492,2735,1316,1419,684,336,348,
17110,2737,1315,1422,4789,2366,2423,5473,2650,2823,4788,2295,2493,2736,1316,1420,684,336,348,
17115,2738,1316,1422,4790,2366,2424,5474,2650,2824,4790,2297,2493,2736,1316,1420,684,336,348,
17120,2739,1317,1422,4792,2366,2426,5477,2653,2824,4791,2298,2493,2737,1316,1421,684,336,348,
17125,2739,1317,1422,4793,2367,2426,5477,2653,2824,4792,2298,2494,2737,1316,1421,685,337,348,
17130,2740,1318,1422,4794,2368,2426,5478,2654,2824,4793,2299,2494,2739,1317,1422,685,337,348,
17135,2741,1319,1422,4796,2369,2427,5481,2656,2825,4795,2300,2495,2740,1318,1422,685,337,348,
17140,2742,1319,1423,4797,2369,2428,5482,2657,2825,4797,2301,2496,2740,1318,1422,685,337,348,
17145,2743,1319,1424,4799,2371,2428,5485,2659,2826,4798,2302,2496,2741,1318,1423,685,337,348,
17150,2743,1319,1424,4800,2372,2428,5485,2659,2826,4799,2302,2497,2741,1318,1423,686,338,348,
17155,2744,1319,1425,4801,2373,2428,5486,2660,2826,4800,2303,2497,2743,1319,1424,686,338,348,
17160,2745,1319,1426,4803,2374,2429,5489,2661,2828,4802,2304,2498,2744,1319,1425,686,338,348,
17165,2746,1319,1427,4804,2375,2429,5490,2661,2829,4804,2304,2500,2744,1319,1425,686,338,348,
17170,2747,1319,1428,4806,2375,2431,5493,2662,2831,4805,2304,2501,2745,1319,1426,686,338,348,
17175,2747,1319,1428,4807,2375,2432,5493,2662,2831,4806,2305,2501,2745,1319,1426,687,339,348,
17180,2748,1320,1428,4808,2376,2432,5494,2663,2831,4807,2305,2502,2747,1321,1426,687,339,348,
17185,2749,1321,1428,4810,2376,2434,5497,2664,2833,4809,2306,2503,2748,1321,1427,687,339,348,
17190,2750,1321,1429,4811,2376,2435,5498,2665,2833,4811,2307,2504,2748,1321,1427,687,339,348,
17195,2751,1322,1429,4813,2377,2436,5501,2667,2834,4812,2307,2505,2749,1321,1428,687,339,348,
17200,2751,1322,1429,4814,2377,2437,5501,2667,2834,4813,2307,2506,2749,1321,1428,688,339,349,
17205,2752,1323,1429,4815,2377,2438,5502,2667,2835,4814,2307,2507,2751,1321,1430,688,339,349,
17210,2753,1324,1429,4817,2378,2439,5505,2668,2837,4816,2307,2509,2752,1321,1431,688,339,349,
17215,2754,1325,1429,4818,2379,2439,5506,2668,2838,4818,2309,2509,2752,1321,1431,688,339,349,
17220,2755,1326,1429,4820,2381,2439,5509,2669,2840,4819,2309,2510,2753,1322,1431,688,339,349,
17225,2755,1326,1429,4821,2381,2440,5509,2669,2840,4820,2310,2510,2753,1322,1431,689,340,349,
17230,2756,1326,1430,4822,2381,2441,5510,2670,2840,4821,2311,2510,2755,1322,1433,689,340,349,
17235,2757,1326,1431,4824,2383,2441,5513,2672,2841,4823,2311,2512,2756,1323,1433,689,340,349,
17240,2758,1326,1432,4825,2383,2442,5514,2672,2842,4825,2312,2513,2756,1323,1433,689,340,349,
17245,2759,1326,1433,4827,2385,2442,5517,2673,2844,4826,2312,2514,2757,1324,1433,689,340,349,
17250,2759,1326,1433,4828,2385,2443,5517,2673,2844,4827,2313,2514,2757,1324,1433,690,340,350,
17255,2760,1326,1434,4829,2385,2444,5518,2674,2844,4828,2314,2514,2759,1326,1433,690,340,350,
17260,2761,1326,1435,4831,2386,2445,5521,2676,2845,4830,2315,2515,2760,1327,1433,690,340,350,
17265,2762,1326,1436,4832,2387,2445,5522,2676,2846,4832,2317,2515,2760,1327,1433,690,340,350,
17270,2763,1327,1436,4834,2387,2447,5525,2678,2847,4833,2318,2515,2761,1327,1434,690,340,350,
17275,2763,1327,1436,4835,2387,2448,5525,2678,2847,4834,2318,2516,2761,1327,1434,691,340,351,
17280,2764,1328,1436,4836,2388,2448,5526,2678,2848,4835,2319,2516,2763,1328,1435,691,340,351,
17285,2765,1328,1437,4838,2389,2449,5529,2678,2851,4837,2320,2517,2764,1328,1436,691,340,351,
17290,2766,1328,1438,4839,2389,2450,5530,2678,2852,4839,2322,2517,2764,1328,1436,691,340,351,
17295,2767,1329,1438,4841,2390,2451,5533,2680,2853,4840,2323,2517,2765,1329,1436,691,340,351,
17300,2767,1329,1438,4842,2390,2452,5533,2680,2853,4841,2323,2518,2765,1329,1436,692,340,352,
17305,2768,1330,1438,4843,2391,2452,5534,2680,2854,4842,2324,2518,2767,1329,1438,692,340,352,
17310,2769,1331,1438,4845,2392,2453,5537,2683,2854,4844,2325,2519,2768,1330,1438,692,340,352,
17315,2770,1331,1439,4846,2392,2454,5538,2683,2855,4846,2327,2519,2768,1330,1438,692,340,352,
17320,2771,1332,1439,4848,2394,2454,5541,2685,2856,4847,2327,2520,2769,1331,1438,692,340,352,
17325,2771,1332,1439,4849,2394,2455,5541,2685,2856,4848,2328,2520,2769,1331,1438,693,341,352,
17330,2772,1333,1439,4850,2395,2455,5542,2686,2856,4849,2329,2520,2771,1333,1438,693,341,352,
17335,2773,1333,1440,4852,2395,2457,5545,2689,2856,4851,2329,2522,2772,1334,1438,693,341,352,
17340,2774,1333,1441,4853,2395,2458,5546,2689,2857,4853,2330,2523,2772,1334,1438,693,341,352,
17345,2775,1334,1441,4855,2395,2460,5549,2690,2859,4854,2330,2524,2773,1334,1439,693,341,352,
17350,2775,1334,1441,4856,2395,2461,5549,2690,2859,4855,2331,2524,2773,1334,1439,694,342,352,
17355,2776,1334,1442,4857,2395,2462,5550,2690,2860,4856,2331,2525,2775,1335,1440,694,342,352,
17360,2777,1334,1443,4859,2396,2463,5553,2691,2862,4858,2332,2526,2776,1335,1441,694,342,352,
17365,2778,1334,1444,4860,2397,2463,5554,2692,2862,4860,2333,2527,2776,1335,1441,694,342,352,
17370,2779,1334,1445,4862,2399,2463,5557,2694,2863,4861,2333,2528,2777,1336,1441,694,342,352,
17375,2779,1334,1445,4863,2399,2464,5557,2694,2863,4862,2334,2528,2777,1336,1441,695,342,353,
17380,2780,1334,1446,4864,2399,2465,5558,2694,2864,4863,2334,2529,2779,1337,1442,695,342,353,
17385,2781,1335,1446,4866,2400,2466,5561,2696,2865,4865,2335,2530,2780,1337,1443,695,342,353,
17390,2782,1336,1446,4867,2401,2466,5562,2696,2866,4867,2337,2530,2780,1337,1443,695,342,353,
17395,2783,1336,1447,4869,2402,2467,5565,2698,2867,4868,2337,2531,2781,1337,1444,695,342,353,
17400,2783,1336,1447,4870,2402,2468,5565,2698,2867,4869,2337,2532,2781,1337,1444,696,343,353,
17405,2784,1337,1447,4871,2403,2468,5566,2699,2867,4870,2338,2532,2783,1339,1444,696,343,353,
17410,2785,1337,1448,4873,2404,2469,5569,2702,2867,4872,2339,2533,2784,1339,1445,696,343,353,
17415,2786,1337,1449,4874,2405,2469,5570,2703,2867,4874,2341,2533,2784,1339,1445,696,343,353,
17420,2787,1338,1449,4876,2406,2470,5573,2703,2870,4875,2342,2533,2785,1340,1445,696,343,353,
17425,2787,1338,1449,4877,2406,2471,5573,2703,2870,4876,2342,2534,2785,1340,1445,697,343,354,
17430,2788,1338,1450,4878,2406,2472,5574,2704,2870,4877,2342,2535,2787,1342,1445,697,343,354,
17435,2789,1339,1450,4880,2407,2473,5577,2706,2871,4879,2344,2535,2788,1343,1445,697,343,354,
17440,2790,1340,1450,4881,2408,2473,5578,2707,2871,4881,2346,2535,2788,1343,1445,697,343,354,
17445,2791,1341,1450,4883,2409,2474,5581,2707,2874,4882,2347,2535,2789,1343,1446,697,343,354,
17450,2791,1341,1450,4884,2409,2475,5581,2707,2874,4883,2347,2536,2789,1343,1446,698,343,355,
17455,2792,1341,1451,4885,2410,2475,5582,2707,2875,4884,2348,2536,2791,1345,1446,698,343,355,
17460,2793,1341,1452,4887,2411,2476,5585,2708,2877,4886,2348,2538,2792,1346,1446,698,343,355,
17465,2794,1342,1452,4888,2412,2476,5586,2709,2877,4888,2349,2539,2792,1346,1446,698,343,355,
17470,2795,1343,1452,4890,2412,2478,5589,2712,2877,4889,2349,2540,2793,1347,1446,698,343,355,
17475,2795,1343,1452,4891,2413,2478,5589,2712,2877,4890,2349,2541,2793,1347,1446,699,343,356,
17480,2796,1343,1453,4892,2414,2478,5590,2713,2877,4891,2350,2541,2795,1348,1447,699,343,356,
17485,2797,1343,1454,4894,2414,2480,5593,2716,2877,4893,2351,2542,2796,1349,1447,699,343,356,
17490,2798,1343,1455,4895,2414,2481,5594,2716,2878,4895,2352,2543,2796,1349,1447,699,343,356,
17495,2799,1343,1456,4897,2414,2483,5597,2718,2879,4896,2353,2543,2797,1350,1447,699,343,356,
17500,2799,1343,1456,4898,2415,2483,5597,2718,2879,4897,2353,2544,2797,1350,1447,700,344,356,
17505,2800,1344,1456,4899,2415,2484,5598,2719,2879,4898,2353,2545,2799,1352,1447,700,344,356,
17510,2801,1344,1457,4901,2417,2484,5601,2721,2880,4900,2353,2547,2800,1353,1447,700,344,356,
17515,2802,1344,1458,4902,2418,2484,5602,2722,2880,4902,2354,2548,2800,1353,1447,700,344,356,
17520,2803,1344,1459,4904,2418,2486,5605,2723,2882,4903,2354,2549,2801,1354,1447,700,344,356,
17525,2803,1344,1459,4905,2419,2486,5605,2723,2882,4904,2355,2549,2801,1354,1447,701,344,357,
17530,2804,1344,1460,4906,2419,2487,5606,2723,2883,4905,2355,2550,2803,1356,1447,701,344,357,
17535,2805,1344,1461,4908,2420,2488,5609,2725,2884,4907,2355,2552,2804,1356,1448,701,344,357,
17540,2806,1344,1462,4909,2421,2488,5610,2725,2885,4909,2356,2553,2804,1356,1448,701,344,357,
17545,2807,1345,1462,4911,2421,2490,5613,2727,2886,4910,2357,2553,2805,1356,1449,701,344,357,
17550,2807,1345,1462,4912,2421,2491,5613,2727,2886,4911,2357,2554,2805,1356,1449,702,344,358,
17555,2808,1345,1463,4913,2421,2492,5614,2728,2886,4912,2358,2554,2807,1357,1450,702,344,358,
17560,2809,1345,1464,4915,2421,2494,5617,2731,2886,4914,2359,2555,2808,1358,1450,702,344,358,
17565,2810,1345,1465,4916,2422,2494,5618,2732,2886,4916,2360,2556,2808,1358,1450,702,344,358,
17570,2811,1346,1465,4918,2423,2495,5621,2734,2887,4917,2360,2557,2809,1358,1451,702,344,358,
17575,2811,1346,1465,4919,2423,2496,5621,2734,2887,4918,2361,2557,2809,1358,1451,703,344,359,
17580,2812,1347,1465,4920,2423,2497,5622,2734,2888,4919,2362,2557,2811,1359,1452,703,344,359,
17585,2813,1348,1465,4922,2424,2498,5625,2735,2890,4921,2362,2559,2812,1359,1453,703,344,359,
17590,2814,1348,1466,4923,2424,2499,5626,2735,2891,4923,2362,2561,2812,1359,1453,703,344,359,
17595,2815,1349,1466,4925,2425,2500,5629,2736,2893,4924,2362,2562,2813,1359,1454,703,344,359,
17600,2815,1349,1466,4926,2425,2501,5629,2736,2893,4925,2362,2563,2813,1359,1454,704,344,360,
17605,2816,1350,1466,4927,2426,2501,5630,2737,2893,4926,2363,2563,2815,1359,1456,704,344,360,
17610,2817,1351,1466,4929,2427,2502,5633,2739,2894,4928,2363,2565,2816,1359,1457,704,344,360,
17615,2818,1352,1466,4930,2428,2502,5634,2740,2894,4930,2364,2566,2816,1359,1457,704,344,360,
17620,2819,1353,1466,4932,2430,2502,5637,2742,2895,4931,2365,2566,2817,1359,1458,704,344,360,
17625,2819,1353,1466,4933,2431,2502,5637,2742,2895,4932,2366,2566,2817,1359,1458,705,345,360,
17630,2820,1353,1467,4934,2432,2502,5638,2743,2895,4933,2367,2566,2819,1360,1459,705,345,360,
17635,2821,1354,1467,4936,2433,2503,5641,2744,2897,4935,2368,2567,2820,1360,1460,705,345,360,
17640,2822,1355,1467,4937,2434,2503,5642,2744,2898,4937,2369,2568,2820,1360,1460,705,345,360,
17645,2823,1356,1467,4939,2436,2503,5645,2745,2900,4938,2369,2569,2821,1361,1460,705,345,360,
17650,2823,1356,1467,4940,2436,2504,5645,2745,2900,4939,2369,2570,2821,1361,1460,706,345,361,
17655,2824,1356,1468,4941,2437,2504,5646,2746,2900,4940,2369,2571,2823,1362,1461,706,345,361,
17660,2825,1357,1468,4943,2439,2504,5649,2747,2902,4942,2371,2571,2824,1362,1462,706,345,361,
17665,2826,1358,1468,4944,2440,2504,5650,2748,2902,4944,2372,2572,2824,1362,1462,706,345,361,
17670,2827,1359,1468,4946,2441,2505,5653,2748,2905,4945,2373,2572,2825,1363,1462,706,345,361,
17675,2827,1359,1468,4947,2441,2506,5653,2748,2905,4946,2373,2573,2825,1363,1462,707,345,362,
17680,2828,1360,1468,4948,2441,2507,5654,2748,2906,4947,2373,2574,2827,1364,1463,707,345,362,
17685,2829,1360,1469,4950,2442,2508,5657,2751,2906,4949,2375,2574,2828,1365,1463,707,345,362,
17690,2830,1360,1470,4951,2443,2508,5658,2752,2906,4951,2375,2576,2828,1365,1463,707,345,362,
17695,2831,1361,1470,4953,2445,2508,5661,2752,2909,4952,2376,2576,2829,1366,1463,707,345,362,
17700,2831,1361,1470,4954,2446,2508,5661,2752,2909,4953,2377,2576,2829,1366,1463,708,346,362,
17705,2832,1362,1470,4955,2446,2509,5662,2753,2909,4954,2377,2577,2831,1367,1464,708,346,362,
17710,2833,1362,1471,4957,2448,2509,5665,2755,2910,4956,2378,2578,2832,1367,1465,708,346,362,
17715,2834,1363,1471,4958,2448,2510,5666,2755,2911,4958,2379,2579,2832,1367,1465,708,346,362,
17720,2835,1364,1471,4960,2449,2511,5669,2756,2913,4959,2379,2580,2833,1367,1466,708,346,362,
17725,2835,1364,1471,4961,2450,2511,5669,2756,2913,4960,2379,2581,2833,1367,1466,709,347,362,
17730,2836,1364,1472,4962,2451,2511,5670,2756,2914,4961,2380,2581,2835,1367,1468,709,347,362,
17735,2837,1365,1472,4964,2451,2513,5673,2758,2915,4963,2380,2583,2836,1368,1468,709,347,362,
17740,2838,1366,1472,4965,2452,2513,5674,2759,2915,4965,2381,2584,2836,1368,1468,709,347,362,
17745,2839,1366,1473,4967,2452,2515,5677,2760,2917,4966,2381,2585,2837,1369,1468,709,347,362,
17750,2839,1366,1473,4968,2452,2516,5677,2760,2917,4967,2381,2586,2837,1369,1468,710,347,363,
17755,2840,1366,1474,4969,2452,2517,5678,2761,2917,4968,2381,2587,2839,1371,1468,710,347,363,
17760,2841,1367,1474,4971,2454,2517,5681,2762,2919,4970,2382,2588,2840,1371,1469,710,347,363,
17765,2842,1368,1474,4972,2455,2517,5682,2762,2920,4972,2383,2589,2840,1371,1469,710,347,363,
17770,2843,1368,1475,4974,2456,2518,5685,2763,2922,4973,2384,2589,2841,1371,1470,710,347,363,
17775,2843,1368,1475,4975,2457,2518,5685,2763,2922,4974,2385,2589,2841,1371,1470,711,347,364,
17780,2844,1368,1476,4976,2458,2518,5686,2764,2922,4975,2385,2590,2843,1371,1472,711,347,364,
17785,2845,1368,1477,4978,2459,2519,5689,2765,2924,4977,2386,2591,2844,1371,1473,711,347,364,
17790,2846,1369,1477,4979,2459,2520,5690,2765,2925,4979,2388,2591,2844,1371,1473,711,347,364,
17795,2847,1369,1478,4981,2461,2520,5693,2766,2927,4980,2389,2591,2845,1371,1474,711,347,364,
17800,2847,1369,1478,4982,2462,2520,5693,2766,2927,4981,2390,2591,2845,1371,1474,712,347,365,
17805,2848,1369,1479,4983,2462,2521,5694,2767,2927,4982,2390,2592,2847,1372,1475,712,347,365,
17810,2849,1369,1480,4985,2463,2522,5697,2768,2929,4984,2391,2593,2848,1372,1476,712,347,365,
17815,2850,1369,1481,4986,2463,2523,5698,2768,2930,4986,2392,2594,2848,1372,1476,712,347,365,
17820,2851,1370,1481,4988,2464,2524,5701,2768,2933,4987,2393,2594,2849,1373,1476,712,347,365,
17825,2851,1370,1481,4989,2465,2524,5701,2768,2933,4988,2393,2595,2849,1373,1476,713,348,365,
17830,2852,1370,1482,4990,2465,2525,5702,2768,2934,4989,2394,2595,2851,1375,1476,713,348,365,
17835,2853,1370,1483,4992,2466,2526,5705,2770,2935,4991,2394,2597,2852,1376,1476,713,348,365,
17840,2854,1370,1484,4993,2466,2527,5706,2770,2936,4993,2396,2597,2852,1376,1476,713,348,365,
17845,2855,1370,1485,4995,2467,2528,5709,2773,2936,4994,2396,2598,2853,1377,1476,713,348,365,
17850,2855,1370,1485,4996,2468,2528,5709,2773,2936,4995,2396,2599,2853,1377,1476,714,348,366,
17855,2856,1371,1485,4997,2468,2529,5710,2773,2937,4996,2396,2600,2855,1378,1477,714,348,366,
17860,2857,1371,1486,4999,2468,2531,5713,2774,2939,4998,2397,2601,2856,1379,1477,714,348,366,
17865,2858,1372,1486,5000,2468,2532,5714,2774,2940,5000,2397,2603,2856,1379,1477,714,348,366,
17870,2859,1373,1486,5002,2468,2534,5717,2775,2942,5001,2398,2603,2857,1379,1478,714,348,366,
17875,2859,1373,1486,5003,2469,2534,5717,2775,2942,5002,2398,2604,2857,1379,1478,715,348,367,
17880,2860,1374,1486,5004,2470,2534,5718,2776,2942,5003,2398,2605,2859,1380,1479,715,348,367,
17885,2861,1374,1487,5006,2472,2534,5721,2776,2945,5005,2399,2606,2860,1380,1480,715,348,367,
17890,2862,1374,1488,5007,2472,2535,5722,2776,2946,5007,2400,2607,2860,1380,1480,715,348,367,
17895,2863,1374,1489,5009,2474,2535,5725,2777,2948,5008,2401,2607,2861,1380,1481,715,348,367,
17900,2863,1374,1489,5010,2475,2535,5725,2777,2948,5009,2401,2608,2861,1380,1481,716,349,367,
17905,2864,1374,1490,5011,2475,2536,5726,2778,2948,5010,2401,2609,2863,1380,1483,716,349,367,
17910,2865,1375,1490,5013,2476,2537,5729,2779,2950,5012,2401,2611,2864,1380,1484,716,349,367,
17915,2866,1375,1491,5014,2477,2537,5730,2779,2951,5014,2403,2611,2864,1380,1484,716,349,367,
17920,2867,1376,1491,5016,2478,2538,5733,2780,2953,5015,2404,2611,2865,1381,1484,716,349,367,
17925,2867,1376,1491,5017,2478,2539,5733,2780,2953,5016,2404,2612,2865,1381,1484,717,349,368,
17930,2868,1377,1491,5018,2479,2539,5734,2780,2954,5017,2405,2612,2867,1381,1486,717,349,368,
17935,2869,1377,1492,5020,2481,2539,5737,2781,2956,5019,2406,2613,2868,1381,1487,717,349,368,
17940,2870,1378,1492,5021,2481,2540,5738,2781,2957,5021,2407,2614,2868,1381,1487,717,349,368,
17945,2871,1378,1493,5023,2481,2542,5741,2783,2958,5022,2407,2615,2869,1381,1488,717,349,368,
17950,2871,1378,1493,5024,2482,2542,5741,2783,2958,5023,2408,2615,2869,1381,1488,718,349,369,
17955,2872,1379,1493,5025,2482,2543,5742,2784,2958,5024,2408,2616,2871,1381,1490,718,349,369,
17960,2873,1379,1494,5027,2483,2544,5745,2786,2959,5026,2408,2618,2872,1381,1491,718,349,369,
17965,2874,1379,1495,5028,2484,2544,5746,2787,2959,5028,2409,2619,2872,1381,1491,718,349,369,
17970,2875,1379,1496,5030,2484,2546,5749,2790,2959,5029,2410,2619,2873,1381,1492,718,349,369,
17975,2875,1379,1496,5031,2484,2547,5749,2790,2959,5030,2411,2619,2873,1381,1492,719,350,369,
17980,2876,1379,1497,5032,2484,2548,5750,2791,2959,5031,2412,2619,2875,1382,1493,719,350,369,
17985,2877,1379,1498,5034,2484,2550,5753,2792,2961,5033,2414,2619,2876,1382,1494,719,350,369,
17990,2878,1379,1499,5035,2484,2551,5754,2793,2961,5035,2414,2621,2876,1382,1494,719,350,369,
17995,2879,1380,1499,5037,2485,2552,5757,2794,2963,5036,2414,2622,2877,1382,1495,719,350,369,
18000,2879,1380,1499,5038,2486,2552,5757,2794,2963,5037,2415,2622,2877,1382,1495,720,350,370,
18005,2880,1381,1499,5039,2486,2553,5758,2794,2964,5038,2415,2623,2879,1383,1496,720,350,370,
18010,2881,1382,1499,5041,2487,2554,5761,2795,2966,5040,2417,2623,2880,1384,1496,720,350,370,
18015,2882,1383,1499,5042,2487,2555,5762,2795,2967,5042,2418,2624,2880,1384,1496,720,350,370,
18020,2883,1384,1499,5044,2488,2556,5765,2797,2968,5043,2418,2625,2881,1384,1497,720,350,370,
18025,2883,1384,1499,5045,2488,2557,5765,2797,2968,5044,2418,2626,2881,1384,1497,721,350,371,
18030,2884,1385,1499,5046,2489,2557,5766,2797,2969,5045,2418,2627,2883,1386,1497,721,350,371,
18035,2885,1386,1499,5048,2489,2559,5769,2798,2971,5047,2418,2629,2884,1386,1498,721,350,371,
18040,2886,1387,1499,5049,2489,2560,5770,2799,2971,5049,2418,2631,2884,1386,1498,721,350,371,
18045,2887,1387,1500,5051,2490,2561,5773,2800,2973,5050,2418,2632,2885,1387,1498,721,350,371,
18050,2887,1387,1500,5052,2490,2562,5773,2800,2973,5051,2419,2632,2885,1387,1498,722,351,371,
18055,2888,1388,1500,5053,2491,2562,5774,2801,2973,5052,2419,2633,2887,1388,1499,722,351,371,
18060,2889,1388,1501,5055,2493,2562,5777,2803,2974,5054,2420,2634,2888,1388,1500,722,351,371,
18065,2890,1388,1502,5056,2494,2562,5778,2804,2974,5056,2422,2634,2888,1388,1500,722,351,371,
18070,2891,1388,1503,5058,2496,2562,5781,2806,2975,5057,2422,2635,2889,1389,1500,722,351,371,
18075,2891,1388,1503,5059,2497,2562,5781,2806,2975,5058,2422,2636,2889,1389,1500,723,352,371,
18080,2892,1389,1503,5060,2497,2563,5782,2806,2976,5059,2422,2637,2891,1390,1501,723,352,371,
18085,2893,1390,1503,5062,2498,2564,5785,2806,2979,5061,2424,2637,2892,1391,1501,723,352,371,
18090,2894,1390,1504,5063,2498,2565,5786,2807,2979,5063,2425,2638,2892,1391,1501,723,352,371,
18095,2895,1391,1504,5065,2499,2566,5789,2809,2980,5064,2425,2639,2893,1391,1502,723,352,371,
18100,2895,1391,1504,5066,2499,2567,5789,2809,2980,5065,2425,2640,2893,1391,1502,724,353,371,
18105,2896,1392,1504,5067,2500,2567,5790,2810,2980,5066,2425,2641,2895,1392,1503,724,353,371,
18110,2897,1392,1505,5069,2501,2568,5793,2811,2982,5068,2426,2642,2896,1393,1503,724,353,371,
18115,2898,1392,1506,5070,2502,2568,5794,2811,2983,5070,2427,2643,2896,1393,1503,724,353,371,
18120,2899,1393,1506,5072,2503,2569,5797,2813,2984,5071,2427,2644,2897,1393,1504,724,353,371,
18125,2899,1393,1506,5073,2503,2570,5797,2813,2984,5072,2428,2644,2897,1393,1504,725,353,372,
18130,2900,1394,1506,5074,2504,2570,5798,2814,2984,5073,2429,2644,2899,1393,1506,725,353,372,
18135,2901,1394,1507,5076,2505,2571,5801,2814,2987,5075,2430,2645,2900,1394,1506,725,353,372,
18140,2902,1394,1508,5077,2505,2572,5802,2814,2988,5077,2430,2647,2900,1394,1506,725,353,372,
18145,2903,1394,1509,5079,2506,2573,5805,2815,2990,5078,2431,2647,2901,1395,1506,725,353,372,
18150,2903,1394,1509,5080,2506,2574,5805,2815,2990,5079,2432,2647,2901,1395,1506,726,353,373,
18155,2904,1395,1509,5081,2507,2574,5806,2816,2990,5080,2432,2648,2903,1395,1508,726,353,373,
18160,2905,1396,1509,5083,2509,2574,5809,2816,2993,5082,2432,2650,2904,1396,1508,726,353,373,
18165,2906,1396,1510,5084,2510,2574,5810,2816,2994,5084,2433,2651,2904,1396,1508,726,353,373,
18170,2907,1396,1511,5086,2512,2574,5813,2818,2995,5085,2433,2652,2905,1396,1509,726,353,373,
18175,2907,1396,1511,5087,2512,2575,5813,2818,2995,5086,2433,2653,2905,1396,1509,727,353,374,
18180,2908,1396,1512,5088,2512,2576,5814,2818,2996,5087,2434,2653,2907,1396,1511,727,353,374,
18185,2909,1397,1512,5090,2514,2576,5817,2819,2998,5089,2436,2653,2908,1397,1511,727,353,374,
18190,2910,1398,1512,5091,2514,2577,5818,2820,2998,5091,2437,2654,2908,1397,1511,727,353,374,
18195,2911,1399,1512,5093,2515,2578,5821,2821,3000,5092,2438,2654,2909,1397,1512,727,353,374,
18200,2911,1399,1512,5094,2515,2579,5821,2821,3000,5093,2438,2655,2909,1397,1512,728,353,375,
18205,2912,1400,1512,5095,2515,2580,5822,2822,3000,5094,2438,2656,2911,1399,1512,728,353,375,
18210,2913,1401,1512,5097,2517,2580,5825,2824,3001,5096,2438,2658,2912,1399,1513,728,353,375,
18215,2914,1402,1512,5098,2518,2580,5826,2825,3001,5098,2438,2660,2912,1399,1513,728,353,375,
18220,2915,1402,1513,5100,2520,2580,5829,2827,3002,5099,2439,2660,2913,1399,1514,728,353,375,
18225,2915,1402,1513,5101,2521,2580,5829,2827,3002,5100,2440,2660,2913,1399,1514,729,354,375,
18230,2916,1403,1513,5102,2521,2581,5830,2827,3003,5101,2441,2660,2915,1400,1515,729,354,375,
18235,2917,1403,1514,5104,2522,2582,5833,2829,3004,5103,2441,2662,2916,1400,1516,729,354,375,
18240,2918,1404,1514,5105,2522,2583,5834,2829,3005,5105,2442,2663,2916,1400,1516,729,354,375,
18245,2919,1404,1515,5107,2522,2585,5837,2830,3007,5106,2442,2664,2917,1401,1516,729,354,375,
18250,2919,1404,1515,5108,2523,2585,5837,2830,3007,5107,2443,2664,2917,1401,1516,730,354,376,
18255,2920,1405,1515,5109,2524,2585,5838,2831,3007,5108,2443,2665,2919,1402,1517,730,354,376,
18260,2921,1406,1515,5111,2525,2586,5841,2832,3009,5110,2445,2665,2920,1402,1518,730,354,376,
18265,2922,1407,1515,5112,2526,2586,5842,2832,3010,5112,2447,2665,2920,1402,1518,730,354,376,
18270,2923,1407,1516,5114,2528,2586,5845,2834,3011,5113,2447,2666,2921,1402,1519,730,354,376,
18275,2923,1407,1516,5115,2529,2586,5845,2834,3011,5114,2447,2667,2921,1402,1519,731,355,376,
18280,2924,1408,1516,5116,2529,2587,5846,2835,3011,5115,2447,2668,2923,1402,1521,731,355,376,
18285,2925,1408,1517,5118,2531,2587,5849,2836,3013,5117,2447,2670,2924,1402,1522,731,355,376,
18290,2926,1409,1517,5119,2532,2587,5850,2837,3013,5119,2447,2672,2924,1402,1522,731,355,376,
18295,2927,1410,1517,5121,2533,2588,5853,2839,3014,5120,2448,2672,2925,1402,1523,731,355,376,
18300,2927,1410,1517,5122,2533,2589,5853,2839,3014,5121,2448,2673,2925,1402,1523,732,355,377,
18305,2928,1410,1518,5123,2534,2589,5854,2840,3014,5122,2449,2673,2927,1404,1523,732,355,377,
18310,2929,1410,1519,5125,2535,2590,5857,2840,3017,5124,2450,2674,2928,1404,1524,732,355,377,
18315,2930,1411,1519,5126,2535,2591,5858,2841,3017,5126,2451,2675,2928,1404,1524,732,355,377,
18320,2931,1412,1519,5128,2535,2593,5861,2842,3019,5127,2452,2675,2929,1405,1524,732,355,377,
18325,2931,1412,1519,5129,2535,2594,5861,2842,3019,5128,2453,2675,2929,1405,1524,733,355,378,
18330,2932,1412,1520,5130,2535,2595,5862,2843,3019,5129,2454,2675,2931,1406,1525,733,355,378,
18335,2933,1413,1520,5132,2535,2597,5865,2845,3020,5131,2454,2677,2932,1406,1526,733,355,378,
18340,2934,1413,1521,5133,2536,2597,5866,2845,3021,5133,2456,2677,2932,1406,1526,733,355,378,
18345,2935,1413,1522,5135,2537,2598,5869,2846,3023,5134,2457,2677,2933,1407,1526,733,355,378,
18350,2935,1413,1522,5136,2538,2598,5869,2846,3023,5135,2458,2677,2933,1407,1526,734,355,379,
18355,2936,1413,1523,5137,2538,2599,5870,2847,3023,5136,2458,2678,2935,1408,1527,734,355,379,
18360,2937,1414,1523,5139,2540,2599,5873,2849,3024,5138,2459,2679,2936,1408,1528,734,355,379,
18365,2938,1415,1523,5140,2540,2600,5874,2849,3025,5140,2459,2681,2936,1408,1528,734,355,379,
18370,2939,1415,1524,5142,2542,2600,5877,2852,3025,5141,2460,2681,2937,1408,1529,734,355,379,
18375,2939,1415,1524,5143,2542,2601,5877,2852,3025,5142,2460,2682,2937,1408,1529,735,356,379,
18380,2940,1415,1525,5144,2543,2601,5878,2853,3025,5143,2461,2682,2939,1408,1531,735,356,379,
18385,2941,1415,1526,5146,2544,2602,5881,2855,3026,5145,2461,2684,2940,1408,1532,735,356,379,
18390,2942,1415,1527,5147,2545,2602,5882,2856,3026,5147,2461,2686,2940,1408,1532,735,356,379,
18395,2943,1416,1527,5149,2547,2602,5885,2857,3028,5148,2462,2686,2941,1408,1533,735,356,379,
18400,2943,1416,1527,5150,2548,2602,5885,2857,3028,5149,2462,2687,2941,1408,1533,736,356,380,
18405,2944,1417,1527,5151,2548,2603,5886,2857,3029,5150,2462,2688,2943,1410,1533,736,356,380,
18410,2945,1418,1527,5153,2550,2603,5889,2858,3031,5152,2463,2689,2944,1410,1534,736,356,380,
18415,2946,1419,1527,5154,2550,2604,5890,2858,3032,5154,2464,2690,2944,1410,1534,736,356,380,
18420,2947,1419,1528,5156,2552,2604,5893,2859,3034,5155,2465,2690,2945,1411,1534,736,356,380,
18425,2947,1419,1528,5157,2553,2604,5893,2859,3034,5156,2466,2690,2945,1411,1534,737,357,380,
18430,2948,1419,1529,5158,2553,2605,5894,2859,3035,5157,2467,2690,2947,1411,1536,737,357,380,
18435,2949,1419,1530,5160,2554,2606,5897,2859,3038,5159,2468,2691,2948,1412,1536,737,357,380,
18440,2950,1420,1530,5161,2555,2606,5898,2860,3038,5161,2469,2692,2948,1412,1536,737,357,380,
18445,2951,1421,1530,5163,2556,2607,5901,2862,3039,5162,2470,2692,2949,1412,1537,737,357,380,
18450,2951,1421,1530,5164,2556,2608,5901,2862,3039,5163,2471,2692,2949,1412,1537,738,357,381,
18455,2952,1421,1531,5165,2557,2608,5902,2862,3040,5164,2472,2692,2951,1414,1537,738,357,381,
18460,2953,1422,1531,5167,2558,2609,5905,2864,3041,5166,2473,2693,2952,1415,1537,738,357,381,
18465,2954,1423,1531,5168,2559,2609,5906,2865,3041,5168,2474,2694,2952,1415,1537,738,357,381,
18470,2955,1423,1532,5170,2559,2611,5909,2867,3042,5169,2474,2695,2953,1416,1537,738,357,381,
18475,2955,1423,1532,5171,2560,2611,5909,2867,3042,5170,2474,2696,2953,1416,1537,739,358,381,
18480,2956,1423,1533,5172,2561,2611,5910,2867,3043,5171,2475,2696,2955,1417,1538,739,358,381,
18485,2957,1423,1534,5174,2562,2612,5913,2868,3045,5173,2477,2696,2956,1418,1538,739,358,381,
18490,2958,1423,1535,5175,2562,2613,5914,2869,3045,5175,2477,2698,2956,1418,1538,739,358,381,
18495,2959,1424,1535,5177,2564,2613,5917,2871,3046,5176,2477,2699,2957,1418,1539,739,358,381,
18500,2959,1424,1535,5178,2565,2613,5917,2871,3046,5177,2477,2700,2957,1418,1539,740,359,381,
18505,2960,1425,1535,5179,2565,2614,5918,2871,3047,5178,2478,2700,2959,1418,1541,740,359,381,
18510,2961,1426,1535,5181,2566,2615,5921,2873,3048,5180,2480,2700,2960,1419,1541,740,359,381,
18515,2962,1427,1535,5182,2566,2616,5922,2873,3049,5182,2482,2700,2960,1419,1541,740,359,381,
18520,2963,1427,1536,5184,2568,2616,5925,2875,3050,5183,2483,2700,2961,1419,1542,740,359,381,
18525,2963,1427,1536,5185,2569,2616,5925,2875,3050,5184,2484,2700,2961,1419,1542,741,359,382,
18530,2964,1427,1537,5186,2569,2617,5926,2875,3051,5185,2484,2701,2963,1419,1544,741,359,382,
18535,2965,1427,1538,5188,2570,2618,5929,2877,3052,5187,2485,2702,2964,1419,1545,741,359,382,
18540,2966,1428,1538,5189,2570,2619,5930,2878,3052,5189,2486,2703,2964,1419,1545,741,359,382,
18545,2967,1428,1539,5191,2571,2620,5933,2881,3052,5190,2486,2704,2965,1420,1545,741,359,382,
18550,2967,1428,1539,5192,2572,2620,5933,2881,3052,5191,2487,2704,2965,1420,1545,742,359,383,
18555,2968,1428,1540,5193,2573,2620,5934,2882,3052,5192,2488,2704,2967,1421,1546,742,359,383,
18560,2969,1428,1541,5195,2573,2622,5937,2883,3054,5194,2488,2706,2968,1421,1547,742,359,383,
18565,2970,1428,1542,5196,2574,2622,5938,2884,3054,5196,2490,2706,2968,1421,1547,742,359,383,
18570,2971,1429,1542,5198,2575,2623,5941,2885,3056,5197,2491,2706,2969,1422,1547,742,359,383,
18575,2971,1429,1542,5199,2576,2623,5941,2885,3056,5198,2492,2706,2969,1422,1547,743,359,384,
18580,2972,1429,1543,5200,2577,2623,5942,2886,3056,5199,2493,2706,2971,1423,1548,743,359,384,
18585,2973,1430,1543,5202,2578,2624,5945,2887,3058,5201,2493,2708,2972,1423,1549,743,359,384,
18590,2974,1431,1543,5203,2578,2625,5946,2888,3058,5203,2494,2709,2972,1423,1549,743,359,384,
18595,2975,1431,1544,5205,2578,2627,5949,2889,3060,5204,2495,2709,2973,1423,1550,743,359,384,
18600,2975,1431,1544,5206,2579,2627,5949,2889,3060,5205,2495,2710,2973,1423,1550,744,360,384,
18605,2976,1431,1545,5207,2580,2627,5950,2890,3060,5206,2496,2710,2975,1423,1552,744,360,384,
18610,2977,1431,1546,5209,2581,2628,5953,2891,3062,5208,2497,2711,2976,1423,1553,744,360,384,
18615,2978,1432,1546,5210,2581,2629,5954,2892,3062,5210,2498,2712,2976,1423,1553,744,360,384,
18620,2979,1433,1546,5212,2582,2630,5957,2893,3064,5211,2498,2713,2977,1424,1553,744,360,384,
18625,2979,1433,1546,5213,2582,2631,5957,2893,3064,5212,2498,2714,2977,1424,1553,745,360,385,
18630,2980,1434,1546,5214,2582,2632,5958,2894,3064,5213,2498,2715,2979,1425,1554,745,360,385,
18635,2981,1435,1546,5216,2583,2633,5961,2894,3067,5215,2500,2715,2980,1426,1554,745,360,385,
18640,2982,1436,1546,5217,2583,2634,5962,2894,3068,5217,2502,2715,2980,1426,1554,745,360,385,
18645,2983,1437,1546,5219,2585,2634,5965,2895,3070,5218,2503,2715,2981,1427,1554,745,360,385,
18650,2983,1437,1546,5220,2585,2635,5965,2895,3070,5219,2503,2716,2981,1427,1554,746,361,385,
18655,2984,1438,1546,5221,2585,2636,5966,2895,3071,5220,2503,2717,2983,1428,1555,746,361,385,
18660,2985,1439,1546,5223,2586,2637,5969,2896,3073,5222,2504,2718,2984,1428,1556,746,361,385,
18665,2986,1439,1547,5224,2586,2638,5970,2897,3073,5224,2506,2718,2984,1428,1556,746,361,385,
18670,2987,1439,1548,5226,2586,2640,5973,2899,3074,5225,2506,2719,2985,1428,1557,746,361,385,
18675,2987,1439,1548,5227,2586,2641,5973,2899,3074,5226,2507,2719,2985,1428,1557,747,361,386,
18680,2988,1440,1548,5228,2586,2642,5974,2899,3075,5227,2508,2719,2987,1430,1557,747,361,386,
18685,2989,1440,1549,5230,2588,2642,5977,2899,3078,5229,2510,2719,2988,1431,1557,747,361,386,
18690,2990,1440,1550,5231,2589,2642,5978,2900,3078,5231,2511,2720,2988,1431,1557,747,361,386,
18695,2991,1441,1550,5233,2589,2644,5981,2901,3080,5232,2511,2721,2989,1431,1558,747,361,386,
18700,2991,1441,1550,5234,2589,2645,5981,2901,3080,5233,2512,2721,2989,1431,1558,748,361,387,
18705,2992,1441,1551,5235,2589,2646,5982,2902,3080,5234,2513,2721,2991,1432,1559,748,361,387,
18710,2993,1441,1552,5237,2589,2648,5985,2903,3082,5236,2513,2723,2992,1432,1560,748,361,387,
18715,2994,1441,1553,5238,2590,2648,5986,2904,3082,5238,2513,2725,2992,1432,1560,748,361,387,
18720,2995,1441,1554,5240,2590,2650,5989,2905,3084,5239,2513,2726,2993,1433,1560,748,361,387,
18725,2995,1441,1554,5241,2591,2650,5989,2905,3084,5240,2513,2727,2993,1433,1560,749,362,387,
18730,2996,1442,1554,5242,2592,2650,5990,2906,3084,5241,2514,2727,2995,1433,1562,749,362,387,
18735,2997,1443,1554,5244,2593,2651,5993,2908,3085,5243,2514,2729,2996,1434,1562,749,362,387,
18740,2998,1444,1554,5245,2594,2651,5994,2909,3085,5245,2514,2731,2996,1434,1562,749,362,387,
18745,2999,1445,1554,5247,2594,2653,5997,2909,3088,5246,2514,2732,2997,1435,1562,749,362,387,
18750,2999,1445,1554,5248,2594,2654,5997,2909,3088,5247,2514,2733,2997,1435,1562,750,362,388,
18755,3000,1445,1555,5249,2594,2655,5998,2909,3089,5248,2514,2734,2999,1435,1564,750,362,388,
18760,3001,1445,1556,5251,2595,2656,6001,2911,3090,5250,2515,2735,3000,1436,1564,750,362,388,
18765,3002,1446,1556,5252,2595,2657,6002,2911,3091,5252,2516,2736,3000,1436,1564,750,362,388,
18770,3003,1447,1556,5254,2597,2657,6005,2914,3091,5253,2517,2736,3001,1436,1565,750,362,388,
18775,3003,1447,1556,5255,2597,2658,6005,2914,3091,5254,2518,2736,3001,1436,1565,751,363,388,
18780,3004,1447,1557,5256,2597,2659,6006,2915,3091,5255,2519,2736,3003,1437,1566,751,363,388,
18785,3005,1447,1558,5258,2599,2659,6009,2917,3092,5257,2521,2736,3004,1438,1566,751,363,388,
18790,3006,1447,1559,5259,2600,2659,6010,2918,3092,5259,2521,2738,3004,1438,1566,751,363,388,
18795,3007,1448,1559,5261,2601,2660,6013,2920,3093,5260,2521,2739,3005,1438,1567,751,363,388,
18800,3007,1448,1559,5262,2602,2660,6013,2920,3093,5261,2522,2739,3005,1438,1567,752,364,388,
18805,3008,1448,1560,5263,2602,2661,6014,2921,3093,5262,2522,2740,3007,1439,1568,752,364,388,
18810,3009,1448,1561,5265,2603,2662,6017,2921,3096,5264,2522,2742,3008,1439,1569,752,364,388,
18815,3010,1448,1562,5266,2603,2663,6018,2922,3096,5266,2523,2743,3008,1439,1569,752,364,388,
18820,3011,1449,1562,5268,2604,2664,6021,2924,3097,5267,2524,2743,3009,1439,1570,752,364,388,
18825,3011,1449,1562,5269,2605,2664,6021,2924,3097,5268,2524,2744,3009,1439,1570,753,365,388,
18830,3012,1449,1563,5270,2606,2664,6022,2925,3097,5269,2525,2744,3011,1440,1571,753,365,388,
18835,3013,1449,1564,5272,2607,2665,6025,2926,3099,5271,2526,2745,3012,1441,1571,753,365,388,
18840,3014,1449,1565,5273,2608,2665,6026,2926,3100,5273,2526,2747,3012,1441,1571,753,365,388,
18845,3015,1450,1565,5275,2609,2666,6029,2928,3101,5274,2526,2748,3013,1441,1572,753,365,388,
18850,3015,1450,1565,5276,2609,2667,6029,2928,3101,5275,2527,2748,3013,1441,1572,754,365,389,
18855,3016,1450,1566,5277,2609,2668,6030,2928,3102,5276,2528,2748,3015,1442,1573,754,365,389,
18860,3017,1450,1567,5279,2610,2669,6033,2928,3105,5278,2530,2748,3016,1442,1574,754,365,389,
18865,3018,1450,1568,5280,2610,2670,6034,2928,3106,5280,2531,2749,3016,1442,1574,754,365,389,
18870,3019,1450,1569,5282,2611,2671,6037,2930,3107,5281,2532,2749,3017,1443,1574,754,365,389,
18875,3019,1450,1569,5283,2611,2672,6037,2930,3107,5282,2532,2750,3017,1443,1574,755,366,389,
18880,3020,1450,1570,5284,2612,2672,6038,2930,3108,5283,2532,2751,3019,1443,1576,755,366,389,
18885,3021,1450,1571,5286,2613,2673,6041,2933,3108,5285,2532,2753,3020,1444,1576,755,366,389,
18890,3022,1450,1572,5287,2613,2674,6042,2933,3109,5287,2533,2754,3020,1444,1576,755,366,389,
18895,3023,1451,1572,5289,2613,2676,6045,2936,3109,5288,2534,2754,3021,1445,1576,755,366,389,
18900,3023,1451,1572,5290,2613,2677,6045,2936,3109,5289,2535,2754,3021,1445,1576,756,366,390,
18905,3024,1451,1573,5291,2614,2677,6046,2937,3109,5290,2536,2754,3023,1446,1577,756,366,390,
18910,3025,1452,1573,5293,2616,2677,6049,2938,3111,5292,2537,2755,3024,1447,1577,756,366,390,
18915,3026,1452,1574,5294,2617,2677,6050,2938,3112,5294,2538,2756,3024,1447,1577,756,366,390,
18920,3027,1453,1574,5296,2618,2678,6053,2940,3113,5295,2539,2756,3025,1447,1578,756,366,390,
18925,3027,1453,1574,5297,2618,2679,6053,2940,3113,5296,2539,2757,3025,1447,1578,757,367,390,
18930,3028,1453,1575,5298,2618,2680,6054,2940,3114,5297,2539,2758,3027,1448,1579,757,367,390,
18935,3029,1453,1576,5300,2619,2681,6057,2941,3116,5299,2541,2758,3028,1448,1580,757,367,390,
18940,3030,1453,1577,5301,2620,2681,6058,2942,3116,5301,2541,2760,3028,1448,1580,757,367,390,
18945,3031,1453,1578,5303,2622,2681,6061,2944,3117,5302,2542,2760,3029,1448,1581,757,367,390,
18950,3031,1453,1578,5304,2622,2682,6061,2944,3117,5303,2543,2760,3029,1448,1581,758,367,391,
18955,3032,1453,1579,5305,2623,2682,6062,2945,3117,5304,2543,2761,3031,1449,1582,758,367,391,
18960,3033,1454,1579,5307,2624,2683,6065,2947,3118,5306,2545,2761,3032,1449,1583,758,367,391,
18965,3034,1454,1580,5308,2624,2684,6066,2948,3118,5308,2545,2763,3032,1449,1583,758,367,391,
18970,3035,1455,1580,5310,2624,2686,6069,2950,3119,5309,2546,2763,3033,1450,1583,758,367,391,
18975,3035,1455,1580,5311,2625,2686,6069,2950,3119,5310,2547,2763,3033,1450,1583,759,368,391,
18980,3036,1456,1580,5312,2625,2687,6070,2951,3119,5311,2547,2764,3035,1450,1585,759,368,391,
18985,3037,1457,1580,5314,2626,2688,6073,2952,3121,5313,2548,2765,3036,1451,1585,759,368,391,
18990,3038,1457,1581,5315,2627,2688,6074,2953,3121,5315,2548,2767,3036,1451,1585,759,368,391,
18995,3039,1457,1582,5317,2629,2688,6077,2955,3122,5316,2548,2768,3037,1452,1585,759,368,391,
19000,3039,1457,1582,5318,2630,2688,6077,2955,3122,5317,2549,2768,3037,1452,1585,760,368,392,
19005,3040,1457,1583,5319,2630,2689,6078,2956,3122,5318,2549,2769,3039,1453,1586,760,368,392,
19010,3041,1458,1583,5321,2631,2690,6081,2958,3123,5320,2551,2769,3040,1453,1587,760,368,392,
19015,3042,1459,1583,5322,2632,2690,6082,2958,3124,5322,2551,2771,3040,1453,1587,760,368,392,
19020,3043,1459,1584,5324,2633,2691,6085,2959,3126,5323,2551,2772,3041,1454,1587,760,368,392,
19025,3043,1459,1584,5325,2633,2692,6085,2959,3126,5324,2552,2772,3041,1454,1587,761,368,393,
19030,3044,1459,1585,5326,2633,2693,6086,2960,3126,5325,2552,2773,3043,1455,1588,761,368,393,
19035,3045,1459,1586,5328,2634,2694,6089,2962,3127,5327,2554,2773,3044,1456,1588,761,368,393,
19040,3046,1460,1586,5329,2635,2694,6090,2963,3127,5329,2554,2775,3044,1456,1588,761,368,393,
19045,3047,1460,1587,5331,2637,2694,6093,2964,3129,5330,2554,2776,3045,1456,1589,761,368,393,
19050,3047,1460,1587,5332,2637,2695,6093,2964,3129,5331,2554,2777,3045,1456,1589,762,369,393,
19055,3048,1461,1587,5333,2638,2695,6094,2964,3130,5332,2554,2778,3047,1457,1590,762,369,393,
19060,3049,1461,1588,5335,2639,2696,6097,2965,3132,5334,2556,2778,3048,1458,1590,762,369,393,
19065,3050,1461,1589,5336,2639,2697,6098,2965,3133,5336,2558,2778,3048,1458,1590,762,369,393,
19070,3051,1461,1590,5338,2640,2698,6101,2966,3135,5337,2559,2778,3049,1459,1590,762,369,393,
19075,3051,1461,1590,5339,2641,2698,6101,2966,3135,5338,2560,2778,3049,1459,1590,763,370,393,
19080,3052,1462,1590,5340,2641,2699,6102,2966,3136,5339,2561,2778,3051,1460,1591,763,370,393,
19085,3053,1462,1591,5342,2641,2701,6105,2968,3137,5341,2562,2779,3052,1460,1592,763,370,393,
19090,3054,1462,1592,5343,2641,2702,6106,2968,3138,5343,2563,2780,3052,1460,1592,763,370,393,
19095,3055,1462,1593,5345,2643,2702,6109,2970,3139,5344,2563,2781,3053,1460,1593,763,370,393,
19100,3055,1462,1593,5346,2644,2702,6109,2970,3139,5345,2564,2781,3053,1460,1593,764,370,394,
19105,3056,1463,1593,5347,2644,2703,6110,2971,3139,5346,2564,2782,3055,1461,1594,764,370,394,
19110,3057,1463,1594,5349,2644,2705,6113,2972,3141,5348,2564,2784,3056,1462,1594,764,370,394,
19115,3058,1463,1595,5350,2644,2706,6114,2973,3141,5350,2565,2785,3056,1462,1594,764,370,394,
19120,3059,1463,1596,5352,2645,2707,6117,2975,3142,5351,2566,2785,3057,1462,1595,764,370,394,
19125,3059,1463,1596,5353,2645,2708,6117,2975,3142,5352,2566,2786,3057,1462,1595,765,371,394,
19130,3060,1463,1597,5354,2645,2709,6118,2976,3142,5353,2567,2786,3059,1463,1596,765,371,394,
19135,3061,1464,1597,5356,2646,2710,6121,2977,3144,5355,2568,2787,3060,1464,1596,765,371,394,
19140,3062,1465,1597,5357,2646,2711,6122,2978,3144,5357,2569,2788,3060,1464,1596,765,371,394,
19145,3063,1465,1598,5359,2647,2712,6125,2978,3147,5358,2570,2788,3061,1464,1597,765,371,394,
19150,3063,1465,1598,5360,2647,2713,6125,2978,3147,5359,2570,2789,3061,1464,1597,766,371,395,
19155,3064,1466,1598,5361,2648,2713,6126,2979,3147,5360,2571,2789,3063,1464,1599,766,371,395,
19160,3065,1466,1599,5363,2649,2714,6129,2979,3150,5362,2572,2790,3064,1464,1600,766,371,395,
19165,3066,1466,1600,5364,2650,2714,6130,2980,3150,5364,2572,2792,3064,1464,1600,766,371,395,
19170,3067,1466,1601,5366,2651,2715,6133,2980,3153,5365,2573,2792,3065,1465,1600,766,371,395,
19175,3067,1466,1601,5367,2651,2716,6133,2980,3153,5366,2573,2793,3065,1465,1600,767,372,395,
19180,3068,1467,1601,5368,2651,2717,6134,2980,3154,5367,2573,2794,3067,1465,1602,767,372,395,
19185,3069,1467,1602,5370,2652,2718,6137,2980,3157,5369,2573,2796,3068,1465,1603,767,372,395,
19190,3070,1468,1602,5371,2652,2719,6138,2981,3157,5371,2573,2798,3068,1465,1603,767,372,395,
19195,3071,1469,1602,5373,2652,2721,6141,2982,3159,5372,2573,2799,3069,1466,1603,767,372,395,
19200,3071,1469,1602,5374,2653,2721,6141,2982,3159,5373,2574,2799,3069,1466,1603,768,372,396,
19205,3072,1470,1602,5375,2654,2721,6142,2982,3160,5374,2574,2800,3071,1467,1604,768,372,396,
19210,3073,1471,1602,5377,2655,2722,6145,2984,3161,5376,2574,2802,3072,1468,1604,768,372,396,
19215,3074,1472,1602,5378,2656,2722,6146,2985,3161,5378,2576,2802,3072,1468,1604,768,372,396,
19220,3075,1472,1603,5380,2658,2722,6149,2986,3163,5379,2577,2802,3073,1469,1604,768,372,396,
19225,3075,1472,1603,5381,2659,2722,6149,2986,3163,5380,2577,2803,3073,1469,1604,769,372,397,
19230,3076,1473,1603,5382,2659,2723,6150,2987,3163,5381,2577,2804,3075,1470,1605,769,372,397,
19235,3077,1474,1603,5384,2659,2725,6153,2990,3163,5383,2579,2804,3076,1470,1606,769,372,397,
19240,3078,1474,1604,5385,2660,2725,6154,2991,3163,5385,2579,2806,3076,1470,1606,769,372,397,
19245,3079,1475,1604,5387,2661,2726,6157,2993,3164,5386,2579,2807,3077,1471,1606,769,372,397,
19250,3079,1475,1604,5388,2661,2727,6157,2993,3164,5387,2580,2807,3077,1471,1606,770,372,398,
19255,3080,1475,1605,5389,2662,2727,6158,2994,3164,5388,2581,2807,3079,1472,1607,770,372,398,
19260,3081,1475,1606,5391,2664,2727,6161,2997,3164,5390,2582,2808,3080,1472,1608,770,372,398,
19265,3082,1476,1606,5392,2665,2727,6162,2997,3165,5392,2584,2808,3080,1472,1608,770,372,398,
19270,3083,1476,1607,5394,2667,2727,6165,3000,3165,5393,2584,2809,3081,1472,1609,770,372,398,
19275,3083,1476,1607,5395,2667,2728,6165,3000,3165,5394,2584,2810,3081,1472,1609,771,372,399,
19280,3084,1477,1607,5396,2667,2729,6166,3000,3166,5395,2585,2810,3083,1472,1611,771,372,399,
19285,3085,1478,1607,5398,2669,2729,6169,3001,3168,5397,2586,2811,3084,1473,1611,771,372,399,
19290,3086,1478,1608,5399,2670,2729,6170,3002,3168,5399,2588,2811,3084,1473,1611,771,372,399,
19295,3087,1479,1608,5401,2671,2730,6173,3003,3170,5400,2588,2812,3085,1473,1612,771,372,399,
19300,3087,1479,1608,5402,2672,2730,6173,3003,3170,5401,2588,2813,3085,1473,1612,772,373,399,
19305,3088,1479,1609,5403,2673,2730,6174,3004,3170,5402,2588,2814,3087,1475,1612,772,373,399,
19310,3089,1480,1609,5405,2674,2731,6177,3006,3171,5404,2588,2816,3088,1475,1613,772,373,399,
19315,3090,1481,1609,5406,2675,2731,6178,3007,3171,5406,2589,2817,3088,1475,1613,772,373,399,
19320,3091,1481,1610,5408,2676,2732,6181,3010,3171,5407,2589,2818,3089,1475,1614,772,373,399,
19325,3091,1481,1610,5409,2676,2733,6181,3010,3171,5408,2589,2819,3089,1475,1614,773,374,399,
19330,3092,1481,1611,5410,2676,2734,6182,3011,3171,5409,2589,2820,3091,1476,1615,773,374,399,
19335,3093,1482,1611,5412,2676,2736,6185,3011,3174,5411,2590,2821,3092,1477,1615,773,374,399,
19340,3094,1483,1611,5413,2676,2737,6186,3012,3174,5413,2590,2823,3092,1477,1615,773,374,399,
19345,3095,1483,1612,5415,2677,2738,6189,3013,3176,5414,2591,2823,3093,1477,1616,773,374,399,
19350,3095,1483,1612,5416,2677,2739,6189,3013,3176,5415,2592,2823,3093,1477,1616,774,375,399,
19355,3096,1484,1612,5417,2678,2739,6190,3014,3176,5416,2593,2823,3095,1479,1616,774,375,399,
19360,3097,1484,1613,5419,2679,2740,6193,3016,3177,5418,2595,2823,3096,1479,1617,774,375,399,
19365,3098,1485,1613,5420,2680,2740,6194,3017,3177,5420,2595,2825,3096,1479,1617,774,375,399,
19370,3099,1486,1613,5422,2681,2741,6197,3018,3179,5421,2595,2826,3097,1479,1618,774,375,399,
19375,3099,1486,1613,5423,2681,2742,6197,3018,3179,5422,2595,2827,3097,1479,1618,775,375,400,
19380,3100,1487,1613,5424,2682,2742,6198,3018,3180,5423,2595,2828,3099,1481,1618,775,375,400,
19385,3101,1487,1614,5426,2683,2743,6201,3020,3181,5425,2596,2829,3100,1482,1618,775,375,400,
19390,3102,1488,1614,5427,2684,2743,6202,3020,3182,5427,2598,2829,3100,1482,1618,775,375,400,
19395,3103,1489,1614,5429,2686,2743,6205,3021,3184,5428,2599,2829,3101,1483,1618,775,375,400,
19400,3103,1489,1614,5430,2687,2743,6205,3021,3184,5429,2600,2829,3101,1483,1618,776,376,400,
19405,3104,1489,1615,5431,2687,2744,6206,3021,3185,5430,2600,2830,3103,1484,1619,776,376,400,
19410,3105,1490,1615,5433,2687,2746,6209,3023,3186,5432,2600,2832,3104,1484,1620,776,376,400,
19415,3106,1490,1616,5434,2687,2747,6210,3023,3187,5434,2601,2833,3104,1484,1620,776,376,400,
19420,3107,1491,1616,5436,2687,2749,6213,3024,3189,5435,2602,2833,3105,1484,1621,776,376,400,
19425,3107,1491,1616,5437,2687,2750,6213,3024,3189,5436,2603,2833,3105,1484,1621,777,376,401,
19430,3108,1492,1616,5438,2687,2751,6214,3025,3189,5437,2603,2834,3107,1484,1623,777,376,401,
19435,3109,1492,1617,5440,2687,2753,6217,3026,3191,5439,2605,2834,3108,1484,1624,777,376,401,
19440,3110,1492,1618,5441,2688,2753,6218,3027,3191,5441,2607,2834,3108,1484,1624,777,376,401,
19445,3111,1493,1618,5443,2690,2753,6221,3027,3194,5442,2607,2835,3109,1484,1625,777,376,401,
19450,3111,1493,1618,5444,2690,2754,6221,3027,3194,5443,2608,2835,3109,1484,1625,778,376,402,
19455,3112,1493,1619,5445,2690,2755,6222,3028,3194,5444,2608,2836,3111,1486,1625,778,376,402,
19460,3113,1494,1619,5447,2691,2756,6225,3029,3196,5446,2609,2837,3112,1486,1626,778,376,402,
19465,3114,1494,1620,5448,2691,2757,6226,3029,3197,5448,2610,2838,3112,1486,1626,778,376,402,
19470,3115,1495,1620,5450,2692,2758,6229,3030,3199,5449,2610,2839,3113,1487,1626,778,376,402,
19475,3115,1495,1620,5451,2692,2759,6229,3030,3199,5450,2610,2840,3113,1487,1626,779,376,403,
19480,3116,1495,1621,5452,2693,2759,6230,3030,3200,5451,2611,2840,3115,1488,1627,779,376,403,
19485,3117,1495,1622,5454,2693,2761,6233,3031,3202,5453,2613,2840,3116,1488,1628,779,376,403,
19490,3118,1495,1623,5455,2694,2761,6234,3031,3203,5455,2614,2841,3116,1488,1628,779,376,403,
19495,3119,1495,1624,5457,2694,2763,6237,3032,3205,5456,2615,2841,3117,1488,1629,779,376,403,
19500,3119,1495,1624,5458,2694,2764,6237,3032,3205,5457,2615,2842,3117,1488,1629,780,376,404,
19505,3120,1496,1624,5459,2694,2765,6238,3033,3205,5458,2616,2842,3119,1488,1631,780,376,404,
19510,3121,1496,1625,5461,2694,2767,6241,3035,3206,5460,2618,2842,3120,1488,1632,780,376,404,
19515,3122,1496,1626,5462,2694,2768,6242,3036,3206,5462,2620,2842,3120,1488,1632,780,376,404,
19520,3123,1496,1627,5464,2696,2768,6245,3038,3207,5463,2621,2842,3121,1488,1633,780,376,404,
19525,3123,1496,1627,5465,2696,2769,6245,3038,3207,5464,2622,2842,3121,1488,1633,781,376,405,
19530,3124,1497,1627,5466,2696,2770,6246,3038,3208,5465,2622,2843,3123,1488,1635,781,376,405,
19535,3125,1498,1627,5468,2697,2771,6249,3040,3209,5467,2623,2844,3124,1488,1636,781,376,405,
19540,3126,1498,1628,5469,2698,2771,6250,3041,3209,5469,2624,2845,3124,1488,1636,781,376,405,
19545,3127,1498,1629,5471,2698,2773,6253,3042,3211,5470,2625,2845,3125,1489,1636,781,376,405,
19550,3127,1498,1629,5472,2698,2774,6253,3042,3211,5471,2626,2845,3125,1489,1636,782,376,406,
19555,3128,1498,1630,5473,2698,2775,6254,3042,3212,5472,2626,2846,3127,1489,1638,782,376,406,
19560,3129,1499,1630,5475,2699,2776,6257,3043,3214,5474,2627,2847,3128,1490,1638,782,376,406,
19565,3130,1499,1631,5476,2700,2776,6258,3044,3214,5476,2628,2848,3128,1490,1638,782,376,406,
19570,3131,1500,1631,5478,2700,2778,6261,3045,3216,5477,2629,2848,3129,1491,1638,782,376,406,
19575,3131,1500,1631,5479,2700,2779,6261,3045,3216,5478,2629,2849,3129,1491,1638,783,377,406,
19580,3132,1501,1631,5480,2700,2780,6262,3046,3216,5479,2629,2850,3131,1492,1639,783,377,406,
19585,3133,1502,1631,5482,2701,2781,6265,3047,3218,5481,2630,2851,3132,1492,1640,783,377,406,
19590,3134,1503,1631,5483,2701,2782,6266,3048,3218,5483,2630,2853,3132,1492,1640,783,377,406,
19595,3135,1503,1632,5485,2701,2784,6269,3051,3218,5484,2630,2854,3133,1492,1641,783,377,406,
19600,3135,1503,1632,5486,2701,2785,6269,3051,3218,5485,2630,2855,3133,1492,1641,784,377,407,
19605,3136,1504,1632,5487,2701,2786,6270,3052,3218,5486,2631,2855,3135,1494,1641,784,377,407,
19610,3137,1505,1632,5489,2702,2787,6273,3053,3220,5488,2633,2855,3136,1495,1641,784,377,407,
19615,3138,1506,1632,5490,2703,2787,6274,3053,3221,5490,2633,2857,3136,1495,1641,784,377,407,
19620,3139,1506,1633,5492,2704,2788,6277,3055,3222,5491,2634,2857,3137,1495,1642,784,377,407,
19625,3139,1506,1633,5493,2705,2788,6277,3055,3222,5492,2634,2858,3137,1495,1642,785,378,407,
19630,3140,1506,1634,5494,2706,2788,6278,3055,3223,5493,2634,2859,3139,1497,1642,785,378,407,
19635,3141,1507,1634,5496,2706,2790,6281,3058,3223,5495,2636,2859,3140,1497,1643,785,378,407,
19640,3142,1508,1634,5497,2706,2791,6282,3059,3223,5497,2637,2860,3140,1497,1643,785,378,407,
19645,3143,1508,1635,5499,2707,2792,6285,3059,3226,5498,2638,2860,3141,1498,1643,785,378,407,
19650,3143,1508,1635,5500,2707,2793,6285,3059,3226,5499,2638,2861,3141,1498,1643,786,378,408,
19655,3144,1509,1635,5501,2708,2793,6286,3059,3227,5500,2639,2861,3143,1499,1644,786,378,408,
19660,3145,1510,1635,5503,2709,2794,6289,3061,3228,5502,2639,2863,3144,1500,1644,786,378,408,
19665,3146,1510,1636,5504,2710,2794,6290,3062,3228,5504,2640,2864,3144,1500,1644,786,378,408,
19670,3147,1511,1636,5506,2711,2795,6293,3064,3229,5505,2641,2864,3145,1501,1644,786,378,408,
19675,3147,1511,1636,5507,2712,2795,6293,3064,3229,5506,2641,2865,3145,1501,1644,787,379,408,
19680,3148,1511,1637,5508,2712,2796,6294,3065,3229,5507,2641,2866,3147,1502,1645,787,379,408,
19685,3149,1512,1637,5510,2712,2798,6297,3067,3230,5509,2643,2866,3148,1503,1645,787,379,408,
19690,3150,1512,1638,5511,2713,2798,6298,3068,3230,5511,2643,2868,3148,1503,1645,787,379,408,
19695,3151,1512,1639,5513,2714,2799,6301,3068,3233,5512,2643,2869,3149,1503,1646,787,379,408,
19700,3151,1512,1639,5514,2715,2799,6301,3068,3233,5513,2643,2870,3149,1503,1646,788,380,408,
19705,3152,1512,1640,5515,2715,2800,6302,3068,3234,5514,2643,2871,3151,1504,1647,788,380,408,
19710,3153,1513,1640,5517,2717,2800,6305,3068,3237,5516,2644,2872,3152,1504,1648,788,380,408,
19715,3154,1513,1641,5518,2717,2801,6306,3069,3237,5518,2644,2874,3152,1504,1648,788,380,408,
19720,3155,1514,1641,5520,2718,2802,6309,3070,3239,5519,2645,2874,3153,1504,1649,788,380,408,
19725,3155,1514,1641,5521,2718,2803,6309,3070,3239,5520,2646,2874,3153,1504,1649,789,380,409,
19730,3156,1515,1641,5522,2718,2804,6310,3070,3240,5521,2646,2875,3155,1506,1649,789,380,409,
19735,3157,1515,1642,5524,2718,2806,6313,3072,3241,5523,2646,2877,3156,1507,1649,789,380,409,
19740,3158,1516,1642,5525,2718,2807,6314,3073,3241,5525,2647,2878,3156,1507,1649,789,380,409,
19745,3159,1517,1642,5527,2719,2808,6317,3075,3242,5526,2647,2879,3157,1508,1649,789,380,409,
19750,3159,1517,1642,5528,2719,2809,6317,3075,3242,5527,2647,2880,3157,1508,1649,790,380,410,
19755,3160,1517,1643,5529,2719,2810,6318,3075,3243,5528,2647,2881,3159,1509,1650,790,380,410,
19760,3161,1517,1644,5531,2720,2811,6321,3078,3243,5530,2648,2882,3160,1510,1650,790,380,410,
19765,3162,1518,1644,5532,2721,2811,6322,3078,3244,5532,2649,2883,3160,1510,1650,790,380,410,
19770,3163,1519,1644,5534,2723,2811,6325,3080,3245,5533,2650,2883,3161,1511,1650,790,380,410,
19775,3163,1519,1644,5535,2723,2812,6325,3080,3245,5534,2651,2883,3161,1511,1650,791,380,411,
19780,3164,1519,1645,5536,2723,2813,6326,3080,3246,5535,2652,2883,3163,1512,1651,791,380,411,
19785,3165,1520,1645,5538,2725,2813,6329,3081,3248,5537,2653,2884,3164,1512,1652,791,380,411,
19790,3166,1521,1645,5539,2726,2813,6330,3081,3249,5539,2654,2885,3164,1512,1652,791,380,411,
19795,3167,1521,1646,5541,2727,2814,6333,3083,3250,5540,2654,2886,3165,1513,1652,791,380,411,
19800,3167,1521,1646,5542,2728,2814,6333,3083,3250,5541,2655,2886,3165,1513,1652,792,380,412,
19805,3168,1522,1646,5543,2728,2815,6334,3084,3250,5542,2656,2886,3167,1514,1653,792,380,412,
19810,3169,1522,1647,5545,2730,2815,6337,3085,3252,5544,2657,2887,3168,1514,1654,792,380,412,
19815,3170,1523,1647,5546,2730,2816,6338,3086,3252,5546,2658,2888,3168,1514,1654,792,380,412,
19820,3171,1524,1647,5548,2730,2818,6341,3086,3255,5547,2658,2889,3169,1514,1655,792,380,412,
19825,3171,1524,1647,5549,2731,2818,6341,3086,3255,5548,2658,2890,3169,1514,1655,793,381,412,
19830,3172,1525,1647,5550,2731,2819,6342,3087,3255,5549,2658,2891,3171,1515,1656,793,381,412,
19835,3173,1525,1648,5552,2732,2820,6345,3089,3256,5551,2658,2893,3172,1516,1656,793,381,412,
19840,3174,1525,1649,5553,2732,2821,6346,3090,3256,5553,2659,2894,3172,1516,1656,793,381,412,
19845,3175,1525,1650,5555,2732,2823,6349,3091,3258,5554,2659,2895,3173,1517,1656,793,381,412,
19850,3175,1525,1650,5556,2733,2823,6349,3091,3258,5555,2659,2896,3173,1517,1656,794,382,412,
19855,3176,1526,1650,5557,2733,2824,6350,3091,3259,5556,2659,2897,3175,1517,1658,794,382,412,
19860,3177,1526,1651,5559,2734,2825,6353,3094,3259,5558,2660,2898,3176,1517,1659,794,382,412,
19865,3178,1526,1652,5560,2735,2825,6354,3094,3260,5560,2661,2899,3176,1517,1659,794,382,412,
19870,3179,1527,1652,5562,2736,2826,6357,3095,3262,5561,2661,2900,3177,1517,1660,794,382,412,
19875,3179,1527,1652,5563,2736,2827,6357,3095,3262,5562,2661,2901,3177,1517,1660,795,382,413,
19880,3180,1528,1652,5564,2736,2828,6358,3096,3262,5563,2661,2902,3179,1517,1662,795,382,413,
19885,3181,1529,1652,5566,2738,2828,6361,3097,3264,5565,2662,2903,3180,1517,1663,795,382,413,
19890,3182,1530,1652,5567,2739,2828,6362,3097,3265,5567,2663,2904,3180,1517,1663,795,382,413,
19895,3183,1531,1652,5569,2740,2829,6365,3098,3267,5568,2663,2905,3181,1517,1664,795,382,413,
19900,3183,1531,1652,5570,2740,2830,6365,3098,3267,5569,2663,2906,3181,1517,1664,796,382,414,
19905,3184,1532,1652,5571,2740,2831,6366,3099,3267,5570,2663,2907,3183,1517,1666,796,382,414,
19910,3185,1533,1652,5573,2740,2833,6369,3099,3270,5572,2664,2908,3184,1517,1667,796,382,414,
19915,3186,1534,1652,5574,2741,2833,6370,3099,3271,5574,2665,2909,3184,1517,1667,796,382,414,
19920,3187,1534,1653,5576,2743,2833,6373,3100,3273,5575,2665,2910,3185,1517,1668,796,382,414,
19925,3187,1534,1653,5577,2744,2833,6373,3100,3273,5576,2665,2911,3185,1517,1668,797,383,414,
19930,3188,1535,1653,5578,2745,2833,6374,3101,3273,5577,2666,2911,3187,1519,1668,797,383,414,
19935,3189,1536,1653,5580,2745,2835,6377,3103,3274,5579,2666,2913,3188,1520,1668,797,383,414,
19940,3190,1537,1653,5581,2745,2836,6378,3104,3274,5581,2667,2914,3188,1520,1668,797,383,414,
19945,3191,1538,1653,5583,2747,2836,6381,3106,3275,5582,2667,2915,3189,1520,1669,797,383,414,
19950,3191,1538,1653,5584,2747,2837,6381,3106,3275,5583,2668,2915,3189,1520,1669,798,383,415,
19955,3192,1539,1653,5585,2748,2837,6382,3107,3275,5584,2668,2916,3191,1521,1670,798,383,415,
19960,3193,1539,1654,5587,2749,2838,6385,3109,3276,5586,2669,2917,3192,1521,1671,798,383,415,
19965,3194,1539,1655,5588,2749,2839,6386,3109,3277,5588,2670,2918,3192,1521,1671,798,383,415,
19970,3195,1540,1655,5590,2750,2840,6389,3112,3277,5589,2671,2918,3193,1521,1672,798,383,415,
19975,3195,1540,1655,5591,2751,2840,6389,3112,3277,5590,2671,2919,3193,1521,1672,799,384,415,
19980,3196,1540,1656,5592,2751,2841,6390,3112,3278,5591,2672,2919,3195,1522,1673,799,384,415,
19985,3197,1541,1656,5594,2751,2843,6393,3112,3281,5593,2672,2921,3196,1522,1674,799,384,415,
19990,3198,1542,1656,5595,2752,2843,6394,3112,3282,5595,2674,2921,3196,1522,1674,799,384,415,
19995,3199,1543,1656,5597,2753,2844,6397,3114,3283,5596,2674,2922,3197,1523,1674,799,384,415,
20000,3199,1543,1656,5598,2754,2844,6397,3114,3283,5597,2675,2922,3197,1523,1674,800,385,415,
20005,3200,1544,1656,5599,2755,2844,6398,3114,3284,5598,2676,2922,3199,1524,1675,800,385,415,
20010,3201,1544,1657,5601,2755,2846,6401,3116,3285,5600,2676,2924,3200,1525,1675,800,385,415,
20015,3202,1545,1657,5602,2755,2847,6402,3117,3285,5602,2677,2925,3200,1525,1675,800,385,415,
20020,3203,1546,1657,5604,2757,2847,6405,3118,3287,5603,2678,2925,3201,1525,1676,800,385,415,
20025,3203,1546,1657,5605,2757,2848,6405,3118,3287,5604,2679,2925,3201,1525,1676,801,386,415,
20030,3204,1547,1657,5606,2758,2848,6406,3118,3288,5605,2679,2926,3203,1526,1677,801,386,415,
20035,3205,1548,1657,5608,2759,2849,6409,3120,3289,5607,2680,2927,3204,1526,1678,801,386,415,
20040,3206,1549,1657,5609,2760,2849,6410,3120,3290,5609,2681,2928,3204,1526,1678,801,386,415,
20045,3207,1549,1658,5611,2761,2850,6413,3122,3291,5610,2682,2928,3205,1526,1679,801,386,415,
20050,3207,1549,1658,5612,2762,2850,6413,3122,3291,5611,2683,2928,3205,1526,1679,802,387,415,
20055,3208,1549,1659,5613,2762,2851,6414,3122,3292,5612,2683,2929,3207,1528,1679,802,387,415,
20060,3209,1549,1660,5615,2763,2852,6417,3123,3294,5614,2684,2930,3208,1529,1679,802,387,415,
20065,3210,1550,1660,5616,2764,2852,6418,3124,3294,5616,2685,2931,3208,1529,1679,802,387,415,
20070,3211,1550,1661,5618,2765,2853,6421,3125,3296,5617,2685,2932,3209,1529,1680,802,387,415,
20075,3211,1550,1661,5619,2765,2854,6421,3125,3296,5618,2685,2933,3209,1529,1680,803,387,416,
20080,3212,1550,1662,5620,2765,2855,6422,3125,3297,5619,2685,2934,3211,1530,1681,803,387,416,
20085,3213,1551,1662,5622,2765,2857,6425,3127,3298,5621,2686,2935,3212,1530,1682,803,387,416,
20090,3214,1551,1663,5623,2765,2858,6426,3128,3298,5623,2687,2936,3212,1530,1682,803,387,416,
20095,3215,1552,1663,5625,2766,2859,6429,3130,3299,5624,2688,2936,3213,1531,1682,803,387,416,
20100,3215,1552,1663,5626,2766,2860,6429,3130,3299,5625,2688,2937,3213,1531,1682,804,388,416,
20105,3216,1553,1663,5627,2766,2861,6430,3130,3300,5626,2689,2937,3215,1532,1683,804,388,416,
20110,3217,1553,1664,5629,2767,2862,6433,3131,3302,5628,2690,2938,3216,1532,1684,804,388,416,
20115,3218,1553,1665,5630,2767,2863,6434,3132,3302,5630,2690,2940,3216,1532,1684,804,388,416,
20120,3219,1554,1665,5632,2768,2864,6437,3134,3303,5631,2690,2941,3217,1532,1685,804,388,416,
20125,3219,1554,1665,5633,2768,2865,6437,3134,3303,5632,2690,2942,3217,1532,1685,805,389,416,
20130,3220,1554,1666,5634,2768,2866,6438,3134,3304,5633,2691,2942,3219,1533,1686,805,389,416,
20135,3221,1555,1666,5636,2769,2867,6441,3137,3304,5635,2692,2943,3220,1533,1687,805,389,416,
20140,3222,1556,1666,5637,2769,2868,6442,3138,3304,5637,2692,2945,3220,1533,1687,805,389,416,
20145,3223,1556,1667,5639,2770,2869,6445,3141,3304,5638,2692,2946,3221,1533,1688,805,389,416,
20150,3223,1556,1667,5640,2770,2870,6445,3141,3304,5639,2693,2946,3221,1533,1688,806,389,417,
20155,3224,1556,1668,5641,2770,2871,6446,3142,3304,5640,2693,2947,3223,1533,1690,806,389,417,
20160,3225,1556,1669,5643,2771,2872,6449,3143,3306,5642,2694,2948,3224,1534,1690,806,389,417,
20165,3226,1556,1670,5644,2771,2873,6450,3143,3307,5644,2694,2950,3224,1534,1690,806,389,417,
20170,3227,1556,1671,5646,2772,2874,6453,3143,3310,5645,2694,2951,3225,1535,1690,806,389,417,
20175,3227,1556,1671,5647,2773,2874,6453,3143,3310,5646,2694,2952,3225,1535,1690,807,389,418,
20180,3228,1556,1672,5648,2773,2875,6454,3143,3311,5647,2694,2953,3227,1535,1692,807,389,418,
20185,3229,1556,1673,5650,2774,2876,6457,3144,3313,5649,2695,2954,3228,1535,1693,807,389,418,
20190,3230,1556,1674,5651,2774,2877,6458,3145,3313,5651,2696,2955,3228,1535,1693,807,389,418,
20195,3231,1556,1675,5653,2775,2878,6461,3145,3316,5652,2697,2955,3229,1536,1693,807,389,418,
20200,3231,1556,1675,5654,2776,2878,6461,3145,3316,5653,2697,2956,3229,1536,1693,808,389,419,
20205,3232,1557,1675,5655,2777,2878,6462,3145,3317,5654,2697,2957,3231,1538,1693,808,389,419,
20210,3233,1557,1676,5657,2777,2880,6465,3148,3317,5656,2698,2958,3232,1538,1694,808,389,419,
20215,3234,1557,1677,5658,2778,2880,6466,3149,3317,5658,2700,2958,3232,1538,1694,808,389,419,
20220,3235,1557,1678,5660,2778,2882,6469,3149,3320,5659,2701,2958,3233,1539,1694,808,389,419,
20225,3235,1557,1678,5661,2778,2883,6469,3149,3320,5660,2702,2958,3233,1539,1694,809,389,420,
20230,3236,1557,1679,5662,2779,2883,6470,3150,3320,5661,2702,2959,3235,1539,1696,809,389,420,
20235,3237,1557,1680,5664,2781,2883,6473,3152,3321,5663,2704,2959,3236,1539,1697,809,389,420,
20240,3238,1557,1681,5665,2782,2883,6474,3152,3322,5665,2704,2961,3236,1539,1697,809,389,420,
20245,3239,1558,1681,5667,2784,2883,6477,3154,3323,5666,2704,2962,3237,1539,1698,809,389,420,
20250,3239,1558,1681,5668,2784,2884,6477,3154,3323,5667,2704,2963,3237,1539,1698,810,390,420,
20255,3240,1558,1682,5669,2784,2885,6478,3155,3323,5668,2704,2964,3239,1540,1699,810,390,420,
20260,3241,1559,1682,5671,2785,2886,6481,3157,3324,5670,2706,2964,3240,1541,1699,810,390,420,
20265,3242,1559,1683,5672,2785,2887,6482,3158,3324,5672,2708,2964,3240,1541,1699,810,390,420,
20270,3243,1560,1683,5674,2786,2888,6485,3160,3325,5673,2708,2965,3241,1542,1699,810,390,420,
20275,3243,1560,1683,5675,2786,2889,6485,3160,3325,5674,2709,2965,3241,1542,1699,811,390,421,
20280,3244,1561,1683,5676,2786,2890,6486,3160,3326,5675,2710,2965,3243,1543,1700,811,390,421,
20285,3245,1561,1684,5678,2788,2890,6489,3160,3329,5677,2711,2966,3244,1543,1701,811,390,421,
20290,3246,1561,1685,5679,2789,2890,6490,3160,3330,5679,2712,2967,3244,1543,1701,811,390,421,
20295,3247,1561,1686,5681,2791,2890,6493,3162,3331,5680,2712,2968,3245,1543,1702,811,390,421,
20300,3247,1561,1686,5682,2792,2890,6493,3162,3331,5681,2713,2968,3245,1543,1702,812,390,422,
20305,3248,1562,1686,5683,2793,2890,6494,3163,3331,5682,2713,2969,3247,1545,1702,812,390,422,
20310,3249,1562,1687,5685,2795,2890,6497,3164,3333,5684,2714,2970,3248,1546,1702,812,390,422,
20315,3250,1562,1688,5686,2796,2890,6498,3165,3333,5686,2714,2972,3248,1546,1702,812,390,422,
20320,3251,1562,1689,5688,2797,2891,6501,3165,3336,5687,2715,2972,3249,1547,1702,812,390,422,
20325,3251,1562,1689,5689,2797,2892,6501,3165,3336,5688,2715,2973,3249,1547,1702,813,391,422,
20330,3252,1562,1690,5690,2797,2893,6502,3165,3337,5689,2716,2973,3251,1547,1704,813,391,422,
20335,3253,1562,1691,5692,2797,2895,6505,3168,3337,5691,2717,2974,3252,1548,1704,813,391,422,
20340,3254,1563,1691,5693,2797,2896,6506,3169,3337,5693,2717,2976,3252,1548,1704,813,391,422,
20345,3255,1564,1691,5695,2798,2897,6509,3171,3338,5694,2717,2977,3253,1548,1705,813,391,422,
20350,3255,1564,1691,5696,2799,2897,6509,3171,3338,5695,2718,2977,3253,1548,1705,814,391,423,
20355,3256,1565,1691,5697,2800,2897,6510,3171,3339,5696,2719,2977,3255,1549,1706,814,391,423,
20360,3257,1566,1691,5699,2800,2899,6513,3172,3341,5698,2719,2979,3256,1549,1707,814,391,423,
20365,3258,1566,1692,5700,2801,2899,6514,3173,3341,5700,2720,2980,3256,1549,1707,814,391,423,
20370,3259,1567,1692,5702,2801,2901,6517,3175,3342,5701,2721,2980,3257,1550,1707,814,391,423,
20375,3259,1567,1692,5703,2801,2902,6517,3175,3342,5702,2722,2980,3257,1550,1707,815,391,424,
20380,3260,1567,1693,5704,2801,2903,6518,3175,3343,5703,2723,2980,3259,1551,1708,815,391,424,
20385,3261,1567,1694,5706,2802,2904,6521,3176,3345,5705,2725,2980,3260,1551,1709,815,391,424,
20390,3262,1568,1694,5707,2802,2905,6522,3176,3346,5707,2726,2981,3260,1551,1709,815,391,424,
20395,3263,1569,1694,5709,2803,2906,6525,3178,3347,5708,2727,2981,3261,1551,1710,815,391,424,
20400,3263,1569,1694,5710,2803,2907,6525,3178,3347,5709,2727,2982,3261,1551,1710,816,391,425,
20405,3264,1570,1694,5711,2803,2908,6526,3178,3348,5710,2727,2983,3263,1551,1712,816,391,425,
20410,3265,1570,1695,5713,2803,2910,6529,3178,3351,5712,2729,2983,3264,1552,1712,816,391,425,
20415,3266,1570,1696,5714,2803,2911,6530,3179,3351,5714,2730,2984,3264,1552,1712,816,391,425,
20420,3267,1570,1697,5716,2804,2912,6533,3180,3353,5715,2730,2985,3265,1552,1713,816,391,425,
20425,3267,1570,1697,5717,2805,2912,6533,3180,3353,5716,2731,2985,3265,1552,1713,817,392,425,
20430,3268,1570,1698,5718,2805,2913,6534,3180,3354,5717,2732,2985,3267,1553,1714,817,392,425,
20435,3269,1570,1699,5720,2806,2914,6537,3182,3355,5719,2733,2986,3268,1553,1715,817,392,425,
20440,3270,1570,1700,5721,2806,2915,6538,3182,3356,5721,2734,2987,3268,1553,1715,817,392,425,
20445,3271,1571,1700,5723,2807,2916,6541,3184,3357,5722,2735,2987,3269,1554,1715,817,392,425,
20450,3271,1571,1700,5724,2807,2917,6541,3184,3357,5723,2735,2988,3269,1554,1715,818,392,426,
20455,3272,1572,1700,5725,2808,2917,6542,3184,3358,5724,2736,2988,3271,1554,1717,818,392,426,
20460,3273,1572,1701,5727,2809,2918,6545,3186,3359,5726,2737,2989,3272,1555,1717,818,392,426,
20465,3274,1572,1702,5728,2809,2919,6546,3186,3360,5728,2738,2990,3272,1555,1717,818,392,426,
20470,3275,1573,1702,5730,2809,2921,6549,3188,3361,5729,2738,2991,3273,1556,1717,818,392,426,
20475,3275,1573,1702,5731,2809,2922,6549,3188,3361,5730,2738,2992,3273,1556,1717,819,392,427,
20480,3276,1573,1703,5732,2809,2923,6550,3189,3361,5731,2739,2992,3275,1557,1718,819,392,427,
20485,3277,1573,1704,5734,2810,2924,6553,3190,3363,5733,2741,2992,3276,1557,1719,819,392,427,
20490,3278,1573,1705,5735,2810,2925,6554,3190,3364,5735,2741,2994,3276,1557,1719,819,392,427,
20495,3279,1573,1706,5737,2812,2925,6557,3192,3365,5736,2741,2995,3277,1558,1719,819,392,427,
20500,3279,1573,1706,5738,2813,2925,6557,3192,3365,5737,2741,2996,3277,1558,1719,820,393,427,
20505,3280,1573,1707,5739,2814,2925,6558,3192,3366,5738,2741,2997,3279,1560,1719,820,393,427,
20510,3281,1573,1708,5741,2815,2926,6561,3193,3368,5740,2741,2999,3280,1560,1720,820,393,427,
20515,3282,1573,1709,5742,2815,2927,6562,3193,3369,5742,2743,2999,3280,1560,1720,820,393,427,
20520,3283,1574,1709,5744,2815,2929,6565,3195,3370,5743,2743,3000,3281,1560,1721,820,393,427,
20525,3283,1574,1709,5745,2815,2930,6565,3195,3370,5744,2743,3001,3281,1560,1721,821,393,428,
20530,3284,1574,1710,5746,2815,2931,6566,3195,3371,5745,2744,3001,3283,1561,1722,821,393,428,
20535,3285,1574,1711,5748,2816,2932,6569,3197,3372,5747,2745,3002,3284,1561,1723,821,393,428,
20540,3286,1575,1711,5749,2816,2933,6570,3197,3373,5749,2746,3003,3284,1561,1723,821,393,428,
20545,3287,1575,1712,5751,2816,2935,6573,3199,3374,5750,2746,3004,3285,1561,1724,821,393,428,
20550,3287,1575,1712,5752,2817,2935,6573,3199,3374,5751,2747,3004,3285,1561,1724,822,394,428,
20555,3288,1576,1712,5753,2818,2935,6574,3199,3375,5752,2748,3004,3287,1562,1725,822,394,428,
20560,3289,1577,1712,5755,2818,2937,6577,3200,3377,5754,2749,3005,3288,1562,1726,822,394,428,
20565,3290,1577,1713,5756,2818,2938,6578,3201,3377,5756,2749,3007,3288,1562,1726,822,394,428,
20570,3291,1578,1713,5758,2819,2939,6581,3202,3379,5757,2749,3008,3289,1563,1726,822,394,428,
20575,3291,1578,1713,5759,2820,2939,6581,3202,3379,5758,2749,3009,3289,1563,1726,823,394,429,
20580,3292,1579,1713,5760,2821,2939,6582,3203,3379,5759,2749,3010,3291,1563,1728,823,394,429,
20585,3293,1580,1713,5762,2821,2941,6585,3203,3382,5761,2751,3010,3292,1564,1728,823,394,429,
20590,3294,1581,1713,5763,2821,2942,6586,3203,3383,5763,2752,3011,3292,1564,1728,823,394,429,
20595,3295,1581,1714,5765,2823,2942,6589,3204,3385,5764,2753,3011,3293,1564,1729,823,394,429,
20600,3295,1581,1714,5766,2824,2942,6589,3204,3385,5765,2753,3012,3293,1564,1729,824,395,429,
20605,3296,1581,1715,5767,2824,2943,6590,3204,3386,5766,2754,3012,3295,1565,1730,824,395,429,
20610,3297,1582,1715,5769,2825,2944,6593,3205,3388,5768,2755,3013,3296,1566,1730,824,395,429,
20615,3298,1582,1716,5770,2825,2945,6594,3205,3389,5770,2756,3014,3296,1566,1730,824,395,429,
20620,3299,1583,1716,5772,2827,2945,6597,3206,3391,5771,2756,3015,3297,1566,1731,824,395,429,
20625,3299,1583,1716,5773,2827,2946,6597,3206,3391,5772,2757,3015,3297,1566,1731,825,395,430,
20630,3300,1583,1717,5774,2828,2946,6598,3207,3391,5773,2757,3016,3299,1566,1733,825,395,430,
20635,3301,1583,1718,5776,2828,2948,6601,3209,3392,5775,2757,3018,3300,1567,1733,825,395,430,
20640,3302,1583,1719,5777,2828,2949,6602,3210,3392,5777,2759,3018,3300,1567,1733,825,395,430,
20645,3303,1584,1719,5779,2829,2950,6605,3212,3393,5778,2760,3018,3301,1567,1734,825,395,430,
20650,3303,1584,1719,5780,2830,2950,6605,3212,3393,5779,2761,3018,3301,1567,1734,826,395,431,
20655,3304,1584,1720,5781,2831,2950,6606,3212,3394,5780,2762,3018,3303,1567,1736,826,395,431,
20660,3305,1584,1721,5783,2832,2951,6609,3213,3396,5782,2764,3018,3304,1568,1736,826,395,431,
20665,3306,1584,1722,5784,2833,2951,6610,3214,3396,5784,2765,3019,3304,1568,1736,826,395,431,
20670,3307,1585,1722,5786,2833,2953,6613,3216,3397,5785,2765,3020,3305,1568,1737,826,395,431,
20675,3307,1585,1722,5787,2833,2954,6613,3216,3397,5786,2766,3020,3305,1568,1737,827,395,432,
20680,3308,1586,1722,5788,2834,2954,6614,3217,3397,5787,2767,3020,3307,1570,1737,827,395,432,
20685,3309,1587,1722,5790,2835,2955,6617,3219,3398,5789,2767,3022,3308,1571,1737,827,395,432,
20690,3310,1587,1723,5791,2836,2955,6618,3219,3399,5791,2768,3023,3308,1571,1737,827,395,432,
20695,3311,1587,1724,5793,2838,2955,6621,3222,3399,5792,2768,3024,3309,1571,1738,827,395,432,
20700,3311,1587,1724,5794,2838,2956,6621,3222,3399,5793,2769,3024,3309,1571,1738,828,396,432,
20705,3312,1588,1724,5795,2838,2957,6622,3223,3399,5794,2769,3025,3311,1573,1738,828,396,432,
20710,3313,1588,1725,5797,2838,2959,6625,3224,3401,5796,2771,3025,3312,1574,1738,828,396,432,
20715,3314,1589,1725,5798,2838,2960,6626,3225,3401,5798,2772,3026,3312,1574,1738,828,396,432,
20720,3315,1589,1726,5800,2840,2960,6629,3227,3402,5799,2773,3026,3313,1575,1738,828,396,432,
20725,3315,1589,1726,5801,2840,2961,6629,3227,3402,5800,2774,3026,3313,1575,1738,829,397,432,
20730,3316,1589,1727,5802,2840,2962,6630,3228,3402,5801,2774,3027,3315,1576,1739,829,397,432,
20735,3317,1590,1727,5804,2841,2963,6633,3230,3403,5803,2775,3028,3316,1577,1739,829,397,432,
20740,3318,1590,1728,5805,2842,2963,6634,3231,3403,5805,2776,3029,3316,1577,1739,829,397,432,
20745,3319,1591,1728,5807,2843,2964,6637,3233,3404,5806,2777,3029,3317,1577,1740,829,397,432,
20750,3319,1591,1728,5808,2843,2965,6637,3233,3404,5807,2777,3030,3317,1577,1740,830,397,433,
20755,3320,1591,1729,5809,2844,2965,6638,3233,3405,5808,2777,3031,3319,1578,1741,830,397,433,
20760,3321,1592,1729,5811,2845,2966,6641,3235,3406,5810,2779,3031,3320,1578,1742,830,397,433,
20765,3322,1593,1729,5812,2845,2967,6642,3235,3407,5812,2779,3033,3320,1578,1742,830,397,433,
20770,3323,1593,1730,5814,2845,2969,6645,3235,3410,5813,2779,3034,3321,1579,1742,830,397,433,
20775,3323,1593,1730,5815,2845,2970,6645,3235,3410,5814,2779,3035,3321,1579,1742,831,398,433,
20780,3324,1594,1730,5816,2845,2971,6646,3236,3410,5815,2779,3036,3323,1580,1743,831,398,433,
20785,3325,1594,1731,5818,2846,2972,6649,3237,3412,5817,2780,3037,3324,1581,1743,831,398,433,
20790,3326,1594,1732,5819,2846,2973,6650,3238,3412,5819,2781,3038,3324,1581,1743,831,398,433,
20795,3327,1595,1732,5821,2847,2974,6653,3238,3415,5820,2781,3039,3325,1582,1743,831,398,433,
20800,3327,1595,1732,5822,2847,2975,6653,3238,3415,5821,2782,3039,3325,1582,1743,832,399,433,
20805,3328,1595,1733,5823,2848,2975,6654,3239,3415,5822,2782,3040,3327,1584,1743,832,399,433,
20810,3329,1596,1733,5825,2849,2976,6657,3241,3416,5824,2783,3041,3328,1584,1744,832,399,433,
20815,3330,1597,1733,5826,2850,2976,6658,3242,3416,5826,2783,3043,3328,1584,1744,832,399,433,
20820,3331,1598,1733,5828,2852,2976,6661,3245,3416,5827,2784,3043,3329,1584,1745,832,399,433,
20825,3331,1598,1733,5829,2852,2977,6661,3245,3416,5828,2785,3043,3329,1584,1745,833,400,433,
20830,3332,1598,1734,5830,2852,2978,6662,3246,3416,5829,2785,3044,3331,1585,1746,833,400,433,
20835,3333,1598,1735,5832,2852,2980,6665,3246,3419,5831,2787,3044,3332,1585,1747,833,400,433,
20840,3334,1599,1735,5833,2853,2980,6666,3246,3420,5833,2789,3044,3332,1585,1747,833,400,433,
20845,3335,1600,1735,5835,2854,2981,6669,3247,3422,5834,2790,3044,3333,1586,1747,833,400,433,
20850,3335,1600,1735,5836,2854,2982,6669,3247,3422,5835,2790,3045,3333,1586,1747,834,400,434,
20855,3336,1601,1735,5837,2855,2982,6670,3248,3422,5836,2790,3046,3335,1587,1748,834,400,434,
20860,3337,1601,1736,5839,2855,2984,6673,3248,3425,5838,2792,3046,3336,1588,1748,834,400,434,
20865,3338,1602,1736,5840,2856,2984,6674,3249,3425,5840,2792,3048,3336,1588,1748,834,400,434,
20870,3339,1603,1736,5842,2857,2985,6677,3249,3428,5841,2792,3049,3337,1589,1748,834,400,434,
20875,3339,1603,1736,5843,2858,2985,6677,3249,3428,5842,2792,3050,3337,1589,1748,835,400,435,
20880,3340,1603,1737,5844,2859,2985,6678,3250,3428,5843,2792,3051,3339,1590,1749,835,400,435,
20885,3341,1603,1738,5846,2860,2986,6681,3250,3431,5845,2792,3053,3340,1591,1749,835,400,435,
20890,3342,1604,1738,5847,2860,2987,6682,3250,3432,5847,2793,3054,3340,1591,1749,835,400,435,
20895,3343,1604,1739,5849,2861,2988,6685,3252,3433,5848,2793,3055,3341,1592,1749,835,400,435,
20900,3343,1604,1739,5850,2862,2988,6685,3252,3433,5849,2793,3056,3341,1592,1749,836,400,436,
20905,3344,1605,1739,5851,2862,2989,6686,3253,3433,5850,2793,3057,3343,1593,1750,836,400,436,
20910,3345,1605,1740,5853,2864,2989,6689,3254,3435,5852,2794,3058,3344,1594,1750,836,400,436,
20915,3346,1606,1740,5854,2864,2990,6690,3254,3436,5854,2796,3058,3344,1594,1750,836,400,436,
20920,3347,1606,1741,5856,2865,2991,6693,3255,3438,5855,2797,3058,3345,1595,1750,836,400,436,
20925,3347,1606,1741,5857,2865,2992,6693,3255,3438,5856,2797,3059,3345,1595,1750,837,401,436,
20930,3348,1607,1741,5858,2865,2993,6694,3255,3439,5857,2797,3060,3347,1596,1751,837,401,436,
20935,3349,1608,1741,5860,2866,2994,6697,3256,3441,5859,2798,3061,3348,1597,1751,837,401,436,
20940,3350,1608,1742,5861,2866,2995,6698,3257,3441,5861,2800,3061,3348,1597,1751,837,401,436,
20945,3351,1608,1743,5863,2866,2997,6701,3258,3443,5862,2801,3061,3349,1598,1751,837,401,436,
20950,3351,1608,1743,5864,2867,2997,6701,3258,3443,5863,2801,3062,3349,1598,1751,838,401,437,
20955,3352,1608,1744,5865,2867,2998,6702,3258,3444,5864,2802,3062,3351,1600,1751,838,401,437,
20960,3353,1608,1745,5867,2868,2999,6705,3260,3445,5866,2803,3063,3352,1601,1751,838,401,437,
20965,3354,1608,1746,5868,2869,2999,6706,3260,3446,5868,2803,3065,3352,1601,1751,838,401,437,
20970,3355,1609,1746,5870,2870,3000,6709,3261,3448,5869,2804,3065,3353,1601,1752,838,401,437,
20975,3355,1609,1746,5871,2871,3000,6709,3261,3448,5870,2805,3065,3353,1601,1752,839,402,437,
20980,3356,1610,1746,5872,2871,3001,6710,3261,3449,5871,2805,3066,3355,1603,1752,839,402,437,
20985,3357,1610,1747,5874,2873,3001,6713,3263,3450,5873,2805,3068,3356,1604,1752,839,402,437,
20990,3358,1611,1747,5875,2873,3002,6714,3263,3451,5875,2807,3068,3356,1604,1752,839,402,437,
20995,3359,1612,1747,5877,2874,3003,6717,3265,3452,5876,2807,3069,3357,1604,1753,839,402,437,
21000,3359,1612,1747,5878,2874,3004,6717,3265,3452,5877,2807,3070,3357,1604,1753,840,403,437,
21005,3360,1612,1748,5879,2875,3004,6718,3266,3452,5878,2808,3070,3359,1605,1754,840,403,437,
21010,3361,1612,1749,5881,2875,3006,6721,3267,3454,5880,2810,3070,3360,1606,1754,840,403,437,
21015,3362,1613,1749,5882,2876,3006,6722,3268,3454,5882,2812,3070,3360,1606,1754,840,403,437,
21020,3363,1613,1750,5884,2878,3006,6725,3270,3455,5883,2812,3071,3361,1606,1755,840,403,437,
21025,3363,1613,1750,5885,2878,3007,6725,3270,3455,5884,2812,3072,3361,1606,1755,841,403,438,
21030,3364,1614,1750,5886,2878,3008,6726,3270,3456,5885,2812,3073,3363,1608,1755,841,403,438,
21035,3365,1615,1750,5888,2879,3009,6729,3271,3458,5887,2813,3074,3364,1609,1755,841,403,438,
21040,3366,1615,1751,5889,2879,3010,6730,3271,3459,5889,2814,3075,3364,1609,1755,841,403,438,
21045,3367,1616,1751,5891,2879,3012,6733,3273,3460,5890,2814,3076,3365,1609,1756,841,403,438,
21050,3367,1616,1751,5892,2880,3012,6733,3273,3460,5891,2815,3076,3365,1609,1756,842,403,439,
21055,3368,1617,1751,5893,2881,3012,6734,3274,3460,5892,2815,3077,3367,1610,1757,842,403,439,
21060,3369,1617,1752,5895,2882,3013,6737,3276,3461,5894,2815,3079,3368,1610,1758,842,403,439,
21065,3370,1618,1752,5896,2882,3014,6738,3277,3461,5896,2816,3080,3368,1610,1758,842,403,439,
21070,3371,1618,1753,5898,2882,3016,6741,3278,3463,5897,2817,3080,3369,1610,1759,842,403,439,
21075,3371,1618,1753,5899,2882,3017,6741,3278,3463,5898,2818,3080,3369,1610,1759,843,403,440,
21080,3372,1618,1754,5900,2882,3018,6742,3279,3463,5899,2818,3081,3371,1611,1760,843,403,440,
21085,3373,1618,1755,5902,2882,3020,6745,3280,3465,5901,2819,3082,3372,1611,1761,843,403,440,
21090,3374,1619,1755,5903,2882,3021,6746,3280,3466,5903,2820,3083,3372,1611,1761,843,403,440,
21095,3375,1620,1755,5905,2884,3021,6749,3280,3469,5904,2821,3083,3373,1611,1762,843,403,440,
21100,3375,1620,1755,5906,2885,3021,6749,3280,3469,5905,2821,3084,3373,1611,1762,844,403,441,
21105,3376,1620,1756,5907,2886,3021,6750,3281,3469,5906,2821,3085,3375,1613,1762,844,403,441,
21110,3377,1620,1757,5909,2887,3022,6753,3282,3471,5908,2821,3087,3376,1613,1763,844,403,441,
21115,3378,1620,1758,5910,2888,3022,6754,3282,3472,5910,2821,3089,3376,1613,1763,844,403,441,
21120,3379,1620,1759,5912,2890,3022,6757,3284,3473,5911,2822,3089,3377,1614,1763,844,403,441,
21125,3379,1620,1759,5913,2890,3023,6757,3284,3473,5912,2822,3090,3377,1614,1763,845,404,441,
21130,3380,1620,1760,5914,2891,3023,6758,3285,3473,5913,2822,3091,3379,1616,1763,845,404,441,
21135,3381,1621,1760,5916,2892,3024,6761,3287,3474,5915,2823,3092,3380,1617,1763,845,404,441,
21140,3382,1622,1760,5917,2893,3024,6762,3288,3474,5917,2824,3093,3380,1617,1763,845,404,441,
21145,3383,1622,1761,5919,2895,3024,6765,3288,3477,5918,2825,3093,3381,1618,1763,845,404,441,
21150,3383,1622,1761,5920,2896,3024,6765,3288,3477,5919,2826,3093,3381,1618,1763,846,405,441,
21155,3384,1623,1761,5921,2896,3025,6766,3289,3477,5920,2827,3093,3383,1619,1764,846,405,441,
21160,3385,1624,1761,5923,2897,3026,6769,3289,3480,5922,2828,3094,3384,1620,1764,846,405,441,
21165,3386,1625,1761,5924,2897,3027,6770,3289,3481,5924,2830,3094,3384,1620,1764,846,405,441,
21170,3387,1625,1762,5926,2898,3028,6773,3292,3481,5925,2830,3095,3385,1621,1764,846,405,441,
21175,3387,1625,1762,5927,2898,3029,6773,3292,3481,5926,2831,3095,3385,1621,1764,847,405,442,
21180,3388,1626,1762,5928,2898,3030,6774,3292,3482,5927,2832,3095,3387,1622,1765,847,405,442,
21185,3389,1626,1763,5930,2898,3032,6777,3295,3482,5929,2832,3097,3388,1622,1766,847,405,442,
21190,3390,1627,1763,5931,2899,3032,6778,3296,3482,5931,2834,3097,3388,1622,1766,847,405,442,
21195,3391,1628,1763,5933,2900,3033,6781,3298,3483,5932,2834,3098,3389,1622,1767,847,405,442,
21200,3391,1628,1763,5934,2901,3033,6781,3298,3483,5933,2834,3099,3389,1622,1767,848,405,443,
21205,3392,1628,1764,5935,2902,3033,6782,3299,3483,5934,2834,3100,3391,1623,1768,848,405,443,
21210,3393,1629,1764,5937,2903,3034,6785,3300,3485,5936,2834,3102,3392,1624,1768,848,405,443,
21215,3394,1629,1765,5938,2904,3034,6786,3301,3485,5938,2836,3102,3392,1624,1768,848,405,443,
21220,3395,1630,1765,5940,2906,3034,6789,3301,3488,5939,2836,3103,3393,1625,1768,848,405,443,
21225,3395,1630,1765,5941,2906,3035,6789,3301,3488,5940,2836,3104,3393,1625,1768,849,406,443,
21230,3396,1631,1765,5942,2907,3035,6790,3302,3488,5941,2837,3104,3395,1625,1770,849,406,443,
21235,3397,1632,1765,5944,2907,3037,6793,3303,3490,5943,2837,3106,3396,1626,1770,849,406,443,
21240,3398,1632,1766,5945,2907,3038,6794,3304,3490,5945,2838,3107,3396,1626,1770,849,406,443,
21245,3399,1633,1766,5947,2908,3039,6797,3306,3491,5946,2838,3108,3397,1627,1770,849,406,443,
21250,3399,1633,1766,5948,2908,3040,6797,3306,3491,5947,2839,3108,3397,1627,1770,850,407,443,
21255,3400,1634,1766,5949,2909,3040,6798,3307,3491,5948,2839,3109,3399,1628,1771,850,407,443,
21260,3401,1634,1767,5951,2910,3041,6801,3308,3493,5950,2840,3110,3400,1629,1771,850,407,443,
21265,3402,1634,1768,5952,2911,3041,6802,3308,3494,5952,2841,3111,3400,1629,1771,850,407,443,
21270,3403,1635,1768,5954,2912,3042,6805,3309,3496,5953,2841,3112,3401,1629,1772,850,407,443,
21275,3403,1635,1768,5955,2913,3042,6805,3309,3496,5954,2841,3113,3401,1629,1772,851,408,443,
21280,3404,1635,1769,5956,2913,3043,6806,3309,3497,5955,2842,3113,3403,1629,1774,851,408,443,
21285,3405,1636,1769,5958,2914,3044,6809,3311,3498,5957,2843,3114,3404,1629,1775,851,408,443,
21290,3406,1636,1770,5959,2914,3045,6810,3312,3498,5959,2843,3116,3404,1629,1775,851,408,443,
21295,3407,1636,1771,5961,2916,3045,6813,3312,3501,5960,2844,3116,3405,1630,1775,851,408,443,
21300,3407,1636,1771,5962,2917,3045,6813,3312,3501,5961,2845,3116,3405,1630,1775,852,409,443,
21305,3408,1636,1772,5963,2918,3045,6814,3312,3502,5962,2846,3116,3407,1631,1776,852,409,443,
21310,3409,1637,1772,5965,2919,3046,6817,3313,3504,5964,2847,3117,3408,1632,1776,852,409,443,
21315,3410,1638,1772,5966,2919,3047,6818,3313,3505,5966,2849,3117,3408,1632,1776,852,409,443,
21320,3411,1639,1772,5968,2920,3048,6821,3316,3505,5967,2849,3118,3409,1632,1777,852,409,443,
21325,3411,1639,1772,5969,2921,3048,6821,3316,3505,5968,2849,3119,3409,1632,1777,853,410,443,
21330,3412,1640,1772,5970,2921,3049,6822,3316,3506,5969,2850,3119,3411,1634,1777,853,410,443,
21335,3413,1640,1773,5972,2921,3051,6825,3316,3509,5971,2850,3121,3412,1635,1777,853,410,443,
21340,3414,1641,1773,5973,2922,3051,6826,3316,3510,5973,2851,3122,3412,1635,1777,853,410,443,
21345,3415,1642,1773,5975,2923,3052,6829,3318,3511,5974,2852,3122,3413,1636,1777,853,410,443,
21350,3415,1642,1773,5976,2923,3053,6829,3318,3511,5975,2852,3123,3413,1636,1777,854,410,444,
21355,3416,1643,1773,5977,2923,3054,6830,3319,3511,5976,2852,3124,3415,1636,1779,854,410,444,
21360,3417,1643,1774,5979,2924,3055,6833,3321,3512,5978,2852,3126,3416,1637,1779,854,410,444,
21365,3418,1644,1774,5980,2925,3055,6834,3322,3512,5980,2853,3127,3416,1637,1779,854,410,444,
21370,3419,1644,1775,5982,2926,3056,6837,3323,3514,5981,2854,3127,3417,1638,1779,854,410,444,
21375,3419,1644,1775,5983,2927,3056,6837,3323,3514,5982,2854,3128,3417,1638,1779,855,411,444,
21380,3420,1644,1776,5984,2928,3056,6838,3324,3514,5983,2855,3128,3419,1639,1780,855,411,444,
21385,3421,1645,1776,5986,2929,3057,6841,3325,3516,5985,2855,3130,3420,1640,1780,855,411,444,
21390,3422,1646,1776,5987,2929,3058,6842,3325,3517,5987,2856,3131,3420,1640,1780,855,411,444,
21395,3423,1647,1776,5989,2930,3059,6845,3325,3520,5988,2856,3132,3421,1640,1781,855,411,444,
21400,3423,1647,1776,5990,2931,3059,6845,3325,3520,5989,2857,3132,3421,1640,1781,856,411,445,
21405,3424,1648,1776,5991,2932,3059,6846,3326,3520,5990,2858,3132,3423,1641,1782,856,411,445,
21410,3425,1649,1776,5993,2933,3060,6849,3328,3521,5992,2858,3134,3424,1641,1783,856,411,445,
21415,3426,1649,1777,5994,2933,3061,6850,3329,3521,5994,2860,3134,3424,1641,1783,856,411,445,
21420,3427,1650,1777,5996,2935,3061,6853,3330,3523,5995,2861,3134,3425,1641,1784,856,411,445,
21425,3427,1650,1777,5997,2935,3062,6853,3330,3523,5996,2861,3135,3425,1641,1784,857,411,446,
21430,3428,1650,1778,5998,2936,3062,6854,3330,3524,5997,2861,3136,3427,1642,1785,857,411,446,
21435,3429,1650,1779,6000,2937,3063,6857,3332,3525,5999,2862,3137,3428,1643,1785,857,411,446,
21440,3430,1650,1780,6001,2937,3064,6858,3333,3525,6001,2862,3139,3428,1643,1785,857,411,446,
21445,3431,1650,1781,6003,2938,3065,6861,3334,3527,6002,2862,3140,3429,1644,1785,857,411,446,
21450,3431,1650,1781,6004,2939,3065,6861,3334,3527,6003,2863,3140,3429,1644,1785,858,411,447,
21455,3432,1650,1782,6005,2940,3065,6862,3335,3527,6004,2864,3140,3431,1645,1786,858,411,447,
21460,3433,1651,1782,6007,2941,3066,6865,3335,3530,6006,2865,3141,3432,1645,1787,858,411,447,
21465,3434,1651,1783,6008,2942,3066,6866,3336,3530,6008,2866,3142,3432,1645,1787,858,411,447,
21470,3435,1652,1783,6010,2943,3067,6869,3337,3532,6009,2866,3143,3433,1645,1788,858,411,447,
21475,3435,1652,1783,6011,2944,3067,6869,3337,3532,6010,2866,3144,3433,1645,1788,859,412,447,
21480,3436,1653,1783,6012,2945,3067,6870,3338,3532,6011,2866,3145,3435,1646,1789,859,412,447,
21485,3437,1654,1783,6014,2945,3069,6873,3340,3533,6013,2867,3146,3436,1646,1790,859,412,447,
21490,3438,1654,1784,6015,2945,3070,6874,3341,3533,6015,2868,3147,3436,1646,1790,859,412,447,
21495,3439,1655,1784,6017,2946,3071,6877,3342,3535,6016,2868,3148,3437,1647,1790,859,412,447,
21500,3439,1655,1784,6018,2946,3072,6877,3342,3535,6017,2869,3148,3437,1647,1790,860,412,448,
21505,3440,1655,1785,6019,2947,3072,6878,3343,3535,6018,2869,3149,3439,1649,1790,860,412,448,
21510,3441,1655,1786,6021,2948,3073,6881,3344,3537,6020,2869,3151,3440,1650,1790,860,412,448,
21515,3442,1656,1786,6022,2948,3074,6882,3344,3538,6022,2870,3152,3440,1650,1790,860,412,448,
21520,3443,1657,1786,6024,2949,3075,6885,3346,3539,6023,2870,3153,3441,1651,1790,860,412,448,
21525,3443,1657,1786,6025,2950,3075,6885,3346,3539,6024,2870,3154,3441,1651,1790,861,413,448,
21530,3444,1657,1787,6026,2950,3076,6886,3346,3540,6025,2871,3154,3443,1653,1790,861,413,448,
21535,3445,1657,1788,6028,2951,3077,6889,3346,3543,6027,2873,3154,3444,1654,1790,861,413,448,
21540,3446,1657,1789,6029,2951,3078,6890,3347,3543,6029,2875,3154,3444,1654,1790,861,413,448,
21545,3447,1658,1789,6031,2952,3079,6893,3347,3546,6030,2875,3155,3445,1655,1790,861,413,448,
21550,3447,1658,1789,6032,2952,3080,6893,3347,3546,6031,2875,3156,3445,1655,1790,862,414,448,
21555,3448,1658,1790,6033,2953,3080,6894,3347,3547,6032,2876,3156,3447,1656,1791,862,414,448,
21560,3449,1659,1790,6035,2954,3081,6897,3348,3549,6034,2877,3157,3448,1656,1792,862,414,448,
21565,3450,1660,1790,6036,2954,3082,6898,3349,3549,6036,2878,3158,3448,1656,1792,862,414,448,
21570,3451,1661,1790,6038,2956,3082,6901,3350,3551,6037,2878,3159,3449,1656,1793,862,414,448,
21575,3451,1661,1790,6039,2957,3082,6901,3350,3551,6038,2878,3160,3449,1656,1793,863,415,448,
21580,3452,1662,1790,6040,2958,3082,6902,3350,3552,6039,2878,3161,3451,1657,1794,863,415,448,
21585,3453,1663,1790,6042,2959,3083,6905,3351,3554,6041,2879,3162,3452,1657,1795,863,415,448,
21590,3454,1664,1790,6043,2959,3084,6906,3352,3554,6043,2881,3162,3452,1657,1795,863,415,448,
21595,3455,1665,1790,6045,2960,3085,6909,3354,3555,6044,2882,3162,3453,1658,1795,863,415,448,
21600,3455,1665,1790,6046,2961,3085,6909,3354,3555,6045,2883,3162,3453,1658,1795,864,415,449,
21605,3456,1665,1791,6047,2961,3086,6910,3354,3556,6046,2883,3163,3455,1660,1795,864,415,449,
21610,3457,1666,1791,6049,2962,3087,6913,3356,3557,6048,2885,3163,3456,1660,1796,864,415,449,
21615,3458,1666,1792,6050,2962,3088,6914,3356,3558,6050,2886,3164,3456,1660,1796,864,415,449,
21620,3459,1667,1792,6052,2964,3088,6917,3359,3558,6051,2886,3165,3457,1661,1796,864,415,449,
21625,3459,1667,1792,6053,2965,3088,6917,3359,3558,6052,2887,3165,3457,1661,1796,865,415,450,
21630,3460,1667,1793,6054,2966,3088,6918,3359,3559,6053,2888,3165,3459,1662,1797,865,415,450,
21635,3461,1668,1793,6056,2966,3090,6921,3360,3561,6055,2889,3166,3460,1662,1798,865,415,450,
21640,3462,1668,1794,6057,2966,3091,6922,3361,3561,6057,2890,3167,3460,1662,1798,865,415,450,
21645,3463,1668,1795,6059,2968,3091,6925,3364,3561,6058,2890,3168,3461,1662,1799,865,415,450,
21650,3463,1668,1795,6060,2969,3091,6925,3364,3561,6059,2890,3169,3461,1662,1799,866,416,450,
21655,3464,1669,1795,6061,2970,3091,6926,3365,3561,6060,2890,3170,3463,1664,1799,866,416,450,
21660,3465,1670,1795,6063,2971,3092,6929,3368,3561,6062,2892,3170,3464,1665,1799,866,416,450,
21665,3466,1671,1795,6064,2972,3092,6930,3369,3561,6064,2894,3170,3464,1665,1799,866,416,450,
21670,3467,1671,1796,6066,2973,3093,6933,3371,3562,6065,2894,3171,3465,1666,1799,866,416,450,
21675,3467,1671,1796,6067,2973,3094,6933,3371,3562,6066,2894,3172,3465,1666,1799,867,417,450,
21680,3468,1672,1796,6068,2973,3095,6934,3372,3562,6067,2895,3172,3467,1667,1800,867,417,450,
21685,3469,1672,1797,6070,2974,3096,6937,3373,3564,6069,2895,3174,3468,1667,1801,867,417,450,
21690,3470,1672,1798,6071,2975,3096,6938,3373,3565,6071,2895,3176,3468,1667,1801,867,417,450,
21695,3471,1673,1798,6073,2977,3096,6941,3373,3568,6072,2895,3177,3469,1667,1802,867,417,450,
21700,3471,1673,1798,6074,2977,3097,6941,3373,3568,6073,2895,3178,3469,1667,1802,868,417,451,
21705,3472,1674,1798,6075,2978,3097,6942,3374,3568,6074,2895,3179,3471,1669,1802,868,417,451,
21710,3473,1674,1799,6077,2978,3099,6945,3375,3570,6076,2897,3179,3472,1669,1803,868,417,451,
21715,3474,1675,1799,6078,2979,3099,6946,3375,3571,6078,2897,3181,3472,1669,1803,868,417,451,
21720,3475,1676,1799,6080,2980,3100,6949,3376,3573,6079,2898,3181,3473,1670,1803,868,417,451,
21725,3475,1676,1799,6081,2980,3101,6949,3376,3573,6080,2899,3181,3473,1670,1803,869,417,452,
21730,3476,1677,1799,6082,2981,3101,6950,3377,3573,6081,2899,3182,3475,1671,1804,869,417,452,
21735,3477,1677,1800,6084,2981,3103,6953,3380,3573,6083,2899,3184,3476,1671,1805,869,417,452,
21740,3478,1677,1801,6085,2982,3103,6954,3380,3574,6085,2901,3184,3476,1671,1805,869,417,452,
21745,3479,1678,1801,6087,2983,3104,6957,3382,3575,6086,2902,3184,3477,1672,1805,869,417,452,
21750,3479,1678,1801,6088,2984,3104,6957,3382,3575,6087,2902,3185,3477,1672,1805,870,418,452,
21755,3480,1679,1801,6089,2985,3104,6958,3382,3576,6088,2902,3186,3479,1672,1807,870,418,452,
21760,3481,1679,1802,6091,2986,3105,6961,3384,3577,6090,2903,3187,3480,1672,1808,870,418,452,
21765,3482,1679,1803,6092,2987,3105,6962,3385,3577,6092,2904,3188,3480,1672,1808,870,418,452,
21770,3483,1680,1803,6094,2988,3106,6965,3386,3579,6093,2905,3188,3481,1672,1809,870,418,452,
21775,3483,1680,1803,6095,2989,3106,6965,3386,3579,6094,2905,3189,3481,1672,1809,871,419,452,
21780,3484,1681,1803,6096,2989,3107,6966,3386,3580,6095,2905,3190,3483,1673,1810,871,419,452,
21785,3485,1681,1804,6098,2990,3108,6969,3388,3581,6097,2907,3190,3484,1674,1810,871,419,452,
21790,3486,1682,1804,6099,2990,3109,6970,3388,3582,6099,2908,3191,3484,1674,1810,871,419,452,
21795,3487,1683,1804,6101,2991,3110,6973,3389,3584,6100,2908,3192,3485,1675,1810,871,419,452,
21800,3487,1683,1804,6102,2992,3110,6973,3389,3584,6101,2908,3193,3485,1675,1810,872,420,452,
21805,3488,1683,1805,6103,2992,3111,6974,3389,3585,6102,2909,3193,3487,1676,1811,872,420,452,
21810,3489,1684,1805,6105,2994,3111,6977,3390,3587,6104,2910,3194,3488,1677,1811,872,420,452,
21815,3490,1684,1806,6106,2995,3111,6978,3391,3587,6106,2911,3195,3488,1677,1811,872,420,452,
21820,3491,1685,1806,6108,2996,3112,6981,3394,3587,6107,2911,3196,3489,1678,1811,872,420,452,
21825,3491,1685,1806,6109,2997,3112,6981,3394,3587,6108,2911,3197,3489,1678,1811,873,420,453,
21830,3492,1686,1806,6110,2998,3112,6982,3395,3587,6109,2912,3197,3491,1679,1812,873,420,453,
21835,3493,1687,1806,6112,3000,3112,6985,3395,3590,6111,2914,3197,3492,1680,1812,873,420,453,
21840,3494,1687,1807,6113,3000,3113,6986,3395,3591,6113,2916,3197,3492,1680,1812,873,420,453,
21845,3495,1688,1807,6115,3002,3113,6989,3396,3593,6114,2917,3197,3493,1680,1813,873,420,453,
21850,3495,1688,1807,6116,3002,3114,6989,3396,3593,6115,2918,3197,3493,1680,1813,874,420,454,
21855,3496,1688,1808,6117,3003,3114,6990,3396,3594,6116,2918,3198,3495,1681,1814,874,420,454,
21860,3497,1688,1809,6119,3004,3115,6993,3398,3595,6118,2919,3199,3496,1682,1814,874,420,454,
21865,3498,1689,1809,6120,3005,3115,6994,3398,3596,6120,2921,3199,3496,1682,1814,874,420,454,
21870,3499,1689,1810,6122,3006,3116,6997,3401,3596,6121,2922,3199,3497,1682,1815,874,420,454,
21875,3499,1689,1810,6123,3007,3116,6997,3401,3596,6122,2923,3199,3497,1682,1815,875,421,454,
21880,3500,1690,1810,6124,3007,3117,6998,3401,3597,6123,2924,3199,3499,1682,1817,875,421,454,
21885,3501,1690,1811,6126,3009,3117,7001,3403,3598,6125,2926,3199,3500,1682,1818,875,421,454,
21890,3502,1690,1812,6127,3009,3118,7002,3404,3598,6127,2927,3200,3500,1682,1818,875,421,454,
21895,3503,1690,1813,6129,3010,3119,7005,3407,3598,6128,2927,3201,3501,1683,1818,875,421,454,
21900,3503,1690,1813,6130,3010,3120,7005,3407,3598,6129,2927,3202,3501,1683,1818,876,421,455,
21905,3504,1690,1814,6131,3010,3121,7006,3408,3598,6130,2927,3203,3503,1684,1819,876,421,455,
21910,3505,1691,1814,6133,3010,3123,7009,3410,3599,6132,2928,3204,3504,1685,1819,876,421,455,
21915,3506,1692,1814,6134,3010,3124,7010,3411,3599,6134,2930,3204,3504,1685,1819,876,421,455,
21920,3507,1693,1814,6136,3011,3125,7013,3413,3600,6135,2930,3205,3505,1686,1819,876,421,455,
21925,3507,1693,1814,6137,3012,3125,7013,3413,3600,6136,2931,3205,3505,1686,1819,877,422,455,
21930,3508,1693,1815,6138,3012,3126,7014,3413,3601,6137,2931,3206,3507,1687,1820,877,422,455,
21935,3509,1693,1816,6140,3012,3128,7017,3414,3603,6139,2931,3208,3508,1687,1821,877,422,455,
21940,3510,1693,1817,6141,3013,3128,7018,3415,3603,6141,2932,3209,3508,1687,1821,877,422,455,
21945,3511,1693,1818,6143,3013,3130,7021,3416,3605,6142,2932,3210,3509,1687,1822,877,422,455,
21950,3511,1693,1818,6144,3014,3130,7021,3416,3605,6143,2933,3210,3509,1687,1822,878,423,455,
21955,3512,1693,1819,6145,3014,3131,7022,3417,3605,6144,2934,3210,3511,1688,1823,878,423,455,
21960,3513,1694,1819,6147,3014,3133,7025,3418,3607,6146,2935,3211,3512,1688,1824,878,423,455,
21965,3514,1694,1820,6148,3015,3133,7026,3419,3607,6148,2936,3212,3512,1688,1824,878,423,455,
21970,3515,1694,1821,6150,3017,3133,7029,3422,3607,6149,2937,3212,3513,1689,1824,878,423,455,
21975,3515,1694,1821,6151,3017,3134,7029,3422,3607,6150,2938,3212,3513,1689,1824,879,423,456,
21980,3516,1695,1821,6152,3017,3135,7030,3423,3607,6151,2939,3212,3515,1690,1825,879,423,456,
21985,3517,1695,1822,6154,3019,3135,7033,3423,3610,6153,2941,3212,3516,1690,1826,879,423,456,
21990,3518,1695,1823,6155,3020,3135,7034,3424,3610,6155,2942,3213,3516,1690,1826,879,423,456,
21995,3519,1696,1823,6157,3020,3137,7037,3427,3610,6156,2942,3214,3517,1691,1826,879,423,456,
22000,3519,1696,1823,6158,3021,3137,7037,3427,3610,6157,2942,3215,3517,1691,1826,880,424,456,
22005,3520,1697,1823,6159,3021,3138,7038,3427,3611,6158,2943,3215,3519,1691,1828,880,424,456,
22010,3521,1698,1823,6161,3023,3138,7041,3429,3612,6160,2945,3215,3520,1692,1828,880,424,456,
22015,3522,1698,1824,6162,3024,3138,7042,3430,3612,6162,2945,3217,3520,1692,1828,880,424,456,
22020,3523,1698,1825,6164,3024,3140,7045,3432,3613,6163,2945,3218,3521,1692,1829,880,424,456,
22025,3523,1698,1825,6165,3025,3140,7045,3432,3613,6164,2946,3218,3521,1692,1829,881,424,457,
22030,3524,1698,1826,6166,3026,3140,7046,3433,3613,6165,2946,3219,3523,1693,1830,881,424,457,
22035,3525,1698,1827,6168,3026,3142,7049,3434,3615,6167,2948,3219,3524,1694,1830,881,424,457,
22040,3526,1699,1827,6169,3026,3143,7050,3435,3615,6169,2950,3219,3524,1694,1830,881,424,457,
22045,3527,1700,1827,6171,3026,3145,7053,3435,3618,6170,2950,3220,3525,1694,1831,881,424,457,
22050,3527,1700,1827,6172,3027,3145,7053,3435,3618,6171,2950,3221,3525,1694,1831,882,424,458,
22055,3528,1701,1827,6173,3027,3146,7054,3435,3619,6172,2950,3222,3527,1695,1832,882,424,458,
22060,3529,1702,1827,6175,3027,3148,7057,3438,3619,6174,2950,3224,3528,1695,1833,882,424,458,
22065,3530,1702,1828,6176,3028,3148,7058,3438,3620,6176,2951,3225,3528,1695,1833,882,424,458,
22070,3531,1703,1828,6178,3029,3149,7061,3439,3622,6177,2951,3226,3529,1696,1833,882,424,458,
22075,3531,1703,1828,6179,3029,3150,7061,3439,3622,6178,2952,3226,3529,1696,1833,883,425,458,
22080,3532,1704,1828,6180,3030,3150,7062,3439,3623,6179,2953,3226,3531,1697,1834,883,425,458,
22085,3533,1704,1829,6182,3032,3150,7065,3441,3624,6181,2953,3228,3532,1697,1835,883,425,458,
22090,3534,1705,1829,6183,3033,3150,7066,3442,3624,6183,2954,3229,3532,1697,1835,883,425,458,
22095,3535,1706,1829,6185,3033,3152,7069,3442,3627,6184,2955,3229,3533,1697,1836,883,425,458,
22100,3535,1706,1829,6186,3034,3152,7069,3442,3627,6185,2955,3230,3533,1697,1836,884,425,459,
22105,3536,1707,1829,6187,3034,3153,7070,3443,3627,6186,2956,3230,3535,1698,1837,884,425,459,
22110,3537,1707,1830,6189,3034,3155,7073,3445,3628,6188,2956,3232,3536,1698,1838,884,425,459,
22115,3538,1708,1830,6190,3035,3155,7074,3446,3628,6190,2956,3234,3536,1698,1838,884,425,459,
22120,3539,1709,1830,6192,3035,3157,7077,3446,3631,6191,2956,3235,3537,1698,1839,884,425,459,
22125,3539,1709,1830,6193,3036,3157,7077,3446,3631,6192,2956,3236,3537,1698,1839,885,425,460,
22130,3540,1710,1830,6194,3037,3157,7078,3446,3632,6193,2957,3236,3539,1698,1841,885,425,460,
22135,3541,1711,1830,6196,3038,3158,7081,3446,3635,6195,2958,3237,3540,1699,1841,885,425,460,
22140,3542,1712,1830,6197,3039,3158,7082,3446,3636,6197,2959,3238,3540,1699,1841,885,425,460,
22145,3543,1712,1831,6199,3040,3159,7085,3448,3637,6198,2959,3239,3541,1699,1842,885,425,460,
22150,3543,1712,1831,6200,3040,3160,7085,3448,3637,6199,2959,3240,3541,1699,1842,886,426,460,
22155,3544,1712,1832,6201,3041,3160,7086,3449,3637,6200,2959,3241,3543,1699,1844,886,426,460,
22160,3545,1712,1833,6203,3042,3161,7089,3450,3639,6202,2959,3243,3544,1700,1844,886,426,460,
22165,3546,1713,1833,6204,3042,3162,7090,3450,3640,6204,2960,3244,3544,1700,1844,886,426,460,
22170,3547,1713,1834,6206,3043,3163,7093,3451,3642,6205,2960,3245,3545,1701,1844,886,426,460,
22175,3547,1713,1834,6207,3044,3163,7093,3451,3642,6206,2960,3246,3545,1701,1844,887,426,461,
22180,3548,1713,1835,6208,3045,3163,7094,3451,3643,6207,2961,3246,3547,1702,1845,887,426,461,
22185,3549,1714,1835,6210,3046,3164,7097,3451,3646,6209,2963,3246,3548,1703,1845,887,426,461,
22190,3550,1714,1836,6211,3047,3164,7098,3451,3647,6211,2964,3247,3548,1703,1845,887,426,461,
22195,3551,1714,1837,6213,3048,3165,7101,3454,3647,6212,2964,3248,3549,1704,1845,887,426,461,
22200,3551,1714,1837,6214,3048,3166,7101,3454,3647,6213,2965,3248,3549,1704,1845,888,427,461,
22205,3552,1715,1837,6215,3048,3167,7102,3454,3648,6214,2966,3248,3551,1705,1846,888,427,461,
22210,3553,1715,1838,6217,3049,3168,7105,3454,3651,6216,2967,3249,3552,1706,1846,888,427,461,
22215,3554,1715,1839,6218,3049,3169,7106,3454,3652,6218,2967,3251,3552,1706,1846,888,427,461,
22220,3555,1715,1840,6220,3051,3169,7109,3456,3653,6219,2967,3252,3553,1706,1847,888,427,461,
22225,3555,1715,1840,6221,3052,3169,7109,3456,3653,6220,2967,3253,3553,1706,1847,889,427,462,
22230,3556,1716,1840,6222,3052,3170,7110,3457,3653,6221,2967,3254,3555,1708,1847,889,427,462,
22235,3557,1717,1840,6224,3054,3170,7113,3457,3656,6223,2968,3255,3556,1708,1848,889,427,462,
22240,3558,1717,1841,6225,3055,3170,7114,3458,3656,6225,2968,3257,3556,1708,1848,889,427,462,
22245,3559,1717,1842,6227,3055,3172,7117,3458,3659,6226,2968,3258,3557,1709,1848,889,427,462,
22250,3559,1717,1842,6228,3055,3173,7117,3458,3659,6227,2968,3259,3557,1709,1848,890,427,463,
22255,3560,1718,1842,6229,3055,3174,7118,3458,3660,6228,2968,3260,3559,1711,1848,890,427,463,
22260,3561,1719,1842,6231,3055,3176,7121,3459,3662,6230,2969,3261,3560,1712,1848,890,427,463,
22265,3562,1720,1842,6232,3055,3177,7122,3460,3662,6232,2970,3262,3560,1712,1848,890,427,463,
22270,3563,1721,1842,6234,3055,3179,7125,3462,3663,6233,2970,3263,3561,1712,1849,890,427,463,
22275,3563,1721,1842,6235,3055,3180,7125,3462,3663,6234,2970,3264,3561,1712,1849,891,427,464,
22280,3564,1721,1843,6236,3055,3181,7126,3462,3664,6235,2971,3264,3563,1712,1851,891,427,464,
22285,3565,1722,1843,6238,3055,3183,7129,3464,3665,6237,2972,3265,3564,1713,1851,891,427,464,
22290,3566,1722,1844,6239,3055,3184,7130,3465,3665,6239,2972,3267,3564,1713,1851,891,427,464,
22295,3567,1723,1844,6241,3055,3186,7133,3465,3668,6240,2972,3268,3565,1713,1852,891,427,464,
22300,3567,1723,1844,6242,3055,3187,7133,3465,3668,6241,2973,3268,3565,1713,1852,892,427,465,
22305,3568,1724,1844,6243,3056,3187,7134,3465,3669,6242,2974,3268,3567,1713,1854,892,427,465,
22310,3569,1725,1844,6245,3057,3188,7137,3467,3670,6244,2975,3269,3568,1713,1855,892,427,465,
22315,3570,1725,1845,6246,3058,3188,7138,3467,3671,6246,2976,3270,3568,1713,1855,892,427,465,
22320,3571,1726,1845,6248,3060,3188,7141,3467,3674,6247,2977,3270,3569,1713,1856,892,427,465,
22325,3571,1726,1845,6249,3061,3188,7141,3467,3674,6248,2978,3270,3569,1713,1856,893,428,465,
22330,3572,1726,1846,6250,3061,3189,7142,3468,3674,6249,2978,3271,3571,1714,1857,893,428,465,
22335,3573,1726,1847,6252,3063,3189,7145,3470,3675,6251,2980,3271,3572,1715,1857,893,428,465,
22340,3574,1727,1847,6253,3064,3189,7146,3470,3676,6253,2980,3273,3572,1715,1857,893,428,465,
22345,3575,1727,1848,6255,3065,3190,7149,3471,3678,6254,2980,3274,3573,1716,1857,893,428,465,
22350,3575,1727,1848,6256,3065,3191,7149,3471,3678,6255,2981,3274,3573,1716,1857,894,428,466,
22355,3576,1727,1849,6257,3065,3192,7150,3471,3679,6256,2982,3274,3575,1717,1858,894,428,466,
22360,3577,1727,1850,6259,3066,3193,7153,3472,3681,6258,2983,3275,3576,1718,1858,894,428,466,
22365,3578,1727,1851,6260,3066,3194,7154,3472,3682,6260,2984,3276,3576,1718,1858,894,428,466,
22370,3579,1727,1852,6262,3067,3195,7157,3472,3685,6261,2984,3277,3577,1718,1859,894,428,466,
22375,3579,1727,1852,6263,3068,3195,7157,3472,3685,6262,2984,3278,3577,1718,1859,895,429,466,
22380,3580,1728,1852,6264,3068,3196,7158,3472,3686,6263,2984,3279,3579,1719,1860,895,429,466,
22385,3581,1728,1853,6266,3069,3197,7161,3473,3688,6265,2985,3280,3580,1720,1860,895,429,466,
22390,3582,1729,1853,6267,3070,3197,7162,3473,3689,6267,2985,3282,3580,1720,1860,895,429,466,
22395,3583,1729,1854,6269,3070,3199,7165,3474,3691,6268,2985,3283,3581,1721,1860,895,429,466,
22400,3583,1729,1854,6270,3070,3200,7165,3474,3691,6269,2986,3283,3581,1721,1860,896,430,466,
22405,3584,1730,1854,6271,3071,3200,7166,3475,3691,6270,2987,3283,3583,1723,1860,896,430,466,
22410,3585,1731,1854,6273,3072,3201,7169,3477,3692,6272,2989,3283,3584,1724,1860,896,430,466,
22415,3586,1732,1854,6274,3073,3201,7170,3477,3693,6274,2990,3284,3584,1724,1860,896,430,466,
22420,3587,1733,1854,6276,3073,3203,7173,3477,3696,6275,2990,3285,3585,1724,1861,896,430,466,
22425,3587,1733,1854,6277,3073,3204,7173,3477,3696,6276,2991,3285,3585,1724,1861,897,431,466,
22430,3588,1733,1855,6278,3073,3205,7174,3477,3697,6277,2991,3286,3587,1725,1862,897,431,466,
22435,3589,1733,1856,6280,3073,3207,7177,3478,3699,6279,2992,3287,3588,1725,1863,897,431,466,
22440,3590,1734,1856,6281,3074,3207,7178,3478,3700,6281,2994,3287,3588,1725,1863,897,431,466,
22445,3591,1734,1857,6283,3075,3208,7181,3479,3702,6282,2994,3288,3589,1726,1863,897,431,466,
22450,3591,1734,1857,6284,3075,3209,7181,3479,3702,6283,2994,3289,3589,1726,1863,898,432,466,
22455,3592,1734,1858,6285,3076,3209,7182,3479,3703,6284,2994,3290,3591,1727,1864,898,432,466,
22460,3593,1735,1858,6287,3077,3210,7185,3481,3704,6286,2996,3290,3592,1728,1864,898,432,466,
22465,3594,1735,1859,6288,3077,3211,7186,3482,3704,6288,2996,3292,3592,1728,1864,898,432,466,
22470,3595,1736,1859,6290,3078,3212,7189,3484,3705,6289,2996,3293,3593,1728,1865,898,432,466,
22475,3595,1736,1859,6291,3078,3213,7189,3484,3705,6290,2996,3294,3593,1728,1865,899,433,466,
22480,3596,1736,1860,6292,3079,3213,7190,3484,3706,6291,2996,3295,3595,1729,1866,899,433,466,
22485,3597,1737,1860,6294,3079,3215,7193,3487,3706,6293,2996,3297,3596,1729,1867,899,433,466,
22490,3598,1737,1861,6295,3080,3215,7194,3487,3707,6295,2998,3297,3596,1729,1867,899,433,466,
22495,3599,1738,1861,6297,3081,3216,7197,3488,3709,6296,2999,3297,3597,1730,1867,899,433,466,
22500,3599,1738,1861,6298,3081,3217,7197,3488,3709,6297,3000,3297,3597,1730,1867,900,434,466,
22505,3600,1739,1861,6299,3082,3217,7198,3489,3709,6298,3001,3297,3599,1730,1869,900,434,466,
22510,3601,1740,1861,6301,3082,3219,7201,3490,3711,6300,3003,3297,3600,1731,1869,900,434,466,
22515,3602,1741,1861,6302,3082,3220,7202,3490,3712,6302,3005,3297,3600,1731,1869,900,434,466,
22520,3603,1742,1861,6304,3083,3221,7205,3492,3713,6303,3005,3298,3601,1732,1869,900,434,466,
22525,3603,1742,1861,6305,3083,3222,7205,3492,3713,6304,3006,3298,3601,1732,1869,901,434,467,
22530,3604,1743,1861,6306,3083,3223,7206,3492,3714,6305,3006,3299,3603,1733,1870,901,434,467,
22535,3605,1744,1861,6308,3085,3223,7209,3493,3716,6307,3007,3300,3604,1734,1870,901,434,467,
22540,3606,1744,1862,6309,3086,3223,7210,3494,3716,6309,3008,3301,3604,1734,1870,901,434,467,
22545,3607,1744,1863,6311,3088,3223,7213,3495,3718,6310,3008,3302,3605,1734,1871,901,434,467,
22550,3607,1744,1863,6312,3089,3223,7213,3495,3718,6311,3008,3303,3605,1734,1871,902,435,467,
22555,3608,1744,1864,6313,3090,3223,7214,3496,3718,6312,3009,3303,3607,1734,1873,902,435,467,
22560,3609,1744,1865,6315,3090,3225,7217,3499,3718,6314,3009,3305,3608,1735,1873,902,435,467,
22565,3610,1744,1866,6316,3091,3225,7218,3500,3718,6316,3010,3306,3608,1735,1873,902,435,467,
22570,3611,1744,1867,6318,3091,3227,7221,3503,3718,6317,3011,3306,3609,1736,1873,902,435,467,
22575,3611,1744,1867,6319,3091,3228,7221,3503,3718,6318,3012,3306,3609,1736,1873,903,435,468,
22580,3612,1744,1868,6320,3091,3229,7222,3503,3719,6319,3013,3306,3611,1736,1875,903,435,468,
22585,3613,1745,1868,6322,3092,3230,7225,3503,3722,6321,3015,3306,3612,1736,1876,903,435,468,
22590,3614,1745,1869,6323,3092,3231,7226,3503,3723,6323,3016,3307,3612,1736,1876,903,435,468,
22595,3615,1746,1869,6325,3093,3232,7229,3505,3724,6324,3016,3308,3613,1736,1877,903,435,468,
22600,3615,1746,1869,6326,3094,3232,7229,3505,3724,6325,3016,3309,3613,1736,1877,904,435,469,
22605,3616,1746,1870,6327,3095,3232,7230,3506,3724,6326,3017,3309,3615,1737,1878,904,435,469,
22610,3617,1746,1871,6329,3095,3234,7233,3506,3727,6328,3019,3309,3616,1738,1878,904,435,469,
22615,3618,1746,1872,6330,3096,3234,7234,3507,3727,6330,3020,3310,3616,1738,1878,904,435,469,
22620,3619,1746,1873,6332,3097,3235,7237,3508,3729,6331,3020,3311,3617,1739,1878,904,435,469,
22625,3619,1746,1873,6333,3098,3235,7237,3508,3729,6332,3021,3311,3617,1739,1878,905,436,469,
22630,3620,1747,1873,6334,3099,3235,7238,3509,3729,6333,3021,3312,3619,1740,1879,905,436,469,
22635,3621,1748,1873,6336,3100,3236,7241,3512,3729,6335,3021,3314,3620,1740,1880,905,436,469,
22640,3622,1748,1874,6337,3100,3237,7242,3513,3729,6337,3022,3315,3620,1740,1880,905,436,469,
22645,3623,1748,1875,6339,3101,3238,7245,3514,3731,6338,3022,3316,3621,1740,1881,905,436,469,
22650,3623,1748,1875,6340,3101,3239,7245,3514,3731,6339,3023,3316,3621,1740,1881,906,436,470,
22655,3624,1748,1876,6341,3101,3240,7246,3514,3732,6340,3024,3316,3623,1741,1882,906,436,470,
22660,3625,1748,1877,6343,3102,3241,7249,3515,3734,6342,3024,3318,3624,1742,1882,906,436,470,
22665,3626,1749,1877,6344,3102,3242,7250,3516,3734,6344,3025,3319,3624,1742,1882,906,436,470,
22670,3627,1749,1878,6346,3103,3243,7253,3519,3734,6345,3025,3320,3625,1742,1883,906,436,470,
22675,3627,1749,1878,6347,3104,3243,7253,3519,3734,6346,3025,3321,3625,1742,1883,907,437,470,
22680,3628,1749,1879,6348,3105,3243,7254,3519,3735,6347,3025,3322,3627,1742,1885,907,437,470,
22685,3629,1749,1880,6350,3105,3245,7257,3519,3738,6349,3026,3323,3628,1743,1885,907,437,470,
22690,3630,1749,1881,6351,3105,3246,7258,3520,3738,6351,3026,3325,3628,1743,1885,907,437,470,
22695,3631,1749,1882,6353,3106,3247,7261,3523,3738,6352,3026,3326,3629,1743,1886,907,437,470,
22700,3631,1749,1882,6354,3107,3247,7261,3523,3738,6353,3027,3326,3629,1743,1886,908,437,471,
22705,3632,1749,1883,6355,3107,3248,7262,3524,3738,6354,3027,3327,3631,1744,1887,908,437,471,
22710,3633,1749,1884,6357,3108,3249,7265,3526,3739,6356,3028,3328,3632,1745,1887,908,437,471,
22715,3634,1750,1884,6358,3108,3250,7266,3526,3740,6358,3029,3329,3632,1745,1887,908,437,471,
22720,3635,1750,1885,6360,3110,3250,7269,3526,3743,6359,3030,3329,3633,1746,1887,908,437,471,
22725,3635,1750,1885,6361,3110,3251,7269,3526,3743,6360,3030,3330,3633,1746,1887,909,437,472,
22730,3636,1750,1886,6362,3111,3251,7270,3527,3743,6361,3030,3331,3635,1747,1888,909,437,472,
22735,3637,1750,1887,6364,3111,3253,7273,3529,3744,6363,3030,3333,3636,1747,1889,909,437,472,
22740,3638,1751,1887,6365,3112,3253,7274,3530,3744,6365,3032,3333,3636,1747,1889,909,437,472,
22745,3639,1752,1887,6367,3114,3253,7277,3533,3744,6366,3033,3333,3637,1748,1889,909,437,472,
22750,3639,1752,1887,6368,3115,3253,7277,3533,3744,6367,3034,3333,3637,1748,1889,910,437,473,
22755,3640,1752,1888,6369,3116,3253,7278,3534,3744,6368,3034,3334,3639,1748,1891,910,437,473,
22760,3641,1753,1888,6371,3116,3255,7281,3534,3747,6370,3036,3334,3640,1748,1892,910,437,473,
22765,3642,1753,1889,6372,3117,3255,7282,3535,3747,6372,3036,3336,3640,1748,1892,910,437,473,
22770,3643,1753,1890,6374,3117,3257,7285,3537,3748,6373,3036,3337,3641,1748,1893,910,437,473,
22775,3643,1753,1890,6375,3117,3258,7285,3537,3748,6374,3037,3337,3641,1748,1893,911,437,474,
22780,3644,1754,1890,6376,3118,3258,7286,3538,3748,6375,3038,3337,3643,1749,1894,911,437,474,
22785,3645,1754,1891,6378,3119,3259,7289,3541,3748,6377,3038,3339,3644,1750,1894,911,437,474,
22790,3646,1755,1891,6379,3120,3259,7290,3542,3748,6379,3039,3340,3644,1750,1894,911,437,474,
22795,3647,1755,1892,6381,3121,3260,7293,3542,3751,6380,3040,3340,3645,1750,1895,911,437,474,
22800,3647,1755,1892,6382,3121,3261,7293,3542,3751,6381,3040,3341,3645,1750,1895,912,437,475,
22805,3648,1755,1893,6383,3121,3262,7294,3543,3751,6382,3041,3341,3647,1750,1897,912,437,475,
22810,3649,1755,1894,6385,3123,3262,7297,3544,3753,6384,3042,3342,3648,1751,1897,912,437,475,
22815,3650,1756,1894,6386,3123,3263,7298,3545,3753,6386,3042,3344,3648,1751,1897,912,437,475,
22820,3651,1757,1894,6388,3125,3263,7301,3547,3754,6387,3043,3344,3649,1751,1898,912,437,475,
22825,3651,1757,1894,6389,3125,3264,7301,3547,3754,6388,3044,3344,3649,1751,1898,913,437,476,
22830,3652,1757,1895,6390,3126,3264,7302,3548,3754,6389,3045,3344,3651,1752,1899,913,437,476,
22835,3653,1758,1895,6392,3127,3265,7305,3550,3755,6391,3046,3345,3652,1752,1900,913,437,476,
22840,3654,1759,1895,6393,3127,3266,7306,3550,3756,6393,3047,3346,3652,1752,1900,913,437,476,
22845,3655,1760,1895,6395,3128,3267,7309,3550,3759,6394,3047,3347,3653,1752,1901,913,437,476,
22850,3655,1760,1895,6396,3129,3267,7309,3550,3759,6395,3048,3347,3653,1752,1901,914,437,477,
22855,3656,1760,1896,6397,3129,3268,7310,3551,3759,6396,3048,3348,3655,1752,1903,914,437,477,
22860,3657,1760,1897,6399,3129,3270,7313,3552,3761,6398,3049,3349,3656,1752,1904,914,437,477,
22865,3658,1760,1898,6400,3129,3271,7314,3552,3762,6400,3049,3351,3656,1752,1904,914,437,477,
22870,3659,1761,1898,6402,3131,3271,7317,3552,3765,6401,3049,3352,3657,1753,1904,914,437,477,
22875,3659,1761,1898,6403,3131,3272,7317,3552,3765,6402,3050,3352,3657,1753,1904,915,437,478,
22880,3660,1761,1899,6404,3132,3272,7318,3552,3766,6403,3051,3352,3659,1754,1905,915,437,478,
22885,3661,1762,1899,6406,3133,3273,7321,3552,3769,6405,3051,3354,3660,1754,1906,915,437,478,
22890,3662,1762,1900,6407,3134,3273,7322,3552,3770,6407,3053,3354,3660,1754,1906,915,437,478,
22895,3663,1763,1900,6409,3136,3273,7325,3552,3773,6408,3053,3355,3661,1755,1906,915,437,478,
22900,3663,1763,1900,6410,3136,3274,7325,3552,3773,6409,3053,3356,3661,1755,1906,916,438,478,
22905,3664,1763,1901,6411,3137,3274,7326,3552,3774,6410,3054,3356,3663,1756,1907,916,438,478,
22910,3665,1763,1902,6413,3138,3275,7329,3552,3777,6412,3054,3358,3664,1756,1908,916,438,478,
22915,3666,1764,1902,6414,3139,3275,7330,3552,3778,6414,3056,3358,3664,1756,1908,916,438,478,
22920,3667,1764,1903,6416,3140,3276,7333,3553,3780,6415,3057,3358,3665,1756,1909,916,438,478,
22925,3667,1764,1903,6417,3140,3277,7333,3553,3780,6416,3058,3358,3665,1756,1909,917,439,478,
22930,3668,1764,1904,6418,3140,3278,7334,3553,3781,6417,3059,3358,3667,1756,1911,917,439,478,
22935,3669,1765,1904,6420,3142,3278,7337,3555,3782,6419,3060,3359,3668,1756,1912,917,439,478,
22940,3670,1765,1905,6421,3142,3279,7338,3555,3783,6421,3062,3359,3668,1756,1912,917,439,478,
22945,3671,1765,1906,6423,3142,3281,7341,3558,3783,6422,3063,3359,3669,1756,1913,917,439,478,
22950,3671,1765,1906,6424,3142,3282,7341,3558,3783,6423,3064,3359,3669,1756,1913,918,440,478,
22955,3672,1766,1906,6425,3142,3283,7342,3558,3784,6424,3065,3359,3671,1756,1915,918,440,478,
22960,3673,1767,1906,6427,3143,3284,7345,3559,3786,6426,3067,3359,3672,1757,1915,918,440,478,
22965,3674,1767,1907,6428,3144,3284,7346,3559,3787,6428,3068,3360,3672,1757,1915,918,440,478,
22970,3675,1768,1907,6430,3145,3285,7349,3560,3789,6429,3069,3360,3673,1758,1915,918,440,478,
22975,3675,1768,1907,6431,3145,3286,7349,3560,3789,6430,3069,3361,3673,1758,1915,919,441,478,
22980,3676,1769,1907,6432,3145,3287,7350,3560,3790,6431,3069,3362,3675,1760,1915,919,441,478,
22985,3677,1769,1908,6434,3146,3288,7353,3561,3792,6433,3069,3364,3676,1761,1915,919,441,478,
22990,3678,1770,1908,6435,3146,3289,7354,3562,3792,6435,3071,3364,3676,1761,1915,919,441,478,
22995,3679,1770,1909,6437,3147,3290,7357,3563,3794,6436,3071,3365,3677,1762,1915,919,441,478,
23000,3679,1770,1909,6438,3148,3290,7357,3563,3794,6437,3071,3366,3677,1762,1915,920,442,478,
23005,3680,1771,1909,6439,3149,3290,7358,3564,3794,6438,3072,3366,3679,1762,1917,920,442,478,
23010,3681,1771,1910,6441,3149,3292,7361,3567,3794,6440,3073,3367,3680,1763,1917,920,442,478,
23015,3682,1771,1911,6442,3150,3292,7362,3568,3794,6442,3075,3367,3680,1763,1917,920,442,478,
23020,3683,1772,1911,6444,3151,3293,7365,3570,3795,6443,3075,3368,3681,1763,1918,920,442,478,
23025,3683,1772,1911,6445,3152,3293,7365,3570,3795,6444,3076,3368,3681,1763,1918,921,442,479,
23030,3684,1772,1912,6446,3152,3294,7366,3571,3795,6445,3077,3368,3683,1764,1919,921,442,479,
23035,3685,1773,1912,6448,3153,3295,7369,3572,3797,6447,3077,3370,3684,1764,1920,921,442,479,
23040,3686,1774,1912,6449,3154,3295,7370,3572,3798,6449,3078,3371,3684,1764,1920,921,442,479,
23045,3687,1774,1913,6451,3155,3296,7373,3572,3801,6450,3079,3371,3685,1765,1920,921,442,479,
23050,3687,1774,1913,6452,3155,3297,7373,3572,3801,6451,3079,3372,3685,1765,1920,922,442,480,
23055,3688,1775,1913,6453,3155,3298,7374,3572,3802,6452,3079,3373,3687,1767,1920,922,442,480,
23060,3689,1775,1914,6455,3155,3300,7377,3574,3803,6454,3079,3375,3688,1767,1921,922,442,480,
23065,3690,1775,1915,6456,3156,3300,7378,3575,3803,6456,3080,3376,3688,1767,1921,922,442,480,
23070,3691,1776,1915,6458,3156,3302,7381,3576,3805,6457,3080,3377,3689,1768,1921,922,442,480,
23075,3691,1776,1915,6459,3156,3303,7381,3576,3805,6458,3081,3377,3689,1768,1921,923,443,480,
23080,3692,1776,1916,6460,3157,3303,7382,3577,3805,6459,3081,3378,3691,1770,1921,923,443,480,
23085,3693,1777,1916,6462,3157,3305,7385,3578,3807,6461,3083,3378,3692,1771,1921,923,443,480,
23090,3694,1778,1916,6463,3158,3305,7386,3579,3807,6463,3085,3378,3692,1771,1921,923,443,480,
23095,3695,1779,1916,6465,3158,3307,7389,3580,3809,6464,3085,3379,3693,1771,1922,923,443,480,
23100,3695,1779,1916,6466,3158,3308,7389,3580,3809,6465,3086,3379,3693,1771,1922,924,443,481,
23105,3696,1779,1917,6467,3158,3309,7390,3581,3809,6466,3087,3379,3695,1771,1924,924,443,481,
23110,3697,1780,1917,6469,3160,3309,7393,3581,3812,6468,3087,3381,3696,1771,1925,924,443,481,
23115,3698,1781,1917,6470,3160,3310,7394,3581,3813,6470,3087,3383,3696,1771,1925,924,443,481,
23120,3699,1782,1917,6472,3160,3312,7397,3581,3816,6471,3087,3384,3697,1772,1925,924,443,481,
23125,3699,1782,1917,6473,3161,3312,7397,3581,3816,6472,3087,3385,3697,1772,1925,925,444,481,
23130,3700,1783,1917,6474,3161,3313,7398,3581,3817,6473,3088,3385,3699,1773,1926,925,444,481,
23135,3701,1783,1918,6476,3163,3313,7401,3582,3819,6475,3088,3387,3700,1773,1927,925,444,481,
23140,3702,1784,1918,6477,3164,3313,7402,3583,3819,6477,3088,3389,3700,1773,1927,925,444,481,
23145,3703,1785,1918,6479,3165,3314,7405,3584,3821,6478,3089,3389,3701,1773,1928,925,444,481,
23150,3703,1785,1918,6480,3166,3314,7405,3584,3821,6479,3089,3390,3701,1773,1928,926,444,482,
23155,3704,1785,1919,6481,3166,3315,7406,3585,3821,6480,3090,3390,3703,1775,1928,926,444,482,
23160,3705,1785,1920,6483,3168,3315,7409,3586,3823,6482,3091,3391,3704,1776,1928,926,444,482,
23165,3706,1785,1921,6484,3169,3315,7410,3587,3823,6484,3092,3392,3704,1776,1928,926,444,482,
23170,3707,1785,1922,6486,3171,3315,7413,3587,3826,6485,3093,3392,3705,1777,1928,926,444,482,
23175,3707,1785,1922,6487,3172,3315,7413,3587,3826,6486,3094,3392,3705,1777,1928,927,445,482,
23180,3708,1786,1922,6488,3173,3315,7414,3587,3827,6487,3095,3392,3707,1778,1929,927,445,482,
23185,3709,1787,1922,6490,3175,3315,7417,3589,3828,6489,3096,3393,3708,1778,1930,927,445,482,
23190,3710,1787,1923,6491,3175,3316,7418,3589,3829,6491,3097,3394,3708,1778,1930,927,445,482,
23195,3711,1788,1923,6493,3176,3317,7421,3590,3831,6492,3097,3395,3709,1778,1931,927,445,482,
23200,3711,1788,1923,6494,3177,3317,7421,3590,3831,6493,3098,3395,3709,1778,1931,928,446,482,
23205,3712,1789,1923,6495,3177,3318,7422,3591,3831,6494,3098,3396,3711,1779,1932,928,446,482,
23210,3713,1790,1923,6497,3178,3319,7425,3592,3833,6496,3099,3397,3712,1779,1933,928,446,482,
23215,3714,1790,1924,6498,3179,3319,7426,3592,3834,6498,3101,3397,3712,1779,1933,928,446,482,
23220,3715,1790,1925,6500,3179,3321,7429,3594,3835,6499,3101,3398,3713,1780,1933,928,446,482,
23225,3715,1790,1925,6501,3180,3321,7429,3594,3835,6500,3102,3398,3713,1780,1933,929,446,483,
23230,3716,1790,1926,6502,3180,3322,7430,3595,3835,6501,3103,3398,3715,1782,1933,929,446,483,
23235,3717,1791,1926,6504,3181,3323,7433,3597,3836,6503,3104,3399,3716,1783,1933,929,446,483,
23240,3718,1791,1927,6505,3181,3324,7434,3597,3837,6505,3104,3401,3716,1783,1933,929,446,483,
23245,3719,1791,1928,6507,3183,3324,7437,3598,3839,6506,3104,3402,3717,1784,1933,929,446,483,
23250,3719,1791,1928,6508,3184,3324,7437,3598,3839,6507,3104,3403,3717,1784,1933,930,446,484,
23255,3720,1791,1929,6509,3184,3325,7438,3599,3839,6508,3105,3403,3719,1784,1935,930,446,484,
23260,3721,1792,1929,6511,3185,3326,7441,3600,3841,6510,3107,3403,3720,1785,1935,930,446,484,
23265,3722,1792,1930,6512,3185,3327,7442,3600,3842,6512,3107,3405,3720,1785,1935,930,446,484,
23270,3723,1792,1931,6514,3185,3329,7445,3601,3844,6513,3108,3405,3721,1786,1935,930,446,484,
23275,3723,1792,1931,6515,3185,3330,7445,3601,3844,6514,3109,3405,3721,1786,1935,931,447,484,
23280,3724,1792,1932,6516,3185,3331,7446,3601,3845,6515,3110,3405,3723,1787,1936,931,447,484,
23285,3725,1792,1933,6518,3187,3331,7449,3603,3846,6517,3110,3407,3724,1788,1936,931,447,484,
23290,3726,1792,1934,6519,3188,3331,7450,3603,3847,6519,3111,3408,3724,1788,1936,931,447,484,
23295,3727,1793,1934,6521,3189,3332,7453,3606,3847,6520,3112,3408,3725,1788,1937,931,447,484,
23300,3727,1793,1934,6522,3189,3333,7453,3606,3847,6521,3112,3409,3725,1788,1937,932,447,485,
23305,3728,1793,1935,6523,3189,3334,7454,3607,3847,6522,3112,3410,3727,1789,1938,932,447,485,
23310,3729,1793,1936,6525,3189,3336,7457,3608,3849,6524,3113,3411,3728,1789,1939,932,447,485,
23315,3730,1794,1936,6526,3189,3337,7458,3608,3850,6526,3114,3412,3728,1789,1939,932,447,485,
23320,3731,1794,1937,6528,3189,3339,7461,3610,3851,6527,3115,3412,3729,1790,1939,932,447,485,
23325,3731,1794,1937,6529,3189,3340,7461,3610,3851,6528,3116,3412,3729,1790,1939,933,448,485,
23330,3732,1795,1937,6530,3189,3341,7462,3610,3852,6529,3116,3413,3731,1791,1940,933,448,485,
23335,3733,1796,1937,6532,3190,3342,7465,3611,3854,6531,3116,3415,3732,1792,1940,933,448,485,
23340,3734,1796,1938,6533,3191,3342,7466,3611,3855,6533,3117,3416,3732,1792,1940,933,448,485,
23345,3735,1797,1938,6535,3193,3342,7469,3612,3857,6534,3117,3417,3733,1793,1940,933,448,485,
23350,3735,1797,1938,6536,3193,3343,7469,3612,3857,6535,3117,3418,3733,1793,1940,934,449,485,
23355,3736,1798,1938,6537,3193,3344,7470,3612,3858,6536,3118,3418,3735,1794,1941,934,449,485,
23360,3737,1799,1938,6539,3194,3345,7473,3615,3858,6538,3119,3419,3736,1794,1942,934,449,485,
23365,3738,1800,1938,6540,3194,3346,7474,3616,3858,6540,3119,3421,3736,1794,1942,934,449,485,
23370,3739,1801,1938,6542,3196,3346,7477,3617,3860,6541,3119,3422,3737,1794,1943,934,449,485,
23375,3739,1801,1938,6543,3196,3347,7477,3617,3860,6542,3120,3422,3737,1794,1943,935,449,486,
23380,3740,1801,1939,6544,3196,3348,7478,3617,3861,6543,3120,3423,3739,1794,1945,935,449,486,
23385,3741,1801,1940,6546,3197,3349,7481,3618,3863,6545,3121,3424,3740,1795,1945,935,449,486,
23390,3742,1802,1940,6547,3198,3349,7482,3619,3863,6547,3122,3425,3740,1795,1945,935,449,486,
23395,3743,1802,1941,6549,3198,3351,7485,3620,3865,6548,3122,3426,3741,1795,1946,935,449,486,
23400,3743,1802,1941,6550,3198,3352,7485,3620,3865,6549,3122,3427,3741,1795,1946,936,449,487,
23405,3744,1802,1942,6551,3199,3352,7486,3620,3866,6550,3122,3428,3743,1797,1946,936,449,487,
23410,3745,1802,1943,6553,3199,3354,7489,3621,3868,6552,3122,3430,3744,1797,1947,936,449,487,
23415,3746,1803,1943,6554,3200,3354,7490,3621,3869,6554,3123,3431,3744,1797,1947,936,449,487,
23420,3747,1803,1944,6556,3201,3355,7493,3621,3872,6555,3123,3432,3745,1798,1947,936,449,487,
23425,3747,1803,1944,6557,3201,3356,7493,3621,3872,6556,3123,3433,3745,1798,1947,937,449,488,
23430,3748,1803,1945,6558,3201,3357,7494,3621,3873,6557,3123,3434,3747,1799,1948,937,449,488,
23435,3749,1803,1946,6560,3203,3357,7497,3621,3876,6559,3125,3434,3748,1800,1948,937,449,488,
23440,3750,1804,1946,6561,3204,3357,7498,3622,3876,6561,3126,3435,3748,1800,1948,937,449,488,
23445,3751,1805,1946,6563,3206,3357,7501,3623,3878,6562,3126,3436,3749,1801,1948,937,449,488,
23450,3751,1805,1946,6564,3207,3357,7501,3623,3878,6563,3127,3436,3749,1801,1948,938,449,489,
23455,3752,1805,1947,6565,3208,3357,7502,3623,3879,6564,3128,3436,3751,1801,1950,938,449,489,
23460,3753,1806,1947,6567,3209,3358,7505,3624,3881,6566,3129,3437,3752,1801,1951,938,449,489,
23465,3754,1806,1948,6568,3210,3358,7506,3625,3881,6568,3131,3437,3752,1801,1951,938,449,489,
23470,3755,1806,1949,6570,3210,3360,7509,3626,3883,6569,3131,3438,3753,1802,1951,938,449,489,
23475,3755,1806,1949,6571,3210,3361,7509,3626,3883,6570,3131,3439,3753,1802,1951,939,449,490,
23480,3756,1806,1950,6572,3211,3361,7510,3626,3884,6571,3132,3439,3755,1803,1952,939,449,490,
23485,3757,1807,1950,6574,3212,3362,7513,3627,3886,6573,3134,3439,3756,1804,1952,939,449,490,
23490,3758,1808,1950,6575,3213,3362,7514,3628,3886,6575,3135,3440,3756,1804,1952,939,449,490,
23495,3759,1809,1950,6577,3213,3364,7517,3630,3887,6576,3136,3440,3757,1804,1953,939,449,490,
23500,3759,1809,1950,6578,3214,3364,7517,3630,3887,6577,3136,3441,3757,1804,1953,940,450,490,
23505,3760,1810,1950,6579,3214,3365,7518,3631,3887,6578,3137,3441,3759,1806,1953,940,450,490,
23510,3761,1810,1951,6581,3214,3367,7521,3632,3889,6580,3137,3443,3760,1806,1954,940,450,490,
23515,3762,1811,1951,6582,3215,3367,7522,3632,3890,6582,3138,3444,3760,1806,1954,940,450,490,
23520,3763,1812,1951,6584,3216,3368,7525,3632,3893,6583,3138,3445,3761,1806,1955,940,450,490,
23525,3763,1812,1951,6585,3217,3368,7525,3632,3893,6584,3139,3445,3761,1806,1955,941,451,490,
23530,3764,1813,1951,6586,3218,3368,7526,3632,3894,6585,3140,3445,3763,1807,1956,941,451,490,
23535,3765,1814,1951,6588,3220,3368,7529,3633,3896,6587,3140,3447,3764,1808,1956,941,451,490,
23540,3766,1815,1951,6589,3220,3369,7530,3633,3897,6589,3142,3447,3764,1808,1956,941,451,490,
23545,3767,1815,1952,6591,3220,3371,7533,3635,3898,6590,3143,3447,3765,1808,1957,941,451,490,
23550,3767,1815,1952,6592,3220,3372,7533,3635,3898,6591,3143,3448,3765,1808,1957,942,451,491,
23555,3768,1816,1952,6593,3220,3373,7534,3636,3898,6592,3144,3448,3767,1809,1958,942,451,491,
23560,3769,1817,1952,6595,3220,3375,7537,3638,3899,6594,3145,3449,3768,1809,1959,942,451,491,
23565,3770,1818,1952,6596,3220,3376,7538,3639,3899,6596,3147,3449,3768,1809,1959,942,451,491,
23570,3771,1819,1952,6598,3222,3376,7541,3642,3899,6597,3148,3449,3769,1809,1960,942,451,491,
23575,3771,1819,1952,6599,3223,3376,7541,3642,3899,6598,3148,3450,3769,1809,1960,943,451,492,
23580,3772,1820,1952,6600,3224,3376,7542,3642,3900,6599,3149,3450,3771,1811,1960,943,451,492,
23585,3773,1821,1952,6602,3226,3376,7545,3642,3903,6601,3151,3450,3772,1812,1960,943,451,492,
23590,3774,1821,1953,6603,3226,3377,7546,3642,3904,6603,3153,3450,3772,1812,1960,943,451,492,
23595,3775,1822,1953,6605,3228,3377,7549,3642,3907,6604,3153,3451,3773,1812,1961,943,451,492,
23600,3775,1822,1953,6606,3229,3377,7549,3642,3907,6605,3154,3451,3773,1812,1961,944,452,492,
23605,3776,1822,1954,6607,3230,3377,7550,3642,3908,6606,3154,3452,3775,1813,1962,944,452,492,
23610,3777,1823,1954,6609,3230,3379,7553,3644,3909,6608,3154,3454,3776,1814,1962,944,452,492,
23615,3778,1823,1955,6610,3231,3379,7554,3645,3909,6610,3156,3454,3776,1814,1962,944,452,492,
23620,3779,1824,1955,6612,3233,3379,7557,3646,3911,6611,3156,3455,3777,1814,1963,944,452,492,
23625,3779,1824,1955,6613,3233,3380,7557,3646,3911,6612,3157,3455,3777,1814,1963,945,453,492,
23630,3780,1824,1956,6614,3233,3381,7558,3647,3911,6613,3158,3455,3779,1815,1964,945,453,492,
23635,3781,1824,1957,6616,3234,3382,7561,3649,3912,6615,3158,3457,3780,1816,1964,945,453,492,
23640,3782,1825,1957,6617,3234,3383,7562,3650,3912,6617,3158,3459,3780,1816,1964,945,453,492,
23645,3783,1825,1958,6619,3235,3384,7565,3651,3914,6618,3158,3460,3781,1817,1964,945,453,492,
23650,3783,1825,1958,6620,3236,3384,7565,3651,3914,6619,3158,3461,3781,1817,1964,946,453,493,
23655,3784,1826,1958,6621,3237,3384,7566,3651,3915,6620,3158,3462,3783,1817,1966,946,453,493,
23660,3785,1826,1959,6623,3238,3385,7569,3654,3915,6622,3159,3463,3784,1817,1967,946,453,493,
23665,3786,1827,1959,6624,3238,3386,7570,3654,3916,6624,3159,3465,3784,1817,1967,946,453,493,
23670,3787,1827,1960,6626,3239,3387,7573,3655,3918,6625,3160,3465,3785,1818,1967,946,453,493,
23675,3787,1827,1960,6627,3240,3387,7573,3655,3918,6626,3160,3466,3785,1818,1967,947,453,494,
23680,3788,1827,1961,6628,3240,3388,7574,3655,3919,6627,3161,3466,3787,1819,1968,947,453,494,
23685,3789,1827,1962,6630,3241,3389,7577,3656,3921,6629,3162,3467,3788,1820,1968,947,453,494,
23690,3790,1827,1963,6631,3241,3390,7578,3657,3921,6631,3163,3468,3788,1820,1968,947,453,494,
23695,3791,1827,1964,6633,3243,3390,7581,3660,3921,6632,3163,3469,3789,1821,1968,947,453,494,
23700,3791,1827,1964,6634,3243,3391,7581,3660,3921,6633,3163,3470,3789,1821,1968,948,453,495,
23705,3792,1828,1964,6635,3243,3392,7582,3660,3922,6634,3163,3471,3791,1822,1969,948,453,495,
23710,3793,1829,1964,6637,3244,3393,7585,3661,3924,6636,3163,3473,3792,1823,1969,948,453,495,
23715,3794,1829,1965,6638,3245,3393,7586,3661,3925,6638,3163,3475,3792,1823,1969,948,453,495,
23720,3795,1830,1965,6640,3246,3394,7589,3663,3926,6639,3163,3476,3793,1824,1969,948,453,495,
23725,3795,1830,1965,6641,3246,3395,7589,3663,3926,6640,3163,3477,3793,1824,1969,949,453,496,
23730,3796,1830,1966,6642,3247,3395,7590,3663,3927,6641,3163,3478,3795,1825,1970,949,453,496,
23735,3797,1831,1966,6644,3248,3396,7593,3664,3929,6643,3164,3479,3796,1826,1970,949,453,496,
23740,3798,1832,1966,6645,3248,3397,7594,3664,3930,6645,3165,3480,3796,1826,1970,949,453,496,
23745,3799,1833,1966,6647,3249,3398,7597,3666,3931,6646,3166,3480,3797,1827,1970,949,453,496,
23750,3799,1833,1966,6648,3249,3399,7597,3666,3931,6647,3167,3480,3797,1827,1970,950,454,496,
23755,3800,1834,1966,6649,3250,3399,7598,3666,3932,6648,3168,3480,3799,1828,1971,950,454,496,
23760,3801,1834,1967,6651,3252,3399,7601,3668,3933,6650,3169,3481,3800,1828,1972,950,454,496,
23765,3802,1834,1968,6652,3253,3399,7602,3668,3934,6652,3171,3481,3800,1828,1972,950,454,496,
23770,3803,1835,1968,6654,3254,3400,7605,3670,3935,6653,3171,3482,3801,1829,1972,950,454,496,
23775,3803,1835,1968,6655,3254,3401,7605,3670,3935,6654,3171,3483,3801,1829,1972,951,455,496,
23780,3804,1835,1969,6656,3254,3402,7606,3671,3935,6655,3171,3484,3803,1830,1973,951,455,496,
23785,3805,1836,1969,6658,3255,3403,7609,3672,3937,6657,3173,3484,3804,1830,1974,951,455,496,
23790,3806,1837,1969,6659,3255,3404,7610,3672,3938,6659,3174,3485,3804,1830,1974,951,455,496,
23795,3807,1837,1970,6661,3256,3405,7613,3675,3938,6660,3174,3486,3805,1830,1975,951,455,496,
23800,3807,1837,1970,6662,3257,3405,7613,3675,3938,6661,3174,3487,3805,1830,1975,952,456,496,
23805,3808,1837,1971,6663,3258,3405,7614,3675,3939,6662,3175,3487,3807,1831,1976,952,456,496,
23810,3809,1838,1971,6665,3259,3406,7617,3677,3940,6664,3176,3488,3808,1831,1977,952,456,496,
23815,3810,1838,1972,6666,3260,3406,7618,3678,3940,6666,3178,3488,3808,1831,1977,952,456,496,
23820,3811,1839,1972,6668,3262,3406,7621,3680,3941,6667,3179,3488,3809,1832,1977,952,456,496,
23825,3811,1839,1972,6669,3263,3406,7621,3680,3941,6668,3180,3488,3809,1832,1977,953,456,497,
23830,3812,1840,1972,6670,3264,3406,7622,3681,3941,6669,3180,3489,3811,1834,1977,953,456,497,
23835,3813,1840,1973,6672,3264,3408,7625,3682,3943,6671,3181,3490,3812,1834,1978,953,456,497,
23840,3814,1840,1974,6673,3264,3409,7626,3683,3943,6673,3183,3490,3812,1834,1978,953,456,497,
23845,3815,1840,1975,6675,3265,3410,7629,3685,3944,6674,3184,3490,3813,1835,1978,953,456,497,
23850,3815,1840,1975,6676,3265,3411,7629,3685,3944,6675,3184,3491,3813,1835,1978,954,457,497,
23855,3816,1840,1976,6677,3266,3411,7630,3686,3944,6676,3184,3492,3815,1835,1980,954,457,497,
23860,3817,1840,1977,6679,3268,3411,7633,3687,3946,6678,3185,3493,3816,1836,1980,954,457,497,
23865,3818,1840,1978,6680,3268,3412,7634,3688,3946,6680,3186,3494,3816,1836,1980,954,457,497,
23870,3819,1840,1979,6682,3270,3412,7637,3688,3949,6681,3186,3495,3817,1836,1981,954,457,497,
23875,3819,1840,1979,6683,3270,3413,7637,3688,3949,6682,3186,3496,3817,1836,1981,955,458,497,
23880,3820,1841,1979,6684,3270,3414,7638,3688,3950,6683,3187,3496,3819,1838,1981,955,458,497,
23885,3821,1841,1980,6686,3272,3414,7641,3689,3952,6685,3188,3497,3820,1839,1981,955,458,497,
23890,3822,1842,1980,6687,3272,3415,7642,3689,3953,6687,3188,3499,3820,1839,1981,955,458,497,
23895,3823,1842,1981,6689,3274,3415,7645,3691,3954,6688,3188,3500,3821,1839,1982,955,458,497,
23900,3823,1842,1981,6690,3275,3415,7645,3691,3954,6689,3188,3501,3821,1839,1982,956,458,498,
23905,3824,1843,1981,6691,3276,3415,7646,3692,3954,6690,3188,3502,3823,1840,1983,956,458,498,
23910,3825,1843,1982,6693,3276,3417,7649,3694,3955,6692,3189,3503,3824,1841,1983,956,458,498,
23915,3826,1844,1982,6694,3277,3417,7650,3694,3956,6694,3191,3503,3824,1841,1983,956,458,498,
23920,3827,1845,1982,6696,3279,3417,7653,3695,3958,6695,3191,3504,3825,1841,1984,956,458,498,
23925,3827,1845,1982,6697,3280,3417,7653,3695,3958,6696,3192,3504,3825,1841,1984,957,459,498,
23930,3828,1846,1982,6698,3281,3417,7654,3695,3959,6697,3192,3505,3827,1843,1984,957,459,498,
23935,3829,1846,1983,6700,3281,3419,7657,3698,3959,6699,3194,3505,3828,1844,1984,957,459,498,
23940,3830,1847,1983,6701,3282,3419,7658,3698,3960,6701,3196,3505,3828,1844,1984,957,459,498,
23945,3831,1847,1984,6703,3283,3420,7661,3699,3962,6702,3197,3505,3829,1845,1984,957,459,498,
23950,3831,1847,1984,6704,3283,3421,7661,3699,3962,6703,3197,3506,3829,1845,1984,958,459,499,
23955,3832,1848,1984,6705,3283,3422,7662,3699,3963,6704,3198,3506,3831,1845,1986,958,459,499,
23960,3833,1849,1984,6707,3284,3423,7665,3702,3963,6706,3199,3507,3832,1845,1987,958,459,499,
23965,3834,1849,1985,6708,3285,3423,7666,3702,3964,6708,3200,3508,3832,1845,1987,958,459,499,
23970,3835,1850,1985,6710,3285,3425,7669,3703,3966,6709,3201,3508,3833,1845,1988,958,459,499,
23975,3835,1850,1985,6711,3286,3425,7669,3703,3966,6710,3201,3509,3833,1845,1988,959,460,499,
23980,3836,1851,1985,6712,3286,3426,7670,3703,3967,6711,3201,3510,3835,1846,1989,959,460,499,
23985,3837,1852,1985,6714,3287,3427,7673,3704,3969,6713,3202,3511,3836,1846,1990,959,460,499,
23990,3838,1852,1986,6715,3288,3427,7674,3705,3969,6715,3203,3512,3836,1846,1990,959,460,499,
23995,3839,1853,1986,6717,3290,3427,7677,3706,3971,6716,3204,3512,3837,1846,1991,959,460,499,
24000,3839,1853,1986,6718,3290,3428,7677,3706,3971,6717,3204,3513,3837,1846,1991,960,460,500,
24005,3840,1853,1987,6719,3290,3429,7678,3707,3971,6718,3205,3513,3839,1847,1992,960,460,500,
24010,3841,1854,1987,6721,3290,3431,7681,3709,3972,6720,3207,3513,3840,1848,1992,960,460,500,
24015,3842,1855,1987,6722,3291,3431,7682,3709,3973,6722,3208,3514,3840,1848,1992,960,460,500,
24020,3843,1855,1988,6724,3292,3432,7685,3712,3973,6723,3209,3514,3841,1848,1993,960,460,500,
24025,3843,1855,1988,6725,3293,3432,7685,3712,3973,6724,3210,3514,3841,1848,1993,961,461,500,
24030,3844,1856,1988,6726,3293,3433,7686,3712,3974,6725,3211,3514,3843,1850,1993,961,461,500,
24035,3845,1857,1988,6728,3293,3435,7689,3714,3975,6727,3212,3515,3844,1850,1994,961,461,500,
24040,3846,1858,1988,6729,3294,3435,7690,3715,3975,6729,3213,3516,3844,1850,1994,961,461,500,
24045,3847,1859,1988,6731,3295,3436,7693,3717,3976,6730,3214,3516,3845,1850,1995,961,461,500,
24050,3847,1859,1988,6732,3295,3437,7693,3717,3976,6731,3214,3517,3845,1850,1995,962,461,501,
24055,3848,1859,1989,6733,3296,3437,7694,3718,3976,6732,3214,3518,3847,1850,1997,962,461,501,
24060,3849,1860,1989,6735,3298,3437,7697,3719,3978,6734,3215,3519,3848,1850,1998,962,461,501,
24065,3850,1861,1989,6736,3298,3438,7698,3720,3978,6736,3216,3520,3848,1850,1998,962,461,501,
24070,3851,1862,1989,6738,3298,3440,7701,3722,3979,6737,3217,3520,3849,1851,1998,962,461,501,
24075,3851,1862,1989,6739,3299,3440,7701,3722,3979,6738,3218,3520,3849,1851,1998,963,462,501,
24080,3852,1863,1989,6740,3300,3440,7702,3722,3980,6739,3218,3521,3851,1853,1998,963,462,501,
24085,3853,1863,1990,6742,3301,3441,7705,3722,3983,6741,3219,3522,3852,1854,1998,963,462,501,
24090,3854,1863,1991,6743,3301,3442,7706,3722,3984,6743,3221,3522,3852,1854,1998,963,462,501,
24095,3855,1863,1992,6745,3302,3443,7709,3723,3986,6744,3221,3523,3853,1855,1998,963,462,501,
24100,3855,1863,1992,6746,3303,3443,7709,3723,3986,6745,3221,3524,3853,1855,1998,964,463,501,
24105,3856,1863,1993,6747,3303,3444,7710,3723,3987,6746,3221,3525,3855,1856,1999,964,463,501,
24110,3857,1864,1993,6749,3305,3444,7713,3723,3990,6748,3221,3527,3856,1856,2000,964,463,501,
24115,3858,1865,1993,6750,3306,3444,7714,3723,3991,6750,3222,3528,3856,1856,2000,964,463,501,
24120,3859,1866,1993,6752,3308,3444,7717,3724,3993,6751,3223,3528,3857,1856,2001,964,463,501,
24125,3859,1866,1993,6753,3308,3445,7717,3724,3993,6752,3224,3528,3857,1856,2001,965,463,502,
24130,3860,1866,1994,6754,3309,3445,7718,3725,3993,6753,3225,3528,3859,1856,2003,965,463,502,
24135,3861,1867,1994,6756,3311,3445,7721,3727,3994,6755,3226,3529,3860,1856,2004,965,463,502,
24140,3862,1868,1994,6757,3311,3446,7722,3727,3995,6757,3228,3529,3860,1856,2004,965,463,502,
24145,3863,1868,1995,6759,3313,3446,7725,3728,3997,6758,3228,3530,3861,1856,2005,965,463,502,
24150,3863,1868,1995,6760,3314,3446,7725,3728,3997,6759,3228,3531,3861,1856,2005,966,463,503,
24155,3864,1868,1996,6761,3315,3446,7726,3728,3998,6760,3228,3532,3863,1857,2006,966,463,503,
24160,3865,1868,1997,6763,3315,3448,7729,3730,3999,6762,3228,3534,3864,1858,2006,966,463,503,
24165,3866,1869,1997,6764,3316,3448,7730,3731,3999,6764,3229,3535,3864,1858,2006,966,463,503,
24170,3867,1870,1997,6766,3317,3449,7733,3733,4000,6765,3230,3535,3865,1859,2006,966,463,503,
24175,3867,1870,1997,6767,3318,3449,7733,3733,4000,6766,3231,3535,3865,1859,2006,967,463,504,
24180,3868,1870,1998,6768,3319,3449,7734,3733,4001,6767,3231,3536,3867,1859,2008,967,463,504,
24185,3869,1871,1998,6770,3320,3450,7737,3735,4002,6769,3232,3537,3868,1860,2008,967,463,504,
24190,3870,1871,1999,6771,3321,3450,7738,3736,4002,6771,3233,3538,3868,1860,2008,967,463,504,
24195,3871,1872,1999,6773,3322,3451,7741,3737,4004,6772,3233,3539,3869,1860,2009,967,463,504,
24200,3871,1872,1999,6774,3323,3451,7741,3737,4004,6773,3234,3539,3869,1860,2009,968,464,504,
24205,3872,1873,1999,6775,3323,3452,7742,3738,4004,6774,3234,3540,3871,1861,2010,968,464,504,
24210,3873,1873,2000,6777,3324,3453,7745,3739,4006,6776,3236,3540,3872,1862,2010,968,464,504,
24215,3874,1874,2000,6778,3325,3453,7746,3739,4007,6778,3236,3542,3872,1862,2010,968,464,504,
24220,3875,1874,2001,6780,3327,3453,7749,3742,4007,6779,3237,3542,3873,1862,2011,968,464,504,
24225,3875,1874,2001,6781,3328,3453,7749,3742,4007,6780,3238,3542,3873,1862,2011,969,464,505,
24230,3876,1874,2002,6782,3329,3453,7750,3743,4007,6781,3239,3542,3875,1863,2012,969,464,505,
24235,3877,1875,2002,6784,3329,3455,7753,3744,4009,6783,3240,3543,3876,1864,2012,969,464,505,
24240,3878,1875,2003,6785,3329,3456,7754,3744,4010,6785,3241,3544,3876,1864,2012,969,464,505,
24245,3879,1875,2004,6787,3329,3458,7757,3745,4012,6786,3241,3545,3877,1864,2013,969,464,505,
24250,3879,1875,2004,6788,3330,3458,7757,3745,4012,6787,3242,3545,3877,1864,2013,970,464,506,
24255,3880,1876,2004,6789,3331,3458,7758,3745,4013,6788,3243,3545,3879,1866,2013,970,464,506,
24260,3881,1877,2004,6791,3331,3460,7761,3746,4015,6790,3244,3546,3880,1866,2014,970,464,506,
24265,3882,1877,2005,6792,3332,3460,7762,3746,4016,6792,3244,3548,3880,1866,2014,970,464,506,
24270,3883,1877,2006,6794,3333,3461,7765,3747,4018,6793,3245,3548,3881,1867,2014,970,464,506,
24275,3883,1877,2006,6795,3333,3462,7765,3747,4018,6794,3245,3549,3881,1867,2014,971,464,507,
24280,3884,1878,2006,6796,3334,3462,7766,3748,4018,6795,3246,3549,3883,1868,2015,971,464,507,
24285,3885,1879,2006,6798,3336,3462,7769,3750,4019,6797,3247,3550,3884,1869,2015,971,464,507,
24290,3886,1879,2007,6799,3336,3463,7770,3750,4020,6799,3249,3550,3884,1869,2015,971,464,507,
24295,3887,1880,2007,6801,3338,3463,7773,3750,4023,6800,3250,3550,3885,1870,2015,971,464,507,
24300,3887,1880,2007,6802,3338,3464,7773,3750,4023,6801,3250,3551,3885,1870,2015,972,464,508,
24305,3888,1881,2007,6803,3338,3465,7774,3750,4024,6802,3250,3552,3887,1870,2017,972,464,508,
24310,3889,1881,2008,6805,3338,3467,7777,3752,4025,6804,3251,3553,3888,1871,2017,972,464,508,
24315,3890,1882,2008,6806,3338,3468,7778,3752,4026,6806,3252,3554,3888,1871,2017,972,464,508,
24320,3891,1883,2008,6808,3339,3469,7781,3752,4029,6807,3253,3554,3889,1872,2017,972,464,508,
24325,3891,1883,2008,6809,3339,3470,7781,3752,4029,6808,3254,3554,3889,1872,2017,973,464,509,
24330,3892,1884,2008,6810,3339,3471,7782,3752,4030,6809,3254,3555,3891,1873,2018,973,464,509,
24335,3893,1884,2009,6812,3340,3472,7785,3753,4032,6811,3254,3557,3892,1873,2019,973,464,509,
24340,3894,1885,2009,6813,3340,3473,7786,3753,4033,6813,3255,3558,3892,1873,2019,973,464,509,
24345,3895,1886,2009,6815,3341,3474,7789,3755,4034,6814,3255,3559,3893,1873,2020,973,464,509,
24350,3895,1886,2009,6816,3342,3474,7789,3755,4034,6815,3256,3559,3893,1873,2020,974,465,509,
24355,3896,1887,2009,6817,3343,3474,7790,3755,4035,6816,3257,3559,3895,1873,2022,974,465,509,
24360,3897,1888,2009,6819,3344,3475,7793,3757,4036,6818,3257,3561,3896,1873,2023,974,465,509,
24365,3898,1889,2009,6820,3345,3475,7794,3757,4037,6820,3258,3562,3896,1873,2023,974,465,509,
24370,3899,1890,2009,6822,3346,3476,7797,3759,4038,6821,3258,3563,3897,1873,2024,974,465,509,
24375,3899,1890,2009,6823,3346,3477,7797,3759,4038,6822,3259,3563,3897,1873,2024,975,465,510,
24380,3900,1890,2010,6824,3346,3478,7798,3760,4038,6823,3259,3564,3899,1873,2026,975,465,510,
24385,3901,1890,2011,6826,3347,3479,7801,3760,4041,6825,3261,3564,3900,1873,2027,975,465,510,
24390,3902,1890,2012,6827,3348,3479,7802,3761,4041,6827,3262,3565,3900,1873,2027,975,465,510,
24395,3903,1890,2013,6829,3350,3479,7805,3763,4042,6828,3263,3565,3901,1873,2028,975,465,510,
24400,3903,1890,2013,6830,3350,3480,7805,3763,4042,6829,3263,3566,3901,1873,2028,976,466,510,
24405,3904,1891,2013,6831,3351,3480,7806,3763,4043,6830,3263,3567,3903,1873,2030,976,466,510,
24410,3905,1892,2013,6833,3352,3481,7809,3765,4044,6832,3264,3568,3904,1874,2030,976,466,510,
24415,3906,1893,2013,6834,3352,3482,7810,3766,4044,6834,3265,3569,3904,1874,2030,976,466,510,
24420,3907,1893,2014,6836,3352,3484,7813,3766,4047,6835,3265,3570,3905,1875,2030,976,466,510,
24425,3907,1893,2014,6837,3353,3484,7813,3766,4047,6836,3266,3570,3905,1875,2030,977,467,510,
24430,3908,1894,2014,6838,3353,3485,7814,3766,4048,6837,3266,3571,3907,1875,2032,977,467,510,
24435,3909,1894,2015,6840,3354,3486,7817,3767,4050,6839,3268,3571,3908,1876,2032,977,467,510,
24440,3910,1895,2015,6841,3354,3487,7818,3768,4050,6841,3269,3572,3908,1876,2032,977,467,510,
24445,3911,1895,2016,6843,3355,3488,7821,3768,4053,6842,3270,3572,3909,1876,2033,977,467,510,
24450,3911,1895,2016,6844,3355,3489,7821,3768,4053,6843,3270,3573,3909,1876,2033,978,468,510,
24455,3912,1896,2016,6845,3356,3489,7822,3769,4053,6844,3270,3574,3911,1876,2035,978,468,510,
24460,3913,1896,2017,6847,3358,3489,7825,3771,4054,6846,3270,3576,3912,1877,2035,978,468,510,
24465,3914,1896,2018,6848,3358,3490,7826,3772,4054,6848,3271,3577,3912,1877,2035,978,468,510,
24470,3915,1897,2018,6850,3359,3491,7829,3774,4055,6849,3271,3578,3913,1878,2035,978,468,510,
24475,3915,1897,2018,6851,3360,3491,7829,3774,4055,6850,3271,3579,3913,1878,2035,979,469,510,
24480,3916,1898,2018,6852,3360,3492,7830,3774,4056,6851,3271,3580,3915,1879,2036,979,469,510,
24485,3917,1899,2018,6854,3361,3493,7833,3774,4059,6853,3271,3582,3916,1880,2036,979,469,510,
24490,3918,1899,2019,6855,3362,3493,7834,3775,4059,6855,3272,3583,3916,1880,2036,979,469,510,
24495,3919,1899,2020,6857,3364,3493,7837,3777,4060,6856,3272,3584,3917,1881,2036,979,469,510,
24500,3919,1899,2020,6858,3364,3494,7837,3777,4060,6857,3272,3585,3917,1881,2036,980,469,511,
24505,3920,1899,2021,6859,3365,3494,7838,3777,4061,6858,3273,3585,3919,1881,2038,980,469,511,
24510,3921,1900,2021,6861,3366,3495,7841,3778,4063,6860,3274,3586,3920,1881,2039,980,469,511,
24515,3922,1901,2021,6862,3367,3495,7842,3778,4064,6862,3275,3587,3920,1881,2039,980,469,511,
24520,3923,1901,2022,6864,3369,3495,7845,3780,4065,6863,3275,3588,3921,1882,2039,980,469,511,
24525,3923,1901,2022,6865,3369,3496,7845,3780,4065,6864,3275,3589,3921,1882,2039,981,469,512,
24530,3924,1901,2023,6866,3370,3496,7846,3780,4066,6865,3275,3590,3923,1884,2039,981,469,512,
24535,3925,1902,2023,6868,3370,3498,7849,3782,4067,6867,3277,3590,3924,1884,2040,981,469,512,
24540,3926,1903,2023,6869,3371,3498,7850,3783,4067,6869,3278,3591,3924,1884,2040,981,469,512,
24545,3927,1903,2024,6871,3372,3499,7853,3786,4067,6870,3278,3592,3925,1885,2040,981,469,512,
24550,3927,1903,2024,6872,3373,3499,7853,3786,4067,6871,3278,3593,3925,1885,2040,982,470,512,
24555,3928,1903,2025,6873,3374,3499,7854,3787,4067,6872,3278,3594,3927,1886,2041,982,470,512,
24560,3929,1903,2026,6875,3374,3501,7857,3788,4069,6874,3279,3595,3928,1886,2042,982,470,512,
24565,3930,1904,2026,6876,3375,3501,7858,3788,4070,6876,3280,3596,3928,1886,2042,982,470,512,
24570,3931,1904,2027,6878,3376,3502,7861,3789,4072,6877,3281,3596,3929,1887,2042,982,470,512,
24575,3931,1904,2027,6879,3376,3503,7861,3789,4072,6878,3281,3597,3929,1887,2042,983,470,513,
24580,3932,1905,2027,6880,3376,3504,7862,3789,4073,6879,3281,3598,3931,1887,2044,983,470,513,
24585,3933,1906,2027,6882,3377,3505,7865,3790,4075,6881,3282,3599,3932,1887,2045,983,470,513,
24590,3934,1907,2027,6883,3378,3505,7866,3791,4075,6883,3282,3601,3932,1887,2045,983,470,513,
24595,3935,1908,2027,6885,3379,3506,7869,3793,4076,6884,3283,3601,3933,1887,2046,983,470,513,
24600,3935,1908,2027,6886,3379,3507,7869,3793,4076,6885,3284,3601,3933,1887,2046,984,471,513,
24605,3936,1908,2028,6887,3379,3508,7870,3794,4076,6886,3284,3602,3935,1888,2047,984,471,513,
24610,3937,1909,2028,6889,3380,3509,7873,3796,4077,6888,3285,3603,3936,1888,2048,984,471,513,
24615,3938,1910,2028,6890,3380,3510,7874,3796,4078,6890,3285,3605,3936,1888,2048,984,471,513,
24620,3939,1910,2029,6892,3380,3512,7877,3797,4080,6891,3286,3605,3937,1889,2048,984,471,513,
24625,3939,1910,2029,6893,3381,3512,7877,3797,4080,6892,3287,3605,3937,1889,2048,985,471,514,
24630,3940,1910,2030,6894,3382,3512,7878,3798,4080,6893,3288,3605,3939,1891,2048,985,471,514,
24635,3941,1911,2030,6896,3382,3514,7881,3800,4081,6895,3288,3607,3940,1892,2048,985,471,514,
24640,3942,1911,2031,6897,3382,3515,7882,3800,4082,6897,3290,3607,3940,1892,2048,985,471,514,
24645,3943,1912,2031,6899,3382,3517,7885,3800,4085,6898,3290,3608,3941,1893,2048,985,471,514,
24650,3943,1912,2031,6900,3382,3518,7885,3800,4085,6899,3290,3609,3941,1893,2048,986,472,514,
24655,3944,1913,2031,6901,3382,3519,7886,3800,4086,6900,3291,3609,3943,1895,2048,986,472,514,
24660,3945,1914,2031,6903,3384,3519,7889,3802,4087,6902,3291,3611,3944,1895,2049,986,472,514,
24665,3946,1915,2031,6904,3385,3519,7890,3803,4087,6904,3293,3611,3944,1895,2049,986,472,514,
24670,3947,1915,2032,6906,3386,3520,7893,3805,4088,6905,3294,3611,3945,1896,2049,986,472,514,
24675,3947,1915,2032,6907,3387,3520,7893,3805,4088,6906,3295,3611,3945,1896,2049,987,473,514,
24680,3948,1916,2032,6908,3387,3521,7894,3806,4088,6907,3296,3611,3947,1897,2050,987,473,514,
24685,3949,1917,2032,6910,3389,3521,7897,3808,4089,6909,3297,3612,3948,1898,2050,987,473,514,
24690,3950,1918,2032,6911,3389,3522,7898,3809,4089,6911,3298,3613,3948,1898,2050,987,473,514,
24695,3951,1919,2032,6913,3390,3523,7901,3810,4091,6912,3298,3614,3949,1899,2050,987,473,514,
24700,3951,1919,2032,6914,3390,3524,7901,3810,4091,6913,3298,3615,3949,1899,2050,988,474,514,
24705,3952,1920,2032,6915,3391,3524,7902,3810,4092,6914,3298,3616,3951,1900,2051,988,474,514,
24710,3953,1920,2033,6917,3392,3525,7905,3811,4094,6916,3300,3616,3952,1900,2052,988,474,514,
24715,3954,1921,2033,6918,3393,3525,7906,3812,4094,6918,3301,3617,3952,1900,2052,988,474,514,
24720,3955,1921,2034,6920,3394,3526,7909,3815,4094,6919,3301,3618,3953,1900,2053,988,474,514,
24725,3955,1921,2034,6921,3394,3527,7909,3815,4094,6920,3301,3619,3953,1900,2053,989,475,514,
24730,3956,1922,2034,6922,3394,3528,7910,3816,4094,6921,3301,3620,3955,1901,2054,989,475,514,
24735,3957,1923,2034,6924,3395,3529,7913,3817,4096,6923,3302,3621,3956,1902,2054,989,475,514,
24740,3958,1924,2034,6925,3396,3529,7914,3818,4096,6925,3303,3622,3956,1902,2054,989,475,514,
24745,3959,1925,2034,6927,3397,3530,7917,3819,4098,6926,3304,3622,3957,1903,2054,989,475,514,
24750,3959,1925,2034,6928,3398,3530,7917,3819,4098,6927,3304,3623,3957,1903,2054,990,476,514,
24755,3960,1926,2034,6929,3399,3530,7918,3819,4099,6928,3304,3624,3959,1905,2054,990,476,514,
24760,3961,1926,2035,6931,3401,3530,7921,3821,4100,6930,3305,3625,3960,1905,2055,990,476,514,
24765,3962,1926,2036,6932,3402,3530,7922,3821,4101,6932,3306,3626,3960,1905,2055,990,476,514,
24770,3963,1926,2037,6934,3403,3531,7925,3823,4102,6933,3307,3626,3961,1905,2056,990,476,514,
24775,3963,1926,2037,6935,3403,3532,7925,3823,4102,6934,3308,3626,3961,1905,2056,991,477,514,
24780,3964,1926,2038,6936,3403,3533,7926,3824,4102,6935,3308,3627,3963,1905,2058,991,477,514,
24785,3965,1926,2039,6938,3404,3534,7929,3825,4104,6937,3308,3629,3964,1905,2059,991,477,514,
24790,3966,1926,2040,6939,3404,3535,7930,3826,4104,6939,3309,3630,3964,1905,2059,991,477,514,
24795,3967,1926,2041,6941,3405,3536,7933,3827,4106,6940,3310,3630,3965,1905,2060,991,477,514,
24800,3967,1926,2041,6942,3405,3537,7933,3827,4106,6941,3310,3631,3965,1905,2060,992,477,515,
24805,3968,1926,2042,6943,3405,3538,7934,3827,4107,6942,3310,3632,3967,1906,2061,992,477,515,
24810,3969,1926,2043,6945,3406,3539,7937,3830,4107,6944,3310,3634,3968,1906,2062,992,477,515,
24815,3970,1926,2044,6946,3407,3539,7938,3831,4107,6946,3312,3634,3968,1906,2062,992,477,515,
24820,3971,1926,2045,6948,3409,3539,7941,3834,4107,6947,3313,3634,3969,1907,2062,992,477,515,
24825,3971,1926,2045,6949,3410,3539,7941,3834,4107,6948,3313,3635,3969,1907,2062,993,478,515,
24830,3972,1927,2045,6950,3410,3540,7942,3834,4108,6949,3313,3636,3971,1908,2063,993,478,515,
24835,3973,1927,2046,6952,3412,3540,7945,3836,4109,6951,3313,3638,3972,1909,2063,993,478,515,
24840,3974,1928,2046,6953,3412,3541,7946,3836,4110,6953,3315,3638,3972,1909,2063,993,478,515,
24845,3975,1929,2046,6955,3413,3542,7949,3838,4111,6954,3315,3639,3973,1909,2064,993,478,515,
24850,3975,1929,2046,6956,3413,3543,7949,3838,4111,6955,3316,3639,3973,1909,2064,994,479,515,
24855,3976,1929,2047,6957,3414,3543,7950,3839,4111,6956,3316,3640,3975,1910,2065,994,479,515,
24860,3977,1929,2048,6959,3416,3543,7953,3841,4112,6958,3316,3642,3976,1911,2065,994,479,515,
24865,3978,1929,2049,6960,3417,3543,7954,3841,4113,6960,3317,3643,3976,1911,2065,994,479,515,
24870,3979,1930,2049,6962,3418,3544,7957,3842,4115,6961,3318,3643,3977,1911,2066,994,479,515,
24875,3979,1930,2049,6963,3418,3545,7957,3842,4115,6962,3318,3644,3977,1911,2066,995,479,516,
24880,3980,1930,2050,6964,3419,3545,7958,3842,4116,6963,3319,3644,3979,1913,2066,995,479,516,
24885,3981,1930,2051,6966,3420,3546,7961,3844,4117,6965,3320,3645,3980,1914,2066,995,479,516,
24890,3982,1930,2052,6967,3420,3547,7962,3844,4118,6967,3321,3646,3980,1914,2066,995,479,516,
24895,3983,1931,2052,6969,3420,3549,7965,3845,4120,6968,3322,3646,3981,1914,2067,995,479,516,
24900,3983,1931,2052,6970,3421,3549,7965,3845,4120,6969,3323,3646,3981,1914,2067,996,479,517,
24905,3984,1931,2053,6971,3421,3550,7966,3846,4120,6970,3323,3647,3983,1916,2067,996,479,517,
24910,3985,1931,2054,6973,3422,3551,7969,3847,4122,6972,3324,3648,3984,1916,2068,996,479,517,
24915,3986,1932,2054,6974,3422,3552,7970,3848,4122,6974,3325,3649,3984,1916,2068,996,479,517,
24920,3987,1933,2054,6976,3422,3554,7973,3849,4124,6975,3325,3650,3985,1916,2069,996,479,517,
24925,3987,1933,2054,6977,3423,3554,7973,3849,4124,6976,3325,3651,3985,1916,2069,997,480,517,
24930,3988,1934,2054,6978,3423,3555,7974,3850,4124,6977,3325,3652,3987,1917,2070,997,480,517,
24935,3989,1934,2055,6980,3423,3557,7977,3853,4124,6979,3326,3653,3988,1917,2071,997,480,517,
24940,3990,1934,2056,6981,3424,3557,7978,3854,4124,6981,3328,3653,3988,1917,2071,997,480,517,
24945,3991,1935,2056,6983,3425,3558,7981,3856,4125,6982,3329,3653,3989,1917,2072,997,480,517,
24950,3991,1935,2056,6984,3425,3559,7981,3856,4125,6983,3329,3654,3989,1917,2072,998,480,518,
24955,3992,1936,2056,6985,3426,3559,7982,3856,4126,6984,3330,3654,3991,1919,2072,998,480,518,
24960,3993,1937,2056,6987,3427,3560,7985,3858,4127,6986,3331,3655,3992,1919,2073,998,480,518,
24965,3994,1938,2056,6988,3427,3561,7986,3859,4127,6988,3331,3657,3992,1919,2073,998,480,518,
24970,3995,1938,2057,6990,3427,3563,7989,3861,4128,6989,3331,3658,3993,1919,2074,998,480,518,
24975,3995,1938,2057,6991,3427,3564,7989,3861,4128,6990,3332,3658,3993,1919,2074,999,481,518,
24980,3996,1938,2058,6992,3428,3564,7990,3861,4129,6991,3332,3659,3995,1921,2074,999,481,518,
24985,3997,1938,2059,6994,3429,3565,7993,3862,4131,6993,3332,3661,3996,1922,2074,999,481,518,
24990,3998,1939,2059,6995,3430,3565,7994,3862,4132,6995,3334,3661,3996,1922,2074,999,481,518,
24995,3999,1940,2059,6997,3431,3566,7997,3863,4134,6996,3334,3662,3997,1922,2075,999,481,518,
25000,3999,1940,2059,6998,3432,3566,7997,3863,4134,6997,3335,3662,3997,1922,2075,1000,482,518,
25005,4000,1941,2059,6999,3432,3567,7998,3864,4134,6998,3336,3662,3999,1924,2075,1000,482,518,
25010,4001,1942,2059,7001,3432,3569,8001,3866,4135,7000,3337,3663,4000,1925,2075,1000,482,518,
25015,4002,1943,2059,7002,3432,3570,8002,3867,4135,7002,3339,3663,4000,1925,2075,1000,482,518,
25020,4003,1944,2059,7004,3433,3571,8005,3869,4136,7003,3339,3664,4001,1926,2075,1000,482,518,
25025,4003,1944,2059,7005,3434,3571,8005,3869,4136,7004,3340,3664,4001,1926,2075,1001,483,518,
25030,4004,1945,2059,7006,3434,3572,8006,3870,4136,7005,3340,3665,4003,1926,2077,1001,483,518,
25035,4005,1946,2059,7008,3434,3574,8009,3872,4137,7007,3340,3667,4004,1926,2078,1001,483,518,
25040,4006,1947,2059,7009,3434,3575,8010,3873,4137,7009,3340,3669,4004,1926,2078,1001,483,518,
25045,4007,1947,2060,7011,3436,3575,8013,3875,4138,7010,3340,3670,4005,1926,2079,1001,483,518,
25050,4007,1947,2060,7012,3436,3576,8013,3875,4138,7011,3340,3671,4005,1926,2079,1002,483,519,
25055,4008,1947,2061,7013,3437,3576,8014,3875,4139,7012,3341,3671,4007,1927,2080,1002,483,519,
25060,4009,1948,2061,7015,3438,3577,8017,3876,4141,7014,3342,3672,4008,1928,2080,1002,483,519,
25065,4010,1949,2061,7016,3439,3577,8018,3877,4141,7016,3343,3673,4008,1928,2080,1002,483,519,
25070,4011,1949,2062,7018,3439,3579,8021,3878,4143,7017,3343,3674,4009,1928,2081,1002,483,519,
25075,4011,1949,2062,7019,3440,3579,8021,3878,4143,7018,3344,3674,4009,1928,2081,1003,483,520,
25080,4012,1950,2062,7020,3440,3580,8022,3878,4144,7019,3344,3675,4011,1930,2081,1003,483,520,
25085,4013,1950,2063,7022,3441,3581,8025,3881,4144,7021,3344,3677,4012,1930,2082,1003,483,520,
25090,4014,1950,2064,7023,3441,3582,8026,3881,4145,7023,3345,3678,4012,1930,2082,1003,483,520,
25095,4015,1950,2065,7025,3443,3582,8029,3882,4147,7024,3345,3679,4013,1931,2082,1003,483,520,
25100,4015,1950,2065,7026,3444,3582,8029,3882,4147,7025,3346,3679,4013,1931,2082,1004,483,521,
25105,4016,1950,2066,7027,3445,3582,8030,3882,4148,7026,3346,3680,4015,1932,2083,1004,483,521,
25110,4017,1951,2066,7029,3446,3583,8033,3883,4150,7028,3347,3681,4016,1933,2083,1004,483,521,
25115,4018,1951,2067,7030,3447,3583,8034,3884,4150,7030,3348,3682,4016,1933,2083,1004,483,521,
25120,4019,1951,2068,7032,3447,3585,8037,3885,4152,7031,3348,3683,4017,1934,2083,1004,483,521,
25125,4019,1951,2068,7033,3447,3586,8037,3885,4152,7032,3349,3683,4017,1934,2083,1005,483,522,
25130,4020,1952,2068,7034,3448,3586,8038,3885,4153,7033,3349,3684,4019,1935,2084,1005,483,522,
25135,4021,1952,2069,7036,3449,3587,8041,3888,4153,7035,3349,3686,4020,1936,2084,1005,483,522,
25140,4022,1952,2070,7037,3450,3587,8042,3888,4154,7037,3349,3688,4020,1936,2084,1005,483,522,
25145,4023,1952,2071,7039,3450,3589,8045,3890,4155,7038,3349,3689,4021,1936,2085,1005,483,522,
25150,4023,1952,2071,7040,3450,3590,8045,3890,4155,7039,3349,3690,4021,1936,2085,1006,483,523,
25155,4024,1953,2071,7041,3451,3590,8046,3890,4156,7040,3349,3691,4023,1937,2086,1006,483,523,
25160,4025,1953,2072,7043,3451,3592,8049,3890,4159,7042,3350,3692,4024,1937,2087,1006,483,523,
25165,4026,1953,2073,7044,3452,3592,8050,3891,4159,7044,3352,3692,4024,1937,2087,1006,483,523,
25170,4027,1954,2073,7046,3452,3594,8053,3892,4161,7045,3352,3693,4025,1938,2087,1006,483,523,
25175,4027,1954,2073,7047,3452,3595,8053,3892,4161,7046,3352,3694,4025,1938,2087,1007,483,524,
25180,4028,1954,2074,7048,3453,3595,8054,3892,4162,7047,3352,3695,4027,1939,2088,1007,483,524,
25185,4029,1954,2075,7050,3453,3597,8057,3892,4165,7049,3352,3697,4028,1940,2088,1007,483,524,
25190,4030,1954,2076,7051,3453,3598,8058,3892,4166,7051,3353,3698,4028,1940,2088,1007,483,524,
25195,4031,1954,2077,7053,3454,3599,8061,3894,4167,7052,3353,3699,4029,1941,2088,1007,483,524,
25200,4031,1954,2077,7054,3454,3600,8061,3894,4167,7053,3353,3700,4029,1941,2088,1008,483,525,
25205,4032,1955,2077,7055,3455,3600,8062,3895,4167,7054,3354,3700,4031,1942,2089,1008,483,525,
25210,4033,1955,2078,7057,3456,3601,8065,3897,4168,7056,3356,3700,4032,1943,2089,1008,483,525,
25215,4034,1956,2078,7058,3456,3602,8066,3898,4168,7058,3356,3702,4032,1943,2089,1008,483,525,
25220,4035,1956,2079,7060,3458,3602,8069,3900,4169,7059,3357,3702,4033,1944,2089,1008,483,525,
25225,4035,1956,2079,7061,3458,3603,8069,3900,4169,7060,3358,3702,4033,1944,2089,1009,484,525,
25230,4036,1957,2079,7062,3458,3604,8070,3900,4170,7061,3358,3703,4035,1945,2090,1009,484,525,
25235,4037,1958,2079,7064,3458,3606,8073,3902,4171,7063,3359,3704,4036,1946,2090,1009,484,525,
25240,4038,1959,2079,7065,3459,3606,8074,3903,4171,7065,3361,3704,4036,1946,2090,1009,484,525,
25245,4039,1959,2080,7067,3460,3607,8077,3905,4172,7066,3362,3704,4037,1947,2090,1009,484,525,
25250,4039,1959,2080,7068,3461,3607,8077,3905,4172,7067,3362,3705,4037,1947,2090,1010,484,526,
25255,4040,1959,2081,7069,3461,3608,8078,3906,4172,7068,3362,3706,4039,1948,2091,1010,484,526,
25260,4041,1959,2082,7071,3461,3610,8081,3908,4173,7070,3364,3706,4040,1948,2092,1010,484,526,
25265,4042,1960,2082,7072,3461,3611,8082,3909,4173,7072,3364,3708,4040,1948,2092,1010,484,526,
25270,4043,1960,2083,7074,3463,3611,8085,3910,4175,7073,3365,3708,4041,1949,2092,1010,484,526,
25275,4043,1960,2083,7075,3464,3611,8085,3910,4175,7074,3365,3709,4041,1949,2092,1011,484,527,
25280,4044,1960,2084,7076,3465,3611,8086,3911,4175,7075,3365,3710,4043,1950,2093,1011,484,527,
25285,4045,1960,2085,7078,3465,3613,8089,3912,4177,7077,3367,3710,4044,1951,2093,1011,484,527,
25290,4046,1960,2086,7079,3465,3614,8090,3912,4178,7079,3368,3711,4044,1951,2093,1011,484,527,
25295,4047,1961,2086,7081,3466,3615,8093,3914,4179,7080,3369,3711,4045,1951,2094,1011,484,527,
25300,4047,1961,2086,7082,3467,3615,8093,3914,4179,7081,3370,3711,4045,1951,2094,1012,484,528,
25305,4048,1961,2087,7083,3468,3615,8094,3914,4180,7082,3370,3712,4047,1952,2095,1012,484,528,
25310,4049,1962,2087,7085,3470,3615,8097,3915,4182,7084,3371,3713,4048,1952,2096,1012,484,528,
25315,4050,1963,2087,7086,3470,3616,8098,3915,4183,7086,3371,3715,4048,1952,2096,1012,484,528,
25320,4051,1963,2088,7088,3470,3618,8101,3917,4184,7087,3371,3716,4049,1952,2097,1012,484,528,
25325,4051,1963,2088,7089,3470,3619,8101,3917,4184,7088,3371,3717,4049,1952,2097,1013,485,528,
25330,4052,1963,2089,7090,3471,3619,8102,3918,4184,7089,3372,3717,4051,1954,2097,1013,485,528,
25335,4053,1964,2089,7092,3473,3619,8105,3921,4184,7091,3372,3719,4052,1954,2098,1013,485,528,
25340,4054,1965,2089,7093,3473,3620,8106,3921,4185,7093,3372,3721,4052,1954,2098,1013,485,528,
25345,4055,1965,2090,7095,3473,3622,8109,3923,4186,7094,3372,3722,4053,1955,2098,1013,485,528,
25350,4055,1965,2090,7096,3473,3623,8109,3923,4186,7095,3372,3723,4053,1955,2098,1014,485,529,
25355,4056,1965,2091,7097,3474,3623,8110,3923,4187,7096,3372,3724,4055,1956,2099,1014,485,529,
25360,4057,1966,2091,7099,3476,3623,8113,3924,4189,7098,3373,3725,4056,1956,2100,1014,485,529,
25365,4058,1966,2092,7100,3476,3624,8114,3925,4189,7100,3375,3725,4056,1956,2100,1014,485,529,
25370,4059,1966,2093,7102,3477,3625,8117,3926,4191,7101,3375,3726,4057,1957,2100,1014,485,529,
25375,4059,1966,2093,7103,3477,3626,8117,3926,4191,7102,3375,3727,4057,1957,2100,1015,486,529,
25380,4060,1966,2094,7104,3477,3627,8118,3926,4192,7103,3375,3728,4059,1958,2101,1015,486,529,
25385,4061,1967,2094,7106,3479,3627,8121,3929,4192,7105,3377,3728,4060,1959,2101,1015,486,529,
25390,4062,1968,2094,7107,3480,3627,8122,3930,4192,7107,3379,3728,4060,1959,2101,1015,486,529,
25395,4063,1968,2095,7109,3482,3627,8125,3932,4193,7108,3379,3729,4061,1959,2102,1015,486,529,
25400,4063,1968,2095,7110,3482,3628,8125,3932,4193,7109,3379,3730,4061,1959,2102,1016,486,530,
25405,4064,1969,2095,7111,3482,3629,8126,3932,4194,7110,3379,3731,4063,1960,2103,1016,486,530,
25410,4065,1970,2095,7113,3484,3629,8129,3932,4197,7112,3380,3732,4064,1960,2104,1016,486,530,
25415,4066,1971,2095,7114,3485,3629,8130,3933,4197,7114,3381,3733,4064,1960,2104,1016,486,530,
25420,4067,1971,2096,7116,3485,3631,8133,3934,4199,7115,3381,3734,4065,1961,2104,1016,486,530,
25425,4067,1971,2096,7117,3486,3631,8133,3934,4199,7116,3382,3734,4065,1961,2104,1017,486,531,
25430,4068,1972,2096,7118,3486,3632,8134,3935,4199,7117,3382,3735,4067,1961,2106,1017,486,531,
25435,4069,1973,2096,7120,3486,3634,8137,3937,4200,7119,3382,3737,4068,1962,2106,1017,486,531,
25440,4070,1974,2096,7121,3486,3635,8138,3938,4200,7121,3383,3738,4068,1962,2106,1017,486,531,
25445,4071,1974,2097,7123,3487,3636,8141,3939,4202,7122,3383,3739,4069,1963,2106,1017,486,531,
25450,4071,1974,2097,7124,3487,3637,8141,3939,4202,7123,3383,3740,4069,1963,2106,1018,486,532,
25455,4072,1975,2097,7125,3487,3638,8142,3939,4203,7124,3384,3740,4071,1965,2106,1018,486,532,
25460,4073,1975,2098,7127,3487,3640,8145,3940,4205,7126,3385,3741,4072,1965,2107,1018,486,532,
25465,4074,1976,2098,7128,3488,3640,8146,3940,4206,7128,3386,3742,4072,1965,2107,1018,486,532,
25470,4075,1977,2098,7130,3489,3641,8149,3940,4209,7129,3387,3742,4073,1965,2108,1018,486,532,
25475,4075,1977,2098,7131,3490,3641,8149,3940,4209,7130,3387,3743,4073,1965,2108,1019,486,533,
25480,4076,1977,2099,7132,3491,3641,8150,3941,4209,7131,3388,3743,4075,1965,2110,1019,486,533,
25485,4077,1977,2100,7134,3492,3642,8153,3942,4211,7133,3389,3744,4076,1965,2111,1019,486,533,
25490,4078,1978,2100,7135,3493,3642,8154,3943,4211,7135,3391,3744,4076,1965,2111,1019,486,533,
25495,4079,1979,2100,7137,3495,3642,8157,3945,4212,7136,3392,3744,4077,1965,2112,1019,486,533,
25500,4079,1979,2100,7138,3495,3643,8157,3945,4212,7137,3393,3744,4077,1965,2112,1020,487,533,
25505,4080,1979,2101,7139,3495,3644,8158,3946,4212,7138,3393,3745,4079,1966,2113,1020,487,533,
25510,4081,1979,2102,7141,3495,3646,8161,3948,4213,7140,3394,3746,4080,1966,2114,1020,487,533,
25515,4082,1980,2102,7142,3496,3646,8162,3948,4214,7142,3395,3747,4080,1966,2114,1020,487,533,
25520,4083,1981,2102,7144,3496,3648,8165,3949,4216,7143,3395,3748,4081,1966,2115,1020,487,533,
25525,4083,1981,2102,7145,3496,3649,8165,3949,4216,7144,3395,3749,4081,1966,2115,1021,487,534,
25530,4084,1981,2103,7146,3496,3650,8166,3950,4216,7145,3396,3749,4083,1967,2116,1021,487,534,
25535,4085,1981,2104,7148,3497,3651,8169,3952,4217,7147,3396,3751,4084,1967,2117,1021,487,534,
25540,4086,1981,2105,7149,3498,3651,8170,3952,4218,7149,3398,3751,4084,1967,2117,1021,487,534,
25545,4087,1982,2105,7151,3499,3652,8173,3953,4220,7150,3399,3751,4085,1967,2118,1021,487,534,
25550,4087,1982,2105,7152,3500,3652,8173,3953,4220,7151,3399,3752,4085,1967,2118,1022,488,534,
25555,4088,1982,2106,7153,3500,3653,8174,3954,4220,7152,3400,3752,4087,1968,2119,1022,488,534,
25560,4089,1982,2107,7155,3500,3655,8177,3957,4220,7154,3401,3753,4088,1968,2120,1022,488,534,
25565,4090,1982,2108,7156,3500,3656,8178,3957,4221,7156,3402,3754,4088,1968,2120,1022,488,534,
25570,4091,1983,2108,7158,3501,3657,8181,3958,4223,7157,3402,3755,4089,1968,2121,1022,488,534,
25575,4091,1983,2108,7159,3502,3657,8181,3958,4223,7158,3402,3756,4089,1968,2121,1023,488,535,
25580,4092,1983,2109,7160,3503,3657,8182,3958,4224,7159,3402,3757,4091,1969,2122,1023,488,535,
25585,4093,1984,2109,7162,3505,3657,8185,3961,4224,7161,3404,3757,4092,1969,2123,1023,488,535,
25590,4094,1984,2110,7163,3506,3657,8186,3962,4224,7163,3406,3757,4092,1969,2123,1023,488,535,
25595,4095,1985,2110,7165,3507,3658,8189,3965,4224,7164,3406,3758,4093,1969,2124,1023,488,535,
25600,4095,1985,2110,7166,3508,3658,8189,3965,4224,7165,3407,3758,4093,1969,2124,1024,488,536,
25605,4096,1986,2110,7167,3508,3659,8190,3966,4224,7166,3407,3759,4095,1970,2125,1024,488,536,
25610,4097,1986,2111,7169,3509,3660,8193,3969,4224,7168,3408,3760,4096,1971,2125,1024,488,536,
25615,4098,1986,2112,7170,3510,3660,8194,3970,4224,7170,3408,3762,4096,1971,2125,1024,488,536,
25620,4099,1987,2112,7172,3511,3661,8197,3970,4227,7171,3408,3763,4097,1972,2125,1024,488,536,
25625,4099,1987,2112,7173,3511,3662,8197,3970,4227,7172,3409,3763,4097,1972,2125,1025,488,537,
25630,4100,1988,2112,7174,3512,3662,8198,3971,4227,7173,3410,3763,4099,1973,2126,1025,488,537,
25635,4101,1989,2112,7176,3513,3663,8201,3972,4229,7175,3411,3764,4100,1974,2126,1025,488,537,
25640,4102,1989,2113,7177,3514,3663,8202,3973,4229,7177,3412,3765,4100,1974,2126,1025,488,537,
25645,4103,1990,2113,7179,3514,3665,8205,3973,4232,7178,3412,3766,4101,1974,2127,1025,488,537,
25650,4103,1990,2113,7180,3515,3665,8205,3973,4232,7179,3412,3767,4101,1974,2127,1026,488,538,
25655,4104,1991,2113,7181,3515,3666,8206,3973,4233,7180,3412,3768,4103,1975,2128,1026,488,538,
25660,4105,1992,2113,7183,3515,3668,8209,3974,4235,7182,3412,3770,4104,1975,2129,1026,488,538,
25665,4106,1993,2113,7184,3516,3668,8210,3974,4236,7184,3413,3771,4104,1975,2129,1026,488,538,
25670,4107,1993,2114,7186,3517,3669,8213,3975,4238,7185,3414,3771,4105,1976,2129,1026,488,538,
25675,4107,1993,2114,7187,3517,3670,8213,3975,4238,7186,3415,3771,4105,1976,2129,1027,488,539,
25680,4108,1994,2114,7188,3518,3670,8214,3976,4238,7187,3416,3771,4107,1977,2130,1027,488,539,
25685,4109,1995,2114,7190,3519,3671,8217,3978,4239,7189,3416,3773,4108,1977,2131,1027,488,539,
25690,4110,1996,2114,7191,3519,3672,8218,3978,4240,7191,3417,3774,4108,1977,2131,1027,488,539,
25695,4111,1997,2114,7193,3519,3674,8221,3980,4241,7192,3418,3774,4109,1978,2131,1027,488,539,
25700,4111,1997,2114,7194,3519,3675,8221,3980,4241,7193,3418,3775,4109,1978,2131,1028,488,540,
25705,4112,1997,2115,7195,3520,3675,8222,3980,4242,7194,3418,3776,4111,1978,2133,1028,488,540,
25710,4113,1998,2115,7197,3522,3675,8225,3981,4244,7196,3418,3778,4112,1978,2134,1028,488,540,
25715,4114,1999,2115,7198,3523,3675,8226,3981,4245,7198,3420,3778,4112,1978,2134,1028,488,540,
25720,4115,1999,2116,7200,3524,3676,8229,3982,4247,7199,3420,3779,4113,1978,2135,1028,488,540,
25725,4115,1999,2116,7201,3524,3677,8229,3982,4247,7200,3420,3780,4113,1978,2135,1029,489,540,
25730,4116,2000,2116,7202,3524,3678,8230,3982,4248,7201,3421,3780,4115,1980,2135,1029,489,540,
25735,4117,2001,2116,7204,3525,3679,8233,3983,4250,7203,3422,3781,4116,1981,2135,1029,489,540,
25740,4118,2001,2117,7205,3526,3679,8234,3984,4250,7205,3424,3781,4116,1981,2135,1029,489,540,
25745,4119,2002,2117,7207,3527,3680,8237,3985,4252,7206,3424,3782,4117,1982,2135,1029,489,540,
25750,4119,2002,2117,7208,3527,3681,8237,3985,4252,7207,3424,3783,4117,1982,2135,1030,490,540,
25755,4120,2002,2118,7209,3528,3681,8238,3985,4253,7208,3424,3784,4119,1983,2136,1030,490,540,
25760,4121,2003,2118,7211,3529,3682,8241,3987,4254,7210,3425,3785,4120,1983,2137,1030,490,540,
25765,4122,2003,2119,7212,3530,3682,8242,3987,4255,7212,3426,3786,4120,1983,2137,1030,490,540,
25770,4123,2004,2119,7214,3530,3684,8245,3990,4255,7213,3426,3787,4121,1984,2137,1030,490,540,
25775,4123,2004,2119,7215,3531,3684,8245,3990,4255,7214,3427,3787,4121,1984,2137,1031,491,540,
25780,4124,2005,2119,7216,3531,3685,8246,3990,4256,7215,3427,3788,4123,1986,2137,1031,491,540,
25785,4125,2005,2120,7218,3531,3687,8249,3991,4258,7217,3429,3788,4124,1986,2138,1031,491,540,
25790,4126,2006,2120,7219,3531,3688,8250,3991,4259,7219,3431,3788,4124,1986,2138,1031,491,540,
25795,4127,2007,2120,7221,3532,3689,8253,3993,4260,7220,3432,3788,4125,1987,2138,1031,491,540,
25800,4127,2007,2120,7222,3533,3689,8253,3993,4260,7221,3433,3788,4125,1987,2138,1032,491,541,
25805,4128,2007,2121,7223,3533,3690,8254,3994,4260,7222,3433,3789,4127,1987,2140,1032,491,541,
25810,4129,2007,2122,7225,3535,3690,8257,3995,4262,7224,3435,3789,4128,1988,2140,1032,491,541,
25815,4130,2007,2123,7226,3536,3690,8258,3995,4263,7226,3436,3790,4128,1988,2140,1032,491,541,
25820,4131,2008,2123,7228,3537,3691,8261,3996,4265,7227,3436,3791,4129,1989,2140,1032,491,541,
25825,4131,2008,2123,7229,3537,3692,8261,3996,4265,7228,3437,3791,4129,1989,2140,1033,491,542,
25830,4132,2008,2124,7230,3537,3693,8262,3996,4266,7229,3437,3792,4131,1989,2142,1033,491,542,
25835,4133,2009,2124,7232,3538,3694,8265,3998,4267,7231,3438,3793,4132,1989,2143,1033,491,542,
25840,4134,2010,2124,7233,3539,3694,8266,3998,4268,7233,3439,3794,4132,1989,2143,1033,491,542,
25845,4135,2011,2124,7235,3540,3695,8269,3999,4270,7234,3440,3794,4133,1990,2143,1033,491,542,
25850,4135,2011,2124,7236,3541,3695,8269,3999,4270,7235,3440,3795,4133,1990,2143,1034,491,543,
25855,4136,2012,2124,7237,3542,3695,8270,3999,4271,7236,3441,3795,4135,1991,2144,1034,491,543,
25860,4137,2012,2125,7239,3543,3696,8273,4000,4273,7238,3442,3796,4136,1992,2144,1034,491,543,
25865,4138,2012,2126,7240,3544,3696,8274,4000,4274,7240,3444,3796,4136,1992,2144,1034,491,543,
25870,4139,2012,2127,7242,3546,3696,8277,4002,4275,7241,3445,3796,4137,1993,2144,1034,491,543,
25875,4139,2012,2127,7243,3546,3697,8277,4002,4275,7242,3446,3796,4137,1993,2144,1035,492,543,
25880,4140,2013,2127,7244,3547,3697,8278,4002,4276,7243,3447,3796,4139,1994,2145,1035,492,543,
25885,4141,2013,2128,7246,3549,3697,8281,4003,4278,7245,3447,3798,4140,1995,2145,1035,492,543,
25890,4142,2014,2128,7247,3549,3698,8282,4003,4279,7247,3447,3800,4140,1995,2145,1035,492,543,
25895,4143,2014,2129,7249,3550,3699,8285,4005,4280,7248,3447,3801,4141,1996,2145,1035,492,543,
25900,4143,2014,2129,7250,3550,3700,8285,4005,4280,7249,3447,3802,4141,1996,2145,1036,493,543,
25905,4144,2015,2129,7251,3551,3700,8286,4006,4280,7250,3447,3803,4143,1997,2146,1036,493,543,
25910,4145,2016,2129,7253,3551,3702,8289,4007,4282,7252,3447,3805,4144,1997,2147,1036,493,543,
25915,4146,2017,2129,7254,3551,3703,8290,4007,4283,7254,3447,3807,4144,1997,2147,1036,493,543,
25920,4147,2018,2129,7256,3552,3704,8293,4007,4286,7255,3447,3808,4145,1998,2147,1036,493,543,
25925,4147,2018,2129,7257,3553,3704,8293,4007,4286,7256,3448,3808,4145,1998,2147,1037,493,544,
25930,4148,2018,2130,7258,3554,3704,8294,4007,4287,7257,3449,3808,4147,1998,2149,1037,493,544,
25935,4149,2019,2130,7260,3555,3705,8297,4010,4287,7259,3451,3808,4148,1999,2149,1037,493,544,
25940,4150,2020,2130,7261,3556,3705,8298,4010,4288,7261,3451,3810,4148,1999,2149,1037,493,544,
25945,4151,2020,2131,7263,3557,3706,8301,4011,4290,7262,3452,3810,4149,2000,2149,1037,493,544,
25950,4151,2020,2131,7264,3557,3707,8301,4011,4290,7263,3452,3811,4149,2000,2149,1038,493,545,
25955,4152,2021,2131,7265,3558,3707,8302,4011,4291,7264,3452,3812,4151,2001,2150,1038,493,545,
25960,4153,2022,2131,7267,3560,3707,8305,4011,4294,7266,3453,3813,4152,2002,2150,1038,493,545,
25965,4154,2022,2132,7268,3560,3708,8306,4011,4295,7268,3454,3814,4152,2002,2150,1038,493,545,
25970,4155,2022,2133,7270,3560,3710,8309,4013,4296,7269,3454,3815,4153,2003,2150,1038,493,545,
25975,4155,2022,2133,7271,3560,3711,8309,4013,4296,7270,3455,3815,4153,2003,2150,1039,494,545,
25980,4156,2023,2133,7272,3560,3712,8310,4014,4296,7271,3455,3816,4155,2004,2151,1039,494,545,
25985,4157,2023,2134,7274,3561,3713,8313,4015,4298,7273,3457,3816,4156,2004,2152,1039,494,545,
25990,4158,2023,2135,7275,3562,3713,8314,4016,4298,7275,3457,3818,4156,2004,2152,1039,494,545,
25995,4159,2024,2135,7277,3564,3713,8317,4017,4300,7276,3458,3818,4157,2004,2153,1039,494,545,
26000,4159,2024,2135,7278,3564,3714,8317,4017,4300,7277,3458,3819,4157,2004,2153,1040,494,546,
26005,4160,2025,2135,7279,3565,3714,8318,4017,4301,7278,3459,3819,4159,2004,2155,1040,494,546,
26010,4161,2025,2136,7281,3566,3715,8321,4018,4303,7280,3460,3820,4160,2005,2155,1040,494,546,
26015,4162,2026,2136,7282,3567,3715,8322,4018,4304,7282,3462,3820,4160,2005,2155,1040,494,546,
26020,4163,2027,2136,7284,3568,3716,8325,4020,4305,7283,3462,3821,4161,2005,2156,1040,494,546,
26025,4163,2027,2136,7285,3568,3717,8325,4020,4305,7284,3463,3821,4161,2005,2156,1041,495,546,
26030,4164,2027,2137,7286,3569,3717,8326,4021,4305,7285,3464,3821,4163,2006,2157,1041,495,546,
26035,4165,2028,2137,7288,3570,3718,8329,4022,4307,7287,3466,3821,4164,2006,2158,1041,495,546,
26040,4166,2029,2137,7289,3570,3719,8330,4023,4307,7289,3468,3821,4164,2006,2158,1041,495,546,
26045,4167,2030,2137,7291,3572,3719,8333,4023,4310,7290,3469,3821,4165,2007,2158,1041,495,546,
26050,4167,2030,2137,7292,3572,3720,8333,4023,4310,7291,3469,3822,4165,2007,2158,1042,495,547,
26055,4168,2030,2138,7293,3573,3720,8334,4023,4311,7292,3469,3823,4167,2009,2158,1042,495,547,
26060,4169,2030,2139,7295,3574,3721,8337,4025,4312,7294,3471,3823,4168,2009,2159,1042,495,547,
26065,4170,2030,2140,7296,3574,3722,8338,4026,4312,7296,3471,3825,4168,2009,2159,1042,495,547,
26070,4171,2030,2141,7298,3576,3722,8341,4026,4315,7297,3472,3825,4169,2010,2159,1042,495,547,
26075,4171,2030,2141,7299,3576,3723,8341,4026,4315,7298,3472,3826,4169,2010,2159,1043,495,548,
26080,4172,2031,2141,7300,3577,3723,8342,4027,4315,7299,3472,3827,4171,2010,2161,1043,495,548,
26085,4173,2031,2142,7302,3577,3725,8345,4028,4317,7301,3473,3828,4172,2010,2162,1043,495,548,
26090,4174,2032,2142,7303,3577,3726,8346,4029,4317,7303,3474,3829,4172,2010,2162,1043,495,548,
26095,4175,2033,2142,7305,3578,3727,8349,4030,4319,7304,3474,3830,4173,2010,2163,1043,495,548,
26100,4175,2033,2142,7306,3578,3728,8349,4030,4319,7305,3475,3830,4173,2010,2163,1044,496,548,
26105,4176,2034,2142,7307,3578,3729,8350,4030,4320,7306,3475,3831,4175,2011,2164,1044,496,548,
26110,4177,2034,2143,7309,3579,3730,8353,4030,4323,7308,3477,3831,4176,2011,2165,1044,496,548,
26115,4178,2034,2144,7310,3580,3730,8354,4031,4323,7310,3478,3832,4176,2011,2165,1044,496,548,
26120,4179,2034,2145,7312,3581,3731,8357,4032,4325,7311,3479,3832,4177,2011,2166,1044,496,548,
26125,4179,2034,2145,7313,3581,3732,8357,4032,4325,7312,3479,3833,4177,2011,2166,1045,497,548,
26130,4180,2035,2145,7314,3582,3732,8358,4033,4325,7313,3479,3834,4179,2011,2168,1045,497,548,
26135,4181,2035,2146,7316,3582,3734,8361,4035,4326,7315,3481,3834,4180,2012,2168,1045,497,548,
26140,4182,2036,2146,7317,3583,3734,8362,4036,4326,7317,3482,3835,4180,2012,2168,1045,497,548,
26145,4183,2037,2146,7319,3584,3735,8365,4038,4327,7318,3483,3835,4181,2013,2168,1045,497,548,
26150,4183,2037,2146,7320,3584,3736,8365,4038,4327,7319,3483,3836,4181,2013,2168,1046,498,548,
26155,4184,2037,2147,7321,3584,3737,8366,4039,4327,7320,3484,3836,4183,2015,2168,1046,498,548,
26160,4185,2038,2147,7323,3585,3738,8369,4041,4328,7322,3485,3837,4184,2016,2168,1046,498,548,
26165,4186,2038,2148,7324,3586,3738,8370,4041,4329,7324,3486,3838,4184,2016,2168,1046,498,548,
26170,4187,2039,2148,7326,3587,3739,8373,4041,4332,7325,3487,3838,4185,2016,2169,1046,498,548,
26175,4187,2039,2148,7327,3588,3739,8373,4041,4332,7326,3488,3838,4185,2016,2169,1047,498,549,
26180,4188,2039,2149,7328,3589,3739,8374,4042,4332,7327,3488,3839,4187,2017,2170,1047,498,549,
26185,4189,2040,2149,7330,3590,3740,8377,4044,4333,7329,3489,3840,4188,2017,2171,1047,498,549,
26190,4190,2041,2149,7331,3591,3740,8378,4044,4334,7331,3490,3841,4188,2017,2171,1047,498,549,
26195,4191,2042,2149,7333,3591,3742,8381,4047,4334,7332,3491,3841,4189,2018,2171,1047,498,549,
26200,4191,2042,2149,7334,3591,3743,8381,4047,4334,7333,3492,3841,4189,2018,2171,1048,499,549,
26205,4192,2043,2149,7335,3591,3744,8382,4048,4334,7334,3493,3841,4191,2019,2172,1048,499,549,
26210,4193,2043,2150,7337,3593,3744,8385,4049,4336,7336,3494,3842,4192,2019,2173,1048,499,549,
26215,4194,2043,2151,7338,3594,3744,8386,4050,4336,7338,3496,3842,4192,2019,2173,1048,499,549,
26220,4195,2044,2151,7340,3594,3746,8389,4052,4337,7339,3496,3843,4193,2020,2173,1048,499,549,
26225,4195,2044,2151,7341,3595,3746,8389,4052,4337,7340,3496,3844,4193,2020,2173,1049,500,549,
26230,4196,2044,2152,7342,3596,3746,8390,4053,4337,7341,3497,3844,4195,2021,2174,1049,500,549,
26235,4197,2045,2152,7344,3597,3747,8393,4055,4338,7343,3499,3844,4196,2021,2175,1049,500,549,
26240,4198,2045,2153,7345,3598,3747,8394,4056,4338,7345,3501,3844,4196,2021,2175,1049,500,549,
26245,4199,2046,2153,7347,3600,3747,8397,4058,4339,7346,3501,3845,4197,2022,2175,1049,500,549,
26250,4199,2046,2153,7348,3600,3748,8397,4058,4339,7347,3502,3845,4197,2022,2175,1050,500,550,
26255,4200,2046,2154,7349,3601,3748,8398,4059,4339,7348,3502,3846,4199,2023,2176,1050,500,550,
26260,4201,2046,2155,7351,3603,3748,8401,4062,4339,7350,3504,3846,4200,2023,2177,1050,500,550,
26265,4202,2047,2155,7352,3604,3748,8402,4062,4340,7352,3505,3847,4200,2023,2177,1050,500,550,
26270,4203,2047,2156,7354,3605,3749,8405,4064,4341,7353,3505,3848,4201,2023,2178,1050,500,550,
26275,4203,2047,2156,7355,3605,3750,8405,4064,4341,7354,3505,3849,4201,2023,2178,1051,501,550,
26280,4204,2047,2157,7356,3606,3750,8406,4064,4342,7355,3505,3850,4203,2023,2180,1051,501,550,
26285,4205,2047,2158,7358,3607,3751,8409,4064,4345,7357,3505,3852,4204,2023,2181,1051,501,550,
26290,4206,2047,2159,7359,3607,3752,8410,4064,4346,7359,3505,3854,4204,2023,2181,1051,501,550,
26295,4207,2048,2159,7361,3608,3753,8413,4066,4347,7360,3505,3855,4205,2023,2182,1051,501,550,
26300,4207,2048,2159,7362,3609,3753,8413,4066,4347,7361,3506,3855,4205,2023,2182,1052,501,551,
26305,4208,2048,2160,7363,3610,3753,8414,4067,4347,7362,3506,3856,4207,2023,2184,1052,501,551,
26310,4209,2048,2161,7365,3611,3754,8417,4068,4349,7364,3507,3857,4208,2023,2185,1052,501,551,
26315,4210,2049,2161,7366,3612,3754,8418,4068,4350,7366,3507,3859,4208,2023,2185,1052,501,551,
26320,4211,2050,2161,7368,3613,3755,8421,4069,4352,7367,3508,3859,4209,2023,2186,1052,501,551,
26325,4211,2050,2161,7369,3614,3755,8421,4069,4352,7368,3509,3859,4209,2023,2186,1053,501,552,
26330,4212,2051,2161,7370,3614,3756,8422,4069,4353,7369,3510,3859,4211,2023,2188,1053,501,552,
26335,4213,2052,2161,7372,3615,3757,8425,4069,4356,7371,3512,3859,4212,2024,2188,1053,501,552,
26340,4214,2052,2162,7373,3615,3758,8426,4070,4356,7373,3512,3861,4212,2024,2188,1053,501,552,
26345,4215,2052,2163,7375,3615,3760,8429,4072,4357,7374,3512,3862,4213,2025,2188,1053,501,552,
26350,4215,2052,2163,7376,3615,3761,8429,4072,4357,7375,3513,3862,4213,2025,2188,1054,502,552,
26355,4216,2053,2163,7377,3615,3762,8430,4073,4357,7376,3514,3862,4215,2025,2190,1054,502,552,
26360,4217,2053,2164,7379,3615,3764,8433,4075,4358,7378,3514,3864,4216,2026,2190,1054,502,552,
26365,4218,2053,2165,7380,3616,3764,8434,4076,4358,7380,3514,3866,4216,2026,2190,1054,502,552,
26370,4219,2053,2166,7382,3617,3765,8437,4078,4359,7381,3515,3866,4217,2026,2191,1054,502,552,
26375,4219,2053,2166,7383,3618,3765,8437,4078,4359,7382,3515,3867,4217,2026,2191,1055,502,553,
26380,4220,2053,2167,7384,3618,3766,8438,4078,4360,7383,3516,3867,4219,2027,2192,1055,502,553,
26385,4221,2053,2168,7386,3618,3768,8441,4078,4363,7385,3517,3868,4220,2028,2192,1055,502,553,
26390,4222,2053,2169,7387,3618,3769,8442,4079,4363,7387,3517,3870,4220,2028,2192,1055,502,553,
26395,4223,2054,2169,7389,3618,3771,8445,4082,4363,7388,3518,3870,4221,2028,2193,1055,502,553,
26400,4223,2054,2169,7390,3619,3771,8445,4082,4363,7389,3518,3871,4221,2028,2193,1056,503,553,
26405,4224,2054,2170,7391,3620,3771,8446,4083,4363,7390,3519,3871,4223,2030,2193,1056,503,553,
26410,4225,2055,2170,7393,3620,3773,8449,4083,4366,7392,3520,3872,4224,2031,2193,1056,503,553,
26415,4226,2055,2171,7394,3620,3774,8450,4083,4367,7394,3521,3873,4224,2031,2193,1056,503,553,
26420,4227,2056,2171,7396,3620,3776,8453,4084,4369,7395,3522,3873,4225,2031,2194,1056,503,553,
26425,4227,2056,2171,7397,3620,3777,8453,4084,4369,7396,3522,3874,4225,2031,2194,1057,504,553,
26430,4228,2057,2171,7398,3621,3777,8454,4084,4370,7397,3523,3874,4227,2032,2195,1057,504,553,
26435,4229,2058,2171,7400,3622,3778,8457,4085,4372,7399,3524,3875,4228,2033,2195,1057,504,553,
26440,4230,2058,2172,7401,3623,3778,8458,4085,4373,7401,3526,3875,4228,2033,2195,1057,504,553,
26445,4231,2058,2173,7403,3625,3778,8461,4085,4376,7402,3527,3875,4229,2033,2196,1057,504,553,
26450,4231,2058,2173,7404,3626,3778,8461,4085,4376,7403,3528,3875,4229,2033,2196,1058,504,554,
26455,4232,2058,2174,7405,3627,3778,8462,4085,4377,7404,3528,3876,4231,2034,2197,1058,504,554,
26460,4233,2059,2174,7407,3628,3779,8465,4087,4378,7406,3529,3877,4232,2035,2197,1058,504,554,
26465,4234,2060,2174,7408,3629,3779,8466,4088,4378,7408,3529,3879,4232,2035,2197,1058,504,554,
26470,4235,2061,2174,7410,3630,3780,8469,4091,4378,7409,3529,3880,4233,2035,2198,1058,504,554,
26475,4235,2061,2174,7411,3631,3780,8469,4091,4378,7410,3530,3880,4233,2035,2198,1059,504,555,
26480,4236,2062,2174,7412,3631,3781,8470,4091,4379,7411,3530,3881,4235,2036,2199,1059,504,555,
26485,4237,2063,2174,7414,3633,3781,8473,4094,4379,7413,3530,3883,4236,2037,2199,1059,504,555,
26490,4238,2063,2175,7415,3634,3781,8474,4095,4379,7415,3531,3884,4236,2037,2199,1059,504,555,
26495,4239,2064,2175,7417,3635,3782,8477,4096,4381,7416,3531,3885,4237,2037,2200,1059,504,555,
26500,4239,2064,2175,7418,3635,3783,8477,4096,4381,7417,3531,3886,4237,2037,2200,1060,505,555,
26505,4240,2064,2176,7419,3635,3784,8478,4096,4382,7418,3532,3886,4239,2039,2200,1060,505,555,
26510,4241,2064,2177,7421,3636,3785,8481,4098,4383,7420,3532,3888,4240,2040,2200,1060,505,555,
26515,4242,2064,2178,7422,3637,3785,8482,4098,4384,7422,3533,3889,4240,2040,2200,1060,505,555,
26520,4243,2064,2179,7424,3639,3785,8485,4099,4386,7423,3534,3889,4241,2041,2200,1060,505,555,
26525,4243,2064,2179,7425,3639,3786,8485,4099,4386,7424,3535,3889,4241,2041,2200,1061,505,556,
26530,4244,2064,2180,7426,3640,3786,8486,4099,4387,7425,3536,3889,4243,2042,2201,1061,505,556,
26535,4245,2065,2180,7428,3641,3787,8489,4101,4388,7427,3537,3890,4244,2043,2201,1061,505,556,
26540,4246,2065,2181,7429,3641,3788,8490,4101,4389,7429,3537,3892,4244,2043,2201,1061,505,556,
26545,4247,2066,2181,7431,3642,3789,8493,4102,4391,7430,3537,3893,4245,2044,2201,1061,505,556,
26550,4247,2066,2181,7432,3642,3790,8493,4102,4391,7431,3538,3893,4245,2044,2201,1062,505,557,
26555,4248,2067,2181,7433,3642,3791,8494,4102,4392,7432,3538,3894,4247,2044,2203,1062,505,557,
26560,4249,2068,2181,7435,3642,3793,8497,4103,4394,7434,3539,3895,4248,2044,2204,1062,505,557,
26565,4250,2069,2181,7436,3642,3794,8498,4103,4395,7436,3541,3895,4248,2044,2204,1062,505,557,
26570,4251,2070,2181,7438,3643,3795,8501,4105,4396,7437,3541,3896,4249,2045,2204,1062,505,557,
26575,4251,2070,2181,7439,3643,3796,8501,4105,4396,7438,3541,3897,4249,2045,2204,1063,505,558,
26580,4252,2070,2182,7440,3644,3796,8502,4105,4397,7439,3542,3897,4251,2047,2204,1063,505,558,
26585,4253,2071,2182,7442,3644,3798,8505,4107,4398,7441,3544,3897,4252,2048,2204,1063,505,558,
26590,4254,2072,2182,7443,3645,3798,8506,4108,4398,7443,3544,3899,4252,2048,2204,1063,505,558,
26595,4255,2073,2182,7445,3645,3800,8509,4109,4400,7444,3544,3900,4253,2049,2204,1063,505,558,
26600,4255,2073,2182,7446,3646,3800,8509,4109,4400,7445,3545,3900,4253,2049,2204,1064,506,558,
26605,4256,2074,2182,7447,3647,3800,8510,4109,4401,7446,3546,3900,4255,2051,2204,1064,506,558,
26610,4257,2075,2182,7449,3648,3801,8513,4111,4402,7448,3548,3900,4256,2051,2205,1064,506,558,
26615,4258,2075,2183,7450,3648,3802,8514,4112,4402,7450,3550,3900,4256,2051,2205,1064,506,558,
26620,4259,2075,2184,7452,3648,3804,8517,4113,4404,7451,3551,3900,4257,2052,2205,1064,506,558,
26625,4259,2075,2184,7453,3649,3804,8517,4113,4404,7452,3551,3901,4257,2052,2205,1065,507,558,
26630,4260,2075,2185,7454,3649,3805,8518,4114,4404,7453,3552,3901,4259,2052,2207,1065,507,558,
26635,4261,2075,2186,7456,3649,3807,8521,4114,4407,7455,3552,3903,4260,2053,2207,1065,507,558,
26640,4262,2075,2187,7457,3649,3808,8522,4115,4407,7457,3552,3905,4260,2053,2207,1065,507,558,
26645,4263,2075,2188,7459,3650,3809,8525,4117,4408,7458,3552,3906,4261,2054,2207,1065,507,558,
26650,4263,2075,2188,7460,3651,3809,8525,4117,4408,7459,3552,3907,4261,2054,2207,1066,508,558,
26655,4264,2075,2189,7461,3651,3810,8526,4117,4409,7460,3552,3908,4263,2056,2207,1066,508,558,
26660,4265,2075,2190,7463,3652,3811,8529,4120,4409,7462,3553,3909,4264,2056,2208,1066,508,558,
26665,4266,2076,2190,7464,3652,3812,8530,4121,4409,7464,3555,3909,4264,2056,2208,1066,508,558,
26670,4267,2077,2190,7466,3653,3813,8533,4123,4410,7465,3555,3910,4265,2057,2208,1066,508,558,
26675,4267,2077,2190,7467,3653,3814,8533,4123,4410,7466,3556,3910,4265,2057,2208,1067,508,559,
26680,4268,2077,2191,7468,3654,3814,8534,4124,4410,7467,3557,3910,4267,2057,2210,1067,508,559,
26685,4269,2078,2191,7470,3654,3816,8537,4125,4412,7469,3558,3911,4268,2057,2211,1067,508,559,
26690,4270,2079,2191,7471,3655,3816,8538,4126,4412,7471,3558,3913,4268,2057,2211,1067,508,559,
26695,4271,2079,2192,7473,3656,3817,8541,4128,4413,7472,3559,3913,4269,2057,2212,1067,508,559,
26700,4271,2079,2192,7474,3657,3817,8541,4128,4413,7473,3560,3913,4269,2057,2212,1068,508,560,
26705,4272,2079,2193,7475,3657,3818,8542,4129,4413,7474,3560,3914,4271,2058,2213,1068,508,560,
26710,4273,2080,2193,7477,3659,3818,8545,4131,4414,7476,3561,3915,4272,2059,2213,1068,508,560,
26715,4274,2080,2194,7478,3660,3818,8546,4131,4415,7478,3562,3916,4272,2059,2213,1068,508,560,
26720,4275,2080,2195,7480,3661,3819,8549,4132,4417,7479,3562,3917,4273,2060,2213,1068,508,560,
26725,4275,2080,2195,7481,3661,3820,8549,4132,4417,7480,3563,3917,4273,2060,2213,1069,508,561,
26730,4276,2080,2196,7482,3661,3821,8550,4132,4418,7481,3564,3917,4275,2062,2213,1069,508,561,
26735,4277,2080,2197,7484,3663,3821,8553,4133,4420,7483,3566,3917,4276,2063,2213,1069,508,561,
26740,4278,2081,2197,7485,3664,3821,8554,4133,4421,7485,3566,3919,4276,2063,2213,1069,508,561,
26745,4279,2082,2197,7487,3664,3823,8557,4134,4423,7486,3566,3920,4277,2063,2214,1069,508,561,
26750,4279,2082,2197,7488,3664,3824,8557,4134,4423,7487,3566,3921,4277,2063,2214,1070,509,561,
26755,4280,2083,2197,7489,3664,3825,8558,4134,4424,7488,3567,3921,4279,2064,2215,1070,509,561,
26760,4281,2083,2198,7491,3664,3827,8561,4136,4425,7490,3568,3922,4280,2065,2215,1070,509,561,
26765,4282,2083,2199,7492,3664,3828,8562,4137,4425,7492,3568,3924,4280,2065,2215,1070,509,561,
26770,4283,2083,2200,7494,3665,3829,8565,4138,4427,7493,3568,3925,4281,2065,2216,1070,509,561,
26775,4283,2083,2200,7495,3665,3830,8565,4138,4427,7494,3569,3925,4281,2065,2216,1071,510,561,
26780,4284,2084,2200,7496,3666,3830,8566,4139,4427,7495,3570,3925,4283,2065,2218,1071,510,561,
26785,4285,2084,2201,7498,3667,3831,8569,4142,4427,7497,3571,3926,4284,2066,2218,1071,510,561,
26790,4286,2084,2202,7499,3668,3831,8570,4142,4428,7499,3571,3928,4284,2066,2218,1071,510,561,
26795,4287,2084,2203,7501,3669,3832,8573,4144,4429,7500,3571,3929,4285,2067,2218,1071,510,561,
26800,4287,2084,2203,7502,3670,3832,8573,4144,4429,7501,3571,3930,4285,2067,2218,1072,511,561,
26805,4288,2084,2204,7503,3671,3832,8574,4145,4429,7502,3571,3931,4287,2067,2220,1072,511,561,
26810,4289,2085,2204,7505,3673,3832,8577,4147,4430,7504,3571,3933,4288,2068,2220,1072,511,561,
26815,4290,2086,2204,7506,3673,3833,8578,4147,4431,7506,3572,3934,4288,2068,2220,1072,511,561,
26820,4291,2087,2204,7508,3675,3833,8581,4147,4434,7507,3573,3934,4289,2068,2221,1072,511,561,
26825,4291,2087,2204,7509,3675,3834,8581,4147,4434,7508,3574,3934,4289,2068,2221,1073,511,562,
26830,4292,2087,2205,7510,3675,3835,8582,4148,4434,7509,3574,3935,4291,2068,2223,1073,511,562,
26835,4293,2087,2206,7512,3676,3836,8585,4148,4437,7511,3575,3936,4292,2069,2223,1073,511,562,
26840,4294,2087,2207,7513,3676,3837,8586,4148,4438,7513,3576,3937,4292,2069,2223,1073,511,562,
26845,4295,2088,2207,7515,3678,3837,8589,4149,4440,7514,3577,3937,4293,2070,2223,1073,511,562,
26850,4295,2088,2207,7516,3678,3838,8589,4149,4440,7515,3578,3937,4293,2070,2223,1074,512,562,
26855,4296,2089,2207,7517,3679,3838,8590,4149,4441,7516,3579,3937,4295,2071,2224,1074,512,562,
26860,4297,2089,2208,7519,3681,3838,8593,4151,4442,7518,3579,3939,4296,2071,2225,1074,512,562,
26865,4298,2090,2208,7520,3682,3838,8594,4151,4443,7520,3579,3941,4296,2071,2225,1074,512,562,
26870,4299,2091,2208,7522,3683,3839,8597,4153,4444,7521,3579,3942,4297,2072,2225,1074,512,562,
26875,4299,2091,2208,7523,3683,3840,8597,4153,4444,7522,3579,3943,4297,2072,2225,1075,513,562,
26880,4300,2091,2209,7524,3683,3841,8598,4154,4444,7523,3579,3944,4299,2074,2225,1075,513,562,
26885,4301,2091,2210,7526,3685,3841,8601,4156,4445,7525,3580,3945,4300,2074,2226,1075,513,562,
26890,4302,2092,2210,7527,3685,3842,8602,4156,4446,7527,3581,3946,4300,2074,2226,1075,513,562,
26895,4303,2093,2210,7529,3685,3844,8605,4157,4448,7528,3581,3947,4301,2074,2227,1075,513,562,
26900,4303,2093,2210,7530,3686,3844,8605,4157,4448,7529,3582,3947,4301,2074,2227,1076,513,563,
26905,4304,2094,2210,7531,3687,3844,8606,4158,4448,7530,3583,3947,4303,2076,2227,1076,513,563,
26910,4305,2095,2210,7533,3687,3846,8609,4160,4449,7532,3583,3949,4304,2076,2228,1076,513,563,
26915,4306,2095,2211,7534,3688,3846,8610,4160,4450,7534,3585,3949,4304,2076,2228,1076,513,563,
26920,4307,2096,2211,7536,3688,3848,8613,4160,4453,7535,3586,3949,4305,2076,2229,1076,513,563,
26925,4307,2096,2211,7537,3688,3849,8613,4160,4453,7536,3586,3950,4305,2076,2229,1077,514,563,
26930,4308,2097,2211,7538,3688,3850,8614,4161,4453,7537,3586,3951,4307,2078,2229,1077,514,563,
26935,4309,2098,2211,7540,3689,3851,8617,4163,4454,7539,3587,3952,4308,2079,2229,1077,514,563,
26940,4310,2098,2212,7541,3690,3851,8618,4163,4455,7541,3589,3952,4308,2079,2229,1077,514,563,
26945,4311,2098,2213,7543,3690,3853,8621,4165,4456,7542,3590,3952,4309,2079,2230,1077,514,563,
26950,4311,2098,2213,7544,3691,3853,8621,4165,4456,7543,3591,3952,4309,2079,2230,1078,515,563,
26955,4312,2098,2214,7545,3692,3853,8622,4166,4456,7544,3592,3952,4311,2080,2231,1078,515,563,
26960,4313,2098,2215,7547,3694,3853,8625,4168,4457,7546,3594,3952,4312,2080,2232,1078,515,563,
26965,4314,2098,2216,7548,3694,3854,8626,4168,4458,7548,3596,3952,4312,2080,2232,1078,515,563,
26970,4315,2099,2216,7550,3694,3856,8629,4169,4460,7549,3597,3952,4313,2081,2232,1078,515,563,
26975,4315,2099,2216,7551,3694,3857,8629,4169,4460,7550,3597,3953,4313,2081,2232,1079,516,563,
26980,4316,2100,2216,7552,3695,3857,8630,4169,4461,7551,3597,3954,4315,2082,2233,1079,516,563,
26985,4317,2101,2216,7554,3696,3858,8633,4171,4462,7553,3598,3955,4316,2083,2233,1079,516,563,
26990,4318,2101,2217,7555,3697,3858,8634,4172,4462,7555,3599,3956,4316,2083,2233,1079,516,563,
26995,4319,2101,2218,7557,3699,3858,8637,4175,4462,7556,3600,3956,4317,2084,2233,1079,516,563,
27000,4319,2101,2218,7558,3700,3858,8637,4175,4462,7557,3601,3956,4317,2084,2233,1080,517,563,
27005,4320,2102,2218,7559,3700,3859,8638,4176,4462,7558,3602,3956,4319,2086,2233,1080,517,563,
27010,4321,2103,2218,7561,3702,3859,8641,4177,4464,7560,3603,3957,4320,2086,2234,1080,517,563,
27015,4322,2104,2218,7562,3702,3860,8642,4178,4464,7562,3604,3958,4320,2086,2234,1080,517,563,
27020,4323,2105,2218,7564,3703,3861,8645,4179,4466,7563,3604,3959,4321,2087,2234,1080,517,563,
27025,4323,2105,2218,7565,3703,3862,8645,4179,4466,7564,3604,3960,4321,2087,2234,1081,517,564,
27030,4324,2105,2219,7566,3704,3862,8646,4179,4467,7565,3604,3961,4323,2089,2234,1081,517,564,
27035,4325,2106,2219,7568,3706,3862,8649,4180,4469,7567,3605,3962,4324,2090,2234,1081,517,564,
27040,4326,2106,2220,7569,3706,3863,8650,4181,4469,7569,3607,3962,4324,2090,2234,1081,517,564,
27045,4327,2107,2220,7571,3707,3864,8653,4183,4470,7570,3607,3963,4325,2091,2234,1081,517,564,
27050,4327,2107,2220,7572,3707,3865,8653,4183,4470,7571,3608,3963,4325,2091,2234,1082,518,564,
27055,4328,2107,2221,7573,3708,3865,8654,4184,4470,7572,3608,3964,4327,2093,2234,1082,518,564,
27060,4329,2107,2222,7575,3708,3867,8657,4186,4471,7574,3609,3965,4328,2093,2235,1082,518,564,
27065,4330,2107,2223,7576,3709,3867,8658,4187,4471,7576,3609,3967,4328,2093,2235,1082,518,564,
27070,4331,2107,2224,7578,3710,3868,8661,4187,4474,7577,3609,3968,4329,2093,2236,1082,518,564,
27075,4331,2107,2224,7579,3710,3869,8661,4187,4474,7578,3609,3969,4329,2093,2236,1083,518,565,
27080,4332,2108,2224,7580,3711,3869,8662,4188,4474,7579,3609,3970,4331,2095,2236,1083,518,565,
27085,4333,2109,2224,7582,3711,3871,8665,4190,4475,7581,3610,3971,4332,2096,2236,1083,518,565,
27090,4334,2110,2224,7583,3711,3872,8666,4190,4476,7583,3611,3972,4332,2096,2236,1083,518,565,
27095,4335,2110,2225,7585,3713,3872,8669,4190,4479,7584,3612,3972,4333,2097,2236,1083,518,565,
27100,4335,2110,2225,7586,3713,3873,8669,4190,4479,7585,3612,3973,4333,2097,2236,1084,518,566,
27105,4336,2111,2225,7587,3714,3873,8670,4191,4479,7586,3613,3973,4335,2099,2236,1084,518,566,
27110,4337,2112,2225,7589,3715,3874,8673,4192,4481,7588,3615,3973,4336,2099,2237,1084,518,566,
27115,4338,2113,2225,7590,3715,3875,8674,4193,4481,7590,3616,3974,4336,2099,2237,1084,518,566,
27120,4339,2114,2225,7592,3715,3877,8677,4194,4483,7591,3617,3974,4337,2099,2238,1084,518,566,
27125,4339,2114,2225,7593,3715,3878,8677,4194,4483,7592,3618,3974,4337,2099,2238,1085,518,567,
27130,4340,2115,2225,7594,3716,3878,8678,4195,4483,7593,3618,3975,4339,2100,2239,1085,518,567,
27135,4341,2115,2226,7596,3717,3879,8681,4196,4485,7595,3619,3976,4340,2100,2240,1085,518,567,
27140,4342,2115,2227,7597,3718,3879,8682,4196,4486,7597,3620,3977,4340,2100,2240,1085,518,567,
27145,4343,2116,2227,7599,3720,3879,8685,4196,4489,7598,3621,3977,4341,2100,2241,1085,518,567,
27150,4343,2116,2227,7600,3721,3879,8685,4196,4489,7599,3622,3977,4341,2100,2241,1086,518,568,
27155,4344,2116,2228,7601,3722,3879,8686,4197,4489,7600,3622,3978,4343,2102,2241,1086,518,568,
27160,4345,2116,2229,7603,3722,3881,8689,4198,4491,7602,3624,3978,4344,2102,2242,1086,518,568,
27165,4346,2117,2229,7604,3722,3882,8690,4199,4491,7604,3625,3979,4344,2102,2242,1086,518,568,
27170,4347,2117,2230,7606,3723,3883,8693,4201,4492,7605,3626,3979,4345,2102,2243,1086,518,568,
27175,4347,2117,2230,7607,3723,3884,8693,4201,4492,7606,3627,3979,4345,2102,2243,1087,519,568,
27180,4348,2117,2231,7608,3723,3885,8694,4202,4492,7607,3628,3979,4347,2104,2243,1087,519,568,
27185,4349,2117,2232,7610,3725,3885,8697,4204,4493,7609,3630,3979,4348,2104,2244,1087,519,568,
27190,4350,2117,2233,7611,3725,3886,8698,4204,4494,7611,3630,3981,4348,2104,2244,1087,519,568,
27195,4351,2117,2234,7613,3727,3886,8701,4206,4495,7612,3630,3982,4349,2105,2244,1087,519,568,
27200,4351,2117,2234,7614,3728,3886,8701,4206,4495,7613,3630,3983,4349,2105,2244,1088,519,569,
27205,4352,2117,2235,7615,3728,3887,8702,4207,4495,7614,3631,3983,4351,2106,2245,1088,519,569,
27210,4353,2117,2236,7617,3729,3888,8705,4208,4497,7616,3631,3985,4352,2107,2245,1088,519,569,
27215,4354,2117,2237,7618,3730,3888,8706,4209,4497,7618,3632,3986,4352,2107,2245,1088,519,569,
27220,4355,2117,2238,7620,3731,3889,8709,4211,4498,7619,3633,3986,4353,2108,2245,1088,519,569,
27225,4355,2117,2238,7621,3732,3889,8709,4211,4498,7620,3633,3987,4353,2108,2245,1089,520,569,
27230,4356,2118,2238,7622,3733,3889,8710,4211,4499,7621,3633,3988,4355,2108,2247,1089,520,569,
27235,4357,2118,2239,7624,3734,3890,8713,4213,4500,7623,3634,3989,4356,2108,2248,1089,520,569,
27240,4358,2118,2240,7625,3734,3891,8714,4214,4500,7625,3635,3990,4356,2108,2248,1089,520,569,
27245,4359,2118,2241,7627,3736,3891,8717,4216,4501,7626,3636,3990,4357,2109,2248,1089,520,569,
27250,4359,2118,2241,7628,3736,3892,8717,4216,4501,7627,3636,3991,4357,2109,2248,1090,521,569,
27255,4360,2119,2241,7629,3736,3893,8718,4216,4502,7628,3636,3992,4359,2109,2250,1090,521,569,
27260,4361,2120,2241,7631,3736,3895,8721,4216,4505,7630,3637,3993,4360,2109,2251,1090,521,569,
27265,4362,2121,2241,7632,3737,3895,8722,4216,4506,7632,3638,3994,4360,2109,2251,1090,521,569,
27270,4363,2122,2241,7634,3739,3895,8725,4218,4507,7633,3639,3994,4361,2109,2252,1090,521,569,
27275,4363,2122,2241,7635,3740,3895,8725,4218,4507,7634,3639,3995,4361,2109,2252,1091,522,569,
27280,4364,2123,2241,7636,3741,3895,8726,4218,4508,7635,3639,3996,4363,2110,2253,1091,522,569,
27285,4365,2124,2241,7638,3741,3897,8729,4220,4509,7637,3641,3996,4364,2110,2254,1091,522,569,
27290,4366,2124,2242,7639,3741,3898,8730,4220,4510,7639,3641,3998,4364,2110,2254,1091,522,569,
27295,4367,2125,2242,7641,3743,3898,8733,4223,4510,7640,3641,3999,4365,2110,2255,1091,522,569,
27300,4367,2125,2242,7642,3744,3898,8733,4223,4510,7641,3641,4000,4365,2110,2255,1092,523,569,
27305,4368,2125,2243,7643,3745,3898,8734,4223,4511,7642,3642,4000,4367,2112,2255,1092,523,569,
27310,4369,2126,2243,7645,3746,3899,8737,4225,4512,7644,3643,4001,4368,2112,2256,1092,523,569,
27315,4370,2126,2244,7646,3747,3899,8738,4225,4513,7646,3645,4001,4368,2112,2256,1092,523,569,
27320,4371,2127,2244,7648,3748,3900,8741,4227,4514,7647,3646,4001,4369,2112,2257,1092,523,569,
27325,4371,2127,2244,7649,3748,3901,8741,4227,4514,7648,3647,4001,4369,2112,2257,1093,523,570,
27330,4372,2127,2245,7650,3749,3901,8742,4228,4514,7649,3647,4002,4371,2113,2258,1093,523,570,
27335,4373,2127,2246,7652,3750,3902,8745,4230,4515,7651,3647,4004,4372,2114,2258,1093,523,570,
27340,4374,2127,2247,7653,3750,3903,8746,4230,4516,7653,3647,4006,4372,2114,2258,1093,523,570,
27345,4375,2128,2247,7655,3752,3903,8749,4232,4517,7654,3647,4007,4373,2114,2259,1093,523,570,
27350,4375,2128,2247,7656,3753,3903,8749,4232,4517,7655,3647,4008,4373,2114,2259,1094,523,571,
27355,4376,2128,2248,7657,3753,3904,8750,4232,4518,7656,3647,4009,4375,2115,2260,1094,523,571,
27360,4377,2129,2248,7659,3755,3904,8753,4234,4519,7658,3648,4010,4376,2116,2260,1094,523,571,
27365,4378,2130,2248,7660,3755,3905,8754,4234,4520,7660,3649,4011,4376,2116,2260,1094,523,571,
27370,4379,2130,2249,7662,3757,3905,8757,4236,4521,7661,3649,4012,4377,2116,2261,1094,523,571,
27375,4379,2130,2249,7663,3758,3905,8757,4236,4521,7662,3650,4012,4377,2116,2261,1095,523,572,
27380,4380,2130,2250,7664,3759,3905,8758,4236,4522,7663,3651,4012,4379,2117,2262,1095,523,572,
27385,4381,2130,2251,7666,3761,3905,8761,4237,4524,7665,3653,4012,4380,2117,2263,1095,523,572,
27390,4382,2130,2252,7667,3761,3906,8762,4238,4524,7667,3654,4013,4380,2117,2263,1095,523,572,
27395,4383,2130,2253,7669,3763,3906,8765,4240,4525,7668,3655,4013,4381,2118,2263,1095,523,572,
27400,4383,2130,2253,7670,3763,3907,8765,4240,4525,7669,3655,4014,4381,2118,2263,1096,524,572,
27405,4384,2130,2254,7671,3763,3908,8766,4241,4525,7670,3656,4014,4383,2119,2264,1096,524,572,
27410,4385,2130,2255,7673,3764,3909,8769,4241,4528,7672,3657,4015,4384,2120,2264,1096,524,572,
27415,4386,2130,2256,7674,3764,3910,8770,4242,4528,7674,3658,4016,4384,2120,2264,1096,524,572,
27420,4387,2130,2257,7676,3764,3912,8773,4244,4529,7675,3659,4016,4385,2121,2264,1096,524,572,
27425,4387,2130,2257,7677,3764,3913,8773,4244,4529,7676,3660,4016,4385,2121,2264,1097,525,572,
27430,4388,2130,2258,7678,3765,3913,8774,4245,4529,7677,3660,4017,4387,2122,2265,1097,525,572,
27435,4389,2130,2259,7680,3766,3914,8777,4247,4530,7679,3661,4018,4388,2122,2266,1097,525,572,
27440,4390,2131,2259,7681,3767,3914,8778,4248,4530,7681,3662,4019,4388,2122,2266,1097,525,572,
27445,4391,2132,2259,7683,3767,3916,8781,4248,4533,7682,3662,4020,4389,2123,2266,1097,525,572,
27450,4391,2132,2259,7684,3767,3917,8781,4248,4533,7683,3662,4021,4389,2123,2266,1098,525,573,
27455,4392,2132,2260,7685,3768,3917,8782,4248,4534,7684,3662,4022,4391,2124,2267,1098,525,573,
27460,4393,2132,2261,7687,3770,3917,8785,4248,4537,7686,3664,4022,4392,2125,2267,1098,525,573,
27465,4394,2132,2262,7688,3770,3918,8786,4248,4538,7688,3664,4024,4392,2125,2267,1098,525,573,
27470,4395,2132,2263,7690,3771,3919,8789,4249,4540,7689,3665,4024,4393,2126,2267,1098,525,573,
27475,4395,2132,2263,7691,3772,3919,8789,4249,4540,7690,3666,4024,4393,2126,2267,1099,525,574,
27480,4396,2132,2264,7692,3772,3920,8790,4249,4541,7691,3667,4024,4395,2127,2268,1099,525,574,
27485,4397,2133,2264,7694,3773,3921,8793,4251,4542,7693,3669,4024,4396,2128,2268,1099,525,574,
27490,4398,2133,2265,7695,3773,3922,8794,4251,4543,7695,3669,4026,4396,2128,2268,1099,525,574,
27495,4399,2133,2266,7697,3774,3923,8797,4253,4544,7696,3669,4027,4397,2128,2269,1099,525,574,
27500,4399,2133,2266,7698,3774,3924,8797,4253,4544,7697,3670,4027,4397,2128,2269,1100,526,574,
27505,4400,2133,2267,7699,3774,3925,8798,4253,4545,7698,3670,4028,4399,2128,2271,1100,526,574,
27510,4401,2134,2267,7701,3776,3925,8801,4256,4545,7700,3672,4028,4400,2129,2271,1100,526,574,
27515,4402,2134,2268,7702,3777,3925,8802,4256,4546,7702,3674,4028,4400,2129,2271,1100,526,574,
27520,4403,2135,2268,7704,3777,3927,8805,4258,4547,7703,3674,4029,4401,2129,2272,1100,526,574,
27525,4403,2135,2268,7705,3778,3927,8805,4258,4547,7704,3674,4030,4401,2129,2272,1101,527,574,
27530,4404,2136,2268,7706,3778,3928,8806,4259,4547,7705,3674,4031,4403,2129,2274,1101,527,574,
27535,4405,2136,2269,7708,3779,3929,8809,4261,4548,7707,3675,4032,4404,2130,2274,1101,527,574,
27540,4406,2137,2269,7709,3780,3929,8810,4262,4548,7709,3677,4032,4404,2130,2274,1101,527,574,
27545,4407,2137,2270,7711,3782,3929,8813,4264,4549,7710,3677,4033,4405,2131,2274,1101,527,574,
27550,4407,2137,2270,7712,3782,3930,8813,4264,4549,7711,3678,4033,4405,2131,2274,1102,528,574,
27555,4408,2138,2270,7713,3783,3930,8814,4265,4549,7712,3678,4034,4407,2133,2274,1102,528,574,
27560,4409,2138,2271,7715,3783,3932,8817,4267,4550,7714,3678,4036,4408,2133,2275,1102,528,574,
27565,4410,2139,2271,7716,3784,3932,8818,4267,4551,7716,3679,4037,4408,2133,2275,1102,528,574,
27570,4411,2140,2271,7718,3785,3933,8821,4269,4552,7717,3680,4037,4409,2133,2276,1102,528,574,
27575,4411,2140,2271,7719,3786,3933,8821,4269,4552,7718,3681,4037,4409,2133,2276,1103,528,575,
27580,4412,2141,2271,7720,3786,3934,8822,4269,4553,7719,3682,4037,4411,2135,2276,1103,528,575,
27585,4413,2142,2271,7722,3787,3935,8825,4270,4555,7721,3683,4038,4412,2135,2277,1103,528,575,
27590,4414,2143,2271,7723,3787,3936,8826,4271,4555,7723,3684,4039,4412,2135,2277,1103,528,575,
27595,4415,2143,2272,7725,3788,3937,8829,4272,4557,7724,3685,4039,4413,2135,2278,1103,528,575,
27600,4415,2143,2272,7726,3788,3938,8829,4272,4557,7725,3685,4040,4413,2135,2278,1104,528,576,
27605,4416,2144,2272,7727,3789,3938,8830,4273,4557,7726,3686,4040,4415,2136,2279,1104,528,576,
27610,4417,2145,2272,7729,3791,3938,8833,4275,4558,7728,3687,4041,4416,2136,2280,1104,528,576,
27615,4418,2146,2272,7730,3791,3939,8834,4276,4558,7730,3687,4043,4416,2136,2280,1104,528,576,
27620,4419,2147,2272,7732,3792,3940,8837,4278,4559,7731,3688,4043,4417,2137,2280,1104,528,576,
27625,4419,2147,2272,7733,3793,3940,8837,4278,4559,7732,3688,4044,4417,2137,2280,1105,528,577,
27630,4420,2147,2273,7734,3794,3940,8838,4278,4560,7733,3688,4045,4419,2139,2280,1105,528,577,
27635,4421,2148,2273,7736,3795,3941,8841,4279,4562,7735,3690,4045,4420,2139,2281,1105,528,577,
27640,4422,2148,2274,7737,3796,3941,8842,4280,4562,7737,3691,4046,4420,2139,2281,1105,528,577,
27645,4423,2149,2274,7739,3798,3941,8845,4282,4563,7738,3691,4047,4421,2140,2281,1105,528,577,
27650,4423,2149,2274,7740,3798,3942,8845,4282,4563,7739,3691,4048,4421,2140,2281,1106,529,577,
27655,4424,2149,2275,7741,3799,3942,8846,4282,4564,7740,3692,4048,4423,2140,2283,1106,529,577,
27660,4425,2149,2276,7743,3799,3944,8849,4283,4566,7742,3694,4048,4424,2141,2283,1106,529,577,
27665,4426,2149,2277,7744,3799,3945,8850,4284,4566,7744,3694,4050,4424,2141,2283,1106,529,577,
27670,4427,2149,2278,7746,3800,3946,8853,4287,4566,7745,3695,4050,4425,2141,2284,1106,529,577,
27675,4427,2149,2278,7747,3801,3946,8853,4287,4566,7746,3696,4050,4425,2141,2284,1107,530,577,
27680,4428,2149,2279,7748,3801,3947,8854,4287,4567,7747,3696,4051,4427,2142,2285,1107,530,577,
27685,4429,2149,2280,7750,3801,3949,8857,4288,4569,7749,3696,4053,4428,2143,2285,1107,530,577,
27690,4430,2149,2281,7751,3802,3949,8858,4288,4570,7751,3697,4054,4428,2143,2285,1107,530,577,
27695,4431,2149,2282,7753,3804,3949,8861,4290,4571,7752,3697,4055,4429,2143,2286,1107,530,577,
27700,4431,2149,2282,7754,3804,3950,8861,4290,4571,7753,3697,4056,4429,2143,2286,1108,531,577,
27705,4432,2150,2282,7755,3805,3950,8862,4291,4571,7754,3697,4057,4431,2144,2287,1108,531,577,
27710,4433,2151,2282,7757,3806,3951,8865,4293,4572,7756,3699,4057,4432,2144,2288,1108,531,577,
27715,4434,2152,2282,7758,3806,3952,8866,4294,4572,7758,3699,4059,4432,2144,2288,1108,531,577,
27720,4435,2152,2283,7760,3807,3953,8869,4296,4573,7759,3699,4060,4433,2144,2289,1108,531,577,
27725,4435,2152,2283,7761,3808,3953,8869,4296,4573,7760,3700,4060,4433,2144,2289,1109,531,578,
27730,4436,2153,2283,7762,3808,3954,8870,4296,4574,7761,3700,4061,4435,2145,2290,1109,531,578,
27735,4437,2154,2283,7764,3810,3954,8873,4298,4575,7763,3700,4063,4436,2145,2291,1109,531,578,
27740,4438,2154,2284,7765,3811,3954,8874,4299,4575,7765,3702,4063,4436,2145,2291,1109,531,578,
27745,4439,2154,2285,7767,3811,3956,8877,4301,4576,7766,3703,4063,4437,2145,2292,1109,531,578,
27750,4439,2154,2285,7768,3812,3956,8877,4301,4576,7767,3704,4063,4437,2145,2292,1110,532,578,
27755,4440,2154,2286,7769,3812,3957,8878,4301,4577,7768,3704,4064,4439,2145,2294,1110,532,578,
27760,4441,2154,2287,7771,3814,3957,8881,4302,4579,7770,3705,4065,4440,2146,2294,1110,532,578,
27765,4442,2154,2288,7772,3815,3957,8882,4303,4579,7772,3706,4066,4440,2146,2294,1110,532,578,
27770,4443,2155,2288,7774,3817,3957,8885,4304,4581,7773,3706,4067,4441,2146,2295,1110,532,578,
27775,4443,2155,2288,7775,3818,3957,8885,4304,4581,7774,3707,4067,4441,2146,2295,1111,532,579,
27780,4444,2156,2288,7776,3819,3957,8886,4305,4581,7775,3707,4068,4443,2147,2296,1111,532,579,
27785,4445,2157,2288,7778,3819,3959,8889,4306,4583,7777,3709,4068,4444,2148,2296,1111,532,579,
27790,4446,2157,2289,7779,3819,3960,8890,4306,4584,7779,3710,4069,4444,2148,2296,1111,532,579,
27795,4447,2158,2289,7781,3820,3961,8893,4308,4585,7780,3711,4069,4445,2148,2297,1111,532,579,
27800,4447,2158,2289,7782,3820,3962,8893,4308,4585,7781,3712,4069,4445,2148,2297,1112,533,579,
27805,4448,2158,2290,7783,3821,3962,8894,4308,4586,7782,3713,4069,4447,2149,2298,1112,533,579,
27810,4449,2159,2290,7785,3822,3963,8897,4308,4589,7784,3714,4070,4448,2150,2298,1112,533,579,
27815,4450,2160,2290,7786,3823,3963,8898,4309,4589,7786,3716,4070,4448,2150,2298,1112,533,579,
27820,4451,2160,2291,7788,3824,3964,8901,4311,4590,7787,3716,4071,4449,2151,2298,1112,533,579,
27825,4451,2160,2291,7789,3825,3964,8901,4311,4590,7788,3716,4072,4449,2151,2298,1113,534,579,
27830,4452,2160,2292,7790,3826,3964,8902,4311,4591,7789,3717,4072,4451,2152,2299,1113,534,579,
27835,4453,2160,2293,7792,3827,3965,8905,4311,4594,7791,3718,4073,4452,2152,2300,1113,534,579,
27840,4454,2161,2293,7793,3828,3965,8906,4312,4594,7793,3718,4075,4452,2152,2300,1113,534,579,
27845,4455,2161,2294,7795,3829,3966,8909,4314,4595,7794,3719,4075,4453,2153,2300,1113,534,579,
27850,4455,2161,2294,7796,3829,3967,8909,4314,4595,7795,3720,4075,4453,2153,2300,1114,534,580,
27855,4456,2161,2295,7797,3829,3968,8910,4315,4595,7796,3720,4076,4455,2154,2301,1114,534,580,
27860,4457,2161,2296,7799,3830,3969,8913,4318,4595,7798,3721,4077,4456,2155,2301,1114,534,580,
27865,4458,2162,2296,7800,3830,3970,8914,4319,4595,7800,3722,4078,4456,2155,2301,1114,534,580,
27870,4459,2162,2297,7802,3832,3970,8917,4319,4598,7801,3723,4078,4457,2156,2301,1114,534,580,
27875,4459,2162,2297,7803,3832,3971,8917,4319,4598,7802,3724,4078,4457,2156,2301,1115,534,581,
27880,4460,2163,2297,7804,3833,3971,8918,4319,4599,7803,3724,4079,4459,2156,2303,1115,534,581,
27885,4461,2163,2298,7806,3833,3973,8921,4320,4601,7805,3726,4079,4460,2156,2304,1115,534,581,
27890,4462,2164,2298,7807,3833,3974,8922,4320,4602,7807,3727,4080,4460,2156,2304,1115,534,581,
27895,4463,2164,2299,7809,3835,3974,8925,4321,4604,7808,3727,4081,4461,2157,2304,1115,534,581,
27900,4463,2164,2299,7810,3836,3974,8925,4321,4604,7809,3727,4082,4461,2157,2304,1116,534,582,
27905,4464,2164,2300,7811,3837,3974,8926,4321,4605,7810,3728,4082,4463,2159,2304,1116,534,582,
27910,4465,2165,2300,7813,3837,3976,8929,4322,4607,7812,3728,4084,4464,2159,2305,1116,534,582,
27915,4466,2166,2300,7814,3837,3977,8930,4322,4608,7814,3729,4085,4464,2159,2305,1116,534,582,
27920,4467,2167,2300,7816,3837,3979,8933,4323,4610,7815,3729,4086,4465,2160,2305,1116,534,582,
27925,4467,2167,2300,7817,3837,3980,8933,4323,4610,7816,3729,4087,4465,2160,2305,1117,535,582,
27930,4468,2168,2300,7818,3838,3980,8934,4323,4611,7817,3729,4088,4467,2162,2305,1117,535,582,
27935,4469,2169,2300,7820,3838,3982,8937,4324,4613,7819,3730,4089,4468,2162,2306,1117,535,582,
27940,4470,2170,2300,7821,3839,3982,8938,4324,4614,7821,3731,4090,4468,2162,2306,1117,535,582,
27945,4471,2170,2301,7823,3840,3983,8941,4326,4615,7822,3731,4091,4469,2163,2306,1117,535,582,
27950,4471,2170,2301,7824,3841,3983,8941,4326,4615,7823,3731,4092,4469,2163,2306,1118,536,582,
27955,4472,2170,2302,7825,3841,3984,8942,4327,4615,7824,3732,4092,4471,2165,2306,1118,536,582,
27960,4473,2170,2303,7827,3842,3985,8945,4329,4616,7826,3734,4092,4472,2166,2306,1118,536,582,
27965,4474,2171,2303,7828,3842,3986,8946,4329,4617,7828,3735,4093,4472,2166,2306,1118,536,582,
27970,4475,2172,2303,7830,3843,3987,8949,4331,4618,7829,3736,4093,4473,2166,2307,1118,536,582,
27975,4475,2172,2303,7831,3843,3988,8949,4331,4618,7830,3736,4094,4473,2166,2307,1119,536,583,
27980,4476,2172,2304,7832,3843,3989,8950,4331,4619,7831,3736,4095,4475,2168,2307,1119,536,583,
27985,4477,2172,2305,7834,3844,3990,8953,4333,4620,7833,3738,4095,4476,2168,2308,1119,536,583,
27990,4478,2173,2305,7835,3844,3991,8954,4333,4621,7835,3738,4097,4476,2168,2308,1119,536,583,
27995,4479,2173,2306,7837,3845,3992,8957,4335,4622,7836,3739,4097,4477,2169,2308,1119,536,583,
28000,4479,2173,2306,7838,3845,3993,8957,4335,4622,7837,3739,4098,4477,2169,2308,1120,537,583,
28005,4480,2173,2307,7839,3845,3994,8958,4335,4623,7838,3740,4098,4479,2171,2308,1120,537,583,
28010,4481,2173,2308,7841,3846,3995,8961,4335,4626,7840,3742,4098,4480,2171,2309,1120,537,583,
28015,4482,2174,2308,7842,3846,3996,8962,4335,4627,7842,3743,4099,4480,2171,2309,1120,537,583,
28020,4483,2175,2308,7844,3848,3996,8965,4336,4629,7843,3744,4099,4481,2171,2310,1120,537,583,
28025,4483,2175,2308,7845,3848,3997,8965,4336,4629,7844,3744,4100,4481,2171,2310,1121,538,583,
28030,4484,2175,2309,7846,3848,3998,8966,4336,4630,7845,3745,4100,4483,2171,2312,1121,538,583,
28035,4485,2176,2309,7848,3850,3998,8969,4338,4631,7847,3746,4101,4484,2171,2313,1121,538,583,
28040,4486,2176,2310,7849,3850,3999,8970,4338,4632,7849,3746,4103,4484,2171,2313,1121,538,583,
28045,4487,2176,2311,7851,3851,4000,8973,4341,4632,7850,3746,4104,4485,2171,2314,1121,538,583,
28050,4487,2176,2311,7852,3851,4001,8973,4341,4632,7851,3746,4105,4485,2171,2314,1122,538,584,
28055,4488,2177,2311,7853,3852,4001,8974,4342,4632,7852,3747,4105,4487,2173,2314,1122,538,584,
28060,4489,2177,2312,7855,3853,4002,8977,4342,4635,7854,3748,4106,4488,2173,2315,1122,538,584,
28065,4490,2177,2313,7856,3853,4003,8978,4343,4635,7856,3749,4107,4488,2173,2315,1122,538,584,
28070,4491,2178,2313,7858,3854,4004,8981,4344,4637,7857,3749,4108,4489,2173,2316,1122,538,584,
28075,4491,2178,2313,7859,3854,4005,8981,4344,4637,7858,3750,4108,4489,2173,2316,1123,539,584,
28080,4492,2179,2313,7860,3854,4006,8982,4344,4638,7859,3750,4109,4491,2174,2317,1123,539,584,
28085,4493,2179,2314,7862,3856,4006,8985,4346,4639,7861,3752,4109,4492,2175,2317,1123,539,584,
28090,4494,2180,2314,7863,3856,4007,8986,4347,4639,7863,3754,4109,4492,2175,2317,1123,539,584,
28095,4495,2180,2315,7865,3856,4009,8989,4348,4641,7864,3754,4110,4493,2176,2317,1123,539,584,
28100,4495,2180,2315,7866,3857,4009,8989,4348,4641,7865,3755,4110,4493,2176,2317,1124,540,584,
28105,4496,2180,2316,7867,3858,4009,8990,4349,4641,7866,3755,4111,4495,2177,2318,1124,540,584,
28110,4497,2181,2316,7869,3859,4010,8993,4352,4641,7868,3756,4112,4496,2178,2318,1124,540,584,
28115,4498,2181,2317,7870,3859,4011,8994,4352,4642,7870,3757,4113,4496,2178,2318,1124,540,584,
28120,4499,2182,2317,7872,3860,4012,8997,4353,4644,7871,3758,4113,4497,2179,2318,1124,540,584,
28125,4499,2182,2317,7873,3861,4012,8997,4353,4644,7872,3758,4114,4497,2179,2318,1125,541,584,
28130,4500,2183,2317,7874,3862,4012,8998,4353,4645,7873,3758,4115,4499,2180,2319,1125,541,584,
28135,4501,2183,2318,7876,3863,4013,9001,4354,4647,7875,3758,4117,4500,2180,2320,1125,541,584,
28140,4502,2183,2319,7877,3863,4014,9002,4354,4648,7877,3758,4119,4500,2180,2320,1125,541,584,
28145,4503,2184,2319,7879,3864,4015,9005,4355,4650,7878,3758,4120,4501,2180,2321,1125,541,584,
28150,4503,2184,2319,7880,3864,4016,9005,4355,4650,7879,3758,4121,4501,2180,2321,1126,542,584,
28155,4504,2185,2319,7881,3864,4017,9006,4356,4650,7880,3759,4121,4503,2180,2323,1126,542,584,
28160,4505,2186,2319,7883,3865,4018,9009,4357,4652,7882,3760,4122,4504,2181,2323,1126,542,584,
28165,4506,2186,2320,7884,3866,4018,9010,4358,4652,7884,3760,4124,4504,2181,2323,1126,542,584,
28170,4507,2187,2320,7886,3866,4020,9013,4359,4654,7885,3760,4125,4505,2182,2323,1126,542,584,
28175,4507,2187,2320,7887,3866,4021,9013,4359,4654,7886,3761,4125,4505,2182,2323,1127,542,585,
28180,4508,2188,2320,7888,3866,4022,9014,4360,4654,7887,3762,4125,4507,2183,2324,1127,542,585,
28185,4509,2189,2320,7890,3868,4022,9017,4361,4656,7889,3763,4126,4508,2183,2325,1127,542,585,
28190,4510,2189,2321,7891,3869,4022,9018,4362,4656,7891,3763,4128,4508,2183,2325,1127,542,585,
28195,4511,2189,2322,7893,3870,4023,9021,4363,4658,7892,3764,4128,4509,2183,2326,1127,542,585,
28200,4511,2189,2322,7894,3871,4023,9021,4363,4658,7893,3765,4128,4509,2183,2326,1128,542,586,
28205,4512,2189,2323,7895,3871,4024,9022,4363,4659,7894,3766,4128,4511,2185,2326,1128,542,586,
28210,4513,2190,2323,7897,3872,4025,9025,4364,4661,7896,3766,4130,4512,2186,2326,1128,542,586,
28215,4514,2190,2324,7898,3872,4026,9026,4364,4662,7898,3766,4132,4512,2186,2326,1128,542,586,
28220,4515,2190,2325,7900,3873,4027,9029,4365,4664,7899,3767,4132,4513,2186,2327,1128,542,586,
28225,4515,2190,2325,7901,3873,4028,9029,4365,4664,7900,3768,4132,4513,2186,2327,1129,543,586,
28230,4516,2190,2326,7902,3874,4028,9030,4366,4664,7901,3769,4132,4515,2187,2328,1129,543,586,
28235,4517,2190,2327,7904,3876,4028,9033,4368,4665,7903,3769,4134,4516,2187,2329,1129,543,586,
28240,4518,2190,2328,7905,3877,4028,9034,4368,4666,7905,3771,4134,4516,2187,2329,1129,543,586,
28245,4519,2190,2329,7907,3877,4030,9037,4369,4668,7906,3772,4134,4517,2188,2329,1129,543,586,
28250,4519,2190,2329,7908,3877,4031,9037,4369,4668,7907,3772,4135,4517,2188,2329,1130,543,587,
28255,4520,2191,2329,7909,3877,4032,9038,4370,4668,7908,3773,4135,4519,2190,2329,1130,543,587,
28260,4521,2192,2329,7911,3878,4033,9041,4370,4671,7910,3774,4136,4520,2190,2330,1130,543,587,
28265,4522,2193,2329,7912,3879,4033,9042,4371,4671,7912,3775,4137,4520,2190,2330,1130,543,587,
28270,4523,2194,2329,7914,3879,4035,9045,4372,4673,7913,3775,4138,4521,2190,2331,1130,543,587,
28275,4523,2194,2329,7915,3879,4036,9045,4372,4673,7914,3775,4139,4521,2190,2331,1131,544,587,
28280,4524,2194,2330,7916,3879,4037,9046,4372,4674,7915,3776,4139,4523,2190,2333,1131,544,587,
28285,4525,2194,2331,7918,3880,4038,9049,4375,4674,7917,3777,4140,4524,2190,2334,1131,544,587,
28290,4526,2195,2331,7919,3880,4039,9050,4376,4674,7919,3779,4140,4524,2190,2334,1131,544,587,
28295,4527,2196,2331,7921,3882,4039,9053,4379,4674,7920,3780,4140,4525,2191,2334,1131,544,587,
28300,4527,2196,2331,7922,3882,4040,9053,4379,4674,7921,3781,4140,4525,2191,2334,1132,545,587,
28305,4528,2197,2331,7923,3883,4040,9054,4379,4675,7922,3781,4141,4527,2193,2334,1132,545,587,
28310,4529,2197,2332,7925,3885,4040,9057,4379,4678,7924,3781,4143,4528,2194,2334,1132,545,587,
28315,4530,2198,2332,7926,3885,4041,9058,4380,4678,7926,3782,4144,4528,2194,2334,1132,545,587,
28320,4531,2199,2332,7928,3886,4042,9061,4381,4680,7927,3782,4145,4529,2194,2335,1132,545,587,
28325,4531,2199,2332,7929,3886,4043,9061,4381,4680,7928,3782,4146,4529,2194,2335,1133,545,588,
28330,4532,2200,2332,7930,3887,4043,9062,4381,4681,7929,3782,4147,4531,2195,2336,1133,545,588,
28335,4533,2200,2333,7932,3887,4045,9065,4382,4683,7931,3782,4149,4532,2196,2336,1133,545,588,
28340,4534,2201,2333,7933,3888,4045,9066,4382,4684,7933,3782,4151,4532,2196,2336,1133,545,588,
28345,4535,2201,2334,7935,3890,4045,9069,4383,4686,7934,3782,4152,4533,2197,2336,1133,545,588,
28350,4535,2201,2334,7936,3891,4045,9069,4383,4686,7935,3783,4152,4533,2197,2336,1134,546,588,
28355,4536,2201,2335,7937,3891,4046,9070,4383,4687,7936,3784,4152,4535,2198,2337,1134,546,588,
28360,4537,2202,2335,7939,3893,4046,9073,4385,4688,7938,3784,4154,4536,2198,2338,1134,546,588,
28365,4538,2203,2335,7940,3894,4046,9074,4386,4688,7940,3786,4154,4536,2198,2338,1134,546,588,
28370,4539,2203,2336,7942,3895,4047,9077,4388,4689,7941,3786,4155,4537,2199,2338,1134,546,588,
28375,4539,2203,2336,7943,3896,4047,9077,4388,4689,7942,3786,4156,4537,2199,2338,1135,547,588,
28380,4540,2204,2336,7944,3896,4048,9078,4388,4690,7943,3787,4156,4539,2200,2339,1135,547,588,
28385,4541,2204,2337,7946,3896,4050,9081,4390,4691,7945,3788,4157,4540,2201,2339,1135,547,588,
28390,4542,2205,2337,7947,3896,4051,9082,4390,4692,7947,3789,4158,4540,2201,2339,1135,547,588,
28395,4543,2206,2337,7949,3898,4051,9085,4392,4693,7948,3790,4158,4541,2202,2339,1135,547,588,
28400,4543,2206,2337,7950,3899,4051,9085,4392,4693,7949,3790,4159,4541,2202,2339,1136,548,588,
28405,4544,2206,2338,7951,3900,4051,9086,4392,4694,7950,3790,4160,4543,2202,2341,1136,548,588,
28410,4545,2207,2338,7953,3900,4053,9089,4393,4696,7952,3790,4162,4544,2203,2341,1136,548,588,
28415,4546,2207,2339,7954,3900,4054,9090,4394,4696,7954,3791,4163,4544,2203,2341,1136,548,588,
28420,4547,2207,2340,7956,3901,4055,9093,4396,4697,7955,3792,4163,4545,2203,2342,1136,548,588,
28425,4547,2207,2340,7957,3901,4056,9093,4396,4697,7956,3793,4163,4545,2203,2342,1137,548,589,
28430,4548,2207,2341,7958,3901,4057,9094,4397,4697,7957,3794,4163,4547,2204,2343,1137,548,589,
28435,4549,2207,2342,7960,3902,4058,9097,4399,4698,7959,3796,4163,4548,2205,2343,1137,548,589,
28440,4550,2208,2342,7961,3903,4058,9098,4400,4698,7961,3796,4165,4548,2205,2343,1137,548,589,
28445,4551,2209,2342,7963,3903,4060,9101,4400,4701,7962,3797,4165,4549,2205,2344,1137,548,589,
28450,4551,2209,2342,7964,3903,4061,9101,4400,4701,7963,3798,4165,4549,2205,2344,1138,549,589,
28455,4552,2209,2343,7965,3904,4061,9102,4401,4701,7964,3798,4166,4551,2207,2344,1138,549,589,
28460,4553,2209,2344,7967,3905,4062,9105,4402,4703,7966,3798,4168,4552,2207,2345,1138,549,589,
28465,4554,2209,2345,7968,3905,4063,9106,4402,4704,7968,3800,4168,4552,2207,2345,1138,549,589,
28470,4555,2210,2345,7970,3905,4065,9109,4403,4706,7969,3801,4168,4553,2208,2345,1138,549,589,
28475,4555,2210,2345,7971,3905,4066,9109,4403,4706,7970,3801,4169,4553,2208,2345,1139,549,590,
28480,4556,2211,2345,7972,3906,4066,9110,4403,4707,7971,3801,4170,4555,2209,2346,1139,549,590,
28485,4557,2211,2346,7974,3907,4067,9113,4404,4709,7973,3803,4170,4556,2209,2347,1139,549,590,
28490,4558,2212,2346,7975,3908,4067,9114,4404,4710,7975,3805,4170,4556,2209,2347,1139,549,590,
28495,4559,2213,2346,7977,3908,4069,9117,4406,4711,7976,3806,4170,4557,2209,2348,1139,549,590,
28500,4559,2213,2346,7978,3908,4070,9117,4406,4711,7977,3806,4171,4557,2209,2348,1140,549,591,
28505,4560,2214,2346,7979,3908,4071,9118,4407,4711,7978,3807,4171,4559,2209,2350,1140,549,591,
28510,4561,2215,2346,7981,3908,4073,9121,4409,4712,7980,3807,4173,4560,2210,2350,1140,549,591,
28515,4562,2215,2347,7982,3908,4074,9122,4409,4713,7982,3807,4175,4560,2210,2350,1140,549,591,
28520,4563,2215,2348,7984,3908,4076,9125,4410,4715,7983,3807,4176,4561,2210,2351,1140,549,591,
28525,4563,2215,2348,7985,3908,4077,9125,4410,4715,7984,3808,4176,4561,2210,2351,1141,549,592,
28530,4564,2216,2348,7986,3909,4077,9126,4411,4715,7985,3809,4176,4563,2211,2352,1141,549,592,
28535,4565,2217,2348,7988,3909,4079,9129,4413,4716,7987,3811,4176,4564,2212,2352,1141,549,592,
28540,4566,2218,2348,7989,3909,4080,9130,4414,4716,7989,3812,4177,4564,2212,2352,1141,549,592,
28545,4567,2218,2349,7991,3910,4081,9133,4415,4718,7990,3813,4177,4565,2212,2353,1141,549,592,
28550,4567,2218,2349,7992,3911,4081,9133,4415,4718,7991,3813,4178,4565,2212,2353,1142,549,593,
28555,4568,2219,2349,7993,3912,4081,9134,4415,4719,7992,3814,4178,4567,2214,2353,1142,549,593,
28560,4569,2220,2349,7995,3913,4082,9137,4417,4720,7994,3814,4180,4568,2215,2353,1142,549,593,
28565,4570,2220,2350,7996,3914,4082,9138,4418,4720,7996,3815,4181,4568,2215,2353,1142,549,593,
28570,4571,2220,2351,7998,3915,4083,9141,4420,4721,7997,3815,4182,4569,2215,2354,1142,549,593,
28575,4571,2220,2351,7999,3916,4083,9141,4420,4721,7998,3816,4182,4569,2215,2354,1143,550,593,
28580,4572,2220,2352,8000,3916,4084,9142,4420,4722,7999,3817,4182,4571,2216,2355,1143,550,593,
28585,4573,2220,2353,8002,3917,4085,9145,4421,4724,8001,3818,4183,4572,2216,2356,1143,550,593,
28590,4574,2221,2353,8003,3918,4085,9146,4421,4725,8003,3819,4184,4572,2216,2356,1143,550,593,
28595,4575,2221,2354,8005,3918,4087,9149,4423,4726,8004,3819,4185,4573,2217,2356,1143,550,593,
28600,4575,2221,2354,8006,3918,4088,9149,4423,4726,8005,3819,4186,4573,2217,2356,1144,550,594,
28605,4576,2221,2355,8007,3919,4088,9150,4424,4726,8006,3820,4186,4575,2218,2357,1144,550,594,
28610,4577,2221,2356,8009,3920,4089,9153,4426,4727,8008,3820,4188,4576,2218,2358,1144,550,594,
28615,4578,2222,2356,8010,3920,4090,9154,4427,4727,8010,3822,4188,4576,2218,2358,1144,550,594,
28620,4579,2223,2356,8012,3921,4091,9157,4429,4728,8011,3823,4188,4577,2218,2359,1144,550,594,
28625,4579,2223,2356,8013,3922,4091,9157,4429,4728,8012,3823,4189,4577,2218,2359,1145,550,595,
28630,4580,2224,2356,8014,3922,4092,9158,4430,4728,8013,3823,4190,4579,2219,2360,1145,550,595,
28635,4581,2224,2357,8016,3924,4092,9161,4430,4731,8015,3824,4191,4580,2220,2360,1145,550,595,
28640,4582,2225,2357,8017,3925,4092,9162,4431,4731,8017,3826,4191,4580,2220,2360,1145,550,595,
28645,4583,2225,2358,8019,3926,4093,9165,4433,4732,8018,3827,4191,4581,2221,2360,1145,550,595,
28650,4583,2225,2358,8020,3926,4094,9165,4433,4732,8019,3828,4191,4581,2221,2360,1146,550,596,
28655,4584,2226,2358,8021,3926,4095,9166,4433,4733,8020,3828,4192,4583,2223,2360,1146,550,596,
28660,4585,2226,2359,8023,3928,4095,9169,4434,4735,8022,3828,4194,4584,2223,2361,1146,550,596,
28665,4586,2227,2359,8024,3928,4096,9170,4435,4735,8024,3829,4195,4584,2223,2361,1146,550,596,
28670,4587,2228,2359,8026,3929,4097,9173,4436,4737,8025,3829,4196,4585,2223,2362,1146,550,596,
28675,4587,2228,2359,8027,3929,4098,9173,4436,4737,8026,3829,4197,4585,2223,2362,1147,551,596,
28680,4588,2229,2359,8028,3930,4098,9174,4436,4738,8027,3829,4198,4587,2225,2362,1147,551,596,
28685,4589,2229,2360,8030,3932,4098,9177,4437,4740,8029,3830,4199,4588,2225,2363,1147,551,596,
28690,4590,2230,2360,8031,3932,4099,9178,4438,4740,8031,3831,4200,4588,2225,2363,1147,551,596,
28695,4591,2230,2361,8033,3933,4100,9181,4439,4742,8032,3832,4200,4589,2226,2363,1147,551,596,
28700,4591,2230,2361,8034,3933,4101,9181,4439,4742,8033,3832,4201,4589,2226,2363,1148,551,597,
28705,4592,2231,2361,8035,3933,4102,9182,4440,4742,8034,3833,4201,4591,2226,2365,1148,551,597,
28710,4593,2232,2361,8037,3935,4102,9185,4440,4745,8036,3835,4201,4592,2226,2366,1148,551,597,
28715,4594,2233,2361,8038,3936,4102,9186,4440,4746,8038,3837,4201,4592,2226,2366,1148,551,597,
28720,4595,2234,2361,8040,3937,4103,9189,4442,4747,8039,3837,4202,4593,2226,2367,1148,551,597,
28725,4595,2234,2361,8041,3937,4104,9189,4442,4747,8040,3838,4202,4593,2226,2367,1149,552,597,
28730,4596,2234,2362,8042,3937,4105,9190,4442,4748,8041,3839,4202,4595,2226,2369,1149,552,597,
28735,4597,2235,2362,8044,3938,4106,9193,4444,4749,8043,3841,4202,4596,2227,2369,1149,552,597,
28740,4598,2236,2362,8045,3938,4107,9194,4444,4750,8045,3841,4204,4596,2227,2369,1149,552,597,
28745,4599,2236,2363,8047,3938,4109,9197,4446,4751,8046,3841,4205,4597,2227,2370,1149,552,597,
28750,4599,2236,2363,8048,3938,4110,9197,4446,4751,8047,3842,4205,4597,2227,2370,1150,553,597,
28755,4600,2237,2363,8049,3938,4111,9198,4447,4751,8048,3842,4206,4599,2228,2371,1150,553,597,
28760,4601,2237,2364,8051,3939,4112,9201,4447,4754,8050,3844,4206,4600,2228,2372,1150,553,597,
28765,4602,2237,2365,8052,3940,4112,9202,4447,4755,8052,3845,4207,4600,2228,2372,1150,553,597,
28770,4603,2238,2365,8054,3942,4112,9205,4448,4757,8053,3846,4207,4601,2229,2372,1150,553,597,
28775,4603,2238,2365,8055,3942,4113,9205,4448,4757,8054,3846,4208,4601,2229,2372,1151,554,597,
28780,4604,2239,2365,8056,3942,4114,9206,4448,4758,8055,3847,4208,4603,2230,2373,1151,554,597,
28785,4605,2239,2366,8058,3943,4115,9209,4449,4760,8057,3848,4209,4604,2230,2374,1151,554,597,
28790,4606,2239,2367,8059,3943,4116,9210,4450,4760,8059,3848,4211,4604,2230,2374,1151,554,597,
28795,4607,2239,2368,8061,3945,4116,9213,4452,4761,8060,3849,4211,4605,2231,2374,1151,554,597,
28800,4607,2239,2368,8062,3945,4117,9213,4452,4761,8061,3849,4212,4605,2231,2374,1152,554,598,
28805,4608,2240,2368,8063,3946,4117,9214,4452,4762,8062,3849,4213,4607,2231,2376,1152,554,598,
28810,4609,2241,2368,8065,3948,4117,9217,4453,4764,8064,3849,4215,4608,2232,2376,1152,554,598,
28815,4610,2241,2369,8066,3948,4118,9218,4454,4764,8066,3849,4217,4608,2232,2376,1152,554,598,
28820,4611,2242,2369,8068,3948,4120,9221,4456,4765,8067,3849,4218,4609,2233,2376,1152,554,598,
28825,4611,2242,2369,8069,3949,4120,9221,4456,4765,8068,3849,4219,4609,2233,2376,1153,554,599,
28830,4612,2243,2369,8070,3950,4120,9222,4457,4765,8069,3849,4220,4611,2234,2377,1153,554,599,
28835,4613,2244,2369,8072,3951,4121,9225,4459,4766,8071,3850,4221,4612,2235,2377,1153,554,599,
28840,4614,2245,2369,8073,3952,4121,9226,4460,4766,8073,3850,4223,4612,2235,2377,1153,554,599,
28845,4615,2246,2369,8075,3953,4122,9229,4462,4767,8074,3850,4224,4613,2236,2377,1153,554,599,
28850,4615,2246,2369,8076,3953,4123,9229,4462,4767,8075,3850,4225,4613,2236,2377,1154,555,599,
28855,4616,2246,2370,8077,3953,4124,9230,4463,4767,8076,3850,4226,4615,2236,2379,1154,555,599,
28860,4617,2247,2370,8079,3955,4124,9233,4464,4769,8078,3850,4228,4616,2237,2379,1154,555,599,
28865,4618,2248,2370,8080,3956,4124,9234,4465,4769,8080,3851,4229,4616,2237,2379,1154,555,599,
28870,4619,2248,2371,8082,3958,4124,9237,4467,4770,8081,3851,4230,4617,2238,2379,1154,555,599,
28875,4619,2248,2371,8083,3958,4125,9237,4467,4770,8082,3852,4230,4617,2238,2379,1155,556,599,
28880,4620,2249,2371,8084,3958,4126,9238,4468,4770,8083,3853,4230,4619,2240,2379,1155,556,599,
28885,4621,2250,2371,8086,3958,4128,9241,4468,4773,8085,3854,4231,4620,2240,2380,1155,556,599,
28890,4622,2250,2372,8087,3958,4129,9242,4468,4774,8087,3855,4232,4620,2240,2380,1155,556,599,
28895,4623,2250,2373,8089,3958,4131,9245,4469,4776,8088,3856,4232,4621,2241,2380,1155,556,599,
28900,4623,2250,2373,8090,3959,4131,9245,4469,4776,8089,3856,4233,4621,2241,2380,1156,556,600,
28905,4624,2250,2374,8091,3960,4131,9246,4470,4776,8090,3857,4233,4623,2242,2381,1156,556,600,
28910,4625,2251,2374,8093,3961,4132,9249,4472,4777,8092,3858,4234,4624,2242,2382,1156,556,600,
28915,4626,2251,2375,8094,3962,4132,9250,4472,4778,8094,3858,4236,4624,2242,2382,1156,556,600,
28920,4627,2251,2376,8096,3963,4133,9253,4475,4778,8095,3858,4237,4625,2243,2382,1156,556,600,
28925,4627,2251,2376,8097,3963,4134,9253,4475,4778,8096,3859,4237,4625,2243,2382,1157,556,601,
28930,4628,2252,2376,8098,3963,4135,9254,4476,4778,8097,3860,4237,4627,2244,2383,1157,556,601,
28935,4629,2252,2377,8100,3965,4135,9257,4478,4779,8099,3861,4238,4628,2245,2383,1157,556,601,
28940,4630,2252,2378,8101,3966,4135,9258,4478,4780,8101,3863,4238,4628,2245,2383,1157,556,601,
28945,4631,2252,2379,8103,3968,4135,9261,4479,4782,8102,3863,4239,4629,2245,2384,1157,556,601,
28950,4631,2252,2379,8104,3968,4136,9261,4479,4782,8103,3864,4239,4629,2245,2384,1158,557,601,
28955,4632,2252,2380,8105,3969,4136,9262,4480,4782,8104,3865,4239,4631,2246,2385,1158,557,601,
28960,4633,2252,2381,8107,3970,4137,9265,4482,4783,8106,3866,4240,4632,2247,2385,1158,557,601,
28965,4634,2253,2381,8108,3971,4137,9266,4482,4784,8108,3866,4242,4632,2247,2385,1158,557,601,
28970,4635,2253,2382,8110,3972,4138,9269,4484,4785,8109,3867,4242,4633,2247,2386,1158,557,601,
28975,4635,2253,2382,8111,3973,4138,9269,4484,4785,8110,3867,4243,4633,2247,2386,1159,557,602,
28980,4636,2253,2383,8112,3973,4139,9270,4484,4786,8111,3867,4244,4635,2248,2387,1159,557,602,
28985,4637,2254,2383,8114,3975,4139,9273,4485,4788,8113,3867,4246,4636,2249,2387,1159,557,602,
28990,4638,2254,2384,8115,3976,4139,9274,4485,4789,8115,3869,4246,4636,2249,2387,1159,557,602,
28995,4639,2254,2385,8117,3977,4140,9277,4488,4789,8116,3870,4246,4637,2249,2388,1159,557,602,
29000,4639,2254,2385,8118,3977,4141,9277,4488,4789,8117,3870,4247,4637,2249,2388,1160,557,603,
29005,4640,2255,2385,8119,3978,4141,9278,4489,4789,8118,3871,4247,4639,2251,2388,1160,557,603,
29010,4641,2255,2386,8121,3980,4141,9281,4491,4790,8120,3872,4248,4640,2252,2388,1160,557,603,
29015,4642,2255,2387,8122,3980,4142,9282,4492,4790,8122,3873,4249,4640,2252,2388,1160,557,603,
29020,4643,2256,2387,8124,3981,4143,9285,4493,4792,8123,3873,4250,4641,2253,2388,1160,557,603,
29025,4643,2256,2387,8125,3982,4143,9285,4493,4792,8124,3874,4250,4641,2253,2388,1161,558,603,
29030,4644,2257,2387,8126,3983,4143,9286,4493,4793,8125,3874,4251,4643,2253,2390,1161,558,603,
29035,4645,2257,2388,8128,3983,4145,9289,4494,4795,8127,3876,4251,4644,2254,2390,1161,558,603,
29040,4646,2258,2388,8129,3984,4145,9290,4495,4795,8129,3877,4252,4644,2254,2390,1161,558,603,
29045,4647,2259,2388,8131,3986,4145,9293,4496,4797,8130,3877,4253,4645,2254,2391,1161,558,603,
29050,4647,2259,2388,8132,3986,4146,9293,4496,4797,8131,3878,4253,4645,2254,2391,1162,559,603,
29055,4648,2260,2388,8133,3986,4147,9294,4496,4798,8132,3878,4254,4647,2256,2391,1162,559,603,
29060,4649,2260,2389,8135,3988,4147,9297,4497,4800,8134,3878,4256,4648,2256,2392,1162,559,603,
29065,4650,2260,2390,8136,3989,4147,9298,4498,4800,8136,3878,4258,4648,2256,2392,1162,559,603,
29070,4651,2260,2391,8138,3990,4148,9301,4500,4801,8137,3878,4259,4649,2257,2392,1162,559,603,
29075,4651,2260,2391,8139,3991,4148,9301,4500,4801,8138,3878,4260,4649,2257,2392,1163,560,603,
29080,4652,2260,2392,8140,3992,4148,9302,4500,4802,8139,3879,4260,4651,2257,2394,1163,560,603,
29085,4653,2261,2392,8142,3994,4148,9305,4502,4803,8141,3880,4261,4652,2257,2395,1163,560,603,
29090,4654,2261,2393,8143,3995,4148,9306,4503,4803,8143,3880,4263,4652,2257,2395,1163,560,603,
29095,4655,2262,2393,8145,3997,4148,9309,4503,4806,8144,3881,4263,4653,2257,2396,1163,560,603,
29100,4655,2262,2393,8146,3998,4148,9309,4503,4806,8145,3882,4263,4653,2257,2396,1164,561,603,
29105,4656,2263,2393,8147,3998,4149,9310,4504,4806,8146,3882,4264,4655,2258,2397,1164,561,603,
29110,4657,2264,2393,8149,3999,4150,9313,4506,4807,8148,3883,4265,4656,2259,2397,1164,561,603,
29115,4658,2264,2394,8150,4000,4150,9314,4506,4808,8150,3885,4265,4656,2259,2397,1164,561,603,
29120,4659,2265,2394,8152,4001,4151,9317,4507,4810,8151,3885,4266,4657,2260,2397,1164,561,603,
29125,4659,2265,2394,8153,4001,4152,9317,4507,4810,8152,3886,4266,4657,2260,2397,1165,561,604,
29130,4660,2266,2394,8154,4002,4152,9318,4508,4810,8153,3887,4266,4659,2261,2398,1165,561,604,
29135,4661,2267,2394,8156,4004,4152,9321,4509,4812,8155,3888,4267,4660,2261,2399,1165,561,604,
29140,4662,2268,2394,8157,4004,4153,9322,4509,4813,8157,3890,4267,4660,2261,2399,1165,561,604,
29145,4663,2268,2395,8159,4006,4153,9325,4510,4815,8158,3890,4268,4661,2261,2400,1165,561,604,
29150,4663,2268,2395,8160,4007,4153,9325,4510,4815,8159,3890,4269,4661,2261,2400,1166,562,604,
29155,4664,2269,2395,8161,4007,4154,9326,4511,4815,8160,3890,4270,4663,2263,2400,1166,562,604,
29160,4665,2269,2396,8163,4008,4155,9329,4513,4816,8162,3892,4270,4664,2263,2401,1166,562,604,
29165,4666,2269,2397,8164,4009,4155,9330,4514,4816,8164,3894,4270,4664,2263,2401,1166,562,604,
29170,4667,2269,2398,8166,4010,4156,9333,4516,4817,8165,3894,4271,4665,2263,2402,1166,562,604,
29175,4667,2269,2398,8167,4011,4156,9333,4516,4817,8166,3894,4272,4665,2263,2402,1167,562,605,
29180,4668,2269,2399,8168,4011,4157,9334,4517,4817,8167,3894,4273,4667,2263,2404,1167,562,605,
29185,4669,2270,2399,8170,4011,4159,9337,4517,4820,8169,3894,4275,4668,2263,2405,1167,562,605,
29190,4670,2270,2400,8171,4011,4160,9338,4518,4820,8171,3896,4275,4668,2263,2405,1167,562,605,
29195,4671,2270,2401,8173,4011,4162,9341,4520,4821,8172,3896,4276,4669,2264,2405,1167,562,605,
29200,4671,2270,2401,8174,4012,4162,9341,4520,4821,8173,3897,4276,4669,2264,2405,1168,563,605,
29205,4672,2270,2402,8175,4012,4163,9342,4520,4822,8174,3897,4277,4671,2265,2406,1168,563,605,
29210,4673,2271,2402,8177,4014,4163,9345,4522,4823,8176,3898,4278,4672,2266,2406,1168,563,605,
29215,4674,2271,2403,8178,4014,4164,9346,4523,4823,8178,3899,4279,4672,2266,2406,1168,563,605,
29220,4675,2271,2404,8180,4016,4164,9349,4524,4825,8179,3900,4279,4673,2267,2406,1168,563,605,
29225,4675,2271,2404,8181,4016,4165,9349,4524,4825,8180,3900,4280,4673,2267,2406,1169,564,605,
29230,4676,2272,2404,8182,4017,4165,9350,4525,4825,8181,3900,4281,4675,2268,2407,1169,564,605,
29235,4677,2273,2404,8184,4018,4166,9353,4526,4827,8183,3901,4282,4676,2269,2407,1169,564,605,
29240,4678,2273,2405,8185,4019,4166,9354,4526,4828,8185,3902,4283,4676,2269,2407,1169,564,605,
29245,4679,2273,2406,8187,4021,4166,9357,4527,4830,8186,3902,4284,4677,2270,2407,1169,564,605,
29250,4679,2273,2406,8188,4022,4166,9357,4527,4830,8187,3902,4285,4677,2270,2407,1170,564,606,
29255,4680,2274,2406,8189,4023,4166,9358,4527,4831,8188,3903,4285,4679,2271,2408,1170,564,606,
29260,4681,2275,2406,8191,4024,4167,9361,4529,4832,8190,3904,4286,4680,2272,2408,1170,564,606,
29265,4682,2276,2406,8192,4024,4168,9362,4530,4832,8192,3906,4286,4680,2272,2408,1170,564,606,
29270,4683,2277,2406,8194,4026,4168,9365,4530,4835,8193,3907,4286,4681,2273,2408,1170,564,606,
29275,4683,2277,2406,8195,4026,4169,9365,4530,4835,8194,3908,4286,4681,2273,2408,1171,565,606,
29280,4684,2277,2407,8196,4026,4170,9366,4530,4836,8195,3908,4287,4683,2275,2408,1171,565,606,
29285,4685,2277,2408,8198,4028,4170,9369,4531,4838,8197,3909,4288,4684,2276,2408,1171,565,606,
29290,4686,2278,2408,8199,4029,4170,9370,4532,4838,8199,3909,4290,4684,2276,2408,1171,565,606,
29295,4687,2278,2409,8201,4029,4172,9373,4533,4840,8200,3909,4291,4685,2276,2409,1171,565,606,
29300,4687,2278,2409,8202,4029,4173,9373,4533,4840,8201,3910,4291,4685,2276,2409,1172,566,606,
29305,4688,2279,2409,8203,4029,4174,9374,4534,4840,8202,3910,4292,4687,2276,2411,1172,566,606,
29310,4689,2280,2409,8205,4030,4175,9377,4535,4842,8204,3911,4293,4688,2277,2411,1172,566,606,
29315,4690,2281,2409,8206,4030,4176,9378,4535,4843,8206,3911,4295,4688,2277,2411,1172,566,606,
29320,4691,2281,2410,8208,4030,4178,9381,4536,4845,8207,3911,4296,4689,2278,2411,1172,566,606,
29325,4691,2281,2410,8209,4031,4178,9381,4536,4845,8208,3912,4296,4689,2278,2411,1173,566,607,
29330,4692,2281,2411,8210,4031,4179,9382,4537,4845,8209,3912,4297,4691,2279,2412,1173,566,607,
29335,4693,2282,2411,8212,4032,4180,9385,4537,4848,8211,3914,4297,4692,2279,2413,1173,566,607,
29340,4694,2283,2411,8213,4033,4180,9386,4538,4848,8213,3915,4298,4692,2279,2413,1173,566,607,
29345,4695,2283,2412,8215,4034,4181,9389,4539,4850,8214,3916,4298,4693,2280,2413,1173,566,607,
29350,4695,2283,2412,8216,4035,4181,9389,4539,4850,8215,3917,4298,4693,2280,2413,1174,566,608,
29355,4696,2283,2413,8217,4036,4181,9390,4539,4851,8216,3918,4298,4695,2282,2413,1174,566,608,
29360,4697,2284,2413,8219,4036,4183,9393,4540,4853,8218,3920,4298,4696,2282,2414,1174,566,608,
29365,4698,2285,2413,8220,4036,4184,9394,4540,4854,8220,3920,4300,4696,2282,2414,1174,566,608,
29370,4699,2286,2413,8222,4037,4185,9397,4541,4856,8221,3921,4300,4697,2283,2414,1174,566,608,
29375,4699,2286,2413,8223,4038,4185,9397,4541,4856,8222,3921,4301,4697,2283,2414,1175,566,609,
29380,4700,2286,2414,8224,4038,4186,9398,4542,4856,8223,3922,4301,4699,2285,2414,1175,566,609,
29385,4701,2286,2415,8226,4040,4186,9401,4543,4858,8225,3924,4301,4700,2286,2414,1175,566,609,
29390,4702,2287,2415,8227,4040,4187,9402,4543,4859,8227,3925,4302,4700,2286,2414,1175,566,609,
29395,4703,2287,2416,8229,4041,4188,9405,4544,4861,8228,3925,4303,4701,2287,2414,1175,566,609,
29400,4703,2287,2416,8230,4041,4189,9405,4544,4861,8229,3925,4304,4701,2287,2414,1176,567,609,
29405,4704,2287,2417,8231,4041,4190,9406,4544,4862,8230,3925,4305,4703,2287,2416,1176,567,609,
29410,4705,2287,2418,8233,4041,4192,9409,4546,4863,8232,3925,4307,4704,2287,2417,1176,567,609,
29415,4706,2287,2419,8234,4042,4192,9410,4547,4863,8234,3927,4307,4704,2287,2417,1176,567,609,
29420,4707,2288,2419,8236,4042,4194,9413,4548,4865,8235,3928,4307,4705,2287,2418,1176,567,609,
29425,4707,2288,2419,8237,4042,4195,9413,4548,4865,8236,3929,4307,4705,2287,2418,1177,568,609,
29430,4708,2288,2420,8238,4043,4195,9414,4548,4866,8237,3929,4308,4707,2287,2420,1177,568,609,
29435,4709,2288,2421,8240,4044,4196,9417,4550,4867,8239,3930,4309,4708,2288,2420,1177,568,609,
29440,4710,2288,2422,8241,4045,4196,9418,4551,4867,8241,3931,4310,4708,2288,2420,1177,568,609,
29445,4711,2288,2423,8243,4047,4196,9421,4552,4869,8242,3931,4311,4709,2288,2421,1177,568,609,
29450,4711,2288,2423,8244,4048,4196,9421,4552,4869,8243,3932,4311,4709,2288,2421,1178,568,610,
29455,4712,2288,2424,8245,4048,4197,9422,4552,4870,8244,3933,4311,4711,2289,2422,1178,568,610,
29460,4713,2289,2424,8247,4048,4199,9425,4555,4870,8246,3934,4312,4712,2290,2422,1178,568,610,
29465,4714,2290,2424,8248,4049,4199,9426,4555,4871,8248,3934,4314,4712,2290,2422,1178,568,610,
29470,4715,2291,2424,8250,4050,4200,9429,4556,4873,8249,3935,4314,4713,2291,2422,1178,568,610,
29475,4715,2291,2424,8251,4051,4200,9429,4556,4873,8250,3936,4314,4713,2291,2422,1179,568,611,
29480,4716,2291,2425,8252,4051,4201,9430,4557,4873,8251,3937,4314,4715,2291,2424,1179,568,611,
29485,4717,2291,2426,8254,4052,4202,9433,4559,4874,8253,3937,4316,4716,2291,2425,1179,568,611,
29490,4718,2292,2426,8255,4052,4203,9434,4559,4875,8255,3938,4317,4716,2291,2425,1179,568,611,
29495,4719,2292,2427,8257,4052,4205,9437,4562,4875,8256,3938,4318,4717,2292,2425,1179,568,611,
29500,4719,2292,2427,8258,4052,4206,9437,4562,4875,8257,3938,4319,4717,2292,2425,1180,568,612,
29505,4720,2292,2428,8259,4053,4206,9438,4563,4875,8258,3939,4319,4719,2292,2427,1180,568,612,
29510,4721,2292,2429,8261,4054,4207,9441,4564,4877,8260,3940,4320,4720,2293,2427,1180,568,612,
29515,4722,2292,2430,8262,4054,4208,9442,4565,4877,8262,3941,4321,4720,2293,2427,1180,568,612,
29520,4723,2292,2431,8264,4055,4209,9445,4566,4879,8263,3942,4321,4721,2294,2427,1180,568,612,
29525,4723,2292,2431,8265,4056,4209,9445,4566,4879,8264,3943,4321,4721,2294,2427,1181,568,613,
29530,4724,2292,2432,8266,4056,4210,9446,4567,4879,8265,3944,4321,4723,2295,2428,1181,568,613,
29535,4725,2292,2433,8268,4056,4212,9449,4569,4880,8267,3945,4322,4724,2296,2428,1181,568,613,
29540,4726,2293,2433,8269,4056,4213,9450,4569,4881,8269,3945,4324,4724,2296,2428,1181,568,613,
29545,4727,2294,2433,8271,4056,4215,9453,4570,4883,8270,3946,4324,4725,2296,2429,1181,568,613,
29550,4727,2294,2433,8272,4057,4215,9453,4570,4883,8271,3946,4325,4725,2296,2429,1182,568,614,
29555,4728,2294,2434,8273,4057,4216,9454,4570,4884,8272,3947,4325,4727,2296,2431,1182,568,614,
29560,4729,2295,2434,8275,4057,4218,9457,4571,4886,8274,3947,4327,4728,2297,2431,1182,568,614,
29565,4730,2296,2434,8276,4058,4218,9458,4572,4886,8276,3948,4328,4728,2297,2431,1182,568,614,
29570,4731,2297,2434,8278,4059,4219,9461,4574,4887,8277,3948,4329,4729,2297,2432,1182,568,614,
29575,4731,2297,2434,8279,4059,4220,9461,4574,4887,8278,3949,4329,4729,2297,2432,1183,568,615,
29580,4732,2297,2435,8280,4060,4220,9462,4575,4887,8279,3950,4329,4731,2298,2433,1183,568,615,
29585,4733,2297,2436,8282,4061,4221,9465,4576,4889,8281,3950,4331,4732,2299,2433,1183,568,615,
29590,4734,2297,2437,8283,4061,4222,9466,4576,4890,8283,3952,4331,4732,2299,2433,1183,568,615,
29595,4735,2297,2438,8285,4061,4224,9469,4579,4890,8284,3953,4331,4733,2300,2433,1183,568,615,
29600,4735,2297,2438,8286,4061,4225,9469,4579,4890,8285,3953,4332,4733,2300,2433,1184,568,616,
29605,4736,2298,2438,8287,4062,4225,9470,4580,4890,8286,3954,4332,4735,2301,2434,1184,568,616,
29610,4737,2299,2438,8289,4063,4226,9473,4582,4891,8288,3954,4334,4736,2301,2435,1184,568,616,
29615,4738,2300,2438,8290,4063,4227,9474,4582,4892,8290,3954,4336,4736,2301,2435,1184,568,616,
29620,4739,2301,2438,8292,4064,4228,9477,4582,4895,8291,3954,4337,4737,2302,2435,1184,568,616,
29625,4739,2301,2438,8293,4064,4229,9477,4582,4895,8292,3954,4338,4737,2302,2435,1185,568,617,
29630,4740,2302,2438,8294,4065,4229,9478,4582,4896,8293,3954,4339,4739,2303,2436,1185,568,617,
29635,4741,2303,2438,8296,4066,4230,9481,4585,4896,8295,3954,4341,4740,2303,2437,1185,568,617,
29640,4742,2303,2439,8297,4066,4231,9482,4586,4896,8297,3956,4341,4740,2303,2437,1185,568,617,
29645,4743,2303,2440,8299,4068,4231,9485,4586,4899,8298,3957,4341,4741,2304,2437,1185,568,617,
29650,4743,2303,2440,8300,4068,4232,9485,4586,4899,8299,3957,4342,4741,2304,2437,1186,569,617,
29655,4744,2304,2440,8301,4069,4232,9486,4586,4900,8300,3957,4343,4743,2305,2438,1186,569,617,
29660,4745,2304,2441,8303,4069,4234,9489,4588,4901,8302,3958,4344,4744,2305,2439,1186,569,617,
29665,4746,2305,2441,8304,4070,4234,9490,4588,4902,8304,3959,4345,4744,2305,2439,1186,569,617,
29670,4747,2306,2441,8306,4072,4234,9493,4588,4905,8305,3959,4346,4745,2305,2440,1186,569,617,
29675,4747,2306,2441,8307,4073,4234,9493,4588,4905,8306,3960,4346,4745,2305,2440,1187,570,617,
29680,4748,2307,2441,8308,4074,4234,9494,4588,4906,8307,3961,4346,4747,2307,2440,1187,570,617,
29685,4749,2308,2441,8310,4076,4234,9497,4589,4908,8309,3962,4347,4748,2307,2441,1187,570,617,
29690,4750,2309,2441,8311,4077,4234,9498,4589,4909,8311,3962,4349,4748,2307,2441,1187,570,617,
29695,4751,2310,2441,8313,4079,4234,9501,4589,4912,8312,3962,4350,4749,2307,2442,1187,570,617,
29700,4751,2310,2441,8314,4080,4234,9501,4589,4912,8313,3962,4351,4749,2307,2442,1188,571,617,
29705,4752,2310,2442,8315,4080,4235,9502,4589,4913,8314,3963,4351,4751,2309,2442,1188,571,617,
29710,4753,2311,2442,8317,4080,4237,9505,4590,4915,8316,3963,4353,4752,2309,2443,1188,571,617,
29715,4754,2312,2442,8318,4081,4237,9506,4590,4916,8318,3963,4355,4752,2309,2443,1188,571,617,
29720,4755,2312,2443,8320,4082,4238,9509,4592,4917,8319,3963,4356,4753,2309,2444,1188,571,617,
29725,4755,2312,2443,8321,4082,4239,9509,4592,4917,8320,3963,4357,4753,2309,2444,1189,572,617,
29730,4756,2313,2443,8322,4082,4240,9510,4592,4918,8321,3964,4357,4755,2310,2445,1189,572,617,
29735,4757,2314,2443,8324,4083,4241,9513,4595,4918,8323,3965,4358,4756,2310,2446,1189,572,617,
29740,4758,2314,2444,8325,4083,4242,9514,4595,4919,8325,3966,4359,4756,2310,2446,1189,572,617,
29745,4759,2314,2445,8327,4085,4242,9517,4596,4921,8326,3967,4359,4757,2310,2447,1189,572,617,
29750,4759,2314,2445,8328,4085,4243,9517,4596,4921,8327,3968,4359,4757,2310,2447,1190,572,618,
29755,4760,2314,2446,8329,4086,4243,9518,4597,4921,8328,3969,4359,4759,2310,2449,1190,572,618,
29760,4761,2314,2447,8331,4087,4244,9521,4598,4923,8330,3969,4361,4760,2311,2449,1190,572,618,
29765,4762,2315,2447,8332,4088,4244,9522,4598,4924,8332,3970,4362,4760,2311,2449,1190,572,618,
29770,4763,2316,2447,8334,4089,4245,9525,4600,4925,8333,3970,4363,4761,2312,2449,1190,572,618,
29775,4763,2316,2447,8335,4089,4246,9525,4600,4925,8334,3970,4364,4761,2312,2449,1191,572,619,
29780,4764,2316,2448,8336,4089,4247,9526,4601,4925,8335,3971,4364,4763,2314,2449,1191,572,619,
29785,4765,2317,2448,8338,4090,4248,9529,4602,4927,8337,3972,4365,4764,2314,2450,1191,572,619,
29790,4766,2318,2448,8339,4091,4248,9530,4602,4928,8339,3972,4367,4764,2314,2450,1191,572,619,
29795,4767,2318,2449,8341,4091,4250,9533,4603,4930,8340,3972,4368,4765,2315,2450,1191,572,619,
29800,4767,2318,2449,8342,4091,4251,9533,4603,4930,8341,3972,4369,4765,2315,2450,1192,572,620,
29805,4768,2319,2449,8343,4092,4251,9534,4604,4930,8342,3973,4369,4767,2315,2452,1192,572,620,
29810,4769,2319,2450,8345,4092,4253,9537,4606,4931,8344,3973,4371,4768,2316,2452,1192,572,620,
29815,4770,2320,2450,8346,4092,4254,9538,4607,4931,8346,3975,4371,4768,2316,2452,1192,572,620,
29820,4771,2321,2450,8348,4093,4255,9541,4608,4933,8347,3975,4372,4769,2316,2453,1192,572,620,
29825,4771,2321,2450,8349,4094,4255,9541,4608,4933,8348,3975,4373,4769,2316,2453,1193,573,620,
29830,4772,2321,2451,8350,4094,4256,9542,4608,4934,8349,3976,4373,4771,2317,2454,1193,573,620,
29835,4773,2321,2452,8352,4094,4258,9545,4609,4936,8351,3976,4375,4772,2318,2454,1193,573,620,
29840,4774,2321,2453,8353,4095,4258,9546,4610,4936,8353,3977,4376,4772,2318,2454,1193,573,620,
29845,4775,2322,2453,8355,4095,4260,9549,4611,4938,8354,3977,4377,4773,2319,2454,1193,573,620,
29850,4775,2322,2453,8356,4096,4260,9549,4611,4938,8355,3977,4378,4773,2319,2454,1194,573,621,
29855,4776,2323,2453,8357,4097,4260,9550,4612,4938,8356,3978,4378,4775,2320,2455,1194,573,621,
29860,4777,2324,2453,8359,4099,4260,9553,4612,4941,8358,3979,4379,4776,2320,2456,1194,573,621,
29865,4778,2324,2454,8360,4099,4261,9554,4613,4941,8360,3979,4381,4776,2320,2456,1194,573,621,
29870,4779,2325,2454,8362,4101,4261,9557,4615,4942,8361,3979,4382,4777,2321,2456,1194,573,621,
29875,4779,2325,2454,8363,4102,4261,9557,4615,4942,8362,3980,4382,4777,2321,2456,1195,574,621,
29880,4780,2325,2455,8364,4102,4262,9558,4615,4943,8363,3981,4382,4779,2322,2457,1195,574,621,
29885,4781,2325,2456,8366,4103,4263,9561,4615,4946,8365,3982,4383,4780,2322,2458,1195,574,621,
29890,4782,2326,2456,8367,4104,4263,9562,4615,4947,8367,3984,4383,4780,2322,2458,1195,574,621,
29895,4783,2327,2456,8369,4105,4264,9565,4617,4948,8368,3985,4383,4781,2322,2459,1195,574,621,
29900,4783,2327,2456,8370,4106,4264,9565,4617,4948,8369,3986,4383,4781,2322,2459,1196,575,621,
29905,4784,2328,2456,8371,4106,4265,9566,4617,4949,8370,3987,4383,4783,2323,2460,1196,575,621,
29910,4785,2328,2457,8373,4106,4267,9569,4620,4949,8372,3989,4383,4784,2323,2461,1196,575,621,
29915,4786,2328,2458,8374,4107,4267,9570,4620,4950,8374,3991,4383,4784,2323,2461,1196,575,621,
29920,4787,2328,2459,8376,4108,4268,9573,4621,4952,8375,3991,4384,4785,2324,2461,1196,575,621,
29925,4787,2328,2459,8377,4108,4269,9573,4621,4952,8376,3992,4384,4785,2324,2461,1197,575,622,
29930,4788,2328,2460,8378,4109,4269,9574,4622,4952,8377,3992,4385,4787,2325,2462,1197,575,622,
29935,4789,2329,2460,8380,4109,4271,9577,4623,4954,8379,3993,4386,4788,2326,2462,1197,575,622,
29940,4790,2329,2461,8381,4109,4272,9578,4624,4954,8381,3995,4386,4788,2326,2462,1197,575,622,
29945,4791,2330,2461,8383,4110,4273,9581,4626,4955,8382,3995,4387,4789,2326,2463,1197,575,622,
29950,4791,2330,2461,8384,4110,4274,9581,4626,4955,8383,3995,4388,4789,2326,2463,1198,575,623,
29955,4792,2331,2461,8385,4110,4275,9582,4627,4955,8384,3995,4389,4791,2326,2465,1198,575,623,
29960,4793,2331,2462,8387,4112,4275,9585,4629,4956,8386,3996,4390,4792,2326,2466,1198,575,623,
29965,4794,2331,2463,8388,4112,4276,9586,4629,4957,8388,3997,4391,4792,2326,2466,1198,575,623,
29970,4795,2332,2463,8390,4113,4277,9589,4632,4957,8389,3997,4392,4793,2327,2466,1198,575,623,
29975,4795,2332,2463,8391,4113,4278,9589,4632,4957,8390,3997,4393,4793,2327,2466,1199,576,623,
29980,4796,2332,2464,8392,4113,4279,9590,4633,4957,8391,3998,4393,4795,2327,2468,1199,576,623,
29985,4797,2332,2465,8394,4113,4281,9593,4635,4958,8393,3998,4395,4796,2327,2469,1199,576,623,
29990,4798,2332,2466,8395,4114,4281,9594,4636,4958,8395,3998,4397,4796,2327,2469,1199,576,623,
29995,4799,2332,2467,8397,4115,4282,9597,4638,4959,8396,3998,4398,4797,2327,2470,1199,576,623,
30000,4799,2332,2467,8398,4116,4282,9597,4638,4959,8397,3999,4398,4797,2327,2470,1200,576,624,
30005,4800,2333,2467,8399,4116,4283,9598,4638,4960,8398,4000,4398,4799,2327,2472,1200,576,624,
30010,4801,2333,2468,8401,4116,4285,9601,4640,4961,8400,4000,4400,4800,2327,2473,1200,576,624,
30015,4802,2333,2469,8402,4117,4285,9602,4640,4962,8402,4000,4402,4800,2327,2473,1200,576,624,
30020,4803,2333,2470,8404,4117,4287,9605,4641,4964,8403,4001,4402,4801,2328,2473,1200,576,624,
30025,4803,2333,2470,8405,4117,4288,9605,4641,4964,8404,4001,4403,4801,2328,2473,1201,576,625,
30030,4804,2333,2471,8406,4117,4289,9606,4642,4964,8405,4002,4403,4803,2329,2474,1201,576,625,
30035,4805,2333,2472,8408,4118,4290,9609,4644,4965,8407,4003,4404,4804,2330,2474,1201,576,625,
30040,4806,2333,2473,8409,4119,4290,9610,4645,4965,8409,4003,4406,4804,2330,2474,1201,576,625,
30045,4807,2334,2473,8411,4120,4291,9613,4646,4967,8410,4004,4406,4805,2331,2474,1201,576,625,
30050,4807,2334,2473,8412,4120,4292,9613,4646,4967,8411,4004,4407,4805,2331,2474,1202,577,625,
30055,4808,2334,2474,8413,4120,4293,9614,4646,4968,8412,4004,4408,4807,2332,2475,1202,577,625,
30060,4809,2335,2474,8415,4122,4293,9617,4647,4970,8414,4005,4409,4808,2333,2475,1202,577,625,
30065,4810,2336,2474,8416,4122,4294,9618,4647,4971,8416,4007,4409,4808,2333,2475,1202,577,625,
30070,4811,2336,2475,8418,4124,4294,9621,4648,4973,8417,4007,4410,4809,2333,2476,1202,577,625,
30075,4811,2336,2475,8419,4125,4294,9621,4648,4973,8418,4007,4411,4809,2333,2476,1203,578,625,
30080,4812,2337,2475,8420,4125,4295,9622,4649,4973,8419,4008,4411,4811,2335,2476,1203,578,625,
30085,4813,2337,2476,8422,4126,4296,9625,4651,4974,8421,4008,4413,4812,2336,2476,1203,578,625,
30090,4814,2338,2476,8423,4126,4297,9626,4652,4974,8423,4009,4414,4812,2336,2476,1203,578,625,
30095,4815,2338,2477,8425,4128,4297,9629,4654,4975,8424,4010,4414,4813,2337,2476,1203,578,625,
30100,4815,2338,2477,8426,4128,4298,9629,4654,4975,8425,4010,4415,4813,2337,2476,1204,579,625,
30105,4816,2339,2477,8427,4129,4298,9630,4655,4975,8426,4010,4416,4815,2338,2477,1204,579,625,
30110,4817,2339,2478,8429,4130,4299,9633,4657,4976,8428,4012,4416,4816,2338,2478,1204,579,625,
30115,4818,2339,2479,8430,4130,4300,9634,4657,4977,8430,4013,4417,4816,2338,2478,1204,579,625,
30120,4819,2339,2480,8432,4132,4300,9637,4659,4978,8431,4014,4417,4817,2338,2479,1204,579,625,
30125,4819,2339,2480,8433,4133,4300,9637,4659,4978,8432,4015,4417,4817,2338,2479,1205,580,625,
30130,4820,2339,2481,8434,4133,4301,9638,4659,4979,8433,4016,4417,4819,2340,2479,1205,580,625,
30135,4821,2340,2481,8436,4134,4302,9641,4662,4979,8435,4017,4418,4820,2340,2480,1205,580,625,
30140,4822,2341,2481,8437,4134,4303,9642,4663,4979,8437,4019,4418,4820,2340,2480,1205,580,625,
30145,4823,2342,2481,8439,4135,4304,9645,4664,4981,8438,4020,4418,4821,2340,2481,1205,580,625,
30150,4823,2342,2481,8440,4136,4304,9645,4664,4981,8439,4021,4418,4821,2340,2481,1206,580,626,
30155,4824,2343,2481,8441,4136,4305,9646,4664,4982,8440,4022,4418,4823,2342,2481,1206,580,626,
30160,4825,2344,2481,8443,4136,4307,9649,4666,4983,8442,4023,4419,4824,2342,2482,1206,580,626,
30165,4826,2344,2482,8444,4136,4308,9650,4667,4983,8444,4024,4420,4824,2342,2482,1206,580,626,
30170,4827,2344,2483,8446,4138,4308,9653,4669,4984,8445,4025,4420,4825,2343,2482,1206,580,626,
30175,4827,2344,2483,8447,4139,4308,9653,4669,4984,8446,4025,4421,4825,2343,2482,1207,580,627,
30180,4828,2345,2483,8448,4139,4309,9654,4669,4985,8447,4026,4421,4827,2344,2483,1207,580,627,
30185,4829,2346,2483,8450,4139,4311,9657,4670,4987,8449,4027,4422,4828,2344,2484,1207,580,627,
30190,4830,2346,2484,8451,4140,4311,9658,4671,4987,8451,4028,4423,4828,2344,2484,1207,580,627,
30195,4831,2346,2485,8453,4142,4311,9661,4673,4988,8452,4029,4423,4829,2344,2485,1207,580,627,
30200,4831,2346,2485,8454,4142,4312,9661,4673,4988,8453,4030,4423,4829,2344,2485,1208,581,627,
30205,4832,2347,2485,8455,4142,4313,9662,4674,4988,8454,4031,4423,4831,2344,2487,1208,581,627,
30210,4833,2347,2486,8457,4143,4314,9665,4675,4990,8456,4032,4424,4832,2344,2488,1208,581,627,
30215,4834,2348,2486,8458,4144,4314,9666,4676,4990,8458,4033,4425,4832,2344,2488,1208,581,627,
30220,4835,2348,2487,8460,4145,4315,9669,4677,4992,8459,4034,4425,4833,2344,2489,1208,581,627,
30225,4835,2348,2487,8461,4145,4316,9669,4677,4992,8460,4034,4426,4833,2344,2489,1209,581,628,
30230,4836,2349,2487,8462,4145,4317,9670,4678,4992,8461,4034,4427,4835,2345,2490,1209,581,628,
30235,4837,2349,2488,8464,4145,4319,9673,4678,4995,8463,4035,4428,4836,2345,2491,1209,581,628,
30240,4838,2350,2488,8465,4146,4319,9674,4678,4996,8465,4035,4430,4836,2345,2491,1209,581,628,
30245,4839,2351,2488,8467,4146,4321,9677,4679,4998,8466,4035,4431,4837,2345,2492,1209,581,628,
30250,4839,2351,2488,8468,4146,4322,9677,4679,4998,8467,4036,4431,4837,2345,2492,1210,581,629,
30255,4840,2351,2489,8469,4146,4323,9678,4679,4999,8468,4037,4431,4839,2345,2494,1210,581,629,
30260,4841,2351,2490,8471,4148,4323,9681,4680,5001,8470,4037,4433,4840,2345,2495,1210,581,629,
30265,4842,2351,2491,8472,4148,4324,9682,4680,5002,8472,4038,4434,4840,2345,2495,1210,581,629,
30270,4843,2351,2492,8474,4150,4324,9685,4681,5004,8473,4038,4435,4841,2346,2495,1210,581,629,
30275,4843,2351,2492,8475,4150,4325,9685,4681,5004,8474,4038,4436,4841,2346,2495,1211,581,630,
30280,4844,2351,2493,8476,4151,4325,9686,4682,5004,8475,4038,4437,4843,2348,2495,1211,581,630,
30285,4845,2352,2493,8478,4152,4326,9689,4683,5006,8477,4040,4437,4844,2348,2496,1211,581,630,
30290,4846,2353,2493,8479,4153,4326,9690,4684,5006,8479,4041,4438,4844,2348,2496,1211,581,630,
30295,4847,2354,2493,8481,4154,4327,9693,4686,5007,8480,4042,4438,4845,2348,2497,1211,581,630,
30300,4847,2354,2493,8482,4155,4327,9693,4686,5007,8481,4043,4438,4845,2348,2497,1212,582,630,
30305,4848,2354,2494,8483,4155,4328,9694,4686,5008,8482,4043,4439,4847,2350,2497,1212,582,630,
30310,4849,2354,2495,8485,4156,4329,9697,4687,5010,8484,4044,4440,4848,2351,2497,1212,582,630,
30315,4850,2355,2495,8486,4156,4330,9698,4688,5010,8486,4046,4440,4848,2351,2497,1212,582,630,
30320,4851,2356,2495,8488,4157,4331,9701,4689,5012,8487,4047,4440,4849,2351,2498,1212,582,630,
30325,4851,2356,2495,8489,4158,4331,9701,4689,5012,8488,4048,4440,4849,2351,2498,1213,583,630,
30330,4852,2356,2496,8490,4159,4331,9702,4690,5012,8489,4048,4441,4851,2352,2499,1213,583,630,
30335,4853,2356,2497,8492,4159,4333,9705,4690,5015,8491,4050,4441,4852,2353,2499,1213,583,630,
30340,4854,2357,2497,8493,4160,4333,9706,4691,5015,8493,4050,4443,4852,2353,2499,1213,583,630,
30345,4855,2357,2498,8495,4161,4334,9709,4692,5017,8494,4051,4443,4853,2353,2500,1213,583,630,
30350,4855,2357,2498,8496,4162,4334,9709,4692,5017,8495,4052,4443,4853,2353,2500,1214,583,631,
30355,4856,2358,2498,8497,4163,4334,9710,4692,5018,8496,4052,4444,4855,2353,2502,1214,583,631,
30360,4857,2359,2498,8499,4163,4336,9713,4693,5020,8498,4053,4445,4856,2354,2502,1214,583,631,
30365,4858,2360,2498,8500,4163,4337,9714,4694,5020,8500,4053,4447,4856,2354,2502,1214,583,631,
30370,4859,2360,2499,8502,4163,4339,9717,4695,5022,8501,4053,4448,4857,2355,2502,1214,583,631,
30375,4859,2360,2499,8503,4163,4340,9717,4695,5022,8502,4054,4448,4857,2355,2502,1215,584,631,
30380,4860,2361,2499,8504,4164,4340,9718,4695,5023,8503,4055,4448,4859,2356,2503,1215,584,631,
30385,4861,2361,2500,8506,4164,4342,9721,4698,5023,8505,4057,4448,4860,2356,2504,1215,584,631,
30390,4862,2361,2501,8507,4164,4343,9722,4699,5023,8507,4058,4449,4860,2356,2504,1215,584,631,
30395,4863,2362,2501,8509,4166,4343,9725,4701,5024,8508,4058,4450,4861,2356,2505,1215,584,631,
30400,4863,2362,2501,8510,4166,4344,9725,4701,5024,8509,4058,4451,4861,2356,2505,1216,584,632,
30405,4864,2363,2501,8511,4167,4344,9726,4702,5024,8510,4059,4451,4863,2357,2506,1216,584,632,
30410,4865,2364,2501,8513,4167,4346,9729,4702,5027,8512,4059,4453,4864,2358,2506,1216,584,632,
30415,4866,2365,2501,8514,4168,4346,9730,4702,5028,8514,4059,4455,4864,2358,2506,1216,584,632,
30420,4867,2365,2502,8516,4169,4347,9733,4703,5030,8515,4059,4456,4865,2359,2506,1216,584,632,
30425,4867,2365,2502,8517,4170,4347,9733,4703,5030,8516,4059,4457,4865,2359,2506,1217,584,633,
30430,4868,2366,2502,8518,4170,4348,9734,4704,5030,8517,4059,4458,4867,2360,2507,1217,584,633,
30435,4869,2367,2502,8520,4171,4349,9737,4706,5031,8519,4060,4459,4868,2361,2507,1217,584,633,
30440,4870,2368,2502,8521,4171,4350,9738,4706,5032,8521,4062,4459,4868,2361,2507,1217,584,633,
30445,4871,2369,2502,8523,4173,4350,9741,4708,5033,8522,4062,4460,4869,2361,2508,1217,584,633,
30450,4871,2369,2502,8524,4174,4350,9741,4708,5033,8523,4062,4461,4869,2361,2508,1218,584,634,
30455,4872,2370,2502,8525,4174,4351,9742,4709,5033,8524,4063,4461,4871,2362,2509,1218,584,634,
30460,4873,2370,2503,8527,4174,4353,9745,4710,5035,8526,4064,4462,4872,2363,2509,1218,584,634,
30465,4874,2370,2504,8528,4174,4354,9746,4711,5035,8528,4065,4463,4872,2363,2509,1218,584,634,
30470,4875,2371,2504,8530,4175,4355,9749,4713,5036,8529,4066,4463,4873,2363,2510,1218,584,634,
30475,4875,2371,2504,8531,4176,4355,9749,4713,5036,8530,4067,4463,4873,2363,2510,1219,585,634,
30480,4876,2372,2504,8532,4177,4355,9750,4713,5037,8531,4067,4464,4875,2365,2510,1219,585,634,
30485,4877,2373,2504,8534,4179,4355,9753,4713,5040,8533,4067,4466,4876,2366,2510,1219,585,634,
30490,4878,2373,2505,8535,4180,4355,9754,4713,5041,8535,4067,4468,4876,2366,2510,1219,585,634,
30495,4879,2373,2506,8537,4181,4356,9757,4715,5042,8536,4067,4469,4877,2367,2510,1219,585,634,
30500,4879,2373,2506,8538,4182,4356,9757,4715,5042,8537,4067,4470,4877,2367,2510,1220,585,635,
30505,4880,2373,2507,8539,4183,4356,9758,4716,5042,8538,4067,4471,4879,2368,2511,1220,585,635,
30510,4881,2373,2508,8541,4184,4357,9761,4716,5045,8540,4068,4472,4880,2369,2511,1220,585,635,
30515,4882,2374,2508,8542,4184,4358,9762,4717,5045,8542,4069,4473,4880,2369,2511,1220,585,635,
30520,4883,2375,2508,8544,4185,4359,9765,4719,5046,8543,4070,4473,4881,2370,2511,1220,585,635,
30525,4883,2375,2508,8545,4186,4359,9765,4719,5046,8544,4070,4474,4881,2370,2511,1221,585,636,
30530,4884,2375,2509,8546,4186,4360,9766,4720,5046,8545,4071,4474,4883,2370,2513,1221,585,636,
30535,4885,2376,2509,8548,4187,4361,9769,4721,5048,8547,4072,4475,4884,2370,2514,1221,585,636,
30540,4886,2377,2509,8549,4188,4361,9770,4721,5049,8549,4073,4476,4884,2370,2514,1221,585,636,
30545,4887,2377,2510,8551,4188,4363,9773,4722,5051,8550,4073,4477,4885,2371,2514,1221,585,636,
30550,4887,2377,2510,8552,4189,4363,9773,4722,5051,8551,4073,4478,4885,2371,2514,1222,586,636,
30555,4888,2378,2510,8553,4189,4364,9774,4723,5051,8552,4074,4478,4887,2372,2515,1222,586,636,
30560,4889,2378,2511,8555,4190,4365,9777,4725,5052,8554,4075,4479,4888,2372,2516,1222,586,636,
30565,4890,2378,2512,8556,4191,4365,9778,4725,5053,8556,4075,4481,4888,2372,2516,1222,586,636,
30570,4891,2379,2512,8558,4191,4367,9781,4727,5054,8557,4075,4482,4889,2373,2516,1222,586,636,
30575,4891,2379,2512,8559,4191,4368,9781,4727,5054,8558,4076,4482,4889,2373,2516,1223,587,636,
30580,4892,2380,2512,8560,4192,4368,9782,4727,5055,8559,4076,4483,4891,2373,2518,1223,587,636,
30585,4893,2381,2512,8562,4193,4369,9785,4729,5056,8561,4077,4484,4892,2374,2518,1223,587,636,
30590,4894,2381,2513,8563,4194,4369,9786,4729,5057,8563,4077,4486,4892,2374,2518,1223,587,636,
30595,4895,2382,2513,8565,4196,4369,9789,4731,5058,8564,4077,4487,4893,2375,2518,1223,587,636,
30600,4895,2382,2513,8566,4196,4370,9789,4731,5058,8565,4077,4488,4893,2375,2518,1224,587,637,
30605,4896,2383,2513,8567,4196,4371,9790,4732,5058,8566,4077,4489,4895,2376,2519,1224,587,637,
30610,4897,2383,2514,8569,4197,4372,9793,4734,5059,8568,4078,4490,4896,2377,2519,1224,587,637,
30615,4898,2383,2515,8570,4197,4373,9794,4734,5060,8570,4079,4491,4896,2377,2519,1224,587,637,
30620,4899,2383,2516,8572,4198,4374,9797,4736,5061,8571,4079,4492,4897,2378,2519,1224,587,637,
30625,4899,2383,2516,8573,4199,4374,9797,4736,5061,8572,4079,4493,4897,2378,2519,1225,588,637,
30630,4900,2384,2516,8574,4200,4374,9798,4737,5061,8573,4079,4494,4899,2378,2521,1225,588,637,
30635,4901,2384,2517,8576,4201,4375,9801,4738,5063,8575,4080,4495,4900,2379,2521,1225,588,637,
30640,4902,2385,2517,8577,4201,4376,9802,4738,5064,8577,4080,4497,4900,2379,2521,1225,588,637,
30645,4903,2386,2517,8579,4202,4377,9805,4741,5064,8578,4081,4497,4901,2380,2521,1225,588,637,
30650,4903,2386,2517,8580,4202,4378,9805,4741,5064,8579,4081,4498,4901,2380,2521,1226,588,638,
30655,4904,2386,2518,8581,4203,4378,9806,4742,5064,8580,4081,4499,4903,2381,2522,1226,588,638,
30660,4905,2387,2518,8583,4204,4379,9809,4743,5066,8582,4082,4500,4904,2382,2522,1226,588,638,
30665,4906,2387,2519,8584,4204,4380,9810,4744,5066,8584,4083,4501,4904,2382,2522,1226,588,638,
30670,4907,2388,2519,8586,4205,4381,9813,4745,5068,8585,4083,4502,4905,2383,2522,1226,588,638,
30675,4907,2388,2519,8587,4206,4381,9813,4745,5068,8586,4084,4502,4905,2383,2522,1227,589,638,
30680,4908,2388,2520,8588,4207,4381,9814,4746,5068,8587,4085,4502,4907,2385,2522,1227,589,638,
30685,4909,2389,2520,8590,4208,4382,9817,4748,5069,8589,4086,4503,4908,2385,2523,1227,589,638,
30690,4910,2390,2520,8591,4209,4382,9818,4749,5069,8591,4087,4504,4908,2385,2523,1227,589,638,
30695,4911,2390,2521,8593,4210,4383,9821,4749,5072,8592,4087,4505,4909,2386,2523,1227,589,638,
30700,4911,2390,2521,8594,4211,4383,9821,4749,5072,8593,4088,4505,4909,2386,2523,1228,590,638,
30705,4912,2390,2522,8595,4211,4384,9822,4750,5072,8594,4088,4506,4911,2388,2523,1228,590,638,
30710,4913,2391,2522,8597,4211,4386,9825,4751,5074,8596,4088,4508,4912,2388,2524,1228,590,638,
30715,4914,2392,2522,8598,4211,4387,9826,4752,5074,8598,4090,4508,4912,2388,2524,1228,590,638,
30720,4915,2393,2522,8600,4213,4387,9829,4754,5075,8599,4091,4508,4913,2388,2525,1228,590,638,
30725,4915,2393,2522,8601,4214,4387,9829,4754,5075,8600,4092,4508,4913,2388,2525,1229,591,638,
30730,4916,2394,2522,8602,4214,4388,9830,4755,5075,8601,4092,4509,4915,2388,2527,1229,591,638,
30735,4917,2395,2522,8604,4215,4389,9833,4755,5078,8603,4093,4510,4916,2388,2528,1229,591,638,
30740,4918,2395,2523,8605,4216,4389,9834,4756,5078,8605,4094,4511,4916,2388,2528,1229,591,638,
30745,4919,2396,2523,8607,4217,4390,9837,4758,5079,8606,4095,4511,4917,2389,2528,1229,591,638,
30750,4919,2396,2523,8608,4218,4390,9837,4758,5079,8607,4095,4512,4917,2389,2528,1230,591,639,
30755,4920,2397,2523,8609,4219,4390,9838,4759,5079,8608,4095,4513,4919,2390,2529,1230,591,639,
30760,4921,2398,2523,8611,4220,4391,9841,4760,5081,8610,4095,4515,4920,2390,2530,1230,591,639,
30765,4922,2398,2524,8612,4221,4391,9842,4760,5082,8612,4096,4516,4920,2390,2530,1230,591,639,
30770,4923,2399,2524,8614,4222,4392,9845,4760,5085,8613,4097,4516,4921,2391,2530,1230,591,639,
30775,4923,2399,2524,8615,4222,4393,9845,4760,5085,8614,4098,4516,4921,2391,2530,1231,592,639,
30780,4924,2399,2525,8616,4222,4394,9846,4760,5086,8615,4098,4517,4923,2392,2531,1231,592,639,
30785,4925,2400,2525,8618,4224,4394,9849,4762,5087,8617,4099,4518,4924,2393,2531,1231,592,639,
30790,4926,2401,2525,8619,4225,4394,9850,4762,5088,8619,4100,4519,4924,2393,2531,1231,592,639,
30795,4927,2402,2525,8621,4226,4395,9853,4763,5090,8620,4101,4519,4925,2393,2532,1231,592,639,
30800,4927,2402,2525,8622,4226,4396,9853,4763,5090,8621,4101,4520,4925,2393,2532,1232,592,640,
30805,4928,2402,2526,8623,4227,4396,9854,4764,5090,8622,4102,4520,4927,2394,2533,1232,592,640,
30810,4929,2402,2527,8625,4227,4398,9857,4765,5092,8624,4102,4522,4928,2395,2533,1232,592,640,
30815,4930,2402,2528,8626,4228,4398,9858,4765,5093,8626,4103,4523,4928,2395,2533,1232,592,640,
30820,4931,2403,2528,8628,4229,4399,9861,4767,5094,8627,4103,4524,4929,2395,2534,1232,592,640,
30825,4931,2403,2528,8629,4229,4400,9861,4767,5094,8628,4103,4525,4929,2395,2534,1233,593,640,
30830,4932,2403,2529,8630,4230,4400,9862,4767,5095,8629,4104,4525,4931,2395,2536,1233,593,640,
30835,4933,2403,2530,8632,4232,4400,9865,4770,5095,8631,4104,4527,4932,2395,2537,1233,593,640,
30840,4934,2403,2531,8633,4232,4401,9866,4771,5095,8633,4104,4529,4932,2395,2537,1233,593,640,
30845,4935,2404,2531,8635,4234,4401,9869,4772,5097,8634,4105,4529,4933,2395,2538,1233,593,640,
30850,4935,2404,2531,8636,4235,4401,9869,4772,5097,8635,4105,4530,4933,2395,2538,1234,594,640,
30855,4936,2404,2532,8637,4236,4401,9870,4772,5098,8636,4105,4531,4935,2396,2539,1234,594,640,
30860,4937,2405,2532,8639,4238,4401,9873,4774,5099,8638,4106,4532,4936,2397,2539,1234,594,640,
30865,4938,2405,2533,8640,4238,4402,9874,4775,5099,8640,4107,4533,4936,2397,2539,1234,594,640,
30870,4939,2405,2534,8642,4239,4403,9877,4776,5101,8641,4107,4534,4937,2397,2540,1234,594,640,
30875,4939,2405,2534,8643,4239,4404,9877,4776,5101,8642,4108,4534,4937,2397,2540,1235,594,641,
30880,4940,2406,2534,8644,4240,4404,9878,4777,5101,8643,4109,4534,4939,2398,2541,1235,594,641,
30885,4941,2407,2534,8646,4241,4405,9881,4778,5103,8645,4109,4536,4940,2399,2541,1235,594,641,
30890,4942,2407,2535,8647,4241,4406,9882,4778,5104,8647,4109,4538,4940,2399,2541,1235,594,641,
30895,4943,2407,2536,8649,4242,4407,9885,4780,5105,8648,4110,4538,4941,2400,2541,1235,594,641,
30900,4943,2407,2536,8650,4242,4408,9885,4780,5105,8649,4110,4539,4941,2400,2541,1236,594,642,
30905,4944,2408,2536,8651,4243,4408,9886,4781,5105,8650,4110,4540,4943,2400,2543,1236,594,642,
30910,4945,2409,2536,8653,4244,4409,9889,4782,5107,8652,4111,4541,4944,2400,2544,1236,594,642,
30915,4946,2410,2536,8654,4245,4409,9890,4783,5107,8654,4112,4542,4944,2400,2544,1236,594,642,
30920,4947,2410,2537,8656,4246,4410,9893,4783,5110,8655,4113,4542,4945,2401,2544,1236,594,642,
30925,4947,2410,2537,8657,4247,4410,9893,4783,5110,8656,4113,4543,4945,2401,2544,1237,594,643,
30930,4948,2411,2537,8658,4248,4410,9894,4784,5110,8657,4113,4544,4947,2402,2545,1237,594,643,
30935,4949,2412,2537,8660,4249,4411,9897,4786,5111,8659,4113,4546,4948,2402,2546,1237,594,643,
30940,4950,2413,2537,8661,4249,4412,9898,4786,5112,8661,4114,4547,4948,2402,2546,1237,594,643,
30945,4951,2413,2538,8663,4251,4412,9901,4787,5114,8662,4114,4548,4949,2402,2547,1237,594,643,
30950,4951,2413,2538,8664,4252,4412,9901,4787,5114,8663,4114,4549,4949,2402,2547,1238,595,643,
30955,4952,2414,2538,8665,4253,4412,9902,4787,5115,8664,4114,4550,4951,2403,2548,1238,595,643,
30960,4953,2414,2539,8667,4254,4413,9905,4789,5116,8666,4115,4551,4952,2404,2548,1238,595,643,
30965,4954,2415,2539,8668,4254,4414,9906,4789,5117,8668,4116,4552,4952,2404,2548,1238,595,643,
30970,4955,2415,2540,8670,4255,4415,9909,4791,5118,8669,4116,4553,4953,2405,2548,1238,595,643,
30975,4955,2415,2540,8671,4255,4416,9909,4791,5118,8670,4116,4554,4953,2405,2548,1239,596,643,
30980,4956,2415,2541,8672,4255,4417,9910,4792,5118,8671,4117,4554,4955,2406,2549,1239,596,643,
30985,4957,2415,2542,8674,4256,4418,9913,4794,5119,8673,4118,4555,4956,2406,2550,1239,596,643,
30990,4958,2415,2543,8675,4256,4419,9914,4795,5119,8675,4119,4556,4956,2406,2550,1239,596,643,
30995,4959,2415,2544,8677,4257,4420,9917,4797,5120,8676,4119,4557,4957,2407,2550,1239,596,643,
31000,4959,2415,2544,8678,4258,4420,9917,4797,5120,8677,4119,4558,4957,2407,2550,1240,596,644,
31005,4960,2416,2544,8679,4258,4421,9918,4798,5120,8678,4119,4559,4959,2408,2551,1240,596,644,
31010,4961,2416,2545,8681,4260,4421,9921,4799,5122,8680,4120,4560,4960,2409,2551,1240,596,644,
31015,4962,2417,2545,8682,4260,4422,9922,4800,5122,8682,4122,4560,4960,2409,2551,1240,596,644,
31020,4963,2418,2545,8684,4262,4422,9925,4801,5124,8683,4122,4561,4961,2409,2552,1240,596,644,
31025,4963,2418,2545,8685,4262,4423,9925,4801,5124,8684,4122,4562,4961,2409,2552,1241,596,645,
31030,4964,2418,2546,8686,4262,4424,9926,4802,5124,8685,4122,4563,4963,2409,2554,1241,596,645,
31035,4965,2419,2546,8688,4262,4426,9929,4803,5126,8687,4123,4564,4964,2409,2555,1241,596,645,
31040,4966,2419,2547,8689,4262,4427,9930,4803,5127,8689,4124,4565,4964,2409,2555,1241,596,645,
31045,4967,2419,2548,8691,4262,4429,9933,4804,5129,8690,4124,4566,4965,2409,2556,1241,596,645,
31050,4967,2419,2548,8692,4262,4430,9933,4804,5129,8691,4124,4567,4965,2409,2556,1242,596,646,
31055,4968,2420,2548,8693,4262,4431,9934,4805,5129,8692,4124,4568,4967,2410,2557,1242,596,646,
31060,4969,2421,2548,8695,4264,4431,9937,4807,5130,8694,4125,4569,4968,2410,2558,1242,596,646,
31065,4970,2421,2549,8696,4264,4432,9938,4807,5131,8696,4127,4569,4968,2410,2558,1242,596,646,
31070,4971,2421,2550,8698,4265,4433,9941,4809,5132,8697,4128,4569,4969,2410,2559,1242,596,646,
31075,4971,2421,2550,8699,4266,4433,9941,4809,5132,8698,4129,4569,4969,2410,2559,1243,596,647,
31080,4972,2422,2550,8700,4267,4433,9942,4809,5133,8699,4130,4569,4971,2411,2560,1243,596,647,
31085,4973,2422,2551,8702,4267,4435,9945,4810,5135,8701,4131,4570,4972,2411,2561,1243,596,647,
31090,4974,2422,2552,8703,4268,4435,9946,4811,5135,8703,4131,4572,4972,2411,2561,1243,596,647,
31095,4975,2422,2553,8705,4270,4435,9949,4812,5137,8704,4131,4573,4973,2411,2562,1243,596,647,
31100,4975,2422,2553,8706,4270,4436,9949,4812,5137,8705,4132,4573,4973,2411,2562,1244,597,647,
31105,4976,2423,2553,8707,4270,4437,9950,4813,5137,8706,4132,4574,4975,2412,2563,1244,597,647,
31110,4977,2423,2554,8709,4271,4438,9953,4814,5139,8708,4134,4574,4976,2413,2563,1244,597,647,
31115,4978,2424,2554,8710,4271,4439,9954,4815,5139,8710,4135,4575,4976,2413,2563,1244,597,647,
31120,4979,2424,2555,8712,4272,4440,9957,4817,5140,8711,4135,4576,4977,2413,2564,1244,597,647,
31125,4979,2424,2555,8713,4272,4441,9957,4817,5140,8712,4136,4576,4977,2413,2564,1245,597,648,
31130,4980,2424,2556,8714,4273,4441,9958,4818,5140,8713,4137,4576,4979,2413,2566,1245,597,648,
31135,4981,2424,2557,8716,4273,4443,9961,4821,5140,8715,4137,4578,4980,2414,2566,1245,597,648,
31140,4982,2425,2557,8717,4274,4443,9962,4822,5140,8717,4138,4579,4980,2414,2566,1245,597,648,
31145,4983,2425,2558,8719,4274,4445,9965,4822,5143,8718,4138,4580,4981,2415,2566,1245,597,648,
31150,4983,2425,2558,8720,4275,4445,9965,4822,5143,8719,4138,4581,4981,2415,2566,1246,598,648,
31155,4984,2426,2558,8721,4275,4446,9966,4823,5143,8720,4138,4582,4983,2416,2567,1246,598,648,
31160,4985,2427,2558,8723,4276,4447,9969,4825,5144,8722,4139,4583,4984,2416,2568,1246,598,648,
31165,4986,2428,2558,8724,4276,4448,9970,4825,5145,8724,4140,4584,4984,2416,2568,1246,598,648,
31170,4987,2428,2559,8726,4277,4449,9973,4827,5146,8725,4140,4585,4985,2417,2568,1246,598,648,
31175,4987,2428,2559,8727,4277,4450,9973,4827,5146,8726,4140,4586,4985,2417,2568,1247,598,649,
31180,4988,2428,2560,8728,4278,4450,9974,4828,5146,8727,4140,4587,4987,2417,2570,1247,598,649,
31185,4989,2429,2560,8730,4280,4450,9977,4830,5147,8729,4142,4587,4988,2418,2570,1247,598,649,
31190,4990,2429,2561,8731,4280,4451,9978,4830,5148,8731,4142,4589,4988,2418,2570,1247,598,649,
31195,4991,2429,2562,8733,4281,4452,9981,4831,5150,8732,4142,4590,4989,2419,2570,1247,598,649,
31200,4991,2429,2562,8734,4282,4452,9981,4831,5150,8733,4143,4590,4989,2419,2570,1248,598,650,
31205,4992,2429,2563,8735,4282,4453,9982,4831,5151,8734,4144,4590,4991,2420,2571,1248,598,650,
31210,4993,2429,2564,8737,4282,4455,9985,4831,5154,8736,4145,4591,4992,2420,2572,1248,598,650,
31215,4994,2430,2564,8738,4283,4455,9986,4832,5154,8738,4146,4592,4992,2420,2572,1248,598,650,
31220,4995,2431,2564,8740,4283,4457,9989,4833,5156,8739,4146,4593,4993,2420,2573,1248,598,650,
31225,4995,2431,2564,8741,4283,4458,9989,4833,5156,8740,4147,4593,4993,2420,2573,1249,598,651,
31230,4996,2432,2564,8742,4283,4459,9990,4834,5156,8741,4147,4594,4995,2421,2574,1249,598,651,
31235,4997,2432,2565,8744,4285,4459,9993,4837,5156,8743,4147,4596,4996,2422,2574,1249,598,651,
31240,4998,2432,2566,8745,4286,4459,9994,4838,5156,8745,4148,4597,4996,2422,2574,1249,598,651,
31245,4999,2433,2566,8747,4288,4459,9997,4840,5157,8746,4148,4598,4997,2423,2574,1249,598,651,
31250,4999,2433,2566,8748,4288,4460,9997,4840,5157,8747,4148,4599,4997,2423,2574,1250,599,651,
31255,5000,2433,2567,8749,4289,4460,9998,4841,5157,8748,4149,4599,4999,2425,2574,1250,599,651,
31260,5001,2434,2567,8751,4291,4460,10001,4842,5159,8750,4149,4601,5000,2425,2575,1250,599,651,
31265,5002,2435,2567,8752,4291,4461,10002,4843,5159,8752,4151,4601,5000,2425,2575,1250,599,651,
31270,5003,2436,2567,8754,4293,4461,10005,4845,5160,8753,4151,4602,5001,2425,2576,1250,599,651,
31275,5003,2436,2567,8755,4293,4462,10005,4845,5160,8754,4152,4602,5001,2425,2576,1251,600,651,
31280,5004,2437,2567,8756,4294,4462,10006,4845,5161,8755,4152,4603,5003,2426,2577,1251,600,651,
31285,5005,2437,2568,8758,4294,4464,10009,4845,5164,8757,4154,4603,5004,2426,2578,1251,600,651,
31290,5006,2438,2568,8759,4295,4464,10010,4846,5164,8759,4154,4605,5004,2426,2578,1251,600,651,
31295,5007,2438,2569,8761,4295,4466,10013,4846,5167,8760,4155,4605,5005,2426,2579,1251,600,651,
31300,5007,2438,2569,8762,4295,4467,10013,4846,5167,8761,4156,4605,5005,2426,2579,1252,600,652,
31305,5008,2438,2570,8763,4295,4468,10014,4847,5167,8762,4156,4606,5007,2427,2580,1252,600,652,
31310,5009,2438,2571,8765,4297,4468,10017,4850,5167,8764,4157,4607,5008,2427,2581,1252,600,652,
31315,5010,2438,2572,8766,4298,4468,10018,4850,5168,8766,4158,4608,5008,2427,2581,1252,600,652,
31320,5011,2438,2573,8768,4298,4470,10021,4852,5169,8767,4159,4608,5009,2427,2582,1252,600,652,
31325,5011,2438,2573,8769,4299,4470,10021,4852,5169,8768,4160,4608,5009,2427,2582,1253,601,652,
31330,5012,2439,2573,8770,4299,4471,10022,4852,5170,8769,4161,4608,5011,2428,2583,1253,601,652,
31335,5013,2440,2573,8772,4300,4472,10025,4853,5172,8771,4162,4609,5012,2428,2584,1253,601,652,
31340,5014,2441,2573,8773,4301,4472,10026,4854,5172,8773,4163,4610,5012,2428,2584,1253,601,652,
31345,5015,2442,2573,8775,4302,4473,10029,4857,5172,8774,4164,4610,5013,2428,2585,1253,601,652,
31350,5015,2442,2573,8776,4303,4473,10029,4857,5172,8775,4164,4611,5013,2428,2585,1254,601,653,
31355,5016,2443,2573,8777,4304,4473,10030,4858,5172,8776,4165,4611,5015,2430,2585,1254,601,653,
31360,5017,2444,2573,8779,4305,4474,10033,4859,5174,8778,4166,4612,5016,2431,2585,1254,601,653,
31365,5018,2444,2574,8780,4306,4474,10034,4860,5174,8780,4167,4613,5016,2431,2585,1254,601,653,
31370,5019,2444,2575,8782,4308,4474,10037,4862,5175,8781,4167,4614,5017,2431,2586,1254,601,653,
31375,5019,2444,2575,8783,4308,4475,10037,4862,5175,8782,4168,4614,5017,2431,2586,1255,602,653,
31380,5020,2445,2575,8784,4309,4475,10038,4863,5175,8783,4168,4615,5019,2433,2586,1255,602,653,
31385,5021,2445,2576,8786,4309,4477,10041,4864,5177,8785,4169,4616,5020,2433,2587,1255,602,653,
31390,5022,2445,2577,8787,4309,4478,10042,4864,5178,8787,4169,4618,5020,2433,2587,1255,602,653,
31395,5023,2446,2577,8789,4310,4479,10045,4866,5179,8788,4170,4618,5021,2433,2588,1255,602,653,
31400,5023,2446,2577,8790,4311,4479,10045,4866,5179,8789,4170,4619,5021,2433,2588,1256,602,654,
31405,5024,2446,2578,8791,4312,4479,10046,4867,5179,8790,4170,4620,5023,2434,2589,1256,602,654,
31410,5025,2447,2578,8793,4313,4480,10049,4869,5180,8792,4171,4621,5024,2434,2590,1256,602,654,
31415,5026,2448,2578,8794,4313,4481,10050,4869,5181,8794,4173,4621,5024,2434,2590,1256,602,654,
31420,5027,2449,2578,8796,4315,4481,10053,4870,5183,8795,4174,4621,5025,2435,2590,1256,602,654,
31425,5027,2449,2578,8797,4315,4482,10053,4870,5183,8796,4175,4621,5025,2435,2590,1257,602,655,
31430,5028,2450,2578,8798,4316,4482,10054,4871,5183,8797,4175,4622,5027,2435,2592,1257,602,655,
31435,5029,2450,2579,8800,4317,4483,10057,4873,5184,8799,4176,4623,5028,2436,2592,1257,602,655,
31440,5030,2451,2579,8801,4317,4484,10058,4874,5184,8801,4176,4625,5028,2436,2592,1257,602,655,
31445,5031,2451,2580,8803,4317,4486,10061,4876,5185,8802,4176,4626,5029,2437,2592,1257,602,655,
31450,5031,2451,2580,8804,4318,4486,10061,4876,5185,8803,4176,4627,5029,2437,2592,1258,602,656,
31455,5032,2452,2580,8805,4319,4486,10062,4877,5185,8804,4176,4628,5031,2439,2592,1258,602,656,
31460,5033,2452,2581,8807,4321,4486,10065,4879,5186,8806,4177,4629,5032,2439,2593,1258,602,656,
31465,5034,2452,2582,8808,4321,4487,10066,4880,5186,8808,4177,4631,5032,2439,2593,1258,602,656,
31470,5035,2452,2583,8810,4321,4489,10069,4880,5189,8809,4177,4632,5033,2440,2593,1258,602,656,
31475,5035,2452,2583,8811,4322,4489,10069,4880,5189,8810,4178,4632,5033,2440,2593,1259,603,656,
31480,5036,2452,2584,8812,4322,4490,10070,4881,5189,8811,4179,4632,5035,2441,2594,1259,603,656,
31485,5037,2453,2584,8814,4323,4491,10073,4883,5190,8813,4180,4633,5036,2442,2594,1259,603,656,
31490,5038,2454,2584,8815,4324,4491,10074,4884,5190,8815,4181,4634,5036,2442,2594,1259,603,656,
31495,5039,2455,2584,8817,4326,4491,10077,4887,5190,8816,4181,4635,5037,2443,2594,1259,603,656,
31500,5039,2455,2584,8818,4327,4491,10077,4887,5190,8817,4181,4636,5037,2443,2594,1260,603,657,
31505,5040,2455,2585,8819,4327,4492,10078,4887,5191,8818,4181,4637,5039,2443,2596,1260,603,657,
31510,5041,2456,2585,8821,4328,4493,10081,4890,5191,8820,4182,4638,5040,2443,2597,1260,603,657,
31515,5042,2456,2586,8822,4328,4494,10082,4891,5191,8822,4183,4639,5040,2443,2597,1260,603,657,
31520,5043,2456,2587,8824,4328,4496,10085,4893,5192,8823,4184,4639,5041,2444,2597,1260,603,657,
31525,5043,2456,2587,8825,4329,4496,10085,4893,5192,8824,4184,4640,5041,2444,2597,1261,604,657,
31530,5044,2456,2588,8826,4329,4497,10086,4894,5192,8825,4184,4641,5043,2446,2597,1261,604,657,
31535,5045,2456,2589,8828,4331,4497,10089,4894,5195,8827,4186,4641,5044,2447,2597,1261,604,657,
31540,5046,2456,2590,8829,4332,4497,10090,4895,5195,8829,4186,4643,5044,2447,2597,1261,604,657,
31545,5047,2456,2591,8831,4332,4499,10093,4897,5196,8830,4186,4644,5045,2448,2597,1261,604,657,
31550,5047,2456,2591,8832,4332,4500,10093,4897,5196,8831,4186,4645,5045,2448,2597,1262,605,657,
31555,5048,2457,2591,8833,4333,4500,10094,4897,5197,8832,4186,4646,5047,2449,2598,1262,605,657,
31560,5049,2458,2591,8835,4334,4501,10097,4898,5199,8834,4186,4648,5048,2450,2598,1262,605,657,
31565,5050,2458,2592,8836,4334,4502,10098,4899,5199,8836,4187,4649,5048,2450,2598,1262,605,657,
31570,5051,2458,2593,8838,4335,4503,10101,4901,5200,8837,4188,4649,5049,2451,2598,1262,605,657,
31575,5051,2458,2593,8839,4336,4503,10101,4901,5200,8838,4188,4650,5049,2451,2598,1263,605,658,
31580,5052,2458,2594,8840,4337,4503,10102,4902,5200,8839,4188,4651,5051,2452,2599,1263,605,658,
31585,5053,2458,2595,8842,4339,4503,10105,4903,5202,8841,4188,4653,5052,2453,2599,1263,605,658,
31590,5054,2459,2595,8843,4339,4504,10106,4903,5203,8843,4189,4654,5052,2453,2599,1263,605,658,
31595,5055,2460,2595,8845,4340,4505,10109,4905,5204,8844,4189,4655,5053,2454,2599,1263,605,658,
31600,5055,2460,2595,8846,4341,4505,10109,4905,5204,8845,4189,4656,5053,2454,2599,1264,605,659,
31605,5056,2461,2595,8847,4342,4505,10110,4905,5205,8846,4189,4657,5055,2456,2599,1264,605,659,
31610,5057,2462,2595,8849,4343,4506,10113,4905,5208,8848,4191,4657,5056,2457,2599,1264,605,659,
31615,5058,2463,2595,8850,4343,4507,10114,4906,5208,8850,4192,4658,5056,2457,2599,1264,605,659,
31620,5059,2463,2596,8852,4345,4507,10117,4907,5210,8851,4193,4658,5057,2458,2599,1264,605,659,
31625,5059,2463,2596,8853,4346,4507,10117,4907,5210,8852,4193,4659,5057,2458,2599,1265,606,659,
31630,5060,2464,2596,8854,4347,4507,10118,4907,5211,8853,4194,4659,5059,2458,2601,1265,606,659,
31635,5061,2465,2596,8856,4347,4509,10121,4909,5212,8855,4195,4660,5060,2459,2601,1265,606,659,
31640,5062,2466,2596,8857,4348,4509,10122,4909,5213,8857,4196,4661,5060,2459,2601,1265,606,659,
31645,5063,2466,2597,8859,4349,4510,10125,4910,5215,8858,4197,4661,5061,2460,2601,1265,606,659,
31650,5063,2466,2597,8860,4349,4511,10125,4910,5215,8859,4198,4661,5061,2460,2601,1266,606,660,
31655,5064,2467,2597,8861,4350,4511,10126,4910,5216,8860,4198,4662,5063,2461,2602,1266,606,660,
31660,5065,2467,2598,8863,4350,4513,10129,4912,5217,8862,4199,4663,5064,2461,2603,1266,606,660,
31665,5066,2468,2598,8864,4350,4514,10130,4912,5218,8864,4199,4665,5064,2461,2603,1266,606,660,
31670,5067,2468,2599,8866,4351,4515,10133,4914,5219,8865,4200,4665,5065,2461,2604,1266,606,660,
31675,5067,2468,2599,8867,4351,4516,10133,4914,5219,8866,4200,4666,5065,2461,2604,1267,606,661,
31680,5068,2468,2600,8868,4352,4516,10134,4915,5219,8867,4201,4666,5067,2462,2605,1267,606,661,
31685,5069,2468,2601,8870,4352,4518,10137,4916,5221,8869,4203,4666,5068,2463,2605,1267,606,661,
31690,5070,2468,2602,8871,4353,4518,10138,4916,5222,8871,4204,4667,5068,2463,2605,1267,606,661,
31695,5071,2469,2602,8873,4355,4518,10141,4917,5224,8872,4204,4668,5069,2464,2605,1267,606,661,
31700,5071,2469,2602,8874,4356,4518,10141,4917,5224,8873,4205,4668,5069,2464,2605,1268,607,661,
31705,5072,2470,2602,8875,4357,4518,10142,4917,5225,8874,4206,4668,5071,2464,2607,1268,607,661,
31710,5073,2471,2602,8877,4358,4519,10145,4918,5227,8876,4207,4669,5072,2464,2608,1268,607,661,
31715,5074,2471,2603,8878,4359,4519,10146,4919,5227,8878,4209,4669,5072,2464,2608,1268,607,661,
31720,5075,2471,2604,8880,4361,4519,10149,4920,5229,8879,4210,4669,5073,2464,2609,1268,607,661,
31725,5075,2471,2604,8881,4362,4519,10149,4920,5229,8880,4210,4670,5073,2464,2609,1269,608,661,
31730,5076,2471,2605,8882,4363,4519,10150,4920,5230,8881,4211,4670,5075,2465,2610,1269,608,661,
31735,5077,2471,2606,8884,4365,4519,10153,4923,5230,8883,4213,4670,5076,2465,2611,1269,608,661,
31740,5078,2471,2607,8885,4366,4519,10154,4924,5230,8885,4215,4670,5076,2465,2611,1269,608,661,
31745,5079,2471,2608,8887,4366,4521,10157,4927,5230,8886,4216,4670,5077,2466,2611,1269,608,661,
31750,5079,2471,2608,8888,4367,4521,10157,4927,5230,8887,4217,4670,5077,2466,2611,1270,609,661,
31755,5080,2471,2609,8889,4368,4521,10158,4928,5230,8888,4218,4670,5079,2467,2612,1270,609,661,
31760,5081,2472,2609,8891,4369,4522,10161,4930,5231,8890,4218,4672,5080,2467,2613,1270,609,661,
31765,5082,2473,2609,8892,4369,4523,10162,4930,5232,8892,4218,4674,5080,2467,2613,1270,609,661,
31770,5083,2474,2609,8894,4371,4523,10165,4930,5235,8893,4218,4675,5081,2468,2613,1270,609,661,
31775,5083,2474,2609,8895,4371,4524,10165,4930,5235,8894,4219,4675,5081,2468,2613,1271,610,661,
31780,5084,2474,2610,8896,4372,4524,10166,4931,5235,8895,4219,4676,5083,2468,2615,1271,610,661,
31785,5085,2474,2611,8898,4373,4525,10169,4932,5237,8897,4219,4678,5084,2469,2615,1271,610,661,
31790,5086,2475,2611,8899,4374,4525,10170,4932,5238,8899,4220,4679,5084,2469,2615,1271,610,661,
31795,5087,2476,2611,8901,4374,4527,10173,4934,5239,8900,4220,4680,5085,2469,2616,1271,610,661,
31800,5087,2476,2611,8902,4375,4527,10173,4934,5239,8901,4220,4681,5085,2469,2616,1272,611,661,
31805,5088,2477,2611,8903,4375,4528,10174,4934,5240,8902,4220,4682,5087,2470,2617,1272,611,661,
31810,5089,2478,2611,8905,4375,4530,10177,4935,5242,8904,4221,4683,5088,2471,2617,1272,611,661,
31815,5090,2478,2612,8906,4376,4530,10178,4936,5242,8906,4222,4684,5088,2471,2617,1272,611,661,
31820,5091,2479,2612,8908,4377,4531,10181,4936,5245,8907,4222,4685,5089,2471,2618,1272,611,661,
31825,5091,2479,2612,8909,4378,4531,10181,4936,5245,8908,4223,4685,5089,2471,2618,1273,611,662,
31830,5092,2479,2613,8910,4378,4532,10182,4937,5245,8909,4223,4686,5091,2471,2620,1273,611,662,
31835,5093,2480,2613,8912,4380,4532,10185,4939,5246,8911,4224,4687,5092,2472,2620,1273,611,662,
31840,5094,2481,2613,8913,4381,4532,10186,4940,5246,8913,4225,4688,5092,2472,2620,1273,611,662,
31845,5095,2481,2614,8915,4383,4532,10189,4941,5248,8914,4225,4689,5093,2472,2621,1273,611,662,
31850,5095,2481,2614,8916,4383,4533,10189,4941,5248,8915,4225,4690,5093,2472,2621,1274,612,662,
31855,5096,2482,2614,8917,4384,4533,10190,4942,5248,8916,4225,4691,5095,2473,2622,1274,612,662,
31860,5097,2482,2615,8919,4386,4533,10193,4944,5249,8918,4226,4692,5096,2474,2622,1274,612,662,
31865,5098,2483,2615,8920,4386,4534,10194,4945,5249,8920,4227,4693,5096,2474,2622,1274,612,662,
31870,5099,2484,2615,8922,4387,4535,10197,4948,5249,8921,4227,4694,5097,2475,2622,1274,612,662,
31875,5099,2484,2615,8923,4387,4536,10197,4948,5249,8922,4227,4695,5097,2475,2622,1275,613,662,
31880,5100,2485,2615,8924,4388,4536,10198,4948,5250,8923,4228,4695,5099,2475,2624,1275,613,662,
31885,5101,2485,2616,8926,4390,4536,10201,4950,5251,8925,4229,4696,5100,2475,2625,1275,613,662,
31890,5102,2486,2616,8927,4391,4536,10202,4951,5251,8927,4230,4697,5100,2475,2625,1275,613,662,
31895,5103,2487,2616,8929,4392,4537,10205,4952,5253,8928,4230,4698,5101,2476,2625,1275,613,662,
31900,5103,2487,2616,8930,4392,4538,10205,4952,5253,8929,4230,4699,5101,2476,2625,1276,614,662,
31905,5104,2488,2616,8931,4393,4538,10206,4952,5254,8930,4231,4699,5103,2477,2626,1276,614,662,
31910,5105,2489,2616,8933,4394,4539,10209,4954,5255,8932,4232,4700,5104,2478,2626,1276,614,662,
31915,5106,2490,2616,8934,4394,4540,10210,4955,5255,8934,4232,4702,5104,2478,2626,1276,614,662,
31920,5107,2490,2617,8936,4396,4540,10213,4955,5258,8935,4232,4703,5105,2478,2627,1276,614,662,
31925,5107,2490,2617,8937,4397,4540,10213,4955,5258,8936,4232,4704,5105,2478,2627,1277,614,663,
31930,5108,2490,2618,8938,4398,4540,10214,4955,5259,8937,4232,4705,5107,2480,2627,1277,614,663,
31935,5109,2490,2619,8940,4399,4541,10217,4957,5260,8939,4232,4707,5108,2480,2628,1277,614,663,
31940,5110,2490,2620,8941,4399,4542,10218,4958,5260,8941,4233,4708,5108,2480,2628,1277,614,663,
31945,5111,2490,2621,8943,4400,4543,10221,4959,5262,8942,4234,4708,5109,2480,2629,1277,614,663,
31950,5111,2490,2621,8944,4401,4543,10221,4959,5262,8943,4235,4708,5109,2480,2629,1278,614,664,
31955,5112,2490,2622,8945,4402,4543,10222,4960,5262,8944,4235,4709,5111,2481,2630,1278,614,664,
31960,5113,2491,2622,8947,4404,4543,10225,4963,5262,8946,4236,4710,5112,2482,2630,1278,614,664,
31965,5114,2491,2623,8948,4405,4543,10226,4964,5262,8948,4236,4712,5112,2482,2630,1278,614,664,
31970,5115,2491,2624,8950,4405,4545,10229,4964,5265,8949,4237,4712,5113,2483,2630,1278,614,664,
31975,5115,2491,2624,8951,4406,4545,10229,4964,5265,8950,4238,4712,5113,2483,2630,1279,614,665,
31980,5116,2492,2624,8952,4407,4545,10230,4965,5265,8951,4239,4712,5115,2484,2631,1279,614,665,
31985,5117,2493,2624,8954,4408,4546,10233,4967,5266,8953,4239,4714,5116,2484,2632,1279,614,665,
31990,5118,2493,2625,8955,4409,4546,10234,4967,5267,8955,4240,4715,5116,2484,2632,1279,614,665,
31995,5119,2494,2625,8957,4410,4547,10237,4969,5268,8956,4241,4715,5117,2485,2632,1279,614,665,
32000,5119,2494,2625,8958,4411,4547,10237,4969,5268,8957,4241,4716,5117,2485,2632,1280,614,666,
32005,5120,2494,2626,8959,4411,4548,10238,4969,5269,8958,4242,4716,5119,2486,2633,1280,614,666,
32010,5121,2494,2627,8961,4412,4549,10241,4970,5271,8960,4242,4718,5120,2487,2633,1280,614,666,
32015,5122,2495,2627,8962,4413,4549,10242,4970,5272,8962,4244,4718,5120,2487,2633,1280,614,666,
32020,5123,2496,2627,8964,4414,4550,10245,4971,5274,8963,4245,4718,5121,2487,2634,1280,614,666,
32025,5123,2496,2627,8965,4415,4550,10245,4971,5274,8964,4245,4719,5121,2487,2634,1281,614,667,
32030,5124,2496,2628,8966,4415,4551,10246,4971,5275,8965,4246,4719,5123,2489,2634,1281,614,667,
32035,5125,2497,2628,8968,4415,4553,10249,4973,5276,8967,4248,4719,5124,2489,2635,1281,614,667,
32040,5126,2498,2628,8969,4415,4554,10250,4973,5277,8969,4250,4719,5124,2489,2635,1281,614,667,
32045,5127,2498,2629,8971,4416,4555,10253,4975,5278,8970,4250,4720,5125,2490,2635,1281,614,667,
32050,5127,2498,2629,8972,4416,4556,10253,4975,5278,8971,4251,4720,5125,2490,2635,1282,615,667,
32055,5128,2499,2629,8973,4417,4556,10254,4975,5279,8972,4251,4721,5127,2492,2635,1282,615,667,
32060,5129,2500,2629,8975,4418,4557,10257,4976,5281,8974,4252,4722,5128,2493,2635,1282,615,667,
32065,5130,2501,2629,8976,4418,4558,10258,4976,5282,8976,4252,4724,5128,2493,2635,1282,615,667,
32070,5131,2501,2630,8978,4418,4560,10261,4979,5282,8977,4253,4724,5129,2493,2636,1282,615,667,
32075,5131,2501,2630,8979,4418,4561,10261,4979,5282,8978,4253,4725,5129,2493,2636,1283,615,668,
32080,5132,2502,2630,8980,4418,4562,10262,4979,5283,8979,4253,4726,5131,2494,2637,1283,615,668,
32085,5133,2502,2631,8982,4419,4563,10265,4982,5283,8981,4253,4728,5132,2494,2638,1283,615,668,
32090,5134,2502,2632,8983,4419,4564,10266,4983,5283,8983,4253,4730,5132,2494,2638,1283,615,668,
32095,5135,2502,2633,8985,4420,4565,10269,4983,5286,8984,4253,4731,5133,2494,2639,1283,615,668,
32100,5135,2502,2633,8986,4420,4566,10269,4983,5286,8985,4254,4731,5133,2494,2639,1284,615,669,
32105,5136,2502,2634,8987,4421,4566,10270,4984,5286,8986,4254,4732,5135,2495,2640,1284,615,669,
32110,5137,2503,2634,8989,4422,4567,10273,4986,5287,8988,4255,4733,5136,2495,2641,1284,615,669,
32115,5138,2503,2635,8990,4423,4567,10274,4987,5287,8990,4255,4735,5136,2495,2641,1284,615,669,
32120,5139,2504,2635,8992,4425,4567,10277,4990,5287,8991,4256,4735,5137,2496,2641,1284,615,669,
32125,5139,2504,2635,8993,4425,4568,10277,4990,5287,8992,4256,4736,5137,2496,2641,1285,615,670,
32130,5140,2505,2635,8994,4426,4568,10278,4991,5287,8993,4257,4736,5139,2497,2642,1285,615,670,
32135,5141,2506,2635,8996,4427,4569,10281,4992,5289,8995,4259,4736,5140,2498,2642,1285,615,670,
32140,5142,2506,2636,8997,4427,4570,10282,4992,5290,8997,4260,4737,5140,2498,2642,1285,615,670,
32145,5143,2506,2637,8999,4428,4571,10285,4993,5292,8998,4260,4738,5141,2498,2643,1285,615,670,
32150,5143,2506,2637,9000,4429,4571,10285,4993,5292,8999,4260,4739,5141,2498,2643,1286,616,670,
32155,5144,2507,2637,9001,4429,4572,10286,4994,5292,9000,4260,4740,5143,2498,2645,1286,616,670,
32160,5145,2508,2637,9003,4429,4574,10289,4996,5293,9002,4260,4742,5144,2498,2646,1286,616,670,
32165,5146,2508,2638,9004,4429,4575,10290,4997,5293,9004,4260,4744,5144,2498,2646,1286,616,670,
32170,5147,2509,2638,9006,4429,4577,10293,4999,5294,9005,4260,4745,5145,2498,2647,1286,616,670,
32175,5147,2509,2638,9007,4430,4577,10293,4999,5294,9006,4260,4746,5145,2498,2647,1287,617,670,
32180,5148,2510,2638,9008,4431,4577,10294,4999,5295,9007,4260,4747,5147,2499,2648,1287,617,670,
32185,5149,2511,2638,9010,4433,4577,10297,5001,5296,9009,4262,4747,5148,2500,2648,1287,617,670,
32190,5150,2512,2638,9011,4433,4578,10298,5001,5297,9011,4262,4749,5148,2500,2648,1287,617,670,
32195,5151,2512,2639,9013,4433,4580,10301,5003,5298,9012,4262,4750,5149,2500,2649,1287,617,670,
32200,5151,2512,2639,9014,4434,4580,10301,5003,5298,9013,4262,4751,5149,2500,2649,1288,618,670,
32205,5152,2512,2640,9015,4434,4581,10302,5003,5299,9014,4262,4752,5151,2500,2651,1288,618,670,
32210,5153,2513,2640,9017,4434,4583,10305,5006,5299,9016,4262,4754,5152,2500,2652,1288,618,670,
32215,5154,2514,2640,9018,4435,4583,10306,5006,5300,9018,4262,4756,5152,2500,2652,1288,618,670,
32220,5155,2515,2640,9020,4436,4584,10309,5007,5302,9019,4262,4757,5153,2500,2653,1288,618,670,
32225,5155,2515,2640,9021,4437,4584,10309,5007,5302,9020,4263,4757,5153,2500,2653,1289,618,671,
32230,5156,2515,2641,9022,4437,4585,10310,5008,5302,9021,4263,4758,5155,2501,2654,1289,618,671,
32235,5157,2515,2642,9024,4439,4585,10313,5009,5304,9023,4263,4760,5156,2501,2655,1289,618,671,
32240,5158,2515,2643,9025,4440,4585,10314,5009,5305,9025,4263,4762,5156,2501,2655,1289,618,671,
32245,5159,2516,2643,9027,4441,4586,10317,5010,5307,9026,4264,4762,5157,2501,2656,1289,618,671,
32250,5159,2516,2643,9028,4442,4586,10317,5010,5307,9027,4264,4763,5157,2501,2656,1290,618,672,
32255,5160,2516,2644,9029,4442,4587,10318,5010,5308,9028,4265,4763,5159,2503,2656,1290,618,672,
32260,5161,2516,2645,9031,4443,4588,10321,5011,5310,9030,4265,4765,5160,2503,2657,1290,618,672,
32265,5162,2517,2645,9032,4443,4589,10322,5011,5311,9032,4265,4767,5160,2503,2657,1290,618,672,
32270,5163,2518,2645,9034,4444,4590,10325,5012,5313,9033,4265,4768,5161,2504,2657,1290,618,672,
32275,5163,2518,2645,9035,4445,4590,10325,5012,5313,9034,4265,4769,5161,2504,2657,1291,619,672,
32280,5164,2519,2645,9036,4446,4590,10326,5012,5314,9035,4265,4770,5163,2505,2658,1291,619,672,
32285,5165,2520,2645,9038,4446,4592,10329,5013,5316,9037,4265,4772,5164,2505,2659,1291,619,672,
32290,5166,2521,2645,9039,4446,4593,10330,5014,5316,9039,4266,4773,5164,2505,2659,1291,619,672,
32295,5167,2521,2646,9041,4446,4595,10333,5016,5317,9040,4267,4773,5165,2506,2659,1291,619,672,
32300,5167,2521,2646,9042,4447,4595,10333,5016,5317,9041,4268,4773,5165,2506,2659,1292,620,672,
32305,5168,2521,2647,9043,4447,4596,10334,5016,5318,9042,4269,4773,5167,2507,2660,1292,620,672,
32310,5169,2522,2647,9045,4449,4596,10337,5019,5318,9044,4271,4773,5168,2508,2660,1292,620,672,
32315,5170,2523,2647,9046,4450,4596,10338,5020,5318,9046,4273,4773,5168,2508,2660,1292,620,672,
32320,5171,2524,2647,9048,4450,4598,10341,5022,5319,9047,4274,4773,5169,2509,2660,1292,620,672,
32325,5171,2524,2647,9049,4450,4599,10341,5022,5319,9048,4275,4773,5169,2509,2660,1293,621,672,
32330,5172,2525,2647,9050,4450,4600,10342,5022,5320,9049,4275,4774,5171,2510,2661,1293,621,672,
32335,5173,2526,2647,9052,4451,4601,10345,5023,5322,9051,4276,4775,5172,2510,2662,1293,621,672,
32340,5174,2526,2648,9053,4451,4602,10346,5023,5323,9053,4276,4777,5172,2510,2662,1293,621,672,
32345,5175,2526,2649,9055,4451,4604,10349,5023,5326,9054,4277,4777,5173,2511,2662,1293,621,672,
32350,5175,2526,2649,9056,4451,4605,10349,5023,5326,9055,4277,4778,5173,2511,2662,1294,622,672,
32355,5176,2526,2650,9057,4452,4605,10350,5023,5327,9056,4277,4779,5175,2513,2662,1294,622,672,
32360,5177,2526,2651,9059,4452,4607,10353,5024,5329,9058,4278,4780,5176,2514,2662,1294,622,672,
32365,5178,2527,2651,9060,4453,4607,10354,5024,5330,9060,4280,4780,5176,2514,2662,1294,622,672,
32370,5179,2527,2652,9062,4454,4608,10357,5026,5331,9061,4281,4780,5177,2515,2662,1294,622,672,
32375,5179,2527,2652,9063,4455,4608,10357,5026,5331,9062,4282,4780,5177,2515,2662,1295,623,672,
32380,5180,2527,2653,9064,4456,4608,10358,5027,5331,9063,4283,4780,5179,2516,2663,1295,623,672,
32385,5181,2527,2654,9066,4457,4609,10361,5027,5334,9065,4284,4781,5180,2516,2664,1295,623,672,
32390,5182,2528,2654,9067,4457,4610,10362,5028,5334,9067,4284,4783,5180,2516,2664,1295,623,672,
32395,5183,2529,2654,9069,4458,4611,10365,5030,5335,9068,4285,4783,5181,2516,2665,1295,623,672,
32400,5183,2529,2654,9070,4458,4612,10365,5030,5335,9069,4285,4784,5181,2516,2665,1296,624,672,
32405,5184,2529,2655,9071,4459,4612,10366,5031,5335,9070,4285,4785,5183,2516,2667,1296,624,672,
32410,5185,2530,2655,9073,4460,4613,10369,5031,5338,9072,4286,4786,5184,2516,2668,1296,624,672,
32415,5186,2531,2655,9074,4461,4613,10370,5032,5338,9074,4287,4787,5184,2516,2668,1296,624,672,
32420,5187,2531,2656,9076,4463,4613,10373,5034,5339,9075,4288,4787,5185,2516,2669,1296,624,672,
32425,5187,2531,2656,9077,4463,4614,10373,5034,5339,9076,4288,4788,5185,2516,2669,1297,624,673,
32430,5188,2531,2657,9078,4463,4615,10374,5034,5340,9077,4289,4788,5187,2516,2671,1297,624,673,
32435,5189,2531,2658,9080,4463,4617,10377,5037,5340,9079,4289,4790,5188,2516,2672,1297,624,673,
32440,5190,2532,2658,9081,4464,4617,10378,5037,5341,9081,4289,4792,5188,2516,2672,1297,624,673,
32445,5191,2532,2659,9083,4465,4618,10381,5037,5344,9082,4290,4792,5189,2516,2673,1297,624,673,
32450,5191,2532,2659,9084,4466,4618,10381,5037,5344,9083,4291,4792,5189,2516,2673,1298,625,673,
32455,5192,2532,2660,9085,4467,4618,10382,5037,5345,9084,4291,4793,5191,2516,2675,1298,625,673,
32460,5193,2532,2661,9087,4469,4618,10385,5038,5347,9086,4292,4794,5192,2517,2675,1298,625,673,
32465,5194,2533,2661,9088,4469,4619,10386,5039,5347,9088,4293,4795,5192,2517,2675,1298,625,673,
32470,5195,2534,2661,9090,4470,4620,10389,5041,5348,9089,4294,4795,5193,2517,2676,1298,625,673,
32475,5195,2534,2661,9091,4470,4621,10389,5041,5348,9090,4295,4795,5193,2517,2676,1299,625,674,
32480,5196,2534,2662,9092,4470,4622,10390,5042,5348,9091,4295,4796,5195,2518,2677,1299,625,674,
32485,5197,2535,2662,9094,4471,4623,10393,5043,5350,9093,4296,4797,5196,2518,2678,1299,625,674,
32490,5198,2536,2662,9095,4472,4623,10394,5043,5351,9095,4296,4799,5196,2518,2678,1299,625,674,
32495,5199,2537,2662,9097,4473,4624,10397,5045,5352,9096,4296,4800,5197,2518,2679,1299,625,674,
32500,5199,2537,2662,9098,4473,4625,10397,5045,5352,9097,4297,4800,5197,2518,2679,1300,625,675,
32505,5200,2537,2663,9099,4473,4626,10398,5045,5353,9098,4297,4801,5199,2519,2680,1300,625,675,
32510,5201,2537,2664,9101,4475,4626,10401,5048,5353,9100,4298,4802,5200,2520,2680,1300,625,675,
32515,5202,2537,2665,9102,4476,4626,10402,5049,5353,9102,4299,4803,5200,2520,2680,1300,625,675,
32520,5203,2537,2666,9104,4478,4626,10405,5051,5354,9103,4300,4803,5201,2520,2681,1300,625,675,
32525,5203,2537,2666,9105,4478,4627,10405,5051,5354,9104,4301,4803,5201,2520,2681,1301,625,676,
32530,5204,2537,2667,9106,4479,4627,10406,5051,5355,9105,4302,4803,5203,2520,2683,1301,625,676,
32535,5205,2538,2667,9108,4479,4629,10409,5051,5358,9107,4304,4803,5204,2520,2684,1301,625,676,
32540,5206,2539,2667,9109,4480,4629,10410,5051,5359,9109,4305,4804,5204,2520,2684,1301,625,676,
32545,5207,2539,2668,9111,4482,4629,10413,5053,5360,9110,4305,4805,5205,2520,2685,1301,625,676,
32550,5207,2539,2668,9112,4483,4629,10413,5053,5360,9111,4306,4805,5205,2520,2685,1302,626,676,
32555,5208,2539,2669,9113,4483,4630,10414,5054,5360,9112,4307,4805,5207,2522,2685,1302,626,676,
32560,5209,2540,2669,9115,4483,4632,10417,5055,5362,9114,4309,4805,5208,2522,2686,1302,626,676,
32565,5210,2541,2669,9116,4484,4632,10418,5055,5363,9116,4309,4807,5208,2522,2686,1302,626,676,
32570,5211,2541,2670,9118,4484,4634,10421,5056,5365,9117,4309,4808,5209,2522,2687,1302,626,676,
32575,5211,2541,2670,9119,4484,4635,10421,5056,5365,9118,4309,4809,5209,2522,2687,1303,626,677,
32580,5212,2541,2671,9120,4484,4636,10422,5057,5365,9119,4310,4809,5211,2523,2688,1303,626,677,
32585,5213,2542,2671,9122,4484,4638,10425,5060,5365,9121,4310,4811,5212,2524,2688,1303,626,677,
32590,5214,2542,2672,9123,4485,4638,10426,5060,5366,9123,4312,4811,5212,2524,2688,1303,626,677,
32595,5215,2543,2672,9125,4486,4639,10429,5061,5368,9124,4312,4812,5213,2525,2688,1303,626,677,
32600,5215,2543,2672,9126,4486,4640,10429,5061,5368,9125,4312,4813,5213,2525,2688,1304,627,677,
32605,5216,2543,2673,9127,4486,4641,10430,5062,5368,9126,4312,4814,5215,2526,2689,1304,627,677,
32610,5217,2543,2674,9129,4487,4642,10433,5064,5369,9128,4312,4816,5216,2527,2689,1304,627,677,
32615,5218,2543,2675,9130,4487,4643,10434,5064,5370,9130,4313,4817,5216,2527,2689,1304,627,677,
32620,5219,2543,2676,9132,4488,4644,10437,5065,5372,9131,4313,4818,5217,2527,2690,1304,627,677,
32625,5219,2543,2676,9133,4489,4644,10437,5065,5372,9132,4313,4819,5217,2527,2690,1305,627,678,
32630,5220,2544,2676,9134,4490,4644,10438,5065,5373,9133,4314,4819,5219,2527,2692,1305,627,678,
32635,5221,2544,2677,9136,4492,4644,10441,5066,5375,9135,4316,4819,5220,2528,2692,1305,627,678,
32640,5222,2544,2678,9137,4492,4645,10442,5067,5375,9137,4317,4820,5220,2528,2692,1305,627,678,
32645,5223,2544,2679,9139,4494,4645,10445,5070,5375,9138,4318,4820,5221,2529,2692,1305,627,678,
32650,5223,2544,2679,9140,4495,4645,10445,5070,5375,9139,4318,4821,5221,2529,2692,1306,627,679,
32655,5224,2545,2679,9141,4496,4645,10446,5070,5376,9140,4319,4821,5223,2530,2693,1306,627,679,
32660,5225,2545,2680,9143,4497,4646,10449,5071,5378,9142,4319,4823,5224,2531,2693,1306,627,679,
32665,5226,2546,2680,9144,4498,4646,10450,5071,5379,9144,4320,4824,5224,2531,2693,1306,627,679,
32670,5227,2546,2681,9146,4499,4647,10453,5074,5379,9145,4321,4824,5225,2531,2694,1306,627,679,
32675,5227,2546,2681,9147,4499,4648,10453,5074,5379,9146,4321,4825,5225,2531,2694,1307,627,680,
32680,5228,2546,2682,9148,4500,4648,10454,5074,5380,9147,4322,4825,5227,2532,2695,1307,627,680,
32685,5229,2547,2682,9150,4500,4650,10457,5076,5381,9149,4322,4827,5228,2532,2696,1307,627,680,
32690,5230,2547,2683,9151,4501,4650,10458,5076,5382,9151,4323,4828,5228,2532,2696,1307,627,680,
32695,5231,2547,2684,9153,4501,4652,10461,5078,5383,9152,4324,4828,5229,2532,2697,1307,627,680,
32700,5231,2547,2684,9154,4501,4653,10461,5078,5383,9153,4324,4829,5229,2532,2697,1308,628,680,
32705,5232,2548,2684,9155,4501,4654,10462,5078,5384,9154,4324,4830,5231,2532,2699,1308,628,680,
32710,5233,2548,2685,9157,4501,4656,10465,5079,5386,9156,4324,4832,5232,2533,2699,1308,628,680,
32715,5234,2549,2685,9158,4502,4656,10466,5079,5387,9158,4324,4834,5232,2533,2699,1308,628,680,
32720,5235,2549,2686,9160,4503,4657,10469,5081,5388,9159,4325,4834,5233,2533,2700,1308,628,680,
32725,5235,2549,2686,9161,4504,4657,10469,5081,5388,9160,4326,4834,5233,2533,2700,1309,628,681,
32730,5236,2549,2687,9162,4505,4657,10470,5082,5388,9161,4327,4834,5235,2534,2701,1309,628,681,
32735,5237,2550,2687,9164,4506,4658,10473,5083,5390,9163,4328,4835,5236,2535,2701,1309,628,681,
32740,5238,2550,2688,9165,4507,4658,10474,5084,5390,9165,4328,4837,5236,2535,2701,1309,628,681,
32745,5239,2550,2689,9167,4508,4659,10477,5085,5392,9166,4329,4837,5237,2535,2702,1309,628,681,
32750,5239,2550,2689,9168,4508,4660,10477,5085,5392,9167,4330,4837,5237,2535,2702,1310,629,681,
32755,5240,2551,2689,9169,4508,4661,10478,5086,5392,9168,4330,4838,5239,2535,2704,1310,629,681,
32760,5241,2552,2689,9171,4509,4662,10481,5088,5393,9170,4330,4840,5240,2535,2705,1310,629,681,
32765,5242,2553,2689,9172,4509,4663,10482,5088,5394,9172,4332,4840,5240,2535,2705,1310,629,681,
32770,5243,2554,2689,9174,4511,4663,10485,5089,5396,9173,4332,4841,5241,2535,2706,1310,629,681,
32775,5243,2554,2689,9175,4512,4663,10485,5089,5396,9174,4333,4841,5241,2535,2706,1311,630,681,
32780,5244,2554,2690,9176,4513,4663,10486,5089,5397,9175,4333,4842,5243,2535,2708,1311,630,681,
32785,5245,2554,2691,9178,4514,4664,10489,5089,5400,9177,4334,4843,5244,2536,2708,1311,630,681,
32790,5246,2554,2692,9179,4514,4665,10490,5090,5400,9179,4335,4844,5244,2536,2708,1311,630,681,
32795,5247,2554,2693,9181,4515,4666,10493,5093,5400,9180,4336,4844,5245,2536,2709,1311,630,681,
32800,5247,2554,2693,9182,4515,4667,10493,5093,5400,9181,4336,4845,5245,2536,2709,1312,630,682,
32805,5248,2554,2694,9183,4515,4668,10494,5093,5401,9182,4336,4846,5247,2537,2710,1312,630,682,
32810,5249,2555,2694,9185,4517,4668,10497,5093,5404,9184,4337,4847,5248,2537,2711,1312,630,682,
32815,5250,2555,2695,9186,4517,4669,10498,5093,5405,9186,4338,4848,5248,2537,2711,1312,630,682,
32820,5251,2555,2696,9188,4517,4671,10501,5094,5407,9187,4339,4848,5249,2537,2712,1312,630,682,
32825,5251,2555,2696,9189,4517,4672,10501,5094,5407,9188,4340,4848,5249,2537,2712,1313,631,682,
32830,5252,2555,2697,9190,4517,4673,10502,5095,5407,9189,4340,4849,5251,2539,2712,1313,631,682,
32835,5253,2556,2697,9192,4518,4674,10505,5096,5409,9191,4341,4850,5252,2539,2713,1313,631,682,
32840,5254,2556,2698,9193,4518,4675,10506,5096,5410,9193,4341,4852,5252,2539,2713,1313,631,682,
32845,5255,2556,2699,9195,4518,4677,10509,5097,5412,9194,4341,4853,5253,2540,2713,1313,631,682,
32850,5255,2556,2699,9196,4519,4677,10509,5097,5412,9195,4342,4853,5253,2540,2713,1314,632,682,
32855,5256,2557,2699,9197,4519,4678,10510,5098,5412,9196,4342,4854,5255,2541,2714,1314,632,682,
32860,5257,2558,2699,9199,4520,4679,10513,5098,5415,9198,4343,4855,5256,2541,2715,1314,632,682,
32865,5258,2559,2699,9200,4520,4680,10514,5099,5415,9200,4345,4855,5256,2541,2715,1314,632,682,
32870,5259,2559,2700,9202,4521,4681,10517,5100,5417,9201,4345,4856,5257,2542,2715,1314,632,682,
32875,5259,2559,2700,9203,4521,4682,10517,5100,5417,9202,4345,4857,5257,2542,2715,1315,632,683,
32880,5260,2560,2700,9204,4522,4682,10518,5100,5418,9203,4346,4857,5259,2543,2716,1315,632,683,
32885,5261,2561,2700,9206,4523,4683,10521,5101,5420,9205,4346,4859,5260,2543,2717,1315,632,683,
32890,5262,2562,2700,9207,4524,4683,10522,5102,5420,9207,4348,4859,5260,2543,2717,1315,632,683,
32895,5263,2563,2700,9209,4525,4684,10525,5103,5422,9208,4348,4860,5261,2543,2718,1315,632,683,
32900,5263,2563,2700,9210,4526,4684,10525,5103,5422,9209,4348,4861,5261,2543,2718,1316,633,683,
32905,5264,2564,2700,9211,4527,4684,10526,5104,5422,9210,4349,4861,5263,2544,2719,1316,633,683,
32910,5265,2565,2700,9213,4528,4685,10529,5105,5424,9212,4351,4861,5264,2545,2719,1316,633,683,
32915,5266,2565,2701,9214,4528,4686,10530,5105,5425,9214,4353,4861,5264,2545,2719,1316,633,683,
32920,5267,2565,2702,9216,4528,4688,10533,5105,5428,9215,4354,4861,5265,2545,2720,1316,633,683,
32925,5267,2565,2702,9217,4528,4689,10533,5105,5428,9216,4355,4861,5265,2545,2720,1317,634,683,
32930,5268,2565,2703,9218,4528,4690,10534,5105,5429,9217,4355,4862,5267,2546,2721,1317,634,683,
32935,5269,2565,2704,9220,4528,4692,10537,5107,5430,9219,4356,4863,5268,2547,2721,1317,634,683,
32940,5270,2565,2705,9221,4528,4693,10538,5108,5430,9221,4357,4864,5268,2547,2721,1317,634,683,
32945,5271,2565,2706,9223,4528,4695,10541,5110,5431,9222,4358,4864,5269,2547,2722,1317,634,683,
32950,5271,2565,2706,9224,4529,4695,10541,5110,5431,9223,4359,4864,5269,2547,2722,1318,635,683,
32955,5272,2566,2706,9225,4529,4696,10542,5111,5431,9224,4359,4865,5271,2549,2722,1318,635,683,
32960,5273,2567,2706,9227,4530,4697,10545,5113,5432,9226,4360,4866,5272,2550,2722,1318,635,683,
32965,5274,2568,2706,9228,4531,4697,10546,5113,5433,9228,4360,4868,5272,2550,2722,1318,635,683,
32970,5275,2568,2707,9230,4532,4698,10549,5114,5435,9229,4361,4868,5273,2551,2722,1318,635,683,
32975,5275,2568,2707,9231,4533,4698,10549,5114,5435,9230,4361,4869,5273,2551,2722,1319,636,683,
32980,5276,2568,2708,9232,4534,4698,10550,5114,5436,9231,4362,4869,5275,2551,2724,1319,636,683,
32985,5277,2568,2709,9234,4536,4698,10553,5115,5438,9233,4364,4869,5276,2552,2724,1319,636,683,
32990,5278,2569,2709,9235,4536,4699,10554,5115,5439,9235,4365,4870,5276,2552,2724,1319,636,683,
32995,5279,2569,2710,9237,4537,4700,10557,5116,5441,9236,4365,4871,5277,2553,2724,1319,636,683,
33000,5279,2569,2710,9238,4537,4701,10557,5116,5441,9237,4366,4871,5277,2553,2724,1320,637,683,
33005,5280,2569,2711,9239,4538,4701,10558,5116,5442,9238,4367,4871,5279,2554,2725,1320,637,683,
33010,5281,2570,2711,9241,4539,4702,10561,5118,5443,9240,4367,4873,5280,2555,2725,1320,637,683,
33015,5282,2571,2711,9242,4540,4702,10562,5118,5444,9242,4368,4874,5280,2555,2725,1320,637,683,
33020,5283,2572,2711,9244,4540,4704,10565,5119,5446,9243,4368,4875,5281,2556,2725,1320,637,683,
33025,5283,2572,2711,9245,4541,4704,10565,5119,5446,9244,4369,4875,5281,2556,2725,1321,638,683,
33030,5284,2573,2711,9246,4542,4704,10566,5120,5446,9245,4370,4875,5283,2557,2726,1321,638,683,
33035,5285,2573,2712,9248,4543,4705,10569,5120,5449,9247,4372,4875,5284,2557,2727,1321,638,683,
33040,5286,2573,2713,9249,4544,4705,10570,5120,5450,9249,4372,4877,5284,2557,2727,1321,638,683,
33045,5287,2573,2714,9251,4545,4706,10573,5121,5452,9250,4372,4878,5285,2558,2727,1321,638,683,
33050,5287,2573,2714,9252,4545,4707,10573,5121,5452,9251,4373,4878,5285,2558,2727,1322,638,684,
33055,5288,2573,2715,9253,4546,4707,10574,5122,5452,9252,4374,4878,5287,2558,2729,1322,638,684,
33060,5289,2573,2716,9255,4546,4709,10577,5122,5455,9254,4375,4879,5288,2559,2729,1322,638,684,
33065,5290,2574,2716,9256,4547,4709,10578,5123,5455,9256,4377,4879,5288,2559,2729,1322,638,684,
33070,5291,2574,2717,9258,4548,4710,10581,5124,5457,9257,4378,4879,5289,2560,2729,1322,638,684,
33075,5291,2574,2717,9259,4548,4711,10581,5124,5457,9258,4379,4879,5289,2560,2729,1323,638,685,
33080,5292,2575,2717,9260,4549,4711,10582,5125,5457,9259,4380,4879,5291,2561,2730,1323,638,685,
33085,5293,2575,2718,9262,4549,4713,10585,5125,5460,9261,4381,4880,5292,2562,2730,1323,638,685,
33090,5294,2576,2718,9263,4549,4714,10586,5125,5461,9263,4383,4880,5292,2562,2730,1323,638,685,
33095,5295,2577,2718,9265,4551,4714,10589,5127,5462,9264,4383,4881,5293,2563,2730,1323,638,685,
33100,5295,2577,2718,9266,4552,4714,10589,5127,5462,9265,4384,4881,5293,2563,2730,1324,638,686,
33105,5296,2578,2718,9267,4553,4714,10590,5128,5462,9266,4385,4881,5295,2565,2730,1324,638,686,
33110,5297,2578,2719,9269,4554,4715,10593,5129,5464,9268,4386,4882,5296,2566,2730,1324,638,686,
33115,5298,2579,2719,9270,4554,4716,10594,5130,5464,9270,4387,4883,5296,2566,2730,1324,638,686,
33120,5299,2580,2719,9272,4555,4717,10597,5131,5466,9271,4388,4883,5297,2567,2730,1324,638,686,
33125,5299,2580,2719,9273,4556,4717,10597,5131,5466,9272,4389,4883,5297,2567,2730,1325,639,686,
33130,5300,2580,2720,9274,4556,4718,10598,5131,5467,9273,4389,4884,5299,2569,2730,1325,639,686,
33135,5301,2580,2721,9276,4557,4719,10601,5134,5467,9275,4390,4885,5300,2569,2731,1325,639,686,
33140,5302,2581,2721,9277,4557,4720,10602,5135,5467,9277,4391,4886,5300,2569,2731,1325,639,686,
33145,5303,2581,2722,9279,4558,4721,10605,5137,5468,9278,4392,4886,5301,2570,2731,1325,639,686,
33150,5303,2581,2722,9280,4559,4721,10605,5137,5468,9279,4392,4887,5301,2570,2731,1326,640,686,
33155,5304,2581,2723,9281,4560,4721,10606,5137,5469,9280,4392,4888,5303,2571,2732,1326,640,686,
33160,5305,2582,2723,9283,4561,4722,10609,5138,5471,9282,4392,4890,5304,2572,2732,1326,640,686,
33165,5306,2582,2724,9284,4562,4722,10610,5139,5471,9284,4394,4890,5304,2572,2732,1326,640,686,
33170,5307,2583,2724,9286,4563,4723,10613,5141,5472,9285,4394,4891,5305,2573,2732,1326,640,686,
33175,5307,2583,2724,9287,4564,4723,10613,5141,5472,9286,4395,4891,5305,2573,2732,1327,640,687,
33180,5308,2584,2724,9288,4564,4724,10614,5142,5472,9287,4395,4892,5307,2575,2732,1327,640,687,
33185,5309,2584,2725,9290,4566,4724,10617,5144,5473,9289,4395,4894,5308,2575,2733,1327,640,687,
33190,5310,2584,2726,9291,4567,4724,10618,5145,5473,9291,4397,4894,5308,2575,2733,1327,640,687,
33195,5311,2584,2727,9293,4569,4724,10621,5146,5475,9292,4397,4895,5309,2575,2734,1327,640,687,
33200,5311,2584,2727,9294,4569,4725,10621,5146,5475,9293,4398,4895,5309,2575,2734,1328,640,688,
33205,5312,2585,2727,9295,4570,4725,10622,5147,5475,9294,4399,4895,5311,2575,2736,1328,640,688,
33210,5313,2586,2727,9297,4572,4725,10625,5148,5477,9296,4400,4896,5312,2575,2737,1328,640,688,
33215,5314,2587,2727,9298,4573,4725,10626,5149,5477,9298,4401,4897,5312,2575,2737,1328,640,688,
33220,5315,2588,2727,9300,4575,4725,10629,5151,5478,9299,4402,4897,5313,2576,2737,1328,640,688,
33225,5315,2588,2727,9301,4576,4725,10629,5151,5478,9300,4402,4898,5313,2576,2737,1329,641,688,
33230,5316,2589,2727,9302,4577,4725,10630,5152,5478,9301,4403,4898,5315,2577,2738,1329,641,688,
33235,5317,2590,2727,9304,4578,4726,10633,5153,5480,9303,4405,4898,5316,2577,2739,1329,641,688,
33240,5318,2590,2728,9305,4578,4727,10634,5154,5480,9305,4406,4899,5316,2577,2739,1329,641,688,
33245,5319,2590,2729,9307,4578,4729,10637,5155,5482,9306,4407,4899,5317,2577,2740,1329,641,688,
33250,5319,2590,2729,9308,4579,4729,10637,5155,5482,9307,4408,4899,5317,2577,2740,1330,641,689,
33255,5320,2590,2730,9309,4580,4729,10638,5156,5482,9308,4408,4900,5319,2579,2740,1330,641,689,
33260,5321,2590,2731,9311,4581,4730,10641,5158,5483,9310,4409,4901,5320,2580,2740,1330,641,689,
33265,5322,2590,2732,9312,4582,4730,10642,5159,5483,9312,4409,4903,5320,2580,2740,1330,641,689,
33270,5323,2591,2732,9314,4582,4732,10645,5159,5486,9313,4409,4904,5321,2581,2740,1330,641,689,
33275,5323,2591,2732,9315,4583,4732,10645,5159,5486,9314,4409,4905,5321,2581,2740,1331,641,690,
33280,5324,2591,2733,9316,4584,4732,10646,5159,5487,9315,4410,4905,5323,2582,2741,1331,641,690,
33285,5325,2592,2733,9318,4584,4734,10649,5161,5488,9317,4411,4906,5324,2583,2741,1331,641,690,
33290,5326,2593,2733,9319,4584,4735,10650,5161,5489,9319,4412,4907,5324,2583,2741,1331,641,690,
33295,5327,2594,2733,9321,4585,4736,10653,5163,5490,9320,4412,4908,5325,2584,2741,1331,641,690,
33300,5327,2594,2733,9322,4585,4737,10653,5163,5490,9321,4413,4908,5325,2584,2741,1332,641,691,
33305,5328,2595,2733,9323,4585,4738,10654,5164,5490,9322,4413,4909,5327,2585,2742,1332,641,691,
33310,5329,2596,2733,9325,4586,4739,10657,5167,5490,9324,4414,4910,5328,2585,2743,1332,641,691,
33315,5330,2596,2734,9326,4586,4740,10658,5167,5491,9326,4415,4911,5328,2585,2743,1332,641,691,
33320,5331,2596,2735,9328,4587,4741,10661,5168,5493,9327,4416,4911,5329,2585,2744,1332,641,691,
33325,5331,2596,2735,9329,4587,4742,10661,5168,5493,9328,4417,4911,5329,2585,2744,1333,641,692,
33330,5332,2597,2735,9330,4587,4743,10662,5168,5494,9329,4418,4911,5331,2586,2745,1333,641,692,
33335,5333,2597,2736,9332,4588,4744,10665,5169,5496,9331,4418,4913,5332,2586,2746,1333,641,692,
33340,5334,2598,2736,9333,4588,4745,10666,5170,5496,9333,4420,4913,5332,2586,2746,1333,641,692,
33345,5335,2599,2736,9335,4590,4745,10669,5171,5498,9334,4421,4913,5333,2587,2746,1333,641,692,
33350,5335,2599,2736,9336,4590,4746,10669,5171,5498,9335,4421,4914,5333,2587,2746,1334,642,692,
33355,5336,2599,2737,9337,4591,4746,10670,5171,5499,9336,4422,4914,5335,2589,2746,1334,642,692,
33360,5337,2599,2738,9339,4592,4747,10673,5172,5501,9338,4423,4915,5336,2590,2746,1334,642,692,
33365,5338,2599,2739,9340,4592,4748,10674,5173,5501,9340,4424,4916,5336,2590,2746,1334,642,692,
33370,5339,2600,2739,9342,4592,4750,10677,5174,5503,9341,4425,4916,5337,2591,2746,1334,642,692,
33375,5339,2600,2739,9343,4592,4751,10677,5174,5503,9342,4425,4917,5337,2591,2746,1335,643,692,
33380,5340,2601,2739,9344,4592,4752,10678,5175,5503,9343,4425,4918,5339,2592,2747,1335,643,692,
33385,5341,2602,2739,9346,4593,4753,10681,5176,5505,9345,4427,4918,5340,2592,2748,1335,643,692,
33390,5342,2602,2740,9347,4593,4754,10682,5177,5505,9347,4428,4919,5340,2592,2748,1335,643,692,
33395,5343,2602,2741,9349,4593,4756,10685,5178,5507,9348,4428,4920,5341,2592,2749,1335,643,692,
33400,5343,2602,2741,9350,4593,4757,10685,5178,5507,9349,4429,4920,5341,2592,2749,1336,643,693,
33405,5344,2603,2741,9351,4593,4758,10686,5178,5508,9350,4430,4920,5343,2592,2751,1336,643,693,
33410,5345,2603,2742,9353,4595,4758,10689,5179,5510,9352,4431,4921,5344,2592,2752,1336,643,693,
33415,5346,2604,2742,9354,4596,4758,10690,5179,5511,9354,4432,4922,5344,2592,2752,1336,643,693,
33420,5347,2604,2743,9356,4597,4759,10693,5180,5513,9355,4432,4923,5345,2592,2753,1336,643,693,
33425,5347,2604,2743,9357,4598,4759,10693,5180,5513,9356,4432,4924,5345,2592,2753,1337,644,693,
33430,5348,2604,2744,9358,4599,4759,10694,5180,5514,9357,4432,4925,5347,2592,2755,1337,644,693,
33435,5349,2604,2745,9360,4600,4760,10697,5182,5515,9359,4432,4927,5348,2593,2755,1337,644,693,
33440,5350,2604,2746,9361,4601,4760,10698,5182,5516,9361,4432,4929,5348,2593,2755,1337,644,693,
33445,5351,2605,2746,9363,4601,4762,10701,5183,5518,9362,4432,4930,5349,2593,2756,1337,644,693,
33450,5351,2605,2746,9364,4601,4763,10701,5183,5518,9363,4432,4931,5349,2593,2756,1338,644,694,
33455,5352,2605,2747,9365,4602,4763,10702,5184,5518,9364,4432,4932,5351,2593,2758,1338,644,694,
33460,5353,2605,2748,9367,4603,4764,10705,5185,5520,9366,4432,4934,5352,2594,2758,1338,644,694,
33465,5354,2606,2748,9368,4603,4765,10706,5186,5520,9368,4432,4936,5352,2594,2758,1338,644,694,
33470,5355,2606,2749,9370,4604,4766,10709,5187,5522,9369,4432,4937,5353,2594,2759,1338,644,694,
33475,5355,2606,2749,9371,4605,4766,10709,5187,5522,9370,4433,4937,5353,2594,2759,1339,644,695,
33480,5356,2606,2750,9372,4605,4767,10710,5188,5522,9371,4433,4938,5355,2596,2759,1339,644,695,
33485,5357,2607,2750,9374,4607,4767,10713,5189,5524,9373,4435,4938,5356,2596,2760,1339,644,695,
33490,5358,2607,2751,9375,4607,4768,10714,5189,5525,9375,4437,4938,5356,2596,2760,1339,644,695,
33495,5359,2607,2752,9377,4608,4769,10717,5191,5526,9376,4438,4938,5357,2596,2761,1339,644,695,
33500,5359,2607,2752,9378,4609,4769,10717,5191,5526,9377,4438,4939,5357,2596,2761,1340,644,696,
33505,5360,2607,2753,9379,4610,4769,10718,5192,5526,9378,4438,4940,5359,2598,2761,1340,644,696,
33510,5361,2608,2753,9381,4611,4770,10721,5194,5527,9380,4438,4942,5360,2598,2762,1340,644,696,
33515,5362,2609,2753,9382,4611,4771,10722,5195,5527,9382,4438,4944,5360,2598,2762,1340,644,696,
33520,5363,2609,2754,9384,4612,4772,10725,5196,5529,9383,4439,4944,5361,2599,2762,1340,644,696,
33525,5363,2609,2754,9385,4612,4773,10725,5196,5529,9384,4440,4944,5361,2599,2762,1341,645,696,
33530,5364,2610,2754,9386,4612,4774,10726,5197,5529,9385,4441,4944,5363,2601,2762,1341,645,696,
33535,5365,2610,2755,9388,4613,4775,10729,5199,5530,9387,4441,4946,5364,2601,2763,1341,645,696,
33540,5366,2610,2756,9389,4613,4776,10730,5200,5530,9389,4441,4948,5364,2601,2763,1341,645,696,
33545,5367,2611,2756,9391,4614,4777,10733,5203,5530,9390,4441,4949,5365,2602,2763,1341,645,696,
33550,5367,2611,2756,9392,4615,4777,10733,5203,5530,9391,4442,4949,5365,2602,2763,1342,646,696,
33555,5368,2612,2756,9393,4616,4777,10734,5203,5531,9392,4442,4950,5367,2604,2763,1342,646,696,
33560,5369,2612,2757,9395,4618,4777,10737,5206,5531,9394,4444,4950,5368,2604,2764,1342,646,696,
33565,5370,2612,2758,9396,4619,4777,10738,5207,5531,9396,4445,4951,5368,2604,2764,1342,646,696,
33570,5371,2612,2759,9398,4620,4778,10741,5209,5532,9397,4445,4952,5369,2605,2764,1342,646,696,
33575,5371,2612,2759,9399,4620,4779,10741,5209,5532,9398,4446,4952,5369,2605,2764,1343,647,696,
33580,5372,2612,2760,9400,4621,4779,10742,5209,5533,9399,4447,4952,5371,2606,2765,1343,647,696,
33585,5373,2613,2760,9402,4622,4780,10745,5210,5535,9401,4447,4954,5372,2606,2766,1343,647,696,
33590,5374,2613,2761,9403,4623,4780,10746,5211,5535,9403,4449,4954,5372,2606,2766,1343,647,696,
33595,5375,2614,2761,9405,4623,4782,10749,5211,5538,9404,4449,4955,5373,2607,2766,1343,647,696,
33600,5375,2614,2761,9406,4624,4782,10749,5211,5538,9405,4450,4955,5373,2607,2766,1344,647,697,
33605,5376,2614,2762,9407,4624,4783,10750,5212,5538,9406,4450,4956,5375,2607,2768,1344,647,697,
33610,5377,2614,2763,9409,4625,4784,10753,5214,5539,9408,4452,4956,5376,2607,2769,1344,647,697,
33615,5378,2614,2764,9410,4626,4784,10754,5214,5540,9410,4453,4957,5376,2607,2769,1344,647,697,
33620,5379,2615,2764,9412,4627,4785,10757,5216,5541,9411,4454,4957,5377,2608,2769,1344,647,697,
33625,5379,2615,2764,9413,4627,4786,10757,5216,5541,9412,4455,4957,5377,2608,2769,1345,647,698,
33630,5380,2616,2764,9414,4627,4787,10758,5217,5541,9413,4456,4957,5379,2609,2770,1345,647,698,
33635,5381,2616,2765,9416,4628,4788,10761,5218,5543,9415,4457,4958,5380,2609,2771,1345,647,698,
33640,5382,2616,2766,9417,4629,4788,10762,5219,5543,9417,4458,4959,5380,2609,2771,1345,647,698,
33645,5383,2617,2766,9419,4631,4788,10765,5220,5545,9418,4459,4959,5381,2610,2771,1345,647,698,
33650,5383,2617,2766,9420,4632,4788,10765,5220,5545,9419,4460,4959,5381,2610,2771,1346,647,699,
33655,5384,2617,2767,9421,4632,4789,10766,5221,5545,9420,4460,4960,5383,2611,2772,1346,647,699,
33660,5385,2618,2767,9423,4634,4789,10769,5222,5547,9422,4462,4960,5384,2612,2772,1346,647,699,
33665,5386,2618,2768,9424,4634,4790,10770,5223,5547,9424,4463,4961,5384,2612,2772,1346,647,699,
33670,5387,2619,2768,9426,4636,4790,10773,5224,5549,9425,4463,4962,5385,2613,2772,1346,647,699,
33675,5387,2619,2768,9427,4637,4790,10773,5224,5549,9426,4463,4963,5385,2613,2772,1347,647,700,
33680,5388,2620,2768,9428,4637,4791,10774,5225,5549,9427,4464,4963,5387,2614,2773,1347,647,700,
33685,5389,2620,2769,9430,4639,4791,10777,5226,5551,9429,4465,4964,5388,2615,2773,1347,647,700,
33690,5390,2620,2770,9431,4640,4791,10778,5226,5552,9431,4467,4964,5388,2615,2773,1347,647,700,
33695,5391,2620,2771,9433,4641,4792,10781,5226,5555,9432,4468,4964,5389,2616,2773,1347,647,700,
33700,5391,2620,2771,9434,4641,4793,10781,5226,5555,9433,4468,4965,5389,2616,2773,1348,648,700,
33705,5392,2620,2772,9435,4641,4794,10782,5227,5555,9434,4469,4965,5391,2616,2775,1348,648,700,
33710,5393,2621,2772,9437,4641,4796,10785,5229,5556,9436,4469,4967,5392,2617,2775,1348,648,700,
33715,5394,2622,2772,9438,4641,4797,10786,5229,5557,9438,4469,4969,5392,2617,2775,1348,648,700,
33720,5395,2622,2773,9440,4641,4799,10789,5229,5560,9439,4470,4969,5393,2618,2775,1348,648,700,
33725,5395,2622,2773,9441,4642,4799,10789,5229,5560,9440,4471,4969,5393,2618,2775,1349,649,700,
33730,5396,2622,2774,9442,4643,4799,10790,5229,5561,9441,4472,4969,5395,2619,2776,1349,649,700,
33735,5397,2623,2774,9444,4643,4801,10793,5229,5564,9443,4473,4970,5396,2619,2777,1349,649,700,
33740,5398,2624,2774,9445,4644,4801,10794,5229,5565,9445,4474,4971,5396,2619,2777,1349,649,700,
33745,5399,2625,2774,9447,4645,4802,10797,5230,5567,9446,4474,4972,5397,2620,2777,1349,649,700,
33750,5399,2625,2774,9448,4646,4802,10797,5230,5567,9447,4474,4973,5397,2620,2777,1350,650,700,
33755,5400,2626,2774,9449,4647,4802,10798,5230,5568,9448,4474,4974,5399,2622,2777,1350,650,700,
33760,5401,2626,2775,9451,4647,4804,10801,5231,5570,9450,4475,4975,5400,2623,2777,1350,650,700,
33765,5402,2626,2776,9452,4648,4804,10802,5232,5570,9452,4476,4976,5400,2623,2777,1350,650,700,
33770,5403,2626,2777,9454,4650,4804,10805,5233,5572,9453,4477,4976,5401,2623,2778,1350,650,700,
33775,5403,2626,2777,9455,4650,4805,10805,5233,5572,9454,4477,4977,5401,2623,2778,1351,651,700,
33780,5404,2627,2777,9456,4651,4805,10806,5233,5573,9455,4478,4977,5403,2624,2779,1351,651,700,
33785,5405,2627,2778,9458,4651,4807,10809,5233,5576,9457,4479,4978,5404,2625,2779,1351,651,700,
33790,5406,2628,2778,9459,4651,4808,10810,5234,5576,9459,4480,4979,5404,2625,2779,1351,651,700,
33795,5407,2629,2778,9461,4652,4809,10813,5236,5577,9460,4480,4980,5405,2626,2779,1351,651,700,
33800,5407,2629,2778,9462,4652,4810,10813,5236,5577,9461,4481,4980,5405,2626,2779,1352,651,701,
33805,5408,2630,2778,9463,4653,4810,10814,5236,5578,9462,4481,4981,5407,2626,2781,1352,651,701,
33810,5409,2630,2779,9465,4654,4811,10817,5239,5578,9464,4482,4982,5408,2626,2782,1352,651,701,
33815,5410,2631,2779,9466,4654,4812,10818,5240,5578,9466,4483,4983,5408,2626,2782,1352,651,701,
33820,5411,2631,2780,9468,4655,4813,10821,5242,5579,9467,4483,4984,5409,2627,2782,1352,651,701,
33825,5411,2631,2780,9469,4655,4814,10821,5242,5579,9468,4483,4985,5409,2627,2782,1353,652,701,
33830,5412,2631,2781,9470,4655,4815,10822,5242,5580,9469,4483,4986,5411,2628,2783,1353,652,701,
33835,5413,2632,2781,9472,4655,4817,10825,5243,5582,9471,4485,4986,5412,2629,2783,1353,652,701,
33840,5414,2633,2781,9473,4655,4818,10826,5244,5582,9473,4485,4988,5412,2629,2783,1353,652,701,
33845,5415,2634,2781,9475,4656,4819,10829,5244,5585,9474,4486,4988,5413,2629,2784,1353,652,701,
33850,5415,2634,2781,9476,4656,4820,10829,5244,5585,9475,4486,4989,5413,2629,2784,1354,652,702,
33855,5416,2634,2782,9477,4656,4821,10830,5244,5586,9476,4486,4990,5415,2631,2784,1354,652,702,
33860,5417,2634,2783,9479,4657,4822,10833,5246,5587,9478,4488,4990,5416,2631,2785,1354,652,702,
33865,5418,2634,2784,9480,4658,4822,10834,5247,5587,9480,4489,4991,5416,2631,2785,1354,652,702,
33870,5419,2634,2785,9482,4659,4823,10837,5249,5588,9481,4490,4991,5417,2632,2785,1354,652,702,
33875,5419,2634,2785,9483,4660,4823,10837,5249,5588,9482,4490,4992,5417,2632,2785,1355,652,703,
33880,5420,2635,2785,9484,4661,4823,10838,5250,5588,9483,4491,4992,5419,2633,2786,1355,652,703,
33885,5421,2635,2786,9486,4662,4824,10841,5251,5590,9485,4492,4993,5420,2634,2786,1355,652,703,
33890,5422,2636,2786,9487,4662,4825,10842,5251,5591,9487,4493,4994,5420,2634,2786,1355,652,703,
33895,5423,2636,2787,9489,4662,4827,10845,5253,5592,9488,4493,4995,5421,2634,2787,1355,652,703,
33900,5423,2636,2787,9490,4663,4827,10845,5253,5592,9489,4494,4995,5421,2634,2787,1356,652,704,
33905,5424,2637,2787,9491,4663,4828,10846,5253,5593,9490,4494,4996,5423,2635,2788,1356,652,704,
33910,5425,2637,2788,9493,4664,4829,10849,5255,5594,9492,4494,4998,5424,2635,2789,1356,652,704,
33915,5426,2637,2789,9494,4665,4829,10850,5256,5594,9494,4495,4999,5424,2635,2789,1356,652,704,
33920,5427,2637,2790,9496,4665,4831,10853,5258,5595,9495,4495,5000,5425,2636,2789,1356,652,704,
33925,5427,2637,2790,9497,4665,4832,10853,5258,5595,9496,4496,5000,5425,2636,2789,1357,652,705,
33930,5428,2638,2790,9498,4665,4833,10854,5258,5596,9497,4497,5000,5427,2637,2790,1357,652,705,
33935,5429,2638,2791,9500,4665,4835,10857,5261,5596,9499,4499,5000,5428,2638,2790,1357,652,705,
33940,5430,2638,2792,9501,4666,4835,10858,5262,5596,9501,4500,5001,5428,2638,2790,1357,652,705,
33945,5431,2639,2792,9503,4667,4836,10861,5262,5599,9502,4500,5002,5429,2638,2791,1357,652,705,
33950,5431,2639,2792,9504,4667,4837,10861,5262,5599,9503,4501,5002,5429,2638,2791,1358,652,706,
33955,5432,2640,2792,9505,4668,4837,10862,5262,5600,9504,4502,5002,5431,2638,2793,1358,652,706,
33960,5433,2640,2793,9507,4668,4839,10865,5263,5602,9506,4503,5003,5432,2638,2794,1358,652,706,
33965,5434,2641,2793,9508,4669,4839,10866,5264,5602,9508,4504,5004,5432,2638,2794,1358,652,706,
33970,5435,2642,2793,9510,4670,4840,10869,5264,5605,9509,4505,5004,5433,2639,2794,1358,652,706,
33975,5435,2642,2793,9511,4671,4840,10869,5264,5605,9510,4505,5005,5433,2639,2794,1359,652,707,
33980,5436,2642,2794,9512,4671,4841,10870,5264,5606,9511,4506,5005,5435,2641,2794,1359,652,707,
33985,5437,2642,2795,9514,4673,4841,10873,5266,5607,9513,4506,5007,5436,2641,2795,1359,652,707,
33990,5438,2642,2796,9515,4674,4841,10874,5267,5607,9515,4507,5008,5436,2641,2795,1359,652,707,
33995,5439,2642,2797,9517,4675,4842,10877,5269,5608,9516,4508,5008,5437,2641,2796,1359,652,707,
34000,5439,2642,2797,9518,4675,4843,10877,5269,5608,9517,4508,5009,5437,2641,2796,1360,652,708,
34005,5440,2642,2798,9519,4676,4843,10878,5269,5609,9518,4508,5010,5439,2643,2796,1360,652,708,
34010,5441,2643,2798,9521,4677,4844,10881,5271,5610,9520,4509,5011,5440,2643,2797,1360,652,708,
34015,5442,2643,2799,9522,4678,4844,10882,5271,5611,9522,4510,5012,5440,2643,2797,1360,652,708,
34020,5443,2643,2800,9524,4679,4845,10885,5273,5612,9523,4511,5012,5441,2644,2797,1360,652,708,
34025,5443,2643,2800,9525,4680,4845,10885,5273,5612,9524,4512,5012,5441,2644,2797,1361,653,708,
34030,5444,2644,2800,9526,4680,4846,10886,5274,5612,9525,4513,5012,5443,2645,2798,1361,653,708,
34035,5445,2644,2801,9528,4681,4847,10889,5277,5612,9527,4515,5012,5444,2645,2799,1361,653,708,
34040,5446,2644,2802,9529,4681,4848,10890,5278,5612,9529,4516,5013,5444,2645,2799,1361,653,708,
34045,5447,2644,2803,9531,4681,4850,10893,5281,5612,9530,4516,5014,5445,2645,2800,1361,653,708,
34050,5447,2644,2803,9532,4682,4850,10893,5281,5612,9531,4517,5014,5445,2645,2800,1362,654,708,
34055,5448,2644,2804,9533,4683,4850,10894,5282,5612,9532,4517,5015,5447,2647,2800,1362,654,708,
34060,5449,2644,2805,9535,4683,4852,10897,5285,5612,9534,4518,5016,5448,2648,2800,1362,654,708,
34065,5450,2644,2806,9536,4683,4853,10898,5286,5612,9536,4520,5016,5448,2648,2800,1362,654,708,
34070,5451,2645,2806,9538,4683,4855,10901,5288,5613,9537,4521,5016,5449,2649,2800,1362,654,708,
34075,5451,2645,2806,9539,4683,4856,10901,5288,5613,9538,4522,5016,5449,2649,2800,1363,655,708,
34080,5452,2645,2807,9540,4683,4857,10902,5289,5613,9539,4522,5017,5451,2651,2800,1363,655,708,
34085,5453,2645,2808,9542,4684,4858,10905,5289,5616,9541,4524,5017,5452,2652,2800,1363,655,708,
34090,5454,2646,2808,9543,4684,4859,10906,5289,5617,9543,4524,5019,5452,2652,2800,1363,655,708,
34095,5455,2646,2809,9545,4685,4860,10909,5289,5620,9544,4525,5019,5453,2652,2801,1363,655,708,
34100,5455,2646,2809,9546,4686,4860,10909,5289,5620,9545,4526,5019,5453,2652,2801,1364,656,708,
34105,5456,2647,2809,9547,4686,4861,10910,5290,5620,9546,4527,5019,5455,2653,2802,1364,656,708,
34110,5457,2647,2810,9549,4687,4862,10913,5291,5622,9548,4528,5020,5456,2654,2802,1364,656,708,
34115,5458,2648,2810,9550,4687,4863,10914,5292,5622,9550,4529,5021,5456,2654,2802,1364,656,708,
34120,5459,2648,2811,9552,4688,4864,10917,5293,5624,9551,4530,5021,5457,2655,2802,1364,656,708,
34125,5459,2648,2811,9553,4688,4865,10917,5293,5624,9552,4531,5021,5457,2655,2802,1365,656,709,
34130,5460,2649,2811,9554,4688,4866,10918,5293,5625,9553,4531,5022,5459,2655,2804,1365,656,709,
34135,5461,2650,2811,9556,4689,4867,10921,5293,5628,9555,4533,5022,5460,2656,2804,1365,656,709,
34140,5462,2650,2812,9557,4690,4867,10922,5293,5629,9557,4534,5023,5460,2656,2804,1365,656,709,
34145,5463,2651,2812,9559,4691,4868,10925,5295,5630,9558,4534,5024,5461,2657,2804,1365,656,709,
34150,5463,2651,2812,9560,4692,4868,10925,5295,5630,9559,4534,5025,5461,2657,2804,1366,657,709,
34155,5464,2652,2812,9561,4693,4868,10926,5295,5631,9560,4535,5025,5463,2658,2805,1366,657,709,
34160,5465,2653,2812,9563,4694,4869,10929,5296,5633,9562,4536,5026,5464,2658,2806,1366,657,709,
34165,5466,2653,2813,9564,4694,4870,10930,5297,5633,9564,4537,5027,5464,2658,2806,1366,657,709,
34170,5467,2654,2813,9566,4695,4871,10933,5298,5635,9565,4537,5028,5465,2658,2807,1366,657,709,
34175,5467,2654,2813,9567,4695,4872,10933,5298,5635,9566,4538,5028,5465,2658,2807,1367,657,710,
34180,5468,2654,2814,9568,4695,4873,10934,5298,5636,9567,4539,5028,5467,2660,2807,1367,657,710,
34185,5469,2654,2815,9570,4695,4875,10937,5300,5637,9569,4539,5030,5468,2661,2807,1367,657,710,
34190,5470,2655,2815,9571,4696,4875,10938,5300,5638,9571,4540,5031,5468,2661,2807,1367,657,710,
34195,5471,2656,2815,9573,4696,4877,10941,5301,5640,9572,4541,5031,5469,2661,2808,1367,657,710,
34200,5471,2656,2815,9574,4696,4878,10941,5301,5640,9573,4541,5032,5469,2661,2808,1368,657,711,
34205,5472,2657,2815,9575,4696,4879,10942,5301,5641,9574,4542,5032,5471,2663,2808,1368,657,711,
34210,5473,2658,2815,9577,4697,4880,10945,5302,5643,9576,4543,5033,5472,2664,2808,1368,657,711,
34215,5474,2659,2815,9578,4697,4881,10946,5302,5644,9578,4544,5034,5472,2664,2808,1368,657,711,
34220,5475,2660,2815,9580,4697,4883,10949,5304,5645,9579,4545,5034,5473,2664,2809,1368,657,711,
34225,5475,2660,2815,9581,4697,4884,10949,5304,5645,9580,4545,5035,5473,2664,2809,1369,657,712,
34230,5476,2660,2816,9582,4698,4884,10950,5305,5645,9581,4546,5035,5475,2664,2811,1369,657,712,
34235,5477,2660,2817,9584,4699,4885,10953,5305,5648,9583,4547,5036,5476,2664,2812,1369,657,712,
34240,5478,2661,2817,9585,4700,4885,10954,5305,5649,9585,4549,5036,5476,2664,2812,1369,657,712,
34245,5479,2662,2817,9587,4702,4885,10957,5308,5649,9586,4550,5036,5477,2664,2813,1369,657,712,
34250,5479,2662,2817,9588,4702,4886,10957,5308,5649,9587,4550,5037,5477,2664,2813,1370,658,712,
34255,5480,2663,2817,9589,4702,4887,10958,5308,5650,9588,4550,5038,5479,2665,2814,1370,658,712,
34260,5481,2663,2818,9591,4702,4889,10961,5311,5650,9590,4552,5038,5480,2665,2815,1370,658,712,
34265,5482,2663,2819,9592,4703,4889,10962,5312,5650,9592,4553,5039,5480,2665,2815,1370,658,712,
34270,5483,2663,2820,9594,4704,4890,10965,5312,5653,9593,4554,5039,5481,2665,2816,1370,658,712,
34275,5483,2663,2820,9595,4704,4891,10965,5312,5653,9594,4555,5039,5481,2665,2816,1371,658,713,
34280,5484,2663,2821,9596,4705,4891,10966,5312,5654,9595,4555,5040,5483,2666,2817,1371,658,713,
34285,5485,2664,2821,9598,4705,4893,10969,5314,5655,9597,4556,5041,5484,2667,2817,1371,658,713,
34290,5486,2664,2822,9599,4706,4893,10970,5315,5655,9599,4556,5043,5484,2667,2817,1371,658,713,
34295,5487,2665,2822,9601,4707,4894,10973,5317,5656,9600,4556,5044,5485,2667,2818,1371,658,713,
34300,5487,2665,2822,9602,4708,4894,10973,5317,5656,9601,4557,5044,5485,2667,2818,1372,658,714,
34305,5488,2666,2822,9603,4708,4895,10974,5317,5657,9602,4558,5044,5487,2668,2819,1372,658,714,
34310,5489,2666,2823,9605,4709,4896,10977,5320,5657,9604,4560,5044,5488,2668,2820,1372,658,714,
34315,5490,2667,2823,9606,4710,4896,10978,5321,5657,9606,4560,5046,5488,2668,2820,1372,658,714,
34320,5491,2668,2823,9608,4710,4898,10981,5324,5657,9607,4560,5047,5489,2669,2820,1372,658,714,
34325,5491,2668,2823,9609,4710,4899,10981,5324,5657,9608,4560,5048,5489,2669,2820,1373,659,714,
34330,5492,2668,2824,9610,4710,4900,10982,5325,5657,9609,4561,5048,5491,2671,2820,1373,659,714,
34335,5493,2668,2825,9612,4712,4900,10985,5326,5659,9611,4561,5050,5492,2671,2821,1373,659,714,
34340,5494,2669,2825,9613,4712,4901,10986,5326,5660,9613,4562,5051,5492,2671,2821,1373,659,714,
34345,5495,2669,2826,9615,4714,4901,10989,5328,5661,9614,4563,5051,5493,2672,2821,1373,659,714,
34350,5495,2669,2826,9616,4715,4901,10989,5328,5661,9615,4564,5051,5493,2672,2821,1374,659,715,
34355,5496,2670,2826,9617,4715,4902,10990,5328,5662,9616,4565,5051,5495,2674,2821,1374,659,715,
34360,5497,2671,2826,9619,4716,4903,10993,5330,5663,9618,4566,5052,5496,2674,2822,1374,659,715,
34365,5498,2672,2826,9620,4717,4903,10994,5331,5663,9620,4567,5053,5496,2674,2822,1374,659,715,
34370,5499,2672,2827,9622,4717,4905,10997,5331,5666,9621,4567,5054,5497,2674,2823,1374,659,715,
34375,5499,2672,2827,9623,4717,4906,10997,5331,5666,9622,4567,5055,5497,2674,2823,1375,659,716,
34380,5500,2672,2828,9624,4717,4907,10998,5331,5667,9623,4567,5056,5499,2676,2823,1375,659,716,
34385,5501,2672,2829,9626,4717,4909,11001,5331,5670,9625,4568,5057,5500,2677,2823,1375,659,716,
34390,5502,2673,2829,9627,4717,4910,11002,5331,5671,9627,4568,5059,5500,2677,2823,1375,659,716,
34395,5503,2674,2829,9629,4718,4911,11005,5334,5671,9628,4569,5059,5501,2678,2823,1375,659,716,
34400,5503,2674,2829,9630,4719,4911,11005,5334,5671,9629,4570,5059,5501,2678,2823,1376,660,716,
34405,5504,2675,2829,9631,4719,4912,11006,5334,5672,9630,4570,5060,5503,2678,2825,1376,660,716,
34410,5505,2675,2830,9633,4720,4913,11009,5335,5674,9632,4572,5060,5504,2679,2825,1376,660,716,
34415,5506,2676,2830,9634,4721,4913,11010,5336,5674,9634,4573,5061,5504,2679,2825,1376,660,716,
34420,5507,2676,2831,9636,4722,4914,11013,5338,5675,9635,4574,5061,5505,2679,2826,1376,660,716,
34425,5507,2676,2831,9637,4722,4915,11013,5338,5675,9636,4575,5061,5505,2679,2826,1377,661,716,
34430,5508,2676,2832,9638,4722,4916,11014,5338,5676,9637,4575,5062,5507,2679,2828,1377,661,716,
34435,5509,2676,2833,9640,4723,4917,11017,5339,5678,9639,4576,5063,5508,2680,2828,1377,661,716,
34440,5510,2676,2834,9641,4724,4917,11018,5339,5679,9641,4577,5064,5508,2680,2828,1377,661,716,
34445,5511,2676,2835,9643,4725,4918,11021,5339,5682,9642,4577,5065,5509,2681,2828,1377,661,716,
34450,5511,2676,2835,9644,4725,4919,11021,5339,5682,9643,4578,5065,5509,2681,2828,1378,662,716,
34455,5512,2676,2836,9645,4725,4920,11022,5340,5682,9644,4579,5065,5511,2683,2828,1378,662,716,
34460,5513,2677,2836,9647,4726,4921,11025,5340,5685,9646,4581,5065,5512,2683,2829,1378,662,716,
34465,5514,2677,2837,9648,4726,4922,11026,5340,5686,9648,4583,5065,5512,2683,2829,1378,662,716,
34470,5515,2678,2837,9650,4728,4922,11029,5341,5688,9649,4583,5066,5513,2684,2829,1378,662,716,
34475,5515,2678,2837,9651,4729,4922,11029,5341,5688,9650,4584,5066,5513,2684,2829,1379,662,717,
34480,5516,2679,2837,9652,4729,4923,11030,5342,5688,9651,4585,5066,5515,2685,2830,1379,662,717,
34485,5517,2679,2838,9654,4729,4925,11033,5344,5689,9653,4587,5066,5516,2686,2830,1379,662,717,
34490,5518,2679,2839,9655,4729,4926,11034,5344,5690,9655,4587,5068,5516,2686,2830,1379,662,717,
34495,5519,2679,2840,9657,4730,4927,11037,5346,5691,9656,4588,5068,5517,2686,2831,1379,662,717,
34500,5519,2679,2840,9658,4731,4927,11037,5346,5691,9657,4589,5068,5517,2686,2831,1380,662,718,
34505,5520,2679,2841,9659,4731,4928,11038,5346,5692,9658,4589,5069,5519,2687,2832,1380,662,718,
34510,5521,2680,2841,9661,4731,4930,11041,5349,5692,9660,4590,5070,5520,2687,2833,1380,662,718,
34515,5522,2681,2841,9662,4731,4931,11042,5350,5692,9662,4591,5071,5520,2687,2833,1380,662,718,
34520,5523,2682,2841,9664,4732,4932,11045,5351,5694,9663,4592,5071,5521,2688,2833,1380,662,718,
34525,5523,2682,2841,9665,4732,4933,11045,5351,5694,9664,4592,5072,5521,2688,2833,1381,663,718,
34530,5524,2683,2841,9666,4733,4933,11046,5351,5695,9665,4592,5073,5523,2688,2835,1381,663,718,
34535,5525,2683,2842,9668,4734,4934,11049,5353,5696,9667,4593,5074,5524,2689,2835,1381,663,718,
34540,5526,2684,2842,9669,4735,4934,11050,5354,5696,9669,4593,5076,5524,2689,2835,1381,663,718,
34545,5527,2685,2842,9671,4736,4935,11053,5356,5697,9670,4593,5077,5525,2690,2835,1381,663,718,
34550,5527,2685,2842,9672,4736,4936,11053,5356,5697,9671,4594,5077,5525,2690,2835,1382,663,719,
34555,5528,2686,2842,9673,4736,4937,11054,5357,5697,9672,4594,5078,5527,2691,2836,1382,663,719,
34560,5529,2686,2843,9675,4737,4938,11057,5359,5698,9674,4595,5079,5528,2692,2836,1382,663,719,
34565,5530,2687,2843,9676,4737,4939,11058,5360,5698,9676,4597,5079,5528,2692,2836,1382,663,719,
34570,5531,2688,2843,9678,4738,4940,11061,5362,5699,9677,4597,5080,5529,2693,2836,1382,663,719,
34575,5531,2688,2843,9679,4739,4940,11061,5362,5699,9678,4597,5081,5529,2693,2836,1383,663,720,
34580,5532,2689,2843,9680,4739,4941,11062,5363,5699,9679,4598,5081,5531,2694,2837,1383,663,720,
34585,5533,2690,2843,9682,4739,4943,11065,5365,5700,9681,4600,5081,5532,2694,2838,1383,663,720,
34590,5534,2690,2844,9683,4740,4943,11066,5366,5700,9683,4601,5082,5532,2694,2838,1383,663,720,
34595,5535,2690,2845,9685,4741,4944,11069,5367,5702,9684,4601,5083,5533,2695,2838,1383,663,720,
34600,5535,2690,2845,9686,4741,4945,11069,5367,5702,9685,4601,5084,5533,2695,2838,1384,663,721,
34605,5536,2690,2846,9687,4741,4946,11070,5368,5702,9686,4601,5085,5535,2696,2839,1384,663,721,
34610,5537,2691,2846,9689,4741,4948,11073,5369,5704,9688,4601,5087,5536,2697,2839,1384,663,721,
34615,5538,2691,2847,9690,4741,4949,11074,5369,5705,9690,4602,5088,5536,2697,2839,1384,663,721,
34620,5539,2691,2848,9692,4742,4950,11077,5371,5706,9691,4603,5088,5537,2697,2840,1384,663,721,
34625,5539,2691,2848,9693,4742,4951,11077,5371,5706,9692,4604,5088,5537,2697,2840,1385,663,722,
34630,5540,2691,2849,9694,4743,4951,11078,5372,5706,9693,4605,5088,5539,2697,2842,1385,663,722,
34635,5541,2692,2849,9696,4744,4952,11081,5373,5708,9695,4606,5089,5540,2698,2842,1385,663,722,
34640,5542,2692,2850,9697,4744,4953,11082,5374,5708,9697,4607,5090,5540,2698,2842,1385,663,722,
34645,5543,2693,2850,9699,4745,4954,11085,5375,5710,9698,4608,5090,5541,2698,2843,1385,663,722,
34650,5543,2693,2850,9700,4746,4954,11085,5375,5710,9699,4608,5091,5541,2698,2843,1386,664,722,
34655,5544,2694,2850,9701,4747,4954,11086,5376,5710,9700,4609,5091,5543,2698,2845,1386,664,722,
34660,5545,2694,2851,9703,4748,4955,11089,5378,5711,9702,4610,5092,5544,2698,2846,1386,664,722,
34665,5546,2694,2852,9704,4748,4956,11090,5378,5712,9704,4610,5094,5544,2698,2846,1386,664,722,
34670,5547,2694,2853,9706,4749,4957,11093,5379,5714,9705,4610,5095,5545,2698,2847,1386,664,722,
34675,5547,2694,2853,9707,4749,4958,11093,5379,5714,9706,4610,5096,5545,2698,2847,1387,664,723,
34680,5548,2695,2853,9708,4749,4959,11094,5379,5715,9707,4610,5097,5547,2698,2849,1387,664,723,
34685,5549,2695,2854,9710,4750,4960,11097,5380,5717,9709,4611,5098,5548,2699,2849,1387,664,723,
34690,5550,2696,2854,9711,4750,4961,11098,5380,5718,9711,4611,5100,5548,2699,2849,1387,664,723,
34695,5551,2696,2855,9713,4752,4961,11101,5383,5718,9712,4611,5101,5549,2699,2850,1387,664,723,
34700,5551,2696,2855,9714,4753,4961,11101,5383,5718,9713,4611,5102,5549,2699,2850,1388,665,723,
34705,5552,2696,2856,9715,4754,4961,11102,5384,5718,9714,4611,5103,5551,2699,2852,1388,665,723,
34710,5553,2697,2856,9717,4755,4962,11105,5386,5719,9716,4613,5103,5552,2700,2852,1388,665,723,
34715,5554,2697,2857,9718,4756,4962,11106,5386,5720,9718,4613,5105,5552,2700,2852,1388,665,723,
34720,5555,2698,2857,9720,4758,4962,11109,5388,5721,9719,4613,5106,5553,2701,2852,1388,665,723,
34725,5555,2698,2857,9721,4758,4963,11109,5388,5721,9720,4614,5106,5553,2701,2852,1389,665,724,
34730,5556,2698,2858,9722,4758,4964,11110,5388,5722,9721,4614,5107,5555,2702,2853,1389,665,724,
34735,5557,2699,2858,9724,4760,4964,11113,5388,5725,9723,4615,5108,5556,2702,2854,1389,665,724,
34740,5558,2699,2859,9725,4760,4965,11114,5389,5725,9725,4616,5109,5556,2702,2854,1389,665,724,
34745,5559,2699,2860,9727,4760,4967,11117,5389,5728,9726,4617,5109,5557,2703,2854,1389,665,724,
34750,5559,2699,2860,9728,4760,4968,11117,5389,5728,9727,4618,5109,5557,2703,2854,1390,666,724,
34755,5560,2699,2861,9729,4760,4969,11118,5390,5728,9728,4619,5109,5559,2704,2855,1390,666,724,
34760,5561,2699,2862,9731,4762,4969,11121,5392,5729,9730,4621,5109,5560,2705,2855,1390,666,724,
34765,5562,2699,2863,9732,4762,4970,11122,5392,5730,9732,4621,5111,5560,2705,2855,1390,666,724,
34770,5563,2699,2864,9734,4762,4972,11125,5394,5731,9733,4622,5111,5561,2705,2856,1390,666,724,
34775,5563,2699,2864,9735,4763,4972,11125,5394,5731,9734,4623,5111,5561,2705,2856,1391,667,724,
34780,5564,2699,2865,9736,4764,4972,11126,5394,5732,9735,4623,5112,5563,2706,2857,1391,667,724,
34785,5565,2699,2866,9738,4765,4973,11129,5394,5735,9737,4623,5114,5564,2706,2858,1391,667,724,
34790,5566,2699,2867,9739,4765,4974,11130,5394,5736,9739,4624,5115,5564,2706,2858,1391,667,724,
34795,5567,2700,2867,9741,4765,4976,11133,5395,5738,9740,4624,5116,5565,2707,2858,1391,667,724,
34800,5567,2700,2867,9742,4765,4977,11133,5395,5738,9741,4625,5116,5565,2707,2858,1392,667,725,
34805,5568,2700,2868,9743,4766,4977,11134,5395,5739,9742,4625,5117,5567,2708,2859,1392,667,725,
34810,5569,2700,2869,9745,4768,4977,11137,5396,5741,9744,4627,5117,5568,2708,2860,1392,667,725,
34815,5570,2701,2869,9746,4768,4978,11138,5397,5741,9746,4627,5119,5568,2708,2860,1392,667,725,
34820,5571,2701,2870,9748,4769,4979,11141,5397,5744,9747,4627,5120,5569,2708,2861,1392,667,725,
34825,5571,2701,2870,9749,4770,4979,11141,5397,5744,9748,4627,5121,5569,2708,2861,1393,668,725,
34830,5572,2702,2870,9750,4770,4980,11142,5398,5744,9749,4628,5121,5571,2709,2862,1393,668,725,
34835,5573,2703,2870,9752,4772,4980,11145,5399,5746,9751,4630,5121,5572,2709,2863,1393,668,725,
34840,5574,2703,2871,9753,4772,4981,11146,5400,5746,9753,4631,5122,5572,2709,2863,1393,668,725,
34845,5575,2704,2871,9755,4772,4983,11149,5401,5748,9754,4632,5122,5573,2710,2863,1393,668,725,
34850,5575,2704,2871,9756,4772,4984,11149,5401,5748,9755,4633,5122,5573,2710,2863,1394,669,725,
34855,5576,2704,2872,9757,4773,4984,11150,5402,5748,9756,4633,5123,5575,2710,2865,1394,669,725,
34860,5577,2705,2872,9759,4774,4985,11153,5402,5751,9758,4635,5123,5576,2711,2865,1394,669,725,
34865,5578,2706,2872,9760,4775,4985,11154,5403,5751,9760,4635,5125,5576,2711,2865,1394,669,725,
34870,5579,2706,2873,9762,4775,4987,11157,5404,5753,9761,4635,5126,5577,2711,2866,1394,669,725,
34875,5579,2706,2873,9763,4775,4988,11157,5404,5753,9762,4635,5127,5577,2711,2866,1395,669,726,
34880,5580,2706,2874,9764,4775,4989,11158,5404,5754,9763,4635,5128,5579,2713,2866,1395,669,726,
34885,5581,2706,2875,9766,4776,4990,11161,5405,5756,9765,4636,5129,5580,2713,2867,1395,669,726,
34890,5582,2706,2876,9767,4776,4991,11162,5405,5757,9767,4636,5131,5580,2713,2867,1395,669,726,
34895,5583,2707,2876,9769,4777,4992,11165,5407,5758,9768,4637,5131,5581,2714,2867,1395,669,726,
34900,5583,2707,2876,9770,4778,4992,11165,5407,5758,9769,4637,5132,5581,2714,2867,1396,670,726,
34905,5584,2708,2876,9771,4778,4993,11166,5407,5759,9770,4638,5132,5583,2714,2869,1396,670,726,
34910,5585,2709,2876,9773,4780,4993,11169,5410,5759,9772,4639,5133,5584,2714,2870,1396,670,726,
34915,5586,2710,2876,9774,4781,4993,11170,5410,5760,9774,4640,5134,5584,2714,2870,1396,670,726,
34920,5587,2711,2876,9776,4781,4995,11173,5411,5762,9775,4640,5135,5585,2715,2870,1396,670,726,
34925,5587,2711,2876,9777,4782,4995,11173,5411,5762,9776,4640,5136,5585,2715,2870,1397,671,726,
34930,5588,2711,2877,9778,4783,4995,11174,5412,5762,9777,4641,5136,5587,2716,2871,1397,671,726,
34935,5589,2712,2877,9780,4784,4996,11177,5413,5764,9779,4643,5136,5588,2716,2872,1397,671,726,
34940,5590,2712,2878,9781,4784,4997,11178,5413,5765,9781,4645,5136,5588,2716,2872,1397,671,726,
34945,5591,2712,2879,9783,4786,4997,11181,5414,5767,9782,4646,5136,5589,2716,2873,1397,671,726,
34950,5591,2712,2879,9784,4787,4997,11181,5414,5767,9783,4646,5137,5589,2716,2873,1398,671,727,
34955,5592,2712,2880,9785,4788,4997,11182,5414,5768,9784,4647,5137,5591,2716,2875,1398,671,727,
34960,5593,2712,2881,9787,4789,4998,11185,5417,5768,9786,4648,5138,5592,2717,2875,1398,671,727,
34965,5594,2712,2882,9788,4790,4998,11186,5417,5769,9788,4649,5139,5592,2717,2875,1398,671,727,
34970,5595,2712,2883,9790,4791,4999,11189,5418,5771,9789,4650,5139,5593,2718,2875,1398,671,727,
34975,5595,2712,2883,9791,4791,5000,11189,5418,5771,9790,4650,5140,5593,2718,2875,1399,672,727,
34980,5596,2713,2883,9792,4792,5000,11190,5418,5772,9791,4650,5141,5595,2719,2876,1399,672,727,
34985,5597,2713,2884,9794,4794,5000,11193,5418,5775,9793,4650,5143,5596,2719,2877,1399,672,727,
34990,5598,2713,2885,9795,4794,5001,11194,5418,5776,9795,4651,5144,5596,2719,2877,1399,672,727,
34995,5599,2714,2885,9797,4795,5002,11197,5420,5777,9796,4651,5145,5597,2720,2877,1399,672,727,
35000,5599,2714,2885,9798,4795,5003,11197,5420,5777,9797,4651,5146,5597,2720,2877,1400,672,728,
35005,5600,2715,2885,9799,4795,5004,11198,5420,5778,9798,4652,5146,5599,2720,2879,1400,672,728,
35010,5601,2715,2886,9801,4795,5006,11201,5420,5781,9800,4653,5147,5600,2720,2880,1400,672,728,
35015,5602,2716,2886,9802,4795,5007,11202,5420,5782,9802,4654,5148,5600,2720,2880,1400,672,728,
35020,5603,2716,2887,9804,4797,5007,11205,5422,5783,9803,4654,5149,5601,2721,2880,1400,672,728,
35025,5603,2716,2887,9805,4798,5007,11205,5422,5783,9804,4654,5150,5601,2721,2880,1401,672,729,
35030,5604,2716,2888,9806,4799,5007,11206,5422,5784,9805,4655,5150,5603,2722,2881,1401,672,729,
35035,5605,2717,2888,9808,4801,5007,11209,5424,5785,9807,4656,5151,5604,2723,2881,1401,672,729,
35040,5606,2718,2888,9809,4802,5007,11210,5424,5786,9809,4656,5153,5604,2723,2881,1401,672,729,
35045,5607,2718,2889,9811,4803,5008,11213,5427,5786,9810,4657,5153,5605,2723,2882,1401,672,729,
35050,5607,2718,2889,9812,4803,5009,11213,5427,5786,9811,4657,5154,5605,2723,2882,1402,673,729,
35055,5608,2719,2889,9813,4804,5009,11214,5428,5786,9812,4657,5155,5607,2725,2882,1402,673,729,
35060,5609,2719,2890,9815,4805,5010,11217,5428,5789,9814,4658,5156,5608,2726,2882,1402,673,729,
35065,5610,2719,2891,9816,4805,5011,11218,5429,5789,9816,4660,5156,5608,2726,2882,1402,673,729,
35070,5611,2720,2891,9818,4805,5013,11221,5430,5791,9817,4660,5157,5609,2726,2883,1402,673,729,
35075,5611,2720,2891,9819,4805,5014,11221,5430,5791,9818,4661,5157,5609,2726,2883,1403,673,730,
35080,5612,2720,2892,9820,4805,5015,11222,5430,5792,9819,4662,5157,5611,2726,2885,1403,673,730,
35085,5613,2721,2892,9822,4806,5016,11225,5431,5794,9821,4663,5158,5612,2726,2886,1403,673,730,
35090,5614,2721,2893,9823,4806,5017,11226,5432,5794,9823,4664,5159,5612,2726,2886,1403,673,730,
35095,5615,2722,2893,9825,4807,5018,11229,5435,5794,9824,4664,5160,5613,2727,2886,1403,673,730,
35100,5615,2722,2893,9826,4807,5019,11229,5435,5794,9825,4665,5160,5613,2727,2886,1404,674,730,
35105,5616,2723,2893,9827,4808,5019,11230,5436,5794,9826,4665,5161,5615,2728,2887,1404,674,730,
35110,5617,2723,2894,9829,4809,5020,11233,5439,5794,9828,4666,5162,5616,2729,2887,1404,674,730,
35115,5618,2724,2894,9830,4809,5021,11234,5439,5795,9830,4666,5164,5616,2729,2887,1404,674,730,
35120,5619,2725,2894,9832,4810,5022,11237,5440,5797,9831,4666,5165,5617,2730,2887,1404,674,730,
35125,5619,2725,2894,9833,4810,5023,11237,5440,5797,9832,4666,5166,5617,2730,2887,1405,675,730,
35130,5620,2725,2895,9834,4810,5024,11238,5440,5798,9833,4667,5166,5619,2731,2888,1405,675,730,
35135,5621,2725,2896,9836,4812,5024,11241,5442,5799,9835,4668,5167,5620,2731,2889,1405,675,730,
35140,5622,2726,2896,9837,4813,5024,11242,5442,5800,9837,4670,5167,5620,2731,2889,1405,675,730,
35145,5623,2727,2896,9839,4814,5025,11245,5444,5801,9838,4670,5168,5621,2732,2889,1405,675,730,
35150,5623,2727,2896,9840,4815,5025,11245,5444,5801,9839,4670,5169,5621,2732,2889,1406,676,730,
35155,5624,2727,2897,9841,4815,5026,11246,5444,5802,9840,4671,5169,5623,2733,2890,1406,676,730,
35160,5625,2728,2897,9843,4815,5028,11249,5446,5803,9842,4673,5169,5624,2733,2891,1406,676,730,
35165,5626,2728,2898,9844,4815,5029,11250,5447,5803,9844,4674,5170,5624,2733,2891,1406,676,730,
35170,5627,2728,2899,9846,4815,5031,11253,5448,5805,9845,4674,5171,5625,2733,2892,1406,676,730,
35175,5627,2728,2899,9847,4816,5031,11253,5448,5805,9846,4675,5171,5625,2733,2892,1407,677,730,
35180,5628,2728,2900,9848,4817,5031,11254,5448,5806,9847,4676,5171,5627,2733,2894,1407,677,730,
35185,5629,2729,2900,9850,4819,5031,11257,5450,5807,9849,4677,5172,5628,2734,2894,1407,677,730,
35190,5630,2729,2901,9851,4819,5032,11258,5450,5808,9851,4679,5172,5628,2734,2894,1407,677,730,
35195,5631,2730,2901,9853,4820,5033,11261,5453,5808,9852,4680,5172,5629,2734,2895,1407,677,730,
35200,5631,2730,2901,9854,4821,5033,11261,5453,5808,9853,4681,5172,5629,2734,2895,1408,677,731,
35205,5632,2730,2902,9855,4822,5033,11262,5454,5808,9854,4682,5172,5631,2735,2896,1408,677,731,
35210,5633,2731,2902,9857,4823,5034,11265,5455,5810,9856,4682,5174,5632,2736,2896,1408,677,731,
35215,5634,2732,2902,9858,4824,5034,11266,5456,5810,9858,4683,5175,5632,2736,2896,1408,677,731,
35220,5635,2733,2902,9860,4825,5035,11269,5458,5811,9859,4683,5176,5633,2737,2896,1408,677,731,
35225,5635,2733,2902,9861,4825,5036,11269,5458,5811,9860,4684,5176,5633,2737,2896,1409,678,731,
35230,5636,2733,2903,9862,4826,5036,11270,5458,5812,9861,4684,5177,5635,2737,2898,1409,678,731,
35235,5637,2734,2903,9864,4827,5037,11273,5459,5814,9863,4685,5178,5636,2737,2899,1409,678,731,
35240,5638,2735,2903,9865,4827,5038,11274,5460,5814,9865,4686,5179,5636,2737,2899,1409,678,731,
35245,5639,2736,2903,9867,4829,5038,11277,5462,5815,9866,4687,5179,5637,2737,2900,1409,678,731,
35250,5639,2736,2903,9868,4829,5039,11277,5462,5815,9867,4687,5180,5637,2737,2900,1410,679,731,
35255,5640,2737,2903,9869,4830,5039,11278,5463,5815,9868,4687,5181,5639,2737,2902,1410,679,731,
35260,5641,2737,2904,9871,4831,5040,11281,5464,5817,9870,4688,5182,5640,2737,2903,1410,679,731,
35265,5642,2737,2905,9872,4831,5041,11282,5464,5818,9872,4688,5184,5640,2737,2903,1410,679,731,
35270,5643,2737,2906,9874,4831,5043,11285,5466,5819,9873,4689,5184,5641,2738,2903,1410,679,731,
35275,5643,2737,2906,9875,4831,5044,11285,5466,5819,9874,4690,5184,5641,2738,2903,1411,679,732,
35280,5644,2737,2907,9876,4832,5044,11286,5467,5819,9875,4690,5185,5643,2738,2905,1411,679,732,
35285,5645,2737,2908,9878,4833,5045,11289,5470,5819,9877,4690,5187,5644,2739,2905,1411,679,732,
35290,5646,2738,2908,9879,4833,5046,11290,5470,5820,9879,4691,5188,5644,2739,2905,1411,679,732,
35295,5647,2739,2908,9881,4834,5047,11293,5471,5822,9880,4691,5189,5645,2740,2905,1411,679,732,
35300,5647,2739,2908,9882,4835,5047,11293,5471,5822,9881,4691,5190,5645,2740,2905,1412,680,732,
35305,5648,2739,2909,9883,4836,5047,11294,5472,5822,9882,4692,5190,5647,2742,2905,1412,680,732,
35310,5649,2739,2910,9885,4837,5048,11297,5473,5824,9884,4692,5192,5648,2743,2905,1412,680,732,
35315,5650,2740,2910,9886,4837,5049,11298,5473,5825,9886,4692,5194,5648,2743,2905,1412,680,732,
35320,5651,2741,2910,9888,4838,5050,11301,5474,5827,9887,4692,5195,5649,2744,2905,1412,680,732,
35325,5651,2741,2910,9889,4839,5050,11301,5474,5827,9888,4692,5196,5649,2744,2905,1413,681,732,
35330,5652,2742,2910,9890,4840,5050,11302,5474,5828,9889,4693,5196,5651,2745,2906,1413,681,732,
35335,5653,2743,2910,9892,4841,5051,11305,5475,5830,9891,4694,5197,5652,2746,2906,1413,681,732,
35340,5654,2743,2911,9893,4842,5051,11306,5476,5830,9893,4695,5198,5652,2746,2906,1413,681,732,
35345,5655,2743,2912,9895,4844,5051,11309,5477,5832,9894,4696,5198,5653,2747,2906,1413,681,732,
35350,5655,2743,2912,9896,4845,5051,11309,5477,5832,9895,4697,5198,5653,2747,2906,1414,681,733,
35355,5656,2744,2912,9897,4846,5051,11310,5477,5833,9896,4697,5199,5655,2748,2907,1414,681,733,
35360,5657,2744,2913,9899,4846,5053,11313,5479,5834,9898,4698,5200,5656,2749,2907,1414,681,733,
35365,5658,2744,2914,9900,4846,5054,11314,5479,5835,9900,4700,5200,5656,2749,2907,1414,681,733,
35370,5659,2744,2915,9902,4848,5054,11317,5480,5837,9901,4700,5201,5657,2750,2907,1414,681,733,
35375,5659,2744,2915,9903,4849,5054,11317,5480,5837,9902,4701,5201,5657,2750,2907,1415,681,734,
35380,5660,2744,2916,9904,4850,5054,11318,5481,5837,9903,4701,5202,5659,2750,2909,1415,681,734,
35385,5661,2744,2917,9906,4851,5055,11321,5481,5840,9905,4702,5203,5660,2750,2910,1415,681,734,
35390,5662,2744,2918,9907,4851,5056,11322,5481,5841,9907,4703,5204,5660,2750,2910,1415,681,734,
35395,5663,2745,2918,9909,4853,5056,11325,5483,5842,9908,4704,5204,5661,2750,2911,1415,681,734,
35400,5663,2745,2918,9910,4853,5057,11325,5483,5842,9909,4704,5205,5661,2750,2911,1416,682,734,
35405,5664,2745,2919,9911,4853,5058,11326,5484,5842,9910,4704,5206,5663,2751,2912,1416,682,734,
35410,5665,2746,2919,9913,4854,5059,11329,5486,5843,9912,4705,5207,5664,2751,2913,1416,682,734,
35415,5666,2746,2920,9914,4855,5059,11330,5486,5844,9914,4705,5209,5664,2751,2913,1416,682,734,
35420,5667,2746,2921,9916,4855,5061,11333,5488,5845,9915,4705,5210,5665,2751,2914,1416,682,734,
35425,5667,2746,2921,9917,4855,5062,11333,5488,5845,9916,4705,5211,5665,2751,2914,1417,682,735,
35430,5668,2746,2922,9918,4856,5062,11334,5488,5846,9917,4705,5212,5667,2752,2915,1417,682,735,
35435,5669,2746,2923,9920,4856,5064,11337,5489,5848,9919,4706,5213,5668,2752,2916,1417,682,735,
35440,5670,2746,2924,9921,4857,5064,11338,5490,5848,9921,4707,5214,5668,2752,2916,1417,682,735,
35445,5671,2746,2925,9923,4857,5066,11341,5491,5850,9922,4707,5215,5669,2752,2917,1417,682,735,
35450,5671,2746,2925,9924,4857,5067,11341,5491,5850,9923,4708,5215,5669,2752,2917,1418,682,736,
35455,5672,2746,2926,9925,4857,5068,11342,5491,5851,9924,4709,5215,5671,2753,2918,1418,682,736,
35460,5673,2746,2927,9927,4858,5069,11345,5494,5851,9926,4710,5216,5672,2753,2919,1418,682,736,
35465,5674,2746,2928,9928,4859,5069,11346,5495,5851,9928,4710,5218,5672,2753,2919,1418,682,736,
35470,5675,2746,2929,9930,4860,5070,11349,5496,5853,9929,4711,5218,5673,2754,2919,1418,682,736,
35475,5675,2746,2929,9931,4860,5071,11349,5496,5853,9930,4712,5218,5673,2754,2919,1419,682,737,
35480,5676,2747,2929,9932,4861,5071,11350,5496,5854,9931,4713,5218,5675,2754,2921,1419,682,737,
35485,5677,2748,2929,9934,4861,5073,11353,5497,5856,9933,4715,5218,5676,2755,2921,1419,682,737,
35490,5678,2749,2929,9935,4862,5073,11354,5498,5856,9935,4716,5219,5676,2755,2921,1419,682,737,
35495,5679,2749,2930,9937,4864,5073,11357,5499,5858,9936,4717,5219,5677,2755,2922,1419,682,737,
35500,5679,2749,2930,9938,4864,5074,11357,5499,5858,9937,4717,5220,5677,2755,2922,1420,682,738,
35505,5680,2749,2931,9939,4865,5074,11358,5499,5859,9938,4717,5221,5679,2756,2923,1420,682,738,
35510,5681,2750,2931,9941,4867,5074,11361,5501,5860,9940,4718,5222,5680,2756,2924,1420,682,738,
35515,5682,2750,2932,9942,4867,5075,11362,5502,5860,9942,4719,5223,5680,2756,2924,1420,682,738,
35520,5683,2751,2932,9944,4868,5076,11365,5504,5861,9943,4719,5224,5681,2756,2925,1420,682,738,
35525,5683,2751,2932,9945,4869,5076,11365,5504,5861,9944,4719,5225,5681,2756,2925,1421,682,739,
35530,5684,2751,2933,9946,4870,5076,11366,5505,5861,9945,4719,5226,5683,2758,2925,1421,682,739,
35535,5685,2751,2934,9948,4870,5078,11369,5507,5862,9947,4720,5227,5684,2759,2925,1421,682,739,
35540,5686,2751,2935,9949,4871,5078,11370,5507,5863,9949,4720,5229,5684,2759,2925,1421,682,739,
35545,5687,2751,2936,9951,4873,5078,11373,5508,5865,9950,4720,5230,5685,2760,2925,1421,682,739,
35550,5687,2751,2936,9952,4873,5079,11373,5508,5865,9951,4721,5230,5685,2760,2925,1422,683,739,
35555,5688,2751,2937,9953,4874,5079,11374,5509,5865,9952,4722,5230,5687,2761,2926,1422,683,739,
35560,5689,2751,2938,9955,4874,5081,11377,5510,5867,9954,4723,5231,5688,2762,2926,1422,683,739,
35565,5690,2751,2939,9956,4874,5082,11378,5511,5867,9956,4723,5233,5688,2762,2926,1422,683,739,
35570,5691,2752,2939,9958,4875,5083,11381,5511,5870,9957,4724,5233,5689,2762,2927,1422,683,739,
35575,5691,2752,2939,9959,4876,5083,11381,5511,5870,9958,4725,5233,5689,2762,2927,1423,684,739,
35580,5692,2752,2940,9960,4876,5084,11382,5511,5871,9959,4726,5233,5691,2764,2927,1423,684,739,
35585,5693,2753,2940,9962,4878,5084,11385,5514,5871,9961,4726,5235,5692,2764,2928,1423,684,739,
35590,5694,2754,2940,9963,4878,5085,11386,5514,5872,9963,4728,5235,5692,2764,2928,1423,684,739,
35595,5695,2754,2941,9965,4879,5086,11389,5516,5873,9964,4728,5236,5693,2764,2929,1423,684,739,
35600,5695,2754,2941,9966,4879,5087,11389,5516,5873,9965,4728,5237,5693,2764,2929,1424,685,739,
35605,5696,2755,2941,9967,4879,5088,11390,5517,5873,9966,4729,5237,5695,2765,2930,1424,685,739,
35610,5697,2755,2942,9969,4881,5088,11393,5519,5874,9968,4731,5237,5696,2766,2930,1424,685,739,
35615,5698,2755,2943,9970,4881,5089,11394,5519,5875,9970,4733,5237,5696,2766,2930,1424,685,739,
35620,5699,2755,2944,9972,4882,5090,11397,5520,5877,9971,4734,5237,5697,2767,2930,1424,685,739,
35625,5699,2755,2944,9973,4883,5090,11397,5520,5877,9972,4735,5237,5697,2767,2930,1425,686,739,
35630,5700,2755,2945,9974,4884,5090,11398,5520,5878,9973,4736,5237,5699,2769,2930,1425,686,739,
35635,5701,2756,2945,9976,4884,5092,11401,5521,5880,9975,4738,5237,5700,2770,2930,1425,686,739,
35640,5702,2756,2946,9977,4884,5093,11402,5522,5880,9977,4739,5238,5700,2770,2930,1425,686,739,
35645,5703,2757,2946,9979,4884,5095,11405,5525,5880,9978,4740,5238,5701,2770,2931,1425,686,739,
35650,5703,2757,2946,9980,4884,5096,11405,5525,5880,9979,4741,5238,5701,2770,2931,1426,687,739,
35655,5704,2758,2946,9981,4885,5096,11406,5526,5880,9980,4742,5238,5703,2770,2933,1426,687,739,
35660,5705,2758,2947,9983,4887,5096,11409,5528,5881,9982,4743,5239,5704,2770,2934,1426,687,739,
35665,5706,2759,2947,9984,4887,5097,11410,5529,5881,9984,4743,5241,5704,2770,2934,1426,687,739,
35670,5707,2760,2947,9986,4888,5098,11413,5531,5882,9985,4743,5242,5705,2770,2935,1426,687,739,
35675,5707,2760,2947,9987,4889,5098,11413,5531,5882,9986,4743,5243,5705,2770,2935,1427,687,740,
35680,5708,2760,2948,9988,4890,5098,11414,5531,5883,9987,4743,5244,5707,2771,2936,1427,687,740,
35685,5709,2760,2949,9990,4891,5099,11417,5532,5885,9989,4743,5246,5708,2772,2936,1427,687,740,
35690,5710,2760,2950,9991,4892,5099,11418,5532,5886,9991,4743,5248,5708,2772,2936,1427,687,740,
35695,5711,2760,2951,9993,4894,5099,11421,5533,5888,9992,4743,5249,5709,2773,2936,1427,687,740,
35700,5711,2760,2951,9994,4895,5099,11421,5533,5888,9993,4744,5249,5709,2773,2936,1428,688,740,
35705,5712,2760,2952,9995,4896,5099,11422,5533,5889,9994,4745,5249,5711,2775,2936,1428,688,740,
35710,5713,2761,2952,9997,4896,5101,11425,5533,5892,9996,4747,5249,5712,2776,2936,1428,688,740,
35715,5714,2761,2953,9998,4897,5101,11426,5533,5893,9998,4749,5249,5712,2776,2936,1428,688,740,
35720,5715,2762,2953,10000,4898,5102,11429,5535,5894,9999,4749,5250,5713,2777,2936,1428,688,740,
35725,5715,2762,2953,10001,4899,5102,11429,5535,5894,10000,4750,5250,5713,2777,2936,1429,689,740,
35730,5716,2762,2954,10002,4900,5102,11430,5535,5895,10001,4750,5251,5715,2778,2937,1429,689,740,
35735,5717,2762,2955,10004,4900,5104,11433,5536,5897,10003,4750,5253,5716,2779,2937,1429,689,740,
35740,5718,2763,2955,10005,4901,5104,11434,5536,5898,10005,4751,5254,5716,2779,2937,1429,689,740,
35745,5719,2763,2956,10007,4902,5105,11437,5537,5900,10006,4751,5255,5717,2779,2938,1429,689,740,
35750,5719,2763,2956,10008,4902,5106,11437,5537,5900,10007,4752,5255,5717,2779,2938,1430,690,740,
35755,5720,2764,2956,10009,4902,5107,11438,5538,5900,10008,4752,5256,5719,2781,2938,1430,690,740,
35760,5721,2764,2957,10011,4902,5109,11441,5540,5901,10010,4753,5257,5720,2781,2939,1430,690,740,
35765,5722,2765,2957,10012,4902,5110,11442,5540,5902,10012,4754,5258,5720,2781,2939,1430,690,740,
35770,5723,2765,2958,10014,4904,5110,11445,5540,5905,10013,4755,5258,5721,2782,2939,1430,690,740,
35775,5723,2765,2958,10015,4904,5111,11445,5540,5905,10014,4756,5258,5721,2782,2939,1431,691,740,
35780,5724,2765,2959,10016,4904,5112,11446,5541,5905,10015,4757,5258,5723,2784,2939,1431,691,740,
35785,5725,2766,2959,10018,4906,5112,11449,5541,5908,10017,4758,5259,5724,2784,2940,1431,691,740,
35790,5726,2767,2959,10019,4907,5112,11450,5542,5908,10019,4759,5260,5724,2784,2940,1431,691,740,
35795,5727,2767,2960,10021,4908,5113,11453,5544,5909,10020,4760,5260,5725,2785,2940,1431,691,740,
35800,5727,2767,2960,10022,4909,5113,11453,5544,5909,10021,4760,5261,5725,2785,2940,1432,692,740,
35805,5728,2767,2961,10023,4910,5113,11454,5544,5910,10022,4761,5261,5727,2787,2940,1432,692,740,
35810,5729,2768,2961,10025,4911,5114,11457,5546,5911,10024,4763,5261,5728,2788,2940,1432,692,740,
35815,5730,2769,2961,10026,4912,5114,11458,5547,5911,10026,4764,5262,5728,2788,2940,1432,692,740,
35820,5731,2770,2961,10028,4912,5116,11461,5550,5911,10027,4764,5263,5729,2789,2940,1432,692,740,
35825,5731,2770,2961,10029,4912,5117,11461,5550,5911,10028,4764,5264,5729,2789,2940,1433,693,740,
35830,5732,2771,2961,10030,4912,5118,11462,5551,5911,10029,4765,5264,5731,2790,2941,1433,693,740,
35835,5733,2771,2962,10032,4912,5120,11465,5553,5912,10031,4766,5265,5732,2791,2941,1433,693,740,
35840,5734,2771,2963,10033,4912,5121,11466,5554,5912,10033,4766,5267,5732,2791,2941,1433,693,740,
35845,5735,2771,2964,10035,4913,5122,11469,5555,5914,10034,4767,5267,5733,2791,2942,1433,693,740,
35850,5735,2771,2964,10036,4914,5122,11469,5555,5914,10035,4768,5267,5733,2791,2942,1434,694,740,
35855,5736,2772,2964,10037,4915,5122,11470,5556,5914,10036,4768,5268,5735,2792,2943,1434,694,740,
35860,5737,2772,2965,10039,4916,5123,11473,5559,5914,10038,4769,5269,5736,2792,2944,1434,694,740,
35865,5738,2773,2965,10040,4916,5124,11474,5560,5914,10040,4769,5271,5736,2792,2944,1434,694,740,
35870,5739,2774,2965,10042,4917,5125,11477,5561,5916,10041,4769,5272,5737,2793,2944,1434,694,740,
35875,5739,2774,2965,10043,4917,5126,11477,5561,5916,10042,4770,5272,5737,2793,2944,1435,694,741,
35880,5740,2774,2966,10044,4918,5126,11478,5562,5916,10043,4770,5273,5739,2794,2945,1435,694,741,
35885,5741,2774,2967,10046,4919,5127,11481,5565,5916,10045,4770,5275,5740,2795,2945,1435,694,741,
35890,5742,2774,2968,10047,4919,5128,11482,5566,5916,10047,4771,5276,5740,2795,2945,1435,694,741,
35895,5743,2774,2969,10049,4919,5130,11485,5567,5918,10048,4772,5276,5741,2795,2946,1435,694,741,
35900,5743,2774,2969,10050,4920,5130,11485,5567,5918,10049,4773,5276,5741,2795,2946,1436,694,742,
35905,5744,2774,2970,10051,4921,5130,11486,5567,5919,10050,4774,5276,5743,2797,2946,1436,694,742,
35910,5745,2775,2970,10053,4922,5131,11489,5568,5921,10052,4775,5277,5744,2797,2947,1436,694,742,
35915,5746,2776,2970,10054,4923,5131,11490,5569,5921,10054,4776,5278,5744,2797,2947,1436,694,742,
35920,5747,2777,2970,10056,4924,5132,11493,5571,5922,10055,4776,5279,5745,2798,2947,1436,694,742,
35925,5747,2777,2970,10057,4924,5133,11493,5571,5922,10056,4776,5280,5745,2798,2947,1437,695,742,
35930,5748,2777,2971,10058,4924,5134,11494,5571,5923,10057,4777,5280,5747,2799,2948,1437,695,742,
35935,5749,2777,2972,10060,4925,5135,11497,5572,5925,10059,4778,5281,5748,2800,2948,1437,695,742,
35940,5750,2777,2973,10061,4926,5135,11498,5572,5926,10061,4779,5282,5748,2800,2948,1437,695,742,
35945,5751,2778,2973,10063,4927,5136,11501,5572,5929,10062,4780,5282,5749,2800,2949,1437,695,742,
35950,5751,2778,2973,10064,4928,5136,11501,5572,5929,10063,4780,5283,5749,2800,2949,1438,695,743,
35955,5752,2779,2973,10065,4928,5137,11502,5572,5930,10064,4780,5284,5751,2800,2951,1438,695,743,
35960,5753,2780,2973,10067,4929,5138,11505,5574,5931,10066,4781,5285,5752,2801,2951,1438,695,743,
35965,5754,2780,2974,10068,4929,5139,11506,5574,5932,10068,4782,5286,5752,2801,2951,1438,695,743,
35970,5755,2781,2974,10070,4929,5141,11509,5576,5933,10069,4782,5287,5753,2802,2951,1438,695,743,
35975,5755,2781,2974,10071,4930,5141,11509,5576,5933,10070,4783,5287,5753,2802,2951,1439,696,743,
35980,5756,2782,2974,10072,4930,5142,11510,5577,5933,10071,4784,5287,5755,2803,2952,1439,696,743,
35985,5757,2783,2974,10074,4931,5143,11513,5577,5936,10073,4786,5287,5756,2804,2952,1439,696,743,
35990,5758,2783,2975,10075,4931,5144,11514,5577,5937,10075,4786,5289,5756,2804,2952,1439,696,743,
35995,5759,2783,2976,10077,4931,5146,11517,5577,5940,10076,4786,5290,5757,2804,2953,1439,696,743,
36000,5759,2783,2976,10078,4932,5146,11517,5577,5940,10077,4787,5290,5757,2804,2953,1440,697,743,
36005,5760,2784,2976,10079,4933,5146,11518,5578,5940,10078,4788,5290,5759,2805,2954,1440,697,743,
36010,5761,2785,2976,10081,4935,5146,11521,5580,5941,10080,4788,5292,5760,2805,2955,1440,697,743,
36015,5762,2785,2977,10082,4935,5147,11522,5580,5942,10082,4789,5293,5760,2805,2955,1440,697,743,
36020,5763,2785,2978,10084,4935,5149,11525,5582,5943,10083,4789,5294,5761,2805,2956,1440,697,743,
36025,5763,2785,2978,10085,4936,5149,11525,5582,5943,10084,4789,5295,5761,2805,2956,1441,697,744,
36030,5764,2786,2978,10086,4936,5150,11526,5583,5943,10085,4789,5296,5763,2807,2956,1441,697,744,
36035,5765,2786,2979,10088,4937,5151,11529,5585,5944,10087,4789,5298,5764,2807,2957,1441,697,744,
36040,5766,2786,2980,10089,4938,5151,11530,5586,5944,10089,4790,5299,5764,2807,2957,1441,697,744,
36045,5767,2786,2981,10091,4939,5152,11533,5586,5947,10090,4790,5300,5765,2807,2958,1441,697,744,
36050,5767,2786,2981,10092,4940,5152,11533,5586,5947,10091,4791,5300,5765,2807,2958,1442,697,745,
36055,5768,2786,2982,10093,4940,5153,11534,5586,5948,10092,4792,5300,5767,2809,2958,1442,697,745,
36060,5769,2787,2982,10095,4941,5154,11537,5588,5949,10094,4792,5302,5768,2809,2959,1442,697,745,
36065,5770,2787,2983,10096,4942,5154,11538,5588,5950,10096,4794,5302,5768,2809,2959,1442,697,745,
36070,5771,2787,2984,10098,4943,5155,11541,5589,5952,10097,4794,5303,5769,2810,2959,1442,697,745,
36075,5771,2787,2984,10099,4944,5155,11541,5589,5952,10098,4794,5304,5769,2810,2959,1443,697,746,
36080,5772,2788,2984,10100,4945,5155,11542,5590,5952,10099,4794,5305,5771,2810,2961,1443,697,746,
36085,5773,2788,2985,10102,4946,5156,11545,5590,5955,10101,4796,5305,5772,2810,2962,1443,697,746,
36090,5774,2789,2985,10103,4947,5156,11546,5590,5956,10103,4796,5307,5772,2810,2962,1443,697,746,
36095,5775,2789,2986,10105,4948,5157,11549,5592,5957,10104,4796,5308,5773,2810,2963,1443,697,746,
36100,5775,2789,2986,10106,4948,5158,11549,5592,5957,10105,4797,5308,5773,2810,2963,1444,697,747,
36105,5776,2789,2987,10107,4948,5159,11550,5592,5958,10106,4797,5309,5775,2811,2964,1444,697,747,
36110,5777,2790,2987,10109,4949,5160,11553,5593,5960,10108,4797,5311,5776,2812,2964,1444,697,747,
36115,5778,2791,2987,10110,4950,5160,11554,5593,5961,10110,4798,5312,5776,2812,2964,1444,697,747,
36120,5779,2791,2988,10112,4951,5161,11557,5593,5964,10111,4799,5312,5777,2813,2964,1444,697,747,
36125,5779,2791,2988,10113,4951,5162,11557,5593,5964,10112,4800,5312,5777,2813,2964,1445,697,748,
36130,5780,2792,2988,10114,4951,5163,11558,5593,5965,10113,4801,5312,5779,2814,2965,1445,697,748,
36135,5781,2792,2989,10116,4951,5165,11561,5594,5967,10115,4801,5314,5780,2814,2966,1445,697,748,
36140,5782,2792,2990,10117,4952,5165,11562,5594,5968,10117,4802,5315,5780,2814,2966,1445,697,748,
36145,5783,2792,2991,10119,4954,5165,11565,5595,5970,10118,4803,5315,5781,2815,2966,1445,697,748,
36150,5783,2792,2991,10120,4955,5165,11565,5595,5970,10119,4803,5316,5781,2815,2966,1446,697,749,
36155,5784,2793,2991,10121,4955,5166,11566,5595,5971,10120,4804,5316,5783,2815,2968,1446,697,749,
36160,5785,2794,2991,10123,4957,5166,11569,5597,5972,10122,4804,5318,5784,2815,2969,1446,697,749,
36165,5786,2794,2992,10124,4957,5167,11570,5597,5973,10124,4805,5319,5784,2815,2969,1446,697,749,
36170,5787,2795,2992,10126,4958,5168,11573,5598,5975,10125,4806,5319,5785,2815,2970,1446,697,749,
36175,5787,2795,2992,10127,4959,5168,11573,5598,5975,10126,4806,5320,5785,2815,2970,1447,698,749,
36180,5788,2795,2993,10128,4960,5168,11574,5598,5976,10127,4807,5320,5787,2815,2972,1447,698,749,
36185,5789,2795,2994,10130,4960,5170,11577,5599,5978,10129,4807,5322,5788,2815,2973,1447,698,749,
36190,5790,2795,2995,10131,4960,5171,11578,5599,5979,10131,4808,5323,5788,2815,2973,1447,698,749,
36195,5791,2795,2996,10133,4962,5171,11581,5602,5979,10132,4808,5324,5789,2815,2974,1447,698,749,
36200,5791,2795,2996,10134,4963,5171,11581,5602,5979,10133,4808,5325,5789,2815,2974,1448,699,749,
36205,5792,2796,2996,10135,4964,5171,11582,5602,5980,10134,4809,5325,5791,2816,2975,1448,699,749,
36210,5793,2797,2996,10137,4965,5172,11585,5605,5980,10136,4809,5327,5792,2817,2975,1448,699,749,
36215,5794,2797,2997,10138,4965,5173,11586,5605,5981,10138,4809,5329,5792,2817,2975,1448,699,749,
36220,5795,2798,2997,10140,4965,5175,11589,5607,5982,10139,4809,5330,5793,2818,2975,1448,699,749,
36225,5795,2798,2997,10141,4966,5175,11589,5607,5982,10140,4809,5331,5793,2818,2975,1449,699,750,
36230,5796,2798,2998,10142,4966,5176,11590,5608,5982,10141,4810,5331,5795,2818,2977,1449,699,750,
36235,5797,2799,2998,10144,4967,5177,11593,5609,5984,10143,4811,5332,5796,2819,2977,1449,699,750,
36240,5798,2800,2998,10145,4968,5177,11594,5609,5985,10145,4812,5333,5796,2819,2977,1449,699,750,
36245,5799,2800,2999,10147,4970,5177,11597,5610,5987,10146,4813,5333,5797,2819,2978,1449,699,750,
36250,5799,2800,2999,10148,4971,5177,11597,5610,5987,10147,4814,5333,5797,2819,2978,1450,700,750,
36255,5800,2801,2999,10149,4972,5177,11598,5611,5987,10148,4814,5334,5799,2820,2979,1450,700,750,
36260,5801,2801,3000,10151,4974,5177,11601,5614,5987,10150,4815,5335,5800,2821,2979,1450,700,750,
36265,5802,2801,3001,10152,4975,5177,11602,5614,5988,10152,4817,5335,5800,2821,2979,1450,700,750,
36270,5803,2801,3002,10154,4976,5178,11605,5615,5990,10153,4817,5336,5801,2821,2980,1450,700,750,
36275,5803,2801,3002,10155,4976,5179,11605,5615,5990,10154,4818,5336,5801,2821,2980,1451,701,750,
36280,5804,2802,3002,10156,4977,5179,11606,5615,5991,10155,4819,5336,5803,2822,2981,1451,701,750,
36285,5805,2803,3002,10158,4978,5180,11609,5616,5993,10157,4821,5336,5804,2822,2982,1451,701,750,
36290,5806,2804,3002,10159,4978,5181,11610,5616,5994,10159,4823,5336,5804,2822,2982,1451,701,750,
36295,5807,2805,3002,10161,4980,5181,11613,5618,5995,10160,4823,5337,5805,2823,2982,1451,701,750,
36300,5807,2805,3002,10162,4980,5182,11613,5618,5995,10161,4824,5337,5805,2823,2982,1452,701,751,
36305,5808,2806,3002,10163,4981,5182,11614,5619,5995,10162,4825,5337,5807,2824,2983,1452,701,751,
36310,5809,2807,3002,10165,4982,5183,11617,5621,5996,10164,4825,5339,5808,2825,2983,1452,701,751,
36315,5810,2808,3002,10166,4983,5183,11618,5621,5997,10166,4825,5341,5808,2825,2983,1452,701,751,
36320,5811,2809,3002,10168,4984,5184,11621,5622,5999,10167,4825,5342,5809,2825,2984,1452,701,751,
36325,5811,2809,3002,10169,4984,5185,11621,5622,5999,10168,4826,5342,5809,2825,2984,1453,701,752,
36330,5812,2809,3003,10170,4984,5186,11622,5623,5999,10169,4826,5343,5811,2825,2986,1453,701,752,
36335,5813,2809,3004,10172,4984,5188,11625,5624,6001,10171,4828,5343,5812,2826,2986,1453,701,752,
36340,5814,2810,3004,10173,4985,5188,11626,5624,6002,10173,4828,5345,5812,2826,2986,1453,701,752,
36345,5815,2811,3004,10175,4985,5190,11629,5625,6004,10174,4828,5346,5813,2827,2986,1453,701,752,
36350,5815,2811,3004,10176,4985,5191,11629,5625,6004,10175,4829,5346,5813,2827,2986,1454,701,753,
36355,5816,2811,3005,10177,4985,5192,11630,5625,6005,10176,4829,5347,5815,2827,2988,1454,701,753,
36360,5817,2812,3005,10179,4986,5193,11633,5625,6008,10178,4831,5347,5816,2828,2988,1454,701,753,
36365,5818,2812,3006,10180,4986,5194,11634,5626,6008,10180,4833,5347,5816,2828,2988,1454,701,753,
36370,5819,2812,3007,10182,4987,5195,11637,5628,6009,10181,4833,5348,5817,2828,2989,1454,701,753,
36375,5819,2812,3007,10183,4987,5196,11637,5628,6009,10182,4834,5348,5817,2828,2989,1455,701,754,
36380,5820,2812,3008,10184,4988,5196,11638,5628,6010,10183,4834,5349,5819,2829,2990,1455,701,754,
36385,5821,2813,3008,10186,4990,5196,11641,5629,6012,10185,4836,5349,5820,2829,2991,1455,701,754,
36390,5822,2813,3009,10187,4991,5196,11642,5630,6012,10187,4836,5351,5820,2829,2991,1455,701,754,
36395,5823,2813,3010,10189,4993,5196,11645,5632,6013,10188,4836,5352,5821,2829,2992,1455,701,754,
36400,5823,2813,3010,10190,4994,5196,11645,5632,6013,10189,4836,5353,5821,2829,2992,1456,701,755,
36405,5824,2813,3011,10191,4995,5196,11646,5633,6013,10190,4836,5354,5823,2831,2992,1456,701,755,
36410,5825,2814,3011,10193,4995,5198,11649,5635,6014,10192,4836,5356,5824,2831,2993,1456,701,755,
36415,5826,2814,3012,10194,4995,5199,11650,5635,6015,10194,4836,5358,5824,2831,2993,1456,701,755,
36420,5827,2815,3012,10196,4997,5199,11653,5636,6017,10195,4837,5358,5825,2831,2994,1456,701,755,
36425,5827,2815,3012,10197,4997,5200,11653,5636,6017,10196,4837,5359,5825,2831,2994,1457,701,756,
36430,5828,2816,3012,10198,4997,5201,11654,5637,6017,10197,4838,5359,5827,2831,2996,1457,701,756,
36435,5829,2816,3013,10200,4998,5202,11657,5639,6018,10199,4839,5360,5828,2831,2997,1457,701,756,
36440,5830,2817,3013,10201,4998,5203,11658,5640,6018,10201,4840,5361,5828,2831,2997,1457,701,756,
36445,5831,2818,3013,10203,5000,5203,11661,5641,6020,10202,4840,5362,5829,2832,2997,1457,701,756,
36450,5831,2818,3013,10204,5000,5204,11661,5641,6020,10203,4841,5362,5829,2832,2997,1458,702,756,
36455,5832,2818,3014,10205,5000,5205,11662,5641,6021,10204,4841,5363,5831,2834,2997,1458,702,756,
36460,5833,2818,3015,10207,5001,5206,11665,5642,6023,10206,4841,5365,5832,2835,2997,1458,702,756,
36465,5834,2818,3016,10208,5001,5207,11666,5642,6024,10208,4843,5365,5832,2835,2997,1458,702,756,
36470,5835,2818,3017,10210,5002,5208,11669,5645,6024,10209,4844,5365,5833,2835,2998,1458,702,756,
36475,5835,2818,3017,10211,5003,5208,11669,5645,6024,10210,4845,5365,5833,2835,2998,1459,702,757,
36480,5836,2819,3017,10212,5004,5208,11670,5645,6025,10211,4845,5366,5835,2837,2998,1459,702,757,
36485,5837,2819,3018,10214,5004,5210,11673,5647,6026,10213,4846,5367,5836,2838,2998,1459,702,757,
36490,5838,2819,3019,10215,5005,5210,11674,5648,6026,10215,4848,5367,5836,2838,2998,1459,702,757,
36495,5839,2819,3020,10217,5006,5211,11677,5650,6027,10216,4849,5367,5837,2838,2999,1459,702,757,
36500,5839,2819,3020,10218,5006,5212,11677,5650,6027,10217,4850,5367,5837,2838,2999,1460,702,758,
36505,5840,2820,3020,10219,5006,5213,11678,5650,6028,10218,4851,5367,5839,2839,3000,1460,702,758,
36510,5841,2820,3021,10221,5007,5214,11681,5650,6031,10220,4851,5369,5840,2840,3000,1460,702,758,
36515,5842,2820,3022,10222,5007,5215,11682,5650,6032,10222,4852,5370,5840,2840,3000,1460,702,758,
36520,5843,2821,3022,10224,5008,5216,11685,5652,6033,10223,4853,5370,5841,2841,3000,1460,702,758,
36525,5843,2821,3022,10225,5009,5216,11685,5652,6033,10224,4854,5370,5841,2841,3000,1461,703,758,
36530,5844,2822,3022,10226,5009,5217,11686,5652,6034,10225,4854,5371,5843,2841,3002,1461,703,758,
36535,5845,2822,3023,10228,5009,5219,11689,5653,6036,10227,4855,5372,5844,2842,3002,1461,703,758,
36540,5846,2822,3024,10229,5009,5220,11690,5653,6037,10229,4856,5373,5844,2842,3002,1461,703,758,
36545,5847,2823,3024,10231,5009,5222,11693,5655,6038,10230,4857,5373,5845,2842,3003,1461,703,758,
36550,5847,2823,3024,10232,5009,5223,11693,5655,6038,10231,4857,5374,5845,2842,3003,1462,703,759,
36555,5848,2824,3024,10233,5009,5224,11694,5655,6039,10232,4857,5375,5847,2843,3004,1462,703,759,
36560,5849,2825,3024,10235,5009,5226,11697,5655,6042,10234,4858,5376,5848,2844,3004,1462,703,759,
36565,5850,2826,3024,10236,5010,5226,11698,5656,6042,10236,4858,5378,5848,2844,3004,1462,703,759,
36570,5851,2827,3024,10238,5011,5227,11701,5658,6043,10237,4859,5378,5849,2845,3004,1462,703,759,
36575,5851,2827,3024,10239,5012,5227,11701,5658,6043,10238,4860,5378,5849,2845,3004,1463,703,760,
36580,5852,2828,3024,10240,5013,5227,11702,5659,6043,10239,4861,5378,5851,2846,3005,1463,703,760,
36585,5853,2829,3024,10242,5014,5228,11705,5661,6044,10241,4863,5378,5852,2846,3006,1463,703,760,
36590,5854,2830,3024,10243,5015,5228,11706,5662,6044,10243,4864,5379,5852,2846,3006,1463,703,760,
36595,5855,2830,3025,10245,5016,5229,11709,5662,6047,10244,4864,5380,5853,2846,3007,1463,703,760,
36600,5855,2830,3025,10246,5017,5229,11709,5662,6047,10245,4864,5381,5853,2846,3007,1464,704,760,
36605,5856,2831,3025,10247,5018,5229,11710,5663,6047,10246,4865,5381,5855,2847,3008,1464,704,760,
36610,5857,2831,3026,10249,5018,5231,11713,5665,6048,10248,4865,5383,5856,2848,3008,1464,704,760,
36615,5858,2831,3027,10250,5018,5232,11714,5666,6048,10250,4867,5383,5856,2848,3008,1464,704,760,
36620,5859,2831,3028,10252,5018,5234,11717,5668,6049,10251,4868,5383,5857,2848,3009,1464,704,760,
36625,5859,2831,3028,10253,5019,5234,11717,5668,6049,10252,4869,5383,5857,2848,3009,1465,704,761,
36630,5860,2832,3028,10254,5020,5234,11718,5669,6049,10253,4870,5383,5859,2848,3011,1465,704,761,
36635,5861,2832,3029,10256,5020,5236,11721,5670,6051,10255,4872,5383,5860,2848,3012,1465,704,761,
36640,5862,2833,3029,10257,5021,5236,11722,5671,6051,10257,4873,5384,5860,2848,3012,1465,704,761,
36645,5863,2834,3029,10259,5022,5237,11725,5673,6052,10258,4874,5384,5861,2848,3013,1465,704,761,
36650,5863,2834,3029,10260,5022,5238,11725,5673,6052,10259,4875,5384,5861,2848,3013,1466,705,761,
36655,5864,2834,3030,10261,5022,5239,11726,5673,6053,10260,4876,5384,5863,2849,3014,1466,705,761,
36660,5865,2834,3031,10263,5023,5240,11729,5675,6054,10262,4876,5386,5864,2849,3015,1466,705,761,
36665,5866,2835,3031,10264,5023,5241,11730,5675,6055,10264,4877,5387,5864,2849,3015,1466,705,761,
36670,5867,2836,3031,10266,5024,5242,11733,5675,6058,10265,4877,5388,5865,2850,3015,1466,705,761,
36675,5867,2836,3031,10267,5025,5242,11733,5675,6058,10266,4877,5389,5865,2850,3015,1467,705,762,
36680,5868,2836,3032,10268,5026,5242,11734,5675,6059,10267,4877,5390,5867,2852,3015,1467,705,762,
36685,5869,2837,3032,10270,5027,5243,11737,5676,6061,10269,4877,5392,5868,2852,3016,1467,705,762,
36690,5870,2837,3033,10271,5027,5244,11738,5676,6062,10271,4879,5392,5868,2852,3016,1467,705,762,
36695,5871,2837,3034,10273,5028,5245,11741,5678,6063,10272,4879,5393,5869,2853,3016,1467,705,762,
36700,5871,2837,3034,10274,5028,5246,11741,5678,6063,10273,4880,5393,5869,2853,3016,1468,706,762,
36705,5872,2838,3034,10275,5029,5246,11742,5678,6064,10274,4881,5393,5871,2854,3017,1468,706,762,
36710,5873,2838,3035,10277,5030,5247,11745,5679,6066,10276,4882,5394,5872,2854,3018,1468,706,762,
36715,5874,2838,3036,10278,5031,5247,11746,5679,6067,10278,4884,5394,5872,2854,3018,1468,706,762,
36720,5875,2838,3037,10280,5032,5248,11749,5681,6068,10279,4885,5394,5873,2854,3019,1468,706,762,
36725,5875,2838,3037,10281,5032,5249,11749,5681,6068,10280,4886,5394,5873,2854,3019,1469,706,763,
36730,5876,2839,3037,10282,5032,5250,11750,5682,6068,10281,4886,5395,5875,2854,3021,1469,706,763,
36735,5877,2839,3038,10284,5034,5250,11753,5683,6070,10283,4888,5395,5876,2855,3021,1469,706,763,
36740,5878,2840,3038,10285,5034,5251,11754,5684,6070,10285,4888,5397,5876,2855,3021,1469,706,763,
36745,5879,2841,3038,10287,5035,5252,11757,5685,6072,10286,4888,5398,5877,2856,3021,1469,706,763,
36750,5879,2841,3038,10288,5036,5252,11757,5685,6072,10287,4889,5398,5877,2856,3021,1470,707,763,
36755,5880,2842,3038,10289,5036,5253,11758,5685,6073,10288,4889,5399,5879,2856,3023,1470,707,763,
36760,5881,2843,3038,10291,5037,5254,11761,5688,6073,10290,4890,5400,5880,2856,3024,1470,707,763,
36765,5882,2844,3038,10292,5038,5254,11762,5688,6074,10292,4891,5401,5880,2856,3024,1470,707,763,
36770,5883,2845,3038,10294,5040,5254,11765,5690,6075,10293,4891,5402,5881,2857,3024,1470,707,763,
36775,5883,2845,3038,10295,5040,5255,11765,5690,6075,10294,4891,5403,5881,2857,3024,1471,708,763,
36780,5884,2845,3039,10296,5040,5256,11766,5691,6075,10295,4891,5404,5883,2859,3024,1471,708,763,
36785,5885,2846,3039,10298,5041,5257,11769,5694,6075,10297,4892,5405,5884,2860,3024,1471,708,763,
36790,5886,2846,3040,10299,5042,5257,11770,5695,6075,10299,4892,5407,5884,2860,3024,1471,708,763,
36795,5887,2847,3040,10301,5043,5258,11773,5697,6076,10300,4893,5407,5885,2860,3025,1471,708,763,
36800,5887,2847,3040,10302,5044,5258,11773,5697,6076,10301,4894,5407,5885,2860,3025,1472,708,764,
36805,5888,2848,3040,10303,5045,5258,11774,5698,6076,10302,4895,5407,5887,2861,3026,1472,708,764,
36810,5889,2848,3041,10305,5046,5259,11777,5700,6077,10304,4895,5409,5888,2862,3026,1472,708,764,
36815,5890,2848,3042,10306,5047,5259,11778,5700,6078,10306,4896,5410,5888,2862,3026,1472,708,764,
36820,5891,2849,3042,10308,5047,5261,11781,5703,6078,10307,4896,5411,5889,2862,3027,1472,708,764,
36825,5891,2849,3042,10309,5047,5262,11781,5703,6078,10308,4896,5412,5889,2862,3027,1473,708,765,
36830,5892,2849,3043,10310,5047,5263,11782,5704,6078,10309,4897,5412,5891,2862,3029,1473,708,765,
36835,5893,2850,3043,10312,5048,5264,11785,5706,6079,10311,4897,5414,5892,2863,3029,1473,708,765,
36840,5894,2850,3044,10313,5049,5264,11786,5706,6080,10313,4898,5415,5892,2863,3029,1473,708,765,
36845,5895,2850,3045,10315,5049,5266,11789,5706,6083,10314,4899,5415,5893,2864,3029,1473,708,765,
36850,5895,2850,3045,10316,5049,5267,11789,5706,6083,10315,4900,5415,5893,2864,3029,1474,708,766,
36855,5896,2851,3045,10317,5050,5267,11790,5706,6084,10316,4901,5415,5895,2864,3031,1474,708,766,
36860,5897,2851,3046,10319,5051,5268,11793,5706,6087,10318,4902,5416,5896,2865,3031,1474,708,766,
36865,5898,2851,3047,10320,5052,5268,11794,5706,6088,10320,4903,5417,5896,2865,3031,1474,708,766,
36870,5899,2851,3048,10322,5054,5268,11797,5706,6091,10321,4903,5418,5897,2866,3031,1474,708,766,
36875,5899,2851,3048,10323,5055,5268,11797,5706,6091,10322,4904,5418,5897,2866,3031,1475,709,766,
36880,5900,2851,3049,10324,5056,5268,11798,5707,6091,10323,4904,5419,5899,2867,3032,1475,709,766,
36885,5901,2852,3049,10326,5057,5269,11801,5709,6092,10325,4904,5421,5900,2868,3032,1475,709,766,
36890,5902,2853,3049,10327,5057,5270,11802,5709,6093,10327,4904,5423,5900,2868,3032,1475,709,766,
36895,5903,2853,3050,10329,5058,5271,11805,5711,6094,10328,4904,5424,5901,2868,3033,1475,709,766,
36900,5903,2853,3050,10330,5059,5271,11805,5711,6094,10329,4904,5425,5901,2868,3033,1476,710,766,
36905,5904,2854,3050,10331,5059,5272,11806,5711,6095,10330,4904,5426,5903,2870,3033,1476,710,766,
36910,5905,2854,3051,10333,5060,5273,11809,5712,6097,10332,4904,5428,5904,2870,3034,1476,710,766,
36915,5906,2854,3052,10334,5060,5274,11810,5712,6098,10334,4905,5429,5904,2870,3034,1476,710,766,
36920,5907,2855,3052,10336,5062,5274,11813,5713,6100,10335,4906,5429,5905,2871,3034,1476,710,766,
36925,5907,2855,3052,10337,5063,5274,11813,5713,6100,10336,4907,5429,5905,2871,3034,1477,711,766,
36930,5908,2856,3052,10338,5064,5274,11814,5713,6101,10337,4907,5430,5907,2872,3035,1477,711,766,
36935,5909,2856,3053,10340,5065,5275,11817,5714,6103,10339,4909,5430,5908,2873,3035,1477,711,766,
36940,5910,2857,3053,10341,5066,5275,11818,5715,6103,10341,4910,5431,5908,2873,3035,1477,711,766,
36945,5911,2857,3054,10343,5067,5276,11821,5716,6105,10342,4910,5432,5909,2874,3035,1477,711,766,
36950,5911,2857,3054,10344,5068,5276,11821,5716,6105,10343,4910,5433,5909,2874,3035,1478,712,766,
36955,5912,2858,3054,10345,5068,5277,11822,5716,6106,10344,4910,5434,5911,2875,3036,1478,712,766,
36960,5913,2858,3055,10347,5069,5278,11825,5718,6107,10346,4912,5434,5912,2876,3036,1478,712,766,
36965,5914,2858,3056,10348,5070,5278,11826,5718,6108,10348,4912,5436,5912,2876,3036,1478,712,766,
36970,5915,2859,3056,10350,5070,5280,11829,5720,6109,10349,4912,5437,5913,2876,3037,1478,712,766,
36975,5915,2859,3056,10351,5071,5280,11829,5720,6109,10350,4913,5437,5913,2876,3037,1479,713,766,
36980,5916,2860,3056,10352,5071,5281,11830,5720,6110,10351,4914,5437,5915,2877,3038,1479,713,766,
36985,5917,2861,3056,10354,5073,5281,11833,5721,6112,10353,4916,5437,5916,2877,3039,1479,713,766,
36990,5918,2862,3056,10355,5073,5282,11834,5722,6112,10355,4917,5438,5916,2877,3039,1479,713,766,
36995,5919,2862,3057,10357,5075,5282,11837,5723,6114,10356,4918,5438,5917,2878,3039,1479,713,766,
37000,5919,2862,3057,10358,5076,5282,11837,5723,6114,10357,4919,5438,5917,2878,3039,1480,713,767,
37005,5920,2863,3057,10359,5077,5282,11838,5724,6114,10358,4920,5438,5919,2879,3040,1480,713,767,
37010,5921,2864,3057,10361,5078,5283,11841,5725,6116,10360,4921,5439,5920,2879,3041,1480,713,767,
37015,5922,2864,3058,10362,5079,5283,11842,5725,6117,10362,4922,5440,5920,2879,3041,1480,713,767,
37020,5923,2865,3058,10364,5080,5284,11845,5727,6118,10363,4923,5440,5921,2880,3041,1480,713,767,
37025,5923,2865,3058,10365,5080,5285,11845,5727,6118,10364,4923,5441,5921,2880,3041,1481,714,767,
37030,5924,2866,3058,10366,5080,5286,11846,5727,6119,10365,4924,5441,5923,2882,3041,1481,714,767,
37035,5925,2867,3058,10368,5080,5288,11849,5729,6120,10367,4926,5441,5924,2882,3042,1481,714,767,
37040,5926,2867,3059,10369,5081,5288,11850,5730,6120,10369,4927,5442,5924,2882,3042,1481,714,767,
37045,5927,2867,3060,10371,5083,5288,11853,5732,6121,10370,4927,5443,5925,2883,3042,1481,714,767,
37050,5927,2867,3060,10372,5084,5288,11853,5732,6121,10371,4928,5443,5925,2883,3042,1482,714,768,
37055,5928,2868,3060,10373,5084,5289,11854,5733,6121,10372,4929,5443,5927,2883,3044,1482,714,768,
37060,5929,2868,3061,10375,5086,5289,11857,5734,6123,10374,4930,5444,5928,2884,3044,1482,714,768,
37065,5930,2869,3061,10376,5086,5290,11858,5735,6123,10376,4931,5445,5928,2884,3044,1482,714,768,
37070,5931,2870,3061,10378,5088,5290,11861,5736,6125,10377,4932,5445,5929,2885,3044,1482,714,768,
37075,5931,2870,3061,10379,5088,5291,11861,5736,6125,10378,4932,5446,5929,2885,3044,1483,714,769,
37080,5932,2871,3061,10380,5089,5291,11862,5736,6126,10379,4932,5447,5931,2885,3046,1483,714,769,
37085,5933,2872,3061,10382,5090,5292,11865,5737,6128,10381,4932,5449,5932,2886,3046,1483,714,769,
37090,5934,2873,3061,10383,5090,5293,11866,5737,6129,10383,4933,5450,5932,2886,3046,1483,714,769,
37095,5935,2874,3061,10385,5090,5295,11869,5739,6130,10384,4933,5451,5933,2886,3047,1483,714,769,
37100,5935,2874,3061,10386,5090,5296,11869,5739,6130,10385,4934,5451,5933,2886,3047,1484,715,769,
37105,5936,2875,3061,10387,5090,5297,11870,5740,6130,10386,4934,5452,5935,2887,3048,1484,715,769,
37110,5937,2876,3061,10389,5091,5298,11873,5742,6131,10388,4935,5453,5936,2887,3049,1484,715,769,
37115,5938,2876,3062,10390,5091,5299,11874,5743,6131,10390,4936,5454,5936,2887,3049,1484,715,769,
37120,5939,2877,3062,10392,5091,5301,11877,5744,6133,10391,4937,5454,5937,2887,3050,1484,715,769,
37125,5939,2877,3062,10393,5091,5302,11877,5744,6133,10392,4938,5454,5937,2887,3050,1485,716,769,
37130,5940,2877,3063,10394,5092,5302,11878,5745,6133,10393,4938,5455,5939,2889,3050,1485,716,769,
37135,5941,2878,3063,10396,5092,5304,11881,5746,6135,10395,4939,5456,5940,2889,3051,1485,716,769,
37140,5942,2878,3064,10397,5093,5304,11882,5746,6136,10397,4940,5457,5940,2889,3051,1485,716,769,
37145,5943,2879,3064,10399,5093,5306,11885,5748,6137,10398,4940,5458,5941,2890,3051,1485,716,769,
37150,5943,2879,3064,10400,5094,5306,11885,5748,6137,10399,4940,5459,5941,2890,3051,1486,716,770,
37155,5944,2880,3064,10401,5095,5306,11886,5749,6137,10400,4940,5460,5943,2890,3053,1486,716,770,
37160,5945,2880,3065,10403,5096,5307,11889,5749,6140,10402,4941,5461,5944,2890,3054,1486,716,770,
37165,5946,2881,3065,10404,5097,5307,11890,5749,6141,10404,4941,5463,5944,2890,3054,1486,716,770,
37170,5947,2881,3066,10406,5097,5309,11893,5751,6142,10405,4941,5464,5945,2890,3055,1486,716,770,
37175,5947,2881,3066,10407,5097,5310,11893,5751,6142,10406,4941,5465,5945,2890,3055,1487,717,770,
37180,5948,2882,3066,10408,5097,5311,11894,5751,6143,10407,4942,5465,5947,2892,3055,1487,717,770,
37185,5949,2883,3066,10410,5099,5311,11897,5751,6146,10409,4943,5466,5948,2892,3056,1487,717,770,
37190,5950,2883,3067,10411,5100,5311,11898,5752,6146,10411,4944,5467,5948,2892,3056,1487,717,770,
37195,5951,2883,3068,10413,5102,5311,11901,5754,6147,10412,4945,5467,5949,2893,3056,1487,717,770,
37200,5951,2883,3068,10414,5102,5312,11901,5754,6147,10413,4946,5467,5949,2893,3056,1488,718,770,
37205,5952,2883,3069,10415,5102,5313,11902,5754,6148,10414,4946,5468,5951,2895,3056,1488,718,770,
37210,5953,2883,3070,10417,5104,5313,11905,5756,6149,10416,4946,5470,5952,2895,3057,1488,718,770,
37215,5954,2884,3070,10418,5105,5313,11906,5756,6150,10418,4947,5471,5952,2895,3057,1488,718,770,
37220,5955,2884,3071,10420,5107,5313,11909,5757,6152,10419,4947,5472,5953,2895,3058,1488,718,770,
37225,5955,2884,3071,10421,5108,5313,11909,5757,6152,10420,4948,5472,5953,2895,3058,1489,718,771,
37230,5956,2885,3071,10422,5108,5314,11910,5757,6153,10421,4949,5472,5955,2896,3059,1489,718,771,
37235,5957,2885,3072,10424,5108,5316,11913,5760,6153,10423,4949,5474,5956,2896,3060,1489,718,771,
37240,5958,2886,3072,10425,5109,5316,11914,5760,6154,10425,4951,5474,5956,2896,3060,1489,718,771,
37245,5959,2886,3073,10427,5110,5317,11917,5760,6157,10426,4951,5475,5957,2896,3061,1489,718,771,
37250,5959,2886,3073,10428,5110,5318,11917,5760,6157,10427,4952,5475,5957,2896,3061,1490,719,771,
37255,5960,2886,3074,10429,5111,5318,11918,5760,6158,10428,4953,5475,5959,2898,3061,1490,719,771,
37260,5961,2886,3075,10431,5112,5319,11921,5763,6158,10430,4954,5476,5960,2899,3061,1490,719,771,
37265,5962,2887,3075,10432,5113,5319,11922,5763,6159,10432,4956,5476,5960,2899,3061,1490,719,771,
37270,5963,2888,3075,10434,5115,5319,11925,5764,6161,10433,4957,5476,5961,2900,3061,1490,719,771,
37275,5963,2888,3075,10435,5115,5320,11925,5764,6161,10434,4957,5477,5961,2900,3061,1491,720,771,
37280,5964,2888,3076,10436,5115,5321,11926,5765,6161,10435,4958,5477,5963,2901,3062,1491,720,771,
37285,5965,2888,3077,10438,5116,5322,11929,5766,6163,10437,4959,5478,5964,2901,3063,1491,720,771,
37290,5966,2888,3078,10439,5116,5323,11930,5767,6163,10439,4961,5478,5964,2901,3063,1491,720,771,
37295,5967,2888,3079,10441,5118,5323,11933,5768,6165,10440,4961,5479,5965,2902,3063,1491,720,771,
37300,5967,2888,3079,10442,5119,5323,11933,5768,6165,10441,4962,5479,5965,2902,3063,1492,721,771,
37305,5968,2888,3080,10443,5120,5323,11934,5768,6166,10442,4963,5479,5967,2903,3064,1492,721,771,
37310,5969,2889,3080,10445,5122,5323,11937,5770,6167,10444,4963,5481,5968,2904,3064,1492,721,771,
37315,5970,2889,3081,10446,5122,5324,11938,5770,6168,10446,4964,5482,5968,2904,3064,1492,721,771,
37320,5971,2889,3082,10448,5123,5325,11941,5771,6170,10447,4965,5482,5969,2905,3064,1492,721,771,
37325,5971,2889,3082,10449,5124,5325,11941,5771,6170,10448,4965,5483,5969,2905,3064,1493,722,771,
37330,5972,2889,3083,10450,5124,5326,11942,5772,6170,10449,4965,5484,5971,2906,3065,1493,722,771,
37335,5973,2890,3083,10452,5125,5327,11945,5774,6171,10451,4966,5485,5972,2906,3066,1493,722,771,
37340,5974,2890,3084,10453,5126,5327,11946,5775,6171,10453,4968,5485,5972,2906,3066,1493,722,771,
37345,5975,2891,3084,10455,5127,5328,11949,5775,6174,10454,4969,5485,5973,2907,3066,1493,722,771,
37350,5975,2891,3084,10456,5127,5329,11949,5775,6174,10455,4969,5486,5973,2907,3066,1494,723,771,
37355,5976,2892,3084,10457,5128,5329,11950,5775,6175,10456,4970,5486,5975,2908,3067,1494,723,771,
37360,5977,2892,3085,10459,5128,5331,11953,5777,6176,10458,4971,5487,5976,2909,3067,1494,723,771,
37365,5978,2892,3086,10460,5129,5331,11954,5777,6177,10460,4972,5488,5976,2909,3067,1494,723,771,
37370,5979,2893,3086,10462,5130,5332,11957,5780,6177,10461,4972,5489,5977,2910,3067,1494,723,771,
37375,5979,2893,3086,10463,5130,5333,11957,5780,6177,10462,4973,5489,5977,2910,3067,1495,724,771,
37380,5980,2894,3086,10464,5130,5334,11958,5781,6177,10463,4973,5490,5979,2911,3068,1495,724,771,
37385,5981,2895,3086,10466,5130,5336,11961,5783,6178,10465,4974,5491,5980,2912,3068,1495,724,771,
37390,5982,2895,3087,10467,5130,5337,11962,5784,6178,10467,4975,5492,5980,2912,3068,1495,724,771,
37395,5983,2896,3087,10469,5131,5338,11965,5784,6181,10468,4976,5492,5981,2913,3068,1495,724,771,
37400,5983,2896,3087,10470,5132,5338,11965,5784,6181,10469,4976,5493,5981,2913,3068,1496,725,771,
37405,5984,2896,3088,10471,5133,5338,11966,5784,6182,10470,4976,5494,5983,2914,3069,1496,725,771,
37410,5985,2896,3089,10473,5134,5339,11969,5785,6184,10472,4977,5495,5984,2915,3069,1496,725,771,
37415,5986,2896,3090,10474,5135,5339,11970,5786,6184,10474,4977,5497,5984,2915,3069,1496,725,771,
37420,5987,2897,3090,10476,5136,5340,11973,5787,6186,10475,4977,5498,5985,2915,3070,1496,725,771,
37425,5987,2897,3090,10477,5136,5341,11973,5787,6186,10476,4978,5498,5985,2915,3070,1497,726,771,
37430,5988,2897,3091,10478,5137,5341,11974,5788,6186,10477,4978,5499,5987,2917,3070,1497,726,771,
37435,5989,2897,3092,10480,5137,5343,11977,5789,6188,10479,4979,5500,5988,2918,3070,1497,726,771,
37440,5990,2897,3093,10481,5137,5344,11978,5789,6189,10481,4980,5501,5988,2918,3070,1497,726,771,
37445,5991,2898,3093,10483,5139,5344,11981,5789,6192,10482,4980,5502,5989,2919,3070,1497,726,771,
37450,5991,2898,3093,10484,5139,5345,11981,5789,6192,10483,4981,5502,5989,2919,3070,1498,726,772,
37455,5992,2898,3094,10485,5140,5345,11982,5790,6192,10484,4982,5502,5991,2921,3070,1498,726,772,
37460,5993,2899,3094,10487,5141,5346,11985,5791,6194,10486,4983,5503,5992,2922,3070,1498,726,772,
37465,5994,2900,3094,10488,5141,5347,11986,5792,6194,10488,4985,5503,5992,2922,3070,1498,726,772,
37470,5995,2901,3094,10490,5142,5348,11989,5795,6194,10489,4985,5504,5993,2923,3070,1498,726,772,
37475,5995,2901,3094,10491,5142,5349,11989,5795,6194,10490,4985,5505,5993,2923,3070,1499,726,773,
37480,5996,2902,3094,10492,5143,5349,11990,5795,6195,10491,4986,5505,5995,2923,3072,1499,726,773,
37485,5997,2902,3095,10494,5145,5349,11993,5796,6197,10493,4986,5507,5996,2923,3073,1499,726,773,
37490,5998,2902,3096,10495,5145,5350,11994,5797,6197,10495,4986,5509,5996,2923,3073,1499,726,773,
37495,5999,2902,3097,10497,5146,5351,11997,5797,6200,10496,4986,5510,5997,2923,3074,1499,726,773,
37500,5999,2902,3097,10498,5146,5352,11997,5797,6200,10497,4987,5510,5997,2923,3074,1500,727,773,
37505,6000,2902,3098,10499,5146,5353,11998,5798,6200,10498,4988,5510,5999,2925,3074,1500,727,773,
37510,6001,2902,3099,10501,5146,5355,12001,5800,6201,10500,4989,5511,6000,2925,3075,1500,727,773,
37515,6002,2903,3099,10502,5146,5356,12002,5801,6201,10502,4990,5512,6000,2925,3075,1500,727,773,
37520,6003,2903,3100,10504,5148,5356,12005,5802,6203,10503,4990,5513,6001,2926,3075,1500,727,773,
37525,6003,2903,3100,10505,5148,5357,12005,5802,6203,10504,4991,5513,6001,2926,3075,1501,727,774,
37530,6004,2903,3101,10506,5149,5357,12006,5803,6203,10505,4992,5513,6003,2927,3076,1501,727,774,
37535,6005,2903,3102,10508,5149,5359,12009,5804,6205,10507,4993,5514,6004,2928,3076,1501,727,774,
37540,6006,2904,3102,10509,5149,5360,12010,5804,6206,10509,4994,5515,6004,2928,3076,1501,727,774,
37545,6007,2905,3102,10511,5150,5361,12013,5805,6208,10510,4994,5516,6005,2928,3077,1501,727,774,
37550,6007,2905,3102,10512,5150,5362,12013,5805,6208,10511,4994,5517,6005,2928,3077,1502,728,774,
37555,6008,2906,3102,10513,5150,5363,12014,5806,6208,10512,4994,5518,6007,2928,3079,1502,728,774,
37560,6009,2907,3102,10515,5150,5365,12017,5808,6209,10514,4996,5518,6008,2928,3080,1502,728,774,
37565,6010,2908,3102,10516,5151,5365,12018,5809,6209,10516,4996,5520,6008,2928,3080,1502,728,774,
37570,6011,2909,3102,10518,5151,5367,12021,5811,6210,10517,4996,5521,6009,2929,3080,1502,728,774,
37575,6011,2909,3102,10519,5151,5368,12021,5811,6210,10518,4996,5522,6009,2929,3080,1503,729,774,
37580,6012,2910,3102,10520,5151,5369,12022,5812,6210,10519,4996,5523,6011,2931,3080,1503,729,774,
37585,6013,2911,3102,10522,5152,5370,12025,5813,6212,10521,4998,5523,6012,2932,3080,1503,729,774,
37590,6014,2912,3102,10523,5152,5371,12026,5814,6212,10523,4999,5524,6012,2932,3080,1503,729,774,
37595,6015,2913,3102,10525,5152,5373,12029,5815,6214,10524,4999,5525,6013,2932,3081,1503,729,774,
37600,6015,2913,3102,10526,5153,5373,12029,5815,6214,10525,4999,5526,6013,2932,3081,1504,730,774,
37605,6016,2913,3103,10527,5154,5373,12030,5815,6215,10526,4999,5527,6015,2933,3082,1504,730,774,
37610,6017,2914,3103,10529,5156,5373,12033,5816,6217,10528,4999,5529,6016,2933,3083,1504,730,774,
37615,6018,2915,3103,10530,5156,5374,12034,5816,6218,10530,5001,5529,6016,2933,3083,1504,730,774,
37620,6019,2915,3104,10532,5157,5375,12037,5816,6221,10531,5001,5530,6017,2934,3083,1504,730,774,
37625,6019,2915,3104,10533,5158,5375,12037,5816,6221,10532,5001,5531,6017,2934,3083,1505,730,775,
37630,6020,2916,3104,10534,5158,5376,12038,5817,6221,10533,5002,5531,6019,2936,3083,1505,730,775,
37635,6021,2916,3105,10536,5159,5377,12041,5817,6224,10535,5004,5531,6020,2936,3084,1505,730,775,
37640,6022,2917,3105,10537,5159,5378,12042,5818,6224,10537,5005,5532,6020,2936,3084,1505,730,775,
37645,6023,2918,3105,10539,5161,5378,12045,5821,6224,10538,5005,5533,6021,2936,3085,1505,730,775,
37650,6023,2918,3105,10540,5161,5379,12045,5821,6224,10539,5005,5534,6021,2936,3085,1506,730,776,
37655,6024,2919,3105,10541,5161,5380,12046,5821,6225,10540,5005,5535,6023,2938,3085,1506,730,776,
37660,6025,2919,3106,10543,5162,5381,12049,5822,6227,10542,5007,5535,6024,2938,3086,1506,730,776,
37665,6026,2920,3106,10544,5163,5381,12050,5823,6227,10544,5008,5536,6024,2938,3086,1506,730,776,
37670,6027,2921,3106,10546,5164,5382,12053,5825,6228,10545,5009,5536,6025,2938,3087,1506,730,776,
37675,6027,2921,3106,10547,5165,5382,12053,5825,6228,10546,5009,5537,6025,2938,3087,1507,730,777,
37680,6028,2922,3106,10548,5165,5383,12054,5825,6229,10547,5010,5537,6027,2939,3088,1507,730,777,
37685,6029,2922,3107,10550,5166,5384,12057,5827,6230,10549,5012,5537,6028,2939,3089,1507,730,777,
37690,6030,2922,3108,10551,5167,5384,12058,5827,6231,10551,5013,5538,6028,2939,3089,1507,730,777,
37695,6031,2923,3108,10553,5168,5385,12061,5829,6232,10552,5013,5539,6029,2939,3090,1507,730,777,
37700,6031,2923,3108,10554,5169,5385,12061,5829,6232,10553,5014,5539,6029,2939,3090,1508,731,777,
37705,6032,2924,3108,10555,5169,5386,12062,5829,6233,10554,5014,5540,6031,2940,3091,1508,731,777,
37710,6033,2925,3108,10557,5170,5387,12065,5830,6235,10556,5015,5541,6032,2940,3092,1508,731,777,
37715,6034,2925,3109,10558,5171,5387,12066,5830,6236,10558,5017,5541,6032,2940,3092,1508,731,777,
37720,6035,2925,3110,10560,5173,5387,12069,5831,6238,10559,5017,5542,6033,2940,3093,1508,731,777,
37725,6035,2925,3110,10561,5174,5387,12069,5831,6238,10560,5017,5543,6033,2940,3093,1509,731,778,
37730,6036,2926,3110,10562,5175,5387,12070,5832,6238,10561,5018,5543,6035,2942,3093,1509,731,778,
37735,6037,2927,3110,10564,5175,5389,12073,5835,6238,10563,5019,5544,6036,2942,3094,1509,731,778,
37740,6038,2927,3111,10565,5176,5389,12074,5835,6239,10565,5020,5545,6036,2942,3094,1509,731,778,
37745,6039,2928,3111,10567,5177,5390,12077,5837,6240,10566,5020,5546,6037,2943,3094,1509,731,778,
37750,6039,2928,3111,10568,5177,5391,12077,5837,6240,10567,5021,5546,6037,2943,3094,1510,731,779,
37755,6040,2928,3112,10569,5178,5391,12078,5838,6240,10568,5021,5547,6039,2943,3096,1510,731,779,
37760,6041,2928,3113,10571,5178,5393,12081,5839,6242,10570,5021,5549,6040,2944,3096,1510,731,779,
37765,6042,2928,3114,10572,5178,5394,12082,5839,6243,10572,5021,5551,6040,2944,3096,1510,731,779,
37770,6043,2928,3115,10574,5178,5396,12085,5840,6245,10573,5022,5551,6041,2945,3096,1510,731,779,
37775,6043,2928,3115,10575,5178,5397,12085,5840,6245,10574,5023,5551,6041,2945,3096,1511,731,780,
37780,6044,2929,3115,10576,5179,5397,12086,5840,6246,10575,5023,5552,6043,2946,3097,1511,731,780,
37785,6045,2929,3116,10578,5180,5398,12089,5842,6247,10577,5024,5553,6044,2946,3098,1511,731,780,
37790,6046,2929,3117,10579,5180,5399,12090,5843,6247,10579,5025,5554,6044,2946,3098,1511,731,780,
37795,6047,2930,3117,10581,5181,5400,12093,5845,6248,10580,5025,5555,6045,2947,3098,1511,731,780,
37800,6047,2930,3117,10582,5181,5401,12093,5845,6248,10581,5026,5555,6045,2947,3098,1512,732,780,
37805,6048,2930,3118,10583,5181,5402,12094,5846,6248,10582,5027,5555,6047,2948,3099,1512,732,780,
37810,6049,2930,3119,10585,5182,5403,12097,5847,6250,10584,5028,5556,6048,2948,3100,1512,732,780,
37815,6050,2931,3119,10586,5182,5404,12098,5847,6251,10586,5029,5557,6048,2948,3100,1512,732,780,
37820,6051,2931,3120,10588,5183,5405,12101,5850,6251,10587,5029,5558,6049,2948,3101,1512,732,780,
37825,6051,2931,3120,10589,5183,5406,12101,5850,6251,10588,5029,5559,6049,2948,3101,1513,733,780,
37830,6052,2931,3121,10590,5183,5407,12102,5851,6251,10589,5030,5559,6051,2949,3102,1513,733,780,
37835,6053,2931,3122,10592,5184,5408,12105,5853,6252,10591,5031,5560,6052,2950,3102,1513,733,780,
37840,6054,2932,3122,10593,5185,5408,12106,5854,6252,10593,5031,5562,6052,2950,3102,1513,733,780,
37845,6055,2933,3122,10595,5185,5410,12109,5855,6254,10594,5031,5563,6053,2951,3102,1513,733,780,
37850,6055,2933,3122,10596,5186,5410,12109,5855,6254,10595,5031,5564,6053,2951,3102,1514,734,780,
37855,6056,2934,3122,10597,5187,5410,12110,5855,6255,10596,5031,5565,6055,2953,3102,1514,734,780,
37860,6057,2935,3122,10599,5189,5410,12113,5857,6256,10598,5032,5566,6056,2954,3102,1514,734,780,
37865,6058,2935,3123,10600,5190,5410,12114,5858,6256,10600,5032,5568,6056,2954,3102,1514,734,780,
37870,6059,2936,3123,10602,5190,5412,12117,5859,6258,10601,5033,5568,6057,2954,3103,1514,734,780,
37875,6059,2936,3123,10603,5191,5412,12117,5859,6258,10602,5034,5568,6057,2954,3103,1515,735,780,
37880,6060,2937,3123,10604,5192,5412,12118,5859,6259,10603,5034,5569,6059,2955,3104,1515,735,780,
37885,6061,2937,3124,10606,5193,5413,12121,5861,6260,10605,5036,5569,6060,2956,3104,1515,735,780,
37890,6062,2938,3124,10607,5194,5413,12122,5861,6261,10607,5038,5569,6060,2956,3104,1515,735,780,
37895,6063,2938,3125,10609,5195,5414,12125,5862,6263,10608,5038,5570,6061,2957,3104,1515,735,780,
37900,6063,2938,3125,10610,5196,5414,12125,5862,6263,10609,5039,5570,6061,2957,3104,1516,736,780,
37905,6064,2939,3125,10611,5196,5415,12126,5862,6264,10610,5039,5571,6063,2958,3105,1516,736,780,
37910,6065,2939,3126,10613,5197,5416,12129,5864,6265,10612,5040,5572,6064,2958,3106,1516,736,780,
37915,6066,2940,3126,10614,5198,5416,12130,5865,6265,10614,5041,5573,6064,2958,3106,1516,736,780,
37920,6067,2941,3126,10616,5199,5417,12133,5865,6268,10615,5042,5573,6065,2959,3106,1516,736,780,
37925,6067,2941,3126,10617,5199,5418,12133,5865,6268,10616,5042,5574,6065,2959,3106,1517,736,781,
37930,6068,2942,3126,10618,5200,5418,12134,5865,6269,10617,5042,5575,6067,2959,3108,1517,736,781,
37935,6069,2943,3126,10620,5201,5419,12137,5866,6271,10619,5043,5576,6068,2959,3109,1517,736,781,
37940,6070,2943,3127,10621,5201,5420,12138,5867,6271,10621,5043,5578,6068,2959,3109,1517,736,781,
37945,6071,2943,3128,10623,5201,5422,12141,5868,6273,10622,5044,5578,6069,2959,3110,1517,736,781,
37950,6071,2943,3128,10624,5201,5423,12141,5868,6273,10623,5044,5579,6069,2959,3110,1518,736,782,
37955,6072,2943,3129,10625,5202,5423,12142,5868,6274,10624,5045,5579,6071,2961,3110,1518,736,782,
37960,6073,2944,3129,10627,5204,5423,12145,5869,6276,10626,5046,5580,6072,2962,3110,1518,736,782,
37965,6074,2945,3129,10628,5204,5424,12146,5869,6277,10628,5047,5581,6072,2962,3110,1518,736,782,
37970,6075,2946,3129,10630,5205,5425,12149,5870,6279,10629,5047,5582,6073,2963,3110,1518,736,782,
37975,6075,2946,3129,10631,5206,5425,12149,5870,6279,10630,5047,5583,6073,2963,3110,1519,736,783,
37980,6076,2946,3130,10632,5206,5426,12150,5870,6280,10631,5047,5584,6075,2964,3111,1519,736,783,
37985,6077,2947,3130,10634,5207,5427,12153,5872,6281,10633,5049,5584,6076,2965,3111,1519,736,783,
37990,6078,2947,3131,10635,5208,5427,12154,5872,6282,10635,5050,5585,6076,2965,3111,1519,736,783,
37995,6079,2948,3131,10637,5209,5428,12157,5873,6284,10636,5050,5586,6077,2965,3112,1519,736,783,
38000,6079,2948,3131,10638,5210,5428,12157,5873,6284,10637,5051,5586,6077,2965,3112,1520,737,783,
38005,6080,2948,3132,10639,5211,5428,12158,5873,6285,10638,5052,5586,6079,2966,3113,1520,737,783,
38010,6081,2948,3133,10641,5211,5430,12161,5875,6286,10640,5053,5587,6080,2966,3114,1520,737,783,
38015,6082,2949,3133,10642,5212,5430,12162,5875,6287,10642,5055,5587,6080,2966,3114,1520,737,783,
38020,6083,2949,3134,10644,5213,5431,12165,5876,6289,10643,5056,5587,6081,2966,3115,1520,737,783,
38025,6083,2949,3134,10645,5213,5432,12165,5876,6289,10644,5056,5588,6081,2966,3115,1521,737,784,
38030,6084,2949,3135,10646,5214,5432,12166,5877,6289,10645,5056,5589,6083,2966,3117,1521,737,784,
38035,6085,2950,3135,10648,5215,5433,12169,5878,6291,10647,5057,5590,6084,2967,3117,1521,737,784,
38040,6086,2950,3136,10649,5216,5433,12170,5878,6292,10649,5057,5592,6084,2967,3117,1521,737,784,
38045,6087,2950,3137,10651,5217,5434,12173,5879,6294,10650,5057,5593,6085,2967,3118,1521,737,784,
38050,6087,2950,3137,10652,5218,5434,12173,5879,6294,10651,5057,5594,6085,2967,3118,1522,737,785,
38055,6088,2951,3137,10653,5219,5434,12174,5879,6295,10652,5058,5594,6087,2968,3119,1522,737,785,
38060,6089,2951,3138,10655,5220,5435,12177,5880,6297,10654,5058,5596,6088,2968,3120,1522,737,785,
38065,6090,2951,3139,10656,5220,5436,12178,5880,6298,10656,5060,5596,6088,2968,3120,1522,737,785,
38070,6091,2951,3140,10658,5222,5436,12181,5880,6301,10657,5061,5596,6089,2969,3120,1522,737,785,
38075,6091,2951,3140,10659,5223,5436,12181,5880,6301,10658,5061,5597,6089,2969,3120,1523,737,786,
38080,6092,2952,3140,10660,5224,5436,12182,5881,6301,10659,5062,5597,6091,2970,3121,1523,737,786,
38085,6093,2953,3140,10662,5226,5436,12185,5883,6302,10661,5062,5599,6092,2971,3121,1523,737,786,
38090,6094,2954,3140,10663,5227,5436,12186,5883,6303,10663,5063,5600,6092,2971,3121,1523,737,786,
38095,6095,2954,3141,10665,5229,5436,12189,5885,6304,10664,5063,5601,6093,2971,3122,1523,737,786,
38100,6095,2954,3141,10666,5230,5436,12189,5885,6304,10665,5064,5601,6093,2971,3122,1524,737,787,
38105,6096,2955,3141,10667,5230,5437,12190,5886,6304,10666,5065,5601,6095,2971,3124,1524,737,787,
38110,6097,2956,3141,10669,5231,5438,12193,5888,6305,10668,5067,5601,6096,2971,3125,1524,737,787,
38115,6098,2956,3142,10670,5231,5439,12194,5888,6306,10670,5068,5602,6096,2971,3125,1524,737,787,
38120,6099,2956,3143,10672,5233,5439,12197,5889,6308,10671,5069,5602,6097,2971,3126,1524,737,787,
38125,6099,2956,3143,10673,5233,5440,12197,5889,6308,10672,5069,5603,6097,2971,3126,1525,737,788,
38130,6100,2956,3144,10674,5233,5441,12198,5889,6309,10673,5070,5603,6099,2972,3127,1525,737,788,
38135,6101,2956,3145,10676,5233,5443,12201,5890,6311,10675,5071,5604,6100,2972,3128,1525,737,788,
38140,6102,2957,3145,10677,5233,5444,12202,5890,6312,10677,5073,5604,6100,2972,3128,1525,737,788,
38145,6103,2957,3146,10679,5234,5445,12205,5892,6313,10678,5073,5605,6101,2973,3128,1525,737,788,
38150,6103,2957,3146,10680,5234,5446,12205,5892,6313,10679,5073,5606,6101,2973,3128,1526,738,788,
38155,6104,2957,3147,10681,5235,5446,12206,5893,6313,10680,5073,5607,6103,2974,3129,1526,738,788,
38160,6105,2957,3148,10683,5235,5448,12209,5894,6315,10682,5074,5608,6104,2974,3130,1526,738,788,
38165,6106,2958,3148,10684,5236,5448,12210,5894,6316,10684,5076,5608,6104,2974,3130,1526,738,788,
38170,6107,2958,3149,10686,5236,5450,12213,5896,6317,10685,5077,5608,6105,2974,3131,1526,738,788,
38175,6107,2958,3149,10687,5236,5451,12213,5896,6317,10686,5078,5608,6105,2974,3131,1527,739,788,
38180,6108,2958,3150,10688,5236,5452,12214,5896,6318,10687,5078,5609,6107,2975,3132,1527,739,788,
38185,6109,2959,3150,10690,5236,5454,12217,5898,6319,10689,5080,5609,6108,2976,3132,1527,739,788,
38190,6110,2960,3150,10691,5236,5455,12218,5898,6320,10691,5081,5610,6108,2976,3132,1527,739,788,
38195,6111,2960,3151,10693,5238,5455,12221,5898,6323,10692,5082,5610,6109,2977,3132,1527,739,788,
38200,6111,2960,3151,10694,5239,5455,12221,5898,6323,10693,5082,5611,6109,2977,3132,1528,739,789,
38205,6112,2961,3151,10695,5239,5456,12222,5899,6323,10694,5082,5612,6111,2978,3133,1528,739,789,
38210,6113,2961,3152,10697,5239,5458,12225,5901,6324,10696,5083,5613,6112,2978,3134,1528,739,789,
38215,6114,2961,3153,10698,5240,5458,12226,5902,6324,10698,5084,5614,6112,2978,3134,1528,739,789,
38220,6115,2961,3154,10700,5241,5459,12229,5903,6326,10699,5084,5615,6113,2979,3134,1528,739,789,
38225,6115,2961,3154,10701,5242,5459,12229,5903,6326,10700,5084,5616,6113,2979,3134,1529,739,790,
38230,6116,2962,3154,10702,5242,5460,12230,5904,6326,10701,5085,5616,6115,2980,3135,1529,739,790,
38235,6117,2962,3155,10704,5243,5461,12233,5905,6328,10703,5087,5616,6116,2980,3136,1529,739,790,
38240,6118,2962,3156,10705,5243,5462,12234,5905,6329,10705,5088,5617,6116,2980,3136,1529,739,790,
38245,6119,2962,3157,10707,5244,5463,12237,5907,6330,10706,5088,5618,6117,2980,3137,1529,739,790,
38250,6119,2962,3157,10708,5244,5464,12237,5907,6330,10707,5088,5619,6117,2980,3137,1530,740,790,
38255,6120,2962,3158,10709,5244,5465,12238,5908,6330,10708,5089,5619,6119,2980,3139,1530,740,790,
38260,6121,2963,3158,10711,5244,5467,12241,5909,6332,10710,5089,5621,6120,2980,3140,1530,740,790,
38265,6122,2963,3159,10712,5244,5468,12242,5909,6333,10712,5090,5622,6120,2980,3140,1530,740,790,
38270,6123,2964,3159,10714,5245,5469,12245,5910,6335,10713,5090,5623,6121,2980,3141,1530,740,790,
38275,6123,2964,3159,10715,5245,5470,12245,5910,6335,10714,5090,5624,6121,2980,3141,1531,740,791,
38280,6124,2964,3160,10716,5246,5470,12246,5910,6336,10715,5090,5625,6123,2981,3142,1531,740,791,
38285,6125,2964,3161,10718,5246,5472,12249,5912,6337,10717,5092,5625,6124,2982,3142,1531,740,791,
38290,6126,2965,3161,10719,5247,5472,12250,5913,6337,10719,5093,5626,6124,2982,3142,1531,740,791,
38295,6127,2965,3162,10721,5248,5473,12253,5913,6340,10720,5093,5627,6125,2983,3142,1531,740,791,
38300,6127,2965,3162,10722,5248,5474,12253,5913,6340,10721,5093,5628,6125,2983,3142,1532,741,791,
38305,6128,2965,3163,10723,5249,5474,12254,5914,6340,10722,5093,5629,6127,2984,3143,1532,741,791,
38310,6129,2966,3163,10725,5250,5475,12257,5916,6341,10724,5094,5630,6128,2985,3143,1532,741,791,
38315,6130,2967,3163,10726,5251,5475,12258,5917,6341,10726,5095,5631,6128,2985,3143,1532,741,791,
38320,6131,2967,3164,10728,5252,5476,12261,5919,6342,10727,5095,5632,6129,2985,3144,1532,741,791,
38325,6131,2967,3164,10729,5252,5477,12261,5919,6342,10728,5096,5632,6129,2985,3144,1533,741,792,
38330,6132,2967,3165,10730,5252,5478,12262,5919,6343,10729,5096,5633,6131,2986,3145,1533,741,792,
38335,6133,2967,3166,10732,5252,5480,12265,5919,6346,10731,5096,5635,6132,2987,3145,1533,741,792,
38340,6134,2967,3167,10733,5252,5481,12266,5920,6346,10733,5097,5636,6132,2987,3145,1533,741,792,
38345,6135,2968,3167,10735,5252,5483,12269,5920,6349,10734,5097,5637,6133,2987,3146,1533,741,792,
38350,6135,2968,3167,10736,5253,5483,12269,5920,6349,10735,5098,5637,6133,2987,3146,1534,742,792,
38355,6136,2968,3168,10737,5253,5484,12270,5920,6350,10736,5098,5638,6135,2987,3148,1534,742,792,
38360,6137,2968,3169,10739,5253,5486,12273,5922,6351,10738,5099,5639,6136,2988,3148,1534,742,792,
38365,6138,2968,3170,10740,5254,5486,12274,5923,6351,10740,5099,5641,6136,2988,3148,1534,742,792,
38370,6139,2969,3170,10742,5254,5488,12277,5923,6354,10741,5099,5642,6137,2989,3148,1534,742,792,
38375,6139,2969,3170,10743,5255,5488,12277,5923,6354,10742,5100,5642,6137,2989,3148,1535,742,793,
38380,6140,2969,3171,10744,5256,5488,12278,5924,6354,10743,5101,5642,6139,2990,3149,1535,742,793,
38385,6141,2969,3172,10746,5256,5490,12281,5925,6356,10745,5103,5642,6140,2991,3149,1535,742,793,
38390,6142,2970,3172,10747,5256,5491,12282,5926,6356,10747,5104,5643,6140,2991,3149,1535,742,793,
38395,6143,2971,3172,10749,5257,5492,12285,5928,6357,10748,5105,5643,6141,2991,3150,1535,742,793,
38400,6143,2971,3172,10750,5258,5492,12285,5928,6357,10749,5106,5643,6141,2991,3150,1536,743,793,
38405,6144,2972,3172,10751,5259,5492,12286,5929,6357,10750,5106,5644,6143,2991,3152,1536,743,793,
38410,6145,2972,3173,10753,5260,5493,12289,5931,6358,10752,5108,5644,6144,2991,3153,1536,743,793,
38415,6146,2972,3174,10754,5260,5494,12290,5931,6359,10754,5110,5644,6144,2991,3153,1536,743,793,
38420,6147,2973,3174,10756,5261,5495,12293,5933,6360,10755,5110,5645,6145,2991,3154,1536,743,793,
38425,6147,2973,3174,10757,5262,5495,12293,5933,6360,10756,5111,5645,6145,2991,3154,1537,744,793,
38430,6148,2973,3175,10758,5263,5495,12294,5934,6360,10757,5111,5646,6147,2992,3155,1537,744,793,
38435,6149,2973,3176,10760,5264,5496,12297,5936,6361,10759,5111,5648,6148,2992,3156,1537,744,793,
38440,6150,2974,3176,10761,5264,5497,12298,5937,6361,10761,5112,5649,6148,2992,3156,1537,744,793,
38445,6151,2974,3177,10763,5265,5498,12301,5938,6363,10762,5112,5650,6149,2993,3156,1537,744,793,
38450,6151,2974,3177,10764,5266,5498,12301,5938,6363,10763,5112,5651,6149,2993,3156,1538,745,793,
38455,6152,2975,3177,10765,5267,5498,12302,5938,6364,10764,5112,5652,6151,2993,3158,1538,745,793,
38460,6153,2976,3177,10767,5268,5499,12305,5941,6364,10766,5113,5653,6152,2994,3158,1538,745,793,
38465,6154,2976,3178,10768,5269,5499,12306,5942,6364,10768,5114,5654,6152,2994,3158,1538,745,793,
38470,6155,2977,3178,10770,5270,5500,12309,5943,6366,10769,5115,5654,6153,2994,3159,1538,745,793,
38475,6155,2977,3178,10771,5270,5501,12309,5943,6366,10770,5116,5654,6153,2994,3159,1539,745,794,
38480,6156,2978,3178,10772,5271,5501,12310,5943,6367,10771,5117,5654,6155,2995,3160,1539,745,794,
38485,6157,2978,3179,10774,5273,5501,12313,5944,6369,10773,5119,5654,6156,2996,3160,1539,745,794,
38490,6158,2979,3179,10775,5274,5501,12314,5944,6370,10775,5120,5655,6156,2996,3160,1539,745,794,
38495,6159,2980,3179,10777,5274,5503,12317,5946,6371,10776,5121,5655,6157,2996,3161,1539,745,794,
38500,6159,2980,3179,10778,5275,5503,12317,5946,6371,10777,5122,5655,6157,2996,3161,1540,746,794,
38505,6160,2981,3179,10779,5276,5503,12318,5946,6372,10778,5122,5656,6159,2998,3161,1540,746,794,
38510,6161,2982,3179,10781,5277,5504,12321,5947,6374,10780,5122,5658,6160,2999,3161,1540,746,794,
38515,6162,2983,3179,10782,5278,5504,12322,5948,6374,10782,5123,5659,6160,2999,3161,1540,746,794,
38520,6163,2983,3180,10784,5278,5506,12325,5950,6375,10783,5124,5659,6161,3000,3161,1540,746,794,
38525,6163,2983,3180,10785,5278,5507,12325,5950,6375,10784,5125,5659,6161,3000,3161,1541,747,794,
38530,6164,2984,3180,10786,5279,5507,12326,5950,6376,10785,5126,5659,6163,3001,3162,1541,747,794,
38535,6165,2984,3181,10788,5281,5507,12329,5951,6378,10787,5127,5660,6164,3001,3163,1541,747,794,
38540,6166,2984,3182,10789,5281,5508,12330,5952,6378,10789,5128,5661,6164,3001,3163,1541,747,794,
38545,6167,2984,3183,10791,5282,5509,12333,5953,6380,10790,5129,5661,6165,3001,3164,1541,747,794,
38550,6167,2984,3183,10792,5283,5509,12333,5953,6380,10791,5129,5662,6165,3001,3164,1542,747,795,
38555,6168,2985,3183,10793,5283,5510,12334,5954,6380,10792,5130,5662,6167,3003,3164,1542,747,795,
38560,6169,2986,3183,10795,5284,5511,12337,5956,6381,10794,5130,5664,6168,3004,3164,1542,747,795,
38565,6170,2986,3184,10796,5284,5512,12338,5957,6381,10796,5131,5665,6168,3004,3164,1542,747,795,
38570,6171,2987,3184,10798,5285,5513,12341,5957,6384,10797,5132,5665,6169,3004,3165,1542,747,795,
38575,6171,2987,3184,10799,5285,5514,12341,5957,6384,10798,5133,5665,6169,3004,3165,1543,748,795,
38580,6172,2988,3184,10800,5285,5515,12342,5958,6384,10799,5134,5665,6171,3005,3166,1543,748,795,
38585,6173,2988,3185,10802,5286,5516,12345,5960,6385,10801,5136,5665,6172,3006,3166,1543,748,795,
38590,6174,2988,3186,10803,5286,5517,12346,5961,6385,10803,5137,5666,6172,3006,3166,1543,748,795,
38595,6175,2989,3186,10805,5288,5517,12349,5961,6388,10804,5138,5666,6173,3006,3167,1543,748,795,
38600,6175,2989,3186,10806,5289,5517,12349,5961,6388,10805,5138,5667,6173,3006,3167,1544,748,796,
38605,6176,2990,3186,10807,5290,5517,12350,5961,6389,10806,5138,5668,6175,3007,3168,1544,748,796,
38610,6177,2990,3187,10809,5291,5518,12353,5963,6390,10808,5139,5669,6176,3008,3168,1544,748,796,
38615,6178,2990,3188,10810,5291,5519,12354,5963,6391,10810,5140,5670,6176,3008,3168,1544,748,796,
38620,6179,2990,3189,10812,5291,5521,12357,5964,6393,10811,5141,5670,6177,3009,3168,1544,748,796,
38625,6179,2990,3189,10813,5291,5522,12357,5964,6393,10812,5141,5671,6177,3009,3168,1545,748,797,
38630,6180,2990,3190,10814,5291,5523,12358,5965,6393,10813,5141,5672,6179,3009,3170,1545,748,797,
38635,6181,2991,3190,10816,5291,5525,12361,5966,6395,10815,5141,5674,6180,3009,3171,1545,748,797,
38640,6182,2992,3190,10817,5292,5525,12362,5966,6396,10817,5142,5675,6180,3009,3171,1545,748,797,
38645,6183,2992,3191,10819,5292,5527,12365,5966,6399,10818,5142,5676,6181,3009,3172,1545,748,797,
38650,6183,2992,3191,10820,5292,5528,12365,5966,6399,10819,5142,5677,6181,3009,3172,1546,749,797,
38655,6184,2993,3191,10821,5292,5529,12366,5967,6399,10820,5142,5678,6183,3011,3172,1546,749,797,
38660,6185,2993,3192,10823,5293,5530,12369,5969,6400,10822,5143,5679,6184,3011,3173,1546,749,797,
38665,6186,2993,3193,10824,5293,5531,12370,5970,6400,10824,5144,5680,6184,3011,3173,1546,749,797,
38670,6187,2994,3193,10826,5295,5531,12373,5971,6402,10825,5145,5680,6185,3012,3173,1546,749,797,
38675,6187,2994,3193,10827,5295,5532,12373,5971,6402,10826,5145,5681,6185,3012,3173,1547,750,797,
38680,6188,2995,3193,10828,5295,5533,12374,5972,6402,10827,5145,5682,6187,3014,3173,1547,750,797,
38685,6189,2995,3194,10830,5296,5534,12377,5973,6404,10829,5147,5682,6188,3014,3174,1547,750,797,
38690,6190,2996,3194,10831,5297,5534,12378,5973,6405,10831,5148,5683,6188,3014,3174,1547,750,797,
38695,6191,2996,3195,10833,5298,5535,12381,5974,6407,10832,5148,5684,6189,3014,3175,1547,750,797,
38700,6191,2996,3195,10834,5299,5535,12381,5974,6407,10833,5148,5685,6189,3014,3175,1548,750,798,
38705,6192,2996,3196,10835,5299,5536,12382,5974,6408,10834,5149,5685,6191,3016,3175,1548,750,798,
38710,6193,2997,3196,10837,5300,5537,12385,5976,6409,10836,5150,5686,6192,3017,3175,1548,750,798,
38715,6194,2997,3197,10838,5301,5537,12386,5977,6409,10838,5150,5688,6192,3017,3175,1548,750,798,
38720,6195,2997,3198,10840,5302,5538,12389,5979,6410,10839,5150,5689,6193,3017,3176,1548,750,798,
38725,6195,2997,3198,10841,5303,5538,12389,5979,6410,10840,5150,5690,6193,3017,3176,1549,750,799,
38730,6196,2997,3199,10842,5304,5538,12390,5979,6411,10841,5151,5690,6195,3019,3176,1549,750,799,
38735,6197,2998,3199,10844,5306,5538,12393,5981,6412,10843,5151,5692,6196,3020,3176,1549,750,799,
38740,6198,2998,3200,10845,5306,5539,12394,5981,6413,10845,5151,5694,6196,3020,3176,1549,750,799,
38745,6199,2998,3201,10847,5307,5540,12397,5982,6415,10846,5152,5694,6197,3020,3177,1549,750,799,
38750,6199,2998,3201,10848,5308,5540,12397,5982,6415,10847,5153,5694,6197,3020,3177,1550,751,799,
38755,6200,2998,3202,10849,5308,5541,12398,5983,6415,10848,5154,5694,6199,3022,3177,1550,751,799,
38760,6201,2998,3203,10851,5309,5542,12401,5984,6417,10850,5156,5694,6200,3022,3178,1550,751,799,
38765,6202,2999,3203,10852,5309,5543,12402,5985,6417,10852,5158,5694,6200,3022,3178,1550,751,799,
38770,6203,2999,3204,10854,5310,5544,12405,5985,6420,10853,5158,5695,6201,3023,3178,1550,751,799,
38775,6203,2999,3204,10855,5311,5544,12405,5985,6420,10854,5158,5696,6201,3023,3178,1551,752,799,
38780,6204,3000,3204,10856,5312,5544,12406,5985,6421,10855,5158,5697,6203,3025,3178,1551,752,799,
38785,6205,3000,3205,10858,5312,5546,12409,5986,6423,10857,5159,5698,6204,3026,3178,1551,752,799,
38790,6206,3000,3206,10859,5312,5547,12410,5986,6424,10859,5159,5700,6204,3026,3178,1551,752,799,
38795,6207,3001,3206,10861,5314,5547,12413,5988,6425,10860,5159,5701,6205,3027,3178,1551,752,799,
38800,6207,3001,3206,10862,5314,5548,12413,5988,6425,10861,5160,5701,6205,3027,3178,1552,753,799,
38805,6208,3001,3207,10863,5315,5548,12414,5989,6425,10862,5160,5702,6207,3028,3179,1552,753,799,
38810,6209,3001,3208,10865,5316,5549,12417,5991,6426,10864,5161,5703,6208,3028,3180,1552,753,799,
38815,6210,3001,3209,10866,5317,5549,12418,5992,6426,10866,5162,5704,6208,3028,3180,1552,753,799,
38820,6211,3002,3209,10868,5317,5551,12421,5994,6427,10867,5162,5705,6209,3028,3181,1552,753,799,
38825,6211,3002,3209,10869,5318,5551,12421,5994,6427,10868,5163,5705,6209,3028,3181,1553,754,799,
38830,6212,3003,3209,10870,5319,5551,12422,5995,6427,10869,5163,5706,6211,3029,3182,1553,754,799,
38835,6213,3004,3209,10872,5320,5552,12425,5997,6428,10871,5163,5708,6212,3030,3182,1553,754,799,
38840,6214,3005,3209,10873,5321,5552,12426,5998,6428,10873,5164,5709,6212,3030,3182,1553,754,799,
38845,6215,3006,3209,10875,5321,5554,12429,6000,6429,10874,5165,5709,6213,3031,3182,1553,754,799,
38850,6215,3006,3209,10876,5321,5555,12429,6000,6429,10875,5165,5710,6213,3031,3182,1554,754,800,
38855,6216,3007,3209,10877,5322,5555,12430,6001,6429,10876,5166,5710,6215,3032,3183,1554,754,800,
38860,6217,3008,3209,10879,5323,5556,12433,6002,6431,10878,5168,5710,6216,3033,3183,1554,754,800,
38865,6218,3008,3210,10880,5323,5557,12434,6003,6431,10880,5169,5711,6216,3033,3183,1554,754,800,
38870,6219,3008,3211,10882,5324,5558,12437,6003,6434,10881,5169,5712,6217,3033,3184,1554,754,800,
38875,6219,3008,3211,10883,5324,5559,12437,6003,6434,10882,5170,5712,6217,3033,3184,1555,755,800,
38880,6220,3008,3212,10884,5324,5560,12438,6004,6434,10883,5170,5713,6219,3034,3185,1555,755,800,
38885,6221,3009,3212,10886,5324,5562,12441,6004,6437,10885,5170,5715,6220,3035,3185,1555,755,800,
38890,6222,3009,3213,10887,5324,5563,12442,6004,6438,10887,5172,5715,6220,3035,3185,1555,755,800,
38895,6223,3010,3213,10889,5325,5564,12445,6005,6440,10888,5172,5716,6221,3035,3186,1555,755,800,
38900,6223,3010,3213,10890,5325,5565,12445,6005,6440,10889,5172,5717,6221,3035,3186,1556,755,801,
38905,6224,3011,3213,10891,5325,5566,12446,6006,6440,10890,5172,5718,6223,3036,3187,1556,755,801,
38910,6225,3011,3214,10893,5327,5566,12449,6006,6443,10892,5174,5718,6224,3037,3187,1556,755,801,
38915,6226,3012,3214,10894,5328,5566,12450,6007,6443,10894,5175,5719,6224,3037,3187,1556,755,801,
38920,6227,3012,3215,10896,5328,5568,12453,6009,6444,10895,5175,5720,6225,3038,3187,1556,755,801,
38925,6227,3012,3215,10897,5328,5569,12453,6009,6444,10896,5176,5720,6225,3038,3187,1557,755,802,
38930,6228,3013,3215,10898,5329,5569,12454,6010,6444,10897,5176,5721,6227,3040,3187,1557,755,802,
38935,6229,3013,3216,10900,5331,5569,12457,6011,6446,10899,5176,5723,6228,3041,3187,1557,755,802,
38940,6230,3014,3216,10901,5332,5569,12458,6011,6447,10901,5177,5724,6228,3041,3187,1557,755,802,
38945,6231,3015,3216,10903,5333,5570,12461,6012,6449,10902,5177,5725,6229,3041,3188,1557,755,802,
38950,6231,3015,3216,10904,5333,5571,12461,6012,6449,10903,5178,5725,6229,3041,3188,1558,756,802,
38955,6232,3015,3217,10905,5333,5572,12462,6013,6449,10904,5178,5726,6231,3042,3189,1558,756,802,
38960,6233,3015,3218,10907,5333,5574,12465,6016,6449,10906,5178,5728,6232,3043,3189,1558,756,802,
38965,6234,3016,3218,10908,5333,5575,12466,6016,6450,10908,5179,5729,6232,3043,3189,1558,756,802,
38970,6235,3016,3219,10910,5335,5575,12469,6018,6451,10909,5180,5729,6233,3043,3190,1558,756,802,
38975,6235,3016,3219,10911,5335,5576,12469,6018,6451,10910,5181,5729,6233,3043,3190,1559,757,802,
38980,6236,3016,3220,10912,5336,5576,12470,6019,6451,10911,5181,5730,6235,3043,3192,1559,757,802,
38985,6237,3016,3221,10914,5336,5578,12473,6021,6452,10913,5182,5731,6236,3044,3192,1559,757,802,
38990,6238,3016,3222,10915,5337,5578,12474,6021,6453,10915,5183,5732,6236,3044,3192,1559,757,802,
38995,6239,3017,3222,10917,5339,5578,12477,6023,6454,10916,5183,5733,6237,3045,3192,1559,757,802,
39000,6239,3017,3222,10918,5339,5579,12477,6023,6454,10917,5184,5733,6237,3045,3192,1560,757,803,
39005,6240,3018,3222,10919,5339,5580,12478,6024,6454,10918,5185,5733,6239,3047,3192,1560,757,803,
39010,6241,3019,3222,10921,5339,5582,12481,6025,6456,10920,5185,5735,6240,3048,3192,1560,757,803,
39015,6242,3019,3223,10922,5339,5583,12482,6026,6456,10922,5185,5737,6240,3048,3192,1560,757,803,
39020,6243,3019,3224,10924,5339,5585,12485,6028,6457,10923,5185,5738,6241,3048,3193,1560,757,803,
39025,6243,3019,3224,10925,5339,5586,12485,6028,6457,10924,5186,5738,6241,3048,3193,1561,757,804,
39030,6244,3019,3225,10926,5339,5587,12486,6029,6457,10925,5187,5738,6243,3049,3194,1561,757,804,
39035,6245,3020,3225,10928,5340,5588,12489,6029,6460,10927,5188,5739,6244,3049,3195,1561,757,804,
39040,6246,3020,3226,10929,5341,5588,12490,6030,6460,10929,5188,5741,6244,3049,3195,1561,757,804,
39045,6247,3020,3227,10931,5343,5588,12493,6031,6462,10930,5188,5742,6245,3050,3195,1561,757,804,
39050,6247,3020,3227,10932,5343,5589,12493,6031,6462,10931,5188,5743,6245,3050,3195,1562,757,805,
39055,6248,3021,3227,10933,5343,5590,12494,6031,6463,10932,5188,5744,6247,3051,3196,1562,757,805,
39060,6249,3022,3227,10935,5344,5591,12497,6033,6464,10934,5190,5744,6248,3052,3196,1562,757,805,
39065,6250,3023,3227,10936,5344,5592,12498,6033,6465,10936,5190,5746,6248,3052,3196,1562,757,805,
39070,6251,3024,3227,10938,5346,5592,12501,6034,6467,10937,5190,5747,6249,3053,3196,1562,757,805,
39075,6251,3024,3227,10939,5347,5592,12501,6034,6467,10938,5190,5748,6249,3053,3196,1563,757,806,
39080,6252,3025,3227,10940,5348,5592,12502,6035,6467,10939,5191,5748,6251,3053,3198,1563,757,806,
39085,6253,3026,3227,10942,5350,5592,12505,6036,6469,10941,5191,5750,6252,3054,3198,1563,757,806,
39090,6254,3027,3227,10943,5350,5593,12506,6036,6470,10943,5192,5751,6252,3054,3198,1563,757,806,
39095,6255,3028,3227,10945,5351,5594,12509,6037,6472,10944,5193,5751,6253,3054,3199,1563,757,806,
39100,6255,3028,3227,10946,5352,5594,12509,6037,6472,10945,5193,5752,6253,3054,3199,1564,758,806,
39105,6256,3028,3228,10947,5353,5594,12510,6038,6472,10946,5193,5753,6255,3054,3201,1564,758,806,
39110,6257,3029,3228,10949,5355,5594,12513,6040,6473,10948,5194,5754,6256,3054,3202,1564,758,806,
39115,6258,3029,3229,10950,5355,5595,12514,6041,6473,10950,5195,5755,6256,3054,3202,1564,758,806,
39120,6259,3029,3230,10952,5356,5596,12517,6042,6475,10951,5196,5755,6257,3055,3202,1564,758,806,
39125,6259,3029,3230,10953,5357,5596,12517,6042,6475,10952,5196,5756,6257,3055,3202,1565,758,807,
39130,6260,3030,3230,10954,5357,5597,12518,6042,6476,10953,5197,5756,6259,3056,3203,1565,758,807,
39135,6261,3031,3230,10956,5359,5597,12521,6044,6477,10955,5197,5758,6260,3056,3204,1565,758,807,
39140,6262,3031,3231,10957,5359,5598,12522,6045,6477,10957,5198,5759,6260,3056,3204,1565,758,807,
39145,6263,3032,3231,10959,5360,5599,12525,6045,6480,10958,5199,5759,6261,3057,3204,1565,758,807,
39150,6263,3032,3231,10960,5361,5599,12525,6045,6480,10959,5199,5760,6261,3057,3204,1566,759,807,
39155,6264,3032,3232,10961,5362,5599,12526,6045,6481,10960,5199,5761,6263,3059,3204,1566,759,807,
39160,6265,3032,3233,10963,5363,5600,12529,6048,6481,10962,5200,5762,6264,3059,3205,1566,759,807,
39165,6266,3032,3234,10964,5363,5601,12530,6049,6481,10964,5202,5762,6264,3059,3205,1566,759,807,
39170,6267,3032,3235,10966,5365,5601,12533,6049,6484,10965,5203,5762,6265,3059,3206,1566,759,807,
39175,6267,3032,3235,10967,5366,5601,12533,6049,6484,10966,5204,5762,6265,3059,3206,1567,760,807,
39180,6268,3032,3236,10968,5366,5602,12534,6050,6484,10967,5204,5763,6267,3059,3208,1567,760,807,
39185,6269,3032,3237,10970,5366,5604,12537,6050,6487,10969,5205,5764,6268,3060,3208,1567,760,807,
39190,6270,3032,3238,10971,5366,5605,12538,6050,6488,10971,5206,5765,6268,3060,3208,1567,760,807,
39195,6271,3033,3238,10973,5368,5605,12541,6050,6491,10972,5206,5766,6269,3060,3209,1567,760,807,
39200,6271,3033,3238,10974,5368,5606,12541,6050,6491,10973,5207,5766,6269,3060,3209,1568,761,807,
39205,6272,3033,3239,10975,5369,5606,12542,6050,6492,10974,5208,5766,6271,3061,3210,1568,761,807,
39210,6273,3033,3240,10977,5371,5606,12545,6051,6494,10976,5208,5768,6272,3061,3211,1568,761,807,
39215,6274,3034,3240,10978,5371,5607,12546,6052,6494,10978,5210,5768,6272,3061,3211,1568,761,807,
39220,6275,3035,3240,10980,5372,5608,12549,6053,6496,10979,5211,5768,6273,3061,3212,1568,761,807,
39225,6275,3035,3240,10981,5372,5609,12549,6053,6496,10980,5211,5769,6273,3061,3212,1569,762,807,
39230,6276,3036,3240,10982,5372,5610,12550,6053,6497,10981,5212,5769,6275,3062,3213,1569,762,807,
39235,6277,3037,3240,10984,5373,5611,12553,6054,6499,10983,5214,5769,6276,3062,3214,1569,762,807,
39240,6278,3038,3240,10985,5374,5611,12554,6055,6499,10985,5214,5771,6276,3062,3214,1569,762,807,
39245,6279,3038,3241,10987,5376,5611,12557,6057,6500,10986,5214,5772,6277,3062,3215,1569,762,807,
39250,6279,3038,3241,10988,5376,5612,12557,6057,6500,10987,5215,5772,6277,3062,3215,1570,763,807,
39255,6280,3038,3242,10989,5377,5612,12558,6057,6501,10988,5215,5773,6279,3063,3216,1570,763,807,
39260,6281,3038,3243,10991,5379,5612,12561,6059,6502,10990,5216,5774,6280,3063,3217,1570,763,807,
39265,6282,3038,3244,10992,5380,5612,12562,6060,6502,10992,5218,5774,6280,3063,3217,1570,763,807,
39270,6283,3039,3244,10994,5381,5613,12565,6062,6503,10993,5219,5774,6281,3063,3218,1570,763,807,
39275,6283,3039,3244,10995,5381,5614,12565,6062,6503,10994,5219,5775,6281,3063,3218,1571,763,808,
39280,6284,3039,3245,10996,5381,5615,12566,6062,6504,10995,5220,5775,6283,3065,3218,1571,763,808,
39285,6285,3040,3245,10998,5383,5615,12569,6064,6505,10997,5221,5776,6284,3065,3219,1571,763,808,
39290,6286,3040,3246,10999,5383,5616,12570,6064,6506,10999,5222,5777,6284,3065,3219,1571,763,808,
39295,6287,3041,3246,11001,5384,5617,12573,6065,6508,11000,5222,5778,6285,3066,3219,1571,763,808,
39300,6287,3041,3246,11002,5385,5617,12573,6065,6508,11001,5222,5779,6285,3066,3219,1572,763,809,
39305,6288,3042,3246,11003,5386,5617,12574,6066,6508,11002,5223,5779,6287,3066,3221,1572,763,809,
39310,6289,3042,3247,11005,5387,5618,12577,6069,6508,11004,5224,5780,6288,3067,3221,1572,763,809,
39315,6290,3043,3247,11006,5387,5619,12578,6070,6508,11006,5225,5781,6288,3067,3221,1572,763,809,
39320,6291,3044,3247,11008,5389,5619,12581,6071,6510,11007,5226,5781,6289,3067,3222,1572,763,809,
39325,6291,3044,3247,11009,5389,5620,12581,6071,6510,11008,5227,5781,6289,3067,3222,1573,763,810,
39330,6292,3044,3248,11010,5389,5621,12582,6072,6510,11009,5227,5782,6291,3068,3223,1573,763,810,
39335,6293,3044,3249,11012,5391,5621,12585,6074,6511,11011,5228,5783,6292,3068,3224,1573,763,810,
39340,6294,3045,3249,11013,5391,5622,12586,6075,6511,11013,5228,5785,6292,3068,3224,1573,763,810,
39345,6295,3046,3249,11015,5392,5623,12589,6076,6513,11014,5228,5786,6293,3069,3224,1573,763,810,
39350,6295,3046,3249,11016,5393,5623,12589,6076,6513,11015,5228,5787,6293,3069,3224,1574,764,810,
39355,6296,3047,3249,11017,5393,5624,12590,6076,6514,11016,5228,5788,6295,3070,3225,1574,764,810,
39360,6297,3047,3250,11019,5393,5626,12593,6077,6516,11018,5228,5790,6296,3071,3225,1574,764,810,
39365,6298,3047,3251,11020,5393,5627,12594,6077,6517,11020,5229,5791,6296,3071,3225,1574,764,810,
39370,6299,3048,3251,11022,5393,5629,12597,6079,6518,11021,5229,5792,6297,3071,3226,1574,764,810,
39375,6299,3048,3251,11023,5394,5629,12597,6079,6518,11022,5230,5792,6297,3071,3226,1575,764,811,
39380,6300,3049,3251,11024,5394,5630,12598,6079,6519,11023,5231,5792,6299,3073,3226,1575,764,811,
39385,6301,3050,3251,11026,5395,5631,12601,6081,6520,11025,5232,5793,6300,3073,3227,1575,764,811,
39390,6302,3051,3251,11027,5396,5631,12602,6082,6520,11027,5233,5794,6300,3073,3227,1575,764,811,
39395,6303,3051,3252,11029,5396,5633,12605,6084,6521,11028,5233,5795,6301,3074,3227,1575,764,811,
39400,6303,3051,3252,11030,5396,5634,12605,6084,6521,11029,5234,5795,6301,3074,3227,1576,765,811,
39405,6304,3051,3253,11031,5396,5635,12606,6084,6522,11030,5234,5796,6303,3075,3228,1576,765,811,
39410,6305,3052,3253,11033,5397,5636,12609,6084,6525,11032,5235,5797,6304,3075,3229,1576,765,811,
39415,6306,3052,3254,11034,5397,5637,12610,6084,6526,11034,5235,5799,6304,3075,3229,1576,765,811,
39420,6307,3052,3255,11036,5397,5639,12613,6085,6528,11035,5235,5800,6305,3076,3229,1576,765,811,
39425,6307,3052,3255,11037,5397,5640,12613,6085,6528,11036,5236,5800,6305,3076,3229,1577,765,812,
39430,6308,3053,3255,11038,5398,5640,12614,6085,6529,11037,5237,5800,6307,3076,3231,1577,765,812,
39435,6309,3053,3256,11040,5399,5641,12617,6087,6530,11039,5238,5801,6308,3076,3232,1577,765,812,
39440,6310,3054,3256,11041,5399,5642,12618,6087,6531,11041,5238,5803,6308,3076,3232,1577,765,812,
39445,6311,3055,3256,11043,5400,5643,12621,6088,6533,11042,5238,5804,6309,3077,3232,1577,765,812,
39450,6311,3055,3256,11044,5400,5644,12621,6088,6533,11043,5238,5805,6309,3077,3232,1578,765,813,
39455,6312,3055,3257,11045,5400,5645,12622,6088,6534,11044,5238,5806,6311,3078,3233,1578,765,813,
39460,6313,3056,3257,11047,5400,5647,12625,6090,6535,11046,5239,5807,6312,3078,3234,1578,765,813,
39465,6314,3057,3257,11048,5400,5648,12626,6091,6535,11048,5240,5808,6312,3078,3234,1578,765,813,
39470,6315,3058,3257,11050,5402,5648,12629,6093,6536,11049,5241,5808,6313,3079,3234,1578,765,813,
39475,6315,3058,3257,11051,5402,5649,12629,6093,6536,11050,5242,5808,6313,3079,3234,1579,766,813,
39480,6316,3059,3257,11052,5402,5650,12630,6093,6537,11051,5242,5809,6315,3080,3235,1579,766,813,
39485,6317,3059,3258,11054,5404,5650,12633,6093,6540,11053,5242,5811,6316,3081,3235,1579,766,813,
39490,6318,3059,3259,11055,5405,5650,12634,6094,6540,11055,5244,5811,6316,3081,3235,1579,766,813,
39495,6319,3059,3260,11057,5406,5651,12637,6095,6542,11056,5244,5812,6317,3081,3236,1579,766,813,
39500,6319,3059,3260,11058,5407,5651,12637,6095,6542,11057,5245,5812,6317,3081,3236,1580,766,814,
39505,6320,3060,3260,11059,5407,5652,12638,6096,6542,11058,5245,5813,6319,3081,3238,1580,766,814,
39510,6321,3060,3261,11061,5407,5654,12641,6096,6545,11060,5246,5814,6320,3081,3239,1580,766,814,
39515,6322,3061,3261,11062,5407,5655,12642,6096,6546,11062,5246,5816,6320,3081,3239,1580,766,814,
39520,6323,3061,3262,11064,5408,5656,12645,6098,6547,11063,5247,5816,6321,3081,3240,1580,766,814,
39525,6323,3061,3262,11065,5408,5657,12645,6098,6547,11064,5248,5816,6321,3081,3240,1581,766,815,
39530,6324,3062,3262,11066,5409,5657,12646,6099,6547,11065,5248,5817,6323,3082,3241,1581,766,815,
39535,6325,3063,3262,11068,5411,5657,12649,6102,6547,11067,5250,5817,6324,3083,3241,1581,766,815,
39540,6326,3064,3262,11069,5411,5658,12650,6103,6547,11069,5252,5817,6324,3083,3241,1581,766,815,
39545,6327,3064,3263,11071,5411,5660,12653,6105,6548,11070,5252,5818,6325,3083,3242,1581,766,815,
39550,6327,3064,3263,11072,5411,5661,12653,6105,6548,11071,5253,5818,6325,3083,3242,1582,767,815,
39555,6328,3064,3264,11073,5411,5662,12654,6105,6549,11072,5254,5818,6327,3084,3243,1582,767,815,
39560,6329,3064,3265,11075,5413,5662,12657,6107,6550,11074,5255,5819,6328,3084,3244,1582,767,815,
39565,6330,3065,3265,11076,5414,5662,12658,6108,6550,11076,5256,5820,6328,3084,3244,1582,767,815,
39570,6331,3065,3266,11078,5415,5663,12661,6111,6550,11077,5257,5820,6329,3085,3244,1582,767,815,
39575,6331,3065,3266,11079,5415,5664,12661,6111,6550,11078,5258,5820,6329,3085,3244,1583,768,815,
39580,6332,3066,3266,11080,5415,5665,12662,6111,6551,11079,5259,5820,6331,3086,3245,1583,768,815,
39585,6333,3066,3267,11082,5415,5667,12665,6111,6554,11081,5260,5821,6332,3086,3246,1583,768,815,
39590,6334,3067,3267,11083,5416,5667,12666,6112,6554,11083,5261,5822,6332,3086,3246,1583,768,815,
39595,6335,3067,3268,11085,5418,5667,12669,6114,6555,11084,5262,5822,6333,3086,3247,1583,768,815,
39600,6335,3067,3268,11086,5418,5668,12669,6114,6555,11085,5263,5822,6333,3086,3247,1584,768,816,
39605,6336,3068,3268,11087,5419,5668,12670,6114,6556,11086,5264,5822,6335,3088,3247,1584,768,816,
39610,6337,3069,3268,11089,5421,5668,12673,6116,6557,11088,5265,5823,6336,3088,3248,1584,768,816,
39615,6338,3069,3269,11090,5421,5669,12674,6116,6558,11090,5267,5823,6336,3088,3248,1584,768,816,
39620,6339,3070,3269,11092,5422,5670,12677,6118,6559,11091,5267,5824,6337,3088,3249,1584,768,816,
39625,6339,3070,3269,11093,5422,5671,12677,6118,6559,11092,5268,5824,6337,3088,3249,1585,768,817,
39630,6340,3071,3269,11094,5423,5671,12678,6118,6560,11093,5269,5824,6339,3089,3250,1585,768,817,
39635,6341,3071,3270,11096,5424,5672,12681,6119,6562,11095,5270,5825,6340,3090,3250,1585,768,817,
39640,6342,3071,3271,11097,5425,5672,12682,6119,6563,11097,5270,5827,6340,3090,3250,1585,768,817,
39645,6343,3071,3272,11099,5427,5672,12685,6120,6565,11098,5271,5827,6341,3091,3250,1585,768,817,
39650,6343,3071,3272,11100,5428,5672,12685,6120,6565,11099,5271,5828,6341,3091,3250,1586,768,818,
39655,6344,3072,3272,11101,5428,5673,12686,6121,6565,11100,5272,5828,6343,3093,3250,1586,768,818,
39660,6345,3073,3272,11103,5428,5675,12689,6124,6565,11102,5274,5828,6344,3094,3250,1586,768,818,
39665,6346,3074,3272,11104,5428,5676,12690,6124,6566,11104,5274,5830,6344,3094,3250,1586,768,818,
39670,6347,3075,3272,11106,5428,5678,12693,6125,6568,11105,5274,5831,6345,3094,3251,1586,768,818,
39675,6347,3075,3272,11107,5429,5678,12693,6125,6568,11106,5274,5832,6345,3094,3251,1587,769,818,
39680,6348,3076,3272,11108,5430,5678,12694,6125,6569,11107,5275,5832,6347,3095,3252,1587,769,818,
39685,6349,3076,3273,11110,5430,5680,12697,6125,6572,11109,5275,5834,6348,3095,3253,1587,769,818,
39690,6350,3077,3273,11111,5430,5681,12698,6126,6572,11111,5277,5834,6348,3095,3253,1587,769,818,
39695,6351,3078,3273,11113,5430,5683,12701,6126,6575,11112,5277,5835,6349,3096,3253,1587,769,818,
39700,6351,3078,3273,11114,5430,5684,12701,6126,6575,11113,5277,5836,6349,3096,3253,1588,770,818,
39705,6352,3079,3273,11115,5430,5685,12702,6127,6575,11114,5278,5836,6351,3098,3253,1588,770,818,
39710,6353,3080,3273,11117,5432,5685,12705,6129,6576,11116,5279,5837,6352,3098,3254,1588,770,818,
39715,6354,3080,3274,11118,5433,5685,12706,6130,6576,11118,5281,5837,6352,3098,3254,1588,770,818,
39720,6355,3081,3274,11120,5434,5686,12709,6131,6578,11119,5281,5838,6353,3099,3254,1588,770,818,
39725,6355,3081,3274,11121,5434,5687,12709,6131,6578,11120,5281,5839,6353,3099,3254,1589,770,819,
39730,6356,3081,3275,11122,5434,5688,12710,6131,6579,11121,5281,5840,6355,3100,3255,1589,770,819,
39735,6357,3082,3275,11124,5435,5689,12713,6133,6580,11123,5283,5840,6356,3101,3255,1589,770,819,
39740,6358,3083,3275,11125,5435,5690,12714,6134,6580,11125,5283,5842,6356,3101,3255,1589,770,819,
39745,6359,3084,3275,11127,5437,5690,12717,6135,6582,11126,5284,5842,6357,3101,3256,1589,770,819,
39750,6359,3084,3275,11128,5437,5691,12717,6135,6582,11127,5285,5842,6357,3101,3256,1590,770,820,
39755,6360,3084,3276,11129,5437,5692,12718,6135,6583,11128,5286,5842,6359,3103,3256,1590,770,820,
39760,6361,3084,3277,11131,5439,5692,12721,6136,6585,11130,5287,5843,6360,3103,3257,1590,770,820,
39765,6362,3084,3278,11132,5440,5692,12722,6136,6586,11132,5287,5845,6360,3103,3257,1590,770,820,
39770,6363,3085,3278,11134,5440,5694,12725,6137,6588,11133,5288,5845,6361,3103,3258,1590,770,820,
39775,6363,3085,3278,11135,5441,5694,12725,6137,6588,11134,5288,5846,6361,3103,3258,1591,771,820,
39780,6364,3085,3279,11136,5441,5695,12726,6137,6589,11135,5289,5846,6363,3104,3259,1591,771,820,
39785,6365,3085,3280,11138,5442,5696,12729,6138,6591,11137,5291,5846,6364,3105,3259,1591,771,820,
39790,6366,3086,3280,11139,5442,5697,12730,6138,6592,11139,5291,5848,6364,3105,3259,1591,771,820,
39795,6367,3086,3281,11141,5443,5698,12733,6138,6595,11140,5292,5848,6365,3105,3260,1591,771,820,
39800,6367,3086,3281,11142,5443,5699,12733,6138,6595,11141,5293,5848,6365,3105,3260,1592,772,820,
39805,6368,3086,3282,11143,5444,5699,12734,6138,6596,11142,5293,5849,6367,3106,3261,1592,772,820,
39810,6369,3086,3283,11145,5446,5699,12737,6140,6597,11144,5294,5850,6368,3106,3262,1592,772,820,
39815,6370,3087,3283,11146,5446,5700,12738,6140,6598,11146,5296,5850,6368,3106,3262,1592,772,820,
39820,6371,3088,3283,11148,5446,5702,12741,6140,6601,11147,5297,5850,6369,3107,3262,1592,772,820,
39825,6371,3088,3283,11149,5446,5703,12741,6140,6601,11148,5298,5850,6369,3107,3262,1593,773,820,
39830,6372,3089,3283,11150,5447,5703,12742,6140,6602,11149,5299,5850,6371,3108,3263,1593,773,820,
39835,6373,3090,3283,11152,5448,5704,12745,6142,6603,11151,5300,5851,6372,3108,3264,1593,773,820,
39840,6374,3091,3283,11153,5449,5704,12746,6143,6603,11153,5300,5853,6372,3108,3264,1593,773,820,
39845,6375,3092,3283,11155,5450,5705,12749,6144,6605,11154,5301,5853,6373,3109,3264,1593,773,820,
39850,6375,3092,3283,11156,5450,5706,12749,6144,6605,11155,5301,5854,6373,3109,3264,1594,773,821,
39855,6376,3092,3284,11157,5451,5706,12750,6145,6605,11156,5301,5855,6375,3111,3264,1594,773,821,
39860,6377,3093,3284,11159,5453,5706,12753,6146,6607,11158,5302,5856,6376,3112,3264,1594,773,821,
39865,6378,3094,3284,11160,5454,5706,12754,6146,6608,11160,5304,5856,6376,3112,3264,1594,773,821,
39870,6379,3094,3285,11162,5454,5708,12757,6146,6611,11161,5304,5857,6377,3113,3264,1594,773,821,
39875,6379,3094,3285,11163,5454,5709,12757,6146,6611,11162,5305,5857,6377,3113,3264,1595,774,821,
39880,6380,3094,3286,11164,5454,5710,12758,6147,6611,11163,5306,5857,6379,3113,3266,1595,774,821,
39885,6381,3095,3286,11166,5454,5712,12761,6148,6613,11165,5308,5857,6380,3114,3266,1595,774,821,
39890,6382,3096,3286,11167,5454,5713,12762,6148,6614,11167,5309,5858,6380,3114,3266,1595,774,821,
39895,6383,3096,3287,11169,5455,5714,12765,6150,6615,11168,5310,5858,6381,3114,3267,1595,774,821,
39900,6383,3096,3287,11170,5456,5714,12765,6150,6615,11169,5311,5858,6381,3114,3267,1596,774,822,
39905,6384,3096,3288,11171,5456,5715,12766,6150,6616,11170,5312,5858,6383,3114,3269,1596,774,822,
39910,6385,3097,3288,11173,5458,5715,12769,6150,6619,11172,5313,5859,6384,3114,3270,1596,774,822,
39915,6386,3098,3288,11174,5459,5715,12770,6150,6620,11174,5314,5860,6384,3114,3270,1596,774,822,
39920,6387,3098,3289,11176,5460,5716,12773,6150,6623,11175,5315,5860,6385,3115,3270,1596,774,822,
39925,6387,3098,3289,11177,5460,5717,12773,6150,6623,11176,5316,5860,6385,3115,3270,1597,774,823,
39930,6388,3099,3289,11178,5461,5717,12774,6151,6623,11177,5316,5861,6387,3116,3271,1597,774,823,
39935,6389,3100,3289,11180,5461,5719,12777,6153,6624,11179,5316,5863,6388,3117,3271,1597,774,823,
39940,6390,3100,3290,11181,5462,5719,12778,6154,6624,11181,5316,5865,6388,3117,3271,1597,774,823,
39945,6391,3101,3290,11183,5463,5720,12781,6156,6625,11182,5317,5865,6389,3117,3272,1597,774,823,
39950,6391,3101,3290,11184,5463,5721,12781,6156,6625,11183,5318,5865,6389,3117,3272,1598,775,823,
39955,6392,3101,3291,11185,5463,5722,12782,6156,6626,11184,5318,5866,6391,3117,3274,1598,775,823,
39960,6393,3101,3292,11187,5465,5722,12785,6157,6628,11186,5319,5867,6392,3118,3274,1598,775,823,
39965,6394,3102,3292,11188,5466,5722,12786,6157,6629,11188,5321,5867,6392,3118,3274,1598,775,823,
39970,6395,3102,3293,11190,5467,5723,12789,6159,6630,11189,5321,5868,6393,3118,3275,1598,775,823,
39975,6395,3102,3293,11191,5467,5724,12789,6159,6630,11190,5322,5868,6393,3118,3275,1599,776,823,
39980,6396,3103,3293,11192,5467,5725,12790,6159,6631,11191,5322,5869,6395,3119,3276,1599,776,823,
39985,6397,3103,3294,11194,5467,5727,12793,6160,6633,11193,5323,5870,6396,3119,3277,1599,776,823,
39990,6398,3104,3294,11195,5467,5728,12794,6161,6633,11195,5323,5872,6396,3119,3277,1599,776,823,
39995,6399,3105,3294,11197,5467,5730,12797,6163,6634,11196,5323,5873,6397,3120,3277,1599,776,823,
40000,6399,3105,3294,11198,5467,5731,12797,6163,6634,11197,5323,5874,6397,3120,3277,1600,777,823,
40005,6400,3106,3294,11199,5467,5732,12798,6164,6634,11198,5324,5874,6399,3122,3277,1600,777,823,
40010,6401,3107,3294,11201,5468,5733,12801,6166,6635,11200,5326,5874,6400,3122,3278,1600,777,823,
40015,6402,3107,3295,11202,5469,5733,12802,6167,6635,11202,5327,5875,6400,3122,3278,1600,777,823,
40020,6403,3107,3296,11204,5470,5734,12805,6167,6638,11203,5328,5875,6401,3122,3279,1600,777,823,
40025,6403,3107,3296,11205,5470,5735,12805,6167,6638,11204,5328,5876,6401,3122,3279,1601,778,823,
40030,6404,3107,3297,11206,5471,5735,12806,6168,6638,11205,5329,5876,6403,3123,3280,1601,778,823,
40035,6405,3108,3297,11208,5472,5736,12809,6169,6640,11207,5330,5877,6404,3124,3280,1601,778,823,
40040,6406,3108,3298,11209,5473,5736,12810,6169,6641,11209,5330,5879,6404,3124,3280,1601,778,823,
40045,6407,3108,3299,11211,5475,5736,12813,6169,6644,11210,5330,5880,6405,3125,3280,1601,778,823,
40050,6407,3108,3299,11212,5476,5736,12813,6169,6644,11211,5330,5881,6405,3125,3280,1602,779,823,
40055,6408,3108,3300,11213,5477,5736,12814,6170,6644,11212,5330,5882,6407,3127,3280,1602,779,823,
40060,6409,3109,3300,11215,5479,5736,12817,6171,6646,11214,5330,5884,6408,3128,3280,1602,779,823,
40065,6410,3109,3301,11216,5480,5736,12818,6172,6646,11216,5331,5885,6408,3128,3280,1602,779,823,
40070,6411,3110,3301,11218,5481,5737,12821,6174,6647,11217,5332,5885,6409,3128,3281,1602,779,823,
40075,6411,3110,3301,11219,5482,5737,12821,6174,6647,11218,5333,5885,6409,3128,3281,1603,779,824,
40080,6412,3110,3302,11220,5483,5737,12822,6174,6648,11219,5334,5885,6411,3128,3283,1603,779,824,
40085,6413,3111,3302,11222,5483,5739,12825,6177,6648,11221,5334,5887,6412,3129,3283,1603,779,824,
40090,6414,3111,3303,11223,5484,5739,12826,6178,6648,11223,5336,5887,6412,3129,3283,1603,779,824,
40095,6415,3111,3304,11225,5485,5740,12829,6180,6649,11224,5337,5887,6413,3130,3283,1603,779,824,
40100,6415,3111,3304,11226,5486,5740,12829,6180,6649,11225,5337,5888,6413,3130,3283,1604,779,825,
40105,6416,3111,3305,11227,5487,5740,12830,6180,6650,11226,5337,5889,6415,3130,3285,1604,779,825,
40110,6417,3112,3305,11229,5488,5741,12833,6181,6652,11228,5339,5889,6416,3130,3286,1604,779,825,
40115,6418,3112,3306,11230,5489,5741,12834,6181,6653,11230,5340,5890,6416,3130,3286,1604,779,825,
40120,6419,3112,3307,11232,5491,5741,12837,6183,6654,11231,5340,5891,6417,3130,3287,1604,779,825,
40125,6419,3112,3307,11233,5491,5742,12837,6183,6654,11232,5341,5891,6417,3130,3287,1605,779,826,
40130,6420,3112,3308,11234,5491,5743,12838,6183,6655,11233,5342,5891,6419,3131,3288,1605,779,826,
40135,6421,3112,3309,11236,5491,5745,12841,6184,6657,11235,5343,5892,6420,3131,3289,1605,779,826,
40140,6422,3113,3309,11237,5492,5745,12842,6184,6658,11237,5345,5892,6420,3131,3289,1605,779,826,
40145,6423,3113,3310,11239,5492,5747,12845,6185,6660,11238,5345,5893,6421,3131,3290,1605,779,826,
40150,6423,3113,3310,11240,5493,5747,12845,6185,6660,11239,5346,5893,6421,3131,3290,1606,780,826,
40155,6424,3114,3310,11241,5494,5747,12846,6185,6661,11240,5347,5893,6423,3131,3292,1606,780,826,
40160,6425,3114,3311,11243,5496,5747,12849,6187,6662,11242,5348,5894,6424,3132,3292,1606,780,826,
40165,6426,3114,3312,11244,5496,5748,12850,6188,6662,11244,5349,5895,6424,3132,3292,1606,780,826,
40170,6427,3115,3312,11246,5497,5749,12853,6190,6663,11245,5349,5896,6425,3132,3293,1606,780,826,
40175,6427,3115,3312,11247,5497,5750,12853,6190,6663,11246,5350,5896,6425,3132,3293,1607,781,826,
40180,6428,3115,3313,11248,5498,5750,12854,6190,6664,11247,5350,5897,6427,3133,3294,1607,781,826,
40185,6429,3115,3314,11250,5499,5751,12857,6191,6666,11249,5351,5898,6428,3133,3295,1607,781,826,
40190,6430,3116,3314,11251,5499,5752,12858,6192,6666,11251,5353,5898,6428,3133,3295,1607,781,826,
40195,6431,3116,3315,11253,5499,5754,12861,6194,6667,11252,5353,5899,6429,3133,3296,1607,781,826,
40200,6431,3116,3315,11254,5499,5755,12861,6194,6667,11253,5354,5899,6429,3133,3296,1608,782,826,
40205,6432,3116,3316,11255,5500,5755,12862,6194,6668,11254,5355,5899,6431,3134,3297,1608,782,826,
40210,6433,3116,3317,11257,5501,5756,12865,6194,6671,11256,5357,5899,6432,3134,3298,1608,782,826,
40215,6434,3117,3317,11258,5502,5756,12866,6194,6672,11258,5357,5901,6432,3134,3298,1608,782,826,
40220,6435,3117,3318,11260,5502,5758,12869,6194,6675,11259,5357,5902,6433,3135,3298,1608,782,826,
40225,6435,3117,3318,11261,5502,5759,12869,6194,6675,11260,5357,5903,6433,3135,3298,1609,783,826,
40230,6436,3118,3318,11262,5503,5759,12870,6195,6675,11261,5358,5903,6435,3135,3300,1609,783,826,
40235,6437,3118,3319,11264,5505,5759,12873,6195,6678,11263,5358,5905,6436,3135,3301,1609,783,826,
40240,6438,3119,3319,11265,5506,5759,12874,6195,6679,11265,5359,5906,6436,3135,3301,1609,783,826,
40245,6439,3119,3320,11267,5507,5760,12877,6197,6680,11266,5360,5906,6437,3136,3301,1609,783,826,
40250,6439,3119,3320,11268,5507,5761,12877,6197,6680,11267,5361,5906,6437,3136,3301,1610,783,827,
40255,6440,3119,3321,11269,5507,5762,12878,6197,6681,11268,5361,5907,6439,3137,3302,1610,783,827,
40260,6441,3120,3321,11271,5508,5763,12881,6199,6682,11270,5362,5908,6440,3137,3303,1610,783,827,
40265,6442,3120,3322,11272,5508,5764,12882,6200,6682,11272,5364,5908,6440,3137,3303,1610,783,827,
40270,6443,3121,3322,11274,5509,5765,12885,6201,6684,11273,5365,5908,6441,3138,3303,1610,783,827,
40275,6443,3121,3322,11275,5509,5766,12885,6201,6684,11274,5365,5909,6441,3138,3303,1611,784,827,
40280,6444,3122,3322,11276,5510,5766,12886,6201,6685,11275,5365,5910,6443,3139,3304,1611,784,827,
40285,6445,3123,3322,11278,5512,5766,12889,6204,6685,11277,5365,5912,6444,3139,3305,1611,784,827,
40290,6446,3123,3323,11279,5512,5767,12890,6205,6685,11279,5366,5913,6444,3139,3305,1611,784,827,
40295,6447,3123,3324,11281,5514,5767,12893,6207,6686,11280,5366,5914,6445,3140,3305,1611,784,827,
40300,6447,3123,3324,11282,5515,5767,12893,6207,6686,11281,5367,5914,6445,3140,3305,1612,785,827,
40305,6448,3123,3325,11283,5516,5767,12894,6208,6686,11282,5367,5915,6447,3141,3306,1612,785,827,
40310,6449,3123,3326,11285,5518,5767,12897,6208,6689,11284,5369,5915,6448,3141,3307,1612,785,827,
40315,6450,3123,3327,11286,5519,5767,12898,6208,6690,11286,5371,5915,6448,3141,3307,1612,785,827,
40320,6451,3124,3327,11288,5520,5768,12901,6209,6692,11287,5371,5916,6449,3141,3308,1612,785,827,
40325,6451,3124,3327,11289,5520,5769,12901,6209,6692,11288,5371,5917,6449,3141,3308,1613,786,827,
40330,6452,3124,3328,11290,5520,5770,12902,6209,6693,11289,5371,5918,6451,3142,3309,1613,786,827,
40335,6453,3124,3329,11292,5522,5770,12905,6210,6695,11291,5372,5919,6452,3143,3309,1613,786,827,
40340,6454,3125,3329,11293,5523,5770,12906,6210,6696,11293,5372,5921,6452,3143,3309,1613,786,827,
40345,6455,3125,3330,11295,5524,5771,12909,6211,6698,11294,5373,5921,6453,3144,3309,1613,786,827,
40350,6455,3125,3330,11296,5524,5772,12909,6211,6698,11295,5373,5922,6453,3144,3309,1614,787,827,
40355,6456,3125,3331,11297,5524,5773,12910,6211,6699,11296,5374,5922,6455,3145,3310,1614,787,827,
40360,6457,3126,3331,11299,5524,5775,12913,6212,6701,11298,5374,5924,6456,3146,3310,1614,787,827,
40365,6458,3126,3332,11300,5524,5776,12914,6212,6702,11300,5374,5926,6456,3146,3310,1614,787,827,
40370,6459,3127,3332,11302,5525,5777,12917,6214,6703,11301,5374,5927,6457,3146,3311,1614,787,827,
40375,6459,3127,3332,11303,5525,5778,12917,6214,6703,11302,5374,5928,6457,3146,3311,1615,788,827,
40380,6460,3127,3333,11304,5525,5779,12918,6215,6703,11303,5375,5928,6459,3147,3312,1615,788,827,
40385,6461,3127,3334,11306,5526,5780,12921,6216,6705,11305,5376,5929,6460,3148,3312,1615,788,827,
40390,6462,3127,3335,11307,5526,5781,12922,6216,6706,11307,5378,5929,6460,3148,3312,1615,788,827,
40395,6463,3128,3335,11309,5526,5783,12925,6217,6708,11308,5378,5930,6461,3148,3313,1615,788,827,
40400,6463,3128,3335,11310,5526,5784,12925,6217,6708,11309,5379,5930,6461,3148,3313,1616,789,827,
40405,6464,3129,3335,11311,5526,5785,12926,6217,6709,11310,5379,5931,6463,3148,3315,1616,789,827,
40410,6465,3130,3335,11313,5526,5787,12929,6219,6710,11312,5379,5933,6464,3148,3316,1616,789,827,
40415,6466,3130,3336,11314,5527,5787,12930,6220,6710,11314,5380,5934,6464,3148,3316,1616,789,827,
40420,6467,3131,3336,11316,5527,5789,12933,6221,6712,11315,5380,5935,6465,3148,3317,1616,789,827,
40425,6467,3131,3336,11317,5527,5790,12933,6221,6712,11316,5381,5935,6465,3148,3317,1617,789,828,
40430,6468,3131,3337,11318,5528,5790,12934,6221,6713,11317,5381,5936,6467,3149,3318,1617,789,828,
40435,6469,3131,3338,11320,5529,5791,12937,6224,6713,11319,5382,5937,6468,3150,3318,1617,789,828,
40440,6470,3132,3338,11321,5529,5792,12938,6225,6713,11321,5383,5938,6468,3150,3318,1617,789,828,
40445,6471,3132,3339,11323,5531,5792,12941,6226,6715,11322,5384,5938,6469,3151,3318,1617,789,828,
40450,6471,3132,3339,11324,5532,5792,12941,6226,6715,11323,5384,5939,6469,3151,3318,1618,790,828,
40455,6472,3132,3340,11325,5533,5792,12942,6226,6716,11324,5384,5940,6471,3151,3320,1618,790,828,
40460,6473,3133,3340,11327,5534,5793,12945,6229,6716,11326,5384,5942,6472,3152,3320,1618,790,828,
40465,6474,3133,3341,11328,5535,5793,12946,6230,6716,11328,5385,5943,6472,3152,3320,1618,790,828,
40470,6475,3133,3342,11330,5535,5795,12949,6231,6718,11329,5385,5944,6473,3153,3320,1618,790,828,
40475,6475,3133,3342,11331,5535,5796,12949,6231,6718,11330,5385,5945,6473,3153,3320,1619,791,828,
40480,6476,3133,3343,11332,5535,5797,12950,6231,6719,11331,5385,5946,6475,3154,3321,1619,791,828,
40485,6477,3134,3343,11334,5536,5798,12953,6233,6720,11333,5385,5948,6476,3154,3322,1619,791,828,
40490,6478,3134,3344,11335,5537,5798,12954,6234,6720,11335,5386,5949,6476,3154,3322,1619,791,828,
40495,6479,3134,3345,11337,5538,5799,12957,6234,6723,11336,5387,5949,6477,3155,3322,1619,791,828,
40500,6479,3134,3345,11338,5538,5800,12957,6234,6723,11337,5388,5949,6477,3155,3322,1620,792,828,
40505,6480,3134,3346,11339,5538,5801,12958,6234,6724,11338,5388,5950,6479,3155,3324,1620,792,828,
40510,6481,3134,3347,11341,5539,5802,12961,6236,6725,11340,5389,5951,6480,3156,3324,1620,792,828,
40515,6482,3135,3347,11342,5540,5802,12962,6237,6725,11342,5390,5952,6480,3156,3324,1620,792,828,
40520,6483,3135,3348,11344,5540,5804,12965,6239,6726,11343,5391,5952,6481,3157,3324,1620,792,828,
40525,6483,3135,3348,11345,5541,5804,12965,6239,6726,11344,5391,5953,6481,3157,3324,1621,793,828,
40530,6484,3136,3348,11346,5541,5805,12966,6240,6726,11345,5392,5953,6483,3158,3325,1621,793,828,
40535,6485,3137,3348,11348,5543,5805,12969,6242,6727,11347,5394,5953,6484,3158,3326,1621,793,828,
40540,6486,3137,3349,11349,5544,5805,12970,6243,6727,11349,5395,5954,6484,3158,3326,1621,793,828,
40545,6487,3137,3350,11351,5545,5806,12973,6244,6729,11350,5396,5954,6485,3159,3326,1621,793,828,
40550,6487,3137,3350,11352,5546,5806,12973,6244,6729,11351,5396,5955,6485,3159,3326,1622,793,829,
40555,6488,3138,3350,11353,5547,5806,12974,6245,6729,11352,5396,5956,6487,3161,3326,1622,793,829,
40560,6489,3138,3351,11355,5548,5807,12977,6245,6732,11354,5398,5956,6488,3162,3326,1622,793,829,
40565,6490,3138,3352,11356,5549,5807,12978,6245,6733,11356,5400,5956,6488,3162,3326,1622,793,829,
40570,6491,3139,3352,11358,5549,5809,12981,6246,6735,11357,5400,5957,6489,3162,3327,1622,793,829,
40575,6491,3139,3352,11359,5550,5809,12981,6246,6735,11358,5400,5958,6489,3162,3327,1623,793,830,
40580,6492,3140,3352,11360,5550,5810,12982,6247,6735,11359,5401,5958,6491,3162,3329,1623,793,830,
40585,6493,3141,3352,11362,5550,5812,12985,6249,6736,11361,5402,5959,6492,3163,3329,1623,793,830,
40590,6494,3142,3352,11363,5551,5812,12986,6250,6736,11363,5403,5960,6492,3163,3329,1623,793,830,
40595,6495,3143,3352,11365,5551,5814,12989,6251,6738,11364,5403,5961,6493,3163,3330,1623,793,830,
40600,6495,3143,3352,11366,5551,5815,12989,6251,6738,11365,5404,5961,6493,3163,3330,1624,794,830,
40605,6496,3143,3353,11367,5552,5815,12990,6251,6739,11366,5405,5961,6495,3165,3330,1624,794,830,
40610,6497,3144,3353,11369,5553,5816,12993,6252,6741,11368,5405,5963,6496,3165,3331,1624,794,830,
40615,6498,3144,3354,11370,5553,5817,12994,6253,6741,11370,5407,5963,6496,3165,3331,1624,794,830,
40620,6499,3145,3354,11372,5554,5818,12997,6253,6744,11371,5408,5963,6497,3166,3331,1624,794,830,
40625,6499,3145,3354,11373,5555,5818,12997,6253,6744,11372,5408,5964,6497,3166,3331,1625,795,830,
40630,6500,3146,3354,11374,5556,5818,12998,6253,6745,11373,5408,5965,6499,3167,3332,1625,795,830,
40635,6501,3147,3354,11376,5558,5818,13001,6253,6748,11375,5410,5965,6500,3168,3332,1625,795,830,
40640,6502,3147,3355,11377,5558,5819,13002,6254,6748,11377,5411,5966,6500,3168,3332,1625,795,830,
40645,6503,3147,3356,11379,5558,5821,13005,6255,6750,11378,5412,5966,6501,3169,3332,1625,795,830,
40650,6503,3147,3356,11380,5559,5821,13005,6255,6750,11379,5412,5967,6501,3169,3332,1626,796,830,
40655,6504,3148,3356,11381,5559,5822,13006,6255,6751,11380,5412,5968,6503,3171,3332,1626,796,830,
40660,6505,3149,3356,11383,5560,5823,13009,6256,6753,11382,5412,5970,6504,3171,3333,1626,796,830,
40665,6506,3150,3356,11384,5561,5823,13010,6257,6753,11384,5414,5970,6504,3171,3333,1626,796,830,
40670,6507,3151,3356,11386,5563,5823,13013,6257,6756,11385,5414,5971,6505,3171,3334,1626,796,830,
40675,6507,3151,3356,11387,5563,5824,13013,6257,6756,11386,5414,5972,6505,3171,3334,1627,797,830,
40680,6508,3151,3357,11388,5563,5825,13014,6258,6756,11387,5415,5972,6507,3173,3334,1627,797,830,
40685,6509,3151,3358,11390,5564,5826,13017,6259,6758,11389,5417,5972,6508,3174,3334,1627,797,830,
40690,6510,3151,3359,11391,5565,5826,13018,6259,6759,11391,5418,5973,6508,3174,3334,1627,797,830,
40695,6511,3151,3360,11393,5566,5827,13021,6261,6760,11392,5419,5973,6509,3175,3334,1627,797,830,
40700,6511,3151,3360,11394,5566,5828,13021,6261,6760,11393,5419,5974,6509,3175,3334,1628,798,830,
40705,6512,3151,3361,11395,5567,5828,13022,6261,6761,11394,5419,5975,6511,3177,3334,1628,798,830,
40710,6513,3152,3361,11397,5568,5829,13025,6262,6763,11396,5421,5975,6512,3178,3334,1628,798,830,
40715,6514,3152,3362,11398,5569,5829,13026,6262,6764,11398,5422,5976,6512,3178,3334,1628,798,830,
40720,6515,3152,3363,11400,5570,5830,13029,6263,6766,11399,5422,5977,6513,3179,3334,1628,798,830,
40725,6515,3152,3363,11401,5571,5830,13029,6263,6766,11400,5422,5978,6513,3179,3334,1629,799,830,
40730,6516,3152,3364,11402,5571,5831,13030,6263,6767,11401,5422,5979,6515,3179,3336,1629,799,830,
40735,6517,3153,3364,11404,5573,5831,13033,6266,6767,11403,5423,5980,6516,3179,3337,1629,799,830,
40740,6518,3153,3365,11405,5574,5831,13034,6267,6767,11405,5423,5982,6516,3179,3337,1629,799,830,
40745,6519,3154,3365,11407,5574,5833,13037,6268,6769,11406,5423,5983,6517,3179,3338,1629,799,830,
40750,6519,3154,3365,11408,5574,5834,13037,6268,6769,11407,5423,5984,6517,3179,3338,1630,799,831,
40755,6520,3154,3366,11409,5575,5834,13038,6269,6769,11408,5423,5985,6519,3179,3340,1630,799,831,
40760,6521,3155,3366,11411,5575,5836,13041,6270,6771,11410,5424,5986,6520,3179,3341,1630,799,831,
40765,6522,3156,3366,11412,5575,5837,13042,6270,6772,11412,5425,5987,6520,3179,3341,1630,799,831,
40770,6523,3157,3366,11414,5576,5838,13045,6272,6773,11413,5425,5988,6521,3179,3342,1630,799,831,
40775,6523,3157,3366,11415,5576,5839,13045,6272,6773,11414,5426,5988,6521,3179,3342,1631,799,832,
40780,6524,3157,3367,11416,5576,5840,13046,6273,6773,11415,5426,5989,6523,3180,3343,1631,799,832,
40785,6525,3157,3368,11418,5578,5840,13049,6275,6774,11417,5427,5990,6524,3180,3344,1631,799,832,
40790,6526,3157,3369,11419,5578,5841,13050,6276,6774,11419,5428,5991,6524,3180,3344,1631,799,832,
40795,6527,3157,3370,11421,5578,5843,13053,6277,6776,11420,5428,5992,6525,3180,3345,1631,799,832,
40800,6527,3157,3370,11422,5578,5844,13053,6277,6776,11421,5429,5992,6525,3180,3345,1632,800,832,
40805,6528,3158,3370,11423,5578,5845,13054,6278,6776,11422,5429,5993,6527,3181,3346,1632,800,832,
40810,6529,3158,3371,11425,5580,5845,13057,6280,6777,11424,5429,5995,6528,3182,3346,1632,800,832,
40815,6530,3158,3372,11426,5580,5846,13058,6280,6778,11426,5430,5996,6528,3182,3346,1632,800,832,
40820,6531,3158,3373,11428,5582,5846,13061,6282,6779,11427,5431,5996,6529,3183,3346,1632,800,832,
40825,6531,3158,3373,11429,5583,5846,13061,6282,6779,11428,5432,5996,6529,3183,3346,1633,801,832,
40830,6532,3158,3374,11430,5584,5846,13062,6283,6779,11429,5433,5996,6531,3184,3347,1633,801,832,
40835,6533,3158,3375,11432,5585,5847,13065,6284,6781,11431,5434,5997,6532,3185,3347,1633,801,832,
40840,6534,3158,3376,11433,5585,5848,13066,6284,6782,11433,5434,5999,6532,3185,3347,1633,801,832,
40845,6535,3159,3376,11435,5586,5849,13069,6285,6784,11434,5434,6000,6533,3185,3348,1633,801,832,
40850,6535,3159,3376,11436,5586,5850,13069,6285,6784,11435,5435,6000,6533,3185,3348,1634,801,833,
40855,6536,3160,3376,11437,5587,5850,13070,6285,6785,11436,5436,6000,6535,3186,3349,1634,801,833,
40860,6537,3160,3377,11439,5588,5851,13073,6287,6786,11438,5436,6002,6536,3186,3350,1634,801,833,
40865,6538,3161,3377,11440,5588,5852,13074,6288,6786,11440,5438,6002,6536,3186,3350,1634,801,833,
40870,6539,3161,3378,11442,5589,5853,13077,6290,6787,11441,5439,6002,6537,3186,3351,1634,801,833,
40875,6539,3161,3378,11443,5589,5854,13077,6290,6787,11442,5440,6002,6537,3186,3351,1635,801,834,
40880,6540,3162,3378,11444,5589,5855,13078,6290,6788,11443,5440,6003,6539,3188,3351,1635,801,834,
40885,6541,3163,3378,11446,5589,5857,13081,6293,6788,11445,5441,6004,6540,3189,3351,1635,801,834,
40890,6542,3164,3378,11447,5589,5858,13082,6293,6789,11447,5441,6006,6540,3189,3351,1635,801,834,
40895,6543,3165,3378,11449,5589,5860,13085,6296,6789,11448,5441,6007,6541,3189,3352,1635,801,834,
40900,6543,3165,3378,11450,5590,5860,13085,6296,6789,11449,5442,6007,6541,3189,3352,1636,801,835,
40905,6544,3166,3378,11451,5590,5861,13086,6297,6789,11450,5442,6008,6543,3190,3353,1636,801,835,
40910,6545,3166,3379,11453,5592,5861,13089,6300,6789,11452,5443,6009,6544,3190,3354,1636,801,835,
40915,6546,3167,3379,11454,5593,5861,13090,6300,6790,11454,5444,6010,6544,3190,3354,1636,801,835,
40920,6547,3168,3379,11456,5595,5861,13093,6301,6792,11455,5445,6010,6545,3191,3354,1636,801,835,
40925,6547,3168,3379,11457,5596,5861,13093,6301,6792,11456,5445,6011,6545,3191,3354,1637,801,836,
40930,6548,3169,3379,11458,5596,5862,13094,6301,6793,11457,5445,6012,6547,3193,3354,1637,801,836,
40935,6549,3170,3379,11460,5596,5864,13097,6303,6794,11459,5447,6012,6548,3193,3355,1637,801,836,
40940,6550,3170,3380,11461,5597,5864,13098,6304,6794,11461,5447,6014,6548,3193,3355,1637,801,836,
40945,6551,3170,3381,11463,5597,5866,13101,6305,6796,11462,5447,6015,6549,3194,3355,1637,801,836,
40950,6551,3170,3381,11464,5597,5867,13101,6305,6796,11463,5447,6016,6549,3194,3355,1638,801,837,
40955,6552,3170,3382,11465,5597,5868,13102,6306,6796,11464,5447,6017,6551,3195,3356,1638,801,837,
40960,6553,3171,3382,11467,5598,5869,13105,6307,6798,11466,5448,6018,6552,3195,3357,1638,801,837,
40965,6554,3171,3383,11468,5599,5869,13106,6308,6798,11468,5448,6020,6552,3195,3357,1638,801,837,
40970,6555,3171,3384,11470,5601,5869,13109,6309,6800,11469,5448,6021,6553,3196,3357,1638,801,837,
40975,6555,3171,3384,11471,5602,5869,13109,6309,6800,11470,5448,6022,6553,3196,3357,1639,802,837,
40980,6556,3171,3385,11472,5602,5870,13110,6310,6800,11471,5449,6022,6555,3197,3358,1639,802,837,
40985,6557,3172,3385,11474,5604,5870,13113,6312,6801,11473,5451,6022,6556,3198,3358,1639,802,837,
40990,6558,3172,3386,11475,5605,5870,13114,6312,6802,11475,5453,6022,6556,3198,3358,1639,802,837,
40995,6559,3173,3386,11477,5606,5871,13117,6313,6804,11476,5454,6022,6557,3198,3359,1639,802,837,
41000,6559,3173,3386,11478,5606,5872,13117,6313,6804,11477,5455,6022,6557,3198,3359,1640,803,837,
41005,6560,3174,3386,11479,5606,5873,13118,6314,6804,11478,5455,6023,6559,3200,3359,1640,803,837,
41010,6561,3174,3387,11481,5608,5873,13121,6314,6807,11480,5456,6024,6560,3201,3359,1640,803,837,
41015,6562,3175,3387,11482,5608,5874,13122,6314,6808,11482,5457,6025,6560,3201,3359,1640,803,837,
41020,6563,3176,3387,11484,5609,5875,13125,6316,6809,11483,5457,6026,6561,3201,3360,1640,803,837,
41025,6563,3176,3387,11485,5610,5875,13125,6316,6809,11484,5457,6027,6561,3201,3360,1641,804,837,
41030,6564,3177,3387,11486,5610,5876,13126,6316,6810,11485,5457,6028,6563,3203,3360,1641,804,837,
41035,6565,3177,3388,11488,5611,5877,13129,6318,6811,11487,5458,6029,6564,3204,3360,1641,804,837,
41040,6566,3177,3389,11489,5612,5877,13130,6319,6811,11489,5459,6030,6564,3204,3360,1641,804,837,
41045,6567,3178,3389,11491,5614,5877,13133,6320,6813,11490,5459,6031,6565,3204,3361,1641,804,837,
41050,6567,3178,3389,11492,5615,5877,13133,6320,6813,11491,5460,6031,6565,3204,3361,1642,804,838,
41055,6568,3179,3389,11493,5615,5878,13134,6321,6813,11492,5460,6032,6567,3204,3363,1642,804,838,
41060,6569,3180,3389,11495,5616,5879,13137,6322,6815,11494,5460,6034,6568,3204,3364,1642,804,838,
41065,6570,3180,3390,11496,5617,5879,13138,6322,6816,11496,5461,6035,6568,3204,3364,1642,804,838,
41070,6571,3180,3391,11498,5617,5881,13141,6323,6818,11497,5462,6035,6569,3204,3365,1642,804,838,
41075,6571,3180,3391,11499,5617,5882,13141,6323,6818,11498,5462,6036,6569,3204,3365,1643,804,839,
41080,6572,3181,3391,11500,5617,5883,13142,6324,6818,11499,5463,6036,6571,3205,3366,1643,804,839,
41085,6573,3182,3391,11502,5618,5884,13145,6326,6819,11501,5463,6038,6572,3205,3367,1643,804,839,
41090,6574,3182,3392,11503,5618,5885,13146,6326,6820,11503,5465,6038,6572,3205,3367,1643,804,839,
41095,6575,3182,3393,11505,5620,5885,13149,6326,6823,11504,5465,6039,6573,3205,3368,1643,804,839,
41100,6575,3182,3393,11506,5620,5886,13149,6326,6823,11505,5466,6039,6573,3205,3368,1644,805,839,
41105,6576,3182,3394,11507,5620,5887,13150,6326,6824,11506,5467,6039,6575,3206,3369,1644,805,839,
41110,6577,3182,3395,11509,5622,5887,13153,6328,6825,11508,5468,6040,6576,3206,3370,1644,805,839,
41115,6578,3183,3395,11510,5623,5887,13154,6329,6825,11510,5469,6041,6576,3206,3370,1644,805,839,
41120,6579,3183,3396,11512,5625,5887,13157,6330,6827,11511,5469,6042,6577,3206,3371,1644,805,839,
41125,6579,3183,3396,11513,5626,5887,13157,6330,6827,11512,5470,6042,6577,3206,3371,1645,805,840,
41130,6580,3184,3396,11514,5626,5888,13158,6331,6827,11513,5470,6043,6579,3207,3372,1645,805,840,
41135,6581,3185,3396,11516,5628,5888,13161,6332,6829,11515,5470,6045,6580,3208,3372,1645,805,840,
41140,6582,3186,3396,11517,5629,5888,13162,6333,6829,11517,5470,6047,6580,3208,3372,1645,805,840,
41145,6583,3186,3397,11519,5630,5889,13165,6333,6832,11518,5471,6047,6581,3208,3373,1645,805,840,
41150,6583,3186,3397,11520,5630,5890,13165,6333,6832,11519,5471,6048,6581,3208,3373,1646,805,841,
41155,6584,3187,3397,11521,5630,5891,13166,6334,6832,11520,5472,6048,6583,3210,3373,1646,805,841,
41160,6585,3187,3398,11523,5630,5893,13169,6334,6835,11522,5474,6048,6584,3211,3373,1646,805,841,
41165,6586,3187,3399,11524,5630,5894,13170,6334,6836,11524,5475,6049,6584,3211,3373,1646,805,841,
41170,6587,3187,3400,11526,5631,5895,13173,6336,6837,11525,5476,6049,6585,3211,3374,1646,805,841,
41175,6587,3187,3400,11527,5632,5895,13173,6336,6837,11526,5477,6049,6585,3211,3374,1647,805,842,
41180,6588,3188,3400,11528,5633,5895,13174,6336,6838,11527,5478,6049,6587,3212,3375,1647,805,842,
41185,6589,3188,3401,11530,5635,5895,13177,6337,6840,11529,5480,6049,6588,3213,3375,1647,805,842,
41190,6590,3188,3402,11531,5635,5896,13178,6338,6840,11531,5482,6049,6588,3213,3375,1647,805,842,
41195,6591,3188,3403,11533,5636,5897,13181,6339,6842,11532,5482,6050,6589,3214,3375,1647,805,842,
41200,6591,3188,3403,11534,5637,5897,13181,6339,6842,11533,5482,6051,6589,3214,3375,1648,806,842,
41205,6592,3189,3403,11535,5638,5897,13182,6339,6843,11534,5482,6052,6591,3214,3377,1648,806,842,
41210,6593,3190,3403,11537,5639,5898,13185,6341,6844,11536,5484,6052,6592,3214,3378,1648,806,842,
41215,6594,3190,3404,11538,5640,5898,13186,6341,6845,11538,5485,6053,6592,3214,3378,1648,806,842,
41220,6595,3191,3404,11540,5640,5900,13189,6342,6847,11539,5486,6053,6593,3215,3378,1648,806,842,
41225,6595,3191,3404,11541,5641,5900,13189,6342,6847,11540,5486,6054,6593,3215,3378,1649,806,843,
41230,6596,3191,3405,11542,5642,5900,13190,6343,6847,11541,5486,6055,6595,3216,3379,1649,806,843,
41235,6597,3192,3405,11544,5643,5901,13193,6345,6848,11543,5486,6057,6596,3216,3380,1649,806,843,
41240,6598,3193,3405,11545,5643,5902,13194,6345,6849,11545,5486,6059,6596,3216,3380,1649,806,843,
41245,6599,3193,3406,11547,5643,5904,13197,6347,6850,11546,5487,6059,6597,3216,3381,1649,806,843,
41250,6599,3193,3406,11548,5643,5905,13197,6347,6850,11547,5487,6060,6597,3216,3381,1650,806,844,
41255,6600,3194,3406,11549,5644,5905,13198,6347,6851,11548,5488,6060,6599,3217,3382,1650,806,844,
41260,6601,3195,3406,11551,5646,5905,13201,6349,6852,11550,5489,6061,6600,3217,3383,1650,806,844,
41265,6602,3195,3407,11552,5646,5906,13202,6349,6853,11552,5490,6062,6600,3217,3383,1650,806,844,
41270,6603,3195,3408,11554,5647,5907,13205,6352,6853,11553,5491,6062,6601,3218,3383,1650,806,844,
41275,6603,3195,3408,11555,5648,5907,13205,6352,6853,11554,5492,6062,6601,3218,3383,1651,807,844,
41280,6604,3196,3408,11556,5648,5908,13206,6353,6853,11555,5493,6062,6603,3220,3383,1651,807,844,
41285,6605,3196,3409,11558,5649,5909,13209,6354,6855,11557,5493,6064,6604,3220,3384,1651,807,844,
41290,6606,3196,3410,11559,5649,5910,13210,6355,6855,11559,5495,6064,6604,3220,3384,1651,807,844,
41295,6607,3196,3411,11561,5650,5911,13213,6357,6856,11560,5495,6065,6605,3220,3385,1651,807,844,
41300,6607,3196,3411,11562,5650,5912,13213,6357,6856,11561,5495,6066,6605,3220,3385,1652,808,844,
41305,6608,3197,3411,11563,5650,5913,13214,6358,6856,11562,5496,6066,6607,3221,3386,1652,808,844,
41310,6609,3198,3411,11565,5650,5915,13217,6360,6857,11564,5496,6068,6608,3222,3386,1652,808,844,
41315,6610,3199,3411,11566,5651,5915,13218,6361,6857,11566,5496,6070,6608,3222,3386,1652,808,844,
41320,6611,3200,3411,11568,5651,5917,13221,6363,6858,11567,5496,6071,6609,3222,3387,1652,808,844,
41325,6611,3200,3411,11569,5651,5918,13221,6363,6858,11568,5496,6072,6609,3222,3387,1653,808,845,
41330,6612,3200,3412,11570,5651,5919,13222,6364,6858,11569,5496,6073,6611,3224,3387,1653,808,845,
41335,6613,3201,3412,11572,5652,5920,13225,6367,6858,11571,5496,6075,6612,3224,3388,1653,808,845,
41340,6614,3201,3413,11573,5653,5920,13226,6367,6859,11573,5496,6077,6612,3224,3388,1653,808,845,
41345,6615,3201,3414,11575,5654,5921,13229,6369,6860,11574,5496,6078,6613,3224,3389,1653,808,845,
41350,6615,3201,3414,11576,5655,5921,13229,6369,6860,11575,5497,6078,6613,3224,3389,1654,809,845,
41355,6616,3201,3415,11577,5656,5921,13230,6370,6860,11576,5498,6078,6615,3226,3389,1654,809,845,
41360,6617,3201,3416,11579,5657,5922,13233,6371,6862,11578,5498,6080,6616,3227,3389,1654,809,845,
41365,6618,3202,3416,11580,5658,5922,13234,6371,6863,11580,5499,6081,6616,3227,3389,1654,809,845,
41370,6619,3203,3416,11582,5660,5922,13237,6371,6866,11581,5499,6082,6617,3228,3389,1654,809,845,
41375,6619,3203,3416,11583,5660,5923,13237,6371,6866,11582,5499,6083,6617,3228,3389,1655,809,846,
41380,6620,3204,3416,11584,5660,5924,13238,6371,6867,11583,5500,6083,6619,3230,3389,1655,809,846,
41385,6621,3205,3416,11586,5661,5925,13241,6373,6868,11585,5502,6083,6620,3231,3389,1655,809,846,
41390,6622,3205,3417,11587,5661,5926,13242,6374,6868,11587,5502,6085,6620,3231,3389,1655,809,846,
41395,6623,3205,3418,11589,5662,5927,13245,6376,6869,11588,5503,6085,6621,3232,3389,1655,809,846,
41400,6623,3205,3418,11590,5663,5927,13245,6376,6869,11589,5504,6085,6621,3232,3389,1656,810,846,
41405,6624,3205,3419,11591,5663,5928,13246,6377,6869,11590,5504,6086,6623,3232,3391,1656,810,846,
41410,6625,3206,3419,11593,5665,5928,13249,6377,6872,11592,5506,6086,6624,3233,3391,1656,810,846,
41415,6626,3206,3420,11594,5666,5928,13250,6378,6872,11594,5506,6088,6624,3233,3391,1656,810,846,
41420,6627,3206,3421,11596,5666,5930,13253,6378,6875,11595,5507,6088,6625,3233,3392,1656,810,846,
41425,6627,3206,3421,11597,5667,5930,13253,6378,6875,11596,5508,6088,6625,3233,3392,1657,811,846,
41430,6628,3207,3421,11598,5668,5930,13254,6378,6876,11597,5508,6089,6627,3233,3394,1657,811,846,
41435,6629,3207,3422,11600,5669,5931,13257,6380,6877,11599,5510,6089,6628,3233,3395,1657,811,846,
41440,6630,3207,3423,11601,5669,5932,13258,6380,6878,11601,5511,6090,6628,3233,3395,1657,811,846,
41445,6631,3207,3424,11603,5670,5933,13261,6382,6879,11602,5512,6090,6629,3233,3396,1657,811,846,
41450,6631,3207,3424,11604,5670,5934,13261,6382,6879,11603,5512,6091,6629,3233,3396,1658,812,846,
41455,6632,3207,3425,11605,5670,5935,13262,6383,6879,11604,5513,6091,6631,3233,3398,1658,812,846,
41460,6633,3207,3426,11607,5670,5937,13265,6386,6879,11606,5514,6092,6632,3233,3399,1658,812,846,
41465,6634,3207,3427,11608,5670,5938,13266,6387,6879,11608,5514,6094,6632,3233,3399,1658,812,846,
41470,6635,3208,3427,11610,5671,5939,13269,6389,6880,11609,5514,6095,6633,3233,3400,1658,812,846,
41475,6635,3208,3427,11611,5672,5939,13269,6389,6880,11610,5514,6096,6633,3233,3400,1659,812,847,
41480,6636,3209,3427,11612,5673,5939,13270,6390,6880,11611,5515,6096,6635,3235,3400,1659,812,847,
41485,6637,3210,3427,11614,5675,5939,13273,6392,6881,11613,5516,6097,6636,3236,3400,1659,812,847,
41490,6638,3210,3428,11615,5675,5940,13274,6392,6882,11615,5517,6098,6636,3236,3400,1659,812,847,
41495,6639,3211,3428,11617,5676,5941,13277,6394,6883,11616,5518,6098,6637,3236,3401,1659,812,847,
41500,6639,3211,3428,11618,5676,5942,13277,6394,6883,11617,5519,6098,6637,3236,3401,1660,812,848,
41505,6640,3212,3428,11619,5677,5942,13278,6394,6884,11618,5519,6099,6639,3236,3403,1660,812,848,
41510,6641,3213,3428,11621,5677,5944,13281,6395,6886,11620,5519,6101,6640,3237,3403,1660,812,848,
41515,6642,3213,3429,11622,5678,5944,13282,6396,6886,11622,5519,6103,6640,3237,3403,1660,812,848,
41520,6643,3213,3430,11624,5679,5945,13285,6397,6888,11623,5520,6103,6641,3237,3404,1660,812,848,
41525,6643,3213,3430,11625,5680,5945,13285,6397,6888,11624,5520,6104,6641,3237,3404,1661,812,849,
41530,6644,3214,3430,11626,5680,5946,13286,6397,6889,11625,5521,6104,6643,3239,3404,1661,812,849,
41535,6645,3214,3431,11628,5680,5948,13289,6399,6890,11627,5522,6105,6644,3240,3404,1661,812,849,
41540,6646,3214,3432,11629,5680,5949,13290,6399,6891,11629,5524,6105,6644,3240,3404,1661,812,849,
41545,6647,3215,3432,11631,5681,5950,13293,6399,6894,11630,5524,6106,6645,3241,3404,1661,812,849,
41550,6647,3215,3432,11632,5681,5951,13293,6399,6894,11631,5524,6107,6645,3241,3404,1662,812,850,
41555,6648,3215,3433,11633,5681,5952,13294,6400,6894,11632,5524,6108,6647,3242,3405,1662,812,850,
41560,6649,3216,3433,11635,5681,5954,13297,6402,6895,11634,5524,6110,6648,3242,3406,1662,812,850,
41565,6650,3216,3434,11636,5681,5955,13298,6403,6895,11636,5526,6110,6648,3242,3406,1662,812,850,
41570,6651,3216,3435,11638,5681,5957,13301,6404,6897,11637,5527,6110,6649,3243,3406,1662,812,850,
41575,6651,3216,3435,11639,5681,5958,13301,6404,6897,11638,5528,6110,6649,3243,3406,1663,813,850,
41580,6652,3217,3435,11640,5681,5959,13302,6404,6898,11639,5528,6111,6651,3244,3407,1663,813,850,
41585,6653,3217,3436,11642,5683,5959,13305,6405,6900,11641,5529,6112,6652,3245,3407,1663,813,850,
41590,6654,3217,3437,11643,5683,5960,13306,6406,6900,11643,5529,6114,6652,3245,3407,1663,813,850,
41595,6655,3218,3437,11645,5684,5961,13309,6408,6901,11644,5529,6115,6653,3246,3407,1663,813,850,
41600,6655,3218,3437,11646,5684,5962,13309,6408,6901,11645,5530,6115,6653,3246,3407,1664,813,851,
41605,6656,3218,3438,11647,5685,5962,13310,6409,6901,11646,5530,6116,6655,3247,3408,1664,813,851,
41610,6657,3218,3439,11649,5686,5963,13313,6410,6903,11648,5530,6118,6656,3248,3408,1664,813,851,
41615,6658,3219,3439,11650,5687,5963,13314,6411,6903,11650,5531,6119,6656,3248,3408,1664,813,851,
41620,6659,3219,3440,11652,5688,5964,13317,6413,6904,11651,5532,6119,6657,3249,3408,1664,813,851,
41625,6659,3219,3440,11653,5689,5964,13317,6413,6904,11652,5532,6120,6657,3249,3408,1665,814,851,
41630,6660,3219,3441,11654,5690,5964,13318,6413,6905,11653,5532,6121,6659,3249,3410,1665,814,851,
41635,6661,3220,3441,11656,5690,5966,13321,6415,6906,11655,5532,6123,6660,3249,3411,1665,814,851,
41640,6662,3221,3441,11657,5690,5967,13322,6415,6907,11657,5533,6124,6660,3249,3411,1665,814,851,
41645,6663,3221,3442,11659,5691,5968,13325,6417,6908,11658,5533,6125,6661,3249,3412,1665,814,851,
41650,6663,3221,3442,11660,5692,5968,13325,6417,6908,11659,5533,6126,6661,3249,3412,1666,814,852,
41655,6664,3222,3442,11661,5693,5968,13326,6417,6909,11660,5533,6127,6663,3250,3413,1666,814,852,
41660,6665,3223,3442,11663,5694,5969,13329,6417,6912,11662,5534,6128,6664,3251,3413,1666,814,852,
41665,6666,3224,3442,11664,5694,5970,13330,6418,6912,11664,5534,6130,6664,3251,3413,1666,814,852,
41670,6667,3225,3442,11666,5695,5971,13333,6419,6914,11665,5535,6130,6665,3252,3413,1666,814,852,
41675,6667,3225,3442,11667,5696,5971,13333,6419,6914,11666,5535,6131,6665,3252,3413,1667,814,853,
41680,6668,3226,3442,11668,5696,5972,13334,6419,6915,11667,5535,6132,6667,3253,3414,1667,814,853,
41685,6669,3226,3443,11670,5697,5973,13337,6421,6916,11669,5536,6133,6668,3253,3415,1667,814,853,
41690,6670,3226,3444,11671,5698,5973,13338,6421,6917,11671,5538,6133,6668,3253,3415,1667,814,853,
41695,6671,3227,3444,11673,5700,5973,13341,6421,6920,11672,5538,6134,6669,3253,3416,1667,814,853,
41700,6671,3227,3444,11674,5701,5973,13341,6421,6920,11673,5538,6135,6669,3253,3416,1668,815,853,
41705,6672,3227,3445,11675,5701,5974,13342,6422,6920,11674,5538,6136,6671,3254,3417,1668,815,853,
41710,6673,3227,3446,11677,5702,5975,13345,6424,6921,11676,5538,6138,6672,3255,3417,1668,815,853,
41715,6674,3227,3447,11678,5702,5976,13346,6424,6922,11678,5539,6139,6672,3255,3417,1668,815,853,
41720,6675,3228,3447,11680,5703,5977,13349,6425,6924,11679,5540,6139,6673,3255,3418,1668,815,853,
41725,6675,3228,3447,11681,5703,5978,13349,6425,6924,11680,5541,6139,6673,3255,3418,1669,816,853,
41730,6676,3228,3448,11682,5704,5978,13350,6425,6925,11681,5541,6140,6675,3257,3418,1669,816,853,
41735,6677,3228,3449,11684,5705,5979,13353,6428,6925,11683,5542,6141,6676,3257,3419,1669,816,853,
41740,6678,3228,3450,11685,5706,5979,13354,6429,6925,11685,5543,6142,6676,3257,3419,1669,816,853,
41745,6679,3228,3451,11687,5708,5979,13357,6430,6927,11686,5543,6143,6677,3257,3420,1669,816,853,
41750,6679,3228,3451,11688,5708,5980,13357,6430,6927,11687,5544,6143,6677,3257,3420,1670,817,853,
41755,6680,3229,3451,11689,5709,5980,13358,6431,6927,11688,5545,6143,6679,3258,3421,1670,817,853,
41760,6681,3229,3452,11691,5709,5982,13361,6434,6927,11690,5546,6144,6680,3259,3421,1670,817,853,
41765,6682,3230,3452,11692,5709,5983,13362,6434,6928,11692,5546,6146,6680,3259,3421,1670,817,853,
41770,6683,3231,3452,11694,5710,5984,13365,6435,6930,11693,5547,6146,6681,3260,3421,1670,817,853,
41775,6683,3231,3452,11695,5710,5985,13365,6435,6930,11694,5548,6146,6681,3260,3421,1671,817,854,
41780,6684,3232,3452,11696,5711,5985,13366,6435,6931,11695,5549,6146,6683,3262,3421,1671,817,854,
41785,6685,3232,3453,11698,5711,5987,13369,6436,6933,11697,5550,6147,6684,3262,3422,1671,817,854,
41790,6686,3233,3453,11699,5711,5988,13370,6437,6933,11699,5550,6149,6684,3262,3422,1671,817,854,
41795,6687,3234,3453,11701,5711,5990,13373,6438,6935,11700,5551,6149,6685,3263,3422,1671,817,854,
41800,6687,3234,3453,11702,5711,5991,13373,6438,6935,11701,5552,6149,6685,3263,3422,1672,817,855,
41805,6688,3235,3453,11703,5712,5991,13374,6438,6936,11702,5553,6149,6687,3265,3422,1672,817,855,
41810,6689,3236,3453,11705,5714,5991,13377,6440,6937,11704,5554,6150,6688,3266,3422,1672,817,855,
41815,6690,3236,3454,11706,5715,5991,13378,6440,6938,11706,5556,6150,6688,3266,3422,1672,817,855,
41820,6691,3237,3454,11708,5717,5991,13381,6442,6939,11707,5557,6150,6689,3266,3423,1672,817,855,
41825,6691,3237,3454,11709,5717,5992,13381,6442,6939,11708,5558,6150,6689,3266,3423,1673,817,856,
41830,6692,3238,3454,11710,5718,5992,13382,6442,6940,11709,5558,6151,6691,3268,3423,1673,817,856,
41835,6693,3239,3454,11712,5719,5993,13385,6443,6942,11711,5558,6153,6692,3268,3424,1673,817,856,
41840,6694,3239,3455,11713,5720,5993,13386,6443,6943,11713,5559,6154,6692,3268,3424,1673,817,856,
41845,6695,3239,3456,11715,5720,5995,13389,6444,6945,11714,5560,6154,6693,3268,3425,1673,817,856,
41850,6695,3239,3456,11716,5721,5995,13389,6444,6945,11715,5561,6154,6693,3268,3425,1674,817,857,
41855,6696,3240,3456,11717,5721,5996,13390,6444,6946,11716,5561,6155,6695,3269,3426,1674,817,857,
41860,6697,3240,3457,11719,5723,5996,13393,6446,6947,11718,5561,6157,6696,3270,3426,1674,817,857,
41865,6698,3240,3458,11720,5723,5997,13394,6446,6948,11720,5561,6159,6696,3270,3426,1674,817,857,
41870,6699,3240,3459,11722,5724,5998,13397,6447,6950,11721,5562,6159,6697,3271,3426,1674,817,857,
41875,6699,3240,3459,11723,5725,5998,13397,6447,6950,11722,5563,6159,6697,3271,3426,1675,817,858,
41880,6700,3240,3460,11724,5726,5998,13398,6447,6951,11723,5564,6159,6699,3272,3427,1675,817,858,
41885,6701,3241,3460,11726,5727,5999,13401,6448,6953,11725,5564,6161,6700,3273,3427,1675,817,858,
41890,6702,3242,3460,11727,5728,5999,13402,6448,6954,11727,5564,6163,6700,3273,3427,1675,817,858,
41895,6703,3242,3461,11729,5729,6000,13405,6448,6957,11728,5565,6163,6701,3274,3427,1675,817,858,
41900,6703,3242,3461,11730,5730,6000,13405,6448,6957,11729,5566,6163,6701,3274,3427,1676,817,859,
41905,6704,3243,3461,11731,5730,6001,13406,6448,6958,11730,5566,6164,6703,3275,3428,1676,817,859,
41910,6705,3244,3461,11733,5731,6002,13409,6450,6959,11732,5568,6164,6704,3275,3429,1676,817,859,
41915,6706,3244,3462,11734,5731,6003,13410,6451,6959,11734,5570,6164,6704,3275,3429,1676,817,859,
41920,6707,3244,3463,11736,5732,6004,13413,6453,6960,11735,5570,6165,6705,3276,3429,1676,817,859,
41925,6707,3244,3463,11737,5732,6005,13413,6453,6960,11736,5571,6165,6705,3276,3429,1677,817,860,
41930,6708,3245,3463,11738,5733,6005,13414,6453,6961,11737,5571,6166,6707,3278,3429,1677,817,860,
41935,6709,3246,3463,11740,5734,6006,13417,6453,6964,11739,5572,6167,6708,3278,3430,1677,817,860,
41940,6710,3246,3464,11741,5735,6006,13418,6454,6964,11741,5573,6168,6708,3278,3430,1677,817,860,
41945,6711,3246,3465,11743,5736,6007,13421,6455,6966,11742,5573,6169,6709,3278,3431,1677,817,860,
41950,6711,3246,3465,11744,5736,6008,13421,6455,6966,11743,5573,6170,6709,3278,3431,1678,818,860,
41955,6712,3246,3466,11745,5737,6008,13422,6455,6967,11744,5574,6170,6711,3279,3432,1678,818,860,
41960,6713,3247,3466,11747,5739,6008,13425,6456,6969,11746,5575,6171,6712,3279,3433,1678,818,860,
41965,6714,3248,3466,11748,5740,6008,13426,6456,6970,11748,5576,6172,6712,3279,3433,1678,818,860,
41970,6715,3249,3466,11750,5741,6009,13429,6457,6972,11749,5576,6173,6713,3279,3434,1678,818,860,
41975,6715,3249,3466,11751,5741,6010,13429,6457,6972,11750,5577,6173,6713,3279,3434,1679,819,860,
41980,6716,3250,3466,11752,5742,6010,13430,6458,6972,11751,5578,6173,6715,3280,3435,1679,819,860,
41985,6717,3250,3467,11754,5743,6011,13433,6460,6973,11753,5579,6174,6716,3281,3435,1679,819,860,
41990,6718,3250,3468,11755,5744,6011,13434,6461,6973,11755,5579,6176,6716,3281,3435,1679,819,860,
41995,6719,3250,3469,11757,5745,6012,13437,6462,6975,11756,5580,6176,6717,3282,3435,1679,819,860,
42000,6719,3250,3469,11758,5746,6012,13437,6462,6975,11757,5580,6177,6717,3282,3435,1680,820,860,
42005,6720,3251,3469,11759,5747,6012,13438,6462,6976,11758,5581,6177,6719,3283,3436,1680,820,860,
42010,6721,3251,3470,11761,5748,6013,13441,6465,6976,11760,5583,6177,6720,3284,3436,1680,820,860,
42015,6722,3251,3471,11762,5748,6014,13442,6465,6977,11762,5584,6178,6720,3284,3436,1680,820,860,
42020,6723,3251,3472,11764,5749,6015,13445,6466,6979,11763,5584,6179,6721,3284,3437,1680,820,860,
42025,6723,3251,3472,11765,5749,6016,13445,6466,6979,11764,5584,6180,6721,3284,3437,1681,821,860,
42030,6724,3252,3472,11766,5749,6017,13446,6466,6980,11765,5584,6181,6723,3284,3439,1681,821,860,
42035,6725,3252,3473,11768,5750,6018,13449,6467,6982,11767,5585,6182,6724,3284,3440,1681,821,860,
42040,6726,3252,3474,11769,5750,6019,13450,6467,6983,11769,5586,6183,6724,3284,3440,1681,821,860,
42045,6727,3252,3475,11771,5750,6021,13453,6467,6986,11770,5587,6183,6725,3285,3440,1681,821,860,
42050,6727,3252,3475,11772,5750,6022,13453,6467,6986,11771,5587,6184,6725,3285,3440,1682,822,860,
42055,6728,3252,3476,11773,5750,6023,13454,6468,6986,11772,5587,6185,6727,3286,3441,1682,822,860,
42060,6729,3252,3477,11775,5751,6024,13457,6470,6987,11774,5588,6186,6728,3287,3441,1682,822,860,
42065,6730,3252,3478,11776,5751,6025,13458,6470,6988,11776,5590,6186,6728,3287,3441,1682,822,860,
42070,6731,3253,3478,11778,5751,6027,13461,6471,6990,11777,5591,6186,6729,3288,3441,1682,822,860,
42075,6731,3253,3478,11779,5751,6028,13461,6471,6990,11778,5591,6187,6729,3288,3441,1683,823,860,
42080,6732,3253,3479,11780,5751,6029,13462,6472,6990,11779,5592,6187,6731,3288,3443,1683,823,860,
42085,6733,3253,3480,11782,5752,6030,13465,6474,6991,11781,5593,6188,6732,3289,3443,1683,823,860,
42090,6734,3254,3480,11783,5752,6031,13466,6475,6991,11783,5595,6188,6732,3289,3443,1683,823,860,
42095,6735,3254,3481,11785,5753,6032,13469,6475,6994,11784,5595,6189,6733,3290,3443,1683,823,860,
42100,6735,3254,3481,11786,5753,6033,13469,6475,6994,11785,5596,6189,6733,3290,3443,1684,824,860,
42105,6736,3255,3481,11787,5753,6034,13470,6475,6995,11786,5597,6189,6735,3290,3445,1684,824,860,
42110,6737,3256,3481,11789,5754,6035,13473,6476,6997,11788,5598,6190,6736,3290,3446,1684,824,860,
42115,6738,3256,3482,11790,5754,6036,13474,6477,6997,11790,5599,6191,6736,3290,3446,1684,824,860,
42120,6739,3256,3483,11792,5755,6037,13477,6479,6998,11791,5599,6192,6737,3291,3446,1684,824,860,
42125,6739,3256,3483,11793,5756,6037,13477,6479,6998,11792,5600,6192,6737,3291,3446,1685,825,860,
42130,6740,3257,3483,11794,5757,6037,13478,6479,6999,11793,5600,6193,6739,3293,3446,1685,825,860,
42135,6741,3258,3483,11796,5758,6038,13481,6481,7000,11795,5602,6193,6740,3294,3446,1685,825,860,
42140,6742,3258,3484,11797,5758,6039,13482,6482,7000,11797,5602,6195,6740,3294,3446,1685,825,860,
42145,6743,3259,3484,11799,5759,6040,13485,6482,7003,11798,5602,6196,6741,3294,3447,1685,825,860,
42150,6743,3259,3484,11800,5760,6040,13485,6482,7003,11799,5602,6197,6741,3294,3447,1686,826,860,
42155,6744,3260,3484,11801,5760,6041,13486,6483,7003,11800,5602,6198,6743,3296,3447,1686,826,860,
42160,6745,3261,3484,11803,5760,6043,13489,6484,7005,11802,5604,6198,6744,3297,3447,1686,826,860,
42165,6746,3261,3485,11804,5760,6044,13490,6485,7005,11804,5605,6199,6744,3297,3447,1686,826,860,
42170,6747,3262,3485,11806,5762,6044,13493,6487,7006,11805,5606,6199,6745,3298,3447,1686,826,860,
42175,6747,3262,3485,11807,5763,6044,13493,6487,7006,11806,5606,6200,6745,3298,3447,1687,826,861,
42180,6748,3263,3485,11808,5763,6045,13494,6488,7006,11807,5606,6201,6747,3300,3447,1687,826,861,
42185,6749,3264,3485,11810,5765,6045,13497,6489,7008,11809,5608,6201,6748,3301,3447,1687,826,861,
42190,6750,3265,3485,11811,5766,6045,13498,6490,7008,11811,5609,6202,6748,3301,3447,1687,826,861,
42195,6751,3266,3485,11813,5767,6046,13501,6491,7010,11812,5610,6202,6749,3301,3448,1687,826,861,
42200,6751,3266,3485,11814,5767,6047,13501,6491,7010,11813,5610,6203,6749,3301,3448,1688,827,861,
42205,6752,3266,3486,11815,5768,6047,13502,6492,7010,11814,5610,6204,6751,3301,3450,1688,827,861,
42210,6753,3266,3487,11817,5768,6049,13505,6495,7010,11816,5610,6206,6752,3301,3451,1688,827,861,
42215,6754,3267,3487,11818,5769,6049,13506,6495,7011,11818,5610,6208,6752,3301,3451,1688,827,861,
42220,6755,3267,3488,11820,5770,6050,13509,6496,7013,11819,5610,6209,6753,3302,3451,1688,827,861,
42225,6755,3267,3488,11821,5771,6050,13509,6496,7013,11820,5611,6209,6753,3302,3451,1689,827,862,
42230,6756,3268,3488,11822,5771,6051,13510,6497,7013,11821,5611,6210,6755,3303,3452,1689,827,862,
42235,6757,3269,3488,11824,5772,6052,13513,6498,7015,11823,5612,6211,6756,3303,3453,1689,827,862,
42240,6758,3269,3489,11825,5772,6053,13514,6498,7016,11825,5614,6211,6756,3303,3453,1689,827,862,
42245,6759,3269,3490,11827,5774,6053,13517,6499,7018,11826,5614,6212,6757,3303,3454,1689,827,862,
42250,6759,3269,3490,11828,5775,6053,13517,6499,7018,11827,5615,6212,6757,3303,3454,1690,827,863,
42255,6760,3270,3490,11829,5775,6054,13518,6499,7019,11828,5615,6213,6759,3303,3456,1690,827,863,
42260,6761,3270,3491,11831,5776,6055,13521,6501,7020,11830,5617,6213,6760,3304,3456,1690,827,863,
42265,6762,3270,3492,11832,5777,6055,13522,6501,7021,11832,5619,6213,6760,3304,3456,1690,827,863,
42270,6763,3270,3493,11834,5778,6056,13525,6501,7024,11833,5620,6213,6761,3305,3456,1690,827,863,
42275,6763,3270,3493,11835,5778,6057,13525,6501,7024,11834,5621,6213,6761,3305,3456,1691,827,864,
42280,6764,3271,3493,11836,5779,6057,13526,6502,7024,11835,5621,6214,6763,3306,3457,1691,827,864,
42285,6765,3272,3493,11838,5780,6058,13529,6503,7026,11837,5621,6216,6764,3306,3458,1691,827,864,
42290,6766,3272,3494,11839,5780,6059,13530,6504,7026,11839,5622,6217,6764,3306,3458,1691,827,864,
42295,6767,3272,3495,11841,5781,6060,13533,6506,7027,11840,5622,6218,6765,3306,3459,1691,827,864,
42300,6767,3272,3495,11842,5781,6061,13533,6506,7027,11841,5622,6219,6765,3306,3459,1692,827,865,
42305,6768,3273,3495,11843,5781,6062,13534,6506,7028,11842,5622,6220,6767,3306,3461,1692,827,865,
42310,6769,3273,3496,11845,5782,6063,13537,6507,7030,11844,5624,6220,6768,3306,3462,1692,827,865,
42315,6770,3274,3496,11846,5783,6063,13538,6508,7030,11846,5625,6221,6768,3306,3462,1692,827,865,
42320,6771,3275,3496,11848,5783,6065,13541,6510,7031,11847,5625,6222,6769,3307,3462,1692,827,865,
42325,6771,3275,3496,11849,5784,6065,13541,6510,7031,11848,5625,6223,6769,3307,3462,1693,827,866,
42330,6772,3275,3497,11850,5785,6065,13542,6511,7031,11849,5626,6223,6771,3307,3464,1693,827,866,
42335,6773,3275,3498,11852,5786,6066,13545,6513,7032,11851,5627,6224,6772,3307,3465,1693,827,866,
42340,6774,3275,3499,11853,5787,6066,13546,6514,7032,11853,5629,6224,6772,3307,3465,1693,827,866,
42345,6775,3276,3499,11855,5788,6067,13549,6515,7034,11854,5629,6225,6773,3308,3465,1693,827,866,
42350,6775,3276,3499,11856,5789,6067,13549,6515,7034,11855,5629,6226,6773,3308,3465,1694,827,867,
42355,6776,3276,3500,11857,5789,6068,13550,6516,7034,11856,5630,6226,6775,3308,3467,1694,827,867,
42360,6777,3277,3500,11859,5790,6069,13553,6516,7037,11858,5630,6228,6776,3309,3467,1694,827,867,
42365,6778,3277,3501,11860,5791,6069,13554,6516,7038,11860,5631,6229,6776,3309,3467,1694,827,867,
42370,6779,3277,3502,11862,5792,6070,13557,6519,7038,11861,5632,6229,6777,3310,3467,1694,827,867,
42375,6779,3277,3502,11863,5793,6070,13557,6519,7038,11862,5632,6230,6777,3310,3467,1695,827,868,
42380,6780,3277,3503,11864,5793,6071,13558,6519,7039,11863,5632,6231,6779,3310,3469,1695,827,868,
42385,6781,3277,3504,11866,5794,6072,13561,6520,7041,11865,5633,6232,6780,3310,3470,1695,827,868,
42390,6782,3277,3505,11867,5794,6073,13562,6520,7042,11867,5634,6233,6780,3310,3470,1695,827,868,
42395,6783,3277,3506,11869,5795,6074,13565,6521,7044,11868,5635,6233,6781,3311,3470,1695,827,868,
42400,6783,3277,3506,11870,5795,6075,13565,6521,7044,11869,5635,6234,6781,3311,3470,1696,827,869,
42405,6784,3277,3507,11871,5796,6075,13566,6522,7044,11870,5635,6235,6783,3313,3470,1696,827,869,
42410,6785,3278,3507,11873,5796,6077,13569,6523,7046,11872,5636,6236,6784,3313,3471,1696,827,869,
42415,6786,3278,3508,11874,5796,6078,13570,6524,7046,11874,5637,6237,6784,3313,3471,1696,827,869,
42420,6787,3278,3509,11876,5797,6079,13573,6526,7047,11875,5638,6237,6785,3313,3472,1696,827,869,
42425,6787,3278,3509,11877,5798,6079,13573,6526,7047,11876,5638,6238,6785,3313,3472,1697,828,869,
42430,6788,3279,3509,11878,5798,6080,13574,6527,7047,11877,5638,6239,6787,3314,3473,1697,828,869,
42435,6789,3280,3509,11880,5799,6081,13577,6530,7047,11879,5638,6241,6788,3314,3474,1697,828,869,
42440,6790,3280,3510,11881,5800,6081,13578,6531,7047,11881,5639,6242,6788,3314,3474,1697,828,869,
42445,6791,3280,3511,11883,5802,6081,13581,6531,7050,11882,5639,6243,6789,3315,3474,1697,828,869,
42450,6791,3280,3511,11884,5803,6081,13581,6531,7050,11883,5639,6244,6789,3315,3474,1698,829,869,
42455,6792,3281,3511,11885,5804,6081,13582,6531,7051,11884,5640,6244,6791,3316,3475,1698,829,869,
42460,6793,3282,3511,11887,5804,6083,13585,6531,7054,11886,5641,6245,6792,3316,3476,1698,829,869,
42465,6794,3282,3512,11888,5804,6084,13586,6531,7055,11888,5641,6247,6792,3316,3476,1698,829,869,
42470,6795,3282,3513,11890,5805,6085,13589,6532,7057,11889,5642,6247,6793,3316,3477,1698,829,869,
42475,6795,3282,3513,11891,5805,6086,13589,6532,7057,11890,5642,6248,6793,3316,3477,1699,829,870,
42480,6796,3283,3513,11892,5806,6086,13590,6533,7057,11891,5642,6249,6795,3317,3478,1699,829,870,
42485,6797,3283,3514,11894,5807,6087,13593,6534,7059,11893,5643,6250,6796,3318,3478,1699,829,870,
42490,6798,3283,3515,11895,5808,6087,13594,6535,7059,11895,5645,6250,6796,3318,3478,1699,829,870,
42495,6799,3283,3516,11897,5809,6088,13597,6536,7061,11896,5645,6251,6797,3318,3479,1699,829,870,
42500,6799,3283,3516,11898,5810,6088,13597,6536,7061,11897,5645,6252,6797,3318,3479,1700,829,871,
42505,6800,3284,3516,11899,5810,6089,13598,6537,7061,11898,5646,6252,6799,3318,3481,1700,829,871,
42510,6801,3285,3516,11901,5810,6091,13601,6538,7063,11900,5646,6254,6800,3319,3481,1700,829,871,
42515,6802,3285,3517,11902,5810,6092,13602,6538,7064,11902,5647,6255,6800,3319,3481,1700,829,871,
42520,6803,3285,3518,11904,5812,6092,13605,6538,7067,11903,5647,6256,6801,3320,3481,1700,829,871,
42525,6803,3285,3518,11905,5812,6093,13605,6538,7067,11904,5647,6257,6801,3320,3481,1701,829,872,
42530,6804,3286,3518,11906,5812,6094,13606,6539,7067,11905,5648,6257,6803,3320,3483,1701,829,872,
42535,6805,3287,3518,11908,5812,6096,13609,6540,7069,11907,5648,6259,6804,3320,3484,1701,829,872,
42540,6806,3287,3519,11909,5813,6096,13610,6540,7070,11909,5649,6260,6804,3320,3484,1701,829,872,
42545,6807,3288,3519,11911,5814,6097,13613,6542,7071,11910,5650,6260,6805,3321,3484,1701,829,872,
42550,6807,3288,3519,11912,5815,6097,13613,6542,7071,11911,5650,6261,6805,3321,3484,1702,829,873,
42555,6808,3289,3519,11913,5815,6098,13614,6543,7071,11912,5651,6261,6807,3323,3484,1702,829,873,
42560,6809,3289,3520,11915,5816,6099,13617,6546,7071,11914,5652,6262,6808,3323,3485,1702,829,873,
42565,6810,3289,3521,11916,5817,6099,13618,6546,7072,11916,5654,6262,6808,3323,3485,1702,829,873,
42570,6811,3289,3522,11918,5819,6099,13621,6546,7075,11917,5655,6262,6809,3323,3486,1702,829,873,
42575,6811,3289,3522,11919,5819,6100,13621,6546,7075,11918,5655,6263,6809,3323,3486,1703,830,873,
42580,6812,3289,3523,11920,5819,6101,13622,6546,7076,11919,5655,6264,6811,3325,3486,1703,830,873,
42585,6813,3289,3524,11922,5820,6102,13625,6549,7076,11921,5656,6265,6812,3326,3486,1703,830,873,
42590,6814,3290,3524,11923,5821,6102,13626,6550,7076,11923,5656,6267,6812,3326,3486,1703,830,873,
42595,6815,3290,3525,11925,5822,6103,13629,6553,7076,11924,5656,6268,6813,3326,3487,1703,830,873,
42600,6815,3290,3525,11926,5822,6104,13629,6553,7076,11925,5657,6268,6813,3326,3487,1704,831,873,
42605,6816,3290,3526,11927,5823,6104,13630,6553,7077,11926,5657,6269,6815,3328,3487,1704,831,873,
42610,6817,3291,3526,11929,5823,6106,13633,6553,7080,11928,5657,6271,6816,3328,3488,1704,831,873,
42615,6818,3292,3526,11930,5824,6106,13634,6554,7080,11930,5658,6272,6816,3328,3488,1704,831,873,
42620,6819,3293,3526,11932,5826,6106,13637,6556,7081,11931,5658,6273,6817,3328,3489,1704,831,873,
42625,6819,3293,3526,11933,5827,6106,13637,6556,7081,11932,5659,6273,6817,3328,3489,1705,832,873,
42630,6820,3293,3527,11934,5827,6107,13638,6557,7081,11933,5660,6273,6819,3329,3490,1705,832,873,
42635,6821,3293,3528,11936,5827,6109,13641,6558,7083,11935,5661,6274,6820,3330,3490,1705,832,873,
42640,6822,3294,3528,11937,5827,6110,13642,6559,7083,11937,5662,6275,6820,3330,3490,1705,832,873,
42645,6823,3294,3529,11939,5828,6111,13645,6560,7085,11938,5663,6275,6821,3330,3491,1705,832,873,
42650,6823,3294,3529,11940,5829,6111,13645,6560,7085,11939,5663,6276,6821,3330,3491,1706,832,874,
42655,6824,3294,3530,11941,5830,6111,13646,6561,7085,11940,5663,6277,6823,3332,3491,1706,832,874,
42660,6825,3295,3530,11943,5831,6112,13649,6563,7086,11942,5664,6278,6824,3332,3492,1706,832,874,
42665,6826,3296,3530,11944,5832,6112,13650,6564,7086,11944,5666,6278,6824,3332,3492,1706,832,874,
42670,6827,3296,3531,11946,5833,6113,13653,6565,7088,11945,5666,6279,6825,3333,3492,1706,832,874,
42675,6827,3296,3531,11947,5834,6113,13653,6565,7088,11946,5667,6279,6825,3333,3492,1707,833,874,
42680,6828,3296,3532,11948,5834,6114,13654,6565,7089,11947,5667,6280,6827,3335,3492,1707,833,874,
42685,6829,3296,3533,11950,5836,6114,13657,6565,7092,11949,5668,6281,6828,3336,3492,1707,833,874,
42690,6830,3296,3534,11951,5837,6114,13658,6565,7093,11951,5669,6282,6828,3336,3492,1707,833,874,
42695,6831,3296,3535,11953,5837,6116,13661,6567,7094,11952,5669,6283,6829,3336,3493,1707,833,874,
42700,6831,3296,3535,11954,5838,6116,13661,6567,7094,11953,5669,6284,6829,3336,3493,1708,833,875,
42705,6832,3297,3535,11955,5839,6116,13662,6568,7094,11954,5669,6285,6831,3337,3494,1708,833,875,
42710,6833,3298,3535,11957,5841,6116,13665,6568,7097,11956,5670,6286,6832,3337,3495,1708,833,875,
42715,6834,3298,3536,11958,5842,6116,13666,6568,7098,11958,5671,6287,6832,3337,3495,1708,833,875,
42720,6835,3298,3537,11960,5843,6117,13669,6570,7099,11959,5671,6288,6833,3338,3495,1708,833,875,
42725,6835,3298,3537,11961,5843,6118,13669,6570,7099,11960,5671,6289,6833,3338,3495,1709,833,876,
42730,6836,3298,3538,11962,5843,6119,13670,6571,7099,11961,5671,6290,6835,3338,3497,1709,833,876,
42735,6837,3298,3539,11964,5844,6120,13673,6573,7100,11963,5673,6290,6836,3338,3498,1709,833,876,
42740,6838,3298,3540,11965,5845,6120,13674,6574,7100,11965,5673,6292,6836,3338,3498,1709,833,876,
42745,6839,3299,3540,11967,5846,6121,13677,6576,7101,11966,5674,6292,6837,3338,3499,1709,833,876,
42750,6839,3299,3540,11968,5847,6121,13677,6576,7101,11967,5674,6293,6837,3338,3499,1710,833,877,
42755,6840,3300,3540,11969,5848,6121,13678,6577,7101,11968,5675,6293,6839,3340,3499,1710,833,877,
42760,6841,3300,3541,11971,5848,6123,13681,6578,7103,11970,5676,6294,6840,3340,3500,1710,833,877,
42765,6842,3301,3541,11972,5848,6124,13682,6579,7103,11972,5677,6295,6840,3340,3500,1710,833,877,
42770,6843,3302,3541,11974,5849,6125,13685,6580,7105,11973,5678,6295,6841,3341,3500,1710,833,877,
42775,6843,3302,3541,11975,5850,6125,13685,6580,7105,11974,5679,6295,6841,3341,3500,1711,833,878,
42780,6844,3302,3542,11976,5851,6125,13686,6581,7105,11975,5679,6296,6843,3343,3500,1711,833,878,
42785,6845,3303,3542,11978,5852,6126,13689,6583,7106,11977,5681,6296,6844,3344,3500,1711,833,878,
42790,6846,3304,3542,11979,5852,6127,13690,6584,7106,11979,5682,6297,6844,3344,3500,1711,833,878,
42795,6847,3304,3543,11981,5853,6128,13693,6585,7108,11980,5683,6297,6845,3345,3500,1711,833,878,
42800,6847,3304,3543,11982,5854,6128,13693,6585,7108,11981,5683,6298,6845,3345,3500,1712,834,878,
42805,6848,3304,3544,11983,5854,6129,13694,6585,7109,11982,5684,6298,6847,3346,3501,1712,834,878,
42810,6849,3305,3544,11985,5855,6130,13697,6586,7111,11984,5685,6299,6848,3346,3502,1712,834,878,
42815,6850,3305,3545,11986,5855,6131,13698,6587,7111,11986,5686,6300,6848,3346,3502,1712,834,878,
42820,6851,3305,3546,11988,5856,6132,13701,6589,7112,11987,5686,6301,6849,3346,3503,1712,834,878,
42825,6851,3305,3546,11989,5857,6132,13701,6589,7112,11988,5687,6301,6849,3346,3503,1713,834,879,
42830,6852,3306,3546,11990,5857,6133,13702,6590,7112,11989,5687,6302,6851,3348,3503,1713,834,879,
42835,6853,3306,3547,11992,5858,6134,13705,6591,7114,11991,5688,6303,6852,3349,3503,1713,834,879,
42840,6854,3307,3547,11993,5859,6134,13706,6592,7114,11993,5688,6305,6852,3349,3503,1713,834,879,
42845,6855,3307,3548,11995,5860,6135,13709,6594,7115,11994,5688,6306,6853,3349,3504,1713,834,879,
42850,6855,3307,3548,11996,5861,6135,13709,6594,7115,11995,5689,6306,6853,3349,3504,1714,834,880,
42855,6856,3308,3548,11997,5861,6136,13710,6594,7116,11996,5690,6306,6855,3349,3506,1714,834,880,
42860,6857,3308,3549,11999,5862,6137,13713,6595,7118,11998,5691,6307,6856,3349,3507,1714,834,880,
42865,6858,3308,3550,12000,5863,6137,13714,6595,7119,12000,5691,6309,6856,3349,3507,1714,834,880,
42870,6859,3308,3551,12002,5863,6139,13717,6597,7120,12001,5692,6309,6857,3350,3507,1714,834,880,
42875,6859,3308,3551,12003,5863,6140,13717,6597,7120,12002,5692,6310,6857,3350,3507,1715,834,881,
42880,6860,3309,3551,12004,5864,6140,13718,6597,7121,12003,5693,6310,6859,3351,3508,1715,834,881,
42885,6861,3310,3551,12006,5865,6141,13721,6597,7124,12005,5694,6311,6860,3352,3508,1715,834,881,
42890,6862,3310,3552,12007,5865,6142,13722,6598,7124,12007,5695,6312,6860,3352,3508,1715,834,881,
42895,6863,3310,3553,12009,5866,6143,13725,6600,7125,12008,5695,6313,6861,3352,3509,1715,834,881,
42900,6863,3310,3553,12010,5867,6143,13725,6600,7125,12009,5695,6314,6861,3352,3509,1716,834,882,
42905,6864,3310,3554,12011,5867,6144,13726,6600,7126,12010,5695,6315,6863,3352,3511,1716,834,882,
42910,6865,3311,3554,12013,5869,6144,13729,6602,7127,12012,5695,6317,6864,3353,3511,1716,834,882,
42915,6866,3311,3555,12014,5870,6144,13730,6603,7127,12014,5695,6319,6864,3353,3511,1716,834,882,
42920,6867,3311,3556,12016,5871,6145,13733,6605,7128,12015,5696,6319,6865,3354,3511,1716,834,882,
42925,6867,3311,3556,12017,5872,6145,13733,6605,7128,12016,5697,6319,6865,3354,3511,1717,835,882,
42930,6868,3312,3556,12018,5872,6146,13734,6606,7128,12017,5698,6319,6867,3355,3512,1717,835,882,
42935,6869,3313,3556,12020,5872,6148,13737,6608,7129,12019,5699,6320,6868,3356,3512,1717,835,882,
42940,6870,3313,3557,12021,5873,6148,13738,6609,7129,12021,5700,6321,6868,3356,3512,1717,835,882,
42945,6871,3314,3557,12023,5874,6149,13741,6610,7131,12022,5700,6322,6869,3357,3512,1717,835,882,
42950,6871,3314,3557,12024,5874,6150,13741,6610,7131,12023,5700,6323,6869,3357,3512,1718,836,882,
42955,6872,3314,3558,12025,5875,6150,13742,6610,7132,12024,5701,6323,6871,3358,3513,1718,836,882,
42960,6873,3315,3558,12027,5876,6151,13745,6611,7134,12026,5703,6323,6872,3358,3514,1718,836,882,
42965,6874,3315,3559,12028,5877,6151,13746,6611,7135,12028,5704,6324,6872,3358,3514,1718,836,882,
42970,6875,3315,3560,12030,5879,6151,13749,6612,7137,12029,5705,6324,6873,3359,3514,1718,836,882,
42975,6875,3315,3560,12031,5879,6152,13749,6612,7137,12030,5705,6325,6873,3359,3514,1719,837,882,
42980,6876,3315,3561,12032,5879,6153,13750,6612,7138,12031,5705,6326,6875,3361,3514,1719,837,882,
42985,6877,3315,3562,12034,5879,6155,13753,6614,7139,12033,5705,6328,6876,3362,3514,1719,837,882,
42990,6878,3315,3563,12035,5880,6155,13754,6614,7140,12035,5706,6329,6876,3362,3514,1719,837,882,
42995,6879,3316,3563,12037,5880,6157,13757,6616,7141,12036,5706,6330,6877,3363,3514,1719,837,882,
43000,6879,3316,3563,12038,5881,6157,13757,6616,7141,12037,5707,6330,6877,3363,3514,1720,838,882,
43005,6880,3316,3564,12039,5882,6157,13758,6616,7142,12038,5708,6330,6879,3365,3514,1720,838,882,
43010,6881,3316,3565,12041,5883,6158,13761,6617,7144,12040,5709,6331,6880,3366,3514,1720,838,882,
43015,6882,3316,3566,12042,5884,6158,13762,6618,7144,12042,5710,6332,6880,3366,3514,1720,838,882,
43020,6883,3316,3567,12044,5886,6158,13765,6620,7145,12043,5711,6332,6881,3366,3515,1720,838,882,
43025,6883,3316,3567,12045,5887,6158,13765,6620,7145,12044,5711,6333,6881,3366,3515,1721,839,882,
43030,6884,3317,3567,12046,5888,6158,13766,6621,7145,12045,5711,6334,6883,3367,3516,1721,839,882,
43035,6885,3318,3567,12048,5889,6159,13769,6623,7146,12047,5712,6335,6884,3367,3517,1721,839,882,
43040,6886,3318,3568,12049,5889,6160,13770,6623,7147,12049,5713,6336,6884,3367,3517,1721,839,882,
43045,6887,3318,3569,12051,5891,6160,13773,6624,7149,12050,5714,6336,6885,3367,3518,1721,839,882,
43050,6887,3318,3569,12052,5891,6161,13773,6624,7149,12051,5715,6336,6885,3367,3518,1722,840,882,
43055,6888,3318,3570,12053,5891,6162,13774,6625,7149,12052,5716,6336,6887,3368,3519,1722,840,882,
43060,6889,3318,3571,12055,5892,6163,13777,6625,7152,12054,5717,6337,6888,3369,3519,1722,840,882,
43065,6890,3318,3572,12056,5892,6164,13778,6625,7153,12056,5718,6338,6888,3369,3519,1722,840,882,
43070,6891,3318,3573,12058,5893,6165,13781,6625,7156,12057,5718,6339,6889,3369,3520,1722,840,882,
43075,6891,3318,3573,12059,5894,6165,13781,6625,7156,12058,5718,6340,6889,3369,3520,1723,841,882,
43080,6892,3318,3574,12060,5894,6166,13782,6626,7156,12059,5718,6341,6891,3370,3521,1723,841,882,
43085,6893,3318,3575,12062,5895,6167,13785,6628,7157,12061,5719,6342,6892,3371,3521,1723,841,882,
43090,6894,3318,3576,12063,5895,6168,13786,6628,7158,12063,5719,6344,6892,3371,3521,1723,841,882,
43095,6895,3319,3576,12065,5895,6170,13789,6628,7161,12064,5719,6345,6893,3372,3521,1723,841,882,
43100,6895,3319,3576,12066,5895,6171,13789,6628,7161,12065,5719,6346,6893,3372,3521,1724,841,883,
43105,6896,3319,3577,12067,5896,6171,13790,6629,7161,12066,5720,6346,6895,3372,3523,1724,841,883,
43110,6897,3320,3577,12069,5898,6171,13793,6631,7162,12068,5721,6347,6896,3373,3523,1724,841,883,
43115,6898,3321,3577,12070,5898,6172,13794,6631,7163,12070,5721,6349,6896,3373,3523,1724,841,883,
43120,6899,3322,3577,12072,5899,6173,13797,6632,7165,12071,5722,6349,6897,3374,3523,1724,841,883,
43125,6899,3322,3577,12073,5899,6174,13797,6632,7165,12072,5723,6349,6897,3374,3523,1725,841,884,
43130,6900,3322,3578,12074,5900,6174,13798,6633,7165,12073,5724,6349,6899,3375,3524,1725,841,884,
43135,6901,3322,3579,12076,5902,6174,13801,6633,7168,12075,5725,6350,6900,3376,3524,1725,841,884,
43140,6902,3323,3579,12077,5902,6175,13802,6633,7169,12077,5726,6351,6900,3376,3524,1725,841,884,
43145,6903,3324,3579,12079,5903,6176,13805,6636,7169,12078,5727,6351,6901,3377,3524,1725,841,884,
43150,6903,3324,3579,12080,5904,6176,13805,6636,7169,12079,5728,6351,6901,3377,3524,1726,841,885,
43155,6904,3325,3579,12081,5905,6176,13806,6637,7169,12080,5729,6351,6903,3378,3525,1726,841,885,
43160,6905,3325,3580,12083,5906,6177,13809,6639,7170,12082,5729,6353,6904,3378,3526,1726,841,885,
43165,6906,3326,3580,12084,5907,6177,13810,6640,7170,12084,5729,6355,6904,3378,3526,1726,841,885,
43170,6907,3326,3581,12086,5908,6178,13813,6642,7171,12085,5729,6356,6905,3379,3526,1726,841,885,
43175,6907,3326,3581,12087,5909,6178,13813,6642,7171,12086,5730,6356,6905,3379,3526,1727,841,886,
43180,6908,3326,3582,12088,5909,6179,13814,6642,7172,12087,5730,6357,6907,3380,3527,1727,841,886,
43185,6909,3326,3583,12090,5910,6180,13817,6643,7174,12089,5732,6357,6908,3381,3527,1727,841,886,
43190,6910,3326,3584,12091,5910,6181,13818,6644,7174,12091,5733,6358,6908,3381,3527,1727,841,886,
43195,6911,3326,3585,12093,5912,6181,13821,6645,7176,12092,5734,6358,6909,3382,3527,1727,841,886,
43200,6911,3326,3585,12094,5912,6182,13821,6645,7176,12093,5734,6359,6909,3382,3527,1728,842,886,
43205,6912,3326,3586,12095,5913,6182,13822,6646,7176,12094,5735,6359,6911,3384,3527,1728,842,886,
43210,6913,3326,3587,12097,5914,6183,13825,6649,7176,12096,5736,6360,6912,3384,3528,1728,842,886,
43215,6914,3326,3588,12098,5915,6183,13826,6649,7177,12098,5737,6361,6912,3384,3528,1728,842,886,
43220,6915,3326,3589,12100,5917,6183,13829,6649,7180,12099,5738,6361,6913,3385,3528,1728,842,886,
43225,6915,3326,3589,12101,5917,6184,13829,6649,7180,12100,5739,6361,6913,3385,3528,1729,842,887,
43230,6916,3326,3590,12102,5917,6185,13830,6649,7181,12101,5740,6361,6915,3385,3530,1729,842,887,
43235,6917,3326,3591,12104,5917,6187,13833,6650,7183,12103,5740,6363,6916,3386,3530,1729,842,887,
43240,6918,3326,3592,12105,5917,6188,13834,6651,7183,12105,5741,6364,6916,3386,3530,1729,842,887,
43245,6919,3327,3592,12107,5919,6188,13837,6652,7185,12106,5742,6364,6917,3386,3531,1729,842,887,
43250,6919,3327,3592,12108,5920,6188,13837,6652,7185,12107,5742,6365,6917,3386,3531,1730,842,888,
43255,6920,3327,3593,12109,5920,6189,13838,6652,7186,12108,5742,6366,6919,3386,3533,1730,842,888,
43260,6921,3327,3594,12111,5920,6191,13841,6653,7188,12110,5743,6367,6920,3386,3534,1730,842,888,
43265,6922,3327,3595,12112,5921,6191,13842,6654,7188,12112,5745,6367,6920,3386,3534,1730,842,888,
43270,6923,3328,3595,12114,5923,6191,13845,6656,7189,12113,5746,6367,6921,3387,3534,1730,842,888,
43275,6923,3328,3595,12115,5924,6191,13845,6656,7189,12114,5747,6367,6921,3387,3534,1731,843,888,
43280,6924,3329,3595,12116,5925,6191,13846,6657,7189,12115,5748,6367,6923,3388,3535,1731,843,888,
43285,6925,3329,3596,12118,5926,6192,13849,6657,7192,12117,5748,6369,6924,3388,3536,1731,843,888,
43290,6926,3330,3596,12119,5927,6192,13850,6657,7193,12119,5749,6370,6924,3388,3536,1731,843,888,
43295,6927,3331,3596,12121,5929,6192,13853,6657,7196,12120,5750,6370,6925,3389,3536,1731,843,888,
43300,6927,3331,3596,12122,5930,6192,13853,6657,7196,12121,5750,6371,6925,3389,3536,1732,843,889,
43305,6928,3331,3597,12123,5930,6193,13854,6657,7197,12122,5751,6371,6927,3391,3536,1732,843,889,
43310,6929,3332,3597,12125,5931,6194,13857,6660,7197,12124,5752,6372,6928,3392,3536,1732,843,889,
43315,6930,3333,3597,12126,5932,6194,13858,6660,7198,12126,5753,6373,6928,3392,3536,1732,843,889,
43320,6931,3333,3598,12128,5932,6196,13861,6661,7200,12127,5754,6373,6929,3393,3536,1732,843,889,
43325,6931,3333,3598,12129,5933,6196,13861,6661,7200,12128,5754,6374,6929,3393,3536,1733,844,889,
43330,6932,3334,3598,12130,5934,6196,13862,6662,7200,12129,5755,6374,6931,3393,3538,1733,844,889,
43335,6933,3335,3598,12132,5935,6197,13865,6663,7202,12131,5756,6375,6932,3394,3538,1733,844,889,
43340,6934,3336,3598,12133,5936,6197,13866,6663,7203,12133,5757,6376,6932,3394,3538,1733,844,889,
43345,6935,3337,3598,12135,5938,6197,13869,6665,7204,12134,5757,6377,6933,3395,3538,1733,844,889,
43350,6935,3337,3598,12136,5938,6198,13869,6665,7204,12135,5758,6377,6933,3395,3538,1734,845,889,
43355,6936,3338,3598,12137,5938,6199,13870,6665,7205,12136,5759,6377,6935,3396,3539,1734,845,889,
43360,6937,3339,3598,12139,5940,6199,13873,6667,7206,12138,5760,6378,6936,3397,3539,1734,845,889,
43365,6938,3339,3599,12140,5940,6200,13874,6668,7206,12140,5761,6379,6936,3397,3539,1734,845,889,
43370,6939,3340,3599,12142,5942,6200,13877,6668,7209,12141,5761,6380,6937,3397,3540,1734,845,889,
43375,6939,3340,3599,12143,5943,6200,13877,6668,7209,12142,5761,6381,6937,3397,3540,1735,846,889,
43380,6940,3341,3599,12144,5944,6200,13878,6669,7209,12143,5761,6382,6939,3399,3540,1735,846,889,
43385,6941,3341,3600,12146,5944,6202,13881,6671,7210,12145,5762,6383,6940,3400,3540,1735,846,889,
43390,6942,3341,3601,12147,5944,6203,13882,6671,7211,12147,5763,6384,6940,3400,3540,1735,846,889,
43395,6943,3342,3601,12149,5945,6204,13885,6672,7213,12148,5763,6385,6941,3401,3540,1735,846,889,
43400,6943,3342,3601,12150,5946,6204,13885,6672,7213,12149,5764,6385,6941,3401,3540,1736,847,889,
43405,6944,3343,3601,12151,5947,6204,13886,6672,7214,12150,5765,6385,6943,3401,3542,1736,847,889,
43410,6945,3344,3601,12153,5948,6205,13889,6672,7217,12152,5767,6385,6944,3401,3543,1736,847,889,
43415,6946,3345,3601,12154,5948,6206,13890,6672,7218,12154,5768,6386,6944,3401,3543,1736,847,889,
43420,6947,3346,3601,12156,5949,6207,13893,6673,7220,12155,5768,6387,6945,3401,3544,1736,847,889,
43425,6947,3346,3601,12157,5949,6208,13893,6673,7220,12156,5768,6388,6945,3401,3544,1737,847,890,
43430,6948,3346,3602,12158,5949,6209,13894,6674,7220,12157,5768,6389,6947,3402,3545,1737,847,890,
43435,6949,3347,3602,12160,5949,6211,13897,6675,7222,12159,5770,6389,6948,3402,3546,1737,847,890,
43440,6950,3347,3603,12161,5950,6211,13898,6675,7223,12161,5772,6389,6948,3402,3546,1737,847,890,
43445,6951,3348,3603,12163,5950,6213,13901,6678,7223,12162,5773,6389,6949,3403,3546,1737,847,890,
43450,6951,3348,3603,12164,5950,6214,13901,6678,7223,12163,5773,6390,6949,3403,3546,1738,848,890,
43455,6952,3348,3604,12165,5950,6215,13902,6679,7223,12164,5774,6390,6951,3404,3547,1738,848,890,
43460,6953,3348,3605,12167,5951,6216,13905,6680,7225,12166,5775,6391,6952,3405,3547,1738,848,890,
43465,6954,3348,3606,12168,5952,6216,13906,6681,7225,12168,5777,6391,6952,3405,3547,1738,848,890,
43470,6955,3348,3607,12170,5953,6217,13909,6683,7226,12169,5777,6392,6953,3405,3548,1738,848,890,
43475,6955,3348,3607,12171,5953,6218,13909,6683,7226,12170,5778,6392,6953,3405,3548,1739,848,891,
43480,6956,3349,3607,12172,5953,6219,13910,6684,7226,12171,5778,6393,6955,3405,3550,1739,848,891,
43485,6957,3350,3607,12174,5954,6220,13913,6685,7228,12173,5778,6395,6956,3405,3551,1739,848,891,
43490,6958,3350,3608,12175,5954,6221,13914,6685,7229,12175,5779,6396,6956,3405,3551,1739,848,891,
43495,6959,3350,3609,12177,5955,6222,13917,6687,7230,12176,5780,6396,6957,3405,3552,1739,848,891,
43500,6959,3350,3609,12178,5955,6223,13917,6687,7230,12177,5780,6397,6957,3405,3552,1740,848,892,
43505,6960,3350,3610,12179,5956,6223,13918,6688,7230,12178,5780,6398,6959,3406,3553,1740,848,892,
43510,6961,3350,3611,12181,5958,6223,13921,6689,7232,12180,5781,6399,6960,3406,3554,1740,848,892,
43515,6962,3350,3612,12182,5958,6224,13922,6689,7233,12182,5782,6400,6960,3406,3554,1740,848,892,
43520,6963,3351,3612,12184,5958,6226,13925,6691,7234,12183,5783,6400,6961,3406,3555,1740,848,892,
43525,6963,3351,3612,12185,5959,6226,13925,6691,7234,12184,5783,6401,6961,3406,3555,1741,849,892,
43530,6964,3351,3613,12186,5959,6227,13926,6692,7234,12185,5783,6402,6963,3407,3556,1741,849,892,
43535,6965,3351,3614,12188,5959,6229,13929,6693,7236,12187,5783,6404,6964,3407,3557,1741,849,892,
43540,6966,3351,3615,12189,5959,6230,13930,6694,7236,12189,5784,6405,6964,3407,3557,1741,849,892,
43545,6967,3352,3615,12191,5960,6231,13933,6695,7238,12190,5784,6406,6965,3407,3558,1741,849,892,
43550,6967,3352,3615,12192,5960,6232,13933,6695,7238,12191,5785,6406,6965,3407,3558,1742,849,893,
43555,6968,3353,3615,12193,5961,6232,13934,6696,7238,12192,5785,6407,6967,3408,3559,1742,849,893,
43560,6969,3354,3615,12195,5961,6234,13937,6698,7239,12194,5785,6409,6968,3409,3559,1742,849,893,
43565,6970,3354,3616,12196,5961,6235,13938,6698,7240,12196,5786,6410,6968,3409,3559,1742,849,893,
43570,6971,3355,3616,12198,5962,6236,13941,6701,7240,12197,5786,6411,6969,3409,3560,1742,849,893,
43575,6971,3355,3616,12199,5962,6237,13941,6701,7240,12198,5787,6411,6969,3409,3560,1743,850,893,
43580,6972,3356,3616,12200,5963,6237,13942,6701,7241,12199,5787,6412,6971,3409,3562,1743,850,893,
43585,6973,3356,3617,12202,5964,6238,13945,6702,7243,12201,5787,6414,6972,3409,3563,1743,850,893,
43590,6974,3357,3617,12203,5964,6239,13946,6702,7244,12203,5789,6414,6972,3409,3563,1743,850,893,
43595,6975,3358,3617,12205,5964,6241,13949,6703,7246,12204,5790,6414,6973,3409,3564,1743,850,893,
43600,6975,3358,3617,12206,5965,6241,13949,6703,7246,12205,5791,6414,6973,3409,3564,1744,850,894,
43605,6976,3358,3618,12207,5966,6241,13950,6703,7247,12206,5791,6415,6975,3411,3564,1744,850,894,
43610,6977,3359,3618,12209,5967,6242,13953,6704,7249,12208,5793,6415,6976,3411,3565,1744,850,894,
43615,6978,3359,3619,12210,5968,6242,13954,6705,7249,12210,5794,6416,6976,3411,3565,1744,850,894,
43620,6979,3359,3620,12212,5969,6243,13957,6707,7250,12211,5795,6416,6977,3412,3565,1744,850,894,
43625,6979,3359,3620,12213,5969,6244,13957,6707,7250,12212,5796,6416,6977,3412,3565,1745,851,894,
43630,6980,3360,3620,12214,5969,6245,13958,6708,7250,12213,5797,6416,6979,3413,3566,1745,851,894,
43635,6981,3361,3620,12216,5969,6247,13961,6710,7251,12215,5797,6418,6980,3413,3567,1745,851,894,
43640,6982,3362,3620,12217,5970,6247,13962,6710,7252,12217,5798,6419,6980,3413,3567,1745,851,894,
43645,6983,3363,3620,12219,5970,6249,13965,6712,7253,12218,5798,6420,6981,3413,3568,1745,851,894,
43650,6983,3363,3620,12220,5970,6250,13965,6712,7253,12219,5799,6420,6981,3413,3568,1746,852,894,
43655,6984,3364,3620,12221,5970,6251,13966,6713,7253,12220,5799,6421,6983,3415,3568,1746,852,894,
43660,6985,3365,3620,12223,5970,6253,13969,6715,7254,12222,5800,6422,6984,3415,3569,1746,852,894,
43665,6986,3365,3621,12224,5970,6254,13970,6716,7254,12224,5801,6423,6984,3415,3569,1746,852,894,
43670,6987,3365,3622,12226,5970,6256,13973,6717,7256,12225,5802,6423,6985,3416,3569,1746,852,894,
43675,6987,3365,3622,12227,5970,6257,13973,6717,7256,12226,5802,6424,6985,3416,3569,1747,853,894,
43680,6988,3365,3623,12228,5971,6257,13974,6717,7257,12227,5802,6425,6987,3418,3569,1747,853,894,
43685,6989,3366,3623,12230,5972,6258,13977,6719,7258,12229,5803,6426,6988,3418,3570,1747,853,894,
43690,6990,3367,3623,12231,5973,6258,13978,6720,7258,12231,5803,6428,6988,3418,3570,1747,853,894,
43695,6991,3368,3623,12233,5974,6259,13981,6723,7258,12232,5803,6429,6989,3418,3571,1747,853,894,
43700,6991,3368,3623,12234,5974,6260,13981,6723,7258,12233,5804,6429,6989,3418,3571,1748,853,895,
43705,6992,3368,3624,12235,5974,6261,13982,6723,7259,12234,5804,6430,6991,3419,3572,1748,853,895,
43710,6993,3369,3624,12237,5975,6262,13985,6723,7262,12236,5805,6431,6992,3419,3573,1748,853,895,
43715,6994,3370,3624,12238,5976,6262,13986,6724,7262,12238,5806,6432,6992,3419,3573,1748,853,895,
43720,6995,3371,3624,12240,5978,6262,13989,6725,7264,12239,5806,6433,6993,3419,3574,1748,853,895,
43725,6995,3371,3624,12241,5979,6262,13989,6725,7264,12240,5807,6433,6993,3419,3574,1749,853,896,
43730,6996,3371,3625,12242,5980,6262,13990,6726,7264,12241,5808,6433,6995,3420,3575,1749,853,896,
43735,6997,3372,3625,12244,5981,6263,13993,6727,7266,12243,5809,6434,6996,3421,3575,1749,853,896,
43740,6998,3373,3625,12245,5981,6264,13994,6727,7267,12245,5810,6435,6996,3421,3575,1749,853,896,
43745,6999,3373,3626,12247,5982,6265,13997,6727,7270,12246,5811,6435,6997,3421,3576,1749,853,896,
43750,6999,3373,3626,12248,5982,6266,13997,6727,7270,12247,5811,6436,6997,3421,3576,1750,854,896,
43755,7000,3373,3627,12249,5982,6267,13998,6727,7271,12248,5812,6436,6999,3421,3578,1750,854,896,
43760,7001,3374,3627,12251,5982,6269,14001,6729,7272,12250,5813,6437,7000,3422,3578,1750,854,896,
43765,7002,3374,3628,12252,5983,6269,14002,6730,7272,12252,5813,6439,7000,3422,3578,1750,854,896,
43770,7003,3375,3628,12254,5984,6270,14005,6732,7273,12253,5813,6440,7001,3423,3578,1750,854,896,
43775,7003,3375,3628,12255,5984,6271,14005,6732,7273,12254,5813,6441,7001,3423,3578,1751,855,896,
43780,7004,3376,3628,12256,5984,6272,14006,6733,7273,12255,5813,6442,7003,3423,3580,1751,855,896,
43785,7005,3376,3629,12258,5984,6274,14009,6736,7273,12257,5814,6443,7004,3424,3580,1751,855,896,
43790,7006,3377,3629,12259,5985,6274,14010,6736,7274,12259,5814,6445,7004,3424,3580,1751,855,896,
43795,7007,3377,3630,12261,5985,6276,14013,6737,7276,12260,5815,6445,7005,3424,3581,1751,855,896,
43800,7007,3377,3630,12262,5986,6276,14013,6737,7276,12261,5816,6445,7005,3424,3581,1752,855,897,
43805,7008,3377,3631,12263,5987,6276,14014,6738,7276,12262,5816,6446,7007,3425,3582,1752,855,897,
43810,7009,3378,3631,12265,5988,6277,14017,6739,7278,12264,5816,6448,7008,3426,3582,1752,855,897,
43815,7010,3378,3632,12266,5988,6278,14018,6739,7279,12266,5817,6449,7008,3426,3582,1752,855,897,
43820,7011,3378,3633,12268,5989,6279,14021,6740,7281,12267,5818,6449,7009,3427,3582,1752,855,897,
43825,7011,3378,3633,12269,5989,6280,14021,6740,7281,12268,5818,6450,7009,3427,3582,1753,855,898,
43830,7012,3378,3634,12270,5989,6281,14022,6741,7281,12269,5818,6451,7011,3429,3582,1753,855,898,
43835,7013,3379,3634,12272,5990,6282,14025,6742,7283,12271,5820,6451,7012,3429,3583,1753,855,898,
43840,7014,3380,3634,12273,5991,6282,14026,6743,7283,12273,5822,6451,7012,3429,3583,1753,855,898,
43845,7015,3380,3635,12275,5992,6283,14029,6744,7285,12274,5823,6451,7013,3429,3584,1753,855,898,
43850,7015,3380,3635,12276,5992,6284,14029,6744,7285,12275,5823,6452,7013,3429,3584,1754,855,899,
43855,7016,3380,3636,12277,5992,6285,14030,6744,7286,12276,5823,6453,7015,3430,3585,1754,855,899,
43860,7017,3380,3637,12279,5993,6286,14033,6746,7287,12278,5824,6454,7016,3431,3585,1754,855,899,
43865,7018,3380,3638,12280,5994,6286,14034,6746,7288,12280,5825,6455,7016,3431,3585,1754,855,899,
43870,7019,3380,3639,12282,5995,6287,14037,6748,7289,12281,5825,6456,7017,3431,3586,1754,855,899,
43875,7019,3380,3639,12283,5995,6288,14037,6748,7289,12282,5825,6457,7017,3431,3586,1755,855,900,
43880,7020,3381,3639,12284,5996,6288,14038,6748,7290,12283,5826,6457,7019,3431,3588,1755,855,900,
43885,7021,3381,3640,12286,5997,6289,14041,6751,7290,12285,5827,6458,7020,3432,3588,1755,855,900,
43890,7022,3381,3641,12287,5997,6290,14042,6751,7291,12287,5827,6460,7020,3432,3588,1755,855,900,
43895,7023,3381,3642,12289,5997,6292,14045,6753,7292,12288,5828,6460,7021,3432,3589,1755,855,900,
43900,7023,3381,3642,12290,5998,6292,14045,6753,7292,12289,5828,6461,7021,3432,3589,1756,855,901,
43905,7024,3381,3643,12291,5998,6293,14046,6753,7293,12290,5828,6462,7023,3432,3591,1756,855,901,
43910,7025,3381,3644,12293,6000,6293,14049,6754,7295,12292,5830,6462,7024,3432,3592,1756,855,901,
43915,7026,3382,3644,12294,6000,6294,14050,6755,7295,12294,5832,6462,7024,3432,3592,1756,855,901,
43920,7027,3383,3644,12296,6001,6295,14053,6757,7296,12295,5832,6463,7025,3432,3593,1756,855,901,
43925,7027,3383,3644,12297,6002,6295,14053,6757,7296,12296,5833,6463,7025,3432,3593,1757,855,902,
43930,7028,3384,3644,12298,6002,6296,14054,6757,7297,12297,5833,6464,7027,3433,3594,1757,855,902,
43935,7029,3385,3644,12300,6002,6298,14057,6759,7298,12299,5835,6464,7028,3434,3594,1757,855,902,
43940,7030,3386,3644,12301,6002,6299,14058,6760,7298,12301,5835,6466,7028,3434,3594,1757,855,902,
43945,7031,3387,3644,12303,6004,6299,14061,6763,7298,12302,5836,6466,7029,3435,3594,1757,855,902,
43950,7031,3387,3644,12304,6004,6300,14061,6763,7298,12303,5837,6466,7029,3435,3594,1758,855,903,
43955,7032,3387,3645,12305,6004,6301,14062,6763,7299,12304,5837,6467,7031,3435,3596,1758,855,903,
43960,7033,3387,3646,12307,6005,6302,14065,6764,7301,12306,5839,6467,7032,3435,3597,1758,855,903,
43965,7034,3388,3646,12308,6005,6303,14066,6764,7302,12308,5840,6468,7032,3435,3597,1758,855,903,
43970,7035,3388,3647,12310,6006,6304,14069,6765,7304,12309,5841,6468,7033,3436,3597,1758,855,903,
43975,7035,3388,3647,12311,6006,6305,14069,6765,7304,12310,5842,6468,7033,3436,3597,1759,856,903,
43980,7036,3388,3648,12312,6007,6305,14070,6766,7304,12311,5843,6468,7035,3437,3598,1759,856,903,
43985,7037,3388,3649,12314,6008,6306,14073,6769,7304,12313,5844,6469,7036,3437,3599,1759,856,903,
43990,7038,3388,3650,12315,6009,6306,14074,6769,7305,12315,5844,6471,7036,3437,3599,1759,856,903,
43995,7039,3388,3651,12317,6009,6308,14077,6770,7307,12316,5844,6472,7037,3438,3599,1759,856,903,
44000,7039,3388,3651,12318,6009,6309,14077,6770,7307,12317,5845,6472,7037,3438,3599,1760,856,904,
44005,7040,3388,3652,12319,6009,6310,14078,6770,7308,12318,5846,6472,7039,3438,3601,1760,856,904,
44010,7041,3388,3653,12321,6011,6310,14081,6771,7310,12320,5847,6473,7040,3439,3601,1760,856,904,
44015,7042,3389,3653,12322,6011,6311,14082,6772,7310,12322,5847,6475,7040,3439,3601,1760,856,904,
44020,7043,3389,3654,12324,6011,6313,14085,6774,7311,12323,5847,6476,7041,3439,3602,1760,856,904,
44025,7043,3389,3654,12325,6012,6313,14085,6774,7311,12324,5847,6477,7041,3439,3602,1761,856,905,
44030,7044,3390,3654,12326,6012,6314,14086,6775,7311,12325,5848,6477,7043,3439,3604,1761,856,905,
44035,7045,3391,3654,12328,6012,6316,14089,6778,7311,12327,5849,6478,7044,3440,3604,1761,856,905,
44040,7046,3392,3654,12329,6012,6317,14090,6778,7312,12329,5850,6479,7044,3440,3604,1761,856,905,
44045,7047,3392,3655,12331,6013,6318,14093,6779,7314,12330,5851,6479,7045,3441,3604,1761,856,905,
44050,7047,3392,3655,12332,6013,6319,14093,6779,7314,12331,5851,6480,7045,3441,3604,1762,857,905,
44055,7048,3392,3656,12333,6013,6320,14094,6779,7315,12332,5852,6480,7047,3441,3606,1762,857,905,
44060,7049,3393,3656,12335,6015,6320,14097,6780,7317,12334,5852,6482,7048,3442,3606,1762,857,905,
44065,7050,3393,3657,12336,6015,6321,14098,6781,7317,12336,5853,6483,7048,3442,3606,1762,857,905,
44070,7051,3393,3658,12338,6015,6323,14101,6781,7320,12337,5854,6483,7049,3443,3606,1762,857,905,
44075,7051,3393,3658,12339,6016,6323,14101,6781,7320,12338,5855,6483,7049,3443,3606,1763,858,905,
44080,7052,3393,3659,12340,6016,6324,14102,6781,7321,12339,5856,6483,7051,3443,3608,1763,858,905,
44085,7053,3394,3659,12342,6018,6324,14105,6782,7323,12341,5857,6484,7052,3443,3609,1763,858,905,
44090,7054,3395,3659,12343,6018,6325,14106,6783,7323,12343,5858,6485,7052,3443,3609,1763,858,905,
44095,7055,3395,3660,12345,6018,6327,14109,6785,7324,12344,5859,6485,7053,3444,3609,1763,858,905,
44100,7055,3395,3660,12346,6018,6328,14109,6785,7324,12345,5860,6485,7053,3444,3609,1764,858,906,
44105,7056,3395,3661,12347,6019,6328,14110,6786,7324,12346,5860,6486,7055,3446,3609,1764,858,906,
44110,7057,3396,3661,12349,6021,6328,14113,6787,7326,12348,5861,6487,7056,3447,3609,1764,858,906,
44115,7058,3397,3661,12350,6022,6328,14114,6787,7327,12350,5862,6488,7056,3447,3609,1764,858,906,
44120,7059,3397,3662,12352,6023,6329,14117,6788,7329,12351,5862,6489,7057,3447,3610,1764,858,906,
44125,7059,3397,3662,12353,6024,6329,14117,6788,7329,12352,5863,6489,7057,3447,3610,1765,858,907,
44130,7060,3398,3662,12354,6024,6330,14118,6789,7329,12353,5864,6489,7059,3447,3612,1765,858,907,
44135,7061,3399,3662,12356,6024,6332,14121,6790,7331,12355,5864,6491,7060,3447,3613,1765,858,907,
44140,7062,3399,3663,12357,6025,6332,14122,6791,7331,12357,5865,6492,7060,3447,3613,1765,858,907,
44145,7063,3399,3664,12359,6027,6332,14125,6792,7333,12358,5865,6493,7061,3447,3614,1765,858,907,
44150,7063,3399,3664,12360,6028,6332,14125,6792,7333,12359,5865,6494,7061,3447,3614,1766,859,907,
44155,7064,3400,3664,12361,6028,6333,14126,6792,7334,12360,5865,6495,7063,3448,3615,1766,859,907,
44160,7065,3400,3665,12363,6029,6334,14129,6793,7336,12362,5867,6495,7064,3448,3616,1766,859,907,
44165,7066,3400,3666,12364,6030,6334,14130,6793,7337,12364,5869,6495,7064,3448,3616,1766,859,907,
44170,7067,3400,3667,12366,6032,6334,14133,6795,7338,12365,5869,6496,7065,3448,3617,1766,859,907,
44175,7067,3400,3667,12367,6032,6335,14133,6795,7338,12366,5869,6497,7065,3448,3617,1767,860,907,
44180,7068,3400,3668,12368,6032,6336,14134,6796,7338,12367,5869,6498,7067,3449,3618,1767,860,907,
44185,7069,3400,3669,12370,6032,6338,14137,6797,7340,12369,5870,6499,7068,3450,3618,1767,860,907,
44190,7070,3401,3669,12371,6032,6339,14138,6797,7341,12371,5872,6499,7068,3450,3618,1767,860,907,
44195,7071,3401,3670,12373,6033,6340,14141,6799,7342,12372,5872,6500,7069,3450,3619,1767,860,907,
44200,7071,3401,3670,12374,6033,6341,14141,6799,7342,12373,5872,6501,7069,3450,3619,1768,860,908,
44205,7072,3401,3671,12375,6033,6342,14142,6800,7342,12374,5872,6502,7071,3450,3621,1768,860,908,
44210,7073,3401,3672,12377,6033,6344,14145,6800,7345,12376,5874,6502,7072,3451,3621,1768,860,908,
44215,7074,3401,3673,12378,6034,6344,14146,6801,7345,12378,5874,6504,7072,3451,3621,1768,860,908,
44220,7075,3402,3673,12380,6035,6345,14149,6804,7345,12379,5875,6504,7073,3451,3622,1768,860,908,
44225,7075,3402,3673,12381,6035,6346,14149,6804,7345,12380,5876,6504,7073,3451,3622,1769,860,909,
44230,7076,3403,3673,12382,6036,6346,14150,6804,7346,12381,5876,6505,7075,3452,3623,1769,860,909,
44235,7077,3404,3673,12384,6037,6347,14153,6805,7348,12383,5877,6506,7076,3452,3624,1769,860,909,
44240,7078,3404,3674,12385,6038,6347,14154,6805,7349,12385,5878,6507,7076,3452,3624,1769,860,909,
44245,7079,3405,3674,12387,6038,6349,14157,6808,7349,12386,5879,6507,7077,3452,3625,1769,860,909,
44250,7079,3405,3674,12388,6038,6350,14157,6808,7349,12387,5880,6507,7077,3452,3625,1770,861,909,
44255,7080,3405,3675,12389,6038,6351,14158,6808,7350,12388,5881,6507,7079,3454,3625,1770,861,909,
44260,7081,3406,3675,12391,6039,6352,14161,6810,7351,12390,5882,6508,7080,3454,3626,1770,861,909,
44265,7082,3407,3675,12392,6040,6352,14162,6811,7351,12392,5884,6508,7080,3454,3626,1770,861,909,
44270,7083,3407,3676,12394,6041,6353,14165,6813,7352,12393,5884,6509,7081,3454,3627,1770,861,909,
44275,7083,3407,3676,12395,6042,6353,14165,6813,7352,12394,5885,6509,7081,3454,3627,1771,862,909,
44280,7084,3407,3677,12396,6042,6354,14166,6814,7352,12395,5886,6509,7083,3455,3628,1771,862,909,
44285,7085,3407,3678,12398,6044,6354,14169,6816,7353,12397,5887,6510,7084,3455,3629,1771,862,909,
44290,7086,3407,3679,12399,6045,6354,14170,6816,7354,12399,5889,6510,7084,3455,3629,1771,862,909,
44295,7087,3407,3680,12401,6046,6355,14173,6819,7354,12400,5889,6511,7085,3455,3630,1771,862,909,
44300,7087,3407,3680,12402,6046,6356,14173,6819,7354,12401,5890,6511,7085,3455,3630,1772,862,910,
44305,7088,3407,3681,12403,6046,6357,14174,6819,7355,12402,5890,6512,7087,3455,3632,1772,862,910,
44310,7089,3407,3682,12405,6046,6359,14177,6821,7356,12404,5891,6513,7088,3455,3633,1772,862,910,
44315,7090,3407,3683,12406,6047,6359,14178,6821,7357,12406,5891,6515,7088,3455,3633,1772,862,910,
44320,7091,3407,3684,12408,6047,6361,14181,6824,7357,12407,5891,6516,7089,3455,3634,1772,862,910,
44325,7091,3407,3684,12409,6048,6361,14181,6824,7357,12408,5892,6516,7089,3455,3634,1773,863,910,
44330,7092,3407,3685,12410,6048,6362,14182,6825,7357,12409,5893,6516,7091,3457,3634,1773,863,910,
44335,7093,3408,3685,12412,6050,6362,14185,6828,7357,12411,5894,6517,7092,3458,3634,1773,863,910,
44340,7094,3409,3685,12413,6051,6362,14186,6828,7358,12413,5896,6517,7092,3458,3634,1773,863,910,
44345,7095,3410,3685,12415,6053,6362,14189,6829,7360,12414,5896,6518,7093,3459,3634,1773,863,910,
44350,7095,3410,3685,12416,6053,6363,14189,6829,7360,12415,5896,6519,7093,3459,3634,1774,863,911,
44355,7096,3410,3686,12417,6053,6364,14190,6830,7360,12416,5897,6519,7095,3459,3636,1774,863,911,
44360,7097,3410,3687,12419,6055,6364,14193,6832,7361,12418,5899,6519,7096,3460,3636,1774,863,911,
44365,7098,3410,3688,12420,6056,6364,14194,6832,7362,12420,5901,6519,7096,3460,3636,1774,863,911,
44370,7099,3411,3688,12422,6056,6366,14197,6834,7363,12421,5901,6520,7097,3460,3637,1774,863,911,
44375,7099,3411,3688,12423,6056,6367,14197,6834,7363,12422,5902,6520,7097,3460,3637,1775,864,911,
44380,7100,3411,3689,12424,6056,6368,14198,6835,7363,12423,5903,6520,7099,3462,3637,1775,864,911,
44385,7101,3411,3690,12426,6057,6369,14201,6836,7365,12425,5904,6521,7100,3462,3638,1775,864,911,
44390,7102,3411,3691,12427,6058,6369,14202,6837,7365,12427,5906,6521,7100,3462,3638,1775,864,911,
44395,7103,3412,3691,12429,6060,6369,14205,6838,7367,12428,5906,6522,7101,3462,3639,1775,864,911,
44400,7103,3412,3691,12430,6061,6369,14205,6838,7367,12429,5907,6522,7101,3462,3639,1776,864,912,
44405,7104,3413,3691,12431,6061,6370,14206,6838,7368,12430,5907,6523,7103,3464,3639,1776,864,912,
44410,7105,3413,3692,12433,6062,6371,14209,6839,7370,12432,5908,6524,7104,3465,3639,1776,864,912,
44415,7106,3414,3692,12434,6063,6371,14210,6840,7370,12434,5908,6526,7104,3465,3639,1776,864,912,
44420,7107,3414,3693,12436,6064,6372,14213,6843,7370,12435,5909,6526,7105,3466,3639,1776,864,912,
44425,7107,3414,3693,12437,6064,6373,14213,6843,7370,12436,5909,6527,7105,3466,3639,1777,864,913,
44430,7108,3415,3693,12438,6064,6374,14214,6844,7370,12437,5909,6528,7107,3468,3639,1777,864,913,
44435,7109,3416,3693,12440,6066,6374,14217,6845,7372,12439,5910,6529,7108,3469,3639,1777,864,913,
44440,7110,3416,3694,12441,6066,6375,14218,6845,7373,12441,5910,6531,7108,3469,3639,1777,864,913,
44445,7111,3417,3694,12443,6068,6375,14221,6847,7374,12442,5910,6532,7109,3470,3639,1777,864,913,
44450,7111,3417,3694,12444,6068,6376,14221,6847,7374,12443,5911,6532,7109,3470,3639,1778,865,913,
44455,7112,3418,3694,12445,6068,6377,14222,6847,7375,12444,5911,6533,7111,3471,3640,1778,865,913,
44460,7113,3419,3694,12447,6068,6379,14225,6848,7377,12446,5912,6534,7112,3472,3640,1778,865,913,
44465,7114,3419,3695,12448,6068,6380,14226,6848,7378,12448,5913,6535,7112,3472,3640,1778,865,913,
44470,7115,3420,3695,12450,6069,6381,14229,6849,7380,12449,5913,6536,7113,3472,3641,1778,865,913,
44475,7115,3420,3695,12451,6069,6382,14229,6849,7380,12450,5913,6537,7113,3472,3641,1779,865,914,
44480,7116,3421,3695,12452,6070,6382,14230,6850,7380,12451,5914,6537,7115,3473,3642,1779,865,914,
44485,7117,3422,3695,12454,6072,6382,14233,6851,7382,12453,5915,6538,7116,3473,3643,1779,865,914,
44490,7118,3422,3696,12455,6073,6382,14234,6852,7382,12455,5916,6539,7116,3473,3643,1779,865,914,
44495,7119,3422,3697,12457,6074,6383,14237,6852,7385,12456,5916,6540,7117,3473,3644,1779,865,914,
44500,7119,3422,3697,12458,6075,6383,14237,6852,7385,12457,5916,6541,7117,3473,3644,1780,865,915,
44505,7120,3423,3697,12459,6075,6384,14238,6852,7386,12458,5917,6541,7119,3473,3646,1780,865,915,
44510,7121,3423,3698,12461,6075,6386,14241,6853,7388,12460,5918,6542,7120,3473,3647,1780,865,915,
44515,7122,3424,3698,12462,6075,6387,14242,6853,7389,12462,5919,6543,7120,3473,3647,1780,865,915,
44520,7123,3425,3698,12464,6077,6387,14245,6855,7390,12463,5920,6543,7121,3474,3647,1780,865,915,
44525,7123,3425,3698,12465,6077,6388,14245,6855,7390,12464,5921,6543,7121,3474,3647,1781,866,915,
44530,7124,3426,3698,12466,6077,6389,14246,6855,7391,12465,5921,6544,7123,3474,3649,1781,866,915,
44535,7125,3426,3699,12468,6078,6390,14249,6856,7393,12467,5921,6546,7124,3475,3649,1781,866,915,
44540,7126,3426,3700,12469,6079,6390,14250,6856,7394,12469,5923,6546,7124,3475,3649,1781,866,915,
44545,7127,3427,3700,12471,6080,6391,14253,6857,7396,12470,5923,6547,7125,3475,3650,1781,866,915,
44550,7127,3427,3700,12472,6080,6392,14253,6857,7396,12471,5924,6547,7125,3475,3650,1782,866,916,
44555,7128,3427,3701,12473,6080,6393,14254,6858,7396,12472,5924,6548,7127,3476,3651,1782,866,916,
44560,7129,3427,3702,12475,6082,6393,14257,6859,7398,12474,5924,6550,7128,3476,3652,1782,866,916,
44565,7130,3427,3703,12476,6082,6394,14258,6859,7399,12476,5926,6550,7128,3476,3652,1782,866,916,
44570,7131,3427,3704,12478,6082,6396,14261,6861,7400,12477,5926,6551,7129,3476,3653,1782,866,916,
44575,7131,3427,3704,12479,6082,6397,14261,6861,7400,12478,5926,6552,7129,3476,3653,1783,866,917,
44580,7132,3428,3704,12480,6082,6398,14262,6861,7401,12479,5927,6552,7131,3476,3655,1783,866,917,
44585,7133,3429,3704,12482,6083,6399,14265,6863,7402,12481,5929,6552,7132,3476,3656,1783,866,917,
44590,7134,3430,3704,12483,6083,6400,14266,6864,7402,12483,5931,6552,7132,3476,3656,1783,866,917,
44595,7135,3431,3704,12485,6084,6401,14269,6867,7402,12484,5932,6552,7133,3477,3656,1783,866,917,
44600,7135,3431,3704,12486,6085,6401,14269,6867,7402,12485,5932,6553,7133,3477,3656,1784,867,917,
44605,7136,3432,3704,12487,6086,6401,14270,6868,7402,12486,5933,6553,7135,3478,3657,1784,867,917,
44610,7137,3432,3705,12489,6087,6402,14273,6869,7404,12488,5933,6555,7136,3478,3658,1784,867,917,
44615,7138,3433,3705,12490,6088,6402,14274,6870,7404,12490,5934,6556,7136,3478,3658,1784,867,917,
44620,7139,3433,3706,12492,6089,6403,14277,6871,7406,12491,5934,6557,7137,3478,3659,1784,867,917,
44625,7139,3433,3706,12493,6090,6403,14277,6871,7406,12492,5935,6557,7137,3478,3659,1785,867,918,
44630,7140,3434,3706,12494,6090,6404,14278,6871,7407,12493,5935,6558,7139,3479,3660,1785,867,918,
44635,7141,3434,3707,12496,6092,6404,14281,6872,7409,12495,5936,6559,7140,3479,3661,1785,867,918,
44640,7142,3435,3707,12497,6093,6404,14282,6872,7410,12497,5938,6559,7140,3479,3661,1785,867,918,
44645,7143,3435,3708,12499,6093,6406,14285,6874,7411,12498,5938,6560,7141,3480,3661,1785,867,918,
44650,7143,3435,3708,12500,6094,6406,14285,6874,7411,12499,5938,6561,7141,3480,3661,1786,867,919,
44655,7144,3436,3708,12501,6094,6407,14286,6874,7412,12500,5938,6562,7143,3480,3663,1786,867,919,
44660,7145,3436,3709,12503,6094,6409,14289,6876,7413,12502,5938,6564,7144,3480,3664,1786,867,919,
44665,7146,3437,3709,12504,6094,6410,14290,6876,7414,12504,5940,6564,7144,3480,3664,1786,867,919,
44670,7147,3438,3709,12506,6095,6411,14293,6878,7415,12505,5940,6565,7145,3480,3665,1786,867,919,
44675,7147,3438,3709,12507,6095,6412,14293,6878,7415,12506,5941,6565,7145,3480,3665,1787,867,920,
44680,7148,3438,3710,12508,6096,6412,14294,6879,7415,12507,5941,6566,7147,3480,3667,1787,867,920,
44685,7149,3439,3710,12510,6098,6412,14297,6879,7418,12509,5942,6567,7148,3481,3667,1787,867,920,
44690,7150,3440,3710,12511,6098,6413,14298,6879,7419,12511,5944,6567,7148,3481,3667,1787,867,920,
44695,7151,3440,3711,12513,6099,6414,14301,6879,7422,12512,5944,6568,7149,3481,3668,1787,867,920,
44700,7151,3440,3711,12514,6100,6414,14301,6879,7422,12513,5944,6569,7149,3481,3668,1788,868,920,
44705,7152,3441,3711,12515,6100,6415,14302,6880,7422,12514,5945,6569,7151,3482,3669,1788,868,920,
44710,7153,3442,3711,12517,6101,6416,14305,6882,7423,12516,5946,6570,7152,3483,3669,1788,868,920,
44715,7154,3443,3711,12518,6102,6416,14306,6882,7424,12518,5947,6571,7152,3483,3669,1788,868,920,
44720,7155,3443,3712,12520,6104,6416,14309,6884,7425,12519,5948,6571,7153,3484,3669,1788,868,920,
44725,7155,3443,3712,12521,6104,6417,14309,6884,7425,12520,5948,6572,7153,3484,3669,1789,869,920,
44730,7156,3443,3713,12522,6105,6417,14310,6885,7425,12521,5949,6572,7155,3484,3671,1789,869,920,
44735,7157,3443,3714,12524,6105,6419,14313,6885,7428,12523,5951,6572,7156,3485,3671,1789,869,920,
44740,7158,3444,3714,12525,6106,6419,14314,6886,7428,12525,5952,6573,7156,3485,3671,1789,869,920,
44745,7159,3444,3715,12527,6107,6420,14317,6887,7430,12526,5952,6574,7157,3486,3671,1789,869,920,
44750,7159,3444,3715,12528,6108,6420,14317,6887,7430,12527,5952,6575,7157,3486,3671,1790,870,920,
44755,7160,3445,3715,12529,6108,6421,14318,6887,7431,12528,5952,6576,7159,3487,3672,1790,870,920,
44760,7161,3446,3715,12531,6109,6422,14321,6890,7431,12530,5953,6577,7160,3487,3673,1790,870,920,
44765,7162,3446,3716,12532,6109,6423,14322,6891,7431,12532,5954,6578,7160,3487,3673,1790,870,920,
44770,7163,3447,3716,12534,6111,6423,14325,6893,7432,12533,5954,6579,7161,3488,3673,1790,870,920,
44775,7163,3447,3716,12535,6112,6423,14325,6893,7432,12534,5955,6579,7161,3488,3673,1791,870,921,
44780,7164,3447,3717,12536,6112,6424,14326,6893,7433,12535,5955,6580,7163,3488,3675,1791,870,921,
44785,7165,3447,3718,12538,6113,6425,14329,6894,7435,12537,5956,6581,7164,3488,3676,1791,870,921,
44790,7166,3448,3718,12539,6113,6426,14330,6894,7436,12539,5958,6581,7164,3488,3676,1791,870,921,
44795,7167,3448,3719,12541,6114,6427,14333,6895,7438,12540,5958,6582,7165,3489,3676,1791,870,921,
44800,7167,3448,3719,12542,6115,6427,14333,6895,7438,12541,5959,6582,7165,3489,3676,1792,871,921,
44805,7168,3449,3719,12543,6115,6428,14334,6895,7439,12542,5959,6583,7167,3490,3677,1792,871,921,
44810,7169,3449,3720,12545,6117,6428,14337,6896,7441,12544,5960,6584,7168,3490,3678,1792,871,921,
44815,7170,3449,3721,12546,6118,6428,14338,6896,7442,12546,5962,6584,7168,3490,3678,1792,871,921,
44820,7171,3450,3721,12548,6119,6429,14341,6896,7445,12547,5962,6585,7169,3490,3679,1792,871,921,
44825,7171,3450,3721,12549,6120,6429,14341,6896,7445,12548,5963,6585,7169,3490,3679,1793,871,922,
44830,7172,3450,3722,12550,6121,6429,14342,6896,7446,12549,5963,6586,7171,3491,3680,1793,871,922,
44835,7173,3451,3722,12552,6121,6431,14345,6897,7448,12551,5963,6588,7172,3492,3680,1793,871,922,
44840,7174,3451,3723,12553,6122,6431,14346,6898,7448,12553,5963,6590,7172,3492,3680,1793,871,922,
44845,7175,3452,3723,12555,6123,6432,14349,6899,7450,12554,5964,6590,7173,3492,3681,1793,871,922,
44850,7175,3452,3723,12556,6124,6432,14349,6899,7450,12555,5965,6590,7173,3492,3681,1794,871,923,
44855,7176,3453,3723,12557,6125,6432,14350,6900,7450,12556,5966,6590,7175,3493,3682,1794,871,923,
44860,7177,3453,3724,12559,6126,6433,14353,6902,7451,12558,5967,6591,7176,3493,3683,1794,871,923,
44865,7178,3454,3724,12560,6127,6433,14354,6903,7451,12560,5968,6592,7176,3493,3683,1794,871,923,
44870,7179,3455,3724,12562,6128,6434,14357,6903,7454,12561,5968,6593,7177,3493,3684,1794,871,923,
44875,7179,3455,3724,12563,6128,6435,14357,6903,7454,12562,5969,6593,7177,3493,3684,1795,872,923,
44880,7180,3455,3725,12564,6128,6436,14358,6903,7455,12563,5969,6594,7179,3493,3686,1795,872,923,
44885,7181,3456,3725,12566,6129,6437,14361,6904,7457,12565,5971,6594,7180,3493,3687,1795,872,923,
44890,7182,3456,3726,12567,6130,6437,14362,6905,7457,12567,5972,6595,7180,3493,3687,1795,872,923,
44895,7183,3457,3726,12569,6130,6439,14365,6906,7459,12568,5973,6595,7181,3493,3688,1795,872,923,
44900,7183,3457,3726,12570,6130,6440,14365,6906,7459,12569,5974,6595,7181,3493,3688,1796,873,923,
44905,7184,3458,3726,12571,6130,6441,14366,6907,7459,12570,5974,6596,7183,3493,3690,1796,873,923,
44910,7185,3458,3727,12573,6130,6443,14369,6908,7461,12572,5975,6597,7184,3493,3691,1796,873,923,
44915,7186,3458,3728,12574,6130,6444,14370,6909,7461,12574,5977,6597,7184,3493,3691,1796,873,923,
44920,7187,3458,3729,12576,6130,6446,14373,6910,7463,12575,5978,6597,7185,3493,3692,1796,873,923,
44925,7187,3458,3729,12577,6131,6446,14373,6910,7463,12576,5978,6598,7185,3493,3692,1797,874,923,
44930,7188,3458,3730,12578,6131,6447,14374,6910,7464,12577,5978,6599,7187,3494,3693,1797,874,923,
44935,7189,3458,3731,12580,6132,6448,14377,6910,7467,12579,5980,6599,7188,3494,3694,1797,874,923,
44940,7190,3459,3731,12581,6132,6449,14378,6910,7468,12581,5982,6599,7188,3494,3694,1797,874,923,
44945,7191,3459,3732,12583,6133,6450,14381,6911,7470,12582,5983,6599,7189,3494,3695,1797,874,923,
44950,7191,3459,3732,12584,6133,6451,14381,6911,7470,12583,5983,6600,7189,3494,3695,1798,875,923,
44955,7192,3459,3733,12585,6133,6452,14382,6911,7471,12584,5983,6601,7191,3495,3696,1798,875,923,
44960,7193,3460,3733,12587,6135,6452,14385,6911,7474,12586,5984,6602,7192,3496,3696,1798,875,923,
44965,7194,3460,3734,12588,6136,6452,14386,6911,7475,12588,5985,6603,7192,3496,3696,1798,875,923,
44970,7195,3460,3735,12590,6137,6453,14389,6913,7476,12589,5985,6604,7193,3496,3697,1798,875,923,
44975,7195,3460,3735,12591,6138,6453,14389,6913,7476,12590,5986,6604,7193,3496,3697,1799,876,923,
44980,7196,3461,3735,12592,6139,6453,14390,6914,7476,12591,5986,6605,7195,3497,3698,1799,876,923,
44985,7197,3461,3736,12594,6140,6454,14393,6915,7478,12593,5987,6606,7196,3498,3698,1799,876,923,
44990,7198,3462,3736,12595,6141,6454,14394,6916,7478,12595,5988,6607,7196,3498,3698,1799,876,923,
44995,7199,3462,3737,12597,6142,6455,14397,6917,7480,12596,5988,6608,7197,3499,3698,1799,876,923,
45000,7199,3462,3737,12598,6142,6456,14397,6917,7480,12597,5989,6608,7197,3499,3698,1800,877,923,
45005,7200,3462,3738,12599,6143,6456,14398,6918,7480,12598,5989,6609,7199,3499,3700,1800,877,923,
45010,7201,3462,3739,12601,6144,6457,14401,6920,7481,12600,5990,6610,7200,3500,3700,1800,877,923,
45015,7202,3462,3740,12602,6145,6457,14402,6920,7482,12602,5990,6612,7200,3500,3700,1800,877,923,
45020,7203,3463,3740,12604,6147,6457,14405,6922,7483,12603,5990,6613,7201,3500,3701,1800,877,923,
45025,7203,3463,3740,12605,6147,6458,14405,6922,7483,12604,5991,6613,7201,3500,3701,1801,877,924,
45030,7204,3463,3741,12606,6148,6458,14406,6923,7483,12605,5991,6614,7203,3502,3701,1801,877,924,
45035,7205,3463,3742,12608,6150,6458,14409,6924,7485,12607,5993,6614,7204,3502,3702,1801,877,924,
45040,7206,3463,3743,12609,6151,6458,14410,6925,7485,12609,5993,6616,7204,3502,3702,1801,877,924,
45045,7207,3463,3744,12611,6152,6459,14413,6926,7487,12610,5993,6617,7205,3503,3702,1801,877,924,
45050,7207,3463,3744,12612,6152,6460,14413,6926,7487,12611,5994,6617,7205,3503,3702,1802,877,925,
45055,7208,3464,3744,12613,6152,6461,14414,6926,7488,12612,5994,6618,7207,3503,3704,1802,877,925,
45060,7209,3465,3744,12615,6152,6463,14417,6929,7488,12614,5995,6619,7208,3503,3705,1802,877,925,
45065,7210,3465,3745,12616,6153,6463,14418,6929,7489,12616,5996,6620,7208,3503,3705,1802,877,925,
45070,7211,3466,3745,12618,6154,6464,14421,6931,7490,12617,5996,6621,7209,3504,3705,1802,877,925,
45075,7211,3466,3745,12619,6154,6465,14421,6931,7490,12618,5997,6621,7209,3504,3705,1803,878,925,
45080,7212,3466,3746,12620,6154,6466,14422,6932,7490,12619,5998,6621,7211,3505,3706,1803,878,925,
45085,7213,3467,3746,12622,6154,6468,14425,6934,7491,12621,5998,6623,7212,3506,3706,1803,878,925,
45090,7214,3468,3746,12623,6155,6468,14426,6935,7491,12623,6000,6623,7212,3506,3706,1803,878,925,
45095,7215,3469,3746,12625,6156,6469,14429,6937,7492,12624,6001,6623,7213,3506,3707,1803,878,925,
45100,7215,3469,3746,12626,6156,6470,14429,6937,7492,12625,6001,6624,7213,3506,3707,1804,878,926,
45105,7216,3470,3746,12627,6157,6470,14430,6938,7492,12626,6001,6625,7215,3506,3709,1804,878,926,
45110,7217,3470,3747,12629,6157,6472,14433,6939,7494,12628,6001,6627,7216,3506,3710,1804,878,926,
45115,7218,3470,3748,12630,6157,6473,14434,6939,7495,12630,6001,6629,7216,3506,3710,1804,878,926,
45120,7219,3470,3749,12632,6159,6473,14437,6940,7497,12631,6002,6629,7217,3507,3710,1804,878,926,
45125,7219,3470,3749,12633,6159,6474,14437,6940,7497,12632,6003,6629,7217,3507,3710,1805,878,927,
45130,7220,3471,3749,12634,6160,6474,14438,6940,7498,12633,6004,6629,7219,3507,3712,1805,878,927,
45135,7221,3471,3750,12636,6162,6474,14441,6942,7499,12635,6006,6629,7220,3507,3713,1805,878,927,
45140,7222,3471,3751,12637,6162,6475,14442,6942,7500,12637,6006,6631,7220,3507,3713,1805,878,927,
45145,7223,3472,3751,12639,6162,6477,14445,6944,7501,12638,6007,6631,7221,3507,3714,1805,878,927,
45150,7223,3472,3751,12640,6163,6477,14445,6944,7501,12639,6007,6632,7221,3507,3714,1806,878,928,
45155,7224,3473,3751,12641,6163,6478,14446,6944,7502,12640,6007,6633,7223,3507,3716,1806,878,928,
45160,7225,3474,3751,12643,6165,6478,14449,6945,7504,12642,6008,6634,7224,3508,3716,1806,878,928,
45165,7226,3475,3751,12644,6165,6479,14450,6945,7505,12644,6009,6635,7224,3508,3716,1806,878,928,
45170,7227,3475,3752,12646,6166,6480,14453,6946,7507,12645,6009,6636,7225,3509,3716,1806,878,928,
45175,7227,3475,3752,12647,6167,6480,14453,6946,7507,12646,6009,6637,7225,3509,3716,1807,879,928,
45180,7228,3475,3753,12648,6167,6481,14454,6946,7508,12647,6009,6638,7227,3510,3717,1807,879,928,
45185,7229,3476,3753,12650,6167,6483,14457,6947,7510,12649,6009,6640,7228,3511,3717,1807,879,928,
45190,7230,3476,3754,12651,6168,6483,14458,6948,7510,12651,6010,6641,7228,3511,3717,1807,879,928,
45195,7231,3476,3755,12653,6168,6485,14461,6949,7512,12652,6010,6642,7229,3512,3717,1807,879,928,
45200,7231,3476,3755,12654,6168,6486,14461,6949,7512,12653,6010,6643,7229,3512,3717,1808,880,928,
45205,7232,3476,3756,12655,6168,6487,14462,6949,7513,12654,6010,6644,7231,3513,3718,1808,880,928,
45210,7233,3477,3756,12657,6169,6488,14465,6949,7516,12656,6011,6645,7232,3513,3719,1808,880,928,
45215,7234,3478,3756,12658,6169,6489,14466,6950,7516,12658,6011,6647,7232,3513,3719,1808,880,928,
45220,7235,3479,3756,12660,6170,6490,14469,6950,7519,12659,6011,6648,7233,3513,3720,1808,880,928,
45225,7235,3479,3756,12661,6170,6491,14469,6950,7519,12660,6012,6648,7233,3513,3720,1809,880,929,
45230,7236,3479,3757,12662,6171,6491,14470,6951,7519,12661,6013,6648,7235,3514,3721,1809,880,929,
45235,7237,3479,3758,12664,6173,6491,14473,6951,7522,12663,6014,6649,7236,3515,3721,1809,880,929,
45240,7238,3480,3758,12665,6174,6491,14474,6951,7523,12665,6015,6650,7236,3515,3721,1809,880,929,
45245,7239,3480,3759,12667,6174,6493,14477,6952,7525,12666,6016,6650,7237,3516,3721,1809,880,929,
45250,7239,3480,3759,12668,6175,6493,14477,6952,7525,12667,6016,6651,7237,3516,3721,1810,880,930,
45255,7240,3480,3760,12669,6175,6494,14478,6953,7525,12668,6017,6651,7239,3518,3721,1810,880,930,
45260,7241,3481,3760,12671,6176,6495,14481,6955,7526,12670,6018,6652,7240,3518,3722,1810,880,930,
45265,7242,3481,3761,12672,6177,6495,14482,6955,7527,12672,6020,6652,7240,3518,3722,1810,880,930,
45270,7243,3481,3762,12674,6178,6496,14485,6956,7529,12673,6021,6652,7241,3518,3723,1810,880,930,
45275,7243,3481,3762,12675,6179,6496,14485,6956,7529,12674,6021,6653,7241,3518,3723,1811,880,931,
45280,7244,3481,3763,12676,6180,6496,14486,6956,7530,12675,6021,6654,7243,3519,3724,1811,880,931,
45285,7245,3481,3764,12678,6180,6498,14489,6957,7532,12677,6021,6656,7244,3519,3725,1811,880,931,
45290,7246,3481,3765,12679,6180,6499,14490,6957,7533,12679,6022,6657,7244,3519,3725,1811,880,931,
45295,7247,3482,3765,12681,6181,6500,14493,6958,7535,12680,6022,6658,7245,3519,3726,1811,880,931,
45300,7247,3482,3765,12682,6182,6500,14493,6958,7535,12681,6023,6658,7245,3519,3726,1812,881,931,
45305,7248,3482,3766,12683,6183,6500,14494,6959,7535,12682,6023,6659,7247,3519,3728,1812,881,931,
45310,7249,3483,3766,12685,6184,6501,14497,6961,7536,12684,6024,6660,7248,3519,3729,1812,881,931,
45315,7250,3484,3766,12686,6184,6502,14498,6962,7536,12686,6024,6662,7248,3519,3729,1812,881,931,
45320,7251,3484,3767,12688,6185,6503,14501,6964,7537,12687,6025,6662,7249,3520,3729,1812,881,931,
45325,7251,3484,3767,12689,6186,6503,14501,6964,7537,12688,6026,6662,7249,3520,3729,1813,882,931,
45330,7252,3484,3768,12690,6187,6503,14502,6965,7537,12689,6027,6662,7251,3520,3731,1813,882,931,
45335,7253,3485,3768,12692,6187,6505,14505,6967,7538,12691,6028,6663,7252,3521,3731,1813,882,931,
45340,7254,3486,3768,12693,6188,6505,14506,6967,7539,12693,6029,6664,7252,3521,3731,1813,882,931,
45345,7255,3487,3768,12695,6190,6505,14509,6967,7542,12694,6029,6665,7253,3521,3732,1813,882,931,
45350,7255,3487,3768,12696,6190,6506,14509,6967,7542,12695,6030,6665,7253,3521,3732,1814,882,932,
45355,7256,3487,3769,12697,6191,6506,14510,6967,7543,12696,6030,6666,7255,3523,3732,1814,882,932,
45360,7257,3487,3770,12699,6193,6506,14513,6968,7545,12698,6031,6667,7256,3524,3732,1814,882,932,
45365,7258,3488,3770,12700,6193,6507,14514,6968,7546,12700,6032,6668,7256,3524,3732,1814,882,932,
45370,7259,3488,3771,12702,6194,6508,14517,6971,7546,12701,6032,6669,7257,3524,3733,1814,882,932,
45375,7259,3488,3771,12703,6195,6508,14517,6971,7546,12702,6033,6669,7257,3524,3733,1815,883,932,
45380,7260,3488,3772,12704,6196,6508,14518,6972,7546,12703,6033,6670,7259,3526,3733,1815,883,932,
45385,7261,3489,3772,12706,6197,6509,14521,6975,7546,12705,6033,6672,7260,3526,3734,1815,883,932,
45390,7262,3489,3773,12707,6198,6509,14522,6975,7547,12707,6034,6673,7260,3526,3734,1815,883,932,
45395,7263,3490,3773,12709,6198,6511,14525,6977,7548,12708,6035,6673,7261,3527,3734,1815,883,932,
45400,7263,3490,3773,12710,6199,6511,14525,6977,7548,12709,6035,6674,7261,3527,3734,1816,883,933,
45405,7264,3490,3774,12711,6199,6512,14526,6978,7548,12710,6035,6675,7263,3528,3735,1816,883,933,
45410,7265,3491,3774,12713,6200,6513,14529,6979,7550,12712,6035,6677,7264,3528,3736,1816,883,933,
45415,7266,3491,3775,12714,6200,6514,14530,6979,7551,12714,6035,6679,7264,3528,3736,1816,883,933,
45420,7267,3491,3776,12716,6201,6515,14533,6980,7553,12715,6036,6679,7265,3528,3737,1816,883,933,
45425,7267,3491,3776,12717,6202,6515,14533,6980,7553,12716,6036,6680,7265,3528,3737,1817,884,933,
45430,7268,3491,3777,12718,6202,6516,14534,6980,7554,12717,6037,6680,7267,3530,3737,1817,884,933,
45435,7269,3492,3777,12720,6203,6517,14537,6982,7555,12719,6038,6681,7268,3530,3738,1817,884,933,
45440,7270,3492,3778,12721,6203,6518,14538,6982,7556,12721,6040,6681,7268,3530,3738,1817,884,933,
45445,7271,3492,3779,12723,6204,6519,14541,6984,7557,12722,6041,6681,7269,3531,3738,1817,884,933,
45450,7271,3492,3779,12724,6204,6520,14541,6984,7557,12723,6041,6682,7269,3531,3738,1818,885,933,
45455,7272,3493,3779,12725,6204,6521,14542,6985,7557,12724,6042,6682,7271,3531,3740,1818,885,933,
45460,7273,3494,3779,12727,6205,6522,14545,6987,7558,12726,6043,6683,7272,3531,3741,1818,885,933,
45465,7274,3494,3780,12728,6205,6523,14546,6987,7559,12728,6043,6685,7272,3531,3741,1818,885,933,
45470,7275,3494,3781,12730,6206,6524,14549,6989,7560,12729,6044,6685,7273,3532,3741,1818,885,933,
45475,7275,3494,3781,12731,6206,6525,14549,6989,7560,12730,6044,6686,7273,3532,3741,1819,886,933,
45480,7276,3494,3782,12732,6207,6525,14550,6989,7561,12731,6044,6687,7275,3533,3742,1819,886,933,
45485,7277,3494,3783,12734,6208,6526,14553,6992,7561,12733,6045,6688,7276,3534,3742,1819,886,933,
45490,7278,3495,3783,12735,6208,6527,14554,6993,7561,12735,6046,6689,7276,3534,3742,1819,886,933,
45495,7279,3495,3784,12737,6209,6528,14557,6994,7563,12736,6047,6689,7277,3534,3743,1819,886,933,
45500,7279,3495,3784,12738,6210,6528,14557,6994,7563,12737,6048,6689,7277,3534,3743,1820,886,934,
45505,7280,3495,3785,12739,6210,6529,14558,6995,7563,12738,6048,6690,7279,3535,3744,1820,886,934,
45510,7281,3496,3785,12741,6212,6529,14561,6996,7565,12740,6049,6691,7280,3535,3745,1820,886,934,
45515,7282,3497,3785,12742,6213,6529,14562,6996,7566,12742,6051,6691,7280,3535,3745,1820,886,934,
45520,7283,3498,3785,12744,6214,6530,14565,6998,7567,12743,6051,6692,7281,3536,3745,1820,886,934,
45525,7283,3498,3785,12745,6214,6531,14565,6998,7567,12744,6052,6692,7281,3536,3745,1821,887,934,
45530,7284,3499,3785,12746,6215,6531,14566,6999,7567,12745,6052,6693,7283,3537,3746,1821,887,934,
45535,7285,3500,3785,12748,6217,6531,14569,7000,7569,12747,6054,6693,7284,3537,3747,1821,887,934,
45540,7286,3500,3786,12749,6217,6532,14570,7001,7569,12749,6055,6694,7284,3537,3747,1821,887,934,
45545,7287,3501,3786,12751,6219,6532,14573,7004,7569,12750,6055,6695,7285,3538,3747,1821,887,934,
45550,7287,3501,3786,12752,6219,6533,14573,7004,7569,12751,6055,6696,7285,3538,3747,1822,887,935,
45555,7288,3501,3787,12753,6219,6534,14574,7005,7569,12752,6056,6696,7287,3539,3748,1822,887,935,
45560,7289,3501,3788,12755,6220,6535,14577,7006,7571,12754,6058,6696,7288,3539,3749,1822,887,935,
45565,7290,3501,3789,12756,6220,6536,14578,7007,7571,12756,6059,6697,7288,3539,3749,1822,887,935,
45570,7291,3501,3790,12758,6220,6538,14581,7007,7574,12757,6060,6697,7289,3540,3749,1822,887,935,
45575,7291,3501,3790,12759,6220,6539,14581,7007,7574,12758,6061,6697,7289,3540,3749,1823,888,935,
45580,7292,3501,3791,12760,6221,6539,14582,7007,7575,12759,6061,6698,7291,3542,3749,1823,888,935,
45585,7293,3502,3791,12762,6223,6539,14585,7008,7577,12761,6063,6698,7292,3542,3750,1823,888,935,
45590,7294,3503,3791,12763,6223,6540,14586,7009,7577,12763,6064,6699,7292,3542,3750,1823,888,935,
45595,7295,3504,3791,12765,6224,6541,14589,7011,7578,12764,6065,6699,7293,3543,3750,1823,888,935,
45600,7295,3504,3791,12766,6224,6542,14589,7011,7578,12765,6065,6700,7293,3543,3750,1824,889,935,
45605,7296,3505,3791,12767,6225,6542,14590,7012,7578,12766,6065,6701,7295,3543,3752,1824,889,935,
45610,7297,3505,3792,12769,6226,6543,14593,7015,7578,12768,6065,6703,7296,3544,3752,1824,889,935,
45615,7298,3505,3793,12770,6226,6544,14594,7015,7579,12770,6066,6704,7296,3544,3752,1824,889,935,
45620,7299,3505,3794,12772,6228,6544,14597,7016,7581,12771,6066,6705,7297,3544,3753,1824,889,935,
45625,7299,3505,3794,12773,6228,6545,14597,7016,7581,12772,6067,6705,7297,3544,3753,1825,889,936,
45630,7300,3505,3795,12774,6229,6545,14598,7016,7582,12773,6067,6706,7299,3546,3753,1825,889,936,
45635,7301,3505,3796,12776,6231,6545,14601,7019,7582,12775,6068,6707,7300,3546,3754,1825,889,936,
45640,7302,3505,3797,12777,6231,6546,14602,7020,7582,12777,6068,6709,7300,3546,3754,1825,889,936,
45645,7303,3506,3797,12779,6233,6546,14605,7022,7583,12778,6068,6710,7301,3547,3754,1825,889,936,
45650,7303,3506,3797,12780,6234,6546,14605,7022,7583,12779,6068,6711,7301,3547,3754,1826,889,937,
45655,7304,3506,3798,12781,6235,6546,14606,7022,7584,12780,6069,6711,7303,3548,3755,1826,889,937,
45660,7305,3507,3798,12783,6236,6547,14609,7025,7584,12782,6070,6712,7304,3549,3755,1826,889,937,
45665,7306,3507,3799,12784,6237,6547,14610,7025,7585,12784,6070,6714,7304,3549,3755,1826,889,937,
45670,7307,3507,3800,12786,6238,6548,14613,7027,7586,12785,6071,6714,7305,3550,3755,1826,889,937,
45675,7307,3507,3800,12787,6238,6549,14613,7027,7586,12786,6071,6715,7305,3550,3755,1827,889,938,
45680,7308,3508,3800,12788,6239,6549,14614,7027,7587,12787,6072,6715,7307,3551,3756,1827,889,938,
45685,7309,3509,3800,12790,6241,6549,14617,7029,7588,12789,6073,6716,7308,3552,3756,1827,889,938,
45690,7310,3509,3801,12791,6241,6550,14618,7029,7589,12791,6073,6718,7308,3552,3756,1827,889,938,
45695,7311,3509,3802,12793,6241,6552,14621,7030,7591,12792,6074,6718,7309,3552,3757,1827,889,938,
45700,7311,3509,3802,12794,6241,6553,14621,7030,7591,12793,6074,6719,7309,3552,3757,1828,890,938,
45705,7312,3510,3802,12795,6241,6554,14622,7030,7592,12794,6074,6720,7311,3554,3757,1828,890,938,
45710,7313,3511,3802,12797,6243,6554,14625,7033,7592,12796,6075,6721,7312,3555,3757,1828,890,938,
45715,7314,3512,3802,12798,6244,6554,14626,7034,7592,12798,6077,6721,7312,3555,3757,1828,890,938,
45720,7315,3512,3803,12800,6246,6554,14629,7036,7593,12799,6077,6722,7313,3556,3757,1828,890,938,
45725,7315,3512,3803,12801,6246,6555,14629,7036,7593,12800,6078,6722,7313,3556,3757,1829,890,939,
45730,7316,3513,3803,12802,6246,6556,14630,7037,7593,12801,6079,6722,7315,3556,3759,1829,890,939,
45735,7317,3514,3803,12804,6246,6558,14633,7039,7594,12803,6080,6723,7316,3556,3760,1829,890,939,
45740,7318,3515,3803,12805,6246,6559,14634,7040,7594,12805,6081,6724,7316,3556,3760,1829,890,939,
45745,7319,3515,3804,12807,6247,6560,14637,7041,7596,12806,6082,6724,7317,3556,3761,1829,890,939,
45750,7319,3515,3804,12808,6247,6561,14637,7041,7596,12807,6082,6725,7317,3556,3761,1830,891,939,
45755,7320,3515,3805,12809,6248,6561,14638,7041,7597,12808,6083,6725,7319,3556,3763,1830,891,939,
45760,7321,3516,3805,12811,6248,6563,14641,7042,7599,12810,6084,6726,7320,3556,3764,1830,891,939,
45765,7322,3516,3806,12812,6248,6564,14642,7042,7600,12812,6085,6727,7320,3556,3764,1830,891,939,
45770,7323,3517,3806,12814,6249,6565,14645,7045,7600,12813,6086,6727,7321,3556,3765,1830,891,939,
45775,7323,3517,3806,12815,6250,6565,14645,7045,7600,12814,6087,6727,7321,3556,3765,1831,891,940,
45780,7324,3518,3806,12816,6251,6565,14646,7046,7600,12815,6087,6728,7323,3556,3767,1831,891,940,
45785,7325,3518,3807,12818,6252,6566,14649,7048,7601,12817,6087,6730,7324,3557,3767,1831,891,940,
45790,7326,3518,3808,12819,6252,6567,14650,7048,7602,12819,6089,6730,7324,3557,3767,1831,891,940,
45795,7327,3519,3808,12821,6253,6568,14653,7049,7604,12820,6090,6730,7325,3557,3768,1831,891,940,
45800,7327,3519,3808,12822,6253,6569,14653,7049,7604,12821,6091,6730,7325,3557,3768,1832,891,941,
45805,7328,3519,3809,12823,6254,6569,14654,7049,7605,12822,6092,6730,7327,3558,3769,1832,891,941,
45810,7329,3520,3809,12825,6254,6571,14657,7052,7605,12824,6094,6730,7328,3558,3770,1832,891,941,
45815,7330,3520,3810,12826,6254,6572,14658,7053,7605,12826,6096,6730,7328,3558,3770,1832,891,941,
45820,7331,3520,3811,12828,6255,6573,14661,7054,7607,12827,6097,6730,7329,3558,3771,1832,891,941,
45825,7331,3520,3811,12829,6256,6573,14661,7054,7607,12828,6097,6731,7329,3558,3771,1833,891,942,
45830,7332,3521,3811,12830,6256,6574,14662,7055,7607,12829,6097,6732,7331,3559,3772,1833,891,942,
45835,7333,3521,3812,12832,6256,6576,14665,7056,7609,12831,6099,6732,7332,3559,3773,1833,891,942,
45840,7334,3521,3813,12833,6256,6577,14666,7057,7609,12833,6100,6733,7332,3559,3773,1833,891,942,
45845,7335,3522,3813,12835,6257,6578,14669,7058,7611,12834,6101,6733,7333,3560,3773,1833,891,942,
45850,7335,3522,3813,12836,6257,6579,14669,7058,7611,12835,6102,6733,7333,3560,3773,1834,892,942,
45855,7336,3522,3814,12837,6257,6580,14670,7059,7611,12836,6103,6733,7335,3561,3774,1834,892,942,
45860,7337,3522,3815,12839,6258,6581,14673,7060,7613,12838,6104,6734,7336,3561,3775,1834,892,942,
45865,7338,3522,3816,12840,6259,6581,14674,7061,7613,12840,6105,6735,7336,3561,3775,1834,892,942,
45870,7339,3523,3816,12842,6260,6582,14677,7063,7614,12841,6106,6735,7337,3561,3776,1834,892,942,
45875,7339,3523,3816,12843,6261,6582,14677,7063,7614,12842,6106,6736,7337,3561,3776,1835,893,942,
45880,7340,3523,3817,12844,6262,6582,14678,7063,7615,12843,6106,6737,7339,3562,3777,1835,893,942,
45885,7341,3524,3817,12846,6262,6584,14681,7064,7617,12845,6106,6739,7340,3563,3777,1835,893,942,
45890,7342,3524,3818,12847,6263,6584,14682,7064,7618,12847,6106,6741,7340,3563,3777,1835,893,942,
45895,7343,3525,3818,12849,6264,6585,14685,7065,7620,12848,6106,6742,7341,3564,3777,1835,893,942,
45900,7343,3525,3818,12850,6264,6586,14685,7065,7620,12849,6107,6742,7341,3564,3777,1836,893,943,
45905,7344,3526,3818,12851,6265,6586,14686,7065,7621,12850,6108,6742,7343,3565,3778,1836,893,943,
45910,7345,3527,3818,12853,6266,6587,14689,7066,7623,12852,6109,6743,7344,3565,3779,1836,893,943,
45915,7346,3527,3819,12854,6266,6588,14690,7066,7624,12854,6111,6743,7344,3565,3779,1836,893,943,
45920,7347,3527,3820,12856,6266,6590,14693,7068,7625,12855,6112,6743,7345,3565,3780,1836,893,943,
45925,7347,3527,3820,12857,6266,6591,14693,7068,7625,12856,6112,6744,7345,3565,3780,1837,893,944,
45930,7348,3527,3821,12858,6266,6592,14694,7068,7626,12857,6112,6745,7347,3566,3781,1837,893,944,
45935,7349,3527,3822,12860,6266,6594,14697,7069,7628,12859,6114,6745,7348,3567,3781,1837,893,944,
45940,7350,3528,3822,12861,6266,6595,14698,7070,7628,12861,6115,6746,7348,3567,3781,1837,893,944,
45945,7351,3528,3823,12863,6267,6596,14701,7072,7629,12862,6115,6747,7349,3567,3782,1837,893,944,
45950,7351,3528,3823,12864,6267,6597,14701,7072,7629,12863,6116,6747,7349,3567,3782,1838,893,945,
45955,7352,3529,3823,12865,6267,6598,14702,7073,7629,12864,6117,6747,7351,3569,3782,1838,893,945,
45960,7353,3530,3823,12867,6267,6600,14705,7073,7632,12866,6118,6748,7352,3569,3783,1838,893,945,
45965,7354,3530,3824,12868,6268,6600,14706,7073,7633,12868,6119,6749,7352,3569,3783,1838,893,945,
45970,7355,3530,3825,12870,6269,6601,14709,7073,7636,12869,6119,6750,7353,3569,3784,1838,893,945,
45975,7355,3530,3825,12871,6270,6601,14709,7073,7636,12870,6119,6751,7353,3569,3784,1839,894,945,
45980,7356,3530,3826,12872,6271,6601,14710,7074,7636,12871,6119,6752,7355,3570,3785,1839,894,945,
45985,7357,3530,3827,12874,6272,6602,14713,7074,7639,12873,6119,6754,7356,3571,3785,1839,894,945,
45990,7358,3530,3828,12875,6273,6602,14714,7075,7639,12875,6120,6755,7356,3571,3785,1839,894,945,
45995,7359,3530,3829,12877,6273,6604,14717,7077,7640,12876,6120,6756,7357,3571,3786,1839,894,945,
46000,7359,3530,3829,12878,6274,6604,14717,7077,7640,12877,6120,6757,7357,3571,3786,1840,894,946,
46005,7360,3531,3829,12879,6274,6605,14718,7077,7641,12878,6121,6757,7359,3571,3788,1840,894,946,
46010,7361,3531,3830,12881,6274,6607,14721,7079,7642,12880,6122,6758,7360,3572,3788,1840,894,946,
46015,7362,3531,3831,12882,6274,6608,14722,7080,7642,12882,6124,6758,7360,3572,3788,1840,894,946,
46020,7363,3532,3831,12884,6276,6608,14725,7081,7644,12883,6125,6758,7361,3572,3789,1840,894,946,
46025,7363,3532,3831,12885,6277,6608,14725,7081,7644,12884,6126,6758,7361,3572,3789,1841,894,947,
46030,7364,3533,3831,12886,6277,6609,14726,7082,7644,12885,6126,6759,7363,3572,3791,1841,894,947,
46035,7365,3533,3832,12888,6278,6610,14729,7083,7646,12887,6128,6759,7364,3572,3792,1841,894,947,
46040,7366,3533,3833,12889,6278,6611,14730,7084,7646,12889,6129,6760,7364,3572,3792,1841,894,947,
46045,7367,3533,3834,12891,6278,6613,14733,7085,7648,12890,6130,6760,7365,3572,3793,1841,894,947,
46050,7367,3533,3834,12892,6279,6613,14733,7085,7648,12891,6131,6760,7365,3572,3793,1842,894,948,
46055,7368,3534,3834,12893,6280,6613,14734,7085,7649,12892,6132,6760,7367,3573,3794,1842,894,948,
46060,7369,3534,3835,12895,6281,6614,14737,7086,7651,12894,6134,6760,7368,3573,3795,1842,894,948,
46065,7370,3535,3835,12896,6281,6615,14738,7086,7652,12896,6135,6761,7368,3573,3795,1842,894,948,
46070,7371,3536,3835,12898,6282,6616,14741,7087,7654,12897,6136,6761,7369,3573,3796,1842,894,948,
46075,7371,3536,3835,12899,6282,6617,14741,7087,7654,12898,6137,6761,7369,3573,3796,1843,895,948,
46080,7372,3537,3835,12900,6283,6617,14742,7088,7654,12899,6137,6762,7371,3573,3798,1843,895,948,
46085,7373,3538,3835,12902,6283,6619,14745,7090,7655,12901,6138,6763,7372,3573,3799,1843,895,948,
46090,7374,3539,3835,12903,6283,6620,14746,7090,7656,12903,6140,6763,7372,3573,3799,1843,895,948,
46095,7375,3539,3836,12905,6283,6622,14749,7091,7658,12904,6141,6763,7373,3574,3799,1843,895,948,
46100,7375,3539,3836,12906,6283,6623,14749,7091,7658,12905,6141,6764,7373,3574,3799,1844,895,949,
46105,7376,3540,3836,12907,6284,6623,14750,7091,7659,12906,6142,6764,7375,3574,3801,1844,895,949,
46110,7377,3541,3836,12909,6285,6624,14753,7092,7661,12908,6144,6764,7376,3574,3802,1844,895,949,
46115,7378,3541,3837,12910,6285,6625,14754,7092,7662,12910,6144,6766,7376,3574,3802,1844,895,949,
46120,7379,3542,3837,12912,6285,6627,14757,7092,7665,12911,6145,6766,7377,3574,3803,1844,895,949,
46125,7379,3542,3837,12913,6285,6628,14757,7092,7665,12912,6145,6767,7377,3574,3803,1845,895,950,
46130,7380,3542,3838,12914,6286,6628,14758,7092,7666,12913,6145,6768,7379,3576,3803,1845,895,950,
46135,7381,3542,3839,12916,6287,6629,14761,7095,7666,12915,6146,6769,7380,3576,3804,1845,895,950,
46140,7382,3542,3840,12917,6287,6630,14762,7095,7667,12917,6147,6770,7380,3576,3804,1845,895,950,
46145,7383,3542,3841,12919,6289,6630,14765,7096,7669,12918,6147,6771,7381,3577,3804,1845,895,950,
46150,7383,3542,3841,12920,6290,6630,14765,7096,7669,12919,6147,6772,7381,3577,3804,1846,895,951,
46155,7384,3543,3841,12921,6290,6631,14766,7096,7670,12920,6148,6772,7383,3578,3805,1846,895,951,
46160,7385,3544,3841,12923,6290,6633,14769,7097,7672,12922,6149,6773,7384,3579,3805,1846,895,951,
46165,7386,3544,3842,12924,6291,6633,14770,7098,7672,12924,6150,6774,7384,3579,3805,1846,895,951,
46170,7387,3544,3843,12926,6293,6633,14773,7101,7672,12925,6151,6774,7385,3580,3805,1846,895,951,
46175,7387,3544,3843,12927,6293,6634,14773,7101,7672,12926,6151,6775,7385,3580,3805,1847,896,951,
46180,7388,3545,3843,12928,6294,6634,14774,7102,7672,12927,6152,6775,7387,3581,3806,1847,896,951,
46185,7389,3545,3844,12930,6296,6634,14777,7103,7674,12929,6152,6777,7388,3581,3807,1847,896,951,
46190,7390,3545,3845,12931,6296,6635,14778,7104,7674,12931,6152,6779,7388,3581,3807,1847,896,951,
46195,7391,3545,3846,12933,6296,6637,14781,7105,7676,12932,6153,6779,7389,3582,3807,1847,896,951,
46200,7391,3545,3846,12934,6297,6637,14781,7105,7676,12933,6153,6780,7389,3582,3807,1848,897,951,
46205,7392,3545,3847,12935,6297,6638,14782,7106,7676,12934,6153,6781,7391,3583,3808,1848,897,951,
46210,7393,3546,3847,12937,6299,6638,14785,7108,7677,12936,6154,6782,7392,3584,3808,1848,897,951,
46215,7394,3547,3847,12938,6299,6639,14786,7109,7677,12938,6154,6784,7392,3584,3808,1848,897,951,
46220,7395,3548,3847,12940,6300,6640,14789,7112,7677,12939,6155,6784,7393,3584,3809,1848,897,951,
46225,7395,3548,3847,12941,6300,6641,14789,7112,7677,12940,6155,6785,7393,3584,3809,1849,898,951,
46230,7396,3548,3848,12942,6301,6641,14790,7113,7677,12941,6155,6786,7395,3584,3811,1849,898,951,
46235,7397,3549,3848,12944,6303,6641,14793,7114,7679,12943,6155,6788,7396,3584,3812,1849,898,951,
46240,7398,3549,3849,12945,6303,6642,14794,7114,7680,12945,6156,6789,7396,3584,3812,1849,898,951,
46245,7399,3549,3850,12947,6303,6644,14797,7115,7682,12946,6157,6789,7397,3584,3813,1849,898,951,
46250,7399,3549,3850,12948,6304,6644,14797,7115,7682,12947,6158,6789,7397,3584,3813,1850,899,951,
46255,7400,3549,3851,12949,6304,6645,14798,7115,7683,12948,6158,6790,7399,3584,3815,1850,899,951,
46260,7401,3550,3851,12951,6304,6647,14801,7117,7684,12950,6160,6790,7400,3584,3816,1850,899,951,
46265,7402,3551,3851,12952,6305,6647,14802,7118,7684,12952,6161,6791,7400,3584,3816,1850,899,951,
46270,7403,3551,3852,12954,6306,6648,14805,7118,7687,12953,6162,6791,7401,3585,3816,1850,899,951,
46275,7403,3551,3852,12955,6307,6648,14805,7118,7687,12954,6163,6791,7401,3585,3816,1851,899,952,
46280,7404,3551,3853,12956,6308,6648,14806,7119,7687,12955,6163,6792,7403,3586,3817,1851,899,952,
46285,7405,3552,3853,12958,6310,6648,14809,7121,7688,12957,6163,6794,7404,3586,3818,1851,899,952,
46290,7406,3552,3854,12959,6311,6648,14810,7121,7689,12959,6165,6794,7404,3586,3818,1851,899,952,
46295,7407,3553,3854,12961,6311,6650,14813,7121,7692,12960,6166,6794,7405,3587,3818,1851,899,952,
46300,7407,3553,3854,12962,6311,6651,14813,7121,7692,12961,6167,6794,7405,3587,3818,1852,900,952,
46305,7408,3554,3854,12963,6312,6651,14814,7121,7693,12962,6167,6795,7407,3587,3820,1852,900,952,
46310,7409,3555,3854,12965,6314,6651,14817,7122,7695,12964,6168,6796,7408,3587,3821,1852,900,952,
46315,7410,3556,3854,12966,6315,6651,14818,7123,7695,12966,6168,6798,7408,3587,3821,1852,900,952,
46320,7411,3556,3855,12968,6315,6653,14821,7125,7696,12967,6169,6798,7409,3587,3822,1852,900,952,
46325,7411,3556,3855,12969,6315,6654,14821,7125,7696,12968,6169,6799,7409,3587,3822,1853,901,952,
46330,7412,3556,3856,12970,6316,6654,14822,7126,7696,12969,6169,6800,7411,3588,3823,1853,901,952,
46335,7413,3556,3857,12972,6317,6655,14825,7126,7699,12971,6170,6801,7412,3588,3824,1853,901,952,
46340,7414,3556,3858,12973,6317,6656,14826,7127,7699,12973,6171,6802,7412,3588,3824,1853,901,952,
46345,7415,3557,3858,12975,6319,6656,14829,7129,7700,12974,6171,6803,7413,3589,3824,1853,901,952,
46350,7415,3557,3858,12976,6320,6656,14829,7129,7700,12975,6172,6803,7413,3589,3824,1854,901,953,
46355,7416,3558,3858,12977,6321,6656,14830,7129,7701,12976,6173,6803,7415,3590,3825,1854,901,953,
46360,7417,3559,3858,12979,6322,6657,14833,7132,7701,12978,6174,6804,7416,3591,3825,1854,901,953,
46365,7418,3559,3859,12980,6323,6657,14834,7132,7702,12980,6176,6804,7416,3591,3825,1854,901,953,
46370,7419,3560,3859,12982,6323,6659,14837,7132,7705,12981,6177,6804,7417,3592,3825,1854,901,953,
46375,7419,3560,3859,12983,6323,6660,14837,7132,7705,12982,6177,6805,7417,3592,3825,1855,901,954,
46380,7420,3560,3860,12984,6323,6661,14838,7132,7706,12983,6178,6805,7419,3592,3827,1855,901,954,
46385,7421,3561,3860,12986,6324,6662,14841,7135,7706,12985,6179,6806,7420,3592,3828,1855,901,954,
46390,7422,3561,3861,12987,6325,6662,14842,7135,7707,12987,6180,6807,7420,3592,3828,1855,901,954,
46395,7423,3561,3862,12989,6325,6664,14845,7135,7710,12988,6180,6808,7421,3592,3829,1855,901,954,
46400,7423,3561,3862,12990,6326,6664,14845,7135,7710,12989,6180,6809,7421,3592,3829,1856,901,955,
46405,7424,3561,3863,12991,6326,6665,14846,7136,7710,12990,6180,6810,7423,3592,3831,1856,901,955,
46410,7425,3562,3863,12993,6326,6667,14849,7138,7711,12992,6181,6811,7424,3592,3832,1856,901,955,
46415,7426,3563,3863,12994,6326,6668,14850,7139,7711,12994,6181,6813,7424,3592,3832,1856,901,955,
46420,7427,3563,3864,12996,6326,6670,14853,7140,7713,12995,6182,6813,7425,3593,3832,1856,901,955,
46425,7427,3563,3864,12997,6326,6671,14853,7140,7713,12996,6182,6814,7425,3593,3832,1857,902,955,
46430,7428,3563,3865,12998,6327,6671,14854,7141,7713,12997,6182,6815,7427,3594,3833,1857,902,955,
46435,7429,3564,3865,13000,6328,6672,14857,7142,7715,12999,6183,6816,7428,3594,3834,1857,902,955,
46440,7430,3565,3865,13001,6329,6672,14858,7143,7715,13001,6184,6817,7428,3594,3834,1857,902,955,
46445,7431,3566,3865,13003,6330,6673,14861,7144,7717,13002,6185,6817,7429,3594,3835,1857,902,955,
46450,7431,3566,3865,13004,6331,6673,14861,7144,7717,13003,6186,6817,7429,3594,3835,1858,902,956,
46455,7432,3566,3866,13005,6331,6674,14862,7145,7717,13004,6186,6818,7431,3595,3836,1858,902,956,
46460,7433,3567,3866,13007,6331,6676,14865,7146,7719,13006,6188,6818,7432,3595,3837,1858,902,956,
46465,7434,3568,3866,13008,6331,6677,14866,7146,7720,13008,6190,6818,7432,3595,3837,1858,902,956,
46470,7435,3569,3866,13010,6332,6678,14869,7147,7722,13009,6191,6818,7433,3596,3837,1858,902,956,
46475,7435,3569,3866,13011,6332,6679,14869,7147,7722,13010,6191,6819,7433,3596,3837,1859,902,957,
46480,7436,3569,3867,13012,6333,6679,14870,7147,7723,13011,6191,6820,7435,3597,3838,1859,902,957,
46485,7437,3569,3868,13014,6333,6681,14873,7147,7726,13013,6192,6821,7436,3598,3838,1859,902,957,
46490,7438,3570,3868,13015,6334,6681,14874,7147,7727,13015,6192,6823,7436,3598,3838,1859,902,957,
46495,7439,3570,3869,13017,6334,6683,14877,7148,7729,13016,6192,6824,7437,3598,3839,1859,902,957,
46500,7439,3570,3869,13018,6334,6684,14877,7148,7729,13017,6192,6825,7437,3598,3839,1860,902,958,
46505,7440,3570,3870,13019,6335,6684,14878,7149,7729,13018,6193,6825,7439,3599,3840,1860,902,958,
46510,7441,3570,3871,13021,6336,6685,14881,7150,7731,13020,6193,6827,7440,3600,3840,1860,902,958,
46515,7442,3570,3872,13022,6337,6685,14882,7151,7731,13022,6193,6829,7440,3600,3840,1860,902,958,
46520,7443,3570,3873,13024,6338,6686,14885,7153,7732,13023,6194,6829,7441,3601,3840,1860,902,958,
46525,7443,3570,3873,13025,6338,6687,14885,7153,7732,13024,6195,6829,7441,3601,3840,1861,902,959,
46530,7444,3571,3873,13026,6338,6688,14886,7154,7732,13025,6196,6829,7443,3602,3841,1861,902,959,
46535,7445,3572,3873,13028,6340,6688,14889,7155,7734,13027,6197,6830,7444,3603,3841,1861,902,959,
46540,7446,3573,3873,13029,6341,6688,14890,7155,7735,13029,6198,6831,7444,3603,3841,1861,902,959,
46545,7447,3573,3874,13031,6341,6690,14893,7156,7737,13030,6199,6831,7445,3604,3841,1861,902,959,
46550,7447,3573,3874,13032,6342,6690,14893,7156,7737,13031,6199,6832,7445,3604,3841,1862,902,960,
46555,7448,3574,3874,13033,6343,6690,14894,7156,7738,13032,6199,6833,7447,3606,3841,1862,902,960,
46560,7449,3574,3875,13035,6345,6690,14897,7157,7740,13034,6200,6834,7448,3607,3841,1862,902,960,
46565,7450,3574,3876,13036,6345,6691,14898,7158,7740,13036,6201,6835,7448,3607,3841,1862,902,960,
46570,7451,3574,3877,13038,6347,6691,14901,7159,7742,13037,6201,6836,7449,3608,3841,1862,902,960,
46575,7451,3574,3877,13039,6347,6692,14901,7159,7742,13038,6202,6836,7449,3608,3841,1863,902,961,
46580,7452,3574,3878,13040,6347,6693,14902,7160,7742,13039,6203,6836,7451,3609,3842,1863,902,961,
46585,7453,3574,3879,13042,6349,6693,14905,7161,7744,13041,6203,6838,7452,3610,3842,1863,902,961,
46590,7454,3574,3880,13043,6350,6693,14906,7161,7745,13043,6203,6840,7452,3610,3842,1863,902,961,
46595,7455,3575,3880,13045,6350,6695,14909,7162,7747,13044,6203,6841,7453,3611,3842,1863,902,961,
46600,7455,3575,3880,13046,6351,6695,14909,7162,7747,13045,6203,6842,7453,3611,3842,1864,902,962,
46605,7456,3575,3881,13047,6352,6695,14910,7162,7748,13046,6203,6843,7455,3612,3843,1864,902,962,
46610,7457,3576,3881,13049,6352,6697,14913,7164,7749,13048,6204,6844,7456,3612,3844,1864,902,962,
46615,7458,3577,3881,13050,6353,6697,14914,7165,7749,13050,6205,6845,7456,3612,3844,1864,902,962,
46620,7459,3578,3881,13052,6353,6699,14917,7166,7751,13051,6206,6845,7457,3613,3844,1864,902,962,
46625,7459,3578,3881,13053,6353,6700,14917,7166,7751,13052,6207,6845,7457,3613,3844,1865,902,963,
46630,7460,3578,3882,13054,6354,6700,14918,7166,7752,13053,6208,6845,7459,3614,3845,1865,902,963,
46635,7461,3579,3882,13056,6356,6700,14921,7167,7754,13055,6210,6845,7460,3614,3846,1865,902,963,
46640,7462,3580,3882,13057,6356,6701,14922,7167,7755,13057,6211,6846,7460,3614,3846,1865,902,963,
46645,7463,3581,3882,13059,6356,6703,14925,7169,7756,13058,6212,6846,7461,3614,3847,1865,902,963,
46650,7463,3581,3882,13060,6357,6703,14925,7169,7756,13059,6212,6847,7461,3614,3847,1866,902,964,
46655,7464,3582,3882,13061,6357,6704,14926,7169,7757,13060,6212,6848,7463,3614,3849,1866,902,964,
46660,7465,3583,3882,13063,6357,6706,14929,7171,7758,13062,6213,6849,7464,3614,3850,1866,902,964,
46665,7466,3584,3882,13064,6358,6706,14930,7171,7759,13064,6215,6849,7464,3614,3850,1866,902,964,
46670,7467,3584,3883,13066,6359,6707,14933,7172,7761,13065,6215,6850,7465,3614,3851,1866,902,964,
46675,7467,3584,3883,13067,6359,6708,14933,7172,7761,13066,6216,6850,7465,3614,3851,1867,902,965,
46680,7468,3585,3883,13068,6360,6708,14934,7173,7761,13067,6217,6850,7467,3615,3852,1867,902,965,
46685,7469,3585,3884,13070,6360,6710,14937,7174,7763,13069,6219,6850,7468,3616,3852,1867,902,965,
46690,7470,3586,3884,13071,6361,6710,14938,7175,7763,13071,6221,6850,7468,3616,3852,1867,902,965,
46695,7471,3586,3885,13073,6362,6711,14941,7176,7765,13072,6221,6851,7469,3617,3852,1867,902,965,
46700,7471,3586,3885,13074,6363,6711,14941,7176,7765,13073,6221,6852,7469,3617,3852,1868,902,966,
46705,7472,3586,3886,13075,6363,6712,14942,7176,7766,13074,6222,6852,7471,3618,3853,1868,902,966,
46710,7473,3586,3887,13077,6364,6713,14945,7178,7767,13076,6223,6853,7472,3618,3854,1868,902,966,
46715,7474,3587,3887,13078,6365,6713,14946,7178,7768,13078,6225,6853,7472,3618,3854,1868,902,966,
46720,7475,3588,3887,13080,6366,6714,14949,7178,7771,13079,6225,6854,7473,3618,3855,1868,902,966,
46725,7475,3588,3887,13081,6366,6715,14949,7178,7771,13080,6225,6855,7473,3618,3855,1869,902,967,
46730,7476,3589,3887,13082,6366,6716,14950,7178,7772,13081,6226,6855,7475,3620,3855,1869,902,967,
46735,7477,3589,3888,13084,6367,6717,14953,7181,7772,13083,6227,6856,7476,3621,3855,1869,902,967,
46740,7478,3589,3889,13085,6367,6718,14954,7181,7773,13085,6228,6857,7476,3621,3855,1869,902,967,
46745,7479,3590,3889,13087,6367,6720,14957,7181,7776,13086,6229,6857,7477,3622,3855,1869,902,967,
46750,7479,3590,3889,13088,6367,6721,14957,7181,7776,13087,6229,6858,7477,3622,3855,1870,902,968,
46755,7480,3590,3890,13089,6368,6721,14958,7182,7776,13088,6229,6859,7479,3623,3856,1870,902,968,
46760,7481,3590,3891,13091,6369,6722,14961,7185,7776,13090,6230,6860,7480,3623,3857,1870,902,968,
46765,7482,3590,3892,13092,6369,6723,14962,7185,7777,13092,6231,6861,7480,3623,3857,1870,902,968,
46770,7483,3590,3893,13094,6370,6724,14965,7186,7779,13093,6232,6861,7481,3624,3857,1870,902,968,
46775,7483,3590,3893,13095,6370,6725,14965,7186,7779,13094,6233,6861,7481,3624,3857,1871,903,968,
46780,7484,3590,3894,13096,6370,6726,14966,7187,7779,13095,6234,6861,7483,3625,3858,1871,903,968,
46785,7485,3591,3894,13098,6370,6728,14969,7188,7781,13097,6236,6861,7484,3626,3858,1871,903,968,
46790,7486,3592,3894,13099,6370,6729,14970,7189,7781,13099,6237,6862,7484,3626,3858,1871,903,968,
46795,7487,3593,3894,13101,6371,6730,14973,7191,7782,13100,6238,6862,7485,3627,3858,1871,903,968,
46800,7487,3593,3894,13102,6372,6730,14973,7191,7782,13101,6239,6862,7485,3627,3858,1872,904,968,
46805,7488,3593,3895,13103,6373,6730,14974,7192,7782,13102,6240,6862,7487,3628,3859,1872,904,968,
46810,7489,3593,3896,13105,6374,6731,14977,7195,7782,13104,6241,6863,7488,3629,3859,1872,904,968,
46815,7490,3593,3897,13106,6375,6731,14978,7195,7783,13106,6242,6864,7488,3629,3859,1872,904,968,
46820,7491,3593,3898,13108,6376,6732,14981,7196,7785,13107,6242,6865,7489,3630,3859,1872,904,968,
46825,7491,3593,3898,13109,6377,6732,14981,7196,7785,13108,6243,6865,7489,3630,3859,1873,905,968,
46830,7492,3593,3899,13110,6377,6733,14982,7196,7786,13109,6243,6866,7491,3631,3860,1873,905,968,
46835,7493,3594,3899,13112,6378,6734,14985,7199,7786,13111,6244,6867,7492,3632,3860,1873,905,968,
46840,7494,3595,3899,13113,6379,6734,14986,7199,7787,13113,6245,6868,7492,3632,3860,1873,905,968,
46845,7495,3596,3899,13115,6380,6735,14989,7201,7788,13114,6245,6869,7493,3633,3860,1873,905,968,
46850,7495,3596,3899,13116,6380,6736,14989,7201,7788,13115,6246,6869,7493,3633,3860,1874,905,969,
46855,7496,3596,3900,13117,6381,6736,14990,7201,7789,13116,6247,6869,7495,3634,3861,1874,905,969,
46860,7497,3597,3900,13119,6382,6737,14993,7201,7792,13118,6248,6870,7496,3634,3862,1874,905,969,
46865,7498,3598,3900,13120,6382,6738,14994,7201,7793,13120,6248,6872,7496,3634,3862,1874,905,969,
46870,7499,3599,3900,13122,6382,6740,14997,7202,7795,13121,6248,6873,7497,3635,3862,1874,905,969,
46875,7499,3599,3900,13123,6383,6740,14997,7202,7795,13122,6249,6873,7497,3635,3862,1875,906,969,
46880,7500,3600,3900,13124,6383,6741,14998,7202,7796,13123,6250,6873,7499,3636,3863,1875,906,969,
46885,7501,3600,3901,13126,6383,6743,15001,7203,7798,13125,6251,6874,7500,3637,3863,1875,906,969,
46890,7502,3601,3901,13127,6383,6744,15002,7204,7798,13127,6251,6876,7500,3637,3863,1875,906,969,
46895,7503,3601,3902,13129,6383,6746,15005,7206,7799,13128,6251,6877,7501,3638,3863,1875,906,969,
46900,7503,3601,3902,13130,6383,6747,15005,7206,7799,13129,6251,6878,7501,3638,3863,1876,906,970,
46905,7504,3602,3902,13131,6383,6748,15006,7207,7799,13130,6251,6879,7503,3639,3864,1876,906,970,
46910,7505,3602,3903,13133,6384,6749,15009,7207,7802,13132,6253,6879,7504,3640,3864,1876,906,970,
46915,7506,3602,3904,13134,6384,6750,15010,7208,7802,13134,6255,6879,7504,3640,3864,1876,906,970,
46920,7507,3603,3904,13136,6384,6752,15013,7209,7804,13135,6255,6880,7505,3640,3865,1876,906,970,
46925,7507,3603,3904,13137,6384,6753,15013,7209,7804,13136,6256,6880,7505,3640,3865,1877,906,971,
46930,7508,3603,3905,13138,6385,6753,15014,7210,7804,13137,6256,6881,7507,3642,3865,1877,906,971,
46935,7509,3603,3906,13140,6385,6755,15017,7212,7805,13139,6257,6882,7508,3643,3865,1877,906,971,
46940,7510,3604,3906,13141,6386,6755,15018,7213,7805,13141,6259,6882,7508,3643,3865,1877,906,971,
46945,7511,3604,3907,13143,6387,6756,15021,7215,7806,13142,6260,6882,7509,3643,3866,1877,906,971,
46950,7511,3604,3907,13144,6388,6756,15021,7215,7806,13143,6261,6882,7509,3643,3866,1878,906,972,
46955,7512,3605,3907,13145,6388,6757,15022,7215,7807,13144,6261,6883,7511,3644,3867,1878,906,972,
46960,7513,3606,3907,13147,6388,6759,15025,7218,7807,13146,6262,6884,7512,3645,3867,1878,906,972,
46965,7514,3607,3907,13148,6389,6759,15026,7218,7808,13148,6262,6886,7512,3645,3867,1878,906,972,
46970,7515,3608,3907,13150,6391,6759,15029,7218,7811,13149,6263,6886,7513,3646,3867,1878,906,972,
46975,7515,3608,3907,13151,6392,6759,15029,7218,7811,13150,6263,6887,7513,3646,3867,1879,906,973,
46980,7516,3608,3908,13152,6392,6760,15030,7219,7811,13151,6263,6888,7515,3647,3868,1879,906,973,
46985,7517,3608,3909,13154,6394,6760,15033,7221,7812,13153,6264,6889,7516,3648,3868,1879,906,973,
46990,7518,3609,3909,13155,6395,6760,15034,7222,7812,13155,6265,6890,7516,3648,3868,1879,906,973,
46995,7519,3609,3910,13157,6396,6761,15037,7223,7814,13156,6266,6890,7517,3649,3868,1879,906,973,
47000,7519,3609,3910,13158,6396,6762,15037,7223,7814,13157,6266,6891,7517,3649,3868,1880,906,974,
47005,7520,3610,3910,13159,6397,6762,15038,7223,7815,13158,6267,6891,7519,3650,3869,1880,906,974,
47010,7521,3611,3910,13161,6398,6763,15041,7225,7816,13160,6269,6891,7520,3650,3870,1880,906,974,
47015,7522,3612,3910,13162,6399,6763,15042,7226,7816,13162,6271,6891,7520,3650,3870,1880,906,974,
47020,7523,3613,3910,13164,6400,6764,15045,7228,7817,13163,6272,6891,7521,3650,3871,1880,906,974,
47025,7523,3613,3910,13165,6400,6765,15045,7228,7817,13164,6272,6892,7521,3650,3871,1881,907,974,
47030,7524,3614,3910,13166,6401,6765,15046,7228,7818,13165,6273,6892,7523,3650,3873,1881,907,974,
47035,7525,3614,3911,13168,6402,6766,15049,7229,7820,13167,6275,6892,7524,3650,3874,1881,907,974,
47040,7526,3615,3911,13169,6403,6766,15050,7229,7821,13169,6275,6894,7524,3650,3874,1881,907,974,
47045,7527,3616,3911,13171,6403,6768,15053,7231,7822,13170,6275,6895,7525,3650,3875,1881,907,974,
47050,7527,3616,3911,13172,6404,6768,15053,7231,7822,13171,6276,6895,7525,3650,3875,1882,908,974,
47055,7528,3617,3911,13173,6404,6769,15054,7232,7822,13172,6276,6896,7527,3651,3876,1882,908,974,
47060,7529,3617,3912,13175,6406,6769,15057,7234,7823,13174,6277,6897,7528,3652,3876,1882,908,974,
47065,7530,3618,3912,13176,6406,6770,15058,7235,7823,13176,6279,6897,7528,3652,3876,1882,908,974,
47070,7531,3619,3912,13178,6407,6771,15061,7237,7824,13177,6280,6897,7529,3653,3876,1882,908,974,
47075,7531,3619,3912,13179,6407,6772,15061,7237,7824,13178,6280,6898,7529,3653,3876,1883,909,974,
47080,7532,3619,3913,13180,6408,6772,15062,7238,7824,13179,6280,6899,7531,3655,3876,1883,909,974,
47085,7533,3619,3914,13182,6410,6772,15065,7239,7826,13181,6281,6900,7532,3656,3876,1883,909,974,
47090,7534,3619,3915,13183,6410,6773,15066,7240,7826,13183,6281,6902,7532,3656,3876,1883,909,974,
47095,7535,3620,3915,13185,6411,6774,15069,7241,7828,13184,6281,6903,7533,3657,3876,1883,909,974,
47100,7535,3620,3915,13186,6411,6775,15069,7241,7828,13185,6281,6904,7533,3657,3876,1884,909,975,
47105,7536,3621,3915,13187,6411,6776,15070,7241,7829,13186,6282,6904,7535,3658,3877,1884,909,975,
47110,7537,3622,3915,13189,6412,6777,15073,7241,7832,13188,6283,6905,7536,3659,3877,1884,909,975,
47115,7538,3622,3916,13190,6412,6778,15074,7241,7833,13190,6285,6905,7536,3659,3877,1884,909,975,
47120,7539,3622,3917,13192,6414,6778,15077,7242,7835,13191,6286,6905,7537,3659,3878,1884,909,975,
47125,7539,3622,3917,13193,6414,6779,15077,7242,7835,13192,6286,6906,7537,3659,3878,1885,909,976,
47130,7540,3623,3917,13194,6414,6780,15078,7243,7835,13193,6287,6906,7539,3661,3878,1885,909,976,
47135,7541,3624,3917,13196,6414,6782,15081,7245,7836,13195,6288,6907,7540,3661,3879,1885,909,976,
47140,7542,3625,3917,13197,6415,6782,15082,7246,7836,13197,6289,6908,7540,3661,3879,1885,909,976,
47145,7543,3626,3917,13199,6416,6783,15085,7248,7837,13198,6289,6909,7541,3661,3880,1885,909,976,
47150,7543,3626,3917,13200,6416,6784,15085,7248,7837,13199,6290,6909,7541,3661,3880,1886,910,976,
47155,7544,3626,3918,13201,6417,6784,15086,7248,7838,13200,6291,6909,7543,3662,3881,1886,910,976,
47160,7545,3626,3919,13203,6417,6786,15089,7248,7841,13202,6292,6910,7544,3663,3881,1886,910,976,
47165,7546,3626,3920,13204,6418,6786,15090,7248,7842,13204,6293,6911,7544,3663,3881,1886,910,976,
47170,7547,3626,3921,13206,6419,6787,15093,7250,7843,13205,6293,6912,7545,3663,3882,1886,910,976,
47175,7547,3626,3921,13207,6420,6787,15093,7250,7843,13206,6294,6912,7545,3663,3882,1887,911,976,
47180,7548,3627,3921,13208,6421,6787,15094,7250,7844,13207,6295,6912,7547,3664,3883,1887,911,976,
47185,7549,3628,3921,13210,6423,6787,15097,7252,7845,13209,6297,6912,7548,3664,3884,1887,911,976,
47190,7550,3629,3921,13211,6423,6788,15098,7253,7845,13211,6298,6913,7548,3664,3884,1887,911,976,
47195,7551,3629,3922,13213,6423,6790,15101,7255,7846,13212,6298,6914,7549,3665,3884,1887,911,976,
47200,7551,3629,3922,13214,6424,6790,15101,7255,7846,13213,6299,6914,7549,3665,3884,1888,912,976,
47205,7552,3629,3923,13215,6424,6791,15102,7256,7846,13214,6299,6915,7551,3666,3885,1888,912,976,
47210,7553,3630,3923,13217,6425,6792,15105,7256,7849,13216,6300,6916,7552,3667,3885,1888,912,976,
47215,7554,3630,3924,13218,6425,6793,15106,7257,7849,13218,6302,6916,7552,3667,3885,1888,912,976,
47220,7555,3631,3924,13220,6426,6794,15109,7258,7851,13219,6302,6917,7553,3667,3886,1888,912,976,
47225,7555,3631,3924,13221,6426,6795,15109,7258,7851,13220,6302,6918,7553,3667,3886,1889,913,976,
47230,7556,3632,3924,13222,6426,6796,15110,7258,7852,13221,6303,6918,7555,3668,3887,1889,913,976,
47235,7557,3633,3924,13224,6426,6798,15113,7261,7852,13223,6305,6918,7556,3669,3887,1889,913,976,
47240,7558,3634,3924,13225,6427,6798,15114,7261,7853,13225,6307,6918,7556,3669,3887,1889,913,976,
47245,7559,3634,3925,13227,6428,6799,15117,7262,7855,13226,6307,6919,7557,3670,3887,1889,913,976,
47250,7559,3634,3925,13228,6429,6799,15117,7262,7855,13227,6307,6920,7557,3670,3887,1890,913,977,
47255,7560,3634,3926,13229,6429,6800,15118,7263,7855,13228,6308,6920,7559,3670,3889,1890,913,977,
47260,7561,3635,3926,13231,6430,6801,15121,7264,7857,13230,6308,6922,7560,3670,3890,1890,913,977,
47265,7562,3635,3927,13232,6430,6802,15122,7264,7858,13232,6310,6922,7560,3670,3890,1890,913,977,
47270,7563,3635,3928,13234,6431,6803,15125,7264,7861,13233,6311,6922,7561,3671,3890,1890,913,977,
47275,7563,3635,3928,13235,6432,6803,15125,7264,7861,13234,6311,6923,7561,3671,3890,1891,913,978,
47280,7564,3636,3928,13236,6433,6803,15126,7265,7861,13235,6311,6924,7563,3671,3892,1891,913,978,
47285,7565,3636,3929,13238,6433,6805,15129,7266,7863,13237,6313,6924,7564,3672,3892,1891,913,978,
47290,7566,3636,3930,13239,6434,6805,15130,7266,7864,13239,6314,6925,7564,3672,3892,1891,913,978,
47295,7567,3636,3931,13241,6436,6805,15133,7267,7866,13240,6315,6925,7565,3672,3893,1891,913,978,
47300,7567,3636,3931,13242,6436,6806,15133,7267,7866,13241,6315,6926,7565,3672,3893,1892,913,979,
47305,7568,3637,3931,13243,6437,6806,15134,7268,7866,13242,6316,6926,7567,3672,3895,1892,913,979,
47310,7569,3638,3931,13245,6438,6807,15137,7269,7868,13244,6317,6927,7568,3673,3895,1892,913,979,
47315,7570,3638,3932,13246,6439,6807,15138,7269,7869,13246,6319,6927,7568,3673,3895,1892,913,979,
47320,7571,3638,3933,13248,6439,6809,15141,7270,7871,13247,6319,6928,7569,3673,3896,1892,913,979,
47325,7571,3638,3933,13249,6440,6809,15141,7270,7871,13248,6319,6929,7569,3673,3896,1893,913,980,
47330,7572,3638,3934,13250,6440,6810,15142,7270,7872,13249,6319,6930,7571,3673,3898,1893,913,980,
47335,7573,3639,3934,13252,6440,6812,15145,7272,7873,13251,6320,6931,7572,3673,3899,1893,913,980,
47340,7574,3639,3935,13253,6441,6812,15146,7273,7873,13253,6321,6932,7572,3673,3899,1893,913,980,
47345,7575,3640,3935,13255,6442,6813,15149,7274,7875,13254,6322,6932,7573,3674,3899,1893,913,980,
47350,7575,3640,3935,13256,6442,6814,15149,7274,7875,13255,6323,6932,7573,3674,3899,1894,913,981,
47355,7576,3640,3936,13257,6443,6814,15150,7275,7875,13256,6323,6933,7575,3675,3900,1894,913,981,
47360,7577,3640,3937,13259,6445,6814,15153,7277,7876,13258,6324,6934,7576,3676,3900,1894,913,981,
47365,7578,3641,3937,13260,6445,6815,15154,7277,7877,13260,6324,6936,7576,3676,3900,1894,913,981,
47370,7579,3641,3938,13262,6447,6815,15157,7279,7878,13261,6324,6937,7577,3677,3900,1894,913,981,
47375,7579,3641,3938,13263,6448,6815,15157,7279,7878,13262,6324,6938,7577,3677,3900,1895,914,981,
47380,7580,3641,3939,13264,6448,6816,15158,7279,7879,13263,6325,6938,7579,3679,3900,1895,914,981,
47385,7581,3641,3940,13266,6448,6818,15161,7280,7881,13265,6325,6940,7580,3680,3900,1895,914,981,
47390,7582,3641,3941,13267,6448,6819,15162,7281,7881,13267,6325,6942,7580,3680,3900,1895,914,981,
47395,7583,3642,3941,13269,6449,6820,15165,7281,7884,13268,6325,6943,7581,3680,3901,1895,914,981,
47400,7583,3642,3941,13270,6449,6821,15165,7281,7884,13269,6326,6943,7581,3680,3901,1896,915,981,
47405,7584,3642,3942,13271,6449,6822,15166,7282,7884,13270,6326,6944,7583,3680,3903,1896,915,981,
47410,7585,3642,3943,13273,6451,6822,15169,7283,7886,13272,6327,6945,7584,3680,3904,1896,915,981,
47415,7586,3643,3943,13274,6451,6823,15170,7283,7887,13274,6328,6946,7584,3680,3904,1896,915,981,
47420,7587,3644,3943,13276,6452,6824,15173,7285,7888,13275,6328,6947,7585,3681,3904,1896,915,981,
47425,7587,3644,3943,13277,6453,6824,15173,7285,7888,13276,6329,6947,7585,3681,3904,1897,916,981,
47430,7588,3645,3943,13278,6453,6825,15174,7285,7889,13277,6329,6948,7587,3682,3905,1897,916,981,
47435,7589,3646,3943,13280,6454,6826,15177,7287,7890,13279,6330,6949,7588,3682,3906,1897,916,981,
47440,7590,3646,3944,13281,6455,6826,15178,7288,7890,13281,6330,6951,7588,3682,3906,1897,916,981,
47445,7591,3646,3945,13283,6456,6827,15181,7290,7891,13282,6330,6952,7589,3682,3907,1897,916,981,
47450,7591,3646,3945,13284,6457,6827,15181,7290,7891,13283,6330,6953,7589,3682,3907,1898,916,982,
47455,7592,3646,3946,13285,6458,6827,15182,7290,7892,13284,6331,6953,7591,3682,3909,1898,916,982,
47460,7593,3646,3947,13287,6459,6828,15185,7292,7893,13286,6332,6954,7592,3682,3910,1898,916,982,
47465,7594,3647,3947,13288,6460,6828,15186,7293,7893,13288,6333,6955,7592,3682,3910,1898,916,982,
47470,7595,3647,3948,13290,6462,6828,15189,7294,7895,13289,6333,6956,7593,3682,3911,1898,916,982,
47475,7595,3647,3948,13291,6462,6829,15189,7294,7895,13290,6333,6957,7593,3682,3911,1899,916,983,
47480,7596,3648,3948,13292,6463,6829,15190,7295,7895,13291,6333,6958,7595,3684,3911,1899,916,983,
47485,7597,3649,3948,13294,6464,6830,15193,7297,7896,13293,6333,6960,7596,3685,3911,1899,916,983,
47490,7598,3649,3949,13295,6464,6831,15194,7298,7896,13295,6335,6960,7596,3685,3911,1899,916,983,
47495,7599,3649,3950,13297,6464,6833,15197,7300,7897,13296,6335,6961,7597,3686,3911,1899,916,983,
47500,7599,3649,3950,13298,6465,6833,15197,7300,7897,13297,6336,6961,7597,3686,3911,1900,917,983,
47505,7600,3649,3951,13299,6465,6834,15198,7300,7898,13298,6337,6961,7599,3688,3911,1900,917,983,
47510,7601,3649,3952,13301,6465,6836,15201,7302,7899,13300,6339,6961,7600,3688,3912,1900,917,983,
47515,7602,3650,3952,13302,6466,6836,15202,7302,7900,13302,6340,6962,7600,3688,3912,1900,917,983,
47520,7603,3651,3952,13304,6468,6836,15205,7304,7901,13303,6340,6963,7601,3689,3912,1900,917,983,
47525,7603,3651,3952,13305,6469,6836,15205,7304,7901,13304,6340,6964,7601,3689,3912,1901,917,984,
47530,7604,3652,3952,13306,6470,6836,15206,7304,7902,13305,6340,6965,7603,3689,3914,1901,917,984,
47535,7605,3652,3953,13308,6470,6838,15209,7306,7903,13307,6341,6966,7604,3690,3914,1901,917,984,
47540,7606,3653,3953,13309,6470,6839,15210,7307,7903,13309,6342,6967,7604,3690,3914,1901,917,984,
47545,7607,3653,3954,13311,6471,6840,15213,7309,7904,13310,6343,6967,7605,3691,3914,1901,917,984,
47550,7607,3653,3954,13312,6471,6841,15213,7309,7904,13311,6343,6968,7605,3691,3914,1902,917,985,
47555,7608,3653,3955,13313,6471,6842,15214,7310,7904,13312,6343,6969,7607,3692,3915,1902,917,985,
47560,7609,3654,3955,13315,6472,6843,15217,7310,7907,13314,6343,6971,7608,3693,3915,1902,917,985,
47565,7610,3654,3956,13316,6473,6843,15218,7310,7908,13316,6344,6972,7608,3693,3915,1902,917,985,
47570,7611,3655,3956,13318,6473,6845,15221,7312,7909,13317,6345,6972,7609,3694,3915,1902,917,985,
47575,7611,3655,3956,13319,6474,6845,15221,7312,7909,13318,6345,6973,7609,3694,3915,1903,918,985,
47580,7612,3655,3957,13320,6475,6845,15222,7312,7910,13319,6345,6974,7611,3695,3916,1903,918,985,
47585,7613,3656,3957,13322,6477,6845,15225,7313,7912,13321,6346,6975,7612,3695,3917,1903,918,985,
47590,7614,3657,3957,13323,6478,6845,15226,7314,7912,13323,6347,6976,7612,3695,3917,1903,918,985,
47595,7615,3657,3958,13325,6479,6846,15229,7315,7914,13324,6347,6977,7613,3695,3918,1903,918,985,
47600,7615,3657,3958,13326,6479,6847,15229,7315,7914,13325,6347,6978,7613,3695,3918,1904,919,985,
47605,7616,3658,3958,13327,6479,6848,15230,7315,7915,13326,6348,6978,7615,3697,3918,1904,919,985,
47610,7617,3659,3958,13329,6479,6850,15233,7317,7916,13328,6349,6979,7616,3698,3918,1904,919,985,
47615,7618,3659,3959,13330,6479,6851,15234,7318,7916,13330,6349,6981,7616,3698,3918,1904,919,985,
47620,7619,3659,3960,13332,6479,6853,15237,7320,7917,13331,6350,6981,7617,3699,3918,1904,919,985,
47625,7619,3659,3960,13333,6480,6853,15237,7320,7917,13332,6351,6981,7617,3699,3918,1905,920,985,
47630,7620,3659,3961,13334,6480,6854,15238,7320,7918,13333,6351,6982,7619,3699,3920,1905,920,985,
47635,7621,3659,3962,13336,6480,6856,15241,7322,7919,13335,6351,6984,7620,3699,3921,1905,920,985,
47640,7622,3660,3962,13337,6481,6856,15242,7322,7920,13337,6352,6985,7620,3699,3921,1905,920,985,
47645,7623,3660,3963,13339,6481,6858,15245,7325,7920,13338,6352,6986,7621,3700,3921,1905,920,985,
47650,7623,3660,3963,13340,6482,6858,15245,7325,7920,13339,6352,6987,7621,3700,3921,1906,921,985,
47655,7624,3660,3964,13341,6482,6859,15246,7326,7920,13340,6353,6987,7623,3700,3923,1906,921,985,
47660,7625,3661,3964,13343,6484,6859,15249,7327,7922,13342,6354,6988,7624,3701,3923,1906,921,985,
47665,7626,3662,3964,13344,6485,6859,15250,7328,7922,13344,6356,6988,7624,3701,3923,1906,921,985,
47670,7627,3663,3964,13346,6486,6860,15253,7329,7924,13345,6356,6989,7625,3702,3923,1906,921,985,
47675,7627,3663,3964,13347,6486,6861,15253,7329,7924,13346,6356,6990,7625,3702,3923,1907,921,986,
47680,7628,3664,3964,13348,6486,6862,15254,7330,7924,13347,6356,6991,7627,3703,3924,1907,921,986,
47685,7629,3665,3964,13350,6486,6864,15257,7331,7926,13349,6357,6992,7628,3703,3925,1907,921,986,
47690,7630,3666,3964,13351,6486,6865,15258,7332,7926,13351,6358,6993,7628,3703,3925,1907,921,986,
47695,7631,3666,3965,13353,6488,6865,15261,7335,7926,13352,6359,6993,7629,3704,3925,1907,921,986,
47700,7631,3666,3965,13354,6488,6866,15261,7335,7926,13353,6360,6993,7629,3704,3925,1908,921,987,
47705,7632,3667,3965,13355,6488,6867,15262,7335,7927,13354,6360,6994,7631,3705,3926,1908,921,987,
47710,7633,3668,3965,13357,6488,6869,15265,7336,7929,13356,6360,6996,7632,3706,3926,1908,921,987,
47715,7634,3669,3965,13358,6489,6869,15266,7337,7929,13358,6361,6997,7632,3706,3926,1908,921,987,
47720,7635,3669,3966,13360,6489,6871,15269,7337,7932,13359,6361,6998,7633,3707,3926,1908,921,987,
47725,7635,3669,3966,13361,6490,6871,15269,7337,7932,13360,6361,6999,7633,3707,3926,1909,921,988,
47730,7636,3669,3967,13362,6490,6872,15270,7337,7933,13361,6361,7000,7635,3708,3927,1909,921,988,
47735,7637,3669,3968,13364,6491,6873,15273,7339,7934,13363,6363,7000,7636,3708,3928,1909,921,988,
47740,7638,3669,3969,13365,6491,6874,15274,7339,7935,13365,6365,7000,7636,3708,3928,1909,921,988,
47745,7639,3670,3969,13367,6492,6875,15277,7341,7936,13366,6365,7001,7637,3708,3929,1909,921,988,
47750,7639,3670,3969,13368,6493,6875,15277,7341,7936,13367,6366,7001,7637,3708,3929,1910,922,988,
47755,7640,3671,3969,13369,6493,6876,15278,7341,7937,13368,6366,7002,7639,3710,3929,1910,922,988,
47760,7641,3671,3970,13371,6493,6878,15281,7341,7940,13370,6366,7004,7640,3711,3929,1910,922,988,
47765,7642,3671,3971,13372,6494,6878,15282,7342,7940,13372,6366,7006,7640,3711,3929,1910,922,988,
47770,7643,3671,3972,13374,6495,6879,15285,7344,7941,13373,6366,7007,7641,3711,3930,1910,922,988,
47775,7643,3671,3972,13375,6496,6879,15285,7344,7941,13374,6367,7007,7641,3711,3930,1911,923,988,
47780,7644,3672,3972,13376,6496,6880,15286,7344,7942,13375,6367,7008,7643,3712,3931,1911,923,988,
47785,7645,3673,3972,13378,6496,6882,15289,7344,7945,13377,6368,7009,7644,3712,3932,1911,923,988,
47790,7646,3673,3973,13379,6496,6883,15290,7345,7945,13379,6370,7009,7644,3712,3932,1911,923,988,
47795,7647,3673,3974,13381,6498,6883,15293,7346,7947,13380,6371,7009,7645,3713,3932,1911,923,988,
47800,7647,3673,3974,13382,6498,6884,15293,7346,7947,13381,6371,7010,7645,3713,3932,1912,924,988,
47805,7648,3674,3974,13383,6499,6884,15294,7347,7947,13382,6371,7011,7647,3713,3934,1912,924,988,
47810,7649,3674,3975,13385,6499,6886,15297,7348,7949,13384,6372,7012,7648,3713,3935,1912,924,988,
47815,7650,3674,3976,13386,6500,6886,15298,7348,7950,13386,6373,7013,7648,3713,3935,1912,924,988,
47820,7651,3674,3977,13388,6501,6887,15301,7349,7952,13387,6373,7014,7649,3713,3936,1912,924,988,
47825,7651,3674,3977,13389,6501,6888,15301,7349,7952,13388,6374,7014,7649,3713,3936,1913,925,988,
47830,7652,3674,3978,13390,6502,6888,15302,7350,7952,13389,6374,7015,7651,3714,3937,1913,925,988,
47835,7653,3675,3978,13392,6503,6889,15305,7353,7952,13391,6374,7017,7652,3715,3937,1913,925,988,
47840,7654,3676,3978,13393,6504,6889,15306,7354,7952,13393,6374,7019,7652,3715,3937,1913,925,988,
47845,7655,3677,3978,13395,6504,6891,15309,7355,7954,13394,6374,7020,7653,3716,3937,1913,925,988,
47850,7655,3677,3978,13396,6505,6891,15309,7355,7954,13395,6374,7021,7653,3716,3937,1914,926,988,
47855,7656,3678,3978,13397,6505,6892,15310,7356,7954,13396,6375,7021,7655,3717,3938,1914,926,988,
47860,7657,3678,3979,13399,6506,6893,15313,7358,7955,13398,6377,7021,7656,3717,3939,1914,926,988,
47865,7658,3678,3980,13400,6507,6893,15314,7359,7955,13400,6377,7023,7656,3717,3939,1914,926,988,
47870,7659,3678,3981,13402,6508,6894,15317,7361,7956,13401,6378,7023,7657,3717,3940,1914,926,988,
47875,7659,3678,3981,13403,6508,6895,15317,7361,7956,13402,6379,7023,7657,3717,3940,1915,927,988,
47880,7660,3678,3982,13404,6508,6896,15318,7362,7956,13403,6379,7024,7659,3717,3942,1915,927,988,
47885,7661,3678,3983,13406,6509,6897,15321,7363,7958,13405,6380,7025,7660,3718,3942,1915,927,988,
47890,7662,3678,3984,13407,6510,6897,15322,7363,7959,13407,6381,7026,7660,3718,3942,1915,927,988,
47895,7663,3678,3985,13409,6512,6897,15325,7364,7961,13408,6381,7027,7661,3718,3943,1915,927,988,
47900,7663,3678,3985,13410,6512,6898,15325,7364,7961,13409,6381,7028,7661,3718,3943,1916,927,989,
47905,7664,3679,3985,13411,6513,6898,15326,7364,7962,13410,6381,7029,7663,3719,3944,1916,927,989,
47910,7665,3679,3986,13413,6514,6899,15329,7365,7964,13412,6382,7030,7664,3719,3945,1916,927,989,
47915,7666,3680,3986,13414,6514,6900,15330,7366,7964,13414,6384,7030,7664,3719,3945,1916,927,989,
47920,7667,3680,3987,13416,6515,6901,15333,7368,7965,13415,6384,7031,7665,3719,3946,1916,927,989,
47925,7667,3680,3987,13417,6515,6902,15333,7368,7965,13416,6385,7031,7665,3719,3946,1917,927,990,
47930,7668,3681,3987,13418,6515,6903,15334,7369,7965,13417,6385,7032,7667,3719,3948,1917,927,990,
47935,7669,3681,3988,13420,6517,6903,15337,7370,7967,13419,6387,7032,7668,3720,3948,1917,927,990,
47940,7670,3682,3988,13421,6517,6904,15338,7370,7968,13421,6388,7033,7668,3720,3948,1917,927,990,
47945,7671,3682,3989,13423,6519,6904,15341,7371,7970,13422,6388,7034,7669,3721,3948,1917,927,990,
47950,7671,3682,3989,13424,6520,6904,15341,7371,7970,13423,6389,7034,7669,3721,3948,1918,928,990,
47955,7672,3682,3990,13425,6521,6904,15342,7371,7971,13424,6389,7035,7671,3722,3949,1918,928,990,
47960,7673,3683,3990,13427,6522,6905,15345,7371,7974,13426,6389,7037,7672,3723,3949,1918,928,990,
47965,7674,3683,3991,13428,6522,6906,15346,7372,7974,13428,6390,7038,7672,3723,3949,1918,928,990,
47970,7675,3684,3991,13430,6523,6907,15349,7373,7976,13429,6391,7038,7673,3723,3950,1918,928,990,
47975,7675,3684,3991,13431,6524,6907,15349,7373,7976,13430,6392,7038,7673,3723,3950,1919,929,990,
47980,7676,3685,3991,13432,6524,6908,15350,7373,7977,13431,6393,7038,7675,3724,3951,1919,929,990,
47985,7677,3686,3991,13434,6526,6908,15353,7374,7979,13433,6394,7039,7676,3724,3952,1919,929,990,
47990,7678,3687,3991,13435,6526,6909,15354,7374,7980,13435,6395,7040,7676,3724,3952,1919,929,990,
47995,7679,3687,3992,13437,6527,6910,15357,7376,7981,13436,6395,7041,7677,3724,3953,1919,929,990,
48000,7679,3687,3992,13438,6527,6911,15357,7376,7981,13437,6396,7041,7677,3724,3953,1920,930,990,
48005,7680,3688,3992,13439,6527,6912,15358,7377,7981,13438,6397,7041,7679,3726,3953,1920,930,990,
48010,7681,3688,3993,13441,6527,6914,15361,7378,7983,13440,6399,7041,7680,3727,3953,1920,930,990,
48015,7682,3688,3994,13442,6527,6915,15362,7378,7984,13442,6401,7041,7680,3727,3953,1920,930,990,
48020,7683,3689,3994,13444,6529,6915,15365,7380,7985,13443,6401,7042,7681,3727,3954,1920,930,990,
48025,7683,3689,3994,13445,6530,6915,15365,7380,7985,13444,6402,7042,7681,3727,3954,1921,930,991,
48030,7684,3689,3995,13446,6530,6916,15366,7381,7985,13445,6403,7042,7683,3727,3956,1921,930,991,
48035,7685,3689,3996,13448,6532,6916,15369,7382,7987,13447,6404,7043,7684,3727,3957,1921,930,991,
48040,7686,3690,3996,13449,6533,6916,15370,7383,7987,13449,6405,7044,7684,3727,3957,1921,930,991,
48045,7687,3691,3996,13451,6534,6917,15373,7385,7988,13450,6406,7044,7685,3728,3957,1921,930,991,
48050,7687,3691,3996,13452,6535,6917,15373,7385,7988,13451,6407,7044,7685,3728,3957,1922,931,991,
48055,7688,3692,3996,13453,6535,6918,15374,7385,7989,13452,6408,7044,7687,3729,3958,1922,931,991,
48060,7689,3693,3996,13455,6537,6918,15377,7386,7991,13454,6408,7046,7688,3730,3958,1922,931,991,
48065,7690,3693,3997,13456,6538,6918,15378,7387,7991,13456,6409,7047,7688,3730,3958,1922,931,991,
48070,7691,3694,3997,13458,6539,6919,15381,7388,7993,13457,6409,7048,7689,3730,3959,1922,931,991,
48075,7691,3694,3997,13459,6540,6919,15381,7388,7993,13458,6410,7048,7689,3730,3959,1923,932,991,
48080,7692,3694,3998,13460,6540,6920,15382,7389,7993,13459,6410,7049,7691,3731,3960,1923,932,991,
48085,7693,3695,3998,13462,6542,6920,15385,7390,7995,13461,6411,7050,7692,3731,3961,1923,932,991,
48090,7694,3696,3998,13463,6543,6920,15386,7391,7995,13463,6413,7050,7692,3731,3961,1923,932,991,
48095,7695,3697,3998,13465,6545,6920,15389,7392,7997,13464,6413,7051,7693,3731,3962,1923,932,991,
48100,7695,3697,3998,13466,6546,6920,15389,7392,7997,13465,6414,7051,7693,3731,3962,1924,933,991,
48105,7696,3698,3998,13467,6547,6920,15390,7393,7997,13466,6414,7052,7695,3732,3963,1924,933,991,
48110,7697,3699,3998,13469,6548,6921,15393,7393,8000,13468,6414,7054,7696,3733,3963,1924,933,991,
48115,7698,3699,3999,13470,6549,6921,15394,7393,8001,13470,6415,7055,7696,3733,3963,1924,933,991,
48120,7699,3699,4000,13472,6550,6922,15397,7395,8002,13471,6416,7055,7697,3733,3964,1924,933,991,
48125,7699,3699,4000,13473,6551,6922,15397,7395,8002,13472,6416,7056,7697,3733,3964,1925,934,991,
48130,7700,3699,4001,13474,6552,6922,15398,7395,8003,13473,6417,7056,7699,3735,3964,1925,934,991,
48135,7701,3700,4001,13476,6552,6924,15401,7397,8004,13475,6418,7057,7700,3735,3965,1925,934,991,
48140,7702,3701,4001,13477,6552,6925,15402,7398,8004,13477,6419,7058,7700,3735,3965,1925,934,991,
48145,7703,3702,4001,13479,6553,6926,15405,7399,8006,13478,6419,7059,7701,3736,3965,1925,934,991,
48150,7703,3702,4001,13480,6553,6927,15405,7399,8006,13479,6419,7060,7701,3736,3965,1926,934,992,
48155,7704,3703,4001,13481,6554,6927,15406,7399,8007,13480,6420,7060,7703,3737,3966,1926,934,992,
48160,7705,3704,4001,13483,6554,6929,15409,7400,8009,13482,6420,7062,7704,3738,3966,1926,934,992,
48165,7706,3704,4002,13484,6555,6929,15410,7401,8009,13484,6421,7063,7704,3738,3966,1926,934,992,
48170,7707,3705,4002,13486,6556,6930,15413,7404,8009,13485,6422,7063,7705,3739,3966,1926,934,992,
48175,7707,3705,4002,13487,6557,6930,15413,7404,8009,13486,6423,7063,7705,3739,3966,1927,934,993,
48180,7708,3705,4003,13488,6558,6930,15414,7405,8009,13487,6423,7064,7707,3741,3966,1927,934,993,
48185,7709,3706,4003,13490,6559,6931,15417,7406,8011,13489,6423,7066,7708,3742,3966,1927,934,993,
48190,7710,3707,4003,13491,6559,6932,15418,7406,8012,13491,6423,7068,7708,3742,3966,1927,934,993,
48195,7711,3707,4004,13493,6560,6933,15421,7407,8014,13492,6423,7069,7709,3742,3967,1927,934,993,
48200,7711,3707,4004,13494,6560,6934,15421,7407,8014,13493,6424,7069,7709,3742,3967,1928,935,993,
48205,7712,3707,4005,13495,6560,6935,15422,7408,8014,13494,6425,7069,7711,3743,3968,1928,935,993,
48210,7713,3707,4006,13497,6562,6935,15425,7409,8016,13496,6426,7070,7712,3744,3968,1928,935,993,
48215,7714,3708,4006,13498,6563,6935,15426,7409,8017,13498,6426,7072,7712,3744,3968,1928,935,993,
48220,7715,3708,4007,13500,6565,6935,15429,7410,8019,13499,6426,7073,7713,3744,3969,1928,935,993,
48225,7715,3708,4007,13501,6566,6935,15429,7410,8019,13500,6427,7073,7713,3744,3969,1929,935,994,
48230,7716,3708,4008,13502,6567,6935,15430,7411,8019,13501,6428,7073,7715,3744,3971,1929,935,994,
48235,7717,3708,4009,13504,6569,6935,15433,7413,8020,13503,6430,7073,7716,3744,3972,1929,935,994,
48240,7718,3708,4010,13505,6570,6935,15434,7414,8020,13505,6430,7075,7716,3744,3972,1929,935,994,
48245,7719,3709,4010,13507,6570,6937,15437,7415,8022,13506,6430,7076,7717,3744,3973,1929,935,994,
48250,7719,3709,4010,13508,6571,6937,15437,7415,8022,13507,6431,7076,7717,3744,3973,1930,935,995,
48255,7720,3710,4010,13509,6572,6937,15438,7415,8023,13508,6431,7077,7719,3745,3974,1930,935,995,
48260,7721,3711,4010,13511,6573,6938,15441,7415,8026,13510,6432,7078,7720,3745,3975,1930,935,995,
48265,7722,3712,4010,13512,6573,6939,15442,7416,8026,13512,6434,7078,7720,3745,3975,1930,935,995,
48270,7723,3713,4010,13514,6575,6939,15445,7416,8029,13513,6435,7078,7721,3746,3975,1930,935,995,
48275,7723,3713,4010,13515,6576,6939,15445,7416,8029,13514,6435,7079,7721,3746,3975,1931,935,996,
48280,7724,3713,4011,13516,6577,6939,15446,7417,8029,13515,6435,7080,7723,3746,3977,1931,935,996,
48285,7725,3714,4011,13518,6577,6941,15449,7418,8031,13517,6436,7081,7724,3746,3978,1931,935,996,
48290,7726,3715,4011,13519,6577,6942,15450,7419,8031,13519,6437,7082,7724,3746,3978,1931,935,996,
48295,7727,3716,4011,13521,6578,6943,15453,7419,8034,13520,6437,7083,7725,3747,3978,1931,935,996,
48300,7727,3716,4011,13522,6579,6943,15453,7419,8034,13521,6437,7084,7725,3747,3978,1932,936,996,
48305,7728,3716,4012,13523,6579,6944,15454,7419,8035,13522,6437,7085,7727,3747,3980,1932,936,996,
48310,7729,3716,4013,13525,6579,6946,15457,7420,8037,13524,6437,7087,7728,3748,3980,1932,936,996,
48315,7730,3716,4014,13526,6579,6947,15458,7420,8038,13526,6437,7089,7728,3748,3980,1932,936,996,
48320,7731,3717,4014,13528,6581,6947,15461,7421,8040,13527,6437,7090,7729,3749,3980,1932,936,996,
48325,7731,3717,4014,13529,6581,6948,15461,7421,8040,13528,6437,7091,7729,3749,3980,1933,936,997,
48330,7732,3717,4015,13530,6582,6948,15462,7422,8040,13529,6437,7092,7731,3750,3981,1933,936,997,
48335,7733,3717,4016,13532,6584,6948,15465,7424,8041,13531,6438,7093,7732,3751,3981,1933,936,997,
48340,7734,3718,4016,13533,6585,6948,15466,7425,8041,13533,6438,7095,7732,3751,3981,1933,936,997,
48345,7735,3719,4016,13535,6585,6950,15469,7425,8044,13534,6438,7096,7733,3752,3981,1933,936,997,
48350,7735,3719,4016,13536,6585,6951,15469,7425,8044,13535,6439,7096,7733,3752,3981,1934,936,998,
48355,7736,3719,4017,13537,6586,6951,15470,7425,8045,13536,6439,7097,7735,3754,3981,1934,936,998,
48360,7737,3719,4018,13539,6587,6952,15473,7425,8048,13538,6439,7099,7736,3754,3982,1934,936,998,
48365,7738,3719,4019,13540,6588,6952,15474,7426,8048,13540,6440,7100,7736,3754,3982,1934,936,998,
48370,7739,3719,4020,13542,6590,6952,15477,7427,8050,13541,6440,7101,7737,3754,3983,1934,936,998,
48375,7739,3719,4020,13543,6591,6952,15477,7427,8050,13542,6440,7102,7737,3754,3983,1935,936,999,
48380,7740,3719,4021,13544,6592,6952,15478,7428,8050,13543,6441,7102,7739,3756,3983,1935,936,999,
48385,7741,3720,4021,13546,6593,6953,15481,7430,8051,13545,6443,7102,7740,3756,3984,1935,936,999,
48390,7742,3721,4021,13547,6593,6954,15482,7430,8052,13547,6443,7104,7740,3756,3984,1935,936,999,
48395,7743,3721,4022,13549,6594,6955,15485,7432,8053,13548,6443,7105,7741,3756,3985,1935,936,999,
48400,7743,3721,4022,13550,6595,6955,15485,7432,8053,13549,6443,7106,7741,3756,3985,1936,937,999,
48405,7744,3721,4023,13551,6595,6956,15486,7432,8054,13550,6444,7106,7743,3757,3986,1936,937,999,
48410,7745,3722,4023,13553,6596,6957,15489,7435,8054,13552,6444,7108,7744,3758,3986,1936,937,999,
48415,7746,3723,4023,13554,6596,6958,15490,7435,8055,13554,6444,7110,7744,3758,3986,1936,937,999,
48420,7747,3723,4024,13556,6598,6958,15493,7436,8057,13555,6445,7110,7745,3758,3987,1936,937,999,
48425,7747,3723,4024,13557,6599,6958,15493,7436,8057,13556,6446,7110,7745,3758,3987,1937,938,999,
48430,7748,3723,4025,13558,6599,6959,15494,7436,8058,13557,6447,7110,7747,3760,3987,1937,938,999,
48435,7749,3724,4025,13560,6600,6960,15497,7439,8058,13559,6448,7111,7748,3760,3988,1937,938,999,
48440,7750,3725,4025,13561,6600,6961,15498,7440,8058,13561,6449,7112,7748,3760,3988,1937,938,999,
48445,7751,3726,4025,13563,6600,6963,15501,7442,8059,13562,6450,7112,7749,3761,3988,1937,938,999,
48450,7751,3726,4025,13564,6601,6963,15501,7442,8059,13563,6450,7113,7749,3761,3988,1938,938,1000,
48455,7752,3727,4025,13565,6601,6964,15502,7442,8060,13564,6451,7113,7751,3762,3989,1938,938,1000,
48460,7753,3727,4026,13567,6602,6965,15505,7443,8062,13566,6452,7114,7752,3762,3990,1938,938,1000,
48465,7754,3727,4027,13568,6602,6966,15506,7444,8062,13568,6453,7115,7752,3762,3990,1938,938,1000,
48470,7755,3728,4027,13570,6603,6967,15509,7446,8063,13569,6453,7116,7753,3762,3991,1938,938,1000,
48475,7755,3728,4027,13571,6603,6968,15509,7446,8063,13570,6453,7117,7753,3762,3991,1939,939,1000,
48480,7756,3729,4027,13572,6604,6968,15510,7447,8063,13571,6454,7117,7755,3764,3991,1939,939,1000,
48485,7757,3730,4027,13574,6604,6970,15513,7449,8064,13573,6456,7117,7756,3764,3992,1939,939,1000,
48490,7758,3730,4028,13575,6604,6971,15514,7449,8065,13575,6458,7117,7756,3764,3992,1939,939,1000,
48495,7759,3730,4029,13577,6604,6973,15517,7451,8066,13576,6458,7118,7757,3764,3993,1939,939,1000,
48500,7759,3730,4029,13578,6604,6974,15517,7451,8066,13577,6458,7119,7757,3764,3993,1940,939,1001,
48505,7760,3731,4029,13579,6604,6975,15518,7452,8066,13578,6459,7119,7759,3765,3994,1940,939,1001,
48510,7761,3731,4030,13581,6605,6976,15521,7453,8068,13580,6461,7119,7760,3765,3995,1940,939,1001,
48515,7762,3731,4031,13582,6606,6976,15522,7453,8069,13582,6462,7120,7760,3765,3995,1940,939,1001,
48520,7763,3732,4031,13584,6608,6976,15525,7455,8070,13583,6463,7120,7761,3765,3996,1940,939,1001,
48525,7763,3732,4031,13585,6609,6976,15525,7455,8070,13584,6464,7120,7761,3765,3996,1941,939,1002,
48530,7764,3733,4031,13586,6610,6976,15526,7456,8070,13585,6464,7121,7763,3766,3997,1941,939,1002,
48535,7765,3733,4032,13588,6610,6978,15529,7457,8072,13587,6464,7123,7764,3766,3998,1941,939,1002,
48540,7766,3733,4033,13589,6610,6979,15530,7457,8073,13589,6465,7124,7764,3766,3998,1941,939,1002,
48545,7767,3734,4033,13591,6611,6980,15533,7458,8075,13590,6465,7125,7765,3766,3999,1941,939,1002,
48550,7767,3734,4033,13592,6612,6980,15533,7458,8075,13591,6465,7126,7765,3766,3999,1942,940,1002,
48555,7768,3734,4034,13593,6612,6981,15534,7458,8076,13592,6466,7126,7767,3767,4000,1942,940,1002,
48560,7769,3735,4034,13595,6612,6983,15537,7460,8077,13594,6468,7126,7768,3768,4000,1942,940,1002,
48565,7770,3735,4035,13596,6613,6983,15538,7461,8077,13596,6469,7127,7768,3768,4000,1942,940,1002,
48570,7771,3736,4035,13598,6614,6984,15541,7462,8079,13597,6469,7128,7769,3769,4000,1942,940,1002,
48575,7771,3736,4035,13599,6615,6984,15541,7462,8079,13598,6469,7129,7769,3769,4000,1943,941,1002,
48580,7772,3737,4035,13600,6616,6984,15542,7462,8080,13599,6470,7129,7771,3770,4001,1943,941,1002,
48585,7773,3738,4035,13602,6616,6986,15545,7463,8082,13601,6471,7130,7772,3771,4001,1943,941,1002,
48590,7774,3739,4035,13603,6617,6986,15546,7464,8082,13603,6471,7132,7772,3771,4001,1943,941,1002,
48595,7775,3739,4036,13605,6619,6986,15549,7465,8084,13604,6472,7132,7773,3772,4001,1943,941,1002,
48600,7775,3739,4036,13606,6619,6987,15549,7465,8084,13605,6473,7132,7773,3772,4001,1944,941,1003,
48605,7776,3739,4037,13607,6619,6988,15550,7465,8085,13606,6474,7132,7775,3773,4002,1944,941,1003,
48610,7777,3739,4038,13609,6620,6989,15553,7465,8088,13608,6474,7134,7776,3773,4003,1944,941,1003,
48615,7778,3739,4039,13610,6620,6990,15554,7466,8088,13610,6474,7136,7776,3773,4003,1944,941,1003,
48620,7779,3740,4039,13612,6621,6991,15557,7467,8090,13611,6474,7137,7777,3774,4003,1944,941,1003,
48625,7779,3740,4039,13613,6621,6992,15557,7467,8090,13612,6475,7137,7777,3774,4003,1945,941,1004,
48630,7780,3741,4039,13614,6621,6993,15558,7467,8091,13613,6475,7138,7779,3776,4003,1945,941,1004,
48635,7781,3742,4039,13616,6623,6993,15561,7468,8093,13615,6477,7138,7780,3776,4004,1945,941,1004,
48640,7782,3742,4040,13617,6624,6993,15562,7469,8093,13617,6478,7139,7780,3776,4004,1945,941,1004,
48645,7783,3743,4040,13619,6624,6995,15565,7471,8094,13618,6478,7140,7781,3776,4005,1945,941,1004,
48650,7783,3743,4040,13620,6624,6996,15565,7471,8094,13619,6479,7140,7781,3776,4005,1946,942,1004,
48655,7784,3744,4040,13621,6624,6997,15566,7472,8094,13620,6480,7140,7783,3778,4005,1946,942,1004,
48660,7785,3744,4041,13623,6624,6999,15569,7472,8097,13622,6482,7140,7784,3779,4005,1946,942,1004,
48665,7786,3745,4041,13624,6624,7000,15570,7473,8097,13624,6483,7141,7784,3779,4005,1946,942,1004,
48670,7787,3746,4041,13626,6625,7001,15573,7475,8098,13625,6483,7142,7785,3780,4005,1946,942,1004,
48675,7787,3746,4041,13627,6626,7001,15573,7475,8098,13626,6483,7143,7785,3780,4005,1947,942,1005,
48680,7788,3747,4041,13628,6627,7001,15574,7476,8098,13627,6483,7144,7787,3781,4006,1947,942,1005,
48685,7789,3748,4041,13630,6627,7003,15577,7478,8099,13629,6484,7145,7788,3782,4006,1947,942,1005,
48690,7790,3748,4042,13631,6628,7003,15578,7479,8099,13631,6485,7146,7788,3782,4006,1947,942,1005,
48695,7791,3748,4043,13633,6629,7004,15581,7481,8100,13632,6486,7146,7789,3783,4006,1947,942,1005,
48700,7791,3748,4043,13634,6629,7005,15581,7481,8100,13633,6486,7147,7789,3783,4006,1948,942,1006,
48705,7792,3748,4044,13635,6629,7006,15582,7482,8100,13634,6486,7148,7791,3784,4007,1948,942,1006,
48710,7793,3749,4044,13637,6630,7007,15585,7482,8103,13636,6487,7149,7792,3785,4007,1948,942,1006,
48715,7794,3749,4045,13638,6631,7007,15586,7482,8104,13638,6489,7149,7792,3785,4007,1948,942,1006,
48720,7795,3749,4046,13640,6632,7008,15589,7484,8105,13639,6490,7149,7793,3785,4008,1948,942,1006,
48725,7795,3749,4046,13641,6633,7008,15589,7484,8105,13640,6491,7149,7793,3785,4008,1949,942,1007,
48730,7796,3749,4047,13642,6633,7009,15590,7484,8106,13641,6491,7150,7795,3787,4008,1949,942,1007,
48735,7797,3750,4047,13644,6633,7011,15593,7486,8107,13643,6491,7152,7796,3788,4008,1949,942,1007,
48740,7798,3751,4047,13645,6634,7011,15594,7486,8108,13645,6493,7152,7796,3788,4008,1949,942,1007,
48745,7799,3752,4047,13647,6635,7012,15597,7487,8110,13646,6493,7153,7797,3788,4009,1949,942,1007,
48750,7799,3752,4047,13648,6636,7012,15597,7487,8110,13647,6494,7153,7797,3788,4009,1950,943,1007,
48755,7800,3753,4047,13649,6636,7013,15598,7487,8111,13648,6494,7154,7799,3790,4009,1950,943,1007,
48760,7801,3754,4047,13651,6638,7013,15601,7489,8112,13650,6494,7156,7800,3791,4009,1950,943,1007,
48765,7802,3754,4048,13652,6639,7013,15602,7489,8113,13652,6495,7157,7800,3791,4009,1950,943,1007,
48770,7803,3755,4048,13654,6640,7014,15605,7489,8116,13653,6495,7158,7801,3791,4010,1950,943,1007,
48775,7803,3755,4048,13655,6641,7014,15605,7489,8116,13654,6496,7158,7801,3791,4010,1951,943,1008,
48780,7804,3756,4048,13656,6642,7014,15606,7489,8117,13655,6496,7159,7803,3792,4011,1951,943,1008,
48785,7805,3757,4048,13658,6643,7015,15609,7489,8120,13657,6497,7160,7804,3792,4012,1951,943,1008,
48790,7806,3758,4048,13659,6643,7016,15610,7489,8121,13659,6498,7161,7804,3792,4012,1951,943,1008,
48795,7807,3759,4048,13661,6643,7018,15613,7490,8123,13660,6499,7161,7805,3793,4012,1951,943,1008,
48800,7807,3759,4048,13662,6643,7019,15613,7490,8123,13661,6499,7162,7805,3793,4012,1952,944,1008,
48805,7808,3760,4048,13663,6644,7019,15614,7490,8124,13662,6499,7163,7807,3795,4012,1952,944,1008,
48810,7809,3760,4049,13665,6646,7019,15617,7492,8125,13664,6500,7164,7808,3796,4012,1952,944,1008,
48815,7810,3761,4049,13666,6647,7019,15618,7492,8126,13666,6501,7165,7808,3796,4012,1952,944,1008,
48820,7811,3762,4049,13668,6649,7019,15621,7494,8127,13667,6502,7165,7809,3796,4013,1952,944,1008,
48825,7811,3762,4049,13669,6649,7020,15621,7494,8127,13668,6503,7165,7809,3796,4013,1953,945,1008,
48830,7812,3762,4050,13670,6649,7021,15622,7494,8128,13669,6504,7165,7811,3797,4014,1953,945,1008,
48835,7813,3762,4051,13672,6651,7021,15625,7495,8130,13671,6505,7166,7812,3797,4015,1953,945,1008,
48840,7814,3763,4051,13673,6651,7022,15626,7496,8130,13673,6506,7167,7812,3797,4015,1953,945,1008,
48845,7815,3764,4051,13675,6651,7024,15629,7498,8131,13674,6507,7167,7813,3797,4016,1953,945,1008,
48850,7815,3764,4051,13676,6651,7025,15629,7498,8131,13675,6508,7167,7813,3797,4016,1954,946,1008,
48855,7816,3764,4052,13677,6652,7025,15630,7498,8132,13676,6508,7168,7815,3798,4017,1954,946,1008,
48860,7817,3765,4052,13679,6652,7027,15633,7501,8132,13678,6508,7170,7816,3799,4017,1954,946,1008,
48865,7818,3765,4053,13680,6652,7028,15634,7502,8132,13680,6508,7172,7816,3799,4017,1954,946,1008,
48870,7819,3765,4054,13682,6652,7030,15637,7504,8133,13681,6508,7173,7817,3799,4018,1954,946,1008,
48875,7819,3765,4054,13683,6653,7030,15637,7504,8133,13682,6508,7174,7817,3799,4018,1955,946,1009,
48880,7820,3765,4055,13684,6654,7030,15638,7504,8134,13683,6509,7174,7819,3799,4020,1955,946,1009,
48885,7821,3765,4056,13686,6656,7030,15641,7506,8135,13685,6510,7175,7820,3799,4021,1955,946,1009,
48890,7822,3765,4057,13687,6656,7031,15642,7506,8136,13687,6512,7175,7820,3799,4021,1955,946,1009,
48895,7823,3765,4058,13689,6656,7033,15645,7507,8138,13688,6513,7175,7821,3799,4022,1955,946,1009,
48900,7823,3765,4058,13690,6657,7033,15645,7507,8138,13689,6514,7175,7821,3799,4022,1956,946,1010,
48905,7824,3765,4059,13691,6658,7033,15646,7507,8139,13690,6514,7176,7823,3800,4023,1956,946,1010,
48910,7825,3766,4059,13693,6660,7033,15649,7509,8140,13692,6515,7177,7824,3801,4023,1956,946,1010,
48915,7826,3766,4060,13694,6660,7034,15650,7509,8141,13694,6516,7178,7824,3801,4023,1956,946,1010,
48920,7827,3767,4060,13696,6661,7035,15653,7509,8144,13695,6517,7178,7825,3802,4023,1956,946,1010,
48925,7827,3767,4060,13697,6662,7035,15653,7509,8144,13696,6518,7178,7825,3802,4023,1957,947,1010,
48930,7828,3768,4060,13698,6662,7036,15654,7510,8144,13697,6519,7178,7827,3804,4023,1957,947,1010,
48935,7829,3769,4060,13700,6663,7037,15657,7512,8145,13699,6519,7180,7828,3805,4023,1957,947,1010,
48940,7830,3769,4061,13701,6663,7038,15658,7513,8145,13701,6520,7181,7828,3805,4023,1957,947,1010,
48945,7831,3770,4061,13703,6663,7040,15661,7515,8146,13702,6520,7182,7829,3806,4023,1957,947,1010,
48950,7831,3770,4061,13704,6664,7040,15661,7515,8146,13703,6520,7183,7829,3806,4023,1958,948,1010,
48955,7832,3770,4062,13705,6665,7040,15662,7516,8146,13704,6521,7183,7831,3806,4025,1958,948,1010,
48960,7833,3771,4062,13707,6666,7041,15665,7517,8148,13706,6523,7183,7832,3807,4025,1958,948,1010,
48965,7834,3772,4062,13708,6666,7042,15666,7517,8149,13708,6523,7185,7832,3807,4025,1958,948,1010,
48970,7835,3773,4062,13710,6667,7043,15669,7518,8151,13709,6523,7186,7833,3808,4025,1958,948,1010,
48975,7835,3773,4062,13711,6668,7043,15669,7518,8151,13710,6523,7187,7833,3808,4025,1959,949,1010,
48980,7836,3773,4063,13712,6668,7044,15670,7519,8151,13711,6524,7187,7835,3809,4026,1959,949,1010,
48985,7837,3774,4063,13714,6669,7045,15673,7522,8151,13713,6526,7187,7836,3810,4026,1959,949,1010,
48990,7838,3774,4064,13715,6670,7045,15674,7523,8151,13715,6527,7188,7836,3810,4026,1959,949,1010,
48995,7839,3774,4065,13717,6672,7045,15677,7523,8154,13716,6527,7189,7837,3810,4027,1959,949,1010,
49000,7839,3774,4065,13718,6673,7045,15677,7523,8154,13717,6527,7190,7837,3810,4027,1960,950,1010,
49005,7840,3774,4066,13719,6673,7046,15678,7524,8154,13718,6528,7190,7839,3810,4029,1960,950,1010,
49010,7841,3774,4067,13721,6675,7046,15681,7527,8154,13720,6529,7191,7840,3811,4029,1960,950,1010,
49015,7842,3774,4068,13722,6676,7046,15682,7527,8155,13722,6531,7191,7840,3811,4029,1960,950,1010,
49020,7843,3775,4068,13724,6678,7046,15685,7528,8157,13723,6531,7192,7841,3812,4029,1960,950,1010,
49025,7843,3775,4068,13725,6678,7047,15685,7528,8157,13724,6532,7192,7841,3812,4029,1961,951,1010,
49030,7844,3776,4068,13726,6679,7047,15686,7529,8157,13725,6532,7193,7843,3813,4030,1961,951,1010,
49035,7845,3777,4068,13728,6680,7048,15689,7530,8159,13727,6532,7195,7844,3813,4031,1961,951,1010,
49040,7846,3777,4069,13729,6680,7049,15690,7531,8159,13729,6533,7196,7844,3813,4031,1961,951,1010,
49045,7847,3778,4069,13731,6681,7050,15693,7533,8160,13730,6534,7196,7845,3813,4032,1961,951,1010,
49050,7847,3778,4069,13732,6681,7051,15693,7533,8160,13731,6535,7196,7845,3813,4032,1962,952,1010,
49055,7848,3779,4069,13733,6682,7051,15694,7534,8160,13732,6536,7196,7847,3815,4032,1962,952,1010,
49060,7849,3779,4070,13735,6682,7053,15697,7536,8161,13734,6537,7197,7848,3816,4032,1962,952,1010,
49065,7850,3780,4070,13736,6682,7054,15698,7536,8162,13736,6538,7198,7848,3816,4032,1962,952,1010,
49070,7851,3781,4070,13738,6682,7056,15701,7536,8165,13737,6538,7199,7849,3817,4032,1962,952,1010,
49075,7851,3781,4070,13739,6682,7057,15701,7536,8165,13738,6539,7199,7849,3817,4032,1963,952,1011,
49080,7852,3781,4071,13740,6683,7057,15702,7537,8165,13739,6540,7199,7851,3817,4034,1963,952,1011,
49085,7853,3781,4072,13742,6685,7057,15705,7538,8167,13741,6542,7199,7852,3818,4034,1963,952,1011,
49090,7854,3782,4072,13743,6685,7058,15706,7539,8167,13743,6542,7201,7852,3818,4034,1963,952,1011,
49095,7855,3783,4072,13745,6685,7060,15709,7540,8169,13744,6542,7202,7853,3818,4035,1963,952,1011,
49100,7855,3783,4072,13746,6686,7060,15709,7540,8169,13745,6543,7202,7853,3818,4035,1964,953,1011,
49105,7856,3783,4073,13747,6686,7061,15710,7540,8170,13746,6543,7203,7855,3819,4036,1964,953,1011,
49110,7857,3783,4074,13749,6687,7062,15713,7543,8170,13748,6543,7205,7856,3819,4037,1964,953,1011,
49115,7858,3783,4075,13750,6687,7063,15714,7544,8170,13750,6544,7206,7856,3819,4037,1964,953,1011,
49120,7859,3784,4075,13752,6688,7064,15717,7546,8171,13751,6545,7206,7857,3820,4037,1964,953,1011,
49125,7859,3784,4075,13753,6689,7064,15717,7546,8171,13752,6545,7207,7857,3820,4037,1965,953,1012,
49130,7860,3784,4076,13754,6690,7064,15718,7547,8171,13753,6545,7208,7859,3821,4038,1965,953,1012,
49135,7861,3785,4076,13756,6691,7065,15721,7547,8174,13755,6545,7210,7860,3821,4039,1965,953,1012,
49140,7862,3786,4076,13757,6691,7066,15722,7548,8174,13757,6546,7211,7860,3821,4039,1965,953,1012,
49145,7863,3787,4076,13759,6692,7067,15725,7549,8176,13758,6546,7212,7861,3821,4040,1965,953,1012,
49150,7863,3787,4076,13760,6692,7068,15725,7549,8176,13759,6546,7213,7861,3821,4040,1966,953,1013,
49155,7864,3787,4077,13761,6692,7069,15726,7549,8177,13760,6546,7214,7863,3822,4041,1966,953,1013,
49160,7865,3787,4078,13763,6693,7070,15729,7550,8179,13762,6547,7215,7864,3822,4042,1966,953,1013,
49165,7866,3788,4078,13764,6694,7070,15730,7551,8179,13764,6548,7216,7864,3822,4042,1966,953,1013,
49170,7867,3789,4078,13766,6696,7070,15733,7552,8181,13765,6548,7217,7865,3822,4043,1966,953,1013,
49175,7867,3789,4078,13767,6697,7070,15733,7552,8181,13766,6549,7217,7865,3822,4043,1967,954,1013,
49180,7868,3789,4079,13768,6697,7071,15734,7553,8181,13767,6550,7217,7867,3823,4044,1967,954,1013,
49185,7869,3790,4079,13770,6697,7073,15737,7555,8182,13769,6551,7218,7868,3823,4045,1967,954,1013,
49190,7870,3790,4080,13771,6698,7073,15738,7555,8183,13771,6552,7219,7868,3823,4045,1967,954,1013,
49195,7871,3790,4081,13773,6699,7074,15741,7558,8183,13772,6553,7219,7869,3823,4046,1967,954,1013,
49200,7871,3790,4081,13774,6699,7075,15741,7558,8183,13773,6554,7219,7869,3823,4046,1968,955,1013,
49205,7872,3790,4082,13775,6699,7076,15742,7559,8183,13774,6555,7219,7871,3824,4047,1968,955,1013,
49210,7873,3790,4083,13777,6700,7077,15745,7560,8185,13776,6555,7221,7872,3825,4047,1968,955,1013,
49215,7874,3790,4084,13778,6701,7077,15746,7560,8186,13778,6555,7223,7872,3825,4047,1968,955,1013,
49220,7875,3791,4084,13780,6702,7078,15749,7561,8188,13779,6556,7223,7873,3826,4047,1968,955,1013,
49225,7875,3791,4084,13781,6702,7079,15749,7561,8188,13780,6556,7224,7873,3826,4047,1969,955,1014,
49230,7876,3791,4085,13782,6702,7080,15750,7561,8189,13781,6557,7224,7875,3827,4048,1969,955,1014,
49235,7877,3791,4086,13784,6704,7080,15753,7563,8190,13783,6558,7225,7876,3828,4048,1969,955,1014,
49240,7878,3791,4087,13785,6704,7081,15754,7563,8191,13785,6560,7225,7876,3828,4048,1969,955,1014,
49245,7879,3791,4088,13787,6704,7083,15757,7565,8192,13786,6560,7226,7877,3828,4049,1969,955,1014,
49250,7879,3791,4088,13788,6704,7084,15757,7565,8192,13787,6560,7227,7877,3828,4049,1970,955,1015,
49255,7880,3792,4088,13789,6705,7084,15758,7566,8192,13788,6560,7228,7879,3828,4051,1970,955,1015,
49260,7881,3792,4089,13791,6706,7085,15761,7569,8192,13790,6560,7230,7880,3829,4051,1970,955,1015,
49265,7882,3792,4090,13792,6707,7085,15762,7569,8193,13792,6560,7232,7880,3829,4051,1970,955,1015,
49270,7883,3792,4091,13794,6708,7086,15765,7570,8195,13793,6560,7233,7881,3830,4051,1970,955,1015,
49275,7883,3792,4091,13795,6708,7087,15765,7570,8195,13794,6561,7233,7881,3830,4051,1971,956,1015,
49280,7884,3793,4091,13796,6709,7087,15766,7571,8195,13795,6561,7234,7883,3831,4052,1971,956,1015,
49285,7885,3793,4092,13798,6709,7089,15769,7572,8197,13797,6563,7234,7884,3831,4053,1971,956,1015,
49290,7886,3793,4093,13799,6709,7090,15770,7573,8197,13799,6564,7235,7884,3831,4053,1971,956,1015,
49295,7887,3794,4093,13801,6710,7091,15773,7574,8199,13800,6565,7235,7885,3832,4053,1971,956,1015,
49300,7887,3794,4093,13802,6710,7092,15773,7574,8199,13801,6565,7236,7885,3832,4053,1972,957,1015,
49305,7888,3795,4093,13803,6711,7092,15774,7574,8200,13802,6565,7237,7887,3833,4054,1972,957,1015,
49310,7889,3795,4094,13805,6712,7093,15777,7574,8203,13804,6566,7238,7888,3833,4055,1972,957,1015,
49315,7890,3795,4095,13806,6712,7094,15778,7574,8204,13806,6566,7240,7888,3833,4055,1972,957,1015,
49320,7891,3795,4096,13808,6714,7094,15781,7576,8205,13807,6566,7241,7889,3833,4056,1972,957,1015,
49325,7891,3795,4096,13809,6715,7094,15781,7576,8205,13808,6567,7241,7889,3833,4056,1973,958,1015,
49330,7892,3796,4096,13810,6715,7095,15782,7576,8206,13809,6567,7242,7891,3834,4057,1973,958,1015,
49335,7893,3796,4097,13812,6715,7097,15785,7578,8207,13811,6569,7242,7892,3834,4058,1973,958,1015,
49340,7894,3797,4097,13813,6715,7098,15786,7578,8208,13813,6570,7243,7892,3834,4058,1973,958,1015,
49345,7895,3797,4098,13815,6716,7099,15789,7580,8209,13814,6571,7243,7893,3835,4058,1973,958,1015,
49350,7895,3797,4098,13816,6716,7100,15789,7580,8209,13815,6571,7244,7893,3835,4058,1974,959,1015,
49355,7896,3797,4099,13817,6716,7101,15790,7581,8209,13816,6571,7245,7895,3837,4058,1974,959,1015,
49360,7897,3797,4100,13819,6716,7103,15793,7581,8212,13818,6573,7245,7896,3837,4059,1974,959,1015,
49365,7898,3797,4101,13820,6717,7103,15794,7582,8212,13820,6574,7246,7896,3837,4059,1974,959,1015,
49370,7899,3797,4102,13822,6718,7104,15797,7583,8214,13821,6575,7246,7897,3838,4059,1974,959,1015,
49375,7899,3797,4102,13823,6718,7105,15797,7583,8214,13822,6575,7247,7897,3838,4059,1975,959,1016,
49380,7900,3798,4102,13824,6719,7105,15798,7583,8215,13823,6575,7248,7899,3838,4061,1975,959,1016,
49385,7901,3799,4102,13826,6720,7106,15801,7585,8216,13825,6576,7249,7900,3839,4061,1975,959,1016,
49390,7902,3799,4103,13827,6720,7107,15802,7585,8217,13827,6577,7250,7900,3839,4061,1975,959,1016,
49395,7903,3800,4103,13829,6721,7108,15805,7586,8219,13828,6577,7251,7901,3839,4062,1975,959,1016,
49400,7903,3800,4103,13830,6721,7109,15805,7586,8219,13829,6578,7251,7901,3839,4062,1976,960,1016,
49405,7904,3800,4104,13831,6722,7109,15806,7586,8220,13830,6578,7252,7903,3840,4063,1976,960,1016,
49410,7905,3800,4105,13833,6723,7110,15809,7588,8221,13832,6578,7254,7904,3841,4063,1976,960,1016,
49415,7906,3801,4105,13834,6724,7110,15810,7588,8222,13834,6579,7255,7904,3841,4063,1976,960,1016,
49420,7907,3802,4105,13836,6725,7111,15813,7589,8224,13835,6579,7256,7905,3841,4064,1976,960,1016,
49425,7907,3802,4105,13837,6725,7112,15813,7589,8224,13836,6579,7257,7905,3841,4064,1977,960,1017,
49430,7908,3802,4106,13838,6726,7112,15814,7590,8224,13837,6579,7258,7907,3842,4065,1977,960,1017,
49435,7909,3803,4106,13840,6727,7113,15817,7592,8225,13839,6580,7259,7908,3843,4065,1977,960,1017,
49440,7910,3804,4106,13841,6728,7113,15818,7593,8225,13841,6581,7260,7908,3843,4065,1977,960,1017,
49445,7911,3804,4107,13843,6729,7114,15821,7595,8226,13842,6582,7260,7909,3843,4066,1977,960,1017,
49450,7911,3804,4107,13844,6730,7114,15821,7595,8226,13843,6583,7260,7909,3843,4066,1978,960,1018,
49455,7912,3804,4108,13845,6731,7114,15822,7596,8226,13844,6584,7260,7911,3843,4068,1978,960,1018,
49460,7913,3805,4108,13847,6732,7115,15825,7597,8228,13846,6586,7260,7912,3843,4069,1978,960,1018,
49465,7914,3806,4108,13848,6733,7115,15826,7597,8229,13848,6587,7261,7912,3843,4069,1978,960,1018,
49470,7915,3807,4108,13850,6735,7115,15829,7598,8231,13849,6588,7261,7913,3843,4070,1978,960,1018,
49475,7915,3807,4108,13851,6736,7115,15829,7598,8231,13850,6588,7262,7913,3843,4070,1979,961,1018,
49480,7916,3808,4108,13852,6736,7116,15830,7599,8231,13851,6589,7262,7915,3844,4071,1979,961,1018,
49485,7917,3809,4108,13854,6736,7118,15833,7601,8232,13853,6591,7262,7916,3844,4072,1979,961,1018,
49490,7918,3809,4109,13855,6736,7119,15834,7602,8232,13855,6591,7264,7916,3844,4072,1979,961,1018,
49495,7919,3810,4109,13857,6737,7120,15837,7602,8235,13856,6592,7264,7917,3844,4073,1979,961,1018,
49500,7919,3810,4109,13858,6737,7121,15837,7602,8235,13857,6592,7265,7917,3844,4073,1980,962,1018,
49505,7920,3810,4110,13859,6738,7121,15838,7602,8236,13858,6593,7265,7919,3845,4074,1980,962,1018,
49510,7921,3810,4111,13861,6738,7123,15841,7603,8238,13860,6593,7267,7920,3846,4074,1980,962,1018,
49515,7922,3811,4111,13862,6738,7124,15842,7603,8239,13862,6595,7267,7920,3846,4074,1980,962,1018,
49520,7923,3811,4112,13864,6740,7124,15845,7606,8239,13863,6596,7267,7921,3846,4075,1980,962,1018,
49525,7923,3811,4112,13865,6740,7125,15845,7606,8239,13864,6597,7267,7921,3846,4075,1981,963,1018,
49530,7924,3811,4113,13866,6740,7126,15846,7607,8239,13865,6598,7267,7923,3848,4075,1981,963,1018,
49535,7925,3811,4114,13868,6740,7128,15849,7608,8241,13867,6599,7268,7924,3849,4075,1981,963,1018,
49540,7926,3811,4115,13869,6740,7129,15850,7609,8241,13869,6600,7269,7924,3849,4075,1981,963,1018,
49545,7927,3812,4115,13871,6741,7130,15853,7611,8242,13870,6601,7269,7925,3849,4076,1981,963,1018,
49550,7927,3812,4115,13872,6741,7131,15853,7611,8242,13871,6601,7270,7925,3849,4076,1982,963,1019,
49555,7928,3812,4116,13873,6742,7131,15854,7611,8243,13872,6602,7270,7927,3850,4077,1982,963,1019,
49560,7929,3813,4116,13875,6742,7133,15857,7612,8245,13874,6602,7272,7928,3851,4077,1982,963,1019,
49565,7930,3814,4116,13876,6742,7134,15858,7612,8246,13876,6603,7273,7928,3851,4077,1982,963,1019,
49570,7931,3815,4116,13878,6743,7135,15861,7614,8247,13877,6604,7273,7929,3851,4078,1982,963,1019,
49575,7931,3815,4116,13879,6744,7135,15861,7614,8247,13878,6604,7274,7929,3851,4078,1983,963,1020,
49580,7932,3816,4116,13880,6744,7136,15862,7615,8247,13879,6605,7274,7931,3852,4079,1983,963,1020,
49585,7933,3817,4116,13882,6744,7138,15865,7617,8248,13881,6605,7276,7932,3853,4079,1983,963,1020,
49590,7934,3818,4116,13883,6745,7138,15866,7617,8249,13883,6605,7278,7932,3853,4079,1983,963,1020,
49595,7935,3819,4116,13885,6745,7140,15869,7618,8251,13884,6605,7279,7933,3853,4080,1983,963,1020,
49600,7935,3819,4116,13886,6745,7141,15869,7618,8251,13885,6605,7280,7933,3853,4080,1984,964,1020,
49605,7936,3820,4116,13887,6746,7141,15870,7619,8251,13886,6605,7281,7935,3854,4081,1984,964,1020,
49610,7937,3820,4117,13889,6748,7141,15873,7620,8253,13888,6607,7281,7936,3855,4081,1984,964,1020,
49615,7938,3821,4117,13890,6749,7141,15874,7620,8254,13890,6609,7281,7936,3855,4081,1984,964,1020,
49620,7939,3821,4118,13892,6750,7142,15877,7622,8255,13891,6609,7282,7937,3855,4082,1984,964,1020,
49625,7939,3821,4118,13893,6750,7143,15877,7622,8255,13892,6609,7283,7937,3855,4082,1985,965,1020,
49630,7940,3821,4119,13894,6750,7144,15878,7623,8255,13893,6610,7283,7939,3856,4083,1985,965,1020,
49635,7941,3821,4120,13896,6751,7145,15881,7626,8255,13895,6611,7284,7940,3857,4083,1985,965,1020,
49640,7942,3822,4120,13897,6751,7146,15882,7626,8256,13897,6611,7286,7940,3857,4083,1985,965,1020,
49645,7943,3822,4121,13899,6751,7148,15885,7628,8257,13898,6612,7286,7941,3858,4083,1985,965,1020,
49650,7943,3822,4121,13900,6752,7148,15885,7628,8257,13899,6613,7286,7941,3858,4083,1986,965,1021,
49655,7944,3823,4121,13901,6752,7149,15886,7628,8258,13900,6614,7286,7943,3859,4084,1986,965,1021,
49660,7945,3824,4121,13903,6753,7150,15889,7631,8258,13902,6615,7287,7944,3859,4085,1986,965,1021,
49665,7946,3824,4122,13904,6754,7150,15890,7632,8258,13904,6616,7288,7944,3859,4085,1986,965,1021,
49670,7947,3825,4122,13906,6754,7152,15893,7634,8259,13905,6616,7289,7945,3860,4085,1986,965,1021,
49675,7947,3825,4122,13907,6754,7153,15893,7634,8259,13906,6616,7290,7945,3860,4085,1987,966,1021,
49680,7948,3826,4122,13908,6754,7154,15894,7635,8259,13907,6617,7290,7947,3861,4086,1987,966,1021,
49685,7949,3827,4122,13910,6754,7156,15897,7637,8260,13909,6618,7291,7948,3861,4087,1987,966,1021,
49690,7950,3827,4123,13911,6754,7157,15898,7638,8260,13911,6620,7291,7948,3861,4087,1987,966,1021,
49695,7951,3828,4123,13913,6754,7159,15901,7638,8263,13912,6621,7291,7949,3862,4087,1987,966,1021,
49700,7951,3828,4123,13914,6754,7160,15901,7638,8263,13913,6621,7292,7949,3862,4087,1988,967,1021,
49705,7952,3829,4123,13915,6754,7161,15902,7638,8264,13914,6622,7292,7951,3863,4088,1988,967,1021,
49710,7953,3829,4124,13917,6755,7162,15905,7639,8266,13916,6622,7294,7952,3864,4088,1988,967,1021,
49715,7954,3830,4124,13918,6756,7162,15906,7640,8266,13918,6623,7295,7952,3864,4088,1988,967,1021,
49720,7955,3831,4124,13920,6757,7163,15909,7641,8268,13919,6624,7295,7953,3864,4089,1988,967,1021,
49725,7955,3831,4124,13921,6757,7164,15909,7641,8268,13920,6625,7295,7953,3864,4089,1989,967,1022,
49730,7956,3832,4124,13922,6758,7164,15910,7642,8268,13921,6625,7296,7955,3865,4090,1989,967,1022,
49735,7957,3832,4125,13924,6758,7166,15913,7645,8268,13923,6626,7297,7956,3865,4091,1989,967,1022,
49740,7958,3832,4126,13925,6759,7166,15914,7645,8269,13925,6626,7299,7956,3865,4091,1989,967,1022,
49745,7959,3832,4127,13927,6760,7167,15917,7646,8271,13926,6626,7300,7957,3866,4091,1989,967,1022,
49750,7959,3832,4127,13928,6761,7167,15917,7646,8271,13927,6626,7301,7957,3866,4091,1990,967,1023,
49755,7960,3833,4127,13929,6762,7167,15918,7647,8271,13928,6627,7301,7959,3867,4092,1990,967,1023,
49760,7961,3834,4127,13931,6763,7168,15921,7647,8274,13930,6628,7302,7960,3867,4093,1990,967,1023,
49765,7962,3835,4127,13932,6763,7169,15922,7648,8274,13932,6629,7303,7960,3867,4093,1990,967,1023,
49770,7963,3835,4128,13934,6764,7170,15925,7650,8275,13933,6629,7304,7961,3868,4093,1990,967,1023,
49775,7963,3835,4128,13935,6764,7171,15925,7650,8275,13934,6629,7305,7961,3868,4093,1991,967,1024,
49780,7964,3836,4128,13936,6765,7171,15926,7651,8275,13935,6629,7306,7963,3868,4095,1991,967,1024,
49785,7965,3836,4129,13938,6767,7171,15929,7653,8276,13937,6629,7308,7964,3868,4096,1991,967,1024,
49790,7966,3837,4129,13939,6768,7171,15930,7654,8276,13939,6630,7309,7964,3868,4096,1991,967,1024,
49795,7967,3837,4130,13941,6769,7172,15933,7655,8278,13940,6630,7310,7965,3868,4097,1991,967,1024,
49800,7967,3837,4130,13942,6770,7172,15933,7655,8278,13941,6630,7311,7965,3868,4097,1992,968,1024,
49805,7968,3837,4131,13943,6771,7172,15934,7655,8279,13942,6631,7311,7967,3870,4097,1992,968,1024,
49810,7969,3837,4132,13945,6773,7172,15937,7655,8282,13944,6631,7313,7968,3871,4097,1992,968,1024,
49815,7970,3838,4132,13946,6773,7173,15938,7655,8283,13946,6631,7315,7968,3871,4097,1992,968,1024,
49820,7971,3839,4132,13948,6774,7174,15941,7658,8283,13947,6631,7316,7969,3872,4097,1992,968,1024,
49825,7971,3839,4132,13949,6775,7174,15941,7658,8283,13948,6631,7317,7969,3872,4097,1993,968,1025,
49830,7972,3839,4133,13950,6776,7174,15942,7659,8283,13949,6631,7318,7971,3873,4098,1993,968,1025,
49835,7973,3839,4134,13952,6777,7175,15945,7660,8285,13951,6631,7320,7972,3874,4098,1993,968,1025,
49840,7974,3840,4134,13953,6778,7175,15946,7661,8285,13953,6632,7321,7972,3874,4098,1993,968,1025,
49845,7975,3841,4134,13955,6779,7176,15949,7663,8286,13954,6633,7321,7973,3874,4099,1993,968,1025,
49850,7975,3841,4134,13956,6779,7177,15949,7663,8286,13955,6633,7322,7973,3874,4099,1994,969,1025,
49855,7976,3842,4134,13957,6779,7178,15950,7664,8286,13956,6633,7323,7975,3875,4100,1994,969,1025,
49860,7977,3842,4135,13959,6780,7179,15953,7665,8288,13958,6634,7324,7976,3876,4100,1994,969,1025,
49865,7978,3843,4135,13960,6780,7180,15954,7665,8289,13960,6635,7325,7976,3876,4100,1994,969,1025,
49870,7979,3844,4135,13962,6780,7182,15957,7665,8292,13961,6635,7326,7977,3876,4101,1994,969,1025,
49875,7979,3844,4135,13963,6780,7183,15957,7665,8292,13962,6635,7327,7977,3876,4101,1995,969,1026,
49880,7980,3844,4136,13964,6781,7183,15958,7665,8293,13963,6636,7327,7979,3877,4102,1995,969,1026,
49885,7981,3844,4137,13966,6781,7185,15961,7668,8293,13965,6637,7328,7980,3877,4103,1995,969,1026,
49890,7982,3845,4137,13967,6781,7186,15962,7669,8293,13967,6638,7329,7980,3877,4103,1995,969,1026,
49895,7983,3846,4137,13969,6781,7188,15965,7671,8294,13968,6639,7329,7981,3877,4104,1995,969,1026,
49900,7983,3846,4137,13970,6781,7189,15965,7671,8294,13969,6639,7330,7981,3877,4104,1996,969,1027,
49905,7984,3847,4137,13971,6782,7189,15966,7672,8294,13970,6640,7330,7983,3878,4105,1996,969,1027,
49910,7985,3847,4138,13973,6783,7190,15969,7673,8296,13972,6640,7332,7984,3878,4106,1996,969,1027,
49915,7986,3848,4138,13974,6783,7191,15970,7673,8297,13974,6641,7333,7984,3878,4106,1996,969,1027,
49920,7987,3848,4139,13976,6784,7192,15973,7675,8298,13975,6641,7334,7985,3878,4107,1996,969,1027,
49925,7987,3848,4139,13977,6785,7192,15973,7675,8298,13976,6641,7335,7985,3878,4107,1997,969,1028,
49930,7988,3848,4140,13978,6785,7193,15974,7676,8298,13977,6641,7336,7987,3880,4107,1997,969,1028,
49935,7989,3848,4141,13980,6785,7195,15977,7678,8299,13979,6643,7336,7988,3880,4108,1997,969,1028,
49940,7990,3848,4142,13981,6785,7196,15978,7679,8299,13981,6644,7337,7988,3880,4108,1997,969,1028,
49945,7991,3849,4142,13983,6786,7197,15981,7680,8301,13982,6644,7338,7989,3881,4108,1997,969,1028,
49950,7991,3849,4142,13984,6786,7198,15981,7680,8301,13983,6645,7338,7989,3881,4108,1998,969,1029,
49955,7992,3849,4143,13985,6787,7198,15982,7681,8301,13984,6646,7338,7991,3881,4110,1998,969,1029,
49960,7993,3850,4143,13987,6788,7199,15985,7683,8302,13986,6647,7339,7992,3881,4111,1998,969,1029,
49965,7994,3851,4143,13988,6789,7199,15986,7683,8303,13988,6647,7341,7992,3881,4111,1998,969,1029,
49970,7995,3852,4143,13990,6790,7200,15989,7685,8304,13989,6648,7341,7993,3882,4111,1998,969,1029,
49975,7995,3852,4143,13991,6791,7200,15989,7685,8304,13990,6649,7341,7993,3882,4111,1999,969,1030,
49980,7996,3853,4143,13992,6792,7200,15990,7686,8304,13991,6650,7341,7995,3883,4112,1999,969,1030,
49985,7997,3854,4143,13994,6793,7201,15993,7688,8305,13993,6651,7342,7996,3884,4112,1999,969,1030,
49990,7998,3854,4144,13995,6794,7201,15994,7689,8305,13995,6651,7344,7996,3884,4112,1999,969,1030,
49995,7999,3855,4144,13997,6794,7203,15997,7690,8307,13996,6651,7345,7997,3885,4112,1999,969,1030,
50000,7999,3855,4144,13998,6795,7203,15997,7690,8307,13997,6651,7346,7997,3885,4112,2000,969,1031,
50005,8000,3856,4144,13999,6795,7204,15998,7690,8308,13998,6652,7346,7999,3886,4113,2000,969,1031,
50010,8001,3856,4145,14001,6797,7204,16001,7691,8310,14000,6652,7348,8000,3886,4114,2000,969,1031,
50015,8002,3857,4145,14002,6797,7205,16002,7692,8310,14002,6653,7349,8000,3886,4114,2000,969,1031,
50020,8003,3857,4146,14004,6798,7206,16005,7694,8311,14003,6654,7349,8001,3887,4114,2000,969,1031,
50025,8003,3857,4146,14005,6799,7206,16005,7694,8311,14004,6655,7349,8001,3887,4114,2001,969,1032,
50030,8004,3857,4147,14006,6799,7207,16006,7694,8312,14005,6655,7350,8003,3887,4116,2001,969,1032,
50035,8005,3857,4148,14008,6800,7208,16009,7695,8314,14007,6657,7350,8004,3888,4116,2001,969,1032,
50040,8006,3857,4149,14009,6800,7209,16010,7695,8315,14009,6658,7351,8004,3888,4116,2001,969,1032,
50045,8007,3857,4150,14011,6802,7209,16013,7696,8317,14010,6659,7351,8005,3889,4116,2001,969,1032,
50050,8007,3857,4150,14012,6802,7210,16013,7696,8317,14011,6660,7351,8005,3889,4116,2002,969,1033,
50055,8008,3858,4150,14013,6803,7210,16014,7696,8318,14012,6661,7351,8007,3889,4118,2002,969,1033,
50060,8009,3859,4150,14015,6805,7210,16017,7697,8320,14014,6663,7351,8008,3889,4119,2002,969,1033,
50065,8010,3860,4150,14016,6806,7210,16018,7698,8320,14016,6664,7352,8008,3889,4119,2002,969,1033,
50070,8011,3861,4150,14018,6807,7211,16021,7700,8321,14017,6664,7353,8009,3889,4120,2002,969,1033,
50075,8011,3861,4150,14019,6807,7212,16021,7700,8321,14018,6664,7354,8009,3889,4120,2003,970,1033,
50080,8012,3862,4150,14020,6807,7213,16022,7701,8321,14019,6664,7355,8011,3891,4120,2003,970,1033,
50085,8013,3862,4151,14022,6809,7213,16025,7704,8321,14021,6665,7356,8012,3891,4121,2003,970,1033,
50090,8014,3863,4151,14023,6809,7214,16026,7704,8322,14023,6666,7357,8012,3891,4121,2003,970,1033,
50095,8015,3863,4152,14025,6811,7214,16029,7706,8323,14024,6666,7358,8013,3892,4121,2003,970,1033,
50100,8015,3863,4152,14026,6812,7214,16029,7706,8323,14025,6666,7359,8013,3892,4121,2004,970,1034,
50105,8016,3864,4152,14027,6813,7214,16030,7707,8323,14026,6666,7360,8015,3894,4121,2004,970,1034,
50110,8017,3864,4153,14029,6815,7214,16033,7708,8325,14028,6666,7362,8016,3894,4122,2004,970,1034,
50115,8018,3864,4154,14030,6816,7214,16034,7709,8325,14030,6666,7364,8016,3894,4122,2004,970,1034,
50120,8019,3865,4154,14032,6818,7214,16037,7712,8325,14031,6666,7365,8017,3895,4122,2004,970,1034,
50125,8019,3865,4154,14033,6819,7214,16037,7712,8325,14032,6666,7366,8017,3895,4122,2005,970,1035,
50130,8020,3866,4154,14034,6819,7215,16038,7712,8326,14033,6666,7367,8019,3896,4123,2005,970,1035,
50135,8021,3866,4155,14036,6819,7217,16041,7715,8326,14035,6667,7368,8020,3896,4124,2005,970,1035,
50140,8022,3866,4156,14037,6819,7218,16042,7716,8326,14037,6668,7369,8020,3896,4124,2005,970,1035,
50145,8023,3866,4157,14039,6819,7220,16045,7718,8327,14038,6669,7369,8021,3896,4125,2005,970,1035,
50150,8023,3866,4157,14040,6819,7221,16045,7718,8327,14039,6670,7369,8021,3896,4125,2006,970,1036,
50155,8024,3866,4158,14041,6820,7221,16046,7719,8327,14040,6670,7370,8023,3896,4127,2006,970,1036,
50160,8025,3866,4159,14043,6821,7222,16049,7720,8329,14042,6671,7371,8024,3897,4127,2006,970,1036,
50165,8026,3867,4159,14044,6821,7223,16050,7721,8329,14044,6672,7372,8024,3897,4127,2006,970,1036,
50170,8027,3867,4160,14046,6823,7223,16053,7721,8332,14045,6672,7373,8025,3898,4127,2006,970,1036,
50175,8027,3867,4160,14047,6823,7224,16053,7721,8332,14046,6673,7373,8025,3898,4127,2007,971,1036,
50180,8028,3868,4160,14048,6824,7224,16054,7721,8333,14047,6673,7374,8027,3898,4129,2007,971,1036,
50185,8029,3869,4160,14050,6824,7226,16057,7723,8334,14049,6675,7374,8028,3899,4129,2007,971,1036,
50190,8030,3870,4160,14051,6825,7226,16058,7723,8335,14051,6675,7376,8028,3899,4129,2007,971,1036,
50195,8031,3871,4160,14053,6825,7228,16061,7723,8338,14052,6676,7376,8029,3899,4130,2007,971,1036,
50200,8031,3871,4160,14054,6826,7228,16061,7723,8338,14053,6677,7376,8029,3899,4130,2008,971,1037,
50205,8032,3871,4161,14055,6826,7229,16062,7723,8339,14054,6678,7376,8031,3900,4131,2008,971,1037,
50210,8033,3871,4162,14057,6828,7229,16065,7724,8341,14056,6679,7377,8032,3900,4132,2008,971,1037,
50215,8034,3871,4163,14058,6828,7230,16066,7724,8342,14058,6680,7378,8032,3900,4132,2008,971,1037,
50220,8035,3871,4164,14060,6829,7231,16069,7726,8343,14059,6681,7378,8033,3901,4132,2008,971,1037,
50225,8035,3871,4164,14061,6829,7232,16069,7726,8343,14060,6681,7379,8033,3901,4132,2009,971,1038,
50230,8036,3871,4165,14062,6830,7232,16070,7726,8344,14061,6682,7379,8035,3901,4134,2009,971,1038,
50235,8037,3871,4166,14064,6831,7233,16073,7727,8346,14063,6683,7380,8036,3902,4134,2009,971,1038,
50240,8038,3872,4166,14065,6832,7233,16074,7727,8347,14065,6684,7381,8036,3902,4134,2009,971,1038,
50245,8039,3872,4167,14067,6834,7233,16077,7727,8350,14066,6684,7382,8037,3902,4135,2009,971,1038,
50250,8039,3872,4167,14068,6834,7234,16077,7727,8350,14067,6685,7382,8037,3902,4135,2010,971,1039,
50255,8040,3873,4167,14069,6835,7234,16078,7728,8350,14068,6685,7383,8039,3903,4136,2010,971,1039,
50260,8041,3874,4167,14071,6835,7236,16081,7729,8352,14070,6687,7383,8040,3903,4137,2010,971,1039,
50265,8042,3875,4167,14072,6836,7236,16082,7730,8352,14072,6688,7384,8040,3903,4137,2010,971,1039,
50270,8043,3875,4168,14074,6836,7238,16085,7731,8354,14073,6689,7384,8041,3903,4138,2010,971,1039,
50275,8043,3875,4168,14075,6836,7239,16085,7731,8354,14074,6690,7384,8041,3903,4138,2011,971,1040,
50280,8044,3876,4168,14076,6837,7239,16086,7732,8354,14075,6690,7385,8043,3904,4139,2011,971,1040,
50285,8045,3876,4169,14078,6837,7241,16089,7733,8356,14077,6691,7386,8044,3904,4140,2011,971,1040,
50290,8046,3877,4169,14079,6837,7242,16090,7733,8357,14079,6692,7387,8044,3904,4140,2011,971,1040,
50295,8047,3877,4170,14081,6838,7243,16093,7736,8357,14080,6692,7388,8045,3905,4140,2011,971,1040,
50300,8047,3877,4170,14082,6839,7243,16093,7736,8357,14081,6692,7389,8045,3905,4140,2012,972,1040,
50305,8048,3877,4171,14083,6840,7243,16094,7736,8358,14082,6692,7390,8047,3906,4141,2012,972,1040,
50310,8049,3878,4171,14085,6841,7244,16097,7737,8360,14084,6693,7391,8048,3906,4142,2012,972,1040,
50315,8050,3879,4171,14086,6841,7245,16098,7737,8361,14086,6693,7393,8048,3906,4142,2012,972,1040,
50320,8051,3880,4171,14088,6842,7246,16101,7739,8362,14087,6694,7393,8049,3906,4143,2012,972,1040,
50325,8051,3880,4171,14089,6842,7247,16101,7739,8362,14088,6694,7394,8049,3906,4143,2013,972,1041,
50330,8052,3880,4172,14090,6842,7248,16102,7740,8362,14089,6694,7395,8051,3907,4144,2013,972,1041,
50335,8053,3881,4172,14092,6843,7249,16105,7743,8362,14091,6696,7395,8052,3907,4145,2013,972,1041,
50340,8054,3881,4173,14093,6843,7250,16106,7743,8363,14093,6697,7396,8052,3907,4145,2013,972,1041,
50345,8055,3882,4173,14095,6844,7251,16109,7744,8365,14094,6698,7396,8053,3907,4146,2013,972,1041,
50350,8055,3882,4173,14096,6844,7252,16109,7744,8365,14095,6698,7397,8053,3907,4146,2014,972,1042,
50355,8056,3882,4174,14097,6845,7252,16110,7744,8366,14096,6698,7398,8055,3907,4148,2014,972,1042,
50360,8057,3883,4174,14099,6847,7252,16113,7745,8368,14098,6700,7398,8056,3907,4149,2014,972,1042,
50365,8058,3883,4175,14100,6848,7252,16114,7745,8369,14100,6702,7398,8056,3907,4149,2014,972,1042,
50370,8059,3883,4176,14102,6849,7253,16117,7748,8369,14101,6702,7399,8057,3907,4150,2014,972,1042,
50375,8059,3883,4176,14103,6850,7253,16117,7748,8369,14102,6702,7400,8057,3907,4150,2015,972,1043,
50380,8060,3884,4176,14104,6850,7254,16118,7749,8369,14103,6702,7401,8059,3907,4152,2015,972,1043,
50385,8061,3884,4177,14106,6850,7256,16121,7750,8371,14105,6703,7402,8060,3907,4153,2015,972,1043,
50390,8062,3884,4178,14107,6851,7256,16122,7751,8371,14107,6704,7403,8060,3907,4153,2015,972,1043,
50395,8063,3884,4179,14109,6852,7257,16125,7752,8373,14108,6705,7403,8061,3908,4153,2015,972,1043,
50400,8063,3884,4179,14110,6853,7257,16125,7752,8373,14109,6705,7404,8061,3908,4153,2016,972,1044,
50405,8064,3885,4179,14111,6854,7257,16126,7753,8373,14110,6705,7405,8063,3909,4154,2016,972,1044,
50410,8065,3886,4179,14113,6855,7258,16129,7755,8374,14112,6707,7405,8064,3909,4155,2016,972,1044,
50415,8066,3887,4179,14114,6855,7259,16130,7755,8375,14114,6708,7406,8064,3909,4155,2016,972,1044,
50420,8067,3888,4179,14116,6855,7261,16133,7757,8376,14115,6709,7406,8065,3909,4156,2016,972,1044,
50425,8067,3888,4179,14117,6855,7262,16133,7757,8376,14116,6709,7407,8065,3909,4156,2017,973,1044,
50430,8068,3888,4180,14118,6855,7263,16134,7758,8376,14117,6710,7407,8067,3909,4158,2017,973,1044,
50435,8069,3888,4181,14120,6857,7263,16137,7759,8378,14119,6712,7407,8068,3910,4158,2017,973,1044,
50440,8070,3888,4182,14121,6858,7263,16138,7759,8379,14121,6713,7408,8068,3910,4158,2017,973,1044,
50445,8071,3889,4182,14123,6860,7263,16141,7761,8380,14122,6713,7409,8069,3910,4159,2017,973,1044,
50450,8071,3889,4182,14124,6860,7264,16141,7761,8380,14123,6714,7409,8069,3910,4159,2018,973,1045,
50455,8072,3889,4183,14125,6860,7265,16142,7762,8380,14124,6715,7409,8071,3912,4159,2018,973,1045,
50460,8073,3890,4183,14127,6860,7267,16145,7765,8380,14126,6716,7410,8072,3913,4159,2018,973,1045,
50465,8074,3891,4183,14128,6861,7267,16146,7766,8380,14128,6717,7411,8072,3913,4159,2018,973,1045,
50470,8075,3891,4184,14130,6861,7269,16149,7768,8381,14129,6717,7412,8073,3913,4160,2018,973,1045,
50475,8075,3891,4184,14131,6862,7269,16149,7768,8381,14130,6718,7412,8073,3913,4160,2019,973,1046,
50480,8076,3892,4184,14132,6863,7269,16150,7768,8382,14131,6719,7412,8075,3914,4161,2019,973,1046,
50485,8077,3893,4184,14134,6864,7270,16153,7768,8385,14133,6719,7414,8076,3914,4162,2019,973,1046,
50490,8078,3893,4185,14135,6864,7271,16154,7769,8385,14135,6720,7415,8076,3914,4162,2019,973,1046,
50495,8079,3894,4185,14137,6865,7272,16157,7769,8388,14136,6720,7416,8077,3915,4162,2019,973,1046,
50500,8079,3894,4185,14138,6865,7273,16157,7769,8388,14137,6721,7416,8077,3915,4162,2020,973,1047,
50505,8080,3894,4186,14139,6866,7273,16158,7770,8388,14138,6722,7416,8079,3916,4163,2020,973,1047,
50510,8081,3894,4187,14141,6866,7275,16161,7771,8390,14140,6722,7418,8080,3916,4164,2020,973,1047,
50515,8082,3894,4188,14142,6867,7275,16162,7771,8391,14142,6723,7419,8080,3916,4164,2020,973,1047,
50520,8083,3894,4189,14144,6868,7276,16165,7773,8392,14143,6723,7420,8081,3916,4165,2020,973,1047,
50525,8083,3894,4189,14145,6868,7277,16165,7773,8392,14144,6724,7420,8081,3916,4165,2021,974,1047,
50530,8084,3895,4189,14146,6869,7277,16166,7773,8393,14145,6724,7421,8083,3917,4166,2021,974,1047,
50535,8085,3895,4190,14148,6869,7279,16169,7775,8394,14147,6724,7423,8084,3918,4166,2021,974,1047,
50540,8086,3896,4190,14149,6869,7280,16170,7776,8394,14149,6726,7423,8084,3918,4166,2021,974,1047,
50545,8087,3897,4190,14151,6870,7281,16173,7776,8397,14150,6726,7424,8085,3918,4167,2021,974,1047,
50550,8087,3897,4190,14152,6871,7281,16173,7776,8397,14151,6726,7425,8085,3918,4167,2022,974,1048,
50555,8088,3898,4190,14153,6872,7281,16174,7776,8398,14152,6726,7426,8087,3919,4168,2022,974,1048,
50560,8089,3898,4191,14155,6873,7282,16177,7776,8401,14154,6727,7427,8088,3920,4168,2022,974,1048,
50565,8090,3899,4191,14156,6874,7282,16178,7777,8401,14156,6728,7428,8088,3920,4168,2022,974,1048,
50570,8091,3899,4192,14158,6876,7282,16181,7779,8402,14157,6729,7428,8089,3920,4169,2022,974,1048,
50575,8091,3899,4192,14159,6877,7282,16181,7779,8402,14158,6729,7429,8089,3920,4169,2023,975,1048,
50580,8092,3900,4192,14160,6878,7282,16182,7780,8402,14159,6730,7429,8091,3920,4171,2023,975,1048,
50585,8093,3901,4192,14162,6879,7283,16185,7782,8403,14161,6731,7430,8092,3921,4171,2023,975,1048,
50590,8094,3901,4193,14163,6880,7283,16186,7782,8404,14163,6732,7431,8092,3921,4171,2023,975,1048,
50595,8095,3901,4194,14165,6881,7284,16189,7783,8406,14164,6733,7431,8093,3922,4171,2023,975,1048,
50600,8095,3901,4194,14166,6882,7284,16189,7783,8406,14165,6733,7432,8093,3922,4171,2024,975,1049,
50605,8096,3902,4194,14167,6882,7285,16190,7783,8407,14166,6733,7433,8095,3923,4172,2024,975,1049,
50610,8097,3902,4195,14169,6884,7285,16193,7785,8408,14168,6735,7433,8096,3923,4173,2024,975,1049,
50615,8098,3902,4196,14170,6885,7285,16194,7786,8408,14170,6737,7433,8096,3923,4173,2024,975,1049,
50620,8099,3902,4197,14172,6886,7286,16197,7788,8409,14171,6737,7434,8097,3923,4174,2024,975,1049,
50625,8099,3902,4197,14173,6886,7287,16197,7788,8409,14172,6738,7434,8097,3923,4174,2025,975,1050,
50630,8100,3902,4198,14174,6886,7288,16198,7789,8409,14173,6738,7435,8099,3923,4176,2025,975,1050,
50635,8101,3902,4199,14176,6886,7290,16201,7792,8409,14175,6739,7436,8100,3923,4177,2025,975,1050,
50640,8102,3902,4200,14177,6886,7291,16202,7793,8409,14177,6739,7438,8100,3923,4177,2025,975,1050,
50645,8103,3903,4200,14179,6887,7292,16205,7795,8410,14178,6739,7439,8101,3923,4178,2025,975,1050,
50650,8103,3903,4200,14180,6888,7292,16205,7795,8410,14179,6740,7439,8101,3923,4178,2026,975,1051,
50655,8104,3903,4201,14181,6888,7293,16206,7796,8410,14180,6740,7440,8103,3924,4179,2026,975,1051,
50660,8105,3904,4201,14183,6889,7294,16209,7797,8412,14182,6741,7441,8104,3925,4179,2026,975,1051,
50665,8106,3904,4202,14184,6889,7295,16210,7797,8413,14184,6742,7442,8104,3925,4179,2026,975,1051,
50670,8107,3904,4203,14186,6890,7296,16213,7799,8414,14185,6743,7442,8105,3925,4180,2026,975,1051,
50675,8107,3904,4203,14187,6891,7296,16213,7799,8414,14186,6743,7443,8105,3925,4180,2027,975,1052,
50680,8108,3905,4203,14188,6891,7297,16214,7799,8415,14187,6744,7443,8107,3925,4182,2027,975,1052,
50685,8109,3906,4203,14190,6891,7299,16217,7801,8416,14189,6744,7445,8108,3925,4183,2027,975,1052,
50690,8110,3907,4203,14191,6891,7300,16218,7802,8416,14191,6745,7446,8108,3925,4183,2027,975,1052,
50695,8111,3908,4203,14193,6892,7301,16221,7804,8417,14192,6745,7447,8109,3925,4184,2027,975,1052,
50700,8111,3908,4203,14194,6893,7301,16221,7804,8417,14193,6746,7447,8109,3925,4184,2028,976,1052,
50705,8112,3909,4203,14195,6894,7301,16222,7804,8418,14194,6746,7448,8111,3926,4185,2028,976,1052,
50710,8113,3909,4204,14197,6895,7302,16225,7806,8419,14196,6747,7449,8112,3926,4186,2028,976,1052,
50715,8114,3910,4204,14198,6895,7303,16226,7806,8420,14198,6747,7451,8112,3926,4186,2028,976,1052,
50720,8115,3911,4204,14200,6896,7304,16229,7808,8421,14199,6747,7452,8113,3926,4187,2028,976,1052,
50725,8115,3911,4204,14201,6896,7305,16229,7808,8421,14200,6747,7453,8113,3926,4187,2029,976,1053,
50730,8116,3911,4205,14202,6897,7305,16230,7808,8422,14201,6747,7454,8115,3926,4189,2029,976,1053,
50735,8117,3911,4206,14204,6898,7306,16233,7810,8423,14203,6747,7456,8116,3927,4189,2029,976,1053,
50740,8118,3912,4206,14205,6898,7307,16234,7810,8424,14205,6748,7457,8116,3927,4189,2029,976,1053,
50745,8119,3912,4207,14207,6899,7308,16237,7812,8425,14206,6748,7458,8117,3927,4190,2029,976,1053,
50750,8119,3912,4207,14208,6900,7308,16237,7812,8425,14207,6748,7459,8117,3927,4190,2030,977,1053,
50755,8120,3912,4208,14209,6900,7309,16238,7812,8426,14208,6748,7460,8119,3928,4191,2030,977,1053,
50760,8121,3913,4208,14211,6901,7310,16241,7814,8427,14210,6748,7462,8120,3928,4192,2030,977,1053,
50765,8122,3914,4208,14212,6902,7310,16242,7815,8427,14212,6748,7464,8120,3928,4192,2030,977,1053,
50770,8123,3914,4209,14214,6902,7312,16245,7816,8429,14213,6748,7465,8121,3928,4193,2030,977,1053,
50775,8123,3914,4209,14215,6903,7312,16245,7816,8429,14214,6748,7466,8121,3928,4193,2031,978,1053,
50780,8124,3914,4210,14216,6903,7313,16246,7817,8429,14215,6748,7467,8123,3929,4194,2031,978,1053,
50785,8125,3915,4210,14218,6904,7314,16249,7817,8432,14217,6750,7467,8124,3929,4195,2031,978,1053,
50790,8126,3916,4210,14219,6904,7315,16250,7818,8432,14219,6751,7468,8124,3929,4195,2031,978,1053,
50795,8127,3916,4211,14221,6905,7316,16253,7820,8433,14220,6752,7468,8125,3929,4196,2031,978,1053,
50800,8127,3916,4211,14222,6906,7316,16253,7820,8433,14221,6752,7469,8125,3929,4196,2032,979,1053,
50805,8128,3916,4212,14223,6907,7316,16254,7821,8433,14222,6753,7469,8127,3930,4197,2032,979,1053,
50810,8129,3917,4212,14225,6908,7317,16257,7822,8435,14224,6754,7470,8128,3931,4197,2032,979,1053,
50815,8130,3918,4212,14226,6909,7317,16258,7823,8435,14226,6755,7471,8128,3931,4197,2032,979,1053,
50820,8131,3918,4213,14228,6910,7318,16261,7824,8437,14227,6755,7472,8129,3931,4198,2032,979,1053,
50825,8131,3918,4213,14229,6910,7319,16261,7824,8437,14228,6755,7473,8129,3931,4198,2033,980,1053,
50830,8132,3918,4214,14230,6910,7320,16262,7825,8437,14229,6756,7473,8131,3932,4199,2033,980,1053,
50835,8133,3919,4214,14232,6911,7321,16265,7825,8440,14231,6756,7475,8132,3932,4200,2033,980,1053,
50840,8134,3920,4214,14233,6912,7321,16266,7825,8441,14233,6756,7477,8132,3932,4200,2033,980,1053,
50845,8135,3921,4214,14235,6913,7322,16269,7828,8441,14234,6757,7477,8133,3932,4201,2033,980,1053,
50850,8135,3921,4214,14236,6913,7323,16269,7828,8441,14235,6758,7477,8133,3932,4201,2034,981,1053,
50855,8136,3922,4214,14237,6914,7323,16270,7828,8442,14236,6758,7478,8135,3932,4203,2034,981,1053,
50860,8137,3922,4215,14239,6916,7323,16273,7830,8443,14238,6758,7480,8136,3932,4204,2034,981,1053,
50865,8138,3922,4216,14240,6917,7323,16274,7831,8443,14240,6759,7481,8136,3932,4204,2034,981,1053,
50870,8139,3922,4217,14242,6919,7323,16277,7832,8445,14241,6760,7481,8137,3933,4204,2034,981,1053,
50875,8139,3922,4217,14243,6920,7323,16277,7832,8445,14242,6760,7482,8137,3933,4204,2035,982,1053,
50880,8140,3922,4218,14244,6920,7324,16278,7832,8446,14243,6761,7482,8139,3934,4205,2035,982,1053,
50885,8141,3923,4218,14246,6920,7326,16281,7833,8448,14245,6762,7483,8140,3934,4206,2035,982,1053,
50890,8142,3923,4219,14247,6920,7327,16282,7834,8448,14247,6763,7484,8140,3934,4206,2035,982,1053,
50895,8143,3924,4219,14249,6921,7328,16285,7836,8449,14248,6764,7484,8141,3935,4206,2035,982,1053,
50900,8143,3924,4219,14250,6921,7329,16285,7836,8449,14249,6765,7484,8141,3935,4206,2036,982,1054,
50905,8144,3925,4219,14251,6922,7329,16286,7837,8449,14250,6765,7485,8143,3936,4207,2036,982,1054,
50910,8145,3926,4219,14253,6922,7331,16289,7838,8451,14252,6766,7486,8144,3937,4207,2036,982,1054,
50915,8146,3927,4219,14254,6922,7332,16290,7839,8451,14254,6766,7488,8144,3937,4207,2036,982,1054,
50920,8147,3928,4219,14256,6924,7332,16293,7841,8452,14255,6766,7489,8145,3937,4208,2036,982,1054,
50925,8147,3928,4219,14257,6924,7333,16293,7841,8452,14256,6766,7490,8145,3937,4208,2037,983,1054,
50930,8148,3928,4220,14258,6924,7334,16294,7842,8452,14257,6767,7490,8147,3937,4210,2037,983,1054,
50935,8149,3928,4221,14260,6926,7334,16297,7843,8454,14259,6768,7491,8148,3938,4210,2037,983,1054,
50940,8150,3928,4222,14261,6927,7334,16298,7844,8454,14261,6770,7491,8148,3938,4210,2037,983,1054,
50945,8151,3929,4222,14263,6928,7335,16301,7847,8454,14262,6771,7491,8149,3939,4210,2037,983,1054,
50950,8151,3929,4222,14264,6929,7335,16301,7847,8454,14263,6771,7492,8149,3939,4210,2038,984,1054,
50955,8152,3929,4223,14265,6930,7335,16302,7847,8455,14264,6772,7492,8151,3941,4210,2038,984,1054,
50960,8153,3930,4223,14267,6930,7337,16305,7848,8457,14266,6772,7494,8152,3941,4211,2038,984,1054,
50965,8154,3931,4223,14268,6931,7337,16306,7849,8457,14268,6773,7495,8152,3941,4211,2038,984,1054,
50970,8155,3931,4224,14270,6932,7338,16309,7852,8457,14269,6773,7496,8153,3941,4212,2038,984,1054,
50975,8155,3931,4224,14271,6932,7339,16309,7852,8457,14270,6774,7496,8153,3941,4212,2039,984,1055,
50980,8156,3932,4224,14272,6932,7340,16310,7852,8458,14271,6775,7496,8155,3942,4213,2039,984,1055,
50985,8157,3932,4225,14274,6932,7342,16313,7852,8461,14273,6776,7497,8156,3942,4214,2039,984,1055,
50990,8158,3932,4226,14275,6932,7343,16314,7852,8462,14275,6778,7497,8156,3942,4214,2039,984,1055,
50995,8159,3932,4227,14277,6932,7345,16317,7853,8464,14276,6778,7498,8157,3942,4215,2039,984,1055,
51000,8159,3932,4227,14278,6932,7346,16317,7853,8464,14277,6779,7498,8157,3942,4215,2040,984,1056,
51005,8160,3932,4228,14279,6932,7347,16318,7853,8465,14278,6780,7498,8159,3944,4215,2040,984,1056,
51010,8161,3932,4229,14281,6933,7348,16321,7855,8466,14280,6781,7499,8160,3944,4216,2040,984,1056,
51015,8162,3932,4230,14282,6933,7349,16322,7856,8466,14282,6782,7500,8160,3944,4216,2040,984,1056,
51020,8163,3933,4230,14284,6935,7349,16325,7858,8467,14283,6783,7500,8161,3944,4217,2040,984,1056,
51025,8163,3933,4230,14285,6935,7350,16325,7858,8467,14284,6783,7501,8161,3944,4217,2041,985,1056,
51030,8164,3933,4231,14286,6935,7351,16326,7859,8467,14285,6784,7501,8163,3944,4219,2041,985,1056,
51035,8165,3933,4232,14288,6936,7352,16329,7860,8469,14287,6785,7502,8164,3944,4220,2041,985,1056,
51040,8166,3934,4232,14289,6936,7353,16330,7860,8470,14289,6786,7503,8164,3944,4220,2041,985,1056,
51045,8167,3935,4232,14291,6937,7354,16333,7860,8473,14290,6786,7504,8165,3944,4221,2041,985,1056,
51050,8167,3935,4232,14292,6937,7355,16333,7860,8473,14291,6786,7505,8165,3944,4221,2042,986,1056,
51055,8168,3935,4233,14293,6937,7356,16334,7861,8473,14292,6787,7505,8167,3946,4221,2042,986,1056,
51060,8169,3936,4233,14295,6937,7358,16337,7861,8476,14294,6788,7506,8168,3947,4221,2042,986,1056,
51065,8170,3936,4234,14296,6938,7358,16338,7861,8477,14296,6789,7507,8168,3947,4221,2042,986,1056,
51070,8171,3937,4234,14298,6939,7359,16341,7862,8479,14297,6790,7507,8169,3947,4222,2042,986,1056,
51075,8171,3937,4234,14299,6940,7359,16341,7862,8479,14298,6791,7507,8169,3947,4222,2043,987,1056,
51080,8172,3937,4235,14300,6941,7359,16342,7863,8479,14299,6791,7508,8171,3948,4223,2043,987,1056,
51085,8173,3937,4236,14302,6942,7360,16345,7865,8480,14301,6792,7509,8172,3948,4224,2043,987,1056,
51090,8174,3938,4236,14303,6942,7361,16346,7865,8481,14303,6793,7510,8172,3948,4224,2043,987,1056,
51095,8175,3938,4237,14305,6943,7362,16349,7866,8483,14304,6794,7510,8173,3949,4224,2043,987,1056,
51100,8175,3938,4237,14306,6943,7363,16349,7866,8483,14305,6795,7510,8173,3949,4224,2044,988,1056,
51105,8176,3939,4237,14307,6943,7364,16350,7867,8483,14306,6796,7510,8175,3949,4226,2044,988,1056,
51110,8177,3939,4238,14309,6944,7365,16353,7867,8486,14308,6796,7512,8176,3949,4227,2044,988,1056,
51115,8178,3939,4239,14310,6945,7365,16354,7867,8487,14310,6797,7513,8176,3949,4227,2044,988,1056,
51120,8179,3939,4240,14312,6947,7365,16357,7869,8488,14311,6797,7514,8177,3950,4227,2044,988,1056,
51125,8179,3939,4240,14313,6947,7366,16357,7869,8488,14312,6798,7514,8177,3950,4227,2045,988,1057,
51130,8180,3940,4240,14314,6947,7367,16358,7869,8489,14313,6798,7515,8179,3951,4228,2045,988,1057,
51135,8181,3941,4240,14316,6948,7368,16361,7871,8490,14315,6799,7516,8180,3952,4228,2045,988,1057,
51140,8182,3942,4240,14317,6949,7368,16362,7871,8491,14317,6801,7516,8180,3952,4228,2045,988,1057,
51145,8183,3942,4241,14319,6950,7369,16365,7873,8492,14318,6801,7517,8181,3953,4228,2045,988,1057,
51150,8183,3942,4241,14320,6950,7370,16365,7873,8492,14319,6802,7517,8181,3953,4228,2046,989,1057,
51155,8184,3942,4242,14321,6951,7370,16366,7873,8493,14320,6802,7518,8183,3953,4230,2046,989,1057,
51160,8185,3943,4242,14323,6952,7371,16369,7875,8494,14322,6804,7518,8184,3953,4231,2046,989,1057,
51165,8186,3944,4242,14324,6952,7372,16370,7875,8495,14324,6805,7519,8184,3953,4231,2046,989,1057,
51170,8187,3944,4243,14326,6953,7373,16373,7876,8497,14325,6806,7519,8185,3953,4232,2046,989,1057,
51175,8187,3944,4243,14327,6954,7373,16373,7876,8497,14326,6806,7520,8185,3953,4232,2047,990,1057,
51180,8188,3944,4244,14328,6955,7373,16374,7877,8497,14327,6806,7521,8187,3954,4233,2047,990,1057,
51185,8189,3944,4245,14330,6956,7374,16377,7880,8497,14329,6808,7521,8188,3955,4233,2047,990,1057,
51190,8190,3945,4245,14331,6956,7375,16378,7880,8498,14331,6809,7522,8188,3955,4233,2047,990,1057,
51195,8191,3945,4246,14333,6957,7376,16381,7881,8500,14332,6809,7523,8189,3955,4234,2047,990,1057,
51200,8191,3945,4246,14334,6957,7377,16381,7881,8500,14333,6810,7523,8189,3955,4234,2048,990,1058,
51205,8192,3946,4246,14335,6957,7378,16382,7882,8500,14334,6811,7523,8191,3955,4236,2048,990,1058,
51210,8193,3947,4246,14337,6959,7378,16385,7883,8502,14336,6811,7525,8192,3956,4236,2048,990,1058,
51215,8194,3948,4246,14338,6959,7379,16386,7884,8502,14338,6812,7526,8192,3956,4236,2048,990,1058,
51220,8195,3949,4246,14340,6959,7381,16389,7887,8502,14339,6813,7526,8193,3956,4237,2048,990,1058,
51225,8195,3949,4246,14341,6960,7381,16389,7887,8502,14340,6814,7526,8193,3956,4237,2049,990,1059,
51230,8196,3949,4247,14342,6961,7381,16390,7888,8502,14341,6815,7526,8195,3957,4238,2049,990,1059,
51235,8197,3950,4247,14344,6961,7383,16393,7890,8503,14343,6817,7526,8196,3957,4239,2049,990,1059,
51240,8198,3950,4248,14345,6962,7383,16394,7890,8504,14345,6817,7528,8196,3957,4239,2049,990,1059,
51245,8199,3950,4249,14347,6962,7385,16397,7891,8506,14346,6817,7529,8197,3957,4240,2049,990,1059,
51250,8199,3950,4249,14348,6963,7385,16397,7891,8506,14347,6818,7529,8197,3957,4240,2050,991,1059,
51255,8200,3950,4250,14349,6963,7386,16398,7892,8506,14348,6818,7530,8199,3957,4242,2050,991,1059,
51260,8201,3951,4250,14351,6965,7386,16401,7893,8508,14350,6819,7531,8200,3958,4242,2050,991,1059,
51265,8202,3951,4251,14352,6965,7387,16402,7894,8508,14352,6820,7532,8200,3958,4242,2050,991,1059,
51270,8203,3952,4251,14354,6966,7388,16405,7896,8509,14353,6820,7533,8201,3958,4243,2050,991,1059,
51275,8203,3952,4251,14355,6966,7389,16405,7896,8509,14354,6821,7533,8201,3958,4243,2051,991,1060,
51280,8204,3952,4252,14356,6966,7390,16406,7896,8510,14355,6821,7534,8203,3960,4243,2051,991,1060,
51285,8205,3953,4252,14358,6967,7391,16409,7898,8511,14357,6822,7535,8204,3961,4243,2051,991,1060,
51290,8206,3954,4252,14359,6967,7392,16410,7898,8512,14359,6823,7536,8204,3961,4243,2051,991,1060,
51295,8207,3954,4253,14361,6967,7394,16413,7900,8513,14360,6823,7537,8205,3962,4243,2051,991,1060,
51300,8207,3954,4253,14362,6968,7394,16413,7900,8513,14361,6823,7538,8205,3962,4243,2052,991,1061,
51305,8208,3955,4253,14363,6969,7394,16414,7901,8513,14362,6823,7539,8207,3963,4244,2052,991,1061,
51310,8209,3956,4253,14365,6969,7396,16417,7903,8514,14364,6825,7539,8208,3964,4244,2052,991,1061,
51315,8210,3957,4253,14366,6970,7396,16418,7903,8515,14366,6825,7541,8208,3964,4244,2052,991,1061,
51320,8211,3957,4254,14368,6971,7397,16421,7903,8518,14367,6826,7541,8209,3965,4244,2052,991,1061,
51325,8211,3957,4254,14369,6972,7397,16421,7903,8518,14368,6826,7542,8209,3965,4244,2053,992,1061,
51330,8212,3957,4255,14370,6972,7398,16422,7904,8518,14369,6826,7543,8211,3965,4246,2053,992,1061,
51335,8213,3958,4255,14372,6972,7400,16425,7905,8520,14371,6828,7543,8212,3965,4247,2053,992,1061,
51340,8214,3958,4256,14373,6972,7401,16426,7905,8521,14373,6830,7543,8212,3965,4247,2053,992,1061,
51345,8215,3958,4257,14375,6973,7402,16429,7905,8524,14374,6830,7544,8213,3965,4248,2053,992,1061,
51350,8215,3958,4257,14376,6973,7403,16429,7905,8524,14375,6830,7545,8213,3965,4248,2054,992,1062,
51355,8216,3958,4258,14377,6973,7404,16430,7906,8524,14376,6831,7545,8215,3967,4248,2054,992,1062,
51360,8217,3959,4258,14379,6974,7405,16433,7907,8526,14378,6833,7545,8216,3967,4249,2054,992,1062,
51365,8218,3960,4258,14380,6975,7405,16434,7908,8526,14380,6833,7547,8216,3967,4249,2054,992,1062,
51370,8219,3961,4258,14382,6977,7405,16437,7909,8528,14381,6833,7548,8217,3967,4250,2054,992,1062,
51375,8219,3961,4258,14383,6978,7405,16437,7909,8528,14382,6833,7549,8217,3967,4250,2055,992,1063,
51380,8220,3961,4259,14384,6978,7406,16438,7910,8528,14383,6833,7550,8219,3968,4251,2055,992,1063,
51385,8221,3961,4260,14386,6978,7408,16441,7912,8529,14385,6834,7551,8220,3969,4251,2055,992,1063,
51390,8222,3961,4261,14387,6979,7408,16442,7912,8530,14387,6835,7552,8220,3969,4251,2055,992,1063,
51395,8223,3961,4262,14389,6979,7410,16445,7914,8531,14388,6836,7552,8221,3969,4252,2055,992,1063,
51400,8223,3961,4262,14390,6979,7411,16445,7914,8531,14389,6836,7553,8221,3969,4252,2056,993,1063,
51405,8224,3962,4262,14391,6980,7411,16446,7915,8531,14390,6837,7553,8223,3970,4253,2056,993,1063,
51410,8225,3962,4263,14393,6980,7413,16449,7918,8531,14392,6839,7553,8224,3970,4254,2056,993,1063,
51415,8226,3962,4264,14394,6980,7414,16450,7919,8531,14394,6840,7554,8224,3970,4254,2056,993,1063,
51420,8227,3963,4264,14396,6981,7415,16453,7920,8533,14395,6840,7555,8225,3970,4255,2056,993,1063,
51425,8227,3963,4264,14397,6981,7416,16453,7920,8533,14396,6841,7555,8225,3970,4255,2057,994,1063,
51430,8228,3963,4265,14398,6982,7416,16454,7921,8533,14397,6842,7555,8227,3972,4255,2057,994,1063,
51435,8229,3963,4266,14400,6983,7417,16457,7923,8534,14399,6843,7556,8228,3972,4256,2057,994,1063,
51440,8230,3964,4266,14401,6984,7417,16458,7924,8534,14401,6844,7557,8228,3972,4256,2057,994,1063,
51445,8231,3965,4266,14403,6985,7418,16461,7926,8535,14402,6844,7558,8229,3972,4257,2057,994,1063,
51450,8231,3965,4266,14404,6985,7419,16461,7926,8535,14403,6844,7559,8229,3972,4257,2058,995,1063,
51455,8232,3966,4266,14405,6986,7419,16462,7927,8535,14404,6845,7559,8231,3973,4258,2058,995,1063,
51460,8233,3966,4267,14407,6986,7421,16465,7927,8538,14406,6846,7560,8232,3973,4259,2058,995,1063,
51465,8234,3967,4267,14408,6986,7422,16466,7927,8539,14408,6847,7561,8232,3973,4259,2058,995,1063,
51470,8235,3968,4267,14410,6987,7423,16469,7928,8541,14409,6847,7562,8233,3974,4259,2058,995,1063,
51475,8235,3968,4267,14411,6988,7423,16469,7928,8541,14410,6847,7563,8233,3974,4259,2059,996,1063,
51480,8236,3969,4267,14412,6988,7424,16470,7928,8542,14411,6848,7563,8235,3976,4259,2059,996,1063,
51485,8237,3969,4268,14414,6989,7425,16473,7930,8543,14413,6849,7564,8236,3977,4259,2059,996,1063,
51490,8238,3970,4268,14415,6990,7425,16474,7931,8543,14415,6849,7566,8236,3977,4259,2059,996,1063,
51495,8239,3971,4268,14417,6991,7426,16477,7932,8545,14416,6850,7566,8237,3978,4259,2059,996,1063,
51500,8239,3971,4268,14418,6992,7426,16477,7932,8545,14417,6850,7567,8237,3978,4259,2060,997,1063,
51505,8240,3971,4269,14419,6993,7426,16478,7932,8546,14418,6850,7568,8239,3979,4260,2060,997,1063,
51510,8241,3971,4270,14421,6993,7428,16481,7932,8549,14420,6852,7568,8240,3979,4261,2060,997,1063,
51515,8242,3972,4270,14422,6993,7429,16482,7932,8550,14422,6853,7569,8240,3979,4261,2060,997,1063,
51520,8243,3973,4270,14424,6994,7430,16485,7934,8551,14423,6854,7569,8241,3980,4261,2060,997,1063,
51525,8243,3973,4270,14425,6994,7431,16485,7934,8551,14424,6855,7569,8241,3980,4261,2061,998,1063,
51530,8244,3973,4271,14426,6994,7432,16486,7935,8551,14425,6856,7569,8243,3981,4262,2061,998,1063,
51535,8245,3973,4272,14428,6995,7433,16489,7936,8553,14427,6857,7570,8244,3982,4262,2061,998,1063,
51540,8246,3973,4273,14429,6995,7434,16490,7936,8554,14429,6858,7571,8244,3982,4262,2061,998,1063,
51545,8247,3974,4273,14431,6996,7435,16493,7938,8555,14430,6859,7571,8245,3982,4263,2061,998,1063,
51550,8247,3974,4273,14432,6997,7435,16493,7938,8555,14431,6859,7572,8245,3982,4263,2062,998,1064,
51555,8248,3975,4273,14433,6998,7435,16494,7938,8556,14432,6859,7573,8247,3983,4264,2062,998,1064,
51560,8249,3976,4273,14435,6998,7437,16497,7939,8558,14434,6861,7573,8248,3983,4265,2062,998,1064,
51565,8250,3976,4274,14436,6999,7437,16498,7939,8559,14436,6862,7574,8248,3983,4265,2062,998,1064,
51570,8251,3977,4274,14438,7001,7437,16501,7941,8560,14437,6862,7575,8249,3984,4265,2062,998,1064,
51575,8251,3977,4274,14439,7002,7437,16501,7941,8560,14438,6862,7576,8249,3984,4265,2063,998,1065,
51580,8252,3977,4275,14440,7002,7438,16502,7942,8560,14439,6863,7576,8251,3985,4266,2063,998,1065,
51585,8253,3978,4275,14442,7002,7440,16505,7943,8562,14441,6865,7576,8252,3986,4266,2063,998,1065,
51590,8254,3979,4275,14443,7002,7441,16506,7944,8562,14443,6866,7577,8252,3986,4266,2063,998,1065,
51595,8255,3979,4276,14445,7003,7442,16509,7946,8563,14444,6867,7577,8253,3987,4266,2063,998,1065,
51600,8255,3979,4276,14446,7004,7442,16509,7946,8563,14445,6867,7578,8253,3987,4266,2064,998,1066,
51605,8256,3980,4276,14447,7005,7442,16510,7947,8563,14446,6868,7578,8255,3988,4267,2064,998,1066,
51610,8257,3980,4277,14449,7005,7444,16513,7948,8565,14448,6868,7580,8256,3989,4267,2064,998,1066,
51615,8258,3980,4278,14450,7006,7444,16514,7948,8566,14450,6868,7582,8256,3989,4267,2064,998,1066,
51620,8259,3981,4278,14452,7007,7445,16517,7948,8569,14451,6869,7582,8257,3989,4268,2064,998,1066,
51625,8259,3981,4278,14453,7008,7445,16517,7948,8569,14452,6870,7582,8257,3989,4268,2065,999,1066,
51630,8260,3982,4278,14454,7009,7445,16518,7949,8569,14453,6870,7583,8259,3990,4269,2065,999,1066,
51635,8261,3983,4278,14456,7010,7446,16521,7951,8570,14455,6871,7584,8260,3990,4270,2065,999,1066,
51640,8262,3983,4279,14457,7010,7447,16522,7952,8570,14457,6872,7585,8260,3990,4270,2065,999,1066,
51645,8263,3984,4279,14459,7012,7447,16525,7954,8571,14458,6872,7586,8261,3991,4270,2065,999,1066,
51650,8263,3984,4279,14460,7013,7447,16525,7954,8571,14459,6873,7586,8261,3991,4270,2066,999,1067,
51655,8264,3985,4279,14461,7014,7447,16526,7954,8572,14460,6874,7586,8263,3992,4271,2066,999,1067,
51660,8265,3985,4280,14463,7014,7449,16529,7954,8575,14462,6876,7586,8264,3992,4272,2066,999,1067,
51665,8266,3985,4281,14464,7015,7449,16530,7954,8576,14464,6877,7587,8264,3992,4272,2066,999,1067,
51670,8267,3985,4282,14466,7016,7450,16533,7956,8577,14465,6877,7588,8265,3992,4273,2066,999,1067,
51675,8267,3985,4282,14467,7017,7450,16533,7956,8577,14466,6877,7589,8265,3992,4273,2067,999,1068,
51680,8268,3986,4282,14468,7018,7450,16534,7957,8577,14467,6878,7589,8267,3993,4274,2067,999,1068,
51685,8269,3987,4282,14470,7018,7452,16537,7959,8578,14469,6879,7590,8268,3994,4274,2067,999,1068,
51690,8270,3987,4283,14471,7019,7452,16538,7960,8578,14471,6880,7591,8268,3994,4274,2067,999,1068,
51695,8271,3988,4283,14473,7020,7453,16541,7962,8579,14472,6880,7592,8269,3995,4274,2067,999,1068,
51700,8271,3988,4283,14474,7020,7454,16541,7962,8579,14473,6881,7592,8269,3995,4274,2068,1000,1068,
51705,8272,3988,4284,14475,7021,7454,16542,7962,8580,14474,6882,7592,8271,3995,4276,2068,1000,1068,
51710,8273,3989,4284,14477,7022,7455,16545,7964,8581,14476,6882,7594,8272,3995,4277,2068,1000,1068,
51715,8274,3989,4285,14478,7023,7455,16546,7965,8581,14478,6882,7596,8272,3995,4277,2068,1000,1068,
51720,8275,3989,4286,14480,7025,7455,16549,7967,8582,14479,6883,7596,8273,3995,4278,2068,1000,1068,
51725,8275,3989,4286,14481,7026,7455,16549,7967,8582,14480,6883,7597,8273,3995,4278,2069,1001,1068,
51730,8276,3989,4287,14482,7027,7455,16550,7968,8582,14481,6884,7597,8275,3997,4278,2069,1001,1068,
51735,8277,3989,4288,14484,7028,7456,16553,7969,8584,14483,6886,7597,8276,3998,4278,2069,1001,1068,
51740,8278,3989,4289,14485,7028,7457,16554,7969,8585,14485,6888,7597,8276,3998,4278,2069,1001,1068,
51745,8279,3990,4289,14487,7029,7458,16557,7972,8585,14486,6888,7598,8277,3999,4278,2069,1001,1068,
51750,8279,3990,4289,14488,7030,7458,16557,7972,8585,14487,6888,7599,8277,3999,4278,2070,1001,1069,
51755,8280,3991,4289,14489,7030,7459,16558,7972,8586,14488,6889,7599,8279,3999,4280,2070,1001,1069,
51760,8281,3991,4290,14491,7031,7460,16561,7974,8587,14490,6890,7600,8280,3999,4281,2070,1001,1069,
51765,8282,3991,4291,14492,7032,7460,16562,7975,8587,14492,6891,7601,8280,3999,4281,2070,1001,1069,
51770,8283,3991,4292,14494,7033,7461,16565,7978,8587,14493,6892,7601,8281,3999,4282,2070,1001,1069,
51775,8283,3991,4292,14495,7033,7462,16565,7978,8587,14494,6893,7601,8281,3999,4282,2071,1002,1069,
51780,8284,3991,4293,14496,7033,7463,16566,7979,8587,14495,6893,7602,8283,4001,4282,2071,1002,1069,
51785,8285,3991,4294,14498,7034,7464,16569,7981,8588,14497,6894,7603,8284,4001,4283,2071,1002,1069,
51790,8286,3991,4295,14499,7035,7464,16570,7982,8588,14499,6894,7605,8284,4001,4283,2071,1002,1069,
51795,8287,3991,4296,14501,7037,7464,16573,7983,8590,14500,6895,7605,8285,4001,4284,2071,1002,1069,
51800,8287,3991,4296,14502,7038,7464,16573,7983,8590,14501,6895,7606,8285,4001,4284,2072,1002,1070,
51805,8288,3991,4297,14503,7039,7464,16574,7983,8591,14502,6895,7607,8287,4002,4285,2072,1002,1070,
51810,8289,3991,4298,14505,7040,7465,16577,7984,8593,14504,6897,7607,8288,4002,4286,2072,1002,1070,
51815,8290,3991,4299,14506,7040,7466,16578,7985,8593,14506,6899,7607,8288,4002,4286,2072,1002,1070,
51820,8291,3991,4300,14508,7042,7466,16581,7985,8596,14507,6900,7607,8289,4002,4287,2072,1002,1070,
51825,8291,3991,4300,14509,7043,7466,16581,7985,8596,14508,6901,7607,8289,4002,4287,2073,1002,1071,
51830,8292,3991,4301,14510,7043,7467,16582,7985,8597,14509,6902,7607,8291,4003,4288,2073,1002,1071,
51835,8293,3991,4302,14512,7043,7469,16585,7986,8599,14511,6903,7608,8292,4003,4289,2073,1002,1071,
51840,8294,3991,4303,14513,7044,7469,16586,7986,8600,14513,6904,7609,8292,4003,4289,2073,1002,1071,
51845,8295,3991,4304,14515,7045,7470,16589,7988,8601,14514,6905,7609,8293,4003,4290,2073,1002,1071,
51850,8295,3991,4304,14516,7045,7471,16589,7988,8601,14515,6906,7609,8293,4003,4290,2074,1002,1072,
51855,8296,3991,4305,14517,7046,7471,16590,7988,8602,14516,6907,7609,8295,4004,4291,2074,1002,1072,
51860,8297,3992,4305,14519,7048,7471,16593,7988,8605,14518,6908,7610,8296,4004,4292,2074,1002,1072,
51865,8298,3993,4305,14520,7049,7471,16594,7989,8605,14520,6910,7610,8296,4004,4292,2074,1002,1072,
51870,8299,3994,4305,14522,7050,7472,16597,7990,8607,14521,6911,7610,8297,4004,4293,2074,1002,1072,
51875,8299,3994,4305,14523,7050,7473,16597,7990,8607,14522,6911,7611,8297,4004,4293,2075,1003,1072,
51880,8300,3994,4306,14524,7051,7473,16598,7991,8607,14523,6912,7611,8299,4006,4293,2075,1003,1072,
51885,8301,3994,4307,14526,7052,7474,16601,7991,8610,14525,6913,7612,8300,4006,4294,2075,1003,1072,
51890,8302,3995,4307,14527,7053,7474,16602,7991,8611,14527,6913,7614,8300,4006,4294,2075,1003,1072,
51895,8303,3995,4308,14529,7053,7476,16605,7993,8612,14528,6914,7614,8301,4006,4295,2075,1003,1072,
51900,8303,3995,4308,14530,7054,7476,16605,7993,8612,14529,6914,7615,8301,4006,4295,2076,1004,1072,
51905,8304,3995,4309,14531,7055,7476,16606,7994,8612,14530,6915,7615,8303,4008,4295,2076,1004,1072,
51910,8305,3996,4309,14533,7055,7478,16609,7995,8614,14532,6916,7616,8304,4008,4296,2076,1004,1072,
51915,8306,3996,4310,14534,7056,7478,16610,7995,8615,14534,6917,7617,8304,4008,4296,2076,1004,1072,
51920,8307,3997,4310,14536,7056,7480,16613,7997,8616,14535,6918,7617,8305,4009,4296,2076,1004,1072,
51925,8307,3997,4310,14537,7056,7481,16613,7997,8616,14536,6918,7618,8305,4009,4296,2077,1005,1072,
51930,8308,3997,4311,14538,7056,7482,16614,7997,8617,14537,6919,7618,8307,4011,4296,2077,1005,1072,
51935,8309,3998,4311,14540,7057,7483,16617,7999,8618,14539,6920,7619,8308,4011,4297,2077,1005,1072,
51940,8310,3998,4312,14541,7057,7484,16618,8000,8618,14541,6920,7621,8308,4011,4297,2077,1005,1072,
51945,8311,3998,4313,14543,7059,7484,16621,8001,8620,14542,6920,7622,8309,4012,4297,2077,1005,1072,
51950,8311,3998,4313,14544,7060,7484,16621,8001,8620,14543,6921,7622,8309,4012,4297,2078,1005,1073,
51955,8312,3999,4313,14545,7060,7485,16622,8002,8620,14544,6922,7622,8311,4013,4298,2078,1005,1073,
51960,8313,4000,4313,14547,7061,7486,16625,8002,8623,14546,6923,7623,8312,4014,4298,2078,1005,1073,
51965,8314,4000,4314,14548,7062,7486,16626,8003,8623,14548,6925,7623,8312,4014,4298,2078,1005,1073,
51970,8315,4000,4315,14550,7063,7487,16629,8005,8624,14549,6926,7623,8313,4014,4299,2078,1005,1073,
51975,8315,4000,4315,14551,7064,7487,16629,8005,8624,14550,6926,7624,8313,4014,4299,2079,1005,1074,
51980,8316,4001,4315,14552,7064,7488,16630,8005,8625,14551,6927,7624,8315,4014,4301,2079,1005,1074,
51985,8317,4001,4316,14554,7065,7489,16633,8008,8625,14553,6928,7625,8316,4014,4302,2079,1005,1074,
51990,8318,4002,4316,14555,7066,7489,16634,8009,8625,14555,6930,7625,8316,4014,4302,2079,1005,1074,
51995,8319,4003,4316,14557,7067,7490,16637,8010,8627,14556,6930,7626,8317,4014,4303,2079,1005,1074,
52000,8319,4003,4316,14558,7068,7490,16637,8010,8627,14557,6931,7626,8317,4014,4303,2080,1006,1074,
52005,8320,4003,4317,14559,7069,7490,16638,8010,8628,14558,6931,7627,8319,4015,4304,2080,1006,1074,
52010,8321,4004,4317,14561,7070,7491,16641,8011,8630,14560,6932,7628,8320,4015,4305,2080,1006,1074,
52015,8322,4005,4317,14562,7071,7491,16642,8011,8631,14562,6934,7628,8320,4015,4305,2080,1006,1074,
52020,8323,4005,4318,14564,7072,7492,16645,8012,8633,14563,6935,7628,8321,4015,4306,2080,1006,1074,
52025,8323,4005,4318,14565,7073,7492,16645,8012,8633,14564,6935,7629,8321,4015,4306,2081,1007,1074,
52030,8324,4005,4319,14566,7073,7493,16646,8013,8633,14565,6935,7630,8323,4015,4308,2081,1007,1074,
52035,8325,4006,4319,14568,7075,7493,16649,8015,8634,14567,6937,7630,8324,4015,4309,2081,1007,1074,
52040,8326,4006,4320,14569,7076,7493,16650,8015,8635,14569,6937,7632,8324,4015,4309,2081,1007,1074,
52045,8327,4006,4321,14571,7077,7494,16653,8017,8636,14570,6938,7632,8325,4015,4310,2081,1007,1074,
52050,8327,4006,4321,14572,7078,7494,16653,8017,8636,14571,6939,7632,8325,4015,4310,2082,1008,1074,
52055,8328,4007,4321,14573,7079,7494,16654,8018,8636,14572,6940,7632,8327,4016,4311,2082,1008,1074,
52060,8329,4008,4321,14575,7081,7494,16657,8020,8637,14574,6941,7633,8328,4016,4312,2082,1008,1074,
52065,8330,4008,4322,14576,7081,7495,16658,8020,8638,14576,6942,7634,8328,4016,4312,2082,1008,1074,
52070,8331,4008,4323,14578,7082,7496,16661,8021,8640,14577,6943,7634,8329,4016,4313,2082,1008,1074,
52075,8331,4008,4323,14579,7082,7497,16661,8021,8640,14578,6944,7634,8329,4016,4313,2083,1009,1074,
52080,8332,4008,4324,14580,7082,7498,16662,8021,8641,14579,6945,7634,8331,4018,4313,2083,1009,1074,
52085,8333,4008,4325,14582,7084,7498,16665,8022,8643,14581,6947,7634,8332,4019,4313,2083,1009,1074,
52090,8334,4009,4325,14583,7084,7499,16666,8023,8643,14583,6948,7635,8332,4019,4313,2083,1009,1074,
52095,8335,4010,4325,14585,7085,7500,16669,8025,8644,14584,6949,7635,8333,4019,4314,2083,1009,1074,
52100,8335,4010,4325,14586,7085,7501,16669,8025,8644,14585,6949,7636,8333,4019,4314,2084,1010,1074,
52105,8336,4010,4326,14587,7086,7501,16670,8025,8645,14586,6949,7637,8335,4020,4315,2084,1010,1074,
52110,8337,4010,4327,14589,7086,7503,16673,8026,8647,14588,6949,7639,8336,4020,4316,2084,1010,1074,
52115,8338,4010,4328,14590,7087,7503,16674,8026,8648,14590,6951,7639,8336,4020,4316,2084,1010,1074,
52120,8339,4011,4328,14592,7087,7505,16677,8027,8650,14591,6951,7640,8337,4020,4317,2084,1010,1074,
52125,8339,4011,4328,14593,7087,7506,16677,8027,8650,14592,6952,7640,8337,4020,4317,2085,1010,1075,
52130,8340,4011,4329,14594,7088,7506,16678,8027,8651,14593,6952,7641,8339,4022,4317,2085,1010,1075,
52135,8341,4011,4330,14596,7088,7508,16681,8029,8652,14595,6954,7641,8340,4023,4317,2085,1010,1075,
52140,8342,4012,4330,14597,7088,7509,16682,8029,8653,14597,6955,7642,8340,4023,4317,2085,1010,1075,
52145,8343,4012,4331,14599,7090,7509,16685,8032,8653,14598,6955,7643,8341,4024,4317,2085,1010,1075,
52150,8343,4012,4331,14600,7090,7510,16685,8032,8653,14599,6955,7644,8341,4024,4317,2086,1011,1075,
52155,8344,4012,4332,14601,7090,7511,16686,8032,8654,14600,6956,7644,8343,4026,4317,2086,1011,1075,
52160,8345,4013,4332,14603,7091,7512,16689,8034,8655,14602,6956,7646,8344,4027,4317,2086,1011,1075,
52165,8346,4013,4333,14604,7091,7513,16690,8035,8655,14604,6957,7647,8344,4027,4317,2086,1011,1075,
52170,8347,4014,4333,14606,7091,7515,16693,8037,8656,14605,6958,7647,8345,4027,4318,2086,1011,1075,
52175,8347,4014,4333,14607,7092,7515,16693,8037,8656,14606,6959,7647,8345,4027,4318,2087,1011,1076,
52180,8348,4015,4333,14608,7093,7515,16694,8038,8656,14607,6960,7647,8347,4029,4318,2087,1011,1076,
52185,8349,4016,4333,14610,7093,7517,16697,8039,8658,14609,6961,7648,8348,4030,4318,2087,1011,1076,
52190,8350,4016,4334,14611,7093,7518,16698,8040,8658,14611,6963,7648,8348,4030,4318,2087,1011,1076,
52195,8351,4016,4335,14613,7095,7518,16701,8043,8658,14612,6963,7649,8349,4031,4318,2087,1011,1076,
52200,8351,4016,4335,14614,7095,7519,16701,8043,8658,14613,6963,7650,8349,4031,4318,2088,1011,1077,
52205,8352,4017,4335,14615,7095,7520,16702,8044,8658,14614,6964,7650,8351,4032,4319,2088,1011,1077,
52210,8353,4017,4336,14617,7097,7520,16705,8047,8658,14616,6965,7651,8352,4033,4319,2088,1011,1077,
52215,8354,4017,4337,14618,7098,7520,16706,8048,8658,14618,6966,7652,8352,4033,4319,2088,1011,1077,
52220,8355,4018,4337,14620,7100,7520,16709,8050,8659,14619,6967,7652,8353,4033,4320,2088,1011,1077,
52225,8355,4018,4337,14621,7100,7521,16709,8050,8659,14620,6967,7653,8353,4033,4320,2089,1012,1077,
52230,8356,4018,4338,14622,7101,7521,16710,8051,8659,14621,6967,7654,8355,4034,4321,2089,1012,1077,
52235,8357,4018,4339,14624,7103,7521,16713,8053,8660,14623,6968,7655,8356,4034,4322,2089,1012,1077,
52240,8358,4018,4340,14625,7103,7522,16714,8054,8660,14625,6968,7657,8356,4034,4322,2089,1012,1077,
52245,8359,4018,4341,14627,7105,7522,16717,8056,8661,14626,6969,7657,8357,4034,4323,2089,1012,1077,
52250,8359,4018,4341,14628,7105,7523,16717,8056,8661,14627,6969,7658,8357,4034,4323,2090,1012,1078,
52255,8360,4019,4341,14629,7105,7524,16718,8056,8662,14628,6970,7658,8359,4036,4323,2090,1012,1078,
52260,8361,4019,4342,14631,7106,7525,16721,8057,8664,14630,6970,7660,8360,4036,4324,2090,1012,1078,
52265,8362,4019,4343,14632,7106,7526,16722,8057,8665,14632,6970,7662,8360,4036,4324,2090,1012,1078,
52270,8363,4020,4343,14634,7106,7528,16725,8058,8667,14633,6971,7662,8361,4037,4324,2090,1012,1078,
52275,8363,4020,4343,14635,7107,7528,16725,8058,8667,14634,6972,7662,8361,4037,4324,2091,1013,1078,
52280,8364,4020,4344,14636,7107,7529,16726,8059,8667,14635,6973,7662,8363,4037,4326,2091,1013,1078,
52285,8365,4021,4344,14638,7109,7529,16729,8062,8667,14637,6974,7663,8364,4038,4326,2091,1013,1078,
52290,8366,4021,4345,14639,7110,7529,16730,8062,8668,14639,6976,7663,8364,4038,4326,2091,1013,1078,
52295,8367,4022,4345,14641,7111,7530,16733,8062,8671,14640,6976,7664,8365,4038,4327,2091,1013,1078,
52300,8367,4022,4345,14642,7112,7530,16733,8062,8671,14641,6976,7665,8365,4038,4327,2092,1014,1078,
52305,8368,4023,4345,14643,7113,7530,16734,8062,8672,14642,6977,7665,8367,4039,4328,2092,1014,1078,
52310,8369,4023,4346,14645,7113,7532,16737,8064,8673,14644,6979,7665,8368,4039,4329,2092,1014,1078,
52315,8370,4023,4347,14646,7114,7532,16738,8064,8674,14646,6981,7665,8368,4039,4329,2092,1014,1078,
52320,8371,4024,4347,14648,7114,7534,16741,8065,8676,14647,6982,7665,8369,4040,4329,2092,1014,1078,
52325,8371,4024,4347,14649,7114,7535,16741,8065,8676,14648,6982,7666,8369,4040,4329,2093,1015,1078,
52330,8372,4024,4348,14650,7114,7536,16742,8066,8676,14649,6983,7666,8371,4041,4330,2093,1015,1078,
52335,8373,4024,4349,14652,7116,7536,16745,8067,8678,14651,6984,7667,8372,4041,4331,2093,1015,1078,
52340,8374,4024,4350,14653,7116,7537,16746,8067,8679,14653,6985,7668,8372,4041,4331,2093,1015,1078,
52345,8375,4025,4350,14655,7118,7537,16749,8070,8679,14654,6985,7669,8373,4041,4332,2093,1015,1078,
52350,8375,4025,4350,14656,7119,7537,16749,8070,8679,14655,6986,7669,8373,4041,4332,2094,1016,1078,
52355,8376,4025,4351,14657,7120,7537,16750,8071,8679,14656,6987,7669,8375,4042,4333,2094,1016,1078,
52360,8377,4026,4351,14659,7122,7537,16753,8073,8680,14658,6988,7670,8376,4042,4334,2094,1016,1078,
52365,8378,4026,4352,14660,7123,7537,16754,8074,8680,14660,6989,7671,8376,4042,4334,2094,1016,1078,
52370,8379,4026,4353,14662,7124,7538,16757,8076,8681,14661,6989,7672,8377,4043,4334,2094,1016,1078,
52375,8379,4026,4353,14663,7124,7539,16757,8076,8681,14662,6989,7673,8377,4043,4334,2095,1016,1079,
52380,8380,4026,4354,14664,7125,7539,16758,8076,8682,14663,6990,7673,8379,4045,4334,2095,1016,1079,
52385,8381,4026,4355,14666,7127,7539,16761,8077,8684,14665,6991,7674,8380,4045,4335,2095,1016,1079,
52390,8382,4026,4356,14667,7127,7540,16762,8077,8685,14667,6992,7675,8380,4045,4335,2095,1016,1079,
52395,8383,4026,4357,14669,7128,7541,16765,8078,8687,14668,6992,7676,8381,4046,4335,2095,1016,1079,
52400,8383,4026,4357,14670,7128,7542,16765,8078,8687,14669,6993,7676,8381,4046,4335,2096,1016,1080,
52405,8384,4026,4358,14671,7128,7543,16766,8079,8687,14670,6994,7676,8383,4047,4336,2096,1016,1080,
52410,8385,4026,4359,14673,7129,7544,16769,8080,8689,14672,6994,7678,8384,4048,4336,2096,1016,1080,
52415,8386,4027,4359,14674,7130,7544,16770,8081,8689,14674,6995,7679,8384,4048,4336,2096,1016,1080,
52420,8387,4028,4359,14676,7131,7545,16773,8081,8692,14675,6996,7679,8385,4048,4337,2096,1016,1080,
52425,8387,4028,4359,14677,7131,7546,16773,8081,8692,14676,6996,7680,8385,4048,4337,2097,1017,1080,
52430,8388,4028,4360,14678,7131,7547,16774,8082,8692,14677,6997,7680,8387,4049,4338,2097,1017,1080,
52435,8389,4029,4360,14680,7133,7547,16777,8084,8693,14679,6999,7680,8388,4049,4339,2097,1017,1080,
52440,8390,4029,4361,14681,7133,7548,16778,8085,8693,14681,7000,7681,8388,4049,4339,2097,1017,1080,
52445,8391,4029,4362,14683,7134,7549,16781,8086,8695,14682,7000,7682,8389,4050,4339,2097,1017,1080,
52450,8391,4029,4362,14684,7134,7550,16781,8086,8695,14683,7001,7682,8389,4050,4339,2098,1017,1081,
52455,8392,4029,4363,14685,7134,7551,16782,8086,8696,14684,7001,7683,8391,4052,4339,2098,1017,1081,
52460,8393,4030,4363,14687,7135,7552,16785,8088,8697,14686,7002,7684,8392,4052,4340,2098,1017,1081,
52465,8394,4031,4363,14688,7135,7553,16786,8089,8697,14688,7002,7686,8392,4052,4340,2098,1017,1081,
52470,8395,4031,4364,14690,7136,7554,16789,8091,8698,14689,7002,7687,8393,4053,4340,2098,1017,1081,
52475,8395,4031,4364,14691,7137,7554,16789,8091,8698,14690,7002,7688,8393,4053,4340,2099,1017,1082,
52480,8396,4031,4365,14692,7137,7555,16790,8092,8698,14691,7003,7688,8395,4053,4342,2099,1017,1082,
52485,8397,4031,4366,14694,7138,7556,16793,8092,8701,14693,7005,7688,8396,4053,4343,2099,1017,1082,
52490,8398,4032,4366,14695,7138,7557,16794,8093,8701,14695,7005,7690,8396,4053,4343,2099,1017,1082,
52495,8399,4032,4367,14697,7138,7559,16797,8094,8703,14696,7005,7691,8397,4053,4344,2099,1017,1082,
52500,8399,4032,4367,14698,7138,7560,16797,8094,8703,14697,7006,7691,8397,4053,4344,2100,1017,1083,
52505,8400,4033,4367,14699,7138,7561,16798,8095,8703,14698,7006,7692,8399,4054,4345,2100,1017,1083,
52510,8401,4033,4368,14701,7139,7562,16801,8097,8704,14700,7007,7693,8400,4055,4345,2100,1017,1083,
52515,8402,4033,4369,14702,7139,7563,16802,8098,8704,14702,7007,7695,8400,4055,4345,2100,1017,1083,
52520,8403,4034,4369,14704,7139,7565,16805,8098,8707,14703,7007,7696,8401,4055,4346,2100,1017,1083,
52525,8403,4034,4369,14705,7140,7565,16805,8098,8707,14704,7008,7696,8401,4055,4346,2101,1018,1083,
52530,8404,4034,4370,14706,7141,7565,16806,8099,8707,14705,7009,7696,8403,4056,4347,2101,1018,1083,
52535,8405,4034,4371,14708,7141,7567,16809,8101,8708,14707,7011,7696,8404,4056,4348,2101,1018,1083,
52540,8406,4034,4372,14709,7142,7567,16810,8101,8709,14709,7013,7696,8404,4056,4348,2101,1018,1083,
52545,8407,4034,4373,14711,7142,7569,16813,8104,8709,14710,7013,7697,8405,4057,4348,2101,1018,1083,
52550,8407,4034,4373,14712,7142,7570,16813,8104,8709,14711,7013,7698,8405,4057,4348,2102,1018,1084,
52555,8408,4035,4373,14713,7143,7570,16814,8104,8710,14712,7013,7699,8407,4059,4348,2102,1018,1084,
52560,8409,4036,4373,14715,7144,7571,16817,8105,8712,14714,7014,7700,8408,4060,4348,2102,1018,1084,
52565,8410,4037,4373,14716,7144,7572,16818,8105,8713,14716,7014,7702,8408,4060,4348,2102,1018,1084,
52570,8411,4038,4373,14718,7145,7573,16821,8106,8715,14717,7014,7703,8409,4061,4348,2102,1018,1084,
52575,8411,4038,4373,14719,7145,7574,16821,8106,8715,14718,7015,7703,8409,4061,4348,2103,1018,1085,
52580,8412,4038,4374,14720,7146,7574,16822,8107,8715,14719,7015,7704,8411,4061,4350,2103,1018,1085,
52585,8413,4039,4374,14722,7147,7575,16825,8108,8717,14721,7016,7705,8412,4062,4350,2103,1018,1085,
52590,8414,4040,4374,14723,7147,7576,16826,8108,8718,14723,7018,7705,8412,4062,4350,2103,1018,1085,
52595,8415,4040,4375,14725,7148,7577,16829,8109,8720,14724,7018,7706,8413,4063,4350,2103,1018,1085,
52600,8415,4040,4375,14726,7149,7577,16829,8109,8720,14725,7018,7707,8413,4063,4350,2104,1019,1085,
52605,8416,4041,4375,14727,7150,7577,16830,8110,8720,14726,7018,7708,8415,4065,4350,2104,1019,1085,
52610,8417,4041,4376,14729,7150,7579,16833,8111,8722,14728,7018,7710,8416,4066,4350,2104,1019,1085,
52615,8418,4042,4376,14730,7151,7579,16834,8112,8722,14730,7020,7710,8416,4066,4350,2104,1019,1085,
52620,8419,4042,4377,14732,7151,7581,16837,8114,8723,14731,7020,7711,8417,4066,4351,2104,1019,1085,
52625,8419,4042,4377,14733,7152,7581,16837,8114,8723,14732,7020,7712,8417,4066,4351,2105,1020,1085,
52630,8420,4043,4377,14734,7153,7581,16838,8115,8723,14733,7021,7712,8419,4068,4351,2105,1020,1085,
52635,8421,4043,4378,14736,7153,7583,16841,8116,8725,14735,7022,7713,8420,4068,4352,2105,1020,1085,
52640,8422,4043,4379,14737,7153,7584,16842,8116,8726,14737,7023,7714,8420,4068,4352,2105,1020,1085,
52645,8423,4043,4380,14739,7154,7585,16845,8118,8727,14738,7023,7715,8421,4068,4353,2105,1020,1085,
52650,8423,4043,4380,14740,7154,7586,16845,8118,8727,14739,7023,7716,8421,4068,4353,2106,1020,1086,
52655,8424,4043,4381,14741,7155,7586,16846,8119,8727,14740,7023,7717,8423,4069,4354,2106,1020,1086,
52660,8425,4044,4381,14743,7157,7586,16849,8122,8727,14742,7025,7717,8424,4070,4354,2106,1020,1086,
52665,8426,4045,4381,14744,7158,7586,16850,8122,8728,14744,7027,7717,8424,4070,4354,2106,1020,1086,
52670,8427,4045,4382,14746,7159,7587,16853,8123,8730,14745,7028,7717,8425,4070,4355,2106,1020,1086,
52675,8427,4045,4382,14747,7160,7587,16853,8123,8730,14746,7028,7718,8425,4070,4355,2107,1021,1086,
52680,8428,4046,4382,14748,7161,7587,16854,8124,8730,14747,7028,7719,8427,4072,4355,2107,1021,1086,
52685,8429,4046,4383,14750,7162,7588,16857,8125,8732,14749,7029,7720,8428,4073,4355,2107,1021,1086,
52690,8430,4046,4384,14751,7163,7588,16858,8125,8733,14751,7031,7720,8428,4073,4355,2107,1021,1086,
52695,8431,4047,4384,14753,7164,7589,16861,8126,8735,14752,7031,7721,8429,4073,4356,2107,1021,1086,
52700,8431,4047,4384,14754,7164,7590,16861,8126,8735,14753,7031,7722,8429,4073,4356,2108,1021,1087,
52705,8432,4047,4385,14755,7164,7591,16862,8127,8735,14754,7031,7723,8431,4074,4357,2108,1021,1087,
52710,8433,4048,4385,14757,7164,7593,16865,8128,8737,14756,7032,7724,8432,4075,4357,2108,1021,1087,
52715,8434,4048,4386,14758,7164,7594,16866,8129,8737,14758,7032,7726,8432,4075,4357,2108,1021,1087,
52720,8435,4048,4387,14760,7165,7595,16869,8130,8739,14759,7032,7727,8433,4076,4357,2108,1021,1087,
52725,8435,4048,4387,14761,7166,7595,16869,8130,8739,14760,7032,7728,8433,4076,4357,2109,1021,1088,
52730,8436,4048,4388,14762,7166,7596,16870,8131,8739,14761,7033,7728,8435,4078,4357,2109,1021,1088,
52735,8437,4048,4389,14764,7168,7596,16873,8132,8741,14763,7035,7728,8436,4078,4358,2109,1021,1088,
52740,8438,4048,4390,14765,7169,7596,16874,8133,8741,14765,7036,7729,8436,4078,4358,2109,1021,1088,
52745,8439,4049,4390,14767,7171,7596,16877,8134,8743,14766,7037,7729,8437,4078,4359,2109,1021,1088,
52750,8439,4049,4390,14768,7171,7597,16877,8134,8743,14767,7037,7730,8437,4078,4359,2110,1021,1089,
52755,8440,4050,4390,14769,7172,7597,16878,8135,8743,14768,7038,7730,8439,4080,4359,2110,1021,1089,
52760,8441,4050,4391,14771,7174,7597,16881,8135,8746,14770,7040,7730,8440,4081,4359,2110,1021,1089,
52765,8442,4051,4391,14772,7175,7597,16882,8135,8747,14772,7040,7732,8440,4081,4359,2110,1021,1089,
52770,8443,4052,4391,14774,7176,7598,16885,8137,8748,14773,7041,7732,8441,4082,4359,2110,1021,1089,
52775,8443,4052,4391,14775,7176,7599,16885,8137,8748,14774,7042,7732,8441,4082,4359,2111,1021,1090,
52780,8444,4052,4392,14776,7177,7599,16886,8138,8748,14775,7042,7733,8443,4084,4359,2111,1021,1090,
52785,8445,4053,4392,14778,7179,7599,16889,8141,8748,14777,7043,7734,8444,4085,4359,2111,1021,1090,
52790,8446,4053,4393,14779,7179,7600,16890,8141,8749,14779,7044,7735,8444,4085,4359,2111,1021,1090,
52795,8447,4053,4394,14781,7180,7601,16893,8142,8751,14780,7044,7736,8445,4086,4359,2111,1021,1090,
52800,8447,4053,4394,14782,7180,7602,16893,8142,8751,14781,7044,7737,8445,4086,4359,2112,1021,1091,
52805,8448,4054,4394,14783,7180,7603,16894,8143,8751,14782,7044,7738,8447,4087,4360,2112,1021,1091,
52810,8449,4055,4394,14785,7180,7605,16897,8145,8752,14784,7045,7739,8448,4088,4360,2112,1021,1091,
52815,8450,4056,4394,14786,7181,7605,16898,8146,8752,14786,7045,7741,8448,4088,4360,2112,1021,1091,
52820,8451,4056,4395,14788,7182,7606,16901,8147,8754,14787,7046,7741,8449,4088,4361,2112,1021,1091,
52825,8451,4056,4395,14789,7183,7606,16901,8147,8754,14788,7046,7742,8449,4088,4361,2113,1021,1092,
52830,8452,4056,4396,14790,7184,7606,16902,8147,8755,14789,7046,7743,8451,4089,4362,2113,1021,1092,
52835,8453,4057,4396,14792,7186,7606,16905,8147,8758,14791,7047,7744,8452,4089,4363,2113,1021,1092,
52840,8454,4058,4396,14793,7186,7607,16906,8147,8759,14793,7047,7746,8452,4089,4363,2113,1021,1092,
52845,8455,4058,4397,14795,7187,7608,16909,8149,8760,14794,7047,7747,8453,4090,4363,2113,1021,1092,
52850,8455,4058,4397,14796,7188,7608,16909,8149,8760,14795,7047,7748,8453,4090,4363,2114,1022,1092,
52855,8456,4059,4397,14797,7189,7608,16910,8149,8761,14796,7047,7749,8455,4092,4363,2114,1022,1092,
52860,8457,4060,4397,14799,7189,7610,16913,8150,8763,14798,7048,7750,8456,4092,4364,2114,1022,1092,
52865,8458,4060,4398,14800,7190,7610,16914,8150,8764,14800,7048,7752,8456,4092,4364,2114,1022,1092,
52870,8459,4061,4398,14802,7192,7610,16917,8151,8766,14801,7048,7753,8457,4093,4364,2114,1022,1092,
52875,8459,4061,4398,14803,7193,7610,16917,8151,8766,14802,7049,7753,8457,4093,4364,2115,1023,1092,
52880,8460,4061,4399,14804,7194,7610,16918,8152,8766,14803,7049,7754,8459,4093,4366,2115,1023,1092,
52885,8461,4062,4399,14806,7196,7610,16921,8152,8769,14805,7051,7754,8460,4094,4366,2115,1023,1092,
52890,8462,4063,4399,14807,7196,7611,16922,8153,8769,14807,7052,7755,8460,4094,4366,2115,1023,1092,
52895,8463,4063,4400,14809,7197,7612,16925,8153,8772,14808,7052,7756,8461,4095,4366,2115,1023,1092,
52900,8463,4063,4400,14810,7198,7612,16925,8153,8772,14809,7052,7757,8461,4095,4366,2116,1023,1093,
52905,8464,4063,4401,14811,7198,7613,16926,8154,8772,14810,7053,7757,8463,4097,4366,2116,1023,1093,
52910,8465,4063,4402,14813,7199,7614,16929,8156,8773,14812,7055,7757,8464,4097,4367,2116,1023,1093,
52915,8466,4064,4402,14814,7200,7614,16930,8157,8773,14814,7056,7758,8464,4097,4367,2116,1023,1093,
52920,8467,4064,4403,14816,7202,7614,16933,8160,8773,14815,7057,7758,8465,4097,4368,2116,1023,1093,
52925,8467,4064,4403,14817,7202,7615,16933,8160,8773,14816,7057,7759,8465,4097,4368,2117,1024,1093,
52930,8468,4065,4403,14818,7202,7616,16934,8160,8774,14817,7057,7760,8467,4097,4370,2117,1024,1093,
52935,8469,4066,4403,14820,7202,7618,16937,8162,8775,14819,7058,7761,8468,4097,4371,2117,1024,1093,
52940,8470,4067,4403,14821,7203,7618,16938,8162,8776,14821,7060,7761,8468,4097,4371,2117,1024,1093,
52945,8471,4068,4403,14823,7205,7618,16941,8163,8778,14822,7061,7761,8469,4097,4372,2117,1024,1093,
52950,8471,4068,4403,14824,7206,7618,16941,8163,8778,14823,7061,7762,8469,4097,4372,2118,1024,1094,
52955,8472,4068,4404,14825,7206,7619,16942,8164,8778,14824,7062,7762,8471,4098,4373,2118,1024,1094,
52960,8473,4068,4405,14827,7206,7621,16945,8166,8779,14826,7063,7763,8472,4098,4374,2118,1024,1094,
52965,8474,4069,4405,14828,7207,7621,16946,8167,8779,14828,7064,7764,8472,4098,4374,2118,1024,1094,
52970,8475,4069,4406,14830,7209,7621,16949,8168,8781,14829,7065,7764,8473,4098,4375,2118,1024,1094,
52975,8475,4069,4406,14831,7209,7622,16949,8168,8781,14830,7065,7765,8473,4098,4375,2119,1025,1094,
52980,8476,4070,4406,14832,7209,7623,16950,8169,8781,14831,7066,7765,8475,4099,4376,2119,1025,1094,
52985,8477,4071,4406,14834,7210,7624,16953,8171,8782,14833,7067,7766,8476,4099,4377,2119,1025,1094,
52990,8478,4072,4406,14835,7211,7624,16954,8172,8782,14835,7068,7767,8476,4099,4377,2119,1025,1094,
52995,8479,4073,4406,14837,7211,7626,16957,8174,8783,14836,7068,7768,8477,4099,4378,2119,1025,1094,
53000,8479,4073,4406,14838,7212,7626,16957,8174,8783,14837,7069,7768,8477,4099,4378,2120,1025,1095,
53005,8480,4073,4407,14839,7213,7626,16958,8174,8784,14838,7070,7768,8479,4101,4378,2120,1025,1095,
53010,8481,4074,4407,14841,7213,7628,16961,8176,8785,14840,7071,7769,8480,4102,4378,2120,1025,1095,
53015,8482,4074,4408,14842,7213,7629,16962,8176,8786,14842,7072,7770,8480,4102,4378,2120,1025,1095,
53020,8483,4074,4409,14844,7213,7631,16965,8177,8788,14843,7072,7771,8481,4102,4379,2120,1025,1095,
53025,8483,4074,4409,14845,7214,7631,16965,8177,8788,14844,7073,7771,8481,4102,4379,2121,1025,1096,
53030,8484,4074,4410,14846,7214,7632,16966,8177,8789,14845,7073,7772,8483,4102,4381,2121,1025,1096,
53035,8485,4075,4410,14848,7216,7632,16969,8179,8790,14847,7073,7774,8484,4103,4381,2121,1025,1096,
53040,8486,4075,4411,14849,7216,7633,16970,8180,8790,14849,7075,7774,8484,4103,4381,2121,1025,1096,
53045,8487,4075,4412,14851,7217,7634,16973,8181,8792,14850,7075,7775,8485,4103,4382,2121,1025,1096,
53050,8487,4075,4412,14852,7217,7635,16973,8181,8792,14851,7076,7775,8485,4103,4382,2122,1026,1096,
53055,8488,4076,4412,14853,7217,7636,16974,8181,8793,14852,7076,7776,8487,4104,4383,2122,1026,1096,
53060,8489,4076,4413,14855,7218,7637,16977,8184,8793,14854,7077,7777,8488,4105,4383,2122,1026,1096,
53065,8490,4077,4413,14856,7218,7638,16978,8184,8794,14856,7078,7778,8488,4105,4383,2122,1026,1096,
53070,8491,4077,4414,14858,7219,7639,16981,8186,8795,14857,7078,7779,8489,4106,4383,2122,1026,1096,
53075,8491,4077,4414,14859,7219,7640,16981,8186,8795,14858,7079,7779,8489,4106,4383,2123,1027,1096,
53080,8492,4078,4414,14860,7219,7641,16982,8187,8795,14859,7079,7780,8491,4107,4384,2123,1027,1096,
53085,8493,4079,4414,14862,7220,7642,16985,8189,8796,14861,7081,7780,8492,4107,4385,2123,1027,1096,
53090,8494,4080,4414,14863,7221,7642,16986,8189,8797,14863,7082,7781,8492,4107,4385,2123,1027,1096,
53095,8495,4080,4415,14865,7222,7643,16989,8190,8799,14864,7082,7782,8493,4107,4386,2123,1027,1096,
53100,8495,4080,4415,14866,7223,7643,16989,8190,8799,14865,7082,7783,8493,4107,4386,2124,1028,1096,
53105,8496,4081,4415,14867,7223,7644,16990,8191,8799,14866,7083,7783,8495,4107,4388,2124,1028,1096,
53110,8497,4081,4416,14869,7223,7646,16993,8192,8801,14868,7085,7783,8496,4107,4389,2124,1028,1096,
53115,8498,4082,4416,14870,7223,7647,16994,8192,8802,14870,7086,7784,8496,4107,4389,2124,1028,1096,
53120,8499,4082,4417,14872,7224,7648,16997,8194,8803,14871,7087,7784,8497,4108,4389,2124,1028,1096,
53125,8499,4082,4417,14873,7225,7648,16997,8194,8803,14872,7088,7784,8497,4108,4389,2125,1029,1096,
53130,8500,4082,4418,14874,7225,7649,16998,8195,8803,14873,7089,7784,8499,4110,4389,2125,1029,1096,
53135,8501,4083,4418,14876,7226,7650,17001,8198,8803,14875,7089,7786,8500,4111,4389,2125,1029,1096,
53140,8502,4084,4418,14877,7227,7650,17002,8198,8804,14877,7091,7786,8500,4111,4389,2125,1029,1096,
53145,8503,4084,4419,14879,7228,7651,17005,8199,8806,14878,7092,7786,8501,4112,4389,2125,1029,1096,
53150,8503,4084,4419,14880,7229,7651,17005,8199,8806,14879,7092,7787,8501,4112,4389,2126,1030,1096,
53155,8504,4084,4420,14881,7230,7651,17006,8199,8807,14880,7093,7787,8503,4113,4390,2126,1030,1096,
53160,8505,4085,4420,14883,7230,7653,17009,8200,8809,14882,7094,7788,8504,4113,4391,2126,1030,1096,
53165,8506,4085,4421,14884,7230,7654,17010,8200,8810,14884,7095,7789,8504,4113,4391,2126,1030,1096,
53170,8507,4085,4422,14886,7231,7655,17013,8202,8811,14885,7095,7790,8505,4113,4392,2126,1030,1096,
53175,8507,4085,4422,14887,7231,7656,17013,8202,8811,14886,7095,7791,8505,4113,4392,2127,1030,1097,
53180,8508,4085,4423,14888,7231,7657,17014,8202,8812,14887,7095,7792,8507,4114,4393,2127,1030,1097,
53185,8509,4085,4424,14890,7231,7659,17017,8202,8815,14889,7095,7794,8508,4114,4394,2127,1030,1097,
53190,8510,4086,4424,14891,7231,7660,17018,8202,8816,14891,7097,7794,8508,4114,4394,2127,1030,1097,
53195,8511,4087,4424,14893,7233,7660,17021,8204,8817,14892,7098,7794,8509,4115,4394,2127,1030,1097,
53200,8511,4087,4424,14894,7234,7660,17021,8204,8817,14893,7099,7794,8509,4115,4394,2128,1031,1097,
53205,8512,4088,4424,14895,7235,7660,17022,8204,8818,14894,7099,7795,8511,4115,4396,2128,1031,1097,
53210,8513,4089,4424,14897,7237,7660,17025,8205,8820,14896,7099,7797,8512,4116,4396,2128,1031,1097,
53215,8514,4090,4424,14898,7238,7660,17026,8206,8820,14898,7100,7798,8512,4116,4396,2128,1031,1097,
53220,8515,4090,4425,14900,7239,7661,17029,8208,8821,14899,7100,7799,8513,4117,4396,2128,1031,1097,
53225,8515,4090,4425,14901,7239,7662,17029,8208,8821,14900,7100,7800,8513,4117,4396,2129,1032,1097,
53230,8516,4090,4426,14902,7240,7662,17030,8209,8821,14901,7100,7801,8515,4119,4396,2129,1032,1097,
53235,8517,4091,4426,14904,7240,7664,17033,8210,8823,14903,7100,7803,8516,4119,4397,2129,1032,1097,
53240,8518,4091,4427,14905,7241,7664,17034,8210,8824,14905,7101,7804,8516,4119,4397,2129,1032,1097,
53245,8519,4092,4427,14907,7242,7665,17037,8211,8826,14906,7102,7804,8517,4120,4397,2129,1032,1097,
53250,8519,4092,4427,14908,7242,7666,17037,8211,8826,14907,7102,7805,8517,4120,4397,2130,1033,1097,
53255,8520,4092,4428,14909,7242,7667,17038,8212,8826,14908,7103,7805,8519,4120,4399,2130,1033,1097,
53260,8521,4092,4429,14911,7243,7668,17041,8213,8828,14910,7105,7805,8520,4121,4399,2130,1033,1097,
53265,8522,4093,4429,14912,7243,7669,17042,8214,8828,14912,7106,7806,8520,4121,4399,2130,1033,1097,
53270,8523,4094,4429,14914,7243,7671,17045,8215,8830,14913,7106,7807,8521,4122,4399,2130,1033,1097,
53275,8523,4094,4429,14915,7243,7672,17045,8215,8830,14914,7107,7807,8521,4122,4399,2131,1034,1097,
53280,8524,4094,4430,14916,7244,7672,17046,8216,8830,14915,7108,7807,8523,4124,4399,2131,1034,1097,
53285,8525,4094,4431,14918,7244,7674,17049,8218,8831,14917,7108,7809,8524,4125,4399,2131,1034,1097,
53290,8526,4095,4431,14919,7244,7675,17050,8218,8832,14919,7109,7810,8524,4125,4399,2131,1034,1097,
53295,8527,4095,4432,14921,7245,7676,17053,8218,8835,14920,7110,7810,8525,4125,4400,2131,1034,1097,
53300,8527,4095,4432,14922,7246,7676,17053,8218,8835,14921,7110,7811,8525,4125,4400,2132,1034,1098,
53305,8528,4095,4433,14923,7247,7676,17054,8219,8835,14922,7111,7811,8527,4126,4401,2132,1034,1098,
53310,8529,4096,4433,14925,7249,7676,17057,8219,8838,14924,7111,7813,8528,4127,4401,2132,1034,1098,
53315,8530,4097,4433,14926,7249,7677,17058,8220,8838,14926,7112,7814,8528,4127,4401,2132,1034,1098,
53320,8531,4098,4433,14928,7250,7678,17061,8221,8840,14927,7113,7814,8529,4128,4401,2132,1034,1098,
53325,8531,4098,4433,14929,7251,7678,17061,8221,8840,14928,7113,7815,8529,4128,4401,2133,1035,1098,
53330,8532,4098,4434,14930,7251,7679,17062,8222,8840,14929,7113,7816,8531,4130,4401,2133,1035,1098,
53335,8533,4098,4435,14932,7253,7679,17065,8223,8842,14931,7113,7818,8532,4130,4402,2133,1035,1098,
53340,8534,4098,4436,14933,7253,7680,17066,8224,8842,14933,7114,7819,8532,4130,4402,2133,1035,1098,
53345,8535,4099,4436,14935,7254,7681,17069,8227,8842,14934,7114,7820,8533,4130,4403,2133,1035,1098,
53350,8535,4099,4436,14936,7254,7682,17069,8227,8842,14935,7114,7821,8533,4130,4403,2134,1036,1098,
53355,8536,4100,4436,14937,7255,7682,17070,8227,8843,14936,7114,7822,8535,4131,4404,2134,1036,1098,
53360,8537,4101,4436,14939,7257,7682,17073,8229,8844,14938,7114,7824,8536,4132,4404,2134,1036,1098,
53365,8538,4101,4437,14940,7257,7683,17074,8230,8844,14940,7114,7826,8536,4132,4404,2134,1036,1098,
53370,8539,4101,4438,14942,7257,7685,17077,8231,8846,14941,7114,7827,8537,4132,4405,2134,1036,1098,
53375,8539,4101,4438,14943,7257,7686,17077,8231,8846,14942,7115,7827,8537,4132,4405,2135,1037,1098,
53380,8540,4101,4439,14944,7257,7687,17078,8231,8847,14943,7116,7827,8539,4132,4407,2135,1037,1098,
53385,8541,4101,4440,14946,7257,7689,17081,8231,8850,14945,7118,7827,8540,4132,4408,2135,1037,1098,
53390,8542,4102,4440,14947,7258,7689,17082,8232,8850,14947,7118,7829,8540,4132,4408,2135,1037,1098,
53395,8543,4102,4441,14949,7260,7689,17085,8232,8853,14948,7118,7830,8541,4133,4408,2135,1037,1098,
53400,8543,4102,4441,14950,7261,7689,17085,8232,8853,14949,7118,7831,8541,4133,4408,2136,1037,1099,
53405,8544,4102,4442,14951,7262,7689,17086,8233,8853,14950,7119,7831,8543,4133,4410,2136,1037,1099,
53410,8545,4103,4442,14953,7262,7691,17089,8234,8855,14952,7119,7833,8544,4134,4410,2136,1037,1099,
53415,8546,4103,4443,14954,7263,7691,17090,8234,8856,14954,7120,7834,8544,4134,4410,2136,1037,1099,
53420,8547,4104,4443,14956,7264,7692,17093,8235,8858,14955,7120,7835,8545,4135,4410,2136,1037,1099,
53425,8547,4104,4443,14957,7265,7692,17093,8235,8858,14956,7120,7836,8545,4135,4410,2137,1038,1099,
53430,8548,4104,4444,14958,7266,7692,17094,8236,8858,14957,7121,7836,8547,4135,4412,2137,1038,1099,
53435,8549,4105,4444,14960,7267,7693,17097,8237,8860,14959,7122,7837,8548,4136,4412,2137,1038,1099,
53440,8550,4105,4445,14961,7267,7694,17098,8238,8860,14961,7123,7838,8548,4136,4412,2137,1038,1099,
53445,8551,4106,4445,14963,7268,7695,17101,8240,8861,14962,7123,7839,8549,4137,4412,2137,1038,1099,
53450,8551,4106,4445,14964,7269,7695,17101,8240,8861,14963,7123,7840,8549,4137,4412,2138,1038,1100,
53455,8552,4106,4446,14965,7270,7695,17102,8241,8861,14964,7123,7841,8551,4138,4413,2138,1038,1100,
53460,8553,4107,4446,14967,7272,7695,17105,8243,8862,14966,7124,7842,8552,4138,4414,2138,1038,1100,
53465,8554,4108,4446,14968,7273,7695,17106,8243,8863,14968,7126,7842,8552,4138,4414,2138,1038,1100,
53470,8555,4108,4447,14970,7274,7696,17109,8244,8865,14969,7127,7842,8553,4138,4415,2138,1038,1100,
53475,8555,4108,4447,14971,7275,7696,17109,8244,8865,14970,7127,7843,8553,4138,4415,2139,1039,1100,
53480,8556,4109,4447,14972,7276,7696,17110,8244,8866,14971,7127,7844,8555,4140,4415,2139,1039,1100,
53485,8557,4109,4448,14974,7277,7697,17113,8246,8867,14973,7128,7845,8556,4140,4416,2139,1039,1100,
53490,8558,4110,4448,14975,7278,7697,17114,8246,8868,14975,7128,7847,8556,4140,4416,2139,1039,1100,
53495,8559,4111,4448,14977,7279,7698,17117,8248,8869,14976,7129,7847,8557,4140,4417,2139,1039,1100,
53500,8559,4111,4448,14978,7280,7698,17117,8248,8869,14977,7129,7848,8557,4140,4417,2140,1039,1101,
53505,8560,4111,4449,14979,7280,7699,17118,8248,8870,14978,7129,7849,8559,4141,4418,2140,1039,1101,
53510,8561,4111,4450,14981,7280,7701,17121,8250,8871,14980,7130,7850,8560,4142,4418,2140,1039,1101,
53515,8562,4112,4450,14982,7280,7702,17122,8250,8872,14982,7131,7851,8560,4142,4418,2140,1039,1101,
53520,8563,4113,4450,14984,7281,7703,17125,8250,8875,14983,7131,7852,8561,4142,4419,2140,1039,1101,
53525,8563,4113,4450,14985,7282,7703,17125,8250,8875,14984,7131,7853,8561,4142,4419,2141,1039,1102,
53530,8564,4114,4450,14986,7282,7704,17126,8250,8876,14985,7131,7854,8563,4143,4420,2141,1039,1102,
53535,8565,4115,4450,14988,7282,7706,17129,8251,8878,14987,7133,7854,8564,4144,4420,2141,1039,1102,
53540,8566,4116,4450,14989,7283,7706,17130,8252,8878,14989,7133,7856,8564,4144,4420,2141,1039,1102,
53545,8567,4116,4451,14991,7284,7707,17133,8253,8880,14990,7134,7856,8565,4144,4421,2141,1039,1102,
53550,8567,4116,4451,14992,7285,7707,17133,8253,8880,14991,7135,7856,8565,4144,4421,2142,1039,1103,
53555,8568,4116,4452,14993,7285,7708,17134,8253,8881,14992,7136,7856,8567,4145,4422,2142,1039,1103,
53560,8569,4116,4453,14995,7285,7710,17137,8254,8883,14994,7138,7856,8568,4145,4423,2142,1039,1103,
53565,8570,4116,4454,14996,7286,7710,17138,8254,8884,14996,7139,7857,8568,4145,4423,2142,1039,1103,
53570,8571,4117,4454,14998,7287,7711,17141,8256,8885,14997,7139,7858,8569,4145,4424,2142,1039,1103,
53575,8571,4117,4454,14999,7287,7712,17141,8256,8885,14998,7140,7858,8569,4145,4424,2143,1039,1104,
53580,8572,4118,4454,15000,7287,7713,17142,8256,8886,14999,7140,7859,8571,4146,4425,2143,1039,1104,
53585,8573,4118,4455,15002,7288,7714,17145,8259,8886,15001,7141,7860,8572,4146,4426,2143,1039,1104,
53590,8574,4118,4456,15003,7289,7714,17146,8259,8887,15003,7143,7860,8572,4146,4426,2143,1039,1104,
53595,8575,4119,4456,15005,7290,7715,17149,8260,8889,15004,7144,7860,8573,4147,4426,2143,1039,1104,
53600,8575,4119,4456,15006,7290,7716,17149,8260,8889,15005,7144,7861,8573,4147,4426,2144,1040,1104,
53605,8576,4120,4456,15007,7291,7716,17150,8260,8890,15006,7144,7862,8575,4148,4427,2144,1040,1104,
53610,8577,4120,4457,15009,7293,7716,17153,8261,8892,15008,7145,7863,8576,4148,4428,2144,1040,1104,
53615,8578,4120,4458,15010,7293,7717,17154,8262,8892,15010,7146,7864,8576,4148,4428,2144,1040,1104,
53620,8579,4121,4458,15012,7294,7718,17157,8264,8893,15011,7146,7865,8577,4149,4428,2144,1040,1104,
53625,8579,4121,4458,15013,7295,7718,17157,8264,8893,15012,7146,7866,8577,4149,4428,2145,1041,1104,
53630,8580,4122,4458,15014,7295,7719,17158,8264,8894,15013,7146,7867,8579,4151,4428,2145,1041,1104,
53635,8581,4123,4458,15016,7295,7721,17161,8265,8896,15015,7146,7869,8580,4151,4429,2145,1041,1104,
53640,8582,4123,4459,15017,7295,7722,17162,8266,8896,15017,7148,7869,8580,4151,4429,2145,1041,1104,
53645,8583,4124,4459,15019,7297,7722,17165,8267,8898,15018,7148,7870,8581,4152,4429,2145,1041,1104,
53650,8583,4124,4459,15020,7298,7722,17165,8267,8898,15019,7149,7870,8581,4152,4429,2146,1042,1104,
53655,8584,4124,4460,15021,7299,7722,17166,8268,8898,15020,7150,7870,8583,4152,4431,2146,1042,1104,
53660,8585,4125,4460,15023,7301,7722,17169,8268,8901,15022,7150,7872,8584,4152,4432,2146,1042,1104,
53665,8586,4125,4461,15024,7301,7723,17170,8268,8902,15024,7151,7873,8584,4152,4432,2146,1042,1104,
53670,8587,4126,4461,15026,7302,7724,17173,8269,8904,15025,7151,7874,8585,4152,4433,2146,1042,1104,
53675,8587,4126,4461,15027,7302,7725,17173,8269,8904,15026,7151,7875,8585,4152,4433,2147,1042,1105,
53680,8588,4127,4461,15028,7302,7726,17174,8270,8904,15027,7152,7875,8587,4152,4435,2147,1042,1105,
53685,8589,4127,4462,15030,7303,7727,17177,8271,8906,15029,7152,7877,8588,4153,4435,2147,1042,1105,
53690,8590,4127,4463,15031,7303,7728,17178,8271,8907,15031,7154,7877,8588,4153,4435,2147,1042,1105,
53695,8591,4127,4464,15033,7305,7728,17181,8272,8909,15032,7154,7878,8589,4153,4436,2147,1042,1105,
53700,8591,4127,4464,15034,7305,7729,17181,8272,8909,15033,7155,7878,8589,4153,4436,2148,1043,1105,
53705,8592,4127,4465,15035,7305,7730,17182,8273,8909,15034,7155,7879,8591,4155,4436,2148,1043,1105,
53710,8593,4128,4465,15037,7305,7732,17185,8276,8909,15036,7155,7881,8592,4156,4436,2148,1043,1105,
53715,8594,4129,4465,15038,7305,7733,17186,8276,8910,15038,7156,7882,8592,4156,4436,2148,1043,1105,
53720,8595,4130,4465,15040,7306,7734,17189,8278,8911,15039,7156,7883,8593,4156,4437,2148,1043,1105,
53725,8595,4130,4465,15041,7307,7734,17189,8278,8911,15040,7157,7883,8593,4156,4437,2149,1043,1106,
53730,8596,4130,4466,15042,7308,7734,17190,8279,8911,15041,7157,7884,8595,4156,4439,2149,1043,1106,
53735,8597,4130,4467,15044,7310,7734,17193,8281,8912,15043,7158,7885,8596,4156,4440,2149,1043,1106,
53740,8598,4131,4467,15045,7310,7735,17194,8282,8912,15045,7159,7886,8596,4156,4440,2149,1043,1106,
53745,8599,4131,4468,15047,7312,7735,17197,8283,8914,15046,7159,7887,8597,4156,4441,2149,1043,1106,
53750,8599,4131,4468,15048,7313,7735,17197,8283,8914,15047,7159,7888,8597,4156,4441,2150,1044,1106,
53755,8600,4132,4468,15049,7314,7735,17198,8283,8915,15048,7160,7888,8599,4157,4442,2150,1044,1106,
53760,8601,4132,4469,15051,7316,7735,17201,8284,8917,15050,7160,7890,8600,4158,4442,2150,1044,1106,
53765,8602,4133,4469,15052,7316,7736,17202,8284,8918,15052,7162,7890,8600,4158,4442,2150,1044,1106,
53770,8603,4134,4469,15054,7316,7738,17205,8286,8919,15053,7162,7891,8601,4158,4443,2150,1044,1106,
53775,8603,4134,4469,15055,7317,7738,17205,8286,8919,15054,7162,7892,8601,4158,4443,2151,1044,1107,
53780,8604,4134,4470,15056,7318,7738,17206,8286,8920,15055,7162,7893,8603,4159,4444,2151,1044,1107,
53785,8605,4134,4471,15058,7320,7738,17209,8288,8921,15057,7164,7893,8604,4160,4444,2151,1044,1107,
53790,8606,4135,4471,15059,7320,7739,17210,8289,8921,15059,7165,7894,8604,4160,4444,2151,1044,1107,
53795,8607,4136,4471,15061,7322,7739,17213,8291,8922,15060,7166,7894,8605,4160,4445,2151,1044,1107,
53800,8607,4136,4471,15062,7322,7740,17213,8291,8922,15061,7166,7895,8605,4160,4445,2152,1044,1108,
53805,8608,4137,4471,15063,7323,7740,17214,8292,8922,15062,7167,7895,8607,4161,4446,2152,1044,1108,
53810,8609,4138,4471,15065,7323,7742,17217,8293,8924,15064,7169,7895,8608,4162,4446,2152,1044,1108,
53815,8610,4138,4472,15066,7323,7743,17218,8293,8925,15066,7171,7895,8608,4162,4446,2152,1044,1108,
53820,8611,4138,4473,15068,7325,7743,17221,8294,8927,15067,7172,7895,8609,4162,4447,2152,1044,1108,
53825,8611,4138,4473,15069,7325,7744,17221,8294,8927,15068,7172,7896,8609,4162,4447,2153,1044,1109,
53830,8612,4139,4473,15070,7325,7745,17222,8294,8928,15069,7173,7896,8611,4163,4448,2153,1044,1109,
53835,8613,4139,4474,15072,7326,7746,17225,8295,8930,15071,7175,7896,8612,4164,4448,2153,1044,1109,
53840,8614,4140,4474,15073,7326,7747,17226,8296,8930,15073,7175,7898,8612,4164,4448,2153,1044,1109,
53845,8615,4141,4474,15075,7326,7749,17229,8296,8933,15074,7175,7899,8613,4164,4449,2153,1044,1109,
53850,8615,4141,4474,15076,7327,7749,17229,8296,8933,15075,7176,7899,8613,4164,4449,2154,1044,1110,
53855,8616,4142,4474,15077,7328,7749,17230,8296,8934,15076,7176,7900,8615,4165,4450,2154,1044,1110,
53860,8617,4142,4475,15079,7329,7750,17233,8299,8934,15078,7176,7902,8616,4166,4450,2154,1044,1110,
53865,8618,4143,4475,15080,7329,7751,17234,8299,8935,15080,7176,7904,8616,4166,4450,2154,1044,1110,
53870,8619,4144,4475,15082,7330,7752,17237,8301,8936,15081,7176,7905,8617,4166,4451,2154,1044,1110,
53875,8619,4144,4475,15083,7330,7753,17237,8301,8936,15082,7177,7905,8617,4166,4451,2155,1044,1111,
53880,8620,4144,4476,15084,7331,7753,17238,8302,8936,15083,7178,7905,8619,4168,4451,2155,1044,1111,
53885,8621,4145,4476,15086,7332,7754,17241,8303,8938,15085,7179,7906,8620,4169,4451,2155,1044,1111,
53890,8622,4146,4476,15087,7332,7755,17242,8303,8939,15087,7179,7908,8620,4169,4451,2155,1044,1111,
53895,8623,4146,4477,15089,7334,7755,17245,8305,8940,15088,7180,7908,8621,4169,4452,2155,1044,1111,
53900,8623,4146,4477,15090,7334,7756,17245,8305,8940,15089,7181,7908,8621,4169,4452,2156,1044,1112,
53905,8624,4147,4477,15091,7334,7757,17246,8305,8941,15090,7182,7908,8623,4170,4453,2156,1044,1112,
53910,8625,4147,4478,15093,7335,7758,17249,8307,8942,15092,7183,7909,8624,4171,4453,2156,1044,1112,
53915,8626,4148,4478,15094,7336,7758,17250,8307,8943,15094,7185,7909,8624,4171,4453,2156,1044,1112,
53920,8627,4148,4479,15096,7338,7758,17253,8308,8945,15095,7186,7909,8625,4171,4454,2156,1044,1112,
53925,8627,4148,4479,15097,7338,7759,17253,8308,8945,15096,7187,7909,8625,4171,4454,2157,1044,1113,
53930,8628,4149,4479,15098,7339,7759,17254,8309,8945,15097,7188,7909,8627,4172,4455,2157,1044,1113,
53935,8629,4150,4479,15100,7339,7761,17257,8311,8946,15099,7188,7911,8628,4172,4456,2157,1044,1113,
53940,8630,4151,4479,15101,7340,7761,17258,8312,8946,15101,7188,7913,8628,4172,4456,2157,1044,1113,
53945,8631,4151,4480,15103,7340,7763,17261,8314,8947,15102,7188,7914,8629,4173,4456,2157,1044,1113,
53950,8631,4151,4480,15104,7341,7763,17261,8314,8947,15103,7188,7915,8629,4173,4456,2158,1045,1113,
53955,8632,4152,4480,15105,7341,7764,17262,8314,8948,15104,7189,7915,8631,4174,4457,2158,1045,1113,
53960,8633,4153,4480,15107,7343,7764,17265,8315,8950,15106,7189,7917,8632,4175,4457,2158,1045,1113,
53965,8634,4154,4480,15108,7343,7765,17266,8315,8951,15108,7189,7919,8632,4175,4457,2158,1045,1113,
53970,8635,4154,4481,15110,7343,7767,17269,8316,8953,15109,7189,7920,8633,4175,4458,2158,1045,1113,
53975,8635,4154,4481,15111,7344,7767,17269,8316,8953,15110,7189,7921,8633,4175,4458,2159,1046,1113,
53980,8636,4154,4482,15112,7345,7767,17270,8316,8954,15111,7190,7921,8635,4175,4460,2159,1046,1113,
53985,8637,4155,4482,15114,7346,7768,17273,8318,8955,15113,7191,7922,8636,4175,4461,2159,1046,1113,
53990,8638,4155,4483,15115,7347,7768,17274,8319,8955,15115,7193,7922,8636,4175,4461,2159,1046,1113,
53995,8639,4156,4483,15117,7348,7769,17277,8320,8957,15116,7194,7922,8637,4176,4461,2159,1046,1113,
54000,8639,4156,4483,15118,7348,7770,17277,8320,8957,15117,7194,7923,8637,4176,4461,2160,1046,1114,
54005,8640,4156,4484,15119,7349,7770,17278,8320,8958,15118,7195,7923,8639,4177,4462,2160,1046,1114,
54010,8641,4156,4485,15121,7350,7771,17281,8321,8960,15120,7195,7925,8640,4177,4463,2160,1046,1114,
54015,8642,4157,4485,15122,7350,7772,17282,8321,8961,15122,7196,7926,8640,4177,4463,2160,1046,1114,
54020,8643,4158,4485,15124,7352,7772,17285,8324,8961,15123,7197,7926,8641,4178,4463,2160,1046,1114,
54025,8643,4158,4485,15125,7353,7772,17285,8324,8961,15124,7197,7927,8641,4178,4463,2161,1047,1114,
54030,8644,4158,4486,15126,7354,7772,17286,8324,8962,15125,7198,7927,8643,4179,4464,2161,1047,1114,
54035,8645,4158,4487,15128,7354,7774,17289,8325,8964,15127,7198,7929,8644,4179,4465,2161,1047,1114,
54040,8646,4159,4487,15129,7355,7774,17290,8326,8964,15129,7200,7929,8644,4179,4465,2161,1047,1114,
54045,8647,4160,4487,15131,7356,7775,17293,8329,8964,15130,7200,7930,8645,4180,4465,2161,1047,1114,
54050,8647,4160,4487,15132,7356,7776,17293,8329,8964,15131,7200,7931,8645,4180,4465,2162,1047,1115,
54055,8648,4160,4488,15133,7356,7777,17294,8330,8964,15132,7200,7932,8647,4181,4466,2162,1047,1115,
54060,8649,4160,4489,15135,7357,7778,17297,8331,8966,15134,7202,7932,8648,4181,4467,2162,1047,1115,
54065,8650,4161,4489,15136,7358,7778,17298,8331,8967,15136,7204,7932,8648,4181,4467,2162,1047,1115,
54070,8651,4162,4489,15138,7359,7779,17301,8333,8968,15137,7205,7932,8649,4182,4467,2162,1047,1115,
54075,8651,4162,4489,15139,7359,7780,17301,8333,8968,15138,7205,7933,8649,4182,4467,2163,1048,1115,
54080,8652,4163,4489,15140,7359,7781,17302,8334,8968,15139,7206,7933,8651,4184,4467,2163,1048,1115,
54085,8653,4163,4490,15142,7360,7782,17305,8336,8969,15141,7207,7934,8652,4185,4467,2163,1048,1115,
54090,8654,4163,4491,15143,7361,7782,17306,8337,8969,15143,7208,7935,8652,4185,4467,2163,1048,1115,
54095,8655,4163,4492,15145,7362,7783,17309,8339,8970,15144,7208,7936,8653,4185,4468,2163,1048,1115,
54100,8655,4163,4492,15146,7363,7783,17309,8339,8970,15145,7209,7936,8653,4185,4468,2164,1048,1116,
54105,8656,4164,4492,15147,7364,7783,17310,8340,8970,15146,7210,7936,8655,4186,4469,2164,1048,1116,
54110,8657,4164,4493,15149,7366,7783,17313,8340,8973,15148,7210,7938,8656,4186,4470,2164,1048,1116,
54115,8658,4165,4493,15150,7366,7784,17314,8341,8973,15150,7211,7939,8656,4186,4470,2164,1048,1116,
54120,8659,4166,4493,15152,7368,7784,17317,8342,8975,15151,7212,7939,8657,4186,4471,2164,1048,1116,
54125,8659,4166,4493,15153,7368,7785,17317,8342,8975,15152,7212,7940,8657,4186,4471,2165,1049,1116,
54130,8660,4167,4493,15154,7369,7785,17318,8342,8976,15153,7213,7940,8659,4187,4472,2165,1049,1116,
54135,8661,4168,4493,15156,7369,7787,17321,8343,8978,15155,7213,7942,8660,4187,4473,2165,1049,1116,
54140,8662,4168,4494,15157,7369,7788,17322,8343,8979,15157,7213,7944,8660,4187,4473,2165,1049,1116,
54145,8663,4169,4494,15159,7370,7789,17325,8344,8981,15158,7213,7945,8661,4187,4474,2165,1049,1116,
54150,8663,4169,4494,15160,7370,7790,17325,8344,8981,15159,7214,7945,8661,4187,4474,2166,1049,1117,
54155,8664,4170,4494,15161,7371,7790,17326,8345,8981,15160,7215,7945,8663,4188,4475,2166,1049,1117,
54160,8665,4171,4494,15163,7372,7791,17329,8348,8981,15162,7216,7946,8664,4189,4475,2166,1049,1117,
54165,8666,4171,4495,15164,7372,7792,17330,8349,8981,15164,7216,7948,8664,4189,4475,2166,1049,1117,
54170,8667,4172,4495,15166,7373,7793,17333,8350,8983,15165,7217,7948,8665,4190,4475,2166,1049,1117,
54175,8667,4172,4495,15167,7374,7793,17333,8350,8983,15166,7218,7948,8665,4190,4475,2167,1049,1118,
54180,8668,4172,4496,15168,7375,7793,17334,8351,8983,15167,7219,7948,8667,4192,4475,2167,1049,1118,
54185,8669,4172,4497,15170,7376,7794,17337,8353,8984,15169,7221,7948,8668,4192,4476,2167,1049,1118,
54190,8670,4173,4497,15171,7376,7795,17338,8354,8984,15171,7223,7948,8668,4192,4476,2167,1049,1118,
54195,8671,4173,4498,15173,7377,7796,17341,8355,8986,15172,7224,7948,8669,4192,4477,2167,1049,1118,
54200,8671,4173,4498,15174,7377,7797,17341,8355,8986,15173,7224,7949,8669,4192,4477,2168,1050,1118,
54205,8672,4173,4499,15175,7378,7797,17342,8356,8986,15174,7224,7950,8671,4194,4477,2168,1050,1118,
54210,8673,4174,4499,15177,7378,7799,17345,8356,8989,15176,7225,7951,8672,4195,4477,2168,1050,1118,
54215,8674,4174,4500,15178,7378,7800,17346,8357,8989,15178,7225,7953,8672,4195,4477,2168,1050,1118,
54220,8675,4174,4501,15180,7379,7801,17349,8358,8991,15179,7226,7953,8673,4196,4477,2168,1050,1118,
54225,8675,4174,4501,15181,7380,7801,17349,8358,8991,15180,7226,7954,8673,4196,4477,2169,1050,1119,
54230,8676,4174,4502,15182,7381,7801,17350,8358,8992,15181,7227,7954,8675,4196,4479,2169,1050,1119,
54235,8677,4174,4503,15184,7383,7801,17353,8359,8994,15183,7229,7954,8676,4196,4480,2169,1050,1119,
54240,8678,4174,4504,15185,7383,7802,17354,8360,8994,15185,7230,7955,8676,4196,4480,2169,1050,1119,
54245,8679,4175,4504,15187,7383,7804,17357,8360,8997,15186,7230,7956,8677,4196,4481,2169,1050,1119,
54250,8679,4175,4504,15188,7384,7804,17357,8360,8997,15187,7231,7956,8677,4196,4481,2170,1051,1119,
54255,8680,4176,4504,15189,7385,7804,17358,8361,8997,15188,7232,7956,8679,4197,4482,2170,1051,1119,
54260,8681,4177,4504,15191,7385,7806,17361,8363,8998,15190,7232,7958,8680,4197,4483,2170,1051,1119,
54265,8682,4177,4505,15192,7386,7806,17362,8363,8999,15192,7232,7960,8680,4197,4483,2170,1051,1119,
54270,8683,4178,4505,15194,7386,7808,17365,8363,9002,15193,7233,7960,8681,4197,4484,2170,1051,1119,
54275,8683,4178,4505,15195,7386,7809,17365,8363,9002,15194,7234,7960,8681,4197,4484,2171,1052,1119,
54280,8684,4179,4505,15196,7387,7809,17366,8364,9002,15195,7235,7960,8683,4198,4485,2171,1052,1119,
54285,8685,4180,4505,15198,7388,7810,17369,8366,9003,15197,7236,7961,8684,4199,4485,2171,1052,1119,
54290,8686,4180,4506,15199,7389,7810,17370,8367,9003,15199,7237,7962,8684,4199,4485,2171,1052,1119,
54295,8687,4180,4507,15201,7389,7812,17373,8369,9004,15200,7237,7963,8685,4200,4485,2171,1052,1119,
54300,8687,4180,4507,15202,7390,7812,17373,8369,9004,15201,7237,7964,8685,4200,4485,2172,1052,1120,
54305,8688,4180,4508,15203,7390,7813,17374,8370,9004,15202,7237,7965,8687,4201,4486,2172,1052,1120,
54310,8689,4180,4509,15205,7391,7814,17377,8372,9005,15204,7239,7965,8688,4202,4486,2172,1052,1120,
54315,8690,4181,4509,15206,7391,7815,17378,8373,9005,15206,7241,7965,8688,4202,4486,2172,1052,1120,
54320,8691,4181,4510,15208,7393,7815,17381,8374,9007,15207,7242,7965,8689,4202,4487,2172,1052,1120,
54325,8691,4181,4510,15209,7393,7816,17381,8374,9007,15208,7243,7965,8689,4202,4487,2173,1053,1120,
54330,8692,4182,4510,15210,7394,7816,17382,8374,9008,15209,7243,7966,8691,4203,4488,2173,1053,1120,
54335,8693,4182,4511,15212,7394,7818,17385,8375,9010,15211,7243,7968,8692,4204,4488,2173,1053,1120,
54340,8694,4183,4511,15213,7395,7818,17386,8375,9011,15213,7243,7970,8692,4204,4488,2173,1053,1120,
54345,8695,4184,4511,15215,7396,7819,17389,8376,9013,15214,7243,7971,8693,4205,4488,2173,1053,1120,
54350,8695,4184,4511,15216,7396,7820,17389,8376,9013,15215,7243,7972,8693,4205,4488,2174,1053,1121,
54355,8696,4185,4511,15217,7397,7820,17390,8376,9014,15216,7244,7972,8695,4206,4489,2174,1053,1121,
54360,8697,4186,4511,15219,7398,7821,17393,8377,9016,15218,7245,7973,8696,4206,4490,2174,1053,1121,
54365,8698,4187,4511,15220,7398,7822,17394,8377,9017,15220,7246,7974,8696,4206,4490,2174,1053,1121,
54370,8699,4187,4512,15222,7400,7822,17397,8378,9019,15221,7246,7975,8697,4207,4490,2174,1053,1121,
54375,8699,4187,4512,15223,7400,7823,17397,8378,9019,15222,7246,7976,8697,4207,4490,2175,1053,1122,
54380,8700,4188,4512,15224,7401,7823,17398,8379,9019,15223,7247,7976,8699,4208,4491,2175,1053,1122,
54385,8701,4188,4513,15226,7402,7824,17401,8380,9021,15225,7247,7978,8700,4208,4492,2175,1053,1122,
54390,8702,4189,4513,15227,7402,7825,17402,8380,9022,15227,7249,7978,8700,4208,4492,2175,1053,1122,
54395,8703,4190,4513,15229,7404,7825,17405,8381,9024,15228,7249,7979,8701,4209,4492,2175,1053,1122,
54400,8703,4190,4513,15230,7404,7826,17405,8381,9024,15229,7249,7980,8701,4209,4492,2176,1054,1122,
54405,8704,4191,4513,15231,7404,7827,17406,8381,9025,15230,7249,7981,8703,4210,4493,2176,1054,1122,
54410,8705,4192,4513,15233,7405,7828,17409,8384,9025,15232,7249,7983,8704,4211,4493,2176,1054,1122,
54415,8706,4192,4514,15234,7405,7829,17410,8384,9026,15234,7249,7985,8704,4211,4493,2176,1054,1122,
54420,8707,4192,4515,15236,7405,7831,17413,8387,9026,15235,7250,7985,8705,4212,4493,2176,1054,1122,
54425,8707,4192,4515,15237,7405,7832,17413,8387,9026,15236,7251,7985,8705,4212,4493,2177,1055,1122,
54430,8708,4193,4515,15238,7406,7832,17414,8387,9027,15237,7251,7986,8707,4212,4495,2177,1055,1122,
54435,8709,4193,4516,15240,7406,7834,17417,8390,9027,15239,7252,7987,8708,4213,4495,2177,1055,1122,
54440,8710,4194,4516,15241,7407,7834,17418,8390,9028,15241,7252,7989,8708,4213,4495,2177,1055,1122,
54445,8711,4195,4516,15243,7408,7835,17421,8391,9030,15242,7252,7990,8709,4213,4496,2177,1055,1122,
54450,8711,4195,4516,15244,7409,7835,17421,8391,9030,15243,7252,7991,8709,4213,4496,2178,1055,1123,
54455,8712,4196,4516,15245,7409,7836,17422,8391,9031,15244,7252,7992,8711,4213,4498,2178,1055,1123,
54460,8713,4197,4516,15247,7410,7837,17425,8394,9031,15246,7253,7993,8712,4213,4499,2178,1055,1123,
54465,8714,4197,4517,15248,7411,7837,17426,8395,9031,15248,7253,7995,8712,4213,4499,2178,1055,1123,
54470,8715,4198,4517,15250,7412,7838,17429,8396,9033,15249,7254,7995,8713,4213,4500,2178,1055,1123,
54475,8715,4198,4517,15251,7413,7838,17429,8396,9033,15250,7254,7996,8713,4213,4500,2179,1055,1124,
54480,8716,4199,4517,15252,7413,7839,17430,8397,9033,15251,7254,7997,8715,4214,4501,2179,1055,1124,
54485,8717,4200,4517,15254,7414,7840,17433,8397,9036,15253,7255,7998,8716,4215,4501,2179,1055,1124,
54490,8718,4201,4517,15255,7414,7841,17434,8397,9037,15255,7256,7999,8716,4215,4501,2179,1055,1124,
54495,8719,4202,4517,15257,7415,7842,17437,8400,9037,15256,7256,8000,8717,4216,4501,2179,1055,1124,
54500,8719,4202,4517,15258,7416,7842,17437,8400,9037,15257,7257,8000,8717,4216,4501,2180,1055,1125,
54505,8720,4203,4517,15259,7417,7842,17438,8401,9037,15258,7257,8001,8719,4217,4502,2180,1055,1125,
54510,8721,4203,4518,15261,7418,7843,17441,8403,9038,15260,7258,8002,8720,4218,4502,2180,1055,1125,
54515,8722,4204,4518,15262,7418,7844,17442,8404,9038,15262,7260,8002,8720,4218,4502,2180,1055,1125,
54520,8723,4204,4519,15264,7420,7844,17445,8406,9039,15263,7260,8003,8721,4219,4502,2180,1055,1125,
54525,8723,4204,4519,15265,7421,7844,17445,8406,9039,15264,7260,8004,8721,4219,4502,2181,1055,1126,
54530,8724,4204,4520,15266,7422,7844,17446,8406,9040,15265,7261,8004,8723,4220,4503,2181,1055,1126,
54535,8725,4205,4520,15268,7423,7845,17449,8408,9041,15267,7262,8005,8724,4221,4503,2181,1055,1126,
54540,8726,4206,4520,15269,7424,7845,17450,8409,9041,15269,7264,8005,8724,4221,4503,2181,1055,1126,
54545,8727,4206,4521,15271,7425,7846,17453,8411,9042,15270,7264,8006,8725,4221,4504,2181,1055,1126,
54550,8727,4206,4521,15272,7426,7846,17453,8411,9042,15271,7265,8006,8725,4221,4504,2182,1056,1126,
54555,8728,4207,4521,15273,7426,7847,17454,8412,9042,15272,7265,8007,8727,4223,4504,2182,1056,1126,
54560,8729,4207,4522,15275,7427,7848,17457,8413,9044,15274,7265,8009,8728,4224,4504,2182,1056,1126,
54565,8730,4208,4522,15276,7427,7849,17458,8413,9045,15276,7265,8011,8728,4224,4504,2182,1056,1126,
54570,8731,4208,4523,15278,7429,7849,17461,8414,9047,15277,7265,8012,8729,4224,4505,2182,1056,1126,
54575,8731,4208,4523,15279,7429,7850,17461,8414,9047,15278,7265,8013,8729,4224,4505,2183,1057,1126,
54580,8732,4208,4524,15280,7429,7851,17462,8414,9048,15279,7266,8013,8731,4224,4507,2183,1057,1126,
54585,8733,4209,4524,15282,7431,7851,17465,8414,9051,15281,7268,8013,8732,4225,4507,2183,1057,1126,
54590,8734,4210,4524,15283,7431,7852,17466,8415,9051,15283,7269,8014,8732,4225,4507,2183,1057,1126,
54595,8735,4211,4524,15285,7432,7853,17469,8416,9053,15284,7269,8015,8733,4225,4508,2183,1057,1126,
54600,8735,4211,4524,15286,7433,7853,17469,8416,9053,15285,7269,8016,8733,4225,4508,2184,1058,1126,
54605,8736,4211,4525,15287,7433,7854,17470,8416,9054,15286,7269,8017,8735,4225,4510,2184,1058,1126,
54610,8737,4211,4526,15289,7434,7855,17473,8416,9057,15288,7269,8019,8736,4226,4510,2184,1058,1126,
54615,8738,4212,4526,15290,7434,7856,17474,8417,9057,15290,7270,8020,8736,4226,4510,2184,1058,1126,
54620,8739,4212,4527,15292,7434,7858,17477,8418,9059,15291,7270,8021,8737,4226,4511,2184,1058,1126,
54625,8739,4212,4527,15293,7435,7858,17477,8418,9059,15292,7270,8022,8737,4226,4511,2185,1059,1126,
54630,8740,4213,4527,15294,7435,7859,17478,8418,9060,15293,7271,8022,8739,4227,4512,2185,1059,1126,
54635,8741,4214,4527,15296,7437,7859,17481,8420,9061,15295,7272,8023,8740,4228,4512,2185,1059,1126,
54640,8742,4215,4527,15297,7438,7859,17482,8421,9061,15297,7273,8024,8740,4228,4512,2185,1059,1126,
54645,8743,4215,4528,15299,7438,7861,17485,8422,9063,15298,7274,8024,8741,4228,4513,2185,1059,1126,
54650,8743,4215,4528,15300,7438,7862,17485,8422,9063,15299,7274,8025,8741,4228,4513,2186,1060,1126,
54655,8744,4216,4528,15301,7439,7862,17486,8422,9064,15300,7274,8026,8743,4229,4514,2186,1060,1126,
54660,8745,4216,4529,15303,7440,7863,17489,8423,9066,15302,7275,8027,8744,4230,4514,2186,1060,1126,
54665,8746,4216,4530,15304,7441,7863,17490,8423,9067,15304,7275,8029,8744,4230,4514,2186,1060,1126,
54670,8747,4217,4530,15306,7441,7865,17493,8425,9068,15305,7275,8030,8745,4231,4514,2186,1060,1126,
54675,8747,4217,4530,15307,7442,7865,17493,8425,9068,15306,7276,8030,8745,4231,4514,2187,1060,1127,
54680,8748,4218,4530,15308,7443,7865,17494,8425,9069,15307,7277,8030,8747,4231,4516,2187,1060,1127,
54685,8749,4218,4531,15310,7443,7867,17497,8427,9070,15309,7278,8031,8748,4232,4516,2187,1060,1127,
54690,8750,4218,4532,15311,7444,7867,17498,8427,9071,15311,7280,8031,8748,4232,4516,2187,1060,1127,
54695,8751,4218,4533,15313,7444,7869,17501,8429,9072,15312,7280,8032,8749,4233,4516,2187,1060,1127,
54700,8751,4218,4533,15314,7444,7870,17501,8429,9072,15313,7280,8033,8749,4233,4516,2188,1061,1127,
54705,8752,4218,4534,15315,7444,7871,17502,8430,9072,15314,7281,8033,8751,4233,4518,2188,1061,1127,
54710,8753,4219,4534,15317,7445,7872,17505,8431,9074,15316,7281,8035,8752,4234,4518,2188,1061,1127,
54715,8754,4219,4535,15318,7446,7872,17506,8431,9075,15318,7281,8037,8752,4234,4518,2188,1061,1127,
54720,8755,4219,4536,15320,7447,7873,17509,8433,9076,15319,7281,8038,8753,4234,4519,2188,1061,1127,
54725,8755,4219,4536,15321,7447,7874,17509,8433,9076,15320,7282,8038,8753,4234,4519,2189,1062,1127,
54730,8756,4219,4537,15322,7448,7874,17510,8433,9077,15321,7283,8038,8755,4236,4519,2189,1062,1127,
54735,8757,4219,4538,15324,7449,7875,17513,8433,9080,15323,7283,8040,8756,4236,4520,2189,1062,1127,
54740,8758,4220,4538,15325,7450,7875,17514,8434,9080,15325,7284,8041,8756,4236,4520,2189,1062,1127,
54745,8759,4220,4539,15327,7450,7877,17517,8434,9083,15326,7285,8041,8757,4236,4521,2189,1062,1127,
54750,8759,4220,4539,15328,7450,7878,17517,8434,9083,15327,7286,8041,8757,4236,4521,2190,1063,1127,
54755,8760,4220,4540,15329,7451,7878,17518,8435,9083,15328,7287,8041,8759,4238,4521,2190,1063,1127,
54760,8761,4220,4541,15331,7452,7879,17521,8437,9084,15330,7288,8042,8760,4238,4522,2190,1063,1127,
54765,8762,4220,4542,15332,7452,7880,17522,8438,9084,15332,7290,8042,8760,4238,4522,2190,1063,1127,
54770,8763,4221,4542,15334,7454,7880,17525,8440,9085,15333,7290,8043,8761,4239,4522,2190,1063,1127,
54775,8763,4221,4542,15335,7455,7880,17525,8440,9085,15334,7291,8043,8761,4239,4522,2191,1063,1128,
54780,8764,4221,4543,15336,7456,7880,17526,8441,9085,15335,7291,8044,8763,4239,4524,2191,1063,1128,
54785,8765,4222,4543,15338,7457,7881,17529,8443,9086,15337,7292,8045,8764,4240,4524,2191,1063,1128,
54790,8766,4223,4543,15339,7457,7882,17530,8444,9086,15339,7293,8046,8764,4240,4524,2191,1063,1128,
54795,8767,4223,4544,15341,7458,7883,17533,8446,9087,15340,7294,8046,8765,4241,4524,2191,1063,1128,
54800,8767,4223,4544,15342,7458,7884,17533,8446,9087,15341,7294,8047,8765,4241,4524,2192,1064,1128,
54805,8768,4223,4545,15343,7458,7885,17534,8446,9088,15342,7294,8048,8767,4241,4526,2192,1064,1128,
54810,8769,4223,4546,15345,7460,7885,17537,8446,9091,15344,7295,8049,8768,4241,4527,2192,1064,1128,
54815,8770,4224,4546,15346,7460,7886,17538,8446,9092,15346,7295,8051,8768,4241,4527,2192,1064,1128,
54820,8771,4225,4546,15348,7460,7888,17541,8448,9093,15347,7296,8051,8769,4242,4527,2192,1064,1128,
54825,8771,4225,4546,15349,7460,7889,17541,8448,9093,15348,7297,8051,8769,4242,4527,2193,1064,1129,
54830,8772,4226,4546,15350,7461,7889,17542,8448,9094,15349,7298,8051,8771,4242,4529,2193,1064,1129,
54835,8773,4227,4546,15352,7461,7891,17545,8450,9095,15351,7299,8052,8772,4243,4529,2193,1064,1129,
54840,8774,4228,4546,15353,7461,7892,17546,8450,9096,15353,7300,8053,8772,4243,4529,2193,1064,1129,
54845,8775,4229,4546,15355,7462,7893,17549,8453,9096,15354,7300,8054,8773,4244,4529,2193,1064,1129,
54850,8775,4229,4546,15356,7463,7893,17549,8453,9096,15355,7300,8055,8773,4244,4529,2194,1065,1129,
54855,8776,4229,4547,15357,7463,7894,17550,8454,9096,15356,7301,8055,8775,4245,4530,2194,1065,1129,
54860,8777,4230,4547,15359,7465,7894,17553,8455,9098,15358,7302,8056,8776,4246,4530,2194,1065,1129,
54865,8778,4231,4547,15360,7465,7895,17554,8456,9098,15360,7302,8058,8776,4246,4530,2194,1065,1129,
54870,8779,4232,4547,15362,7466,7896,17557,8457,9100,15361,7302,8059,8777,4246,4531,2194,1065,1129,
54875,8779,4232,4547,15363,7467,7896,17557,8457,9100,15362,7303,8059,8777,4246,4531,2195,1065,1130,
54880,8780,4233,4547,15364,7468,7896,17558,8457,9101,15363,7304,8059,8779,4246,4533,2195,1065,1130,
54885,8781,4234,4547,15366,7469,7897,17561,8458,9103,15365,7304,8061,8780,4247,4533,2195,1065,1130,
54890,8782,4234,4548,15367,7469,7898,17562,8458,9104,15367,7305,8062,8780,4247,4533,2195,1065,1130,
54895,8783,4234,4549,15369,7471,7898,17565,8459,9106,15368,7305,8063,8781,4248,4533,2195,1065,1130,
54900,8783,4234,4549,15370,7472,7898,17565,8459,9106,15369,7306,8063,8781,4248,4533,2196,1065,1131,
54905,8784,4234,4550,15371,7473,7898,17566,8460,9106,15370,7306,8064,8783,4248,4535,2196,1065,1131,
54910,8785,4235,4550,15373,7473,7900,17569,8462,9107,15372,7307,8065,8784,4248,4536,2196,1065,1131,
54915,8786,4236,4550,15374,7474,7900,17570,8463,9107,15374,7307,8067,8784,4248,4536,2196,1065,1131,
54920,8787,4236,4551,15376,7474,7902,17573,8463,9110,15375,7308,8067,8785,4249,4536,2196,1065,1131,
54925,8787,4236,4551,15377,7474,7903,17573,8463,9110,15376,7309,8067,8785,4249,4536,2197,1065,1132,
54930,8788,4236,4552,15378,7474,7904,17574,8463,9111,15377,7309,8068,8787,4251,4536,2197,1065,1132,
54935,8789,4237,4552,15380,7474,7906,17577,8463,9114,15379,7309,8070,8788,4252,4536,2197,1065,1132,
54940,8790,4238,4552,15381,7475,7906,17578,8464,9114,15381,7311,8070,8788,4252,4536,2197,1065,1132,
54945,8791,4238,4553,15383,7477,7906,17581,8465,9116,15382,7311,8071,8789,4252,4537,2197,1065,1132,
54950,8791,4238,4553,15384,7478,7906,17581,8465,9116,15383,7311,8072,8789,4252,4537,2198,1066,1132,
54955,8792,4238,4554,15385,7479,7906,17582,8465,9117,15384,7311,8073,8791,4253,4538,2198,1066,1132,
54960,8793,4238,4555,15387,7479,7908,17585,8467,9118,15386,7312,8074,8792,4253,4539,2198,1066,1132,
54965,8794,4239,4555,15388,7480,7908,17586,8467,9119,15388,7313,8075,8792,4253,4539,2198,1066,1132,
54970,8795,4239,4556,15390,7480,7910,17589,8468,9121,15389,7313,8076,8793,4254,4539,2198,1066,1132,
54975,8795,4239,4556,15391,7480,7911,17589,8468,9121,15390,7314,8076,8793,4254,4539,2199,1067,1132,
54980,8796,4240,4556,15392,7481,7911,17590,8468,9122,15391,7314,8077,8795,4255,4540,2199,1067,1132,
54985,8797,4240,4557,15394,7483,7911,17593,8469,9124,15393,7316,8077,8796,4256,4540,2199,1067,1132,
54990,8798,4241,4557,15395,7483,7912,17594,8470,9124,15395,7318,8077,8796,4256,4540,2199,1067,1132,
54995,8799,4242,4557,15397,7485,7912,17597,8473,9124,15396,7318,8078,8797,4256,4541,2199,1067,1132,
55000,8799,4242,4557,15398,7486,7912,17597,8473,9124,15397,7318,8079,8797,4256,4541,2200,1067,1133,
55005,8800,4243,4557,15399,7486,7913,17598,8473,9125,15398,7318,8080,8799,4256,4543,2200,1067,1133,
55010,8801,4243,4558,15401,7486,7915,17601,8475,9126,15400,7318,8082,8800,4257,4543,2200,1067,1133,
55015,8802,4243,4559,15402,7486,7916,17602,8475,9127,15402,7318,8084,8800,4257,4543,2200,1067,1133,
55020,8803,4243,4560,15404,7488,7916,17605,8475,9130,15403,7319,8084,8801,4258,4543,2200,1067,1133,
55025,8803,4243,4560,15405,7488,7917,17605,8475,9130,15404,7319,8085,8801,4258,4543,2201,1068,1133,
55030,8804,4243,4561,15406,7489,7917,17606,8476,9130,15405,7320,8085,8803,4260,4543,2201,1068,1133,
55035,8805,4244,4561,15408,7489,7919,17609,8477,9132,15407,7321,8086,8804,4260,4544,2201,1068,1133,
55040,8806,4244,4562,15409,7490,7919,17610,8478,9132,15409,7322,8087,8804,4260,4544,2201,1068,1133,
55045,8807,4244,4563,15411,7491,7920,17613,8479,9134,15410,7323,8087,8805,4260,4545,2201,1068,1133,
55050,8807,4244,4563,15412,7491,7921,17613,8479,9134,15411,7324,8087,8805,4260,4545,2202,1069,1133,
55055,8808,4244,4564,15413,7492,7921,17614,8480,9134,15412,7325,8087,8807,4261,4546,2202,1069,1133,
55060,8809,4245,4564,15415,7492,7923,17617,8481,9136,15414,7327,8087,8808,4262,4546,2202,1069,1133,
55065,8810,4246,4564,15416,7492,7924,17618,8482,9136,15416,7328,8088,8808,4262,4546,2202,1069,1133,
55070,8811,4246,4565,15418,7493,7925,17621,8484,9137,15417,7329,8088,8809,4262,4547,2202,1069,1133,
55075,8811,4246,4565,15419,7493,7926,17621,8484,9137,15418,7330,8088,8809,4262,4547,2203,1069,1134,
55080,8812,4246,4566,15420,7494,7926,17622,8485,9137,15419,7330,8089,8811,4262,4549,2203,1069,1134,
55085,8813,4247,4566,15422,7495,7927,17625,8485,9140,15421,7330,8091,8812,4262,4550,2203,1069,1134,
55090,8814,4247,4567,15423,7495,7928,17626,8485,9141,15423,7330,8093,8812,4262,4550,2203,1069,1134,
55095,8815,4248,4567,15425,7497,7928,17629,8487,9142,15424,7330,8094,8813,4263,4550,2203,1069,1134,
55100,8815,4248,4567,15426,7497,7929,17629,8487,9142,15425,7331,8094,8813,4263,4550,2204,1069,1135,
55105,8816,4248,4568,15427,7498,7929,17630,8487,9143,15426,7331,8095,8815,4265,4550,2204,1069,1135,
55110,8817,4248,4569,15429,7499,7930,17633,8489,9144,15428,7332,8096,8816,4265,4551,2204,1069,1135,
55115,8818,4249,4569,15430,7499,7931,17634,8489,9145,15430,7333,8097,8816,4265,4551,2204,1069,1135,
55120,8819,4250,4569,15432,7500,7932,17637,8490,9147,15431,7333,8098,8817,4265,4552,2204,1069,1135,
55125,8819,4250,4569,15433,7501,7932,17637,8490,9147,15432,7333,8099,8817,4265,4552,2205,1070,1135,
55130,8820,4250,4570,15434,7502,7932,17638,8491,9147,15433,7334,8099,8819,4266,4553,2205,1070,1135,
55135,8821,4250,4571,15436,7502,7934,17641,8492,9149,15435,7334,8101,8820,4267,4553,2205,1070,1135,
55140,8822,4251,4571,15437,7502,7935,17642,8492,9150,15437,7335,8102,8820,4267,4553,2205,1070,1135,
55145,8823,4251,4572,15439,7502,7937,17645,8493,9152,15438,7335,8103,8821,4267,4554,2205,1070,1135,
55150,8823,4251,4572,15440,7502,7938,17645,8493,9152,15439,7336,8103,8821,4267,4554,2206,1071,1135,
55155,8824,4251,4573,15441,7503,7938,17646,8494,9152,15440,7336,8104,8823,4268,4555,2206,1071,1135,
55160,8825,4251,4574,15443,7503,7940,17649,8496,9153,15442,7337,8105,8824,4268,4556,2206,1071,1135,
55165,8826,4252,4574,15444,7503,7941,17650,8497,9153,15444,7338,8106,8824,4268,4556,2206,1071,1135,
55170,8827,4253,4574,15446,7504,7942,17653,8498,9155,15445,7339,8106,8825,4268,4557,2206,1071,1135,
55175,8827,4253,4574,15447,7505,7942,17653,8498,9155,15446,7339,8107,8825,4268,4557,2207,1072,1135,
55180,8828,4254,4574,15448,7505,7943,17654,8498,9156,15447,7339,8108,8827,4270,4557,2207,1072,1135,
55185,8829,4254,4575,15450,7505,7945,17657,8500,9157,15449,7340,8109,8828,4270,4558,2207,1072,1135,
55190,8830,4254,4576,15451,7505,7946,17658,8501,9157,15451,7340,8111,8828,4270,4558,2207,1072,1135,
55195,8831,4254,4577,15453,7507,7946,17661,8503,9158,15452,7341,8111,8829,4270,4559,2207,1072,1135,
55200,8831,4254,4577,15454,7508,7946,17661,8503,9158,15453,7342,8111,8829,4270,4559,2208,1073,1135,
55205,8832,4254,4578,15455,7509,7946,17662,8504,9158,15454,7343,8111,8831,4271,4560,2208,1073,1135,
55210,8833,4255,4578,15457,7510,7947,17665,8506,9159,15456,7344,8112,8832,4271,4561,2208,1073,1135,
55215,8834,4256,4578,15458,7511,7947,17666,8507,9159,15458,7345,8113,8832,4271,4561,2208,1073,1135,
55220,8835,4256,4579,15460,7512,7948,17669,8508,9161,15459,7346,8113,8833,4271,4562,2208,1073,1135,
55225,8835,4256,4579,15461,7513,7948,17669,8508,9161,15460,7346,8114,8833,4271,4562,2209,1073,1136,
55230,8836,4257,4579,15462,7513,7949,17670,8509,9161,15461,7347,8114,8835,4273,4562,2209,1073,1136,
55235,8837,4258,4579,15464,7513,7951,17673,8511,9162,15463,7348,8115,8836,4274,4562,2209,1073,1136,
55240,8838,4259,4579,15465,7513,7952,17674,8512,9162,15465,7349,8116,8836,4274,4562,2209,1073,1136,
55245,8839,4260,4579,15467,7513,7954,17677,8513,9164,15466,7350,8116,8837,4274,4563,2209,1073,1136,
55250,8839,4260,4579,15468,7514,7954,17677,8513,9164,15467,7350,8117,8837,4274,4563,2210,1073,1137,
55255,8840,4261,4579,15469,7514,7955,17678,8513,9165,15468,7351,8117,8839,4274,4565,2210,1073,1137,
55260,8841,4262,4579,15471,7515,7956,17681,8516,9165,15470,7352,8118,8840,4275,4565,2210,1073,1137,
55265,8842,4263,4579,15472,7515,7957,17682,8516,9166,15472,7352,8120,8840,4275,4565,2210,1073,1137,
55270,8843,4264,4579,15474,7515,7959,17685,8519,9166,15473,7353,8120,8841,4275,4566,2210,1073,1137,
55275,8843,4264,4579,15475,7516,7959,17685,8519,9166,15474,7353,8121,8841,4275,4566,2211,1074,1137,
55280,8844,4264,4580,15476,7516,7960,17686,8520,9166,15475,7353,8122,8843,4276,4567,2211,1074,1137,
55285,8845,4264,4581,15478,7516,7962,17689,8520,9169,15477,7353,8124,8844,4277,4567,2211,1074,1137,
55290,8846,4265,4581,15479,7517,7962,17690,8520,9170,15479,7354,8125,8844,4277,4567,2211,1074,1137,
55295,8847,4265,4582,15481,7518,7963,17693,8522,9171,15480,7354,8126,8845,4278,4567,2211,1074,1137,
55300,8847,4265,4582,15482,7518,7964,17693,8522,9171,15481,7355,8126,8845,4278,4567,2212,1074,1138,
55305,8848,4266,4582,15483,7518,7965,17694,8523,9171,15482,7355,8127,8847,4279,4568,2212,1074,1138,
55310,8849,4267,4582,15485,7518,7967,17697,8523,9174,15484,7357,8127,8848,4280,4568,2212,1074,1138,
55315,8850,4267,4583,15486,7518,7968,17698,8524,9174,15486,7357,8129,8848,4280,4568,2212,1074,1138,
55320,8851,4268,4583,15488,7519,7969,17701,8526,9175,15487,7357,8130,8849,4280,4569,2212,1074,1138,
55325,8851,4268,4583,15489,7519,7970,17701,8526,9175,15488,7357,8131,8849,4280,4569,2213,1074,1139,
55330,8852,4269,4583,15490,7519,7971,17702,8526,9176,15489,7357,8132,8851,4280,4571,2213,1074,1139,
55335,8853,4270,4583,15492,7521,7971,17705,8526,9179,15491,7358,8133,8852,4280,4572,2213,1074,1139,
55340,8854,4271,4583,15493,7522,7971,17706,8527,9179,15493,7358,8135,8852,4280,4572,2213,1074,1139,
55345,8855,4271,4584,15495,7524,7971,17709,8529,9180,15494,7358,8136,8853,4281,4572,2213,1074,1139,
55350,8855,4271,4584,15496,7524,7972,17709,8529,9180,15495,7358,8137,8853,4281,4572,2214,1075,1139,
55355,8856,4271,4585,15497,7525,7972,17710,8529,9181,15496,7358,8138,8855,4282,4573,2214,1075,1139,
55360,8857,4271,4586,15499,7526,7973,17713,8532,9181,15498,7359,8139,8856,4283,4573,2214,1075,1139,
55365,8858,4271,4587,15500,7527,7973,17714,8532,9182,15500,7360,8140,8856,4283,4573,2214,1075,1139,
55370,8859,4271,4588,15502,7528,7974,17717,8533,9184,15501,7361,8140,8857,4284,4573,2214,1075,1139,
55375,8859,4271,4588,15503,7529,7974,17717,8533,9184,15502,7362,8140,8857,4284,4573,2215,1076,1139,
55380,8860,4272,4588,15504,7529,7975,17718,8533,9185,15503,7362,8141,8859,4284,4575,2215,1076,1139,
55385,8861,4272,4589,15506,7531,7975,17721,8535,9186,15505,7363,8142,8860,4285,4575,2215,1076,1139,
55390,8862,4272,4590,15507,7532,7975,17722,8535,9187,15507,7364,8143,8860,4285,4575,2215,1076,1139,
55395,8863,4272,4591,15509,7533,7976,17725,8536,9189,15508,7364,8144,8861,4285,4576,2215,1076,1139,
55400,8863,4272,4591,15510,7534,7976,17725,8536,9189,15509,7364,8145,8861,4285,4576,2216,1076,1140,
55405,8864,4273,4591,15511,7534,7977,17726,8536,9190,15510,7365,8145,8863,4286,4577,2216,1076,1140,
55410,8865,4273,4592,15513,7536,7977,17729,8538,9191,15512,7367,8145,8864,4287,4577,2216,1076,1140,
55415,8866,4273,4593,15514,7536,7978,17730,8538,9192,15514,7368,8146,8864,4287,4577,2216,1076,1140,
55420,8867,4274,4593,15516,7538,7978,17733,8540,9193,15515,7369,8146,8865,4287,4578,2216,1076,1140,
55425,8867,4274,4593,15517,7539,7978,17733,8540,9193,15516,7370,8146,8865,4287,4578,2217,1077,1140,
55430,8868,4274,4594,15518,7539,7979,17734,8541,9193,15517,7370,8147,8867,4288,4579,2217,1077,1140,
55435,8869,4275,4594,15520,7541,7979,17737,8543,9194,15519,7371,8148,8868,4289,4579,2217,1077,1140,
55440,8870,4276,4594,15521,7541,7980,17738,8544,9194,15521,7372,8149,8868,4289,4579,2217,1077,1140,
55445,8871,4276,4595,15523,7541,7982,17741,8545,9196,15522,7372,8150,8869,4289,4580,2217,1077,1140,
55450,8871,4276,4595,15524,7542,7982,17741,8545,9196,15523,7373,8150,8869,4289,4580,2218,1077,1141,
55455,8872,4277,4595,15525,7542,7983,17742,8546,9196,15524,7374,8150,8871,4290,4581,2218,1077,1141,
55460,8873,4277,4596,15527,7543,7984,17745,8548,9197,15526,7375,8151,8872,4290,4582,2218,1077,1141,
55465,8874,4278,4596,15528,7544,7984,17746,8548,9198,15528,7376,8152,8872,4290,4582,2218,1077,1141,
55470,8875,4278,4597,15530,7545,7985,17749,8550,9199,15529,7376,8153,8873,4291,4582,2218,1077,1141,
55475,8875,4278,4597,15531,7545,7986,17749,8550,9199,15530,7376,8154,8873,4291,4582,2219,1078,1141,
55480,8876,4279,4597,15532,7545,7987,17750,8550,9200,15531,7376,8155,8875,4293,4582,2219,1078,1141,
55485,8877,4279,4598,15534,7546,7988,17753,8550,9203,15533,7376,8157,8876,4293,4583,2219,1078,1141,
55490,8878,4280,4598,15535,7546,7989,17754,8550,9204,15535,7377,8158,8876,4293,4583,2219,1078,1141,
55495,8879,4280,4599,15537,7548,7989,17757,8552,9205,15536,7378,8158,8877,4293,4584,2219,1078,1141,
55500,8879,4280,4599,15538,7549,7989,17757,8552,9205,15537,7378,8159,8877,4293,4584,2220,1079,1141,
55505,8880,4280,4600,15539,7549,7990,17758,8553,9205,15538,7378,8160,8879,4294,4585,2220,1079,1141,
55510,8881,4280,4601,15541,7549,7992,17761,8555,9206,15540,7380,8160,8880,4295,4585,2220,1079,1141,
55515,8882,4280,4602,15542,7549,7993,17762,8556,9206,15542,7381,8161,8880,4295,4585,2220,1079,1141,
55520,8883,4280,4603,15544,7550,7994,17765,8558,9207,15543,7382,8161,8881,4295,4586,2220,1079,1141,
55525,8883,4280,4603,15545,7551,7994,17765,8558,9207,15544,7382,8162,8881,4295,4586,2221,1080,1141,
55530,8884,4280,4604,15546,7552,7994,17766,8559,9207,15545,7383,8162,8883,4295,4588,2221,1080,1141,
55535,8885,4280,4605,15548,7552,7996,17769,8560,9209,15547,7383,8164,8884,4296,4588,2221,1080,1141,
55540,8886,4280,4606,15549,7553,7996,17770,8561,9209,15549,7384,8165,8884,4296,4588,2221,1080,1141,
55545,8887,4281,4606,15551,7553,7998,17773,8562,9211,15550,7384,8166,8885,4297,4588,2221,1080,1141,
55550,8887,4281,4606,15552,7554,7998,17773,8562,9211,15551,7384,8167,8885,4297,4588,2222,1080,1142,
55555,8888,4281,4607,15553,7554,7999,17774,8562,9212,15552,7385,8167,8887,4298,4589,2222,1080,1142,
55560,8889,4282,4607,15555,7554,8001,17777,8564,9213,15554,7385,8169,8888,4298,4590,2222,1080,1142,
55565,8890,4283,4607,15556,7555,8001,17778,8564,9214,15556,7386,8170,8888,4298,4590,2222,1080,1142,
55570,8891,4284,4607,15558,7557,8001,17781,8565,9216,15557,7386,8171,8889,4298,4591,2222,1080,1142,
55575,8891,4284,4607,15559,7558,8001,17781,8565,9216,15558,7387,8171,8889,4298,4591,2223,1080,1143,
55580,8892,4285,4607,15560,7559,8001,17782,8565,9217,15559,7388,8171,8891,4299,4592,2223,1080,1143,
55585,8893,4286,4607,15562,7559,8003,17785,8567,9218,15561,7388,8173,8892,4300,4592,2223,1080,1143,
55590,8894,4286,4608,15563,7559,8004,17786,8568,9218,15563,7389,8174,8892,4300,4592,2223,1080,1143,
55595,8895,4286,4609,15565,7560,8005,17789,8569,9220,15564,7390,8174,8893,4300,4593,2223,1080,1143,
55600,8895,4286,4609,15566,7561,8005,17789,8569,9220,15565,7390,8175,8893,4300,4593,2224,1081,1143,
55605,8896,4286,4610,15567,7562,8005,17790,8569,9221,15566,7390,8176,8895,4300,4595,2224,1081,1143,
55610,8897,4287,4610,15569,7563,8006,17793,8569,9224,15568,7392,8176,8896,4300,4596,2224,1081,1143,
55615,8898,4287,4611,15570,7564,8006,17794,8570,9224,15570,7392,8178,8896,4300,4596,2224,1081,1143,
55620,8899,4288,4611,15572,7566,8006,17797,8571,9226,15571,7392,8179,8897,4300,4597,2224,1081,1143,
55625,8899,4288,4611,15573,7566,8007,17797,8571,9226,15572,7392,8180,8897,4300,4597,2225,1081,1144,
55630,8900,4289,4611,15574,7566,8008,17798,8571,9227,15573,7393,8180,8899,4301,4598,2225,1081,1144,
55635,8901,4289,4612,15576,7566,8010,17801,8571,9230,15575,7393,8182,8900,4301,4599,2225,1081,1144,
55640,8902,4289,4613,15577,7567,8010,17802,8571,9231,15577,7394,8183,8900,4301,4599,2225,1081,1144,
55645,8903,4290,4613,15579,7568,8011,17805,8574,9231,15578,7395,8183,8901,4302,4599,2225,1081,1144,
55650,8903,4290,4613,15580,7568,8012,17805,8574,9231,15579,7396,8183,8901,4302,4599,2226,1081,1145,
55655,8904,4290,4614,15581,7569,8012,17806,8575,9231,15580,7396,8184,8903,4303,4600,2226,1081,1145,
55660,8905,4290,4615,15583,7569,8014,17809,8577,9232,15582,7397,8185,8904,4303,4601,2226,1081,1145,
55665,8906,4290,4616,15584,7569,8015,17810,8577,9233,15584,7399,8185,8904,4303,4601,2226,1081,1145,
55670,8907,4290,4617,15586,7569,8017,17813,8578,9235,15585,7400,8185,8905,4303,4602,2226,1081,1145,
55675,8907,4290,4617,15587,7570,8017,17813,8578,9235,15586,7400,8186,8905,4303,4602,2227,1081,1146,
55680,8908,4290,4618,15588,7570,8018,17814,8578,9236,15587,7400,8187,8907,4304,4603,2227,1081,1146,
55685,8909,4290,4619,15590,7570,8020,17817,8578,9239,15589,7401,8188,8908,4305,4603,2227,1081,1146,
55690,8910,4291,4619,15591,7571,8020,17818,8578,9240,15591,7402,8189,8908,4305,4603,2227,1081,1146,
55695,8911,4292,4619,15593,7572,8021,17821,8580,9241,15592,7402,8190,8909,4305,4604,2227,1081,1146,
55700,8911,4292,4619,15594,7572,8022,17821,8580,9241,15593,7403,8190,8909,4305,4604,2228,1082,1146,
55705,8912,4292,4620,15595,7572,8023,17822,8580,9242,15594,7404,8190,8911,4307,4604,2228,1082,1146,
55710,8913,4292,4621,15597,7574,8023,17825,8581,9244,15596,7404,8192,8912,4307,4605,2228,1082,1146,
55715,8914,4292,4622,15598,7574,8024,17826,8582,9244,15598,7405,8193,8912,4307,4605,2228,1082,1146,
55720,8915,4292,4623,15600,7575,8025,17829,8582,9247,15599,7405,8194,8913,4307,4606,2228,1082,1146,
55725,8915,4292,4623,15601,7575,8026,17829,8582,9247,15600,7405,8195,8913,4307,4606,2229,1083,1146,
55730,8916,4292,4624,15602,7576,8026,17830,8582,9248,15601,7406,8195,8915,4308,4607,2229,1083,1146,
55735,8917,4293,4624,15604,7577,8027,17833,8583,9250,15603,7406,8197,8916,4308,4608,2229,1083,1146,
55740,8918,4294,4624,15605,7577,8028,17834,8584,9250,15605,7406,8199,8916,4308,4608,2229,1083,1146,
55745,8919,4295,4624,15607,7578,8029,17837,8585,9252,15606,7407,8199,8917,4308,4609,2229,1083,1146,
55750,8919,4295,4624,15608,7578,8030,17837,8585,9252,15607,7408,8199,8917,4308,4609,2230,1084,1146,
55755,8920,4295,4625,15609,7578,8031,17838,8585,9253,15608,7408,8200,8919,4309,4610,2230,1084,1146,
55760,8921,4295,4626,15611,7579,8032,17841,8586,9255,15610,7409,8201,8920,4309,4611,2230,1084,1146,
55765,8922,4296,4626,15612,7580,8032,17842,8587,9255,15612,7410,8202,8920,4309,4611,2230,1084,1146,
55770,8923,4297,4626,15614,7582,8032,17845,8589,9256,15613,7411,8202,8921,4310,4611,2230,1084,1146,
55775,8923,4297,4626,15615,7583,8032,17845,8589,9256,15614,7412,8202,8921,4310,4611,2231,1084,1147,
55780,8924,4298,4626,15616,7584,8032,17846,8590,9256,15615,7413,8202,8923,4311,4612,2231,1084,1147,
55785,8925,4299,4626,15618,7585,8033,17849,8590,9259,15617,7414,8203,8924,4312,4612,2231,1084,1147,
55790,8926,4300,4626,15619,7586,8033,17850,8590,9260,15619,7415,8204,8924,4312,4612,2231,1084,1147,
55795,8927,4300,4627,15621,7586,8035,17853,8592,9261,15620,7415,8205,8925,4313,4612,2231,1084,1147,
55800,8927,4300,4627,15622,7586,8036,17853,8592,9261,15621,7415,8206,8925,4313,4612,2232,1084,1148,
55805,8928,4301,4627,15623,7586,8037,17854,8592,9262,15622,7416,8206,8927,4313,4614,2232,1084,1148,
55810,8929,4301,4628,15625,7586,8039,17857,8593,9264,15624,7417,8207,8928,4314,4614,2232,1084,1148,
55815,8930,4302,4628,15626,7587,8039,17858,8593,9265,15626,7418,8208,8928,4314,4614,2232,1084,1148,
55820,8931,4303,4628,15628,7589,8039,17861,8593,9268,15627,7418,8209,8929,4315,4614,2232,1084,1148,
55825,8931,4303,4628,15629,7589,8040,17861,8593,9268,15628,7419,8209,8929,4315,4614,2233,1084,1149,
55830,8932,4304,4628,15630,7589,8041,17862,8594,9268,15629,7419,8210,8931,4316,4615,2233,1084,1149,
55835,8933,4304,4629,15632,7591,8041,17865,8597,9268,15631,7420,8211,8932,4317,4615,2233,1084,1149,
55840,8934,4304,4630,15633,7592,8041,17866,8598,9268,15633,7421,8212,8932,4317,4615,2233,1084,1149,
55845,8935,4305,4630,15635,7593,8042,17869,8599,9270,15634,7422,8212,8933,4318,4615,2233,1084,1149,
55850,8935,4305,4630,15636,7594,8042,17869,8599,9270,15635,7422,8213,8933,4318,4615,2234,1085,1149,
55855,8936,4305,4631,15637,7594,8043,17870,8599,9271,15636,7423,8213,8935,4319,4616,2234,1085,1149,
55860,8937,4305,4632,15639,7596,8043,17873,8600,9273,15638,7424,8214,8936,4319,4617,2234,1085,1149,
55865,8938,4305,4633,15640,7596,8044,17874,8600,9274,15640,7424,8216,8936,4319,4617,2234,1085,1149,
55870,8939,4306,4633,15642,7597,8045,17877,8602,9275,15641,7425,8216,8937,4320,4617,2234,1085,1149,
55875,8939,4306,4633,15643,7597,8046,17877,8602,9275,15642,7426,8216,8937,4320,4617,2235,1085,1150,
55880,8940,4307,4633,15644,7598,8046,17878,8603,9275,15643,7426,8217,8939,4320,4619,2235,1085,1150,
55885,8941,4307,4634,15646,7598,8048,17881,8603,9278,15645,7426,8219,8940,4320,4620,2235,1085,1150,
55890,8942,4308,4634,15647,7598,8049,17882,8603,9279,15647,7427,8220,8940,4320,4620,2235,1085,1150,
55895,8943,4309,4634,15649,7599,8050,17885,8605,9280,15648,7428,8220,8941,4320,4621,2235,1085,1150,
55900,8943,4309,4634,15650,7599,8051,17885,8605,9280,15649,7428,8221,8941,4320,4621,2236,1085,1151,
55905,8944,4310,4634,15651,7599,8052,17886,8605,9281,15650,7428,8222,8943,4321,4622,2236,1085,1151,
55910,8945,4310,4635,15653,7600,8053,17889,8606,9283,15652,7430,8222,8944,4321,4623,2236,1085,1151,
55915,8946,4311,4635,15654,7600,8054,17890,8607,9283,15654,7431,8223,8944,4321,4623,2236,1085,1151,
55920,8947,4311,4636,15656,7601,8055,17893,8609,9284,15655,7431,8224,8945,4322,4623,2236,1085,1151,
55925,8947,4311,4636,15657,7602,8055,17893,8609,9284,15656,7432,8224,8945,4322,4623,2237,1085,1152,
55930,8948,4312,4636,15658,7603,8055,17894,8609,9285,15657,7432,8225,8947,4323,4624,2237,1085,1152,
55935,8949,4312,4637,15660,7604,8056,17897,8612,9285,15659,7434,8225,8948,4323,4625,2237,1085,1152,
55940,8950,4313,4637,15661,7604,8057,17898,8612,9286,15661,7435,8226,8948,4323,4625,2237,1085,1152,
55945,8951,4314,4637,15663,7604,8059,17901,8614,9287,15662,7435,8227,8949,4324,4625,2237,1085,1152,
55950,8951,4314,4637,15664,7605,8059,17901,8614,9287,15663,7436,8227,8949,4324,4625,2238,1086,1152,
55955,8952,4314,4638,15665,7605,8060,17902,8615,9287,15664,7437,8227,8951,4324,4627,2238,1086,1152,
55960,8953,4314,4639,15667,7605,8062,17905,8616,9289,15666,7438,8228,8952,4324,4628,2238,1086,1152,
55965,8954,4315,4639,15668,7605,8063,17906,8616,9290,15668,7438,8230,8952,4324,4628,2238,1086,1152,
55970,8955,4316,4639,15670,7606,8064,17909,8617,9292,15669,7439,8230,8953,4324,4629,2238,1086,1152,
55975,8955,4316,4639,15671,7607,8064,17909,8617,9292,15670,7439,8231,8953,4324,4629,2239,1087,1152,
55980,8956,4317,4639,15672,7607,8065,17910,8618,9292,15671,7440,8231,8955,4325,4630,2239,1087,1152,
55985,8957,4317,4640,15674,7609,8065,17913,8620,9293,15673,7441,8232,8956,4325,4631,2239,1087,1152,
55990,8958,4317,4641,15675,7609,8066,17914,8621,9293,15675,7441,8234,8956,4325,4631,2239,1087,1152,
55995,8959,4318,4641,15677,7609,8068,17917,8621,9296,15676,7441,8235,8957,4325,4632,2239,1087,1152,
56000,8959,4318,4641,15678,7610,8068,17917,8621,9296,15677,7441,8236,8957,4325,4632,2240,1087,1153,
56005,8960,4319,4641,15679,7611,8068,17918,8622,9296,15678,7442,8236,8959,4325,4634,2240,1087,1153,
56010,8961,4320,4641,15681,7613,8068,17921,8622,9299,15680,7442,8238,8960,4326,4634,2240,1087,1153,
56015,8962,4320,4642,15682,7614,8068,17922,8622,9300,15682,7444,8238,8960,4326,4634,2240,1087,1153,
56020,8963,4321,4642,15684,7615,8069,17925,8623,9302,15683,7444,8239,8961,4327,4634,2240,1087,1153,
56025,8963,4321,4642,15685,7615,8070,17925,8623,9302,15684,7444,8240,8961,4327,4634,2241,1087,1154,
56030,8964,4321,4643,15686,7615,8071,17926,8623,9303,15685,7444,8241,8963,4327,4636,2241,1087,1154,
56035,8965,4322,4643,15688,7616,8072,17929,8625,9304,15687,7445,8242,8964,4328,4636,2241,1087,1154,
56040,8966,4322,4644,15689,7616,8073,17930,8625,9305,15689,7446,8243,8964,4328,4636,2241,1087,1154,
56045,8967,4322,4645,15691,7616,8075,17933,8627,9306,15690,7447,8243,8965,4329,4636,2241,1087,1154,
56050,8967,4322,4645,15692,7616,8076,17933,8627,9306,15691,7448,8243,8965,4329,4636,2242,1087,1155,
56055,8968,4323,4645,15693,7617,8076,17934,8628,9306,15692,7448,8244,8967,4331,4636,2242,1087,1155,
56060,8969,4323,4646,15695,7618,8077,17937,8630,9307,15694,7449,8245,8968,4332,4636,2242,1087,1155,
56065,8970,4324,4646,15696,7619,8077,17938,8631,9307,15696,7449,8247,8968,4332,4636,2242,1087,1155,
56070,8971,4325,4646,15698,7621,8077,17941,8633,9308,15697,7449,8248,8969,4333,4636,2242,1087,1155,
56075,8971,4325,4646,15699,7621,8078,17941,8633,9308,15698,7449,8249,8969,4333,4636,2243,1088,1155,
56080,8972,4326,4646,15700,7621,8079,17942,8633,9309,15699,7450,8249,8971,4334,4637,2243,1088,1155,
56085,8973,4327,4646,15702,7622,8080,17945,8635,9310,15701,7450,8251,8972,4334,4638,2243,1088,1155,
56090,8974,4327,4647,15703,7622,8081,17946,8635,9311,15703,7450,8253,8972,4334,4638,2243,1088,1155,
56095,8975,4327,4648,15705,7622,8083,17949,8636,9313,15704,7451,8253,8973,4334,4639,2243,1088,1155,
56100,8975,4327,4648,15706,7622,8084,17949,8636,9313,15705,7452,8253,8973,4334,4639,2244,1088,1156,
56105,8976,4328,4648,15707,7623,8084,17950,8636,9314,15706,7453,8253,8975,4335,4640,2244,1088,1156,
56110,8977,4328,4649,15709,7625,8084,17953,8638,9315,15708,7455,8253,8976,4335,4641,2244,1088,1156,
56115,8978,4329,4649,15710,7625,8085,17954,8639,9315,15710,7455,8255,8976,4335,4641,2244,1088,1156,
56120,8979,4329,4650,15712,7626,8086,17957,8641,9316,15711,7455,8256,8977,4336,4641,2244,1088,1156,
56125,8979,4329,4650,15713,7627,8086,17957,8641,9316,15712,7455,8257,8977,4336,4641,2245,1088,1157,
56130,8980,4330,4650,15714,7628,8086,17958,8641,9317,15713,7456,8257,8979,4336,4643,2245,1088,1157,
56135,8981,4331,4650,15716,7629,8087,17961,8642,9319,15715,7456,8259,8980,4336,4644,2245,1088,1157,
56140,8982,4332,4650,15717,7629,8088,17962,8642,9320,15717,7456,8261,8980,4336,4644,2245,1088,1157,
56145,8983,4332,4651,15719,7629,8090,17965,8643,9322,15718,7456,8262,8981,4336,4645,2245,1088,1157,
56150,8983,4332,4651,15720,7629,8091,17965,8643,9322,15719,7457,8262,8981,4336,4645,2246,1088,1158,
56155,8984,4332,4652,15721,7629,8092,17966,8644,9322,15720,7457,8263,8983,4338,4645,2246,1088,1158,
56160,8985,4333,4652,15723,7631,8092,17969,8644,9325,15722,7458,8264,8984,4338,4646,2246,1088,1158,
56165,8986,4333,4653,15724,7632,8092,17970,8645,9325,15724,7458,8266,8984,4338,4646,2246,1088,1158,
56170,8987,4333,4654,15726,7634,8092,17973,8646,9327,15725,7459,8266,8985,4338,4647,2246,1088,1158,
56175,8987,4333,4654,15727,7635,8092,17973,8646,9327,15726,7460,8266,8985,4338,4647,2247,1089,1158,
56180,8988,4334,4654,15728,7635,8093,17974,8646,9328,15727,7460,8267,8987,4339,4648,2247,1089,1158,
56185,8989,4335,4654,15730,7636,8094,17977,8647,9330,15729,7461,8268,8988,4339,4649,2247,1089,1158,
56190,8990,4335,4655,15731,7637,8094,17978,8648,9330,15731,7461,8270,8988,4339,4649,2247,1089,1158,
56195,8991,4335,4656,15733,7638,8095,17981,8649,9332,15732,7462,8270,8989,4340,4649,2247,1089,1158,
56200,8991,4335,4656,15734,7639,8095,17981,8649,9332,15733,7463,8270,8989,4340,4649,2248,1089,1159,
56205,8992,4336,4656,15735,7639,8096,17982,8649,9333,15734,7464,8270,8991,4342,4649,2248,1089,1159,
56210,8993,4337,4656,15737,7640,8097,17985,8649,9336,15736,7465,8271,8992,4343,4649,2248,1089,1159,
56215,8994,4338,4656,15738,7640,8098,17986,8649,9337,15738,7465,8273,8992,4343,4649,2248,1089,1159,
56220,8995,4339,4656,15740,7641,8099,17989,8650,9339,15739,7466,8273,8993,4343,4650,2248,1089,1159,
56225,8995,4339,4656,15741,7642,8099,17989,8650,9339,15740,7467,8273,8993,4343,4650,2249,1089,1160,
56230,8996,4340,4656,15742,7643,8099,17990,8651,9339,15741,7468,8273,8995,4344,4651,2249,1089,1160,
56235,8997,4340,4657,15744,7643,8101,17993,8653,9340,15743,7468,8275,8996,4345,4651,2249,1089,1160,
56240,8998,4340,4658,15745,7643,8102,17994,8653,9341,15745,7470,8275,8996,4345,4651,2249,1089,1160,
56245,8999,4341,4658,15747,7643,8104,17997,8656,9341,15746,7470,8276,8997,4346,4651,2249,1089,1160,
56250,8999,4341,4658,15748,7643,8105,17997,8656,9341,15747,7470,8277,8997,4346,4651,2250,1090,1160,
56255,9000,4341,4659,15749,7643,8106,17998,8656,9342,15748,7470,8278,8999,4347,4652,2250,1090,1160,
56260,9001,4342,4659,15751,7644,8107,18001,8659,9342,15750,7470,8280,9000,4348,4652,2250,1090,1160,
56265,9002,4342,4660,15752,7644,8108,18002,8660,9342,15752,7471,8281,9000,4348,4652,2250,1090,1160,
56270,9003,4343,4660,15754,7645,8109,18005,8661,9344,15753,7472,8281,9001,4348,4653,2250,1090,1160,
56275,9003,4343,4660,15755,7645,8110,18005,8661,9344,15754,7472,8282,9001,4348,4653,2251,1090,1161,
56280,9004,4344,4660,15756,7645,8111,18006,8661,9345,15755,7473,8282,9003,4349,4654,2251,1090,1161,
56285,9005,4345,4660,15758,7646,8112,18009,8664,9345,15757,7474,8283,9004,4349,4655,2251,1090,1161,
56290,9006,4346,4660,15759,7647,8112,18010,8665,9345,15759,7474,8285,9004,4349,4655,2251,1090,1161,
56295,9007,4346,4661,15761,7647,8114,18013,8666,9347,15760,7475,8285,9005,4350,4655,2251,1090,1161,
56300,9007,4346,4661,15762,7648,8114,18013,8666,9347,15761,7475,8286,9005,4350,4655,2252,1090,1162,
56305,9008,4347,4661,15763,7648,8115,18014,8666,9348,15762,7475,8287,9007,4352,4655,2252,1090,1162,
56310,9009,4348,4661,15765,7649,8116,18017,8667,9350,15764,7476,8288,9008,4353,4655,2252,1090,1162,
56315,9010,4348,4662,15766,7650,8116,18018,8668,9350,15766,7476,8290,9008,4353,4655,2252,1090,1162,
56320,9011,4348,4663,15768,7651,8117,18021,8669,9352,15767,7477,8290,9009,4354,4655,2252,1090,1162,
56325,9011,4348,4663,15769,7651,8118,18021,8669,9352,15768,7478,8290,9009,4354,4655,2253,1090,1163,
56330,9012,4349,4663,15770,7651,8119,18022,8669,9353,15769,7478,8291,9011,4354,4657,2253,1090,1163,
56335,9013,4349,4664,15772,7653,8119,18025,8671,9354,15771,7478,8293,9012,4355,4657,2253,1090,1163,
56340,9014,4349,4665,15773,7653,8120,18026,8672,9354,15773,7480,8293,9012,4355,4657,2253,1090,1163,
56345,9015,4349,4666,15775,7655,8120,18029,8673,9356,15774,7481,8293,9013,4355,4658,2253,1090,1163,
56350,9015,4349,4666,15776,7655,8121,18029,8673,9356,15775,7481,8294,9013,4355,4658,2254,1090,1164,
56355,9016,4349,4667,15777,7655,8122,18030,8673,9357,15776,7481,8295,9015,4356,4659,2254,1090,1164,
56360,9017,4349,4668,15779,7657,8122,18033,8676,9357,15778,7482,8296,9016,4357,4659,2254,1090,1164,
56365,9018,4349,4669,15780,7658,8122,18034,8676,9358,15780,7483,8297,9016,4357,4659,2254,1090,1164,
56370,9019,4349,4670,15782,7658,8124,18037,8676,9361,15781,7484,8297,9017,4357,4660,2254,1090,1164,
56375,9019,4349,4670,15783,7659,8124,18037,8676,9361,15782,7484,8298,9017,4357,4660,2255,1091,1164,
56380,9020,4349,4671,15784,7660,8124,18038,8677,9361,15783,7485,8298,9019,4359,4660,2255,1091,1164,
56385,9021,4349,4672,15786,7662,8124,18041,8679,9362,15785,7487,8298,9020,4360,4660,2255,1091,1164,
56390,9022,4349,4673,15787,7663,8124,18042,8680,9362,15787,7488,8299,9020,4360,4660,2255,1091,1164,
56395,9023,4350,4673,15789,7663,8126,18045,8681,9364,15788,7489,8299,9021,4360,4661,2255,1091,1164,
56400,9023,4350,4673,15790,7664,8126,18045,8681,9364,15789,7490,8299,9021,4360,4661,2256,1091,1165,
56405,9024,4351,4673,15791,7664,8127,18046,8681,9365,15790,7490,8300,9023,4361,4662,2256,1091,1165,
56410,9025,4352,4673,15793,7666,8127,18049,8683,9366,15792,7490,8302,9024,4361,4663,2256,1091,1165,
56415,9026,4352,4674,15794,7667,8127,18050,8684,9366,15794,7490,8304,9024,4361,4663,2256,1091,1165,
56420,9027,4353,4674,15796,7669,8127,18053,8686,9367,15795,7490,8305,9025,4362,4663,2256,1091,1165,
56425,9027,4353,4674,15797,7670,8127,18053,8686,9367,15796,7490,8306,9025,4362,4663,2257,1091,1166,
56430,9028,4353,4675,15798,7670,8128,18054,8686,9368,15797,7491,8306,9027,4363,4664,2257,1091,1166,
56435,9029,4353,4676,15800,7672,8128,18057,8687,9370,15799,7493,8306,9028,4363,4665,2257,1091,1166,
56440,9030,4354,4676,15801,7673,8128,18058,8687,9371,15801,7495,8306,9028,4363,4665,2257,1091,1166,
56445,9031,4355,4676,15803,7674,8129,18061,8688,9373,15802,7496,8306,9029,4363,4666,2257,1091,1166,
56450,9031,4355,4676,15804,7675,8129,18061,8688,9373,15803,7497,8306,9029,4363,4666,2258,1092,1166,
56455,9032,4355,4677,15805,7676,8129,18062,8689,9373,15804,7497,8307,9031,4365,4666,2258,1092,1166,
56460,9033,4356,4677,15807,7678,8129,18065,8690,9375,15806,7498,8308,9032,4366,4666,2258,1092,1166,
56465,9034,4357,4677,15808,7678,8130,18066,8690,9376,15808,7500,8308,9032,4366,4666,2258,1092,1166,
56470,9035,4357,4678,15810,7679,8131,18069,8691,9378,15809,7500,8309,9033,4367,4666,2258,1092,1166,
56475,9035,4357,4678,15811,7679,8132,18069,8691,9378,15810,7500,8310,9033,4367,4666,2259,1092,1167,
56480,9036,4357,4679,15812,7679,8133,18070,8691,9379,15811,7500,8311,9035,4369,4666,2259,1092,1167,
56485,9037,4357,4680,15814,7680,8134,18073,8692,9381,15813,7501,8312,9036,4370,4666,2259,1092,1167,
56490,9038,4357,4681,15815,7681,8134,18074,8692,9382,15815,7501,8314,9036,4370,4666,2259,1092,1167,
56495,9039,4358,4681,15817,7681,8136,18077,8695,9382,15816,7501,8315,9037,4371,4666,2259,1092,1167,
56500,9039,4358,4681,15818,7682,8136,18077,8695,9382,15817,7502,8315,9037,4371,4666,2260,1093,1167,
56505,9040,4359,4681,15819,7683,8136,18078,8695,9383,15818,7503,8315,9039,4372,4667,2260,1093,1167,
56510,9041,4359,4682,15821,7685,8136,18081,8697,9384,15820,7504,8316,9040,4372,4668,2260,1093,1167,
56515,9042,4360,4682,15822,7685,8137,18082,8698,9384,15822,7504,8318,9040,4372,4668,2260,1093,1167,
56520,9043,4361,4682,15824,7686,8138,18085,8700,9385,15823,7504,8319,9041,4373,4668,2260,1093,1167,
56525,9043,4361,4682,15825,7686,8139,18085,8700,9385,15824,7505,8319,9041,4373,4668,2261,1093,1168,
56530,9044,4361,4683,15826,7686,8140,18086,8700,9386,15825,7506,8319,9043,4373,4670,2261,1093,1168,
56535,9045,4362,4683,15828,7687,8141,18089,8702,9387,15827,7507,8320,9044,4373,4671,2261,1093,1168,
56540,9046,4363,4683,15829,7687,8142,18090,8702,9388,15829,7509,8320,9044,4373,4671,2261,1093,1168,
56545,9047,4364,4683,15831,7688,8143,18093,8705,9388,15830,7509,8321,9045,4374,4671,2261,1093,1168,
56550,9047,4364,4683,15832,7689,8143,18093,8705,9388,15831,7509,8322,9045,4374,4671,2262,1094,1168,
56555,9048,4364,4684,15833,7689,8144,18094,8706,9388,15832,7509,8323,9047,4374,4673,2262,1094,1168,
56560,9049,4364,4685,15835,7689,8146,18097,8707,9390,15834,7510,8324,9048,4374,4674,2262,1094,1168,
56565,9050,4364,4686,15836,7690,8146,18098,8707,9391,15836,7512,8324,9048,4374,4674,2262,1094,1168,
56570,9051,4365,4686,15838,7691,8147,18101,8708,9393,15837,7513,8324,9049,4375,4674,2262,1094,1168,
56575,9051,4365,4686,15839,7692,8147,18101,8708,9393,15838,7513,8325,9049,4375,4674,2263,1094,1169,
56580,9052,4366,4686,15840,7693,8147,18102,8708,9394,15839,7514,8325,9051,4376,4675,2263,1094,1169,
56585,9053,4366,4687,15842,7694,8148,18105,8710,9395,15841,7514,8327,9052,4376,4676,2263,1094,1169,
56590,9054,4367,4687,15843,7695,8148,18106,8710,9396,15843,7514,8329,9052,4376,4676,2263,1094,1169,
56595,9055,4368,4687,15845,7696,8149,18109,8713,9396,15844,7515,8329,9053,4377,4676,2263,1094,1169,
56600,9055,4368,4687,15846,7696,8150,18109,8713,9396,15845,7516,8329,9053,4377,4676,2264,1094,1170,
56605,9056,4368,4688,15847,7696,8151,18110,8713,9397,15846,7517,8329,9055,4379,4676,2264,1094,1170,
56610,9057,4369,4688,15849,7697,8152,18113,8713,9400,15848,7519,8329,9056,4379,4677,2264,1094,1170,
56615,9058,4369,4689,15850,7697,8153,18114,8714,9400,15850,7520,8330,9056,4379,4677,2264,1094,1170,
56620,9059,4369,4690,15852,7698,8154,18117,8715,9402,15851,7520,8331,9057,4379,4678,2264,1094,1170,
56625,9059,4369,4690,15853,7698,8155,18117,8715,9402,15852,7521,8331,9057,4379,4678,2265,1094,1171,
56630,9060,4369,4691,15854,7699,8155,18118,8715,9403,15853,7522,8331,9059,4380,4679,2265,1094,1171,
56635,9061,4370,4691,15856,7700,8156,18121,8716,9405,15855,7522,8333,9060,4380,4680,2265,1094,1171,
56640,9062,4371,4691,15857,7700,8157,18122,8716,9406,15857,7523,8334,9060,4380,4680,2265,1094,1171,
56645,9063,4372,4691,15859,7702,8157,18125,8717,9408,15858,7524,8334,9061,4381,4680,2265,1094,1171,
56650,9063,4372,4691,15860,7702,8158,18125,8717,9408,15859,7524,8335,9061,4381,4680,2266,1095,1171,
56655,9064,4373,4691,15861,7702,8159,18126,8717,9409,15860,7525,8335,9063,4382,4681,2266,1095,1171,
56660,9065,4374,4691,15863,7702,8161,18129,8719,9410,15862,7526,8336,9064,4382,4682,2266,1095,1171,
56665,9066,4374,4692,15864,7703,8161,18130,8720,9410,15864,7528,8336,9064,4382,4682,2266,1095,1171,
56670,9067,4374,4693,15866,7704,8162,18133,8720,9413,15865,7529,8336,9065,4383,4682,2266,1095,1171,
56675,9067,4374,4693,15867,7704,8163,18133,8720,9413,15866,7529,8337,9065,4383,4682,2267,1095,1172,
56680,9068,4374,4694,15868,7705,8163,18134,8720,9414,15867,7529,8338,9067,4383,4684,2267,1095,1172,
56685,9069,4374,4695,15870,7707,8163,18137,8720,9417,15869,7530,8339,9068,4384,4684,2267,1095,1172,
56690,9070,4374,4696,15871,7707,8164,18138,8720,9418,15871,7531,8340,9068,4384,4684,2267,1095,1172,
56695,9071,4374,4697,15873,7708,8165,18141,8722,9419,15872,7531,8341,9069,4384,4685,2267,1095,1172,
56700,9071,4374,4697,15874,7708,8166,18141,8722,9419,15873,7532,8341,9069,4384,4685,2268,1095,1173,
56705,9072,4374,4698,15875,7708,8167,18142,8722,9420,15874,7533,8341,9071,4385,4686,2268,1095,1173,
56710,9073,4374,4699,15877,7708,8169,18145,8723,9422,15876,7535,8341,9072,4386,4686,2268,1095,1173,
56715,9074,4374,4700,15878,7708,8170,18146,8723,9423,15878,7536,8342,9072,4386,4686,2268,1095,1173,
56720,9075,4375,4700,15880,7710,8170,18149,8724,9425,15879,7536,8343,9073,4387,4686,2268,1095,1173,
56725,9075,4375,4700,15881,7711,8170,18149,8724,9425,15880,7537,8343,9073,4387,4686,2269,1095,1174,
56730,9076,4375,4701,15882,7711,8171,18150,8724,9426,15881,7538,8343,9075,4387,4688,2269,1095,1174,
56735,9077,4376,4701,15884,7711,8173,18153,8725,9428,15883,7540,8343,9076,4387,4689,2269,1095,1174,
56740,9078,4377,4701,15885,7711,8174,18154,8725,9429,15885,7540,8345,9076,4387,4689,2269,1095,1174,
56745,9079,4378,4701,15887,7711,8176,18157,8727,9430,15886,7541,8345,9077,4387,4690,2269,1095,1174,
56750,9079,4378,4701,15888,7712,8176,18157,8727,9430,15887,7541,8346,9077,4387,4690,2270,1096,1174,
56755,9080,4379,4701,15889,7713,8176,18158,8727,9431,15888,7542,8346,9079,4387,4692,2270,1096,1174,
56760,9081,4379,4702,15891,7714,8177,18161,8729,9432,15890,7543,8347,9080,4388,4692,2270,1096,1174,
56765,9082,4380,4702,15892,7715,8177,18162,8730,9432,15892,7544,8348,9080,4388,4692,2270,1096,1174,
56770,9083,4380,4703,15894,7715,8179,18165,8731,9434,15893,7545,8348,9081,4389,4692,2270,1096,1174,
56775,9083,4380,4703,15895,7715,8180,18165,8731,9434,15894,7545,8349,9081,4389,4692,2271,1097,1174,
56780,9084,4380,4704,15896,7715,8181,18166,8732,9434,15895,7546,8349,9083,4390,4693,2271,1097,1174,
56785,9085,4380,4705,15898,7716,8182,18169,8734,9435,15897,7547,8350,9084,4391,4693,2271,1097,1174,
56790,9086,4380,4706,15899,7716,8183,18170,8734,9436,15899,7548,8351,9084,4391,4693,2271,1097,1174,
56795,9087,4380,4707,15901,7717,8184,18173,8736,9437,15900,7548,8352,9085,4391,4694,2271,1097,1174,
56800,9087,4380,4707,15902,7718,8184,18173,8736,9437,15901,7548,8353,9085,4391,4694,2272,1098,1174,
56805,9088,4381,4707,15903,7718,8185,18174,8736,9438,15902,7548,8354,9087,4392,4695,2272,1098,1174,
56810,9089,4382,4707,15905,7719,8186,18177,8736,9441,15904,7549,8355,9088,4392,4696,2272,1098,1174,
56815,9090,4383,4707,15906,7719,8187,18178,8737,9441,15906,7551,8355,9088,4392,4696,2272,1098,1174,
56820,9091,4384,4707,15908,7720,8188,18181,8738,9443,15907,7551,8356,9089,4393,4696,2272,1098,1174,
56825,9091,4384,4707,15909,7721,8188,18181,8738,9443,15908,7552,8356,9089,4393,4696,2273,1098,1175,
56830,9092,4385,4707,15910,7721,8189,18182,8738,9444,15909,7553,8356,9091,4395,4696,2273,1098,1175,
56835,9093,4386,4707,15912,7721,8191,18185,8738,9447,15911,7553,8358,9092,4395,4697,2273,1098,1175,
56840,9094,4387,4707,15913,7721,8192,18186,8738,9448,15913,7555,8358,9092,4395,4697,2273,1098,1175,
56845,9095,4387,4708,15915,7722,8193,18189,8741,9448,15914,7556,8358,9093,4395,4698,2273,1098,1175,
56850,9095,4387,4708,15916,7722,8194,18189,8741,9448,15915,7556,8359,9093,4395,4698,2274,1098,1176,
56855,9096,4388,4708,15917,7723,8194,18190,8742,9448,15916,7556,8360,9095,4395,4700,2274,1098,1176,
56860,9097,4388,4709,15919,7724,8195,18193,8744,9449,15918,7558,8360,9096,4396,4700,2274,1098,1176,
56865,9098,4388,4710,15920,7725,8195,18194,8744,9450,15920,7558,8362,9096,4396,4700,2274,1098,1176,
56870,9099,4389,4710,15922,7725,8197,18197,8745,9452,15921,7558,8363,9097,4397,4700,2274,1098,1176,
56875,9099,4389,4710,15923,7726,8197,18197,8745,9452,15922,7558,8364,9097,4397,4700,2275,1098,1177,
56880,9100,4390,4710,15924,7726,8198,18198,8745,9453,15923,7559,8364,9099,4399,4700,2275,1098,1177,
56885,9101,4391,4710,15926,7727,8199,18201,8745,9456,15925,7559,8366,9100,4400,4700,2275,1098,1177,
56890,9102,4392,4710,15927,7727,8200,18202,8745,9457,15927,7560,8367,9100,4400,4700,2275,1098,1177,
56895,9103,4392,4711,15929,7729,8200,18205,8748,9457,15928,7561,8367,9101,4401,4700,2275,1098,1177,
56900,9103,4392,4711,15930,7730,8200,18205,8748,9457,15929,7561,8368,9101,4401,4700,2276,1099,1177,
56905,9104,4393,4711,15931,7730,8201,18206,8749,9457,15930,7561,8369,9103,4402,4701,2276,1099,1177,
56910,9105,4393,4712,15933,7731,8202,18209,8750,9459,15932,7562,8370,9104,4403,4701,2276,1099,1177,
56915,9106,4394,4712,15934,7732,8202,18210,8751,9459,15934,7563,8371,9104,4403,4701,2276,1099,1177,
56920,9107,4394,4713,15936,7733,8203,18213,8752,9461,15935,7564,8371,9105,4403,4702,2276,1099,1177,
56925,9107,4394,4713,15937,7734,8203,18213,8752,9461,15936,7564,8372,9105,4403,4702,2277,1099,1178,
56930,9108,4395,4713,15938,7734,8204,18214,8753,9461,15937,7565,8372,9107,4404,4703,2277,1099,1178,
56935,9109,4395,4714,15940,7735,8205,18217,8753,9464,15939,7566,8373,9108,4405,4703,2277,1099,1178,
56940,9110,4395,4715,15941,7736,8205,18218,8754,9464,15941,7568,8373,9108,4405,4703,2277,1099,1178,
56945,9111,4395,4716,15943,7737,8206,18221,8756,9465,15942,7568,8374,9109,4406,4703,2277,1099,1178,
56950,9111,4395,4716,15944,7737,8207,18221,8756,9465,15943,7569,8374,9109,4406,4703,2278,1099,1179,
56955,9112,4395,4717,15945,7738,8207,18222,8757,9465,15944,7570,8374,9111,4407,4704,2278,1099,1179,
56960,9113,4395,4718,15947,7739,8208,18225,8759,9466,15946,7570,8376,9112,4408,4704,2278,1099,1179,
56965,9114,4395,4719,15948,7740,8208,18226,8760,9466,15948,7571,8377,9112,4408,4704,2278,1099,1179,
56970,9115,4395,4720,15950,7741,8209,18229,8761,9468,15949,7571,8378,9113,4408,4705,2278,1099,1179,
56975,9115,4395,4720,15951,7741,8210,18229,8761,9468,15950,7571,8379,9113,4408,4705,2279,1099,1180,
56980,9116,4395,4721,15952,7741,8211,18230,8762,9468,15951,7571,8380,9115,4409,4706,2279,1099,1180,
56985,9117,4395,4722,15954,7741,8213,18233,8764,9469,15953,7573,8380,9116,4409,4707,2279,1099,1180,
56990,9118,4395,4723,15955,7741,8214,18234,8764,9470,15955,7574,8381,9116,4409,4707,2279,1099,1180,
56995,9119,4396,4723,15957,7741,8216,18237,8766,9471,15956,7575,8381,9117,4409,4708,2279,1099,1180,
57000,9119,4396,4723,15958,7742,8216,18237,8766,9471,15957,7575,8382,9117,4409,4708,2280,1099,1181,
57005,9120,4396,4724,15959,7743,8216,18238,8767,9471,15958,7575,8383,9119,4409,4710,2280,1099,1181,
57010,9121,4397,4724,15961,7743,8218,18241,8769,9472,15960,7575,8385,9120,4410,4710,2280,1099,1181,
57015,9122,4397,4725,15962,7743,8219,18242,8770,9472,15962,7576,8386,9120,4410,4710,2280,1099,1181,
57020,9123,4398,4725,15964,7743,8221,18245,8771,9474,15963,7576,8387,9121,4411,4710,2280,1099,1181,
57025,9123,4398,4725,15965,7744,8221,18245,8771,9474,15964,7577,8387,9121,4411,4710,2281,1099,1182,
57030,9124,4399,4725,15966,7745,8221,18246,8771,9475,15965,7577,8388,9123,4412,4711,2281,1099,1182,
57035,9125,4400,4725,15968,7747,8221,18249,8771,9478,15967,7579,8388,9124,4412,4712,2281,1099,1182,
57040,9126,4400,4726,15969,7747,8222,18250,8771,9479,15969,7579,8390,9124,4412,4712,2281,1099,1182,
57045,9127,4400,4727,15971,7749,8222,18253,8772,9481,15970,7579,8391,9125,4412,4713,2281,1099,1182,
57050,9127,4400,4727,15972,7749,8223,18253,8772,9481,15971,7580,8391,9125,4412,4713,2282,1100,1182,
57055,9128,4400,4728,15973,7749,8224,18254,8772,9482,15972,7580,8392,9127,4414,4713,2282,1100,1182,
57060,9129,4400,4729,15975,7749,8226,18257,8774,9483,15974,7580,8394,9128,4415,4713,2282,1100,1182,
57065,9130,4401,4729,15976,7749,8227,18258,8774,9484,15976,7581,8395,9128,4415,4713,2282,1100,1182,
57070,9131,4402,4729,15978,7750,8228,18261,8775,9486,15977,7581,8396,9129,4415,4714,2282,1100,1182,
57075,9131,4402,4729,15979,7751,8228,18261,8775,9486,15978,7581,8397,9129,4415,4714,2283,1101,1182,
57080,9132,4402,4730,15980,7751,8229,18262,8775,9487,15979,7582,8397,9131,4417,4714,2283,1101,1182,
57085,9133,4402,4731,15982,7753,8229,18265,8776,9489,15981,7584,8397,9132,4418,4714,2283,1101,1182,
57090,9134,4402,4732,15983,7754,8229,18266,8776,9490,15983,7585,8398,9132,4418,4714,2283,1101,1182,
57095,9135,4402,4733,15985,7755,8230,18269,8779,9490,15984,7585,8399,9133,4419,4714,2283,1101,1182,
57100,9135,4402,4733,15986,7755,8231,18269,8779,9490,15985,7585,8400,9133,4419,4714,2284,1102,1182,
57105,9136,4402,4734,15987,7755,8232,18270,8779,9491,15986,7585,8401,9135,4420,4715,2284,1102,1182,
57110,9137,4402,4735,15989,7755,8234,18273,8781,9492,15988,7585,8403,9136,4421,4715,2284,1102,1182,
57115,9138,4403,4735,15990,7756,8234,18274,8782,9492,15990,7586,8404,9136,4421,4715,2284,1102,1182,
57120,9139,4404,4735,15992,7756,8236,18277,8783,9494,15991,7587,8404,9137,4422,4715,2284,1102,1182,
57125,9139,4404,4735,15993,7757,8236,18277,8783,9494,15992,7588,8404,9137,4422,4715,2285,1102,1183,
57130,9140,4405,4735,15994,7758,8236,18278,8783,9495,15993,7588,8405,9139,4423,4716,2285,1102,1183,
57135,9141,4406,4735,15996,7758,8238,18281,8785,9496,15995,7590,8405,9140,4423,4717,2285,1102,1183,
57140,9142,4407,4735,15997,7759,8238,18282,8786,9496,15997,7591,8406,9140,4423,4717,2285,1102,1183,
57145,9143,4407,4736,15999,7760,8239,18285,8788,9497,15998,7592,8406,9141,4424,4717,2285,1102,1183,
57150,9143,4407,4736,16000,7761,8239,18285,8788,9497,15999,7593,8406,9141,4424,4717,2286,1103,1183,
57155,9144,4407,4737,16001,7762,8239,18286,8789,9497,16000,7593,8407,9143,4424,4719,2286,1103,1183,
57160,9145,4407,4738,16003,7763,8240,18289,8791,9498,16002,7595,8407,9144,4425,4719,2286,1103,1183,
57165,9146,4407,4739,16004,7764,8240,18290,8792,9498,16004,7596,8408,9144,4425,4719,2286,1103,1183,
57170,9147,4407,4740,16006,7766,8240,18293,8793,9500,16005,7596,8409,9145,4425,4720,2286,1103,1183,
57175,9147,4407,4740,16007,7767,8240,18293,8793,9500,16006,7597,8409,9145,4425,4720,2287,1104,1183,
57180,9148,4408,4740,16008,7767,8241,18294,8793,9501,16007,7597,8410,9147,4426,4721,2287,1104,1183,
57185,9149,4409,4740,16010,7768,8242,18297,8794,9503,16009,7599,8410,9148,4427,4721,2287,1104,1183,
57190,9150,4409,4741,16011,7768,8243,18298,8795,9503,16011,7600,8411,9148,4427,4721,2287,1104,1183,
57195,9151,4410,4741,16013,7768,8245,18301,8795,9506,16012,7600,8412,9149,4427,4722,2287,1104,1183,
57200,9151,4410,4741,16014,7769,8245,18301,8795,9506,16013,7601,8412,9149,4427,4722,2288,1104,1184,
57205,9152,4410,4742,16015,7770,8245,18302,8795,9507,16014,7602,8412,9151,4427,4724,2288,1104,1184,
57210,9153,4411,4742,16017,7770,8247,18305,8797,9508,16016,7602,8414,9152,4428,4724,2288,1104,1184,
57215,9154,4412,4742,16018,7771,8247,18306,8797,9509,16018,7604,8414,9152,4428,4724,2288,1104,1184,
57220,9155,4413,4742,16020,7773,8247,18309,8799,9510,16019,7605,8414,9153,4428,4725,2288,1104,1184,
57225,9155,4413,4742,16021,7773,8248,18309,8799,9510,16020,7605,8415,9153,4428,4725,2289,1104,1185,
57230,9156,4413,4743,16022,7774,8248,18310,8799,9511,16021,7605,8416,9155,4429,4726,2289,1104,1185,
57235,9157,4414,4743,16024,7774,8250,18313,8800,9513,16023,7607,8416,9156,4430,4726,2289,1104,1185,
57240,9158,4414,4744,16025,7774,8251,18314,8801,9513,16025,7609,8416,9156,4430,4726,2289,1104,1185,
57245,9159,4415,4744,16027,7775,8252,18317,8801,9516,16026,7610,8416,9157,4431,4726,2289,1104,1185,
57250,9159,4415,4744,16028,7776,8252,18317,8801,9516,16027,7611,8416,9157,4431,4726,2290,1104,1186,
57255,9160,4416,4744,16029,7777,8252,18318,8802,9516,16028,7611,8417,9159,4432,4727,2290,1104,1186,
57260,9161,4417,4744,16031,7778,8253,18321,8803,9518,16030,7612,8418,9160,4432,4728,2290,1104,1186,
57265,9162,4418,4744,16032,7778,8254,18322,8804,9518,16032,7613,8419,9160,4432,4728,2290,1104,1186,
57270,9163,4418,4745,16034,7779,8255,18325,8805,9520,16033,7614,8419,9161,4433,4728,2290,1104,1186,
57275,9163,4418,4745,16035,7780,8255,18325,8805,9520,16034,7614,8420,9161,4433,4728,2291,1104,1187,
57280,9164,4418,4746,16036,7781,8255,18326,8805,9521,16035,7614,8421,9163,4433,4730,2291,1104,1187,
57285,9165,4418,4747,16038,7782,8256,18329,8805,9524,16037,7616,8421,9164,4434,4730,2291,1104,1187,
57290,9166,4418,4748,16039,7783,8256,18330,8805,9525,16039,7617,8422,9164,4434,4730,2291,1104,1187,
57295,9167,4419,4748,16041,7784,8257,18333,8806,9527,16040,7617,8423,9165,4434,4731,2291,1104,1187,
57300,9167,4419,4748,16042,7784,8258,18333,8806,9527,16041,7618,8423,9165,4434,4731,2292,1105,1187,
57305,9168,4419,4749,16043,7784,8259,18334,8807,9527,16042,7619,8423,9167,4436,4731,2292,1105,1187,
57310,9169,4420,4749,16045,7785,8260,18337,8808,9529,16044,7620,8424,9168,4437,4731,2292,1105,1187,
57315,9170,4420,4750,16046,7786,8260,18338,8809,9529,16046,7621,8425,9168,4437,4731,2292,1105,1187,
57320,9171,4420,4751,16048,7787,8261,18341,8810,9531,16047,7621,8426,9169,4437,4732,2292,1105,1187,
57325,9171,4420,4751,16049,7787,8262,18341,8810,9531,16048,7622,8426,9169,4437,4732,2293,1106,1187,
57330,9172,4421,4751,16050,7788,8262,18342,8810,9532,16049,7622,8427,9171,4438,4733,2293,1106,1187,
57335,9173,4422,4751,16052,7789,8263,18345,8811,9534,16051,7622,8429,9172,4438,4734,2293,1106,1187,
57340,9174,4422,4752,16053,7789,8264,18346,8811,9535,16053,7623,8430,9172,4438,4734,2293,1106,1187,
57345,9175,4423,4752,16055,7789,8266,18349,8813,9536,16054,7623,8431,9173,4438,4735,2293,1106,1187,
57350,9175,4423,4752,16056,7789,8267,18349,8813,9536,16055,7623,8432,9173,4438,4735,2294,1107,1187,
57355,9176,4424,4752,16057,7790,8267,18350,8813,9537,16056,7623,8433,9175,4439,4736,2294,1107,1187,
57360,9177,4424,4753,16059,7791,8268,18353,8814,9539,16058,7625,8433,9176,4439,4737,2294,1107,1187,
57365,9178,4424,4754,16060,7792,8268,18354,8815,9539,16060,7626,8434,9176,4439,4737,2294,1107,1187,
57370,9179,4425,4754,16062,7793,8269,18357,8815,9542,16061,7627,8434,9177,4439,4738,2294,1107,1187,
57375,9179,4425,4754,16063,7794,8269,18357,8815,9542,16062,7628,8434,9177,4439,4738,2295,1108,1187,
57380,9180,4426,4754,16064,7795,8269,18358,8816,9542,16063,7629,8434,9179,4439,4740,2295,1108,1187,
57385,9181,4427,4754,16066,7796,8270,18361,8817,9544,16065,7631,8434,9180,4440,4740,2295,1108,1187,
57390,9182,4428,4754,16067,7797,8270,18362,8817,9545,16067,7633,8434,9180,4440,4740,2295,1108,1187,
57395,9183,4429,4754,16069,7798,8271,18365,8820,9545,16068,7633,8435,9181,4440,4741,2295,1108,1187,
57400,9183,4429,4754,16070,7799,8271,18365,8820,9545,16069,7634,8435,9181,4440,4741,2296,1109,1187,
57405,9184,4429,4755,16071,7799,8272,18366,8821,9545,16070,7634,8436,9183,4440,4743,2296,1109,1187,
57410,9185,4429,4756,16073,7800,8273,18369,8824,9545,16072,7636,8436,9184,4440,4744,2296,1109,1187,
57415,9186,4429,4757,16074,7800,8274,18370,8824,9546,16074,7637,8437,9184,4440,4744,2296,1109,1187,
57420,9187,4429,4758,16076,7801,8275,18373,8826,9547,16075,7637,8438,9185,4440,4745,2296,1109,1187,
57425,9187,4429,4758,16077,7801,8276,18373,8826,9547,16076,7637,8439,9185,4440,4745,2297,1110,1187,
57430,9188,4430,4758,16078,7801,8277,18374,8827,9547,16077,7637,8440,9187,4442,4745,2297,1110,1187,
57435,9189,4430,4759,16080,7802,8278,18377,8829,9548,16079,7639,8440,9188,4443,4745,2297,1110,1187,
57440,9190,4431,4759,16081,7803,8278,18378,8830,9548,16081,7640,8441,9188,4443,4745,2297,1110,1187,
57445,9191,4432,4759,16083,7804,8279,18381,8831,9550,16082,7641,8441,9189,4443,4746,2297,1110,1187,
57450,9191,4432,4759,16084,7804,8280,18381,8831,9550,16083,7641,8442,9189,4443,4746,2298,1111,1187,
57455,9192,4433,4759,16085,7804,8281,18382,8832,9550,16084,7641,8443,9191,4444,4747,2298,1111,1187,
57460,9193,4433,4760,16087,7805,8282,18385,8832,9553,16086,7641,8445,9192,4444,4748,2298,1111,1187,
57465,9194,4433,4761,16088,7805,8283,18386,8832,9554,16088,7642,8446,9192,4444,4748,2298,1111,1187,
57470,9195,4433,4762,16090,7806,8284,18389,8835,9554,16089,7643,8446,9193,4445,4748,2298,1111,1187,
57475,9195,4433,4762,16091,7807,8284,18389,8835,9554,16090,7644,8446,9193,4445,4748,2299,1112,1187,
57480,9196,4434,4762,16092,7807,8285,18390,8836,9554,16091,7645,8446,9195,4446,4749,2299,1112,1187,
57485,9197,4435,4762,16094,7808,8286,18393,8838,9555,16093,7646,8447,9196,4446,4750,2299,1112,1187,
57490,9198,4436,4762,16095,7808,8287,18394,8838,9556,16095,7648,8447,9196,4446,4750,2299,1112,1187,
57495,9199,4436,4763,16097,7810,8287,18397,8839,9558,16096,7649,8447,9197,4447,4750,2299,1112,1187,
57500,9199,4436,4763,16098,7811,8287,18397,8839,9558,16097,7650,8447,9197,4447,4750,2300,1112,1188,
57505,9200,4436,4764,16099,7811,8288,18398,8839,9559,16098,7650,8448,9199,4449,4750,2300,1112,1188,
57510,9201,4437,4764,16101,7812,8289,18401,8840,9561,16100,7652,8448,9200,4449,4751,2300,1112,1188,
57515,9202,4437,4765,16102,7812,8290,18402,8840,9562,16102,7653,8449,9200,4449,4751,2300,1112,1188,
57520,9203,4438,4765,16104,7813,8291,18405,8842,9563,16103,7653,8450,9201,4450,4751,2300,1112,1188,
57525,9203,4438,4765,16105,7813,8292,18405,8842,9563,16104,7653,8451,9201,4450,4751,2301,1112,1189,
57530,9204,4439,4765,16106,7813,8293,18406,8842,9564,16105,7654,8451,9203,4451,4752,2301,1112,1189,
57535,9205,4439,4766,16108,7815,8293,18409,8844,9565,16107,7655,8452,9204,4452,4752,2301,1112,1189,
57540,9206,4439,4767,16109,7815,8294,18410,8845,9565,16109,7656,8453,9204,4452,4752,2301,1112,1189,
57545,9207,4439,4768,16111,7816,8295,18413,8845,9568,16110,7656,8454,9205,4453,4752,2301,1112,1189,
57550,9207,4439,4768,16112,7816,8296,18413,8845,9568,16111,7657,8454,9205,4453,4752,2302,1113,1189,
57555,9208,4439,4769,16113,7817,8296,18414,8845,9569,16112,7658,8454,9207,4455,4752,2302,1113,1189,
57560,9209,4440,4769,16115,7818,8297,18417,8848,9569,16114,7659,8455,9208,4456,4752,2302,1113,1189,
57565,9210,4440,4770,16116,7818,8298,18418,8849,9569,16116,7659,8457,9208,4456,4752,2302,1113,1189,
57570,9211,4440,4771,16118,7819,8299,18421,8852,9569,16117,7659,8458,9209,4456,4753,2302,1113,1189,
57575,9211,4440,4771,16119,7819,8300,18421,8852,9569,16118,7660,8458,9209,4456,4753,2303,1113,1190,
57580,9212,4441,4771,16120,7820,8300,18422,8852,9570,16119,7660,8459,9211,4457,4754,2303,1113,1190,
57585,9213,4442,4771,16122,7822,8300,18425,8852,9573,16121,7660,8461,9212,4457,4755,2303,1113,1190,
57590,9214,4443,4771,16123,7823,8300,18426,8852,9574,16123,7661,8462,9212,4457,4755,2303,1113,1190,
57595,9215,4443,4772,16125,7824,8301,18429,8853,9576,16124,7661,8463,9213,4457,4756,2303,1113,1190,
57600,9215,4443,4772,16126,7825,8301,18429,8853,9576,16125,7661,8464,9213,4457,4756,2304,1113,1191,
57605,9216,4443,4773,16127,7825,8302,18430,8853,9577,16126,7661,8465,9215,4457,4758,2304,1113,1191,
57610,9217,4443,4774,16129,7826,8303,18433,8854,9579,16128,7662,8466,9216,4457,4759,2304,1113,1191,
57615,9218,4443,4775,16130,7826,8304,18434,8855,9579,16130,7664,8466,9216,4457,4759,2304,1113,1191,
57620,9219,4443,4776,16132,7826,8306,18437,8857,9580,16131,7665,8466,9217,4457,4760,2304,1113,1191,
57625,9219,4443,4776,16133,7827,8306,18437,8857,9580,16132,7665,8467,9217,4457,4760,2305,1113,1192,
57630,9220,4443,4777,16134,7827,8307,18438,8857,9581,16133,7666,8467,9219,4458,4761,2305,1113,1192,
57635,9221,4444,4777,16136,7828,8308,18441,8860,9581,16135,7666,8469,9220,4459,4761,2305,1113,1192,
57640,9222,4444,4778,16137,7829,8308,18442,8860,9582,16137,7668,8469,9220,4459,4761,2305,1113,1192,
57645,9223,4445,4778,16139,7830,8309,18445,8861,9584,16138,7668,8470,9221,4459,4762,2305,1113,1192,
57650,9223,4445,4778,16140,7830,8310,18445,8861,9584,16139,7668,8471,9221,4459,4762,2306,1113,1193,
57655,9224,4445,4779,16141,7831,8310,18446,8861,9585,16140,7668,8472,9223,4461,4762,2306,1113,1193,
57660,9225,4445,4780,16143,7833,8310,18449,8863,9586,16142,7669,8473,9224,4461,4763,2306,1113,1193,
57665,9226,4446,4780,16144,7833,8311,18450,8864,9586,16144,7670,8474,9224,4461,4763,2306,1113,1193,
57670,9227,4446,4781,16146,7833,8313,18453,8867,9586,16145,7670,8475,9225,4462,4763,2306,1113,1193,
57675,9227,4446,4781,16147,7833,8314,18453,8867,9586,16146,7671,8475,9225,4462,4763,2307,1113,1194,
57680,9228,4446,4782,16148,7833,8315,18454,8868,9586,16147,7671,8476,9227,4463,4764,2307,1113,1194,
57685,9229,4447,4782,16150,7834,8316,18457,8870,9587,16149,7673,8476,9228,4464,4764,2307,1113,1194,
57690,9230,4447,4783,16151,7835,8316,18458,8870,9588,16151,7674,8477,9228,4464,4764,2307,1113,1194,
57695,9231,4448,4783,16153,7836,8317,18461,8873,9588,16152,7675,8477,9229,4464,4765,2307,1113,1194,
57700,9231,4448,4783,16154,7836,8318,18461,8873,9588,16153,7675,8478,9229,4464,4765,2308,1114,1194,
57705,9232,4449,4783,16155,7836,8319,18462,8873,9589,16154,7675,8479,9231,4465,4766,2308,1114,1194,
57710,9233,4449,4784,16157,7836,8321,18465,8873,9592,16156,7676,8480,9232,4466,4766,2308,1114,1194,
57715,9234,4449,4785,16158,7836,8322,18466,8874,9592,16158,7678,8480,9232,4466,4766,2308,1114,1194,
57720,9235,4450,4785,16160,7838,8322,18469,8876,9593,16159,7679,8480,9233,4467,4766,2308,1114,1194,
57725,9235,4450,4785,16161,7839,8322,18469,8876,9593,16160,7680,8480,9233,4467,4766,2309,1114,1195,
57730,9236,4450,4786,16162,7840,8322,18470,8876,9594,16161,7680,8481,9235,4467,4768,2309,1114,1195,
57735,9237,4451,4786,16164,7840,8324,18473,8877,9596,16163,7681,8482,9236,4468,4768,2309,1114,1195,
57740,9238,4451,4787,16165,7840,8325,18474,8877,9597,16165,7682,8483,9236,4468,4768,2309,1114,1195,
57745,9239,4452,4787,16167,7841,8326,18477,8877,9600,16166,7682,8484,9237,4469,4768,2309,1114,1195,
57750,9239,4452,4787,16168,7841,8327,18477,8877,9600,16167,7682,8485,9237,4469,4768,2310,1115,1195,
57755,9240,4453,4787,16169,7841,8328,18478,8877,9601,16168,7683,8485,9239,4471,4768,2310,1115,1195,
57760,9241,4454,4787,16171,7843,8328,18481,8880,9601,16170,7685,8485,9240,4472,4768,2310,1115,1195,
57765,9242,4455,4787,16172,7843,8329,18482,8881,9601,16172,7686,8486,9240,4472,4768,2310,1115,1195,
57770,9243,4455,4788,16174,7844,8330,18485,8882,9603,16173,7687,8486,9241,4473,4768,2310,1115,1195,
57775,9243,4455,4788,16175,7844,8331,18485,8882,9603,16174,7687,8487,9241,4473,4768,2311,1116,1195,
57780,9244,4455,4789,16176,7844,8332,18486,8882,9604,16175,7687,8488,9243,4474,4769,2311,1116,1195,
57785,9245,4455,4790,16178,7844,8334,18489,8883,9606,16177,7688,8489,9244,4475,4769,2311,1116,1195,
57790,9246,4455,4791,16179,7844,8335,18490,8884,9606,16179,7689,8490,9244,4475,4769,2311,1116,1195,
57795,9247,4455,4792,16181,7845,8336,18493,8886,9607,16180,7689,8491,9245,4476,4769,2311,1116,1195,
57800,9247,4455,4792,16182,7846,8336,18493,8886,9607,16181,7690,8491,9245,4476,4769,2312,1117,1195,
57805,9248,4455,4793,16183,7846,8337,18494,8886,9608,16182,7690,8492,9247,4477,4770,2312,1117,1195,
57810,9249,4456,4793,16185,7847,8338,18497,8886,9611,16184,7691,8493,9248,4477,4771,2312,1117,1195,
57815,9250,4457,4793,16186,7847,8339,18498,8887,9611,16186,7693,8493,9248,4477,4771,2312,1117,1195,
57820,9251,4458,4793,16188,7847,8341,18501,8888,9613,16187,7693,8494,9249,4478,4771,2312,1117,1195,
57825,9251,4458,4793,16189,7848,8341,18501,8888,9613,16188,7693,8495,9249,4478,4771,2313,1118,1195,
57830,9252,4459,4793,16190,7848,8342,18502,8888,9614,16189,7694,8495,9251,4478,4773,2313,1118,1195,
57835,9253,4459,4794,16192,7850,8342,18505,8890,9615,16191,7694,8497,9252,4478,4774,2313,1118,1195,
57840,9254,4459,4795,16193,7850,8343,18506,8890,9616,16193,7695,8498,9252,4478,4774,2313,1118,1195,
57845,9255,4460,4795,16195,7851,8344,18509,8890,9619,16194,7696,8498,9253,4479,4774,2313,1118,1195,
57850,9255,4460,4795,16196,7852,8344,18509,8890,9619,16195,7697,8498,9253,4479,4774,2314,1119,1195,
57855,9256,4460,4796,16197,7852,8345,18510,8891,9619,16196,7697,8499,9255,4479,4776,2314,1119,1195,
57860,9257,4460,4797,16199,7852,8347,18513,8892,9621,16198,7698,8500,9256,4480,4776,2314,1119,1195,
57865,9258,4460,4798,16200,7852,8348,18514,8893,9621,16200,7700,8500,9256,4480,4776,2314,1119,1195,
57870,9259,4460,4799,16202,7853,8349,18517,8894,9623,16201,7700,8501,9257,4480,4777,2314,1119,1195,
57875,9259,4460,4799,16203,7853,8350,18517,8894,9623,16202,7701,8501,9257,4480,4777,2315,1119,1196,
57880,9260,4460,4800,16204,7853,8351,18518,8894,9624,16203,7701,8502,9259,4481,4778,2315,1119,1196,
57885,9261,4461,4800,16206,7854,8352,18521,8896,9625,16205,7701,8504,9260,4482,4778,2315,1119,1196,
57890,9262,4461,4801,16207,7854,8353,18522,8897,9625,16207,7703,8504,9260,4482,4778,2315,1119,1196,
57895,9263,4461,4802,16209,7854,8355,18525,8899,9626,16208,7703,8505,9261,4483,4778,2315,1119,1196,
57900,9263,4461,4802,16210,7855,8355,18525,8899,9626,16209,7704,8505,9261,4483,4778,2316,1120,1196,
57905,9264,4461,4803,16211,7856,8355,18526,8900,9626,16210,7704,8506,9263,4483,4780,2316,1120,1196,
57910,9265,4462,4803,16213,7857,8356,18529,8901,9628,16212,7705,8507,9264,4484,4780,2316,1120,1196,
57915,9266,4462,4804,16214,7857,8357,18530,8901,9629,16214,7706,8508,9264,4484,4780,2316,1120,1196,
57920,9267,4462,4805,16216,7857,8359,18533,8902,9631,16215,7707,8508,9265,4484,4781,2316,1120,1196,
57925,9267,4462,4805,16217,7857,8360,18533,8902,9631,16216,7707,8509,9265,4484,4781,2317,1121,1196,
57930,9268,4462,4806,16218,7858,8360,18534,8902,9632,16217,7708,8509,9267,4486,4781,2317,1121,1196,
57935,9269,4463,4806,16220,7858,8362,18537,8904,9633,16219,7708,8511,9268,4487,4781,2317,1121,1196,
57940,9270,4464,4806,16221,7858,8363,18538,8904,9634,16221,7708,8513,9268,4487,4781,2317,1121,1196,
57945,9271,4464,4807,16223,7860,8363,18541,8907,9634,16222,7709,8513,9269,4488,4781,2317,1121,1196,
57950,9271,4464,4807,16224,7860,8364,18541,8907,9634,16223,7710,8513,9269,4488,4781,2318,1121,1197,
57955,9272,4464,4808,16225,7861,8364,18542,8907,9635,16224,7710,8514,9271,4488,4783,2318,1121,1197,
57960,9273,4464,4809,16227,7862,8365,18545,8908,9637,16226,7712,8514,9272,4488,4784,2318,1121,1197,
57965,9274,4465,4809,16228,7862,8366,18546,8909,9637,16228,7713,8515,9272,4488,4784,2318,1121,1197,
57970,9275,4466,4809,16230,7864,8366,18549,8909,9640,16229,7714,8515,9273,4488,4785,2318,1121,1197,
57975,9275,4466,4809,16231,7865,8366,18549,8909,9640,16230,7715,8515,9273,4488,4785,2319,1121,1198,
57980,9276,4467,4809,16232,7865,8367,18550,8909,9641,16231,7716,8515,9275,4490,4785,2319,1121,1198,
57985,9277,4467,4810,16234,7866,8368,18553,8910,9643,16233,7717,8516,9276,4491,4785,2319,1121,1198,
57990,9278,4467,4811,16235,7867,8368,18554,8910,9644,16235,7718,8517,9276,4491,4785,2319,1121,1198,
57995,9279,4468,4811,16237,7868,8369,18557,8911,9646,16236,7719,8517,9277,4492,4785,2319,1121,1198,
58000,9279,4468,4811,16238,7868,8370,18557,8911,9646,16237,7720,8517,9277,4492,4785,2320,1121,1199,
58005,9280,4469,4811,16239,7868,8371,18558,8912,9646,16238,7720,8518,9279,4493,4786,2320,1121,1199,
58010,9281,4469,4812,16241,7868,8373,18561,8913,9648,16240,7721,8519,9280,4494,4786,2320,1121,1199,
58015,9282,4469,4813,16242,7869,8373,18562,8914,9648,16242,7723,8519,9280,4494,4786,2320,1121,1199,
58020,9283,4470,4813,16244,7870,8374,18565,8914,9651,16243,7724,8519,9281,4495,4786,2320,1121,1199,
58025,9283,4470,4813,16245,7870,8375,18565,8914,9651,16244,7724,8520,9281,4495,4786,2321,1121,1200,
58030,9284,4470,4814,16246,7870,8376,18566,8914,9652,16245,7724,8521,9283,4497,4786,2321,1121,1200,
58035,9285,4470,4815,16248,7872,8376,18569,8916,9653,16247,7726,8521,9284,4497,4787,2321,1121,1200,
58040,9286,4470,4816,16249,7872,8377,18570,8916,9654,16249,7727,8522,9284,4497,4787,2321,1121,1200,
58045,9287,4471,4816,16251,7873,8378,18573,8918,9655,16250,7727,8523,9285,4498,4787,2321,1121,1200,
58050,9287,4471,4816,16252,7873,8379,18573,8918,9655,16251,7728,8523,9285,4498,4787,2322,1122,1200,
58055,9288,4471,4817,16253,7874,8379,18574,8918,9656,16252,7729,8523,9287,4500,4787,2322,1122,1200,
58060,9289,4472,4817,16255,7875,8380,18577,8921,9656,16254,7730,8524,9288,4500,4788,2322,1122,1200,
58065,9290,4473,4817,16256,7875,8381,18578,8921,9657,16256,7730,8526,9288,4500,4788,2322,1122,1200,
58070,9291,4473,4818,16258,7875,8383,18581,8922,9659,16257,7731,8526,9289,4500,4789,2322,1122,1200,
58075,9291,4473,4818,16259,7875,8384,18581,8922,9659,16258,7732,8526,9289,4500,4789,2323,1122,1201,
58080,9292,4473,4819,16260,7875,8385,18582,8923,9659,16259,7733,8526,9291,4500,4791,2323,1122,1201,
58085,9293,4473,4820,16262,7875,8387,18585,8926,9659,16261,7733,8528,9292,4501,4791,2323,1122,1201,
58090,9294,4473,4821,16263,7875,8388,18586,8927,9659,16263,7734,8529,9292,4501,4791,2323,1122,1201,
58095,9295,4473,4822,16265,7875,8390,18589,8928,9661,16264,7734,8530,9293,4502,4791,2323,1122,1201,
58100,9295,4473,4822,16266,7875,8391,18589,8928,9661,16265,7735,8530,9293,4502,4791,2324,1122,1202,
58105,9296,4474,4822,16267,7875,8392,18590,8928,9662,16266,7736,8530,9295,4503,4792,2324,1122,1202,
58110,9297,4474,4823,16269,7875,8394,18593,8930,9663,16268,7738,8530,9296,4504,4792,2324,1122,1202,
58115,9298,4474,4824,16270,7875,8395,18594,8930,9664,16270,7739,8531,9296,4504,4792,2324,1122,1202,
58120,9299,4474,4825,16272,7876,8396,18597,8931,9666,16271,7739,8532,9297,4505,4792,2324,1122,1202,
58125,9299,4474,4825,16273,7877,8396,18597,8931,9666,16272,7739,8533,9297,4505,4792,2325,1123,1202,
58130,9300,4475,4825,16274,7877,8397,18598,8931,9667,16273,7739,8534,9299,4505,4794,2325,1123,1202,
58135,9301,4475,4826,16276,7878,8398,18601,8932,9669,16275,7740,8535,9300,4505,4795,2325,1123,1202,
58140,9302,4476,4826,16277,7879,8398,18602,8933,9669,16277,7742,8535,9300,4505,4795,2325,1123,1202,
58145,9303,4477,4826,16279,7879,8400,18605,8935,9670,16278,7743,8535,9301,4506,4795,2325,1123,1202,
58150,9303,4477,4826,16280,7879,8401,18605,8935,9670,16279,7743,8536,9301,4506,4795,2326,1124,1202,
58155,9304,4477,4827,16281,7879,8402,18606,8936,9670,16280,7744,8536,9303,4507,4796,2326,1124,1202,
58160,9305,4478,4827,16283,7879,8404,18609,8938,9671,16282,7745,8537,9304,4507,4797,2326,1124,1202,
58165,9306,4478,4828,16284,7879,8405,18610,8938,9672,16284,7746,8538,9304,4507,4797,2326,1124,1202,
58170,9307,4478,4829,16286,7879,8407,18613,8941,9672,16285,7747,8538,9305,4508,4797,2326,1124,1202,
58175,9307,4478,4829,16287,7879,8408,18613,8941,9672,16286,7748,8538,9305,4508,4797,2327,1125,1202,
58180,9308,4479,4829,16288,7880,8408,18614,8941,9673,16287,7748,8539,9307,4509,4798,2327,1125,1202,
58185,9309,4479,4830,16290,7881,8409,18617,8941,9676,16289,7750,8539,9308,4509,4799,2327,1125,1202,
58190,9310,4479,4831,16291,7881,8410,18618,8942,9676,16291,7751,8540,9308,4509,4799,2327,1125,1202,
58195,9311,4479,4832,16293,7881,8412,18621,8943,9678,16292,7752,8540,9309,4509,4800,2327,1125,1202,
58200,9311,4479,4832,16294,7882,8412,18621,8943,9678,16293,7753,8540,9309,4509,4800,2328,1126,1202,
58205,9312,4479,4833,16295,7883,8412,18622,8944,9678,16294,7753,8541,9311,4510,4801,2328,1126,1202,
58210,9313,4480,4833,16297,7883,8414,18625,8944,9681,16296,7755,8541,9312,4510,4802,2328,1126,1202,
58215,9314,4481,4833,16298,7884,8414,18626,8945,9681,16298,7756,8542,9312,4510,4802,2328,1126,1202,
58220,9315,4481,4834,16300,7886,8414,18629,8947,9682,16299,7757,8542,9313,4510,4803,2328,1126,1202,
58225,9315,4481,4834,16301,7886,8415,18629,8947,9682,16300,7758,8542,9313,4510,4803,2329,1126,1203,
58230,9316,4482,4834,16302,7886,8416,18630,8948,9682,16301,7758,8543,9315,4511,4804,2329,1126,1203,
58235,9317,4482,4835,16304,7886,8418,18633,8951,9682,16303,7759,8544,9316,4511,4805,2329,1126,1203,
58240,9318,4483,4835,16305,7887,8418,18634,8951,9683,16305,7761,8544,9316,4511,4805,2329,1126,1203,
58245,9319,4484,4835,16307,7889,8418,18637,8951,9686,16306,7761,8545,9317,4511,4806,2329,1126,1203,
58250,9319,4484,4835,16308,7890,8418,18637,8951,9686,16307,7761,8546,9317,4511,4806,2330,1126,1204,
58255,9320,4484,4836,16309,7890,8419,18638,8952,9686,16308,7762,8546,9319,4512,4807,2330,1126,1204,
58260,9321,4484,4837,16311,7891,8420,18641,8954,9687,16310,7762,8548,9320,4512,4808,2330,1126,1204,
58265,9322,4485,4837,16312,7891,8421,18642,8955,9687,16312,7763,8549,9320,4512,4808,2330,1126,1204,
58270,9323,4486,4837,16314,7893,8421,18645,8956,9689,16313,7763,8550,9321,4512,4809,2330,1126,1204,
58275,9323,4486,4837,16315,7893,8422,18645,8956,9689,16314,7763,8551,9321,4512,4809,2331,1127,1204,
58280,9324,4487,4837,16316,7893,8423,18646,8957,9689,16315,7763,8552,9323,4514,4809,2331,1127,1204,
58285,9325,4487,4838,16318,7894,8424,18649,8959,9690,16317,7765,8552,9324,4514,4810,2331,1127,1204,
58290,9326,4487,4839,16319,7895,8424,18650,8960,9690,16319,7766,8553,9324,4514,4810,2331,1127,1204,
58295,9327,4487,4840,16321,7895,8426,18653,8962,9691,16320,7766,8554,9325,4515,4810,2331,1127,1204,
58300,9327,4487,4840,16322,7896,8426,18653,8962,9691,16321,7767,8554,9325,4515,4810,2332,1128,1204,
58305,9328,4488,4840,16323,7897,8426,18654,8962,9692,16322,7767,8555,9327,4515,4812,2332,1128,1204,
58310,9329,4488,4841,16325,7898,8427,18657,8964,9693,16324,7767,8557,9328,4516,4812,2332,1128,1204,
58315,9330,4489,4841,16326,7899,8427,18658,8964,9694,16326,7769,8557,9328,4516,4812,2332,1128,1204,
58320,9331,4490,4841,16328,7899,8429,18661,8967,9694,16327,7770,8557,9329,4516,4813,2332,1128,1204,
58325,9331,4490,4841,16329,7900,8429,18661,8967,9694,16328,7771,8557,9329,4516,4813,2333,1129,1204,
58330,9332,4490,4842,16330,7901,8429,18662,8968,9694,16329,7772,8557,9331,4518,4813,2333,1129,1204,
58335,9333,4491,4842,16332,7901,8431,18665,8969,9696,16331,7774,8557,9332,4518,4814,2333,1129,1204,
58340,9334,4491,4843,16333,7902,8431,18666,8970,9696,16333,7775,8558,9332,4518,4814,2333,1129,1204,
58345,9335,4491,4844,16335,7902,8433,18669,8972,9697,16334,7776,8558,9333,4518,4815,2333,1129,1204,
58350,9335,4491,4844,16336,7902,8434,18669,8972,9697,16335,7776,8559,9333,4518,4815,2334,1129,1205,
58355,9336,4492,4844,16337,7902,8435,18670,8973,9697,16336,7777,8559,9335,4519,4816,2334,1129,1205,
58360,9337,4492,4845,16339,7902,8437,18673,8974,9699,16338,7777,8561,9336,4520,4816,2334,1129,1205,
58365,9338,4492,4846,16340,7902,8438,18674,8975,9699,16340,7777,8563,9336,4520,4816,2334,1129,1205,
58370,9339,4493,4846,16342,7902,8440,18677,8977,9700,16341,7778,8563,9337,4520,4817,2334,1129,1205,
58375,9339,4493,4846,16343,7903,8440,18677,8977,9700,16342,7779,8563,9337,4520,4817,2335,1130,1205,
58380,9340,4494,4846,16344,7903,8441,18678,8978,9700,16343,7780,8563,9339,4522,4817,2335,1130,1205,
58385,9341,4494,4847,16346,7904,8442,18681,8980,9701,16345,7782,8563,9340,4522,4818,2335,1130,1205,
58390,9342,4495,4847,16347,7904,8443,18682,8981,9701,16347,7783,8564,9340,4522,4818,2335,1130,1205,
58395,9343,4495,4848,16349,7905,8444,18685,8982,9703,16348,7783,8565,9341,4523,4818,2335,1130,1205,
58400,9343,4495,4848,16350,7905,8445,18685,8982,9703,16349,7783,8566,9341,4523,4818,2336,1131,1205,
58405,9344,4496,4848,16351,7905,8446,18686,8983,9703,16350,7783,8567,9343,4525,4818,2336,1131,1205,
58410,9345,4497,4848,16353,7906,8447,18689,8984,9705,16352,7783,8569,9344,4526,4818,2336,1131,1205,
58415,9346,4498,4848,16354,7906,8448,18690,8985,9705,16354,7785,8569,9344,4526,4818,2336,1131,1205,
58420,9347,4499,4848,16356,7906,8450,18693,8986,9707,16355,7786,8569,9345,4526,4819,2336,1131,1205,
58425,9347,4499,4848,16357,7906,8451,18693,8986,9707,16356,7786,8570,9345,4526,4819,2337,1132,1205,
58430,9348,4500,4848,16358,7907,8451,18694,8986,9708,16357,7786,8571,9347,4526,4821,2337,1132,1205,
58435,9349,4501,4848,16360,7907,8453,18697,8987,9710,16359,7787,8572,9348,4527,4821,2337,1132,1205,
58440,9350,4502,4848,16361,7907,8454,18698,8987,9711,16361,7788,8573,9348,4527,4821,2337,1132,1205,
58445,9351,4502,4849,16363,7909,8454,18701,8990,9711,16362,7789,8573,9349,4527,4822,2337,1132,1205,
58450,9351,4502,4849,16364,7910,8454,18701,8990,9711,16363,7789,8574,9349,4527,4822,2338,1133,1205,
58455,9352,4503,4849,16365,7911,8454,18702,8990,9712,16364,7790,8574,9351,4528,4823,2338,1133,1205,
58460,9353,4504,4849,16367,7912,8455,18705,8992,9713,16366,7791,8575,9352,4529,4823,2338,1133,1205,
58465,9354,4505,4849,16368,7912,8456,18706,8993,9713,16368,7793,8575,9352,4529,4823,2338,1133,1205,
58470,9355,4505,4850,16370,7912,8458,18709,8993,9716,16369,7794,8575,9353,4530,4823,2338,1133,1205,
58475,9355,4505,4850,16371,7912,8459,18709,8993,9716,16370,7795,8575,9353,4530,4823,2339,1134,1205,
58480,9356,4505,4851,16372,7913,8459,18710,8994,9716,16371,7795,8576,9355,4531,4824,2339,1134,1205,
58485,9357,4505,4852,16374,7914,8460,18713,8995,9718,16373,7796,8577,9356,4532,4824,2339,1134,1205,
58490,9358,4506,4852,16375,7915,8460,18714,8995,9719,16375,7797,8578,9356,4532,4824,2339,1134,1205,
58495,9359,4507,4852,16377,7917,8460,18717,8997,9720,16376,7798,8578,9357,4533,4824,2339,1134,1205,
58500,9359,4507,4852,16378,7917,8461,18717,8997,9720,16377,7799,8578,9357,4533,4824,2340,1134,1206,
58505,9360,4508,4852,16379,7917,8462,18718,8998,9720,16378,7799,8579,9359,4535,4824,2340,1134,1206,
58510,9361,4509,4852,16381,7918,8463,18721,8999,9722,16380,7800,8580,9360,4535,4825,2340,1134,1206,
58515,9362,4510,4852,16382,7918,8464,18722,8999,9723,16382,7801,8581,9360,4535,4825,2340,1134,1206,
58520,9363,4511,4852,16384,7919,8465,18725,9001,9724,16383,7801,8582,9361,4536,4825,2340,1134,1206,
58525,9363,4511,4852,16385,7919,8466,18725,9001,9724,16384,7801,8583,9361,4536,4825,2341,1135,1206,
58530,9364,4511,4853,16386,7919,8467,18726,9001,9725,16385,7802,8583,9363,4538,4825,2341,1135,1206,
58535,9365,4511,4854,16388,7920,8468,18729,9002,9727,16387,7803,8584,9364,4539,4825,2341,1135,1206,
58540,9366,4512,4854,16389,7920,8469,18730,9002,9728,16389,7803,8586,9364,4539,4825,2341,1135,1206,
58545,9367,4512,4855,16391,7920,8471,18733,9004,9729,16390,7803,8587,9365,4540,4825,2341,1135,1206,
58550,9367,4512,4855,16392,7920,8472,18733,9004,9729,16391,7803,8588,9365,4540,4825,2342,1136,1206,
58555,9368,4512,4856,16393,7920,8473,18734,9004,9730,16392,7804,8588,9367,4541,4826,2342,1136,1206,
58560,9369,4513,4856,16395,7922,8473,18737,9005,9732,16394,7805,8589,9368,4541,4827,2342,1136,1206,
58565,9370,4513,4857,16396,7923,8473,18738,9006,9732,16396,7806,8590,9368,4541,4827,2342,1136,1206,
58570,9371,4514,4857,16398,7923,8475,18741,9006,9735,16397,7807,8590,9369,4541,4828,2342,1136,1206,
58575,9371,4514,4857,16399,7924,8475,18741,9006,9735,16398,7807,8591,9369,4541,4828,2343,1136,1207,
58580,9372,4514,4858,16400,7924,8476,18742,9007,9735,16399,7807,8592,9371,4541,4830,2343,1136,1207,
58585,9373,4515,4858,16402,7926,8476,18745,9008,9737,16401,7807,8594,9372,4541,4831,2343,1136,1207,
58590,9374,4516,4858,16403,7927,8476,18746,9009,9737,16403,7809,8594,9372,4541,4831,2343,1136,1207,
58595,9375,4517,4858,16405,7929,8476,18749,9010,9739,16404,7809,8595,9373,4541,4832,2343,1136,1207,
58600,9375,4517,4858,16406,7930,8476,18749,9010,9739,16405,7810,8595,9373,4541,4832,2344,1136,1208,
58605,9376,4517,4859,16407,7931,8476,18750,9011,9739,16406,7810,8596,9375,4541,4834,2344,1136,1208,
58610,9377,4517,4860,16409,7933,8476,18753,9012,9741,16408,7812,8596,9376,4542,4834,2344,1136,1208,
58615,9378,4518,4860,16410,7933,8477,18754,9012,9742,16410,7813,8597,9376,4542,4834,2344,1136,1208,
58620,9379,4519,4860,16412,7933,8479,18757,9012,9745,16411,7813,8598,9377,4542,4835,2344,1136,1208,
58625,9379,4519,4860,16413,7934,8479,18757,9012,9745,16412,7814,8598,9377,4542,4835,2345,1136,1209,
58630,9380,4520,4860,16414,7935,8479,18758,9012,9746,16413,7815,8598,9379,4544,4835,2345,1136,1209,
58635,9381,4520,4861,16416,7936,8480,18761,9015,9746,16415,7816,8599,9380,4545,4835,2345,1136,1209,
58640,9382,4521,4861,16417,7936,8481,18762,9015,9747,16417,7818,8599,9380,4545,4835,2345,1136,1209,
58645,9383,4521,4862,16419,7938,8481,18765,9018,9747,16418,7818,8600,9381,4545,4836,2345,1136,1209,
58650,9383,4521,4862,16420,7938,8482,18765,9018,9747,16419,7819,8600,9381,4545,4836,2346,1136,1210,
58655,9384,4522,4862,16421,7939,8482,18766,9019,9747,16420,7820,8600,9383,4546,4837,2346,1136,1210,
58660,9385,4523,4862,16423,7940,8483,18769,9020,9749,16422,7821,8601,9384,4546,4838,2346,1136,1210,
58665,9386,4524,4862,16424,7941,8483,18770,9021,9749,16424,7823,8601,9384,4546,4838,2346,1136,1210,
58670,9387,4525,4862,16426,7941,8485,18773,9023,9750,16425,7824,8601,9385,4547,4838,2346,1136,1210,
58675,9387,4525,4862,16427,7942,8485,18773,9023,9750,16426,7824,8602,9385,4547,4838,2347,1137,1210,
58680,9388,4525,4863,16428,7942,8486,18774,9024,9750,16427,7825,8602,9387,4548,4839,2347,1137,1210,
58685,9389,4526,4863,16430,7943,8487,18777,9025,9752,16429,7826,8603,9388,4548,4840,2347,1137,1210,
58690,9390,4527,4863,16431,7943,8488,18778,9026,9752,16431,7827,8604,9388,4548,4840,2347,1137,1210,
58695,9391,4527,4864,16433,7945,8488,18781,9027,9754,16432,7827,8605,9389,4549,4840,2347,1137,1210,
58700,9391,4527,4864,16434,7945,8489,18781,9027,9754,16433,7828,8605,9389,4549,4840,2348,1138,1210,
58705,9392,4528,4864,16435,7946,8489,18782,9028,9754,16434,7829,8605,9391,4551,4840,2348,1138,1210,
58710,9393,4528,4865,16437,7946,8491,18785,9031,9754,16436,7831,8605,9392,4552,4840,2348,1138,1210,
58715,9394,4528,4866,16438,7947,8491,18786,9031,9755,16438,7833,8605,9392,4552,4840,2348,1138,1210,
58720,9395,4528,4867,16440,7948,8492,18789,9033,9756,16439,7834,8605,9393,4553,4840,2348,1138,1210,
58725,9395,4528,4867,16441,7949,8492,18789,9033,9756,16440,7835,8605,9393,4553,4840,2349,1138,1211,
58730,9396,4528,4868,16442,7949,8493,18790,9033,9757,16441,7835,8606,9395,4554,4841,2349,1138,1211,
58735,9397,4529,4868,16444,7950,8494,18793,9034,9759,16443,7836,8607,9396,4554,4842,2349,1138,1211,
58740,9398,4530,4868,16445,7950,8495,18794,9035,9759,16445,7837,8608,9396,4554,4842,2349,1138,1211,
58745,9399,4530,4869,16447,7952,8495,18797,9036,9761,16446,7837,8609,9397,4555,4842,2349,1138,1211,
58750,9399,4530,4869,16448,7953,8495,18797,9036,9761,16447,7838,8609,9397,4555,4842,2350,1138,1212,
58755,9400,4530,4870,16449,7953,8496,18798,9036,9762,16448,7839,8609,9399,4557,4842,2350,1138,1212,
58760,9401,4530,4871,16451,7953,8498,18801,9038,9763,16450,7841,8609,9400,4557,4843,2350,1138,1212,
58765,9402,4530,4872,16452,7954,8498,18802,9039,9763,16452,7843,8609,9400,4557,4843,2350,1138,1212,
58770,9403,4530,4873,16454,7954,8500,18805,9040,9765,16453,7843,8610,9401,4558,4843,2350,1138,1212,
58775,9403,4530,4873,16455,7954,8501,18805,9040,9765,16454,7844,8610,9401,4558,4843,2351,1138,1213,
58780,9404,4531,4873,16456,7955,8501,18806,9041,9765,16455,7845,8610,9403,4559,4844,2351,1138,1213,
58785,9405,4531,4874,16458,7955,8503,18809,9042,9767,16457,7845,8612,9404,4559,4845,2351,1138,1213,
58790,9406,4532,4874,16459,7955,8504,18810,9042,9768,16459,7846,8613,9404,4559,4845,2351,1138,1213,
58795,9407,4533,4874,16461,7956,8505,18813,9044,9769,16460,7846,8614,9405,4560,4845,2351,1138,1213,
58800,9407,4533,4874,16462,7957,8505,18813,9044,9769,16461,7846,8615,9405,4560,4845,2352,1138,1214,
58805,9408,4533,4875,16463,7958,8505,18814,9045,9769,16462,7846,8616,9407,4562,4845,2352,1138,1214,
58810,9409,4533,4876,16465,7960,8505,18817,9046,9771,16464,7847,8617,9408,4563,4845,2352,1138,1214,
58815,9410,4534,4876,16466,7960,8506,18818,9047,9771,16466,7849,8617,9408,4563,4845,2352,1138,1214,
58820,9411,4535,4876,16468,7961,8507,18821,9048,9773,16467,7850,8617,9409,4564,4845,2352,1138,1214,
58825,9411,4535,4876,16469,7961,8508,18821,9048,9773,16468,7851,8617,9409,4564,4845,2353,1139,1214,
58830,9412,4535,4877,16470,7962,8508,18822,9048,9774,16469,7851,8618,9411,4565,4846,2353,1139,1214,
58835,9413,4535,4878,16472,7963,8509,18825,9050,9775,16471,7851,8620,9412,4565,4847,2353,1139,1214,
58840,9414,4535,4879,16473,7963,8510,18826,9050,9776,16473,7851,8622,9412,4565,4847,2353,1139,1214,
58845,9415,4535,4880,16475,7964,8511,18829,9052,9777,16474,7852,8622,9413,4565,4848,2353,1139,1214,
58850,9415,4535,4880,16476,7964,8512,18829,9052,9777,16475,7853,8622,9413,4565,4848,2354,1140,1214,
58855,9416,4535,4881,16477,7964,8513,18830,9052,9778,16476,7853,8623,9415,4566,4849,2354,1140,1214,
58860,9417,4535,4882,16479,7965,8514,18833,9054,9779,16478,7853,8625,9416,4567,4849,2354,1140,1214,
58865,9418,4536,4882,16480,7966,8514,18834,9054,9780,16480,7855,8625,9416,4567,4849,2354,1140,1214,
58870,9419,4536,4883,16482,7966,8516,18837,9057,9780,16481,7855,8626,9417,4568,4849,2354,1140,1214,
58875,9419,4536,4883,16483,7967,8516,18837,9057,9780,16482,7855,8627,9417,4568,4849,2355,1140,1215,
58880,9420,4537,4883,16484,7968,8516,18838,9058,9780,16483,7855,8628,9419,4568,4851,2355,1140,1215,
58885,9421,4538,4883,16486,7968,8518,18841,9059,9782,16485,7856,8629,9420,4568,4852,2355,1140,1215,
58890,9422,4538,4884,16487,7968,8519,18842,9060,9782,16487,7856,8631,9420,4568,4852,2355,1140,1215,
58895,9423,4538,4885,16489,7969,8520,18845,9063,9782,16488,7856,8632,9421,4569,4852,2355,1140,1215,
58900,9423,4538,4885,16490,7970,8520,18845,9063,9782,16489,7856,8633,9421,4569,4852,2356,1140,1216,
58905,9424,4538,4886,16491,7970,8521,18846,9063,9783,16490,7856,8634,9423,4569,4854,2356,1140,1216,
58910,9425,4539,4886,16493,7972,8521,18849,9065,9784,16492,7858,8634,9424,4569,4855,2356,1140,1216,
58915,9426,4539,4887,16494,7973,8521,18850,9066,9784,16494,7858,8636,9424,4569,4855,2356,1140,1216,
58920,9427,4540,4887,16496,7974,8522,18853,9069,9784,16495,7859,8636,9425,4570,4855,2356,1140,1216,
58925,9427,4540,4887,16497,7975,8522,18853,9069,9784,16496,7859,8637,9425,4570,4855,2357,1141,1216,
58930,9428,4540,4888,16498,7975,8523,18854,9070,9784,16497,7860,8637,9427,4572,4855,2357,1141,1216,
58935,9429,4540,4889,16500,7976,8524,18857,9071,9786,16499,7860,8639,9428,4573,4855,2357,1141,1216,
58940,9430,4540,4890,16501,7977,8524,18858,9072,9786,16501,7861,8640,9428,4573,4855,2357,1141,1216,
58945,9431,4540,4891,16503,7977,8526,18861,9072,9789,16502,7862,8640,9429,4573,4856,2357,1141,1216,
58950,9431,4540,4891,16504,7977,8527,18861,9072,9789,16503,7862,8641,9429,4573,4856,2358,1141,1217,
58955,9432,4540,4892,16505,7978,8527,18862,9073,9789,16504,7862,8642,9431,4574,4857,2358,1141,1217,
58960,9433,4541,4892,16507,7978,8529,18865,9075,9790,16506,7863,8643,9432,4575,4857,2358,1141,1217,
58965,9434,4541,4893,16508,7979,8529,18866,9075,9791,16508,7864,8644,9432,4575,4857,2358,1141,1217,
58970,9435,4542,4893,16510,7979,8531,18869,9076,9793,16509,7865,8644,9433,4576,4857,2358,1141,1217,
58975,9435,4542,4893,16511,7979,8532,18869,9076,9793,16510,7865,8645,9433,4576,4857,2359,1142,1217,
58980,9436,4543,4893,16512,7979,8533,18870,9077,9793,16511,7866,8645,9435,4577,4858,2359,1142,1217,
58985,9437,4543,4894,16514,7979,8535,18873,9078,9795,16513,7867,8646,9436,4578,4858,2359,1142,1217,
58990,9438,4544,4894,16515,7980,8535,18874,9079,9795,16515,7867,8648,9436,4578,4858,2359,1142,1217,
58995,9439,4545,4894,16517,7981,8536,18877,9080,9797,16516,7868,8648,9437,4578,4859,2359,1142,1217,
59000,9439,4545,4894,16518,7981,8537,18877,9080,9797,16517,7868,8649,9437,4578,4859,2360,1143,1217,
59005,9440,4545,4895,16519,7981,8538,18878,9081,9797,16518,7869,8649,9439,4579,4860,2360,1143,1217,
59010,9441,4545,4896,16521,7983,8538,18881,9083,9798,16520,7870,8650,9440,4579,4861,2360,1143,1217,
59015,9442,4545,4897,16522,7984,8538,18882,9084,9798,16522,7872,8650,9440,4579,4861,2360,1143,1217,
59020,9443,4545,4898,16524,7986,8538,18885,9086,9799,16523,7872,8651,9441,4579,4862,2360,1143,1217,
59025,9443,4545,4898,16525,7987,8538,18885,9086,9799,16524,7872,8652,9441,4579,4862,2361,1144,1217,
59030,9444,4546,4898,16526,7988,8538,18886,9086,9800,16525,7872,8653,9443,4579,4864,2361,1144,1217,
59035,9445,4546,4899,16528,7989,8539,18889,9087,9802,16527,7873,8654,9444,4579,4865,2361,1144,1217,
59040,9446,4546,4900,16529,7990,8539,18890,9088,9802,16529,7874,8655,9444,4579,4865,2361,1144,1217,
59045,9447,4546,4901,16531,7990,8541,18893,9091,9802,16530,7875,8655,9445,4580,4865,2361,1144,1217,
59050,9447,4546,4901,16532,7990,8542,18893,9091,9802,16531,7876,8655,9445,4580,4865,2362,1144,1218,
59055,9448,4546,4902,16533,7991,8542,18894,9091,9803,16532,7876,8656,9447,4580,4867,2362,1144,1218,
59060,9449,4547,4902,16535,7992,8543,18897,9093,9804,16534,7877,8657,9448,4580,4868,2362,1144,1218,
59065,9450,4547,4903,16536,7993,8543,18898,9094,9804,16536,7877,8659,9448,4580,4868,2362,1144,1218,
59070,9451,4547,4904,16538,7994,8544,18901,9096,9805,16537,7877,8660,9449,4581,4868,2362,1144,1218,
59075,9451,4547,4904,16539,7994,8545,18901,9096,9805,16538,7878,8660,9449,4581,4868,2363,1144,1219,
59080,9452,4547,4905,16540,7995,8545,18902,9097,9805,16539,7879,8660,9451,4582,4869,2363,1144,1219,
59085,9453,4547,4906,16542,7996,8546,18905,9099,9806,16541,7880,8661,9452,4582,4870,2363,1144,1219,
59090,9454,4547,4907,16543,7996,8547,18906,9099,9807,16543,7881,8662,9452,4582,4870,2363,1144,1219,
59095,9455,4547,4908,16545,7998,8547,18909,9101,9808,16544,7882,8662,9453,4582,4871,2363,1144,1219,
59100,9455,4547,4908,16546,7999,8547,18909,9101,9808,16545,7882,8663,9453,4582,4871,2364,1144,1220,
59105,9456,4548,4908,16547,8000,8547,18910,9101,9809,16546,7883,8663,9455,4584,4871,2364,1144,1220,
59110,9457,4549,4908,16549,8002,8547,18913,9102,9811,16548,7883,8665,9456,4584,4872,2364,1144,1220,
59115,9458,4550,4908,16550,8002,8548,18914,9102,9812,16550,7883,8667,9456,4584,4872,2364,1144,1220,
59120,9459,4550,4909,16552,8003,8549,18917,9104,9813,16551,7883,8668,9457,4584,4873,2364,1144,1220,
59125,9459,4550,4909,16553,8003,8550,18917,9104,9813,16552,7883,8669,9457,4584,4873,2365,1145,1220,
59130,9460,4550,4910,16554,8004,8550,18918,9105,9813,16553,7883,8670,9459,4585,4874,2365,1145,1220,
59135,9461,4551,4910,16556,8005,8551,18921,9107,9814,16555,7884,8671,9460,4586,4874,2365,1145,1220,
59140,9462,4551,4911,16557,8006,8551,18922,9107,9815,16557,7885,8672,9460,4586,4874,2365,1145,1220,
59145,9463,4551,4912,16559,8007,8552,18925,9108,9817,16558,7885,8673,9461,4587,4874,2365,1145,1220,
59150,9463,4551,4912,16560,8007,8553,18925,9108,9817,16559,7886,8673,9461,4587,4874,2366,1146,1220,
59155,9464,4551,4913,16561,8008,8553,18926,9108,9818,16560,7887,8673,9463,4588,4875,2366,1146,1220,
59160,9465,4552,4913,16563,8008,8555,18929,9110,9819,16562,7889,8673,9464,4588,4876,2366,1146,1220,
59165,9466,4552,4914,16564,8009,8555,18930,9111,9819,16564,7889,8675,9464,4588,4876,2366,1146,1220,
59170,9467,4553,4914,16566,8011,8555,18933,9112,9821,16565,7890,8675,9465,4589,4876,2366,1146,1220,
59175,9467,4553,4914,16567,8012,8555,18933,9112,9821,16566,7890,8676,9465,4589,4876,2367,1146,1221,
59180,9468,4553,4915,16568,8013,8555,18934,9112,9822,16567,7891,8676,9467,4590,4877,2367,1146,1221,
59185,9469,4554,4915,16570,8013,8557,18937,9113,9824,16569,7892,8677,9468,4590,4878,2367,1146,1221,
59190,9470,4554,4916,16571,8013,8558,18938,9114,9824,16571,7894,8677,9468,4590,4878,2367,1146,1221,
59195,9471,4555,4916,16573,8015,8558,18941,9116,9825,16572,7894,8678,9469,4590,4879,2367,1146,1221,
59200,9471,4555,4916,16574,8015,8559,18941,9116,9825,16573,7895,8678,9469,4590,4879,2368,1146,1222,
59205,9472,4555,4917,16575,8016,8559,18942,9116,9826,16574,7896,8678,9471,4591,4880,2368,1146,1222,
59210,9473,4555,4918,16577,8016,8561,18945,9118,9827,16576,7896,8680,9472,4592,4880,2368,1146,1222,
59215,9474,4555,4919,16578,8017,8561,18946,9118,9828,16578,7896,8682,9472,4592,4880,2368,1146,1222,
59220,9475,4555,4920,16580,8017,8563,18949,9121,9828,16579,7896,8683,9473,4593,4880,2368,1146,1222,
59225,9475,4555,4920,16581,8017,8564,18949,9121,9828,16580,7896,8684,9473,4593,4880,2369,1147,1222,
59230,9476,4555,4921,16582,8017,8565,18950,9121,9829,16581,7896,8685,9475,4594,4881,2369,1147,1222,
59235,9477,4556,4921,16584,8019,8565,18953,9122,9831,16583,7898,8685,9476,4595,4881,2369,1147,1222,
59240,9478,4556,4922,16585,8020,8565,18954,9123,9831,16585,7899,8686,9476,4595,4881,2369,1147,1222,
59245,9479,4556,4923,16587,8020,8567,18957,9125,9832,16586,7899,8687,9477,4596,4881,2369,1147,1222,
59250,9479,4556,4923,16588,8020,8568,18957,9125,9832,16587,7899,8688,9477,4596,4881,2370,1148,1222,
59255,9480,4556,4924,16589,8021,8568,18958,9126,9832,16588,7899,8689,9479,4597,4882,2370,1148,1222,
59260,9481,4556,4925,16591,8022,8569,18961,9129,9832,16590,7900,8690,9480,4597,4883,2370,1148,1222,
59265,9482,4557,4925,16592,8023,8569,18962,9129,9833,16592,7900,8692,9480,4597,4883,2370,1148,1222,
59270,9483,4557,4926,16594,8024,8570,18965,9132,9833,16593,7901,8692,9481,4597,4884,2370,1148,1222,
59275,9483,4557,4926,16595,8025,8570,18965,9132,9833,16594,7902,8692,9481,4597,4884,2371,1149,1222,
59280,9484,4558,4926,16596,8025,8571,18966,9132,9834,16595,7903,8692,9483,4598,4885,2371,1149,1222,
59285,9485,4559,4926,16598,8026,8572,18969,9134,9835,16597,7903,8694,9484,4599,4885,2371,1149,1222,
59290,9486,4560,4926,16599,8026,8573,18970,9135,9835,16599,7904,8695,9484,4599,4885,2371,1149,1222,
59295,9487,4560,4927,16601,8027,8574,18973,9136,9837,16600,7905,8695,9485,4599,4886,2371,1149,1222,
59300,9487,4560,4927,16602,8027,8575,18973,9136,9837,16601,7906,8695,9485,4599,4886,2372,1150,1222,
59305,9488,4561,4927,16603,8027,8576,18974,9136,9838,16602,7907,8695,9487,4600,4887,2372,1150,1222,
59310,9489,4561,4928,16605,8029,8576,18977,9137,9840,16604,7907,8697,9488,4601,4887,2372,1150,1222,
59315,9490,4561,4929,16606,8030,8576,18978,9138,9840,16606,7909,8697,9488,4601,4887,2372,1150,1222,
59320,9491,4562,4929,16608,8032,8576,18981,9140,9841,16607,7910,8697,9489,4602,4887,2372,1150,1222,
59325,9491,4562,4929,16609,8033,8576,18981,9140,9841,16608,7911,8697,9489,4602,4887,2373,1151,1222,
59330,9492,4562,4930,16610,8033,8577,18982,9141,9841,16609,7912,8697,9491,4602,4889,2373,1151,1222,
59335,9493,4563,4930,16612,8034,8578,18985,9142,9843,16611,7913,8698,9492,4602,4890,2373,1151,1222,
59340,9494,4563,4931,16613,8034,8579,18986,9143,9843,16613,7914,8699,9492,4602,4890,2373,1151,1222,
59345,9495,4563,4932,16615,8036,8579,18989,9144,9845,16614,7915,8699,9493,4603,4890,2373,1151,1222,
59350,9495,4563,4932,16616,8037,8579,18989,9144,9845,16615,7916,8699,9493,4603,4890,2374,1151,1223,
59355,9496,4564,4932,16617,8037,8580,18990,9145,9845,16616,7916,8700,9495,4603,4892,2374,1151,1223,
59360,9497,4564,4933,16619,8038,8581,18993,9147,9846,16618,7917,8701,9496,4604,4892,2374,1151,1223,
59365,9498,4564,4934,16620,8039,8581,18994,9148,9846,16620,7918,8702,9496,4604,4892,2374,1151,1223,
59370,9499,4565,4934,16622,8040,8582,18997,9148,9849,16621,7919,8702,9497,4605,4892,2374,1151,1223,
59375,9499,4565,4934,16623,8040,8583,18997,9148,9849,16622,7920,8702,9497,4605,4892,2375,1152,1223,
59380,9500,4566,4934,16624,8040,8584,18998,9149,9849,16623,7921,8702,9499,4606,4893,2375,1152,1223,
59385,9501,4567,4934,16626,8041,8585,19001,9150,9851,16625,7922,8703,9500,4606,4894,2375,1152,1223,
59390,9502,4567,4935,16627,8041,8586,19002,9151,9851,16627,7924,8703,9500,4606,4894,2375,1152,1223,
59395,9503,4567,4936,16629,8043,8586,19005,9153,9852,16628,7925,8703,9501,4606,4895,2375,1152,1223,
59400,9503,4567,4936,16630,8044,8586,19005,9153,9852,16629,7926,8703,9501,4606,4895,2376,1152,1224,
59405,9504,4567,4937,16631,8044,8587,19006,9153,9853,16630,7926,8704,9503,4608,4895,2376,1152,1224,
59410,9505,4567,4938,16633,8046,8587,19009,9155,9854,16632,7927,8705,9504,4609,4895,2376,1152,1224,
59415,9506,4567,4939,16634,8047,8587,19010,9155,9855,16634,7929,8705,9504,4609,4895,2376,1152,1224,
59420,9507,4568,4939,16636,8048,8588,19013,9155,9858,16635,7930,8705,9505,4610,4895,2376,1152,1224,
59425,9507,4568,4939,16637,8048,8589,19013,9155,9858,16636,7931,8705,9505,4610,4895,2377,1153,1224,
59430,9508,4568,4940,16638,8049,8589,19014,9156,9858,16637,7932,8705,9507,4611,4896,2377,1153,1224,
59435,9509,4569,4940,16640,8049,8591,19017,9156,9861,16639,7933,8706,9508,4611,4897,2377,1153,1224,
59440,9510,4569,4941,16641,8049,8592,19018,9156,9862,16641,7934,8707,9508,4611,4897,2377,1153,1224,
59445,9511,4570,4941,16643,8049,8594,19021,9158,9863,16642,7934,8708,9509,4611,4898,2377,1153,1224,
59450,9511,4570,4941,16644,8049,8595,19021,9158,9863,16643,7935,8708,9509,4611,4898,2378,1153,1225,
59455,9512,4570,4942,16645,8049,8596,19022,9158,9864,16644,7936,8708,9511,4612,4899,2378,1153,1225,
59460,9513,4570,4943,16647,8050,8597,19025,9159,9866,16646,7937,8709,9512,4613,4899,2378,1153,1225,
59465,9514,4570,4944,16648,8050,8598,19026,9160,9866,16648,7937,8711,9512,4613,4899,2378,1153,1225,
59470,9515,4571,4944,16650,8052,8598,19029,9161,9868,16649,7937,8712,9513,4613,4900,2378,1153,1225,
59475,9515,4571,4944,16651,8052,8599,19029,9161,9868,16650,7938,8712,9513,4613,4900,2379,1154,1225,
59480,9516,4571,4945,16652,8053,8599,19030,9161,9869,16651,7939,8712,9515,4614,4901,2379,1154,1225,
59485,9517,4571,4946,16654,8055,8599,19033,9162,9871,16653,7940,8713,9516,4614,4902,2379,1154,1225,
59490,9518,4572,4946,16655,8056,8599,19034,9162,9872,16655,7941,8714,9516,4614,4902,2379,1154,1225,
59495,9519,4572,4947,16657,8056,8601,19037,9162,9875,16656,7942,8714,9517,4615,4902,2379,1154,1225,
59500,9519,4572,4947,16658,8056,8602,19037,9162,9875,16657,7942,8715,9517,4615,4902,2380,1155,1225,
59505,9520,4573,4947,16659,8056,8603,19038,9162,9876,16658,7942,8716,9519,4615,4904,2380,1155,1225,
59510,9521,4573,4948,16661,8058,8603,19041,9163,9878,16660,7943,8717,9520,4615,4905,2380,1155,1225,
59515,9522,4573,4949,16662,8059,8603,19042,9164,9878,16662,7944,8718,9520,4615,4905,2380,1155,1225,
59520,9523,4574,4949,16664,8060,8604,19045,9166,9879,16663,7944,8719,9521,4615,4906,2380,1155,1225,
59525,9523,4574,4949,16665,8061,8604,19045,9166,9879,16664,7944,8720,9521,4615,4906,2381,1156,1225,
59530,9524,4574,4950,16666,8062,8604,19046,9167,9879,16665,7945,8720,9523,4616,4907,2381,1156,1225,
59535,9525,4575,4950,16668,8064,8604,19049,9169,9880,16667,7946,8721,9524,4616,4908,2381,1156,1225,
59540,9526,4575,4951,16669,8064,8605,19050,9170,9880,16669,7946,8723,9524,4616,4908,2381,1156,1225,
59545,9527,4576,4951,16671,8065,8606,19053,9171,9882,16670,7947,8723,9525,4616,4909,2381,1156,1225,
59550,9527,4576,4951,16672,8066,8606,19053,9171,9882,16671,7948,8723,9525,4616,4909,2382,1157,1225,
59555,9528,4577,4951,16673,8067,8606,19054,9171,9883,16672,7948,8724,9527,4617,4910,2382,1157,1225,
59560,9529,4577,4952,16675,8069,8606,19057,9172,9885,16674,7949,8725,9528,4617,4911,2382,1157,1225,
59565,9530,4577,4953,16676,8070,8606,19058,9173,9885,16676,7949,8727,9528,4617,4911,2382,1157,1225,
59570,9531,4577,4954,16678,8071,8607,19061,9175,9886,16677,7949,8728,9529,4617,4912,2382,1157,1225,
59575,9531,4577,4954,16679,8071,8608,19061,9175,9886,16678,7949,8729,9529,4617,4912,2383,1157,1226,
59580,9532,4577,4955,16680,8072,8608,19062,9175,9887,16679,7950,8729,9531,4617,4914,2383,1157,1226,
59585,9533,4577,4956,16682,8074,8608,19065,9176,9889,16681,7950,8731,9532,4617,4915,2383,1157,1226,
59590,9534,4578,4956,16683,8075,8608,19066,9177,9889,16683,7952,8731,9532,4617,4915,2383,1157,1226,
59595,9535,4579,4956,16685,8076,8609,19069,9178,9891,16684,7953,8731,9533,4618,4915,2383,1157,1226,
59600,9535,4579,4956,16686,8077,8609,19069,9178,9891,16685,7953,8732,9533,4618,4915,2384,1157,1227,
59605,9536,4580,4956,16687,8077,8610,19070,9179,9891,16686,7953,8733,9535,4619,4916,2384,1157,1227,
59610,9537,4580,4957,16689,8079,8610,19073,9180,9893,16688,7954,8734,9536,4619,4917,2384,1157,1227,
59615,9538,4581,4957,16690,8079,8611,19074,9181,9893,16690,7954,8736,9536,4619,4917,2384,1157,1227,
59620,9539,4581,4958,16692,8081,8611,19077,9182,9895,16691,7954,8737,9537,4620,4917,2384,1157,1227,
59625,9539,4581,4958,16693,8081,8612,19077,9182,9895,16692,7955,8737,9537,4620,4917,2385,1158,1227,
59630,9540,4582,4958,16694,8081,8613,19078,9182,9896,16693,7955,8738,9539,4621,4918,2385,1158,1227,
59635,9541,4582,4959,16696,8081,8615,19081,9185,9896,16695,7957,8738,9540,4621,4919,2385,1158,1227,
59640,9542,4583,4959,16697,8081,8616,19082,9185,9897,16697,7958,8739,9540,4621,4919,2385,1158,1227,
59645,9543,4583,4960,16699,8083,8616,19085,9185,9900,16698,7958,8740,9541,4622,4919,2385,1158,1227,
59650,9543,4583,4960,16700,8084,8616,19085,9185,9900,16699,7958,8741,9541,4622,4919,2386,1158,1228,
59655,9544,4584,4960,16701,8085,8616,19086,9185,9901,16700,7958,8742,9543,4623,4920,2386,1158,1228,
59660,9545,4585,4960,16703,8086,8617,19089,9186,9903,16702,7958,8744,9544,4623,4921,2386,1158,1228,
59665,9546,4585,4961,16704,8086,8618,19090,9186,9904,16704,7960,8744,9544,4623,4921,2386,1158,1228,
59670,9547,4585,4962,16706,8086,8620,19093,9189,9904,16705,7960,8745,9545,4623,4922,2386,1158,1228,
59675,9547,4585,4962,16707,8087,8620,19093,9189,9904,16706,7960,8746,9545,4623,4922,2387,1159,1228,
59680,9548,4585,4963,16708,8087,8621,19094,9190,9904,16707,7961,8746,9547,4624,4923,2387,1159,1228,
59685,9549,4586,4963,16710,8089,8621,19097,9192,9905,16709,7962,8747,9548,4625,4923,2387,1159,1228,
59690,9550,4587,4963,16711,8089,8622,19098,9192,9906,16711,7963,8748,9548,4625,4923,2387,1159,1228,
59695,9551,4587,4964,16713,8089,8624,19101,9193,9908,16712,7964,8748,9549,4625,4924,2387,1159,1228,
59700,9551,4587,4964,16714,8090,8624,19101,9193,9908,16713,7964,8749,9549,4625,4924,2388,1160,1228,
59705,9552,4588,4964,16715,8090,8625,19102,9194,9908,16714,7964,8750,9551,4625,4926,2388,1160,1228,
59710,9553,4588,4965,16717,8091,8626,19105,9196,9909,16716,7966,8750,9552,4626,4926,2388,1160,1228,
59715,9554,4589,4965,16718,8092,8626,19106,9197,9909,16718,7967,8751,9552,4626,4926,2388,1160,1228,
59720,9555,4590,4965,16720,8093,8627,19109,9200,9909,16719,7967,8752,9553,4626,4927,2388,1160,1228,
59725,9555,4590,4965,16721,8094,8627,19109,9200,9909,16720,7967,8753,9553,4626,4927,2389,1160,1229,
59730,9556,4590,4966,16722,8094,8628,19110,9200,9910,16721,7967,8754,9555,4627,4928,2389,1160,1229,
59735,9557,4591,4966,16724,8094,8630,19113,9201,9912,16723,7968,8755,9556,4628,4928,2389,1160,1229,
59740,9558,4592,4966,16725,8095,8630,19114,9202,9912,16725,7970,8755,9556,4628,4928,2389,1160,1229,
59745,9559,4592,4967,16727,8096,8631,19117,9204,9913,16726,7970,8756,9557,4629,4928,2389,1160,1229,
59750,9559,4592,4967,16728,8097,8631,19117,9204,9913,16727,7971,8756,9557,4629,4928,2390,1160,1230,
59755,9560,4593,4967,16729,8098,8631,19118,9205,9913,16728,7971,8757,9559,4630,4929,2390,1160,1230,
59760,9561,4593,4968,16731,8098,8633,19121,9207,9914,16730,7972,8758,9560,4630,4930,2390,1160,1230,
59765,9562,4593,4969,16732,8098,8634,19122,9208,9914,16732,7974,8758,9560,4630,4930,2390,1160,1230,
59770,9563,4594,4969,16734,8098,8636,19125,9209,9916,16733,7974,8759,9561,4630,4931,2390,1160,1230,
59775,9563,4594,4969,16735,8098,8637,19125,9209,9916,16734,7975,8759,9561,4630,4931,2391,1160,1231,
59780,9564,4594,4970,16736,8098,8638,19126,9209,9917,16735,7976,8759,9563,4631,4932,2391,1160,1231,
59785,9565,4595,4970,16738,8099,8639,19129,9210,9919,16737,7977,8760,9564,4631,4933,2391,1160,1231,
59790,9566,4596,4970,16739,8100,8639,19130,9211,9919,16739,7977,8762,9564,4631,4933,2391,1160,1231,
59795,9567,4596,4971,16741,8100,8641,19133,9213,9920,16740,7977,8763,9565,4631,4934,2391,1160,1231,
59800,9567,4596,4971,16742,8101,8641,19133,9213,9920,16741,7977,8764,9565,4631,4934,2392,1160,1232,
59805,9568,4596,4972,16743,8101,8642,19134,9213,9921,16742,7978,8764,9567,4631,4936,2392,1160,1232,
59810,9569,4597,4972,16745,8103,8642,19137,9215,9922,16744,7979,8765,9568,4631,4937,2392,1160,1232,
59815,9570,4597,4973,16746,8104,8642,19138,9215,9923,16746,7980,8766,9568,4631,4937,2392,1160,1232,
59820,9571,4597,4974,16748,8105,8643,19141,9218,9923,16747,7981,8766,9569,4632,4937,2392,1160,1232,
59825,9571,4597,4974,16749,8105,8644,19141,9218,9923,16748,7982,8766,9569,4632,4937,2393,1160,1233,
59830,9572,4597,4975,16750,8106,8644,19142,9219,9923,16749,7983,8766,9571,4633,4938,2393,1160,1233,
59835,9573,4597,4976,16752,8107,8645,19145,9221,9924,16751,7984,8767,9572,4633,4939,2393,1160,1233,
59840,9574,4598,4976,16753,8108,8645,19146,9221,9925,16753,7984,8769,9572,4633,4939,2393,1160,1233,
59845,9575,4599,4976,16755,8109,8646,19149,9222,9927,16754,7985,8769,9573,4634,4939,2393,1160,1233,
59850,9575,4599,4976,16756,8110,8646,19149,9222,9927,16755,7985,8770,9573,4634,4939,2394,1160,1234,
59855,9576,4599,4977,16757,8110,8647,19150,9223,9927,16756,7985,8771,9575,4634,4941,2394,1160,1234,
59860,9577,4599,4978,16759,8111,8648,19153,9224,9929,16758,7986,8772,9576,4635,4941,2394,1160,1234,
59865,9578,4599,4979,16760,8112,8648,19154,9224,9930,16760,7986,8774,9576,4635,4941,2394,1160,1234,
59870,9579,4599,4980,16762,8114,8648,19157,9225,9932,16761,7986,8775,9577,4635,4942,2394,1160,1234,
59875,9579,4599,4980,16763,8114,8649,19157,9225,9932,16762,7987,8775,9577,4635,4942,2395,1160,1235,
59880,9580,4600,4980,16764,8114,8650,19158,9225,9933,16763,7987,8776,9579,4636,4943,2395,1160,1235,
59885,9581,4601,4980,16766,8114,8652,19161,9226,9935,16765,7989,8776,9580,4636,4944,2395,1160,1235,
59890,9582,4601,4981,16767,8114,8653,19162,9227,9935,16767,7990,8777,9580,4636,4944,2395,1160,1235,
59895,9583,4602,4981,16769,8115,8654,19165,9229,9936,16768,7990,8778,9581,4636,4945,2395,1160,1235,
59900,9583,4602,4981,16770,8115,8655,19165,9229,9936,16769,7990,8779,9581,4636,4945,2396,1160,1236,
59905,9584,4602,4982,16771,8116,8655,19166,9230,9936,16770,7991,8779,9583,4638,4945,2396,1160,1236,
59910,9585,4602,4983,16773,8118,8655,19169,9231,9938,16772,7991,8781,9584,4638,4946,2396,1160,1236,
59915,9586,4602,4984,16774,8118,8656,19170,9231,9939,16774,7992,8782,9584,4638,4946,2396,1160,1236,
59920,9587,4603,4984,16776,8119,8657,19173,9233,9940,16775,7993,8782,9585,4638,4947,2396,1160,1236,
59925,9587,4603,4984,16777,8120,8657,19173,9233,9940,16776,7993,8783,9585,4638,4947,2397,1160,1237,
59930,9588,4603,4985,16778,8120,8658,19174,9233,9941,16777,7993,8784,9587,4639,4948,2397,1160,1237,
59935,9589,4603,4986,16780,8120,8660,19177,9233,9944,16779,7994,8785,9588,4639,4949,2397,1160,1237,
59940,9590,4604,4986,16781,8120,8661,19178,9233,9945,16781,7996,8785,9588,4639,4949,2397,1160,1237,
59945,9591,4605,4986,16783,8121,8662,19181,9235,9946,16782,7996,8786,9589,4639,4950,2397,1160,1237,
59950,9591,4605,4986,16784,8122,8662,19181,9235,9946,16783,7996,8787,9589,4639,4950,2398,1160,1238,
59955,9592,4605,4987,16785,8122,8663,19182,9236,9946,16784,7996,8788,9591,4640,4951,2398,1160,1238,
59960,9593,4605,4988,16787,8123,8664,19185,9238,9947,16786,7997,8789,9592,4640,4952,2398,1160,1238,
59965,9594,4606,4988,16788,8123,8665,19186,9238,9948,16788,7999,8789,9592,4640,4952,2398,1160,1238,
59970,9595,4607,4988,16790,8125,8665,19189,9239,9950,16789,8000,8789,9593,4640,4953,2398,1160,1238,
59975,9595,4607,4988,16791,8126,8665,19189,9239,9950,16790,8000,8790,9593,4640,4953,2399,1161,1238,
59980,9596,4607,4989,16792,8127,8665,19190,9240,9950,16791,8000,8791,9595,4641,4954,2399,1161,1238,
59985,9597,4607,4990,16794,8129,8665,19193,9242,9951,16793,8002,8791,9596,4641,4955,2399,1161,1238,
59990,9598,4608,4990,16795,8130,8665,19194,9242,9952,16795,8004,8791,9596,4641,4955,2399,1161,1238,
59995,9599,4608,4991,16797,8131,8666,19197,9244,9953,16796,8005,8791,9597,4642,4955,2399,1161,1238,
60000,9599,4608,4991,16798,8131,8667,19197,9244,9953,16797,8006,8791,9597,4642,4955,2400,1161,1239,
60005,9600,4608,4992,16799,8131,8668,19198,9245,9953,16798,8007,8791,9599,4644,4955,2400,1161,1239,
60010,9601,4608,4993,16801,8133,8668,19201,9245,9956,16800,8007,8793,9600,4645,4955,2400,1161,1239,
60015,9602,4608,4994,16802,8134,8668,19202,9246,9956,16802,8009,8793,9600,4645,4955,2400,1161,1239,
60020,9603,4608,4995,16804,8135,8669,19205,9247,9958,16803,8009,8794,9601,4645,4956,2400,1161,1239,
60025,9603,4608,4995,16805,8136,8669,19205,9247,9958,16804,8010,8794,9601,4645,4956,2401,1161,1240,
60030,9604,4608,4996,16806,8137,8669,19206,9248,9958,16805,8010,8795,9603,4646,4957,2401,1161,1240,
60035,9605,4609,4996,16808,8139,8669,19209,9250,9959,16807,8010,8797,9604,4647,4957,2401,1161,1240,
60040,9606,4609,4997,16809,8139,8670,19210,9250,9960,16809,8012,8797,9604,4647,4957,2401,1161,1240,
60045,9607,4609,4998,16811,8141,8670,19213,9251,9962,16810,8012,8798,9605,4648,4957,2401,1161,1240,
60050,9607,4609,4998,16812,8142,8670,19213,9251,9962,16811,8013,8798,9605,4648,4957,2402,1162,1240,
60055,9608,4609,4999,16813,8143,8670,19214,9252,9962,16812,8014,8798,9607,4649,4958,2402,1162,1240,
60060,9609,4610,4999,16815,8144,8671,19217,9254,9963,16814,8016,8798,9608,4649,4959,2402,1162,1240,
60065,9610,4610,5000,16816,8144,8672,19218,9254,9964,16816,8017,8799,9608,4649,4959,2402,1162,1240,
60070,9611,4610,5001,16818,8145,8673,19221,9256,9965,16817,8018,8799,9609,4649,4960,2402,1162,1240,
60075,9611,4610,5001,16819,8146,8673,19221,9256,9965,16818,8019,8799,9609,4649,4960,2403,1163,1240,
60080,9612,4611,5001,16820,8147,8673,19222,9257,9965,16819,8020,8799,9611,4650,4961,2403,1163,1240,
60085,9613,4612,5001,16822,8147,8675,19225,9258,9967,16821,8021,8800,9612,4651,4961,2403,1163,1240,
60090,9614,4612,5002,16823,8147,8676,19226,9259,9967,16823,8021,8802,9612,4651,4961,2403,1163,1240,
60095,9615,4613,5002,16825,8148,8677,19229,9261,9968,16824,8021,8803,9613,4651,4962,2403,1163,1240,
60100,9615,4613,5002,16826,8149,8677,19229,9261,9968,16825,8021,8804,9613,4651,4962,2404,1164,1240,
60105,9616,4614,5002,16827,8149,8678,19230,9262,9968,16826,8022,8804,9615,4652,4963,2404,1164,1240,
60110,9617,4614,5003,16829,8150,8679,19233,9264,9969,16828,8024,8804,9616,4652,4964,2404,1164,1240,
60115,9618,4615,5003,16830,8150,8680,19234,9265,9969,16830,8024,8806,9616,4652,4964,2404,1164,1240,
60120,9619,4615,5004,16832,8150,8682,19237,9267,9970,16831,8025,8806,9617,4653,4964,2404,1164,1240,
60125,9619,4615,5004,16833,8151,8682,19237,9267,9970,16832,8026,8806,9617,4653,4964,2405,1164,1241,
60130,9620,4616,5004,16834,8151,8683,19238,9268,9970,16833,8026,8807,9619,4654,4965,2405,1164,1241,
60135,9621,4617,5004,16836,8152,8684,19241,9268,9973,16835,8026,8809,9620,4655,4965,2405,1164,1241,
60140,9622,4617,5005,16837,8152,8685,19242,9269,9973,16837,8027,8810,9620,4655,4965,2405,1164,1241,
60145,9623,4618,5005,16839,8152,8687,19245,9269,9976,16838,8028,8810,9621,4655,4966,2405,1164,1241,
60150,9623,4618,5005,16840,8153,8687,19245,9269,9976,16839,8028,8811,9621,4655,4966,2406,1165,1241,
60155,9624,4619,5005,16841,8153,8688,19246,9269,9977,16840,8029,8811,9623,4655,4968,2406,1165,1241,
60160,9625,4619,5006,16843,8154,8689,19249,9272,9977,16842,8030,8812,9624,4656,4968,2406,1165,1241,
60165,9626,4619,5007,16844,8154,8690,19250,9272,9978,16844,8030,8814,9624,4656,4968,2406,1165,1241,
60170,9627,4619,5008,16846,8154,8692,19253,9274,9979,16845,8031,8814,9625,4657,4968,2406,1165,1241,
60175,9627,4619,5008,16847,8154,8693,19253,9274,9979,16846,8031,8815,9625,4657,4968,2407,1165,1242,
60180,9628,4620,5008,16848,8155,8693,19254,9274,9980,16847,8031,8816,9627,4658,4969,2407,1165,1242,
60185,9629,4621,5008,16850,8155,8695,19257,9276,9981,16849,8032,8817,9628,4658,4970,2407,1165,1242,
60190,9630,4621,5009,16851,8156,8695,19258,9276,9982,16851,8034,8817,9628,4658,4970,2407,1165,1242,
60195,9631,4622,5009,16853,8156,8697,19261,9277,9984,16852,8034,8818,9629,4659,4970,2407,1165,1242,
60200,9631,4622,5009,16854,8157,8697,19261,9277,9984,16853,8034,8819,9629,4659,4970,2408,1166,1242,
60205,9632,4622,5010,16855,8157,8698,19262,9277,9985,16854,8034,8820,9631,4660,4971,2408,1166,1242,
60210,9633,4623,5010,16857,8158,8699,19265,9278,9987,16856,8036,8820,9632,4661,4971,2408,1166,1242,
60215,9634,4623,5011,16858,8158,8700,19266,9278,9988,16858,8037,8821,9632,4661,4971,2408,1166,1242,
60220,9635,4624,5011,16860,8160,8700,19269,9279,9990,16859,8038,8821,9633,4662,4971,2408,1166,1242,
60225,9635,4624,5011,16861,8161,8700,19269,9279,9990,16860,8038,8822,9633,4662,4971,2409,1167,1242,
60230,9636,4624,5012,16862,8161,8701,19270,9279,9991,16861,8039,8822,9635,4663,4972,2409,1167,1242,
60235,9637,4625,5012,16864,8162,8702,19273,9280,9993,16863,8041,8822,9636,4664,4972,2409,1167,1242,
60240,9638,4626,5012,16865,8163,8702,19274,9280,9994,16865,8041,8824,9636,4664,4972,2409,1167,1242,
60245,9639,4626,5013,16867,8164,8703,19277,9281,9996,16866,8042,8824,9637,4665,4972,2409,1167,1242,
60250,9639,4626,5013,16868,8165,8703,19277,9281,9996,16867,8043,8824,9637,4665,4972,2410,1168,1242,
60255,9640,4627,5013,16869,8166,8703,19278,9282,9996,16868,8043,8825,9639,4666,4973,2410,1168,1242,
60260,9641,4628,5013,16871,8167,8704,19281,9282,9999,16870,8044,8826,9640,4667,4973,2410,1168,1242,
60265,9642,4629,5013,16872,8168,8704,19282,9283,9999,16872,8045,8827,9640,4667,4973,2410,1168,1242,
60270,9643,4629,5014,16874,8170,8704,19285,9284,10001,16873,8045,8828,9641,4668,4973,2410,1168,1242,
60275,9643,4629,5014,16875,8170,8705,19285,9284,10001,16874,8045,8829,9641,4668,4973,2411,1169,1242,
60280,9644,4629,5015,16876,8171,8705,19286,9284,10002,16875,8045,8830,9643,4669,4974,2411,1169,1242,
60285,9645,4630,5015,16878,8172,8706,19289,9285,10004,16877,8047,8830,9644,4669,4975,2411,1169,1242,
60290,9646,4630,5016,16879,8173,8706,19290,9285,10005,16879,8048,8831,9644,4669,4975,2411,1169,1242,
60295,9647,4631,5016,16881,8173,8708,19293,9287,10006,16880,8048,8832,9645,4669,4976,2411,1169,1242,
60300,9647,4631,5016,16882,8174,8708,19293,9287,10006,16881,8049,8832,9645,4669,4976,2412,1169,1243,
60305,9648,4632,5016,16883,8175,8708,19294,9287,10007,16882,8050,8832,9647,4669,4978,2412,1169,1243,
60310,9649,4633,5016,16885,8175,8710,19297,9288,10009,16884,8051,8833,9648,4670,4978,2412,1169,1243,
60315,9650,4634,5016,16886,8175,8711,19298,9289,10009,16886,8053,8833,9648,4670,4978,2412,1169,1243,
60320,9651,4635,5016,16888,8175,8713,19301,9289,10012,16887,8053,8834,9649,4670,4979,2412,1169,1243,
60325,9651,4635,5016,16889,8175,8714,19301,9289,10012,16888,8053,8835,9649,4670,4979,2413,1170,1243,
60330,9652,4635,5017,16890,8175,8715,19302,9289,10013,16889,8054,8835,9651,4672,4979,2413,1170,1243,
60335,9653,4635,5018,16892,8176,8716,19305,9291,10014,16891,8056,8835,9652,4673,4979,2413,1170,1243,
60340,9654,4636,5018,16893,8176,8717,19306,9292,10014,16893,8058,8835,9652,4673,4979,2413,1170,1243,
60345,9655,4636,5019,16895,8176,8719,19309,9294,10015,16894,8059,8835,9653,4673,4980,2413,1170,1243,
60350,9655,4636,5019,16896,8176,8720,19309,9294,10015,16895,8060,8835,9653,4673,4980,2414,1171,1243,
60355,9656,4637,5019,16897,8176,8721,19310,9294,10016,16896,8060,8836,9655,4674,4981,2414,1171,1243,
60360,9657,4637,5020,16899,8178,8721,19313,9296,10017,16898,8061,8837,9656,4675,4981,2414,1171,1243,
60365,9658,4637,5021,16900,8178,8722,19314,9297,10017,16900,8062,8838,9656,4675,4981,2414,1171,1243,
60370,9659,4637,5022,16902,8179,8723,19317,9297,10020,16901,8062,8839,9657,4675,4982,2414,1171,1243,
60375,9659,4637,5022,16903,8179,8724,19317,9297,10020,16902,8063,8839,9657,4675,4982,2415,1171,1244,
60380,9660,4637,5023,16904,8180,8724,19318,9298,10020,16903,8064,8839,9659,4676,4983,2415,1171,1244,
60385,9661,4638,5023,16906,8180,8726,19321,9299,10022,16905,8065,8840,9660,4677,4983,2415,1171,1244,
60390,9662,4639,5023,16907,8180,8727,19322,9300,10022,16907,8067,8840,9660,4677,4983,2415,1171,1244,
60395,9663,4639,5024,16909,8180,8729,19325,9302,10023,16908,8067,8841,9661,4678,4983,2415,1171,1244,
60400,9663,4639,5024,16910,8180,8730,19325,9302,10023,16909,8068,8841,9661,4678,4983,2416,1172,1244,
60405,9664,4639,5025,16911,8180,8731,19326,9302,10024,16910,8068,8842,9663,4680,4983,2416,1172,1244,
60410,9665,4639,5026,16913,8181,8732,19329,9303,10026,16912,8068,8844,9664,4680,4984,2416,1172,1244,
60415,9666,4639,5027,16914,8181,8733,19330,9303,10027,16914,8068,8846,9664,4680,4984,2416,1172,1244,
60420,9667,4639,5028,16916,8183,8733,19333,9304,10029,16915,8069,8846,9665,4680,4985,2416,1172,1244,
60425,9667,4639,5028,16917,8183,8734,19333,9304,10029,16916,8070,8846,9665,4680,4985,2417,1173,1244,
60430,9668,4640,5028,16918,8184,8734,19334,9305,10029,16917,8071,8846,9667,4682,4985,2417,1173,1244,
60435,9669,4641,5028,16920,8185,8735,19337,9306,10031,16919,8072,8847,9668,4683,4985,2417,1173,1244,
60440,9670,4642,5028,16921,8185,8736,19338,9306,10032,16921,8073,8848,9668,4683,4985,2417,1173,1244,
60445,9671,4642,5029,16923,8187,8736,19341,9307,10034,16922,8073,8849,9669,4683,4986,2417,1173,1244,
60450,9671,4642,5029,16924,8188,8736,19341,9307,10034,16923,8074,8849,9669,4683,4986,2418,1173,1245,
60455,9672,4643,5029,16925,8189,8736,19342,9308,10034,16924,8074,8850,9671,4685,4986,2418,1173,1245,
60460,9673,4643,5030,16927,8190,8737,19345,9309,10036,16926,8075,8851,9672,4685,4987,2418,1173,1245,
60465,9674,4644,5030,16928,8191,8737,19346,9309,10037,16928,8075,8853,9672,4685,4987,2418,1173,1245,
60470,9675,4644,5031,16930,8193,8737,19349,9311,10038,16929,8076,8853,9673,4686,4987,2418,1173,1245,
60475,9675,4644,5031,16931,8193,8738,19349,9311,10038,16930,8076,8854,9673,4686,4987,2419,1174,1245,
60480,9676,4645,5031,16932,8193,8739,19350,9311,10039,16931,8076,8855,9675,4688,4987,2419,1174,1245,
60485,9677,4646,5031,16934,8193,8741,19353,9312,10041,16933,8077,8856,9676,4688,4988,2419,1174,1245,
60490,9678,4646,5032,16935,8194,8741,19354,9312,10042,16935,8077,8858,9676,4688,4988,2419,1174,1245,
60495,9679,4646,5033,16937,8195,8742,19357,9315,10042,16936,8078,8858,9677,4688,4989,2419,1174,1245,
60500,9679,4646,5033,16938,8196,8742,19357,9315,10042,16937,8079,8858,9677,4688,4989,2420,1174,1246,
60505,9680,4646,5034,16939,8197,8742,19358,9315,10043,16938,8080,8858,9679,4688,4991,2420,1174,1246,
60510,9681,4647,5034,16941,8198,8743,19361,9318,10043,16940,8081,8859,9680,4689,4991,2420,1174,1246,
60515,9682,4647,5035,16942,8198,8744,19362,9318,10044,16942,8082,8860,9680,4689,4991,2420,1174,1246,
60520,9683,4648,5035,16944,8199,8745,19365,9320,10045,16943,8082,8861,9681,4689,4992,2420,1174,1246,
60525,9683,4648,5035,16945,8200,8745,19365,9320,10045,16944,8083,8861,9681,4689,4992,2421,1174,1247,
60530,9684,4649,5035,16946,8200,8746,19366,9320,10046,16945,8083,8862,9683,4689,4994,2421,1174,1247,
60535,9685,4650,5035,16948,8201,8747,19369,9322,10047,16947,8085,8862,9684,4689,4995,2421,1174,1247,
60540,9686,4651,5035,16949,8202,8747,19370,9323,10047,16949,8087,8862,9684,4689,4995,2421,1174,1247,
60545,9687,4651,5036,16951,8203,8748,19373,9324,10049,16950,8088,8862,9685,4690,4995,2421,1174,1247,
60550,9687,4651,5036,16952,8203,8749,19373,9324,10049,16951,8088,8863,9685,4690,4995,2422,1174,1248,
60555,9688,4651,5037,16953,8203,8750,19374,9324,10050,16952,8088,8864,9687,4691,4996,2422,1174,1248,
60560,9689,4652,5037,16955,8204,8751,19377,9325,10052,16954,8089,8865,9688,4692,4996,2422,1174,1248,
60565,9690,4652,5038,16956,8205,8751,19378,9325,10053,16956,8090,8866,9688,4692,4996,2422,1174,1248,
60570,9691,4653,5038,16958,8206,8752,19381,9327,10054,16957,8091,8866,9689,4693,4996,2422,1174,1248,
60575,9691,4653,5038,16959,8207,8752,19381,9327,10054,16958,8091,8867,9689,4693,4996,2423,1174,1249,
60580,9692,4654,5038,16960,8208,8752,19382,9327,10055,16959,8092,8867,9691,4695,4996,2423,1174,1249,
60585,9693,4654,5039,16962,8209,8753,19385,9328,10057,16961,8092,8869,9692,4695,4997,2423,1174,1249,
60590,9694,4655,5039,16963,8209,8754,19386,9328,10058,16963,8092,8871,9692,4695,4997,2423,1174,1249,
60595,9695,4656,5039,16965,8210,8755,19389,9329,10060,16964,8093,8871,9693,4695,4998,2423,1174,1249,
60600,9695,4656,5039,16966,8210,8756,19389,9329,10060,16965,8094,8871,9693,4695,4998,2424,1174,1250,
60605,9696,4657,5039,16967,8211,8756,19390,9330,10060,16966,8094,8872,9695,4695,5000,2424,1174,1250,
60610,9697,4658,5039,16969,8213,8756,19393,9331,10062,16968,8095,8873,9696,4696,5000,2424,1174,1250,
60615,9698,4658,5040,16970,8213,8757,19394,9332,10062,16970,8096,8874,9696,4696,5000,2424,1174,1250,
60620,9699,4658,5041,16972,8214,8758,19397,9334,10063,16971,8097,8874,9697,4696,5001,2424,1174,1250,
60625,9699,4658,5041,16973,8214,8759,19397,9334,10063,16972,8098,8874,9697,4696,5001,2425,1174,1251,
60630,9700,4658,5042,16974,8214,8760,19398,9335,10063,16973,8099,8874,9699,4697,5002,2425,1174,1251,
60635,9701,4658,5043,16976,8215,8761,19401,9335,10066,16975,8099,8876,9700,4698,5002,2425,1174,1251,
60640,9702,4659,5043,16977,8215,8762,19402,9336,10066,16977,8101,8876,9700,4698,5002,2425,1174,1251,
60645,9703,4660,5043,16979,8217,8762,19405,9337,10068,16978,8101,8877,9701,4698,5003,2425,1174,1251,
60650,9703,4660,5043,16980,8217,8763,19405,9337,10068,16979,8102,8877,9701,4698,5003,2426,1174,1252,
60655,9704,4661,5043,16981,8218,8763,19406,9337,10069,16980,8103,8877,9703,4700,5003,2426,1174,1252,
60660,9705,4661,5044,16983,8219,8764,19409,9338,10071,16982,8103,8879,9704,4701,5003,2426,1174,1252,
60665,9706,4661,5045,16984,8220,8764,19410,9339,10071,16984,8105,8879,9704,4701,5003,2426,1174,1252,
60670,9707,4662,5045,16986,8221,8765,19413,9339,10074,16985,8105,8880,9705,4702,5003,2426,1174,1252,
60675,9707,4662,5045,16987,8222,8765,19413,9339,10074,16986,8105,8881,9705,4702,5003,2427,1174,1253,
60680,9708,4662,5046,16988,8223,8765,19414,9339,10075,16987,8105,8882,9707,4704,5003,2427,1174,1253,
60685,9709,4662,5047,16990,8225,8765,19417,9340,10077,16989,8106,8883,9708,4704,5004,2427,1174,1253,
60690,9710,4662,5048,16991,8226,8765,19418,9341,10077,16991,8107,8884,9708,4704,5004,2427,1174,1253,
60695,9711,4662,5049,16993,8227,8766,19421,9342,10079,16992,8107,8885,9709,4705,5004,2427,1174,1253,
60700,9711,4662,5049,16994,8227,8767,19421,9342,10079,16993,8107,8886,9709,4705,5004,2428,1175,1253,
60705,9712,4663,5049,16995,8227,8768,19422,9343,10079,16994,8107,8887,9711,4705,5006,2428,1175,1253,
60710,9713,4664,5049,16997,8229,8768,19425,9345,10080,16996,8107,8889,9712,4706,5006,2428,1175,1253,
60715,9714,4664,5050,16998,8230,8768,19426,9345,10081,16998,8109,8889,9712,4706,5006,2428,1175,1253,
60720,9715,4664,5051,17000,8232,8768,19429,9348,10081,16999,8110,8889,9713,4707,5006,2428,1175,1253,
60725,9715,4664,5051,17001,8233,8768,19429,9348,10081,17000,8111,8889,9713,4707,5006,2429,1176,1253,
60730,9716,4665,5051,17002,8234,8768,19430,9348,10082,17001,8112,8889,9715,4708,5007,2429,1176,1253,
60735,9717,4666,5051,17004,8235,8769,19433,9351,10082,17003,8112,8891,9716,4708,5008,2429,1176,1253,
60740,9718,4667,5051,17005,8235,8770,19434,9351,10083,17005,8113,8892,9716,4708,5008,2429,1176,1253,
60745,9719,4667,5052,17007,8236,8771,19437,9352,10085,17006,8113,8893,9717,4708,5009,2429,1176,1253,
60750,9719,4667,5052,17008,8237,8771,19437,9352,10085,17007,8114,8893,9717,4708,5009,2430,1177,1253,
60755,9720,4668,5052,17009,8238,8771,19438,9353,10085,17008,8114,8894,9719,4708,5011,2430,1177,1253,
60760,9721,4668,5053,17011,8239,8772,19441,9356,10085,17010,8115,8895,9720,4709,5011,2430,1177,1253,
60765,9722,4669,5053,17012,8240,8772,19442,9357,10085,17012,8116,8896,9720,4709,5011,2430,1177,1253,
60770,9723,4669,5054,17014,8240,8774,19445,9358,10087,17013,8117,8896,9721,4710,5011,2430,1177,1253,
60775,9723,4669,5054,17015,8241,8774,19445,9358,10087,17014,8118,8896,9721,4710,5011,2431,1178,1253,
60780,9724,4670,5054,17016,8241,8775,19446,9358,10088,17015,8118,8897,9723,4711,5012,2431,1178,1253,
60785,9725,4671,5054,17018,8243,8775,19449,9361,10088,17017,8118,8899,9724,4711,5013,2431,1178,1253,
60790,9726,4672,5054,17019,8243,8776,19450,9361,10089,17019,8119,8900,9724,4711,5013,2431,1178,1253,
60795,9727,4673,5054,17021,8243,8778,19453,9364,10089,17020,8120,8900,9725,4712,5013,2431,1178,1253,
60800,9727,4673,5054,17022,8243,8779,19453,9364,10089,17021,8121,8900,9725,4712,5013,2432,1178,1254,
60805,9728,4673,5055,17023,8244,8779,19454,9364,10090,17022,8122,8900,9727,4713,5014,2432,1178,1254,
60810,9729,4674,5055,17025,8244,8781,19457,9366,10091,17024,8123,8901,9728,4713,5015,2432,1178,1254,
60815,9730,4674,5056,17026,8245,8781,19458,9366,10092,17026,8124,8902,9728,4713,5015,2432,1178,1254,
60820,9731,4675,5056,17028,8247,8781,19461,9367,10094,17027,8124,8903,9729,4713,5016,2432,1178,1254,
60825,9731,4675,5056,17029,8247,8782,19461,9367,10094,17028,8124,8904,9729,4713,5016,2433,1179,1254,
60830,9732,4675,5057,17030,8248,8782,19462,9367,10095,17029,8125,8904,9731,4714,5017,2433,1179,1254,
60835,9733,4675,5058,17032,8248,8784,19465,9368,10097,17031,8126,8905,9732,4715,5017,2433,1179,1254,
60840,9734,4676,5058,17033,8248,8785,19466,9368,10098,17033,8127,8906,9732,4715,5017,2433,1179,1254,
60845,9735,4676,5059,17035,8249,8786,19469,9371,10098,17034,8127,8907,9733,4716,5017,2433,1179,1254,
60850,9735,4676,5059,17036,8249,8787,19469,9371,10098,17035,8128,8907,9733,4716,5017,2434,1180,1254,
60855,9736,4676,5060,17037,8249,8788,19470,9372,10098,17036,8128,8908,9735,4717,5018,2434,1180,1254,
60860,9737,4677,5060,17039,8250,8789,19473,9372,10101,17038,8130,8908,9736,4718,5018,2434,1180,1254,
60865,9738,4677,5061,17040,8250,8790,19474,9372,10102,17040,8131,8909,9736,4718,5018,2434,1180,1254,
60870,9739,4677,5062,17042,8252,8790,19477,9372,10105,17041,8132,8909,9737,4719,5018,2434,1180,1254,
60875,9739,4677,5062,17043,8252,8791,19477,9372,10105,17042,8133,8909,9737,4719,5018,2435,1180,1255,
60880,9740,4678,5062,17044,8253,8791,19478,9372,10106,17043,8133,8910,9739,4720,5019,2435,1180,1255,
60885,9741,4678,5063,17046,8254,8792,19481,9373,10108,17045,8133,8912,9740,4720,5020,2435,1180,1255,
60890,9742,4678,5064,17047,8254,8793,19482,9374,10108,17047,8135,8912,9740,4720,5020,2435,1180,1255,
60895,9743,4678,5065,17049,8255,8794,19485,9377,10108,17048,8136,8912,9741,4721,5020,2435,1180,1255,
60900,9743,4678,5065,17050,8255,8795,19485,9377,10108,17049,8136,8913,9741,4721,5020,2436,1180,1256,
60905,9744,4679,5065,17051,8256,8795,19486,9378,10108,17050,8136,8914,9743,4721,5022,2436,1180,1256,
60910,9745,4680,5065,17053,8257,8796,19489,9378,10111,17052,8136,8916,9744,4721,5023,2436,1180,1256,
60915,9746,4681,5065,17054,8257,8797,19490,9378,10112,17054,8136,8918,9744,4721,5023,2436,1180,1256,
60920,9747,4682,5065,17056,8258,8798,19493,9378,10115,17055,8137,8918,9745,4722,5023,2436,1180,1256,
60925,9747,4682,5065,17057,8258,8799,19493,9378,10115,17056,8138,8918,9745,4722,5023,2437,1180,1257,
60930,9748,4682,5066,17058,8259,8799,19494,9379,10115,17057,8139,8918,9747,4723,5024,2437,1180,1257,
60935,9749,4682,5067,17060,8260,8800,19497,9381,10116,17059,8140,8919,9748,4724,5024,2437,1180,1257,
60940,9750,4682,5068,17061,8261,8800,19498,9381,10117,17061,8142,8919,9748,4724,5024,2437,1180,1257,
60945,9751,4683,5068,17063,8262,8801,19501,9382,10119,17062,8142,8920,9749,4724,5025,2437,1180,1257,
60950,9751,4683,5068,17064,8263,8801,19501,9382,10119,17063,8143,8920,9749,4724,5025,2438,1181,1257,
60955,9752,4684,5068,17065,8264,8801,19502,9383,10119,17064,8144,8920,9751,4725,5026,2438,1181,1257,
60960,9753,4684,5069,17067,8265,8802,19505,9384,10121,17066,8145,8921,9752,4725,5027,2438,1181,1257,
60965,9754,4685,5069,17068,8266,8802,19506,9385,10121,17068,8147,8921,9752,4725,5027,2438,1181,1257,
60970,9755,4685,5070,17070,8266,8804,19509,9385,10124,17069,8147,8922,9753,4726,5027,2438,1181,1257,
60975,9755,4685,5070,17071,8266,8805,19509,9385,10124,17070,8148,8922,9753,4726,5027,2439,1182,1257,
60980,9756,4685,5071,17072,8266,8806,19510,9386,10124,17071,8148,8923,9755,4728,5027,2439,1182,1257,
60985,9757,4686,5071,17074,8267,8807,19513,9387,10126,17073,8149,8924,9756,4728,5028,2439,1182,1257,
60990,9758,4686,5072,17075,8267,8808,19514,9387,10127,17075,8150,8925,9756,4728,5028,2439,1182,1257,
60995,9759,4686,5073,17077,8268,8809,19517,9390,10127,17076,8151,8925,9757,4729,5028,2439,1182,1257,
61000,9759,4686,5073,17078,8269,8809,19517,9390,10127,17077,8151,8926,9757,4729,5028,2440,1182,1258,
61005,9760,4686,5074,17079,8269,8810,19518,9390,10128,17078,8152,8926,9759,4730,5029,2440,1182,1258,
61010,9761,4686,5075,17081,8271,8810,19521,9392,10129,17080,8154,8926,9760,4730,5030,2440,1182,1258,
61015,9762,4686,5076,17082,8271,8811,19522,9393,10129,17082,8154,8928,9760,4730,5030,2440,1182,1258,
61020,9763,4686,5077,17084,8271,8813,19525,9396,10129,17083,8154,8929,9761,4731,5030,2440,1182,1258,
61025,9763,4686,5077,17085,8271,8814,19525,9396,10129,17084,8154,8930,9761,4731,5030,2441,1183,1258,
61030,9764,4687,5077,17086,8271,8815,19526,9396,10130,17085,8154,8931,9763,4731,5032,2441,1183,1258,
61035,9765,4687,5078,17088,8272,8816,19529,9398,10131,17087,8155,8932,9764,4731,5033,2441,1183,1258,
61040,9766,4688,5078,17089,8273,8816,19530,9398,10132,17089,8157,8932,9764,4731,5033,2441,1183,1258,
61045,9767,4689,5078,17091,8273,8818,19533,9401,10132,17090,8157,8933,9765,4731,5034,2441,1183,1258,
61050,9767,4689,5078,17092,8274,8818,19533,9401,10132,17091,8158,8933,9765,4731,5034,2442,1183,1259,
61055,9768,4690,5078,17093,8274,8819,19534,9402,10132,17092,8158,8934,9767,4732,5035,2442,1183,1259,
61060,9769,4691,5078,17095,8274,8821,19537,9402,10135,17094,8158,8936,9768,4732,5036,2442,1183,1259,
61065,9770,4691,5079,17096,8274,8822,19538,9402,10136,17096,8159,8937,9768,4732,5036,2442,1183,1259,
61070,9771,4692,5079,17098,8275,8823,19541,9402,10139,17097,8159,8938,9769,4732,5037,2442,1183,1259,
61075,9771,4692,5079,17099,8276,8823,19541,9402,10139,17098,8160,8938,9769,4732,5037,2443,1184,1259,
61080,9772,4692,5080,17100,8277,8823,19542,9403,10139,17099,8160,8939,9771,4733,5038,2443,1184,1259,
61085,9773,4693,5080,17102,8278,8824,19545,9403,10142,17101,8162,8939,9772,4734,5038,2443,1184,1259,
61090,9774,4694,5080,17103,8279,8824,19546,9404,10142,17103,8164,8939,9772,4734,5038,2443,1184,1259,
61095,9775,4694,5081,17105,8280,8825,19549,9405,10144,17104,8164,8940,9773,4734,5039,2443,1184,1259,
61100,9775,4694,5081,17106,8281,8825,19549,9405,10144,17105,8165,8940,9773,4734,5039,2444,1184,1260,
61105,9776,4694,5082,17107,8282,8825,19550,9406,10144,17106,8165,8941,9775,4735,5040,2444,1184,1260,
61110,9777,4694,5083,17109,8283,8826,19553,9407,10146,17108,8166,8942,9776,4735,5041,2444,1184,1260,
61115,9778,4694,5084,17110,8284,8826,19554,9408,10146,17110,8168,8942,9776,4735,5041,2444,1184,1260,
61120,9779,4694,5085,17112,8285,8827,19557,9410,10147,17111,8168,8943,9777,4736,5041,2444,1184,1260,
61125,9779,4694,5085,17113,8286,8827,19557,9410,10147,17112,8169,8943,9777,4736,5041,2445,1184,1261,
61130,9780,4695,5085,17114,8286,8828,19558,9411,10147,17113,8169,8944,9779,4738,5041,2445,1184,1261,
61135,9781,4696,5085,17116,8286,8830,19561,9413,10148,17115,8170,8945,9780,4739,5041,2445,1184,1261,
61140,9782,4697,5085,17117,8286,8831,19562,9413,10149,17117,8172,8945,9780,4739,5041,2445,1184,1261,
61145,9783,4697,5086,17119,8288,8831,19565,9415,10150,17118,8173,8945,9781,4739,5042,2445,1184,1261,
61150,9783,4697,5086,17120,8288,8832,19565,9415,10150,17119,8173,8946,9781,4739,5042,2446,1185,1261,
61155,9784,4698,5086,17121,8288,8833,19566,9416,10150,17120,8173,8947,9783,4740,5043,2446,1185,1261,
61160,9785,4699,5086,17123,8288,8835,19569,9418,10151,17122,8174,8948,9784,4741,5043,2446,1185,1261,
61165,9786,4700,5086,17124,8288,8836,19570,9419,10151,17124,8174,8950,9784,4741,5043,2446,1185,1261,
61170,9787,4700,5087,17126,8288,8838,19573,9420,10153,17125,8174,8951,9785,4741,5044,2446,1185,1261,
61175,9787,4700,5087,17127,8288,8839,19573,9420,10153,17126,8174,8952,9785,4741,5044,2447,1186,1261,
61180,9788,4701,5087,17128,8288,8840,19574,9421,10153,17127,8175,8952,9787,4741,5046,2447,1186,1261,
61185,9789,4701,5088,17130,8288,8842,19577,9423,10154,17129,8176,8953,9788,4741,5047,2447,1186,1261,
61190,9790,4702,5088,17131,8288,8843,19578,9424,10154,17131,8177,8954,9788,4741,5047,2447,1186,1261,
61195,9791,4703,5088,17133,8290,8843,19581,9424,10157,17132,8178,8954,9789,4742,5047,2447,1186,1261,
61200,9791,4703,5088,17134,8290,8844,19581,9424,10157,17133,8178,8955,9789,4742,5047,2448,1187,1261,
61205,9792,4703,5089,17135,8290,8845,19582,9425,10157,17134,8178,8956,9791,4742,5049,2448,1187,1261,
61210,9793,4703,5090,17137,8290,8847,19585,9427,10158,17136,8179,8957,9792,4742,5050,2448,1187,1261,
61215,9794,4703,5091,17138,8291,8847,19586,9427,10159,17138,8180,8958,9792,4742,5050,2448,1187,1261,
61220,9795,4704,5091,17140,8291,8849,19589,9428,10161,17139,8181,8958,9793,4742,5051,2448,1187,1261,
61225,9795,4704,5091,17141,8291,8850,19589,9428,10161,17140,8182,8958,9793,4742,5051,2449,1187,1262,
61230,9796,4704,5092,17142,8292,8850,19590,9428,10162,17141,8183,8958,9795,4744,5051,2449,1187,1262,
61235,9797,4705,5092,17144,8292,8852,19593,9428,10165,17143,8183,8960,9796,4745,5051,2449,1187,1262,
61240,9798,4706,5092,17145,8292,8853,19594,9429,10165,17145,8185,8960,9796,4745,5051,2449,1187,1262,
61245,9799,4706,5093,17147,8292,8855,19597,9429,10168,17146,8185,8961,9797,4745,5052,2449,1187,1262,
61250,9799,4706,5093,17148,8293,8855,19597,9429,10168,17147,8186,8961,9797,4745,5052,2450,1187,1263,
61255,9800,4706,5094,17149,8293,8856,19598,9430,10168,17148,8186,8962,9799,4746,5053,2450,1187,1263,
61260,9801,4707,5094,17151,8293,8858,19601,9433,10168,17150,8187,8963,9800,4746,5054,2450,1187,1263,
61265,9802,4708,5094,17152,8294,8858,19602,9433,10169,17152,8188,8964,9800,4746,5054,2450,1187,1263,
61270,9803,4708,5095,17154,8294,8860,19605,9435,10170,17153,8188,8965,9801,4746,5055,2450,1187,1263,
61275,9803,4708,5095,17155,8294,8861,19605,9435,10170,17154,8188,8966,9801,4746,5055,2451,1188,1263,
61280,9804,4708,5096,17156,8294,8862,19606,9435,10171,17155,8189,8966,9803,4748,5055,2451,1188,1263,
61285,9805,4709,5096,17158,8295,8863,19609,9436,10173,17157,8190,8967,9804,4749,5055,2451,1188,1263,
61290,9806,4709,5097,17159,8296,8863,19610,9437,10173,17159,8192,8967,9804,4749,5055,2451,1188,1263,
61295,9807,4709,5098,17161,8298,8863,19613,9439,10174,17160,8192,8968,9805,4749,5056,2451,1188,1263,
61300,9807,4709,5098,17162,8299,8863,19613,9439,10174,17161,8193,8968,9805,4749,5056,2452,1189,1263,
61305,9808,4709,5099,17163,8299,8864,19614,9440,10174,17162,8194,8968,9807,4749,5058,2452,1189,1263,
61310,9809,4710,5099,17165,8300,8865,19617,9441,10176,17164,8195,8969,9808,4749,5059,2452,1189,1263,
61315,9810,4710,5100,17166,8300,8866,19618,9441,10177,17166,8195,8971,9808,4749,5059,2452,1189,1263,
61320,9811,4711,5100,17168,8302,8866,19621,9442,10179,17167,8195,8972,9809,4749,5060,2452,1189,1263,
61325,9811,4711,5100,17169,8302,8867,19621,9442,10179,17168,8196,8972,9809,4749,5060,2453,1189,1264,
61330,9812,4711,5101,17170,8303,8867,19622,9442,10180,17169,8196,8973,9811,4749,5062,2453,1189,1264,
61335,9813,4711,5102,17172,8304,8868,19625,9442,10183,17171,8197,8974,9812,4749,5063,2453,1189,1264,
61340,9814,4711,5103,17173,8304,8869,19626,9442,10184,17173,8198,8975,9812,4749,5063,2453,1189,1264,
61345,9815,4711,5104,17175,8305,8870,19629,9443,10186,17174,8198,8976,9813,4750,5063,2453,1189,1264,
61350,9815,4711,5104,17176,8305,8871,19629,9443,10186,17175,8199,8976,9813,4750,5063,2454,1189,1265,
61355,9816,4711,5105,17177,8306,8871,19630,9443,10187,17176,8199,8977,9815,4751,5064,2454,1189,1265,
61360,9817,4711,5106,17179,8307,8872,19633,9444,10189,17178,8200,8978,9816,4751,5065,2454,1189,1265,
61365,9818,4712,5106,17180,8308,8872,19634,9445,10189,17180,8201,8979,9816,4751,5065,2454,1189,1265,
61370,9819,4712,5107,17182,8308,8874,19637,9446,10191,17181,8202,8979,9817,4751,5066,2454,1189,1265,
61375,9819,4712,5107,17183,8308,8875,19637,9446,10191,17182,8202,8980,9817,4751,5066,2455,1190,1265,
61380,9820,4713,5107,17184,8309,8875,19638,9446,10192,17183,8202,8981,9819,4752,5067,2455,1190,1265,
61385,9821,4714,5107,17186,8311,8875,19641,9448,10193,17185,8203,8982,9820,4752,5068,2455,1190,1265,
61390,9822,4714,5108,17187,8312,8875,19642,9448,10194,17187,8203,8984,9820,4752,5068,2455,1190,1265,
61395,9823,4714,5109,17189,8314,8875,19645,9451,10194,17188,8204,8984,9821,4752,5069,2455,1190,1265,
61400,9823,4714,5109,17190,8315,8875,19645,9451,10194,17189,8204,8985,9821,4752,5069,2456,1191,1265,
61405,9824,4715,5109,17191,8315,8876,19646,9451,10195,17190,8204,8986,9823,4754,5069,2456,1191,1265,
61410,9825,4715,5110,17193,8316,8877,19649,9452,10197,17192,8204,8988,9824,4754,5070,2456,1191,1265,
61415,9826,4715,5111,17194,8317,8877,19650,9453,10197,17194,8205,8989,9824,4754,5070,2456,1191,1265,
61420,9827,4715,5112,17196,8319,8877,19653,9454,10199,17195,8206,8989,9825,4755,5070,2456,1191,1265,
61425,9827,4715,5112,17197,8319,8878,19653,9454,10199,17196,8207,8989,9825,4755,5070,2457,1192,1265,
61430,9828,4715,5113,17198,8320,8878,19654,9454,10200,17197,8208,8989,9827,4755,5072,2457,1192,1265,
61435,9829,4716,5113,17200,8320,8880,19657,9455,10202,17199,8209,8990,9828,4755,5073,2457,1192,1265,
61440,9830,4717,5113,17201,8321,8880,19658,9456,10202,17201,8209,8992,9828,4755,5073,2457,1192,1265,
61445,9831,4718,5113,17203,8323,8880,19661,9457,10204,17202,8210,8992,9829,4756,5073,2457,1192,1265,
61450,9831,4718,5113,17204,8323,8881,19661,9457,10204,17203,8211,8992,9829,4756,5073,2458,1192,1266,
61455,9832,4719,5113,17205,8323,8882,19662,9457,10205,17204,8212,8992,9831,4757,5074,2458,1192,1266,
61460,9833,4720,5113,17207,8324,8883,19665,9458,10207,17206,8213,8993,9832,4757,5075,2458,1192,1266,
61465,9834,4720,5114,17208,8325,8883,19666,9459,10207,17208,8214,8994,9832,4757,5075,2458,1192,1266,
61470,9835,4721,5114,17210,8325,8885,19669,9461,10208,17209,8214,8995,9833,4757,5076,2458,1192,1266,
61475,9835,4721,5114,17211,8325,8886,19669,9461,10208,17210,8214,8996,9833,4757,5076,2459,1192,1267,
61480,9836,4721,5115,17212,8326,8886,19670,9461,10209,17211,8215,8996,9835,4757,5078,2459,1192,1267,
61485,9837,4721,5116,17214,8328,8886,19673,9463,10210,17213,8217,8996,9836,4757,5079,2459,1192,1267,
61490,9838,4722,5116,17215,8329,8886,19674,9463,10211,17215,8218,8997,9836,4757,5079,2459,1192,1267,
61495,9839,4723,5116,17217,8330,8887,19677,9465,10212,17216,8219,8997,9837,4758,5079,2459,1192,1267,
61500,9839,4723,5116,17218,8330,8888,19677,9465,10212,17217,8220,8997,9837,4758,5079,2460,1192,1268,
61505,9840,4723,5117,17219,8330,8889,19678,9465,10213,17218,8221,8997,9839,4759,5080,2460,1192,1268,
61510,9841,4723,5118,17221,8332,8889,19681,9468,10213,17220,8223,8997,9840,4759,5081,2460,1192,1268,
61515,9842,4723,5119,17222,8333,8889,19682,9469,10213,17222,8223,8999,9840,4759,5081,2460,1192,1268,
61520,9843,4724,5119,17224,8334,8890,19685,9470,10215,17223,8224,8999,9841,4759,5082,2460,1192,1268,
61525,9843,4724,5119,17225,8334,8891,19685,9470,10215,17224,8225,8999,9841,4759,5082,2461,1193,1268,
61530,9844,4724,5120,17226,8334,8892,19686,9470,10216,17225,8225,9000,9843,4760,5083,2461,1193,1268,
61535,9845,4724,5121,17228,8335,8893,19689,9471,10218,17227,8227,9000,9844,4760,5084,2461,1193,1268,
61540,9846,4724,5122,17229,8335,8894,19690,9472,10218,17229,8228,9001,9844,4760,5084,2461,1193,1268,
61545,9847,4724,5123,17231,8336,8895,19693,9472,10221,17230,8228,9002,9845,4761,5084,2461,1193,1268,
61550,9847,4724,5123,17232,8337,8895,19693,9472,10221,17231,8228,9003,9845,4761,5084,2462,1193,1269,
61555,9848,4724,5124,17233,8337,8896,19694,9472,10222,17232,8228,9004,9847,4762,5085,2462,1193,1269,
61560,9849,4724,5125,17235,8337,8898,19697,9474,10223,17234,8228,9006,9848,4763,5085,2462,1193,1269,
61565,9850,4725,5125,17236,8338,8898,19698,9474,10224,17236,8230,9006,9848,4763,5085,2462,1193,1269,
61570,9851,4725,5126,17238,8338,8900,19701,9476,10225,17237,8231,9006,9849,4763,5086,2462,1193,1269,
61575,9851,4725,5126,17239,8339,8900,19701,9476,10225,17238,8231,9007,9849,4763,5086,2463,1194,1269,
61580,9852,4726,5126,17240,8339,8901,19702,9477,10225,17239,8232,9007,9851,4764,5087,2463,1194,1269,
61585,9853,4726,5127,17242,8340,8902,19705,9478,10227,17241,8234,9007,9852,4765,5087,2463,1194,1269,
61590,9854,4726,5128,17243,8340,8903,19706,9478,10228,17243,8236,9007,9852,4765,5087,2463,1194,1269,
61595,9855,4726,5129,17245,8341,8904,19709,9481,10228,17244,8237,9007,9853,4765,5088,2463,1194,1269,
61600,9855,4726,5129,17246,8342,8904,19709,9481,10228,17245,8238,9007,9853,4765,5088,2464,1195,1269,
61605,9856,4726,5130,17247,8343,8904,19710,9482,10228,17246,8239,9007,9855,4765,5090,2464,1195,1269,
61610,9857,4726,5131,17249,8344,8905,19713,9483,10230,17248,8240,9008,9856,4765,5091,2464,1195,1269,
61615,9858,4727,5131,17250,8345,8905,19714,9484,10230,17250,8241,9009,9856,4765,5091,2464,1195,1269,
61620,9859,4727,5132,17252,8346,8906,19717,9484,10233,17251,8241,9010,9857,4766,5091,2464,1195,1269,
61625,9859,4727,5132,17253,8346,8907,19717,9484,10233,17252,8242,9010,9857,4766,5091,2465,1195,1270,
61630,9860,4727,5133,17254,8346,8908,19718,9484,10234,17253,8243,9010,9859,4768,5091,2465,1195,1270,
61635,9861,4727,5134,17256,8346,8910,19721,9485,10236,17255,8243,9012,9860,4768,5092,2465,1195,1270,
61640,9862,4727,5135,17257,8346,8911,19722,9485,10237,17257,8243,9014,9860,4768,5092,2465,1195,1270,
61645,9863,4728,5135,17259,8348,8911,19725,9486,10239,17258,8243,9015,9861,4768,5093,2465,1195,1270,
61650,9863,4728,5135,17260,8348,8912,19725,9486,10239,17259,8243,9016,9861,4768,5093,2466,1195,1271,
61655,9864,4729,5135,17261,8348,8913,19726,9487,10239,17260,8244,9016,9863,4770,5093,2466,1195,1271,
61660,9865,4730,5135,17263,8350,8913,19729,9488,10241,17262,8245,9017,9864,4770,5094,2466,1195,1271,
61665,9866,4730,5136,17264,8350,8914,19730,9488,10242,17264,8246,9018,9864,4770,5094,2466,1195,1271,
61670,9867,4730,5137,17266,8351,8915,19733,9489,10244,17265,8246,9019,9865,4770,5095,2466,1195,1271,
61675,9867,4730,5137,17267,8351,8916,19733,9489,10244,17266,8247,9019,9865,4770,5095,2467,1195,1272,
61680,9868,4731,5137,17268,8352,8916,19734,9489,10245,17267,8247,9020,9867,4771,5096,2467,1195,1272,
61685,9869,4732,5137,17270,8353,8917,19737,9491,10246,17269,8248,9021,9868,4771,5097,2467,1195,1272,
61690,9870,4733,5137,17271,8354,8917,19738,9491,10247,17271,8250,9021,9868,4771,5097,2467,1195,1272,
61695,9871,4734,5137,17273,8355,8918,19741,9492,10249,17272,8251,9021,9869,4772,5097,2467,1195,1272,
61700,9871,4734,5137,17274,8355,8919,19741,9492,10249,17273,8252,9021,9869,4772,5097,2468,1195,1273,
61705,9872,4735,5137,17275,8355,8920,19742,9493,10249,17274,8252,9022,9871,4773,5098,2468,1195,1273,
61710,9873,4735,5138,17277,8356,8921,19745,9495,10250,17276,8254,9022,9872,4773,5099,2468,1195,1273,
61715,9874,4736,5138,17278,8356,8922,19746,9496,10250,17278,8255,9023,9872,4773,5099,2468,1195,1273,
61720,9875,4737,5138,17280,8358,8922,19749,9498,10251,17279,8255,9024,9873,4773,5100,2468,1195,1273,
61725,9875,4737,5138,17281,8359,8922,19749,9498,10251,17280,8255,9025,9873,4773,5100,2469,1196,1273,
61730,9876,4738,5138,17282,8360,8922,19750,9498,10252,17281,8256,9025,9875,4774,5101,2469,1196,1273,
61735,9877,4738,5139,17284,8362,8922,19753,9499,10254,17283,8257,9026,9876,4774,5102,2469,1196,1273,
61740,9878,4738,5140,17285,8363,8922,19754,9499,10255,17285,8257,9028,9876,4774,5102,2469,1196,1273,
61745,9879,4739,5140,17287,8365,8922,19757,9501,10256,17286,8257,9029,9877,4775,5102,2469,1196,1273,
61750,9879,4739,5140,17288,8366,8922,19757,9501,10256,17287,8257,9030,9877,4775,5102,2470,1196,1274,
61755,9880,4739,5141,17289,8366,8923,19758,9502,10256,17288,8258,9030,9879,4775,5104,2470,1196,1274,
61760,9881,4739,5142,17291,8368,8923,19761,9502,10259,17290,8260,9030,9880,4775,5105,2470,1196,1274,
61765,9882,4740,5142,17292,8369,8923,19762,9502,10260,17292,8261,9031,9880,4775,5105,2470,1196,1274,
61770,9883,4741,5142,17294,8369,8925,19765,9504,10261,17293,8262,9031,9881,4776,5105,2470,1196,1274,
61775,9883,4741,5142,17295,8370,8925,19765,9504,10261,17294,8262,9032,9881,4776,5105,2471,1197,1274,
61780,9884,4741,5143,17296,8370,8926,19766,9505,10261,17295,8262,9033,9883,4777,5106,2471,1197,1274,
61785,9885,4741,5144,17298,8370,8928,19769,9506,10263,17297,8263,9034,9884,4778,5106,2471,1197,1274,
61790,9886,4742,5144,17299,8370,8929,19770,9506,10264,17299,8263,9036,9884,4778,5106,2471,1197,1274,
61795,9887,4742,5145,17301,8370,8931,19773,9507,10266,17300,8263,9037,9885,4778,5107,2471,1197,1274,
61800,9887,4742,5145,17302,8370,8932,19773,9507,10266,17301,8263,9038,9885,4778,5107,2472,1198,1274,
61805,9888,4742,5146,17303,8370,8933,19774,9507,10267,17302,8264,9038,9887,4779,5108,2472,1198,1274,
61810,9889,4742,5147,17305,8371,8934,19777,9507,10270,17304,8265,9039,9888,4780,5108,2472,1198,1274,
61815,9890,4742,5148,17306,8371,8935,19778,9507,10271,17306,8266,9040,9888,4780,5108,2472,1198,1274,
61820,9891,4742,5149,17308,8373,8935,19781,9509,10272,17307,8267,9040,9889,4781,5108,2472,1198,1274,
61825,9891,4742,5149,17309,8374,8935,19781,9509,10272,17308,8267,9041,9889,4781,5108,2473,1198,1275,
61830,9892,4743,5149,17310,8374,8936,19782,9510,10272,17309,8268,9041,9891,4782,5109,2473,1198,1275,
61835,9893,4744,5149,17312,8375,8937,19785,9512,10273,17311,8269,9042,9892,4782,5110,2473,1198,1275,
61840,9894,4745,5149,17313,8375,8938,19786,9512,10274,17313,8270,9043,9892,4782,5110,2473,1198,1275,
61845,9895,4745,5150,17315,8376,8939,19789,9513,10276,17314,8270,9044,9893,4782,5111,2473,1198,1275,
61850,9895,4745,5150,17316,8377,8939,19789,9513,10276,17315,8271,9044,9893,4782,5111,2474,1199,1275,
61855,9896,4746,5150,17317,8378,8939,19790,9514,10276,17316,8271,9045,9895,4783,5112,2474,1199,1275,
61860,9897,4747,5150,17319,8378,8941,19793,9515,10278,17318,8272,9046,9896,4783,5113,2474,1199,1275,
61865,9898,4748,5150,17320,8379,8941,19794,9515,10279,17320,8273,9047,9896,4783,5113,2474,1199,1275,
61870,9899,4748,5151,17322,8380,8942,19797,9516,10281,17321,8274,9047,9897,4783,5114,2474,1199,1275,
61875,9899,4748,5151,17323,8381,8942,19797,9516,10281,17322,8275,9047,9897,4783,5114,2475,1199,1276,
61880,9900,4749,5151,17324,8381,8943,19798,9517,10281,17323,8275,9048,9899,4783,5116,2475,1199,1276,
61885,9901,4750,5151,17326,8382,8944,19801,9518,10283,17325,8276,9049,9900,4783,5117,2475,1199,1276,
61890,9902,4751,5151,17327,8383,8944,19802,9518,10284,17327,8277,9050,9900,4783,5117,2475,1199,1276,
61895,9903,4752,5151,17329,8383,8946,19805,9520,10285,17328,8278,9050,9901,4784,5117,2475,1199,1276,
61900,9903,4752,5151,17330,8383,8947,19805,9520,10285,17329,8279,9050,9901,4784,5117,2476,1200,1276,
61905,9904,4752,5152,17331,8383,8948,19806,9521,10285,17330,8279,9051,9903,4785,5118,2476,1200,1276,
61910,9905,4752,5153,17333,8385,8948,19809,9524,10285,17332,8281,9051,9904,4785,5119,2476,1200,1276,
61915,9906,4752,5154,17334,8385,8949,19810,9525,10285,17334,8282,9052,9904,4785,5119,2476,1200,1276,
61920,9907,4752,5155,17336,8385,8951,19813,9526,10287,17335,8283,9052,9905,4785,5120,2476,1200,1276,
61925,9907,4752,5155,17337,8385,8952,19813,9526,10287,17336,8284,9052,9905,4785,5120,2477,1201,1276,
61930,9908,4752,5156,17338,8385,8953,19814,9527,10287,17337,8284,9053,9907,4786,5121,2477,1201,1276,
61935,9909,4752,5157,17340,8387,8953,19817,9530,10287,17339,8285,9054,9908,4787,5121,2477,1201,1276,
61940,9910,4753,5157,17341,8387,8954,19818,9531,10287,17341,8287,9054,9908,4787,5121,2477,1201,1276,
61945,9911,4754,5157,17343,8389,8954,19821,9533,10288,17342,8287,9055,9909,4787,5122,2477,1201,1276,
61950,9911,4754,5157,17344,8390,8954,19821,9533,10288,17343,8288,9055,9909,4787,5122,2478,1201,1277,
61955,9912,4755,5157,17345,8390,8955,19822,9534,10288,17344,8289,9055,9911,4788,5123,2478,1201,1277,
61960,9913,4755,5158,17347,8391,8956,19825,9536,10289,17346,8290,9056,9912,4788,5124,2478,1201,1277,
61965,9914,4756,5158,17348,8392,8956,19826,9536,10290,17348,8290,9058,9912,4788,5124,2478,1201,1277,
61970,9915,4756,5159,17350,8394,8956,19829,9536,10293,17349,8291,9058,9913,4789,5124,2478,1201,1277,
61975,9915,4756,5159,17351,8395,8956,19829,9536,10293,17350,8291,9059,9913,4789,5124,2479,1202,1277,
61980,9916,4757,5159,17352,8395,8957,19830,9536,10294,17351,8292,9059,9915,4790,5125,2479,1202,1277,
61985,9917,4757,5160,17354,8397,8957,19833,9538,10295,17353,8294,9059,9916,4790,5126,2479,1202,1277,
61990,9918,4758,5160,17355,8398,8957,19834,9538,10296,17355,8295,9060,9916,4790,5126,2479,1202,1277,
61995,9919,4759,5160,17357,8398,8959,19837,9540,10297,17356,8296,9060,9917,4791,5126,2479,1202,1277,
62000,9919,4759,5160,17358,8398,8960,19837,9540,10297,17357,8296,9061,9917,4791,5126,2480,1202,1278,
62005,9920,4760,5160,17359,8399,8960,19838,9540,10298,17358,8297,9061,9919,4792,5127,2480,1202,1278,
62010,9921,4761,5160,17361,8400,8961,19841,9543,10298,17360,8297,9063,9920,4792,5128,2480,1202,1278,
62015,9922,4761,5161,17362,8401,8961,19842,9544,10298,17362,8297,9065,9920,4792,5128,2480,1202,1278,
62020,9923,4762,5161,17364,8401,8963,19845,9547,10298,17363,8297,9066,9921,4792,5129,2480,1202,1278,
62025,9923,4762,5161,17365,8401,8964,19845,9547,10298,17364,8297,9067,9921,4792,5129,2481,1203,1278,
62030,9924,4763,5161,17366,8402,8964,19846,9547,10299,17365,8297,9068,9923,4794,5129,2481,1203,1278,
62035,9925,4764,5161,17368,8403,8965,19849,9548,10301,17367,8298,9069,9924,4795,5129,2481,1203,1278,
62040,9926,4764,5162,17369,8403,8966,19850,9548,10302,17369,8298,9071,9924,4795,5129,2481,1203,1278,
62045,9927,4764,5163,17371,8403,8968,19853,9549,10304,17370,8298,9072,9925,4795,5130,2481,1203,1278,
62050,9927,4764,5163,17372,8403,8969,19853,9549,10304,17371,8299,9072,9925,4795,5130,2482,1204,1278,
62055,9928,4765,5163,17373,8403,8970,19854,9550,10304,17372,8299,9073,9927,4797,5130,2482,1204,1278,
62060,9929,4766,5163,17375,8404,8971,19857,9552,10305,17374,8299,9075,9928,4798,5130,2482,1204,1278,
62065,9930,4767,5163,17376,8404,8972,19858,9553,10305,17376,8300,9076,9928,4798,5130,2482,1204,1278,
62070,9931,4768,5163,17378,8404,8974,19861,9554,10307,17377,8300,9077,9929,4799,5130,2482,1204,1278,
62075,9931,4768,5163,17379,8404,8975,19861,9554,10307,17378,8300,9078,9929,4799,5130,2483,1205,1278,
62080,9932,4768,5164,17380,8404,8976,19862,9554,10308,17379,8301,9078,9931,4801,5130,2483,1205,1278,
62085,9933,4768,5165,17382,8404,8978,19865,9556,10309,17381,8302,9079,9932,4801,5131,2483,1205,1278,
62090,9934,4768,5166,17383,8405,8978,19866,9556,10310,17383,8303,9080,9932,4801,5131,2483,1205,1278,
62095,9935,4769,5166,17385,8406,8979,19869,9558,10311,17384,8303,9081,9933,4802,5131,2483,1205,1278,
62100,9935,4769,5166,17386,8407,8979,19869,9558,10311,17385,8304,9081,9933,4802,5131,2484,1206,1278,
62105,9936,4769,5167,17387,8408,8979,19870,9558,10312,17386,8304,9082,9935,4804,5131,2484,1206,1278,
62110,9937,4769,5168,17389,8408,8981,19873,9560,10313,17388,8304,9084,9936,4805,5131,2484,1206,1278,
62115,9938,4769,5169,17390,8408,8982,19874,9561,10313,17390,8305,9085,9936,4805,5131,2484,1206,1278,
62120,9939,4769,5170,17392,8409,8983,19877,9562,10315,17391,8306,9085,9937,4806,5131,2484,1206,1278,
62125,9939,4769,5170,17393,8410,8983,19877,9562,10315,17392,8306,9086,9937,4806,5131,2485,1207,1278,
62130,9940,4770,5170,17394,8411,8983,19878,9562,10316,17393,8306,9087,9939,4807,5132,2485,1207,1278,
62135,9941,4770,5171,17396,8412,8984,19881,9564,10317,17395,8307,9088,9940,4808,5132,2485,1207,1278,
62140,9942,4770,5172,17397,8412,8985,19882,9565,10317,17397,8309,9088,9940,4808,5132,2485,1207,1278,
62145,9943,4770,5173,17399,8412,8987,19885,9567,10318,17398,8309,9089,9941,4808,5133,2485,1207,1278,
62150,9943,4770,5173,17400,8412,8988,19885,9567,10318,17399,8309,9090,9941,4808,5133,2486,1207,1279,
62155,9944,4771,5173,17401,8412,8989,19886,9567,10319,17400,8310,9090,9943,4808,5135,2486,1207,1279,
62160,9945,4772,5173,17403,8413,8990,19889,9567,10322,17402,8310,9092,9944,4808,5136,2486,1207,1279,
62165,9946,4772,5174,17404,8413,8991,19890,9568,10322,17404,8310,9094,9944,4808,5136,2486,1207,1279,
62170,9947,4773,5174,17406,8414,8992,19893,9570,10323,17405,8311,9094,9945,4808,5137,2486,1207,1279,
62175,9947,4773,5174,17407,8415,8992,19893,9570,10323,17406,8311,9095,9945,4808,5137,2487,1207,1280,
62180,9948,4774,5174,17408,8415,8993,19894,9570,10324,17407,8312,9095,9947,4808,5139,2487,1207,1280,
62185,9949,4775,5174,17410,8416,8994,19897,9571,10326,17409,8314,9095,9948,4809,5139,2487,1207,1280,
62190,9950,4776,5174,17411,8417,8994,19898,9571,10327,17411,8315,9096,9948,4809,5139,2487,1207,1280,
62195,9951,4776,5175,17413,8418,8995,19901,9572,10329,17412,8316,9096,9949,4810,5139,2487,1207,1280,
62200,9951,4776,5175,17414,8419,8995,19901,9572,10329,17413,8316,9097,9949,4810,5139,2488,1208,1280,
62205,9952,4777,5175,17415,8420,8995,19902,9573,10329,17414,8316,9098,9951,4810,5141,2488,1208,1280,
62210,9953,4777,5176,17417,8420,8997,19905,9573,10332,17416,8318,9098,9952,4811,5141,2488,1208,1280,
62215,9954,4778,5176,17418,8420,8998,19906,9573,10333,17418,8320,9098,9952,4811,5141,2488,1208,1280,
62220,9955,4779,5176,17420,8421,8999,19909,9573,10336,17419,8321,9098,9953,4811,5142,2488,1208,1280,
62225,9955,4779,5176,17421,8421,9000,19909,9573,10336,17420,8321,9099,9953,4811,5142,2489,1209,1280,
62230,9956,4780,5176,17422,8421,9001,19910,9574,10336,17421,8321,9100,9955,4813,5142,2489,1209,1280,
62235,9957,4781,5176,17424,8422,9002,19913,9574,10339,17423,8322,9101,9956,4814,5142,2489,1209,1280,
62240,9958,4781,5177,17425,8422,9003,19914,9575,10339,17425,8323,9102,9956,4814,5142,2489,1209,1280,
62245,9959,4782,5177,17427,8423,9004,19917,9576,10341,17426,8324,9102,9957,4814,5143,2489,1209,1280,
62250,9959,4782,5177,17428,8424,9004,19917,9576,10341,17427,8325,9102,9957,4814,5143,2490,1210,1280,
62255,9960,4782,5178,17429,8424,9005,19918,9576,10342,17428,8326,9102,9959,4815,5144,2490,1210,1280,
62260,9961,4782,5179,17431,8424,9007,19921,9577,10344,17430,8328,9102,9960,4815,5145,2490,1210,1280,
62265,9962,4783,5179,17432,8424,9008,19922,9578,10344,17432,8329,9103,9960,4815,5145,2490,1210,1280,
62270,9963,4783,5180,17434,8424,9010,19925,9579,10346,17433,8329,9104,9961,4816,5145,2490,1210,1280,
62275,9963,4783,5180,17435,8424,9011,19925,9579,10346,17434,8330,9104,9961,4816,5145,2491,1210,1281,
62280,9964,4783,5181,17436,8424,9012,19926,9579,10347,17435,8330,9105,9963,4817,5146,2491,1210,1281,
62285,9965,4783,5182,17438,8424,9014,19929,9581,10348,17437,8331,9106,9964,4817,5147,2491,1210,1281,
62290,9966,4783,5183,17439,8424,9015,19930,9582,10348,17439,8332,9107,9964,4817,5147,2491,1210,1281,
62295,9967,4783,5184,17441,8425,9016,19933,9583,10350,17440,8332,9108,9965,4818,5147,2491,1210,1281,
62300,9967,4783,5184,17442,8425,9017,19933,9583,10350,17441,8332,9109,9965,4818,5147,2492,1211,1281,
62305,9968,4784,5184,17443,8426,9017,19934,9583,10351,17442,8332,9110,9967,4818,5149,2492,1211,1281,
62310,9969,4785,5184,17445,8426,9019,19937,9585,10352,17444,8332,9112,9968,4819,5149,2492,1211,1281,
62315,9970,4785,5185,17446,8426,9020,19938,9586,10352,17446,8332,9114,9968,4819,5149,2492,1211,1281,
62320,9971,4785,5186,17448,8427,9021,19941,9586,10355,17447,8333,9114,9969,4819,5150,2492,1211,1281,
62325,9971,4785,5186,17449,8427,9022,19941,9586,10355,17448,8333,9115,9969,4819,5150,2493,1212,1281,
62330,9972,4786,5186,17450,8427,9023,19942,9586,10356,17449,8333,9116,9971,4820,5151,2493,1212,1281,
62335,9973,4787,5186,17452,8428,9024,19945,9587,10358,17451,8334,9117,9972,4820,5152,2493,1212,1281,
62340,9974,4787,5187,17453,8429,9024,19946,9588,10358,17453,8334,9119,9972,4820,5152,2493,1212,1281,
62345,9975,4787,5188,17455,8430,9025,19949,9589,10360,17454,8334,9120,9973,4821,5152,2493,1212,1281,
62350,9975,4787,5188,17456,8430,9026,19949,9589,10360,17455,8334,9121,9973,4821,5152,2494,1212,1282,
62355,9976,4787,5189,17457,8431,9026,19950,9590,10360,17456,8334,9122,9975,4822,5153,2494,1212,1282,
62360,9977,4788,5189,17459,8433,9026,19953,9591,10362,17458,8335,9123,9976,4822,5154,2494,1212,1282,
62365,9978,4788,5190,17460,8434,9026,19954,9592,10362,17460,8337,9123,9976,4822,5154,2494,1212,1282,
62370,9979,4789,5190,17462,8435,9027,19957,9594,10363,17461,8338,9123,9977,4822,5155,2494,1212,1282,
62375,9979,4789,5190,17463,8435,9028,19957,9594,10363,17462,8338,9124,9977,4822,5155,2495,1213,1282,
62380,9980,4790,5190,17464,8435,9029,19958,9595,10363,17463,8339,9124,9979,4822,5157,2495,1213,1282,
62385,9981,4790,5191,17466,8435,9031,19961,9597,10364,17465,8340,9125,9980,4822,5158,2495,1213,1282,
62390,9982,4790,5192,17467,8436,9031,19962,9597,10365,17467,8340,9127,9980,4822,5158,2495,1213,1282,
62395,9983,4791,5192,17469,8438,9031,19965,9598,10367,17468,8340,9128,9981,4823,5158,2495,1213,1282,
62400,9983,4791,5192,17470,8439,9031,19965,9598,10367,17469,8341,9128,9981,4823,5158,2496,1213,1283,
62405,9984,4791,5193,17471,8439,9032,19966,9598,10368,17470,8342,9128,9983,4825,5158,2496,1213,1283,
62410,9985,4791,5194,17473,8440,9033,19969,9599,10370,17472,8343,9129,9984,4826,5158,2496,1213,1283,
62415,9986,4792,5194,17474,8440,9034,19970,9599,10371,17474,8343,9131,9984,4826,5158,2496,1213,1283,
62420,9987,4792,5195,17476,8441,9035,19973,9600,10373,17475,8343,9132,9985,4826,5159,2496,1213,1283,
62425,9987,4792,5195,17477,8441,9036,19973,9600,10373,17476,8344,9132,9985,4826,5159,2497,1214,1283,
62430,9988,4792,5196,17478,8442,9036,19974,9601,10373,17477,8344,9133,9987,4827,5160,2497,1214,1283,
62435,9989,4793,5196,17480,8443,9037,19977,9603,10374,17479,8345,9134,9988,4828,5160,2497,1214,1283,
62440,9990,4794,5196,17481,8444,9037,19978,9603,10375,17481,8346,9135,9988,4828,5160,2497,1214,1283,
62445,9991,4795,5196,17483,8445,9038,19981,9605,10376,17482,8347,9135,9989,4828,5161,2497,1214,1283,
62450,9991,4795,5196,17484,8446,9038,19981,9605,10376,17483,8347,9136,9989,4828,5161,2498,1214,1284,
62455,9992,4795,5197,17485,8447,9038,19982,9606,10376,17484,8348,9136,9991,4829,5162,2498,1214,1284,
62460,9993,4795,5198,17487,8448,9039,19985,9607,10378,17486,8349,9137,9992,4830,5162,2498,1214,1284,
62465,9994,4795,5199,17488,8448,9040,19986,9607,10379,17488,8350,9138,9992,4830,5162,2498,1214,1284,
62470,9995,4796,5199,17490,8449,9041,19989,9608,10381,17489,8350,9139,9993,4831,5162,2498,1214,1284,
62475,9995,4796,5199,17491,8450,9041,19989,9608,10381,17490,8350,9140,9993,4831,5162,2499,1214,1285,
62480,9996,4797,5199,17492,8451,9041,19990,9609,10381,17491,8350,9141,9995,4833,5162,2499,1214,1285,
62485,9997,4797,5200,17494,8451,9043,19993,9611,10382,17493,8351,9142,9996,4834,5162,2499,1214,1285,
62490,9998,4797,5201,17495,8451,9044,19994,9611,10383,17495,8351,9144,9996,4834,5162,2499,1214,1285,
62495,9999,4797,5202,17497,8453,9044,19997,9612,10385,17496,8352,9144,9997,4835,5162,2499,1214,1285,
62500,9999,4797,5202,17498,8454,9044,19997,9612,10385,17497,8352,9145,9997,4835,5162,2500,1214,1286,
62505,10000,4797,5203,17499,8454,9045,19998,9612,10386,17498,8353,9145,9999,4835,5164,2500,1214,1286,
62510,10001,4797,5204,17501,8455,9046,20001,9613,10388,17500,8353,9147,10000,4836,5164,2500,1214,1286,
62515,10002,4798,5204,17502,8455,9047,20002,9614,10388,17502,8353,9149,10000,4836,5164,2500,1214,1286,
62520,10003,4799,5204,17504,8455,9049,20005,9614,10391,17503,8353,9150,10001,4836,5165,2500,1214,1286,
62525,10003,4799,5204,17505,8456,9049,20005,9614,10391,17504,8353,9151,10001,4836,5165,2501,1215,1286,
62530,10004,4800,5204,17506,8456,9050,20006,9614,10392,17505,8354,9151,10003,4837,5166,2501,1215,1286,
62535,10005,4800,5205,17508,8458,9050,20009,9617,10392,17507,8355,9152,10004,4838,5166,2501,1215,1286,
62540,10006,4801,5205,17509,8459,9050,20010,9618,10392,17509,8357,9152,10004,4838,5166,2501,1215,1286,
62545,10007,4801,5206,17511,8460,9051,20013,9621,10392,17510,8358,9152,10005,4839,5166,2501,1215,1286,
62550,10007,4801,5206,17512,8461,9051,20013,9621,10392,17511,8359,9152,10005,4839,5166,2502,1215,1287,
62555,10008,4802,5206,17513,8461,9052,20014,9621,10393,17512,8359,9153,10007,4839,5168,2502,1215,1287,
62560,10009,4802,5207,17515,8462,9053,20017,9624,10393,17514,8360,9154,10008,4839,5169,2502,1215,1287,
62565,10010,4802,5208,17516,8463,9053,20018,9624,10394,17516,8361,9155,10008,4839,5169,2502,1215,1287,
62570,10011,4803,5208,17518,8464,9054,20021,9626,10395,17517,8362,9155,10009,4839,5170,2502,1215,1287,
62575,10011,4803,5208,17519,8464,9055,20021,9626,10395,17518,8363,9155,10009,4839,5170,2503,1216,1287,
62580,10012,4804,5208,17520,8464,9056,20022,9627,10395,17519,8363,9156,10011,4839,5172,2503,1216,1287,
62585,10013,4805,5208,17522,8465,9057,20025,9629,10396,17521,8363,9158,10012,4840,5172,2503,1216,1287,
62590,10014,4805,5209,17523,8465,9058,20026,9630,10396,17523,8364,9159,10012,4840,5172,2503,1216,1287,
62595,10015,4805,5210,17525,8467,9058,20029,9633,10396,17524,8365,9159,10013,4841,5172,2503,1216,1287,
62600,10015,4805,5210,17526,8468,9058,20029,9633,10396,17525,8366,9159,10013,4841,5172,2504,1217,1287,
62605,10016,4806,5210,17527,8469,9058,20030,9633,10397,17526,8366,9160,10015,4843,5172,2504,1217,1287,
62610,10017,4807,5210,17529,8470,9059,20033,9635,10398,17528,8368,9160,10016,4843,5173,2504,1217,1287,
62615,10018,4808,5210,17530,8470,9060,20034,9636,10398,17530,8370,9160,10016,4843,5173,2504,1217,1287,
62620,10019,4809,5210,17532,8472,9060,20037,9638,10399,17531,8370,9161,10017,4844,5173,2504,1217,1287,
62625,10019,4809,5210,17533,8473,9060,20037,9638,10399,17532,8371,9161,10017,4844,5173,2505,1218,1287,
62630,10020,4809,5211,17534,8474,9060,20038,9638,10400,17533,8372,9161,10019,4845,5174,2505,1218,1287,
62635,10021,4810,5211,17536,8474,9062,20041,9640,10401,17535,8373,9162,10020,4846,5174,2505,1218,1287,
62640,10022,4810,5212,17537,8475,9062,20042,9640,10402,17537,8373,9164,10020,4846,5174,2505,1218,1287,
62645,10023,4811,5212,17539,8477,9062,20045,9642,10403,17538,8373,9165,10021,4846,5175,2505,1218,1287,
62650,10023,4811,5212,17540,8477,9063,20045,9642,10403,17539,8373,9166,10021,4846,5175,2506,1218,1288,
62655,10024,4811,5213,17541,8478,9063,20046,9642,10404,17540,8374,9166,10023,4846,5177,2506,1218,1288,
62660,10025,4812,5213,17543,8479,9064,20049,9643,10406,17542,8375,9167,10024,4846,5178,2506,1218,1288,
62665,10026,4813,5213,17544,8480,9064,20050,9644,10406,17544,8376,9168,10024,4846,5178,2506,1218,1288,
62670,10027,4813,5214,17546,8480,9066,20053,9647,10406,17545,8377,9168,10025,4846,5179,2506,1218,1288,
62675,10027,4813,5214,17547,8481,9066,20053,9647,10406,17546,8377,9169,10025,4846,5179,2507,1218,1289,
62680,10028,4814,5214,17548,8481,9067,20054,9647,10407,17547,8378,9169,10027,4846,5181,2507,1218,1289,
62685,10029,4815,5214,17550,8482,9068,20057,9649,10408,17549,8380,9169,10028,4847,5181,2507,1218,1289,
62690,10030,4816,5214,17551,8482,9069,20058,9649,10409,17551,8380,9171,10028,4847,5181,2507,1218,1289,
62695,10031,4816,5215,17553,8484,9069,20061,9650,10411,17552,8380,9172,10029,4847,5182,2507,1218,1289,
62700,10031,4816,5215,17554,8485,9069,20061,9650,10411,17553,8381,9172,10029,4847,5182,2508,1219,1289,
62705,10032,4817,5215,17555,8485,9070,20062,9650,10412,17554,8381,9173,10031,4848,5183,2508,1219,1289,
62710,10033,4818,5215,17557,8487,9070,20065,9653,10412,17556,8382,9174,10032,4849,5183,2508,1219,1289,
62715,10034,4819,5215,17558,8488,9070,20066,9654,10412,17558,8383,9175,10032,4849,5183,2508,1219,1289,
62720,10035,4820,5215,17560,8488,9072,20069,9655,10414,17559,8383,9176,10033,4849,5184,2508,1219,1289,
62725,10035,4820,5215,17561,8489,9072,20069,9655,10414,17560,8384,9176,10033,4849,5184,2509,1219,1290,
62730,10036,4821,5215,17562,8490,9072,20070,9656,10414,17561,8384,9177,10035,4850,5185,2509,1219,1290,
62735,10037,4822,5215,17564,8491,9073,20073,9658,10415,17563,8385,9178,10036,4851,5185,2509,1219,1290,
62740,10038,4822,5216,17565,8492,9073,20074,9658,10416,17565,8387,9178,10036,4851,5185,2509,1219,1290,
62745,10039,4823,5216,17567,8494,9073,20077,9661,10416,17566,8388,9178,10037,4851,5186,2509,1219,1290,
62750,10039,4823,5216,17568,8494,9074,20077,9661,10416,17567,8389,9178,10037,4851,5186,2510,1220,1290,
62755,10040,4824,5216,17569,8494,9075,20078,9662,10416,17568,8389,9179,10039,4852,5187,2510,1220,1290,
62760,10041,4824,5217,17571,8495,9076,20081,9663,10418,17570,8391,9179,10040,4852,5188,2510,1220,1290,
62765,10042,4824,5218,17572,8495,9077,20082,9663,10419,17572,8392,9180,10040,4852,5188,2510,1220,1290,
62770,10043,4825,5218,17574,8496,9078,20085,9663,10422,17573,8393,9180,10041,4852,5189,2510,1220,1290,
62775,10043,4825,5218,17575,8496,9079,20085,9663,10422,17574,8393,9181,10041,4852,5189,2511,1221,1290,
62780,10044,4826,5218,17576,8497,9079,20086,9664,10422,17575,8393,9182,10043,4853,5190,2511,1221,1290,
62785,10045,4827,5218,17578,8498,9080,20089,9666,10423,17577,8394,9183,10044,4854,5190,2511,1221,1290,
62790,10046,4828,5218,17579,8498,9081,20090,9666,10424,17579,8395,9184,10044,4854,5190,2511,1221,1290,
62795,10047,4829,5218,17581,8498,9083,20093,9666,10427,17580,8395,9185,10045,4854,5191,2511,1221,1290,
62800,10047,4829,5218,17582,8498,9084,20093,9666,10427,17581,8395,9186,10045,4854,5191,2512,1221,1291,
62805,10048,4829,5219,17583,8499,9084,20094,9667,10427,17582,8396,9186,10047,4855,5192,2512,1221,1291,
62810,10049,4829,5220,17585,8500,9085,20097,9668,10429,17584,8397,9187,10048,4855,5193,2512,1221,1291,
62815,10050,4829,5221,17586,8501,9085,20098,9668,10430,17586,8398,9188,10048,4855,5193,2512,1221,1291,
62820,10051,4829,5222,17588,8501,9087,20101,9670,10431,17587,8399,9188,10049,4855,5194,2512,1221,1291,
62825,10051,4829,5222,17589,8501,9088,20101,9670,10431,17588,8399,9189,10049,4855,5194,2513,1221,1292,
62830,10052,4830,5222,17590,8501,9089,20102,9670,10432,17589,8399,9190,10051,4856,5195,2513,1221,1292,
62835,10053,4830,5223,17592,8502,9090,20105,9671,10434,17591,8399,9192,10052,4856,5196,2513,1221,1292,
62840,10054,4831,5223,17593,8502,9091,20106,9671,10435,17593,8399,9194,10052,4856,5196,2513,1221,1292,
62845,10055,4832,5223,17595,8502,9093,20109,9673,10436,17594,8400,9194,10053,4857,5196,2513,1221,1292,
62850,10055,4832,5223,17596,8503,9093,20109,9673,10436,17595,8400,9195,10053,4857,5196,2514,1221,1293,
62855,10056,4832,5224,17597,8503,9094,20110,9673,10437,17596,8400,9196,10055,4858,5197,2514,1221,1293,
62860,10057,4832,5225,17599,8503,9096,20113,9675,10438,17598,8400,9198,10056,4858,5198,2514,1221,1293,
62865,10058,4832,5226,17600,8503,9097,20114,9676,10438,17600,8401,9199,10056,4858,5198,2514,1221,1293,
62870,10059,4832,5227,17602,8503,9099,20117,9677,10440,17601,8401,9200,10057,4858,5199,2514,1221,1293,
62875,10059,4832,5227,17603,8504,9099,20117,9677,10440,17602,8401,9201,10057,4858,5199,2515,1221,1294,
62880,10060,4833,5227,17604,8504,9100,20118,9678,10440,17603,8402,9201,10059,4859,5200,2515,1221,1294,
62885,10061,4833,5228,17606,8505,9101,20121,9680,10441,17605,8403,9202,10060,4859,5201,2515,1221,1294,
62890,10062,4833,5229,17607,8506,9101,20122,9681,10441,17607,8404,9203,10060,4859,5201,2515,1221,1294,
62895,10063,4833,5230,17609,8507,9102,20125,9682,10443,17608,8404,9204,10061,4859,5202,2515,1221,1294,
62900,10063,4833,5230,17610,8507,9103,20125,9682,10443,17609,8404,9205,10061,4859,5202,2516,1221,1295,
62905,10064,4834,5230,17611,8507,9104,20126,9683,10443,17610,8405,9205,10063,4860,5203,2516,1221,1295,
62910,10065,4834,5231,17613,8509,9104,20129,9683,10446,17612,8406,9206,10064,4860,5204,2516,1221,1295,
62915,10066,4834,5232,17614,8510,9104,20130,9684,10446,17614,8407,9207,10064,4860,5204,2516,1221,1295,
62920,10067,4835,5232,17616,8511,9105,20133,9684,10449,17615,8407,9208,10065,4861,5204,2516,1221,1295,
62925,10067,4835,5232,17617,8512,9105,20133,9684,10449,17616,8408,9208,10065,4861,5204,2517,1221,1296,
62930,10068,4836,5232,17618,8512,9106,20134,9684,10450,17617,8408,9209,10067,4862,5205,2517,1221,1296,
62935,10069,4836,5233,17620,8513,9107,20137,9686,10451,17619,8409,9210,10068,4862,5206,2517,1221,1296,
62940,10070,4836,5234,17621,8514,9107,20138,9686,10452,17621,8411,9210,10068,4862,5206,2517,1221,1296,
62945,10071,4836,5235,17623,8515,9108,20141,9688,10453,17622,8411,9211,10069,4862,5207,2517,1221,1296,
62950,10071,4836,5235,17624,8516,9108,20141,9688,10453,17623,8411,9212,10069,4862,5207,2518,1222,1296,
62955,10072,4836,5236,17625,8516,9109,20142,9689,10453,17624,8411,9213,10071,4862,5209,2518,1222,1296,
62960,10073,4836,5237,17627,8516,9111,20145,9691,10454,17626,8412,9214,10072,4863,5209,2518,1222,1296,
62965,10074,4836,5238,17628,8517,9111,20146,9691,10455,17628,8412,9216,10072,4863,5209,2518,1222,1296,
62970,10075,4837,5238,17630,8519,9111,20149,9692,10457,17629,8413,9216,10073,4863,5210,2518,1222,1296,
62975,10075,4837,5238,17631,8519,9112,20149,9692,10457,17630,8413,9217,10073,4863,5210,2519,1222,1297,
62980,10076,4837,5239,17632,8519,9113,20150,9693,10457,17631,8414,9217,10075,4864,5211,2519,1222,1297,
62985,10077,4837,5240,17634,8521,9113,20153,9694,10459,17633,8414,9219,10076,4864,5212,2519,1222,1297,
62990,10078,4838,5240,17635,8522,9113,20154,9695,10459,17635,8414,9221,10076,4864,5212,2519,1222,1297,
62995,10079,4839,5240,17637,8524,9113,20157,9696,10461,17636,8414,9222,10077,4864,5213,2519,1222,1297,
63000,10079,4839,5240,17638,8524,9114,20157,9696,10461,17637,8414,9223,10077,4864,5213,2520,1223,1297,
63005,10080,4840,5240,17639,8525,9114,20158,9696,10462,17638,8415,9223,10079,4864,5215,2520,1223,1297,
63010,10081,4840,5241,17641,8525,9116,20161,9698,10463,17640,8417,9223,10080,4865,5215,2520,1223,1297,
63015,10082,4840,5242,17642,8525,9117,20162,9698,10464,17642,8417,9225,10080,4865,5215,2520,1223,1297,
63020,10083,4840,5243,17644,8526,9118,20165,9700,10465,17643,8417,9226,10081,4865,5216,2520,1223,1297,
63025,10083,4840,5243,17645,8527,9118,20165,9700,10465,17644,8418,9226,10081,4865,5216,2521,1224,1297,
63030,10084,4841,5243,17646,8527,9119,20166,9700,10466,17645,8418,9227,10083,4866,5217,2521,1224,1297,
63035,10085,4842,5243,17648,8528,9120,20169,9701,10468,17647,8420,9227,10084,4866,5218,2521,1224,1297,
63040,10086,4843,5243,17649,8529,9120,20170,9701,10469,17649,8420,9229,10084,4866,5218,2521,1224,1297,
63045,10087,4844,5243,17651,8529,9122,20173,9702,10471,17650,8421,9229,10085,4867,5218,2521,1224,1297,
63050,10087,4844,5243,17652,8530,9122,20173,9702,10471,17651,8421,9230,10085,4867,5218,2522,1224,1298,
63055,10088,4844,5244,17653,8530,9123,20174,9703,10471,17652,8422,9230,10087,4869,5218,2522,1224,1298,
63060,10089,4845,5244,17655,8531,9124,20177,9706,10471,17654,8423,9231,10088,4870,5218,2522,1224,1298,
63065,10090,4846,5244,17656,8532,9124,20178,9707,10471,17656,8423,9233,10088,4870,5218,2522,1224,1298,
63070,10091,4847,5244,17658,8533,9125,20181,9708,10473,17657,8423,9234,10089,4871,5218,2522,1224,1298,
63075,10091,4847,5244,17659,8533,9126,20181,9708,10473,17658,8423,9235,10089,4871,5218,2523,1225,1298,
63080,10092,4847,5245,17660,8533,9127,20182,9708,10474,17659,8424,9235,10091,4872,5219,2523,1225,1298,
63085,10093,4848,5245,17662,8534,9128,20185,9710,10475,17661,8424,9237,10092,4872,5220,2523,1225,1298,
63090,10094,4848,5246,17663,8535,9128,20186,9710,10476,17663,8425,9238,10092,4872,5220,2523,1225,1298,
63095,10095,4849,5246,17665,8536,9129,20189,9712,10477,17664,8426,9238,10093,4872,5221,2523,1225,1298,
63100,10095,4849,5246,17666,8537,9129,20189,9712,10477,17665,8427,9238,10093,4872,5221,2524,1226,1298,
63105,10096,4850,5246,17667,8537,9130,20190,9713,10477,17666,8428,9238,10095,4873,5222,2524,1226,1298,
63110,10097,4850,5247,17669,8539,9130,20193,9715,10478,17668,8429,9239,10096,4874,5222,2524,1226,1298,
63115,10098,4850,5248,17670,8540,9130,20194,9715,10479,17670,8431,9239,10096,4874,5222,2524,1226,1298,
63120,10099,4850,5249,17672,8541,9131,20197,9717,10480,17671,8431,9240,10097,4875,5222,2524,1226,1298,
63125,10099,4850,5249,17673,8541,9132,20197,9717,10480,17672,8432,9240,10097,4875,5222,2525,1226,1299,
63130,10100,4850,5250,17674,8542,9132,20198,9717,10481,17673,8433,9240,10099,4876,5223,2525,1226,1299,
63135,10101,4850,5251,17676,8542,9134,20201,9718,10483,17675,8434,9241,10100,4876,5224,2525,1226,1299,
63140,10102,4850,5252,17677,8543,9134,20202,9718,10484,17677,8434,9243,10100,4876,5224,2525,1226,1299,
63145,10103,4850,5253,17679,8543,9136,20205,9718,10487,17678,8435,9243,10101,4877,5224,2525,1226,1299,
63150,10103,4850,5253,17680,8543,9137,20205,9718,10487,17679,8436,9243,10101,4877,5224,2526,1227,1299,
63155,10104,4850,5254,17681,8544,9137,20206,9719,10487,17680,8437,9243,10103,4878,5225,2526,1227,1299,
63160,10105,4850,5255,17683,8544,9139,20209,9719,10490,17682,8438,9244,10104,4879,5225,2526,1227,1299,
63165,10106,4851,5255,17684,8545,9139,20210,9720,10490,17684,8440,9244,10104,4879,5225,2526,1227,1299,
63170,10107,4852,5255,17686,8546,9140,20213,9722,10491,17685,8441,9244,10105,4880,5225,2526,1227,1299,
63175,10107,4852,5255,17687,8547,9140,20213,9722,10491,17686,8442,9244,10105,4880,5225,2527,1228,1299,
63180,10108,4853,5255,17688,8547,9141,20214,9723,10491,17687,8443,9244,10107,4882,5225,2527,1228,1299,
63185,10109,4853,5256,17690,8547,9143,20217,9725,10492,17689,8445,9244,10108,4882,5226,2527,1228,1299,
63190,10110,4854,5256,17691,8548,9143,20218,9725,10493,17691,8445,9246,10108,4882,5226,2527,1228,1299,
63195,10111,4855,5256,17693,8550,9143,20221,9728,10493,17692,8445,9247,10109,4883,5226,2527,1228,1299,
63200,10111,4855,5256,17694,8551,9143,20221,9728,10493,17693,8446,9247,10109,4883,5226,2528,1229,1299,
63205,10112,4856,5256,17695,8551,9144,20222,9729,10493,17694,8446,9248,10111,4884,5227,2528,1229,1299,
63210,10113,4857,5256,17697,8551,9146,20225,9731,10494,17696,8447,9249,10112,4885,5227,2528,1229,1299,
63215,10114,4858,5256,17698,8552,9146,20226,9731,10495,17698,8448,9250,10112,4885,5227,2528,1229,1299,
63220,10115,4859,5256,17700,8553,9147,20229,9732,10497,17699,8448,9251,10113,4886,5227,2528,1229,1299,
63225,10115,4859,5256,17701,8554,9147,20229,9732,10497,17700,8449,9251,10113,4886,5227,2529,1229,1300,
63230,10116,4859,5257,17702,8555,9147,20230,9733,10497,17701,8450,9251,10115,4886,5229,2529,1229,1300,
63235,10117,4859,5258,17704,8556,9148,20233,9734,10499,17703,8452,9251,10116,4886,5230,2529,1229,1300,
63240,10118,4859,5259,17705,8556,9149,20234,9734,10500,17705,8453,9252,10116,4886,5230,2529,1229,1300,
63245,10119,4859,5260,17707,8556,9151,20237,9735,10502,17706,8454,9252,10117,4886,5231,2529,1229,1300,
63250,10119,4859,5260,17708,8556,9152,20237,9735,10502,17707,8454,9253,10117,4886,5231,2530,1229,1301,
63255,10120,4859,5261,17709,8556,9153,20238,9735,10503,17708,8455,9253,10119,4887,5232,2530,1229,1301,
63260,10121,4860,5261,17711,8557,9154,20241,9737,10504,17710,8456,9254,10120,4887,5233,2530,1229,1301,
63265,10122,4860,5262,17712,8558,9154,20242,9737,10505,17712,8457,9255,10120,4887,5233,2530,1229,1301,
63270,10123,4860,5263,17714,8558,9156,20245,9740,10505,17713,8457,9256,10121,4887,5234,2530,1229,1301,
63275,10123,4860,5263,17715,8559,9156,20245,9740,10505,17714,8457,9257,10121,4887,5234,2531,1229,1302,
63280,10124,4860,5264,17716,8559,9157,20246,9741,10505,17715,8457,9258,10123,4888,5235,2531,1229,1302,
63285,10125,4861,5264,17718,8559,9159,20249,9742,10507,17717,8458,9259,10124,4889,5235,2531,1229,1302,
63290,10126,4861,5265,17719,8560,9159,20250,9742,10508,17719,8459,9260,10124,4889,5235,2531,1229,1302,
63295,10127,4861,5266,17721,8562,9159,20253,9743,10510,17720,8459,9261,10125,4889,5236,2531,1229,1302,
63300,10127,4861,5266,17722,8563,9159,20253,9743,10510,17721,8460,9261,10125,4889,5236,2532,1230,1302,
63305,10128,4862,5266,17723,8564,9159,20254,9743,10511,17722,8460,9262,10127,4889,5238,2532,1230,1302,
63310,10129,4862,5267,17725,8566,9159,20257,9744,10513,17724,8460,9264,10128,4890,5238,2532,1230,1302,
63315,10130,4862,5268,17726,8567,9159,20258,9744,10514,17726,8461,9265,10128,4890,5238,2532,1230,1302,
63320,10131,4863,5268,17728,8569,9159,20261,9745,10516,17727,8462,9265,10129,4890,5239,2532,1230,1302,
63325,10131,4863,5268,17729,8569,9160,20261,9745,10516,17728,8462,9266,10129,4890,5239,2533,1231,1302,
63330,10132,4863,5269,17730,8569,9161,20262,9746,10516,17729,8463,9266,10131,4892,5239,2533,1231,1302,
63335,10133,4863,5270,17732,8569,9163,20265,9746,10519,17731,8464,9267,10132,4893,5239,2533,1231,1302,
63340,10134,4864,5270,17733,8569,9164,20266,9746,10520,17733,8465,9268,10132,4893,5239,2533,1231,1302,
63345,10135,4865,5270,17735,8570,9165,20269,9746,10523,17734,8465,9269,10133,4893,5240,2533,1231,1302,
63350,10135,4865,5270,17736,8571,9165,20269,9746,10523,17735,8465,9270,10133,4893,5240,2534,1231,1303,
63355,10136,4865,5271,17737,8572,9165,20270,9747,10523,17736,8465,9271,10135,4894,5241,2534,1231,1303,
63360,10137,4865,5272,17739,8572,9167,20273,9750,10523,17738,8465,9273,10136,4895,5241,2534,1231,1303,
63365,10138,4865,5273,17740,8572,9168,20274,9750,10524,17740,8466,9274,10136,4895,5241,2534,1231,1303,
63370,10139,4865,5274,17742,8574,9168,20277,9751,10526,17741,8466,9275,10137,4896,5241,2534,1231,1303,
63375,10139,4865,5274,17743,8574,9169,20277,9751,10526,17742,8466,9276,10137,4896,5241,2535,1231,1304,
63380,10140,4865,5275,17744,8574,9170,20278,9752,10526,17743,8467,9276,10139,4897,5242,2535,1231,1304,
63385,10141,4866,5275,17746,8575,9171,20281,9753,10528,17745,8468,9277,10140,4898,5242,2535,1231,1304,
63390,10142,4866,5276,17747,8575,9172,20282,9754,10528,17747,8469,9278,10140,4898,5242,2535,1231,1304,
63395,10143,4866,5277,17749,8575,9174,20285,9755,10530,17748,8469,9279,10141,4899,5242,2535,1231,1304,
63400,10143,4866,5277,17750,8576,9174,20285,9755,10530,17749,8469,9280,10141,4899,5242,2536,1231,1305,
63405,10144,4866,5278,17751,8577,9174,20286,9756,10530,17750,8470,9280,10143,4901,5242,2536,1231,1305,
63410,10145,4866,5279,17753,8578,9175,20289,9758,10531,17752,8471,9281,10144,4902,5242,2536,1231,1305,
63415,10146,4866,5280,17754,8578,9176,20290,9758,10532,17754,8472,9282,10144,4902,5242,2536,1231,1305,
63420,10147,4867,5280,17756,8579,9177,20293,9760,10533,17755,8472,9283,10145,4902,5243,2536,1231,1305,
63425,10147,4867,5280,17757,8580,9177,20293,9760,10533,17756,8473,9283,10145,4902,5243,2537,1232,1305,
63430,10148,4867,5281,17758,8580,9178,20294,9761,10533,17757,8474,9283,10147,4902,5245,2537,1232,1305,
63435,10149,4867,5282,17760,8580,9180,20297,9764,10533,17759,8475,9284,10148,4902,5246,2537,1232,1305,
63440,10150,4867,5283,17761,8581,9180,20298,9765,10533,17761,8477,9284,10148,4902,5246,2537,1232,1305,
63445,10151,4867,5284,17763,8581,9182,20301,9766,10535,17762,8477,9285,10149,4903,5246,2537,1232,1305,
63450,10151,4867,5284,17764,8581,9183,20301,9766,10535,17763,8477,9286,10149,4903,5246,2538,1233,1305,
63455,10152,4868,5284,17765,8581,9184,20302,9767,10535,17764,8478,9286,10151,4904,5247,2538,1233,1305,
63460,10153,4869,5284,17767,8581,9186,20305,9769,10536,17766,8479,9287,10152,4905,5247,2538,1233,1305,
63465,10154,4869,5285,17768,8582,9186,20306,9770,10536,17768,8479,9289,10152,4905,5247,2538,1233,1305,
63470,10155,4869,5286,17770,8583,9187,20309,9771,10538,17769,8479,9290,10153,4905,5248,2538,1233,1305,
63475,10155,4869,5286,17771,8584,9187,20309,9771,10538,17770,8480,9290,10153,4905,5248,2539,1233,1306,
63480,10156,4869,5287,17772,8584,9188,20310,9772,10538,17771,8480,9291,10155,4905,5250,2539,1233,1306,
63485,10157,4869,5288,17774,8585,9189,20313,9772,10541,17773,8482,9291,10156,4905,5251,2539,1233,1306,
63490,10158,4870,5288,17775,8585,9190,20314,9772,10542,17775,8483,9292,10156,4905,5251,2539,1233,1306,
63495,10159,4870,5289,17777,8586,9191,20317,9773,10544,17776,8484,9292,10157,4905,5252,2539,1233,1306,
63500,10159,4870,5289,17778,8586,9192,20317,9773,10544,17777,8484,9293,10157,4905,5252,2540,1234,1306,
63505,10160,4870,5290,17779,8587,9192,20318,9774,10544,17778,8485,9293,10159,4906,5253,2540,1234,1306,
63510,10161,4870,5291,17781,8587,9194,20321,9776,10545,17780,8485,9295,10160,4907,5253,2540,1234,1306,
63515,10162,4870,5292,17782,8588,9194,20322,9776,10546,17782,8486,9296,10160,4907,5253,2540,1234,1306,
63520,10163,4871,5292,17784,8590,9194,20325,9778,10547,17783,8486,9297,10161,4908,5253,2540,1234,1306,
63525,10163,4871,5292,17785,8590,9195,20325,9778,10547,17784,8487,9297,10161,4908,5253,2541,1235,1306,
63530,10164,4872,5292,17786,8591,9195,20326,9778,10548,17785,8488,9297,10163,4910,5253,2541,1235,1306,
63535,10165,4872,5293,17788,8592,9196,20329,9778,10551,17787,8490,9297,10164,4910,5254,2541,1235,1306,
63540,10166,4872,5294,17789,8593,9196,20330,9779,10551,17789,8491,9298,10164,4910,5254,2541,1235,1306,
63545,10167,4873,5294,17791,8594,9197,20333,9781,10552,17790,8492,9298,10165,4910,5255,2541,1235,1306,
63550,10167,4873,5294,17792,8595,9197,20333,9781,10552,17791,8493,9298,10165,4910,5255,2542,1235,1307,
63555,10168,4874,5294,17793,8596,9197,20334,9782,10552,17792,8493,9299,10167,4911,5256,2542,1235,1307,
63560,10169,4875,5294,17795,8596,9199,20337,9783,10554,17794,8494,9300,10168,4912,5256,2542,1235,1307,
63565,10170,4876,5294,17796,8596,9200,20338,9783,10555,17796,8496,9300,10168,4912,5256,2542,1235,1307,
63570,10171,4877,5294,17798,8596,9202,20341,9784,10557,17797,8497,9300,10169,4913,5256,2542,1235,1307,
63575,10171,4877,5294,17799,8597,9202,20341,9784,10557,17798,8498,9300,10169,4913,5256,2543,1236,1307,
63580,10172,4877,5295,17800,8597,9203,20342,9784,10558,17799,8498,9301,10171,4914,5257,2543,1236,1307,
63585,10173,4877,5296,17802,8598,9204,20345,9785,10560,17801,8500,9301,10172,4914,5258,2543,1236,1307,
63590,10174,4877,5297,17803,8598,9205,20346,9786,10560,17803,8501,9302,10172,4914,5258,2543,1236,1307,
63595,10175,4877,5298,17805,8599,9206,20349,9787,10562,17804,8502,9302,10173,4914,5259,2543,1236,1307,
63600,10175,4877,5298,17806,8599,9207,20349,9787,10562,17805,8502,9303,10173,4914,5259,2544,1237,1307,
63605,10176,4878,5298,17807,8599,9208,20350,9787,10563,17806,8503,9303,10175,4915,5260,2544,1237,1307,
63610,10177,4878,5299,17809,8600,9209,20353,9788,10565,17808,8503,9305,10176,4915,5261,2544,1237,1307,
63615,10178,4878,5300,17810,8600,9210,20354,9788,10566,17810,8505,9305,10176,4915,5261,2544,1237,1307,
63620,10179,4879,5300,17812,8601,9211,20357,9789,10568,17811,8505,9306,10177,4915,5262,2544,1237,1307,
63625,10179,4879,5300,17813,8602,9211,20357,9789,10568,17812,8505,9307,10177,4915,5262,2545,1238,1307,
63630,10180,4880,5300,17814,8603,9211,20358,9789,10569,17813,8505,9308,10179,4916,5263,2545,1238,1307,
63635,10181,4881,5300,17816,8604,9212,20361,9790,10571,17815,8506,9309,10180,4917,5263,2545,1238,1307,
63640,10182,4882,5300,17817,8605,9212,20362,9790,10572,17817,8507,9310,10180,4917,5263,2545,1238,1307,
63645,10183,4883,5300,17819,8606,9213,20365,9791,10574,17818,8507,9311,10181,4918,5263,2545,1238,1307,
63650,10183,4883,5300,17820,8606,9214,20365,9791,10574,17819,8508,9311,10181,4918,5263,2546,1239,1307,
63655,10184,4883,5301,17821,8607,9214,20366,9791,10575,17820,8508,9312,10183,4918,5265,2546,1239,1307,
63660,10185,4883,5302,17823,8607,9216,20369,9792,10577,17822,8509,9313,10184,4918,5266,2546,1239,1307,
63665,10186,4884,5302,17824,8607,9217,20370,9792,10578,17824,8510,9314,10184,4918,5266,2546,1239,1307,
63670,10187,4884,5303,17826,8607,9219,20373,9794,10579,17825,8511,9314,10185,4918,5267,2546,1239,1307,
63675,10187,4884,5303,17827,8607,9220,20373,9794,10579,17826,8511,9315,10185,4918,5267,2547,1240,1307,
63680,10188,4885,5303,17828,8607,9221,20374,9795,10579,17827,8512,9315,10187,4919,5268,2547,1240,1307,
63685,10189,4885,5304,17830,8609,9221,20377,9797,10580,17829,8513,9316,10188,4920,5268,2547,1240,1307,
63690,10190,4886,5304,17831,8609,9222,20378,9797,10581,17831,8514,9317,10188,4920,5268,2547,1240,1307,
63695,10191,4887,5304,17833,8610,9223,20381,9799,10582,17832,8515,9317,10189,4920,5269,2547,1240,1307,
63700,10191,4887,5304,17834,8610,9224,20381,9799,10582,17833,8516,9317,10189,4920,5269,2548,1241,1307,
63705,10192,4888,5304,17835,8611,9224,20382,9800,10582,17834,8516,9318,10191,4921,5270,2548,1241,1307,
63710,10193,4888,5305,17837,8613,9224,20385,9803,10582,17836,8516,9320,10192,4921,5271,2548,1241,1307,
63715,10194,4889,5305,17838,8613,9225,20386,9803,10583,17838,8516,9322,10192,4921,5271,2548,1241,1307,
63720,10195,4890,5305,17840,8615,9225,20389,9805,10584,17839,8517,9322,10193,4922,5271,2548,1241,1307,
63725,10195,4890,5305,17841,8616,9225,20389,9805,10584,17840,8518,9322,10193,4922,5271,2549,1241,1308,
63730,10196,4890,5306,17842,8617,9225,20390,9805,10585,17841,8518,9323,10195,4924,5271,2549,1241,1308,
63735,10197,4891,5306,17844,8618,9226,20393,9806,10587,17843,8520,9323,10196,4925,5271,2549,1241,1308,
63740,10198,4891,5307,17845,8618,9227,20394,9806,10588,17845,8521,9324,10196,4925,5271,2549,1241,1308,
63745,10199,4891,5308,17847,8619,9228,20397,9807,10590,17846,8522,9324,10197,4926,5271,2549,1241,1308,
63750,10199,4891,5308,17848,8619,9229,20397,9807,10590,17847,8522,9325,10197,4926,5271,2550,1242,1308,
63755,10200,4891,5309,17849,8620,9229,20398,9807,10591,17848,8522,9326,10199,4928,5271,2550,1242,1308,
63760,10201,4891,5310,17851,8621,9230,20401,9809,10592,17850,8522,9328,10200,4929,5271,2550,1242,1308,
63765,10202,4892,5310,17852,8622,9230,20402,9809,10593,17852,8524,9328,10200,4929,5271,2550,1242,1308,
63770,10203,4893,5310,17854,8623,9231,20405,9809,10596,17853,8524,9329,10201,4929,5272,2550,1242,1308,
63775,10203,4893,5310,17855,8624,9231,20405,9809,10596,17854,8525,9329,10201,4929,5272,2551,1242,1309,
63780,10204,4894,5310,17856,8624,9232,20406,9810,10596,17855,8525,9330,10203,4929,5274,2551,1242,1309,
63785,10205,4895,5310,17858,8625,9233,20409,9812,10597,17857,8526,9331,10204,4930,5274,2551,1242,1309,
63790,10206,4896,5310,17859,8626,9233,20410,9812,10598,17859,8528,9331,10204,4930,5274,2551,1242,1309,
63795,10207,4896,5311,17861,8627,9234,20413,9812,10601,17860,8528,9332,10205,4931,5274,2551,1242,1309,
63800,10207,4896,5311,17862,8627,9235,20413,9812,10601,17861,8528,9333,10205,4931,5274,2552,1242,1310,
63805,10208,4897,5311,17863,8628,9235,20414,9813,10601,17862,8529,9333,10207,4931,5276,2552,1242,1310,
63810,10209,4898,5311,17865,8628,9237,20417,9815,10602,17864,8530,9334,10208,4932,5276,2552,1242,1310,
63815,10210,4899,5311,17866,8629,9237,20418,9815,10603,17866,8532,9334,10208,4932,5276,2552,1242,1310,
63820,10211,4900,5311,17868,8629,9239,20421,9816,10605,17867,8532,9335,10209,4932,5277,2552,1242,1310,
63825,10211,4900,5311,17869,8630,9239,20421,9816,10605,17868,8533,9335,10209,4932,5277,2553,1243,1310,
63830,10212,4901,5311,17870,8630,9240,20422,9816,10606,17869,8533,9336,10211,4934,5277,2553,1243,1310,
63835,10213,4901,5312,17872,8631,9241,20425,9818,10607,17871,8534,9337,10212,4934,5278,2553,1243,1310,
63840,10214,4901,5313,17873,8632,9241,20426,9818,10608,17873,8536,9337,10212,4934,5278,2553,1243,1310,
63845,10215,4901,5314,17875,8632,9243,20429,9819,10610,17874,8536,9338,10213,4934,5279,2553,1243,1310,
63850,10215,4901,5314,17876,8633,9243,20429,9819,10610,17875,8536,9339,10213,4934,5279,2554,1244,1310,
63855,10216,4902,5314,17877,8633,9244,20430,9820,10610,17876,8537,9339,10215,4935,5280,2554,1244,1310,
63860,10217,4902,5315,17879,8635,9244,20433,9821,10612,17878,8538,9340,10216,4935,5281,2554,1244,1310,
63865,10218,4903,5315,17880,8636,9244,20434,9821,10613,17880,8540,9340,10216,4935,5281,2554,1244,1310,
63870,10219,4903,5316,17882,8637,9245,20437,9822,10615,17881,8541,9340,10217,4935,5282,2554,1244,1310,
63875,10219,4903,5316,17883,8638,9245,20437,9822,10615,17882,8542,9340,10217,4935,5282,2555,1245,1310,
63880,10220,4904,5316,17884,8639,9245,20438,9823,10615,17883,8543,9340,10219,4936,5283,2555,1245,1310,
63885,10221,4904,5317,17886,8640,9246,20441,9823,10618,17885,8544,9341,10220,4936,5284,2555,1245,1310,
63890,10222,4905,5317,17887,8641,9246,20442,9823,10619,17887,8545,9342,10220,4936,5284,2555,1245,1310,
63895,10223,4905,5318,17889,8641,9248,20445,9824,10621,17888,8545,9343,10221,4937,5284,2555,1245,1310,
63900,10223,4905,5318,17890,8642,9248,20445,9824,10621,17889,8545,9344,10221,4937,5284,2556,1246,1310,
63905,10224,4906,5318,17891,8643,9248,20446,9824,10622,17890,8545,9345,10223,4938,5285,2556,1246,1310,
63910,10225,4907,5318,17893,8644,9249,20449,9825,10624,17892,8547,9345,10224,4938,5286,2556,1246,1310,
63915,10226,4908,5318,17894,8644,9250,20450,9826,10624,17894,8547,9347,10224,4938,5286,2556,1246,1310,
63920,10227,4908,5319,17896,8644,9252,20453,9826,10627,17895,8547,9348,10225,4939,5286,2556,1246,1310,
63925,10227,4908,5319,17897,8645,9252,20453,9826,10627,17896,8547,9349,10225,4939,5286,2557,1247,1310,
63930,10228,4908,5320,17898,8646,9252,20454,9826,10628,17897,8548,9349,10227,4941,5286,2557,1247,1310,
63935,10229,4909,5320,17900,8648,9252,20457,9827,10630,17899,8549,9350,10228,4941,5287,2557,1247,1310,
63940,10230,4910,5320,17901,8648,9253,20458,9827,10631,17901,8549,9352,10228,4941,5287,2557,1247,1310,
63945,10231,4911,5320,17903,8649,9254,20461,9829,10632,17902,8549,9353,10229,4941,5288,2557,1247,1310,
63950,10231,4911,5320,17904,8650,9254,20461,9829,10632,17903,8549,9354,10229,4941,5288,2558,1248,1310,
63955,10232,4912,5320,17905,8651,9254,20462,9829,10633,17904,8549,9355,10231,4943,5288,2558,1248,1310,
63960,10233,4913,5320,17907,8651,9256,20465,9829,10636,17906,8550,9356,10232,4943,5289,2558,1248,1310,
63965,10234,4913,5321,17908,8651,9257,20466,9829,10637,17908,8551,9357,10232,4943,5289,2558,1248,1310,
63970,10235,4913,5322,17910,8652,9258,20469,9832,10637,17909,8552,9357,10233,4944,5289,2558,1248,1310,
63975,10235,4913,5322,17911,8652,9259,20469,9832,10637,17910,8552,9358,10233,4944,5289,2559,1249,1310,
63980,10236,4913,5323,17912,8652,9260,20470,9833,10637,17911,8552,9359,10235,4945,5290,2559,1249,1310,
63985,10237,4913,5324,17914,8653,9261,20473,9833,10640,17913,8553,9360,10236,4946,5290,2559,1249,1310,
63990,10238,4914,5324,17915,8653,9262,20474,9834,10640,17915,8553,9362,10236,4946,5290,2559,1249,1310,
63995,10239,4914,5325,17917,8654,9263,20477,9835,10642,17916,8554,9362,10237,4946,5291,2559,1249,1310,
64000,10239,4914,5325,17918,8655,9263,20477,9835,10642,17917,8555,9362,10237,4946,5291,2560,1249,1311,
64005,10240,4914,5326,17919,8656,9263,20478,9836,10642,17918,8556,9362,10239,4947,5292,2560,1249,1311,
64010,10241,4914,5327,17921,8658,9263,20481,9838,10643,17920,8557,9363,10240,4947,5293,2560,1249,1311,
64015,10242,4914,5328,17922,8658,9264,20482,9838,10644,17922,8559,9363,10240,4947,5293,2560,1249,1311,
64020,10243,4915,5328,17924,8659,9265,20485,9840,10645,17923,8559,9364,10241,4947,5294,2560,1249,1311,
64025,10243,4915,5328,17925,8660,9265,20485,9840,10645,17924,8560,9364,10241,4947,5294,2561,1250,1311,
64030,10244,4916,5328,17926,8661,9265,20486,9840,10646,17925,8561,9364,10243,4949,5294,2561,1250,1311,
64035,10245,4916,5329,17928,8662,9266,20489,9842,10647,17927,8562,9365,10244,4950,5294,2561,1250,1311,
64040,10246,4917,5329,17929,8662,9267,20490,9842,10648,17929,8562,9367,10244,4950,5294,2561,1250,1311,
64045,10247,4918,5329,17931,8663,9268,20493,9843,10650,17930,8562,9368,10245,4950,5295,2561,1250,1311,
64050,10247,4918,5329,17932,8664,9268,20493,9843,10650,17931,8562,9369,10245,4950,5295,2562,1250,1312,
64055,10248,4918,5330,17933,8665,9268,20494,9844,10650,17932,8562,9370,10247,4951,5296,2562,1250,1312,
64060,10249,4918,5331,17935,8667,9268,20497,9846,10651,17934,8563,9371,10248,4952,5296,2562,1250,1312,
64065,10250,4918,5332,17936,8668,9268,20498,9846,10652,17936,8564,9372,10248,4952,5296,2562,1250,1312,
64070,10251,4919,5332,17938,8669,9269,20501,9847,10654,17937,8565,9372,10249,4952,5297,2562,1250,1312,
64075,10251,4919,5332,17939,8670,9269,20501,9847,10654,17938,8566,9372,10249,4952,5297,2563,1251,1312,
64080,10252,4919,5333,17940,8670,9270,20502,9847,10655,17939,8567,9372,10251,4953,5298,2563,1251,1312,
64085,10253,4920,5333,17942,8670,9272,20505,9849,10656,17941,8568,9373,10252,4954,5298,2563,1251,1312,
64090,10254,4920,5334,17943,8670,9273,20506,9849,10657,17943,8569,9374,10252,4954,5298,2563,1251,1312,
64095,10255,4921,5334,17945,8670,9275,20509,9851,10658,17944,8569,9375,10253,4954,5299,2563,1251,1312,
64100,10255,4921,5334,17946,8670,9276,20509,9851,10658,17945,8570,9375,10253,4954,5299,2564,1252,1312,
64105,10256,4921,5335,17947,8671,9276,20510,9851,10659,17946,8570,9376,10255,4956,5299,2564,1252,1312,
64110,10257,4922,5335,17949,8672,9277,20513,9852,10661,17948,8570,9378,10256,4957,5299,2564,1252,1312,
64115,10258,4923,5335,17950,8672,9278,20514,9853,10661,17950,8570,9380,10256,4957,5299,2564,1252,1312,
64120,10259,4923,5336,17952,8673,9279,20517,9855,10662,17951,8570,9381,10257,4958,5299,2564,1252,1312,
64125,10259,4923,5336,17953,8673,9280,20517,9855,10662,17952,8570,9382,10257,4958,5299,2565,1253,1312,
64130,10260,4924,5336,17954,8673,9281,20518,9856,10662,17953,8570,9383,10259,4959,5300,2565,1253,1312,
64135,10261,4924,5337,17956,8675,9281,20521,9857,10664,17955,8571,9384,10260,4959,5301,2565,1253,1312,
64140,10262,4924,5338,17957,8675,9282,20522,9858,10664,17957,8572,9385,10260,4959,5301,2565,1253,1312,
64145,10263,4925,5338,17959,8675,9284,20525,9858,10667,17958,8572,9386,10261,4959,5302,2565,1253,1312,
64150,10263,4925,5338,17960,8675,9285,20525,9858,10667,17959,8572,9387,10261,4959,5302,2566,1253,1313,
64155,10264,4926,5338,17961,8676,9285,20526,9859,10667,17960,8572,9388,10263,4961,5302,2566,1253,1313,
64160,10265,4927,5338,17963,8678,9285,20529,9859,10670,17962,8572,9390,10264,4962,5302,2566,1253,1313,
64165,10266,4928,5338,17964,8678,9286,20530,9859,10671,17964,8574,9390,10264,4962,5302,2566,1253,1313,
64170,10267,4929,5338,17966,8679,9287,20533,9862,10671,17965,8574,9391,10265,4962,5303,2566,1253,1313,
64175,10267,4929,5338,17967,8679,9288,20533,9862,10671,17966,8574,9392,10265,4962,5303,2567,1253,1314,
64180,10268,4929,5339,17968,8679,9289,20534,9862,10672,17967,8574,9393,10267,4962,5305,2567,1253,1314,
64185,10269,4929,5340,17970,8680,9290,20537,9865,10672,17969,8575,9394,10268,4963,5305,2567,1253,1314,
64190,10270,4930,5340,17971,8680,9291,20538,9866,10672,17971,8575,9396,10268,4963,5305,2567,1253,1314,
64195,10271,4931,5340,17973,8681,9292,20541,9866,10675,17972,8575,9397,10269,4964,5305,2567,1253,1314,
64200,10271,4931,5340,17974,8682,9292,20541,9866,10675,17973,8575,9398,10269,4964,5305,2568,1253,1315,
64205,10272,4931,5341,17975,8683,9292,20542,9866,10676,17974,8575,9399,10271,4965,5306,2568,1253,1315,
64210,10273,4931,5342,17977,8683,9294,20545,9867,10678,17976,8577,9399,10272,4965,5307,2568,1253,1315,
64215,10274,4931,5343,17978,8683,9295,20546,9868,10678,17978,8577,9401,10272,4965,5307,2568,1253,1315,
64220,10275,4931,5344,17980,8684,9296,20549,9871,10678,17979,8578,9401,10273,4966,5307,2568,1253,1315,
64225,10275,4931,5344,17981,8684,9297,20549,9871,10678,17980,8578,9402,10273,4966,5307,2569,1254,1315,
64230,10276,4931,5345,17982,8684,9298,20550,9871,10679,17981,8578,9403,10275,4967,5308,2569,1254,1315,
64235,10277,4931,5346,17984,8685,9299,20553,9874,10679,17983,8579,9404,10276,4967,5309,2569,1254,1315,
64240,10278,4931,5347,17985,8685,9300,20554,9874,10680,17985,8580,9405,10276,4967,5309,2569,1254,1315,
64245,10279,4932,5347,17987,8687,9300,20557,9876,10681,17986,8581,9405,10277,4968,5309,2569,1254,1315,
64250,10279,4932,5347,17988,8688,9300,20557,9876,10681,17987,8581,9406,10277,4968,5309,2570,1255,1315,
64255,10280,4932,5348,17989,8689,9300,20558,9876,10682,17988,8581,9407,10279,4968,5311,2570,1255,1315,
64260,10281,4933,5348,17991,8689,9302,20561,9879,10682,17990,8582,9408,10280,4969,5311,2570,1255,1315,
64265,10282,4934,5348,17992,8689,9303,20562,9880,10682,17992,8584,9408,10280,4969,5311,2570,1255,1315,
64270,10283,4935,5348,17994,8689,9305,20565,9880,10685,17993,8584,9409,10281,4969,5312,2570,1255,1315,
64275,10283,4935,5348,17995,8690,9305,20565,9880,10685,17994,8584,9410,10281,4969,5312,2571,1256,1315,
64280,10284,4936,5348,17996,8690,9306,20566,9881,10685,17995,8584,9411,10283,4970,5313,2571,1256,1315,
64285,10285,4936,5349,17998,8691,9307,20569,9882,10687,17997,8584,9413,10284,4970,5314,2571,1256,1315,
64290,10286,4936,5350,17999,8691,9308,20570,9883,10687,17999,8586,9413,10284,4970,5314,2571,1256,1315,
64295,10287,4936,5351,18001,8693,9308,20573,9884,10689,18000,8587,9413,10285,4970,5315,2571,1256,1315,
64300,10287,4936,5351,18002,8694,9308,20573,9884,10689,18001,8587,9414,10285,4970,5315,2572,1256,1316,
64305,10288,4937,5351,18003,8695,9308,20574,9884,10690,18002,8588,9414,10287,4971,5316,2572,1256,1316,
64310,10289,4937,5352,18005,8696,9309,20577,9886,10691,18004,8589,9415,10288,4971,5317,2572,1256,1316,
64315,10290,4937,5353,18006,8697,9309,20578,9886,10692,18006,8591,9415,10288,4971,5317,2572,1256,1316,
64320,10291,4937,5354,18008,8698,9310,20581,9887,10694,18007,8592,9415,10289,4971,5318,2572,1256,1316,
64325,10291,4937,5354,18009,8699,9310,20581,9887,10694,18008,8593,9415,10289,4971,5318,2573,1256,1317,
64330,10292,4938,5354,18010,8700,9310,20582,9888,10694,18009,8594,9415,10291,4973,5318,2573,1256,1317,
64335,10293,4939,5354,18012,8700,9312,20585,9889,10696,18011,8596,9415,10292,4974,5318,2573,1256,1317,
64340,10294,4940,5354,18013,8701,9312,20586,9889,10697,18013,8598,9415,10292,4974,5318,2573,1256,1317,
64345,10295,4940,5355,18015,8702,9313,20589,9890,10699,18014,8599,9415,10293,4975,5318,2573,1256,1317,
64350,10295,4940,5355,18016,8703,9313,20589,9890,10699,18015,8600,9415,10293,4975,5318,2574,1257,1317,
64355,10296,4941,5355,18017,8704,9313,20590,9891,10699,18016,8601,9415,10295,4976,5319,2574,1257,1317,
64360,10297,4942,5355,18019,8705,9314,20593,9892,10701,18018,8602,9416,10296,4976,5320,2574,1257,1317,
64365,10298,4943,5355,18020,8705,9315,20594,9892,10702,18020,8603,9417,10296,4976,5320,2574,1257,1317,
64370,10299,4944,5355,18022,8706,9316,20597,9894,10703,18021,8604,9417,10297,4977,5320,2574,1257,1317,
64375,10299,4944,5355,18023,8706,9317,20597,9894,10703,18022,8605,9417,10297,4977,5320,2575,1257,1318,
64380,10300,4944,5356,18024,8706,9318,20598,9895,10703,18023,8606,9417,10299,4978,5321,2575,1257,1318,
64385,10301,4944,5357,18026,8707,9319,20601,9897,10704,18025,8606,9419,10300,4978,5322,2575,1257,1318,
64390,10302,4944,5358,18027,8707,9320,20602,9898,10704,18027,8606,9421,10300,4978,5322,2575,1257,1318,
64395,10303,4945,5358,18029,8707,9322,20605,9899,10706,18028,8606,9422,10301,4978,5323,2575,1257,1318,
64400,10303,4945,5358,18030,8707,9323,20605,9899,10706,18029,8606,9423,10301,4978,5323,2576,1258,1318,
64405,10304,4945,5359,18031,8707,9324,20606,9900,10706,18030,8607,9423,10303,4979,5324,2576,1258,1318,
64410,10305,4946,5359,18033,8708,9325,20609,9901,10708,18032,8607,9425,10304,4979,5325,2576,1258,1318,
64415,10306,4946,5360,18034,8709,9325,20610,9901,10709,18034,8608,9426,10304,4979,5325,2576,1258,1318,
64420,10307,4947,5360,18036,8711,9325,20613,9902,10711,18035,8608,9427,10305,4979,5326,2576,1258,1318,
64425,10307,4947,5360,18037,8711,9326,20613,9902,10711,18036,8609,9427,10305,4979,5326,2577,1259,1318,
64430,10308,4948,5360,18038,8712,9326,20614,9902,10712,18037,8609,9428,10307,4979,5328,2577,1259,1318,
64435,10309,4948,5361,18040,8714,9326,20617,9905,10712,18039,8610,9429,10308,4979,5329,2577,1259,1318,
64440,10310,4949,5361,18041,8714,9327,20618,9905,10713,18041,8611,9430,10308,4979,5329,2577,1259,1318,
64445,10311,4949,5362,18043,8714,9329,20621,9905,10716,18042,8612,9430,10309,4980,5329,2577,1259,1318,
64450,10311,4949,5362,18044,8715,9329,20621,9905,10716,18043,8612,9431,10309,4980,5329,2578,1259,1319,
64455,10312,4949,5363,18045,8716,9329,20622,9906,10716,18044,8612,9432,10311,4981,5330,2578,1259,1319,
64460,10313,4949,5364,18047,8718,9329,20625,9907,10718,18046,8613,9433,10312,4982,5330,2578,1259,1319,
64465,10314,4949,5365,18048,8718,9330,20626,9908,10718,18048,8615,9433,10312,4982,5330,2578,1259,1319,
64470,10315,4949,5366,18050,8720,9330,20629,9908,10721,18049,8615,9434,10313,4983,5330,2578,1259,1319,
64475,10315,4949,5366,18051,8720,9331,20629,9908,10721,18050,8616,9434,10313,4983,5330,2579,1260,1319,
64480,10316,4949,5367,18052,8720,9332,20630,9909,10721,18051,8616,9435,10315,4984,5331,2579,1260,1319,
64485,10317,4950,5367,18054,8720,9334,20633,9911,10722,18053,8617,9436,10316,4985,5331,2579,1260,1319,
64490,10318,4950,5368,18055,8720,9335,20634,9912,10722,18055,8618,9437,10316,4985,5331,2579,1260,1319,
64495,10319,4950,5369,18057,8720,9337,20637,9912,10725,18056,8619,9437,10317,4986,5331,2579,1260,1319,
64500,10319,4950,5369,18058,8720,9338,20637,9912,10725,18057,8620,9437,10317,4986,5331,2580,1260,1320,
64505,10320,4950,5370,18059,8720,9339,20638,9913,10725,18058,8621,9437,10319,4987,5332,2580,1260,1320,
64510,10321,4950,5371,18061,8722,9339,20641,9913,10728,18060,8622,9438,10320,4988,5332,2580,1260,1320,
64515,10322,4950,5372,18062,8722,9340,20642,9914,10728,18062,8624,9438,10320,4988,5332,2580,1260,1320,
64520,10323,4951,5372,18064,8722,9342,20645,9915,10730,18063,8624,9439,10321,4988,5333,2580,1260,1320,
64525,10323,4951,5372,18065,8722,9343,20645,9915,10730,18064,8625,9439,10321,4988,5333,2581,1261,1320,
64530,10324,4952,5372,18066,8722,9344,20646,9915,10731,18065,8625,9440,10323,4989,5334,2581,1261,1320,
64535,10325,4953,5372,18068,8724,9344,20649,9916,10733,18067,8627,9440,10324,4989,5335,2581,1261,1320,
64540,10326,4953,5373,18069,8724,9345,20650,9917,10733,18069,8627,9442,10324,4989,5335,2581,1261,1320,
64545,10327,4954,5373,18071,8725,9346,20653,9918,10735,18070,8628,9442,10325,4990,5335,2581,1261,1320,
64550,10327,4954,5373,18072,8725,9347,20653,9918,10735,18071,8628,9443,10325,4990,5335,2582,1261,1321,
64555,10328,4954,5374,18073,8725,9348,20654,9918,10736,18072,8629,9443,10327,4991,5336,2582,1261,1321,
64560,10329,4954,5375,18075,8725,9350,20657,9921,10736,18074,8630,9444,10328,4991,5337,2582,1261,1321,
64565,10330,4954,5376,18076,8725,9351,20658,9922,10736,18076,8630,9446,10328,4991,5337,2582,1261,1321,
64570,10331,4955,5376,18078,8727,9351,20661,9923,10738,18077,8630,9447,10329,4991,5338,2582,1261,1321,
64575,10331,4955,5376,18079,8728,9351,20661,9923,10738,18078,8630,9448,10329,4991,5338,2583,1261,1322,
64580,10332,4956,5376,18080,8728,9352,20662,9924,10738,18079,8630,9449,10331,4992,5339,2583,1261,1322,
64585,10333,4956,5377,18082,8729,9353,20665,9925,10740,18081,8630,9451,10332,4993,5339,2583,1261,1322,
64590,10334,4957,5377,18083,8730,9353,20666,9926,10740,18083,8631,9452,10332,4993,5339,2583,1261,1322,
64595,10335,4958,5377,18085,8731,9354,20669,9928,10741,18084,8631,9453,10333,4993,5340,2583,1261,1322,
64600,10335,4958,5377,18086,8731,9355,20669,9928,10741,18085,8631,9454,10333,4993,5340,2584,1261,1323,
64605,10336,4959,5377,18087,8732,9355,20670,9929,10741,18086,8632,9454,10335,4994,5341,2584,1261,1323,
64610,10337,4959,5378,18089,8732,9357,20673,9931,10742,18088,8634,9454,10336,4994,5342,2584,1261,1323,
64615,10338,4960,5378,18090,8732,9358,20674,9931,10743,18090,8634,9456,10336,4994,5342,2584,1261,1323,
64620,10339,4960,5379,18092,8733,9359,20677,9932,10745,18091,8635,9456,10337,4995,5342,2584,1261,1323,
64625,10339,4960,5379,18093,8733,9360,20677,9932,10745,18092,8635,9457,10337,4995,5342,2585,1261,1324,
64630,10340,4961,5379,18094,8734,9360,20678,9933,10745,18093,8635,9458,10339,4995,5344,2585,1261,1324,
64635,10341,4961,5380,18096,8734,9362,20681,9935,10746,18095,8636,9459,10340,4996,5344,2585,1261,1324,
64640,10342,4962,5380,18097,8735,9362,20682,9935,10747,18097,8638,9459,10340,4996,5344,2585,1261,1324,
64645,10343,4962,5381,18099,8735,9364,20685,9936,10749,18098,8638,9460,10341,4997,5344,2585,1261,1324,
64650,10343,4962,5381,18100,8736,9364,20685,9936,10749,18099,8638,9461,10341,4997,5344,2586,1262,1324,
64655,10344,4963,5381,18101,8736,9365,20686,9937,10749,18100,8639,9461,10343,4997,5346,2586,1262,1324,
64660,10345,4963,5382,18103,8738,9365,20689,9940,10749,18102,8639,9463,10344,4997,5347,2586,1262,1324,
64665,10346,4964,5382,18104,8738,9366,20690,9940,10750,18104,8639,9465,10344,4997,5347,2586,1262,1324,
64670,10347,4964,5383,18106,8739,9367,20693,9942,10751,18105,8640,9465,10345,4998,5347,2586,1262,1324,
64675,10347,4964,5383,18107,8740,9367,20693,9942,10751,18106,8640,9466,10345,4998,5347,2587,1263,1324,
64680,10348,4965,5383,18108,8741,9367,20694,9942,10752,18107,8641,9466,10347,4999,5348,2587,1263,1324,
64685,10349,4965,5384,18110,8742,9368,20697,9943,10754,18109,8642,9467,10348,4999,5349,2587,1263,1324,
64690,10350,4965,5385,18111,8743,9368,20698,9943,10755,18111,8644,9467,10348,4999,5349,2587,1263,1324,
64695,10351,4966,5385,18113,8743,9370,20701,9944,10757,18112,8645,9467,10349,5000,5349,2587,1263,1324,
64700,10351,4966,5385,18114,8744,9370,20701,9944,10757,18113,8646,9467,10349,5000,5349,2588,1264,1324,
64705,10352,4966,5386,18115,8744,9371,20702,9944,10758,18114,8646,9468,10351,5001,5350,2588,1264,1324,
64710,10353,4966,5387,18117,8745,9372,20705,9946,10759,18116,8648,9468,10352,5002,5350,2588,1264,1324,
64715,10354,4966,5388,18118,8746,9372,20706,9946,10760,18118,8650,9468,10352,5002,5350,2588,1264,1324,
64720,10355,4967,5388,18120,8748,9372,20709,9947,10762,18119,8651,9468,10353,5002,5351,2588,1264,1324,
64725,10355,4967,5388,18121,8749,9372,20709,9947,10762,18120,8651,9469,10353,5002,5351,2589,1264,1325,
64730,10356,4967,5389,18122,8750,9372,20710,9947,10763,18121,8652,9469,10355,5002,5353,2589,1264,1325,
64735,10357,4967,5390,18124,8751,9373,20713,9949,10764,18123,8653,9470,10356,5003,5353,2589,1264,1325,
64740,10358,4968,5390,18125,8752,9373,20714,9950,10764,18125,8654,9471,10356,5003,5353,2589,1264,1325,
64745,10359,4969,5390,18127,8753,9374,20717,9952,10765,18126,8655,9471,10357,5003,5354,2589,1264,1325,
64750,10359,4969,5390,18128,8754,9374,20717,9952,10765,18127,8655,9472,10357,5003,5354,2590,1265,1325,
64755,10360,4969,5391,18129,8755,9374,20718,9952,10766,18128,8655,9473,10359,5003,5356,2590,1265,1325,
64760,10361,4969,5392,18131,8755,9376,20721,9954,10767,18130,8656,9474,10360,5003,5357,2590,1265,1325,
64765,10362,4969,5393,18132,8756,9376,20722,9955,10767,18132,8656,9476,10360,5003,5357,2590,1265,1325,
64770,10363,4969,5394,18134,8758,9376,20725,9957,10768,18133,8657,9476,10361,5004,5357,2590,1265,1325,
64775,10363,4969,5394,18135,8759,9376,20725,9957,10768,18134,8657,9477,10361,5004,5357,2591,1266,1325,
64780,10364,4970,5394,18136,8760,9376,20726,9957,10769,18135,8658,9477,10363,5005,5358,2591,1266,1325,
64785,10365,4971,5394,18138,8761,9377,20729,9960,10769,18137,8658,9479,10364,5005,5359,2591,1266,1325,
64790,10366,4971,5395,18139,8761,9378,20730,9961,10769,18139,8659,9480,10364,5005,5359,2591,1266,1325,
64795,10367,4971,5396,18141,8762,9379,20733,9963,10770,18140,8660,9480,10365,5005,5360,2591,1266,1325,
64800,10367,4971,5396,18142,8763,9379,20733,9963,10770,18141,8660,9481,10365,5005,5360,2592,1266,1326,
64805,10368,4971,5397,18143,8764,9379,20734,9963,10771,18142,8660,9482,10367,5005,5362,2592,1266,1326,
64810,10369,4971,5398,18145,8765,9380,20737,9964,10773,18144,8662,9482,10368,5006,5362,2592,1266,1326,
64815,10370,4972,5398,18146,8765,9381,20738,9965,10773,18146,8663,9483,10368,5006,5362,2592,1266,1326,
64820,10371,4973,5398,18148,8766,9382,20741,9966,10775,18147,8664,9483,10369,5006,5363,2592,1266,1326,
64825,10371,4973,5398,18149,8767,9382,20741,9966,10775,18148,8665,9483,10369,5006,5363,2593,1267,1326,
64830,10372,4973,5399,18150,8768,9382,20742,9966,10776,18149,8665,9484,10371,5006,5365,2593,1267,1326,
64835,10373,4974,5399,18152,8769,9383,20745,9968,10777,18151,8666,9485,10372,5007,5365,2593,1267,1326,
64840,10374,4974,5400,18153,8770,9383,20746,9968,10778,18153,8666,9487,10372,5007,5365,2593,1267,1326,
64845,10375,4975,5400,18155,8771,9384,20749,9970,10779,18154,8667,9487,10373,5008,5365,2593,1267,1326,
64850,10375,4975,5400,18156,8771,9385,20749,9970,10779,18155,8668,9487,10373,5008,5365,2594,1268,1326,
64855,10376,4975,5401,18157,8772,9385,20750,9970,10780,18156,8669,9487,10375,5009,5366,2594,1268,1326,
64860,10377,4976,5401,18159,8774,9385,20753,9972,10781,18158,8670,9488,10376,5009,5367,2594,1268,1326,
64865,10378,4976,5402,18160,8774,9386,20754,9972,10782,18160,8670,9490,10376,5009,5367,2594,1268,1326,
64870,10379,4976,5403,18162,8775,9387,20757,9973,10784,18161,8670,9491,10377,5009,5368,2594,1268,1326,
64875,10379,4976,5403,18163,8775,9388,20757,9973,10784,18162,8671,9491,10377,5009,5368,2595,1269,1326,
64880,10380,4977,5403,18164,8775,9389,20758,9973,10785,18163,8671,9492,10379,5010,5369,2595,1269,1326,
64885,10381,4978,5403,18166,8776,9390,20761,9974,10787,18165,8673,9492,10380,5011,5369,2595,1269,1326,
64890,10382,4979,5403,18167,8776,9391,20762,9974,10788,18167,8675,9492,10380,5011,5369,2595,1269,1326,
64895,10383,4979,5404,18169,8778,9391,20765,9975,10790,18168,8676,9492,10381,5011,5370,2595,1269,1326,
64900,10383,4979,5404,18170,8778,9392,20765,9975,10790,18169,8677,9492,10381,5011,5370,2596,1269,1327,
64905,10384,4980,5404,18171,8779,9392,20766,9975,10791,18170,8678,9492,10383,5012,5371,2596,1269,1327,
64910,10385,4980,5405,18173,8779,9394,20769,9978,10791,18172,8678,9494,10384,5013,5371,2596,1269,1327,
64915,10386,4981,5405,18174,8779,9395,20770,9978,10792,18174,8678,9496,10384,5013,5371,2596,1269,1327,
64920,10387,4981,5406,18176,8779,9397,20773,9981,10792,18175,8678,9497,10385,5013,5372,2596,1269,1327,
64925,10387,4981,5406,18177,8779,9398,20773,9981,10792,18176,8679,9497,10385,5013,5372,2597,1269,1328,
64930,10388,4982,5406,18178,8780,9398,20774,9982,10792,18177,8680,9497,10387,5015,5372,2597,1269,1328,
64935,10389,4983,5406,18180,8780,9400,20777,9985,10792,18179,8681,9498,10388,5015,5373,2597,1269,1328,
64940,10390,4983,5407,18181,8781,9400,20778,9985,10793,18181,8681,9500,10388,5015,5373,2597,1269,1328,
64945,10391,4983,5408,18183,8781,9402,20781,9987,10794,18182,8682,9500,10389,5015,5374,2597,1269,1328,
64950,10391,4983,5408,18184,8781,9403,20781,9987,10794,18183,8682,9501,10389,5015,5374,2598,1269,1329,
64955,10392,4983,5409,18185,8781,9404,20782,9987,10795,18184,8683,9501,10391,5017,5374,2598,1269,1329,
64960,10393,4984,5409,18187,8781,9406,20785,9988,10797,18186,8685,9501,10392,5017,5375,2598,1269,1329,
64965,10394,4985,5409,18188,8782,9406,20786,9988,10798,18188,8685,9503,10392,5017,5375,2598,1269,1329,
64970,10395,4985,5410,18190,8783,9407,20789,9990,10799,18189,8686,9503,10393,5017,5376,2598,1269,1329,
64975,10395,4985,5410,18191,8784,9407,20789,9990,10799,18190,8686,9504,10393,5017,5376,2599,1270,1329,
64980,10396,4986,5410,18192,8785,9407,20790,9991,10799,18191,8686,9505,10395,5018,5377,2599,1270,1329,
64985,10397,4986,5411,18194,8785,9409,20793,9992,10801,18193,8687,9506,10396,5019,5377,2599,1270,1329,
64990,10398,4987,5411,18195,8786,9409,20794,9993,10801,18195,8687,9508,10396,5019,5377,2599,1270,1329,
64995,10399,4987,5412,18197,8787,9410,20797,9993,10804,18196,8687,9509,10397,5019,5378,2599,1270,1329,
65000,10399,4987,5412,18198,8788,9410,20797,9993,10804,18197,8688,9509,10397,5019,5378,2600,1270,1330,
65005,10400,4988,5412,18199,8788,9411,20798,9993,10805,18198,8688,9510,10399,5020,5379,2600,1270,1330,
65010,10401,4989,5412,18201,8789,9412,20801,9995,10806,18200,8689,9511,10400,5020,5380,2600,1270,1330,
65015,10402,4990,5412,18202,8790,9412,20802,9996,10806,18202,8690,9512,10400,5020,5380,2600,1270,1330,
65020,10403,4990,5413,18204,8790,9414,20805,9998,10807,18203,8690,9513,10401,5020,5381,2600,1270,1330,
65025,10403,4990,5413,18205,8790,9415,20805,9998,10807,18204,8691,9513,10401,5020,5381,2601,1270,1331,
65030,10404,4990,5414,18206,8790,9416,20806,9998,10808,18205,8691,9514,10403,5020,5383,2601,1270,1331,
65035,10405,4990,5415,18208,8791,9417,20809,10000,10809,18207,8692,9515,10404,5021,5383,2601,1270,1331,
65040,10406,4990,5416,18209,8791,9418,20810,10001,10809,18209,8694,9515,10404,5021,5383,2601,1270,1331,
65045,10407,4990,5417,18211,8793,9418,20813,10002,10811,18210,8694,9516,10405,5021,5384,2601,1270,1331,
65050,10407,4990,5417,18212,8794,9418,20813,10002,10811,18211,8694,9517,10405,5021,5384,2602,1271,1331,
65055,10408,4991,5417,18213,8795,9418,20814,10002,10812,18212,8695,9517,10407,5022,5385,2602,1271,1331,
65060,10409,4992,5417,18215,8796,9419,20817,10004,10813,18214,8695,9519,10408,5023,5385,2602,1271,1331,
65065,10410,4992,5418,18216,8796,9420,20818,10005,10813,18216,8696,9520,10408,5023,5385,2602,1271,1331,
65070,10411,4993,5418,18218,8798,9420,20821,10005,10816,18217,8697,9520,10409,5023,5386,2602,1271,1331,
65075,10411,4993,5418,18219,8799,9420,20821,10005,10816,18218,8697,9521,10409,5023,5386,2603,1272,1331,
65080,10412,4994,5418,18220,8799,9421,20822,10006,10816,18219,8697,9522,10411,5025,5386,2603,1272,1331,
65085,10413,4995,5418,18222,8800,9422,20825,10007,10818,18221,8697,9524,10412,5026,5386,2603,1272,1331,
65090,10414,4996,5418,18223,8801,9422,20826,10008,10818,18223,8697,9526,10412,5026,5386,2603,1272,1331,
65095,10415,4996,5419,18225,8802,9423,20829,10011,10818,18224,8698,9526,10413,5026,5387,2603,1272,1331,
65100,10415,4996,5419,18226,8803,9423,20829,10011,10818,18225,8698,9527,10413,5026,5387,2604,1272,1332,
65105,10416,4996,5420,18227,8803,9424,20830,10011,10819,18226,8698,9528,10415,5027,5388,2604,1272,1332,
65110,10417,4996,5421,18229,8805,9424,20833,10012,10821,18228,8700,9528,10416,5027,5389,2604,1272,1332,
65115,10418,4996,5422,18230,8806,9424,20834,10012,10822,18230,8702,9528,10416,5027,5389,2604,1272,1332,
65120,10419,4997,5422,18232,8808,9424,20837,10013,10824,18231,8702,9529,10417,5027,5390,2604,1272,1332,
65125,10419,4997,5422,18233,8808,9425,20837,10013,10824,18232,8702,9530,10417,5027,5390,2605,1273,1332,
65130,10420,4998,5422,18234,8808,9426,20838,10014,10824,18233,8703,9530,10419,5029,5390,2605,1273,1332,
65135,10421,4999,5422,18236,8808,9428,20841,10016,10825,18235,8704,9531,10420,5030,5390,2605,1273,1332,
65140,10422,5000,5422,18237,8808,9429,20842,10016,10826,18237,8704,9533,10420,5030,5390,2605,1273,1332,
65145,10423,5000,5423,18239,8809,9430,20845,10019,10826,18238,8704,9534,10421,5030,5391,2605,1273,1332,
65150,10423,5000,5423,18240,8810,9430,20845,10019,10826,18239,8705,9534,10421,5030,5391,2606,1273,1333,
65155,10424,5001,5423,18241,8810,9431,20846,10019,10827,18240,8705,9535,10423,5031,5392,2606,1273,1333,
65160,10425,5002,5423,18243,8811,9432,20849,10020,10829,18242,8707,9535,10424,5032,5392,2606,1273,1333,
65165,10426,5003,5423,18244,8812,9432,20850,10021,10829,18244,8707,9537,10424,5032,5392,2606,1273,1333,
65170,10427,5004,5423,18246,8814,9432,20853,10023,10830,18245,8707,9538,10425,5033,5392,2606,1273,1333,
65175,10427,5004,5423,18247,8814,9433,20853,10023,10830,18246,8708,9538,10425,5033,5392,2607,1273,1334,
65180,10428,5005,5423,18248,8815,9433,20854,10023,10831,18247,8708,9539,10427,5033,5394,2607,1273,1334,
65185,10429,5005,5424,18250,8815,9435,20857,10025,10832,18249,8708,9541,10428,5033,5395,2607,1273,1334,
65190,10430,5006,5424,18251,8816,9435,20858,10025,10833,18251,8709,9542,10428,5033,5395,2607,1273,1334,
65195,10431,5007,5424,18253,8818,9435,20861,10027,10834,18252,8709,9543,10429,5033,5396,2607,1273,1334,
65200,10431,5007,5424,18254,8818,9436,20861,10027,10834,18253,8710,9543,10429,5033,5396,2608,1274,1334,
65205,10432,5007,5425,18255,8818,9437,20862,10027,10835,18254,8711,9543,10431,5035,5396,2608,1274,1334,
65210,10433,5008,5425,18257,8819,9438,20865,10030,10835,18256,8713,9543,10432,5035,5397,2608,1274,1334,
65215,10434,5008,5426,18258,8820,9438,20866,10031,10835,18258,8713,9545,10432,5035,5397,2608,1274,1334,
65220,10435,5009,5426,18260,8822,9438,20869,10032,10837,18259,8713,9546,10433,5035,5398,2608,1274,1334,
65225,10435,5009,5426,18261,8822,9439,20869,10032,10837,18260,8714,9546,10433,5035,5398,2609,1274,1335,
65230,10436,5010,5426,18262,8823,9439,20870,10032,10838,18261,8714,9547,10435,5036,5399,2609,1274,1335,
65235,10437,5010,5427,18264,8824,9440,20873,10032,10841,18263,8715,9548,10436,5036,5400,2609,1274,1335,
65240,10438,5011,5427,18265,8824,9441,20874,10032,10842,18265,8716,9549,10436,5036,5400,2609,1274,1335,
65245,10439,5012,5427,18267,8826,9441,20877,10034,10843,18266,8717,9549,10437,5036,5401,2609,1274,1335,
65250,10439,5012,5427,18268,8827,9441,20877,10034,10843,18267,8717,9550,10437,5036,5401,2610,1274,1336,
65255,10440,5013,5427,18269,8827,9442,20878,10035,10843,18268,8718,9550,10439,5036,5403,2610,1274,1336,
65260,10441,5013,5428,18271,8829,9442,20881,10037,10844,18270,8720,9550,10440,5037,5403,2610,1274,1336,
65265,10442,5014,5428,18272,8830,9442,20882,10037,10845,18272,8722,9550,10440,5037,5403,2610,1274,1336,
65270,10443,5014,5429,18274,8831,9443,20885,10038,10847,18273,8722,9551,10441,5038,5403,2610,1274,1336,
65275,10443,5014,5429,18275,8832,9443,20885,10038,10847,18274,8722,9552,10441,5038,5403,2611,1274,1337,
65280,10444,5015,5429,18276,8832,9444,20886,10039,10847,18275,8722,9553,10443,5040,5403,2611,1274,1337,
65285,10445,5016,5429,18278,8832,9446,20889,10040,10849,18277,8723,9554,10444,5040,5404,2611,1274,1337,
65290,10446,5017,5429,18279,8833,9446,20890,10041,10849,18279,8724,9555,10444,5040,5404,2611,1274,1337,
65295,10447,5018,5429,18281,8834,9447,20893,10042,10851,18280,8725,9555,10445,5041,5404,2611,1274,1337,
65300,10447,5018,5429,18282,8835,9447,20893,10042,10851,18281,8726,9555,10445,5041,5404,2612,1274,1338,
65305,10448,5018,5430,18283,8836,9447,20894,10043,10851,18282,8727,9555,10447,5042,5405,2612,1274,1338,
65310,10449,5019,5430,18285,8837,9448,20897,10044,10853,18284,8728,9556,10448,5043,5405,2612,1274,1338,
65315,10450,5019,5431,18286,8837,9449,20898,10045,10853,18286,8728,9558,10448,5043,5405,2612,1274,1338,
65320,10451,5019,5432,18288,8837,9451,20901,10047,10854,18287,8728,9559,10449,5044,5405,2612,1274,1338,
65325,10451,5019,5432,18289,8837,9452,20901,10047,10854,18288,8728,9560,10449,5044,5405,2613,1274,1339,
65330,10452,5019,5433,18290,8837,9453,20902,10047,10855,18289,8729,9560,10451,5045,5406,2613,1274,1339,
65335,10453,5019,5434,18292,8838,9454,20905,10049,10856,18291,8731,9560,10452,5046,5406,2613,1274,1339,
65340,10454,5020,5434,18293,8838,9455,20906,10049,10857,18293,8732,9561,10452,5046,5406,2613,1274,1339,
65345,10455,5021,5434,18295,8839,9456,20909,10050,10859,18294,8732,9562,10453,5047,5406,2613,1274,1339,
65350,10455,5021,5434,18296,8840,9456,20909,10050,10859,18295,8733,9562,10453,5047,5406,2614,1274,1340,
65355,10456,5021,5435,18297,8841,9456,20910,10051,10859,18296,8734,9562,10455,5048,5407,2614,1274,1340,
65360,10457,5021,5436,18299,8843,9456,20913,10052,10861,18298,8734,9564,10456,5049,5407,2614,1274,1340,
65365,10458,5021,5437,18300,8843,9457,20914,10053,10861,18300,8734,9566,10456,5049,5407,2614,1274,1340,
65370,10459,5021,5438,18302,8844,9458,20917,10055,10862,18301,8734,9567,10457,5050,5407,2614,1274,1340,
65375,10459,5021,5438,18303,8845,9458,20917,10055,10862,18302,8735,9567,10457,5050,5407,2615,1275,1340,
65380,10460,5022,5438,18304,8846,9458,20918,10056,10862,18303,8735,9568,10459,5050,5409,2615,1275,1340,
65385,10461,5023,5438,18306,8847,9459,20921,10058,10863,18305,8735,9570,10460,5051,5409,2615,1275,1340,
65390,10462,5023,5439,18307,8848,9459,20922,10058,10864,18307,8735,9572,10460,5051,5409,2615,1275,1340,
65395,10463,5023,5440,18309,8850,9459,20925,10059,10866,18308,8735,9573,10461,5051,5410,2615,1275,1340,
65400,10463,5023,5440,18310,8850,9460,20925,10059,10866,18309,8736,9573,10461,5051,5410,2616,1275,1341,
65405,10464,5023,5441,18311,8850,9461,20926,10060,10866,18310,8736,9574,10463,5052,5411,2616,1275,1341,
65410,10465,5023,5442,18313,8852,9461,20929,10061,10868,18312,8737,9575,10464,5053,5411,2616,1275,1341,
65415,10466,5023,5443,18314,8852,9462,20930,10061,10869,18314,8737,9577,10464,5053,5411,2616,1275,1341,
65420,10467,5023,5444,18316,8852,9464,20933,10061,10872,18315,8737,9578,10465,5053,5412,2616,1275,1341,
65425,10467,5023,5444,18317,8853,9464,20933,10061,10872,18316,8738,9578,10465,5053,5412,2617,1275,1342,
65430,10468,5024,5444,18318,8854,9464,20934,10062,10872,18317,8739,9578,10467,5055,5412,2617,1275,1342,
65435,10469,5025,5444,18320,8854,9466,20937,10063,10874,18319,8740,9579,10468,5055,5413,2617,1275,1342,
65440,10470,5026,5444,18321,8854,9467,20938,10063,10875,18321,8742,9579,10468,5055,5413,2617,1275,1342,
65445,10471,5027,5444,18323,8856,9467,20941,10064,10877,18322,8743,9579,10469,5055,5414,2617,1275,1342,
65450,10471,5027,5444,18324,8856,9468,20941,10064,10877,18323,8744,9579,10469,5055,5414,2618,1275,1343,
65455,10472,5028,5444,18325,8857,9468,20942,10064,10878,18324,8744,9580,10471,5056,5415,2618,1275,1343,
65460,10473,5028,5445,18327,8857,9470,20945,10066,10879,18326,8745,9581,10472,5056,5416,2618,1275,1343,
65465,10474,5028,5446,18328,8858,9470,20946,10067,10879,18328,8746,9582,10472,5056,5416,2618,1275,1343,
65470,10475,5028,5447,18330,8859,9471,20949,10068,10881,18329,8747,9582,10473,5056,5417,2618,1275,1343,
65475,10475,5028,5447,18331,8860,9471,20949,10068,10881,18330,8748,9582,10473,5056,5417,2619,1275,1344,
65480,10476,5028,5448,18332,8860,9472,20950,10069,10881,18331,8748,9583,10475,5056,5419,2619,1275,1344,
65485,10477,5028,5449,18334,8862,9472,20953,10072,10881,18333,8749,9584,10476,5057,5419,2619,1275,1344,
65490,10478,5028,5450,18335,8863,9472,20954,10072,10882,18335,8751,9584,10476,5057,5419,2619,1275,1344,
65495,10479,5028,5451,18337,8865,9472,20957,10073,10884,18336,8751,9585,10477,5057,5420,2619,1275,1344,
65500,10479,5028,5451,18338,8865,9473,20957,10073,10884,18337,8751,9586,10477,5057,5420,2620,1276,1344,
65505,10480,5029,5451,18339,8865,9474,20958,10074,10884,18338,8752,9586,10479,5058,5421,2620,1276,1344,
65510,10481,5029,5452,18341,8867,9474,20961,10075,10886,18340,8754,9586,10480,5059,5421,2620,1276,1344,
65515,10482,5030,5452,18342,8868,9474,20962,10075,10887,18342,8755,9587,10480,5059,5421,2620,1276,1344,
65520,10483,5031,5452,18344,8869,9475,20965,10076,10889,18343,8755,9588,10481,5060,5421,2620,1276,1344,
65525,10483,5031,5452,18345,8870,9475,20965,10076,10889,18344,8755,9589,10481,5060,5421,2621,1277,1344,
65530,10484,5031,5453,18346,8871,9475,20966,10077,10889,18345,8755,9590,10483,5061,5422,2621,1277,1344,
65535,10485,5031,5454,18348,8872,9476,20969,10078,10891,18347,8755,9592,10484,5062,5422,2621,1277,1344,
65540,10486,5032,5454,18349,8873,9476,20970,10078,10892,18349,8755,9594,10484,5062,5422,2621,1277,1344,
65545,10487,5032,5455,18351,8873,9478,20973,10080,10893,18350,8756,9594,10485,5062,5423,2621,1277,1344,
65550,10487,5032,5455,18352,8873,9479,20973,10080,10893,18351,8756,9595,10485,5062,5423,2622,1278,1344,
65555,10488,5032,5456,18353,8874,9479,20974,10081,10893,18352,8757,9595,10487,5064,5423,2622,1278,1344,
65560,10489,5033,5456,18355,8875,9480,20977,10082,10895,18354,8758,9596,10488,5064,5424,2622,1278,1344,
65565,10490,5033,5457,18356,8876,9480,20978,10082,10896,18356,8758,9598,10488,5064,5424,2622,1278,1344,
65570,10491,5033,5458,18358,8877,9481,20981,10083,10898,18357,8759,9598,10489,5064,5425,2622,1278,1344,
65575,10491,5033,5458,18359,8877,9482,20981,10083,10898,18358,8759,9599,10489,5064,5425,2623,1278,1345,
65580,10492,5033,5459,18360,8877,9483,20982,10084,10898,18359,8759,9600,10491,5064,5427,2623,1278,1345,
65585,10493,5034,5459,18362,8878,9484,20985,10084,10901,18361,8760,9601,10492,5064,5428,2623,1278,1345,
65590,10494,5035,5459,18363,8878,9485,20986,10085,10901,18363,8760,9603,10492,5064,5428,2623,1278,1345,
65595,10495,5036,5459,18365,8879,9486,20989,10086,10903,18364,8760,9604,10493,5065,5428,2623,1278,1345,
65600,10495,5036,5459,18366,8879,9487,20989,10086,10903,18365,8760,9605,10493,5065,5428,2624,1279,1345,
65605,10496,5037,5459,18367,8880,9487,20990,10087,10903,18366,8761,9605,10495,5066,5429,2624,1279,1345,
65610,10497,5037,5460,18369,8882,9487,20993,10087,10906,18368,8762,9606,10496,5066,5430,2624,1279,1345,
65615,10498,5037,5461,18370,8882,9488,20994,10088,10906,18370,8763,9607,10496,5066,5430,2624,1279,1345,
65620,10499,5038,5461,18372,8884,9488,20997,10090,10907,18371,8763,9608,10497,5067,5430,2624,1279,1345,
65625,10499,5038,5461,18373,8885,9488,20997,10090,10907,18372,8764,9608,10497,5067,5430,2625,1279,1346,
65630,10500,5038,5462,18374,8885,9489,20998,10091,10907,18373,8764,9609,10499,5068,5431,2625,1279,1346,
65635,10501,5038,5463,18376,8886,9490,21001,10092,10909,18375,8765,9610,10500,5069,5431,2625,1279,1346,
65640,10502,5038,5464,18377,8886,9491,21002,10093,10909,18377,8766,9611,10500,5069,5431,2625,1279,1346,
65645,10503,5039,5464,18379,8887,9492,21005,10095,10910,18378,8767,9611,10501,5070,5431,2625,1279,1346,
65650,10503,5039,5464,18380,8887,9493,21005,10095,10910,18379,8768,9611,10501,5070,5431,2626,1279,1347,
65655,10504,5039,5465,18381,8888,9493,21006,10096,10910,18380,8769,9611,10503,5071,5432,2626,1279,1347,
65660,10505,5039,5466,18383,8889,9494,21009,10098,10911,18382,8769,9613,10504,5072,5432,2626,1279,1347,
65665,10506,5039,5467,18384,8890,9494,21010,10098,10912,18384,8771,9613,10504,5072,5432,2626,1279,1347,
65670,10507,5040,5467,18386,8892,9494,21013,10099,10914,18385,8771,9614,10505,5073,5432,2626,1279,1347,
65675,10507,5040,5467,18387,8893,9494,21013,10099,10914,18386,8771,9615,10505,5073,5432,2627,1280,1347,
65680,10508,5040,5468,18388,8894,9494,21014,10099,10915,18387,8771,9616,10507,5073,5434,2627,1280,1347,
65685,10509,5041,5468,18390,8895,9495,21017,10100,10917,18389,8773,9616,10508,5074,5434,2627,1280,1347,
65690,10510,5041,5469,18391,8895,9496,21018,10100,10918,18391,8774,9617,10508,5074,5434,2627,1280,1347,
65695,10511,5041,5470,18393,8896,9497,21021,10101,10920,18392,8775,9617,10509,5074,5435,2627,1280,1347,
65700,10511,5041,5470,18394,8896,9498,21021,10101,10920,18393,8775,9618,10509,5074,5435,2628,1281,1347,
65705,10512,5042,5470,18395,8896,9499,21022,10102,10920,18394,8776,9618,10511,5075,5436,2628,1281,1347,
65710,10513,5043,5470,18397,8897,9500,21025,10104,10921,18396,8777,9619,10512,5075,5437,2628,1281,1347,
65715,10514,5044,5470,18398,8898,9500,21026,10104,10922,18398,8777,9621,10512,5075,5437,2628,1281,1347,
65720,10515,5044,5471,18400,8899,9501,21029,10105,10924,18399,8777,9622,10513,5076,5437,2628,1281,1347,
65725,10515,5044,5471,18401,8899,9502,21029,10105,10924,18400,8778,9622,10513,5076,5437,2629,1281,1348,
65730,10516,5045,5471,18402,8899,9503,21030,10106,10924,18401,8778,9623,10515,5077,5438,2629,1281,1348,
65735,10517,5045,5472,18404,8900,9504,21033,10107,10926,18403,8779,9624,10516,5077,5439,2629,1281,1348,
65740,10518,5045,5473,18405,8900,9505,21034,10107,10927,18405,8780,9625,10516,5077,5439,2629,1281,1348,
65745,10519,5045,5474,18407,8902,9505,21037,10108,10929,18406,8780,9626,10517,5078,5439,2629,1281,1348,
65750,10519,5045,5474,18408,8902,9506,21037,10108,10929,18407,8780,9627,10517,5078,5439,2630,1282,1348,
65755,10520,5045,5475,18409,8902,9507,21038,10109,10929,18408,8781,9627,10519,5078,5441,2630,1282,1348,
65760,10521,5045,5476,18411,8902,9509,21041,10110,10931,18410,8783,9627,10520,5078,5442,2630,1282,1348,
65765,10522,5046,5476,18412,8903,9509,21042,10111,10931,18412,8784,9628,10520,5078,5442,2630,1282,1348,
65770,10523,5047,5476,18414,8904,9510,21045,10113,10932,18413,8785,9628,10521,5079,5442,2630,1282,1348,
65775,10523,5047,5476,18415,8905,9510,21045,10113,10932,18414,8786,9628,10521,5079,5442,2631,1283,1348,
65780,10524,5048,5476,18416,8906,9510,21046,10113,10933,18415,8787,9628,10523,5079,5444,2631,1283,1348,
65785,10525,5049,5476,18418,8908,9510,21049,10115,10934,18417,8787,9630,10524,5080,5444,2631,1283,1348,
65790,10526,5050,5476,18419,8908,9511,21050,10115,10935,18419,8789,9630,10524,5080,5444,2631,1283,1348,
65795,10527,5050,5477,18421,8910,9511,21053,10117,10936,18420,8789,9631,10525,5080,5445,2631,1283,1348,
65800,10527,5050,5477,18422,8911,9511,21053,10117,10936,18421,8789,9632,10525,5080,5445,2632,1283,1349,
65805,10528,5051,5477,18423,8911,9512,21054,10118,10936,18422,8790,9632,10527,5081,5446,2632,1283,1349,
65810,10529,5052,5477,18425,8913,9512,21057,10119,10938,18424,8792,9632,10528,5082,5446,2632,1283,1349,
65815,10530,5052,5478,18426,8913,9513,21058,10119,10939,18426,8793,9633,10528,5082,5446,2632,1283,1349,
65820,10531,5052,5479,18428,8914,9514,21061,10121,10940,18427,8794,9633,10529,5083,5446,2632,1283,1349,
65825,10531,5052,5479,18429,8914,9515,21061,10121,10940,18428,8794,9634,10529,5083,5446,2633,1284,1349,
65830,10532,5053,5479,18430,8914,9516,21062,10121,10941,18429,8794,9635,10531,5085,5446,2633,1284,1349,
65835,10533,5054,5479,18432,8914,9518,21065,10122,10943,18431,8795,9636,10532,5085,5447,2633,1284,1349,
65840,10534,5054,5480,18433,8915,9518,21066,10122,10944,18433,8796,9637,10532,5085,5447,2633,1284,1349,
65845,10535,5054,5481,18435,8916,9519,21069,10124,10945,18434,8797,9637,10533,5086,5447,2633,1284,1349,
65850,10535,5054,5481,18436,8917,9519,21069,10124,10945,18435,8798,9637,10533,5086,5447,2634,1285,1349,
65855,10536,5055,5481,18437,8917,9520,21070,10124,10946,18436,8798,9638,10535,5087,5448,2634,1285,1349,
65860,10537,5055,5482,18439,8919,9520,21073,10125,10948,18438,8799,9639,10536,5088,5448,2634,1285,1349,
65865,10538,5055,5483,18440,8920,9520,21074,10125,10949,18440,8800,9640,10536,5088,5448,2634,1285,1349,
65870,10539,5055,5484,18442,8921,9521,21077,10125,10952,18441,8801,9640,10537,5088,5449,2634,1285,1349,
65875,10539,5055,5484,18443,8922,9521,21077,10125,10952,18442,8802,9640,10537,5088,5449,2635,1286,1349,
65880,10540,5056,5484,18444,8922,9522,21078,10126,10952,18443,8802,9641,10539,5090,5449,2635,1286,1349,
65885,10541,5057,5484,18446,8922,9524,21081,10128,10953,18445,8802,9643,10540,5090,5450,2635,1286,1349,
65890,10542,5057,5485,18447,8922,9525,21082,10128,10954,18447,8803,9644,10540,5090,5450,2635,1286,1349,
65895,10543,5058,5485,18449,8924,9525,21085,10130,10955,18448,8803,9645,10541,5091,5450,2635,1286,1349,
65900,10543,5058,5485,18450,8925,9525,21085,10130,10955,18449,8803,9646,10541,5091,5450,2636,1286,1350,
65905,10544,5059,5485,18451,8926,9525,21086,10130,10956,18450,8804,9646,10543,5092,5451,2636,1286,1350,
65910,10545,5060,5485,18453,8928,9525,21089,10132,10957,18452,8805,9647,10544,5092,5452,2636,1286,1350,
65915,10546,5061,5485,18454,8928,9526,21090,10133,10957,18454,8807,9647,10544,5092,5452,2636,1286,1350,
65920,10547,5061,5486,18456,8930,9526,21093,10135,10958,18455,8807,9648,10545,5093,5452,2636,1286,1350,
65925,10547,5061,5486,18457,8931,9526,21093,10135,10958,18456,8808,9648,10545,5093,5452,2637,1287,1350,
65930,10548,5062,5486,18458,8932,9526,21094,10136,10958,18457,8809,9648,10547,5095,5452,2637,1287,1350,
65935,10549,5062,5487,18460,8932,9528,21097,10137,10960,18459,8809,9650,10548,5096,5452,2637,1287,1350,
65940,10550,5063,5487,18461,8933,9528,21098,10138,10960,18461,8811,9650,10548,5096,5452,2637,1287,1350,
65945,10551,5063,5488,18463,8933,9530,21101,10141,10960,18462,8811,9651,10549,5097,5452,2637,1287,1350,
65950,10551,5063,5488,18464,8933,9531,21101,10141,10960,18463,8812,9651,10549,5097,5452,2638,1287,1351,
65955,10552,5064,5488,18465,8933,9532,21102,10142,10960,18464,8813,9651,10551,5097,5454,2638,1287,1351,
65960,10553,5064,5489,18467,8934,9533,21105,10143,10962,18466,8813,9653,10552,5098,5454,2638,1287,1351,
65965,10554,5065,5489,18468,8934,9534,21106,10143,10963,18468,8814,9654,10552,5098,5454,2638,1287,1351,
65970,10555,5066,5489,18470,8934,9536,21109,10143,10966,18469,8814,9655,10553,5098,5455,2638,1287,1351,
65975,10555,5066,5489,18471,8935,9536,21109,10143,10966,18470,8814,9656,10553,5098,5455,2639,1287,1352,
65980,10556,5067,5489,18472,8935,9537,21110,10144,10966,18471,8814,9657,10555,5100,5455,2639,1287,1352,
65985,10557,5068,5489,18474,8936,9538,21113,10145,10968,18473,8815,9658,10556,5100,5456,2639,1287,1352,
65990,10558,5068,5490,18475,8936,9539,21114,10145,10969,18475,8816,9659,10556,5100,5456,2639,1287,1352,
65995,10559,5069,5490,18477,8937,9540,21117,10147,10970,18476,8817,9659,10557,5101,5456,2639,1287,1352,
66000,10559,5069,5490,18478,8937,9541,21117,10147,10970,18477,8817,9660,10557,5101,5456,2640,1288,1352,
66005,10560,5069,5491,18479,8938,9541,21118,10147,10971,18478,8817,9661,10559,5101,5458,2640,1288,1352,
66010,10561,5069,5492,18481,8939,9542,21121,10149,10972,18480,8819,9661,10560,5102,5458,2640,1288,1352,
66015,10562,5070,5492,18482,8939,9543,21122,10150,10972,18482,8820,9662,10560,5102,5458,2640,1288,1352,
66020,10563,5071,5492,18484,8940,9544,21125,10151,10974,18483,8821,9662,10561,5103,5458,2640,1288,1352,
66025,10563,5071,5492,18485,8940,9545,21125,10151,10974,18484,8821,9663,10561,5103,5458,2641,1289,1352,
66030,10564,5071,5493,18486,8940,9546,21126,10152,10974,18485,8821,9664,10563,5105,5458,2641,1289,1352,
66035,10565,5072,5493,18488,8941,9547,21129,10154,10975,18487,8822,9665,10564,5105,5459,2641,1289,1352,
66040,10566,5072,5494,18489,8942,9547,21130,10154,10976,18489,8823,9666,10564,5105,5459,2641,1289,1352,
66045,10567,5072,5495,18491,8944,9547,21133,10154,10979,18490,8823,9667,10565,5105,5460,2641,1289,1352,
66050,10567,5072,5495,18492,8944,9548,21133,10154,10979,18491,8823,9668,10565,5105,5460,2642,1289,1353,
66055,10568,5073,5495,18493,8945,9548,21134,10155,10979,18492,8823,9669,10567,5105,5462,2642,1289,1353,
66060,10569,5074,5495,18495,8945,9550,21137,10158,10979,18494,8824,9670,10568,5106,5462,2642,1289,1353,
66065,10570,5074,5496,18496,8945,9551,21138,10158,10980,18496,8826,9670,10568,5106,5462,2642,1289,1353,
66070,10571,5075,5496,18498,8945,9553,21141,10159,10982,18497,8827,9670,10569,5107,5462,2642,1289,1353,
66075,10571,5075,5496,18499,8946,9553,21141,10159,10982,18498,8828,9670,10569,5107,5462,2643,1290,1353,
66080,10572,5075,5497,18500,8947,9553,21142,10160,10982,18499,8828,9671,10571,5107,5464,2643,1290,1353,
66085,10573,5076,5497,18502,8948,9554,21145,10163,10982,18501,8829,9672,10572,5107,5465,2643,1290,1353,
66090,10574,5076,5498,18503,8948,9555,21146,10163,10983,18503,8830,9673,10572,5107,5465,2643,1290,1353,
66095,10575,5077,5498,18505,8949,9556,21149,10166,10983,18504,8830,9674,10573,5108,5465,2643,1290,1353,
66100,10575,5077,5498,18506,8950,9556,21149,10166,10983,18505,8831,9674,10573,5108,5465,2644,1291,1353,
66105,10576,5078,5498,18507,8951,9556,21150,10166,10984,18506,8832,9674,10575,5109,5466,2644,1291,1353,
66110,10577,5079,5498,18509,8952,9557,21153,10167,10986,18508,8833,9675,10576,5109,5467,2644,1291,1353,
66115,10578,5079,5499,18510,8953,9557,21154,10167,10987,18510,8833,9677,10576,5109,5467,2644,1291,1353,
66120,10579,5079,5500,18512,8954,9558,21157,10168,10989,18511,8833,9678,10577,5110,5467,2644,1291,1353,
66125,10579,5079,5500,18513,8954,9559,21157,10168,10989,18512,8833,9679,10577,5110,5467,2645,1291,1354,
66130,10580,5079,5501,18514,8955,9559,21158,10168,10990,18513,8834,9679,10579,5112,5467,2645,1291,1354,
66135,10581,5080,5501,18516,8955,9561,21161,10169,10992,18515,8836,9679,10580,5113,5467,2645,1291,1354,
66140,10582,5080,5502,18517,8955,9562,21162,10169,10993,18517,8836,9681,10580,5113,5467,2645,1291,1354,
66145,10583,5081,5502,18519,8956,9563,21165,10171,10994,18518,8837,9681,10581,5113,5468,2645,1291,1354,
66150,10583,5081,5502,18520,8956,9564,21165,10171,10994,18519,8838,9681,10581,5113,5468,2646,1292,1354,
66155,10584,5082,5502,18521,8957,9564,21166,10171,10995,18520,8838,9682,10583,5113,5470,2646,1292,1354,
66160,10585,5083,5502,18523,8959,9564,21169,10173,10996,18522,8838,9684,10584,5113,5471,2646,1292,1354,
66165,10586,5084,5502,18524,8960,9564,21170,10174,10996,18524,8838,9686,10584,5113,5471,2646,1292,1354,
66170,10587,5084,5503,18526,8962,9564,21173,10175,10998,18525,8839,9686,10585,5113,5472,2646,1292,1354,
66175,10587,5084,5503,18527,8962,9565,21173,10175,10998,18526,8840,9686,10585,5113,5472,2647,1292,1355,
66180,10588,5084,5504,18528,8962,9566,21174,10175,10999,18527,8841,9686,10587,5115,5472,2647,1292,1355,
66185,10589,5084,5505,18530,8964,9566,21177,10178,10999,18529,8843,9686,10588,5116,5472,2647,1292,1355,
66190,10590,5084,5506,18531,8965,9566,21178,10178,11000,18531,8844,9687,10588,5116,5472,2647,1292,1355,
66195,10591,5085,5506,18533,8965,9568,21181,10180,11001,18532,8844,9688,10589,5117,5472,2647,1292,1355,
66200,10591,5085,5506,18534,8966,9568,21181,10180,11001,18533,8844,9689,10589,5117,5472,2648,1293,1355,
66205,10592,5085,5507,18535,8966,9569,21182,10181,11001,18534,8845,9689,10591,5119,5472,2648,1293,1355,
66210,10593,5085,5508,18537,8968,9569,21185,10183,11002,18536,8847,9689,10592,5120,5472,2648,1293,1355,
66215,10594,5086,5508,18538,8969,9569,21186,10183,11003,18538,8847,9691,10592,5120,5472,2648,1293,1355,
66220,10595,5086,5509,18540,8969,9571,21189,10183,11006,18539,8848,9691,10593,5120,5473,2648,1293,1355,
66225,10595,5086,5509,18541,8970,9571,21189,10183,11006,18540,8849,9691,10593,5120,5473,2649,1294,1355,
66230,10596,5086,5510,18542,8970,9572,21190,10183,11007,18541,8850,9691,10595,5122,5473,2649,1294,1355,
66235,10597,5087,5510,18544,8972,9572,21193,10185,11008,18543,8851,9692,10596,5123,5473,2649,1294,1355,
66240,10598,5088,5510,18545,8972,9573,21194,10185,11009,18545,8851,9694,10596,5123,5473,2649,1294,1355,
66245,10599,5088,5511,18547,8973,9574,21197,10187,11010,18546,8852,9694,10597,5124,5473,2649,1294,1355,
66250,10599,5088,5511,18548,8973,9575,21197,10187,11010,18547,8853,9694,10597,5124,5473,2650,1294,1356,
66255,10600,5088,5512,18549,8973,9576,21198,10188,11010,18548,8853,9695,10599,5125,5474,2650,1294,1356,
66260,10601,5088,5513,18551,8975,9576,21201,10189,11012,18550,8854,9696,10600,5126,5474,2650,1294,1356,
66265,10602,5089,5513,18552,8976,9576,21202,10190,11012,18552,8856,9696,10600,5126,5474,2650,1294,1356,
66270,10603,5089,5514,18554,8977,9577,21205,10191,11014,18553,8857,9696,10601,5127,5474,2650,1294,1356,
66275,10603,5089,5514,18555,8977,9578,21205,10191,11014,18554,8858,9696,10601,5127,5474,2651,1294,1357,
66280,10604,5090,5514,18556,8977,9579,21206,10191,11015,18555,8858,9697,10603,5128,5475,2651,1294,1357,
66285,10605,5091,5514,18558,8978,9580,21209,10193,11016,18557,8858,9699,10604,5129,5475,2651,1294,1357,
66290,10606,5091,5515,18559,8978,9581,21210,10193,11017,18559,8858,9701,10604,5129,5475,2651,1294,1357,
66295,10607,5092,5515,18561,8978,9583,21213,10194,11019,18560,8859,9701,10605,5130,5475,2651,1294,1357,
66300,10607,5092,5515,18562,8978,9584,21213,10194,11019,18561,8860,9701,10605,5130,5475,2652,1295,1357,
66305,10608,5093,5515,18563,8978,9585,21214,10194,11020,18562,8860,9702,10607,5131,5476,2652,1295,1357,
66310,10609,5093,5516,18565,8978,9587,21217,10196,11021,18564,8862,9702,10608,5132,5476,2652,1295,1357,
66315,10610,5093,5517,18566,8979,9587,21218,10196,11022,18566,8863,9703,10608,5132,5476,2652,1295,1357,
66320,10611,5094,5517,18568,8979,9589,21221,10197,11024,18567,8863,9704,10609,5133,5476,2652,1295,1357,
66325,10611,5094,5517,18569,8979,9590,21221,10197,11024,18568,8864,9704,10609,5133,5476,2653,1296,1357,
66330,10612,5094,5518,18570,8979,9591,21222,10198,11024,18569,8864,9705,10611,5134,5477,2653,1296,1357,
66335,10613,5094,5519,18572,8979,9593,21225,10201,11024,18571,8866,9705,10612,5134,5478,2653,1296,1357,
66340,10614,5094,5520,18573,8979,9594,21226,10202,11024,18573,8867,9706,10612,5134,5478,2653,1296,1357,
66345,10615,5094,5521,18575,8981,9594,21229,10204,11025,18574,8868,9706,10613,5135,5478,2653,1296,1357,
66350,10615,5094,5521,18576,8982,9594,21229,10204,11025,18575,8869,9706,10613,5135,5478,2654,1296,1358,
66355,10616,5094,5522,18577,8983,9594,21230,10204,11026,18576,8870,9706,10615,5135,5480,2654,1296,1358,
66360,10617,5095,5522,18579,8984,9595,21233,10205,11028,18578,8870,9708,10616,5136,5480,2654,1296,1358,
66365,10618,5096,5522,18580,8984,9596,21234,10205,11029,18580,8872,9708,10616,5136,5480,2654,1296,1358,
66370,10619,5097,5522,18582,8986,9596,21237,10207,11030,18581,8872,9709,10617,5137,5480,2654,1296,1358,
66375,10619,5097,5522,18583,8987,9596,21237,10207,11030,18582,8872,9710,10617,5137,5480,2655,1297,1358,
66380,10620,5097,5523,18584,8988,9596,21238,10208,11030,18583,8873,9710,10619,5138,5481,2655,1297,1358,
66385,10621,5097,5524,18586,8990,9596,21241,10211,11030,18585,8874,9711,10620,5138,5482,2655,1297,1358,
66390,10622,5098,5524,18587,8991,9596,21242,10211,11031,18587,8876,9711,10620,5138,5482,2655,1297,1358,
66395,10623,5098,5525,18589,8991,9598,21245,10213,11032,18588,8877,9711,10621,5139,5482,2655,1297,1358,
66400,10623,5098,5525,18590,8992,9598,21245,10213,11032,18589,8877,9712,10621,5139,5482,2656,1298,1358,
66405,10624,5099,5525,18591,8992,9599,21246,10213,11033,18590,8877,9713,10623,5140,5483,2656,1298,1358,
66410,10625,5099,5526,18593,8993,9600,21249,10214,11035,18592,8879,9713,10624,5140,5484,2656,1298,1358,
66415,10626,5100,5526,18594,8994,9600,21250,10215,11035,18594,8880,9714,10624,5140,5484,2656,1298,1358,
66420,10627,5101,5526,18596,8994,9602,21253,10216,11037,18595,8880,9715,10625,5140,5485,2656,1298,1358,
66425,10627,5101,5526,18597,8995,9602,21253,10216,11037,18596,8880,9716,10625,5140,5485,2657,1298,1359,
66430,10628,5102,5526,18598,8996,9602,21254,10216,11038,18597,8880,9717,10627,5141,5486,2657,1298,1359,
66435,10629,5102,5527,18600,8997,9603,21257,10218,11039,18599,8881,9718,10628,5142,5486,2657,1298,1359,
66440,10630,5103,5527,18601,8997,9604,21258,10218,11040,18601,8883,9718,10628,5142,5486,2657,1298,1359,
66445,10631,5104,5527,18603,8998,9605,21261,10219,11042,18602,8884,9718,10629,5142,5487,2657,1298,1359,
66450,10631,5104,5527,18604,8998,9606,21261,10219,11042,18603,8885,9718,10629,5142,5487,2658,1298,1360,
66455,10632,5104,5528,18605,8998,9607,21262,10220,11042,18604,8886,9718,10631,5142,5489,2658,1298,1360,
66460,10633,5104,5529,18607,8998,9609,21265,10222,11043,18606,8888,9718,10632,5143,5489,2658,1298,1360,
66465,10634,5104,5530,18608,8998,9610,21266,10223,11043,18608,8888,9720,10632,5143,5489,2658,1298,1360,
66470,10635,5105,5530,18610,9000,9610,21269,10224,11045,18609,8889,9720,10633,5144,5489,2658,1298,1360,
66475,10635,5105,5530,18611,9000,9611,21269,10224,11045,18610,8889,9721,10633,5144,5489,2659,1298,1361,
66480,10636,5105,5531,18612,9000,9612,21270,10224,11046,18611,8889,9722,10635,5146,5489,2659,1298,1361,
66485,10637,5105,5532,18614,9000,9614,21273,10226,11047,18613,8889,9724,10636,5147,5489,2659,1298,1361,
66490,10638,5105,5533,18615,9000,9615,21274,10226,11048,18615,8891,9724,10636,5147,5489,2659,1298,1361,
66495,10639,5106,5533,18617,9001,9616,21277,10227,11050,18616,8892,9724,10637,5148,5489,2659,1298,1361,
66500,10639,5106,5533,18618,9002,9616,21277,10227,11050,18617,8893,9724,10637,5148,5489,2660,1298,1362,
66505,10640,5107,5533,18619,9002,9617,21278,10227,11051,18618,8894,9724,10639,5150,5489,2660,1298,1362,
66510,10641,5107,5534,18621,9004,9617,21281,10230,11051,18620,8895,9725,10640,5151,5489,2660,1298,1362,
66515,10642,5107,5535,18622,9005,9617,21282,10230,11052,18622,8896,9726,10640,5151,5489,2660,1298,1362,
66520,10643,5107,5536,18624,9005,9619,21285,10232,11053,18623,8897,9726,10641,5152,5489,2660,1298,1362,
66525,10643,5107,5536,18625,9005,9620,21285,10232,11053,18624,8897,9727,10641,5152,5489,2661,1299,1362,
66530,10644,5108,5536,18626,9005,9621,21286,10233,11053,18625,8898,9727,10643,5153,5490,2661,1299,1362,
66535,10645,5108,5537,18628,9005,9623,21289,10235,11054,18627,8899,9728,10644,5154,5490,2661,1299,1362,
66540,10646,5108,5538,18629,9005,9624,21290,10235,11055,18629,8900,9729,10644,5154,5490,2661,1299,1362,
66545,10647,5109,5538,18631,9007,9624,21293,10235,11058,18630,8901,9729,10645,5154,5491,2661,1299,1362,
66550,10647,5109,5538,18632,9007,9625,21293,10235,11058,18631,8902,9729,10645,5154,5491,2662,1300,1362,
66555,10648,5109,5539,18633,9008,9625,21294,10235,11059,18632,8902,9730,10647,5155,5492,2662,1300,1362,
66560,10649,5109,5540,18635,9008,9627,21297,10237,11060,18634,8904,9730,10648,5156,5492,2662,1300,1362,
66565,10650,5109,5541,18636,9009,9627,21298,10237,11061,18636,8906,9730,10648,5156,5492,2662,1300,1362,
66570,10651,5110,5541,18638,9010,9628,21301,10237,11064,18637,8906,9731,10649,5156,5493,2662,1300,1362,
66575,10651,5110,5541,18639,9010,9629,21301,10237,11064,18638,8906,9732,10649,5156,5493,2663,1300,1363,
66580,10652,5111,5541,18640,9011,9629,21302,10238,11064,18639,8907,9732,10651,5156,5495,2663,1300,1363,
66585,10653,5111,5542,18642,9012,9630,21305,10240,11065,18641,8908,9733,10652,5156,5496,2663,1300,1363,
66590,10654,5112,5542,18643,9013,9630,21306,10241,11065,18643,8910,9733,10652,5156,5496,2663,1300,1363,
66595,10655,5113,5542,18645,9014,9631,21309,10242,11067,18644,8910,9734,10653,5157,5496,2663,1300,1363,
66600,10655,5113,5542,18646,9014,9632,21309,10242,11067,18645,8911,9734,10653,5157,5496,2664,1300,1364,
66605,10656,5113,5543,18647,9014,9633,21310,10243,11067,18646,8912,9734,10655,5159,5496,2664,1300,1364,
66610,10657,5113,5544,18649,9015,9634,21313,10245,11068,18648,8913,9735,10656,5159,5497,2664,1300,1364,
66615,10658,5114,5544,18650,9016,9634,21314,10246,11068,18650,8914,9736,10656,5159,5497,2664,1300,1364,
66620,10659,5114,5545,18652,9016,9636,21317,10247,11070,18651,8914,9737,10657,5159,5498,2664,1300,1364,
66625,10659,5114,5545,18653,9016,9637,21317,10247,11070,18652,8915,9737,10657,5159,5498,2665,1301,1364,
66630,10660,5114,5546,18654,9016,9638,21318,10247,11071,18653,8915,9738,10659,5160,5499,2665,1301,1364,
66635,10661,5115,5546,18656,9017,9639,21321,10248,11073,18655,8916,9739,10660,5160,5500,2665,1301,1364,
66640,10662,5116,5546,18657,9018,9639,21322,10248,11074,18657,8917,9740,10660,5160,5500,2665,1301,1364,
66645,10663,5116,5547,18659,9020,9639,21325,10249,11076,18658,8917,9741,10661,5160,5501,2665,1301,1364,
66650,10663,5116,5547,18660,9020,9640,21325,10249,11076,18659,8917,9742,10661,5160,5501,2666,1302,1364,
66655,10664,5116,5548,18661,9021,9640,21326,10250,11076,18660,8917,9743,10663,5162,5501,2666,1302,1364,
66660,10665,5116,5549,18663,9021,9642,21329,10252,11077,18662,8918,9744,10664,5162,5502,2666,1302,1364,
66665,10666,5117,5549,18664,9022,9642,21330,10253,11077,18664,8919,9745,10664,5162,5502,2666,1302,1364,
66670,10667,5118,5549,18666,9022,9644,21333,10253,11080,18665,8920,9745,10665,5163,5502,2666,1302,1364,
66675,10667,5118,5549,18667,9023,9644,21333,10253,11080,18666,8921,9745,10665,5163,5502,2667,1303,1364,
66680,10668,5119,5549,18668,9024,9644,21334,10253,11081,18667,8922,9745,10667,5164,5503,2667,1303,1364,
66685,10669,5120,5549,18670,9025,9645,21337,10254,11083,18669,8923,9746,10668,5165,5503,2667,1303,1364,
66690,10670,5120,5550,18671,9025,9646,21338,10254,11084,18671,8925,9746,10668,5165,5503,2667,1303,1364,
66695,10671,5121,5550,18673,9026,9647,21341,10255,11086,18672,8926,9746,10669,5166,5503,2667,1303,1364,
66700,10671,5121,5550,18674,9026,9648,21341,10255,11086,18673,8926,9747,10669,5166,5503,2668,1303,1365,
66705,10672,5121,5551,18675,9026,9649,21342,10256,11086,18674,8927,9747,10671,5167,5504,2668,1303,1365,
66710,10673,5122,5551,18677,9028,9649,21345,10256,11089,18676,8928,9748,10672,5167,5505,2668,1303,1365,
66715,10674,5122,5552,18678,9029,9649,21346,10256,11090,18678,8928,9750,10672,5167,5505,2668,1303,1365,
66720,10675,5123,5552,18680,9030,9650,21349,10258,11091,18679,8929,9750,10673,5167,5506,2668,1303,1365,
66725,10675,5123,5552,18681,9030,9651,21349,10258,11091,18680,8930,9750,10673,5167,5506,2669,1303,1366,
66730,10676,5124,5552,18682,9031,9651,21350,10259,11091,18681,8930,9751,10675,5168,5507,2669,1303,1366,
66735,10677,5125,5552,18684,9032,9652,21353,10261,11092,18683,8930,9753,10676,5168,5508,2669,1303,1366,
66740,10678,5125,5553,18685,9033,9652,21354,10261,11093,18685,8930,9755,10676,5168,5508,2669,1303,1366,
66745,10679,5125,5554,18687,9034,9653,21357,10262,11095,18686,8930,9756,10677,5168,5509,2669,1303,1366,
66750,10679,5125,5554,18688,9035,9653,21357,10262,11095,18687,8931,9756,10677,5168,5509,2670,1303,1367,
66755,10680,5125,5555,18689,9036,9653,21358,10263,11095,18688,8931,9757,10679,5170,5509,2670,1303,1367,
66760,10681,5126,5555,18691,9036,9655,21361,10264,11097,18690,8932,9758,10680,5171,5509,2670,1303,1367,
66765,10682,5127,5555,18692,9036,9656,21362,10264,11098,18692,8933,9759,10680,5171,5509,2670,1303,1367,
66770,10683,5127,5556,18694,9038,9656,21365,10266,11099,18693,8934,9759,10681,5172,5509,2670,1303,1367,
66775,10683,5127,5556,18695,9039,9656,21365,10266,11099,18694,8934,9760,10681,5172,5509,2671,1304,1367,
66780,10684,5127,5557,18696,9039,9657,21366,10266,11100,18695,8934,9761,10683,5173,5510,2671,1304,1367,
66785,10685,5127,5558,18698,9040,9658,21369,10269,11100,18697,8934,9763,10684,5174,5510,2671,1304,1367,
66790,10686,5127,5559,18699,9041,9658,21370,10269,11101,18699,8935,9764,10684,5174,5510,2671,1304,1367,
66795,10687,5128,5559,18701,9041,9660,21373,10271,11102,18700,8936,9764,10685,5174,5511,2671,1304,1367,
66800,10687,5128,5559,18702,9042,9660,21373,10271,11102,18701,8937,9764,10685,5174,5511,2672,1305,1367,
66805,10688,5129,5559,18703,9042,9661,21374,10272,11102,18702,8938,9764,10687,5175,5512,2672,1305,1367,
66810,10689,5130,5559,18705,9043,9662,21377,10274,11103,18704,8938,9766,10688,5176,5512,2672,1305,1367,
66815,10690,5130,5560,18706,9044,9662,21378,10275,11103,18706,8939,9767,10688,5176,5512,2672,1305,1367,
66820,10691,5131,5560,18708,9045,9663,21381,10275,11106,18707,8939,9768,10689,5176,5513,2672,1305,1367,
66825,10691,5131,5560,18709,9046,9663,21381,10275,11106,18708,8940,9768,10689,5176,5513,2673,1305,1368,
66830,10692,5132,5560,18710,9046,9664,21382,10276,11106,18709,8940,9769,10691,5176,5515,2673,1305,1368,
66835,10693,5133,5560,18712,9047,9665,21385,10279,11106,18711,8940,9771,10692,5177,5515,2673,1305,1368,
66840,10694,5134,5560,18713,9048,9665,21386,10279,11107,18713,8940,9773,10692,5177,5515,2673,1305,1368,
66845,10695,5134,5561,18715,9050,9665,21389,10280,11109,18714,8941,9773,10693,5178,5515,2673,1305,1368,
66850,10695,5134,5561,18716,9051,9665,21389,10280,11109,18715,8942,9773,10693,5178,5515,2674,1306,1368,
66855,10696,5135,5561,18717,9051,9666,21390,10281,11109,18716,8943,9773,10695,5178,5517,2674,1306,1368,
66860,10697,5136,5561,18719,9052,9667,21393,10282,11111,18718,8944,9774,10696,5179,5517,2674,1306,1368,
66865,10698,5136,5562,18720,9053,9667,21394,10283,11111,18720,8945,9775,10696,5179,5517,2674,1306,1368,
66870,10699,5136,5563,18722,9053,9669,21397,10285,11112,18721,8945,9776,10697,5180,5517,2674,1306,1368,
66875,10699,5136,5563,18723,9053,9670,21397,10285,11112,18722,8945,9777,10697,5180,5517,2675,1306,1369,
66880,10700,5137,5563,18724,9054,9670,21398,10286,11112,18723,8945,9778,10699,5180,5519,2675,1306,1369,
66885,10701,5138,5563,18726,9054,9672,21401,10289,11112,18725,8946,9779,10700,5180,5520,2675,1306,1369,
66890,10702,5138,5564,18727,9055,9672,21402,10289,11113,18727,8947,9780,10700,5180,5520,2675,1306,1369,
66895,10703,5138,5565,18729,9055,9674,21405,10290,11115,18728,8948,9780,10701,5181,5520,2675,1306,1369,
66900,10703,5138,5565,18730,9055,9675,21405,10290,11115,18729,8949,9780,10701,5181,5520,2676,1307,1369,
66905,10704,5139,5565,18731,9056,9675,21406,10290,11116,18730,8949,9781,10703,5183,5520,2676,1307,1369,
66910,10705,5140,5565,18733,9058,9675,21409,10292,11117,18732,8949,9783,10704,5184,5520,2676,1307,1369,
66915,10706,5141,5565,18734,9058,9676,21410,10292,11118,18734,8949,9785,10704,5184,5520,2676,1307,1369,
66920,10707,5142,5565,18736,9059,9677,21413,10295,11118,18735,8949,9786,10705,5184,5521,2676,1307,1369,
66925,10707,5142,5565,18737,9059,9678,21413,10295,11118,18736,8949,9787,10705,5184,5521,2677,1307,1370,
66930,10708,5143,5565,18738,9060,9678,21414,10296,11118,18737,8949,9788,10707,5186,5521,2677,1307,1370,
66935,10709,5144,5565,18740,9061,9679,21417,10298,11119,18739,8949,9790,10708,5186,5522,2677,1307,1370,
66940,10710,5144,5566,18741,9061,9680,21418,10298,11120,18741,8950,9791,10708,5186,5522,2677,1307,1370,
66945,10711,5145,5566,18743,9061,9682,21421,10299,11122,18742,8951,9791,10709,5186,5523,2677,1307,1370,
66950,10711,5145,5566,18744,9062,9682,21421,10299,11122,18743,8952,9791,10709,5186,5523,2678,1308,1370,
66955,10712,5145,5567,18745,9062,9683,21422,10299,11123,18744,8953,9791,10711,5187,5524,2678,1308,1370,
66960,10713,5146,5567,18747,9062,9685,21425,10300,11125,18746,8954,9792,10712,5187,5525,2678,1308,1370,
66965,10714,5146,5568,18748,9063,9685,21426,10300,11126,18748,8955,9793,10712,5187,5525,2678,1308,1370,
66970,10715,5147,5568,18750,9064,9686,21429,10303,11126,18749,8956,9793,10713,5187,5526,2678,1308,1370,
66975,10715,5147,5568,18751,9065,9686,21429,10303,11126,18750,8957,9793,10713,5187,5526,2679,1309,1370,
66980,10716,5147,5569,18752,9065,9687,21430,10303,11127,18751,8957,9794,10715,5188,5527,2679,1309,1370,
66985,10717,5148,5569,18754,9065,9689,21433,10304,11129,18753,8957,9796,10716,5189,5527,2679,1309,1370,
66990,10718,5149,5569,18755,9066,9689,21434,10304,11130,18755,8959,9796,10716,5189,5527,2679,1309,1370,
66995,10719,5150,5569,18757,9067,9690,21437,10307,11130,18756,8959,9797,10717,5190,5527,2679,1309,1370,
67000,10719,5150,5569,18758,9067,9691,21437,10307,11130,18757,8960,9797,10717,5190,5527,2680,1309,1371,
67005,10720,5150,5570,18759,9068,9691,21438,10307,11131,18758,8961,9797,10719,5191,5528,2680,1309,1371,
67010,10721,5150,5571,18761,9070,9691,21441,10309,11132,18760,8961,9799,10720,5192,5528,2680,1309,1371,
67015,10722,5150,5572,18762,9071,9691,21442,10309,11133,18762,8963,9799,10720,5192,5528,2680,1309,1371,
67020,10723,5151,5572,18764,9071,9693,21445,10311,11134,18763,8963,9800,10721,5193,5528,2680,1309,1371,
67025,10723,5151,5572,18765,9071,9694,21445,10311,11134,18764,8963,9801,10721,5193,5528,2681,1310,1371,
67030,10724,5152,5572,18766,9071,9695,21446,10311,11135,18765,8964,9801,10723,5195,5528,2681,1310,1371,
67035,10725,5153,5572,18768,9071,9697,21449,10313,11136,18767,8965,9802,10724,5196,5528,2681,1310,1371,
67040,10726,5154,5572,18769,9072,9697,21450,10313,11137,18769,8966,9803,10724,5196,5528,2681,1310,1371,
67045,10727,5155,5572,18771,9074,9697,21453,10314,11139,18770,8966,9804,10725,5196,5529,2681,1310,1371,
67050,10727,5155,5572,18772,9074,9698,21453,10314,11139,18771,8966,9805,10725,5196,5529,2682,1310,1372,
67055,10728,5155,5573,18773,9074,9699,21454,10314,11140,18772,8966,9806,10727,5198,5529,2682,1310,1372,
67060,10729,5155,5574,18775,9075,9700,21457,10315,11142,18774,8966,9808,10728,5198,5530,2682,1310,1372,
67065,10730,5155,5575,18776,9075,9701,21458,10315,11143,18776,8966,9810,10728,5198,5530,2682,1310,1372,
67070,10731,5155,5576,18778,9076,9702,21461,10316,11145,18777,8967,9810,10729,5198,5531,2682,1310,1372,
67075,10731,5155,5576,18779,9077,9702,21461,10316,11145,18778,8967,9811,10729,5198,5531,2683,1311,1372,
67080,10732,5156,5576,18780,9077,9703,21462,10316,11146,18779,8967,9812,10731,5199,5532,2683,1311,1372,
67085,10733,5157,5576,18782,9079,9703,21465,10317,11148,18781,8967,9814,10732,5200,5532,2683,1311,1372,
67090,10734,5157,5577,18783,9080,9703,21466,10318,11148,18783,8967,9816,10732,5200,5532,2683,1311,1372,
67095,10735,5158,5577,18785,9082,9703,21469,10319,11150,18784,8968,9816,10733,5200,5533,2683,1311,1372,
67100,10735,5158,5577,18786,9083,9703,21469,10319,11150,18785,8969,9816,10733,5200,5533,2684,1311,1373,
67105,10736,5159,5577,18787,9084,9703,21470,10319,11151,18786,8969,9817,10735,5201,5534,2684,1311,1373,
67110,10737,5160,5577,18789,9085,9704,21473,10321,11152,18788,8970,9818,10736,5202,5534,2684,1311,1373,
67115,10738,5160,5578,18790,9086,9704,21474,10321,11153,18790,8972,9818,10736,5202,5534,2684,1311,1373,
67120,10739,5161,5578,18792,9086,9706,21477,10323,11154,18791,8972,9819,10737,5202,5535,2684,1311,1373,
67125,10739,5161,5578,18793,9087,9706,21477,10323,11154,18792,8973,9819,10737,5202,5535,2685,1311,1374,
67130,10740,5161,5579,18794,9088,9706,21478,10323,11155,18793,8973,9820,10739,5204,5535,2685,1311,1374,
67135,10741,5162,5579,18796,9089,9707,21481,10324,11157,18795,8974,9821,10740,5204,5536,2685,1311,1374,
67140,10742,5162,5580,18797,9090,9707,21482,10325,11157,18797,8975,9822,10740,5204,5536,2685,1311,1374,
67145,10743,5163,5580,18799,9091,9708,21485,10328,11157,18798,8975,9823,10741,5204,5537,2685,1311,1374,
67150,10743,5163,5580,18800,9091,9709,21485,10328,11157,18799,8975,9824,10741,5204,5537,2686,1311,1375,
67155,10744,5164,5580,18801,9092,9709,21486,10329,11157,18800,8975,9825,10743,5206,5537,2686,1311,1375,
67160,10745,5165,5580,18803,9093,9710,21489,10331,11158,18802,8975,9827,10744,5207,5537,2686,1311,1375,
67165,10746,5165,5581,18804,9093,9711,21490,10332,11158,18804,8976,9828,10744,5207,5537,2686,1311,1375,
67170,10747,5166,5581,18806,9093,9713,21493,10333,11160,18805,8977,9828,10745,5207,5538,2686,1311,1375,
67175,10747,5166,5581,18807,9093,9714,21493,10333,11160,18806,8977,9829,10745,5207,5538,2687,1312,1375,
67180,10748,5166,5582,18808,9094,9714,21494,10334,11160,18807,8977,9830,10747,5207,5540,2687,1312,1375,
67185,10749,5167,5582,18810,9096,9714,21497,10335,11162,18809,8977,9832,10748,5208,5540,2687,1312,1375,
67190,10750,5168,5582,18811,9097,9714,21498,10336,11162,18811,8979,9832,10748,5208,5540,2687,1312,1375,
67195,10751,5168,5583,18813,9097,9716,21501,10338,11163,18812,8980,9832,10749,5209,5540,2687,1312,1375,
67200,10751,5168,5583,18814,9098,9716,21501,10338,11163,18813,8981,9832,10749,5209,5540,2688,1313,1375,
67205,10752,5169,5583,18815,9098,9717,21502,10338,11164,18814,8981,9833,10751,5209,5542,2688,1313,1375,
67210,10753,5169,5584,18817,9098,9719,21505,10340,11165,18816,8981,9835,10752,5210,5542,2688,1313,1375,
67215,10754,5170,5584,18818,9098,9720,21506,10340,11166,18818,8982,9836,10752,5210,5542,2688,1313,1375,
67220,10755,5170,5585,18820,9099,9721,21509,10342,11167,18819,8982,9837,10753,5211,5542,2688,1313,1375,
67225,10755,5170,5585,18821,9100,9721,21509,10342,11167,18820,8982,9838,10753,5211,5542,2689,1314,1375,
67230,10756,5171,5585,18822,9100,9722,21510,10343,11167,18821,8983,9838,10755,5212,5543,2689,1314,1375,
67235,10757,5171,5586,18824,9101,9723,21513,10345,11168,18823,8984,9839,10756,5213,5543,2689,1314,1375,
67240,10758,5171,5587,18825,9102,9723,21514,10346,11168,18825,8984,9841,10756,5213,5543,2689,1314,1375,
67245,10759,5171,5588,18827,9102,9725,21517,10347,11170,18826,8984,9842,10757,5213,5544,2689,1314,1375,
67250,10759,5171,5588,18828,9103,9725,21517,10347,11170,18827,8984,9843,10757,5213,5544,2690,1315,1375,
67255,10760,5171,5589,18829,9103,9726,21518,10347,11171,18828,8984,9844,10759,5215,5544,2690,1315,1375,
67260,10761,5172,5589,18831,9105,9726,21521,10349,11172,18830,8985,9845,10760,5216,5544,2690,1315,1375,
67265,10762,5172,5590,18832,9105,9727,21522,10350,11172,18832,8986,9846,10760,5216,5544,2690,1315,1375,
67270,10763,5173,5590,18834,9106,9728,21525,10352,11173,18833,8986,9847,10761,5216,5545,2690,1315,1375,
67275,10763,5173,5590,18835,9107,9728,21525,10352,11173,18834,8986,9848,10761,5216,5545,2691,1316,1375,
67280,10764,5173,5591,18836,9107,9729,21526,10352,11174,18835,8987,9848,10763,5218,5545,2691,1316,1375,
67285,10765,5173,5592,18838,9107,9731,21529,10353,11176,18837,8988,9849,10764,5219,5545,2691,1316,1375,
67290,10766,5174,5592,18839,9107,9732,21530,10354,11176,18839,8988,9851,10764,5219,5545,2691,1316,1375,
67295,10767,5174,5593,18841,9108,9733,21533,10355,11178,18840,8989,9851,10765,5220,5545,2691,1316,1375,
67300,10767,5174,5593,18842,9108,9734,21533,10355,11178,18841,8990,9851,10765,5220,5545,2692,1317,1375,
67305,10768,5174,5594,18843,9109,9734,21534,10355,11179,18842,8990,9852,10767,5222,5545,2692,1317,1375,
67310,10769,5174,5595,18845,9110,9735,21537,10357,11180,18844,8990,9854,10768,5222,5546,2692,1317,1375,
67315,10770,5175,5595,18846,9110,9736,21538,10358,11180,18846,8990,9856,10768,5222,5546,2692,1317,1375,
67320,10771,5176,5595,18848,9110,9738,21541,10358,11183,18847,8990,9857,10769,5223,5546,2692,1317,1375,
67325,10771,5176,5595,18849,9110,9739,21541,10358,11183,18848,8991,9857,10769,5223,5546,2693,1317,1376,
67330,10772,5177,5595,18850,9110,9740,21542,10359,11183,18849,8991,9858,10771,5225,5546,2693,1317,1376,
67335,10773,5177,5596,18852,9111,9741,21545,10361,11184,18851,8992,9859,10772,5226,5546,2693,1317,1376,
67340,10774,5177,5597,18853,9111,9742,21546,10361,11185,18853,8993,9860,10772,5226,5546,2693,1317,1376,
67345,10775,5177,5598,18855,9113,9742,21549,10361,11188,18854,8993,9861,10773,5226,5547,2693,1317,1376,
67350,10775,5177,5598,18856,9114,9742,21549,10361,11188,18855,8993,9862,10773,5226,5547,2694,1317,1377,
67355,10776,5177,5599,18857,9114,9743,21550,10362,11188,18856,8993,9863,10775,5227,5548,2694,1317,1377,
67360,10777,5178,5599,18859,9114,9745,21553,10363,11190,18858,8994,9864,10776,5228,5548,2694,1317,1377,
67365,10778,5179,5599,18860,9115,9745,21554,10363,11191,18860,8995,9865,10776,5228,5548,2694,1317,1377,
67370,10779,5179,5600,18862,9117,9745,21557,10365,11192,18861,8996,9865,10777,5229,5548,2694,1317,1377,
67375,10779,5179,5600,18863,9118,9745,21557,10365,11192,18862,8996,9866,10777,5229,5548,2695,1317,1378,
67380,10780,5180,5600,18864,9119,9745,21558,10365,11193,18863,8996,9867,10779,5230,5549,2695,1317,1378,
67385,10781,5181,5600,18866,9120,9746,21561,10367,11194,18865,8997,9868,10780,5230,5550,2695,1317,1378,
67390,10782,5182,5600,18867,9120,9747,21562,10368,11194,18867,8999,9868,10780,5230,5550,2695,1317,1378,
67395,10783,5183,5600,18869,9121,9748,21565,10369,11196,18868,9000,9868,10781,5230,5551,2695,1317,1378,
67400,10783,5183,5600,18870,9122,9748,21565,10369,11196,18869,9000,9869,10781,5230,5551,2696,1318,1378,
67405,10784,5183,5601,18871,9122,9749,21566,10369,11197,18870,9001,9869,10783,5231,5552,2696,1318,1378,
67410,10785,5184,5601,18873,9122,9751,21569,10370,11199,18872,9002,9870,10784,5231,5553,2696,1318,1378,
67415,10786,5184,5602,18874,9123,9751,21570,10371,11199,18874,9003,9871,10784,5231,5553,2696,1318,1378,
67420,10787,5185,5602,18876,9124,9752,21573,10371,11202,18875,9003,9872,10785,5231,5554,2696,1318,1378,
67425,10787,5185,5602,18877,9125,9752,21573,10371,11202,18876,9004,9872,10785,5231,5554,2697,1318,1379,
67430,10788,5185,5603,18878,9125,9753,21574,10372,11202,18877,9005,9872,10787,5232,5555,2697,1318,1379,
67435,10789,5186,5603,18880,9126,9754,21577,10373,11204,18879,9007,9872,10788,5233,5555,2697,1318,1379,
67440,10790,5186,5604,18881,9126,9755,21578,10374,11204,18881,9008,9873,10788,5233,5555,2697,1318,1379,
67445,10791,5187,5604,18883,9128,9755,21581,10375,11206,18882,9008,9874,10789,5233,5556,2697,1318,1379,
67450,10791,5187,5604,18884,9128,9756,21581,10375,11206,18883,9009,9874,10789,5233,5556,2698,1319,1379,
67455,10792,5188,5604,18885,9129,9756,21582,10376,11206,18884,9010,9874,10791,5234,5557,2698,1319,1379,
67460,10793,5189,5604,18887,9129,9758,21585,10377,11208,18886,9011,9875,10792,5235,5557,2698,1319,1379,
67465,10794,5189,5605,18888,9129,9759,21586,10378,11208,18888,9012,9876,10792,5235,5557,2698,1319,1379,
67470,10795,5189,5606,18890,9130,9760,21589,10379,11210,18889,9012,9877,10793,5235,5558,2698,1319,1379,
67475,10795,5189,5606,18891,9130,9761,21589,10379,11210,18890,9013,9877,10793,5235,5558,2699,1319,1380,
67480,10796,5189,5607,18892,9130,9762,21590,10379,11211,18891,9013,9878,10795,5237,5558,2699,1319,1380,
67485,10797,5190,5607,18894,9131,9763,21593,10382,11211,18893,9014,9879,10796,5238,5558,2699,1319,1380,
67490,10798,5191,5607,18895,9131,9764,21594,10382,11212,18895,9015,9880,10796,5238,5558,2699,1319,1380,
67495,10799,5192,5607,18897,9132,9765,21597,10384,11213,18896,9016,9880,10797,5239,5558,2699,1319,1380,
67500,10799,5192,5607,18898,9133,9765,21597,10384,11213,18897,9016,9881,10797,5239,5558,2700,1319,1381,
67505,10800,5193,5607,18899,9133,9766,21598,10384,11214,18898,9016,9882,10799,5239,5560,2700,1319,1381,
67510,10801,5194,5607,18901,9134,9767,21601,10386,11215,18900,9018,9882,10800,5240,5560,2700,1319,1381,
67515,10802,5194,5608,18902,9135,9767,21602,10386,11216,18902,9019,9883,10800,5240,5560,2700,1319,1381,
67520,10803,5195,5608,18904,9136,9768,21605,10387,11218,18903,9020,9883,10801,5241,5560,2700,1319,1381,
67525,10803,5195,5608,18905,9136,9769,21605,10387,11218,18904,9021,9883,10801,5241,5560,2701,1320,1381,
67530,10804,5196,5608,18906,9136,9770,21606,10388,11218,18905,9021,9884,10803,5243,5560,2701,1320,1381,
67535,10805,5196,5609,18908,9137,9771,21609,10389,11220,18907,9021,9886,10804,5244,5560,2701,1320,1381,
67540,10806,5197,5609,18909,9138,9771,21610,10389,11221,18909,9021,9888,10804,5244,5560,2701,1320,1381,
67545,10807,5198,5609,18911,9138,9773,21613,10390,11223,18910,9021,9889,10805,5244,5561,2701,1320,1381,
67550,10807,5198,5609,18912,9139,9773,21613,10390,11223,18911,9022,9889,10805,5244,5561,2702,1320,1382,
67555,10808,5198,5610,18913,9140,9773,21614,10390,11224,18912,9022,9890,10807,5245,5562,2702,1320,1382,
67560,10809,5198,5611,18915,9141,9774,21617,10391,11226,18914,9023,9891,10808,5245,5563,2702,1320,1382,
67565,10810,5198,5612,18916,9142,9774,21618,10391,11227,18916,9023,9893,10808,5245,5563,2702,1320,1382,
67570,10811,5199,5612,18918,9142,9776,21621,10391,11230,18917,9023,9894,10809,5246,5563,2702,1320,1382,
67575,10811,5199,5612,18919,9143,9776,21621,10391,11230,18918,9024,9894,10809,5246,5563,2703,1321,1382,
67580,10812,5200,5612,18920,9143,9777,21622,10391,11231,18919,9024,9895,10811,5247,5564,2703,1321,1382,
67585,10813,5201,5612,18922,9144,9778,21625,10392,11233,18921,9024,9897,10812,5247,5565,2703,1321,1382,
67590,10814,5201,5613,18923,9144,9779,21626,10392,11234,18923,9025,9898,10812,5247,5565,2703,1321,1382,
67595,10815,5201,5614,18925,9145,9780,21629,10394,11235,18924,9025,9899,10813,5247,5566,2703,1321,1382,
67600,10815,5201,5614,18926,9145,9781,21629,10394,11235,18925,9026,9899,10813,5247,5566,2704,1321,1383,
67605,10816,5202,5614,18927,9145,9782,21630,10394,11236,18926,9027,9899,10815,5248,5567,2704,1321,1383,
67610,10817,5203,5614,18929,9146,9783,21633,10395,11238,18928,9029,9899,10816,5248,5568,2704,1321,1383,
67615,10818,5203,5615,18930,9147,9783,21634,10395,11239,18930,9030,9900,10816,5248,5568,2704,1321,1383,
67620,10819,5204,5615,18932,9149,9783,21637,10395,11242,18931,9030,9901,10817,5248,5569,2704,1321,1383,
67625,10819,5204,5615,18933,9150,9783,21637,10395,11242,18932,9031,9901,10817,5248,5569,2705,1321,1384,
67630,10820,5204,5616,18934,9150,9784,21638,10395,11243,18933,9031,9902,10819,5248,5571,2705,1321,1384,
67635,10821,5205,5616,18936,9150,9786,21641,10397,11244,18935,9033,9902,10820,5248,5572,2705,1321,1384,
67640,10822,5205,5617,18937,9150,9787,21642,10397,11245,18937,9034,9903,10820,5248,5572,2705,1321,1384,
67645,10823,5205,5618,18939,9151,9788,21645,10399,11246,18938,9034,9904,10821,5249,5572,2705,1321,1384,
67650,10823,5205,5618,18940,9151,9789,21645,10399,11246,18939,9035,9904,10821,5249,5572,2706,1322,1384,
67655,10824,5205,5619,18941,9151,9790,21646,10400,11246,18940,9036,9904,10823,5251,5572,2706,1322,1384,
67660,10825,5206,5619,18943,9153,9790,21649,10402,11247,18942,9037,9905,10824,5251,5573,2706,1322,1384,
67665,10826,5207,5619,18944,9154,9790,21650,10403,11247,18944,9037,9907,10824,5251,5573,2706,1322,1384,
67670,10827,5207,5620,18946,9154,9792,21653,10404,11249,18945,9037,9908,10825,5252,5573,2706,1322,1384,
67675,10827,5207,5620,18947,9155,9792,21653,10404,11249,18946,9037,9909,10825,5252,5573,2707,1322,1385,
67680,10828,5207,5621,18948,9156,9792,21654,10405,11249,18947,9038,9909,10827,5252,5575,2707,1322,1385,
67685,10829,5208,5621,18950,9157,9793,21657,10406,11251,18949,9040,9909,10828,5252,5576,2707,1322,1385,
67690,10830,5208,5622,18951,9158,9793,21658,10406,11252,18951,9040,9911,10828,5252,5576,2707,1322,1385,
67695,10831,5208,5623,18953,9158,9795,21661,10409,11252,18952,9040,9912,10829,5252,5577,2707,1322,1385,
67700,10831,5208,5623,18954,9158,9796,21661,10409,11252,18953,9040,9913,10829,5252,5577,2708,1323,1385,
67705,10832,5209,5623,18955,9158,9797,21662,10409,11253,18954,9040,9914,10831,5253,5578,2708,1323,1385,
67710,10833,5209,5624,18957,9160,9797,21665,10411,11254,18956,9042,9914,10832,5254,5578,2708,1323,1385,
67715,10834,5210,5624,18958,9160,9798,21666,10412,11254,18958,9043,9915,10832,5254,5578,2708,1323,1385,
67720,10835,5211,5624,18960,9162,9798,21669,10414,11255,18959,9044,9915,10833,5254,5579,2708,1323,1385,
67725,10835,5211,5624,18961,9163,9798,21669,10414,11255,18960,9044,9916,10833,5254,5579,2709,1323,1386,
67730,10836,5211,5625,18962,9164,9798,21670,10414,11256,18961,9045,9916,10835,5255,5580,2709,1323,1386,
67735,10837,5211,5626,18964,9165,9799,21673,10415,11258,18963,9046,9917,10836,5256,5580,2709,1323,1386,
67740,10838,5211,5627,18965,9165,9800,21674,10416,11258,18965,9048,9917,10836,5256,5580,2709,1323,1386,
67745,10839,5211,5628,18967,9167,9800,21677,10418,11259,18966,9049,9917,10837,5256,5581,2709,1323,1386,
67750,10839,5211,5628,18968,9167,9801,21677,10418,11259,18967,9050,9917,10837,5256,5581,2710,1323,1387,
67755,10840,5212,5628,18969,9167,9802,21678,10418,11260,18968,9050,9918,10839,5258,5581,2710,1323,1387,
67760,10841,5213,5628,18971,9168,9803,21681,10418,11263,18970,9051,9919,10840,5258,5582,2710,1323,1387,
67765,10842,5214,5628,18972,9169,9803,21682,10419,11263,18972,9053,9919,10840,5258,5582,2710,1323,1387,
67770,10843,5214,5629,18974,9170,9804,21685,10420,11265,18973,9054,9919,10841,5259,5582,2710,1323,1387,
67775,10843,5214,5629,18975,9170,9805,21685,10420,11265,18974,9054,9920,10841,5259,5582,2711,1324,1387,
67780,10844,5215,5629,18976,9171,9805,21686,10421,11265,18975,9054,9921,10843,5260,5583,2711,1324,1387,
67785,10845,5216,5629,18978,9172,9806,21689,10423,11266,18977,9054,9923,10844,5260,5584,2711,1324,1387,
67790,10846,5216,5630,18979,9172,9807,21690,10423,11267,18979,9055,9924,10844,5260,5584,2711,1324,1387,
67795,10847,5216,5631,18981,9172,9809,21693,10425,11268,18980,9056,9924,10845,5260,5585,2711,1324,1387,
67800,10847,5216,5631,18982,9172,9810,21693,10425,11268,18981,9056,9925,10845,5260,5585,2712,1324,1388,
67805,10848,5217,5631,18983,9173,9810,21694,10426,11268,18982,9056,9926,10847,5260,5587,2712,1324,1388,
67810,10849,5218,5631,18985,9174,9811,21697,10428,11269,18984,9057,9927,10848,5261,5587,2712,1324,1388,
67815,10850,5218,5632,18986,9175,9811,21698,10429,11269,18986,9059,9927,10848,5261,5587,2712,1324,1388,
67820,10851,5218,5633,18988,9175,9813,21701,10432,11269,18987,9059,9928,10849,5262,5587,2712,1324,1388,
67825,10851,5218,5633,18989,9175,9814,21701,10432,11269,18988,9060,9928,10849,5262,5587,2713,1325,1388,
67830,10852,5218,5634,18990,9176,9814,21702,10433,11269,18989,9060,9929,10851,5264,5587,2713,1325,1388,
67835,10853,5218,5635,18992,9176,9816,21705,10434,11271,18991,9060,9931,10852,5265,5587,2713,1325,1388,
67840,10854,5218,5636,18993,9176,9817,21706,10434,11272,18993,9060,9933,10852,5265,5587,2713,1325,1388,
67845,10855,5218,5637,18995,9178,9817,21709,10435,11274,18994,9060,9934,10853,5266,5587,2713,1325,1388,
67850,10855,5218,5637,18996,9178,9818,21709,10435,11274,18995,9061,9934,10853,5266,5587,2714,1326,1388,
67855,10856,5218,5638,18997,9179,9818,21710,10435,11275,18996,9062,9934,10855,5267,5588,2714,1326,1388,
67860,10857,5219,5638,18999,9180,9819,21713,10437,11276,18998,9063,9935,10856,5267,5589,2714,1326,1388,
67865,10858,5220,5638,19000,9180,9820,21714,10437,11277,19000,9063,9937,10856,5267,5589,2714,1326,1388,
67870,10859,5220,5639,19002,9180,9822,21717,10438,11279,19001,9064,9937,10857,5267,5590,2714,1326,1388,
67875,10859,5220,5639,19003,9181,9822,21717,10438,11279,19002,9064,9938,10857,5267,5590,2715,1327,1388,
67880,10860,5220,5640,19004,9181,9823,21718,10439,11279,19003,9065,9938,10859,5269,5590,2715,1327,1388,
67885,10861,5220,5641,19006,9182,9824,21721,10441,11280,19005,9067,9938,10860,5270,5590,2715,1327,1388,
67890,10862,5221,5641,19007,9183,9824,21722,10441,11281,19007,9068,9939,10860,5270,5590,2715,1327,1388,
67895,10863,5222,5641,19009,9185,9824,21725,10443,11282,19008,9069,9939,10861,5270,5591,2715,1327,1388,
67900,10863,5222,5641,19010,9185,9825,21725,10443,11282,19009,9070,9939,10861,5270,5591,2716,1327,1389,
67905,10864,5223,5641,19011,9186,9825,21726,10443,11283,19010,9070,9940,10863,5272,5591,2716,1327,1389,
67910,10865,5224,5641,19013,9187,9826,21729,10444,11285,19012,9072,9940,10864,5272,5592,2716,1327,1389,
67915,10866,5225,5641,19014,9187,9827,21730,10444,11286,19014,9074,9940,10864,5272,5592,2716,1327,1389,
67920,10867,5225,5642,19016,9188,9828,21733,10445,11288,19015,9075,9940,10865,5273,5592,2716,1327,1389,
67925,10867,5225,5642,19017,9189,9828,21733,10445,11288,19016,9076,9940,10865,5273,5592,2717,1328,1389,
67930,10868,5225,5643,19018,9189,9829,21734,10445,11289,19017,9077,9940,10867,5275,5592,2717,1328,1389,
67935,10869,5225,5644,19020,9190,9830,21737,10446,11291,19019,9077,9942,10868,5275,5593,2717,1328,1389,
67940,10870,5226,5644,19021,9190,9831,21738,10446,11292,19021,9077,9944,10868,5275,5593,2717,1328,1389,
67945,10871,5226,5645,19023,9191,9832,21741,10447,11294,19022,9078,9944,10869,5275,5594,2717,1328,1389,
67950,10871,5226,5645,19024,9191,9833,21741,10447,11294,19023,9078,9945,10869,5275,5594,2718,1329,1389,
67955,10872,5227,5645,19025,9192,9833,21742,10448,11294,19024,9079,9945,10871,5276,5595,2718,1329,1389,
67960,10873,5228,5645,19027,9193,9834,21745,10448,11297,19026,9081,9945,10872,5277,5595,2718,1329,1389,
67965,10874,5229,5645,19028,9194,9834,21746,10448,11298,19028,9082,9946,10872,5277,5595,2718,1329,1389,
67970,10875,5230,5645,19030,9194,9836,21749,10450,11299,19029,9082,9947,10873,5278,5595,2718,1329,1389,
67975,10875,5230,5645,19031,9194,9837,21749,10450,11299,19030,9082,9948,10873,5278,5595,2719,1329,1390,
67980,10876,5230,5646,19032,9195,9837,21750,10451,11299,19031,9082,9949,10875,5280,5595,2719,1329,1390,
67985,10877,5231,5646,19034,9197,9837,21753,10452,11301,19033,9084,9949,10876,5280,5596,2719,1329,1390,
67990,10878,5232,5646,19035,9198,9837,21754,10453,11301,19035,9085,9950,10876,5280,5596,2719,1329,1390,
67995,10879,5232,5647,19037,9199,9838,21757,10455,11302,19036,9086,9950,10877,5280,5597,2719,1329,1390,
68000,10879,5232,5647,19038,9199,9839,21757,10455,11302,19037,9087,9950,10877,5280,5597,2720,1330,1390,
68005,10880,5233,5647,19039,9199,9840,21758,10455,11303,19038,9088,9950,10879,5280,5599,2720,1330,1390,
68010,10881,5233,5648,19041,9201,9840,21761,10457,11304,19040,9088,9952,10880,5281,5599,2720,1330,1390,
68015,10882,5234,5648,19042,9201,9841,21762,10458,11304,19042,9088,9954,10880,5281,5599,2720,1330,1390,
68020,10883,5234,5649,19044,9202,9842,21765,10459,11306,19043,9088,9955,10881,5281,5600,2720,1330,1390,
68025,10883,5234,5649,19045,9203,9842,21765,10459,11306,19044,9088,9956,10881,5281,5600,2721,1330,1391,
68030,10884,5235,5649,19046,9204,9842,21766,10460,11306,19045,9088,9957,10883,5282,5601,2721,1330,1391,
68035,10885,5235,5650,19048,9205,9843,21769,10462,11307,19047,9088,9959,10884,5282,5602,2721,1330,1391,
68040,10886,5236,5650,19049,9206,9843,21770,10462,11308,19049,9089,9960,10884,5282,5602,2721,1330,1391,
68045,10887,5236,5651,19051,9206,9845,21773,10464,11309,19050,9089,9961,10885,5283,5602,2721,1330,1391,
68050,10887,5236,5651,19052,9206,9846,21773,10464,11309,19051,9089,9962,10885,5283,5602,2722,1330,1392,
68055,10888,5236,5652,19053,9207,9846,21774,10464,11310,19052,9090,9962,10887,5284,5603,2722,1330,1392,
68060,10889,5237,5652,19055,9208,9847,21777,10464,11313,19054,9092,9962,10888,5285,5603,2722,1330,1392,
68065,10890,5237,5653,19056,9208,9848,21778,10464,11314,19056,9092,9964,10888,5285,5603,2722,1330,1392,
68070,10891,5238,5653,19058,9210,9848,21781,10465,11316,19057,9092,9965,10889,5286,5603,2722,1330,1392,
68075,10891,5238,5653,19059,9210,9849,21781,10465,11316,19058,9092,9966,10889,5286,5603,2723,1330,1393,
68080,10892,5238,5654,19060,9210,9850,21782,10465,11317,19059,9093,9966,10891,5287,5604,2723,1330,1393,
68085,10893,5238,5655,19062,9212,9850,21785,10468,11317,19061,9095,9966,10892,5287,5605,2723,1330,1393,
68090,10894,5239,5655,19063,9212,9851,21786,10469,11317,19063,9097,9966,10892,5287,5605,2723,1330,1393,
68095,10895,5239,5656,19065,9214,9851,21789,10469,11320,19064,9098,9966,10893,5288,5605,2723,1330,1393,
68100,10895,5239,5656,19066,9214,9852,21789,10469,11320,19065,9098,9967,10893,5288,5605,2724,1331,1393,
68105,10896,5240,5656,19067,9214,9853,21790,10469,11321,19066,9099,9967,10895,5289,5606,2724,1331,1393,
68110,10897,5240,5657,19069,9214,9855,21793,10470,11323,19068,9100,9968,10896,5289,5607,2724,1331,1393,
68115,10898,5241,5657,19070,9215,9855,21794,10470,11324,19070,9101,9969,10896,5289,5607,2724,1331,1393,
68120,10899,5241,5658,19072,9216,9856,21797,10473,11324,19071,9102,9969,10897,5290,5607,2724,1331,1393,
68125,10899,5241,5658,19073,9217,9856,21797,10473,11324,19072,9103,9969,10897,5290,5607,2725,1332,1393,
68130,10900,5241,5659,19074,9218,9856,21798,10474,11324,19073,9104,9969,10899,5291,5608,2725,1332,1393,
68135,10901,5242,5659,19076,9219,9857,21801,10477,11324,19075,9105,9970,10900,5291,5609,2725,1332,1393,
68140,10902,5243,5659,19077,9219,9858,21802,10477,11325,19077,9105,9972,10900,5291,5609,2725,1332,1393,
68145,10903,5243,5660,19079,9220,9859,21805,10479,11326,19078,9105,9973,10901,5292,5609,2725,1332,1393,
68150,10903,5243,5660,19080,9221,9859,21805,10479,11326,19079,9105,9974,10901,5292,5609,2726,1332,1394,
68155,10904,5244,5660,19081,9221,9860,21806,10480,11326,19080,9105,9975,10903,5292,5611,2726,1332,1394,
68160,10905,5245,5660,19083,9222,9861,21809,10481,11328,19082,9106,9976,10904,5292,5612,2726,1332,1394,
68165,10906,5245,5661,19084,9222,9862,21810,10481,11329,19084,9108,9976,10904,5292,5612,2726,1332,1394,
68170,10907,5246,5661,19086,9223,9863,21813,10482,11331,19085,9108,9977,10905,5293,5612,2726,1332,1394,
68175,10907,5246,5661,19087,9223,9864,21813,10482,11331,19086,9108,9978,10905,5293,5612,2727,1332,1395,
68180,10908,5246,5662,19088,9224,9864,21814,10482,11332,19087,9108,9979,10907,5293,5614,2727,1332,1395,
68185,10909,5247,5662,19090,9226,9864,21817,10483,11334,19089,9108,9981,10908,5293,5615,2727,1332,1395,
68190,10910,5247,5663,19091,9227,9864,21818,10484,11334,19091,9109,9982,10908,5293,5615,2727,1332,1395,
68195,10911,5248,5663,19093,9228,9865,21821,10485,11336,19092,9110,9982,10909,5293,5616,2727,1332,1395,
68200,10911,5248,5663,19094,9229,9865,21821,10485,11336,19093,9110,9983,10909,5293,5616,2728,1332,1396,
68205,10912,5248,5664,19095,9229,9866,21822,10485,11337,19094,9110,9984,10911,5295,5616,2728,1332,1396,
68210,10913,5248,5665,19097,9231,9866,21825,10487,11338,19096,9111,9985,10912,5295,5617,2728,1332,1396,
68215,10914,5249,5665,19098,9232,9866,21826,10488,11338,19098,9112,9986,10912,5295,5617,2728,1332,1396,
68220,10915,5249,5666,19100,9234,9866,21829,10490,11339,19099,9112,9987,10913,5295,5618,2728,1332,1396,
68225,10915,5249,5666,19101,9234,9867,21829,10490,11339,19100,9113,9987,10913,5295,5618,2729,1332,1397,
68230,10916,5250,5666,19102,9235,9867,21830,10490,11340,19101,9114,9987,10915,5296,5619,2729,1332,1397,
68235,10917,5251,5666,19104,9235,9869,21833,10491,11342,19103,9115,9988,10916,5297,5619,2729,1332,1397,
68240,10918,5251,5667,19105,9236,9869,21834,10491,11343,19105,9117,9988,10916,5297,5619,2729,1332,1397,
68245,10919,5251,5668,19107,9236,9871,21837,10493,11344,19106,9118,9988,10917,5298,5619,2729,1332,1397,
68250,10919,5251,5668,19108,9237,9871,21837,10493,11344,19107,9118,9989,10917,5298,5619,2730,1333,1397,
68255,10920,5252,5668,19109,9238,9871,21838,10494,11344,19108,9119,9989,10919,5299,5620,2730,1333,1397,
68260,10921,5252,5669,19111,9238,9873,21841,10496,11345,19110,9120,9990,10920,5299,5621,2730,1333,1397,
68265,10922,5253,5669,19112,9238,9874,21842,10496,11346,19112,9120,9992,10920,5299,5621,2730,1333,1397,
68270,10923,5254,5669,19114,9240,9874,21845,10496,11349,19113,9120,9993,10921,5299,5622,2730,1333,1397,
68275,10923,5254,5669,19115,9240,9875,21845,10496,11349,19114,9120,9994,10921,5299,5622,2731,1333,1398,
68280,10924,5255,5669,19116,9240,9876,21846,10496,11350,19115,9120,9995,10923,5300,5623,2731,1333,1398,
68285,10925,5255,5670,19118,9240,9878,21849,10499,11350,19117,9120,9997,10924,5301,5623,2731,1333,1398,
68290,10926,5255,5671,19119,9241,9878,21850,10499,11351,19119,9121,9998,10924,5301,5623,2731,1333,1398,
68295,10927,5256,5671,19121,9242,9879,21853,10500,11353,19120,9122,9998,10925,5301,5624,2731,1333,1398,
68300,10927,5256,5671,19122,9243,9879,21853,10500,11353,19121,9123,9998,10925,5301,5624,2732,1334,1398,
68305,10928,5256,5672,19123,9244,9879,21854,10500,11354,19122,9124,9998,10927,5301,5626,2732,1334,1398,
68310,10929,5257,5672,19125,9246,9879,21857,10502,11355,19124,9125,9999,10928,5302,5626,2732,1334,1398,
68315,10930,5258,5672,19126,9246,9880,21858,10503,11355,19126,9126,10000,10928,5302,5626,2732,1334,1398,
68320,10931,5259,5672,19128,9248,9880,21861,10506,11355,19127,9127,10000,10929,5303,5626,2732,1334,1398,
68325,10931,5259,5672,19129,9248,9881,21861,10506,11355,19128,9128,10000,10929,5303,5626,2733,1334,1399,
68330,10932,5260,5672,19130,9249,9881,21862,10506,11356,19129,9129,10000,10931,5303,5628,2733,1334,1399,
68335,10933,5261,5672,19132,9250,9882,21865,10507,11358,19131,9131,10000,10932,5303,5629,2733,1334,1399,
68340,10934,5261,5673,19133,9251,9882,21866,10507,11359,19133,9131,10002,10932,5303,5629,2733,1334,1399,
68345,10935,5261,5674,19135,9252,9883,21869,10509,11360,19134,9131,10003,10933,5304,5629,2733,1334,1399,
68350,10935,5261,5674,19136,9253,9883,21869,10509,11360,19135,9132,10003,10933,5304,5629,2734,1335,1399,
68355,10936,5261,5675,19137,9253,9884,21870,10510,11360,19136,9133,10003,10935,5304,5631,2734,1335,1399,
68360,10937,5262,5675,19139,9254,9885,21873,10512,11361,19138,9134,10004,10936,5305,5631,2734,1335,1399,
68365,10938,5262,5676,19140,9255,9885,21874,10512,11362,19140,9136,10004,10936,5305,5631,2734,1335,1399,
68370,10939,5262,5677,19142,9256,9886,21877,10513,11364,19141,9137,10004,10937,5305,5632,2734,1335,1399,
68375,10939,5262,5677,19143,9256,9887,21877,10513,11364,19142,9138,10004,10937,5305,5632,2735,1336,1399,
68380,10940,5263,5677,19144,9257,9887,21878,10514,11364,19143,9139,10004,10939,5307,5632,2735,1336,1399,
68385,10941,5263,5678,19146,9257,9889,21881,10515,11366,19145,9140,10005,10940,5307,5633,2735,1336,1399,
68390,10942,5264,5678,19147,9258,9889,21882,10515,11367,19147,9142,10005,10940,5307,5633,2735,1336,1399,
68395,10943,5265,5678,19149,9260,9889,21885,10517,11368,19148,9143,10005,10941,5307,5634,2735,1336,1399,
68400,10943,5265,5678,19150,9261,9889,21885,10517,11368,19149,9143,10006,10941,5307,5634,2736,1336,1400,
68405,10944,5266,5678,19151,9262,9889,21886,10517,11369,19150,9144,10006,10943,5307,5636,2736,1336,1400,
68410,10945,5266,5679,19153,9263,9890,21889,10518,11371,19152,9145,10007,10944,5307,5637,2736,1336,1400,
68415,10946,5267,5679,19154,9263,9891,21890,10519,11371,19154,9147,10007,10944,5307,5637,2736,1336,1400,
68420,10947,5267,5680,19156,9265,9891,21893,10520,11373,19155,9147,10008,10945,5307,5638,2736,1336,1400,
68425,10947,5267,5680,19157,9266,9891,21893,10520,11373,19156,9148,10008,10945,5307,5638,2737,1336,1401,
68430,10948,5267,5681,19158,9266,9892,21894,10521,11373,19157,9148,10009,10947,5307,5640,2737,1336,1401,
68435,10949,5267,5682,19160,9268,9892,21897,10522,11375,19159,9150,10009,10948,5307,5641,2737,1336,1401,
68440,10950,5267,5683,19161,9268,9893,21898,10522,11376,19161,9152,10009,10948,5307,5641,2737,1336,1401,
68445,10951,5267,5684,19163,9268,9895,21901,10522,11379,19162,9153,10009,10949,5308,5641,2737,1336,1401,
68450,10951,5267,5684,19164,9268,9896,21901,10522,11379,19163,9153,10010,10949,5308,5641,2738,1337,1401,
68455,10952,5267,5685,19165,9268,9897,21902,10522,11380,19164,9153,10011,10951,5308,5643,2738,1337,1401,
68460,10953,5268,5685,19167,9269,9898,21905,10523,11382,19166,9153,10013,10952,5309,5643,2738,1337,1401,
68465,10954,5268,5686,19168,9269,9899,21906,10523,11383,19168,9155,10013,10952,5309,5643,2738,1337,1401,
68470,10955,5269,5686,19170,9270,9900,21909,10523,11386,19169,9155,10014,10953,5310,5643,2738,1337,1401,
68475,10955,5269,5686,19171,9271,9900,21909,10523,11386,19170,9156,10014,10953,5310,5643,2739,1337,1402,
68480,10956,5270,5686,19172,9271,9901,21910,10523,11387,19171,9156,10015,10955,5310,5645,2739,1337,1402,
68485,10957,5271,5686,19174,9271,9903,21913,10524,11389,19173,9157,10016,10956,5311,5645,2739,1337,1402,
68490,10958,5272,5686,19175,9271,9904,21914,10524,11390,19175,9158,10017,10956,5311,5645,2739,1337,1402,
68495,10959,5273,5686,19177,9271,9906,21917,10526,11391,19176,9158,10018,10957,5312,5645,2739,1337,1402,
68500,10959,5273,5686,19178,9271,9907,21917,10526,11391,19177,9159,10018,10957,5312,5645,2740,1337,1403,
68505,10960,5274,5686,19179,9272,9907,21918,10527,11391,19178,9159,10019,10959,5312,5647,2740,1337,1403,
68510,10961,5275,5686,19181,9273,9908,21921,10527,11394,19180,9159,10021,10960,5313,5647,2740,1337,1403,
68515,10962,5276,5686,19182,9273,9909,21922,10527,11395,19182,9160,10022,10960,5313,5647,2740,1337,1403,
68520,10963,5276,5687,19184,9274,9910,21925,10528,11397,19183,9160,10023,10961,5314,5647,2740,1337,1403,
68525,10963,5276,5687,19185,9274,9911,21925,10528,11397,19184,9161,10023,10961,5314,5647,2741,1337,1404,
68530,10964,5276,5688,19186,9275,9911,21926,10528,11398,19185,9161,10024,10963,5315,5648,2741,1337,1404,
68535,10965,5277,5688,19188,9276,9912,21929,10528,11401,19187,9162,10025,10964,5315,5649,2741,1337,1404,
68540,10966,5278,5688,19189,9276,9913,21930,10528,11402,19189,9162,10027,10964,5315,5649,2741,1337,1404,
68545,10967,5279,5688,19191,9278,9913,21933,10530,11403,19190,9162,10028,10965,5316,5649,2741,1337,1404,
68550,10967,5279,5688,19192,9278,9914,21933,10530,11403,19191,9162,10029,10965,5316,5649,2742,1337,1405,
68555,10968,5279,5689,19193,9279,9914,21934,10531,11403,19192,9162,10030,10967,5318,5649,2742,1337,1405,
68560,10969,5279,5690,19195,9280,9915,21937,10532,11405,19194,9162,10032,10968,5319,5649,2742,1337,1405,
68565,10970,5280,5690,19196,9280,9916,21938,10532,11406,19196,9162,10034,10968,5319,5649,2742,1337,1405,
68570,10971,5281,5690,19198,9280,9918,21941,10535,11406,19197,9162,10035,10969,5320,5649,2742,1337,1405,
68575,10971,5281,5690,19199,9281,9918,21941,10535,11406,19198,9163,10035,10969,5320,5649,2743,1337,1406,
68580,10972,5282,5690,19200,9281,9919,21942,10536,11406,19199,9163,10036,10971,5321,5650,2743,1337,1406,
68585,10973,5282,5691,19202,9281,9921,21945,10537,11408,19201,9165,10036,10972,5321,5651,2743,1337,1406,
68590,10974,5283,5691,19203,9282,9921,21946,10538,11408,19203,9166,10037,10972,5321,5651,2743,1337,1406,
68595,10975,5284,5691,19205,9283,9922,21949,10540,11409,19204,9166,10038,10973,5321,5652,2743,1337,1406,
68600,10975,5284,5691,19206,9283,9923,21949,10540,11409,19205,9167,10038,10973,5321,5652,2744,1337,1407,
68605,10976,5284,5692,19207,9284,9923,21950,10540,11410,19206,9167,10039,10975,5323,5652,2744,1337,1407,
68610,10977,5284,5693,19209,9286,9923,21953,10540,11413,19208,9169,10039,10976,5323,5653,2744,1337,1407,
68615,10978,5285,5693,19210,9287,9923,21954,10541,11413,19210,9171,10039,10976,5323,5653,2744,1337,1407,
68620,10979,5286,5693,19212,9289,9923,21957,10544,11413,19211,9171,10040,10977,5323,5654,2744,1337,1407,
68625,10979,5286,5693,19213,9290,9923,21957,10544,11413,19212,9172,10040,10977,5323,5654,2745,1337,1408,
68630,10980,5286,5694,19214,9291,9923,21958,10545,11413,19213,9172,10041,10979,5325,5654,2745,1337,1408,
68635,10981,5287,5694,19216,9292,9924,21961,10547,11414,19215,9172,10043,10980,5325,5655,2745,1337,1408,
68640,10982,5287,5695,19217,9292,9925,21962,10547,11415,19217,9172,10045,10980,5325,5655,2745,1337,1408,
68645,10983,5287,5696,19219,9293,9926,21965,10549,11416,19218,9173,10045,10981,5325,5656,2745,1337,1408,
68650,10983,5287,5696,19220,9293,9927,21965,10549,11416,19219,9173,10046,10981,5325,5656,2746,1338,1408,
68655,10984,5287,5697,19221,9293,9928,21966,10549,11417,19220,9174,10046,10983,5326,5657,2746,1338,1408,
68660,10985,5287,5698,19223,9294,9929,21969,10551,11418,19222,9174,10048,10984,5326,5658,2746,1338,1408,
68665,10986,5287,5699,19224,9295,9929,21970,10552,11418,19224,9174,10050,10984,5326,5658,2746,1338,1408,
68670,10987,5288,5699,19226,9296,9930,21973,10554,11419,19225,9174,10051,10985,5327,5658,2746,1338,1408,
68675,10987,5288,5699,19227,9297,9930,21973,10554,11419,19226,9174,10052,10985,5327,5658,2747,1339,1408,
68680,10988,5289,5699,19228,9298,9930,21974,10555,11419,19227,9174,10053,10987,5327,5660,2747,1339,1408,
68685,10989,5289,5700,19230,9298,9932,21977,10556,11421,19229,9174,10055,10988,5327,5661,2747,1339,1408,
68690,10990,5290,5700,19231,9298,9933,21978,10557,11421,19231,9175,10056,10988,5327,5661,2747,1339,1408,
68695,10991,5291,5700,19233,9300,9933,21981,10558,11423,19232,9176,10056,10989,5327,5662,2747,1339,1408,
68700,10991,5291,5700,19234,9301,9933,21981,10558,11423,19233,9177,10056,10989,5327,5662,2748,1339,1409,
68705,10992,5291,5701,19235,9302,9933,21982,10559,11423,19234,9178,10056,10991,5328,5663,2748,1339,1409,
68710,10993,5292,5701,19237,9303,9934,21985,10560,11425,19236,9178,10058,10992,5329,5663,2748,1339,1409,
68715,10994,5293,5701,19238,9303,9935,21986,10560,11426,19238,9180,10058,10992,5329,5663,2748,1339,1409,
68720,10995,5294,5701,19240,9304,9936,21989,10562,11427,19239,9180,10059,10993,5329,5664,2748,1339,1409,
68725,10995,5294,5701,19241,9304,9937,21989,10562,11427,19240,9180,10060,10993,5329,5664,2749,1339,1410,
68730,10996,5295,5701,19242,9304,9938,21990,10562,11428,19241,9181,10060,10995,5331,5664,2749,1339,1410,
68735,10997,5296,5701,19244,9305,9939,21993,10564,11429,19243,9182,10061,10996,5332,5664,2749,1339,1410,
68740,10998,5297,5701,19245,9305,9940,21994,10564,11430,19245,9184,10061,10996,5332,5664,2749,1339,1410,
68745,10999,5298,5701,19247,9306,9941,21997,10567,11430,19246,9184,10062,10997,5333,5664,2749,1339,1410,
68750,10999,5298,5701,19248,9307,9941,21997,10567,11430,19247,9185,10062,10997,5333,5664,2750,1339,1411,
68755,11000,5299,5701,19249,9308,9941,21998,10567,11431,19248,9186,10062,10999,5334,5665,2750,1339,1411,
68760,11001,5300,5701,19251,9310,9941,22001,10568,11433,19250,9186,10064,11000,5334,5666,2750,1339,1411,
68765,11002,5300,5702,19252,9310,9942,22002,10569,11433,19252,9187,10065,11000,5334,5666,2750,1339,1411,
68770,11003,5300,5703,19254,9311,9943,22005,10571,11434,19253,9188,10065,11001,5334,5667,2750,1339,1411,
68775,11003,5300,5703,19255,9312,9943,22005,10571,11434,19254,9188,10066,11001,5334,5667,2751,1340,1411,
68780,11004,5301,5703,19256,9312,9944,22006,10571,11435,19255,9189,10066,11003,5334,5669,2751,1340,1411,
68785,11005,5301,5704,19258,9313,9945,22009,10571,11438,19257,9189,10068,11004,5335,5669,2751,1340,1411,
68790,11006,5301,5705,19259,9313,9946,22010,10572,11438,19259,9190,10069,11004,5335,5669,2751,1340,1411,
68795,11007,5302,5705,19261,9314,9947,22013,10573,11440,19260,9191,10069,11005,5336,5669,2751,1340,1411,
68800,11007,5302,5705,19262,9314,9948,22013,10573,11440,19261,9192,10069,11005,5336,5669,2752,1340,1412,
68805,11008,5303,5705,19263,9314,9949,22014,10574,11440,19262,9192,10070,11007,5337,5670,2752,1340,1412,
68810,11009,5304,5705,19265,9315,9950,22017,10575,11442,19264,9193,10071,11008,5338,5670,2752,1340,1412,
68815,11010,5304,5706,19266,9316,9950,22018,10576,11442,19266,9194,10072,11008,5338,5670,2752,1340,1412,
68820,11011,5305,5706,19268,9318,9950,22021,10578,11443,19267,9195,10072,11009,5339,5670,2752,1340,1412,
68825,11011,5305,5706,19269,9319,9950,22021,10578,11443,19268,9196,10072,11009,5339,5670,2753,1340,1413,
68830,11012,5306,5706,19270,9319,9951,22022,10578,11444,19269,9196,10073,11011,5340,5671,2753,1340,1413,
68835,11013,5306,5707,19272,9320,9952,22025,10581,11444,19271,9198,10073,11012,5341,5671,2753,1340,1413,
68840,11014,5306,5708,19273,9321,9952,22026,10581,11445,19273,9199,10074,11012,5341,5671,2753,1340,1413,
68845,11015,5307,5708,19275,9322,9953,22029,10583,11446,19274,9200,10074,11013,5342,5671,2753,1340,1413,
68850,11015,5307,5708,19276,9323,9953,22029,10583,11446,19275,9200,10075,11013,5342,5671,2754,1341,1413,
68855,11016,5307,5709,19277,9323,9954,22030,10583,11447,19276,9200,10076,11015,5343,5672,2754,1341,1413,
68860,11017,5308,5709,19279,9325,9954,22033,10584,11449,19278,9202,10076,11016,5344,5672,2754,1341,1413,
68865,11018,5309,5709,19280,9326,9954,22034,10585,11449,19280,9203,10077,11016,5344,5672,2754,1341,1413,
68870,11019,5309,5710,19282,9327,9955,22037,10586,11451,19281,9204,10077,11017,5344,5673,2754,1341,1413,
68875,11019,5309,5710,19283,9327,9956,22037,10586,11451,19282,9204,10078,11017,5344,5673,2755,1342,1413,
68880,11020,5310,5710,19284,9328,9956,22038,10586,11452,19283,9205,10078,11019,5345,5674,2755,1342,1413,
68885,11021,5311,5710,19286,9328,9958,22041,10586,11455,19285,9207,10078,11020,5345,5675,2755,1342,1413,
68890,11022,5311,5711,19287,9328,9959,22042,10586,11456,19287,9208,10079,11020,5345,5675,2755,1342,1413,
68895,11023,5311,5712,19289,9329,9960,22045,10588,11457,19288,9208,10080,11021,5346,5675,2755,1342,1413,
68900,11023,5311,5712,19290,9329,9961,22045,10588,11457,19289,9209,10080,11021,5346,5675,2756,1342,1414,
68905,11024,5311,5713,19291,9329,9962,22046,10588,11458,19290,9209,10081,11023,5347,5676,2756,1342,1414,
68910,11025,5311,5714,19293,9329,9964,22049,10590,11459,19292,9210,10082,11024,5348,5676,2756,1342,1414,
68915,11026,5312,5714,19294,9329,9965,22050,10590,11460,19294,9210,10084,11024,5348,5676,2756,1342,1414,
68920,11027,5313,5714,19296,9330,9966,22053,10592,11461,19295,9210,10085,11025,5348,5677,2756,1342,1414,
68925,11027,5313,5714,19297,9331,9966,22053,10592,11461,19296,9210,10086,11025,5348,5677,2757,1343,1414,
68930,11028,5314,5714,19298,9331,9967,22054,10592,11462,19297,9211,10086,11027,5350,5677,2757,1343,1414,
68935,11029,5314,5715,19300,9332,9968,22057,10594,11463,19299,9211,10088,11028,5350,5678,2757,1343,1414,
68940,11030,5314,5716,19301,9332,9969,22058,10595,11463,19301,9212,10089,11028,5350,5678,2757,1343,1414,
68945,11031,5315,5716,19303,9332,9971,22061,10597,11464,19302,9212,10090,11029,5350,5679,2757,1343,1414,
68950,11031,5315,5716,19304,9333,9971,22061,10597,11464,19303,9212,10091,11029,5350,5679,2758,1344,1414,
68955,11032,5315,5717,19305,9333,9972,22062,10597,11465,19304,9212,10092,11031,5352,5679,2758,1344,1414,
68960,11033,5315,5718,19307,9334,9973,22065,10598,11467,19306,9213,10093,11032,5353,5679,2758,1344,1414,
68965,11034,5316,5718,19308,9335,9973,22066,10598,11468,19308,9214,10094,11032,5353,5679,2758,1344,1414,
68970,11035,5316,5719,19310,9335,9975,22069,10599,11470,19309,9214,10095,11033,5354,5679,2758,1344,1414,
68975,11035,5316,5719,19311,9336,9975,22069,10599,11470,19310,9214,10096,11033,5354,5679,2759,1345,1414,
68980,11036,5316,5720,19312,9336,9976,22070,10600,11470,19311,9214,10097,11035,5355,5680,2759,1345,1414,
68985,11037,5316,5721,19314,9336,9978,22073,10602,11471,19313,9214,10099,11036,5355,5681,2759,1345,1414,
68990,11038,5316,5722,19315,9337,9978,22074,10602,11472,19315,9215,10100,11036,5355,5681,2759,1345,1414,
68995,11039,5317,5722,19317,9338,9979,22077,10602,11475,19316,9216,10100,11037,5355,5682,2759,1345,1414,
69000,11039,5317,5722,19318,9339,9979,22077,10602,11475,19317,9216,10101,11037,5355,5682,2760,1345,1415,
69005,11040,5317,5723,19319,9339,9980,22078,10603,11475,19318,9216,10102,11039,5356,5683,2760,1345,1415,
69010,11041,5318,5723,19321,9339,9982,22081,10605,11476,19320,9216,10104,11040,5357,5683,2760,1345,1415,
69015,11042,5318,5724,19322,9340,9982,22082,10605,11477,19322,9216,10106,11040,5357,5683,2760,1345,1415,
69020,11043,5318,5725,19324,9341,9983,22085,10605,11480,19323,9216,10107,11041,5357,5684,2760,1345,1415,
69025,11043,5318,5725,19325,9342,9983,22085,10605,11480,19324,9217,10107,11041,5357,5684,2761,1345,1416,
69030,11044,5318,5726,19326,9342,9984,22086,10605,11481,19325,9218,10107,11043,5359,5684,2761,1345,1416,
69035,11045,5319,5726,19328,9343,9985,22089,10606,11483,19327,9218,10109,11044,5360,5684,2761,1345,1416,
69040,11046,5320,5726,19329,9343,9986,22090,10607,11483,19329,9219,10110,11044,5360,5684,2761,1345,1416,
69045,11047,5320,5727,19331,9343,9988,22093,10608,11485,19330,9219,10111,11045,5360,5685,2761,1345,1416,
69050,11047,5320,5727,19332,9343,9989,22093,10608,11485,19331,9220,10111,11045,5360,5685,2762,1345,1417,
69055,11048,5320,5728,19333,9343,9990,22094,10608,11486,19332,9220,10112,11047,5360,5687,2762,1345,1417,
69060,11049,5320,5729,19335,9343,9992,22097,10610,11487,19334,9222,10112,11048,5361,5687,2762,1345,1417,
69065,11050,5321,5729,19336,9343,9993,22098,10610,11488,19336,9224,10112,11048,5361,5687,2762,1345,1417,
69070,11051,5322,5729,19338,9344,9994,22101,10611,11490,19337,9224,10113,11049,5361,5688,2762,1345,1417,
69075,11051,5322,5729,19339,9344,9995,22101,10611,11490,19338,9225,10113,11049,5361,5688,2763,1345,1418,
69080,11052,5323,5729,19340,9344,9996,22102,10612,11490,19339,9225,10114,11051,5363,5688,2763,1345,1418,
69085,11053,5323,5730,19342,9346,9996,22105,10613,11492,19341,9225,10116,11052,5363,5689,2763,1345,1418,
69090,11054,5324,5730,19343,9347,9996,22106,10613,11493,19343,9225,10118,11052,5363,5689,2763,1345,1418,
69095,11055,5324,5731,19345,9349,9996,22109,10615,11494,19344,9226,10118,11053,5364,5689,2763,1345,1418,
69100,11055,5324,5731,19346,9350,9996,22109,10615,11494,19345,9227,10118,11053,5364,5689,2764,1346,1418,
69105,11056,5325,5731,19347,9350,9997,22110,10615,11495,19346,9228,10118,11055,5365,5690,2764,1346,1418,
69110,11057,5325,5732,19349,9351,9998,22113,10617,11496,19348,9229,10119,11056,5366,5690,2764,1346,1418,
69115,11058,5325,5733,19350,9352,9998,22114,10618,11496,19350,9230,10120,11056,5366,5690,2764,1346,1418,
69120,11059,5326,5733,19352,9352,10000,22117,10619,11498,19351,9230,10121,11057,5367,5690,2764,1346,1418,
69125,11059,5326,5733,19353,9352,10001,22117,10619,11498,19352,9231,10121,11057,5367,5690,2765,1346,1419,
69130,11060,5327,5733,19354,9352,10002,22118,10620,11498,19353,9231,10122,11059,5368,5691,2765,1346,1419,
69135,11061,5328,5733,19356,9352,10004,22121,10622,11499,19355,9231,10124,11060,5368,5692,2765,1346,1419,
69140,11062,5328,5734,19357,9353,10004,22122,10622,11500,19357,9232,10125,11060,5368,5692,2765,1346,1419,
69145,11063,5328,5735,19359,9355,10004,22125,10624,11501,19358,9232,10126,11061,5368,5693,2765,1346,1419,
69150,11063,5328,5735,19360,9355,10005,22125,10624,11501,19359,9233,10126,11061,5368,5693,2766,1346,1420,
69155,11064,5329,5735,19361,9356,10005,22126,10624,11502,19360,9234,10126,11063,5369,5694,2766,1346,1420,
69160,11065,5330,5735,19363,9357,10006,22129,10626,11503,19362,9236,10126,11064,5369,5695,2766,1346,1420,
69165,11066,5331,5735,19364,9357,10007,22130,10626,11504,19364,9236,10128,11064,5369,5695,2766,1346,1420,
69170,11067,5331,5736,19366,9358,10008,22133,10627,11506,19365,9237,10128,11065,5369,5696,2766,1346,1420,
69175,11067,5331,5736,19367,9358,10009,22133,10627,11506,19366,9237,10129,11065,5369,5696,2767,1346,1421,
69180,11068,5332,5736,19368,9358,10010,22134,10628,11506,19367,9237,10130,11067,5370,5697,2767,1346,1421,
69185,11069,5333,5736,19370,9359,10011,22137,10629,11508,19369,9239,10130,11068,5371,5697,2767,1346,1421,
69190,11070,5334,5736,19371,9360,10011,22138,10629,11509,19371,9240,10131,11068,5371,5697,2767,1346,1421,
69195,11071,5335,5736,19373,9360,10013,22141,10632,11509,19372,9240,10132,11069,5371,5698,2767,1346,1421,
69200,11071,5335,5736,19374,9360,10014,22141,10632,11509,19373,9241,10132,11069,5371,5698,2768,1346,1422,
69205,11072,5336,5736,19375,9360,10015,22142,10632,11510,19374,9241,10133,11071,5372,5699,2768,1346,1422,
69210,11073,5336,5737,19377,9361,10016,22145,10634,11511,19376,9242,10134,11072,5373,5699,2768,1346,1422,
69215,11074,5337,5737,19378,9361,10017,22146,10635,11511,19378,9243,10135,11072,5373,5699,2768,1346,1422,
69220,11075,5337,5738,19380,9361,10019,22149,10636,11513,19379,9244,10135,11073,5373,5700,2768,1346,1422,
69225,11075,5337,5738,19381,9361,10020,22149,10636,11513,19380,9245,10135,11073,5373,5700,2769,1347,1422,
69230,11076,5337,5739,19382,9361,10021,22150,10636,11514,19381,9245,10136,11075,5373,5702,2769,1347,1422,
69235,11077,5338,5739,19384,9362,10022,22153,10636,11517,19383,9247,10136,11076,5374,5702,2769,1347,1422,
69240,11078,5338,5740,19385,9362,10023,22154,10637,11517,19385,9248,10137,11076,5374,5702,2769,1347,1422,
69245,11079,5339,5740,19387,9363,10024,22157,10638,11519,19386,9248,10138,11077,5374,5703,2769,1347,1422,
69250,11079,5339,5740,19388,9364,10024,22157,10638,11519,19387,9248,10139,11077,5374,5703,2770,1347,1423,
69255,11080,5340,5740,19389,9364,10025,22158,10638,11520,19388,9248,10140,11079,5376,5703,2770,1347,1423,
69260,11081,5340,5741,19391,9366,10025,22161,10638,11523,19390,9249,10141,11080,5377,5703,2770,1347,1423,
69265,11082,5340,5742,19392,9366,10026,22162,10638,11524,19392,9250,10142,11080,5377,5703,2770,1347,1423,
69270,11083,5340,5743,19394,9367,10027,22165,10639,11526,19393,9251,10142,11081,5377,5704,2770,1347,1423,
69275,11083,5340,5743,19395,9368,10027,22165,10639,11526,19394,9252,10142,11081,5377,5704,2771,1348,1423,
69280,11084,5340,5744,19396,9369,10027,22166,10639,11527,19395,9252,10143,11083,5378,5705,2771,1348,1423,
69285,11085,5340,5745,19398,9371,10027,22169,10640,11529,19397,9252,10145,11084,5378,5706,2771,1348,1423,
69290,11086,5340,5746,19399,9372,10027,22170,10640,11530,19399,9254,10145,11084,5378,5706,2771,1348,1423,
69295,11087,5340,5747,19401,9373,10028,22173,10640,11533,19400,9254,10146,11085,5378,5707,2771,1348,1423,
69300,11087,5340,5747,19402,9374,10028,22173,10640,11533,19401,9254,10147,11085,5378,5707,2772,1349,1423,
69305,11088,5340,5748,19403,9375,10028,22174,10641,11533,19402,9255,10147,11087,5378,5709,2772,1349,1423,
69310,11089,5340,5749,19405,9377,10028,22177,10642,11535,19404,9255,10149,11088,5378,5710,2772,1349,1423,
69315,11090,5340,5750,19406,9378,10028,22178,10643,11535,19406,9257,10149,11088,5378,5710,2772,1349,1423,
69320,11091,5340,5751,19408,9380,10028,22181,10645,11536,19407,9258,10149,11089,5378,5711,2772,1349,1423,
69325,11091,5340,5751,19409,9380,10029,22181,10645,11536,19408,9258,10150,11089,5378,5711,2773,1349,1424,
69330,11092,5340,5752,19410,9381,10029,22182,10645,11537,19409,9259,10150,11091,5378,5713,2773,1349,1424,
69335,11093,5340,5753,19412,9382,10030,22185,10645,11540,19411,9261,10150,11092,5379,5713,2773,1349,1424,
69340,11094,5341,5753,19413,9382,10031,22186,10645,11541,19413,9261,10152,11092,5379,5713,2773,1349,1424,
69345,11095,5341,5754,19415,9384,10031,22189,10645,11544,19414,9262,10152,11093,5379,5714,2773,1349,1424,
69350,11095,5341,5754,19416,9384,10032,22189,10645,11544,19415,9263,10152,11093,5379,5714,2774,1349,1425,
69355,11096,5342,5754,19417,9384,10033,22190,10645,11545,19416,9264,10152,11095,5380,5715,2774,1349,1425,
69360,11097,5342,5755,19419,9386,10033,22193,10645,11548,19418,9266,10152,11096,5381,5715,2774,1349,1425,
69365,11098,5343,5755,19420,9386,10034,22194,10646,11548,19420,9268,10152,11096,5381,5715,2774,1349,1425,
69370,11099,5343,5756,19422,9388,10034,22197,10647,11550,19421,9268,10153,11097,5382,5715,2774,1349,1425,
69375,11099,5343,5756,19423,9388,10035,22197,10647,11550,19422,9269,10153,11097,5382,5715,2775,1350,1425,
69380,11100,5344,5756,19424,9388,10036,22198,10647,11551,19423,9269,10154,11099,5383,5716,2775,1350,1425,
69385,11101,5345,5756,19426,9389,10037,22201,10648,11553,19425,9270,10155,11100,5384,5716,2775,1350,1425,
69390,11102,5346,5756,19427,9390,10037,22202,10648,11554,19427,9271,10156,11100,5384,5716,2775,1350,1425,
69395,11103,5347,5756,19429,9390,10039,22205,10649,11556,19428,9272,10156,11101,5384,5717,2775,1350,1425,
69400,11103,5347,5756,19430,9391,10039,22205,10649,11556,19429,9273,10156,11101,5384,5717,2776,1350,1426,
69405,11104,5348,5756,19431,9391,10040,22206,10650,11556,19430,9273,10157,11103,5385,5718,2776,1350,1426,
69410,11105,5349,5756,19433,9392,10041,22209,10651,11558,19432,9275,10157,11104,5386,5718,2776,1350,1426,
69415,11106,5350,5756,19434,9393,10041,22210,10651,11559,19434,9276,10158,11104,5386,5718,2776,1350,1426,
69420,11107,5351,5756,19436,9395,10041,22213,10654,11559,19435,9276,10159,11105,5386,5719,2776,1350,1426,
69425,11107,5351,5756,19437,9396,10041,22213,10654,11559,19436,9277,10159,11105,5386,5719,2777,1351,1426,
69430,11108,5351,5757,19438,9397,10041,22214,10655,11559,19437,9277,10160,11107,5386,5721,2777,1351,1426,
69435,11109,5351,5758,19440,9397,10043,22217,10656,11561,19439,9278,10161,11108,5387,5721,2777,1351,1426,
69440,11110,5352,5758,19441,9398,10043,22218,10656,11562,19441,9280,10161,11108,5387,5721,2777,1351,1426,
69445,11111,5353,5758,19443,9400,10043,22221,10656,11565,19442,9281,10161,11109,5388,5721,2777,1351,1426,
69450,11111,5353,5758,19444,9401,10043,22221,10656,11565,19443,9282,10161,11109,5388,5721,2778,1351,1427,
69455,11112,5353,5759,19445,9402,10043,22222,10656,11566,19444,9283,10161,11111,5389,5722,2778,1351,1427,
69460,11113,5353,5760,19447,9404,10043,22225,10657,11568,19446,9283,10163,11112,5389,5723,2778,1351,1427,
69465,11114,5354,5760,19448,9405,10043,22226,10657,11569,19448,9284,10164,11112,5389,5723,2778,1351,1427,
69470,11115,5355,5760,19450,9405,10045,22229,10657,11572,19449,9285,10164,11113,5390,5723,2778,1351,1427,
69475,11115,5355,5760,19451,9405,10046,22229,10657,11572,19450,9285,10165,11113,5390,5723,2779,1351,1428,
69480,11116,5356,5760,19452,9406,10046,22230,10657,11573,19451,9285,10166,11115,5392,5723,2779,1351,1428,
69485,11117,5357,5760,19454,9407,10047,22233,10658,11575,19453,9285,10168,11116,5392,5724,2779,1351,1428,
69490,11118,5357,5761,19455,9407,10048,22234,10658,11576,19455,9285,10170,11116,5392,5724,2779,1351,1428,
69495,11119,5357,5762,19457,9408,10049,22237,10659,11578,19456,9285,10171,11117,5392,5725,2779,1351,1428,
69500,11119,5357,5762,19458,9409,10049,22237,10659,11578,19457,9285,10172,11117,5392,5725,2780,1351,1429,
69505,11120,5358,5762,19459,9410,10049,22238,10659,11579,19458,9285,10173,11119,5392,5727,2780,1351,1429,
69510,11121,5358,5763,19461,9411,10050,22241,10660,11581,19460,9286,10174,11120,5393,5727,2780,1351,1429,
69515,11122,5358,5764,19462,9412,10050,22242,10661,11581,19462,9286,10176,11120,5393,5727,2780,1351,1429,
69520,11123,5359,5764,19464,9413,10051,22245,10663,11582,19463,9287,10176,11121,5393,5728,2780,1351,1429,
69525,11123,5359,5764,19465,9413,10052,22245,10663,11582,19464,9287,10177,11121,5393,5728,2781,1352,1429,
69530,11124,5359,5765,19466,9414,10052,22246,10663,11583,19465,9288,10177,11123,5393,5730,2781,1352,1429,
69535,11125,5359,5766,19468,9416,10052,22249,10665,11584,19467,9288,10179,11124,5394,5730,2781,1352,1429,
69540,11126,5360,5766,19469,9416,10053,22250,10666,11584,19469,9290,10179,11124,5394,5730,2781,1352,1429,
69545,11127,5361,5766,19471,9417,10054,22253,10668,11585,19470,9291,10179,11125,5395,5730,2781,1352,1429,
69550,11127,5361,5766,19472,9418,10054,22253,10668,11585,19471,9292,10179,11125,5395,5730,2782,1353,1429,
69555,11128,5362,5766,19473,9418,10055,22254,10668,11586,19472,9292,10180,11127,5396,5731,2782,1353,1429,
69560,11129,5363,5766,19475,9419,10056,22257,10669,11588,19474,9294,10180,11128,5396,5732,2782,1353,1429,
69565,11130,5363,5767,19476,9420,10056,22258,10669,11589,19476,9295,10181,11128,5396,5732,2782,1353,1429,
69570,11131,5364,5767,19478,9421,10057,22261,10671,11590,19477,9296,10181,11129,5396,5733,2782,1353,1429,
69575,11131,5364,5767,19479,9422,10057,22261,10671,11590,19478,9296,10182,11129,5396,5733,2783,1353,1430,
69580,11132,5365,5767,19480,9422,10058,22262,10671,11591,19479,9296,10183,11131,5398,5733,2783,1353,1430,
69585,11133,5365,5768,19482,9423,10059,22265,10672,11593,19481,9297,10184,11132,5399,5733,2783,1353,1430,
69590,11134,5365,5769,19483,9424,10059,22266,10672,11594,19483,9298,10185,11132,5399,5733,2783,1353,1430,
69595,11135,5366,5769,19485,9425,10060,22269,10673,11596,19484,9298,10186,11133,5399,5734,2783,1353,1430,
69600,11135,5366,5769,19486,9426,10060,22269,10673,11596,19485,9299,10186,11133,5399,5734,2784,1354,1430,
69605,11136,5366,5770,19487,9427,10060,22270,10674,11596,19486,9299,10187,11135,5401,5734,2784,1354,1430,
69610,11137,5366,5771,19489,9429,10060,22273,10675,11598,19488,9300,10188,11136,5402,5734,2784,1354,1430,
69615,11138,5366,5772,19490,9430,10060,22274,10675,11599,19490,9301,10189,11136,5402,5734,2784,1354,1430,
69620,11139,5366,5773,19492,9431,10061,22277,10677,11600,19491,9302,10189,11137,5402,5735,2784,1354,1430,
69625,11139,5366,5773,19493,9431,10062,22277,10677,11600,19492,9303,10189,11137,5402,5735,2785,1355,1430,
69630,11140,5366,5774,19494,9431,10063,22278,10678,11600,19493,9303,10190,11139,5403,5736,2785,1355,1430,
69635,11141,5367,5774,19496,9433,10063,22281,10679,11602,19495,9303,10192,11140,5404,5736,2785,1355,1430,
69640,11142,5368,5774,19497,9434,10063,22282,10679,11603,19497,9305,10192,11140,5404,5736,2785,1355,1430,
69645,11143,5368,5775,19499,9434,10065,22285,10681,11604,19498,9305,10193,11141,5405,5736,2785,1355,1430,
69650,11143,5368,5775,19500,9434,10066,22285,10681,11604,19499,9305,10194,11141,5405,5736,2786,1355,1431,
69655,11144,5368,5776,19501,9435,10066,22286,10682,11604,19500,9306,10194,11143,5405,5738,2786,1355,1431,
69660,11145,5368,5777,19503,9436,10067,22289,10685,11604,19502,9308,10194,11144,5406,5738,2786,1355,1431,
69665,11146,5368,5778,19504,9436,10068,22290,10686,11604,19504,9309,10195,11144,5406,5738,2786,1355,1431,
69670,11147,5368,5779,19506,9436,10070,22293,10687,11606,19505,9309,10196,11145,5407,5738,2786,1355,1431,
69675,11147,5368,5779,19507,9436,10071,22293,10687,11606,19506,9309,10197,11145,5407,5738,2787,1355,1432,
69680,11148,5368,5780,19508,9437,10071,22294,10688,11606,19507,9310,10197,11147,5408,5739,2787,1355,1432,
69685,11149,5368,5781,19510,9438,10072,22297,10690,11607,19509,9312,10197,11148,5408,5740,2787,1355,1432,
69690,11150,5369,5781,19511,9438,10073,22298,10690,11608,19511,9312,10199,11148,5408,5740,2787,1355,1432,
69695,11151,5370,5781,19513,9440,10073,22301,10691,11610,19512,9313,10199,11149,5408,5741,2787,1355,1432,
69700,11151,5370,5781,19514,9440,10074,22301,10691,11610,19513,9314,10199,11149,5408,5741,2788,1356,1432,
69705,11152,5370,5782,19515,9441,10074,22302,10692,11610,19514,9315,10199,11151,5409,5742,2788,1356,1432,
69710,11153,5370,5783,19517,9441,10076,22305,10695,11610,19516,9315,10201,11152,5410,5742,2788,1356,1432,
69715,11154,5371,5783,19518,9442,10076,22306,10695,11611,19518,9316,10202,11152,5410,5742,2788,1356,1432,
69720,11155,5371,5784,19520,9444,10076,22309,10696,11613,19519,9317,10202,11153,5411,5742,2788,1356,1432,
69725,11155,5371,5784,19521,9444,10077,22309,10696,11613,19520,9318,10202,11153,5411,5742,2789,1356,1433,
69730,11156,5371,5785,19522,9444,10078,22310,10696,11614,19521,9319,10202,11155,5412,5743,2789,1356,1433,
69735,11157,5371,5786,19524,9444,10080,22313,10697,11616,19523,9319,10204,11156,5412,5744,2789,1356,1433,
69740,11158,5371,5787,19525,9445,10080,22314,10697,11617,19525,9319,10206,11156,5412,5744,2789,1356,1433,
69745,11159,5372,5787,19527,9447,10080,22317,10698,11619,19526,9319,10207,11157,5412,5745,2789,1356,1433,
69750,11159,5372,5787,19528,9448,10080,22317,10698,11619,19527,9319,10208,11157,5412,5745,2790,1357,1433,
69755,11160,5372,5788,19529,9448,10081,22318,10698,11620,19528,9319,10209,11159,5412,5747,2790,1357,1433,
69760,11161,5373,5788,19531,9448,10083,22321,10699,11622,19530,9319,10211,11160,5412,5748,2790,1357,1433,
69765,11162,5374,5788,19532,9448,10084,22322,10700,11622,19532,9320,10212,11160,5412,5748,2790,1357,1433,
69770,11163,5374,5789,19534,9448,10086,22325,10701,11624,19533,9320,10213,11161,5413,5748,2790,1357,1433,
69775,11163,5374,5789,19535,9449,10086,22325,10701,11624,19534,9320,10214,11161,5413,5748,2791,1357,1434,
69780,11164,5374,5790,19536,9450,10086,22326,10701,11625,19535,9321,10214,11163,5414,5749,2791,1357,1434,
69785,11165,5374,5791,19538,9451,10087,22329,10703,11626,19537,9323,10214,11164,5414,5750,2791,1357,1434,
69790,11166,5374,5792,19539,9451,10088,22330,10703,11627,19539,9325,10214,11164,5414,5750,2791,1357,1434,
69795,11167,5374,5793,19541,9452,10089,22333,10704,11629,19540,9326,10214,11165,5414,5751,2791,1357,1434,
69800,11167,5374,5793,19542,9453,10089,22333,10704,11629,19541,9326,10215,11165,5414,5751,2792,1358,1434,
69805,11168,5374,5794,19543,9453,10090,22334,10705,11629,19542,9327,10215,11167,5415,5752,2792,1358,1434,
69810,11169,5374,5795,19545,9455,10090,22337,10707,11630,19544,9327,10217,11168,5415,5753,2792,1358,1434,
69815,11170,5375,5795,19546,9455,10091,22338,10707,11631,19546,9328,10218,11168,5415,5753,2792,1358,1434,
69820,11171,5376,5795,19548,9457,10091,22341,10708,11633,19547,9328,10219,11169,5416,5753,2792,1358,1434,
69825,11171,5376,5795,19549,9458,10091,22341,10708,11633,19548,9328,10220,11169,5416,5753,2793,1359,1434,
69830,11172,5377,5795,19550,9459,10091,22342,10708,11634,19549,9328,10221,11171,5417,5754,2793,1359,1434,
69835,11173,5377,5796,19552,9460,10092,22345,10708,11637,19551,9329,10222,11172,5418,5754,2793,1359,1434,
69840,11174,5377,5797,19553,9460,10093,22346,10708,11638,19553,9331,10222,11172,5418,5754,2793,1359,1434,
69845,11175,5378,5797,19555,9461,10094,22349,10708,11641,19554,9331,10223,11173,5418,5755,2793,1359,1434,
69850,11175,5378,5797,19556,9461,10095,22349,10708,11641,19555,9331,10224,11173,5418,5755,2794,1360,1434,
69855,11176,5379,5797,19557,9462,10095,22350,10709,11641,19556,9332,10224,11175,5420,5755,2794,1360,1434,
69860,11177,5380,5797,19559,9462,10097,22353,10710,11643,19558,9332,10226,11176,5421,5755,2794,1360,1434,
69865,11178,5381,5797,19560,9463,10097,22354,10711,11643,19560,9333,10227,11176,5421,5755,2794,1360,1434,
69870,11179,5382,5797,19562,9464,10098,22357,10713,11644,19561,9334,10227,11177,5422,5755,2794,1360,1434,
69875,11179,5382,5797,19563,9465,10098,22357,10713,11644,19562,9335,10227,11177,5422,5755,2795,1360,1435,
69880,11180,5382,5798,19564,9466,10098,22358,10714,11644,19563,9336,10227,11179,5423,5756,2795,1360,1435,
69885,11181,5382,5799,19566,9468,10098,22361,10715,11646,19565,9337,10228,11180,5424,5756,2795,1360,1435,
69890,11182,5382,5800,19567,9469,10098,22362,10715,11647,19567,9337,10230,11180,5424,5756,2795,1360,1435,
69895,11183,5383,5800,19569,9469,10100,22365,10715,11650,19568,9338,10230,11181,5424,5757,2795,1360,1435,
69900,11183,5383,5800,19570,9469,10101,22365,10715,11650,19569,9339,10230,11181,5424,5757,2796,1361,1435,
69905,11184,5384,5800,19571,9469,10102,22366,10715,11651,19570,9339,10231,11183,5426,5757,2796,1361,1435,
69910,11185,5385,5800,19573,9470,10103,22369,10716,11653,19572,9339,10233,11184,5427,5757,2796,1361,1435,
69915,11186,5385,5801,19574,9470,10104,22370,10716,11654,19574,9339,10235,11184,5427,5757,2796,1361,1435,
69920,11187,5386,5801,19576,9472,10104,22373,10716,11657,19575,9340,10235,11185,5427,5758,2796,1361,1435,
69925,11187,5386,5801,19577,9472,10105,22373,10716,11657,19576,9341,10235,11185,5427,5758,2797,1361,1436,
69930,11188,5386,5802,19578,9472,10106,22374,10717,11657,19577,9342,10235,11187,5429,5758,2797,1361,1436,
69935,11189,5387,5802,19580,9474,10106,22377,10717,11660,19579,9343,10236,11188,5429,5759,2797,1361,1436,
69940,11190,5388,5802,19581,9474,10107,22378,10718,11660,19581,9345,10236,11188,5429,5759,2797,1361,1436,
69945,11191,5389,5802,19583,9475,10108,22381,10720,11661,19582,9346,10236,11189,5429,5760,2797,1361,1436,
69950,11191,5389,5802,19584,9475,10109,22381,10720,11661,19583,9346,10237,11189,5429,5760,2798,1361,1437,
69955,11192,5389,5803,19585,9475,10110,22382,10720,11662,19584,9346,10238,11191,5429,5762,2798,1361,1437,
69960,11193,5390,5803,19587,9476,10111,22385,10722,11663,19586,9347,10239,11192,5429,5763,2798,1361,1437,
69965,11194,5391,5803,19588,9476,10112,22386,10723,11663,19588,9348,10240,11192,5429,5763,2798,1361,1437,
69970,11195,5392,5803,19590,9478,10112,22389,10724,11665,19589,9349,10240,11193,5429,5764,2798,1361,1437,
69975,11195,5392,5803,19591,9479,10112,22389,10724,11665,19590,9350,10240,11193,5429,5764,2799,1361,1438,
69980,11196,5393,5803,19592,9479,10113,22390,10725,11665,19591,9351,10240,11195,5430,5765,2799,1361,1438,
69985,11197,5394,5803,19594,9481,10113,22393,10725,11668,19593,9351,10242,11196,5431,5765,2799,1361,1438,
69990,11198,5394,5804,19595,9482,10113,22394,10726,11668,19595,9353,10242,11196,5431,5765,2799,1361,1438,
69995,11199,5394,5805,19597,9482,10115,22397,10729,11668,19596,9353,10243,11197,5432,5765,2799,1361,1438,
70000,11199,5394,5805,19598,9482,10116,22397,10729,11668,19597,9353,10244,11197,5432,5765,2800,1362,1438,
70005,11200,5394,5806,19599,9483,10116,22398,10730,11668,19598,9353,10245,11199,5434,5765,2800,1362,1438,
70010,11201,5395,5806,19601,9483,10118,22401,10731,11670,19600,9353,10247,11200,5435,5765,2800,1362,1438,
70015,11202,5395,5807,19602,9483,10119,22402,10731,11671,19602,9354,10248,11200,5435,5765,2800,1362,1438,
70020,11203,5396,5807,19604,9483,10121,22405,10732,11673,19603,9354,10249,11201,5435,5766,2800,1362,1438,
70025,11203,5396,5807,19605,9484,10121,22405,10732,11673,19604,9355,10249,11201,5435,5766,2801,1362,1439,
70030,11204,5397,5807,19606,9485,10121,22406,10732,11674,19605,9355,10250,11203,5436,5767,2801,1362,1439,
70035,11205,5397,5808,19608,9486,10122,22409,10734,11675,19607,9357,10250,11204,5436,5768,2801,1362,1439,
70040,11206,5398,5808,19609,9487,10122,22410,10734,11676,19609,9358,10251,11204,5436,5768,2801,1362,1439,
70045,11207,5399,5808,19611,9489,10122,22413,10736,11677,19610,9358,10252,11205,5436,5769,2801,1362,1439,
70050,11207,5399,5808,19612,9489,10123,22413,10736,11677,19611,9358,10253,11205,5436,5769,2802,1363,1439,
70055,11208,5400,5808,19613,9489,10124,22414,10736,11678,19612,9358,10254,11207,5438,5769,2802,1363,1439,
70060,11209,5400,5809,19615,9491,10124,22417,10737,11680,19614,9358,10256,11208,5438,5770,2802,1363,1439,
70065,11210,5401,5809,19616,9492,10124,22418,10737,11681,19616,9359,10257,11208,5438,5770,2802,1363,1439,
70070,11211,5401,5810,19618,9492,10126,22421,10739,11682,19617,9359,10258,11209,5439,5770,2802,1363,1439,
70075,11211,5401,5810,19619,9493,10126,22421,10739,11682,19618,9360,10258,11209,5439,5770,2803,1364,1439,
70080,11212,5402,5810,19620,9493,10127,22422,10740,11682,19619,9361,10258,11211,5439,5772,2803,1364,1439,
70085,11213,5402,5811,19622,9494,10128,22425,10741,11684,19621,9361,10260,11212,5439,5773,2803,1364,1439,
70090,11214,5402,5812,19623,9494,10129,22426,10742,11684,19623,9363,10260,11212,5439,5773,2803,1364,1439,
70095,11215,5402,5813,19625,9495,10130,22429,10743,11686,19624,9364,10260,11213,5439,5774,2803,1364,1439,
70100,11215,5402,5813,19626,9496,10130,22429,10743,11686,19625,9364,10261,11213,5439,5774,2804,1364,1440,
70105,11216,5403,5813,19627,9497,10130,22430,10743,11687,19626,9364,10262,11215,5440,5775,2804,1364,1440,
70110,11217,5403,5814,19629,9497,10132,22433,10745,11688,19628,9365,10263,11216,5441,5775,2804,1364,1440,
70115,11218,5403,5815,19630,9498,10132,22434,10745,11689,19630,9367,10263,11216,5441,5775,2804,1364,1440,
70120,11219,5403,5816,19632,9500,10132,22437,10748,11689,19631,9368,10263,11217,5442,5775,2804,1364,1440,
70125,11219,5403,5816,19633,9501,10132,22437,10748,11689,19632,9368,10264,11217,5442,5775,2805,1364,1441,
70130,11220,5404,5816,19634,9502,10132,22438,10749,11689,19633,9368,10265,11219,5442,5777,2805,1364,1441,
70135,11221,5405,5816,19636,9503,10133,22441,10752,11689,19635,9368,10267,11220,5443,5777,2805,1364,1441,
70140,11222,5405,5817,19637,9503,10134,22442,10752,11690,19637,9369,10268,11220,5443,5777,2805,1364,1441,
70145,11223,5405,5818,19639,9503,10136,22445,10753,11692,19638,9369,10269,11221,5443,5778,2805,1364,1441,
70150,11223,5405,5818,19640,9504,10136,22445,10753,11692,19639,9370,10269,11221,5443,5778,2806,1365,1441,
70155,11224,5406,5818,19641,9505,10136,22446,10753,11693,19640,9370,10270,11223,5443,5780,2806,1365,1441,
70160,11225,5406,5819,19643,9506,10137,22449,10754,11695,19642,9371,10271,11224,5443,5781,2806,1365,1441,
70165,11226,5406,5820,19644,9506,10138,22450,10754,11696,19644,9372,10272,11224,5443,5781,2806,1365,1441,
70170,11227,5407,5820,19646,9508,10138,22453,10755,11698,19645,9373,10272,11225,5444,5781,2806,1365,1441,
70175,11227,5407,5820,19647,9509,10138,22453,10755,11698,19646,9374,10272,11225,5444,5781,2807,1365,1442,
70180,11228,5407,5821,19648,9509,10139,22454,10756,11698,19647,9374,10273,11227,5444,5783,2807,1365,1442,
70185,11229,5408,5821,19650,9511,10139,22457,10758,11699,19649,9376,10273,11228,5444,5784,2807,1365,1442,
70190,11230,5409,5821,19651,9511,10140,22458,10758,11700,19651,9378,10273,11228,5444,5784,2807,1365,1442,
70195,11231,5409,5822,19653,9513,10140,22461,10759,11702,19652,9379,10273,11229,5445,5784,2807,1365,1442,
70200,11231,5409,5822,19654,9513,10141,22461,10759,11702,19653,9380,10273,11229,5445,5784,2808,1366,1442,
70205,11232,5409,5823,19655,9513,10142,22462,10759,11703,19654,9381,10273,11231,5446,5785,2808,1366,1442,
70210,11233,5410,5823,19657,9514,10143,22465,10761,11704,19656,9381,10275,11232,5446,5786,2808,1366,1442,
70215,11234,5410,5824,19658,9515,10143,22466,10762,11704,19658,9382,10276,11232,5446,5786,2808,1366,1442,
70220,11235,5410,5825,19660,9516,10144,22469,10763,11706,19659,9382,10277,11233,5447,5786,2808,1366,1442,
70225,11235,5410,5825,19661,9516,10145,22469,10763,11706,19660,9383,10277,11233,5447,5786,2809,1366,1443,
70230,11236,5410,5826,19662,9517,10145,22470,10763,11707,19661,9383,10278,11235,5448,5787,2809,1366,1443,
70235,11237,5411,5826,19664,9517,10147,22473,10764,11709,19663,9384,10279,11236,5449,5787,2809,1366,1443,
70240,11238,5412,5826,19665,9518,10147,22474,10764,11710,19665,9385,10280,11236,5449,5787,2809,1366,1443,
70245,11239,5413,5826,19667,9518,10149,22477,10765,11712,19666,9385,10281,11237,5449,5788,2809,1366,1443,
70250,11239,5413,5826,19668,9519,10149,22477,10765,11712,19667,9386,10281,11237,5449,5788,2810,1367,1443,
70255,11240,5414,5826,19669,9519,10150,22478,10765,11713,19668,9386,10282,11239,5451,5788,2810,1367,1443,
70260,11241,5414,5827,19671,9520,10151,22481,10768,11713,19670,9387,10283,11240,5452,5788,2810,1367,1443,
70265,11242,5414,5828,19672,9521,10151,22482,10768,11714,19672,9387,10285,11240,5452,5788,2810,1367,1443,
70270,11243,5415,5828,19674,9523,10151,22485,10769,11716,19673,9388,10285,11241,5452,5789,2810,1367,1443,
70275,11243,5415,5828,19675,9524,10151,22485,10769,11716,19674,9389,10285,11241,5452,5789,2811,1368,1443,
70280,11244,5415,5829,19676,9525,10151,22486,10769,11717,19675,9390,10285,11243,5453,5790,2811,1368,1443,
70285,11245,5415,5830,19678,9527,10151,22489,10772,11717,19677,9391,10286,11244,5453,5791,2811,1368,1443,
70290,11246,5416,5830,19679,9527,10152,22490,10773,11717,19679,9391,10288,11244,5453,5791,2811,1368,1443,
70295,11247,5417,5830,19681,9528,10153,22493,10773,11720,19680,9391,10289,11245,5453,5792,2811,1368,1443,
70300,11247,5417,5830,19682,9529,10153,22493,10773,11720,19681,9392,10289,11245,5453,5792,2812,1369,1443,
70305,11248,5417,5831,19683,9530,10153,22494,10774,11720,19682,9393,10289,11247,5454,5793,2812,1369,1443,
70310,11249,5417,5832,19685,9530,10155,22497,10775,11722,19684,9393,10291,11248,5455,5793,2812,1369,1443,
70315,11250,5418,5832,19686,9530,10156,22498,10776,11722,19686,9394,10292,11248,5455,5793,2812,1369,1443,
70320,11251,5418,5833,19688,9531,10157,22501,10778,11723,19687,9395,10292,11249,5456,5793,2812,1369,1443,
70325,11251,5418,5833,19689,9532,10157,22501,10778,11723,19688,9396,10292,11249,5456,5793,2813,1369,1444,
70330,11252,5419,5833,19690,9533,10157,22502,10778,11724,19689,9396,10293,11251,5457,5794,2813,1369,1444,
70335,11253,5420,5833,19692,9534,10158,22505,10778,11727,19691,9397,10294,11252,5458,5794,2813,1369,1444,
70340,11254,5420,5834,19693,9534,10159,22506,10778,11728,19693,9398,10295,11252,5458,5794,2813,1369,1444,
70345,11255,5421,5834,19695,9535,10160,22509,10779,11730,19694,9398,10296,11253,5458,5795,2813,1369,1444,
70350,11255,5421,5834,19696,9535,10161,22509,10779,11730,19695,9399,10296,11253,5458,5795,2814,1370,1444,
70355,11256,5421,5835,19697,9535,10162,22510,10780,11730,19696,9399,10297,11255,5458,5797,2814,1370,1444,
70360,11257,5422,5835,19699,9536,10163,22513,10782,11731,19698,9401,10297,11256,5459,5797,2814,1370,1444,
70365,11258,5422,5836,19700,9536,10164,22514,10783,11731,19700,9402,10298,11256,5459,5797,2814,1370,1444,
70370,11259,5423,5836,19702,9538,10164,22517,10784,11733,19701,9403,10298,11257,5459,5798,2814,1370,1444,
70375,11259,5423,5836,19703,9538,10165,22517,10784,11733,19702,9404,10298,11257,5459,5798,2815,1371,1444,
70380,11260,5424,5836,19704,9538,10166,22518,10784,11734,19703,9404,10299,11259,5460,5799,2815,1371,1444,
70385,11261,5424,5837,19706,9539,10167,22521,10786,11735,19705,9406,10299,11260,5460,5800,2815,1371,1444,
70390,11262,5425,5837,19707,9539,10168,22522,10786,11736,19707,9407,10300,11260,5460,5800,2815,1371,1444,
70395,11263,5425,5838,19709,9541,10168,22525,10788,11737,19708,9408,10300,11261,5460,5801,2815,1371,1444,
70400,11263,5425,5838,19710,9541,10169,22525,10788,11737,19709,9409,10300,11261,5460,5801,2816,1371,1445,
70405,11264,5426,5838,19711,9542,10169,22526,10789,11737,19710,9409,10301,11263,5462,5801,2816,1371,1445,
70410,11265,5427,5838,19713,9542,10171,22529,10791,11738,19712,9411,10301,11264,5463,5801,2816,1371,1445,
70415,11266,5427,5839,19714,9542,10172,22530,10791,11739,19714,9412,10302,11264,5463,5801,2816,1371,1445,
70420,11267,5428,5839,19716,9542,10174,22533,10792,11741,19715,9413,10302,11265,5464,5801,2816,1371,1445,
70425,11267,5428,5839,19717,9543,10174,22533,10792,11741,19716,9413,10303,11265,5464,5801,2817,1371,1446,
70430,11268,5429,5839,19718,9543,10175,22534,10792,11742,19717,9414,10303,11267,5465,5802,2817,1371,1446,
70435,11269,5430,5839,19720,9545,10175,22537,10794,11743,19719,9415,10304,11268,5465,5803,2817,1371,1446,
70440,11270,5430,5840,19721,9546,10175,22538,10795,11743,19721,9415,10306,11268,5465,5803,2817,1371,1446,
70445,11271,5431,5840,19723,9547,10176,22541,10797,11744,19722,9416,10306,11269,5466,5803,2817,1371,1446,
70450,11271,5431,5840,19724,9548,10176,22541,10797,11744,19723,9417,10306,11269,5466,5803,2818,1372,1446,
70455,11272,5431,5841,19725,9548,10177,22542,10797,11745,19724,9417,10307,11271,5467,5804,2818,1372,1446,
70460,11273,5432,5841,19727,9549,10178,22545,10798,11747,19726,9417,10309,11272,5468,5804,2818,1372,1446,
70465,11274,5432,5842,19728,9549,10179,22546,10798,11748,19728,9418,10310,11272,5468,5804,2818,1372,1446,
70470,11275,5433,5842,19730,9551,10179,22549,10801,11748,19729,9419,10310,11273,5469,5804,2818,1372,1446,
70475,11275,5433,5842,19731,9551,10180,22549,10801,11748,19730,9419,10311,11273,5469,5804,2819,1372,1447,
70480,11276,5433,5843,19732,9551,10181,22550,10802,11748,19731,9420,10311,11275,5470,5805,2819,1372,1447,
70485,11277,5434,5843,19734,9551,10183,22553,10803,11750,19733,9421,10312,11276,5471,5805,2819,1372,1447,
70490,11278,5434,5844,19735,9552,10183,22554,10804,11750,19735,9421,10314,11276,5471,5805,2819,1372,1447,
70495,11279,5434,5845,19737,9553,10184,22557,10805,11752,19736,9421,10315,11277,5472,5805,2819,1372,1447,
70500,11279,5434,5845,19738,9553,10185,22557,10805,11752,19737,9422,10315,11277,5472,5805,2820,1372,1448,
70505,11280,5435,5845,19739,9553,10186,22558,10806,11752,19738,9422,10316,11279,5473,5806,2820,1372,1448,
70510,11281,5436,5845,19741,9555,10186,22561,10808,11753,19740,9423,10317,11280,5474,5806,2820,1372,1448,
70515,11282,5436,5846,19742,9556,10186,22562,10809,11753,19742,9423,10319,11280,5474,5806,2820,1372,1448,
70520,11283,5437,5846,19744,9558,10186,22565,10811,11754,19743,9423,10320,11281,5475,5806,2820,1372,1448,
70525,11283,5437,5846,19745,9558,10187,22565,10811,11754,19744,9423,10321,11281,5475,5806,2821,1373,1448,
70530,11284,5438,5846,19746,9558,10188,22566,10812,11754,19745,9423,10322,11283,5475,5808,2821,1373,1448,
70535,11285,5439,5846,19748,9559,10189,22569,10814,11755,19747,9423,10324,11284,5475,5809,2821,1373,1448,
70540,11286,5439,5847,19749,9559,10190,22570,10815,11755,19749,9425,10324,11284,5475,5809,2821,1373,1448,
70545,11287,5439,5848,19751,9560,10191,22573,10817,11756,19750,9425,10325,11285,5475,5810,2821,1373,1448,
70550,11287,5439,5848,19752,9560,10192,22573,10817,11756,19751,9426,10325,11285,5475,5810,2822,1374,1448,
70555,11288,5439,5849,19753,9560,10193,22574,10817,11757,19752,9427,10325,11287,5475,5812,2822,1374,1448,
70560,11289,5439,5850,19755,9561,10194,22577,10819,11758,19754,9429,10325,11288,5475,5813,2822,1374,1448,
70565,11290,5440,5850,19756,9562,10194,22578,10819,11759,19756,9430,10326,11288,5475,5813,2822,1374,1448,
70570,11291,5441,5850,19758,9563,10195,22581,10821,11760,19757,9431,10326,11289,5475,5814,2822,1374,1448,
70575,11291,5441,5850,19759,9564,10195,22581,10821,11760,19758,9431,10327,11289,5475,5814,2823,1375,1448,
70580,11292,5441,5851,19760,9565,10195,22582,10821,11761,19759,9432,10327,11291,5476,5815,2823,1375,1448,
70585,11293,5442,5851,19762,9565,10197,22585,10822,11763,19761,9432,10329,11292,5476,5816,2823,1375,1448,
70590,11294,5443,5851,19763,9566,10197,22586,10822,11764,19763,9433,10330,11292,5476,5816,2823,1375,1448,
70595,11295,5444,5851,19765,9567,10198,22589,10823,11766,19764,9433,10331,11293,5477,5816,2823,1375,1448,
70600,11295,5444,5851,19766,9567,10199,22589,10823,11766,19765,9434,10331,11293,5477,5816,2824,1376,1448,
70605,11296,5445,5851,19767,9568,10199,22590,10824,11766,19766,9435,10331,11295,5478,5817,2824,1376,1448,
70610,11297,5445,5852,19769,9570,10199,22593,10827,11766,19768,9437,10331,11296,5479,5817,2824,1376,1448,
70615,11298,5445,5853,19770,9571,10199,22594,10828,11766,19770,9439,10331,11296,5479,5817,2824,1376,1448,
70620,11299,5445,5854,19772,9572,10200,22597,10829,11768,19771,9439,10332,11297,5479,5818,2824,1376,1448,
70625,11299,5445,5854,19773,9573,10200,22597,10829,11768,19772,9439,10333,11297,5479,5818,2825,1377,1448,
70630,11300,5446,5854,19774,9574,10200,22598,10830,11768,19773,9439,10334,11299,5480,5819,2825,1377,1448,
70635,11301,5446,5855,19776,9576,10200,22601,10832,11769,19775,9439,10336,11300,5481,5819,2825,1377,1448,
70640,11302,5446,5856,19777,9577,10200,22602,10832,11770,19777,9440,10337,11300,5481,5819,2825,1377,1448,
70645,11303,5447,5856,19779,9578,10201,22605,10832,11773,19778,9441,10337,11301,5482,5819,2825,1377,1448,
70650,11303,5447,5856,19780,9578,10202,22605,10832,11773,19779,9441,10338,11301,5482,5819,2826,1377,1449,
70655,11304,5448,5856,19781,9579,10202,22606,10832,11774,19780,9442,10338,11303,5483,5820,2826,1377,1449,
70660,11305,5448,5857,19783,9580,10203,22609,10833,11776,19782,9443,10339,11304,5484,5820,2826,1377,1449,
70665,11306,5448,5858,19784,9581,10203,22610,10833,11777,19784,9445,10339,11304,5484,5820,2826,1377,1449,
70670,11307,5448,5859,19786,9582,10204,22613,10834,11779,19785,9445,10340,11305,5484,5821,2826,1377,1449,
70675,11307,5448,5859,19787,9582,10205,22613,10834,11779,19786,9445,10341,11305,5484,5821,2827,1378,1449,
70680,11308,5449,5859,19788,9583,10205,22614,10835,11779,19787,9445,10342,11307,5486,5821,2827,1378,1449,
70685,11309,5450,5859,19790,9583,10207,22617,10836,11781,19789,9446,10343,11308,5487,5821,2827,1378,1449,
70690,11310,5450,5860,19791,9583,10208,22618,10837,11781,19791,9446,10345,11308,5487,5821,2827,1378,1449,
70695,11311,5451,5860,19793,9583,10210,22621,10838,11783,19792,9446,10346,11309,5487,5822,2827,1378,1449,
70700,11311,5451,5860,19794,9583,10211,22621,10838,11783,19793,9447,10346,11309,5487,5822,2828,1378,1450,
70705,11312,5451,5861,19795,9584,10211,22622,10839,11783,19794,9448,10346,11311,5488,5823,2828,1378,1450,
70710,11313,5452,5861,19797,9586,10211,22625,10842,11783,19796,9448,10348,11312,5489,5823,2828,1378,1450,
70715,11314,5452,5862,19798,9586,10212,22626,10843,11783,19798,9449,10349,11312,5489,5823,2828,1378,1450,
70720,11315,5452,5863,19800,9588,10212,22629,10845,11784,19799,9449,10350,11313,5489,5824,2828,1378,1450,
70725,11315,5452,5863,19801,9588,10213,22629,10845,11784,19800,9450,10350,11313,5489,5824,2829,1378,1451,
70730,11316,5452,5864,19802,9588,10214,22630,10846,11784,19801,9451,10350,11315,5491,5824,2829,1378,1451,
70735,11317,5452,5865,19804,9589,10215,22633,10847,11786,19803,9452,10351,11316,5491,5825,2829,1378,1451,
70740,11318,5452,5866,19805,9589,10216,22634,10847,11787,19805,9453,10352,11316,5491,5825,2829,1378,1451,
70745,11319,5453,5866,19807,9590,10217,22637,10848,11789,19806,9454,10352,11317,5491,5826,2829,1378,1451,
70750,11319,5453,5866,19808,9591,10217,22637,10848,11789,19807,9455,10352,11317,5491,5826,2830,1379,1451,
70755,11320,5453,5867,19809,9592,10217,22638,10849,11789,19808,9455,10353,11319,5491,5828,2830,1379,1451,
70760,11321,5453,5868,19811,9592,10219,22641,10852,11789,19810,9455,10355,11320,5492,5828,2830,1379,1451,
70765,11322,5454,5868,19812,9593,10219,22642,10853,11789,19812,9455,10357,11320,5492,5828,2830,1379,1451,
70770,11323,5454,5869,19814,9593,10221,22645,10854,11791,19813,9456,10357,11321,5493,5828,2830,1379,1451,
70775,11323,5454,5869,19815,9594,10221,22645,10854,11791,19814,9457,10357,11321,5493,5828,2831,1379,1452,
70780,11324,5454,5870,19816,9595,10221,22646,10854,11792,19815,9458,10357,11323,5494,5829,2831,1379,1452,
70785,11325,5454,5871,19818,9597,10221,22649,10856,11793,19817,9460,10357,11324,5495,5829,2831,1379,1452,
70790,11326,5454,5872,19819,9598,10221,22650,10857,11793,19819,9461,10358,11324,5495,5829,2831,1379,1452,
70795,11327,5455,5872,19821,9600,10221,22653,10860,11793,19820,9461,10359,11325,5495,5830,2831,1379,1452,
70800,11327,5455,5872,19822,9600,10222,22653,10860,11793,19821,9461,10360,11325,5495,5830,2832,1379,1453,
70805,11328,5455,5873,19823,9600,10223,22654,10861,11793,19822,9462,10360,11327,5496,5831,2832,1379,1453,
70810,11329,5456,5873,19825,9601,10224,22657,10863,11794,19824,9463,10361,11328,5497,5831,2832,1379,1453,
70815,11330,5457,5873,19826,9602,10224,22658,10863,11795,19826,9464,10362,11328,5497,5831,2832,1379,1453,
70820,11331,5457,5874,19828,9603,10225,22661,10866,11795,19827,9464,10363,11329,5498,5831,2832,1379,1453,
70825,11331,5457,5874,19829,9604,10225,22661,10866,11795,19828,9465,10363,11329,5498,5831,2833,1380,1453,
70830,11332,5457,5875,19830,9605,10225,22662,10866,11796,19829,9466,10363,11331,5499,5832,2833,1380,1453,
70835,11333,5458,5875,19832,9606,10226,22665,10868,11797,19831,9467,10364,11332,5500,5832,2833,1380,1453,
70840,11334,5458,5876,19833,9606,10227,22666,10869,11797,19833,9468,10365,11332,5500,5832,2833,1380,1453,
70845,11335,5459,5876,19835,9607,10228,22669,10872,11797,19834,9468,10366,11333,5501,5832,2833,1380,1453,
70850,11335,5459,5876,19836,9608,10228,22669,10872,11797,19835,9468,10367,11333,5501,5832,2834,1380,1454,
70855,11336,5460,5876,19837,9608,10229,22670,10872,11798,19836,9469,10367,11335,5502,5833,2834,1380,1454,
70860,11337,5461,5876,19839,9609,10230,22673,10874,11799,19838,9470,10368,11336,5502,5834,2834,1380,1454,
70865,11338,5462,5876,19840,9609,10231,22674,10874,11800,19840,9472,10368,11336,5502,5834,2834,1380,1454,
70870,11339,5462,5877,19842,9610,10232,22677,10875,11802,19841,9472,10369,11337,5502,5835,2834,1380,1454,
70875,11339,5462,5877,19843,9610,10233,22677,10875,11802,19842,9473,10369,11337,5502,5835,2835,1381,1454,
70880,11340,5462,5878,19844,9611,10233,22678,10876,11802,19843,9473,10370,11339,5504,5835,2835,1381,1454,
70885,11341,5462,5879,19846,9612,10234,22681,10878,11803,19845,9473,10372,11340,5504,5836,2835,1381,1454,
70890,11342,5463,5879,19847,9613,10234,22682,10878,11804,19847,9475,10372,11340,5504,5836,2835,1381,1454,
70895,11343,5464,5879,19849,9614,10235,22685,10879,11806,19848,9475,10373,11341,5504,5837,2835,1381,1454,
70900,11343,5464,5879,19850,9615,10235,22685,10879,11806,19849,9475,10374,11341,5504,5837,2836,1381,1455,
70905,11344,5465,5879,19851,9615,10236,22686,10880,11806,19850,9475,10375,11343,5504,5839,2836,1381,1455,
70910,11345,5466,5879,19853,9616,10237,22689,10881,11808,19852,9475,10377,11344,5504,5840,2836,1381,1455,
70915,11346,5466,5880,19854,9616,10238,22690,10881,11809,19854,9477,10377,11344,5504,5840,2836,1381,1455,
70920,11347,5466,5881,19856,9617,10239,22693,10882,11811,19855,9478,10377,11345,5504,5841,2836,1381,1455,
70925,11347,5466,5881,19857,9618,10239,22693,10882,11811,19856,9478,10378,11345,5504,5841,2837,1381,1456,
70930,11348,5467,5881,19858,9618,10240,22694,10883,11811,19857,9478,10379,11347,5505,5842,2837,1381,1456,
70935,11349,5468,5881,19860,9618,10242,22697,10885,11812,19859,9479,10380,11348,5505,5843,2837,1381,1456,
70940,11350,5468,5882,19861,9618,10243,22698,10885,11813,19861,9481,10380,11348,5505,5843,2837,1381,1456,
70945,11351,5468,5883,19863,9619,10244,22701,10886,11815,19862,9481,10381,11349,5506,5843,2837,1381,1456,
70950,11351,5468,5883,19864,9620,10244,22701,10886,11815,19863,9482,10381,11349,5506,5843,2838,1382,1456,
70955,11352,5469,5883,19865,9621,10244,22702,10886,11816,19864,9483,10381,11351,5506,5845,2838,1382,1456,
70960,11353,5469,5884,19867,9623,10244,22705,10888,11817,19866,9484,10382,11352,5507,5845,2838,1382,1456,
70965,11354,5470,5884,19868,9624,10244,22706,10888,11818,19868,9485,10383,11352,5507,5845,2838,1382,1456,
70970,11355,5470,5885,19870,9625,10245,22709,10890,11819,19869,9486,10383,11353,5508,5845,2838,1382,1456,
70975,11355,5470,5885,19871,9626,10245,22709,10890,11819,19870,9486,10384,11353,5508,5845,2839,1382,1457,
70980,11356,5470,5886,19872,9626,10246,22710,10891,11819,19871,9487,10384,11355,5510,5845,2839,1382,1457,
70985,11357,5471,5886,19874,9626,10248,22713,10893,11820,19873,9487,10386,11356,5510,5846,2839,1382,1457,
70990,11358,5471,5887,19875,9626,10249,22714,10893,11821,19875,9488,10387,11356,5510,5846,2839,1382,1457,
70995,11359,5471,5888,19877,9628,10249,22717,10894,11823,19876,9488,10388,11357,5510,5847,2839,1382,1457,
71000,11359,5471,5888,19878,9629,10249,22717,10894,11823,19877,9488,10389,11357,5510,5847,2840,1382,1458,
71005,11360,5472,5888,19879,9630,10249,22718,10895,11823,19878,9488,10390,11359,5510,5849,2840,1382,1458,
71010,11361,5473,5888,19881,9631,10250,22721,10895,11826,19880,9490,10390,11360,5511,5849,2840,1382,1458,
71015,11362,5473,5889,19882,9631,10251,22722,10895,11827,19882,9491,10391,11360,5511,5849,2840,1382,1458,
71020,11363,5473,5890,19884,9632,10252,22725,10898,11827,19883,9492,10391,11361,5511,5850,2840,1382,1458,
71025,11363,5473,5890,19885,9633,10252,22725,10898,11827,19884,9492,10392,11361,5511,5850,2841,1382,1459,
71030,11364,5473,5891,19886,9634,10252,22726,10898,11828,19885,9492,10393,11363,5512,5851,2841,1382,1459,
71035,11365,5474,5891,19888,9635,10253,22729,10900,11829,19887,9493,10394,11364,5512,5852,2841,1382,1459,
71040,11366,5475,5891,19889,9635,10254,22730,10900,11830,19889,9494,10395,11364,5512,5852,2841,1382,1459,
71045,11367,5475,5892,19891,9636,10255,22733,10901,11832,19890,9495,10395,11365,5512,5853,2841,1382,1459,
71050,11367,5475,5892,19892,9636,10256,22733,10901,11832,19891,9495,10396,11365,5512,5853,2842,1382,1460,
71055,11368,5475,5893,19893,9636,10257,22734,10902,11832,19892,9496,10396,11367,5514,5853,2842,1382,1460,
71060,11369,5476,5893,19895,9636,10259,22737,10904,11833,19894,9496,10398,11368,5515,5853,2842,1382,1460,
71065,11370,5476,5894,19896,9636,10260,22738,10904,11834,19896,9497,10399,11368,5515,5853,2842,1382,1460,
71070,11371,5477,5894,19898,9637,10261,22741,10906,11835,19897,9498,10399,11369,5516,5853,2842,1382,1460,
71075,11371,5477,5894,19899,9638,10261,22741,10906,11835,19898,9499,10399,11369,5516,5853,2843,1383,1460,
71080,11372,5477,5895,19900,9639,10261,22742,10907,11835,19899,9500,10399,11371,5517,5854,2843,1383,1460,
71085,11373,5477,5896,19902,9639,10263,22745,10908,11837,19901,9501,10400,11372,5517,5855,2843,1383,1460,
71090,11374,5477,5897,19903,9639,10264,22746,10908,11838,19903,9501,10402,11372,5517,5855,2843,1383,1460,
71095,11375,5477,5898,19905,9640,10265,22749,10908,11841,19904,9501,10403,11373,5517,5856,2843,1383,1460,
71100,11375,5477,5898,19906,9640,10266,22749,10908,11841,19905,9501,10404,11373,5517,5856,2844,1384,1460,
71105,11376,5478,5898,19907,9641,10266,22750,10909,11841,19906,9501,10405,11375,5517,5858,2844,1384,1460,
71110,11377,5478,5899,19909,9642,10267,22753,10910,11843,19908,9502,10406,11376,5518,5858,2844,1384,1460,
71115,11378,5479,5899,19910,9643,10267,22754,10910,11844,19910,9503,10407,11376,5518,5858,2844,1384,1460,
71120,11379,5480,5899,19912,9644,10268,22757,10911,11846,19911,9504,10407,11377,5519,5858,2844,1384,1460,
71125,11379,5480,5899,19913,9644,10269,22757,10911,11846,19912,9504,10408,11377,5519,5858,2845,1385,1460,
71130,11380,5481,5899,19914,9644,10270,22758,10911,11847,19913,9504,10409,11379,5521,5858,2845,1385,1460,
71135,11381,5482,5899,19916,9644,10272,22761,10912,11849,19915,9504,10411,11380,5521,5859,2845,1385,1460,
71140,11382,5483,5899,19917,9645,10272,22762,10913,11849,19917,9506,10411,11380,5521,5859,2845,1385,1460,
71145,11383,5484,5899,19919,9645,10274,22765,10914,11851,19918,9506,10412,11381,5522,5859,2845,1385,1460,
71150,11383,5484,5899,19920,9645,10275,22765,10914,11851,19919,9506,10413,11381,5522,5859,2846,1385,1461,
71155,11384,5484,5900,19921,9646,10275,22766,10914,11852,19920,9506,10414,11383,5523,5860,2846,1385,1461,
71160,11385,5484,5901,19923,9646,10277,22769,10916,11853,19922,9507,10415,11384,5524,5860,2846,1385,1461,
71165,11386,5485,5901,19924,9646,10278,22770,10916,11854,19924,9507,10417,11384,5524,5860,2846,1385,1461,
71170,11387,5486,5901,19926,9647,10279,22773,10917,11856,19925,9507,10418,11385,5525,5860,2846,1385,1461,
71175,11387,5486,5901,19927,9647,10280,22773,10917,11856,19926,9508,10418,11385,5525,5860,2847,1386,1461,
71180,11388,5487,5901,19928,9648,10280,22774,10917,11857,19927,9508,10419,11387,5527,5860,2847,1386,1461,
71185,11389,5487,5902,19930,9648,10282,22777,10918,11859,19929,9510,10419,11388,5528,5860,2847,1386,1461,
71190,11390,5487,5903,19931,9649,10282,22778,10918,11860,19931,9511,10420,11388,5528,5860,2847,1386,1461,
71195,11391,5488,5903,19933,9651,10282,22781,10918,11863,19932,9512,10420,11389,5528,5861,2847,1386,1461,
71200,11391,5488,5903,19934,9651,10283,22781,10918,11863,19933,9512,10421,11389,5528,5861,2848,1387,1461,
71205,11392,5488,5904,19935,9651,10284,22782,10918,11864,19934,9512,10422,11391,5528,5863,2848,1387,1461,
71210,11393,5489,5904,19937,9653,10284,22785,10919,11866,19936,9512,10424,11392,5528,5864,2848,1387,1461,
71215,11394,5490,5904,19938,9654,10284,22786,10919,11867,19938,9514,10424,11392,5528,5864,2848,1387,1461,
71220,11395,5491,5904,19940,9655,10285,22789,10920,11869,19939,9514,10425,11393,5529,5864,2848,1387,1461,
71225,11395,5491,5904,19941,9655,10286,22789,10920,11869,19940,9514,10426,11393,5529,5864,2849,1387,1462,
71230,11396,5492,5904,19942,9656,10286,22790,10921,11869,19941,9514,10427,11395,5530,5865,2849,1387,1462,
71235,11397,5493,5904,19944,9656,10288,22793,10924,11869,19943,9516,10427,11396,5531,5865,2849,1387,1462,
71240,11398,5493,5905,19945,9656,10289,22794,10925,11869,19945,9517,10428,11396,5531,5865,2849,1387,1462,
71245,11399,5494,5905,19947,9657,10290,22797,10927,11870,19946,9517,10429,11397,5531,5866,2849,1387,1462,
71250,11399,5494,5905,19948,9657,10291,22797,10927,11870,19947,9518,10429,11397,5531,5866,2850,1388,1462,
71255,11400,5494,5906,19949,9658,10291,22798,10928,11870,19948,9518,10430,11399,5533,5866,2850,1388,1462,
71260,11401,5495,5906,19951,9658,10293,22801,10929,11872,19950,9518,10432,11400,5534,5866,2850,1388,1462,
71265,11402,5495,5907,19952,9659,10293,22802,10930,11872,19952,9519,10433,11400,5534,5866,2850,1388,1462,
71270,11403,5496,5907,19954,9660,10294,22805,10932,11873,19953,9520,10433,11401,5535,5866,2850,1388,1462,
71275,11403,5496,5907,19955,9661,10294,22805,10932,11873,19954,9520,10434,11401,5535,5866,2851,1389,1462,
71280,11404,5497,5907,19956,9661,10295,22806,10933,11873,19955,9521,10434,11403,5535,5868,2851,1389,1462,
71285,11405,5497,5908,19958,9662,10296,22809,10936,11873,19957,9523,10434,11404,5536,5868,2851,1389,1462,
71290,11406,5498,5908,19959,9663,10296,22810,10936,11874,19959,9524,10435,11404,5536,5868,2851,1389,1462,
71295,11407,5498,5909,19961,9663,10298,22813,10938,11875,19960,9524,10436,11405,5536,5869,2851,1389,1462,
71300,11407,5498,5909,19962,9663,10299,22813,10938,11875,19961,9524,10437,11405,5536,5869,2852,1389,1463,
71305,11408,5498,5910,19963,9664,10299,22814,10938,11876,19962,9525,10437,11407,5537,5870,2852,1389,1463,
71310,11409,5498,5911,19965,9664,10301,22817,10939,11878,19964,9526,10438,11408,5537,5871,2852,1389,1463,
71315,11410,5498,5912,19966,9665,10301,22818,10940,11878,19966,9527,10439,11408,5537,5871,2852,1389,1463,
71320,11411,5499,5912,19968,9665,10303,22821,10942,11879,19967,9527,10440,11409,5538,5871,2852,1389,1463,
71325,11411,5499,5912,19969,9666,10303,22821,10942,11879,19968,9527,10441,11409,5538,5871,2853,1389,1464,
71330,11412,5499,5913,19970,9667,10303,22822,10943,11879,19969,9527,10442,11411,5539,5872,2853,1389,1464,
71335,11413,5499,5914,19972,9667,10305,22825,10943,11882,19971,9528,10443,11412,5540,5872,2853,1389,1464,
71340,11414,5500,5914,19973,9667,10306,22826,10944,11882,19973,9529,10444,11412,5540,5872,2853,1389,1464,
71345,11415,5500,5915,19975,9667,10308,22829,10945,11884,19974,9530,10444,11413,5540,5873,2853,1389,1464,
71350,11415,5500,5915,19976,9668,10308,22829,10945,11884,19975,9531,10444,11413,5540,5873,2854,1389,1465,
71355,11416,5501,5915,19977,9668,10309,22830,10946,11884,19976,9531,10445,11415,5541,5874,2854,1389,1465,
71360,11417,5502,5915,19979,9670,10309,22833,10948,11885,19978,9531,10447,11416,5542,5874,2854,1389,1465,
71365,11418,5502,5916,19980,9671,10309,22834,10949,11885,19980,9532,10448,11416,5542,5874,2854,1389,1465,
71370,11419,5502,5917,19982,9672,10310,22837,10949,11888,19981,9533,10448,11417,5543,5874,2854,1389,1465,
71375,11419,5502,5917,19983,9672,10311,22837,10949,11888,19982,9534,10448,11417,5543,5874,2855,1389,1466,
71380,11420,5502,5918,19984,9672,10312,22838,10950,11888,19983,9535,10448,11419,5544,5875,2855,1389,1466,
71385,11421,5503,5918,19986,9674,10312,22841,10951,11890,19985,9536,10449,11420,5544,5876,2855,1389,1466,
71390,11422,5504,5918,19987,9674,10313,22842,10952,11890,19987,9537,10450,11420,5544,5876,2855,1389,1466,
71395,11423,5504,5919,19989,9675,10314,22845,10952,11893,19988,9538,10450,11421,5545,5876,2855,1389,1466,
71400,11423,5504,5919,19990,9675,10315,22845,10952,11893,19989,9539,10450,11421,5545,5876,2856,1390,1466,
71405,11424,5505,5919,19991,9675,10316,22846,10952,11894,19990,9540,10450,11423,5547,5876,2856,1390,1466,
71410,11425,5506,5919,19993,9676,10317,22849,10953,11896,19992,9541,10451,11424,5548,5876,2856,1390,1466,
71415,11426,5507,5919,19994,9677,10317,22850,10954,11896,19994,9542,10452,11424,5548,5876,2856,1390,1466,
71420,11427,5507,5920,19996,9678,10318,22853,10955,11898,19995,9542,10453,11425,5548,5877,2856,1390,1466,
71425,11427,5507,5920,19997,9679,10318,22853,10955,11898,19996,9542,10454,11425,5548,5877,2857,1390,1467,
71430,11428,5508,5920,19998,9680,10318,22854,10955,11899,19997,9543,10454,11427,5549,5878,2857,1390,1467,
71435,11429,5508,5921,20000,9681,10319,22857,10957,11900,19999,9543,10456,11428,5550,5878,2857,1390,1467,
71440,11430,5508,5922,20001,9681,10320,22858,10958,11900,20001,9544,10457,11428,5550,5878,2857,1390,1467,
71445,11431,5509,5922,20003,9682,10321,22861,10960,11901,20002,9544,10458,11429,5550,5879,2857,1390,1467,
71450,11431,5509,5922,20004,9682,10322,22861,10960,11901,20003,9545,10458,11429,5550,5879,2858,1391,1467,
71455,11432,5509,5923,20005,9682,10323,22862,10960,11902,20004,9545,10459,11431,5551,5880,2858,1391,1467,
71460,11433,5510,5923,20007,9682,10325,22865,10963,11902,20006,9545,10461,11432,5551,5881,2858,1391,1467,
71465,11434,5511,5923,20008,9682,10326,22866,10964,11902,20008,9545,10463,11432,5551,5881,2858,1391,1467,
71470,11435,5512,5923,20010,9682,10328,22869,10966,11903,20009,9546,10463,11433,5552,5881,2858,1391,1467,
71475,11435,5512,5923,20011,9683,10328,22869,10966,11903,20010,9546,10464,11433,5552,5881,2859,1391,1468,
71480,11436,5513,5923,20012,9684,10328,22870,10966,11904,20011,9546,10465,11435,5552,5883,2859,1391,1468,
71485,11437,5514,5923,20014,9686,10328,22873,10969,11904,20013,9547,10466,11436,5552,5884,2859,1391,1468,
71490,11438,5515,5923,20015,9686,10329,22874,10969,11905,20015,9548,10467,11436,5552,5884,2859,1391,1468,
71495,11439,5515,5924,20017,9687,10330,22877,10971,11906,20016,9549,10467,11437,5552,5885,2859,1391,1468,
71500,11439,5515,5924,20018,9687,10331,22877,10971,11906,20017,9549,10468,11437,5552,5885,2860,1392,1468,
71505,11440,5515,5925,20019,9688,10331,22878,10972,11906,20018,9549,10469,11439,5552,5887,2860,1392,1468,
71510,11441,5516,5925,20021,9689,10332,22881,10973,11908,20020,9550,10470,11440,5553,5887,2860,1392,1468,
71515,11442,5516,5926,20022,9689,10333,22882,10973,11909,20022,9550,10472,11440,5553,5887,2860,1392,1468,
71520,11443,5517,5926,20024,9690,10334,22885,10974,11911,20023,9551,10472,11441,5553,5888,2860,1392,1468,
71525,11443,5517,5926,20025,9690,10335,22885,10974,11911,20024,9551,10473,11441,5553,5888,2861,1392,1469,
71530,11444,5517,5927,20026,9690,10336,22886,10975,11911,20025,9551,10474,11443,5554,5889,2861,1392,1469,
71535,11445,5517,5928,20028,9690,10338,22889,10977,11912,20027,9553,10474,11444,5554,5890,2861,1392,1469,
71540,11446,5517,5929,20029,9690,10339,22890,10977,11913,20029,9555,10474,11444,5554,5890,2861,1392,1469,
71545,11447,5517,5930,20031,9691,10340,22893,10979,11914,20030,9556,10474,11445,5555,5890,2861,1392,1469,
71550,11447,5517,5930,20032,9691,10341,22893,10979,11914,20031,9557,10474,11445,5555,5890,2862,1392,1470,
71555,11448,5518,5930,20033,9692,10341,22894,10980,11914,20032,9557,10475,11447,5557,5890,2862,1392,1470,
71560,11449,5518,5931,20035,9694,10341,22897,10980,11917,20034,9558,10476,11448,5558,5890,2862,1392,1470,
71565,11450,5519,5931,20036,9695,10341,22898,10980,11918,20036,9560,10476,11448,5558,5890,2862,1392,1470,
71570,11451,5520,5931,20038,9695,10343,22901,10982,11919,20037,9561,10476,11449,5558,5891,2862,1392,1470,
71575,11451,5520,5931,20039,9695,10344,22901,10982,11919,20038,9561,10477,11449,5558,5891,2863,1392,1471,
71580,11452,5521,5931,20040,9695,10345,22902,10982,11920,20039,9561,10478,11451,5560,5891,2863,1392,1471,
71585,11453,5522,5931,20042,9696,10346,22905,10984,11921,20041,9563,10478,11452,5560,5892,2863,1392,1471,
71590,11454,5523,5931,20043,9697,10346,22906,10985,11921,20043,9564,10479,11452,5560,5892,2863,1392,1471,
71595,11455,5524,5931,20045,9698,10347,22909,10986,11923,20044,9565,10479,11453,5560,5893,2863,1392,1471,
71600,11455,5524,5931,20046,9698,10348,22909,10986,11923,20045,9566,10479,11453,5560,5893,2864,1393,1471,
71605,11456,5524,5932,20047,9699,10348,22910,10986,11924,20046,9566,10480,11455,5561,5894,2864,1393,1471,
71610,11457,5524,5933,20049,9700,10349,22913,10987,11926,20048,9566,10482,11456,5561,5895,2864,1393,1471,
71615,11458,5524,5934,20050,9700,10350,22914,10987,11927,20050,9568,10482,11456,5561,5895,2864,1393,1471,
71620,11459,5524,5935,20052,9702,10350,22917,10987,11930,20051,9568,10483,11457,5561,5896,2864,1393,1471,
71625,11459,5524,5935,20053,9702,10351,22917,10987,11930,20052,9568,10484,11457,5561,5896,2865,1393,1472,
71630,11460,5524,5936,20054,9703,10351,22918,10987,11931,20053,9568,10485,11459,5562,5897,2865,1393,1472,
71635,11461,5525,5936,20056,9704,10352,22921,10989,11932,20055,9570,10485,11460,5563,5897,2865,1393,1472,
71640,11462,5525,5937,20057,9704,10353,22922,10990,11932,20057,9572,10485,11460,5563,5897,2865,1393,1472,
71645,11463,5526,5937,20059,9705,10354,22925,10991,11934,20058,9573,10485,11461,5564,5897,2865,1393,1472,
71650,11463,5526,5937,20060,9705,10355,22925,10991,11934,20059,9574,10485,11461,5564,5897,2866,1394,1472,
71655,11464,5526,5938,20061,9705,10356,22926,10992,11934,20060,9574,10486,11463,5565,5898,2866,1394,1472,
71660,11465,5527,5938,20063,9705,10358,22929,10994,11935,20062,9575,10487,11464,5565,5899,2866,1394,1472,
71665,11466,5527,5939,20064,9705,10359,22930,10994,11936,20064,9576,10488,11464,5565,5899,2866,1394,1472,
71670,11467,5527,5940,20066,9705,10361,22933,10995,11938,20065,9576,10489,11465,5565,5900,2866,1394,1472,
71675,11467,5527,5940,20067,9706,10361,22933,10995,11938,20066,9577,10489,11465,5565,5900,2867,1395,1472,
71680,11468,5528,5940,20068,9706,10362,22934,10996,11938,20067,9577,10490,11467,5566,5901,2867,1395,1472,
71685,11469,5528,5941,20070,9708,10362,22937,10997,11940,20069,9579,10490,11468,5567,5901,2867,1395,1472,
71690,11470,5528,5942,20071,9708,10363,22938,10998,11940,20071,9580,10491,11468,5567,5901,2867,1395,1472,
71695,11471,5529,5942,20073,9709,10364,22941,10998,11943,20072,9581,10491,11469,5568,5901,2867,1395,1472,
71700,11471,5529,5942,20074,9709,10365,22941,10998,11943,20073,9581,10492,11469,5568,5901,2868,1395,1473,
71705,11472,5529,5943,20075,9709,10366,22942,10999,11943,20074,9582,10492,11471,5569,5902,2868,1395,1473,
71710,11473,5530,5943,20077,9710,10367,22945,11000,11945,20076,9584,10492,11472,5570,5902,2868,1395,1473,
71715,11474,5530,5944,20078,9710,10368,22946,11000,11946,20078,9586,10492,11472,5570,5902,2868,1395,1473,
71720,11475,5530,5945,20080,9711,10369,22949,11001,11948,20079,9587,10492,11473,5570,5903,2868,1395,1473,
71725,11475,5530,5945,20081,9712,10369,22949,11001,11948,20080,9587,10493,11473,5570,5903,2869,1396,1473,
71730,11476,5530,5946,20082,9712,10370,22950,11001,11949,20081,9587,10494,11475,5571,5904,2869,1396,1473,
71735,11477,5531,5946,20084,9713,10371,22953,11003,11950,20083,9588,10495,11476,5571,5905,2869,1396,1473,
71740,11478,5532,5946,20085,9713,10372,22954,11003,11951,20085,9588,10497,11476,5571,5905,2869,1396,1473,
71745,11479,5533,5946,20087,9715,10372,22957,11004,11953,20086,9588,10498,11477,5572,5905,2869,1396,1473,
71750,11479,5533,5946,20088,9715,10373,22957,11004,11953,20087,9588,10499,11477,5572,5905,2870,1396,1474,
71755,11480,5533,5947,20089,9715,10374,22958,11005,11953,20088,9589,10499,11479,5573,5906,2870,1396,1474,
71760,11481,5534,5947,20091,9716,10375,22961,11008,11953,20090,9589,10501,11480,5574,5906,2870,1396,1474,
71765,11482,5534,5948,20092,9717,10375,22962,11008,11954,20092,9589,10503,11480,5574,5906,2870,1396,1474,
71770,11483,5534,5949,20094,9718,10376,22965,11008,11957,20093,9589,10504,11481,5575,5906,2870,1396,1474,
71775,11483,5534,5949,20095,9718,10377,22965,11008,11957,20094,9590,10504,11481,5575,5906,2871,1396,1475,
71780,11484,5535,5949,20096,9719,10377,22966,11009,11957,20095,9590,10505,11483,5576,5907,2871,1396,1475,
71785,11485,5535,5950,20098,9719,10379,22969,11012,11957,20097,9590,10507,11484,5576,5908,2871,1396,1475,
71790,11486,5535,5951,20099,9720,10379,22970,11012,11958,20099,9591,10508,11484,5576,5908,2871,1396,1475,
71795,11487,5536,5951,20101,9721,10380,22973,11014,11959,20100,9591,10509,11485,5576,5909,2871,1396,1475,
71800,11487,5536,5951,20102,9722,10380,22973,11014,11959,20101,9591,10510,11485,5576,5909,2872,1397,1475,
71805,11488,5536,5952,20103,9722,10381,22974,11015,11959,20102,9591,10511,11487,5576,5911,2872,1397,1475,
71810,11489,5536,5953,20105,9723,10382,22977,11016,11961,20104,9593,10511,11488,5576,5912,2872,1397,1475,
71815,11490,5536,5954,20106,9724,10382,22978,11017,11961,20106,9595,10511,11488,5576,5912,2872,1397,1475,
71820,11491,5537,5954,20108,9726,10382,22981,11018,11963,20107,9596,10511,11489,5577,5912,2872,1397,1475,
71825,11491,5537,5954,20109,9727,10382,22981,11018,11963,20108,9596,10512,11489,5577,5912,2873,1397,1476,
71830,11492,5538,5954,20110,9727,10383,22982,11018,11964,20109,9597,10512,11491,5578,5913,2873,1397,1476,
71835,11493,5538,5955,20112,9727,10385,22985,11021,11964,20111,9599,10512,11492,5579,5913,2873,1397,1476,
71840,11494,5539,5955,20113,9727,10386,22986,11022,11964,20113,9599,10514,11492,5579,5913,2873,1397,1476,
71845,11495,5540,5955,20115,9728,10387,22989,11022,11967,20114,9600,10514,11493,5579,5914,2873,1397,1476,
71850,11495,5540,5955,20116,9728,10388,22989,11022,11967,20115,9600,10515,11493,5579,5914,2874,1397,1477,
71855,11496,5541,5955,20117,9728,10389,22990,11022,11968,20116,9601,10515,11495,5580,5915,2874,1397,1477,
71860,11497,5541,5956,20119,9729,10390,22993,11023,11970,20118,9601,10517,11496,5581,5915,2874,1397,1477,
71865,11498,5542,5956,20120,9729,10391,22994,11024,11970,20120,9602,10518,11496,5581,5915,2874,1397,1477,
71870,11499,5542,5957,20122,9729,10393,22997,11026,11971,20121,9602,10519,11497,5582,5915,2874,1397,1477,
71875,11499,5542,5957,20123,9729,10394,22997,11026,11971,20122,9602,10520,11497,5582,5915,2875,1397,1478,
71880,11500,5542,5958,20124,9729,10395,22998,11027,11971,20123,9603,10520,11499,5583,5916,2875,1397,1478,
71885,11501,5542,5959,20126,9731,10395,23001,11029,11972,20125,9605,10520,11500,5583,5917,2875,1397,1478,
71890,11502,5542,5960,20127,9731,10396,23002,11030,11972,20127,9605,10522,11500,5583,5917,2875,1397,1478,
71895,11503,5543,5960,20129,9732,10397,23005,11031,11974,20128,9605,10523,11501,5584,5917,2875,1397,1478,
71900,11503,5543,5960,20130,9733,10397,23005,11031,11974,20129,9606,10523,11501,5584,5917,2876,1397,1479,
71905,11504,5543,5961,20131,9734,10397,23006,11031,11975,20130,9607,10523,11503,5585,5918,2876,1397,1479,
71910,11505,5543,5962,20133,9735,10398,23009,11033,11976,20132,9608,10524,11504,5585,5919,2876,1397,1479,
71915,11506,5544,5962,20134,9736,10398,23010,11033,11977,20134,9608,10526,11504,5585,5919,2876,1397,1479,
71920,11507,5545,5962,20136,9738,10398,23013,11033,11980,20135,9608,10527,11505,5585,5920,2876,1397,1479,
71925,11507,5545,5962,20137,9739,10398,23013,11033,11980,20136,9609,10527,11505,5585,5920,2877,1398,1479,
71930,11508,5545,5963,20138,9740,10398,23014,11034,11980,20137,9610,10527,11507,5586,5921,2877,1398,1479,
71935,11509,5546,5963,20140,9741,10399,23017,11035,11982,20139,9611,10528,11508,5586,5922,2877,1398,1479,
71940,11510,5547,5963,20141,9742,10399,23018,11036,11982,20141,9612,10529,11508,5586,5922,2877,1398,1479,
71945,11511,5548,5963,20143,9743,10400,23021,11037,11984,20142,9612,10530,11509,5587,5922,2877,1398,1479,
71950,11511,5548,5963,20144,9744,10400,23021,11037,11984,20143,9613,10530,11509,5587,5922,2878,1398,1480,
71955,11512,5548,5964,20145,9745,10400,23022,11038,11984,20144,9613,10531,11511,5588,5923,2878,1398,1480,
71960,11513,5548,5965,20147,9747,10400,23025,11038,11987,20146,9614,10532,11512,5589,5923,2878,1398,1480,
71965,11514,5549,5965,20148,9748,10400,23026,11039,11987,20148,9615,10533,11512,5589,5923,2878,1398,1480,
71970,11515,5550,5965,20150,9748,10402,23029,11042,11987,20149,9615,10534,11513,5589,5924,2878,1398,1480,
71975,11515,5550,5965,20151,9749,10402,23029,11042,11987,20150,9616,10534,11513,5589,5924,2879,1399,1480,
71980,11516,5551,5965,20152,9750,10402,23030,11043,11987,20151,9617,10534,11515,5589,5926,2879,1399,1480,
71985,11517,5551,5966,20154,9752,10402,23033,11044,11989,20153,9617,10536,11516,5590,5926,2879,1399,1480,
71990,11518,5551,5967,20155,9753,10402,23034,11045,11989,20155,9619,10536,11516,5590,5926,2879,1399,1480,
71995,11519,5551,5968,20157,9754,10403,23037,11045,11992,20156,9620,10536,11517,5590,5927,2879,1399,1480,
72000,11519,5551,5968,20158,9754,10404,23037,11045,11992,20157,9620,10537,11517,5590,5927,2880,1400,1480,
72005,11520,5551,5969,20159,9755,10404,23038,11045,11993,20158,9621,10537,11519,5591,5928,2880,1400,1480,
72010,11521,5552,5969,20161,9755,10406,23041,11045,11996,20160,9621,10539,11520,5592,5928,2880,1400,1480,
72015,11522,5553,5969,20162,9756,10406,23042,11046,11996,20162,9623,10539,11520,5592,5928,2880,1400,1480,
72020,11523,5554,5969,20164,9756,10408,23045,11046,11999,20163,9624,10539,11521,5592,5929,2880,1400,1480,
72025,11523,5554,5969,20165,9757,10408,23045,11046,11999,20164,9625,10539,11521,5592,5929,2881,1400,1481,
72030,11524,5554,5970,20166,9758,10408,23046,11046,12000,20165,9626,10539,11523,5592,5931,2881,1400,1481,
72035,11525,5555,5970,20168,9760,10408,23049,11046,12003,20167,9626,10541,11524,5592,5932,2881,1400,1481,
72040,11526,5556,5970,20169,9760,10409,23050,11046,12004,20169,9627,10542,11524,5592,5932,2881,1400,1481,
72045,11527,5556,5971,20171,9761,10410,23053,11047,12006,20170,9628,10542,11525,5592,5933,2881,1400,1481,
72050,11527,5556,5971,20172,9761,10411,23053,11047,12006,20171,9628,10543,11525,5592,5933,2882,1400,1482,
72055,11528,5557,5971,20173,9762,10411,23054,11048,12006,20172,9628,10544,11527,5594,5933,2882,1400,1482,
72060,11529,5557,5972,20175,9763,10412,23057,11049,12008,20174,9628,10546,11528,5594,5934,2882,1400,1482,
72065,11530,5558,5972,20176,9763,10413,23058,11049,12009,20176,9629,10547,11528,5594,5934,2882,1400,1482,
72070,11531,5558,5973,20178,9765,10413,23061,11049,12012,20177,9629,10548,11529,5594,5935,2882,1400,1482,
72075,11531,5558,5973,20179,9766,10413,23061,11049,12012,20178,9629,10549,11529,5594,5935,2883,1401,1482,
72080,11532,5558,5974,20180,9766,10414,23062,11050,12012,20179,9629,10550,11531,5595,5936,2883,1401,1482,
72085,11533,5559,5974,20182,9767,10415,23065,11051,12014,20181,9629,10552,11532,5596,5936,2883,1401,1482,
72090,11534,5560,5974,20183,9767,10416,23066,11051,12015,20183,9631,10552,11532,5596,5936,2883,1401,1482,
72095,11535,5561,5974,20185,9768,10417,23069,11051,12018,20184,9632,10552,11533,5596,5937,2883,1401,1482,
72100,11535,5561,5974,20186,9768,10418,23069,11051,12018,20185,9632,10553,11533,5596,5937,2884,1401,1483,
72105,11536,5561,5975,20187,9769,10418,23070,11051,12019,20186,9633,10553,11535,5598,5937,2884,1401,1483,
72110,11537,5561,5976,20189,9770,10419,23073,11052,12021,20188,9635,10553,11536,5598,5938,2884,1401,1483,
72115,11538,5562,5976,20190,9770,10420,23074,11052,12022,20190,9635,10555,11536,5598,5938,2884,1401,1483,
72120,11539,5562,5977,20192,9772,10420,23077,11054,12023,20191,9635,10556,11537,5599,5938,2884,1401,1483,
72125,11539,5562,5977,20193,9772,10421,23077,11054,12023,20192,9635,10557,11537,5599,5938,2885,1401,1484,
72130,11540,5562,5978,20194,9773,10421,23078,11054,12024,20193,9635,10558,11539,5601,5938,2885,1401,1484,
72135,11541,5563,5978,20196,9773,10423,23081,11057,12024,20195,9635,10560,11540,5601,5939,2885,1401,1484,
72140,11542,5563,5979,20197,9774,10423,23082,11058,12024,20197,9635,10562,11540,5601,5939,2885,1401,1484,
72145,11543,5563,5980,20199,9774,10425,23085,11060,12025,20198,9636,10562,11541,5601,5940,2885,1401,1484,
72150,11543,5563,5980,20200,9775,10425,23085,11060,12025,20199,9636,10563,11541,5601,5940,2886,1402,1484,
72155,11544,5563,5981,20201,9776,10425,23086,11060,12026,20200,9636,10564,11543,5602,5941,2886,1402,1484,
72160,11545,5564,5981,20203,9778,10425,23089,11060,12029,20202,9637,10565,11544,5603,5941,2886,1402,1484,
72165,11546,5564,5982,20204,9779,10425,23090,11061,12029,20204,9637,10567,11544,5603,5941,2886,1402,1484,
72170,11547,5565,5982,20206,9780,10426,23093,11062,12031,20205,9638,10567,11545,5603,5942,2886,1402,1484,
72175,11547,5565,5982,20207,9781,10426,23093,11062,12031,20206,9638,10568,11545,5603,5942,2887,1403,1484,
72180,11548,5565,5983,20208,9782,10426,23094,11062,12032,20207,9639,10568,11547,5603,5944,2887,1403,1484,
72185,11549,5565,5984,20210,9784,10426,23097,11065,12032,20209,9640,10569,11548,5604,5944,2887,1403,1484,
72190,11550,5566,5984,20211,9784,10427,23098,11065,12033,20211,9641,10570,11548,5604,5944,2887,1403,1484,
72195,11551,5567,5984,20213,9786,10427,23101,11068,12033,20212,9642,10570,11549,5605,5944,2887,1403,1484,
72200,11551,5567,5984,20214,9786,10428,23101,11068,12033,20213,9643,10570,11549,5605,5944,2888,1404,1484,
72205,11552,5568,5984,20215,9787,10428,23102,11069,12033,20214,9644,10570,11551,5606,5945,2888,1404,1484,
72210,11553,5568,5985,20217,9788,10429,23105,11069,12036,20216,9645,10571,11552,5606,5946,2888,1404,1484,
72215,11554,5569,5985,20218,9789,10429,23106,11070,12036,20218,9647,10571,11552,5606,5946,2888,1404,1484,
72220,11555,5569,5986,20220,9790,10430,23109,11072,12037,20219,9648,10571,11553,5607,5946,2888,1404,1484,
72225,11555,5569,5986,20221,9791,10430,23109,11072,12037,20220,9649,10571,11553,5607,5946,2889,1405,1484,
72230,11556,5570,5986,20222,9792,10430,23110,11073,12037,20221,9650,10571,11555,5609,5946,2889,1405,1484,
72235,11557,5570,5987,20224,9792,10432,23113,11073,12040,20223,9651,10572,11556,5610,5946,2889,1405,1484,
72240,11558,5571,5987,20225,9792,10433,23114,11073,12041,20225,9653,10572,11556,5610,5946,2889,1405,1484,
72245,11559,5571,5988,20227,9794,10433,23117,11074,12043,20226,9653,10573,11557,5611,5946,2889,1405,1484,
72250,11559,5571,5988,20228,9795,10433,23117,11074,12043,20227,9653,10574,11557,5611,5946,2890,1405,1485,
72255,11560,5571,5989,20229,9796,10433,23118,11075,12043,20228,9653,10575,11559,5612,5947,2890,1405,1485,
72260,11561,5572,5989,20231,9798,10433,23121,11077,12044,20230,9654,10576,11560,5613,5947,2890,1405,1485,
72265,11562,5572,5990,20232,9798,10434,23122,11078,12044,20232,9656,10576,11560,5613,5947,2890,1405,1485,
72270,11563,5572,5991,20234,9799,10435,23125,11080,12045,20233,9657,10576,11561,5613,5948,2890,1405,1485,
72275,11563,5572,5991,20235,9800,10435,23125,11080,12045,20234,9657,10577,11561,5613,5948,2891,1406,1485,
72280,11564,5572,5992,20236,9800,10436,23126,11081,12045,20235,9657,10578,11563,5615,5948,2891,1406,1485,
72285,11565,5573,5992,20238,9801,10437,23129,11083,12046,20237,9659,10578,11564,5616,5948,2891,1406,1485,
72290,11566,5573,5993,20239,9801,10438,23130,11084,12046,20239,9660,10579,11564,5616,5948,2891,1406,1485,
72295,11567,5573,5994,20241,9801,10440,23133,11085,12048,20240,9661,10579,11565,5616,5949,2891,1406,1485,
72300,11567,5573,5994,20242,9802,10440,23133,11085,12048,20241,9661,10580,11565,5616,5949,2892,1406,1486,
72305,11568,5573,5995,20243,9803,10440,23134,11086,12048,20242,9661,10581,11567,5617,5950,2892,1406,1486,
72310,11569,5573,5996,20245,9805,10440,23137,11087,12050,20244,9662,10582,11568,5618,5950,2892,1406,1486,
72315,11570,5573,5997,20246,9806,10440,23138,11087,12051,20246,9662,10584,11568,5618,5950,2892,1406,1486,
72320,11571,5573,5998,20248,9807,10441,23141,11090,12051,20247,9663,10584,11569,5619,5950,2892,1406,1486,
72325,11571,5573,5998,20249,9808,10441,23141,11090,12051,20248,9664,10584,11569,5619,5950,2893,1406,1487,
72330,11572,5573,5999,20250,9809,10441,23142,11091,12051,20249,9664,10585,11571,5620,5951,2893,1406,1487,
72335,11573,5574,5999,20252,9809,10443,23145,11092,12053,20251,9664,10587,11572,5620,5952,2893,1406,1487,
72340,11574,5575,5999,20253,9810,10443,23146,11092,12054,20253,9665,10588,11572,5620,5952,2893,1406,1487,
72345,11575,5576,5999,20255,9811,10444,23149,11094,12055,20254,9665,10589,11573,5620,5953,2893,1406,1487,
72350,11575,5576,5999,20256,9811,10445,23149,11094,12055,20255,9666,10589,11573,5620,5953,2894,1406,1488,
72355,11576,5576,6000,20257,9811,10446,23150,11095,12055,20256,9666,10590,11575,5621,5954,2894,1406,1488,
72360,11577,5576,6001,20259,9813,10446,23153,11096,12057,20258,9666,10592,11576,5622,5954,2894,1406,1488,
72365,11578,5576,6002,20260,9814,10446,23154,11096,12058,20260,9668,10592,11576,5622,5954,2894,1406,1488,
72370,11579,5577,6002,20262,9815,10447,23157,11098,12059,20261,9668,10593,11577,5622,5955,2894,1406,1488,
72375,11579,5577,6002,20263,9815,10448,23157,11098,12059,20262,9668,10594,11577,5622,5955,2895,1406,1489,
72380,11580,5577,6003,20264,9816,10448,23158,11098,12060,20263,9668,10595,11579,5624,5955,2895,1406,1489,
72385,11581,5577,6004,20266,9816,10450,23161,11100,12061,20265,9670,10595,11580,5624,5956,2895,1406,1489,
72390,11582,5577,6005,20267,9817,10450,23162,11100,12062,20267,9671,10596,11580,5624,5956,2895,1406,1489,
72395,11583,5578,6005,20269,9819,10450,23165,11102,12063,20268,9672,10596,11581,5624,5957,2895,1406,1489,
72400,11583,5578,6005,20270,9819,10451,23165,11102,12063,20269,9672,10597,11581,5624,5957,2896,1407,1489,
72405,11584,5579,6005,20271,9819,10452,23166,11103,12063,20270,9672,10598,11583,5625,5958,2896,1407,1489,
72410,11585,5579,6006,20273,9820,10453,23169,11106,12063,20272,9674,10598,11584,5625,5959,2896,1407,1489,
72415,11586,5579,6007,20274,9820,10454,23170,11107,12063,20274,9675,10599,11584,5625,5959,2896,1407,1489,
72420,11587,5580,6007,20276,9822,10454,23173,11110,12063,20275,9676,10599,11585,5626,5959,2896,1407,1489,
72425,11587,5580,6007,20277,9822,10455,23173,11110,12063,20276,9676,10600,11585,5626,5959,2897,1408,1489,
72430,11588,5580,6008,20278,9822,10456,23174,11111,12063,20277,9677,10600,11587,5628,5959,2897,1408,1489,
72435,11589,5581,6008,20280,9823,10457,23177,11112,12065,20279,9678,10601,11588,5628,5960,2897,1408,1489,
72440,11590,5582,6008,20281,9824,10457,23178,11113,12065,20281,9679,10602,11588,5628,5960,2897,1408,1489,
72445,11591,5583,6008,20283,9825,10458,23181,11113,12068,20282,9679,10603,11589,5629,5960,2897,1408,1489,
72450,11591,5583,6008,20284,9825,10459,23181,11113,12068,20283,9679,10604,11589,5629,5960,2898,1409,1489,
72455,11592,5584,6008,20285,9826,10459,23182,11113,12069,20284,9680,10604,11591,5630,5961,2898,1409,1489,
72460,11593,5584,6009,20287,9826,10461,23185,11113,12072,20286,9681,10605,11592,5630,5962,2898,1409,1489,
72465,11594,5584,6010,20288,9826,10462,23186,11113,12073,20288,9683,10605,11592,5630,5962,2898,1409,1489,
72470,11595,5584,6011,20290,9828,10462,23189,11113,12076,20289,9683,10606,11593,5630,5963,2898,1409,1489,
72475,11595,5584,6011,20291,9829,10462,23189,11113,12076,20290,9684,10606,11593,5630,5963,2899,1410,1489,
72480,11596,5584,6012,20292,9830,10462,23190,11114,12076,20291,9685,10606,11595,5630,5965,2899,1410,1489,
72485,11597,5585,6012,20294,9830,10464,23193,11116,12077,20293,9686,10607,11596,5630,5966,2899,1410,1489,
72490,11598,5586,6012,20295,9831,10464,23194,11116,12078,20295,9688,10607,11596,5630,5966,2899,1410,1489,
72495,11599,5586,6013,20297,9833,10464,23197,11118,12079,20296,9688,10608,11597,5631,5966,2899,1410,1489,
72500,11599,5586,6013,20298,9833,10465,23197,11118,12079,20297,9688,10609,11597,5631,5966,2900,1410,1490,
72505,11600,5586,6014,20299,9834,10465,23198,11118,12080,20298,9688,10610,11599,5631,5968,2900,1410,1490,
72510,11601,5586,6015,20301,9835,10466,23201,11120,12081,20300,9688,10612,11600,5632,5968,2900,1410,1490,
72515,11602,5587,6015,20302,9836,10466,23202,11120,12082,20302,9690,10612,11600,5632,5968,2900,1410,1490,
72520,11603,5588,6015,20304,9837,10467,23205,11121,12084,20303,9690,10613,11601,5633,5968,2900,1410,1490,
72525,11603,5588,6015,20305,9838,10467,23205,11121,12084,20304,9690,10614,11601,5633,5968,2901,1410,1491,
72530,11604,5588,6016,20306,9839,10467,23206,11121,12085,20305,9691,10614,11603,5634,5969,2901,1410,1491,
72535,11605,5588,6017,20308,9840,10468,23209,11124,12085,20307,9692,10615,11604,5634,5970,2901,1410,1491,
72540,11606,5589,6017,20309,9841,10468,23210,11125,12085,20309,9694,10615,11604,5634,5970,2901,1410,1491,
72545,11607,5590,6017,20311,9843,10468,23213,11126,12087,20310,9694,10616,11605,5635,5970,2901,1410,1491,
72550,11607,5590,6017,20312,9843,10469,23213,11126,12087,20311,9694,10617,11605,5635,5970,2902,1410,1492,
72555,11608,5590,6018,20313,9844,10469,23214,11127,12087,20312,9695,10617,11607,5637,5970,2902,1410,1492,
72560,11609,5590,6019,20315,9844,10471,23217,11128,12089,20314,9695,10619,11608,5638,5970,2902,1410,1492,
72565,11610,5591,6019,20316,9845,10471,23218,11128,12090,20316,9696,10620,11608,5638,5970,2902,1410,1492,
72570,11611,5592,6019,20318,9846,10472,23221,11128,12093,20317,9696,10621,11609,5638,5971,2902,1410,1492,
72575,11611,5592,6019,20319,9846,10473,23221,11128,12093,20318,9697,10621,11609,5638,5971,2903,1411,1492,
72580,11612,5592,6020,20320,9846,10474,23222,11128,12094,20319,9698,10621,11611,5638,5973,2903,1411,1492,
72585,11613,5593,6020,20322,9847,10475,23225,11128,12097,20321,9698,10623,11612,5638,5974,2903,1411,1492,
72590,11614,5593,6021,20323,9848,10475,23226,11129,12097,20323,9700,10623,11612,5638,5974,2903,1411,1492,
72595,11615,5594,6021,20325,9850,10475,23229,11132,12097,20324,9700,10624,11613,5638,5975,2903,1411,1492,
72600,11615,5594,6021,20326,9850,10476,23229,11132,12097,20325,9700,10625,11613,5638,5975,2904,1412,1492,
72605,11616,5595,6021,20327,9851,10476,23230,11132,12098,20326,9700,10626,11615,5639,5976,2904,1412,1492,
72610,11617,5595,6022,20329,9853,10476,23233,11135,12098,20328,9702,10626,11616,5639,5977,2904,1412,1492,
72615,11618,5596,6022,20330,9853,10477,23234,11135,12099,20330,9703,10627,11616,5639,5977,2904,1412,1492,
72620,11619,5596,6023,20332,9853,10479,23237,11136,12101,20331,9704,10627,11617,5639,5978,2904,1412,1492,
72625,11619,5596,6023,20333,9853,10480,23237,11136,12101,20332,9705,10627,11617,5639,5978,2905,1413,1492,
72630,11620,5596,6024,20334,9854,10480,23238,11136,12102,20333,9706,10627,11619,5640,5979,2905,1413,1492,
72635,11621,5596,6025,20336,9854,10482,23241,11137,12104,20335,9706,10629,11620,5641,5979,2905,1413,1492,
72640,11622,5597,6025,20337,9854,10483,23242,11138,12104,20337,9707,10630,11620,5641,5979,2905,1413,1492,
72645,11623,5597,6026,20339,9855,10484,23245,11139,12106,20338,9708,10630,11621,5641,5980,2905,1413,1492,
72650,11623,5597,6026,20340,9856,10484,23245,11139,12106,20339,9708,10631,11621,5641,5980,2906,1414,1492,
72655,11624,5597,6027,20341,9856,10485,23246,11139,12107,20340,9709,10631,11623,5641,5982,2906,1414,1492,
72660,11625,5598,6027,20343,9857,10486,23249,11142,12107,20342,9710,10632,11624,5642,5982,2906,1414,1492,
72665,11626,5599,6027,20344,9857,10487,23250,11143,12107,20344,9710,10634,11624,5642,5982,2906,1414,1492,
72670,11627,5600,6027,20346,9858,10488,23253,11145,12108,20345,9710,10635,11625,5643,5982,2906,1414,1492,
72675,11627,5600,6027,20347,9859,10488,23253,11145,12108,20346,9711,10635,11625,5643,5982,2907,1414,1493,
72680,11628,5600,6028,20348,9859,10489,23254,11146,12108,20347,9712,10635,11627,5644,5983,2907,1414,1493,
72685,11629,5601,6028,20350,9860,10490,23257,11148,12109,20349,9714,10635,11628,5645,5983,2907,1414,1493,
72690,11630,5601,6029,20351,9860,10491,23258,11148,12110,20351,9715,10636,11628,5645,5983,2907,1414,1493,
72695,11631,5602,6029,20353,9861,10492,23261,11149,12112,20352,9716,10636,11629,5645,5984,2907,1414,1493,
72700,11631,5602,6029,20354,9862,10492,23261,11149,12112,20353,9716,10637,11629,5645,5984,2908,1415,1493,
72705,11632,5602,6030,20355,9862,10493,23262,11150,12112,20354,9717,10637,11631,5646,5985,2908,1415,1493,
72710,11633,5603,6030,20357,9863,10494,23265,11153,12112,20356,9718,10638,11632,5647,5985,2908,1415,1493,
72715,11634,5604,6030,20358,9864,10494,23266,11154,12112,20358,9720,10638,11632,5647,5985,2908,1415,1493,
72720,11635,5604,6031,20360,9865,10495,23269,11155,12114,20359,9720,10639,11633,5647,5986,2908,1415,1493,
72725,11635,5604,6031,20361,9865,10496,23269,11155,12114,20360,9721,10639,11633,5647,5986,2909,1415,1494,
72730,11636,5605,6031,20362,9865,10497,23270,11156,12114,20361,9721,10640,11635,5647,5988,2909,1415,1494,
72735,11637,5605,6032,20364,9865,10499,23273,11157,12116,20363,9721,10642,11636,5648,5988,2909,1415,1494,
72740,11638,5606,6032,20365,9865,10500,23274,11158,12116,20365,9722,10643,11636,5648,5988,2909,1415,1494,
72745,11639,5606,6033,20367,9866,10501,23277,11160,12117,20366,9722,10644,11637,5648,5989,2909,1415,1494,
72750,11639,5606,6033,20368,9867,10501,23277,11160,12117,20367,9722,10645,11637,5648,5989,2910,1415,1495,
72755,11640,5606,6034,20369,9867,10502,23278,11161,12117,20368,9722,10646,11639,5649,5990,2910,1415,1495,
72760,11641,5606,6035,20371,9867,10504,23281,11163,12118,20370,9723,10647,11640,5649,5991,2910,1415,1495,
72765,11642,5606,6036,20372,9867,10505,23282,11164,12118,20372,9724,10648,11640,5649,5991,2910,1415,1495,
72770,11643,5607,6036,20374,9867,10507,23285,11165,12120,20373,9724,10649,11641,5649,5992,2910,1415,1495,
72775,11643,5607,6036,20375,9867,10508,23285,11165,12120,20374,9724,10650,11641,5649,5992,2911,1416,1495,
72780,11644,5607,6037,20376,9868,10508,23286,11165,12121,20375,9725,10650,11643,5650,5993,2911,1416,1495,
72785,11645,5607,6038,20378,9868,10510,23289,11165,12124,20377,9726,10651,11644,5650,5994,2911,1416,1495,
72790,11646,5607,6039,20379,9869,10510,23290,11165,12125,20379,9726,10653,11644,5650,5994,2911,1416,1495,
72795,11647,5607,6040,20381,9869,10512,23293,11165,12128,20380,9727,10653,11645,5651,5994,2911,1416,1495,
72800,11647,5607,6040,20382,9869,10513,23293,11165,12128,20381,9727,10654,11645,5651,5994,2912,1417,1495,
72805,11648,5608,6040,20383,9870,10513,23294,11165,12129,20382,9727,10655,11647,5652,5995,2912,1417,1495,
72810,11649,5608,6041,20385,9872,10513,23297,11167,12130,20384,9727,10657,11648,5653,5995,2912,1417,1495,
72815,11650,5608,6042,20386,9873,10513,23298,11167,12131,20386,9729,10657,11648,5653,5995,2912,1417,1495,
72820,11651,5608,6043,20388,9874,10514,23301,11168,12133,20387,9730,10657,11649,5653,5996,2912,1417,1495,
72825,11651,5608,6043,20389,9874,10515,23301,11168,12133,20388,9730,10658,11649,5653,5996,2913,1417,1496,
72830,11652,5608,6044,20390,9875,10515,23302,11169,12133,20389,9730,10659,11651,5655,5996,2913,1417,1496,
72835,11653,5609,6044,20392,9876,10516,23305,11171,12134,20391,9731,10660,11652,5656,5996,2913,1417,1496,
72840,11654,5609,6045,20393,9876,10517,23306,11171,12135,20393,9731,10662,11652,5656,5996,2913,1417,1496,
72845,11655,5609,6046,20395,9877,10518,23309,11173,12136,20394,9732,10662,11653,5656,5997,2913,1417,1496,
72850,11655,5609,6046,20396,9878,10518,23309,11173,12136,20395,9732,10663,11653,5656,5997,2914,1418,1496,
72855,11656,5610,6046,20397,9879,10518,23310,11174,12136,20396,9732,10664,11655,5657,5998,2914,1418,1496,
72860,11657,5611,6046,20399,9880,10519,23313,11175,12138,20398,9733,10665,11656,5658,5998,2914,1418,1496,
72865,11658,5611,6047,20400,9880,10520,23314,11176,12138,20400,9733,10667,11656,5658,5998,2914,1418,1496,
72870,11659,5612,6047,20402,9881,10521,23317,11178,12139,20401,9734,10667,11657,5659,5998,2914,1418,1496,
72875,11659,5612,6047,20403,9881,10522,23317,11178,12139,20402,9734,10668,11657,5659,5998,2915,1418,1497,
72880,11660,5612,6048,20404,9882,10522,23318,11179,12139,20403,9734,10669,11659,5659,6000,2915,1418,1497,
72885,11661,5612,6049,20406,9883,10523,23321,11180,12141,20405,9734,10671,11660,5659,6001,2915,1418,1497,
72890,11662,5613,6049,20407,9883,10524,23322,11180,12142,20407,9734,10673,11660,5659,6001,2915,1418,1497,
72895,11663,5614,6049,20409,9884,10525,23325,11180,12145,20408,9735,10673,11661,5659,6002,2915,1418,1497,
72900,11663,5614,6049,20410,9884,10526,23325,11180,12145,20409,9735,10674,11661,5659,6002,2916,1418,1498,
72905,11664,5614,6050,20411,9885,10526,23326,11181,12145,20410,9735,10675,11663,5659,6004,2916,1418,1498,
72910,11665,5615,6050,20413,9885,10528,23329,11184,12145,20412,9736,10676,11664,5659,6005,2916,1418,1498,
72915,11666,5615,6051,20414,9886,10528,23330,11184,12146,20414,9737,10677,11664,5659,6005,2916,1418,1498,
72920,11667,5615,6052,20416,9886,10530,23333,11186,12147,20415,9737,10678,11665,5660,6005,2916,1418,1498,
72925,11667,5615,6052,20417,9886,10531,23333,11186,12147,20416,9738,10678,11665,5660,6005,2917,1419,1498,
72930,11668,5615,6053,20418,9887,10531,23334,11186,12148,20417,9739,10678,11667,5662,6005,2917,1419,1498,
72935,11669,5616,6053,20420,9889,10531,23337,11189,12148,20419,9740,10679,11668,5663,6005,2917,1419,1498,
72940,11670,5616,6054,20421,9889,10532,23338,11190,12148,20421,9742,10679,11668,5663,6005,2917,1419,1498,
72945,11671,5616,6055,20423,9890,10533,23341,11191,12150,20422,9742,10680,11669,5663,6006,2917,1419,1498,
72950,11671,5616,6055,20424,9891,10533,23341,11191,12150,20423,9742,10681,11669,5663,6006,2918,1420,1498,
72955,11672,5616,6056,20425,9891,10534,23342,11192,12150,20424,9743,10681,11671,5664,6007,2918,1420,1498,
72960,11673,5617,6056,20427,9891,10536,23345,11194,12151,20426,9744,10682,11672,5664,6008,2918,1420,1498,
72965,11674,5617,6057,20428,9892,10536,23346,11195,12151,20428,9746,10682,11672,5664,6008,2918,1420,1498,
72970,11675,5617,6058,20430,9893,10537,23349,11196,12153,20429,9747,10682,11673,5665,6008,2918,1420,1498,
72975,11675,5617,6058,20431,9893,10538,23349,11196,12153,20430,9748,10682,11673,5665,6008,2919,1420,1499,
72980,11676,5617,6059,20432,9894,10538,23350,11197,12153,20431,9749,10682,11675,5667,6008,2919,1420,1499,
72985,11677,5617,6060,20434,9895,10539,23353,11198,12155,20433,9750,10683,11676,5668,6008,2919,1420,1499,
72990,11678,5618,6060,20435,9895,10540,23354,11199,12155,20435,9752,10683,11676,5668,6008,2919,1420,1499,
72995,11679,5619,6060,20437,9895,10542,23357,11201,12156,20436,9752,10684,11677,5668,6009,2919,1420,1499,
73000,11679,5619,6060,20438,9895,10543,23357,11201,12156,20437,9753,10684,11677,5668,6009,2920,1421,1499,
73005,11680,5620,6060,20439,9895,10544,23358,11202,12156,20438,9753,10685,11679,5669,6010,2920,1421,1499,
73010,11681,5620,6061,20441,9896,10545,23361,11203,12158,20440,9755,10685,11680,5669,6011,2920,1421,1499,
73015,11682,5621,6061,20442,9897,10545,23362,11204,12158,20442,9755,10687,11680,5669,6011,2920,1421,1499,
73020,11683,5622,6061,20444,9898,10546,23365,11204,12161,20443,9756,10687,11681,5670,6011,2920,1421,1499,
73025,11683,5622,6061,20445,9899,10546,23365,11204,12161,20444,9756,10688,11681,5670,6011,2921,1422,1499,
73030,11684,5623,6061,20446,9900,10546,23366,11205,12161,20445,9757,10688,11683,5671,6012,2921,1422,1499,
73035,11685,5624,6061,20448,9900,10548,23369,11206,12163,20447,9758,10689,11684,5671,6013,2921,1422,1499,
73040,11686,5625,6061,20449,9901,10548,23370,11206,12164,20449,9759,10690,11684,5671,6013,2921,1422,1499,
73045,11687,5625,6062,20451,9902,10549,23373,11207,12166,20450,9760,10690,11685,5671,6014,2921,1422,1499,
73050,11687,5625,6062,20452,9902,10550,23373,11207,12166,20451,9760,10691,11685,5671,6014,2922,1423,1499,
73055,11688,5626,6062,20453,9903,10550,23374,11207,12167,20452,9761,10691,11687,5671,6016,2922,1423,1499,
73060,11689,5627,6062,20455,9903,10552,23377,11209,12168,20454,9762,10692,11688,5671,6017,2922,1423,1499,
73065,11690,5627,6063,20456,9904,10552,23378,11210,12168,20456,9763,10693,11688,5671,6017,2922,1423,1499,
73070,11691,5628,6063,20458,9904,10554,23381,11211,12170,20457,9763,10694,11689,5671,6018,2922,1423,1499,
73075,11691,5628,6063,20459,9904,10555,23381,11211,12170,20458,9764,10694,11689,5671,6018,2923,1423,1500,
73080,11692,5628,6064,20460,9904,10556,23382,11211,12171,20459,9764,10695,11691,5671,6020,2923,1423,1500,
73085,11693,5628,6065,20462,9905,10557,23385,11213,12172,20461,9765,10696,11692,5671,6021,2923,1423,1500,
73090,11694,5628,6066,20463,9906,10557,23386,11213,12173,20463,9767,10696,11692,5671,6021,2923,1423,1500,
73095,11695,5629,6066,20465,9906,10559,23389,11215,12174,20464,9768,10696,11693,5671,6022,2923,1423,1500,
73100,11695,5629,6066,20466,9906,10560,23389,11215,12174,20465,9769,10696,11693,5671,6022,2924,1423,1501,
73105,11696,5629,6067,20467,9906,10561,23390,11216,12174,20466,9769,10697,11695,5671,6024,2924,1423,1501,
73110,11697,5629,6068,20469,9907,10562,23393,11218,12175,20468,9770,10698,11696,5672,6024,2924,1423,1501,
73115,11698,5629,6069,20470,9908,10562,23394,11219,12175,20470,9771,10699,11696,5672,6024,2924,1423,1501,
73120,11699,5630,6069,20472,9909,10563,23397,11220,12177,20471,9772,10699,11697,5673,6024,2924,1423,1501,
73125,11699,5630,6069,20473,9910,10563,23397,11220,12177,20472,9772,10700,11697,5673,6024,2925,1424,1501,
73130,11700,5631,6069,20474,9910,10564,23398,11221,12177,20473,9773,10700,11699,5674,6025,2925,1424,1501,
73135,11701,5632,6069,20476,9910,10566,23401,11224,12177,20475,9774,10701,11700,5674,6026,2925,1424,1501,
73140,11702,5632,6070,20477,9911,10566,23402,11225,12177,20477,9774,10703,11700,5674,6026,2925,1424,1501,
73145,11703,5633,6070,20479,9912,10567,23405,11226,12179,20478,9774,10704,11701,5674,6027,2925,1424,1501,
73150,11703,5633,6070,20480,9913,10567,23405,11226,12179,20479,9775,10704,11701,5674,6027,2926,1424,1502,
73155,11704,5634,6070,20481,9913,10568,23406,11226,12180,20480,9776,10704,11703,5674,6029,2926,1424,1502,
73160,11705,5635,6070,20483,9914,10569,23409,11228,12181,20482,9776,10706,11704,5674,6030,2926,1424,1502,
73165,11706,5635,6071,20484,9915,10569,23410,11229,12181,20484,9777,10707,11704,5674,6030,2926,1424,1502,
73170,11707,5636,6071,20486,9915,10571,23413,11231,12182,20485,9778,10707,11705,5675,6030,2926,1424,1502,
73175,11707,5636,6071,20487,9915,10572,23413,11231,12182,20486,9779,10707,11705,5675,6030,2927,1425,1502,
73180,11708,5636,6072,20488,9915,10573,23414,11231,12183,20487,9780,10707,11707,5676,6031,2927,1425,1502,
73185,11709,5637,6072,20490,9916,10574,23417,11234,12183,20489,9780,10709,11708,5677,6031,2927,1425,1502,
73190,11710,5637,6073,20491,9917,10574,23418,11234,12184,20491,9781,10710,11708,5677,6031,2927,1425,1502,
73195,11711,5638,6073,20493,9917,10576,23421,11235,12186,20492,9781,10711,11709,5677,6032,2927,1425,1502,
73200,11711,5638,6073,20494,9918,10576,23421,11235,12186,20493,9781,10712,11709,5677,6032,2928,1425,1503,
73205,11712,5639,6073,20495,9918,10577,23422,11236,12186,20494,9781,10713,11711,5678,6033,2928,1425,1503,
73210,11713,5640,6073,20497,9919,10578,23425,11236,12189,20496,9781,10715,11712,5678,6034,2928,1425,1503,
73215,11714,5641,6073,20498,9920,10578,23426,11237,12189,20498,9782,10716,11712,5678,6034,2928,1425,1503,
73220,11715,5642,6073,20500,9922,10578,23429,11237,12192,20499,9782,10717,11713,5678,6035,2928,1425,1503,
73225,11715,5642,6073,20501,9923,10578,23429,11237,12192,20500,9783,10717,11713,5678,6035,2929,1425,1504,
73230,11716,5642,6074,20502,9923,10579,23430,11237,12193,20501,9784,10717,11715,5678,6037,2929,1425,1504,
73235,11717,5642,6075,20504,9924,10580,23433,11239,12194,20503,9786,10717,11716,5678,6038,2929,1425,1504,
73240,11718,5643,6075,20505,9924,10581,23434,11240,12194,20505,9786,10719,11716,5678,6038,2929,1425,1504,
73245,11719,5643,6076,20507,9924,10583,23437,11242,12195,20506,9787,10719,11717,5679,6038,2929,1425,1504,
73250,11719,5643,6076,20508,9925,10583,23437,11242,12195,20507,9788,10719,11717,5679,6038,2930,1425,1505,
73255,11720,5644,6076,20509,9926,10583,23438,11242,12196,20508,9788,10720,11719,5679,6040,2930,1425,1505,
73260,11721,5645,6076,20511,9928,10583,23441,11243,12198,20510,9789,10721,11720,5679,6041,2930,1425,1505,
73265,11722,5646,6076,20512,9929,10583,23442,11244,12198,20512,9790,10722,11720,5679,6041,2930,1425,1505,
73270,11723,5646,6077,20514,9930,10584,23445,11245,12200,20513,9791,10722,11721,5679,6042,2930,1425,1505,
73275,11723,5646,6077,20515,9930,10585,23445,11245,12200,20514,9792,10722,11721,5679,6042,2931,1425,1506,
73280,11724,5646,6078,20516,9931,10585,23446,11245,12201,20515,9792,10723,11723,5679,6044,2931,1425,1506,
73285,11725,5646,6079,20518,9932,10586,23449,11246,12203,20517,9792,10725,11724,5680,6044,2931,1425,1506,
73290,11726,5646,6080,20519,9932,10587,23450,11246,12204,20519,9793,10726,11724,5680,6044,2931,1425,1506,
73295,11727,5646,6081,20521,9933,10588,23453,11247,12206,20520,9793,10727,11725,5681,6044,2931,1425,1506,
73300,11727,5646,6081,20522,9933,10589,23453,11247,12206,20521,9793,10728,11725,5681,6044,2932,1425,1507,
73305,11728,5647,6081,20523,9933,10590,23454,11247,12207,20522,9794,10728,11727,5682,6045,2932,1425,1507,
73310,11729,5647,6082,20525,9933,10592,23457,11249,12208,20524,9795,10729,11728,5682,6046,2932,1425,1507,
73315,11730,5648,6082,20526,9934,10592,23458,11250,12208,20526,9796,10730,11728,5682,6046,2932,1425,1507,
73320,11731,5648,6083,20528,9936,10592,23461,11253,12208,20527,9796,10731,11729,5682,6047,2932,1425,1507,
73325,11731,5648,6083,20529,9937,10592,23461,11253,12208,20528,9797,10731,11729,5682,6047,2933,1426,1507,
73330,11732,5648,6084,20530,9937,10593,23462,11253,12209,20529,9797,10732,11731,5682,6049,2933,1426,1507,
73335,11733,5648,6085,20532,9937,10595,23465,11255,12210,20531,9797,10734,11732,5683,6049,2933,1426,1507,
73340,11734,5648,6086,20533,9937,10596,23466,11256,12210,20533,9799,10734,11732,5683,6049,2933,1426,1507,
73345,11735,5648,6087,20535,9939,10596,23469,11259,12210,20534,9800,10734,11733,5683,6050,2933,1426,1507,
73350,11735,5648,6087,20536,9939,10597,23469,11259,12210,20535,9801,10734,11733,5683,6050,2934,1426,1508,
73355,11736,5648,6088,20537,9940,10597,23470,11260,12210,20536,9801,10735,11735,5683,6052,2934,1426,1508,
73360,11737,5648,6089,20539,9941,10598,23473,11262,12211,20538,9803,10735,11736,5684,6052,2934,1426,1508,
73365,11738,5648,6090,20540,9941,10599,23474,11263,12211,20540,9805,10735,11736,5684,6052,2934,1426,1508,
73370,11739,5648,6091,20542,9941,10601,23477,11264,12213,20541,9806,10735,11737,5685,6052,2934,1426,1508,
73375,11739,5648,6091,20543,9942,10601,23477,11264,12213,20542,9806,10736,11737,5685,6052,2935,1426,1509,
73380,11740,5648,6092,20544,9943,10601,23478,11264,12214,20543,9807,10736,11739,5687,6052,2935,1426,1509,
73385,11741,5648,6093,20546,9943,10603,23481,11265,12216,20545,9807,10738,11740,5687,6053,2935,1426,1509,
73390,11742,5648,6094,20547,9943,10604,23482,11266,12216,20547,9809,10738,11740,5687,6053,2935,1426,1509,
73395,11743,5649,6094,20549,9943,10606,23485,11268,12217,20548,9809,10739,11741,5688,6053,2935,1426,1509,
73400,11743,5649,6094,20550,9943,10607,23485,11268,12217,20549,9809,10740,11741,5688,6053,2936,1426,1510,
73405,11744,5650,6094,20551,9943,10608,23486,11268,12218,20550,9809,10741,11743,5690,6053,2936,1426,1510,
73410,11745,5650,6095,20553,9944,10609,23489,11270,12219,20552,9810,10742,11744,5690,6054,2936,1426,1510,
73415,11746,5651,6095,20554,9944,10610,23490,11270,12220,20554,9810,10744,11744,5690,6054,2936,1426,1510,
73420,11747,5652,6095,20556,9944,10612,23493,11272,12221,20555,9810,10745,11745,5691,6054,2936,1426,1510,
73425,11747,5652,6095,20557,9944,10613,23493,11272,12221,20556,9811,10745,11745,5691,6054,2937,1427,1510,
73430,11748,5653,6095,20558,9944,10614,23494,11273,12221,20557,9812,10745,11747,5692,6055,2937,1427,1510,
73435,11749,5654,6095,20560,9944,10616,23497,11276,12221,20559,9812,10747,11748,5693,6055,2937,1427,1510,
73440,11750,5654,6096,20561,9944,10617,23498,11276,12222,20561,9814,10747,11748,5693,6055,2937,1427,1510,
73445,11751,5654,6097,20563,9945,10618,23501,11278,12223,20562,9815,10747,11749,5694,6055,2937,1427,1510,
73450,11751,5654,6097,20564,9945,10619,23501,11278,12223,20563,9815,10748,11749,5694,6055,2938,1428,1510,
73455,11752,5654,6098,20565,9946,10619,23502,11279,12223,20564,9816,10748,11751,5695,6056,2938,1428,1510,
73460,11753,5655,6098,20567,9947,10620,23505,11280,12225,20566,9817,10749,11752,5696,6056,2938,1428,1510,
73465,11754,5656,6098,20568,9948,10620,23506,11280,12226,20568,9818,10750,11752,5696,6056,2938,1428,1510,
73470,11755,5657,6098,20570,9950,10620,23509,11281,12228,20569,9818,10751,11753,5697,6056,2938,1428,1510,
73475,11755,5657,6098,20571,9951,10620,23509,11281,12228,20570,9818,10752,11753,5697,6056,2939,1428,1511,
73480,11756,5658,6098,20572,9951,10621,23510,11281,12229,20571,9818,10753,11755,5698,6057,2939,1428,1511,
73485,11757,5659,6098,20574,9951,10623,23513,11282,12231,20573,9819,10754,11756,5698,6058,2939,1428,1511,
73490,11758,5659,6099,20575,9952,10623,23514,11282,12232,20575,9819,10756,11756,5698,6058,2939,1428,1511,
73495,11759,5660,6099,20577,9954,10623,23517,11285,12232,20576,9819,10757,11757,5698,6059,2939,1428,1511,
73500,11759,5660,6099,20578,9955,10623,23517,11285,12232,20577,9819,10758,11757,5698,6059,2940,1429,1511,
73505,11760,5660,6100,20579,9956,10623,23518,11286,12232,20578,9820,10758,11759,5699,6060,2940,1429,1511,
73510,11761,5660,6101,20581,9958,10623,23521,11287,12234,20580,9821,10759,11760,5700,6060,2940,1429,1511,
73515,11762,5661,6101,20582,9958,10624,23522,11288,12234,20582,9821,10761,11760,5700,6060,2940,1429,1511,
73520,11763,5662,6101,20584,9959,10625,23525,11289,12236,20583,9822,10761,11761,5701,6060,2940,1429,1511,
73525,11763,5662,6101,20585,9960,10625,23525,11289,12236,20584,9822,10762,11761,5701,6060,2941,1429,1512,
73530,11764,5662,6102,20586,9961,10625,23526,11289,12237,20585,9822,10763,11763,5702,6061,2941,1429,1512,
73535,11765,5662,6103,20588,9961,10627,23529,11290,12239,20587,9823,10764,11764,5703,6061,2941,1429,1512,
73540,11766,5662,6104,20589,9962,10627,23530,11291,12239,20589,9823,10766,11764,5703,6061,2941,1429,1512,
73545,11767,5662,6105,20591,9963,10628,23533,11293,12240,20590,9823,10767,11765,5703,6062,2941,1429,1512,
73550,11767,5662,6105,20592,9964,10628,23533,11293,12240,20591,9824,10767,11765,5703,6062,2942,1430,1512,
73555,11768,5662,6106,20593,9964,10629,23534,11294,12240,20592,9825,10767,11767,5704,6063,2942,1430,1512,
73560,11769,5662,6107,20595,9965,10630,23537,11295,12242,20594,9826,10768,11768,5705,6063,2942,1430,1512,
73565,11770,5663,6107,20596,9966,10630,23538,11295,12243,20596,9827,10769,11768,5705,6063,2942,1430,1512,
73570,11771,5664,6107,20598,9968,10630,23541,11298,12243,20597,9827,10770,11769,5705,6064,2942,1430,1512,
73575,11771,5664,6107,20599,9968,10631,23541,11298,12243,20598,9827,10771,11769,5705,6064,2943,1430,1513,
73580,11772,5665,6107,20600,9968,10632,23542,11298,12244,20599,9828,10771,11771,5706,6065,2943,1430,1513,
73585,11773,5666,6107,20602,9970,10632,23545,11298,12247,20601,9828,10773,11772,5707,6065,2943,1430,1513,
73590,11774,5667,6107,20603,9971,10632,23546,11299,12247,20603,9829,10774,11772,5707,6065,2943,1430,1513,
73595,11775,5668,6107,20605,9972,10633,23549,11300,12249,20604,9830,10774,11773,5707,6066,2943,1430,1513,
73600,11775,5668,6107,20606,9973,10633,23549,11300,12249,20605,9831,10774,11773,5707,6066,2944,1431,1513,
73605,11776,5669,6107,20607,9974,10633,23550,11300,12250,20606,9832,10774,11775,5707,6068,2944,1431,1513,
73610,11777,5670,6107,20609,9976,10633,23553,11302,12251,20608,9834,10774,11776,5708,6068,2944,1431,1513,
73615,11778,5671,6107,20610,9977,10633,23554,11303,12251,20610,9836,10774,11776,5708,6068,2944,1431,1513,
73620,11779,5672,6107,20612,9979,10633,23557,11303,12254,20611,9837,10774,11777,5709,6068,2944,1431,1513,
73625,11779,5672,6107,20613,9980,10633,23557,11303,12254,20612,9837,10775,11777,5709,6068,2945,1432,1513,
73630,11780,5673,6107,20614,9981,10633,23558,11303,12255,20613,9838,10775,11779,5709,6070,2945,1432,1513,
73635,11781,5674,6107,20616,9982,10634,23561,11305,12256,20615,9838,10777,11780,5710,6070,2945,1432,1513,
73640,11782,5674,6108,20617,9983,10634,23562,11306,12256,20617,9838,10779,11780,5710,6070,2945,1432,1513,
73645,11783,5675,6108,20619,9984,10635,23565,11307,12258,20618,9838,10780,11781,5710,6071,2945,1432,1513,
73650,11783,5675,6108,20620,9985,10635,23565,11307,12258,20619,9839,10780,11781,5710,6071,2946,1432,1514,
73655,11784,5675,6109,20621,9986,10635,23566,11308,12258,20620,9840,10780,11783,5710,6073,2946,1432,1514,
73660,11785,5676,6109,20623,9987,10636,23569,11311,12258,20622,9841,10781,11784,5710,6074,2946,1432,1514,
73665,11786,5677,6109,20624,9987,10637,23570,11312,12258,20624,9843,10781,11784,5710,6074,2946,1432,1514,
73670,11787,5677,6110,20626,9989,10637,23573,11314,12259,20625,9843,10782,11785,5710,6075,2946,1432,1514,
73675,11787,5677,6110,20627,9990,10637,23573,11314,12259,20626,9843,10783,11785,5710,6075,2947,1433,1514,
73680,11788,5677,6111,20628,9990,10638,23574,11314,12260,20627,9843,10784,11787,5710,6077,2947,1433,1514,
73685,11789,5678,6111,20630,9991,10639,23577,11314,12263,20629,9845,10784,11788,5711,6077,2947,1433,1514,
73690,11790,5679,6111,20631,9992,10639,23578,11314,12264,20631,9846,10785,11788,5711,6077,2947,1433,1514,
73695,11791,5679,6112,20633,9992,10641,23581,11317,12264,20632,9846,10786,11789,5712,6077,2947,1433,1514,
73700,11791,5679,6112,20634,9992,10642,23581,11317,12264,20633,9846,10787,11789,5712,6077,2948,1433,1515,
73705,11792,5679,6113,20635,9993,10642,23582,11318,12264,20634,9847,10787,11791,5713,6078,2948,1433,1515,
73710,11793,5680,6113,20637,9995,10642,23585,11319,12266,20636,9848,10788,11792,5713,6079,2948,1433,1515,
73715,11794,5680,6114,20638,9996,10642,23586,11320,12266,20638,9849,10789,11792,5713,6079,2948,1433,1515,
73720,11795,5681,6114,20640,9996,10644,23589,11322,12267,20639,9849,10790,11793,5714,6079,2948,1433,1515,
73725,11795,5681,6114,20641,9996,10645,23589,11322,12267,20640,9849,10791,11793,5714,6079,2949,1433,1516,
73730,11796,5681,6115,20642,9997,10645,23590,11323,12267,20641,9850,10791,11795,5714,6081,2949,1433,1516,
73735,11797,5682,6115,20644,9997,10647,23593,11324,12269,20643,9851,10792,11796,5714,6082,2949,1433,1516,
73740,11798,5683,6115,20645,9998,10647,23594,11324,12270,20645,9851,10794,11796,5714,6082,2949,1433,1516,
73745,11799,5684,6115,20647,9998,10649,23597,11326,12271,20646,9851,10795,11797,5715,6082,2949,1433,1516,
73750,11799,5684,6115,20648,9999,10649,23597,11326,12271,20647,9851,10796,11797,5715,6082,2950,1434,1516,
73755,11800,5685,6115,20649,9999,10650,23598,11327,12271,20648,9851,10797,11799,5715,6084,2950,1434,1516,
73760,11801,5685,6116,20651,10000,10651,23601,11328,12273,20650,9851,10799,11800,5715,6085,2950,1434,1516,
73765,11802,5685,6117,20652,10001,10651,23602,11329,12273,20652,9852,10800,11800,5715,6085,2950,1434,1516,
73770,11803,5685,6118,20654,10002,10652,23605,11331,12274,20653,9852,10801,11801,5715,6086,2950,1434,1516,
73775,11803,5685,6118,20655,10003,10652,23605,11331,12274,20654,9853,10801,11801,5715,6086,2951,1434,1517,
73780,11804,5685,6119,20656,10003,10653,23606,11332,12274,20655,9854,10801,11803,5717,6086,2951,1434,1517,
73785,11805,5686,6119,20658,10005,10653,23609,11334,12275,20657,9856,10801,11804,5718,6086,2951,1434,1517,
73790,11806,5687,6119,20659,10006,10653,23610,11335,12275,20659,9857,10802,11804,5718,6086,2951,1434,1517,
73795,11807,5688,6119,20661,10007,10654,23613,11337,12276,20660,9857,10803,11805,5718,6087,2951,1434,1517,
73800,11807,5688,6119,20662,10007,10655,23613,11337,12276,20661,9858,10803,11805,5718,6087,2952,1434,1518,
73805,11808,5688,6120,20663,10008,10655,23614,11337,12277,20662,9859,10803,11807,5718,6089,2952,1434,1518,
73810,11809,5688,6121,20665,10008,10657,23617,11340,12277,20664,9860,10804,11808,5719,6089,2952,1434,1518,
73815,11810,5688,6122,20666,10008,10658,23618,11341,12277,20666,9860,10806,11808,5719,6089,2952,1434,1518,
73820,11811,5689,6122,20668,10008,10660,23621,11342,12279,20667,9861,10806,11809,5720,6089,2952,1434,1518,
73825,11811,5689,6122,20669,10009,10660,23621,11342,12279,20668,9861,10807,11809,5720,6089,2953,1435,1518,
73830,11812,5690,6122,20670,10009,10661,23622,11343,12279,20669,9862,10807,11811,5720,6091,2953,1435,1518,
73835,11813,5691,6122,20672,10010,10662,23625,11344,12281,20671,9863,10808,11812,5721,6091,2953,1435,1518,
73840,11814,5691,6123,20673,10011,10662,23626,11345,12281,20673,9865,10808,11812,5721,6091,2953,1435,1518,
73845,11815,5692,6123,20675,10013,10662,23629,11345,12284,20674,9866,10808,11813,5721,6092,2953,1435,1518,
73850,11815,5692,6123,20676,10013,10663,23629,11345,12284,20675,9867,10808,11813,5721,6092,2954,1436,1518,
73855,11816,5692,6124,20677,10013,10664,23630,11346,12284,20676,9868,10808,11815,5721,6094,2954,1436,1518,
73860,11817,5693,6124,20679,10014,10665,23633,11347,12286,20678,9869,10809,11816,5721,6095,2954,1436,1518,
73865,11818,5693,6125,20680,10014,10666,23634,11347,12287,20680,9870,10810,11816,5721,6095,2954,1436,1518,
73870,11819,5693,6126,20682,10014,10668,23637,11349,12288,20681,9870,10811,11817,5722,6095,2954,1436,1518,
73875,11819,5693,6126,20683,10015,10668,23637,11349,12288,20682,9870,10812,11817,5722,6095,2955,1436,1519,
73880,11820,5694,6126,20684,10016,10668,23638,11350,12288,20683,9871,10812,11819,5722,6097,2955,1436,1519,
73885,11821,5694,6127,20686,10017,10669,23641,11350,12291,20685,9873,10812,11820,5723,6097,2955,1436,1519,
73890,11822,5695,6127,20687,10017,10670,23642,11350,12292,20687,9874,10813,11820,5723,6097,2955,1436,1519,
73895,11823,5696,6127,20689,10017,10672,23645,11353,12292,20688,9874,10814,11821,5724,6097,2955,1436,1519,
73900,11823,5696,6127,20690,10018,10672,23645,11353,12292,20689,9874,10815,11821,5724,6097,2956,1436,1520,
73905,11824,5696,6128,20691,10018,10673,23646,11354,12292,20690,9874,10816,11823,5725,6098,2956,1436,1520,
73910,11825,5696,6129,20693,10019,10674,23649,11357,12292,20692,9874,10818,11824,5725,6099,2956,1436,1520,
73915,11826,5697,6129,20694,10020,10674,23650,11358,12292,20694,9874,10820,11824,5725,6099,2956,1436,1520,
73920,11827,5698,6129,20696,10020,10676,23653,11361,12292,20695,9874,10821,11825,5725,6100,2956,1436,1520,
73925,11827,5698,6129,20697,10021,10676,23653,11361,12292,20696,9875,10821,11825,5725,6100,2957,1436,1521,
73930,11828,5698,6130,20698,10022,10676,23654,11362,12292,20697,9876,10821,11827,5725,6102,2957,1436,1521,
73935,11829,5698,6131,20700,10023,10677,23657,11363,12294,20699,9877,10822,11828,5726,6102,2957,1436,1521,
73940,11830,5699,6131,20701,10023,10678,23658,11363,12295,20701,9879,10822,11828,5726,6102,2957,1436,1521,
73945,11831,5700,6131,20703,10023,10680,23661,11364,12297,20702,9879,10823,11829,5726,6103,2957,1436,1521,
73950,11831,5700,6131,20704,10024,10680,23661,11364,12297,20703,9879,10824,11829,5726,6103,2958,1436,1522,
73955,11832,5700,6132,20705,10024,10681,23662,11365,12297,20704,9880,10824,11831,5727,6104,2958,1436,1522,
73960,11833,5701,6132,20707,10025,10682,23665,11368,12297,20706,9881,10825,11832,5727,6105,2958,1436,1522,
73965,11834,5702,6132,20708,10026,10682,23666,11368,12298,20708,9881,10827,11832,5727,6105,2958,1436,1522,
73970,11835,5702,6133,20710,10026,10684,23669,11368,12301,20709,9882,10827,11833,5727,6106,2958,1436,1522,
73975,11835,5702,6133,20711,10027,10684,23669,11368,12301,20710,9882,10828,11833,5727,6106,2959,1436,1523,
73980,11836,5703,6133,20712,10028,10684,23670,11368,12302,20711,9882,10829,11835,5727,6108,2959,1436,1523,
73985,11837,5703,6134,20714,10029,10685,23673,11368,12305,20713,9882,10831,11836,5727,6109,2959,1436,1523,
73990,11838,5704,6134,20715,10029,10686,23674,11369,12305,20715,9884,10831,11836,5727,6109,2959,1436,1523,
73995,11839,5705,6134,20717,10030,10687,23677,11372,12305,20716,9884,10832,11837,5727,6110,2959,1436,1523,
74000,11839,5705,6134,20718,10031,10687,23677,11372,12305,20717,9884,10833,11837,5727,6110,2960,1437,1523,
74005,11840,5705,6135,20719,10032,10687,23678,11373,12305,20718,9884,10834,11839,5728,6111,2960,1437,1523,
74010,11841,5706,6135,20721,10033,10688,23681,11375,12306,20720,9885,10835,11840,5728,6112,2960,1437,1523,
74015,11842,5707,6135,20722,10033,10689,23682,11376,12306,20722,9887,10835,11840,5728,6112,2960,1437,1523,
74020,11843,5707,6136,20724,10035,10689,23685,11377,12308,20723,9888,10835,11841,5728,6113,2960,1437,1523,
74025,11843,5707,6136,20725,10035,10690,23685,11377,12308,20724,9888,10836,11841,5728,6113,2961,1438,1523,
74030,11844,5707,6137,20726,10035,10691,23686,11378,12308,20725,9889,10836,11843,5729,6114,2961,1438,1523,
74035,11845,5708,6137,20728,10037,10691,23689,11378,12311,20727,9890,10837,11844,5729,6115,2961,1438,1523,
74040,11846,5709,6137,20729,10038,10691,23690,11379,12311,20729,9892,10837,11844,5729,6115,2961,1438,1523,
74045,11847,5709,6138,20731,10039,10692,23693,11380,12313,20730,9893,10837,11845,5729,6116,2961,1438,1523,
74050,11847,5709,6138,20732,10040,10692,23693,11380,12313,20731,9894,10837,11845,5729,6116,2962,1438,1524,
74055,11848,5710,6138,20733,10041,10692,23694,11381,12313,20732,9894,10838,11847,5730,6117,2962,1438,1524,
74060,11849,5710,6139,20735,10043,10692,23697,11384,12313,20734,9895,10839,11848,5731,6117,2962,1438,1524,
74065,11850,5710,6140,20736,10044,10692,23698,11384,12314,20736,9895,10841,11848,5731,6117,2962,1438,1524,
74070,11851,5710,6141,20738,10045,10693,23701,11385,12316,20737,9895,10842,11849,5732,6117,2962,1438,1524,
74075,11851,5710,6141,20739,10046,10693,23701,11385,12316,20738,9896,10842,11849,5732,6117,2963,1438,1525,
74080,11852,5710,6142,20740,10046,10694,23702,11385,12317,20739,9897,10842,11851,5734,6117,2963,1438,1525,
74085,11853,5711,6142,20742,10046,10696,23705,11386,12319,20741,9897,10844,11852,5734,6118,2963,1438,1525,
74090,11854,5711,6143,20743,10046,10697,23706,11386,12320,20743,9897,10846,11852,5734,6118,2963,1438,1525,
74095,11855,5712,6143,20745,10046,10699,23709,11388,12321,20744,9897,10847,11853,5734,6119,2963,1438,1525,
74100,11855,5712,6143,20746,10047,10699,23709,11388,12321,20745,9897,10848,11853,5734,6119,2964,1439,1525,
74105,11856,5712,6144,20747,10048,10699,23710,11388,12322,20746,9897,10849,11855,5735,6120,2964,1439,1525,
74110,11857,5713,6144,20749,10050,10699,23713,11390,12323,20748,9898,10850,11856,5735,6121,2964,1439,1525,
74115,11858,5713,6145,20750,10050,10700,23714,11390,12324,20750,9898,10852,11856,5735,6121,2964,1439,1525,
74120,11859,5714,6145,20752,10050,10702,23717,11392,12325,20751,9899,10852,11857,5735,6122,2964,1439,1525,
74125,11859,5714,6145,20753,10051,10702,23717,11392,12325,20752,9900,10852,11857,5735,6122,2965,1440,1525,
74130,11860,5715,6145,20754,10051,10703,23718,11393,12325,20753,9901,10852,11859,5737,6122,2965,1440,1525,
74135,11861,5716,6145,20756,10053,10703,23721,11395,12326,20755,9901,10854,11860,5738,6122,2965,1440,1525,
74140,11862,5717,6145,20757,10054,10703,23722,11395,12327,20757,9901,10856,11860,5738,6122,2965,1440,1525,
74145,11863,5717,6146,20759,10054,10705,23725,11396,12329,20758,9902,10856,11861,5738,6123,2965,1440,1525,
74150,11863,5717,6146,20760,10055,10705,23725,11396,12329,20759,9903,10856,11861,5738,6123,2966,1440,1526,
74155,11864,5717,6147,20761,10055,10706,23726,11396,12330,20760,9903,10857,11863,5739,6124,2966,1440,1526,
74160,11865,5718,6147,20763,10056,10707,23729,11399,12330,20762,9905,10857,11864,5739,6125,2966,1440,1526,
74165,11866,5718,6148,20764,10056,10708,23730,11399,12331,20764,9905,10859,11864,5739,6125,2966,1440,1526,
74170,11867,5719,6148,20766,10057,10709,23733,11401,12332,20765,9906,10859,11865,5739,6126,2966,1440,1526,
74175,11867,5719,6148,20767,10057,10710,23733,11401,12332,20766,9906,10860,11865,5739,6126,2967,1440,1527,
74180,11868,5720,6148,20768,10058,10710,23734,11401,12333,20767,9907,10860,11867,5740,6127,2967,1440,1527,
74185,11869,5721,6148,20770,10059,10711,23737,11401,12336,20769,9908,10861,11868,5741,6127,2967,1440,1527,
74190,11870,5722,6148,20771,10059,10712,23738,11401,12337,20771,9908,10863,11868,5741,6127,2967,1440,1527,
74195,11871,5723,6148,20773,10060,10713,23741,11402,12339,20772,9908,10864,11869,5742,6127,2967,1440,1527,
74200,11871,5723,6148,20774,10060,10714,23741,11402,12339,20773,9908,10865,11869,5742,6127,2968,1440,1528,
74205,11872,5723,6149,20775,10061,10714,23742,11403,12339,20774,9909,10865,11871,5743,6128,2968,1440,1528,
74210,11873,5723,6150,20777,10063,10714,23745,11403,12342,20776,9910,10866,11872,5744,6128,2968,1440,1528,
74215,11874,5723,6151,20778,10064,10714,23746,11404,12342,20778,9911,10867,11872,5744,6128,2968,1440,1528,
74220,11875,5723,6152,20780,10065,10715,23749,11405,12344,20779,9911,10868,11873,5744,6129,2968,1440,1528,
74225,11875,5723,6152,20781,10065,10716,23749,11405,12344,20780,9911,10869,11873,5744,6129,2969,1440,1529,
74230,11876,5723,6153,20782,10066,10716,23750,11405,12345,20781,9911,10870,11875,5746,6129,2969,1440,1529,
74235,11877,5724,6153,20784,10067,10717,23753,11407,12346,20783,9913,10870,11876,5747,6129,2969,1440,1529,
74240,11878,5725,6153,20785,10068,10717,23754,11408,12346,20785,9914,10871,11876,5747,6129,2969,1440,1529,
74245,11879,5726,6153,20787,10068,10719,23757,11408,12349,20786,9914,10872,11877,5748,6129,2969,1440,1529,
74250,11879,5726,6153,20788,10068,10720,23757,11408,12349,20787,9915,10872,11877,5748,6129,2970,1440,1530,
74255,11880,5726,6154,20789,10069,10720,23758,11408,12350,20788,9915,10873,11879,5749,6130,2970,1440,1530,
74260,11881,5726,6155,20791,10069,10722,23761,11408,12353,20790,9917,10873,11880,5749,6131,2970,1440,1530,
74265,11882,5727,6155,20792,10069,10723,23762,11409,12353,20792,9918,10874,11880,5749,6131,2970,1440,1530,
74270,11883,5727,6156,20794,10070,10724,23765,11409,12356,20793,9919,10874,11881,5750,6131,2970,1440,1530,
74275,11883,5727,6156,20795,10071,10724,23765,11409,12356,20794,9919,10875,11881,5750,6131,2971,1441,1530,
74280,11884,5728,6156,20796,10072,10724,23766,11410,12356,20795,9920,10875,11883,5750,6133,2971,1441,1530,
74285,11885,5728,6157,20798,10072,10726,23769,11410,12359,20797,9920,10877,11884,5750,6134,2971,1441,1530,
74290,11886,5728,6158,20799,10072,10727,23770,11411,12359,20799,9921,10878,11884,5750,6134,2971,1441,1530,
74295,11887,5728,6159,20801,10072,10729,23773,11413,12360,20800,9922,10878,11885,5751,6134,2971,1441,1530,
74300,11887,5728,6159,20802,10073,10729,23773,11413,12360,20801,9922,10879,11885,5751,6134,2972,1442,1530,
74305,11888,5728,6160,20803,10074,10729,23774,11414,12360,20802,9922,10880,11887,5752,6135,2972,1442,1530,
74310,11889,5728,6161,20805,10075,10730,23777,11415,12362,20804,9923,10881,11888,5753,6135,2972,1442,1530,
74315,11890,5728,6162,20806,10075,10731,23778,11416,12362,20806,9923,10883,11888,5753,6135,2972,1442,1530,
74320,11891,5729,6162,20808,10075,10733,23781,11418,12363,20807,9923,10884,11889,5753,6136,2972,1442,1530,
74325,11891,5729,6162,20809,10075,10734,23781,11418,12363,20808,9923,10885,11889,5753,6136,2973,1442,1531,
74330,11892,5730,6162,20810,10075,10735,23782,11418,12364,20809,9923,10886,11891,5753,6138,2973,1442,1531,
74335,11893,5730,6163,20812,10076,10736,23785,11420,12365,20811,9924,10887,11892,5753,6139,2973,1442,1531,
74340,11894,5730,6164,20813,10077,10736,23786,11421,12365,20813,9925,10888,11892,5753,6139,2973,1442,1531,
74345,11895,5730,6165,20815,10078,10737,23789,11423,12366,20814,9925,10889,11893,5754,6139,2973,1442,1531,
74350,11895,5730,6165,20816,10079,10737,23789,11423,12366,20815,9926,10889,11893,5754,6139,2974,1443,1531,
74355,11896,5730,6166,20817,10079,10738,23790,11424,12366,20816,9926,10890,11895,5755,6140,2974,1443,1531,
74360,11897,5731,6166,20819,10079,10740,23793,11426,12367,20818,9928,10890,11896,5755,6141,2974,1443,1531,
74365,11898,5731,6167,20820,10080,10740,23794,11427,12367,20820,9929,10891,11896,5755,6141,2974,1443,1531,
74370,11899,5731,6168,20822,10081,10741,23797,11429,12368,20821,9930,10891,11897,5755,6142,2974,1443,1531,
74375,11899,5731,6168,20823,10081,10742,23797,11429,12368,20822,9930,10892,11897,5755,6142,2975,1444,1531,
74380,11900,5731,6169,20824,10082,10742,23798,11429,12369,20823,9930,10893,11899,5757,6142,2975,1444,1531,
74385,11901,5731,6170,20826,10082,10744,23801,11429,12372,20825,9931,10894,11900,5757,6143,2975,1444,1531,
74390,11902,5732,6170,20827,10082,10745,23802,11429,12373,20827,9933,10894,11900,5757,6143,2975,1444,1531,
74395,11903,5732,6171,20829,10082,10747,23805,11431,12374,20828,9933,10895,11901,5758,6143,2975,1444,1531,
74400,11903,5732,6171,20830,10082,10748,23805,11431,12374,20829,9933,10896,11901,5758,6143,2976,1444,1532,
74405,11904,5733,6171,20831,10082,10749,23806,11431,12375,20830,9934,10896,11903,5758,6145,2976,1444,1532,
74410,11905,5733,6172,20833,10082,10751,23809,11432,12377,20832,9935,10897,11904,5758,6146,2976,1444,1532,
74415,11906,5733,6173,20834,10082,10752,23810,11433,12377,20834,9935,10899,11904,5758,6146,2976,1444,1532,
74420,11907,5734,6173,20836,10084,10752,23813,11434,12379,20835,9936,10899,11905,5758,6147,2976,1444,1532,
74425,11907,5734,6173,20837,10084,10753,23813,11434,12379,20836,9937,10899,11905,5758,6147,2977,1445,1532,
74430,11908,5735,6173,20838,10084,10754,23814,11434,12380,20837,9937,10900,11907,5759,6148,2977,1445,1532,
74435,11909,5735,6174,20840,10085,10755,23817,11435,12382,20839,9939,10900,11908,5759,6149,2977,1445,1532,
74440,11910,5735,6175,20841,10085,10756,23818,11435,12383,20841,9941,10900,11908,5759,6149,2977,1445,1532,
74445,11911,5736,6175,20843,10087,10756,23821,11436,12385,20842,9942,10900,11909,5759,6150,2977,1445,1532,
74450,11911,5736,6175,20844,10088,10756,23821,11436,12385,20843,9943,10900,11909,5759,6150,2978,1446,1532,
74455,11912,5737,6175,20845,10089,10756,23822,11436,12386,20844,9943,10901,11911,5761,6150,2978,1446,1532,
74460,11913,5738,6175,20847,10090,10757,23825,11438,12387,20846,9944,10902,11912,5761,6151,2978,1446,1532,
74465,11914,5738,6176,20848,10091,10757,23826,11438,12388,20848,9946,10902,11912,5761,6151,2978,1446,1532,
74470,11915,5738,6177,20850,10091,10759,23829,11440,12389,20849,9947,10902,11913,5761,6152,2978,1446,1532,
74475,11915,5738,6177,20851,10092,10759,23829,11440,12389,20850,9947,10903,11913,5761,6152,2979,1447,1532,
74480,11916,5738,6178,20852,10093,10759,23830,11441,12389,20851,9947,10904,11915,5761,6154,2979,1447,1532,
74485,11917,5738,6179,20854,10094,10760,23833,11442,12391,20853,9949,10904,11916,5761,6155,2979,1447,1532,
74490,11918,5739,6179,20855,10094,10761,23834,11442,12392,20855,9951,10904,11916,5761,6155,2979,1447,1532,
74495,11919,5740,6179,20857,10094,10763,23837,11443,12394,20856,9951,10905,11917,5761,6156,2979,1447,1532,
74500,11919,5740,6179,20858,10095,10763,23837,11443,12394,20857,9951,10906,11917,5761,6156,2980,1448,1532,
74505,11920,5740,6180,20859,10096,10763,23838,11444,12394,20858,9951,10907,11919,5762,6157,2980,1448,1532,
74510,11921,5740,6181,20861,10097,10764,23841,11446,12395,20860,9952,10908,11920,5762,6158,2980,1448,1532,
74515,11922,5740,6182,20862,10098,10764,23842,11446,12396,20862,9954,10908,11920,5762,6158,2980,1448,1532,
74520,11923,5741,6182,20864,10099,10765,23845,11446,12399,20863,9955,10908,11921,5763,6158,2980,1448,1532,
74525,11923,5741,6182,20865,10100,10765,23845,11446,12399,20864,9955,10909,11921,5763,6158,2981,1448,1533,
74530,11924,5742,6182,20866,10101,10765,23846,11447,12399,20865,9956,10909,11923,5763,6160,2981,1448,1533,
74535,11925,5743,6182,20868,10102,10766,23849,11449,12400,20867,9956,10911,11924,5763,6161,2981,1448,1533,
74540,11926,5743,6183,20869,10103,10766,23850,11449,12401,20869,9956,10913,11924,5763,6161,2981,1448,1533,
74545,11927,5744,6183,20871,10103,10768,23853,11450,12403,20870,9956,10914,11925,5764,6161,2981,1448,1533,
74550,11927,5744,6183,20872,10104,10768,23853,11450,12403,20871,9956,10915,11925,5764,6161,2982,1448,1534,
74555,11928,5744,6184,20873,10105,10768,23854,11450,12404,20872,9956,10916,11927,5764,6163,2982,1448,1534,
74560,11929,5745,6184,20875,10106,10769,23857,11452,12405,20874,9957,10917,11928,5764,6164,2982,1448,1534,
74565,11930,5746,6184,20876,10106,10770,23858,11452,12406,20876,9958,10918,11928,5764,6164,2982,1448,1534,
74570,11931,5746,6185,20878,10106,10772,23861,11453,12408,20877,9959,10918,11929,5765,6164,2982,1448,1534,
74575,11931,5746,6185,20879,10106,10773,23861,11453,12408,20878,9959,10919,11929,5765,6164,2983,1448,1535,
74580,11932,5746,6186,20880,10106,10774,23862,11454,12408,20879,9960,10919,11931,5766,6165,2983,1448,1535,
74585,11933,5746,6187,20882,10107,10775,23865,11455,12410,20881,9960,10921,11932,5766,6166,2983,1448,1535,
74590,11934,5746,6188,20883,10108,10775,23866,11455,12411,20883,9961,10922,11932,5766,6166,2983,1448,1535,
74595,11935,5747,6188,20885,10108,10777,23869,11457,12412,20884,9961,10923,11933,5767,6166,2983,1448,1535,
74600,11935,5747,6188,20886,10109,10777,23869,11457,12412,20885,9962,10923,11933,5767,6166,2984,1448,1536,
74605,11936,5748,6188,20887,10110,10777,23870,11458,12412,20886,9962,10924,11935,5769,6166,2984,1448,1536,
74610,11937,5749,6188,20889,10111,10778,23873,11459,12414,20888,9962,10926,11936,5769,6167,2984,1448,1536,
74615,11938,5750,6188,20890,10112,10778,23874,11459,12415,20890,9964,10926,11936,5769,6167,2984,1448,1536,
74620,11939,5751,6188,20892,10113,10779,23877,11462,12415,20891,9964,10927,11937,5769,6168,2984,1448,1536,
74625,11939,5751,6188,20893,10114,10779,23877,11462,12415,20892,9965,10927,11937,5769,6168,2985,1448,1537,
74630,11940,5751,6189,20894,10115,10779,23878,11462,12416,20893,9966,10927,11939,5771,6168,2985,1448,1537,
74635,11941,5752,6189,20896,10115,10781,23881,11462,12419,20895,9966,10929,11940,5771,6169,2985,1448,1537,
74640,11942,5752,6190,20897,10115,10782,23882,11462,12420,20897,9968,10929,11940,5771,6169,2985,1448,1537,
74645,11943,5753,6190,20899,10116,10783,23885,11463,12422,20898,9969,10929,11941,5771,6170,2985,1448,1537,
74650,11943,5753,6190,20900,10117,10783,23885,11463,12422,20899,9969,10930,11941,5771,6170,2986,1449,1537,
74655,11944,5754,6190,20901,10118,10783,23886,11464,12422,20900,9969,10931,11943,5772,6171,2986,1449,1537,
74660,11945,5754,6191,20903,10119,10784,23889,11465,12424,20902,9971,10931,11944,5773,6171,2986,1449,1537,
74665,11946,5754,6192,20904,10120,10784,23890,11465,12425,20904,9973,10931,11944,5773,6171,2986,1449,1537,
74670,11947,5754,6193,20906,10122,10784,23893,11467,12426,20905,9973,10932,11945,5773,6172,2986,1449,1537,
74675,11947,5754,6193,20907,10122,10785,23893,11467,12426,20906,9973,10933,11945,5773,6172,2987,1449,1538,
74680,11948,5755,6193,20908,10123,10785,23894,11468,12426,20907,9974,10933,11947,5773,6174,2987,1449,1538,
74685,11949,5755,6194,20910,10123,10787,23897,11468,12429,20909,9975,10934,11948,5774,6174,2987,1449,1538,
74690,11950,5756,6194,20911,10123,10788,23898,11469,12429,20911,9976,10935,11948,5774,6174,2987,1449,1538,
74695,11951,5756,6195,20913,10125,10788,23901,11470,12431,20912,9976,10936,11949,5774,6175,2987,1449,1538,
74700,11951,5756,6195,20914,10125,10789,23901,11470,12431,20913,9977,10936,11949,5774,6175,2988,1449,1539,
74705,11952,5757,6195,20915,10125,10790,23902,11471,12431,20914,9977,10937,11951,5776,6175,2988,1449,1539,
74710,11953,5757,6196,20917,10125,10792,23905,11473,12432,20916,9978,10938,11952,5776,6176,2988,1449,1539,
74715,11954,5757,6197,20918,10126,10792,23906,11473,12433,20918,9978,10940,11952,5776,6176,2988,1449,1539,
74720,11955,5757,6198,20920,10127,10793,23909,11474,12435,20919,9978,10941,11953,5776,6177,2988,1449,1539,
74725,11955,5757,6198,20921,10127,10794,23909,11474,12435,20920,9978,10942,11953,5776,6177,2989,1449,1540,
74730,11956,5758,6198,20922,10128,10794,23910,11474,12436,20921,9978,10943,11955,5776,6179,2989,1449,1540,
74735,11957,5758,6199,20924,10129,10795,23913,11475,12438,20923,9979,10944,11956,5776,6180,2989,1449,1540,
74740,11958,5758,6200,20925,10129,10796,23914,11476,12438,20925,9980,10945,11956,5776,6180,2989,1449,1540,
74745,11959,5758,6201,20927,10131,10796,23917,11478,12439,20926,9981,10945,11957,5777,6180,2989,1449,1540,
74750,11959,5758,6201,20928,10131,10797,23917,11478,12439,20927,9982,10945,11957,5777,6180,2990,1449,1541,
74755,11960,5758,6202,20929,10131,10798,23918,11478,12440,20928,9983,10945,11959,5777,6182,2990,1449,1541,
74760,11961,5758,6203,20931,10132,10799,23921,11480,12441,20930,9985,10945,11960,5778,6182,2990,1449,1541,
74765,11962,5759,6203,20932,10132,10800,23922,11480,12442,20932,9985,10947,11960,5778,6182,2990,1449,1541,
74770,11963,5759,6204,20934,10134,10800,23925,11481,12444,20933,9985,10948,11961,5779,6182,2990,1449,1541,
74775,11963,5759,6204,20935,10135,10800,23925,11481,12444,20934,9985,10949,11961,5779,6182,2991,1449,1542,
74780,11964,5759,6205,20936,10135,10801,23926,11482,12444,20935,9986,10949,11963,5780,6183,2991,1449,1542,
74785,11965,5759,6206,20938,10135,10803,23929,11483,12446,20937,9986,10951,11964,5781,6183,2991,1449,1542,
74790,11966,5759,6207,20939,10135,10804,23930,11483,12447,20939,9987,10952,11964,5781,6183,2991,1449,1542,
74795,11967,5759,6208,20941,10136,10805,23933,11484,12449,20940,9987,10953,11965,5782,6183,2991,1449,1542,
74800,11967,5759,6208,20942,10136,10806,23933,11484,12449,20941,9988,10953,11965,5782,6183,2992,1450,1542,
74805,11968,5760,6208,20943,10137,10806,23934,11485,12449,20942,9988,10954,11967,5783,6184,2992,1450,1542,
74810,11969,5760,6209,20945,10138,10807,23937,11486,12451,20944,9988,10956,11968,5783,6185,2992,1450,1542,
74815,11970,5761,6209,20946,10138,10808,23938,11487,12451,20946,9990,10956,11968,5783,6185,2992,1450,1542,
74820,11971,5761,6210,20948,10139,10809,23941,11488,12453,20947,9990,10957,11969,5783,6186,2992,1450,1542,
74825,11971,5761,6210,20949,10140,10809,23941,11488,12453,20948,9990,10958,11969,5783,6186,2993,1450,1543,
74830,11972,5761,6211,20950,10140,10810,23942,11488,12454,20949,9991,10958,11971,5783,6188,2993,1450,1543,
74835,11973,5762,6211,20952,10141,10811,23945,11490,12455,20951,9993,10958,11972,5784,6188,2993,1450,1543,
74840,11974,5763,6211,20953,10141,10812,23946,11490,12456,20953,9993,10960,11972,5784,6188,2993,1450,1543,
74845,11975,5764,6211,20955,10142,10813,23949,11492,12457,20954,9993,10961,11973,5784,6189,2993,1450,1543,
74850,11975,5764,6211,20956,10142,10814,23949,11492,12457,20955,9994,10961,11973,5784,6189,2994,1450,1544,
74855,11976,5764,6212,20957,10142,10815,23950,11493,12457,20956,9994,10962,11975,5784,6191,2994,1450,1544,
74860,11977,5764,6213,20959,10143,10816,23953,11494,12459,20958,9995,10963,11976,5784,6192,2994,1450,1544,
74865,11978,5764,6214,20960,10143,10817,23954,11495,12459,20960,9997,10963,11976,5784,6192,2994,1450,1544,
74870,11979,5765,6214,20962,10143,10819,23957,11497,12460,20961,9998,10963,11977,5784,6193,2994,1450,1544,
74875,11979,5765,6214,20963,10144,10819,23957,11497,12460,20962,9998,10964,11977,5784,6193,2995,1451,1544,
74880,11980,5766,6214,20964,10145,10819,23958,11498,12460,20963,9999,10964,11979,5784,6195,2995,1451,1544,
74885,11981,5766,6215,20966,10146,10820,23961,11500,12461,20965,9999,10966,11980,5784,6196,2995,1451,1544,
74890,11982,5766,6216,20967,10146,10821,23962,11500,12462,20967,9999,10968,11980,5784,6196,2995,1451,1544,
74895,11983,5766,6217,20969,10147,10822,23965,11501,12464,20968,10000,10968,11981,5785,6196,2995,1451,1544,
74900,11983,5766,6217,20970,10148,10822,23965,11501,12464,20969,10000,10969,11981,5785,6196,2996,1451,1545,
74905,11984,5766,6218,20971,10148,10823,23966,11501,12465,20970,10001,10969,11983,5785,6198,2996,1451,1545,
74910,11985,5766,6219,20973,10150,10823,23969,11503,12466,20972,10003,10969,11984,5785,6199,2996,1451,1545,
74915,11986,5766,6220,20974,10151,10823,23970,11504,12466,20974,10004,10970,11984,5785,6199,2996,1451,1545,
74920,11987,5767,6220,20976,10151,10825,23973,11504,12469,20975,10004,10971,11985,5786,6199,2996,1451,1545,
74925,11987,5767,6220,20977,10151,10826,23973,11504,12469,20976,10005,10971,11985,5786,6199,2997,1452,1545,
74930,11988,5768,6220,20978,10151,10827,23974,11504,12470,20977,10006,10971,11987,5787,6200,2997,1452,1545,
74935,11989,5769,6220,20980,10153,10827,23977,11506,12471,20979,10006,10973,11988,5787,6201,2997,1452,1545,
74940,11990,5769,6221,20981,10154,10827,23978,11506,12472,20981,10006,10975,11988,5787,6201,2997,1452,1545,
74945,11991,5769,6222,20983,10156,10827,23981,11507,12474,20982,10006,10976,11989,5788,6201,2997,1452,1545,
74950,11991,5769,6222,20984,10157,10827,23981,11507,12474,20983,10007,10976,11989,5788,6201,2998,1452,1546,
74955,11992,5769,6223,20985,10157,10828,23982,11507,12475,20984,10008,10976,11991,5788,6203,2998,1452,1546,
74960,11993,5769,6224,20987,10159,10828,23985,11508,12477,20986,10008,10978,11992,5789,6203,2998,1452,1546,
74965,11994,5770,6224,20988,10159,10829,23986,11509,12477,20988,10008,10980,11992,5789,6203,2998,1452,1546,
74970,11995,5770,6225,20990,10160,10830,23989,11511,12478,20989,10008,10981,11993,5790,6203,2998,1452,1546,
74975,11995,5770,6225,20991,10160,10831,23989,11511,12478,20990,10009,10981,11993,5790,6203,2999,1453,1546,
74980,11996,5771,6225,20992,10161,10831,23990,11512,12478,20991,10010,10981,11995,5792,6203,2999,1453,1546,
74985,11997,5771,6226,20994,10162,10832,23993,11515,12478,20993,10010,10983,11996,5792,6204,2999,1453,1546,
74990,11998,5771,6227,20995,10162,10833,23994,11515,12479,20995,10010,10985,11996,5792,6204,2999,1453,1546,
74995,11999,5771,6228,20997,10162,10835,23997,11517,12480,20996,10010,10986,11997,5792,6205,2999,1453,1546,
75000,11999,5771,6228,20998,10163,10835,23997,11517,12480,20997,10010,10987,11997,5792,6205,3000,1453,1547,
75005,12000,5772,6228,20999,10164,10835,23998,11517,12481,20998,10010,10988,11999,5794,6205,3000,1453,1547,
75010,12001,5772,6229,21001,10165,10836,24001,11517,12484,21000,10010,10990,12000,5795,6205,3000,1453,1547,
75015,12002,5772,6230,21002,10165,10837,24002,11517,12485,21002,10010,10992,12000,5795,6205,3000,1453,1547,
75020,12003,5772,6231,21004,10167,10837,24005,11518,12487,21003,10011,10992,12001,5795,6206,3000,1453,1547,
75025,12003,5772,6231,21005,10167,10838,24005,11518,12487,21004,10011,10993,12001,5795,6206,3001,1454,1547,
75030,12004,5773,6231,21006,10167,10839,24006,11518,12488,21005,10011,10994,12003,5796,6207,3001,1454,1547,
75035,12005,5774,6231,21008,10168,10840,24009,11519,12490,21007,10012,10995,12004,5796,6208,3001,1454,1547,
75040,12006,5774,6232,21009,10168,10841,24010,11519,12491,21009,10013,10996,12004,5796,6208,3001,1454,1547,
75045,12007,5774,6233,21011,10170,10841,24013,11521,12492,21010,10013,10997,12005,5796,6209,3001,1454,1547,
75050,12007,5774,6233,21012,10170,10842,24013,11521,12492,21011,10013,10998,12005,5796,6209,3002,1455,1547,
75055,12008,5774,6234,21013,10171,10842,24014,11522,12492,21012,10013,10999,12007,5797,6210,3002,1455,1547,
75060,12009,5774,6235,21015,10173,10842,24017,11525,12492,21014,10014,11000,12008,5797,6211,3002,1455,1547,
75065,12010,5774,6236,21016,10173,10843,24018,11526,12492,21016,10015,11001,12008,5797,6211,3002,1455,1547,
75070,12011,5775,6236,21018,10174,10844,24021,11527,12494,21017,10016,11001,12009,5797,6212,3002,1455,1547,
75075,12011,5775,6236,21019,10174,10845,24021,11527,12494,21018,10017,11001,12009,5797,6212,3003,1455,1548,
75080,12012,5775,6237,21020,10175,10845,24022,11528,12494,21019,10018,11001,12011,5798,6213,3003,1455,1548,
75085,12013,5775,6238,21022,10176,10846,24025,11529,12496,21021,10020,11001,12012,5799,6213,3003,1455,1548,
75090,12014,5776,6238,21023,10177,10846,24026,11530,12496,21023,10022,11001,12012,5799,6213,3003,1455,1548,
75095,12015,5777,6238,21025,10179,10846,24029,11530,12499,21024,10022,11002,12013,5799,6214,3003,1455,1548,
75100,12015,5777,6238,21026,10179,10847,24029,11530,12499,21025,10023,11002,12013,5799,6214,3004,1455,1549,
75105,12016,5777,6239,21027,10179,10848,24030,11531,12499,21026,10024,11002,12015,5800,6215,3004,1455,1549,
75110,12017,5777,6240,21029,10180,10849,24033,11533,12500,21028,10025,11003,12016,5800,6216,3004,1455,1549,
75115,12018,5778,6240,21030,10181,10849,24034,11533,12501,21030,10025,11005,12016,5800,6216,3004,1455,1549,
75120,12019,5779,6240,21032,10181,10851,24037,11535,12502,21031,10026,11005,12017,5801,6216,3004,1455,1549,
75125,12019,5779,6240,21033,10181,10852,24037,11535,12502,21032,10026,11006,12017,5801,6216,3005,1455,1550,
75130,12020,5779,6241,21034,10181,10853,24038,11535,12503,21033,10027,11006,12019,5802,6217,3005,1455,1550,
75135,12021,5779,6242,21036,10181,10855,24041,11537,12504,21035,10027,11008,12020,5803,6217,3005,1455,1550,
75140,12022,5779,6243,21037,10182,10855,24042,11537,12505,21037,10029,11008,12020,5803,6217,3005,1455,1550,
75145,12023,5780,6243,21039,10184,10855,24045,11539,12506,21038,10030,11008,12021,5803,6218,3005,1455,1550,
75150,12023,5780,6243,21040,10184,10856,24045,11539,12506,21039,10030,11009,12021,5803,6218,3006,1456,1550,
75155,12024,5780,6244,21041,10185,10856,24046,11540,12506,21040,10030,11010,12023,5805,6218,3006,1456,1550,
75160,12025,5780,6245,21043,10185,10858,24049,11541,12508,21042,10031,11011,12024,5805,6219,3006,1456,1550,
75165,12026,5781,6245,21044,10185,10859,24050,11541,12509,21044,10031,11013,12024,5805,6219,3006,1456,1550,
75170,12027,5782,6245,21046,10186,10860,24053,11544,12509,21045,10031,11014,12025,5806,6219,3006,1456,1550,
75175,12027,5782,6245,21047,10187,10860,24053,11544,12509,21046,10032,11014,12025,5806,6219,3007,1456,1551,
75180,12028,5783,6245,21048,10187,10861,24054,11545,12509,21047,10032,11015,12027,5808,6219,3007,1456,1551,
75185,12029,5783,6246,21050,10187,10863,24057,11545,12512,21049,10033,11016,12028,5809,6219,3007,1456,1551,
75190,12030,5784,6246,21051,10187,10864,24058,11545,12513,21051,10033,11018,12028,5809,6219,3007,1456,1551,
75195,12031,5784,6247,21053,10188,10865,24061,11547,12514,21052,10034,11018,12029,5810,6219,3007,1456,1551,
75200,12031,5784,6247,21054,10189,10865,24061,11547,12514,21053,10035,11018,12029,5810,6219,3008,1456,1552,
75205,12032,5785,6247,21055,10189,10866,24062,11547,12515,21054,10036,11018,12031,5810,6221,3008,1456,1552,
75210,12033,5786,6247,21057,10191,10866,24065,11547,12518,21056,10036,11020,12032,5811,6221,3008,1456,1552,
75215,12034,5786,6248,21058,10192,10866,24066,11548,12518,21058,10038,11020,12032,5811,6221,3008,1456,1552,
75220,12035,5786,6249,21060,10193,10867,24069,11551,12518,21059,10038,11021,12033,5811,6222,3008,1456,1552,
75225,12035,5786,6249,21061,10193,10868,24069,11551,12518,21060,10038,11022,12033,5811,6222,3009,1457,1552,
75230,12036,5786,6250,21062,10194,10868,24070,11552,12518,21061,10039,11022,12035,5813,6222,3009,1457,1552,
75235,12037,5786,6251,21064,10196,10868,24073,11552,12521,21063,10040,11023,12036,5814,6222,3009,1457,1552,
75240,12038,5786,6252,21065,10196,10869,24074,11553,12521,21065,10040,11025,12036,5814,6222,3009,1457,1552,
75245,12039,5786,6253,21067,10198,10869,24077,11556,12521,21066,10040,11026,12037,5814,6223,3009,1457,1552,
75250,12039,5786,6253,21068,10199,10869,24077,11556,12521,21067,10040,11027,12037,5814,6223,3010,1458,1552,
75255,12040,5786,6254,21069,10200,10869,24078,11557,12521,21068,10040,11028,12039,5816,6223,3010,1458,1552,
75260,12041,5786,6255,21071,10201,10870,24081,11559,12522,21070,10041,11029,12040,5817,6223,3010,1458,1552,
75265,12042,5786,6256,21072,10202,10870,24082,11559,12523,21072,10041,11031,12040,5817,6223,3010,1458,1552,
75270,12043,5786,6257,21074,10204,10870,24085,11561,12524,21073,10041,11032,12041,5818,6223,3010,1458,1552,
75275,12043,5786,6257,21075,10204,10871,24085,11561,12524,21074,10041,11033,12041,5818,6223,3011,1459,1552,
75280,12044,5786,6258,21076,10204,10872,24086,11562,12524,21075,10042,11033,12043,5819,6224,3011,1459,1552,
75285,12045,5786,6259,21078,10204,10874,24089,11563,12526,21077,10043,11034,12044,5819,6225,3011,1459,1552,
75290,12046,5786,6260,21079,10205,10874,24090,11564,12526,21079,10045,11034,12044,5819,6225,3011,1459,1552,
75295,12047,5786,6261,21081,10207,10874,24093,11566,12527,21080,10045,11035,12045,5820,6225,3011,1459,1552,
75300,12047,5786,6261,21082,10207,10875,24093,11566,12527,21081,10046,11035,12045,5820,6225,3012,1460,1552,
75305,12048,5787,6261,21083,10207,10876,24094,11566,12528,21082,10046,11036,12047,5821,6226,3012,1460,1552,
75310,12049,5787,6262,21085,10209,10876,24097,11568,12529,21084,10047,11037,12048,5821,6227,3012,1460,1552,
75315,12050,5788,6262,21086,10209,10877,24098,11569,12529,21086,10047,11039,12048,5821,6227,3012,1460,1552,
75320,12051,5788,6263,21088,10211,10877,24101,11571,12530,21087,10048,11039,12049,5821,6228,3012,1460,1552,
75325,12051,5788,6263,21089,10212,10877,24101,11571,12530,21088,10048,11040,12049,5821,6228,3013,1460,1553,
75330,12052,5789,6263,21090,10213,10877,24102,11572,12530,21089,10049,11040,12051,5822,6229,3013,1460,1553,
75335,12053,5789,6264,21092,10213,10879,24105,11574,12531,21091,10050,11041,12052,5823,6229,3013,1460,1553,
75340,12054,5790,6264,21093,10214,10879,24106,11574,12532,21093,10052,11041,12052,5823,6229,3013,1460,1553,
75345,12055,5791,6264,21095,10216,10879,24109,11575,12534,21094,10053,11041,12053,5823,6230,3013,1460,1553,
75350,12055,5791,6264,21096,10217,10879,24109,11575,12534,21095,10053,11042,12053,5823,6230,3014,1461,1553,
75355,12056,5791,6265,21097,10217,10880,24110,11576,12534,21096,10053,11043,12055,5823,6232,3014,1461,1553,
75360,12057,5791,6266,21099,10217,10882,24113,11578,12535,21098,10054,11044,12056,5823,6233,3014,1461,1553,
75365,12058,5792,6266,21100,10217,10883,24114,11578,12536,21100,10055,11045,12056,5823,6233,3014,1461,1553,
75370,12059,5792,6267,21102,10218,10884,24117,11579,12538,21101,10056,11045,12057,5823,6234,3014,1461,1553,
75375,12059,5792,6267,21103,10219,10884,24117,11579,12538,21102,10057,11045,12057,5823,6234,3015,1461,1554,
75380,12060,5792,6268,21104,10220,10884,24118,11579,12539,21103,10058,11045,12059,5825,6234,3015,1461,1554,
75385,12061,5792,6269,21106,10221,10885,24121,11582,12539,21105,10059,11046,12060,5826,6234,3015,1461,1554,
75390,12062,5793,6269,21107,10222,10885,24122,11583,12539,21107,10060,11047,12060,5826,6234,3015,1461,1554,
75395,12063,5794,6269,21109,10224,10885,24125,11584,12541,21108,10060,11048,12061,5827,6234,3015,1461,1554,
75400,12063,5794,6269,21110,10225,10885,24125,11584,12541,21109,10061,11048,12061,5827,6234,3016,1462,1554,
75405,12064,5794,6270,21111,10225,10886,24126,11585,12541,21110,10062,11048,12063,5827,6236,3016,1462,1554,
75410,12065,5794,6271,21113,10226,10887,24129,11586,12543,21112,10063,11049,12064,5827,6237,3016,1462,1554,
75415,12066,5795,6271,21114,10226,10888,24130,11587,12543,21114,10064,11050,12064,5827,6237,3016,1462,1554,
75420,12067,5796,6271,21116,10227,10889,24133,11589,12544,21115,10065,11050,12065,5828,6237,3016,1462,1554,
75425,12067,5796,6271,21117,10228,10889,24133,11589,12544,21116,10066,11050,12065,5828,6237,3017,1462,1555,
75430,12068,5796,6272,21118,10228,10890,24134,11590,12544,21117,10067,11050,12067,5829,6238,3017,1462,1555,
75435,12069,5796,6273,21120,10229,10891,24137,11591,12546,21119,10068,11051,12068,5830,6238,3017,1462,1555,
75440,12070,5797,6273,21121,10229,10892,24138,11592,12546,21121,10069,11052,12068,5830,6238,3017,1462,1555,
75445,12071,5798,6273,21123,10231,10892,24141,11593,12548,21122,10070,11052,12069,5831,6238,3017,1462,1555,
75450,12071,5798,6273,21124,10232,10892,24141,11593,12548,21123,10071,11052,12069,5831,6238,3018,1462,1556,
75455,12072,5799,6273,21125,10232,10893,24142,11594,12548,21124,10072,11052,12071,5832,6239,3018,1462,1556,
75460,12073,5800,6273,21127,10233,10894,24145,11596,12549,21126,10072,11054,12072,5833,6239,3018,1462,1556,
75465,12074,5801,6273,21128,10233,10895,24146,11596,12550,21128,10073,11055,12072,5833,6239,3018,1462,1556,
75470,12075,5801,6274,21130,10235,10895,24149,11597,12552,21129,10073,11056,12073,5834,6239,3018,1462,1556,
75475,12075,5801,6274,21131,10235,10896,24149,11597,12552,21130,10074,11056,12073,5834,6239,3019,1463,1556,
75480,12076,5802,6274,21132,10235,10897,24150,11598,12552,21131,10074,11057,12075,5835,6240,3019,1463,1556,
75485,12077,5802,6275,21134,10236,10898,24153,11600,12553,21133,10075,11058,12076,5836,6240,3019,1463,1556,
75490,12078,5802,6276,21135,10237,10898,24154,11601,12553,21135,10077,11058,12076,5836,6240,3019,1463,1556,
75495,12079,5803,6276,21137,10238,10899,24157,11602,12555,21136,10077,11059,12077,5836,6241,3019,1463,1556,
75500,12079,5803,6276,21138,10238,10900,24157,11602,12555,21137,10078,11059,12077,5836,6241,3020,1463,1557,
75505,12080,5804,6276,21139,10239,10900,24158,11602,12556,21138,10078,11060,12079,5837,6242,3020,1463,1557,
75510,12081,5805,6276,21141,10240,10901,24161,11603,12558,21140,10079,11061,12080,5837,6243,3020,1463,1557,
75515,12082,5806,6276,21142,10240,10902,24162,11603,12559,21142,10081,11061,12080,5837,6243,3020,1463,1557,
75520,12083,5807,6276,21144,10241,10903,24165,11603,12562,21143,10081,11062,12081,5838,6243,3020,1463,1557,
75525,12083,5807,6276,21145,10242,10903,24165,11603,12562,21144,10081,11063,12081,5838,6243,3021,1463,1558,
75530,12084,5808,6276,21146,10242,10904,24166,11603,12563,21145,10081,11064,12083,5838,6245,3021,1463,1558,
75535,12085,5808,6277,21148,10243,10905,24169,11604,12565,21147,10082,11065,12084,5838,6246,3021,1463,1558,
75540,12086,5808,6278,21149,10244,10905,24170,11605,12565,21149,10083,11066,12084,5838,6246,3021,1463,1558,
75545,12087,5808,6279,21151,10245,10906,24173,11607,12566,21150,10084,11066,12085,5838,6247,3021,1463,1558,
75550,12087,5808,6279,21152,10246,10906,24173,11607,12566,21151,10084,11067,12085,5838,6247,3022,1464,1558,
75555,12088,5809,6279,21153,10246,10907,24174,11607,12567,21152,10084,11068,12087,5840,6247,3022,1464,1558,
75560,12089,5809,6280,21155,10248,10907,24177,11609,12568,21154,10086,11068,12088,5841,6247,3022,1464,1558,
75565,12090,5810,6280,21156,10248,10908,24178,11610,12568,21156,10086,11070,12088,5841,6247,3022,1464,1558,
75570,12091,5811,6280,21158,10250,10908,24181,11610,12571,21157,10086,11071,12089,5842,6247,3022,1464,1558,
75575,12091,5811,6280,21159,10250,10909,24181,11610,12571,21158,10086,11072,12089,5842,6247,3023,1465,1558,
75580,12092,5812,6280,21160,10251,10909,24182,11610,12572,21159,10086,11073,12091,5843,6248,3023,1465,1558,
75585,12093,5813,6280,21162,10251,10911,24185,11611,12574,21161,10088,11073,12092,5843,6249,3023,1465,1558,
75590,12094,5814,6280,21163,10251,10912,24186,11612,12574,21163,10089,11074,12092,5843,6249,3023,1465,1558,
75595,12095,5814,6281,21165,10252,10913,24189,11613,12576,21164,10090,11074,12093,5844,6249,3023,1465,1558,
75600,12095,5814,6281,21166,10253,10913,24189,11613,12576,21165,10090,11075,12093,5844,6249,3024,1466,1558,
75605,12096,5814,6282,21167,10253,10914,24190,11613,12577,21166,10091,11075,12095,5846,6249,3024,1466,1558,
75610,12097,5814,6283,21169,10254,10915,24193,11615,12578,21168,10092,11076,12096,5846,6250,3024,1466,1558,
75615,12098,5815,6283,21170,10255,10915,24194,11616,12578,21170,10093,11077,12096,5846,6250,3024,1466,1558,
75620,12099,5815,6284,21172,10257,10915,24197,11617,12580,21171,10094,11077,12097,5846,6251,3024,1466,1558,
75625,12099,5815,6284,21173,10257,10916,24197,11617,12580,21172,10095,11077,12097,5846,6251,3025,1467,1558,
75630,12100,5816,6284,21174,10257,10917,24198,11617,12581,21173,10095,11078,12099,5846,6253,3025,1467,1558,
75635,12101,5816,6285,21176,10257,10919,24201,11619,12582,21175,10097,11078,12100,5846,6254,3025,1467,1558,
75640,12102,5817,6285,21177,10257,10920,24202,11619,12583,21177,10097,11080,12100,5846,6254,3025,1467,1558,
75645,12103,5817,6286,21179,10259,10920,24205,11619,12586,21178,10098,11080,12101,5847,6254,3025,1467,1558,
75650,12103,5817,6286,21180,10260,10920,24205,11619,12586,21179,10099,11080,12101,5847,6254,3026,1467,1559,
75655,12104,5818,6286,21181,10261,10920,24206,11619,12587,21180,10099,11081,12103,5849,6254,3026,1467,1559,
75660,12105,5818,6287,21183,10262,10921,24209,11621,12588,21182,10101,11081,12104,5850,6254,3026,1467,1559,
75665,12106,5818,6288,21184,10263,10921,24210,11622,12588,21184,10102,11082,12104,5850,6254,3026,1467,1559,
75670,12107,5818,6289,21186,10264,10922,24213,11624,12589,21185,10103,11082,12105,5850,6255,3026,1467,1559,
75675,12107,5818,6289,21187,10265,10922,24213,11624,12589,21186,10103,11083,12105,5850,6255,3027,1468,1559,
75680,12108,5819,6289,21188,10265,10923,24214,11624,12590,21187,10104,11083,12107,5850,6257,3027,1468,1559,
75685,12109,5819,6290,21190,10265,10925,24217,11624,12593,21189,10106,11083,12108,5851,6257,3027,1468,1559,
75690,12110,5819,6291,21191,10266,10925,24218,11624,12594,21191,10106,11085,12108,5851,6257,3027,1468,1559,
75695,12111,5819,6292,21193,10267,10926,24221,11624,12597,21192,10106,11086,12109,5852,6257,3027,1468,1559,
75700,12111,5819,6292,21194,10268,10926,24221,11624,12597,21193,10106,11087,12109,5852,6257,3028,1468,1560,
75705,12112,5819,6293,21195,10269,10926,24222,11625,12597,21194,10106,11088,12111,5852,6259,3028,1468,1560,
75710,12113,5819,6294,21197,10271,10926,24225,11627,12598,21196,10108,11088,12112,5853,6259,3028,1468,1560,
75715,12114,5820,6294,21198,10271,10927,24226,11628,12598,21198,10110,11088,12112,5853,6259,3028,1468,1560,
75720,12115,5820,6295,21200,10272,10928,24229,11631,12598,21199,10111,11088,12113,5853,6260,3028,1468,1560,
75725,12115,5820,6295,21201,10272,10929,24229,11631,12598,21200,10111,11089,12113,5853,6260,3029,1469,1560,
75730,12116,5820,6296,21202,10273,10929,24230,11632,12598,21201,10112,11089,12115,5855,6260,3029,1469,1560,
75735,12117,5821,6296,21204,10275,10929,24233,11634,12599,21203,10113,11090,12116,5856,6260,3029,1469,1560,
75740,12118,5822,6296,21205,10276,10929,24234,11634,12600,21205,10115,11090,12116,5856,6260,3029,1469,1560,
75745,12119,5822,6297,21207,10276,10931,24237,11634,12603,21206,10116,11090,12117,5856,6261,3029,1469,1560,
75750,12119,5822,6297,21208,10276,10932,24237,11634,12603,21207,10116,11091,12117,5856,6261,3030,1469,1561,
75755,12120,5823,6297,21209,10276,10933,24238,11634,12604,21208,10117,11091,12119,5857,6262,3030,1469,1561,
75760,12121,5824,6297,21211,10278,10933,24241,11636,12605,21210,10119,11091,12120,5857,6263,3030,1469,1561,
75765,12122,5824,6298,21212,10279,10933,24242,11636,12606,21212,10120,11092,12120,5857,6263,3030,1469,1561,
75770,12123,5824,6299,21214,10281,10933,24245,11637,12608,21213,10121,11092,12121,5857,6264,3030,1469,1561,
75775,12123,5824,6299,21215,10281,10934,24245,11637,12608,21214,10122,11092,12121,5857,6264,3031,1470,1561,
75780,12124,5824,6300,21216,10282,10934,24246,11638,12608,21215,10123,11092,12123,5857,6266,3031,1470,1561,
75785,12125,5824,6301,21218,10283,10935,24249,11639,12610,21217,10124,11093,12124,5858,6266,3031,1470,1561,
75790,12126,5824,6302,21219,10283,10936,24250,11640,12610,21219,10125,11094,12124,5858,6266,3031,1470,1561,
75795,12127,5825,6302,21221,10284,10937,24253,11642,12611,21220,10125,11095,12125,5858,6267,3031,1470,1561,
75800,12127,5825,6302,21222,10285,10937,24253,11642,12611,21221,10126,11095,12125,5858,6267,3032,1470,1562,
75805,12128,5826,6302,21223,10285,10938,24254,11643,12611,21222,10126,11096,12127,5858,6269,3032,1470,1562,
75810,12129,5826,6303,21225,10286,10939,24257,11646,12611,21224,10127,11097,12128,5858,6270,3032,1470,1562,
75815,12130,5826,6304,21226,10287,10939,24258,11647,12611,21226,10129,11097,12128,5858,6270,3032,1470,1562,
75820,12131,5826,6305,21228,10288,10940,24261,11648,12613,21227,10130,11097,12129,5859,6270,3032,1470,1562,
75825,12131,5826,6305,21229,10288,10941,24261,11648,12613,21228,10130,11098,12129,5859,6270,3033,1471,1562,
75830,12132,5827,6305,21230,10288,10942,24262,11648,12614,21229,10131,11098,12131,5861,6270,3033,1471,1562,
75835,12133,5828,6305,21232,10289,10943,24265,11648,12617,21231,10131,11100,12132,5862,6270,3033,1471,1562,
75840,12134,5828,6306,21233,10290,10943,24266,11648,12618,21233,10133,11100,12132,5862,6270,3033,1471,1562,
75845,12135,5829,6306,21235,10291,10944,24269,11649,12620,21234,10134,11100,12133,5863,6270,3033,1471,1562,
75850,12135,5829,6306,21236,10291,10945,24269,11649,12620,21235,10135,11100,12133,5863,6270,3034,1471,1563,
75855,12136,5829,6307,21237,10292,10945,24270,11650,12620,21236,10135,11101,12135,5864,6271,3034,1471,1563,
75860,12137,5829,6308,21239,10292,10947,24273,11651,12622,21238,10135,11103,12136,5864,6272,3034,1471,1563,
75865,12138,5830,6308,21240,10292,10948,24274,11651,12623,21240,10137,11103,12136,5864,6272,3034,1471,1563,
75870,12139,5830,6309,21242,10292,10950,24277,11654,12623,21241,10138,11103,12137,5865,6272,3034,1471,1563,
75875,12139,5830,6309,21243,10293,10950,24277,11654,12623,21242,10138,11104,12137,5865,6272,3035,1472,1563,
75880,12140,5831,6309,21244,10294,10950,24278,11655,12623,21243,10139,11104,12139,5865,6274,3035,1472,1563,
75885,12141,5832,6309,21246,10295,10951,24281,11656,12625,21245,10139,11106,12140,5866,6274,3035,1472,1563,
75890,12142,5832,6310,21247,10295,10952,24282,11657,12625,21247,10139,11108,12140,5866,6274,3035,1472,1563,
75895,12143,5832,6311,21249,10297,10952,24285,11659,12626,21248,10140,11108,12141,5867,6274,3035,1472,1563,
75900,12143,5832,6311,21250,10298,10952,24285,11659,12626,21249,10141,11108,12141,5867,6274,3036,1473,1563,
75905,12144,5832,6312,21251,10298,10953,24286,11660,12626,21250,10142,11108,12143,5868,6275,3036,1473,1563,
75910,12145,5833,6312,21253,10299,10954,24289,11660,12629,21252,10143,11109,12144,5869,6275,3036,1473,1563,
75915,12146,5833,6313,21254,10300,10954,24290,11661,12629,21254,10143,11111,12144,5869,6275,3036,1473,1563,
75920,12147,5833,6314,21256,10301,10955,24293,11663,12630,21255,10143,11112,12145,5870,6275,3036,1473,1563,
75925,12147,5833,6314,21257,10301,10956,24293,11663,12630,21256,10143,11113,12145,5870,6275,3037,1474,1563,
75930,12148,5833,6315,21258,10302,10956,24294,11663,12631,21257,10144,11113,12147,5870,6277,3037,1474,1563,
75935,12149,5834,6315,21260,10303,10957,24297,11665,12632,21259,10145,11114,12148,5871,6277,3037,1474,1563,
75940,12150,5835,6315,21261,10303,10958,24298,11666,12632,21261,10146,11115,12148,5871,6277,3037,1474,1563,
75945,12151,5835,6316,21263,10304,10959,24301,11667,12634,21262,10146,11116,12149,5871,6278,3037,1474,1563,
75950,12151,5835,6316,21264,10305,10959,24301,11667,12634,21263,10147,11116,12149,5871,6278,3038,1475,1563,
75955,12152,5835,6317,21265,10306,10959,24302,11667,12635,21264,10148,11116,12151,5872,6279,3038,1475,1563,
75960,12153,5835,6318,21267,10307,10960,24305,11668,12637,21266,10149,11117,12152,5872,6280,3038,1475,1563,
75965,12154,5836,6318,21268,10307,10961,24306,11668,12638,21268,10150,11118,12152,5872,6280,3038,1475,1563,
75970,12155,5837,6318,21270,10308,10962,24309,11671,12638,21269,10150,11119,12153,5873,6280,3038,1475,1563,
75975,12155,5837,6318,21271,10308,10963,24309,11671,12638,21270,10151,11119,12153,5873,6280,3039,1475,1564,
75980,12156,5837,6319,21272,10308,10964,24310,11672,12638,21271,10152,11119,12155,5874,6281,3039,1475,1564,
75985,12157,5838,6319,21274,10308,10966,24313,11673,12640,21273,10152,11121,12156,5875,6281,3039,1475,1564,
75990,12158,5838,6320,21275,10308,10967,24314,11673,12641,21275,10154,11121,12156,5875,6281,3039,1475,1564,
75994,12159,5838,6321,21277,10310,10967,24317,11674,12643,21276,10154,11122,12156,5875,6281,3039,1475,1564,