Time,1, HIGH Priority Generated, Low Priority Generated, 2, HIGH Priority Generated, Low Priority Generated, 3, HIGH Priority Generated, Low Priority Generated, 4, HIGH Priority Generated, Low Priority Generated, 5, HIGH Priority Generated, Low Priority Generated, 6, HIGH Priority Generated, Low Priority Generated, 
5,0,0,0,1,1,0,0,0,0,0,0,0,0,0,0,0,0,0,
10,1,0,1,2,2,0,2,2,0,1,1,0,0,0,0,0,0,0,
15,2,1,1,3,2,1,2,2,0,2,2,0,0,0,0,0,0,0,
20,4,1,3,6,3,3,7,4,3,4,3,1,1,1,0,0,0,0,
25,5,1,4,8,4,4,7,4,3,6,4,2,1,1,0,1,1,0,
30,8,1,7,11,6,5,13,6,7,9,6,3,4,2,2,1,1,0,
35,9,2,7,14,8,6,14,6,8,12,9,3,5,3,2,2,1,1,
40,12,2,10,18,9,9,21,9,12,16,12,4,8,3,5,2,1,1,
45,13,2,11,21,11,10,22,9,13,19,13,6,9,4,5,3,1,2,
50,16,3,13,25,13,12,29,12,17,23,15,8,12,5,7,3,1,2,
55,17,4,13,28,15,13,30,13,17,26,17,9,13,5,8,4,2,2,
60,20,5,15,32,18,14,37,17,20,30,19,11,16,7,9,4,2,2,
65,21,5,16,35,20,15,38,17,21,33,21,12,17,7,10,5,3,2,
70,24,5,19,39,23,16,45,21,24,37,23,14,20,10,10,5,3,2,
75,25,5,20,42,24,18,46,22,24,40,25,15,21,11,10,6,4,2,
80,28,7,21,46,27,19,53,24,29,44,26,18,24,12,12,6,4,2,
85,29,8,21,49,29,20,54,24,30,47,28,19,25,13,12,7,4,3,
90,32,8,24,53,30,23,61,28,33,51,29,22,28,13,15,7,4,3,
95,33,8,25,56,32,24,62,29,33,54,31,23,29,13,16,8,4,4,
100,36,10,26,60,35,25,69,32,37,58,34,24,32,15,17,8,4,4,
105,37,10,27,63,38,25,70,32,38,61,35,26,33,15,18,9,4,5,
110,40,13,27,67,39,28,77,35,42,65,36,29,36,17,19,9,4,5,
115,41,13,28,70,40,30,78,36,42,68,37,31,37,18,19,10,5,5,
120,44,13,31,74,43,31,85,40,45,72,39,33,40,20,20,10,5,5,
125,45,13,32,77,46,31,86,41,45,75,40,35,41,21,20,11,5,6,
130,48,15,33,81,48,33,93,44,49,79,42,37,44,23,21,11,5,6,
135,49,15,34,84,49,35,94,45,49,82,43,39,45,24,21,12,5,7,
140,52,17,35,88,52,36,101,49,52,86,45,41,48,25,23,12,5,7,
145,53,17,36,91,52,39,102,50,52,89,46,43,49,26,23,13,6,7,
150,56,18,38,95,52,43,109,54,55,93,47,46,52,27,25,13,6,7,
155,57,18,39,98,55,43,110,54,56,96,47,49,53,28,25,14,6,8,
160,60,19,41,102,57,45,117,58,59,100,47,53,56,30,26,14,6,8,
165,61,20,41,105,59,46,118,58,60,103,48,55,57,31,26,15,6,9,
170,64,20,44,109,60,49,125,60,65,107,50,57,60,31,29,15,6,9,
175,65,21,44,112,60,52,126,61,65,110,50,60,61,32,29,16,6,10,
180,68,22,46,116,61,55,133,67,66,114,52,62,64,32,32,16,6,10,
185,69,22,47,119,63,56,134,67,67,117,52,65,65,32,33,17,6,11,
190,72,24,48,123,63,60,141,70,71,121,55,66,68,33,35,17,6,11,
195,73,25,48,126,64,62,142,70,72,124,56,68,69,33,36,18,6,12,
200,76,26,50,130,66,64,149,71,78,128,57,71,72,35,37,18,6,12,
205,77,26,51,133,68,65,150,72,78,131,59,72,73,36,37,19,7,12,
210,80,27,53,137,72,65,157,76,81,135,63,72,76,36,40,19,7,12,
215,81,27,54,140,72,68,158,76,82,138,65,73,77,36,41,20,7,13,
220,84,30,54,144,73,71,165,81,84,142,67,75,80,38,42,20,7,13,
225,85,31,54,147,73,74,166,81,85,145,68,77,81,39,42,21,7,14,
230,88,32,56,151,74,77,173,87,86,149,71,78,84,41,43,21,7,14,
235,89,33,56,154,76,78,174,87,87,152,73,79,85,42,43,22,8,14,
240,92,35,57,158,79,79,181,92,89,156,76,80,88,42,46,22,8,14,
245,93,35,58,161,81,80,182,92,90,159,78,81,89,42,47,23,8,15,
250,96,37,59,165,82,83,189,97,92,163,82,81,92,43,49,23,8,15,
255,97,38,59,168,84,84,190,98,92,166,84,82,93,43,50,24,9,15,
260,100,38,62,172,85,87,197,102,95,170,85,85,96,45,51,24,9,15,
265,101,38,63,175,88,87,198,103,95,173,88,85,97,46,51,25,9,16,
270,104,39,65,179,89,90,205,106,99,177,89,88,100,48,52,25,9,16,
275,105,39,66,182,89,93,206,106,100,180,90,90,101,48,53,26,10,16,
280,108,41,67,186,91,95,213,108,105,184,91,93,104,48,56,26,10,16,
285,109,41,68,189,92,97,214,108,106,187,91,96,105,49,56,27,10,17,
290,112,42,70,193,94,99,221,111,110,191,93,98,108,50,58,27,10,17,
295,113,42,71,196,97,99,222,112,110,194,94,100,109,51,58,28,11,17,
300,116,42,74,200,100,100,229,116,113,198,95,103,112,52,60,28,11,17,
305,117,42,75,203,101,102,230,116,114,201,96,105,113,53,60,29,11,18,
310,120,45,75,207,103,104,237,121,116,205,97,108,116,54,62,29,11,18,
315,121,45,76,210,104,106,238,121,117,208,100,108,117,54,63,30,12,18,
320,124,46,78,214,107,107,245,126,119,212,100,112,120,55,65,30,12,18,
325,125,47,78,217,108,109,246,126,120,215,102,113,121,55,66,31,13,18,
330,128,49,79,221,109,112,253,129,124,219,104,115,124,56,68,31,13,18,
335,129,49,80,224,111,113,254,130,124,222,105,117,125,56,69,32,14,18,
340,132,50,82,228,115,113,261,135,126,226,107,119,128,56,72,32,14,18,
345,133,50,83,231,117,114,262,136,126,229,108,121,129,56,73,33,15,18,
350,136,51,85,235,121,114,269,138,131,233,109,124,132,58,74,33,15,18,
355,137,51,86,238,122,116,270,138,132,236,111,125,133,59,74,34,15,19,
360,140,52,88,242,124,118,277,143,134,240,114,126,136,61,75,34,15,19,
365,141,52,89,245,125,120,278,143,135,243,116,127,137,62,75,35,15,20,
370,144,54,90,249,126,123,285,145,140,247,118,129,140,62,78,35,15,20,
375,145,55,90,252,128,124,286,145,141,250,119,131,141,62,79,36,16,20,
380,148,56,92,256,130,126,293,150,143,254,123,131,144,64,80,36,16,20,
385,149,57,92,259,132,127,294,150,144,257,126,131,145,65,80,37,16,21,
390,152,59,93,263,135,128,301,152,149,261,128,133,148,66,82,37,16,21,
395,153,60,93,266,137,129,302,152,150,264,131,133,149,66,83,38,17,21,
400,156,62,94,270,137,133,309,156,153,268,132,136,152,67,85,38,17,21,
405,157,63,94,273,138,135,310,157,153,271,132,139,153,67,86,39,18,21,
410,160,65,95,277,140,137,317,159,158,275,135,140,156,68,88,39,18,21,
415,161,66,95,280,140,140,318,160,158,278,137,141,157,69,88,40,19,21,
420,164,66,98,284,140,144,325,162,163,282,139,143,160,71,89,40,19,21,
425,165,67,98,287,142,145,326,163,163,285,140,145,161,72,89,41,20,21,
430,168,68,100,291,144,147,333,167,166,289,143,146,164,73,91,41,20,21,
435,169,68,101,294,144,150,334,167,167,292,144,148,165,74,91,42,20,22,
440,172,69,103,298,146,152,341,172,169,296,145,151,168,75,93,42,20,22,
445,173,69,104,301,147,154,342,172,170,299,145,154,169,75,94,43,21,22,
450,176,71,105,305,148,157,349,177,172,303,146,157,172,75,97,43,21,22,
455,177,71,106,308,150,158,350,178,172,306,148,158,173,76,97,44,22,22,
460,180,73,107,312,151,161,357,182,175,310,150,160,176,78,98,44,22,22,
465,181,73,108,315,153,162,358,182,176,313,152,161,177,78,99,45,22,23,
470,184,74,110,319,157,162,365,185,180,317,154,163,180,79,101,45,22,23,
475,185,74,111,322,158,164,366,186,180,320,156,164,181,79,102,46,23,23,
480,188,75,113,326,161,165,373,189,184,324,159,165,184,79,105,46,23,23,
485,189,75,114,329,163,166,374,190,184,327,161,166,185,79,106,47,23,24,
490,192,75,117,333,164,169,381,194,187,331,164,167,188,81,107,47,23,24,
495,193,75,118,336,165,171,382,194,188,334,164,170,189,81,108,48,24,24,
500,196,76,120,340,169,171,389,199,190,338,167,171,192,81,111,48,24,24,
505,197,77,120,343,172,171,390,200,190,341,169,172,193,82,111,49,25,24,
510,200,77,123,347,172,175,397,203,194,345,172,173,196,83,113,49,25,24,
515,201,78,123,350,174,176,398,203,195,348,174,174,197,83,114,50,26,24,
520,204,79,125,354,176,178,405,206,199,352,176,176,200,84,116,50,26,24,
525,205,80,125,357,177,180,406,206,200,355,178,177,201,84,117,51,26,25,
530,208,80,128,361,178,183,413,211,202,359,180,179,204,85,119,51,26,25,
535,209,81,128,364,178,186,414,212,202,362,183,179,205,85,120,52,26,26,
540,212,82,130,368,178,190,421,216,205,366,185,181,208,87,121,52,26,26,
545,213,83,130,371,180,191,422,216,206,369,186,183,209,87,122,53,26,27,
550,216,85,131,375,183,192,429,221,208,373,188,185,212,89,123,53,26,27,
555,217,86,131,378,183,195,430,222,208,376,190,186,213,89,124,54,26,28,
560,220,87,133,382,186,196,437,225,212,380,193,187,216,91,125,54,26,28,
565,221,87,134,385,188,197,438,225,213,383,193,190,217,92,125,55,27,28,
570,224,88,136,389,191,198,445,228,217,387,195,192,220,93,127,55,27,28,
575,225,88,137,392,192,200,446,229,217,390,197,193,221,93,128,56,27,29,
580,228,89,139,396,193,203,453,232,221,394,200,194,224,96,128,56,27,29,
585,229,89,140,399,195,204,454,232,222,397,201,196,225,97,128,57,27,30,
590,232,90,142,403,195,208,461,233,228,401,203,198,228,97,131,57,27,30,
595,233,90,143,406,197,209,462,233,229,404,205,199,229,98,131,58,27,31,
600,236,92,144,410,198,212,469,236,233,408,208,200,232,99,133,58,27,31,
605,237,93,144,413,200,213,470,237,233,411,211,200,233,100,133,59,27,32,
610,240,95,145,417,202,215,477,240,237,415,211,204,236,101,135,59,27,32,
615,241,95,146,420,204,216,478,241,237,418,213,205,237,101,136,60,28,32,
620,244,96,148,424,207,217,485,245,240,422,216,206,240,103,137,60,28,32,
625,245,96,149,427,207,220,486,246,240,425,216,209,241,104,137,61,28,33,
630,248,98,150,431,210,221,493,249,244,429,220,209,244,106,138,61,28,33,
635,249,99,150,434,212,222,494,249,245,432,221,211,245,107,138,62,28,34,
640,252,100,152,438,214,224,501,254,247,436,224,212,248,109,139,62,28,34,
645,253,101,152,441,215,226,502,255,247,439,226,213,249,109,140,63,29,34,
650,256,103,153,445,217,228,509,259,250,443,227,216,252,111,141,63,29,34,
655,257,103,154,448,217,231,510,260,250,446,229,217,253,112,141,64,30,34,
660,260,103,157,452,218,234,517,262,255,450,230,220,256,113,143,64,30,34,
665,261,103,158,455,218,237,518,262,256,453,233,220,257,113,144,65,30,35,
670,264,104,160,459,221,238,525,267,258,457,236,221,260,113,147,65,30,35,
675,265,104,161,462,223,239,526,268,258,460,237,223,261,114,147,66,30,36,
680,268,105,163,466,224,242,533,273,260,464,241,223,264,115,149,66,30,36,
685,269,105,164,469,226,243,534,273,261,467,243,224,265,116,149,67,31,36,
690,272,106,166,473,227,246,541,279,262,471,244,227,268,118,150,67,31,36,
695,273,107,166,476,229,247,542,280,262,474,246,228,269,118,151,68,32,36,
700,276,110,166,480,232,248,549,282,267,478,247,231,272,118,154,68,32,36,
705,277,111,166,483,233,250,550,283,267,481,249,232,273,118,155,69,32,37,
710,280,111,169,487,235,252,557,285,272,485,252,233,276,119,157,69,32,37,
715,281,112,169,490,237,253,558,285,273,488,253,235,277,119,158,70,33,37,
720,284,114,170,494,239,255,565,289,276,492,255,237,280,120,160,70,33,37,
725,285,114,171,497,241,256,566,289,277,495,257,238,281,121,160,71,34,37,
730,288,117,171,501,244,257,573,293,280,499,259,240,284,122,162,71,34,37,
735,289,118,171,504,244,260,574,293,281,502,261,241,285,123,162,72,34,38,
740,292,120,172,508,246,262,581,295,286,506,265,241,288,125,163,72,34,38,
745,293,121,172,511,248,263,582,295,287,509,268,241,289,125,164,73,35,38,
750,296,122,174,515,249,266,589,299,290,513,268,245,292,127,165,73,35,38,
755,297,123,174,518,250,268,590,299,291,516,269,247,293,128,165,74,35,39,
760,300,123,177,522,253,269,597,303,294,520,271,249,296,129,167,74,35,39,
765,301,123,178,525,253,272,598,304,294,523,272,251,297,130,167,75,35,40,
770,304,124,180,529,256,273,605,308,297,527,274,253,300,130,170,75,35,40,
775,305,125,180,532,258,274,606,309,297,530,276,254,301,130,171,76,35,41,
780,308,126,182,536,261,275,613,312,301,534,276,258,304,132,172,76,35,41,
785,309,127,182,539,263,276,614,312,302,537,279,258,305,132,173,77,36,41,
790,312,129,183,543,264,279,621,316,305,541,281,260,308,134,174,77,36,41,
795,313,130,183,546,266,280,622,316,306,544,283,261,309,134,175,78,37,41,
800,316,132,184,550,269,281,629,319,310,548,286,262,312,135,177,78,37,41,
805,317,133,184,553,270,283,630,319,311,551,286,265,313,136,177,79,37,42,
810,320,134,186,557,271,286,637,320,317,555,288,267,316,138,178,79,37,42,
815,321,135,186,560,272,288,638,320,318,558,288,270,317,138,179,80,38,42,
820,324,135,189,564,273,291,645,323,322,562,291,271,320,139,181,80,38,42,
825,325,136,189,567,275,292,646,324,322,565,293,272,321,139,182,81,38,43,
830,328,138,190,571,276,295,653,328,325,569,295,274,324,140,184,81,38,43,
835,329,138,191,574,278,296,654,328,326,572,297,275,325,140,185,82,39,43,
840,332,140,192,578,280,298,661,331,330,576,298,278,328,141,187,82,39,43,
845,333,140,193,581,283,298,662,332,330,579,301,278,329,141,188,83,40,43,
850,336,142,194,585,285,300,669,336,333,583,304,279,332,141,191,83,40,43,
855,337,142,195,588,285,303,670,336,334,586,306,280,333,142,191,84,40,44,
860,340,144,196,592,286,306,677,340,337,590,309,281,336,144,192,84,40,44,
865,341,144,197,595,287,308,678,341,337,593,311,282,337,144,193,85,41,44,
870,344,146,198,599,289,310,685,344,341,597,314,283,340,146,194,85,41,44,
875,345,147,198,602,290,312,686,344,342,600,314,286,341,146,195,86,41,45,
880,348,147,201,606,291,315,693,348,345,604,316,288,344,147,197,86,41,45,
885,349,148,201,609,293,316,694,348,346,607,317,290,345,147,198,87,41,46,
890,352,149,203,613,295,318,701,351,350,611,319,292,348,148,200,87,41,46,
895,353,149,204,616,295,321,702,352,350,614,321,293,349,149,200,88,42,46,
900,356,151,205,620,296,324,709,356,353,618,323,295,352,150,202,88,42,46,
905,357,152,205,623,298,325,710,356,354,621,324,297,353,151,202,89,42,47,
910,360,153,207,627,301,326,717,359,358,625,326,299,356,153,203,89,42,47,
915,361,153,208,630,303,327,718,359,359,628,329,299,357,153,204,90,43,47,
920,364,155,209,634,305,329,725,364,361,632,330,302,360,155,205,90,43,47,
925,365,155,210,637,306,331,726,364,362,635,330,305,361,156,205,91,44,47,
930,368,158,210,641,307,334,733,369,364,639,331,308,364,158,206,91,44,47,
935,369,159,210,644,308,336,734,370,364,642,332,310,365,158,207,92,45,47,
940,372,161,211,648,309,339,741,372,369,646,334,312,368,160,208,92,45,47,
945,373,161,212,651,311,340,742,373,369,649,337,312,369,161,208,93,45,48,
950,376,164,212,655,311,344,749,376,373,653,339,314,372,163,209,93,45,48,
955,377,164,213,658,314,344,750,376,374,656,341,315,373,163,210,94,45,49,
960,380,164,216,662,317,345,757,378,379,660,343,317,376,165,211,94,45,49,
965,381,165,216,665,318,347,758,378,380,663,344,319,377,165,212,95,45,50,
970,384,165,219,669,318,351,765,383,382,667,345,322,380,167,213,95,45,50,
975,385,166,219,672,320,352,766,383,383,670,348,322,381,167,214,96,46,50,
980,388,168,220,676,322,354,773,387,386,674,351,323,384,169,215,96,46,50,
985,389,169,220,679,323,356,774,388,386,677,352,325,385,170,215,97,46,51,
990,392,171,221,683,326,357,781,390,391,681,352,329,388,172,216,97,46,51,
995,393,171,222,686,328,358,782,390,392,684,352,332,389,172,217,98,46,52,
1000,396,173,223,690,328,362,789,393,396,688,354,334,392,172,220,98,46,52,
1005,397,174,223,693,330,363,790,394,396,691,355,336,393,173,220,99,46,53,
1010,400,174,226,697,332,365,797,395,402,695,357,338,396,174,222,99,46,53,
1015,401,175,226,700,333,367,798,396,402,698,359,339,397,175,222,100,47,53,
1020,404,176,228,704,336,368,805,399,406,702,362,340,400,176,224,100,47,53,
1025,405,177,228,707,337,370,806,400,406,705,364,341,401,176,225,101,47,54,
1030,408,178,230,711,338,373,813,404,409,709,366,343,404,176,228,101,47,54,
1035,409,178,231,714,339,375,814,404,410,712,366,346,405,176,229,102,48,54,
1040,412,178,234,718,341,377,821,407,414,716,368,348,408,176,232,102,48,54,
1045,413,179,234,721,342,379,822,407,415,719,370,349,409,177,232,103,49,54,
1050,416,180,236,725,343,382,829,409,420,723,371,352,412,179,233,103,49,54,
1055,417,181,236,728,346,382,830,410,420,726,373,353,413,179,234,104,49,55,
1060,420,183,237,732,347,385,837,416,421,730,375,355,416,181,235,104,49,55,
1065,421,184,237,735,348,387,838,417,421,733,377,356,417,182,235,105,49,56,
1070,424,186,238,739,350,389,845,421,424,737,378,359,420,185,235,105,49,56,
1075,425,186,239,742,353,389,846,421,425,740,380,360,421,185,236,106,49,57,
1080,428,187,241,746,356,390,853,423,430,744,383,361,424,185,239,106,49,57,
1085,429,188,241,749,359,390,854,423,431,747,386,361,425,185,240,107,50,57,
1090,432,191,241,753,362,391,861,426,435,751,389,362,428,186,242,107,50,57,
1095,433,192,241,756,363,393,862,426,436,754,391,363,429,187,242,108,50,58,
1100,436,195,241,760,366,394,869,429,440,758,394,364,432,189,243,108,50,58,
1105,437,196,241,763,367,396,870,429,441,761,396,365,433,190,243,109,51,58,
1110,440,199,241,767,371,396,877,433,444,765,399,366,436,193,243,109,51,58,
1115,441,200,241,770,372,398,878,433,445,768,400,368,437,194,243,110,52,58,
1120,444,202,242,774,373,401,885,437,448,772,402,370,440,196,244,110,52,58,
1125,445,203,242,777,375,402,886,438,448,775,404,371,441,196,245,111,52,59,
1130,448,205,243,781,376,405,893,441,452,779,405,374,444,196,248,111,52,59,
1135,449,205,244,784,377,407,894,441,453,782,407,375,445,196,249,112,52,60,
1140,452,205,247,788,379,409,901,445,456,786,410,376,448,197,251,112,52,60,
1145,453,205,248,791,381,410,902,446,456,789,411,378,449,197,252,113,52,61,
1150,456,206,250,795,383,412,909,450,459,793,411,382,452,199,253,113,52,61,
1155,457,207,250,798,384,414,910,451,459,796,411,385,453,200,253,114,52,62,
1160,460,207,253,802,385,417,917,453,464,800,413,387,456,202,254,114,52,62,
1165,461,208,253,805,386,419,918,453,465,803,413,390,457,202,255,115,52,63,
1170,464,209,255,809,388,421,925,456,469,807,414,393,460,203,257,115,52,63,
1175,465,209,256,812,390,422,926,457,469,810,416,394,461,203,258,116,52,64,
1180,468,211,257,816,392,424,933,459,474,814,417,397,464,205,259,116,52,64,
1185,469,211,258,819,394,425,934,460,474,817,417,400,465,205,260,117,52,65,
1190,472,214,258,823,395,428,941,464,477,821,420,401,468,206,262,117,52,65,
1195,473,215,258,826,397,429,942,465,477,824,420,404,469,206,263,118,53,65,
1200,476,217,259,830,399,431,949,469,480,828,422,406,472,207,265,118,53,65,
1205,477,218,259,833,401,432,950,469,481,831,424,407,473,207,266,119,54,65,
1210,480,219,261,837,402,435,957,472,485,835,425,410,476,209,267,119,54,65,
1215,481,220,261,840,402,438,958,473,485,838,426,412,477,210,267,120,55,65,
1220,484,221,263,844,404,440,965,477,488,842,428,414,480,212,268,120,55,65,
1225,485,222,263,847,405,442,966,477,489,845,428,417,481,212,269,121,56,65,
1230,488,224,264,851,407,444,973,480,493,849,429,420,484,213,271,121,56,65,
1235,489,224,265,854,409,445,974,481,493,852,430,422,485,213,272,122,56,66,
1240,492,225,267,858,411,447,981,484,497,856,432,424,488,215,273,122,56,66,
1245,493,225,268,861,412,449,982,484,498,859,435,424,489,216,273,123,57,66,
1250,496,228,268,865,416,449,989,486,503,863,437,426,492,217,275,123,57,66,
1255,497,228,269,868,418,450,990,486,504,866,439,427,493,217,276,124,58,66,
1260,500,231,269,872,421,451,997,491,506,870,441,429,496,219,277,124,58,66,
1265,501,231,270,875,423,452,998,492,506,873,442,431,497,220,277,125,59,66,
1270,504,233,271,879,424,455,1005,497,508,877,445,432,500,222,278,125,59,66,
1275,505,234,271,882,425,457,1006,497,509,880,446,434,501,222,279,126,59,67,
1280,508,236,272,886,427,459,1013,501,512,884,446,438,504,224,280,126,59,67,
1285,509,236,273,889,428,461,1014,501,513,887,446,441,505,224,281,127,59,68,
1290,512,238,274,893,429,464,1021,505,516,891,448,443,508,226,282,127,59,68,
1295,513,239,274,896,431,465,1022,505,517,894,451,443,509,226,283,128,60,68,
1300,516,242,274,900,431,469,1029,507,522,898,453,445,512,227,285,128,60,68,
1305,517,243,274,903,433,470,1030,507,523,901,454,447,513,227,286,129,61,68,
1310,520,244,276,907,434,473,1037,513,524,905,456,449,516,230,286,129,61,68,
1315,521,244,277,910,435,475,1038,513,525,908,459,449,517,231,286,130,61,69,
1320,524,246,278,914,436,478,1045,517,528,912,463,449,520,233,287,130,61,69,
1325,525,247,278,917,437,480,1046,518,528,915,464,451,521,233,288,131,62,69,
1330,528,247,281,921,440,481,1053,523,530,919,465,454,524,234,290,131,62,69,
1335,529,248,281,924,440,484,1054,523,531,922,468,454,525,234,291,132,63,69,
1340,532,248,284,928,442,486,1061,525,536,926,469,457,528,235,293,132,63,69,
1345,533,249,284,931,442,489,1062,526,536,929,472,457,529,235,294,133,64,69,
1350,536,252,284,935,444,491,1069,529,540,933,474,459,532,237,295,133,64,69,
1355,537,252,285,938,447,491,1070,530,540,936,475,461,533,237,296,134,64,70,
1360,540,253,287,942,449,493,1077,533,544,940,475,465,536,238,298,134,64,70,
1365,541,254,287,945,450,495,1078,533,545,943,476,467,537,239,298,135,65,70,
1370,544,255,289,949,454,495,1085,539,546,947,477,470,540,240,300,135,65,70,
1375,545,255,290,952,455,497,1086,539,547,950,480,470,541,240,301,136,66,70,
1380,548,256,292,956,456,500,1093,543,550,954,480,474,544,242,302,136,66,70,
1385,549,257,292,959,457,502,1094,543,551,957,482,475,545,242,303,137,67,70,
1390,552,260,292,963,459,504,1101,545,556,961,485,476,548,243,305,137,67,70,
1395,553,261,292,966,461,505,1102,546,556,964,485,479,549,243,306,138,67,71,
1400,556,263,293,970,462,508,1109,549,560,968,487,481,552,245,307,138,67,71,
1405,557,263,294,973,463,510,1110,550,560,971,489,482,553,246,307,139,68,71,
1410,560,266,294,977,466,511,1117,553,564,975,492,483,556,247,309,139,68,71,
1415,561,267,294,980,467,513,1118,554,564,978,495,483,557,247,310,140,69,71,
1420,564,268,296,984,470,514,1125,558,567,982,495,487,560,249,311,140,69,71,
1425,565,268,297,987,471,516,1126,558,568,985,497,488,561,249,312,141,70,71,
1430,568,271,297,991,473,518,1133,563,570,989,499,490,564,249,315,141,70,71,
1435,569,271,298,994,473,521,1134,564,570,992,501,491,565,249,316,142,70,72,
1440,572,273,299,998,476,522,1141,568,573,996,504,492,568,250,318,142,70,72,
1445,573,274,299,1001,477,524,1142,568,574,999,505,494,569,250,319,143,70,73,
1450,576,275,301,1005,478,527,1149,570,579,1003,507,496,572,253,319,143,70,73,
1455,577,276,301,1008,480,528,1150,571,579,1006,509,497,573,254,319,144,70,74,
1460,580,278,302,1012,483,529,1157,574,583,1010,511,499,576,254,322,144,70,74,
1465,581,278,303,1015,484,531,1158,575,583,1013,512,501,577,254,323,145,71,74,
1470,584,281,303,1019,487,532,1165,579,586,1017,514,503,580,256,324,145,71,74,
1475,585,282,303,1022,488,534,1166,580,586,1020,514,506,581,257,324,146,71,75,
1480,588,283,305,1026,490,536,1173,583,590,1024,516,508,584,259,325,146,71,75,
1485,589,284,305,1029,492,537,1174,584,590,1027,516,511,585,260,325,147,72,75,
1490,592,287,305,1033,494,539,1181,589,592,1031,519,512,588,260,328,147,72,75,
1495,593,287,306,1036,495,541,1182,589,593,1034,520,514,589,261,328,148,73,75,
1500,596,290,306,1040,498,542,1189,590,599,1038,522,516,592,262,330,148,73,75,
1505,597,290,307,1043,498,545,1190,590,600,1041,523,518,593,263,330,149,74,75,
1510,600,291,309,1047,501,546,1197,592,605,1045,525,520,596,265,331,149,74,75,
1515,601,291,310,1050,503,547,1198,593,605,1048,527,521,597,266,331,150,75,75,
1520,604,292,312,1054,504,550,1205,595,610,1052,529,523,600,268,332,150,75,75,
1525,605,292,313,1057,505,552,1206,596,610,1055,529,526,601,269,332,151,75,76,
1530,608,293,315,1061,507,554,1213,600,613,1059,532,527,604,271,333,151,75,76,
1535,609,294,315,1064,508,556,1214,600,614,1062,532,530,605,271,334,152,75,77,
1540,612,296,316,1068,511,557,1221,604,617,1066,535,531,608,274,334,152,75,77,
1545,613,297,316,1071,511,560,1222,604,618,1069,536,533,609,274,335,153,75,78,
1550,616,299,317,1075,511,564,1229,608,621,1073,539,534,612,277,335,153,75,78,
1555,617,299,318,1078,512,566,1230,608,622,1076,539,537,613,278,335,154,76,78,
1560,620,300,320,1082,514,568,1237,613,624,1080,540,540,616,281,335,154,76,78,
1565,621,301,320,1085,515,570,1238,613,625,1083,542,541,617,281,336,155,76,79,
1570,624,302,322,1089,517,572,1245,617,628,1087,544,543,620,282,338,155,76,79,
1575,625,302,323,1092,519,573,1246,618,628,1090,545,545,621,283,338,156,76,80,
1580,628,304,324,1096,522,574,1253,621,632,1094,547,547,624,285,339,156,76,80,
1585,629,304,325,1099,523,576,1254,622,632,1097,548,549,625,285,340,157,76,81,
1590,632,305,327,1103,525,578,1261,623,638,1101,549,552,628,286,342,157,76,81,
1595,633,306,327,1106,526,580,1262,624,638,1104,552,552,629,287,342,158,76,82,
1600,636,307,329,1110,527,583,1269,629,640,1108,555,553,632,288,344,158,76,82,
1605,637,307,330,1113,528,585,1270,629,641,1111,557,554,633,289,344,159,77,82,
1610,640,309,331,1117,530,587,1277,634,643,1115,560,555,636,291,345,159,77,82,
1615,641,309,332,1120,531,589,1278,635,643,1118,560,558,637,291,346,160,77,83,
1620,644,310,334,1124,532,592,1285,639,646,1122,561,561,640,292,348,160,77,83,
1625,645,310,335,1127,534,593,1286,640,646,1125,562,563,641,292,349,161,78,83,
1630,648,310,338,1131,537,594,1293,644,649,1129,565,564,644,294,350,161,78,83,
1635,649,311,338,1134,540,594,1294,645,649,1132,566,566,645,295,350,162,79,83,
1640,652,314,338,1138,543,595,1301,648,653,1136,567,569,648,296,352,162,79,83,
1645,653,315,338,1141,544,597,1302,648,654,1139,568,571,649,296,353,163,79,84,
1650,656,317,339,1145,546,599,1309,652,657,1143,571,572,652,297,355,163,79,84,
1655,657,317,340,1148,549,599,1310,652,658,1146,573,573,653,298,355,164,80,84,
1660,660,317,343,1152,553,599,1317,655,662,1150,573,577,656,298,358,164,80,84,
1665,661,317,344,1155,554,601,1318,655,663,1153,576,577,657,299,358,165,80,85,
1670,664,319,345,1159,555,604,1325,661,664,1157,576,581,660,300,360,165,80,85,
1675,665,319,346,1162,558,604,1326,662,664,1160,579,581,661,300,361,166,80,86,
1680,668,322,346,1166,560,606,1333,664,669,1164,581,583,664,302,362,166,80,86,
1685,669,323,346,1169,562,607,1334,664,670,1167,583,584,665,303,362,167,80,87,
1690,672,326,346,1173,563,610,1341,668,673,1171,586,585,668,304,364,167,80,87,
1695,673,327,346,1176,564,612,1342,669,673,1174,588,586,669,305,364,168,81,87,
1700,676,327,349,1180,566,614,1349,672,677,1178,589,589,672,307,365,168,81,87,
1705,677,327,350,1183,568,615,1350,672,678,1181,590,591,673,307,366,169,82,87,
1710,680,329,351,1187,571,616,1357,675,682,1185,591,594,676,309,367,169,82,87,
1715,681,330,351,1190,573,617,1358,675,683,1188,592,596,677,310,367,170,83,87,
1720,684,331,353,1194,575,619,1365,679,686,1192,594,598,680,311,369,170,83,87,
1725,685,331,354,1197,577,620,1366,679,687,1195,596,599,681,312,369,171,84,87,
1730,688,333,355,1201,577,624,1373,683,690,1199,598,601,684,313,371,171,84,87,
1735,689,334,355,1204,579,625,1374,684,690,1202,600,602,685,314,371,172,84,88,
1740,692,336,356,1208,581,627,1381,686,695,1206,603,603,688,316,372,172,84,88,
1745,693,336,357,1211,582,629,1382,687,695,1209,604,605,689,316,373,173,84,89,
1750,696,337,359,1215,582,633,1389,690,699,1213,607,606,692,316,376,173,84,89,
1755,697,338,359,1218,583,635,1390,690,700,1216,609,607,693,316,377,174,84,90,
1760,700,339,361,1222,585,637,1397,691,706,1220,612,608,696,317,379,174,84,90,
1765,701,339,362,1225,587,638,1398,692,706,1223,613,610,697,318,379,175,85,90,
1770,704,339,365,1229,590,639,1405,695,710,1227,615,612,700,320,380,175,85,90,
1775,705,340,365,1232,591,641,1406,696,710,1230,617,613,701,321,380,176,85,91,
1780,708,340,368,1236,593,643,1413,699,714,1234,619,615,704,321,383,176,85,91,
1785,709,340,369,1239,593,646,1414,700,714,1237,620,617,705,321,384,177,86,91,
1790,712,341,371,1243,595,648,1421,702,719,1241,623,618,708,324,384,177,86,91,
1795,713,342,371,1246,596,650,1422,702,720,1244,624,620,709,324,385,178,87,91,
1800,716,343,373,1250,597,653,1429,705,724,1248,626,622,712,325,387,178,87,91,
1805,717,344,373,1253,598,655,1430,705,725,1251,628,623,713,326,387,179,88,91,
1810,720,345,375,1257,598,659,1437,708,729,1255,631,624,716,327,389,179,88,91,
1815,721,346,375,1260,599,661,1438,709,729,1258,633,625,717,328,389,180,88,92,
1820,724,348,376,1264,601,663,1445,710,735,1262,636,626,720,328,392,180,88,92,
1825,725,349,376,1267,602,665,1446,710,736,1265,637,628,721,329,392,181,89,92,
1830,728,350,378,1271,605,666,1453,715,738,1269,638,631,724,331,393,181,89,92,
1835,729,351,378,1274,607,667,1454,715,739,1272,639,633,725,331,394,182,90,92,
1840,732,352,380,1278,608,670,1461,717,744,1276,640,636,728,333,395,182,90,92,
1845,733,352,381,1281,610,671,1462,718,744,1279,641,638,729,334,395,183,90,93,
1850,736,353,383,1285,612,673,1469,722,747,1283,643,640,732,336,396,183,90,93,
1855,737,353,384,1288,612,676,1470,722,748,1286,643,643,733,336,397,184,91,93,
1860,740,354,386,1292,614,678,1477,726,751,1290,646,644,736,336,400,184,91,93,
1865,741,354,387,1295,616,679,1478,726,752,1293,646,647,737,337,400,185,92,93,
1870,744,357,387,1299,617,682,1485,729,756,1297,648,649,740,337,403,185,92,93,
1875,745,357,388,1302,620,682,1486,729,757,1300,649,651,741,337,404,186,92,94,
1880,748,360,388,1306,623,683,1493,733,760,1304,650,654,744,337,407,186,92,94,
1885,749,361,388,1309,625,684,1494,734,760,1307,652,655,745,337,408,187,92,95,
1890,752,362,390,1313,627,686,1501,738,763,1311,654,657,748,339,409,187,92,95,
1895,753,363,390,1316,629,687,1502,739,763,1314,655,659,749,339,410,188,92,96,
1900,756,366,390,1320,631,689,1509,741,768,1318,657,661,752,341,411,188,92,96,
1905,757,367,390,1323,634,689,1510,741,769,1321,658,663,753,341,412,189,93,96,
1910,760,369,391,1327,637,690,1517,747,770,1325,661,664,756,342,414,189,93,96,
1915,761,369,392,1330,640,690,1518,747,771,1328,663,665,757,342,415,190,94,96,
1920,764,369,395,1334,642,692,1525,750,775,1332,665,667,760,343,417,190,94,96,
1925,765,370,395,1337,644,693,1526,751,775,1335,668,667,761,343,418,191,94,97,
1930,768,370,398,1341,646,695,1533,755,778,1339,669,670,764,344,420,191,94,97,
1935,769,370,399,1344,648,696,1534,755,779,1342,670,672,765,345,420,192,95,97,
1940,772,373,399,1348,652,696,1541,758,783,1346,671,675,768,347,421,192,95,97,
1945,773,373,400,1351,653,698,1542,758,784,1349,673,676,769,348,421,193,96,97,
1950,776,374,402,1355,657,698,1549,764,785,1353,676,677,772,349,423,193,96,97,
1955,777,374,403,1358,659,699,1550,765,785,1356,676,680,773,349,424,194,96,98,
1960,780,375,405,1362,660,702,1557,769,788,1360,678,682,776,349,427,194,96,98,
1965,781,376,405,1365,661,704,1558,770,788,1363,679,684,777,349,428,195,97,98,
1970,784,378,406,1369,662,707,1565,776,789,1367,680,687,780,351,429,195,97,98,
1975,785,378,407,1372,663,709,1566,776,790,1370,681,689,781,352,429,196,97,99,
1980,788,380,408,1376,665,711,1573,778,795,1374,682,692,784,352,432,196,97,99,
1985,789,380,409,1379,668,711,1574,778,796,1377,683,694,785,352,433,197,97,100,
1990,792,382,410,1383,670,713,1581,782,799,1381,684,697,788,353,435,197,97,100,
1995,793,383,410,1386,672,714,1582,783,799,1384,684,700,789,354,435,198,97,101,
2000,796,385,411,1390,674,716,1589,788,801,1388,687,701,792,357,435,198,97,101,
2005,797,385,412,1393,675,718,1590,788,802,1391,689,702,793,358,435,199,98,101,
2010,800,386,414,1397,677,720,1597,790,807,1395,693,702,796,360,436,199,98,101,
2015,801,386,415,1400,677,723,1598,791,807,1398,694,704,797,361,436,200,99,101,
2020,804,388,416,1404,680,724,1605,793,812,1402,697,705,800,363,437,200,99,101,
2025,805,389,416,1407,682,725,1606,793,813,1405,699,706,801,364,437,201,100,101,
2030,808,389,419,1411,684,727,1613,795,818,1409,702,707,804,366,438,201,100,101,
2035,809,389,420,1414,686,728,1614,795,819,1412,702,710,805,367,438,202,100,102,
2040,812,390,422,1418,689,729,1621,799,822,1416,704,712,808,369,439,202,100,102,
2045,813,391,422,1421,689,732,1622,799,823,1419,705,714,809,369,440,203,100,103,
2050,816,392,424,1425,692,733,1629,804,825,1423,705,718,812,372,440,203,100,103,
2055,817,393,424,1428,694,734,1630,805,825,1426,707,719,813,373,440,204,100,104,
2060,820,395,425,1432,696,736,1637,808,829,1430,709,721,816,374,442,204,100,104,
2065,821,396,425,1435,698,737,1638,808,830,1433,710,723,817,375,442,205,100,105,
2070,824,399,425,1439,700,739,1645,813,832,1437,713,724,820,377,443,205,100,105,
2075,825,399,426,1442,700,742,1646,814,832,1440,715,725,821,377,444,206,101,105,
2080,828,400,428,1446,702,744,1653,819,834,1444,717,727,824,378,446,206,101,105,
2085,829,401,428,1449,704,745,1654,819,835,1447,718,729,825,378,447,207,101,106,
2090,832,402,430,1453,706,747,1661,823,838,1451,719,732,828,379,449,207,101,106,
2095,833,403,430,1456,706,750,1662,824,838,1454,720,734,829,380,449,208,101,107,
2100,836,404,432,1460,708,752,1669,826,843,1458,721,737,832,381,451,208,101,107,
2105,837,404,433,1463,708,755,1670,826,844,1461,724,737,833,382,451,209,102,107,
2110,840,406,434,1467,710,757,1677,827,850,1465,726,739,836,384,452,209,102,107,
2115,841,407,434,1470,712,758,1678,828,850,1468,729,739,837,385,452,210,102,108,
2120,844,408,436,1474,715,759,1685,831,854,1472,732,740,840,387,453,210,102,108,
2125,845,408,437,1477,716,761,1686,831,855,1475,732,743,841,387,454,211,102,109,
2130,848,410,438,1481,720,761,1693,834,859,1479,733,746,844,388,456,211,102,109,
2135,849,410,439,1484,722,762,1694,834,860,1482,734,748,845,388,457,212,103,109,
2140,852,410,442,1488,725,763,1701,838,863,1486,736,750,848,389,459,212,103,109,
2145,853,410,443,1491,727,764,1702,839,863,1489,737,752,849,390,459,213,103,110,
2150,856,411,445,1495,730,765,1709,841,868,1493,740,753,852,390,462,213,103,110,
2155,857,412,445,1498,732,766,1710,841,869,1496,741,755,853,390,463,214,103,111,
2160,860,414,446,1502,735,767,1717,845,872,1500,741,759,856,390,466,214,103,111,
2165,861,414,447,1505,735,770,1718,845,873,1503,743,760,857,391,466,215,103,112,
2170,864,415,449,1509,736,773,1725,846,879,1507,746,761,860,393,467,215,103,112,
2175,865,416,449,1512,737,775,1726,847,879,1510,748,762,861,394,467,216,104,112,
2180,868,418,450,1516,740,776,1733,849,884,1514,749,765,864,395,469,216,104,112,
2185,869,419,450,1519,741,778,1734,849,885,1517,750,767,865,396,469,217,105,112,
2190,872,419,453,1523,742,781,1741,854,887,1521,751,770,868,398,470,217,105,112,
2195,873,419,454,1526,745,781,1742,855,887,1524,751,773,869,399,470,218,106,112,
2200,876,421,455,1530,747,783,1749,858,891,1528,752,776,872,400,472,218,106,112,
2205,877,422,455,1533,750,783,1750,859,891,1531,753,778,873,400,473,219,107,112,
2210,880,425,455,1537,752,785,1757,864,893,1535,754,781,876,403,473,219,107,112,
2215,881,425,456,1540,752,788,1758,864,894,1538,756,782,877,404,473,220,107,113,
2220,884,426,458,1544,752,792,1765,870,895,1542,760,782,880,406,474,220,107,113,
2225,885,427,458,1547,753,794,1766,870,896,1545,762,783,881,406,475,221,107,114,
2230,888,427,461,1551,757,794,1773,874,899,1549,765,784,884,408,476,221,107,114,
2235,889,428,461,1554,758,796,1774,874,900,1552,766,786,885,408,477,222,108,114,
2240,892,430,462,1558,758,800,1781,876,905,1556,767,789,888,410,478,222,108,114,
2245,893,430,463,1561,760,801,1782,876,906,1559,769,790,889,410,479,223,108,115,
2250,896,431,465,1565,762,803,1789,878,911,1563,771,792,892,412,480,223,108,115,
2255,897,432,465,1568,764,804,1790,878,912,1566,774,792,893,412,481,224,109,115,
2260,900,433,467,1572,765,807,1797,881,916,1570,776,794,896,414,482,224,109,115,
2265,901,433,468,1575,765,810,1798,881,917,1573,778,795,897,415,482,225,110,115,
2270,904,435,469,1579,767,812,1805,886,919,1577,780,797,900,415,485,225,110,115,
2275,905,435,470,1582,768,814,1806,887,919,1580,782,798,901,416,485,226,111,115,
2280,908,438,470,1586,770,816,1813,890,923,1584,782,802,904,417,487,226,111,115,
2285,909,438,471,1589,772,817,1814,891,923,1587,783,804,905,418,487,227,112,115,
2290,912,439,473,1593,775,818,1821,894,927,1591,783,808,908,419,489,227,112,115,
2295,913,440,473,1596,776,820,1822,894,928,1594,785,809,909,419,490,228,112,116,
2300,916,440,476,1600,776,824,1829,898,931,1598,786,812,912,420,492,228,112,116,
2305,917,440,477,1603,778,825,1830,899,931,1601,787,814,913,421,492,229,112,117,
2310,920,442,478,1607,782,825,1837,902,935,1605,788,817,916,423,493,229,112,117,
2315,921,442,479,1610,783,827,1838,902,936,1608,790,818,917,423,494,230,113,117,
2320,924,445,479,1614,784,830,1845,905,940,1612,792,820,920,425,495,230,113,117,
2325,925,446,479,1617,785,832,1846,906,940,1615,792,823,921,425,496,231,114,117,
2330,928,449,479,1621,786,835,1853,909,944,1619,793,826,924,428,496,231,114,117,
2335,929,450,479,1624,788,836,1854,910,944,1622,794,828,925,429,496,232,115,117,
2340,932,450,482,1628,791,837,1861,915,946,1626,796,830,928,432,496,232,115,117,
2345,933,450,483,1631,793,838,1862,915,947,1629,797,832,929,432,497,233,115,118,
2350,936,451,485,1635,795,840,1869,920,949,1633,797,836,932,433,499,233,115,118,
2355,937,452,485,1638,796,842,1870,921,949,1636,799,837,933,434,499,234,115,119,
2360,940,453,487,1642,799,843,1877,924,953,1640,801,839,936,434,502,234,115,119,
2365,941,454,487,1645,801,844,1878,925,953,1643,803,840,937,434,503,235,116,119,
2370,944,456,488,1649,803,846,1885,931,954,1647,804,843,940,436,504,235,116,119,
2375,945,456,489,1652,804,848,1886,932,954,1650,805,845,941,436,505,236,117,119,
2380,948,458,490,1656,806,850,1893,936,957,1654,806,848,944,438,506,236,117,119,
2385,949,459,490,1659,808,851,1894,936,958,1657,808,849,945,438,507,237,118,119,
2390,952,461,491,1663,812,851,1901,941,960,1661,810,851,948,441,507,237,118,119,
2395,953,462,491,1666,814,852,1902,942,960,1664,812,852,949,441,508,238,119,119,
2400,956,464,492,1670,816,854,1909,948,961,1668,814,854,952,444,508,238,119,119,
2405,957,465,492,1673,817,856,1910,948,962,1671,816,855,953,444,509,239,119,120,
2410,960,467,493,1677,819,858,1917,951,966,1675,819,856,956,446,510,239,119,120,
2415,961,468,493,1680,820,860,1918,952,966,1678,821,857,957,447,510,240,120,120,
2420,964,470,494,1684,822,862,1925,956,969,1682,824,858,960,447,513,240,120,120,
2425,965,470,495,1687,824,863,1926,956,970,1685,826,859,961,448,513,241,120,121,
2430,968,472,496,1691,826,865,1933,962,971,1689,829,860,964,450,514,241,120,121,
2435,969,473,496,1694,827,867,1934,962,972,1692,830,862,965,451,514,242,121,121,
2440,972,474,498,1698,828,870,1941,964,977,1696,832,864,968,452,516,242,121,121,
2445,973,475,498,1701,830,871,1942,964,978,1699,833,866,969,452,517,243,121,122,
2450,976,477,499,1705,832,873,1949,965,984,1703,833,870,972,452,520,243,121,122,
2455,977,477,500,1708,833,875,1950,965,985,1706,833,873,973,452,521,244,121,123,
2460,980,477,503,1712,836,876,1957,969,988,1710,835,875,976,454,522,244,121,123,
2465,981,477,504,1715,837,878,1958,969,989,1713,837,876,977,454,523,245,121,124,
2470,984,478,506,1719,840,879,1965,974,991,1717,839,878,980,455,525,245,121,124,
2475,985,479,506,1722,843,879,1966,974,992,1720,840,880,981,455,526,246,122,124,
2480,988,482,506,1726,844,882,1973,977,996,1724,842,882,984,455,529,246,122,124,
2485,989,483,506,1729,847,882,1974,977,997,1727,842,885,985,456,529,247,122,125,
2490,992,483,509,1733,849,884,1981,982,999,1731,842,889,988,458,530,247,122,125,
2495,993,484,509,1736,850,886,1982,983,999,1734,845,889,989,459,530,248,122,126,
2500,996,485,511,1740,853,887,1989,989,1000,1738,849,889,992,462,530,248,122,126,
2505,997,485,512,1743,855,888,1990,990,1000,1741,852,889,993,462,531,249,122,127,
2510,1000,487,513,1747,855,892,1997,994,1003,1745,856,889,996,463,533,249,122,127,
2515,1001,487,514,1750,857,893,1998,994,1004,1748,857,891,997,463,534,250,123,127,
2520,1004,489,515,1754,860,894,2005,998,1007,1752,860,892,1000,463,537,250,123,127,
2525,1005,489,516,1757,861,896,2006,998,1008,1755,860,895,1001,463,538,251,124,127,
2530,1008,490,518,1761,861,900,2013,1000,1013,1759,863,896,1004,464,540,251,124,127,
2535,1009,490,519,1764,862,902,2014,1000,1014,1762,864,898,1005,464,541,252,124,128,
2540,1012,493,519,1768,865,903,2021,1005,1016,1766,866,900,1008,465,543,252,124,128,
2545,1013,494,519,1771,865,906,2022,1006,1016,1769,868,901,1009,465,544,253,124,129,
2550,1016,497,519,1775,868,907,2029,1011,1018,1773,870,903,1012,466,546,253,124,129,
2555,1017,498,519,1778,869,909,2030,1011,1019,1776,873,903,1013,466,547,254,124,130,
2560,1020,499,521,1782,870,912,2037,1015,1022,1780,875,905,1016,466,550,254,124,130,
2565,1021,500,521,1785,871,914,2038,1015,1023,1783,877,906,1017,467,550,255,125,130,
2570,1024,501,523,1789,872,917,2045,1020,1025,1787,879,908,1020,468,552,255,125,130,
2575,1025,501,524,1792,874,918,2046,1020,1026,1790,881,909,1021,468,553,256,126,130,
2580,1028,502,526,1796,876,920,2053,1024,1029,1794,882,912,1024,470,554,256,126,130,
2585,1029,503,526,1799,878,921,2054,1025,1029,1797,882,915,1025,470,555,257,126,131,
2590,1032,506,526,1803,880,923,2061,1029,1032,1801,883,918,1028,471,557,257,126,131,
2595,1033,506,527,1806,880,926,2062,1030,1032,1804,883,921,1029,472,557,258,126,132,
2600,1036,508,528,1810,881,929,2069,1031,1038,1808,884,924,1032,473,559,258,126,132,
2605,1037,508,529,1813,883,930,2070,1031,1039,1811,885,926,1033,474,559,259,127,132,
2610,1040,509,531,1817,884,933,2077,1033,1044,1815,886,929,1036,477,559,259,127,132,
2615,1041,510,531,1820,885,935,2078,1033,1045,1818,887,931,1037,478,559,260,127,133,
2620,1044,510,534,1824,887,937,2085,1036,1049,1822,890,932,1040,480,560,260,127,133,
2625,1045,510,535,1827,888,939,2086,1036,1050,1825,891,934,1041,481,560,261,128,133,
2630,1048,511,537,1831,889,942,2093,1039,1054,1829,894,935,1044,483,561,261,128,133,
2635,1049,512,537,1834,891,943,2094,1040,1054,1832,896,936,1045,484,561,262,128,134,
2640,1052,513,539,1838,893,945,2101,1045,1056,1836,897,939,1048,486,562,262,128,134,
2645,1053,513,540,1841,895,946,2102,1046,1056,1839,898,941,1049,486,563,263,129,134,
2650,1056,516,540,1845,898,947,2109,1050,1059,1843,898,945,1052,489,563,263,129,134,
2655,1057,517,540,1848,899,949,2110,1051,1059,1846,900,946,1053,489,564,264,130,134,
2660,1060,519,541,1852,899,953,2117,1053,1064,1850,901,949,1056,492,564,264,130,134,
2665,1061,519,542,1855,901,954,2118,1054,1064,1853,904,949,1057,493,564,265,130,135,
2670,1064,520,544,1859,903,956,2125,1056,1069,1857,906,951,1060,494,566,265,130,135,
2675,1065,521,544,1862,903,959,2126,1056,1070,1860,908,952,1061,494,567,266,131,135,
2680,1068,521,547,1866,904,962,2133,1059,1074,1864,911,953,1064,495,569,266,131,135,
2685,1069,521,548,1869,907,962,2134,1059,1075,1867,911,956,1065,495,570,267,131,136,
2690,1072,522,550,1873,909,964,2141,1061,1080,1871,914,957,1068,497,571,267,131,136,
2695,1073,523,550,1876,911,965,2142,1062,1080,1874,915,959,1069,498,571,268,132,136,
2700,1076,524,552,1880,913,967,2149,1066,1083,1878,917,961,1072,500,572,268,132,136,
2705,1077,525,552,1883,913,970,2150,1066,1084,1881,918,963,1073,501,572,269,132,137,
2710,1080,525,555,1887,916,971,2157,1069,1088,1885,920,965,1076,502,574,269,132,137,
2715,1081,525,556,1890,918,972,2158,1069,1089,1888,922,966,1077,502,575,270,133,137,
2720,1084,526,558,1894,921,973,2165,1072,1093,1892,923,969,1080,504,576,270,133,137,
2725,1085,527,558,1897,923,974,2166,1073,1093,1895,925,970,1081,504,577,271,133,138,
2730,1088,528,560,1901,924,977,2173,1076,1097,1899,926,973,1084,506,578,271,133,138,
2735,1089,529,560,1904,926,978,2174,1077,1097,1902,929,973,1085,506,579,272,133,139,
2740,1092,530,562,1908,930,978,2181,1079,1102,1906,932,974,1088,507,581,272,133,139,
2745,1093,530,563,1911,931,980,2182,1080,1102,1909,934,975,1089,508,581,273,134,139,
2750,1096,532,564,1915,932,983,2189,1080,1109,1913,936,977,1092,509,583,273,134,139,
2755,1097,533,564,1918,935,983,2190,1081,1109,1916,938,978,1093,510,583,274,134,140,
2760,1100,535,565,1922,938,984,2197,1084,1113,1920,940,980,1096,511,585,274,134,140,
2765,1101,536,565,1925,940,985,2198,1084,1114,1923,941,982,1097,512,585,275,134,141,
2770,1104,539,565,1929,940,989,2205,1088,1117,1927,944,983,1100,513,587,275,134,141,
2775,1105,540,565,1932,941,991,2206,1088,1118,1930,944,986,1101,513,588,276,135,141,
2780,1108,542,566,1936,943,993,2213,1094,1119,1934,947,987,1104,514,590,276,135,141,
2785,1109,543,566,1939,944,995,2214,1094,1120,1937,948,989,1105,515,590,277,136,141,
2790,1112,544,568,1943,946,997,2221,1099,1122,1941,951,990,1108,517,591,277,136,141,
2795,1113,544,569,1946,949,997,2222,1100,1122,1944,952,992,1109,518,591,278,136,142,
2800,1116,546,570,1950,951,999,2229,1105,1124,1948,953,995,1112,520,592,278,136,142,
2805,1117,547,570,1953,953,1000,2230,1105,1125,1951,954,997,1113,521,592,279,136,143,
2810,1120,548,572,1957,955,1002,2237,1108,1129,1955,958,997,1116,521,595,279,136,143,
2815,1121,548,573,1960,955,1005,2238,1109,1129,1958,961,997,1117,522,595,280,136,144,
2820,1124,549,575,1964,957,1007,2245,1112,1133,1962,965,997,1120,523,597,280,136,144,
2825,1125,549,576,1967,958,1009,2246,1112,1134,1965,968,997,1121,523,598,281,137,144,
2830,1128,552,576,1971,959,1012,2253,1112,1141,1969,969,1000,1124,523,601,281,137,144,
2835,1129,553,576,1974,959,1015,2254,1113,1141,1972,970,1002,1125,524,601,282,137,145,
2840,1132,555,577,1978,960,1018,2261,1117,1144,1976,972,1004,1128,524,604,282,137,145,
2845,1133,555,578,1981,962,1019,2262,1118,1144,1979,973,1006,1129,524,605,283,137,146,
2850,1136,556,580,1985,965,1020,2269,1122,1147,1983,976,1007,1132,526,606,283,137,146,
2855,1137,557,580,1988,966,1022,2270,1122,1148,1986,977,1009,1133,527,606,284,138,146,
2860,1140,559,581,1992,968,1024,2277,1126,1151,1990,978,1012,1136,529,607,284,138,146,
2865,1141,559,582,1995,969,1026,2278,1126,1152,1993,979,1014,1137,530,607,285,139,146,
2870,1144,562,582,1999,970,1029,2285,1126,1159,1997,982,1015,1140,531,609,285,139,146,
2875,1145,562,583,2002,971,1031,2286,1126,1160,2000,984,1016,1141,531,610,286,139,147,
2880,1148,563,585,2006,973,1033,2293,1127,1166,2004,986,1018,1144,533,611,286,139,147,
2885,1149,563,586,2009,975,1034,2294,1127,1167,2007,988,1019,1145,533,612,287,140,147,
2890,1152,564,588,2013,976,1037,2301,1131,1170,2011,990,1021,1148,534,614,287,140,147,
2895,1153,565,588,2016,978,1038,2302,1132,1170,2014,992,1022,1149,535,614,288,141,147,
2900,1156,565,591,2020,981,1039,2309,1135,1174,2018,994,1024,1152,537,615,288,141,147,
2905,1157,565,592,2023,982,1041,2310,1135,1175,2021,996,1025,1153,537,616,289,142,147,
2910,1160,567,593,2027,984,1043,2317,1138,1179,2025,996,1029,1156,537,619,289,142,147,
2915,1161,567,594,2030,986,1044,2318,1138,1180,2028,997,1031,1157,538,619,290,142,148,
2920,1164,568,596,2034,989,1045,2325,1139,1186,2032,999,1033,1160,540,620,290,142,148,
2925,1165,568,597,2037,990,1047,2326,1140,1186,2035,999,1036,1161,540,621,291,142,149,
2930,1168,570,598,2041,992,1049,2333,1143,1190,2039,1002,1037,1164,541,623,291,142,149,
2935,1169,571,598,2044,995,1049,2334,1144,1190,2042,1004,1038,1165,541,624,292,143,149,
2940,1172,571,601,2048,997,1051,2341,1149,1192,2046,1007,1039,1168,543,625,292,143,149,
2945,1173,571,602,2051,998,1053,2342,1149,1193,2049,1010,1039,1169,543,626,293,144,149,
2950,1176,573,603,2055,1001,1054,2349,1153,1196,2053,1012,1041,1172,546,626,293,144,149,
2955,1177,574,603,2058,1003,1055,2350,1154,1196,2056,1014,1042,1173,546,627,294,145,149,
2960,1180,576,604,2062,1005,1057,2357,1158,1199,2060,1017,1043,1176,548,628,294,145,149,
2965,1181,577,604,2065,1007,1058,2358,1158,1200,2063,1018,1045,1177,548,629,295,145,150,
2970,1184,578,606,2069,1009,1060,2365,1160,1205,2067,1021,1046,1180,549,631,295,145,150,
2975,1185,579,606,2072,1010,1062,2366,1161,1205,2070,1021,1049,1181,549,632,296,145,151,
2980,1188,581,607,2076,1012,1064,2373,1163,1210,2074,1024,1050,1184,551,633,296,145,151,
2985,1189,581,608,2079,1014,1065,2374,1163,1211,2077,1026,1051,1185,552,633,297,145,152,
2990,1192,581,611,2083,1017,1066,2381,1166,1215,2081,1028,1053,1188,554,634,297,145,152,
2995,1193,582,611,2086,1018,1068,2382,1167,1215,2084,1030,1054,1189,555,634,298,145,153,
3000,1196,583,613,2090,1020,1070,2389,1171,1218,2088,1033,1055,1192,558,634,298,145,153,
3005,1197,584,613,2093,1022,1071,2390,1172,1218,2091,1034,1057,1193,559,634,299,145,154,
3010,1200,584,616,2097,1024,1073,2397,1174,1223,2095,1037,1058,1196,560,636,299,145,154,
3015,1201,584,617,2100,1026,1074,2398,1174,1224,2098,1037,1061,1197,560,637,300,145,155,
3020,1204,585,619,2104,1029,1075,2405,1178,1227,2102,1039,1063,1200,560,640,300,145,155,
3025,1205,585,620,2107,1031,1076,2406,1179,1227,2105,1040,1065,1201,561,640,301,146,155,
3030,1208,585,623,2111,1034,1077,2413,1181,1232,2109,1041,1068,1204,563,641,301,146,155,
3035,1209,585,624,2114,1034,1080,2414,1181,1233,2112,1043,1069,1205,563,642,302,147,155,
3040,1212,586,626,2118,1036,1082,2421,1184,1237,2116,1046,1070,1208,563,645,302,147,155,
3045,1213,587,626,2121,1037,1084,2422,1185,1237,2119,1048,1071,1209,564,645,303,147,156,
3050,1216,589,627,2125,1040,1085,2429,1187,1242,2123,1048,1075,1212,566,646,303,147,156,
3055,1217,590,627,2128,1042,1086,2430,1188,1242,2126,1048,1078,1213,566,647,304,147,157,
3060,1220,592,628,2132,1045,1087,2437,1192,1245,2130,1050,1080,1216,569,647,304,147,157,
3065,1221,593,628,2135,1047,1088,2438,1192,1246,2133,1052,1081,1217,570,647,305,147,158,
3070,1224,595,629,2139,1050,1089,2445,1197,1248,2137,1055,1082,1220,571,649,305,147,158,
3075,1225,596,629,2142,1050,1092,2446,1198,1248,2140,1057,1083,1221,572,649,306,148,158,
3080,1228,598,630,2146,1053,1093,2453,1203,1250,2144,1058,1086,1224,574,650,306,148,158,
3085,1229,598,631,2149,1053,1096,2454,1204,1250,2147,1060,1087,1225,574,651,307,148,159,
3090,1232,601,631,2153,1054,1099,2461,1211,1250,2151,1062,1089,1228,576,652,307,148,159,
3095,1233,601,632,2156,1055,1101,2462,1212,1250,2154,1063,1091,1229,576,653,308,148,160,
3100,1236,603,633,2160,1055,1105,2469,1215,1254,2158,1065,1093,1232,579,653,308,148,160,
3105,1237,604,633,2163,1057,1106,2470,1215,1255,2161,1066,1095,1233,579,654,309,149,160,
3110,1240,605,635,2167,1060,1107,2477,1219,1258,2165,1069,1096,1236,582,654,309,149,160,
3115,1241,606,635,2170,1060,1110,2478,1220,1258,2168,1071,1097,1237,583,654,310,150,160,
3120,1244,608,636,2174,1063,1111,2485,1223,1262,2172,1074,1098,1240,584,656,310,150,160,
3125,1245,608,637,2177,1064,1113,2486,1224,1262,2175,1076,1099,1241,585,656,311,151,160,
3130,1248,610,638,2181,1066,1115,2493,1228,1265,2179,1078,1101,1244,587,657,311,151,160,
3135,1249,611,638,2184,1067,1117,2494,1229,1265,2182,1080,1102,1245,587,658,312,152,160,
3140,1252,612,640,2188,1069,1119,2501,1230,1271,2186,1083,1103,1248,589,659,312,152,160,
3145,1253,613,640,2191,1070,1121,2502,1230,1272,2189,1085,1104,1249,589,660,313,153,160,
3150,1256,615,641,2195,1071,1124,2509,1233,1276,2193,1088,1105,1252,591,661,313,153,160,
3155,1257,615,642,2198,1072,1126,2510,1233,1277,2196,1089,1107,1253,591,662,314,154,160,
3160,1260,618,642,2202,1075,1127,2517,1237,1280,2200,1091,1109,1256,593,663,314,154,160,
3165,1261,619,642,2205,1077,1128,2518,1238,1280,2203,1091,1112,1257,593,664,315,154,161,
3170,1264,621,643,2209,1079,1130,2525,1241,1284,2207,1094,1113,1260,594,666,315,154,161,
3175,1265,621,644,2212,1080,1132,2526,1242,1284,2210,1095,1115,1261,594,667,316,155,161,
3180,1268,622,646,2216,1081,1135,2533,1244,1289,2214,1098,1116,1264,595,669,316,155,161,
3185,1269,623,646,2219,1082,1137,2534,1244,1290,2217,1098,1119,1265,595,670,317,155,162,
3190,1272,625,647,2223,1084,1139,2541,1248,1293,2221,1099,1122,1268,597,671,317,155,162,
3195,1273,625,648,2226,1087,1139,2542,1249,1293,2224,1099,1125,1269,597,672,318,155,163,
3200,1276,627,649,2230,1089,1141,2549,1254,1295,2228,1101,1127,1272,598,674,318,155,163,
3205,1277,627,650,2233,1091,1142,2550,1254,1296,2231,1103,1128,1273,599,674,319,156,163,
3210,1280,629,651,2237,1092,1145,2557,1259,1298,2235,1105,1130,1276,602,674,319,156,163,
3215,1281,629,652,2240,1093,1147,2558,1259,1299,2238,1107,1131,1277,603,674,320,157,163,
3220,1284,631,653,2244,1095,1149,2565,1261,1304,2242,1111,1131,1280,603,677,320,157,163,
3225,1285,631,654,2247,1098,1149,2566,1262,1304,2245,1112,1133,1281,603,678,321,157,164,
3230,1288,632,656,2251,1099,1152,2573,1266,1307,2249,1113,1136,1284,604,680,321,157,164,
3235,1289,633,656,2254,1100,1154,2574,1266,1308,2252,1113,1139,1285,604,681,322,158,164,
3240,1292,633,659,2258,1103,1155,2581,1267,1314,2256,1113,1143,1288,605,683,322,158,164,
3245,1293,633,660,2261,1105,1156,2582,1268,1314,2259,1113,1146,1289,605,684,323,159,164,
3250,1296,635,661,2265,1107,1158,2589,1272,1317,2263,1115,1148,1292,607,685,323,159,164,
3255,1297,636,661,2268,1108,1160,2590,1273,1317,2266,1116,1150,1293,607,686,324,160,164,
3260,1300,637,663,2272,1108,1164,2597,1277,1320,2270,1117,1153,1296,609,687,324,160,164,
3265,1301,638,663,2275,1110,1165,2598,1278,1320,2273,1119,1154,1297,609,688,325,161,164,
3270,1304,639,665,2279,1112,1167,2605,1284,1321,2277,1120,1157,1300,610,690,325,161,164,
3275,1305,639,666,2282,1113,1169,2606,1284,1322,2280,1121,1159,1301,610,691,326,161,165,
3280,1308,640,668,2286,1115,1171,2613,1289,1324,2284,1122,1162,1304,612,692,326,161,165,
3285,1309,641,668,2289,1118,1171,2614,1290,1324,2287,1124,1163,1305,613,692,327,161,166,
3290,1312,642,670,2293,1120,1173,2621,1291,1330,2291,1128,1163,1308,615,693,327,161,166,
3295,1313,642,671,2296,1122,1174,2622,1291,1331,2294,1130,1164,1309,615,694,328,161,167,
3300,1316,643,673,2300,1124,1176,2629,1295,1334,2298,1131,1167,1312,617,695,328,161,167,
3305,1317,644,673,2303,1125,1178,2630,1296,1334,2301,1132,1169,1313,617,696,329,162,167,
3310,1320,646,674,2307,1126,1181,2637,1300,1337,2305,1133,1172,1316,618,698,329,162,167,
3315,1321,646,675,2310,1126,1184,2638,1301,1337,2308,1135,1173,1317,619,698,330,162,168,
3320,1324,647,677,2314,1128,1186,2645,1305,1340,2312,1136,1176,1320,622,698,330,162,168,
3325,1325,648,677,2317,1130,1187,2646,1305,1341,2315,1138,1177,1321,623,698,331,162,169,
3330,1328,648,680,2321,1130,1191,2653,1309,1344,2319,1140,1179,1324,623,701,331,162,169,
3335,1329,648,681,2324,1132,1192,2654,1309,1345,2322,1142,1180,1325,623,702,332,162,170,
3340,1332,649,683,2328,1134,1194,2661,1311,1350,2326,1144,1182,1328,625,703,332,162,170,
3345,1333,649,684,2331,1137,1194,2662,1312,1350,2329,1146,1183,1329,626,703,333,163,170,
3350,1336,650,686,2335,1138,1197,2669,1316,1353,2333,1149,1184,1332,628,704,333,163,170,
3355,1337,651,686,2338,1140,1198,2670,1317,1353,2336,1151,1185,1333,629,704,334,164,170,
3360,1340,652,688,2342,1143,1199,2677,1319,1358,2340,1152,1188,1336,630,706,334,164,170,
3365,1341,653,688,2345,1145,1200,2678,1320,1358,2343,1154,1189,1337,631,706,335,165,170,
3370,1344,655,689,2349,1148,1201,2685,1327,1358,2347,1157,1190,1340,633,707,335,165,170,
3375,1345,655,690,2352,1148,1204,2686,1328,1358,2350,1159,1191,1341,634,707,336,165,171,
3380,1348,657,691,2356,1151,1205,2693,1333,1360,2354,1162,1192,1344,634,710,336,165,171,
3385,1349,658,691,2359,1151,1208,2694,1333,1361,2357,1163,1194,1345,634,711,337,166,171,
3390,1352,658,694,2363,1153,1210,2701,1336,1365,2361,1165,1196,1348,635,713,337,166,171,
3395,1353,658,695,2366,1154,1212,2702,1336,1366,2364,1166,1198,1349,635,714,338,167,171,
3400,1356,660,696,2370,1156,1214,2709,1340,1369,2368,1167,1201,1352,636,716,338,167,171,
3405,1357,661,696,2373,1157,1216,2710,1341,1369,2371,1167,1204,1353,636,717,339,168,171,
3410,1360,663,697,2377,1159,1218,2717,1344,1373,2375,1168,1207,1356,638,718,339,168,171,
3415,1361,664,697,2380,1161,1219,2718,1345,1373,2378,1169,1209,1357,639,718,340,168,172,
3420,1364,666,698,2384,1162,1222,2725,1351,1374,2382,1172,1210,1360,641,719,340,168,172,
3425,1365,667,698,2387,1165,1222,2726,1352,1374,2385,1174,1211,1361,641,720,341,168,173,
3430,1368,667,701,2391,1168,1223,2733,1354,1379,2389,1176,1213,1364,642,722,341,168,173,
3435,1369,667,702,2394,1169,1225,2734,1354,1380,2392,1176,1216,1365,643,722,342,168,174,
3440,1372,667,705,2398,1171,1227,2741,1359,1382,2396,1179,1217,1368,644,724,342,168,174,
3445,1373,668,705,2401,1173,1228,2742,1360,1382,2399,1181,1218,1369,645,724,343,168,175,
3450,1376,671,705,2405,1174,1231,2749,1361,1388,2403,1183,1220,1372,647,725,343,168,175,
3455,1377,671,706,2408,1175,1233,2750,1361,1389,2406,1183,1223,1373,648,725,344,168,176,
3460,1380,673,707,2412,1177,1235,2757,1366,1391,2410,1185,1225,1376,649,727,344,168,176,
3465,1381,673,708,2415,1179,1236,2758,1367,1391,2413,1186,1227,1377,650,727,345,168,177,
3470,1384,674,710,2419,1180,1239,2765,1372,1393,2417,1189,1228,1380,651,729,345,168,177,
3475,1385,674,711,2422,1180,1242,2766,1373,1393,2420,1190,1230,1381,651,730,346,168,178,
3480,1388,677,711,2426,1182,1244,2773,1375,1398,2424,1193,1231,1384,654,730,346,168,178,
3485,1389,677,712,2429,1185,1244,2774,1375,1399,2427,1194,1233,1385,655,730,347,168,179,
3490,1392,677,715,2433,1189,1244,2781,1376,1405,2431,1196,1235,1388,657,731,347,168,179,
3495,1393,677,716,2436,1191,1245,2782,1376,1406,2434,1197,1237,1389,658,731,348,169,179,
3500,1396,680,716,2440,1193,1247,2789,1380,1409,2438,1199,1239,1392,661,731,348,169,179,
3505,1397,681,716,2443,1195,1248,2790,1380,1410,2441,1200,1241,1393,662,731,349,170,179,
3510,1400,683,717,2447,1197,1250,2797,1384,1413,2445,1203,1242,1396,662,734,349,170,179,
3515,1401,683,718,2450,1198,1252,2798,1384,1414,2448,1205,1243,1397,662,735,350,171,179,
3520,1404,683,721,2454,1200,1254,2805,1388,1417,2452,1205,1247,1400,663,737,350,171,179,
3525,1405,683,722,2457,1202,1255,2806,1389,1417,2455,1208,1247,1401,663,738,351,171,180,
3530,1408,685,723,2461,1205,1256,2813,1394,1419,2459,1209,1250,1404,664,740,351,171,180,
3535,1409,686,723,2464,1206,1258,2814,1394,1420,2462,1212,1250,1405,664,741,352,172,180,
3540,1412,687,725,2468,1209,1259,2821,1397,1424,2466,1215,1251,1408,666,742,352,172,180,
3545,1413,687,726,2471,1209,1262,2822,1398,1424,2469,1217,1252,1409,667,742,353,173,180,
3550,1416,688,728,2475,1212,1263,2829,1404,1425,2473,1219,1254,1412,670,742,353,173,180,
3555,1417,689,728,2478,1214,1264,2830,1404,1426,2476,1219,1257,1413,671,742,354,173,181,
3560,1420,691,729,2482,1216,1266,2837,1409,1428,2480,1219,1261,1416,673,743,354,173,181,
3565,1421,692,729,2485,1218,1267,2838,1410,1428,2483,1221,1262,1417,674,743,355,173,182,
3570,1424,694,730,2489,1220,1269,2845,1414,1431,2487,1224,1263,1420,675,745,355,173,182,
3575,1425,694,731,2492,1222,1270,2846,1415,1431,2490,1226,1264,1421,675,746,356,174,182,
3580,1428,696,732,2496,1223,1273,2853,1418,1435,2494,1228,1266,1424,676,748,356,174,182,
3585,1429,696,733,2499,1223,1276,2854,1419,1435,2497,1231,1266,1425,676,749,357,174,183,
3590,1432,697,735,2503,1225,1278,2861,1422,1439,2501,1234,1267,1428,677,751,357,174,183,
3595,1433,698,735,2506,1226,1280,2862,1422,1440,2504,1236,1268,1429,677,752,358,174,184,
3600,1436,700,736,2510,1228,1282,2869,1426,1443,2508,1237,1271,1432,679,753,358,174,184,
3605,1437,701,736,2513,1228,1285,2870,1427,1443,2511,1238,1273,1433,680,753,359,175,184,
3610,1440,703,737,2517,1230,1287,2877,1432,1445,2515,1239,1276,1436,682,754,359,175,184,
3615,1441,704,737,2520,1230,1290,2878,1433,1445,2518,1241,1277,1437,682,755,360,176,184,
3620,1444,704,740,2524,1233,1291,2885,1435,1450,2522,1243,1279,1440,683,757,360,176,184,
3625,1445,704,741,2527,1233,1294,2886,1435,1451,2525,1245,1280,1441,683,758,361,177,184,
3630,1448,706,742,2531,1235,1296,2893,1439,1454,2529,1246,1283,1444,686,758,361,177,184,
3635,1449,707,742,2534,1236,1298,2894,1439,1455,2532,1248,1284,1445,687,758,362,177,185,
3640,1452,710,742,2538,1239,1299,2901,1443,1458,2536,1250,1286,1448,690,758,362,177,185,
3645,1453,710,743,2541,1241,1300,2902,1444,1458,2539,1252,1287,1449,690,759,363,177,186,
3650,1456,712,744,2545,1245,1300,2909,1448,1461,2543,1254,1289,1452,692,760,363,177,186,
3655,1457,712,745,2548,1248,1300,2910,1448,1462,2546,1255,1291,1453,693,760,364,177,187,
3660,1460,712,748,2552,1251,1301,2917,1450,1467,2550,1257,1293,1456,694,762,364,177,187,
3665,1461,712,749,2555,1253,1302,2918,1450,1468,2553,1259,1294,1457,694,763,365,177,188,
3670,1464,714,750,2559,1257,1302,2925,1452,1473,2557,1261,1296,1460,695,765,365,177,188,
3675,1465,714,751,2562,1259,1303,2926,1453,1473,2560,1263,1297,1461,695,766,366,177,189,
3680,1468,716,752,2566,1259,1307,2933,1455,1478,2564,1264,1300,1464,696,768,366,177,189,
3685,1469,717,752,2569,1261,1308,2934,1455,1479,2567,1265,1302,1465,697,768,367,177,190,
3690,1472,718,754,2573,1265,1308,2941,1457,1484,2571,1266,1305,1468,697,771,367,177,190,
3695,1473,718,755,2576,1268,1308,2942,1457,1485,2574,1267,1307,1469,698,771,368,177,191,
3700,1476,718,758,2580,1271,1309,2949,1459,1490,2578,1270,1308,1472,698,774,368,177,191,
3705,1477,718,759,2583,1272,1311,2950,1459,1491,2581,1271,1310,1473,698,775,369,178,191,
3710,1480,719,761,2587,1273,1314,2957,1464,1493,2585,1273,1312,1476,700,776,369,178,191,
3715,1481,719,762,2590,1275,1315,2958,1465,1493,2588,1274,1314,1477,701,776,370,178,192,
3720,1484,721,763,2594,1276,1318,2965,1469,1496,2592,1276,1316,1480,703,777,370,178,192,
3725,1485,722,763,2597,1277,1320,2966,1470,1496,2595,1277,1318,1481,704,777,371,179,192,
3730,1488,722,766,2601,1279,1322,2973,1472,1501,2599,1278,1321,1484,706,778,371,179,192,
3735,1489,722,767,2604,1280,1324,2974,1473,1501,2602,1279,1323,1485,706,779,372,180,192,
3740,1492,722,770,2608,1280,1328,2981,1475,1506,2606,1280,1326,1488,707,781,372,180,192,
3745,1493,723,770,2611,1280,1331,2982,1476,1506,2609,1282,1327,1489,708,781,373,180,193,
3750,1496,724,772,2615,1282,1333,2989,1477,1512,2613,1283,1330,1492,709,783,373,180,193,
3755,1497,724,773,2618,1283,1335,2990,1478,1512,2616,1284,1332,1493,709,784,374,180,194,
3760,1500,725,775,2622,1285,1337,2997,1481,1516,2620,1287,1333,1496,709,787,374,180,194,
3765,1501,726,775,2625,1287,1338,2998,1482,1516,2623,1289,1334,1497,709,788,375,180,195,
3770,1504,728,776,2629,1288,1341,3005,1484,1521,2627,1292,1335,1500,711,789,375,180,195,
3775,1505,728,777,2632,1289,1343,3006,1484,1522,2630,1294,1336,1501,712,789,376,180,196,
3780,1508,729,779,2636,1291,1345,3013,1486,1527,2634,1297,1337,1504,713,791,376,180,196,
3785,1509,729,780,2639,1294,1345,3014,1486,1528,2637,1298,1339,1505,714,791,377,180,197,
3790,1512,732,780,2643,1295,1348,3021,1486,1535,2641,1298,1343,1508,716,792,377,180,197,
3795,1513,732,781,2646,1297,1349,3022,1487,1535,2644,1301,1343,1509,716,793,378,181,197,
3800,1516,734,782,2650,1299,1351,3029,1489,1540,2648,1304,1344,1512,717,795,378,181,197,
3805,1517,735,782,2653,1301,1352,3030,1490,1540,2651,1306,1345,1513,717,796,379,182,197,
3810,1520,736,784,2657,1303,1354,3037,1495,1542,2655,1308,1347,1516,719,797,379,182,197,
3815,1521,736,785,2660,1306,1354,3038,1496,1542,2658,1308,1350,1517,720,797,380,182,198,
3820,1524,737,787,2664,1309,1355,3045,1498,1547,2662,1309,1353,1520,720,800,380,182,198,
3825,1525,738,787,2667,1310,1357,3046,1498,1548,2665,1310,1355,1521,720,801,381,183,198,
3830,1528,739,789,2671,1311,1360,3053,1501,1552,2669,1312,1357,1524,721,803,381,183,198,
3835,1529,740,789,2674,1313,1361,3054,1501,1553,2672,1315,1357,1525,722,803,382,184,198,
3840,1532,741,791,2678,1314,1364,3061,1504,1557,2676,1317,1359,1528,723,805,382,184,198,
3845,1533,742,791,2681,1316,1365,3062,1505,1557,2679,1320,1359,1529,724,805,383,184,199,
3850,1536,744,792,2685,1318,1367,3069,1509,1560,2683,1321,1362,1532,726,806,383,184,199,
3855,1537,744,793,2688,1320,1368,3070,1509,1561,2686,1323,1363,1533,727,806,384,185,199,
3860,1540,747,793,2692,1322,1370,3077,1512,1565,2690,1327,1363,1536,729,807,384,185,199,
3865,1541,747,794,2695,1325,1370,3078,1512,1566,2693,1329,1364,1537,729,808,385,186,199,
3870,1544,749,795,2699,1326,1373,3085,1515,1570,2697,1331,1366,1540,729,811,385,186,199,
3875,1545,749,796,2702,1327,1375,3086,1515,1571,2700,1333,1367,1541,730,811,386,187,199,
3880,1548,751,797,2706,1329,1377,3093,1517,1576,2704,1335,1369,1544,731,813,386,187,199,
3885,1549,751,798,2709,1332,1377,3094,1517,1577,2707,1337,1370,1545,732,813,387,188,199,
3890,1552,751,801,2713,1335,1378,3101,1521,1580,2711,1338,1373,1548,733,815,387,188,199,
3895,1553,751,802,2716,1336,1380,3102,1521,1581,2714,1339,1375,1549,734,815,388,189,199,
3900,1556,753,803,2720,1339,1381,3109,1525,1584,2718,1342,1376,1552,734,818,388,189,199,
3905,1557,754,803,2723,1342,1381,3110,1525,1585,2721,1342,1379,1553,734,819,389,189,200,
3910,1560,754,806,2727,1345,1382,3117,1530,1587,2725,1344,1381,1556,736,820,389,189,200,
3915,1561,754,807,2730,1347,1383,3118,1531,1587,2728,1346,1382,1557,737,820,390,189,201,
3920,1564,754,810,2734,1349,1385,3125,1536,1589,2732,1348,1384,1560,740,820,390,189,201,
3925,1565,755,810,2737,1350,1387,3126,1536,1590,2735,1348,1387,1561,740,821,391,190,201,
3930,1568,757,811,2741,1353,1388,3133,1541,1592,2739,1351,1388,1564,743,821,391,190,201,
3935,1569,757,812,2744,1354,1390,3134,1541,1593,2742,1353,1389,1565,744,821,392,190,202,
3940,1572,758,814,2748,1356,1392,3141,1544,1597,2746,1353,1393,1568,747,821,392,190,202,
3945,1573,759,814,2751,1358,1393,3142,1544,1598,2749,1354,1395,1569,748,821,393,190,203,
3950,1576,760,816,2755,1360,1395,3149,1547,1602,2753,1355,1398,1572,748,824,393,190,203,
3955,1577,760,817,2758,1360,1398,3150,1548,1602,2756,1358,1398,1573,749,824,394,191,203,
3960,1580,761,819,2762,1363,1399,3157,1553,1604,2760,1360,1400,1576,749,827,394,191,203,
3965,1581,761,820,2765,1365,1400,3158,1553,1605,2763,1361,1402,1577,750,827,395,192,203,
3970,1584,764,820,2769,1365,1404,3165,1556,1609,2767,1363,1404,1580,752,828,395,192,203,
3975,1585,764,821,2772,1365,1407,3166,1556,1610,2770,1363,1407,1581,752,829,396,192,204,
3980,1588,765,823,2776,1367,1409,3173,1558,1615,2774,1365,1409,1584,754,830,396,192,204,
3985,1589,765,824,2779,1367,1412,3174,1558,1616,2777,1367,1410,1585,754,831,397,192,205,
3990,1592,766,826,2783,1368,1415,3181,1560,1621,2781,1369,1412,1588,755,833,397,192,205,
3995,1593,767,826,2786,1368,1418,3182,1560,1622,2784,1372,1412,1589,755,834,398,193,205,
4000,1596,768,828,2790,1370,1420,3189,1562,1627,2788,1373,1415,1592,758,834,398,193,205,
4005,1597,768,829,2793,1370,1423,3190,1562,1628,2791,1373,1418,1593,759,834,399,193,206,
4010,1600,769,831,2797,1371,1426,3197,1564,1633,2795,1374,1421,1596,761,835,399,193,206,
4015,1601,769,832,2800,1372,1428,3198,1564,1634,2798,1374,1424,1597,762,835,400,193,207,
4020,1604,770,834,2804,1373,1431,3205,1567,1638,2802,1376,1426,1600,762,838,400,193,207,
4025,1605,771,834,2807,1374,1433,3206,1567,1639,2805,1378,1427,1601,762,839,401,193,208,
4030,1608,772,836,2811,1375,1436,3213,1571,1642,2809,1379,1430,1604,764,840,401,193,208,
4035,1609,772,837,2814,1377,1437,3214,1572,1642,2812,1381,1431,1605,765,840,402,194,208,
4040,1612,773,839,2818,1378,1440,3221,1573,1648,2816,1383,1433,1608,765,843,402,194,208,
4045,1613,774,839,2821,1379,1442,3222,1574,1648,2819,1385,1434,1609,766,843,403,195,208,
4050,1616,774,842,2825,1382,1443,3229,1577,1652,2823,1387,1436,1612,768,844,403,195,208,
4055,1617,774,843,2828,1382,1446,3230,1577,1653,2826,1388,1438,1613,768,845,404,195,209,
4060,1620,776,844,2832,1384,1448,3237,1580,1657,2830,1389,1441,1616,771,845,404,195,209,
4065,1621,776,845,2835,1385,1450,3238,1580,1658,2833,1392,1441,1617,772,845,405,196,209,
4070,1624,777,847,2839,1388,1451,3245,1582,1663,2837,1393,1444,1620,772,848,405,196,209,
4075,1625,777,848,2842,1390,1452,3246,1582,1664,2840,1394,1446,1621,773,848,406,197,209,
4080,1628,779,849,2846,1392,1454,3253,1584,1669,2844,1398,1446,1624,774,850,406,197,209,
4085,1629,780,849,2849,1393,1456,3254,1585,1669,2847,1400,1447,1625,775,850,407,197,210,
4090,1632,783,849,2853,1396,1457,3261,1587,1674,2851,1401,1450,1628,778,850,407,197,210,
4095,1633,784,849,2856,1397,1459,3262,1588,1674,2854,1402,1452,1629,779,850,408,197,211,
4100,1636,785,851,2860,1398,1462,3269,1589,1680,2858,1403,1455,1632,782,850,408,197,211,
4105,1637,786,851,2863,1401,1462,3270,1590,1680,2861,1404,1457,1633,782,851,409,197,212,
4110,1640,788,852,2867,1403,1464,3277,1594,1683,2865,1406,1459,1636,782,854,409,197,212,
4115,1641,789,852,2870,1405,1465,3278,1594,1684,2868,1408,1460,1637,782,855,410,197,213,
4120,1644,789,855,2874,1408,1466,3285,1595,1690,2872,1408,1464,1640,783,857,410,197,213,
4125,1645,790,855,2877,1409,1468,3286,1596,1690,2875,1410,1465,1641,784,857,411,197,214,
4130,1648,792,856,2881,1410,1471,3293,1597,1696,2879,1410,1469,1644,784,860,411,197,214,
4135,1649,792,857,2884,1411,1473,3294,1597,1697,2882,1412,1470,1645,785,860,412,198,214,
4140,1652,793,859,2888,1413,1475,3301,1600,1701,2886,1415,1471,1648,786,862,412,198,214,
4145,1653,793,860,2891,1414,1477,3302,1601,1701,2889,1417,1472,1649,786,863,413,199,214,
4150,1656,795,861,2895,1416,1479,3309,1602,1707,2893,1420,1473,1652,788,864,413,199,214,
4155,1657,796,861,2898,1418,1480,3310,1603,1707,2896,1422,1474,1653,789,864,414,199,215,
4160,1660,798,862,2902,1419,1483,3317,1607,1710,2900,1424,1476,1656,791,865,414,199,215,
4165,1661,799,862,2905,1421,1484,3318,1608,1710,2903,1424,1479,1657,792,865,415,199,216,
4170,1664,799,865,2909,1424,1485,3325,1612,1713,2907,1428,1479,1660,794,866,415,199,216,
4175,1665,800,865,2912,1424,1488,3326,1613,1713,2910,1430,1480,1661,794,867,416,199,217,
4180,1668,802,866,2916,1426,1490,3333,1618,1715,2914,1430,1484,1664,795,869,416,199,217,
4185,1669,803,866,2919,1428,1491,3334,1619,1715,2917,1430,1487,1665,795,870,417,199,218,
4190,1672,805,867,2923,1429,1494,3341,1623,1718,2921,1431,1490,1668,795,873,417,199,218,
4195,1673,806,867,2926,1430,1496,3342,1623,1719,2924,1434,1490,1669,795,874,418,199,219,
4200,1676,809,867,2930,1432,1498,3349,1628,1721,2928,1436,1492,1672,796,876,418,199,219,
4205,1677,810,867,2933,1434,1499,3350,1629,1721,2931,1438,1493,1673,797,876,419,200,219,
4210,1680,811,869,2937,1437,1500,3357,1635,1722,2935,1440,1495,1676,798,878,419,200,219,
4215,1681,812,869,2940,1438,1502,3358,1635,1723,2938,1443,1495,1677,798,879,420,200,220,
4220,1684,814,870,2944,1440,1504,3365,1642,1723,2942,1444,1498,1680,798,882,420,200,220,
4225,1685,815,870,2947,1442,1505,3366,1643,1723,2945,1445,1500,1681,799,882,421,200,221,
4230,1688,816,872,2951,1444,1507,3373,1650,1723,2949,1448,1501,1684,800,884,421,200,221,
4235,1689,816,873,2954,1444,1510,3374,1651,1723,2952,1450,1502,1685,800,885,422,200,222,
4240,1692,817,875,2958,1445,1513,3381,1653,1728,2956,1452,1504,1688,801,887,422,200,222,
4245,1693,817,876,2961,1445,1516,3382,1654,1728,2959,1453,1506,1689,801,888,423,201,222,
4250,1696,819,877,2965,1447,1518,3389,1657,1732,2963,1455,1508,1692,803,889,423,201,222,
4255,1697,820,877,2968,1447,1521,3390,1657,1733,2966,1457,1509,1693,804,889,424,201,223,
4260,1700,820,880,2972,1450,1522,3397,1659,1738,2970,1459,1511,1696,804,892,424,201,223,
4265,1701,821,880,2975,1451,1524,3398,1659,1739,2973,1461,1512,1697,805,892,425,201,224,
4270,1704,822,882,2979,1453,1526,3405,1662,1743,2977,1464,1513,1700,808,892,425,201,224,
4275,1705,823,882,2982,1455,1527,3406,1662,1744,2980,1465,1515,1701,809,892,426,201,225,
4280,1708,823,885,2986,1457,1529,3413,1665,1748,2984,1466,1518,1704,810,894,426,201,225,
4285,1709,824,885,2989,1459,1530,3414,1666,1748,2987,1467,1520,1705,811,894,427,201,226,
4290,1712,827,885,2993,1460,1533,3421,1668,1753,2991,1469,1522,1708,814,894,427,201,226,
4295,1713,827,886,2996,1463,1533,3422,1668,1754,2994,1470,1524,1709,815,894,428,201,227,
4300,1716,828,888,3000,1464,1536,3429,1670,1759,2998,1470,1528,1712,815,897,428,201,227,
4305,1717,829,888,3003,1465,1538,3430,1671,1759,3001,1472,1529,1713,815,898,429,201,228,
4310,1720,830,890,3007,1467,1540,3437,1674,1763,3005,1475,1530,1716,817,899,429,201,228,
4315,1721,831,890,3010,1469,1541,3438,1675,1763,3008,1475,1533,1717,817,900,430,202,228,
4320,1724,834,890,3014,1471,1543,3445,1681,1764,3012,1479,1533,1720,819,901,430,202,228,
4325,1725,835,890,3017,1472,1545,3446,1682,1764,3015,1479,1536,1721,820,901,431,202,229,
4330,1728,835,893,3021,1474,1547,3453,1686,1767,3019,1481,1538,1724,823,901,431,202,229,
4335,1729,835,894,3024,1476,1548,3454,1686,1768,3022,1482,1540,1725,823,902,432,202,230,
4340,1732,835,897,3028,1479,1549,3461,1690,1771,3026,1484,1542,1728,826,902,432,202,230,
4345,1733,835,898,3031,1482,1549,3462,1690,1772,3029,1487,1542,1729,827,902,433,203,230,
4350,1736,837,899,3035,1483,1552,3469,1695,1774,3033,1489,1544,1732,829,903,433,203,230,
4355,1737,838,899,3038,1485,1553,3470,1695,1775,3036,1489,1547,1733,829,904,434,203,231,
4360,1740,839,901,3042,1488,1554,3477,1698,1779,3040,1491,1549,1736,830,906,434,203,231,
4365,1741,840,901,3045,1490,1555,3478,1698,1780,3043,1493,1550,1737,831,906,435,203,232,
4370,1744,841,903,3049,1491,1558,3485,1701,1784,3047,1495,1552,1740,832,908,435,203,232,
4375,1745,842,903,3052,1492,1560,3486,1702,1784,3050,1496,1554,1741,832,909,436,204,232,
4380,1748,844,904,3056,1495,1561,3493,1705,1788,3054,1498,1556,1744,835,909,436,204,232,
4385,1749,845,904,3059,1497,1562,3494,1706,1788,3057,1501,1556,1745,835,910,437,205,232,
4390,1752,847,905,3063,1497,1566,3501,1711,1790,3061,1502,1559,1748,836,912,437,205,232,
4395,1753,847,906,3066,1499,1567,3502,1712,1790,3064,1504,1560,1749,836,913,438,206,232,
4400,1756,849,907,3070,1501,1569,3509,1718,1791,3068,1506,1562,1752,836,916,438,206,232,
4405,1757,849,908,3073,1503,1570,3510,1718,1792,3071,1509,1562,1753,836,917,439,207,232,
4410,1760,849,911,3077,1503,1574,3517,1722,1795,3075,1510,1565,1756,837,919,439,207,232,
4415,1761,850,911,3080,1504,1576,3518,1723,1795,3078,1513,1565,1757,837,920,440,207,233,
4420,1764,851,913,3084,1507,1577,3525,1726,1799,3082,1513,1569,1760,838,922,440,207,233,
4425,1765,852,913,3087,1507,1580,3526,1727,1799,3085,1515,1570,1761,838,923,441,208,233,
4430,1768,852,916,3091,1510,1581,3533,1729,1804,3089,1517,1572,1764,841,923,441,208,233,
4435,1769,852,917,3094,1512,1582,3534,1729,1805,3092,1519,1573,1765,841,924,442,209,233,
4440,1772,854,918,3098,1512,1586,3541,1732,1809,3096,1521,1575,1768,841,927,442,209,233,
4445,1773,854,919,3101,1513,1588,3542,1733,1809,3099,1522,1577,1769,841,928,443,210,233,
4450,1776,854,922,3105,1517,1588,3549,1737,1812,3103,1522,1581,1772,842,930,443,210,233,
4455,1777,854,923,3108,1518,1590,3550,1737,1813,3106,1523,1583,1773,842,931,444,210,234,
4460,1780,855,925,3112,1522,1590,3557,1738,1819,3110,1524,1586,1776,843,933,444,210,234,
4465,1781,856,925,3115,1525,1590,3558,1739,1819,3113,1525,1588,1777,844,933,445,210,235,
4470,1784,856,928,3119,1525,1594,3565,1744,1821,3117,1528,1589,1780,846,934,445,210,235,
4475,1785,857,928,3122,1528,1594,3566,1744,1822,3120,1529,1591,1781,847,934,446,211,235,
4480,1788,859,929,3126,1529,1597,3573,1748,1825,3124,1532,1592,1784,848,936,446,211,235,
4485,1789,859,930,3129,1529,1600,3574,1749,1825,3127,1533,1594,1785,848,937,447,211,236,
4490,1792,859,933,3133,1531,1602,3581,1752,1829,3131,1535,1596,1788,848,940,447,211,236,
4495,1793,859,934,3136,1532,1604,3582,1753,1829,3134,1536,1598,1789,849,940,448,211,237,
4500,1796,859,937,3140,1534,1606,3589,1754,1835,3138,1538,1600,1792,850,942,448,211,237,
4505,1797,860,937,3143,1534,1609,3590,1755,1835,3141,1539,1602,1793,851,942,449,212,237,
4510,1800,862,938,3147,1534,1613,3597,1756,1841,3145,1542,1603,1796,851,945,449,212,237,
4515,1801,863,938,3150,1536,1614,3598,1757,1841,3148,1543,1605,1797,852,945,450,212,238,
4520,1804,865,939,3154,1537,1617,3605,1758,1847,3152,1544,1608,1800,855,945,450,212,238,
4525,1805,866,939,3157,1539,1618,3606,1759,1847,3155,1544,1611,1801,855,946,451,212,239,
4530,1808,867,941,3161,1542,1619,3613,1763,1850,3159,1546,1613,1804,856,948,451,212,239,
4535,1809,867,942,3164,1544,1620,3614,1763,1851,3162,1548,1614,1805,856,949,452,212,240,
4540,1812,868,944,3168,1545,1623,3621,1768,1853,3166,1550,1616,1808,856,952,452,212,240,
4545,1813,868,945,3171,1545,1626,3622,1768,1854,3169,1551,1618,1809,857,952,453,212,241,
4550,1816,870,946,3175,1545,1630,3629,1771,1858,3173,1552,1621,1812,859,953,453,212,241,
4555,1817,871,946,3178,1548,1630,3630,1772,1858,3176,1552,1624,1813,860,953,454,213,241,
4560,1820,872,948,3182,1550,1632,3637,1776,1861,3180,1554,1626,1816,863,953,454,213,241,
4565,1821,873,948,3185,1552,1633,3638,1777,1861,3183,1555,1628,1817,863,954,455,214,241,
4570,1824,874,950,3189,1554,1635,3645,1780,1865,3187,1556,1631,1820,864,956,455,214,241,
4575,1825,874,951,3192,1556,1636,3646,1780,1866,3190,1556,1634,1821,865,956,456,215,241,
4580,1828,875,953,3196,1557,1639,3653,1785,1868,3194,1558,1636,1824,866,958,456,215,241,
4585,1829,875,954,3199,1558,1641,3654,1785,1869,3197,1559,1638,1825,867,958,457,215,242,
4590,1832,876,956,3203,1560,1643,3661,1786,1875,3201,1561,1640,1828,870,958,457,215,242,
4595,1833,876,957,3206,1560,1646,3662,1786,1876,3204,1562,1642,1829,870,959,458,216,242,
4600,1836,877,959,3210,1561,1649,3669,1788,1881,3208,1565,1643,1832,871,961,458,216,242,
4605,1837,878,959,3213,1562,1651,3670,1789,1881,3211,1567,1644,1833,872,961,459,216,243,
4610,1840,880,960,3217,1564,1653,3677,1792,1885,3215,1570,1645,1836,873,963,459,216,243,
4615,1841,881,960,3220,1564,1656,3678,1792,1886,3218,1572,1646,1837,874,963,460,216,244,
4620,1844,883,961,3224,1566,1658,3685,1798,1887,3222,1574,1648,1840,877,963,460,216,244,
4625,1845,884,961,3227,1567,1660,3686,1799,1887,3225,1577,1648,1841,877,964,461,217,244,
4630,1848,885,963,3231,1568,1663,3693,1800,1893,3229,1581,1648,1844,878,966,461,217,244,
4635,1849,886,963,3234,1569,1665,3694,1800,1894,3232,1582,1650,1845,878,967,462,218,244,
4640,1852,889,963,3238,1571,1667,3701,1805,1896,3236,1584,1652,1848,879,969,462,218,244,
4645,1853,890,963,3241,1573,1668,3702,1806,1896,3239,1584,1655,1849,879,970,463,219,244,
4650,1856,891,965,3245,1574,1671,3709,1807,1902,3243,1585,1658,1852,880,972,463,219,244,
4655,1857,892,965,3248,1576,1672,3710,1807,1903,3246,1585,1661,1853,880,973,464,219,245,
4660,1860,895,965,3252,1578,1674,3717,1810,1907,3250,1588,1662,1856,881,975,464,219,245,
4665,1861,896,965,3255,1579,1676,3718,1810,1908,3253,1591,1662,1857,881,976,465,219,246,
4670,1864,897,967,3259,1581,1678,3725,1813,1912,3257,1593,1664,1860,881,979,465,219,246,
4675,1865,897,968,3262,1583,1679,3726,1814,1912,3260,1594,1666,1861,881,980,466,220,246,
4680,1868,898,970,3266,1584,1682,3733,1819,1914,3264,1597,1667,1864,883,981,466,220,246,
4685,1869,899,970,3269,1585,1684,3734,1819,1915,3267,1600,1667,1865,884,981,467,220,247,
4690,1872,902,970,3273,1586,1687,3741,1821,1920,3271,1602,1669,1868,884,984,467,220,247,
4695,1873,903,970,3276,1586,1690,3742,1821,1921,3274,1603,1671,1869,885,984,468,221,247,
4700,1876,904,972,3280,1588,1692,3749,1823,1926,3278,1605,1673,1872,887,985,468,221,247,
4705,1877,905,972,3283,1589,1694,3750,1823,1927,3281,1607,1674,1873,887,986,469,221,248,
4710,1880,906,974,3287,1592,1695,3757,1826,1931,3285,1609,1676,1876,890,986,469,221,248,
4715,1881,907,974,3290,1592,1698,3758,1827,1931,3288,1611,1677,1877,891,986,470,221,249,
4720,1884,909,975,3294,1595,1699,3765,1831,1934,3292,1613,1679,1880,893,987,470,221,249,
4725,1885,910,975,3297,1596,1701,3766,1832,1934,3295,1616,1679,1881,894,987,471,222,249,
4730,1888,910,978,3301,1599,1702,3773,1835,1938,3299,1616,1683,1884,897,987,471,222,249,
4735,1889,910,979,3304,1599,1705,3774,1835,1939,3302,1618,1684,1885,897,988,472,222,250,
4740,1892,911,981,3308,1599,1709,3781,1840,1941,3306,1620,1686,1888,898,990,472,222,250,
4745,1893,911,982,3311,1599,1712,3782,1841,1941,3309,1622,1687,1889,899,990,473,223,250,
4750,1896,912,984,3315,1599,1716,3789,1845,1944,3313,1623,1690,1892,901,991,473,223,250,
4755,1897,913,984,3318,1600,1718,3790,1845,1945,3316,1624,1692,1893,902,991,474,224,250,
4760,1900,914,986,3322,1602,1720,3797,1850,1947,3320,1626,1694,1896,902,994,474,224,250,
4765,1901,914,987,3325,1604,1721,3798,1851,1947,3323,1626,1697,1897,902,995,475,224,251,
4770,1904,915,989,3329,1605,1724,3805,1857,1948,3327,1628,1699,1900,904,996,475,224,251,
4775,1905,915,990,3332,1607,1725,3806,1857,1949,3330,1630,1700,1901,904,997,476,224,252,
4780,1908,915,993,3336,1610,1726,3813,1863,1950,3334,1632,1702,1904,906,998,476,224,252,
4785,1909,916,993,3339,1612,1727,3814,1864,1950,3337,1635,1702,1905,907,998,477,224,253,
4790,1912,917,995,3343,1613,1730,3821,1869,1952,3341,1638,1703,1908,908,1000,477,224,253,
4795,1913,918,995,3346,1615,1731,3822,1870,1952,3344,1638,1706,1909,908,1001,478,224,254,
4800,1916,920,996,3350,1617,1733,3829,1873,1956,3348,1639,1709,1912,911,1001,478,224,254,
4805,1917,920,997,3353,1619,1734,3830,1873,1957,3351,1639,1712,1913,911,1002,479,224,255,
4810,1920,922,998,3357,1620,1737,3837,1876,1961,3355,1641,1714,1916,914,1002,479,224,255,
4815,1921,923,998,3360,1623,1737,3838,1876,1962,3358,1641,1717,1917,914,1003,480,224,256,
4820,1924,924,1000,3364,1623,1741,3845,1880,1965,3362,1643,1719,1920,915,1005,480,224,256,
4825,1925,924,1001,3367,1624,1743,3846,1881,1965,3365,1644,1721,1921,916,1005,481,225,256,
4830,1928,926,1002,3371,1626,1745,3853,1881,1972,3369,1646,1723,1924,916,1008,481,225,256,
4835,1929,927,1002,3374,1628,1746,3854,1881,1973,3372,1648,1724,1925,916,1009,482,226,256,
4840,1932,928,1004,3378,1629,1749,3861,1885,1976,3376,1649,1727,1928,919,1009,482,226,256,
4845,1933,929,1004,3381,1632,1749,3862,1885,1977,3379,1650,1729,1929,919,1010,483,226,257,
4850,1936,931,1005,3385,1633,1752,3869,1891,1978,3383,1652,1731,1932,920,1012,483,226,257,
4855,1937,931,1006,3388,1633,1755,3870,1891,1979,3386,1653,1733,1933,921,1012,484,226,258,
4860,1940,932,1008,3392,1633,1759,3877,1895,1982,3390,1655,1735,1936,922,1014,484,226,258,
4865,1941,933,1008,3395,1634,1761,3878,1896,1982,3393,1657,1736,1937,922,1015,485,226,259,
4870,1944,936,1008,3399,1637,1762,3885,1900,1985,3397,1659,1738,1940,922,1018,485,226,259,
4875,1945,937,1008,3402,1638,1764,3886,1900,1986,3400,1661,1739,1941,923,1018,486,226,260,
4880,1948,938,1010,3406,1640,1766,3893,1904,1989,3404,1663,1741,1944,926,1018,486,226,260,
4885,1949,938,1011,3409,1642,1767,3894,1904,1990,3407,1665,1742,1945,926,1019,487,226,261,
4890,1952,940,1012,3413,1645,1768,3901,1907,1994,3411,1667,1744,1948,928,1020,487,226,261,
4895,1953,941,1012,3416,1645,1771,3902,1908,1994,3414,1669,1745,1949,928,1021,488,226,262,
4900,1956,943,1013,3420,1647,1773,3909,1913,1996,3418,1672,1746,1952,929,1023,488,226,262,
4905,1957,944,1013,3423,1650,1773,3910,1913,1997,3421,1673,1748,1953,930,1023,489,227,262,
4910,1960,944,1016,3427,1651,1776,3917,1919,1998,3425,1676,1749,1956,932,1024,489,227,262,
4915,1961,944,1017,3430,1652,1778,3918,1920,1998,3428,1676,1752,1957,932,1025,490,228,262,
4920,1964,945,1019,3434,1653,1781,3925,1922,2003,3432,1676,1756,1960,932,1028,490,228,262,
4925,1965,946,1019,3437,1655,1782,3926,1922,2004,3435,1678,1757,1961,933,1028,491,229,262,
4930,1968,947,1021,3441,1656,1785,3933,1926,2007,3439,1680,1759,1964,935,1029,491,229,262,
4935,1969,947,1022,3444,1656,1788,3934,1927,2007,3442,1680,1762,1965,935,1030,492,230,262,
4940,1972,950,1022,3448,1658,1790,3941,1930,2011,3446,1682,1764,1968,936,1032,492,230,262,
4945,1973,950,1023,3451,1659,1792,3942,1931,2011,3449,1683,1766,1969,936,1033,493,231,262,
4950,1976,951,1025,3455,1660,1795,3949,1932,2017,3453,1684,1769,1972,937,1035,493,231,262,
4955,1977,952,1025,3458,1661,1797,3950,1933,2017,3456,1686,1770,1973,937,1036,494,231,263,
4960,1980,953,1027,3462,1663,1799,3957,1937,2020,3460,1689,1771,1976,940,1036,494,231,263,
4965,1981,954,1027,3465,1663,1802,3958,1937,2021,3463,1691,1772,1977,941,1036,495,231,264,
4970,1984,955,1029,3469,1666,1803,3965,1941,2024,3467,1693,1774,1980,944,1036,495,231,264,
4975,1985,956,1029,3472,1669,1803,3966,1941,2025,3470,1695,1775,1981,944,1037,496,232,264,
4980,1988,957,1031,3476,1671,1805,3973,1945,2028,3474,1697,1777,1984,946,1038,496,232,264,
4985,1989,957,1032,3479,1671,1808,3974,1945,2029,3477,1698,1779,1985,947,1038,497,233,264,
4990,1992,959,1033,3483,1672,1811,3981,1947,2034,3481,1699,1782,1988,948,1040,497,233,264,
4995,1993,960,1033,3486,1674,1812,3982,1947,2035,3484,1701,1783,1989,948,1041,498,233,265,
5000,1996,960,1036,3490,1677,1813,3989,1950,2039,3488,1704,1784,1992,949,1043,498,233,265,
5005,1997,960,1037,3493,1677,1816,3990,1950,2040,3491,1706,1785,1993,949,1044,499,234,265,
5010,2000,961,1039,3497,1678,1819,3997,1955,2042,3495,1709,1786,1996,951,1045,499,234,265,
5015,2001,962,1039,3500,1679,1821,3998,1956,2042,3498,1711,1787,1997,951,1046,500,235,265,
5020,2004,963,1041,3504,1683,1821,4005,1959,2046,3502,1713,1789,2000,951,1049,500,235,265,
5025,2005,963,1042,3507,1685,1822,4006,1960,2046,3505,1715,1790,2001,951,1050,501,235,266,
5030,2008,964,1044,3511,1687,1824,4013,1964,2049,3509,1716,1793,2004,954,1050,501,235,266,
5035,2009,964,1045,3514,1689,1825,4014,1964,2050,3512,1718,1794,2005,955,1050,502,235,267,
5040,2012,964,1048,3518,1692,1826,4021,1968,2053,3516,1720,1796,2008,957,1051,502,235,267,
5045,2013,964,1049,3521,1694,1827,4022,1969,2053,3519,1723,1796,2009,957,1052,503,235,268,
5050,2016,966,1050,3525,1696,1829,4029,1974,2055,3523,1725,1798,2012,958,1054,503,235,268,
5055,2017,967,1050,3528,1696,1832,4030,1975,2055,3526,1728,1798,2013,959,1054,504,235,269,
5060,2020,968,1052,3532,1700,1832,4037,1980,2057,3530,1731,1799,2016,962,1054,504,235,269,
5065,2021,968,1053,3535,1702,1833,4038,1980,2058,3533,1732,1801,2017,963,1054,505,236,269,
5070,2024,970,1054,3539,1704,1835,4045,1984,2061,3537,1734,1803,2020,965,1055,505,236,269,
5075,2025,971,1054,3542,1706,1836,4046,1985,2061,3540,1736,1804,2021,966,1055,506,237,269,
5080,2028,971,1057,3546,1708,1838,4053,1987,2066,3544,1738,1806,2024,969,1055,506,237,269,
5085,2029,971,1058,3549,1709,1840,4054,1988,2066,3547,1739,1808,2025,970,1055,507,237,270,
5090,2032,973,1059,3553,1712,1841,4061,1991,2070,3551,1740,1811,2028,973,1055,507,237,270,
5095,2033,974,1059,3556,1712,1844,4062,1992,2070,3554,1742,1812,2029,973,1056,508,238,270,
5100,2036,976,1060,3560,1715,1845,4069,1997,2072,3558,1743,1815,2032,973,1059,508,238,270,
5105,2037,976,1061,3563,1716,1847,4070,1997,2073,3561,1745,1816,2033,974,1059,509,238,271,
5110,2040,979,1061,3567,1718,1849,4077,2001,2076,3565,1746,1819,2036,976,1060,509,238,271,
5115,2041,980,1061,3570,1718,1852,4078,2002,2076,3568,1746,1822,2037,976,1061,510,239,271,
5120,2044,981,1063,3574,1721,1853,4085,2007,2078,3572,1747,1825,2040,977,1063,510,239,271,
5125,2045,981,1064,3577,1724,1853,4086,2007,2079,3575,1748,1827,2041,978,1063,511,240,271,
5130,2048,982,1066,3581,1727,1854,4093,2012,2081,3579,1749,1830,2044,979,1065,511,240,271,
5135,2049,983,1066,3584,1729,1855,4094,2012,2082,3582,1750,1832,2045,980,1065,512,240,272,
5140,2052,986,1066,3588,1731,1857,4101,2013,2088,3586,1753,1833,2048,982,1066,512,240,272,
5145,2053,986,1067,3591,1732,1859,4102,2013,2089,3589,1754,1835,2049,982,1067,513,241,272,
5150,2056,987,1069,3595,1734,1861,4109,2018,2091,3593,1755,1838,2052,982,1070,513,241,272,
5155,2057,987,1070,3598,1736,1862,4110,2019,2091,3596,1755,1841,2053,982,1071,514,241,273,
5160,2060,987,1073,3602,1739,1863,4117,2021,2096,3600,1756,1844,2056,985,1071,514,241,273,
5165,2061,987,1074,3605,1741,1864,4118,2021,2097,3603,1757,1846,2057,985,1072,515,242,273,
5170,2064,989,1075,3609,1742,1867,4125,2027,2098,3607,1759,1848,2060,987,1073,515,242,273,
5175,2065,990,1075,3612,1744,1868,4126,2028,2098,3610,1762,1848,2061,988,1073,516,243,273,
5180,2068,992,1076,3616,1745,1871,4133,2031,2102,3614,1764,1850,2064,991,1073,516,243,273,
5185,2069,993,1076,3619,1747,1872,4134,2032,2102,3617,1765,1852,2065,992,1073,517,243,274,
5190,2072,995,1077,3623,1749,1874,4141,2035,2106,3621,1768,1853,2068,993,1075,517,243,274,
5195,2073,996,1077,3626,1750,1876,4142,2036,2106,3624,1771,1853,2069,994,1075,518,244,274,
5200,2076,996,1080,3630,1750,1880,4149,2040,2109,3628,1774,1854,2072,995,1077,518,244,274,
5205,2077,997,1080,3633,1752,1881,4150,2040,2110,3631,1775,1856,2073,996,1077,519,244,275,
5210,2080,999,1081,3637,1756,1881,4157,2043,2114,3635,1777,1858,2076,999,1077,519,244,275,
5215,2081,1000,1081,3640,1758,1882,4158,2044,2114,3638,1778,1860,2077,1000,1077,520,244,276,
5220,2084,1001,1083,3644,1761,1883,4165,2049,2116,3642,1780,1862,2080,1003,1077,520,244,276,
5225,2085,1002,1083,3647,1764,1883,4166,2049,2117,3645,1780,1865,2081,1004,1077,521,245,276,
5230,2088,1005,1083,3651,1767,1884,4173,2054,2119,3649,1781,1868,2084,1005,1079,521,245,276,
5235,2089,1005,1084,3654,1768,1886,4174,2055,2119,3652,1781,1871,2085,1005,1080,522,246,276,
5240,2092,1006,1086,3658,1769,1889,4181,2057,2124,3656,1781,1875,2088,1007,1081,522,246,276,
5245,2093,1007,1086,3661,1770,1891,4182,2057,2125,3659,1783,1876,2089,1007,1082,523,247,276,
5250,2096,1010,1086,3665,1772,1893,4189,2063,2126,3663,1784,1879,2092,1008,1084,523,247,276,
5255,2097,1010,1087,3668,1773,1895,4190,2063,2127,3666,1785,1881,2093,1008,1085,524,248,276,
5260,2100,1012,1088,3672,1775,1897,4197,2068,2129,3670,1785,1885,2096,1010,1086,524,248,276,
5265,2101,1012,1089,3675,1777,1898,4198,2068,2130,3673,1786,1887,2097,1010,1087,525,249,276,
5270,2104,1014,1090,3679,1780,1899,4205,2070,2135,3677,1788,1889,2100,1011,1089,525,249,276,
5275,2105,1015,1090,3682,1781,1901,4206,2070,2136,3680,1790,1890,2101,1012,1089,526,250,276,
5280,2108,1017,1091,3686,1783,1903,4213,2076,2137,3684,1792,1892,2104,1012,1092,526,250,276,
5285,2109,1018,1091,3689,1784,1905,4214,2077,2137,3687,1793,1894,2105,1013,1092,527,250,277,
5290,2112,1019,1093,3693,1787,1906,4221,2080,2141,3691,1794,1897,2108,1014,1094,527,250,277,
5295,2113,1019,1094,3696,1789,1907,4222,2080,2142,3694,1795,1899,2109,1014,1095,528,251,277,
5300,2116,1020,1096,3700,1791,1909,4229,2082,2147,3698,1799,1899,2112,1015,1097,528,251,277,
5305,2117,1021,1096,3703,1793,1910,4230,2082,2148,3701,1802,1899,2113,1015,1098,529,251,278,
5310,2120,1023,1097,3707,1795,1912,4237,2088,2149,3705,1804,1901,2116,1016,1100,529,251,278,
5315,2121,1023,1098,3710,1796,1914,4238,2089,2149,3708,1805,1903,2117,1017,1100,530,251,279,
5320,2124,1026,1098,3714,1798,1916,4245,2090,2155,3712,1806,1906,2120,1018,1102,530,251,279,
5325,2125,1027,1098,3717,1800,1917,4246,2091,2155,3715,1809,1906,2121,1018,1103,531,251,280,
5330,2128,1029,1099,3721,1802,1919,4253,2095,2158,3719,1810,1909,2124,1020,1104,531,251,280,
5335,2129,1029,1100,3724,1803,1921,4254,2095,2159,3722,1813,1909,2125,1021,1104,532,251,281,
5340,2132,1030,1102,3728,1804,1924,4261,2095,2166,3726,1815,1911,2128,1023,1105,532,251,281,
5345,2133,1030,1103,3731,1805,1926,4262,2096,2166,3729,1817,1912,2129,1024,1105,533,251,282,
5350,2136,1032,1104,3735,1807,1928,4269,2098,2171,3733,1819,1914,2132,1025,1107,533,251,282,
5355,2137,1032,1105,3738,1808,1930,4270,2099,2171,3736,1821,1915,2133,1026,1107,534,252,282,
5360,2140,1033,1107,3742,1810,1932,4277,2102,2175,3740,1823,1917,2136,1027,1109,534,252,282,
5365,2141,1034,1107,3745,1812,1933,4278,2102,2176,3743,1825,1918,2137,1028,1109,535,252,283,
5370,2144,1036,1108,3749,1813,1936,4285,2104,2181,3747,1825,1922,2140,1029,1111,535,252,283,
5375,2145,1036,1109,3752,1816,1936,4286,2105,2181,3750,1827,1923,2141,1029,1112,536,252,284,
5380,2148,1039,1109,3756,1819,1937,4293,2106,2187,3754,1829,1925,2144,1030,1114,536,252,284,
5385,2149,1040,1109,3759,1820,1939,4294,2106,2188,3757,1830,1927,2145,1030,1115,537,253,284,
5390,2152,1042,1110,3763,1823,1940,4301,2107,2194,3761,1833,1928,2148,1032,1116,537,253,284,
5395,2153,1042,1111,3766,1823,1943,4302,2108,2194,3764,1834,1930,2149,1032,1117,538,253,285,
5400,2156,1045,1111,3770,1825,1945,4309,2111,2198,3768,1837,1931,2152,1034,1118,538,253,285,
5405,2157,1045,1112,3773,1825,1948,4310,2111,2199,3771,1838,1933,2153,1034,1119,539,254,285,
5410,2160,1046,1114,3777,1825,1952,4317,2113,2204,3775,1840,1935,2156,1036,1120,539,254,285,
5415,2161,1046,1115,3780,1825,1955,4318,2113,2205,3778,1841,1937,2157,1037,1120,540,255,285,
5420,2164,1047,1117,3784,1828,1956,4325,2115,2210,3782,1842,1940,2160,1038,1122,540,255,285,
5425,2165,1048,1117,3787,1829,1958,4326,2115,2211,3785,1844,1941,2161,1038,1123,541,256,285,
5430,2168,1050,1118,3791,1830,1961,4333,2119,2214,3789,1845,1944,2164,1039,1125,541,256,285,
5435,2169,1050,1119,3794,1831,1963,4334,2119,2215,3792,1846,1946,2165,1039,1126,542,257,285,
5440,2172,1052,1120,3798,1833,1965,4341,2123,2218,3796,1848,1948,2168,1040,1128,542,257,285,
5445,2173,1052,1121,3801,1836,1965,4342,2123,2219,3799,1850,1949,2169,1041,1128,543,258,285,
5450,2176,1054,1122,3805,1837,1968,4349,2126,2223,3803,1852,1951,2172,1042,1130,543,258,285,
5455,2177,1055,1122,3808,1838,1970,4350,2126,2224,3806,1854,1952,2173,1043,1130,544,258,286,
5460,2180,1057,1123,3812,1842,1970,4357,2129,2228,3810,1854,1956,2176,1043,1133,544,258,286,
5465,2181,1057,1124,3815,1843,1972,4358,2130,2228,3813,1856,1957,2177,1044,1133,545,258,287,
5470,2184,1059,1125,3819,1844,1975,4365,2134,2231,3817,1859,1958,2180,1045,1135,545,258,287,
5475,2185,1059,1126,3822,1847,1975,4366,2135,2231,3820,1861,1959,2181,1045,1136,546,259,287,
5480,2188,1060,1128,3826,1849,1977,4373,2137,2236,3824,1863,1961,2184,1047,1137,546,259,287,
5485,2189,1060,1129,3829,1850,1979,4374,2137,2237,3827,1865,1962,2185,1047,1138,547,259,288,
5490,2192,1062,1130,3833,1851,1982,4381,2141,2240,3831,1866,1965,2188,1049,1139,547,259,288,
5495,2193,1062,1131,3836,1854,1982,4382,2141,2241,3834,1867,1967,2189,1050,1139,548,260,288,
5500,2196,1064,1132,3840,1855,1985,4389,2145,2244,3838,1868,1970,2192,1051,1141,548,260,288,
5505,2197,1064,1133,3843,1858,1985,4390,2145,2245,3841,1870,1971,2193,1052,1141,549,261,288,
5510,2200,1065,1135,3847,1859,1988,4397,2148,2249,3845,1872,1973,2196,1053,1143,549,261,288,
5515,2201,1065,1136,3850,1861,1989,4398,2149,2249,3848,1873,1975,2197,1053,1144,550,262,288,
5520,2204,1068,1136,3854,1863,1991,4405,2154,2251,3852,1875,1977,2200,1053,1147,550,262,288,
5525,2205,1068,1137,3857,1866,1991,4406,2155,2251,3855,1877,1978,2201,1053,1148,551,263,288,
5530,2208,1068,1140,3861,1868,1993,4413,2159,2254,3859,1880,1979,2204,1055,1149,551,263,288,
5535,2209,1069,1140,3864,1870,1994,4414,2159,2255,3862,1882,1980,2205,1056,1149,552,263,289,
5540,2212,1069,1143,3868,1873,1995,4421,2161,2260,3866,1886,1980,2208,1058,1150,552,263,289,
5545,2213,1069,1144,3871,1874,1997,4422,2161,2261,3869,1887,1982,2209,1058,1151,553,264,289,
5550,2216,1072,1144,3875,1875,2000,4429,2164,2265,3873,1887,1986,2212,1059,1153,553,264,289,
5555,2217,1073,1144,3878,1877,2001,4430,2165,2265,3876,1890,1986,2213,1059,1154,554,265,289,
5560,2220,1076,1144,3882,1880,2002,4437,2167,2270,3880,1894,1986,2216,1061,1155,554,265,289,
5565,2221,1077,1144,3885,1882,2003,4438,2167,2271,3883,1896,1987,2217,1061,1156,555,265,290,
5570,2224,1078,1146,3889,1884,2005,4445,2169,2276,3887,1898,1989,2220,1062,1158,555,265,290,
5575,2225,1078,1147,3892,1885,2007,4446,2169,2277,3890,1899,1991,2221,1063,1158,556,266,290,
5580,2228,1079,1149,3896,1887,2009,4453,2170,2283,3894,1902,1992,2224,1064,1160,556,266,290,
5585,2229,1080,1149,3899,1888,2011,4454,2170,2284,3897,1903,1994,2225,1064,1161,557,266,291,
5590,2232,1080,1152,3903,1890,2013,4461,2174,2287,3901,1904,1997,2228,1066,1162,557,266,291,
5595,2233,1081,1152,3906,1891,2015,4462,2174,2288,3904,1904,2000,2229,1066,1163,558,267,291,
5600,2236,1083,1153,3910,1893,2017,4469,2175,2294,3908,1907,2001,2232,1068,1164,558,267,291,
5605,2237,1084,1153,3913,1895,2018,4470,2176,2294,3911,1910,2001,2233,1068,1165,559,268,291,
5610,2240,1085,1155,3917,1897,2020,4477,2180,2297,3915,1913,2002,2236,1068,1168,559,268,291,
5615,2241,1085,1156,3920,1897,2023,4478,2180,2298,3918,1916,2002,2237,1069,1168,560,269,291,
5620,2244,1086,1158,3924,1899,2025,4485,2181,2304,3922,1917,2005,2240,1069,1171,560,269,291,
5625,2245,1086,1159,3927,1899,2028,4486,2182,2304,3925,1919,2006,2241,1069,1172,561,269,292,
5630,2248,1088,1160,3931,1901,2030,4493,2185,2308,3929,1920,2009,2244,1069,1175,561,269,292,
5635,2249,1088,1161,3934,1903,2031,4494,2186,2308,3932,1922,2010,2245,1069,1176,562,269,293,
5640,2252,1089,1163,3938,1904,2034,4501,2189,2312,3936,1924,2012,2248,1072,1176,562,269,293,
5645,2253,1090,1163,3941,1907,2034,4502,2190,2312,3939,1925,2014,2249,1072,1177,563,269,294,
5650,2256,1092,1164,3945,1908,2037,4509,2194,2315,3943,1925,2018,2252,1073,1179,563,269,294,
5655,2257,1092,1165,3948,1909,2039,4510,2194,2316,3946,1926,2020,2253,1074,1179,564,270,294,
5660,2260,1093,1167,3952,1911,2041,4517,2198,2319,3950,1929,2021,2256,1075,1181,564,270,294,
5665,2261,1094,1167,3955,1913,2042,4518,2198,2320,3953,1931,2022,2257,1076,1181,565,270,295,
5670,2264,1095,1169,3959,1915,2044,4525,2198,2327,3957,1934,2023,2260,1078,1182,565,270,295,
5675,2265,1096,1169,3962,1917,2045,4526,2199,2327,3960,1937,2023,2261,1078,1183,566,270,296,
5680,2268,1097,1171,3966,1920,2046,4533,2201,2332,3964,1939,2025,2264,1078,1186,566,270,296,
5685,2269,1098,1171,3969,1922,2047,4534,2201,2333,3967,1941,2026,2265,1079,1186,567,271,296,
5690,2272,1099,1173,3973,1924,2049,4541,2204,2337,3971,1944,2027,2268,1081,1187,567,271,296,
5695,2273,1100,1173,3976,1925,2051,4542,2205,2337,3974,1945,2029,2269,1081,1188,568,272,296,
5700,2276,1101,1175,3980,1926,2054,4549,2208,2341,3978,1947,2031,2272,1084,1188,568,272,296,
5705,2277,1101,1176,3983,1928,2055,4550,2208,2342,3981,1947,2034,2273,1085,1188,569,272,297,
5710,2280,1103,1177,3987,1931,2056,4557,2213,2344,3985,1950,2035,2276,1087,1189,569,272,297,
5715,2281,1103,1178,3990,1931,2059,4558,2214,2344,3988,1952,2036,2277,1088,1189,570,273,297,
5720,2284,1104,1180,3994,1931,2063,4565,2219,2346,3992,1954,2038,2280,1090,1190,570,273,297,
5725,2285,1104,1181,3997,1931,2066,4566,2219,2347,3995,1954,2041,2281,1090,1191,571,273,298,
5730,2288,1106,1182,4001,1933,2068,4573,2222,2351,3999,1956,2043,2284,1093,1191,571,273,298,
5735,2289,1106,1183,4004,1935,2069,4574,2222,2352,4002,1957,2045,2285,1094,1191,572,274,298,
5740,2292,1108,1184,4008,1936,2072,4581,2225,2356,4006,1958,2048,2288,1096,1192,572,274,298,
5745,2293,1108,1185,4011,1936,2075,4582,2226,2356,4009,1960,2049,2289,1097,1192,573,275,298,
5750,2296,1108,1188,4015,1938,2077,4589,2230,2359,4013,1960,2053,2292,1099,1193,573,275,298,
5755,2297,1108,1189,4018,1940,2078,4590,2231,2359,4016,1961,2055,2293,1100,1193,574,275,299,
5760,2300,1109,1191,4022,1942,2080,4597,2233,2364,4020,1964,2056,2296,1100,1196,574,275,299,
5765,2301,1109,1192,4025,1945,2080,4598,2234,2364,4023,1966,2057,2297,1100,1197,575,275,300,
5770,2304,1110,1194,4029,1948,2081,4605,2237,2368,4027,1967,2060,2300,1100,1200,575,275,300,
5775,2305,1111,1194,4032,1951,2081,4606,2237,2369,4030,1970,2060,2301,1100,1201,576,275,301,
5780,2308,1113,1195,4036,1952,2084,4613,2240,2373,4034,1973,2061,2304,1101,1203,576,275,301,
5785,2309,1113,1196,4039,1955,2084,4614,2240,2374,4037,1974,2063,2305,1102,1203,577,276,301,
5790,2312,1115,1197,4043,1958,2085,4621,2244,2377,4041,1977,2064,2308,1103,1205,577,276,301,
5795,2313,1115,1198,4046,1960,2086,4622,2244,2378,4044,1978,2066,2309,1104,1205,578,277,301,
5800,2316,1116,1200,4050,1964,2086,4629,2245,2384,4048,1979,2069,2312,1106,1206,578,277,301,
5805,2317,1116,1201,4053,1966,2087,4630,2245,2385,4051,1981,2070,2313,1107,1206,579,277,302,
5810,2320,1116,1204,4057,1968,2089,4637,2249,2388,4055,1984,2071,2316,1110,1206,579,277,302,
5815,2321,1117,1204,4060,1971,2089,4638,2249,2389,4058,1986,2072,2317,1110,1207,580,278,302,
5820,2324,1118,1206,4064,1975,2089,4645,2252,2393,4062,1989,2073,2320,1111,1209,580,278,302,
5825,2325,1119,1206,4067,1975,2092,4646,2252,2394,4065,1990,2075,2321,1112,1209,581,279,302,
5830,2328,1121,1207,4071,1979,2092,4653,2255,2398,4069,1993,2076,2324,1115,1209,581,279,302,
5835,2329,1121,1208,4074,1980,2094,4654,2255,2399,4072,1996,2076,2325,1115,1210,582,280,302,
5840,2332,1122,1210,4078,1981,2097,4661,2259,2402,4076,1999,2077,2328,1118,1210,582,280,302,
5845,2333,1123,1210,4081,1983,2098,4662,2259,2403,4079,2001,2078,2329,1118,1211,583,281,302,
5850,2336,1125,1211,4085,1986,2099,4669,2260,2409,4083,2003,2080,2332,1119,1213,583,281,302,
5855,2337,1125,1212,4088,1986,2102,4670,2261,2409,4086,2003,2083,2333,1120,1213,584,281,303,
5860,2340,1125,1215,4092,1989,2103,4677,2264,2413,4090,2005,2085,2336,1121,1215,584,281,303,
5865,2341,1126,1215,4095,1992,2103,4678,2264,2414,4093,2007,2086,2337,1122,1215,585,281,304,
5870,2344,1127,1217,4099,1992,2107,4685,2269,2416,4097,2009,2088,2340,1123,1217,585,281,304,
5875,2345,1128,1217,4102,1994,2108,4686,2270,2416,4100,2011,2089,2341,1124,1217,586,281,305,
5880,2348,1129,1219,4106,1995,2111,4693,2272,2421,4104,2012,2092,2344,1125,1219,586,281,305,
5885,2349,1130,1219,4109,1996,2113,4694,2273,2421,4107,2014,2093,2345,1126,1219,587,281,306,
5890,2352,1132,1220,4113,1998,2115,4701,2278,2423,4111,2016,2095,2348,1127,1221,587,281,306,
5895,2353,1132,1221,4116,1999,2117,4702,2279,2423,4114,2018,2096,2349,1128,1221,588,281,307,
5900,2356,1135,1221,4120,2001,2119,4709,2283,2426,4118,2020,2098,2352,1129,1223,588,281,307,
5905,2357,1136,1221,4123,2004,2119,4710,2283,2427,4121,2022,2099,2353,1130,1223,589,281,308,
5910,2360,1138,1222,4127,2005,2122,4717,2288,2429,4125,2023,2102,2356,1131,1225,589,281,308,
5915,2361,1139,1222,4130,2006,2124,4718,2289,2429,4128,2024,2104,2357,1132,1225,590,281,309,
5920,2364,1140,1224,4134,2008,2126,4725,2290,2435,4132,2026,2106,2360,1133,1227,590,281,309,
5925,2365,1140,1225,4137,2008,2129,4726,2291,2435,4135,2026,2109,2361,1134,1227,591,282,309,
5930,2368,1141,1227,4141,2012,2129,4733,2294,2439,4139,2027,2112,2364,1136,1228,591,282,309,
5935,2369,1142,1227,4144,2013,2131,4734,2295,2439,4142,2030,2112,2365,1136,1229,592,282,310,
5940,2372,1144,1228,4148,2017,2131,4741,2298,2443,4146,2030,2116,2368,1139,1229,592,282,310,
5945,2373,1145,1228,4151,2019,2132,4742,2298,2444,4149,2031,2118,2369,1139,1230,593,283,310,
5950,2376,1147,1229,4155,2022,2133,4749,2302,2447,4153,2033,2120,2372,1142,1230,593,283,310,
5955,2377,1148,1229,4158,2024,2134,4750,2302,2448,4156,2035,2121,2373,1142,1231,594,284,310,
5960,2380,1150,1230,4162,2028,2134,4757,2306,2451,4160,2038,2122,2376,1143,1233,594,284,310,
5965,2381,1151,1230,4165,2030,2135,4758,2307,2451,4163,2039,2124,2377,1143,1234,595,284,311,
5970,2384,1153,1231,4169,2032,2137,4765,2310,2455,4167,2041,2126,2380,1146,1234,595,284,311,
5975,2385,1154,1231,4172,2033,2139,4766,2310,2456,4170,2042,2128,2381,1147,1234,596,285,311,
5980,2388,1154,1234,4176,2035,2141,4773,2313,2460,4174,2043,2131,2384,1148,1236,596,285,311,
5985,2389,1155,1234,4179,2037,2142,4774,2313,2461,4177,2043,2134,2385,1148,1237,597,285,312,
5990,2392,1158,1234,4183,2040,2143,4781,2316,2465,4181,2045,2136,2388,1149,1239,597,285,312,
5995,2393,1158,1235,4186,2041,2145,4782,2316,2466,4184,2046,2138,2389,1150,1239,598,286,312,
6000,2396,1158,1238,4190,2042,2148,4789,2319,2470,4188,2048,2140,2392,1151,1241,598,286,312,
6005,2397,1158,1239,4193,2043,2150,4790,2320,2470,4191,2051,2140,2393,1152,1241,599,287,312,
6010,2400,1160,1240,4197,2045,2152,4797,2325,2472,4195,2054,2141,2396,1154,1242,599,287,312,
6015,2401,1161,1240,4200,2046,2154,4798,2325,2473,4198,2055,2143,2397,1155,1242,600,288,312,
6020,2404,1162,1242,4204,2047,2157,4805,2328,2477,4202,2057,2145,2400,1156,1244,600,288,312,
6025,2405,1162,1243,4207,2048,2159,4806,2328,2478,4205,2059,2146,2401,1157,1244,601,288,313,
6030,2408,1163,1245,4211,2051,2160,4813,2330,2483,4209,2061,2148,2404,1159,1245,601,288,313,
6035,2409,1164,1245,4214,2053,2161,4814,2331,2483,4212,2063,2149,2405,1159,1246,602,289,313,
6040,2412,1166,1246,4218,2056,2162,4821,2335,2486,4216,2065,2151,2408,1160,1248,602,289,313,
6045,2413,1166,1247,4221,2058,2163,4822,2335,2487,4219,2066,2153,2409,1161,1248,603,289,314,
6050,2416,1168,1248,4225,2060,2165,4829,2336,2493,4223,2067,2156,2412,1161,1251,603,289,314,
6055,2417,1168,1249,4228,2061,2167,4830,2336,2494,4226,2069,2157,2413,1161,1252,604,290,314,
6060,2420,1170,1250,4232,2064,2168,4837,2340,2497,4230,2073,2157,2416,1163,1253,604,290,314,
6065,2421,1171,1250,4235,2066,2169,4838,2341,2497,4233,2074,2159,2417,1163,1254,605,291,314,
6070,2424,1174,1250,4239,2068,2171,4845,2343,2502,4237,2075,2162,2420,1164,1256,605,291,314,
6075,2425,1175,1250,4242,2068,2174,4846,2343,2503,4240,2076,2164,2421,1165,1256,606,291,315,
6080,2428,1176,1252,4246,2071,2175,4853,2348,2505,4244,2079,2165,2424,1166,1258,606,291,315,
6085,2429,1176,1253,4249,2072,2177,4854,2348,2506,4247,2081,2166,2425,1167,1258,607,291,316,
6090,2432,1177,1255,4253,2073,2180,4861,2348,2513,4251,2083,2168,2428,1170,1258,607,291,316,
6095,2433,1177,1256,4256,2075,2181,4862,2349,2513,4254,2085,2169,2429,1171,1258,608,292,316,
6100,2436,1179,1257,4260,2077,2183,4869,2353,2516,4258,2088,2170,2432,1172,1260,608,292,316,
6105,2437,1180,1257,4263,2079,2184,4870,2354,2516,4261,2090,2171,2433,1173,1260,609,292,317,
6110,2440,1182,1258,4267,2080,2187,4877,2357,2520,4265,2093,2172,2436,1175,1261,609,292,317,
6115,2441,1182,1259,4270,2081,2189,4878,2358,2520,4268,2096,2172,2437,1176,1261,610,293,317,
6120,2444,1184,1260,4274,2083,2191,4885,2360,2525,4272,2097,2175,2440,1177,1263,610,293,317,
6125,2445,1185,1260,4277,2085,2192,4886,2361,2525,4275,2098,2177,2441,1177,1264,611,293,318,
6130,2448,1186,1262,4281,2086,2195,4893,2365,2528,4279,2101,2178,2444,1178,1266,611,293,318,
6135,2449,1187,1262,4284,2087,2197,4894,2365,2529,4282,2101,2181,2445,1179,1266,612,293,319,
6140,2452,1189,1263,4288,2089,2199,4901,2369,2532,4286,2104,2182,2448,1182,1266,612,293,319,
6145,2453,1189,1264,4291,2091,2200,4902,2369,2533,4289,2105,2184,2449,1182,1267,613,293,320,
6150,2456,1189,1267,4295,2093,2202,4909,2373,2536,4293,2106,2187,2452,1182,1270,613,293,320,
6155,2457,1190,1267,4298,2094,2204,4910,2374,2536,4296,2107,2189,2453,1182,1271,614,293,321,
6160,2460,1192,1268,4302,2098,2204,4917,2377,2540,4300,2109,2191,2456,1183,1273,614,293,321,
6165,2461,1192,1269,4305,2099,2206,4918,2377,2541,4303,2110,2193,2457,1183,1274,615,293,322,
6170,2464,1195,1269,4309,2100,2209,4925,2382,2543,4307,2111,2196,2460,1185,1275,615,293,322,
6175,2465,1195,1270,4312,2101,2211,4926,2383,2543,4310,2113,2197,2461,1186,1275,616,293,323,
6180,2468,1198,1270,4316,2102,2214,4933,2387,2546,4314,2115,2199,2464,1188,1276,616,293,323,
6185,2469,1198,1271,4319,2103,2216,4934,2387,2547,4317,2117,2200,2465,1189,1276,617,294,323,
6190,2472,1200,1272,4323,2104,2219,4941,2392,2549,4321,2120,2201,2468,1191,1277,617,294,323,
6195,2473,1200,1273,4326,2106,2220,4942,2392,2550,4324,2120,2204,2469,1192,1277,618,294,324,
6200,2476,1201,1275,4330,2107,2223,4949,2394,2555,4328,2122,2206,2472,1193,1279,618,294,324,
6205,2477,1202,1275,4333,2109,2224,4950,2394,2556,4331,2124,2207,2473,1194,1279,619,295,324,
6210,2480,1203,1277,4337,2111,2226,4957,2399,2558,4335,2128,2207,2476,1197,1279,619,295,324,
6215,2481,1203,1278,4340,2111,2229,4958,2399,2559,4338,2130,2208,2477,1197,1280,620,296,324,
6220,2484,1205,1279,4344,2114,2230,4965,2402,2563,4342,2131,2211,2480,1198,1282,620,296,324,
6225,2485,1205,1280,4347,2115,2232,4966,2403,2563,4345,2132,2213,2481,1198,1283,621,296,325,
6230,2488,1206,1282,4351,2117,2234,4973,2407,2566,4349,2134,2215,2484,1198,1286,621,296,325,
6235,2489,1206,1283,4354,2119,2235,4974,2408,2566,4352,2136,2216,2485,1198,1287,622,297,325,
6240,2492,1207,1285,4358,2122,2236,4981,2408,2573,4356,2137,2219,2488,1200,1288,622,297,325,
6245,2493,1208,1285,4361,2122,2239,4982,2408,2574,4359,2138,2221,2489,1201,1288,623,297,326,
6250,2496,1209,1287,4365,2122,2243,4989,2411,2578,4363,2142,2221,2492,1203,1289,623,297,326,
6255,2497,1209,1288,4368,2124,2244,4990,2412,2578,4366,2144,2222,2493,1204,1289,624,298,326,
6260,2500,1209,1291,4372,2126,2246,4997,2416,2581,4370,2147,2223,2496,1205,1291,624,298,326,
6265,2501,1209,1292,4375,2128,2247,4998,2416,2582,4373,2149,2224,2497,1206,1291,625,299,326,
6270,2504,1211,1293,4379,2129,2250,5005,2419,2586,4377,2150,2227,2500,1208,1292,625,299,326,
6275,2505,1211,1294,4382,2131,2251,5006,2420,2586,4380,2152,2228,2501,1208,1293,626,299,327,
6280,2508,1213,1295,4386,2133,2253,5013,2423,2590,4384,2154,2230,2504,1211,1293,626,299,327,
6285,2509,1214,1295,4389,2134,2255,5014,2423,2591,4387,2154,2233,2505,1212,1293,627,299,328,
6290,2512,1216,1296,4393,2137,2256,5021,2427,2594,4391,2156,2235,2508,1214,1294,627,299,328,
6295,2513,1216,1297,4396,2138,2258,5022,2427,2595,4394,2159,2235,2509,1214,1295,628,300,328,
6300,2516,1217,1299,4400,2140,2260,5029,2431,2598,4398,2160,2238,2512,1215,1297,628,300,328,
6305,2517,1218,1299,4403,2143,2260,5030,2432,2598,4401,2162,2239,2513,1215,1298,629,301,328,
6310,2520,1218,1302,4407,2145,2262,5037,2434,2603,4405,2163,2242,2516,1217,1299,629,301,328,
6315,2521,1219,1302,4410,2146,2264,5038,2435,2603,4408,2166,2242,2517,1217,1300,630,302,328,
6320,2524,1220,1304,4414,2149,2265,5045,2439,2606,4412,2168,2244,2520,1218,1302,630,302,328,
6325,2525,1221,1304,4417,2150,2267,5046,2439,2607,4415,2170,2245,2521,1218,1303,631,302,329,
6330,2528,1221,1307,4421,2150,2271,5053,2443,2610,4419,2172,2247,2524,1221,1303,631,302,329,
6335,2529,1222,1307,4424,2153,2271,5054,2444,2610,4422,2173,2249,2525,1221,1304,632,302,330,
6340,2532,1224,1308,4428,2155,2273,5061,2447,2614,4426,2174,2252,2528,1222,1306,632,302,330,
6345,2533,1224,1309,4431,2157,2274,5062,2448,2614,4429,2175,2254,2529,1222,1307,633,302,331,
6350,2536,1225,1311,4435,2160,2275,5069,2451,2618,4433,2178,2255,2532,1223,1309,633,302,331,
6355,2537,1226,1311,4438,2161,2277,5070,2451,2619,4436,2178,2258,2533,1224,1309,634,302,332,
6360,2540,1227,1313,4442,2164,2278,5077,2454,2623,4440,2179,2261,2536,1227,1309,634,302,332,
6365,2541,1228,1313,4445,2166,2279,5078,2455,2623,4443,2180,2263,2537,1227,1310,635,302,333,
6370,2544,1229,1315,4449,2169,2280,5085,2459,2626,4447,2182,2265,2540,1228,1312,635,302,333,
6375,2545,1229,1316,4452,2171,2281,5086,2460,2626,4450,2183,2267,2541,1228,1313,636,302,334,
6380,2548,1230,1318,4456,2173,2283,5093,2463,2630,4454,2186,2268,2544,1230,1314,636,302,334,
6385,2549,1231,1318,4459,2176,2283,5094,2463,2631,4457,2187,2270,2545,1231,1314,637,303,334,
6390,2552,1233,1319,4463,2179,2284,5101,2468,2633,4461,2188,2273,2548,1233,1315,637,303,334,
6395,2553,1233,1320,4466,2180,2286,5102,2468,2634,4464,2190,2274,2549,1233,1316,638,304,334,
6400,2556,1234,1322,4470,2182,2288,5109,2469,2640,4468,2192,2276,2552,1235,1317,638,304,334,
6405,2557,1234,1323,4473,2185,2288,5110,2469,2641,4471,2194,2277,2553,1236,1317,639,304,335,
6410,2560,1237,1323,4477,2187,2290,5117,2471,2646,4475,2196,2279,2556,1239,1317,639,304,335,
6415,2561,1237,1324,4480,2188,2292,5118,2471,2647,4478,2198,2280,2557,1239,1318,640,304,336,
6420,2564,1239,1325,4484,2190,2294,5125,2477,2648,4482,2199,2283,2560,1241,1319,640,304,336,
6425,2565,1239,1326,4487,2191,2296,5126,2478,2648,4485,2202,2283,2561,1242,1319,641,305,336,
6430,2568,1241,1327,4491,2192,2299,5133,2482,2651,4489,2202,2287,2564,1244,1320,641,305,336,
6435,2569,1242,1327,4494,2192,2302,5134,2483,2651,4492,2204,2288,2565,1244,1321,642,305,337,
6440,2572,1245,1327,4498,2192,2306,5141,2487,2654,4496,2205,2291,2568,1245,1323,642,305,337,
6445,2573,1246,1327,4501,2193,2308,5142,2488,2654,4499,2206,2293,2569,1245,1324,643,306,337,
6450,2576,1248,1328,4505,2194,2311,5149,2491,2658,4503,2208,2295,2572,1246,1326,643,306,337,
6455,2577,1249,1328,4508,2195,2313,5150,2491,2659,4506,2210,2296,2573,1246,1327,644,306,338,
6460,2580,1250,1330,4512,2197,2315,5157,2496,2661,4510,2211,2299,2576,1246,1330,644,306,338,
6465,2581,1250,1331,4515,2199,2316,5158,2496,2662,4513,2212,2301,2577,1246,1331,645,306,339,
6470,2584,1251,1333,4519,2201,2318,5165,2501,2664,4517,2213,2304,2580,1247,1333,645,306,339,
6475,2585,1252,1333,4522,2203,2319,5166,2501,2665,4520,2215,2305,2581,1248,1333,646,307,339,
6480,2588,1254,1334,4526,2205,2321,5173,2502,2671,4524,2217,2307,2584,1250,1334,646,307,339,
6485,2589,1254,1335,4529,2206,2323,5174,2502,2672,4527,2218,2309,2585,1250,1335,647,308,339,
6490,2592,1257,1335,4533,2207,2326,5181,2508,2673,4531,2221,2310,2588,1252,1336,647,308,339,
6495,2593,1258,1335,4536,2210,2326,5182,2508,2674,4534,2222,2312,2589,1253,1336,648,308,340,
6500,2596,1260,1336,4540,2212,2328,5189,2511,2678,4538,2225,2313,2592,1256,1336,648,308,340,
6505,2597,1261,1336,4543,2212,2331,5190,2511,2679,4541,2226,2315,2593,1256,1337,649,308,341,
6510,2600,1262,1338,4547,2215,2332,5197,2513,2684,4545,2226,2319,2596,1257,1339,649,308,341,
6515,2601,1263,1338,4550,2215,2335,5198,2514,2684,4548,2228,2320,2597,1258,1339,650,308,342,
6520,2604,1264,1340,4554,2217,2337,5205,2516,2689,4552,2230,2322,2600,1258,1342,650,308,342,
6525,2605,1264,1341,4557,2219,2338,5206,2517,2689,4555,2230,2325,2601,1258,1343,651,308,343,
6530,2608,1267,1341,4561,2222,2339,5213,2520,2693,4559,2230,2329,2604,1260,1344,651,308,343,
6535,2609,1268,1341,4564,2224,2340,5214,2520,2694,4562,2231,2331,2605,1260,1345,652,308,344,
6540,2612,1269,1343,4568,2227,2341,5221,2524,2697,4566,2233,2333,2608,1261,1347,652,308,344,
6545,2613,1269,1344,4571,2228,2343,5222,2525,2697,4569,2236,2333,2609,1262,1347,653,308,345,
6550,2616,1270,1346,4575,2229,2346,5229,2528,2701,4573,2238,2335,2612,1263,1349,653,308,345,
6555,2617,1270,1347,4578,2229,2349,5230,2529,2701,4576,2238,2338,2613,1264,1349,654,309,345,
6560,2620,1272,1348,4582,2230,2352,5237,2531,2706,4580,2239,2341,2616,1265,1351,654,309,345,
6565,2621,1272,1349,4585,2230,2355,5238,2532,2706,4583,2239,2344,2617,1265,1352,655,310,345,
6570,2624,1273,1351,4589,2233,2356,5245,2534,2711,4587,2242,2345,2620,1266,1354,655,310,345,
6575,2625,1274,1351,4592,2235,2357,5246,2534,2712,4590,2244,2346,2621,1266,1355,656,311,345,
6580,2628,1276,1352,4596,2236,2360,5253,2537,2716,4594,2245,2349,2624,1268,1356,656,311,345,
6585,2629,1276,1353,4599,2237,2362,5254,2537,2717,4597,2246,2351,2625,1268,1357,657,312,345,
6590,2632,1278,1354,4603,2241,2362,5261,2541,2720,4601,2249,2352,2628,1269,1359,657,312,345,
6595,2633,1279,1354,4606,2242,2364,5262,2542,2720,4604,2250,2354,2629,1270,1359,658,312,346,
6600,2636,1281,1355,4610,2244,2366,5269,2544,2725,4608,2253,2355,2632,1272,1360,658,312,346,
6605,2637,1282,1355,4613,2244,2369,5270,2545,2725,4611,2254,2357,2633,1272,1361,659,312,347,
6610,2640,1284,1356,4617,2246,2371,5277,2548,2729,4615,2255,2360,2636,1275,1361,659,312,347,
6615,2641,1284,1357,4620,2247,2373,5278,2549,2729,4618,2256,2362,2637,1276,1361,660,312,348,
6620,2644,1284,1360,4624,2249,2375,5285,2555,2730,4622,2257,2365,2640,1277,1363,660,312,348,
6625,2645,1284,1361,4627,2250,2377,5286,2555,2731,4625,2259,2366,2641,1278,1363,661,313,348,
6630,2648,1286,1362,4631,2253,2378,5293,2559,2734,4629,2259,2370,2644,1280,1364,661,313,348,
6635,2649,1286,1363,4634,2254,2380,5294,2560,2734,4632,2261,2371,2645,1281,1364,662,314,348,
6640,2652,1288,1364,4638,2255,2383,5301,2564,2737,4636,2262,2374,2648,1281,1367,662,314,348,
6645,2653,1289,1364,4641,2256,2385,5302,2565,2737,4639,2263,2376,2649,1281,1368,663,314,349,
6650,2656,1292,1364,4645,2257,2388,5309,2568,2741,4643,2265,2378,2652,1282,1370,663,314,349,
6655,2657,1293,1364,4648,2257,2391,5310,2569,2741,4646,2267,2379,2653,1282,1371,664,314,350,
6660,2660,1295,1365,4652,2259,2393,5317,2572,2745,4650,2269,2381,2656,1282,1374,664,314,350,
6665,2661,1296,1365,4655,2261,2394,5318,2573,2745,4653,2272,2381,2657,1283,1374,665,315,350,
6670,2664,1299,1365,4659,2265,2394,5325,2577,2748,4657,2275,2382,2660,1285,1375,665,315,350,
6675,2665,1299,1366,4662,2265,2397,5326,2577,2749,4660,2277,2383,2661,1285,1376,666,316,350,
6680,2668,1301,1367,4666,2266,2400,5333,2579,2754,4664,2280,2384,2664,1286,1378,666,316,350,
6685,2669,1301,1368,4669,2269,2400,5334,2580,2754,4667,2281,2386,2665,1287,1378,667,316,351,
6690,2672,1303,1369,4673,2271,2402,5341,2582,2759,4671,2282,2389,2668,1289,1379,667,316,351,
6695,2673,1303,1370,4676,2271,2405,5342,2583,2759,4674,2283,2391,2669,1290,1379,668,317,351,
6700,2676,1305,1371,4680,2271,2409,5349,2585,2764,4678,2285,2393,2672,1290,1382,668,317,351,
6705,2677,1305,1372,4683,2274,2409,5350,2586,2764,4681,2285,2396,2673,1291,1382,669,318,351,
6710,2680,1307,1373,4687,2277,2410,5357,2590,2767,4685,2285,2400,2676,1293,1383,669,318,351,
6715,2681,1308,1373,4690,2278,2412,5358,2591,2767,4688,2286,2402,2677,1294,1383,670,319,351,
6720,2684,1309,1375,4694,2279,2415,5365,2593,2772,4692,2288,2404,2680,1294,1386,670,319,351,
6725,2685,1310,1375,4697,2281,2416,5366,2593,2773,4695,2290,2405,2681,1295,1386,671,319,352,
6730,2688,1312,1376,4701,2284,2417,5373,2597,2776,4699,2292,2407,2684,1296,1388,671,319,352,
6735,2689,1312,1377,4704,2286,2418,5374,2598,2776,4702,2293,2409,2685,1297,1388,672,319,353,
6740,2692,1312,1380,4708,2290,2418,5381,2602,2779,4706,2295,2411,2688,1300,1388,672,319,353,
6745,2693,1313,1380,4711,2291,2420,5382,2603,2779,4709,2297,2412,2689,1301,1388,673,319,354,
6750,2696,1313,1383,4715,2293,2422,5389,2607,2782,4713,2298,2415,2692,1303,1389,673,319,354,
6755,2697,1314,1383,4718,2293,2425,5390,2607,2783,4716,2299,2417,2693,1303,1390,674,320,354,
6760,2700,1316,1384,4722,2294,2428,5397,2613,2784,4720,2302,2418,2696,1304,1392,674,320,354,
6765,2701,1317,1384,4725,2295,2430,5398,2613,2785,4723,2303,2420,2697,1304,1393,675,320,355,
6770,2704,1318,1386,4729,2295,2434,5405,2617,2788,4727,2306,2421,2700,1306,1394,675,320,355,
6775,2705,1318,1387,4732,2297,2435,5406,2617,2789,4730,2307,2423,2701,1306,1395,676,320,356,
6780,2708,1320,1388,4736,2299,2437,5413,2619,2794,4734,2309,2425,2704,1307,1397,676,320,356,
6785,2709,1320,1389,4739,2301,2438,5414,2620,2794,4737,2311,2426,2705,1307,1398,677,320,357,
6790,2712,1322,1390,4743,2303,2440,5421,2623,2798,4741,2313,2428,2708,1308,1400,677,320,357,
6795,2713,1323,1390,4746,2304,2442,5422,2623,2799,4744,2315,2429,2709,1308,1401,678,320,358,
6800,2716,1324,1392,4750,2305,2445,5429,2626,2803,4748,2316,2432,2712,1309,1403,678,320,358,
6805,2717,1325,1392,4753,2306,2447,5430,2626,2804,4751,2317,2434,2713,1309,1404,679,321,358,
6810,2720,1326,1394,4757,2309,2448,5437,2630,2807,4755,2319,2436,2716,1310,1406,679,321,358,
6815,2721,1326,1395,4760,2310,2450,5438,2630,2808,4758,2319,2439,2717,1311,1406,680,322,358,
6820,2724,1328,1396,4764,2311,2453,5445,2635,2810,4762,2322,2440,2720,1312,1408,680,322,358,
6825,2725,1328,1397,4767,2311,2456,5446,2636,2810,4765,2324,2441,2721,1313,1408,681,322,359,
6830,2728,1329,1399,4771,2314,2457,5453,2639,2814,4769,2326,2443,2724,1314,1410,681,322,359,
6835,2729,1330,1399,4774,2315,2459,5454,2640,2814,4772,2328,2444,2725,1314,1411,682,323,359,
6840,2732,1333,1399,4778,2316,2462,5461,2642,2819,4776,2330,2446,2728,1315,1413,682,323,359,
6845,2733,1334,1399,4781,2316,2465,5462,2643,2819,4779,2331,2448,2729,1315,1414,683,323,360,
6850,2736,1335,1401,4785,2318,2467,5469,2648,2821,4783,2332,2451,2732,1315,1417,683,323,360,
6855,2737,1335,1402,4788,2319,2469,5470,2648,2822,4786,2333,2453,2733,1315,1418,684,323,361,
6860,2740,1338,1402,4792,2321,2471,5477,2652,2825,4790,2336,2454,2736,1316,1420,684,323,361,
6865,2741,1339,1402,4795,2323,2472,5478,2652,2826,4793,2338,2455,2737,1317,1420,685,324,361,
6870,2744,1340,1404,4799,2327,2472,5485,2657,2828,4797,2339,2458,2740,1319,1421,685,324,361,
6875,2745,1341,1404,4802,2328,2474,5486,2658,2828,4800,2340,2460,2741,1320,1421,686,325,361,
6880,2748,1342,1406,4806,2328,2478,5493,2659,2834,4804,2341,2463,2744,1322,1422,686,325,361,
6885,2749,1342,1407,4809,2330,2479,5494,2660,2834,4807,2344,2463,2745,1323,1422,687,325,362,
6890,2752,1344,1408,4813,2331,2482,5501,2663,2838,4811,2346,2465,2748,1324,1424,687,325,362,
6895,2753,1344,1409,4816,2332,2484,5502,2663,2839,4814,2346,2468,2749,1324,1425,688,325,363,
6900,2756,1345,1411,4820,2335,2485,5509,2666,2843,4818,2348,2470,2752,1326,1426,688,325,363,
6905,2757,1345,1412,4823,2337,2486,5510,2666,2844,4821,2349,2472,2753,1327,1426,689,326,363,
6910,2760,1345,1415,4827,2341,2486,5517,2670,2847,4825,2349,2476,2756,1328,1428,689,326,363,
6915,2761,1345,1416,4830,2342,2488,5518,2671,2847,4828,2351,2477,2757,1329,1428,690,327,363,
6920,2764,1346,1418,4834,2345,2489,5525,2674,2851,4832,2354,2478,2760,1331,1429,690,327,363,
6925,2765,1346,1419,4837,2346,2491,5526,2674,2852,4835,2356,2479,2761,1331,1430,691,328,363,
6930,2768,1347,1421,4841,2348,2493,5533,2676,2857,4839,2359,2480,2764,1332,1432,691,328,363,
6935,2769,1347,1422,4844,2350,2494,5534,2676,2858,4842,2360,2482,2765,1332,1433,692,329,363,
6940,2772,1349,1423,4848,2353,2495,5541,2680,2861,4846,2363,2483,2768,1334,1434,692,329,363,
6945,2773,1349,1424,4851,2356,2495,5542,2681,2861,4849,2366,2483,2769,1335,1434,693,330,363,
6950,2776,1350,1426,4855,2358,2497,5549,2683,2866,4853,2367,2486,2772,1336,1436,693,330,363,
6955,2777,1350,1427,4858,2359,2499,5550,2683,2867,4856,2369,2487,2773,1336,1437,694,330,364,
6960,2780,1352,1428,4862,2362,2500,5557,2685,2872,4860,2371,2489,2776,1337,1439,694,330,364,
6965,2781,1352,1429,4865,2363,2502,5558,2685,2873,4863,2373,2490,2777,1337,1440,695,330,365,
6970,2784,1355,1429,4869,2367,2502,5565,2687,2878,4867,2375,2492,2780,1338,1442,695,330,365,
6975,2785,1355,1430,4872,2369,2503,5566,2688,2878,4870,2377,2493,2781,1339,1442,696,331,365,
6980,2788,1356,1432,4876,2372,2504,5573,2691,2882,4874,2380,2494,2784,1341,1443,696,331,365,
6985,2789,1356,1433,4879,2373,2506,5574,2692,2882,4877,2381,2496,2785,1342,1443,697,331,366,
6990,2792,1357,1435,4883,2375,2508,5581,2698,2883,4881,2385,2496,2788,1344,1444,697,331,366,
6995,2793,1357,1436,4886,2375,2511,5582,2699,2883,4884,2387,2497,2789,1344,1445,698,332,366,
7000,2796,1358,1438,4890,2377,2513,5589,2704,2885,4888,2388,2500,2792,1346,1446,698,332,366,
7005,2797,1359,1438,4893,2378,2515,5590,2704,2886,4891,2390,2501,2793,1347,1446,699,333,366,
7010,2800,1361,1439,4897,2379,2518,5597,2706,2891,4895,2392,2503,2796,1349,1447,699,333,366,
7015,2801,1362,1439,4900,2382,2518,5598,2707,2891,4898,2393,2505,2797,1350,1447,700,333,367,
7020,2804,1363,1441,4904,2384,2520,5605,2711,2894,4902,2393,2509,2800,1352,1448,700,333,367,
7025,2805,1364,1441,4907,2385,2522,5606,2712,2894,4905,2395,2510,2801,1352,1449,701,333,368,
7030,2808,1366,1442,4911,2387,2524,5613,2714,2899,4909,2396,2513,2804,1354,1450,701,333,368,
7035,2809,1366,1443,4914,2387,2527,5614,2715,2899,4912,2396,2516,2805,1355,1450,702,334,368,
7040,2812,1368,1444,4918,2389,2529,5621,2718,2903,4916,2398,2518,2808,1358,1450,702,334,368,
7045,2813,1368,1445,4921,2390,2531,5622,2719,2903,4919,2399,2520,2809,1358,1451,703,335,368,
7050,2816,1369,1447,4925,2392,2533,5629,2720,2909,4923,2400,2523,2812,1359,1453,703,335,368,
7055,2817,1369,1448,4928,2393,2535,5630,2720,2910,4926,2401,2525,2813,1360,1453,704,336,368,
7060,2820,1371,1449,4932,2396,2536,5637,2725,2912,4930,2403,2527,2816,1362,1454,704,336,368,
7065,2821,1372,1449,4935,2397,2538,5638,2725,2913,4933,2406,2527,2817,1363,1454,705,337,368,
7070,2824,1373,1451,4939,2400,2539,5645,2727,2918,4937,2409,2528,2820,1365,1455,705,337,368,
7075,2825,1373,1452,4942,2401,2541,5646,2728,2918,4940,2410,2530,2821,1366,1455,706,337,369,
7080,2828,1375,1453,4946,2403,2543,5653,2733,2920,4944,2413,2531,2824,1367,1457,706,337,369,
7085,2829,1375,1454,4949,2405,2544,5654,2734,2920,4947,2413,2534,2825,1367,1458,707,337,370,
7090,2832,1376,1456,4953,2408,2545,5661,2738,2923,4951,2416,2535,2828,1369,1459,707,337,370,
7095,2833,1377,1456,4956,2411,2545,5662,2739,2923,4954,2417,2537,2829,1370,1459,708,337,371,
7100,2836,1379,1457,4960,2413,2547,5669,2742,2927,4958,2420,2538,2832,1370,1462,708,337,371,
7105,2837,1380,1457,4963,2414,2549,5670,2742,2928,4961,2421,2540,2833,1370,1463,709,338,371,
7110,2840,1381,1459,4967,2416,2551,5677,2745,2932,4965,2422,2543,2836,1372,1464,709,338,371,
7115,2841,1381,1460,4970,2417,2553,5678,2746,2932,4968,2423,2545,2837,1373,1464,710,338,372,
7120,2844,1383,1461,4974,2418,2556,5685,2751,2934,4972,2424,2548,2840,1375,1465,710,338,372,
7125,2845,1384,1461,4977,2418,2559,5686,2751,2935,4975,2426,2549,2841,1376,1465,711,338,373,
7130,2848,1385,1463,4981,2420,2561,5693,2755,2938,4979,2428,2551,2844,1377,1467,711,338,373,
7135,2849,1386,1463,4984,2420,2564,5694,2756,2938,4982,2429,2553,2845,1378,1467,712,338,374,
7140,2852,1387,1465,4988,2421,2567,5701,2759,2942,4986,2431,2555,2848,1378,1470,712,338,374,
7145,2853,1388,1465,4991,2423,2568,5702,2760,2942,4989,2432,2557,2849,1378,1471,713,339,374,
7150,2856,1390,1466,4995,2427,2568,5709,2762,2947,4993,2433,2560,2852,1379,1473,713,339,374,
7155,2857,1391,1466,4998,2429,2569,5710,2762,2948,4996,2434,2562,2853,1379,1474,714,339,375,
7160,2860,1392,1468,5002,2429,2573,5717,2765,2952,5000,2436,2564,2856,1380,1476,714,339,375,
7165,2861,1393,1468,5005,2430,2575,5718,2766,2952,5003,2437,2566,2857,1381,1476,715,339,376,
7170,2864,1393,1471,5009,2432,2577,5725,2769,2956,5007,2439,2568,2860,1382,1478,715,339,376,
7175,2865,1394,1471,5012,2433,2579,5726,2769,2957,5010,2439,2571,2861,1383,1478,716,339,377,
7180,2868,1396,1472,5016,2435,2581,5733,2772,2961,5014,2441,2573,2864,1384,1480,716,339,377,
7185,2869,1396,1473,5019,2437,2582,5734,2772,2962,5017,2442,2575,2865,1384,1481,717,340,377,
7190,2872,1397,1475,5023,2440,2583,5741,2774,2967,5021,2444,2577,2868,1384,1484,717,340,377,
7195,2873,1398,1475,5026,2441,2585,5742,2774,2968,5024,2445,2579,2869,1385,1484,718,340,378,
7200,2876,1400,1476,5030,2443,2587,5749,2777,2972,5028,2445,2583,2872,1388,1484,718,340,378,
7205,2877,1400,1477,5033,2444,2589,5750,2777,2973,5031,2447,2584,2873,1389,1484,719,341,378,
7210,2880,1400,1480,5037,2445,2592,5757,2778,2979,5035,2450,2585,2876,1391,1485,719,341,378,
7215,2881,1401,1480,5040,2446,2594,5758,2779,2979,5038,2451,2587,2877,1391,1486,720,341,379,
7220,2884,1403,1481,5044,2448,2596,5765,2783,2982,5042,2455,2587,2880,1391,1489,720,341,379,
7225,2885,1403,1482,5047,2449,2598,5766,2784,2982,5045,2457,2588,2881,1391,1490,721,341,380,
7230,2888,1404,1484,5051,2451,2600,5773,2787,2986,5049,2457,2592,2884,1391,1493,721,341,380,
7235,2889,1404,1485,5054,2454,2600,5774,2788,2986,5052,2459,2593,2885,1392,1493,722,341,381,
7240,2892,1406,1486,5058,2456,2602,5781,2792,2989,5056,2461,2595,2888,1395,1493,722,341,381,
7245,2893,1407,1486,5061,2459,2602,5782,2793,2989,5059,2461,2598,2889,1395,1494,723,341,382,
7250,2896,1408,1488,5065,2462,2603,5789,2796,2993,5063,2464,2599,2892,1396,1496,723,341,382,
7255,2897,1408,1489,5068,2464,2604,5790,2797,2993,5066,2465,2601,2893,1397,1496,724,341,383,
7260,2900,1409,1491,5072,2466,2606,5797,2800,2997,5070,2467,2603,2896,1399,1497,724,341,383,
7265,2901,1409,1492,5075,2467,2608,5798,2800,2998,5073,2469,2604,2897,1400,1497,725,342,383,
7270,2904,1409,1495,5079,2468,2611,5805,2803,3002,5077,2470,2607,2900,1401,1499,725,342,383,
7275,2905,1409,1496,5082,2470,2612,5806,2803,3003,5080,2472,2608,2901,1402,1499,726,342,384,
7280,2908,1411,1497,5086,2472,2614,5813,2806,3007,5084,2473,2611,2904,1404,1500,726,342,384,
7285,2909,1411,1498,5089,2472,2617,5814,2806,3008,5087,2473,2614,2905,1404,1501,727,343,384,
7290,2912,1413,1499,5093,2474,2619,5821,2812,3009,5091,2477,2614,2908,1404,1504,727,343,384,
7295,2913,1413,1500,5096,2475,2621,5822,2813,3009,5094,2478,2616,2909,1405,1504,728,343,385,
7300,2916,1415,1501,5100,2478,2622,5829,2818,3011,5098,2478,2620,2912,1408,1504,728,343,385,
7305,2917,1416,1501,5103,2480,2623,5830,2818,3012,5101,2480,2621,2913,1408,1505,729,344,385,
7310,2920,1417,1503,5107,2481,2626,5837,2820,3017,5105,2481,2624,2916,1409,1507,729,344,385,
7315,2921,1418,1503,5110,2483,2627,5838,2821,3017,5108,2483,2625,2917,1410,1507,730,344,386,
7320,2924,1420,1504,5114,2486,2628,5845,2824,3021,5112,2486,2626,2920,1412,1508,730,344,386,
7325,2925,1421,1504,5117,2488,2629,5846,2824,3022,5115,2486,2629,2921,1413,1508,731,344,387,
7330,2928,1422,1506,5121,2491,2630,5853,2828,3025,5119,2487,2632,2924,1415,1509,731,344,387,
7335,2929,1422,1507,5124,2491,2633,5854,2829,3025,5122,2489,2633,2925,1416,1509,732,345,387,
7340,2932,1422,1510,5128,2492,2636,5861,2832,3029,5126,2492,2634,2928,1417,1511,732,345,387,
7345,2933,1422,1511,5131,2493,2638,5862,2832,3030,5129,2494,2635,2929,1418,1511,733,346,387,
7350,2936,1424,1512,5135,2495,2640,5869,2835,3034,5133,2495,2638,2932,1419,1513,733,346,387,
7355,2937,1425,1512,5138,2496,2642,5870,2836,3034,5136,2496,2640,2933,1420,1513,734,346,388,
7360,2940,1427,1513,5142,2500,2642,5877,2840,3037,5140,2497,2643,2936,1422,1514,734,346,388,
7365,2941,1427,1514,5145,2501,2644,5878,2840,3038,5143,2498,2645,2937,1423,1514,735,347,388,
7370,2944,1427,1517,5149,2504,2645,5885,2844,3041,5147,2499,2648,2940,1425,1515,735,347,388,
7375,2945,1428,1517,5152,2505,2647,5886,2845,3041,5150,2500,2650,2941,1425,1516,736,347,389,
7380,2948,1430,1518,5156,2507,2649,5893,2849,3044,5154,2502,2652,2944,1426,1518,736,347,389,
7385,2949,1431,1518,5159,2509,2650,5894,2849,3045,5157,2503,2654,2945,1426,1519,737,348,389,
7390,2952,1432,1520,5163,2510,2653,5901,2855,3046,5161,2506,2655,2948,1427,1521,737,348,389,
7395,2953,1432,1521,5166,2510,2656,5902,2856,3046,5164,2509,2655,2949,1427,1522,738,349,389,
7400,2956,1434,1522,5170,2512,2658,5909,2859,3050,5168,2511,2657,2952,1430,1522,738,349,389,
7405,2957,1435,1522,5173,2514,2659,5910,2860,3050,5171,2512,2659,2953,1430,1523,739,350,389,
7410,2960,1435,1525,5177,2516,2661,5917,2864,3053,5175,2515,2660,2956,1432,1524,739,350,389,
7415,2961,1436,1525,5180,2518,2662,5918,2864,3054,5178,2515,2663,2957,1432,1525,740,351,389,
7420,2964,1438,1526,5184,2522,2662,5925,2869,3056,5182,2518,2664,2960,1433,1527,740,351,389,
7425,2965,1439,1526,5187,2522,2665,5926,2869,3057,5185,2519,2666,2961,1433,1528,741,351,390,
7430,2968,1440,1528,5191,2524,2667,5933,2874,3059,5189,2520,2669,2964,1435,1529,741,351,390,
7435,2969,1441,1528,5194,2525,2669,5934,2875,3059,5192,2522,2670,2965,1436,1529,742,352,390,
7440,2972,1441,1531,5198,2526,2672,5941,2879,3062,5196,2524,2672,2968,1438,1530,742,352,390,
7445,2973,1442,1531,5201,2527,2674,5942,2879,3063,5199,2527,2672,2969,1439,1530,743,353,390,
7450,2976,1443,1533,5205,2530,2675,5949,2883,3066,5203,2527,2676,2972,1439,1533,743,353,390,
7455,2977,1444,1533,5208,2531,2677,5950,2883,3067,5206,2528,2678,2973,1440,1533,744,354,390,
7460,2980,1445,1535,5212,2532,2680,5957,2888,3069,5210,2530,2680,2976,1440,1536,744,354,390,
7465,2981,1445,1536,5215,2534,2681,5958,2889,3069,5213,2530,2683,2977,1441,1536,745,354,391,
7470,2984,1446,1538,5219,2537,2682,5965,2894,3071,5217,2534,2683,2980,1441,1539,745,354,391,
7475,2985,1446,1539,5222,2540,2682,5966,2895,3071,5220,2534,2686,2981,1441,1540,746,354,392,
7480,2988,1449,1539,5226,2540,2686,5973,2898,3075,5224,2536,2688,2984,1442,1542,746,354,392,
7485,2989,1449,1540,5229,2541,2688,5974,2899,3075,5227,2538,2689,2985,1442,1543,747,355,392,
7490,2992,1449,1543,5233,2542,2691,5981,2903,3078,5231,2541,2690,2988,1444,1544,747,355,392,
7495,2993,1449,1544,5236,2542,2694,5982,2904,3078,5234,2542,2692,2989,1445,1544,748,356,392,
7500,2996,1450,1546,5240,2543,2697,5989,2905,3084,5238,2542,2696,2992,1446,1546,748,356,392,
7505,2997,1451,1546,5243,2546,2697,5990,2905,3085,5241,2543,2698,2993,1447,1546,749,357,392,
7510,3000,1453,1547,5247,2546,2701,5997,2909,3088,5245,2544,2701,2996,1449,1547,749,357,392,
7515,3001,1453,1548,5250,2547,2703,5998,2909,3089,5248,2544,2704,2997,1449,1548,750,357,393,
7520,3004,1455,1549,5254,2550,2704,6005,2915,3090,5252,2546,2706,3000,1450,1550,750,357,393,
7525,3005,1455,1550,5257,2551,2706,6006,2915,3091,5255,2548,2707,3001,1451,1550,751,358,393,
7530,3008,1456,1552,5261,2553,2708,6013,2919,3094,5259,2551,2708,3004,1454,1550,751,358,393,
7535,3009,1457,1552,5264,2554,2710,6014,2920,3094,5262,2552,2710,3005,1455,1550,752,358,394,
7540,3012,1457,1555,5268,2556,2712,6021,2923,3098,5266,2554,2712,3008,1456,1552,752,358,394,
7545,3013,1458,1555,5271,2557,2714,6022,2923,3099,5269,2556,2713,3009,1457,1552,753,359,394,
7550,3016,1460,1556,5275,2558,2717,6029,2926,3103,5273,2558,2715,3012,1458,1554,753,359,394,
7555,3017,1460,1557,5278,2558,2720,6030,2926,3104,5276,2560,2716,3013,1458,1555,754,360,394,
7560,3020,1461,1559,5282,2561,2721,6037,2928,3109,5280,2562,2718,3016,1458,1558,754,360,394,
7565,3021,1461,1560,5285,2563,2722,6038,2928,3110,5283,2563,2720,3017,1458,1559,755,360,395,
7570,3024,1463,1561,5289,2565,2724,6045,2931,3114,5287,2565,2722,3020,1460,1560,755,360,395,
7575,3025,1463,1562,5292,2566,2726,6046,2932,3114,5290,2567,2723,3021,1461,1560,756,361,395,
7580,3028,1465,1563,5296,2568,2728,6053,2936,3117,5294,2569,2725,3024,1464,1560,756,361,395,
7585,3029,1465,1564,5299,2569,2730,6054,2937,3117,5297,2569,2728,3025,1464,1561,757,361,396,
7590,3032,1466,1566,5303,2572,2731,6061,2941,3120,5301,2571,2730,3028,1465,1563,757,361,396,
7595,3033,1466,1567,5306,2572,2734,6062,2941,3121,5304,2574,2730,3029,1466,1563,758,361,397,
7600,3036,1468,1568,5310,2574,2736,6069,2944,3125,5308,2577,2731,3032,1467,1565,758,361,397,
7605,3037,1469,1568,5313,2577,2736,6070,2944,3126,5311,2578,2733,3033,1468,1565,759,361,398,
7610,3040,1472,1568,5317,2578,2739,6077,2948,3129,5315,2579,2736,3036,1470,1566,759,361,398,
7615,3041,1473,1568,5320,2579,2741,6078,2949,3129,5318,2580,2738,3037,1471,1566,760,361,399,
7620,3044,1476,1568,5324,2581,2743,6085,2950,3135,5322,2582,2740,3040,1473,1567,760,361,399,
7625,3045,1476,1569,5327,2582,2745,6086,2951,3135,5325,2583,2742,3041,1474,1567,761,361,400,
7630,3048,1476,1572,5331,2585,2746,6093,2956,3137,5329,2585,2744,3044,1476,1568,761,361,400,
7635,3049,1476,1573,5334,2587,2747,6094,2956,3138,5332,2587,2745,3045,1476,1569,762,361,401,
7640,3052,1477,1575,5338,2588,2750,6101,2961,3140,5336,2590,2746,3048,1476,1572,762,361,401,
7645,3053,1478,1575,5341,2591,2750,6102,2962,3140,5339,2591,2748,3049,1476,1573,763,362,401,
7650,3056,1480,1576,5345,2593,2752,6109,2963,3146,5343,2593,2750,3052,1477,1575,763,362,401,
7655,3057,1481,1576,5348,2594,2754,6110,2964,3146,5346,2594,2752,3053,1478,1575,764,362,402,
7660,3060,1482,1578,5352,2597,2755,6117,2967,3150,5350,2595,2755,3056,1478,1578,764,362,402,
7665,3061,1482,1579,5355,2598,2757,6118,2968,3150,5353,2595,2758,3057,1479,1578,765,363,402,
7670,3064,1484,1580,5359,2599,2760,6125,2973,3152,5357,2597,2760,3060,1479,1581,765,363,402,
7675,3065,1484,1581,5362,2600,2762,6126,2973,3153,5360,2598,2762,3061,1480,1581,766,364,402,
7680,3068,1484,1584,5366,2601,2765,6133,2976,3157,5364,2599,2765,3064,1481,1583,766,364,402,
7685,3069,1484,1585,5369,2604,2765,6134,2976,3158,5367,2599,2768,3065,1481,1584,767,364,403,
7690,3072,1485,1587,5373,2604,2769,6141,2979,3162,5371,2600,2771,3068,1481,1587,767,364,403,
7695,3073,1486,1587,5376,2606,2770,6142,2979,3163,5374,2603,2771,3069,1481,1588,768,364,404,
7700,3076,1489,1587,5380,2609,2771,6149,2985,3164,5378,2604,2774,3072,1482,1590,768,364,404,
7705,3077,1490,1587,5383,2611,2772,6150,2986,3164,5381,2604,2777,3073,1483,1590,769,364,405,
7710,3080,1493,1587,5387,2613,2774,6157,2987,3170,5385,2607,2778,3076,1486,1590,769,364,405,
7715,3081,1493,1588,5390,2614,2776,6158,2987,3171,5388,2610,2778,3077,1487,1590,770,365,405,
7720,3084,1495,1589,5394,2618,2776,6165,2991,3174,5392,2612,2780,3080,1490,1590,770,365,405,
7725,3085,1495,1590,5397,2619,2778,6166,2991,3175,5395,2612,2783,3081,1490,1591,771,366,405,
7730,3088,1497,1591,5401,2622,2779,6173,2995,3178,5399,2615,2784,3084,1491,1593,771,366,405,
7735,3089,1498,1591,5404,2623,2781,6174,2996,3178,5402,2617,2785,3085,1492,1593,772,366,406,
7740,3092,1500,1592,5408,2625,2783,6181,3001,3180,5406,2617,2789,3088,1495,1593,772,366,406,
7745,3093,1500,1593,5411,2626,2785,6182,3002,3180,5409,2617,2792,3089,1496,1593,773,366,407,
7750,3096,1502,1594,5415,2627,2788,6189,3006,3183,5413,2618,2795,3092,1496,1596,773,366,407,
7755,3097,1502,1595,5418,2629,2789,6190,3007,3183,5416,2621,2795,3093,1497,1596,774,367,407,
7760,3100,1503,1597,5422,2630,2792,6197,3011,3186,5420,2624,2796,3096,1499,1597,774,367,407,
7765,3101,1503,1598,5425,2631,2794,6198,3012,3186,5423,2626,2797,3097,1499,1598,775,367,408,
7770,3104,1504,1600,5429,2632,2797,6205,3018,3187,5427,2629,2798,3100,1502,1598,775,367,408,
7775,3105,1505,1600,5432,2634,2798,6206,3019,3187,5430,2630,2800,3101,1502,1599,776,367,409,
7780,3108,1508,1600,5436,2635,2801,6213,3021,3192,5434,2631,2803,3104,1502,1602,776,367,409,
7785,3109,1508,1601,5439,2636,2803,6214,3021,3193,5437,2632,2805,3105,1503,1602,777,367,410,
7790,3112,1509,1603,5443,2637,2806,6221,3024,3197,5441,2636,2805,3108,1504,1604,777,367,410,
7795,3113,1509,1604,5446,2637,2809,6222,3025,3197,5444,2638,2806,3109,1505,1604,778,367,411,
7800,3116,1511,1605,5450,2638,2812,6229,3027,3202,5448,2640,2808,3112,1506,1606,778,367,411,
7805,3117,1511,1606,5453,2639,2814,6230,3027,3203,5451,2642,2809,3113,1506,1607,779,368,411,
7810,3120,1511,1609,5457,2640,2817,6237,3029,3208,5455,2644,2811,3116,1508,1608,779,368,411,
7815,3121,1511,1610,5460,2641,2819,6238,3029,3209,5458,2644,2814,3117,1509,1608,780,369,411,
7820,3124,1513,1611,5464,2642,2822,6245,3033,3212,5462,2647,2815,3120,1511,1609,780,369,411,
7825,3125,1513,1612,5467,2643,2824,6246,3033,3213,5465,2648,2817,3121,1511,1610,781,369,412,
7830,3128,1515,1613,5471,2645,2826,6253,3035,3218,5469,2650,2819,3124,1513,1611,781,369,412,
7835,3129,1515,1614,5474,2646,2828,6254,3035,3219,5472,2651,2821,3125,1513,1612,782,369,413,
7840,3132,1518,1614,5478,2646,2832,6261,3040,3221,5476,2653,2823,3128,1514,1614,782,369,413,
7845,3133,1518,1615,5481,2649,2832,6262,3041,3221,5479,2653,2826,3129,1515,1614,783,369,414,
7850,3136,1521,1615,5485,2650,2835,6269,3044,3225,5483,2654,2829,3132,1516,1616,783,369,414,
7855,3137,1521,1616,5488,2651,2837,6270,3045,3225,5486,2655,2831,3133,1517,1616,784,370,414,
7860,3140,1523,1617,5492,2652,2840,6277,3049,3228,5490,2657,2833,3136,1520,1616,784,370,414,
7865,3141,1524,1617,5495,2653,2842,6278,3050,3228,5493,2659,2834,3137,1520,1617,785,370,415,
7870,3144,1526,1618,5499,2655,2844,6285,3053,3232,5497,2662,2835,3140,1521,1619,785,370,415,
7875,3145,1526,1619,5502,2657,2845,6286,3054,3232,5500,2663,2837,3141,1521,1620,786,371,415,
7880,3148,1527,1621,5506,2659,2847,6293,3060,3233,5504,2664,2840,3144,1524,1620,786,371,415,
7885,3149,1528,1621,5509,2661,2848,6294,3061,3233,5507,2664,2843,3145,1525,1620,787,371,416,
7890,3152,1529,1623,5513,2662,2851,6301,3064,3237,5511,2666,2845,3148,1527,1621,787,371,416,
7895,3153,1530,1623,5516,2663,2853,6302,3064,3238,5514,2667,2847,3149,1527,1622,788,371,417,
7900,3156,1532,1624,5520,2664,2856,6309,3068,3241,5518,2669,2849,3152,1527,1625,788,371,417,
7905,3157,1532,1625,5523,2665,2858,6310,3069,3241,5521,2671,2850,3153,1527,1626,789,371,418,
7910,3160,1533,1627,5527,2667,2860,6317,3074,3243,5525,2672,2853,3156,1528,1628,789,371,418,
7915,3161,1533,1628,5530,2668,2862,6318,3075,3243,5528,2672,2856,3157,1528,1629,790,371,419,
7920,3164,1534,1630,5534,2671,2863,6325,3080,3245,5532,2675,2857,3160,1531,1629,790,371,419,
7925,3165,1534,1631,5537,2672,2865,6326,3081,3245,5535,2676,2859,3161,1531,1630,791,372,419,
7930,3168,1536,1632,5541,2675,2866,6333,3084,3249,5539,2677,2862,3164,1533,1631,791,372,419,
7935,3169,1537,1632,5544,2677,2867,6334,3085,3249,5542,2678,2864,3165,1534,1631,792,373,419,
7940,3172,1538,1634,5548,2678,2870,6341,3088,3253,5546,2681,2865,3168,1534,1634,792,373,419,
7945,3173,1539,1634,5551,2680,2871,6342,3088,3254,5549,2682,2867,3169,1535,1634,793,373,420,
7950,3176,1540,1636,5555,2680,2875,6349,3091,3258,5553,2683,2870,3172,1537,1635,793,373,420,
7955,3177,1541,1636,5558,2683,2875,6350,3091,3259,5556,2683,2873,3173,1537,1636,794,373,421,
7960,3180,1542,1638,5562,2685,2877,6357,3093,3264,5560,2685,2875,3176,1540,1636,794,373,421,
7965,3181,1542,1639,5565,2686,2879,6358,3093,3265,5563,2685,2878,3177,1541,1636,795,373,422,
7970,3184,1543,1641,5569,2689,2880,6365,3097,3268,5567,2687,2880,3180,1542,1638,795,373,422,
7975,3185,1543,1642,5572,2690,2882,6366,3097,3269,5570,2687,2883,3181,1543,1638,796,373,423,
7980,3188,1545,1643,5576,2691,2885,6373,3099,3274,5574,2689,2885,3184,1544,1640,796,373,423,
7985,3189,1546,1643,5579,2693,2886,6374,3100,3274,5577,2691,2886,3185,1545,1640,797,374,423,
7990,3192,1549,1643,5583,2695,2888,6381,3104,3277,5581,2693,2888,3188,1546,1642,797,374,423,
7995,3193,1549,1644,5586,2696,2890,6382,3104,3278,5584,2696,2888,3189,1547,1642,798,374,424,
8000,3196,1550,1646,5590,2698,2892,6389,3108,3281,5588,2698,2890,3192,1549,1643,798,374,424,
8005,3197,1551,1646,5593,2699,2894,6390,3109,3281,5591,2698,2893,3193,1549,1644,799,375,424,
8010,3200,1553,1647,5597,2700,2897,6397,3112,3285,5595,2700,2895,3196,1550,1646,799,375,424,
8015,3201,1554,1647,5600,2703,2897,6398,3112,3286,5598,2703,2895,3197,1550,1647,800,376,424,
8020,3204,1555,1649,5604,2705,2899,6405,3118,3287,5602,2704,2898,3200,1551,1649,800,376,424,
8025,3205,1555,1650,5607,2707,2900,6406,3118,3288,5605,2707,2898,3201,1551,1650,801,376,425,
8030,3208,1556,1652,5611,2710,2901,6413,3122,3291,5609,2708,2901,3204,1554,1650,801,376,425,
8035,3209,1557,1652,5614,2711,2903,6414,3123,3291,5612,2710,2902,3205,1554,1651,802,376,426,
8040,3212,1557,1655,5618,2714,2904,6421,3127,3294,5616,2711,2905,3208,1556,1652,802,376,426,
8045,3213,1557,1656,5621,2714,2907,6422,3128,3294,5619,2711,2908,3209,1556,1653,803,376,427,
8050,3216,1559,1657,5625,2716,2909,6429,3130,3299,5623,2714,2909,3212,1558,1654,803,376,427,
8055,3217,1559,1658,5628,2719,2909,6430,3130,3300,5626,2715,2911,3213,1558,1655,804,377,427,
8060,3220,1560,1660,5632,2721,2911,6437,3132,3305,5630,2717,2913,3216,1559,1657,804,377,427,
8065,3221,1560,1661,5635,2722,2913,6438,3133,3305,5633,2717,2916,3217,1559,1658,805,378,427,
8070,3224,1563,1661,5639,2725,2914,6445,3136,3309,5637,2718,2919,3220,1561,1659,805,378,427,
8075,3225,1563,1662,5642,2725,2917,6446,3136,3310,5640,2719,2921,3221,1562,1659,806,378,428,
8080,3228,1563,1665,5646,2728,2918,6453,3137,3316,5644,2720,2924,3224,1562,1662,806,378,428,
8085,3229,1564,1665,5649,2729,2920,6454,3137,3317,5647,2720,2927,3225,1562,1663,807,378,429,
8090,3232,1564,1668,5653,2730,2923,6461,3142,3319,5651,2721,2930,3228,1562,1666,807,378,429,
8095,3233,1565,1668,5656,2732,2924,6462,3143,3319,5654,2723,2931,3229,1562,1667,808,378,430,
8100,3236,1566,1670,5660,2733,2927,6469,3146,3323,5658,2725,2933,3232,1564,1668,808,378,430,
8105,3237,1566,1671,5663,2734,2929,6470,3146,3324,5661,2727,2934,3233,1565,1668,809,378,431,
8110,3240,1567,1673,5667,2738,2929,6477,3148,3329,5665,2730,2935,3236,1567,1669,809,378,431,
8115,3241,1567,1674,5670,2739,2931,6478,3148,3330,5668,2731,2937,3237,1568,1669,810,378,432,
8120,3244,1569,1675,5674,2742,2932,6485,3151,3334,5672,2735,2937,3240,1570,1670,810,378,432,
8125,3245,1569,1676,5677,2744,2933,6486,3152,3334,5675,2736,2939,3241,1570,1671,811,379,432,
8130,3248,1570,1678,5681,2746,2935,6493,3155,3338,5679,2737,2942,3244,1572,1672,811,379,432,
8135,3249,1571,1678,5684,2747,2937,6494,3156,3338,5682,2740,2942,3245,1573,1672,812,379,433,
8140,3252,1571,1681,5688,2749,2939,6501,3160,3341,5686,2741,2945,3248,1575,1673,812,379,433,
8145,3253,1571,1682,5691,2751,2940,6502,3160,3342,5689,2741,2948,3249,1575,1674,813,380,433,
8150,3256,1572,1684,5695,2753,2942,6509,3164,3345,5693,2743,2950,3252,1577,1675,813,380,433,
8155,3257,1573,1684,5698,2754,2944,6510,3164,3346,5696,2746,2950,3253,1577,1676,814,381,433,
8160,3260,1575,1685,5702,2754,2948,6517,3166,3351,5700,2748,2952,3256,1580,1676,814,381,433,
8165,3261,1575,1686,5705,2755,2950,6518,3167,3351,5703,2749,2954,3257,1580,1677,815,382,433,
8170,3264,1576,1688,5709,2757,2952,6525,3171,3354,5707,2752,2955,3260,1581,1679,815,382,433,
8175,3265,1576,1689,5712,2758,2954,6526,3171,3355,5710,2752,2958,3261,1581,1680,816,382,434,
8180,3268,1576,1692,5716,2759,2957,6533,3175,3358,5714,2754,2960,3264,1581,1683,816,382,434,
8185,3269,1577,1692,5719,2760,2959,6534,3175,3359,5717,2756,2961,3265,1581,1684,817,383,434,
8190,3272,1579,1693,5723,2763,2960,6541,3176,3365,5721,2759,2962,3268,1582,1686,817,383,434,
8195,3273,1579,1694,5726,2765,2961,6542,3176,3366,5724,2760,2964,3269,1582,1687,818,384,434,
8200,3276,1581,1695,5730,2765,2965,6549,3179,3370,5728,2762,2966,3272,1584,1688,818,384,434,
8205,3277,1581,1696,5733,2766,2967,6550,3180,3370,5731,2762,2969,3273,1585,1688,819,385,434,
8210,3280,1582,1698,5737,2769,2968,6557,3181,3376,5735,2764,2971,3276,1586,1690,819,385,434,
8215,3281,1583,1698,5740,2771,2969,6558,3182,3376,5738,2766,2972,3277,1586,1691,820,385,435,
8220,3284,1585,1699,5744,2771,2973,6565,3184,3381,5742,2768,2974,3280,1587,1693,820,385,435,
8225,3285,1585,1700,5747,2771,2976,6566,3184,3382,5745,2769,2976,3281,1587,1694,821,386,435,
8230,3288,1587,1701,5751,2773,2978,6573,3187,3386,5749,2770,2979,3284,1587,1697,821,386,435,
8235,3289,1588,1701,5754,2775,2979,6574,3188,3386,5752,2772,2980,3285,1587,1698,822,387,435,
8240,3292,1591,1701,5758,2776,2982,6581,3189,3392,5756,2774,2982,3288,1587,1701,822,387,435,
8245,3293,1592,1701,5761,2778,2983,6582,3189,3393,5759,2775,2984,3289,1588,1701,823,387,436,
8250,3296,1593,1703,5765,2780,2985,6589,3193,3396,5763,2778,2985,3292,1588,1704,823,387,436,
8255,3297,1594,1703,5768,2781,2987,6590,3193,3397,5766,2779,2987,3293,1588,1705,824,388,436,
8260,3300,1596,1704,5772,2782,2990,6597,3196,3401,5770,2782,2988,3296,1589,1707,824,388,436,
8265,3301,1596,1705,5775,2782,2993,6598,3196,3402,5773,2784,2989,3297,1590,1707,825,388,437,
8270,3304,1597,1707,5779,2783,2996,6605,3201,3404,5777,2786,2991,3300,1592,1708,825,388,437,
8275,3305,1598,1707,5782,2783,2999,6606,3201,3405,5780,2788,2992,3301,1592,1709,826,389,437,
8280,3308,1599,1709,5786,2785,3001,6613,3205,3408,5784,2791,2993,3304,1593,1711,826,389,437,
8285,3309,1599,1710,5789,2786,3003,6614,3206,3408,5787,2794,2993,3305,1594,1711,827,390,437,
8290,3312,1601,1711,5793,2790,3003,6621,3209,3412,5791,2794,2997,3308,1597,1711,827,390,437,
8295,3313,1601,1712,5796,2792,3004,6622,3210,3412,5794,2796,2998,3309,1598,1711,828,390,438,
8300,3316,1602,1714,5800,2795,3005,6629,3216,3413,5798,2798,3000,3312,1598,1714,828,390,438,
8305,3317,1602,1715,5803,2797,3006,6630,3216,3414,5801,2800,3001,3313,1599,1714,829,390,439,
8310,3320,1605,1715,5807,2801,3006,6637,3220,3417,5805,2802,3003,3316,1600,1716,829,390,439,
8315,3321,1605,1716,5810,2801,3009,6638,3220,3418,5808,2804,3004,3317,1600,1717,830,390,440,
8320,3324,1607,1717,5814,2803,3011,6645,3221,3424,5812,2806,3006,3320,1600,1720,830,390,440,
8325,3325,1607,1718,5817,2806,3011,6646,3222,3424,5815,2806,3009,3321,1601,1720,831,390,441,
8330,3328,1607,1721,5821,2808,3013,6653,3226,3427,5819,2808,3011,3324,1601,1723,831,390,441,
8335,3329,1607,1722,5824,2810,3014,6654,3227,3427,5822,2811,3011,3325,1602,1723,832,390,442,
8340,3332,1610,1722,5828,2813,3015,6661,3231,3430,5826,2813,3013,3328,1605,1723,832,390,442,
8345,3333,1610,1723,5831,2814,3017,6662,3231,3431,5829,2815,3014,3329,1606,1723,833,390,443,
8350,3336,1610,1726,5835,2815,3020,6669,3234,3435,5833,2819,3014,3332,1608,1724,833,390,443,
8355,3337,1610,1727,5838,2817,3021,6670,3234,3436,5836,2821,3015,3333,1609,1724,834,390,444,
8360,3340,1610,1730,5842,2818,3024,6677,3237,3440,5840,2824,3016,3336,1610,1726,834,390,444,
8365,3341,1611,1730,5845,2819,3026,6678,3237,3441,5843,2826,3017,3337,1611,1726,835,390,445,
8370,3344,1612,1732,5849,2821,3028,6685,3241,3444,5847,2826,3021,3340,1611,1729,835,390,445,
8375,3345,1613,1732,5852,2823,3029,6686,3241,3445,5850,2827,3023,3341,1612,1729,836,390,446,
8380,3348,1615,1733,5856,2825,3031,6693,3246,3447,5854,2829,3025,3344,1612,1732,836,390,446,
8385,3349,1615,1734,5859,2828,3031,6694,3247,3447,5857,2829,3028,3345,1612,1733,837,390,447,
8390,3352,1616,1736,5863,2829,3034,6701,3252,3449,5861,2831,3030,3348,1613,1735,837,390,447,
8395,3353,1617,1736,5866,2830,3036,6702,3253,3449,5864,2832,3032,3349,1613,1736,838,391,447,
8400,3356,1617,1739,5870,2833,3037,6709,3255,3454,5868,2834,3034,3352,1616,1736,838,391,447,
8405,3357,1618,1739,5873,2835,3038,6710,3256,3454,5871,2836,3035,3353,1616,1737,839,391,448,
8410,3360,1619,1741,5877,2837,3040,6717,3261,3456,5875,2838,3037,3356,1618,1738,839,391,448,
8415,3361,1619,1742,5880,2838,3042,6718,3262,3456,5878,2839,3039,3357,1619,1738,840,392,448,
8420,3364,1620,1744,5884,2840,3044,6725,3267,3458,5882,2842,3040,3360,1621,1739,840,392,448,
8425,3365,1620,1745,5887,2841,3046,6726,3268,3458,5885,2843,3042,3361,1621,1740,841,392,449,
8430,3368,1621,1747,5891,2843,3048,6733,3271,3462,5889,2845,3044,3364,1622,1742,841,392,449,
8435,3369,1622,1747,5894,2844,3050,6734,3271,3463,5892,2848,3044,3365,1623,1742,842,392,450,
8440,3372,1623,1749,5898,2847,3051,6741,3275,3466,5896,2848,3048,3368,1623,1745,842,392,450,
8445,3373,1623,1750,5901,2847,3054,6742,3276,3466,5899,2849,3050,3369,1624,1745,843,392,451,
8450,3376,1624,1752,5905,2848,3057,6749,3279,3470,5903,2852,3051,3372,1624,1748,843,392,451,
8455,3377,1625,1752,5908,2848,3060,6750,3280,3470,5906,2854,3052,3373,1625,1748,844,392,452,
8460,3380,1626,1754,5912,2850,3062,6757,3282,3475,5910,2854,3056,3376,1628,1748,844,392,452,
8465,3381,1626,1755,5915,2852,3063,6758,3283,3475,5913,2856,3057,3377,1629,1748,845,392,453,
8470,3384,1628,1756,5919,2855,3064,6765,3288,3477,5917,2858,3059,3380,1630,1750,845,392,453,
8475,3385,1629,1756,5922,2858,3064,6766,3288,3478,5920,2860,3060,3381,1631,1750,846,393,453,
8480,3388,1631,1757,5926,2860,3066,6773,3292,3481,5924,2862,3062,3384,1632,1752,846,393,453,
8485,3389,1631,1758,5929,2862,3067,6774,3292,3482,5927,2864,3063,3385,1632,1753,847,394,453,
8490,3392,1632,1760,5933,2864,3069,6781,3296,3485,5931,2866,3065,3388,1635,1753,847,394,453,
8495,3393,1633,1760,5936,2864,3072,6782,3297,3485,5934,2867,3067,3389,1636,1753,848,394,454,
8500,3396,1635,1761,5940,2866,3074,6789,3301,3488,5938,2869,3069,3392,1637,1755,848,394,454,
8505,3397,1635,1762,5943,2869,3074,6790,3301,3489,5941,2870,3071,3393,1638,1755,849,395,454,
8510,3400,1637,1763,5947,2871,3076,6797,3305,3492,5945,2871,3074,3396,1638,1758,849,395,454,
8515,3401,1637,1764,5950,2874,3076,6798,3306,3492,5948,2873,3075,3397,1639,1758,850,395,455,
8520,3404,1637,1767,5954,2875,3079,6805,3310,3495,5952,2875,3077,3400,1641,1759,850,395,455,
8525,3405,1638,1767,5957,2876,3081,6806,3310,3496,5955,2875,3080,3401,1641,1760,851,396,455,
8530,3408,1640,1768,5961,2878,3083,6813,3314,3499,5959,2876,3083,3404,1641,1763,851,396,455,
8535,3409,1641,1768,5964,2880,3084,6814,3315,3499,5962,2878,3084,3405,1641,1764,852,397,455,
8540,3412,1644,1768,5968,2882,3086,6821,3319,3502,5966,2881,3085,3408,1642,1766,852,397,455,
8545,3413,1645,1768,5971,2884,3087,6822,3320,3502,5969,2882,3087,3409,1642,1767,853,398,455,
8550,3416,1646,1770,5975,2885,3090,6829,3324,3505,5973,2883,3090,3412,1644,1768,853,398,455,
8555,3417,1646,1771,5978,2887,3091,6830,3324,3506,5976,2883,3093,3413,1645,1768,854,398,456,
8560,3420,1647,1773,5982,2888,3094,6837,3330,3507,5980,2884,3096,3416,1647,1769,854,398,456,
8565,3421,1648,1773,5985,2890,3095,6838,3330,3508,5983,2886,3097,3417,1648,1769,855,399,456,
8570,3424,1649,1775,5989,2892,3097,6845,3334,3511,5987,2887,3100,3420,1648,1772,855,399,456,
8575,3425,1650,1775,5992,2893,3099,6846,3335,3511,5990,2889,3101,3421,1649,1772,856,400,456,
8580,3428,1653,1775,5996,2894,3102,6853,3340,3513,5994,2891,3103,3424,1650,1774,856,400,456,
8585,3429,1653,1776,5999,2894,3105,6854,3340,3514,5997,2893,3104,3425,1650,1775,857,400,457,
8590,3432,1654,1778,6003,2898,3105,6861,3342,3519,6001,2894,3107,3428,1650,1778,857,400,457,
8595,3433,1655,1778,6006,2899,3107,6862,3343,3519,6004,2896,3108,3429,1651,1778,858,401,457,
8600,3436,1656,1780,6010,2899,3111,6869,3347,3522,6008,2898,3110,3432,1653,1779,858,401,457,
8605,3437,1657,1780,6013,2901,3112,6870,3347,3523,6011,2900,3111,3433,1654,1779,859,401,458,
8610,3440,1659,1781,6017,2902,3115,6877,3350,3527,6015,2902,3113,3436,1655,1781,859,401,458,
8615,3441,1659,1782,6020,2903,3117,6878,3351,3527,6018,2905,3113,3437,1656,1781,860,401,459,
8620,3444,1659,1785,6024,2905,3119,6885,3354,3531,6022,2907,3115,3440,1658,1782,860,401,459,
8625,3445,1660,1785,6027,2907,3120,6886,3355,3531,6025,2908,3117,3441,1658,1783,861,402,459,
8630,3448,1660,1788,6031,2908,3123,6893,3359,3534,6029,2912,3117,3444,1658,1786,861,402,459,
8635,3449,1660,1789,6034,2910,3124,6894,3360,3534,6032,2913,3119,3445,1658,1787,862,403,459,
8640,3452,1662,1790,6038,2912,3126,6901,3363,3538,6036,2916,3120,3448,1659,1789,862,403,459,
8645,3453,1663,1790,6041,2914,3127,6902,3363,3539,6039,2918,3121,3449,1659,1790,863,403,460,
8650,3456,1666,1790,6045,2915,3130,6909,3368,3541,6043,2921,3122,3452,1660,1792,863,403,460,
8655,3457,1667,1790,6048,2916,3132,6910,3369,3541,6046,2923,3123,3453,1660,1793,864,403,461,
8660,3460,1670,1790,6052,2920,3132,6917,3371,3546,6050,2926,3124,3456,1661,1795,864,403,461,
8665,3461,1671,1790,6055,2921,3134,6918,3372,3546,6053,2928,3125,3457,1661,1796,865,404,461,
8670,3464,1673,1791,6059,2923,3136,6925,3375,3550,6057,2929,3128,3460,1663,1797,865,404,461,
8675,3465,1674,1791,6062,2925,3137,6926,3376,3550,6060,2931,3129,3461,1664,1797,866,404,462,
8680,3468,1677,1791,6066,2926,3140,6933,3382,3551,6064,2934,3130,3464,1667,1797,866,404,462,
8685,3469,1677,1792,6069,2929,3140,6934,3382,3552,6067,2935,3132,3465,1668,1797,867,405,462,
8690,3472,1677,1795,6073,2931,3142,6941,3383,3558,6071,2936,3135,3468,1670,1798,867,405,462,
8695,3473,1677,1796,6076,2932,3144,6942,3384,3558,6074,2938,3136,3469,1671,1798,868,405,463,
8700,3476,1678,1798,6080,2934,3146,6949,3386,3563,6078,2941,3137,3472,1672,1800,868,405,463,
8705,3477,1678,1799,6083,2936,3147,6950,3387,3563,6081,2943,3138,3473,1673,1800,869,405,464,
8710,3480,1679,1801,6087,2938,3149,6957,3390,3567,6085,2945,3140,3476,1676,1800,869,405,464,
8715,3481,1680,1801,6090,2941,3149,6958,3390,3568,6088,2946,3142,3477,1676,1801,870,405,465,
8720,3484,1681,1803,6094,2943,3151,6965,3393,3572,6092,2949,3143,3480,1678,1802,870,405,465,
8725,3485,1682,1803,6097,2945,3152,6966,3394,3572,6095,2949,3146,3481,1678,1803,871,405,466,
8730,3488,1682,1806,6101,2949,3152,6973,3396,3577,6099,2953,3146,3484,1679,1805,871,405,466,
8735,3489,1683,1806,6104,2951,3153,6974,3396,3578,6102,2954,3148,3485,1679,1806,872,406,466,
8740,3492,1685,1807,6108,2954,3154,6981,3400,3581,6106,2957,3149,3488,1681,1807,872,406,466,
8745,3493,1686,1807,6111,2956,3155,6982,3401,3581,6109,2958,3151,3489,1682,1807,873,407,466,
8750,3496,1687,1809,6115,2959,3156,6989,3406,3583,6113,2962,3151,3492,1682,1810,873,407,466,
8755,3497,1687,1810,6118,2959,3159,6990,3407,3583,6116,2964,3152,3493,1682,1811,874,407,467,
8760,3500,1689,1811,6122,2961,3161,6997,3413,3584,6120,2966,3154,3496,1684,1812,874,407,467,
8765,3501,1690,1811,6125,2963,3162,6998,3413,3585,6123,2967,3156,3497,1684,1813,875,408,467,
8770,3504,1692,1812,6129,2966,3163,7005,3417,3588,6127,2969,3158,3500,1685,1815,875,408,467,
8775,3505,1692,1813,6132,2967,3165,7006,3417,3589,6130,2970,3160,3501,1686,1815,876,408,468,
8780,3508,1694,1814,6136,2969,3167,7013,3421,3592,6134,2973,3161,3504,1688,1816,876,408,468,
8785,3509,1695,1814,6139,2971,3168,7014,3422,3592,6137,2974,3163,3505,1688,1817,877,408,469,
8790,3512,1696,1816,6143,2972,3171,7021,3423,3598,6141,2975,3166,3508,1689,1819,877,408,469,
8795,3513,1697,1816,6146,2973,3173,7022,3423,3599,6144,2977,3167,3509,1690,1819,878,409,469,
8800,3516,1700,1816,6150,2975,3175,7029,3427,3602,6148,2978,3170,3512,1692,1820,878,409,469,
8805,3517,1700,1817,6153,2977,3176,7030,3427,3603,6151,2980,3171,3513,1693,1820,879,410,469,
8810,3520,1701,1819,6157,2979,3178,7037,3430,3607,6155,2983,3172,3516,1695,1821,879,410,469,
8815,3521,1702,1819,6160,2982,3178,7038,3430,3608,6158,2983,3175,3517,1695,1822,880,411,469,
8820,3524,1704,1820,6164,2985,3179,7045,3433,3612,6162,2985,3177,3520,1697,1823,880,411,469,
8825,3525,1705,1820,6167,2985,3182,7046,3433,3613,6165,2988,3177,3521,1698,1823,881,411,470,
8830,3528,1705,1823,6171,2985,3186,7053,3437,3616,6169,2992,3177,3524,1699,1825,881,411,470,
8835,3529,1706,1823,6174,2986,3188,7054,3437,3617,6172,2993,3179,3525,1699,1826,882,411,471,
8840,3532,1708,1824,6178,2989,3189,7061,3438,3623,6176,2994,3182,3528,1701,1827,882,411,471,
8845,3533,1708,1825,6181,2992,3189,7062,3439,3623,6179,2996,3183,3529,1701,1828,883,412,471,
8850,3536,1709,1827,6185,2994,3191,7069,3443,3626,6183,2998,3185,3532,1702,1830,883,412,471,
8855,3537,1710,1827,6188,2995,3193,7070,3444,3626,6186,2998,3188,3533,1703,1830,884,413,471,
8860,3540,1710,1830,6192,2996,3196,7077,3446,3631,6190,2999,3191,3536,1705,1831,884,413,471,
8865,3541,1711,1830,6195,2997,3198,7078,3446,3632,6193,3000,3193,3537,1705,1832,885,414,471,
8870,3544,1712,1832,6199,2998,3201,7085,3450,3635,6197,3002,3195,3540,1707,1833,885,414,471,
8875,3545,1712,1833,6202,2999,3203,7086,3450,3636,6200,3003,3197,3541,1708,1833,886,414,472,
8880,3548,1713,1835,6206,3002,3204,7093,3452,3641,6204,3004,3200,3544,1708,1836,886,414,472,
8885,3549,1714,1835,6209,3003,3206,7094,3453,3641,6207,3005,3202,3545,1708,1837,887,415,472,
8890,3552,1716,1836,6213,3004,3209,7101,3457,3644,6211,3007,3204,3548,1710,1838,887,415,472,
8895,3553,1716,1837,6216,3007,3209,7102,3457,3645,6214,3009,3205,3549,1710,1839,888,416,472,
8900,3556,1716,1840,6220,3010,3210,7109,3459,3650,6218,3010,3208,3552,1711,1841,888,416,472,
8905,3557,1717,1840,6223,3011,3212,7110,3460,3650,6221,3011,3210,3553,1712,1841,889,416,473,
8910,3560,1718,1842,6227,3012,3215,7117,3462,3655,6225,3012,3213,3556,1713,1843,889,416,473,
8915,3561,1718,1843,6230,3014,3216,7118,3463,3655,6228,3013,3215,3557,1713,1844,890,416,474,
8920,3564,1721,1843,6234,3015,3219,7125,3467,3658,6232,3015,3217,3560,1713,1847,890,416,474,
8925,3565,1721,1844,6237,3015,3222,7126,3467,3659,6235,3015,3220,3561,1713,1848,891,417,474,
8930,3568,1722,1846,6241,3016,3225,7133,3469,3664,6239,3017,3222,3564,1714,1850,891,417,474,
8935,3569,1722,1847,6244,3017,3227,7134,3469,3665,6242,3019,3223,3565,1714,1851,892,418,474,
8940,3572,1723,1849,6248,3020,3228,7141,3472,3669,6246,3021,3225,3568,1716,1852,892,418,474,
8945,3573,1724,1849,6251,3021,3230,7142,3472,3670,6249,3023,3226,3569,1717,1852,893,418,475,
8950,3576,1725,1851,6255,3023,3232,7149,3476,3673,6253,3025,3228,3572,1719,1853,893,418,475,
8955,3577,1725,1852,6258,3024,3234,7150,3477,3673,6256,3026,3230,3573,1719,1854,894,419,475,
8960,3580,1726,1854,6262,3025,3237,7157,3479,3678,6260,3028,3232,3576,1719,1857,894,419,475,
8965,3581,1727,1854,6265,3027,3238,7158,3479,3679,6263,3029,3234,3577,1719,1858,895,419,476,
8970,3584,1727,1857,6269,3029,3240,7165,3481,3684,6267,3030,3237,3580,1721,1859,895,419,476,
8975,3585,1727,1858,6272,3032,3240,7166,3482,3684,6270,3033,3237,3581,1722,1859,896,420,476,
8980,3588,1729,1859,6276,3033,3243,7173,3486,3687,6274,3036,3238,3584,1723,1861,896,420,476,
8985,3589,1729,1860,6279,3034,3245,7174,3486,3688,6277,3038,3239,3585,1723,1862,897,420,477,
8990,3592,1729,1863,6283,3036,3247,7181,3488,3693,6281,3040,3241,3588,1725,1863,897,420,477,
8995,3593,1729,1864,6286,3038,3248,7182,3489,3693,6284,3041,3243,3589,1725,1864,898,420,478,
9000,3596,1731,1865,6290,3040,3250,7189,3492,3697,6288,3044,3244,3592,1727,1865,898,420,478,
9005,3597,1731,1866,6293,3041,3252,7190,3492,3698,6291,3046,3245,3593,1727,1866,899,420,479,
9010,3600,1733,1867,6297,3042,3255,7197,3495,3702,6295,3048,3247,3596,1730,1866,899,420,479,
9015,3601,1733,1868,6300,3045,3255,7198,3495,3703,6298,3050,3248,3597,1731,1866,900,421,479,
9020,3604,1736,1868,6304,3046,3258,7205,3498,3707,6302,3054,3248,3600,1732,1868,900,421,479,
9025,3605,1736,1869,6307,3048,3259,7206,3498,3708,6305,3056,3249,3601,1732,1869,901,421,480,
9030,3608,1738,1870,6311,3050,3261,7213,3502,3711,6309,3058,3251,3604,1734,1870,901,421,480,
9035,3609,1739,1870,6314,3051,3263,7214,3502,3712,6312,3059,3253,3605,1735,1870,902,422,480,
9040,3612,1741,1871,6318,3053,3265,7221,3505,3716,6316,3060,3256,3608,1738,1870,902,422,480,
9045,3613,1741,1872,6321,3054,3267,7222,3505,3717,6319,3061,3258,3609,1738,1871,903,423,480,
9050,3616,1743,1873,6325,3057,3268,7229,3506,3723,6323,3064,3259,3612,1738,1874,903,423,480,
9055,3617,1744,1873,6328,3057,3271,7230,3507,3723,6326,3065,3261,3613,1739,1874,904,424,480,
9060,3620,1744,1876,6332,3058,3274,7237,3510,3727,6330,3067,3263,3616,1741,1875,904,424,480,
9065,3621,1745,1876,6335,3061,3274,7238,3510,3728,6333,3070,3263,3617,1742,1875,905,424,481,
9070,3624,1747,1877,6339,3063,3276,7245,3514,3731,6337,3070,3267,3620,1743,1877,905,424,481,
9075,3625,1747,1878,6342,3063,3279,7246,3515,3731,6340,3071,3269,3621,1743,1878,906,425,481,
9080,3628,1748,1880,6346,3064,3282,7253,3521,3732,6344,3071,3273,3624,1745,1879,906,425,481,
9085,3629,1749,1880,6349,3065,3284,7254,3521,3733,6347,3072,3275,3625,1745,1880,907,425,482,
9090,3632,1750,1882,6353,3066,3287,7261,3524,3737,6351,3073,3278,3628,1746,1882,907,425,482,
9095,3633,1751,1882,6356,3066,3290,7262,3525,3737,6354,3074,3280,3629,1747,1882,908,425,483,
9100,3636,1752,1884,6360,3068,3292,7269,3530,3739,6358,3075,3283,3632,1748,1884,908,425,483,
9105,3637,1752,1885,6363,3069,3294,7270,3530,3740,6361,3077,3284,3633,1749,1884,909,425,484,
9110,3640,1754,1886,6367,3071,3296,7277,3535,3742,6365,3079,3286,3636,1752,1884,909,425,484,
9115,3641,1755,1886,6370,3072,3298,7278,3535,3743,6368,3081,3287,3637,1753,1884,910,425,485,
9120,3644,1757,1887,6374,3072,3302,7285,3536,3749,6372,3083,3289,3640,1755,1885,910,425,485,
9125,3645,1757,1888,6377,3073,3304,7286,3536,3750,6375,3086,3289,3641,1756,1885,911,426,485,
9130,3648,1758,1890,6381,3076,3305,7293,3540,3753,6379,3087,3292,3644,1758,1886,911,426,485,
9135,3649,1758,1891,6384,3076,3308,7294,3540,3754,6382,3087,3295,3645,1759,1886,912,427,485,
9140,3652,1760,1892,6388,3079,3309,7301,3546,3755,6386,3089,3297,3648,1759,1889,912,427,485,
9145,3653,1760,1893,6391,3079,3312,7302,3547,3755,6389,3091,3298,3649,1760,1889,913,428,485,
9150,3656,1761,1895,6395,3080,3315,7309,3551,3758,6393,3093,3300,3652,1761,1891,913,428,485,
9155,3657,1762,1895,6398,3080,3318,7310,3551,3759,6396,3094,3302,3653,1762,1891,914,428,486,
9160,3660,1762,1898,6402,3081,3321,7317,3552,3765,6400,3096,3304,3656,1763,1893,914,428,486,
9165,3661,1762,1899,6405,3082,3323,7318,3553,3765,6403,3098,3305,3657,1763,1894,915,429,486,
9170,3664,1763,1901,6409,3083,3326,7325,3556,3769,6407,3100,3307,3660,1764,1896,915,429,486,
9175,3665,1763,1902,6412,3085,3327,7326,3557,3769,6410,3101,3309,3661,1764,1897,916,430,486,
9180,3668,1763,1905,6416,3085,3331,7333,3562,3771,6414,3102,3312,3664,1766,1898,916,430,486,
9185,3669,1763,1906,6419,3086,3333,7334,3562,3772,6417,3103,3314,3665,1766,1899,917,431,486,
9190,3672,1765,1907,6423,3089,3334,7341,3565,3776,6421,3105,3316,3668,1768,1900,917,431,486,
9195,3673,1765,1908,6426,3091,3335,7342,3565,3777,6424,3106,3318,3669,1768,1901,918,432,486,
9200,3676,1766,1910,6430,3092,3338,7349,3570,3779,6428,3109,3319,3672,1770,1902,918,432,486,
9205,3677,1766,1911,6433,3095,3338,7350,3571,3779,6431,3110,3321,3673,1770,1903,919,432,487,
9210,3680,1767,1913,6437,3096,3341,7357,3576,3781,6435,3111,3324,3676,1771,1905,919,432,487,
9215,3681,1768,1913,6440,3099,3341,7358,3576,3782,6438,3112,3326,3677,1772,1905,920,433,487,
9220,3684,1770,1914,6444,3101,3343,7365,3579,3786,6442,3115,3327,3680,1775,1905,920,433,487,
9225,3685,1771,1914,6447,3101,3346,7366,3579,3787,6445,3117,3328,3681,1776,1905,921,434,487,
9230,3688,1772,1916,6451,3104,3347,7373,3581,3792,6449,3118,3331,3684,1777,1907,921,434,487,
9235,3689,1772,1917,6454,3106,3348,7374,3582,3792,6452,3119,3333,3685,1777,1908,922,434,488,
9240,3692,1773,1919,6458,3107,3351,7381,3583,3798,6456,3121,3335,3688,1779,1909,922,434,488,
9245,3693,1773,1920,6461,3109,3352,7382,3584,3798,6459,3124,3335,3689,1780,1909,923,434,489,
9250,3696,1774,1922,6465,3110,3355,7389,3588,3801,6463,3128,3335,3692,1782,1910,923,434,489,
9255,3697,1774,1923,6468,3110,3358,7390,3588,3802,6466,3129,3337,3693,1783,1910,924,435,489,
9260,3700,1775,1925,6472,3111,3361,7397,3590,3807,6470,3130,3340,3696,1783,1913,924,435,489,
9265,3701,1776,1925,6475,3114,3361,7398,3591,3807,6473,3130,3343,3697,1783,1914,925,436,489,
9270,3704,1778,1926,6479,3115,3364,7405,3596,3809,6477,3131,3346,3700,1784,1916,925,436,489,
9275,3705,1779,1926,6482,3115,3367,7406,3597,3809,6480,3132,3348,3701,1785,1916,926,437,489,
9280,3708,1779,1929,6486,3117,3369,7413,3603,3810,6484,3133,3351,3704,1787,1917,926,437,489,
9285,3709,1780,1929,6489,3120,3369,7414,3603,3811,6487,3136,3351,3705,1787,1918,927,438,489,
9290,3712,1782,1930,6493,3122,3371,7421,3606,3815,6491,3138,3353,3708,1788,1920,927,438,489,
9295,3713,1783,1930,6496,3124,3372,7422,3607,3815,6494,3139,3355,3709,1789,1920,928,438,490,
9300,3716,1785,1931,6500,3126,3374,7429,3609,3820,6498,3141,3357,3712,1790,1922,928,438,490,
9305,3717,1786,1931,6503,3127,3376,7430,3610,3820,6501,3143,3358,3713,1791,1922,929,439,490,
9310,3720,1787,1933,6507,3130,3377,7437,3612,3825,6505,3144,3361,3716,1793,1923,929,439,490,
9315,3721,1788,1933,6510,3131,3379,7438,3612,3826,6508,3144,3364,3717,1794,1923,930,440,490,
9320,3724,1791,1933,6514,3131,3383,7445,3615,3830,6512,3146,3366,3720,1794,1926,930,440,490,
9325,3725,1791,1934,6517,3133,3384,7446,3616,3830,6515,3147,3368,3721,1794,1927,931,441,490,
9330,3728,1792,1936,6521,3137,3384,7453,3620,3833,6519,3148,3371,3724,1797,1927,931,441,490,
9335,3729,1792,1937,6524,3137,3387,7454,3621,3833,6522,3148,3374,3725,1798,1927,932,441,491,
9340,3732,1793,1939,6528,3138,3390,7461,3624,3837,6526,3149,3377,3728,1799,1929,932,441,491,
9345,3733,1793,1940,6531,3141,3390,7462,3625,3837,6529,3150,3379,3729,1799,1930,933,441,492,
9350,3736,1794,1942,6535,3144,3391,7469,3628,3841,6533,3151,3382,3732,1801,1931,933,441,492,
9355,3737,1794,1943,6538,3147,3391,7470,3629,3841,6536,3151,3385,3733,1801,1932,934,442,492,
9360,3740,1797,1943,6542,3150,3392,7477,3632,3845,6540,3153,3387,3736,1802,1934,934,442,492,
9365,3741,1797,1944,6545,3150,3395,7478,3632,3846,6543,3154,3389,3737,1802,1935,935,442,493,
9370,3744,1799,1945,6549,3151,3398,7485,3635,3850,6547,3156,3391,3740,1803,1937,935,442,493,
9375,3745,1799,1946,6552,3151,3401,7486,3636,3850,6550,3158,3392,3741,1803,1938,936,442,494,
9380,3748,1800,1948,6556,3151,3405,7493,3639,3854,6554,3158,3396,3744,1804,1940,936,442,494,
9385,3749,1800,1949,6559,3152,3407,7494,3640,3854,6557,3158,3399,3745,1804,1941,937,442,495,
9390,3752,1801,1951,6563,3154,3409,7501,3645,3856,6561,3162,3399,3748,1805,1943,937,442,495,
9395,3753,1802,1951,6566,3155,3411,7502,3645,3857,6564,3164,3400,3749,1805,1944,938,443,495,
9400,3756,1804,1952,6570,3155,3415,7509,3648,3861,6568,3166,3402,3752,1807,1945,938,443,495,
9405,3757,1804,1953,6573,3156,3417,7510,3649,3861,6571,3167,3404,3753,1807,1946,939,444,495,
9410,3760,1805,1955,6577,3159,3418,7517,3654,3863,6575,3170,3405,3756,1809,1947,939,444,495,
9415,3761,1806,1955,6580,3161,3419,7518,3655,3863,6578,3171,3407,3757,1810,1947,940,445,495,
9420,3764,1806,1958,6584,3162,3422,7525,3658,3867,6582,3172,3410,3760,1811,1949,940,445,495,
9425,3765,1807,1958,6587,3164,3423,7526,3659,3867,6585,3174,3411,3761,1811,1950,941,446,495,
9430,3768,1809,1959,6591,3167,3424,7533,3664,3869,6589,3175,3414,3764,1811,1953,941,446,495,
9435,3769,1809,1960,6594,3168,3426,7534,3664,3870,6592,3176,3416,3765,1812,1953,942,447,495,
9440,3772,1812,1960,6598,3170,3428,7541,3669,3872,6596,3179,3417,3768,1814,1954,942,447,495,
9445,3773,1813,1960,6601,3171,3430,7542,3670,3872,6599,3181,3418,3769,1814,1955,943,448,495,
9450,3776,1814,1962,6605,3173,3432,7549,3674,3875,6603,3185,3418,3772,1814,1958,943,448,495,
9455,3777,1815,1962,6608,3174,3434,7550,3675,3875,6606,3187,3419,3773,1814,1959,944,448,496,
9460,3780,1818,1962,6612,3176,3436,7557,3679,3878,6610,3189,3421,3776,1815,1961,944,448,496,
9465,3781,1818,1963,6615,3177,3438,7558,3679,3879,6613,3191,3422,3777,1816,1961,945,449,496,
9470,3784,1819,1965,6619,3181,3438,7565,3682,3883,6617,3191,3426,3780,1816,1964,945,449,496,
9475,3785,1820,1965,6622,3183,3439,7566,3682,3884,6620,3192,3428,3781,1816,1965,946,449,497,
9480,3788,1821,1967,6626,3185,3441,7573,3685,3888,6624,3193,3431,3784,1818,1966,946,449,497,
9485,3789,1822,1967,6629,3186,3443,7574,3685,3889,6627,3194,3433,3785,1818,1967,947,450,497,
9490,3792,1824,1968,6633,3189,3444,7581,3688,3893,6631,3196,3435,3788,1819,1969,947,450,497,
9495,3793,1824,1969,6636,3191,3445,7582,3689,3893,6634,3196,3438,3789,1819,1970,948,450,498,
9500,3796,1825,1971,6640,3193,3447,7589,3691,3898,6638,3197,3441,3792,1822,1970,948,450,498,
9505,3797,1825,1972,6643,3194,3449,7590,3691,3899,6641,3199,3442,3793,1822,1971,949,450,499,
9510,3800,1827,1973,6647,3196,3451,7597,3695,3902,6645,3201,3444,3796,1824,1972,949,450,499,
9515,3801,1827,1974,6650,3199,3451,7598,3695,3903,6648,3204,3444,3797,1824,1973,950,451,499,
9520,3804,1828,1976,6654,3203,3451,7605,3697,3908,6652,3207,3445,3800,1826,1974,950,451,499,
9525,3805,1828,1977,6657,3205,3452,7606,3698,3908,6655,3207,3448,3801,1827,1974,951,451,500,
9530,3808,1830,1978,6661,3209,3452,7613,3700,3913,6659,3209,3450,3804,1828,1976,951,451,500,
9535,3809,1831,1978,6664,3210,3454,7614,3701,3913,6662,3210,3452,3805,1828,1977,952,452,500,
9540,3812,1834,1978,6668,3213,3455,7621,3705,3916,6666,3213,3453,3808,1830,1978,952,452,500,
9545,3813,1835,1978,6671,3215,3456,7622,3706,3916,6669,3216,3453,3809,1831,1978,953,452,501,
9550,3816,1836,1980,6675,3216,3459,7629,3710,3919,6673,3218,3455,3812,1832,1980,953,452,501,
9555,3817,1836,1981,6678,3218,3460,7630,3710,3920,6676,3219,3457,3813,1833,1980,954,452,502,
9560,3820,1836,1984,6682,3220,3462,7637,3715,3922,6680,3220,3460,3816,1834,1982,954,452,502,
9565,3821,1836,1985,6685,3222,3463,7638,3716,3922,6683,3221,3462,3817,1834,1983,955,453,502,
9570,3824,1837,1987,6689,3225,3464,7645,3720,3925,6687,3222,3465,3820,1835,1985,955,453,502,
9575,3825,1838,1987,6692,3226,3466,7646,3721,3925,6690,3223,3467,3821,1836,1985,956,453,503,
9580,3828,1839,1989,6696,3228,3468,7653,3725,3928,6694,3226,3468,3824,1838,1986,956,453,503,
9585,3829,1840,1989,6699,3230,3469,7654,3726,3928,6697,3229,3468,3825,1838,1987,957,453,504,
9590,3832,1842,1990,6703,3231,3472,7661,3731,3930,6701,3232,3469,3828,1840,1988,957,453,504,
9595,3833,1842,1991,6706,3233,3473,7662,3731,3931,6704,3232,3472,3829,1840,1989,958,454,504,
9600,3836,1844,1992,6710,3235,3475,7669,3734,3935,6708,3234,3474,3832,1842,1990,958,454,504,
9605,3837,1845,1992,6713,3237,3476,7670,3735,3935,6711,3234,3477,3833,1842,1991,959,454,505,
9610,3840,1846,1994,6717,3239,3478,7677,3739,3938,6715,3236,3479,3836,1845,1991,959,454,505,
9615,3841,1846,1995,6720,3239,3481,7678,3740,3938,6718,3236,3482,3837,1846,1991,960,455,505,
9620,3844,1849,1995,6724,3241,3483,7685,3743,3942,6722,3239,3483,3840,1849,1991,960,455,505,
9625,3845,1850,1995,6727,3243,3484,7686,3744,3942,6725,3241,3484,3841,1849,1992,961,456,505,
9630,3848,1852,1996,6731,3245,3486,7693,3748,3945,6729,3243,3486,3844,1852,1992,961,456,505,
9635,3849,1852,1997,6734,3245,3489,7694,3748,3946,6732,3244,3488,3845,1853,1992,962,456,506,
9640,3852,1854,1998,6738,3247,3491,7701,3753,3948,6736,3246,3490,3848,1854,1994,962,456,506,
9645,3853,1855,1998,6741,3250,3491,7702,3754,3948,6739,3249,3490,3849,1854,1995,963,456,507,
9650,3856,1855,2001,6745,3251,3494,7709,3757,3952,6743,3251,3492,3852,1855,1997,963,456,507,
9655,3857,1856,2001,6748,3253,3495,7710,3758,3952,6746,3251,3495,3853,1855,1998,964,456,508,
9660,3860,1857,2003,6752,3256,3496,7717,3763,3954,6750,3252,3498,3856,1856,2000,964,456,508,
9665,3861,1857,2004,6755,3256,3499,7718,3763,3955,6753,3254,3499,3857,1857,2000,965,457,508,
9670,3864,1858,2006,6759,3259,3500,7725,3767,3958,6757,3256,3501,3860,1859,2001,965,457,508,
9675,3865,1859,2006,6762,3259,3503,7726,3768,3958,6760,3257,3503,3861,1859,2002,966,457,509,
9680,3868,1861,2007,6766,3261,3505,7733,3773,3960,6764,3258,3506,3864,1861,2003,966,457,509,
9685,3869,1862,2007,6769,3262,3507,7734,3773,3961,6767,3260,3507,3865,1861,2004,967,457,510,
9690,3872,1863,2009,6773,3265,3508,7741,3776,3965,6771,3263,3508,3868,1863,2005,967,457,510,
9695,3873,1864,2009,6776,3267,3509,7742,3777,3965,6774,3264,3510,3869,1864,2005,968,457,511,
9700,3876,1866,2010,6780,3269,3511,7749,3782,3967,6778,3266,3512,3872,1866,2006,968,457,511,
9705,3877,1867,2010,6783,3269,3514,7750,3783,3967,6781,3268,3513,3873,1867,2006,969,458,511,
9710,3880,1869,2011,6787,3269,3518,7757,3785,3972,6785,3269,3516,3876,1868,2008,969,458,511,
9715,3881,1870,2011,6790,3270,3520,7758,3786,3972,6788,3272,3516,3877,1868,2009,970,459,511,
9720,3884,1871,2013,6794,3272,3522,7765,3787,3978,6792,3273,3519,3880,1870,2010,970,459,511,
9725,3885,1871,2014,6797,3274,3523,7766,3787,3979,6795,3275,3520,3881,1871,2010,971,460,511,
9730,3888,1872,2016,6801,3277,3524,7773,3792,3981,6799,3278,3521,3884,1872,2012,971,460,511,
9735,3889,1872,2017,6804,3279,3525,7774,3792,3982,6802,3278,3524,3885,1872,2013,972,460,512,
9740,3892,1873,2019,6808,3280,3528,7781,3796,3985,6806,3281,3525,3888,1872,2016,972,460,512,
9745,3893,1873,2020,6811,3282,3529,7782,3796,3986,6809,3283,3526,3889,1872,2017,973,460,513,
9750,3896,1875,2021,6815,3284,3531,7789,3799,3990,6813,3284,3529,3892,1872,2020,973,460,513,
9755,3897,1876,2021,6818,3286,3532,7790,3799,3991,6816,3286,3530,3893,1872,2021,974,461,513,
9760,3900,1879,2021,6822,3288,3534,7797,3802,3995,6820,3288,3532,3896,1873,2023,974,461,513,
9765,3901,1879,2022,6825,3288,3537,7798,3802,3996,6823,3289,3534,3897,1874,2023,975,461,514,
9770,3904,1880,2024,6829,3290,3539,7805,3806,3999,6827,3291,3536,3900,1876,2024,975,461,514,
9775,3905,1880,2025,6832,3292,3540,7806,3806,4000,6830,3292,3538,3901,1876,2025,976,461,515,
9780,3908,1882,2026,6836,3292,3544,7813,3811,4002,6834,3293,3541,3904,1877,2027,976,461,515,
9785,3909,1883,2026,6839,3295,3544,7814,3811,4003,6837,3294,3543,3905,1877,2028,977,461,516,
9790,3912,1883,2029,6843,3297,3546,7821,3815,4006,6841,3297,3544,3908,1878,2030,977,461,516,
9795,3913,1883,2030,6846,3299,3547,7822,3815,4007,6844,3298,3546,3909,1879,2030,978,461,517,
9800,3916,1884,2032,6850,3302,3548,7829,3818,4011,6848,3300,3548,3912,1881,2031,978,461,517,
9805,3917,1885,2032,6853,3305,3548,7830,3818,4012,6851,3301,3550,3913,1881,2032,979,461,518,
9810,3920,1887,2033,6857,3307,3550,7837,3822,4015,6855,3301,3554,3916,1883,2033,979,461,518,
9815,3921,1887,2034,6860,3308,3552,7838,3822,4016,6858,3302,3556,3917,1883,2034,980,462,518,
9820,3924,1889,2035,6864,3309,3555,7845,3826,4019,6862,3303,3559,3920,1886,2034,980,462,518,
9825,3925,1889,2036,6867,3310,3557,7846,3827,4019,6865,3305,3560,3921,1886,2035,981,462,519,
9830,3928,1892,2036,6871,3312,3559,7853,3830,4023,6869,3308,3561,3924,1888,2036,981,462,519,
9835,3929,1893,2036,6874,3314,3560,7854,3831,4023,6872,3309,3563,3925,1889,2036,982,462,520,
9840,3932,1894,2038,6878,3315,3563,7861,3834,4027,6876,3310,3566,3928,1891,2037,982,462,520,
9845,3933,1894,2039,6881,3317,3564,7862,3834,4028,6879,3310,3569,3929,1891,2038,983,462,521,
9850,3936,1895,2041,6885,3319,3566,7869,3838,4031,6883,3312,3571,3932,1894,2038,983,462,521,
9855,3937,1895,2042,6888,3320,3568,7870,3839,4031,6886,3313,3573,3933,1895,2038,984,462,522,
9860,3940,1897,2043,6892,3322,3570,7877,3841,4036,6890,3314,3576,3936,1896,2040,984,462,522,
9865,3941,1898,2043,6895,3323,3572,7878,3842,4036,6893,3317,3576,3937,1897,2040,985,463,522,
9870,3944,1899,2045,6899,3324,3575,7885,3844,4041,6897,3319,3578,3940,1898,2042,985,463,522,
9875,3945,1899,2046,6902,3327,3575,7886,3845,4041,6900,3320,3580,3941,1898,2043,986,464,522,
9880,3948,1901,2047,6906,3331,3575,7893,3850,4043,6904,3321,3583,3944,1900,2044,986,464,522,
9885,3949,1902,2047,6909,3334,3575,7894,3850,4044,6907,3323,3584,3945,1901,2044,987,465,522,
9890,3952,1904,2048,6913,3336,3577,7901,3854,4047,6911,3326,3585,3948,1903,2045,987,465,522,
9895,3953,1904,2049,6916,3339,3577,7902,3854,4048,6914,3328,3586,3949,1903,2046,988,465,523,
9900,3956,1906,2050,6920,3341,3579,7909,3858,4051,6918,3330,3588,3952,1905,2047,988,465,523,
9905,3957,1906,2051,6923,3343,3580,7910,3858,4052,6921,3331,3590,3953,1906,2047,989,465,524,
9910,3960,1908,2052,6927,3345,3582,7917,3864,4053,6925,3333,3592,3956,1907,2049,989,465,524,
9915,3961,1909,2052,6930,3348,3582,7918,3865,4053,6928,3335,3593,3957,1907,2050,990,465,525,
9920,3964,1911,2053,6934,3351,3583,7925,3869,4056,6932,3336,3596,3960,1908,2052,990,465,525,
9925,3965,1911,2054,6937,3352,3585,7926,3869,4057,6935,3337,3598,3961,1909,2052,991,465,526,
9930,3968,1911,2057,6941,3353,3588,7933,3874,4059,6939,3337,3602,3964,1910,2054,991,465,526,
9935,3969,1911,2058,6944,3353,3591,7934,3874,4060,6942,3338,3604,3965,1910,2055,992,465,527,
9940,3972,1913,2059,6948,3357,3591,7941,3878,4063,6946,3339,3607,3968,1913,2055,992,465,527,
9945,3973,1914,2059,6951,3360,3591,7942,3879,4063,6949,3339,3610,3969,1913,2056,993,465,528,
9950,3976,1915,2061,6955,3364,3591,7949,3883,4066,6953,3341,3612,3972,1914,2058,993,465,528,
9955,3977,1915,2062,6958,3365,3593,7950,3884,4066,6956,3343,3613,3973,1915,2058,994,465,529,
9960,3980,1916,2064,6962,3368,3594,7957,3887,4070,6960,3345,3615,3976,1917,2059,994,465,529,
9965,3981,1916,2065,6965,3368,3597,7958,3888,4070,6963,3347,3616,3977,1917,2060,995,466,529,
9970,3984,1918,2066,6969,3369,3600,7965,3891,4074,6967,3350,3617,3980,1917,2063,995,466,529,
9975,3985,1919,2066,6972,3369,3603,7966,3892,4074,6970,3352,3618,3981,1918,2063,996,466,530,
9980,3988,1920,2068,6976,3370,3606,7973,3894,4079,6974,3355,3619,3984,1919,2065,996,466,530,
9985,3989,1921,2068,6979,3372,3607,7974,3894,4080,6977,3356,3621,3985,1920,2065,997,466,531,
9990,3992,1923,2069,6983,3374,3609,7981,3898,4083,6981,3359,3622,3988,1922,2066,997,466,531,
9995,3993,1923,2070,6986,3375,3611,7982,3899,4083,6984,3361,3623,3989,1922,2067,998,467,531,
10000,3996,1925,2071,6990,3378,3612,7989,3901,4088,6988,3362,3626,3992,1923,2069,998,467,531,
10005,3997,1925,2072,6993,3379,3614,7990,3902,4088,6991,3365,3626,3993,1923,2070,999,467,532,
10010,4000,1927,2073,6997,3379,3618,7997,3907,4090,6995,3367,3628,3996,1924,2072,999,467,532,
10015,4001,1928,2073,7000,3381,3619,7998,3908,4090,6998,3369,3629,3997,1925,2072,1000,468,532,
10020,4004,1930,2074,7004,3384,3620,8005,3912,4093,7002,3372,3630,4000,1926,2074,1000,468,532,
10025,4005,1931,2074,7007,3387,3620,8006,3912,4094,7005,3373,3632,4001,1927,2074,1001,468,533,
10030,4008,1933,2075,7011,3390,3621,8013,3915,4098,7009,3373,3636,4004,1928,2076,1001,468,533,
10035,4009,1933,2076,7014,3390,3624,8014,3915,4099,7012,3375,3637,4005,1928,2077,1002,469,533,
10040,4012,1934,2078,7018,3390,3628,8021,3920,4101,7016,3376,3640,4008,1931,2077,1002,469,533,
10045,4013,1935,2078,7021,3391,3630,8022,3921,4101,7019,3378,3641,4009,1931,2078,1003,469,534,
10050,4016,1937,2079,7025,3394,3631,8029,3923,4106,7023,3378,3645,4012,1932,2080,1003,469,534,
10055,4017,1938,2079,7028,3395,3633,8030,3923,4107,7026,3381,3645,4013,1932,2081,1004,469,535,
10060,4020,1940,2080,7032,3397,3635,8037,3926,4111,7030,3382,3648,4016,1933,2083,1004,469,535,
10065,4021,1940,2081,7035,3399,3636,8038,3927,4111,7033,3384,3649,4017,1933,2084,1005,469,536,
10070,4024,1942,2082,7039,3401,3638,8045,3928,4117,7037,3384,3653,4020,1936,2084,1005,469,536,
10075,4025,1942,2083,7042,3402,3640,8046,3929,4117,7040,3385,3655,4021,1936,2085,1006,469,537,
10080,4028,1942,2086,7046,3402,3644,8053,3931,4122,7044,3388,3656,4024,1938,2086,1006,469,537,
10085,4029,1942,2087,7049,3403,3646,8054,3931,4123,7047,3390,3657,4025,1938,2087,1007,469,538,
10090,4032,1943,2089,7053,3403,3650,8061,3934,4127,7051,3390,3661,4028,1939,2089,1007,469,538,
10095,4033,1943,2090,7056,3405,3651,8062,3934,4128,7054,3392,3662,4029,1940,2089,1008,470,538,
10100,4036,1945,2091,7060,3408,3652,8069,3939,4130,7058,3394,3664,4032,1941,2091,1008,470,538,
10105,4037,1945,2092,7063,3411,3652,8070,3940,4130,7061,3395,3666,4033,1941,2092,1009,470,539,
10110,4040,1948,2092,7067,3412,3655,8077,3946,4131,7065,3397,3668,4036,1943,2093,1009,470,539,
10115,4041,1949,2092,7070,3413,3657,8078,3947,4131,7068,3397,3671,4037,1944,2093,1010,470,540,
10120,4044,1949,2095,7074,3415,3659,8085,3951,4134,7072,3399,3673,4040,1946,2094,1010,470,540,
10125,4045,1950,2095,7077,3416,3661,8086,3952,4134,7075,3400,3675,4041,1947,2094,1011,470,541,
10130,4048,1951,2097,7081,3417,3664,8093,3954,4139,7079,3404,3675,4044,1949,2095,1011,470,541,
10135,4049,1952,2097,7084,3417,3667,8094,3954,4140,7082,3407,3675,4045,1949,2096,1012,470,542,
10140,4052,1955,2097,7088,3418,3670,8101,3956,4145,7086,3408,3678,4048,1950,2098,1012,470,542,
10145,4053,1955,2098,7091,3419,3672,8102,3957,4145,7089,3410,3679,4049,1951,2098,1013,471,542,
10150,4056,1958,2098,7095,3422,3673,8109,3959,4150,7093,3410,3683,4052,1952,2100,1013,471,542,
10155,4057,1958,2099,7098,3423,3675,8110,3960,4150,7096,3411,3685,4053,1952,2101,1014,471,543,
10160,4060,1960,2100,7102,3426,3676,8117,3963,4154,7100,3413,3687,4056,1952,2104,1014,471,543,
10165,4061,1960,2101,7105,3428,3677,8118,3964,4154,7103,3413,3690,4057,1952,2105,1015,471,544,
10170,4064,1962,2102,7109,3432,3677,8125,3970,4155,7107,3416,3691,4060,1955,2105,1015,471,544,
10175,4065,1962,2103,7112,3433,3679,8126,3971,4155,7110,3416,3694,4061,1955,2106,1016,471,545,
10180,4068,1963,2105,7116,3434,3682,8133,3975,4158,7114,3417,3697,4064,1957,2107,1016,471,545,
10185,4069,1964,2105,7119,3436,3683,8134,3975,4159,7117,3418,3699,4065,1958,2107,1017,471,546,
10190,4072,1967,2105,7123,3437,3686,8141,3979,4162,7121,3418,3703,4068,1959,2109,1017,471,546,
10195,4073,1967,2106,7126,3439,3687,8142,3980,4162,7124,3419,3705,4069,1959,2110,1018,472,546,
10200,4076,1968,2108,7130,3440,3690,8149,3982,4167,7128,3422,3706,4072,1960,2112,1018,472,546,
10205,4077,1969,2108,7133,3440,3693,8150,3982,4168,7131,3423,3708,4073,1961,2112,1019,473,546,
10210,4080,1969,2111,7137,3442,3695,8157,3988,4169,7135,3426,3709,4076,1964,2112,1019,473,546,
10215,4081,1969,2112,7140,3443,3697,8158,3988,4170,7138,3428,3710,4077,1965,2112,1020,473,547,
10220,4084,1970,2114,7144,3443,3701,8165,3990,4175,7142,3430,3712,4080,1968,2112,1020,473,547,
10225,4085,1970,2115,7147,3443,3704,8166,3990,4176,7145,3431,3714,4081,1969,2112,1021,474,547,
10230,4088,1971,2117,7151,3445,3706,8173,3992,4181,7149,3433,3716,4084,1972,2112,1021,474,547,
10235,4089,1972,2117,7154,3446,3708,8174,3993,4181,7152,3433,3719,4085,1973,2112,1022,475,547,
10240,4092,1974,2118,7158,3447,3711,8181,3994,4187,7156,3436,3720,4088,1974,2114,1022,475,547,
10245,4093,1975,2118,7161,3447,3714,8182,3994,4188,7159,3438,3721,4089,1974,2115,1023,475,548,
10250,4096,1978,2118,7165,3451,3714,8189,3997,4192,7163,3442,3721,4092,1977,2115,1023,475,548,
10255,4097,1979,2118,7168,3452,3716,8190,3997,4193,7166,3444,3722,4093,1978,2115,1024,475,549,
10260,4100,1980,2120,7172,3455,3717,8197,3999,4198,7170,3446,3724,4096,1980,2116,1024,475,549,
10265,4101,1980,2121,7175,3457,3718,8198,4000,4198,7173,3448,3725,4097,1981,2116,1025,476,549,
10270,4104,1981,2123,7179,3458,3721,8205,4003,4202,7177,3451,3726,4100,1982,2118,1025,476,549,
10275,4105,1982,2123,7182,3459,3723,8206,4004,4202,7180,3451,3729,4101,1982,2119,1026,476,550,
10280,4108,1983,2125,7186,3460,3726,8213,4008,4205,7184,3451,3733,4104,1984,2120,1026,476,550,
10285,4109,1983,2126,7189,3462,3727,8214,4008,4206,7187,3454,3733,4105,1985,2120,1027,477,550,
10290,4112,1985,2127,7193,3464,3729,8221,4012,4209,7191,3455,3736,4108,1986,2122,1027,477,550,
10295,4113,1985,2128,7196,3465,3731,8222,4012,4210,7194,3456,3738,4109,1986,2123,1028,477,551,
10300,4116,1986,2130,7200,3468,3732,8229,4015,4214,7198,3457,3741,4112,1988,2124,1028,477,551,
10305,4117,1986,2131,7203,3470,3733,8230,4016,4214,7201,3458,3743,4113,1988,2125,1029,478,551,
10310,4120,1989,2131,7207,3471,3736,8237,4020,4217,7205,3461,3744,4116,1989,2127,1029,478,551,
10315,4121,1989,2132,7210,3473,3737,8238,4020,4218,7208,3463,3745,4117,1989,2128,1030,478,552,
10320,4124,1992,2132,7214,3474,3740,8245,4021,4224,7212,3466,3746,4120,1992,2128,1030,478,552,
10325,4125,1993,2132,7217,3477,3740,8246,4022,4224,7215,3468,3747,4121,1992,2129,1031,478,553,
10330,4128,1994,2134,7221,3478,3743,8253,4026,4227,7219,3472,3747,4124,1993,2131,1031,478,553,
10335,4129,1995,2134,7224,3479,3745,8254,4026,4228,7222,3473,3749,4125,1994,2131,1032,478,554,
10340,4132,1997,2135,7228,3480,3748,8261,4029,4232,7226,3477,3749,4128,1995,2133,1032,478,554,
10345,4133,1997,2136,7231,3481,3750,8262,4029,4233,7229,3478,3751,4129,1995,2134,1033,478,555,
10350,4136,1999,2137,7235,3484,3751,8269,4031,4238,7233,3481,3752,4132,1997,2135,1033,478,555,
10355,4137,2000,2137,7238,3486,3752,8270,4032,4238,7236,3482,3754,4133,1997,2136,1034,479,555,
10360,4140,2001,2139,7242,3489,3753,8277,4036,4241,7240,3484,3756,4136,1999,2137,1034,479,555,
10365,4141,2001,2140,7245,3492,3753,8278,4037,4241,7243,3486,3757,4137,1999,2138,1035,480,555,
10370,4144,2001,2143,7249,3495,3754,8285,4041,4244,7247,3486,3761,4140,2000,2140,1035,480,555,
10375,4145,2001,2144,7252,3498,3754,8286,4041,4245,7250,3488,3762,4141,2001,2140,1036,480,556,
10380,4148,2003,2145,7256,3498,3758,8293,4043,4250,7254,3489,3765,4144,2001,2143,1036,480,556,
10385,4149,2004,2145,7259,3499,3760,8294,4043,4251,7257,3491,3766,4145,2001,2144,1037,481,556,
10390,4152,2006,2146,7263,3501,3762,8301,4047,4254,7261,3493,3768,4148,2004,2144,1037,481,556,
10395,4153,2006,2147,7266,3503,3763,8302,4048,4254,7264,3494,3770,4149,2004,2145,1038,481,557,
10400,4156,2008,2148,7270,3504,3766,8309,4051,4258,7268,3495,3773,4152,2005,2147,1038,481,557,
10405,4157,2008,2149,7273,3507,3766,8310,4052,4258,7271,3496,3775,4153,2006,2147,1039,481,558,
10410,4160,2008,2152,7277,3510,3767,8317,4056,4261,7275,3499,3776,4156,2007,2149,1039,481,558,
10415,4161,2008,2153,7280,3511,3769,8318,4056,4262,7278,3500,3778,4157,2007,2150,1040,482,558,
10420,4164,2010,2154,7284,3513,3771,8325,4060,4265,7282,3503,3779,4160,2008,2152,1040,482,558,
10425,4165,2010,2155,7287,3514,3773,8326,4060,4266,7285,3506,3779,4161,2009,2152,1041,483,558,
10430,4168,2012,2156,7291,3516,3775,8333,4065,4268,7289,3510,3779,4164,2009,2155,1041,483,558,
10435,4169,2012,2157,7294,3517,3777,8334,4066,4268,7292,3512,3780,4165,2009,2156,1042,483,559,
10440,4172,2012,2160,7298,3519,3779,8341,4070,4271,7296,3514,3782,4168,2010,2158,1042,483,559,
10445,4173,2012,2161,7301,3521,3780,8342,4070,4272,7299,3515,3784,4169,2011,2158,1043,483,560,
10450,4176,2012,2164,7305,3522,3783,8349,4073,4276,7303,3518,3785,4172,2012,2160,1043,483,560,
10455,4177,2012,2165,7308,3524,3784,8350,4073,4277,7306,3520,3786,4173,2012,2161,1044,483,561,
10460,4180,2012,2168,7312,3527,3785,8357,4075,4282,7310,3523,3787,4176,2013,2163,1044,483,561,
10465,4181,2012,2169,7315,3529,3786,8358,4075,4283,7313,3524,3789,4177,2014,2163,1045,483,562,
10470,4184,2014,2170,7319,3530,3789,8365,4080,4285,7317,3528,3789,4180,2016,2164,1045,483,562,
10475,4185,2014,2171,7322,3532,3790,8366,4081,4285,7320,3529,3791,4181,2017,2164,1046,484,562,
10480,4188,2016,2172,7326,3534,3792,8373,4083,4290,7324,3532,3792,4184,2019,2165,1046,484,562,
10485,4189,2017,2172,7329,3534,3795,8374,4083,4291,7327,3535,3792,4185,2020,2165,1047,484,563,
10490,4192,2020,2172,7333,3536,3797,8381,4085,4296,7331,3538,3793,4188,2023,2165,1047,484,563,
10495,4193,2020,2173,7336,3539,3797,8382,4085,4297,7334,3540,3794,4189,2024,2165,1048,485,563,
10500,4196,2021,2175,7340,3542,3798,8389,4088,4301,7338,3543,3795,4192,2025,2167,1048,485,563,
10505,4197,2022,2175,7343,3544,3799,8390,4088,4302,7341,3545,3796,4193,2026,2167,1049,486,563,
10510,4200,2025,2175,7347,3548,3799,8397,4091,4306,7345,3549,3796,4196,2027,2169,1049,486,563,
10515,4201,2025,2176,7350,3549,3801,8398,4092,4306,7348,3551,3797,4197,2028,2169,1050,486,564,
10520,4204,2027,2177,7354,3552,3802,8405,4094,4311,7352,3554,3798,4200,2031,2169,1050,486,564,
10525,4205,2027,2178,7357,3553,3804,8406,4094,4312,7355,3555,3800,4201,2031,2170,1051,486,565,
10530,4208,2028,2180,7361,3555,3806,8413,4094,4319,7359,3556,3803,4204,2032,2172,1051,486,565,
10535,4209,2029,2180,7364,3555,3809,8414,4094,4320,7362,3558,3804,4205,2033,2172,1052,486,566,
10540,4212,2029,2183,7368,3559,3809,8421,4096,4325,7366,3560,3806,4208,2034,2174,1052,486,566,
10545,4213,2030,2183,7371,3560,3811,8422,4096,4326,7369,3561,3808,4209,2034,2175,1053,487,566,
10550,4216,2032,2184,7375,3561,3814,8429,4099,4330,7373,3563,3810,4212,2034,2178,1053,487,566,
10555,4217,2032,2185,7378,3564,3814,8430,4099,4331,7376,3564,3812,4213,2035,2178,1054,488,566,
10560,4220,2033,2187,7382,3566,3816,8437,4103,4334,7380,3564,3816,4216,2037,2179,1054,488,566,
10565,4221,2034,2187,7385,3566,3819,8438,4104,4334,7383,3564,3819,4217,2037,2180,1055,489,566,
10570,4224,2035,2189,7389,3567,3822,8445,4107,4338,7387,3566,3821,4220,2038,2182,1055,489,566,
10575,4225,2036,2189,7392,3568,3824,8446,4108,4338,7390,3568,3822,4221,2039,2182,1056,490,566,
10580,4228,2037,2191,7396,3568,3828,8453,4111,4342,7394,3570,3824,4224,2040,2184,1056,490,566,
10585,4229,2037,2192,7399,3570,3829,8454,4112,4342,7397,3571,3826,4225,2040,2185,1057,491,566,
10590,4232,2039,2193,7403,3571,3832,8461,4117,4344,7401,3573,3828,4228,2041,2187,1057,491,566,
10595,4233,2040,2193,7406,3571,3835,8462,4117,4345,7404,3576,3828,4229,2041,2188,1058,491,567,
10600,4236,2043,2193,7410,3574,3836,8469,4121,4348,7408,3578,3830,4232,2043,2189,1058,491,567,
10605,4237,2044,2193,7413,3575,3838,8470,4122,4348,7411,3579,3832,4233,2043,2190,1059,491,568,
10610,4240,2047,2193,7417,3577,3840,8477,4127,4350,7415,3580,3835,4236,2045,2191,1059,491,568,
10615,4241,2047,2194,7420,3578,3842,8478,4128,4350,7418,3581,3837,4237,2045,2192,1060,492,568,
10620,4244,2048,2196,7424,3582,3842,8485,4132,4353,7422,3581,3841,4240,2046,2194,1060,492,568,
10625,4245,2048,2197,7427,3583,3844,8486,4132,4354,7425,3584,3841,4241,2046,2195,1061,493,568,
10630,4248,2049,2199,7431,3585,3846,8493,4135,4358,7429,3586,3843,4244,2047,2197,1061,493,568,
10635,4249,2049,2200,7434,3587,3847,8494,4135,4359,7432,3587,3845,4245,2047,2198,1062,493,569,
10640,4252,2051,2201,7438,3587,3851,8501,4138,4363,7436,3590,3846,4248,2049,2199,1062,493,569,
10645,4253,2051,2202,7441,3588,3853,8502,4139,4363,7439,3592,3847,4249,2049,2200,1063,494,569,
10650,4256,2054,2202,7445,3588,3857,8509,4142,4367,7443,3595,3848,4252,2051,2201,1063,494,569,
10655,4257,2055,2202,7448,3591,3857,8510,4143,4367,7446,3598,3848,4253,2051,2202,1064,495,569,
10660,4260,2057,2203,7452,3593,3859,8517,4146,4371,7450,3601,3849,4256,2052,2204,1064,495,569,
10665,4261,2058,2203,7455,3595,3860,8518,4146,4372,7453,3601,3852,4257,2053,2204,1065,496,569,
10670,4264,2059,2205,7459,3597,3862,8525,4148,4377,7457,3601,3856,4260,2053,2207,1065,496,569,
10675,4265,2060,2205,7462,3599,3863,8526,4149,4377,7460,3602,3858,4261,2053,2208,1066,496,570,
10680,4268,2062,2206,7466,3602,3864,8533,4153,4380,7464,3605,3859,4264,2054,2210,1066,496,570,
10685,4269,2062,2207,7469,3603,3866,8534,4153,4381,7467,3607,3860,4265,2055,2210,1067,497,570,
10690,4272,2063,2209,7473,3604,3869,8541,4157,4384,7471,3608,3863,4268,2058,2210,1067,497,570,
10695,4273,2064,2209,7476,3604,3872,8542,4157,4385,7474,3610,3864,4269,2059,2210,1068,497,571,
10700,4276,2067,2209,7480,3606,3874,8549,4161,4388,7478,3611,3867,4272,2060,2212,1068,497,571,
10705,4277,2067,2210,7483,3607,3876,8550,4162,4388,7481,3613,3868,4273,2060,2213,1069,498,571,
10710,4280,2068,2212,7487,3609,3878,8557,4165,4392,7485,3616,3869,4276,2061,2215,1069,498,571,
10715,4281,2068,2213,7490,3611,3879,8558,4165,4393,7488,3617,3871,4277,2061,2216,1070,499,571,
10720,4284,2069,2215,7494,3612,3882,8565,4167,4398,7492,3618,3874,4280,2063,2217,1070,499,571,
10725,4285,2069,2216,7497,3614,3883,8566,4167,4399,7495,3620,3875,4281,2064,2217,1071,500,571,
10730,4288,2071,2217,7501,3615,3886,8573,4170,4403,7499,3621,3878,4284,2067,2217,1071,500,571,
10735,4289,2072,2217,7504,3617,3887,8574,4170,4404,7502,3622,3880,4285,2068,2217,1072,500,572,
10740,4292,2073,2219,7508,3620,3888,8581,4176,4405,7506,3623,3883,4288,2069,2219,1072,500,572,
10745,4293,2073,2220,7511,3620,3891,8582,4176,4406,7509,3624,3885,4289,2070,2219,1073,500,573,
10750,4296,2073,2223,7515,3621,3894,8589,4181,4408,7513,3626,3887,4292,2071,2221,1073,500,573,
10755,4297,2073,2224,7518,3624,3894,8590,4181,4409,7516,3629,3887,4293,2071,2222,1074,501,573,
10760,4300,2075,2225,7522,3627,3895,8597,4183,4414,7520,3630,3890,4296,2073,2223,1074,501,573,
10765,4301,2075,2226,7525,3629,3896,8598,4184,4414,7523,3631,3892,4297,2074,2223,1075,501,574,
10770,4304,2077,2227,7529,3630,3899,8605,4187,4418,7527,3633,3894,4300,2075,2225,1075,501,574,
10775,4305,2078,2227,7532,3631,3901,8606,4188,4418,7530,3636,3894,4301,2076,2225,1076,502,574,
10780,4308,2079,2229,7536,3632,3904,8613,4190,4423,7534,3638,3896,4304,2078,2226,1076,502,574,
10785,4309,2079,2230,7539,3634,3905,8614,4191,4423,7537,3639,3898,4305,2079,2226,1077,502,575,
10790,4312,2081,2231,7543,3637,3906,8621,4194,4427,7541,3641,3900,4308,2081,2227,1077,502,575,
10795,4313,2082,2231,7546,3638,3908,8622,4194,4428,7544,3644,3900,4309,2082,2227,1078,503,575,
10800,4316,2084,2232,7550,3640,3910,8629,4197,4432,7548,3648,3900,4312,2082,2230,1078,503,575,
10805,4317,2084,2233,7553,3643,3910,8630,4198,4432,7551,3649,3902,4313,2082,2231,1079,503,576,
10810,4320,2086,2234,7557,3647,3910,8637,4202,4435,7555,3651,3904,4316,2085,2231,1079,503,576,
10815,4321,2087,2234,7560,3650,3910,8638,4203,4435,7558,3653,3905,4317,2086,2231,1080,504,576,
10820,4324,2089,2235,7564,3652,3912,8645,4207,4438,7562,3655,3907,4320,2087,2233,1080,504,576,
10825,4325,2089,2236,7567,3653,3914,8646,4208,4438,7565,3657,3908,4321,2087,2234,1081,504,577,
10830,4328,2092,2236,7571,3654,3917,8653,4213,4440,7569,3660,3909,4324,2088,2236,1081,504,577,
10835,4329,2092,2237,7574,3656,3918,8654,4214,4440,7572,3663,3909,4325,2089,2236,1082,504,578,
10840,4332,2092,2240,7578,3657,3921,8661,4216,4445,7576,3664,3912,4328,2091,2237,1082,504,578,
10845,4333,2092,2241,7581,3658,3923,8662,4217,4445,7579,3666,3913,4329,2092,2237,1083,504,579,
10850,4336,2093,2243,7585,3660,3925,8669,4221,4448,7583,3668,3915,4332,2093,2239,1083,504,579,
10855,4337,2093,2244,7588,3662,3926,8670,4222,4448,7586,3670,3916,4333,2094,2239,1084,505,579,
10860,4340,2095,2245,7592,3663,3929,8677,4227,4450,7590,3673,3917,4336,2094,2242,1084,505,579,
10865,4341,2095,2246,7595,3664,3931,8678,4227,4451,7593,3676,3917,4337,2095,2242,1085,505,580,
10870,4344,2095,2249,7599,3666,3933,8685,4231,4454,7597,3678,3919,4340,2096,2244,1085,505,580,
10875,4345,2096,2249,7602,3666,3936,8686,4232,4454,7600,3681,3919,4341,2097,2244,1086,505,581,
10880,4348,2097,2251,7606,3668,3938,8693,4235,4458,7604,3684,3920,4344,2098,2246,1086,505,581,
10885,4349,2097,2252,7609,3669,3940,8694,4236,4458,7607,3686,3921,4345,2099,2246,1087,506,581,
10890,4352,2098,2254,7613,3672,3941,8701,4238,4463,7611,3688,3923,4348,2101,2247,1087,506,581,
10895,4353,2099,2254,7616,3673,3943,8702,4238,4464,7614,3689,3925,4349,2102,2247,1088,507,581,
10900,4356,2100,2256,7620,3675,3945,8709,4243,4466,7618,3689,3929,4352,2104,2248,1088,507,581,
10905,4357,2101,2256,7623,3678,3945,8710,4243,4467,7621,3690,3931,4353,2104,2249,1089,507,582,
10910,4360,2101,2259,7627,3682,3945,8717,4247,4470,7625,3691,3934,4356,2106,2250,1089,507,582,
10915,4361,2101,2260,7630,3685,3945,8718,4247,4471,7628,3691,3937,4357,2106,2251,1090,507,583,
10920,4364,2103,2261,7634,3686,3948,8725,4250,4475,7632,3694,3938,4360,2108,2252,1090,507,583,
10925,4365,2104,2261,7637,3688,3949,8726,4251,4475,7635,3695,3940,4361,2108,2253,1091,507,584,
10930,4368,2106,2262,7641,3691,3950,8733,4252,4481,7639,3698,3941,4364,2110,2254,1091,507,584,
10935,4369,2107,2262,7644,3692,3952,8734,4253,4481,7642,3700,3942,4365,2110,2255,1092,508,584,
10940,4372,2109,2263,7648,3694,3954,8741,4256,4485,7646,3703,3943,4368,2113,2255,1092,508,584,
10945,4373,2109,2264,7651,3694,3957,8742,4256,4486,7649,3706,3943,4369,2114,2255,1093,508,585,
10950,4376,2111,2265,7655,3697,3958,8749,4258,4491,7653,3707,3946,4372,2115,2257,1093,508,585,
10955,4377,2112,2265,7658,3697,3961,8750,4259,4491,7656,3707,3949,4373,2115,2258,1094,508,586,
10960,4380,2114,2266,7662,3700,3962,8757,4264,4493,7660,3708,3952,4376,2117,2259,1094,508,586,
10965,4381,2115,2266,7665,3700,3965,8758,4265,4493,7663,3710,3953,4377,2117,2260,1095,509,586,
10970,4384,2116,2268,7669,3702,3967,8765,4269,4496,7667,3713,3954,4380,2119,2261,1095,509,586,
10975,4385,2116,2269,7672,3704,3968,8766,4269,4497,7670,3714,3956,4381,2120,2261,1096,510,586,
10980,4388,2117,2271,7676,3705,3971,8773,4273,4500,7674,3715,3959,4384,2121,2263,1096,510,586,
10985,4389,2117,2272,7679,3707,3972,8774,4274,4500,7677,3717,3960,4385,2122,2263,1097,510,587,
10990,4392,2117,2275,7683,3709,3974,8781,4276,4505,7681,3720,3961,4388,2124,2264,1097,510,587,
10995,4393,2117,2276,7686,3710,3976,8782,4276,4506,7684,3722,3962,4389,2124,2265,1098,510,588,
11000,4396,2118,2278,7690,3711,3979,8789,4280,4509,7688,3724,3964,4392,2124,2268,1098,510,588,
11005,4397,2119,2278,7693,3712,3981,8790,4281,4509,7691,3725,3966,4393,2124,2269,1099,511,588,
11010,4400,2122,2278,7697,3714,3983,8797,4283,4514,7695,3727,3968,4396,2125,2271,1099,511,588,
11015,4401,2122,2279,7700,3715,3985,8798,4283,4515,7698,3728,3970,4397,2125,2272,1100,511,589,
11020,4404,2124,2280,7704,3718,3986,8805,4286,4519,7702,3732,3970,4400,2128,2272,1100,511,589,
11025,4405,2125,2280,7707,3720,3987,8806,4286,4520,7705,3732,3973,4401,2129,2272,1101,511,590,
11030,4408,2126,2282,7711,3723,3988,8813,4292,4521,7709,3734,3975,4404,2131,2273,1101,511,590,
11035,4409,2126,2283,7714,3726,3988,8814,4293,4521,7712,3737,3975,4405,2132,2273,1102,511,591,
11040,4412,2127,2285,7718,3728,3990,8821,4295,4526,7716,3739,3977,4408,2135,2273,1102,511,591,
11045,4413,2128,2285,7721,3729,3992,8822,4296,4526,7719,3741,3978,4409,2135,2274,1103,512,591,
11050,4416,2129,2287,7725,3731,3994,8829,4300,4529,7723,3743,3980,4412,2136,2276,1103,512,591,
11055,4417,2129,2288,7728,3732,3996,8830,4300,4530,7726,3745,3981,4413,2137,2276,1104,513,591,
11060,4420,2132,2288,7732,3734,3998,8837,4305,4532,7730,3747,3983,4416,2138,2278,1104,513,591,
11065,4421,2133,2288,7735,3735,4000,8838,4306,4532,7733,3749,3984,4417,2138,2279,1105,513,592,
11070,4424,2135,2289,7739,3739,4000,8845,4308,4537,7737,3753,3984,4420,2139,2281,1105,513,592,
11075,4425,2135,2290,7742,3741,4001,8846,4308,4538,7740,3754,3986,4421,2139,2282,1106,514,592,
11080,4428,2137,2291,7746,3743,4003,8853,4311,4542,7744,3756,3988,4424,2140,2284,1106,514,592,
11085,4429,2138,2291,7749,3744,4005,8854,4311,4543,7747,3758,3989,4425,2140,2285,1107,514,593,
11090,4432,2140,2292,7753,3745,4008,8861,4313,4548,7751,3759,3992,4428,2142,2286,1107,514,593,
11095,4433,2140,2293,7756,3747,4009,8862,4314,4548,7754,3760,3994,4429,2143,2286,1108,514,594,
11100,4436,2143,2293,7760,3748,4012,8869,4317,4552,7758,3762,3996,4432,2145,2287,1108,514,594,
11105,4437,2144,2293,7763,3749,4014,8870,4318,4552,7761,3763,3998,4433,2145,2288,1109,514,595,
11110,4440,2147,2293,7767,3751,4016,8877,4322,4555,7765,3764,4001,4436,2147,2289,1109,514,595,
11115,4441,2148,2293,7770,3752,4018,8878,4322,4556,7768,3765,4003,4437,2147,2290,1110,514,596,
11120,4444,2148,2296,7774,3754,4020,8885,4326,4559,7772,3768,4004,4440,2150,2290,1110,514,596,
11125,4445,2149,2296,7777,3755,4022,8886,4326,4560,7775,3771,4004,4441,2151,2290,1111,514,597,
11130,4448,2151,2297,7781,3756,4025,8893,4330,4563,7779,3774,4005,4444,2152,2292,1111,514,597,
11135,4449,2151,2298,7784,3757,4027,8894,4330,4564,7782,3777,4005,4445,2152,2293,1112,515,597,
11140,4452,2152,2300,7788,3759,4029,8901,4335,4566,7786,3779,4007,4448,2154,2294,1112,515,597,
11145,4453,2153,2300,7791,3761,4030,8902,4336,4566,7789,3780,4009,4449,2154,2295,1113,516,597,
11150,4456,2154,2302,7795,3762,4033,8909,4340,4569,7793,3781,4012,4452,2156,2296,1113,516,597,
11155,4457,2154,2303,7798,3763,4035,8910,4340,4570,7796,3783,4013,4453,2157,2296,1114,516,598,
11160,4460,2155,2305,7802,3765,4037,8917,4347,4570,7800,3784,4016,4456,2158,2298,1114,516,598,
11165,4461,2155,2306,7805,3767,4038,8918,4347,4571,7803,3786,4017,4457,2158,2299,1115,516,599,
11170,4464,2156,2308,7809,3769,4040,8925,4349,4576,7807,3789,4018,4460,2158,2302,1115,516,599,
11175,4465,2157,2308,7812,3770,4042,8926,4350,4576,7810,3791,4019,4461,2158,2303,1116,517,599,
11180,4468,2159,2309,7816,3770,4046,8933,4352,4581,7814,3792,4022,4464,2159,2305,1116,517,599,
11185,4469,2159,2310,7819,3773,4046,8934,4353,4581,7817,3794,4023,4465,2159,2306,1117,517,600,
11190,4472,2161,2311,7823,3774,4049,8941,4355,4586,7821,3795,4026,4468,2162,2306,1117,517,600,
11195,4473,2162,2311,7826,3776,4050,8942,4356,4586,7824,3796,4028,4469,2163,2306,1118,518,600,
11200,4476,2164,2312,7830,3776,4054,8949,4361,4588,7828,3800,4028,4472,2165,2307,1118,518,600,
11205,4477,2164,2313,7833,3776,4057,8950,4362,4588,7831,3801,4030,4473,2165,2308,1119,518,601,
11210,4480,2165,2315,7837,3779,4058,8957,4365,4592,7835,3803,4032,4476,2166,2310,1119,518,601,
11215,4481,2165,2316,7840,3781,4059,8958,4366,4592,7838,3804,4034,4477,2166,2311,1120,519,601,
11220,4484,2165,2319,7844,3783,4061,8965,4370,4595,7842,3808,4034,4480,2166,2314,1120,519,601,
11225,4485,2165,2320,7847,3784,4063,8966,4370,4596,7845,3808,4037,4481,2166,2315,1121,520,601,
11230,4488,2168,2320,7851,3787,4064,8973,4372,4601,7849,3809,4040,4484,2167,2317,1121,520,601,
11235,4489,2168,2321,7854,3788,4066,8974,4373,4601,7852,3811,4041,4485,2168,2317,1122,521,601,
11240,4492,2168,2324,7858,3789,4069,8981,4376,4605,7856,3813,4043,4488,2169,2319,1122,521,601,
11245,4493,2168,2325,7861,3791,4070,8982,4376,4606,7859,3815,4044,4489,2169,2320,1123,521,602,
11250,4496,2169,2327,7865,3793,4072,8989,4381,4608,7863,3818,4045,4492,2170,2322,1123,521,602,
11255,4497,2170,2327,7868,3795,4073,8990,4381,4609,7866,3821,4045,4493,2171,2322,1124,521,603,
11260,4500,2173,2327,7872,3798,4074,8997,4383,4614,7870,3824,4046,4496,2172,2324,1124,521,603,
11265,4501,2174,2327,7875,3801,4074,8998,4383,4615,7873,3826,4047,4497,2172,2325,1125,521,604,
11270,4504,2174,2330,7879,3802,4077,9005,4384,4621,7877,3827,4050,4500,2174,2326,1125,521,604,
11275,4505,2174,2331,7882,3804,4078,9006,4384,4622,7880,3827,4053,4501,2175,2326,1126,522,604,
11280,4508,2175,2333,7886,3805,4081,9013,4387,4626,7884,3829,4055,4504,2177,2327,1126,522,604,
11285,4509,2175,2334,7889,3807,4082,9014,4388,4626,7887,3830,4057,4505,2178,2327,1127,523,604,
11290,4512,2177,2335,7893,3808,4085,9021,4392,4629,7891,3831,4060,4508,2180,2328,1127,523,604,
11295,4513,2178,2335,7896,3808,4088,9022,4393,4629,7894,3833,4061,4509,2180,2329,1128,524,604,
11300,4516,2179,2337,7900,3811,4089,9029,4395,4634,7898,3833,4065,4512,2181,2331,1128,524,604,
11305,4517,2179,2338,7903,3812,4091,9030,4396,4634,7901,3835,4066,4513,2182,2331,1129,525,604,
11310,4520,2180,2340,7907,3813,4094,9037,4399,4638,7905,3836,4069,4516,2185,2331,1129,525,604,
11315,4521,2180,2341,7910,3815,4095,9038,4400,4638,7908,3837,4071,4517,2186,2331,1130,526,604,
11320,4524,2182,2342,7914,3816,4098,9045,4403,4642,7912,3839,4073,4520,2187,2333,1130,526,604,
11325,4525,2182,2343,7917,3817,4100,9046,4403,4643,7915,3839,4076,4521,2187,2334,1131,527,604,
11330,4528,2184,2344,7921,3821,4100,9053,4408,4645,7919,3842,4077,4524,2189,2335,1131,527,604,
11335,4529,2184,2345,7924,3824,4100,9054,4409,4645,7922,3845,4077,4525,2189,2336,1132,527,605,
11340,4532,2185,2347,7928,3825,4103,9061,4415,4646,7926,3846,4080,4528,2189,2339,1132,527,605,
11345,4533,2185,2348,7931,3826,4105,9062,4415,4647,7929,3848,4081,4529,2189,2340,1133,527,606,
11350,4536,2186,2350,7935,3827,4108,9069,4418,4651,7933,3848,4085,4532,2191,2341,1133,527,606,
11355,4537,2187,2350,7938,3829,4109,9070,4418,4652,7936,3850,4086,4533,2191,2342,1134,528,606,
11360,4540,2189,2351,7942,3832,4110,9077,4422,4655,7940,3851,4089,4536,2194,2342,1134,528,606,
11365,4541,2190,2351,7945,3835,4110,9078,4422,4656,7943,3852,4091,4537,2194,2343,1135,529,606,
11370,4544,2191,2353,7949,3838,4111,9085,4427,4658,7947,3854,4093,4540,2195,2345,1135,529,606,
11375,4545,2192,2353,7952,3840,4112,9086,4427,4659,7950,3855,4095,4541,2195,2346,1136,529,607,
11380,4548,2195,2353,7956,3841,4115,9093,4432,4661,7954,3855,4099,4544,2195,2349,1136,529,607,
11385,4549,2195,2354,7959,3841,4118,9094,4432,4662,7957,3857,4100,4545,2196,2349,1137,530,607,
11390,4552,2196,2356,7963,3843,4120,9101,4436,4665,7961,3860,4101,4548,2197,2351,1137,530,607,
11395,4553,2196,2357,7966,3844,4122,9102,4437,4665,7964,3863,4101,4549,2198,2351,1138,530,608,
11400,4556,2196,2360,7970,3846,4124,9109,4439,4670,7968,3865,4103,4552,2199,2353,1138,530,608,
11405,4557,2196,2361,7973,3848,4125,9110,4439,4671,7971,3867,4104,4553,2199,2354,1139,530,609,
11410,4560,2196,2364,7977,3850,4127,9117,4443,4674,7975,3871,4104,4556,2201,2355,1139,530,609,
11415,4561,2196,2365,7980,3851,4129,9118,4443,4675,7978,3871,4107,4557,2202,2355,1140,531,609,
11420,4564,2197,2367,7984,3852,4132,9125,4444,4681,7982,3871,4111,4560,2204,2356,1140,531,609,
11425,4565,2197,2368,7987,3853,4134,9126,4445,4681,7985,3873,4112,4561,2205,2356,1141,532,609,
11430,4568,2200,2368,7991,3854,4137,9133,4450,4683,7989,3876,4113,4564,2205,2359,1141,532,609,
11435,4569,2201,2368,7994,3855,4139,9134,4451,4683,7992,3878,4114,4565,2205,2360,1142,533,609,
11440,4572,2203,2369,7998,3856,4142,9141,4456,4685,7996,3878,4118,4568,2208,2360,1142,533,609,
11445,4573,2204,2369,8001,3857,4144,9142,4457,4685,7999,3879,4120,4569,2208,2361,1143,534,609,
11450,4576,2204,2372,8005,3858,4147,9149,4460,4689,8003,3880,4123,4572,2211,2361,1143,534,609,
11455,4577,2204,2373,8008,3859,4149,9150,4461,4689,8006,3881,4125,4573,2212,2361,1144,535,609,
11460,4580,2206,2374,8012,3862,4150,9157,4466,4691,8010,3883,4127,4576,2212,2364,1144,535,609,
11465,4581,2207,2374,8015,3863,4152,9158,4466,4692,8013,3884,4129,4577,2213,2364,1145,535,610,
11470,4584,2208,2376,8019,3866,4153,9165,4472,4693,8017,3886,4131,4580,2214,2366,1145,535,610,
11475,4585,2208,2377,8022,3868,4154,9166,4473,4693,8020,3888,4132,4581,2214,2367,1146,535,611,
11480,4588,2210,2378,8026,3869,4157,9173,4478,4695,8024,3889,4135,4584,2214,2370,1146,535,611,
11485,4589,2210,2379,8029,3871,4158,9174,4479,4695,8027,3891,4136,4585,2214,2371,1147,535,612,
11490,4592,2210,2382,8033,3872,4161,9181,4485,4696,8031,3892,4139,4588,2216,2372,1147,535,612,
11495,4593,2210,2383,8036,3874,4162,9182,4485,4697,8034,3892,4142,4589,2217,2372,1148,536,612,
11500,4596,2211,2385,8040,3876,4164,9189,4489,4700,8038,3896,4142,4592,2219,2373,1148,536,612,
11505,4597,2211,2386,8043,3877,4166,9190,4489,4701,8041,3897,4144,4593,2219,2374,1149,537,612,
11510,4600,2214,2386,8047,3879,4168,9197,4491,4706,8045,3899,4146,4596,2220,2376,1149,537,612,
11515,4601,2214,2387,8050,3881,4169,9198,4491,4707,8048,3901,4147,4597,2221,2376,1150,537,613,
11520,4604,2215,2389,8054,3883,4171,9205,4493,4712,8052,3905,4147,4600,2222,2378,1150,537,613,
11525,4605,2215,2390,8057,3886,4171,9206,4494,4712,8055,3905,4150,4601,2222,2379,1151,538,613,
11530,4608,2216,2392,8061,3889,4172,9213,4497,4716,8059,3906,4153,4604,2223,2381,1151,538,613,
11535,4609,2216,2393,8064,3891,4173,9214,4497,4717,8062,3907,4155,4605,2223,2382,1152,538,614,
11540,4612,2218,2394,8068,3893,4175,9221,4500,4721,8066,3908,4158,4608,2224,2384,1152,538,614,
11545,4613,2219,2394,8071,3895,4176,9222,4500,4722,8069,3910,4159,4609,2225,2384,1153,538,615,
11550,4616,2221,2395,8075,3898,4177,9229,4504,4725,8073,3912,4161,4612,2227,2385,1153,538,615,
11555,4617,2221,2396,8078,3900,4178,9230,4504,4726,8076,3912,4164,4613,2228,2385,1154,538,616,
11560,4620,2223,2397,8082,3903,4179,9237,4510,4727,8080,3912,4168,4616,2230,2386,1154,538,616,
11565,4621,2223,2398,8085,3906,4179,9238,4511,4727,8083,3914,4169,4617,2231,2386,1155,539,616,
11570,4624,2224,2400,8089,3906,4183,9245,4513,4732,8087,3915,4172,4620,2232,2388,1155,539,616,
11575,4625,2225,2400,8092,3907,4185,9246,4514,4732,8090,3916,4174,4621,2233,2388,1156,540,616,
11580,4628,2227,2401,8096,3911,4185,9253,4514,4739,8094,3917,4177,4624,2236,2388,1156,540,616,
11585,4629,2227,2402,8099,3913,4186,9254,4515,4739,8097,3918,4179,4625,2237,2388,1157,541,616,
11590,4632,2227,2405,8103,3916,4187,9261,4519,4742,8101,3920,4181,4628,2240,2388,1157,541,616,
11595,4633,2227,2406,8106,3917,4189,9262,4519,4743,8104,3923,4181,4629,2241,2388,1158,542,616,
11600,4636,2228,2408,8110,3919,4191,9269,4523,4746,8108,3924,4184,4632,2244,2388,1158,542,616,
11605,4637,2229,2408,8113,3919,4194,9270,4524,4746,8111,3924,4187,4633,2244,2389,1159,542,617,
11610,4640,2231,2409,8117,3921,4196,9277,4529,4748,8115,3925,4190,4636,2247,2389,1159,542,617,
11615,4641,2231,2410,8120,3922,4198,9278,4530,4748,8118,3927,4191,4637,2248,2389,1160,543,617,
11620,4644,2231,2413,8124,3926,4198,9285,4534,4751,8122,3929,4193,4640,2249,2391,1160,543,617,
11625,4645,2232,2413,8127,3929,4198,9286,4534,4752,8125,3931,4194,4641,2249,2392,1161,543,618,
11630,4648,2233,2415,8131,3931,4200,9293,4538,4755,8129,3935,4194,4644,2250,2394,1161,543,618,
11635,4649,2233,2416,8134,3933,4201,9294,4539,4755,8132,3937,4195,4645,2250,2395,1162,543,619,
11640,4652,2233,2419,8138,3935,4203,9301,4542,4759,8136,3937,4199,4648,2253,2395,1162,543,619,
11645,4653,2234,2419,8141,3937,4204,9302,4542,4760,8139,3938,4201,4649,2253,2396,1163,544,619,
11650,4656,2236,2420,8145,3940,4205,9309,4546,4763,8143,3940,4203,4652,2254,2398,1163,544,619,
11655,4657,2237,2420,8148,3942,4206,9310,4546,4764,8146,3942,4204,4653,2255,2398,1164,544,620,
11660,4660,2239,2421,8152,3945,4207,9317,4548,4769,8150,3945,4205,4656,2257,2399,1164,544,620,
11665,4661,2239,2422,8155,3947,4208,9318,4549,4769,8153,3947,4206,4657,2258,2399,1165,545,620,
11670,4664,2240,2424,8159,3949,4210,9325,4553,4772,8157,3949,4208,4660,2260,2400,1165,545,620,
11675,4665,2241,2424,8162,3951,4211,9326,4554,4772,8160,3950,4210,4661,2261,2400,1166,545,621,
11680,4668,2242,2426,8166,3955,4211,9333,4556,4777,8164,3953,4211,4664,2263,2401,1166,545,621,
11685,4669,2243,2426,8169,3955,4214,9334,4556,4778,8167,3953,4214,4665,2264,2401,1167,545,622,
11690,4672,2244,2428,8173,3956,4217,9341,4558,4783,8171,3954,4217,4668,2265,2403,1167,545,622,
11695,4673,2245,2428,8176,3958,4218,9342,4559,4783,8174,3955,4219,4669,2265,2404,1168,545,623,
11700,4676,2247,2429,8180,3962,4218,9349,4564,4785,8178,3957,4221,4672,2265,2407,1168,545,623,
11705,4677,2247,2430,8183,3965,4218,9350,4564,4786,8181,3959,4222,4673,2266,2407,1169,545,624,
11710,4680,2249,2431,8187,3967,4220,9357,4567,4790,8185,3961,4224,4676,2267,2409,1169,545,624,
11715,4681,2250,2431,8190,3969,4221,9358,4568,4790,8188,3962,4226,4677,2267,2410,1170,546,624,
11720,4684,2252,2432,8194,3971,4223,9365,4574,4791,8192,3965,4227,4680,2268,2412,1170,546,624,
11725,4685,2252,2433,8197,3973,4224,9366,4575,4791,8195,3967,4228,4681,2268,2413,1171,546,625,
11730,4688,2253,2435,8201,3975,4226,9373,4579,4794,8199,3968,4231,4684,2269,2415,1171,546,625,
11735,4689,2253,2436,8204,3977,4227,9374,4579,4795,8202,3969,4233,4685,2270,2415,1172,546,626,
11740,4692,2256,2436,8208,3977,4231,9381,4582,4799,8206,3970,4236,4688,2270,2418,1172,546,626,
11745,4693,2257,2436,8211,3978,4233,9382,4582,4800,8209,3972,4237,4689,2271,2418,1173,546,627,
11750,4696,2259,2437,8215,3979,4236,9389,4586,4803,8213,3975,4238,4692,2272,2420,1173,546,627,
11755,4697,2260,2437,8218,3980,4238,9390,4587,4803,8216,3978,4238,4693,2272,2421,1174,547,627,
11760,4700,2263,2437,8222,3981,4241,9397,4589,4808,8220,3981,4239,4696,2272,2424,1174,547,627,
11765,4701,2264,2437,8225,3982,4243,9398,4590,4808,8223,3982,4241,4697,2273,2424,1175,548,627,
11770,4704,2265,2439,8229,3984,4245,9405,4594,4811,8227,3985,4242,4700,2273,2427,1175,548,627,
11775,4705,2265,2440,8232,3986,4246,9406,4594,4812,8230,3985,4245,4701,2273,2428,1176,548,628,
11780,4708,2267,2441,8236,3986,4250,9413,4597,4816,8234,3987,4247,4704,2275,2429,1176,548,628,
11785,4709,2267,2442,8239,3987,4252,9414,4597,4817,8237,3989,4248,4705,2275,2430,1177,548,629,
11790,4712,2268,2444,8243,3989,4254,9421,4602,4819,8241,3990,4251,4708,2277,2431,1177,548,629,
11795,4713,2269,2444,8246,3989,4257,9422,4602,4820,8244,3992,4252,4709,2277,2432,1178,549,629,
11800,4716,2272,2444,8250,3990,4260,9429,4606,4823,8248,3994,4254,4712,2279,2433,1178,549,629,
11805,4717,2273,2444,8253,3991,4262,9430,4606,4824,8251,3995,4256,4713,2280,2433,1179,550,629,
11810,4720,2275,2445,8257,3993,4264,9437,4609,4828,8255,3995,4260,4716,2281,2435,1179,550,629,
11815,4721,2275,2446,8260,3994,4266,9438,4609,4829,8258,3996,4262,4717,2282,2435,1180,551,629,
11820,4724,2275,2449,8264,3997,4267,9445,4612,4833,8262,3998,4264,4720,2283,2437,1180,551,629,
11825,4725,2276,2449,8267,3998,4269,9446,4612,4834,8265,4000,4265,4721,2284,2437,1181,552,629,
11830,4728,2276,2452,8271,3999,4272,9453,4615,4838,8269,4002,4267,4724,2286,2438,1181,552,629,
11835,4729,2277,2452,8274,3999,4275,9454,4615,4839,8272,4002,4270,4725,2286,2439,1182,553,629,
11840,4732,2278,2454,8278,4002,4276,9461,4618,4843,8276,4004,4272,4728,2288,2440,1182,553,629,
11845,4733,2278,2455,8281,4002,4279,9462,4618,4844,8279,4007,4272,4729,2289,2440,1183,554,629,
11850,4736,2279,2457,8285,4004,4281,9469,4622,4847,8283,4008,4275,4732,2290,2442,1183,554,629,
11855,4737,2279,2458,8288,4006,4282,9470,4622,4848,8286,4010,4276,4733,2291,2442,1184,555,629,
11860,4740,2281,2459,8292,4008,4284,9477,4624,4853,8290,4011,4279,4736,2291,2445,1184,555,629,
11865,4741,2281,2460,8295,4010,4285,9478,4624,4854,8293,4013,4280,4737,2291,2446,1185,555,630,
11870,4744,2283,2461,8299,4012,4287,9485,4629,4856,8297,4014,4283,4740,2292,2448,1185,555,630,
11875,4745,2283,2462,8302,4015,4287,9486,4629,4857,8300,4016,4284,4741,2292,2449,1186,555,631,
11880,4748,2284,2464,8306,4017,4289,9493,4631,4862,8304,4019,4285,4744,2293,2451,1186,555,631,
11885,4749,2285,2464,8309,4019,4290,9494,4632,4862,8307,4022,4285,4745,2293,2452,1187,556,631,
11890,4752,2286,2466,8313,4021,4292,9501,4635,4866,8311,4024,4287,4748,2295,2453,1187,556,631,
11895,4753,2287,2466,8316,4022,4294,9502,4636,4866,8314,4025,4289,4749,2295,2454,1188,557,631,
11900,4756,2289,2467,8320,4023,4297,9509,4637,4872,8318,4025,4293,4752,2298,2454,1188,557,631,
11905,4757,2289,2468,8323,4025,4298,9510,4637,4873,8321,4026,4295,4753,2298,2455,1189,558,631,
11910,4760,2292,2468,8327,4027,4300,9517,4641,4876,8325,4027,4298,4756,2299,2457,1189,558,631,
11915,4761,2292,2469,8330,4027,4303,9518,4641,4877,8328,4029,4299,4757,2300,2457,1190,559,631,
11920,4764,2294,2470,8334,4029,4305,9525,4644,4881,8332,4030,4302,4760,2302,2458,1190,559,631,
11925,4765,2294,2471,8337,4030,4307,9526,4645,4881,8335,4031,4304,4761,2303,2458,1191,560,631,
11930,4768,2295,2473,8341,4031,4310,9533,4646,4887,8339,4032,4307,4764,2306,2458,1191,560,631,
11935,4769,2295,2474,8344,4033,4311,9534,4646,4888,8342,4033,4309,4765,2307,2458,1192,561,631,
11940,4772,2296,2476,8348,4034,4314,9541,4651,4890,8346,4035,4311,4768,2308,2460,1192,561,631,
11945,4773,2297,2476,8351,4035,4316,9542,4652,4890,8349,4035,4314,4769,2308,2461,1193,562,631,
11950,4776,2298,2478,8355,4035,4320,9549,4654,4895,8353,4037,4316,4772,2310,2462,1193,562,631,
11955,4777,2299,2478,8358,4037,4321,9550,4655,4895,8356,4038,4318,4773,2311,2462,1194,563,631,
11960,4780,2301,2479,8362,4039,4323,9557,4658,4899,8360,4040,4320,4776,2312,2464,1194,563,631,
11965,4781,2302,2479,8365,4041,4324,9558,4658,4900,8363,4042,4321,4777,2312,2465,1195,564,631,
11970,4784,2303,2481,8369,4043,4326,9565,4662,4903,8367,4045,4322,4780,2313,2467,1195,564,631,
11975,4785,2304,2481,8372,4045,4327,9566,4663,4903,8370,4046,4324,4781,2313,2468,1196,565,631,
11980,4788,2306,2482,8376,4046,4330,9573,4665,4908,8374,4049,4325,4784,2315,2469,1196,565,631,
11985,4789,2306,2483,8379,4047,4332,9574,4665,4909,8377,4052,4325,4785,2316,2469,1197,565,632,
11990,4792,2307,2485,8383,4048,4335,9581,4669,4912,8381,4055,4326,4788,2318,2470,1197,565,632,
11995,4793,2307,2486,8386,4049,4337,9582,4669,4913,8384,4055,4329,4789,2319,2470,1198,565,633,
12000,4796,2308,2488,8390,4052,4338,9589,4671,4918,8388,4058,4330,4792,2321,2471,1198,565,633,
12005,4797,2308,2489,8393,4054,4339,9590,4671,4919,8391,4058,4333,4793,2322,2471,1199,566,633,
12010,4800,2310,2490,8397,4055,4342,9597,4673,4924,8395,4058,4337,4796,2324,2472,1199,566,633,
12015,4801,2311,2490,8400,4056,4344,9598,4673,4925,8398,4059,4339,4797,2324,2473,1200,567,633,
12020,4804,2311,2493,8404,4057,4347,9605,4674,4931,8402,4059,4343,4800,2327,2473,1200,567,633,
12025,4805,2311,2494,8407,4058,4349,9606,4675,4931,8405,4059,4346,4801,2328,2473,1201,568,633,
12030,4808,2311,2497,8411,4061,4350,9613,4678,4935,8409,4061,4348,4804,2331,2473,1201,568,633,
12035,4809,2311,2498,8414,4063,4351,9614,4679,4935,8412,4061,4351,4805,2331,2474,1202,568,634,
12040,4812,2313,2499,8418,4065,4353,9621,4684,4937,8416,4063,4353,4808,2332,2476,1202,568,634,
12045,4813,2314,2499,8421,4067,4354,9622,4685,4937,8419,4064,4355,4809,2333,2476,1203,569,634,
12050,4816,2315,2501,8425,4070,4355,9629,4691,4938,8423,4065,4358,4812,2334,2478,1203,569,634,
12055,4817,2315,2502,8428,4073,4355,9630,4691,4939,8426,4067,4359,4813,2335,2478,1204,569,635,
12060,4820,2316,2504,8432,4076,4356,9637,4694,4943,8430,4069,4361,4816,2337,2479,1204,569,635,
12065,4821,2317,2504,8435,4077,4358,9638,4695,4943,8433,4071,4362,4817,2337,2480,1205,570,635,
12070,4824,2320,2504,8439,4079,4360,9645,4700,4945,8437,4074,4363,4820,2338,2482,1205,570,635,
12075,4825,2321,2504,8442,4080,4362,9646,4701,4945,8440,4076,4364,4821,2338,2483,1206,571,635,
12080,4828,2324,2504,8446,4081,4365,9653,4705,4948,8444,4077,4367,4824,2340,2484,1206,571,635,
12085,4829,2325,2504,8449,4083,4366,9654,4705,4949,8447,4078,4369,4825,2340,2485,1207,572,635,
12090,4832,2327,2505,8453,4085,4368,9661,4708,4953,8451,4080,4371,4828,2342,2486,1207,572,635,
12095,4833,2327,2506,8456,4087,4369,9662,4708,4954,8454,4081,4373,4829,2343,2486,1208,573,635,
12100,4836,2327,2509,8460,4089,4371,9669,4713,4956,8458,4083,4375,4832,2344,2488,1208,573,635,
12105,4837,2327,2510,8463,4090,4373,9670,4714,4956,8461,4083,4378,4833,2345,2488,1209,573,636,
12110,4840,2328,2512,8467,4090,4377,9677,4715,4962,8465,4085,4380,4836,2346,2490,1209,573,636,
12115,4841,2328,2513,8470,4090,4380,9678,4715,4963,8468,4086,4382,4837,2346,2491,1210,574,636,
12120,4844,2328,2516,8474,4093,4381,9685,4717,4968,8472,4087,4385,4840,2347,2493,1210,574,636,
12125,4845,2328,2517,8477,4094,4383,9686,4718,4968,8475,4089,4386,4841,2348,2493,1211,574,637,
12130,4848,2330,2518,8481,4096,4385,9693,4724,4969,8479,4092,4387,4844,2349,2495,1211,574,637,
12135,4849,2331,2518,8484,4097,4387,9694,4725,4969,8482,4094,4388,4845,2349,2496,1212,574,638,
12140,4852,2332,2520,8488,4099,4389,9701,4730,4971,8486,4097,4389,4848,2350,2498,1212,574,638,
12145,4853,2333,2520,8491,4100,4391,9702,4730,4972,8489,4100,4389,4849,2351,2498,1213,574,639,
12150,4856,2333,2523,8495,4102,4393,9709,4734,4975,8493,4102,4391,4852,2352,2500,1213,574,639,
12155,4857,2334,2523,8498,4103,4395,9710,4734,4976,8496,4104,4392,4853,2352,2501,1214,574,640,
12160,4860,2336,2524,8502,4104,4398,9717,4737,4980,8500,4105,4395,4856,2352,2504,1214,574,640,
12165,4861,2336,2525,8505,4107,4398,9718,4737,4981,8503,4108,4395,4857,2352,2505,1215,575,640,
12170,4864,2337,2527,8509,4110,4399,9725,4739,4986,8507,4112,4395,4860,2354,2506,1215,575,640,
12175,4865,2337,2528,8512,4111,4401,9726,4739,4987,8510,4114,4396,4861,2355,2506,1216,576,640,
12180,4868,2339,2529,8516,4111,4405,9733,4742,4991,8514,4114,4400,4864,2356,2508,1216,576,640,
12185,4869,2340,2529,8519,4113,4406,9734,4743,4991,8517,4114,4403,4865,2357,2508,1217,576,641,
12190,4872,2343,2529,8523,4115,4408,9741,4747,4994,8521,4117,4404,4868,2359,2509,1217,576,641,
12195,4873,2344,2529,8526,4116,4410,9742,4748,4994,8524,4117,4407,4869,2360,2509,1218,577,641,
12200,4876,2346,2530,8530,4116,4414,9749,4752,4997,8528,4120,4408,4872,2361,2511,1218,577,641,
12205,4877,2347,2530,8533,4118,4415,9750,4753,4997,8531,4123,4408,4873,2361,2512,1219,577,642,
12210,4880,2348,2532,8537,4121,4416,9757,4755,5002,8535,4123,4412,4876,2363,2513,1219,577,642,
12215,4881,2349,2532,8540,4122,4418,9758,4755,5003,8538,4125,4413,4877,2364,2513,1220,577,643,
12220,4884,2350,2534,8544,4124,4420,9765,4761,5004,8542,4127,4415,4880,2364,2516,1220,577,643,
12225,4885,2351,2534,8547,4125,4422,9766,4761,5005,8545,4127,4418,4881,2365,2516,1221,578,643,
12230,4888,2352,2536,8551,4127,4424,9773,4762,5011,8549,4129,4420,4884,2367,2517,1221,578,643,
12235,4889,2353,2536,8554,4130,4424,9774,4763,5011,8552,4129,4423,4885,2368,2517,1222,579,643,
12240,4892,2353,2539,8558,4133,4425,9781,4763,5018,8556,4131,4425,4888,2371,2517,1222,579,643,
12245,4893,2353,2540,8561,4136,4425,9782,4763,5019,8559,4133,4426,4889,2371,2518,1223,579,644,
12250,4896,2356,2540,8565,4138,4427,9789,4766,5023,8563,4135,4428,4892,2373,2519,1223,579,644,
12255,4897,2356,2541,8568,4140,4428,9790,4766,5024,8566,4136,4430,4893,2374,2519,1224,579,645,
12260,4900,2358,2542,8572,4143,4429,9797,4768,5029,8570,4137,4433,4896,2375,2521,1224,579,645,
12265,4901,2359,2542,8575,4146,4429,9798,4768,5030,8573,4138,4435,4897,2376,2521,1225,579,646,
12270,4904,2360,2544,8579,4148,4431,9805,4772,5033,8577,4140,4437,4900,2378,2522,1225,579,646,
12275,4905,2360,2545,8582,4149,4433,9806,4773,5033,8580,4141,4439,4901,2379,2522,1226,579,647,
12280,4908,2362,2546,8586,4151,4435,9813,4776,5037,8584,4143,4441,4904,2380,2524,1226,579,647,
12285,4909,2363,2546,8589,4153,4436,9814,4777,5037,8587,4146,4441,4905,2381,2524,1227,580,647,
12290,4912,2364,2548,8593,4155,4438,9821,4781,5040,8591,4147,4444,4908,2383,2525,1227,580,647,
12295,4913,2365,2548,8596,4157,4439,9822,4782,5040,8594,4149,4445,4909,2384,2525,1228,580,648,
12300,4916,2368,2548,8600,4158,4442,9829,4787,5042,8598,4151,4447,4912,2385,2527,1228,580,648,
12305,4917,2369,2548,8603,4160,4443,9830,4787,5043,8601,4152,4449,4913,2386,2527,1229,580,649,
12310,4920,2370,2550,8607,4162,4445,9837,4790,5047,8605,4155,4450,4916,2388,2528,1229,580,649,
12315,4921,2371,2550,8610,4164,4446,9838,4791,5047,8608,4156,4452,4917,2389,2528,1230,580,650,
12320,4924,2372,2552,8614,4166,4448,9845,4793,5052,8612,4157,4455,4920,2391,2529,1230,580,650,
12325,4925,2372,2553,8617,4168,4449,9846,4794,5052,8615,4158,4457,4921,2391,2530,1231,580,651,
12330,4928,2374,2554,8621,4171,4450,9853,4799,5054,8619,4160,4459,4924,2393,2531,1231,580,651,
12335,4929,2374,2555,8624,4171,4453,9854,4800,5054,8622,4161,4461,4925,2394,2531,1232,581,651,
12340,4932,2375,2557,8628,4172,4456,9861,4802,5059,8626,4163,4463,4928,2396,2532,1232,581,651,
12345,4933,2375,2558,8631,4173,4458,9862,4802,5060,8629,4164,4465,4929,2396,2533,1233,582,651,
12350,4936,2377,2559,8635,4176,4459,9869,4806,5063,8633,4165,4468,4932,2397,2535,1233,582,651,
12355,4937,2378,2559,8638,4177,4461,9870,4806,5064,8636,4167,4469,4933,2397,2536,1234,582,652,
12360,4940,2380,2560,8642,4179,4463,9877,4811,5066,8640,4168,4472,4936,2398,2538,1234,582,652,
12365,4941,2380,2561,8645,4180,4465,9878,4811,5067,8643,4171,4472,4937,2399,2538,1235,583,652,
12370,4944,2382,2562,8649,4182,4467,9885,4814,5071,8647,4171,4476,4940,2400,2540,1235,583,652,
12375,4945,2382,2563,8652,4184,4468,9886,4814,5072,8650,4172,4478,4941,2401,2540,1236,583,653,
12380,4948,2384,2564,8656,4186,4470,9893,4818,5075,8654,4173,4481,4944,2402,2542,1236,583,653,
12385,4949,2385,2564,8659,4188,4471,9894,4819,5075,8657,4174,4483,4945,2403,2542,1237,583,654,
12390,4952,2387,2565,8663,4190,4473,9901,4822,5079,8661,4175,4486,4948,2404,2544,1237,583,654,
12395,4953,2388,2565,8666,4192,4474,9902,4823,5079,8664,4176,4488,4949,2404,2545,1238,583,655,
12400,4956,2389,2567,8670,4194,4476,9909,4827,5082,8668,4178,4490,4952,2405,2547,1238,583,655,
12405,4957,2389,2568,8673,4196,4477,9910,4828,5082,8671,4178,4493,4953,2406,2547,1239,584,655,
12410,4960,2389,2571,8677,4199,4478,9917,4830,5087,8675,4180,4495,4956,2408,2548,1239,584,655,
12415,4961,2390,2571,8680,4201,4479,9918,4831,5087,8678,4180,4498,4957,2409,2548,1240,584,656,
12420,4964,2390,2574,8684,4204,4480,9925,4837,5088,8682,4183,4499,4960,2410,2550,1240,584,656,
12425,4965,2390,2575,8687,4204,4483,9926,4837,5089,8685,4183,4502,4961,2411,2550,1241,584,657,
12430,4968,2391,2577,8691,4205,4486,9933,4838,5095,8689,4184,4505,4964,2412,2552,1241,584,657,
12435,4969,2391,2578,8694,4206,4488,9934,4839,5095,8692,4184,4508,4965,2413,2552,1242,584,658,
12440,4972,2393,2579,8698,4209,4489,9941,4842,5099,8696,4186,4510,4968,2415,2553,1242,584,658,
12445,4973,2394,2579,8701,4210,4491,9942,4843,5099,8699,4188,4511,4969,2415,2554,1243,585,658,
12450,4976,2394,2582,8705,4212,4493,9949,4845,5104,8703,4189,4514,4972,2417,2555,1243,585,658,
12455,4977,2394,2583,8708,4214,4494,9950,4845,5105,8706,4191,4515,4973,2418,2555,1244,585,659,
12460,4980,2394,2586,8712,4215,4497,9957,4850,5107,8710,4194,4516,4976,2420,2556,1244,585,659,
12465,4981,2394,2587,8715,4215,4500,9958,4850,5108,8713,4196,4517,4977,2421,2556,1245,586,659,
12470,4984,2395,2589,8719,4216,4503,9965,4854,5111,8717,4196,4521,4980,2423,2557,1245,586,659,
12475,4985,2396,2589,8722,4219,4503,9966,4855,5111,8720,4196,4524,4981,2424,2557,1246,586,660,
12480,4988,2399,2589,8726,4221,4505,9973,4857,5116,8724,4198,4526,4984,2425,2559,1246,586,660,
12485,4989,2399,2590,8729,4222,4507,9974,4857,5117,8727,4199,4528,4985,2426,2559,1247,586,661,
12490,4992,2401,2591,8733,4225,4508,9981,4859,5122,8731,4201,4530,4988,2427,2561,1247,586,661,
12495,4993,2402,2591,8736,4226,4510,9982,4859,5123,8734,4203,4531,4989,2427,2562,1248,587,661,
12500,4996,2403,2593,8740,4226,4514,9989,4862,5127,8738,4205,4533,4992,2428,2564,1248,587,661,
12505,4997,2403,2594,8743,4227,4516,9990,4863,5127,8741,4206,4535,4993,2429,2564,1249,587,662,
12510,5000,2404,2596,8747,4231,4516,9997,4868,5129,8745,4207,4538,4996,2432,2564,1249,587,662,
12515,5001,2404,2597,8750,4233,4517,9998,4869,5129,8748,4209,4539,4997,2433,2564,1250,588,662,
12520,5004,2407,2597,8754,4236,4518,10005,4874,5131,8752,4211,4541,5000,2433,2567,1250,588,662,
12525,5005,2407,2598,8757,4238,4519,10006,4875,5131,8755,4213,4542,5001,2433,2568,1251,588,663,
12530,5008,2407,2601,8761,4238,4523,10013,4878,5135,8759,4215,4544,5004,2434,2570,1251,588,663,
12535,5009,2407,2602,8764,4238,4526,10014,4878,5136,8762,4217,4545,5005,2435,2570,1252,588,664,
12540,5012,2409,2603,8768,4241,4527,10021,4881,5140,8766,4218,4548,5008,2437,2571,1252,588,664,
12545,5013,2410,2603,8771,4243,4528,10022,4882,5140,8769,4219,4550,5009,2437,2572,1253,589,664,
12550,5016,2413,2603,8775,4245,4530,10029,4887,5142,8773,4221,4552,5012,2439,2573,1253,589,664,
12555,5017,2414,2603,8778,4246,4532,10030,4888,5142,8776,4223,4553,5013,2440,2573,1254,590,664,
12560,5020,2416,2604,8782,4249,4533,10037,4891,5146,8780,4225,4555,5016,2442,2574,1254,590,664,
12565,5021,2416,2605,8785,4251,4534,10038,4892,5146,8783,4228,4555,5017,2443,2574,1255,590,665,
12570,5024,2417,2607,8789,4252,4537,10045,4894,5151,8787,4230,4557,5020,2444,2576,1255,590,665,
12575,5025,2418,2607,8792,4252,4540,10046,4895,5151,8790,4231,4559,5021,2445,2576,1256,590,666,
12580,5028,2420,2608,8796,4254,4542,10053,4900,5153,8794,4234,4560,5024,2446,2578,1256,590,666,
12585,5029,2420,2609,8799,4256,4543,10054,4900,5154,8797,4236,4561,5025,2447,2578,1257,590,667,
12590,5032,2421,2611,8803,4259,4544,10061,4903,5158,8801,4237,4564,5028,2448,2580,1257,590,667,
12595,5033,2422,2611,8806,4261,4545,10062,4904,5158,8804,4239,4565,5029,2449,2580,1258,590,668,
12600,5036,2423,2613,8810,4262,4548,10069,4906,5163,8808,4240,4568,5032,2450,2582,1258,590,668,
12605,5037,2424,2613,8813,4264,4549,10070,4907,5163,8811,4241,4570,5033,2451,2582,1259,591,668,
12610,5040,2427,2613,8817,4268,4549,10077,4911,5166,8815,4244,4571,5036,2453,2583,1259,591,668,
12615,5041,2428,2613,8820,4269,4551,10078,4911,5167,8818,4244,4574,5037,2453,2584,1260,591,669,
12620,5044,2431,2613,8824,4271,4553,10085,4915,5170,8822,4245,4577,5040,2454,2586,1260,591,669,
12625,5045,2432,2613,8827,4273,4554,10086,4916,5170,8825,4246,4579,5041,2455,2586,1261,591,670,
12630,5048,2433,2615,8831,4275,4556,10093,4919,5174,8829,4248,4581,5044,2456,2588,1261,591,670,
12635,5049,2433,2616,8834,4278,4556,10094,4920,5174,8832,4249,4583,5045,2456,2589,1262,591,671,
12640,5052,2436,2616,8838,4281,4557,10101,4923,5178,8836,4250,4586,5048,2456,2592,1262,591,671,
12645,5053,2437,2616,8841,4282,4559,10102,4923,5179,8839,4252,4587,5049,2457,2592,1263,591,672,
12650,5056,2438,2618,8845,4284,4561,10109,4928,5181,8843,4253,4590,5052,2458,2594,1263,591,672,
12655,5057,2439,2618,8848,4286,4562,10110,4929,5181,8846,4255,4591,5053,2458,2595,1264,591,673,
12660,5060,2440,2620,8852,4289,4563,10117,4934,5183,8850,4258,4592,5056,2458,2598,1264,591,673,
12665,5061,2441,2620,8855,4292,4563,10118,4934,5184,8853,4259,4594,5057,2458,2599,1265,592,673,
12670,5064,2442,2622,8859,4295,4564,10125,4938,5187,8857,4260,4597,5060,2460,2600,1265,592,673,
12675,5065,2442,2623,8862,4297,4565,10126,4938,5188,8860,4263,4597,5061,2460,2601,1266,592,674,
12680,5068,2444,2624,8866,4298,4568,10133,4941,5192,8864,4264,4600,5064,2461,2603,1266,592,674,
12685,5069,2444,2625,8869,4298,4571,10134,4942,5192,8867,4265,4602,5065,2462,2603,1267,593,674,
12690,5072,2445,2627,8873,4300,4573,10141,4945,5196,8871,4268,4603,5068,2463,2605,1267,593,674,
12695,5073,2446,2627,8876,4303,4573,10142,4945,5197,8874,4270,4604,5069,2463,2606,1268,594,674,
12700,5076,2447,2629,8880,4306,4574,10149,4950,5199,8878,4272,4606,5072,2464,2608,1268,594,674,
12705,5077,2448,2629,8883,4307,4576,10150,4950,5200,8881,4274,4607,5073,2464,2609,1269,595,674,
12710,5080,2450,2630,8887,4310,4577,10157,4954,5203,8885,4277,4608,5076,2467,2609,1269,595,674,
12715,5081,2451,2630,8890,4312,4578,10158,4954,5204,8888,4280,4608,5077,2468,2609,1270,596,674,
12720,5084,2453,2631,8894,4314,4580,10165,4957,5208,8892,4281,4611,5080,2468,2612,1270,596,674,
12725,5085,2453,2632,8897,4316,4581,10166,4957,5209,8895,4283,4612,5081,2469,2612,1271,596,675,
12730,5088,2455,2633,8901,4317,4584,10173,4961,5212,8899,4284,4615,5084,2470,2614,1271,596,675,
12735,5089,2456,2633,8904,4319,4585,10174,4962,5212,8902,4284,4618,5085,2470,2615,1272,596,676,
12740,5092,2458,2634,8908,4320,4588,10181,4965,5216,8906,4286,4620,5088,2471,2617,1272,596,676,
12745,5093,2459,2634,8911,4320,4591,10182,4965,5217,8909,4287,4622,5089,2472,2617,1273,596,677,
12750,5096,2460,2636,8915,4324,4591,10189,4970,5219,8913,4289,4624,5092,2474,2618,1273,596,677,
12755,5097,2460,2637,8918,4326,4592,10190,4971,5219,8916,4290,4626,5093,2475,2618,1274,596,678,
12760,5100,2461,2639,8922,4330,4592,10197,4975,5222,8920,4293,4627,5096,2477,2619,1274,596,678,
12765,5101,2461,2640,8925,4333,4592,10198,4975,5223,8923,4294,4629,5097,2477,2620,1275,597,678,
12770,5104,2463,2641,8929,4336,4593,10205,4979,5226,8927,4296,4631,5100,2478,2622,1275,597,678,
12775,5105,2463,2642,8932,4339,4593,10206,4979,5227,8930,4298,4632,5101,2478,2623,1276,598,678,
12780,5108,2464,2644,8936,4341,4595,10213,4984,5229,8934,4299,4635,5104,2479,2625,1276,598,678,
12785,5109,2465,2644,8939,4341,4598,10214,4985,5229,8937,4301,4636,5105,2479,2626,1277,598,679,
12790,5112,2466,2646,8943,4342,4601,10221,4989,5232,8941,4302,4639,5108,2480,2628,1277,598,679,
12795,5113,2467,2646,8946,4342,4604,10222,4990,5232,8944,4304,4640,5109,2481,2628,1278,598,680,
12800,5116,2469,2647,8950,4344,4606,10229,4994,5235,8948,4305,4643,5112,2483,2629,1278,598,680,
12805,5117,2470,2647,8953,4346,4607,10230,4995,5235,8951,4307,4644,5113,2484,2629,1279,599,680,
12810,5120,2472,2648,8957,4350,4607,10237,4996,5241,8955,4309,4646,5116,2486,2630,1279,599,680,
12815,5121,2473,2648,8960,4351,4609,10238,4996,5242,8958,4310,4648,5117,2486,2631,1280,600,680,
12820,5124,2475,2649,8964,4352,4612,10245,5001,5244,8962,4312,4650,5120,2487,2633,1280,600,680,
12825,5125,2476,2649,8967,4352,4615,10246,5002,5244,8965,4313,4652,5121,2487,2634,1281,601,680,
12830,5128,2478,2650,8971,4354,4617,10253,5004,5249,8969,4316,4653,5124,2489,2635,1281,601,680,
12835,5129,2478,2651,8974,4357,4617,10254,5005,5249,8972,4319,4653,5125,2489,2636,1282,601,681,
12840,5132,2480,2652,8978,4359,4619,10261,5008,5253,8976,4320,4656,5128,2491,2637,1282,601,681,
12845,5133,2480,2653,8981,4360,4621,10262,5008,5254,8979,4321,4658,5129,2491,2638,1283,601,682,
12850,5136,2481,2655,8985,4363,4622,10269,5009,5260,8983,4321,4662,5132,2492,2640,1283,601,682,
12855,5137,2481,2656,8988,4363,4625,10270,5010,5260,8986,4323,4663,5133,2493,2640,1284,601,683,
12860,5140,2484,2656,8992,4365,4627,10277,5014,5263,8990,4325,4665,5136,2496,2640,1284,601,683,
12865,5141,2484,2657,8995,4367,4628,10278,5014,5264,8993,4327,4666,5137,2497,2640,1285,602,683,
12870,5144,2486,2658,8999,4369,4630,10285,5017,5268,8997,4329,4668,5140,2497,2643,1285,602,683,
12875,5145,2487,2658,9002,4371,4631,10286,5017,5269,9000,4329,4671,5141,2498,2643,1286,602,684,
12880,5148,2489,2659,9006,4372,4634,10293,5018,5275,9004,4330,4674,5144,2500,2644,1286,602,684,
12885,5149,2490,2659,9009,4374,4635,10294,5018,5276,9007,4332,4675,5145,2500,2645,1287,602,685,
12890,5152,2492,2660,9013,4377,4636,10301,5021,5280,9011,4334,4677,5148,2501,2647,1287,602,685,
12895,5153,2493,2660,9016,4378,4638,10302,5021,5281,9014,4334,4680,5149,2501,2648,1288,602,686,
12900,5156,2495,2661,9020,4381,4639,10309,5022,5287,9018,4335,4683,5152,2503,2649,1288,602,686,
12905,5157,2496,2661,9023,4381,4642,10310,5023,5287,9021,4336,4685,5153,2504,2649,1289,602,687,
12910,5160,2496,2664,9027,4382,4645,10317,5026,5291,9025,4337,4688,5156,2507,2649,1289,602,687,
12915,5161,2497,2664,9030,4382,4648,10318,5027,5291,9028,4338,4690,5157,2507,2650,1290,603,687,
12920,5164,2497,2667,9034,4385,4649,10325,5028,5297,9032,4339,4693,5160,2508,2652,1290,603,687,
12925,5165,2498,2667,9037,4388,4649,10326,5029,5297,9035,4340,4695,5161,2508,2653,1291,603,688,
12930,5168,2501,2667,9041,4389,4652,10333,5032,5301,9039,4341,4698,5164,2508,2656,1291,603,688,
12935,5169,2502,2667,9044,4391,4653,10334,5033,5301,9042,4342,4700,5165,2508,2657,1292,604,688,
12940,5172,2504,2668,9048,4394,4654,10341,5039,5302,9046,4346,4700,5168,2511,2657,1292,604,688,
12945,5173,2504,2669,9051,4397,4654,10342,5039,5303,9049,4348,4701,5169,2511,2658,1293,604,689,
12950,5176,2505,2671,9055,4398,4657,10349,5040,5309,9053,4349,4704,5172,2512,2660,1293,604,689,
12955,5177,2505,2672,9058,4400,4658,10350,5041,5309,9056,4351,4705,5173,2512,2661,1294,604,690,
12960,5180,2507,2673,9062,4401,4661,10357,5046,5311,9060,4353,4707,5176,2513,2663,1294,604,690,
12965,5181,2508,2673,9065,4403,4662,10358,5047,5311,9063,4355,4708,5177,2514,2663,1295,605,690,
12970,5184,2509,2675,9069,4405,4664,10365,5051,5314,9067,4357,4710,5180,2514,2666,1295,605,690,
12975,5185,2509,2676,9072,4406,4666,10366,5051,5315,9070,4358,4712,5181,2515,2666,1296,605,691,
12980,5188,2510,2678,9076,4409,4667,10373,5055,5318,9074,4360,4714,5184,2517,2667,1296,605,691,
12985,5189,2510,2679,9079,4409,4670,10374,5055,5319,9077,4360,4717,5185,2517,2668,1297,606,691,
12990,5192,2511,2681,9083,4411,4672,10381,5057,5324,9081,4360,4721,5188,2519,2669,1297,606,691,
12995,5193,2512,2681,9086,4412,4674,10382,5057,5325,9084,4362,4722,5189,2519,2670,1298,606,692,
13000,5196,2514,2682,9090,4414,4676,10389,5064,5325,9088,4364,4724,5192,2519,2673,1298,606,692,
13005,5197,2514,2683,9093,4414,4679,10390,5065,5325,9091,4365,4726,5193,2520,2673,1299,606,693,
13010,5200,2517,2683,9097,4416,4681,10397,5067,5330,9095,4367,4728,5196,2521,2675,1299,606,693,
13015,5201,2517,2684,9100,4416,4684,10398,5067,5331,9098,4369,4729,5197,2521,2676,1300,606,694,
13020,5204,2519,2685,9104,4419,4685,10405,5073,5332,9102,4370,4732,5200,2524,2676,1300,606,694,
13025,5205,2519,2686,9107,4419,4688,10406,5073,5333,9105,4372,4733,5201,2524,2677,1301,607,694,
13030,5208,2521,2687,9111,4421,4690,10413,5075,5338,9109,4375,4734,5204,2525,2679,1301,607,694,
13035,5209,2522,2687,9114,4422,4692,10414,5076,5338,9112,4377,4735,5205,2526,2679,1302,608,694,
13040,5212,2523,2689,9118,4423,4695,10421,5077,5344,9116,4379,4737,5208,2528,2680,1302,608,694,
13045,5213,2523,2690,9121,4423,4698,10422,5078,5344,9119,4379,4740,5209,2529,2680,1303,609,694,
13050,5216,2525,2691,9125,4426,4699,10429,5080,5349,9123,4381,4742,5212,2531,2681,1303,609,694,
13055,5217,2525,2692,9128,4428,4700,10430,5081,5349,9126,4381,4745,5213,2532,2681,1304,609,695,
13060,5220,2525,2695,9132,4432,4700,10437,5082,5355,9130,4382,4748,5216,2533,2683,1304,609,695,
13065,5221,2526,2695,9135,4433,4702,10438,5082,5356,9133,4383,4750,5217,2533,2684,1305,610,695,
13070,5224,2527,2697,9139,4436,4703,10445,5087,5358,9137,4386,4751,5220,2535,2685,1305,610,695,
13075,5225,2528,2697,9142,4438,4704,10446,5088,5358,9140,4387,4753,5221,2535,2686,1306,611,695,
13080,5228,2529,2699,9146,4441,4705,10453,5092,5361,9144,4388,4756,5224,2537,2687,1306,611,695,
13085,5229,2529,2700,9149,4441,4708,10454,5093,5361,9147,4389,4758,5225,2537,2688,1307,612,695,
13090,5232,2530,2702,9153,4443,4710,10461,5095,5366,9151,4389,4762,5228,2540,2688,1307,612,695,
13095,5233,2530,2703,9156,4445,4711,10462,5095,5367,9154,4389,4765,5229,2540,2689,1308,612,696,
13100,5236,2530,2706,9160,4448,4712,10469,5098,5371,9158,4389,4769,5232,2542,2690,1308,612,696,
13105,5237,2531,2706,9163,4448,4715,10470,5099,5371,9161,4391,4770,5233,2543,2690,1309,613,696,
13110,5240,2532,2708,9167,4448,4719,10477,5104,5373,9165,4392,4773,5236,2546,2690,1309,613,696,
13115,5241,2532,2709,9170,4450,4720,10478,5104,5374,9168,4393,4775,5237,2547,2690,1310,613,697,
13120,5244,2534,2710,9174,4452,4722,10485,5108,5377,9172,4395,4777,5240,2548,2692,1310,613,697,
13125,5245,2535,2710,9177,4453,4724,10486,5108,5378,9175,4397,4778,5241,2548,2693,1311,613,698,
13130,5248,2536,2712,9181,4456,4725,10493,5112,5381,9179,4398,4781,5244,2549,2695,1311,613,698,
13135,5249,2536,2713,9184,4456,4728,10494,5113,5381,9182,4398,4784,5245,2549,2696,1312,613,699,
13140,5252,2538,2714,9188,4457,4731,10501,5115,5386,9186,4400,4786,5248,2549,2699,1312,613,699,
13145,5253,2538,2715,9191,4458,4733,10502,5116,5386,9189,4402,4787,5249,2550,2699,1313,613,700,
13150,5256,2540,2716,9195,4460,4735,10509,5116,5393,9193,4403,4790,5252,2550,2702,1313,613,700,
13155,5257,2541,2716,9198,4463,4735,10510,5117,5393,9196,4404,4792,5253,2551,2702,1314,613,701,
13160,5260,2542,2718,9202,4466,4736,10517,5120,5397,9200,4406,4794,5256,2551,2705,1314,613,701,
13165,5261,2542,2719,9205,4468,4737,10518,5120,5398,9203,4408,4795,5257,2551,2706,1315,614,701,
13170,5264,2543,2721,9209,4469,4740,10525,5124,5401,9207,4410,4797,5260,2554,2706,1315,614,701,
13175,5265,2544,2721,9212,4471,4741,10526,5125,5401,9210,4411,4799,5261,2555,2706,1316,615,701,
13180,5268,2546,2722,9216,4471,4745,10533,5129,5404,9214,4414,4800,5264,2555,2709,1316,615,701,
13185,5269,2546,2723,9219,4472,4747,10534,5130,5404,9217,4415,4802,5265,2555,2710,1317,615,702,
13190,5272,2548,2724,9223,4472,4751,10541,5133,5408,9221,4417,4804,5268,2557,2711,1317,615,702,
13195,5273,2549,2724,9226,4474,4752,10542,5134,5408,9224,4419,4805,5269,2558,2711,1318,615,703,
13200,5276,2552,2724,9230,4476,4754,10549,5138,5411,9228,4420,4808,5272,2559,2713,1318,615,703,
13205,5277,2553,2724,9233,4478,4755,10550,5138,5412,9231,4421,4810,5273,2559,2714,1319,616,703,
13210,5280,2554,2726,9237,4479,4758,10557,5143,5414,9235,4423,4812,5276,2560,2716,1319,616,703,
13215,5281,2554,2727,9240,4481,4759,10558,5144,5414,9238,4425,4813,5277,2560,2717,1320,617,703,
13220,5284,2556,2728,9244,4482,4762,10565,5147,5418,9242,4426,4816,5280,2563,2717,1320,617,703,
13225,5285,2557,2728,9247,4485,4762,10566,5147,5419,9245,4429,4816,5281,2564,2717,1321,618,703,
13230,5288,2557,2731,9251,4487,4764,10573,5148,5425,9249,4431,4818,5284,2565,2719,1321,618,703,
13235,5289,2557,2732,9254,4488,4766,10574,5148,5426,9252,4433,4819,5285,2566,2719,1322,619,703,
13240,5292,2557,2735,9258,4490,4768,10581,5153,5428,9256,4435,4821,5288,2567,2721,1322,619,703,
13245,5293,2557,2736,9261,4492,4769,10582,5153,5429,9259,4438,4821,5289,2568,2721,1323,620,703,
13250,5296,2557,2739,9265,4494,4771,10589,5157,5432,9263,4441,4822,5292,2569,2723,1323,620,703,
13255,5297,2558,2739,9268,4496,4772,10590,5158,5432,9266,4444,4822,5293,2570,2723,1324,621,703,
13260,5300,2559,2741,9272,4497,4775,10597,5163,5434,9270,4447,4823,5296,2571,2725,1324,621,703,
13265,5301,2560,2741,9275,4499,4776,10598,5164,5434,9273,4449,4824,5297,2571,2726,1325,621,704,
13270,5304,2562,2742,9279,4501,4778,10605,5168,5437,9277,4451,4826,5300,2573,2727,1325,621,704,
13275,5305,2563,2742,9282,4503,4779,10606,5168,5438,9280,4453,4827,5301,2573,2728,1326,621,705,
13280,5308,2565,2743,9286,4505,4781,10613,5172,5441,9284,4455,4829,5304,2575,2729,1326,621,705,
13285,5309,2566,2743,9289,4507,4782,10614,5173,5441,9287,4457,4830,5305,2576,2729,1327,621,706,
13290,5312,2567,2745,9293,4509,4784,10621,5177,5444,9291,4458,4833,5308,2579,2729,1327,621,706,
13295,5313,2567,2746,9296,4510,4786,10622,5177,5445,9294,4460,4834,5309,2580,2729,1328,622,706,
13300,5316,2569,2747,9300,4513,4787,10629,5183,5446,9298,4462,4836,5312,2582,2730,1328,622,706,
13305,5317,2570,2747,9303,4516,4787,10630,5183,5447,9301,4464,4837,5313,2583,2730,1329,623,706,
13310,5320,2572,2748,9307,4516,4791,10637,5187,5450,9305,4466,4839,5316,2584,2732,1329,623,706,
13315,5321,2573,2748,9310,4516,4794,10638,5188,5450,9308,4469,4839,5317,2585,2732,1330,623,707,
13320,5324,2573,2751,9314,4517,4797,10645,5191,5454,9312,4471,4841,5320,2587,2733,1330,623,707,
13325,5325,2574,2751,9317,4518,4799,10646,5192,5454,9315,4472,4843,5321,2587,2734,1331,624,707,
13330,5328,2575,2753,9321,4520,4801,10653,5196,5457,9319,4474,4845,5324,2589,2735,1331,624,707,
13335,5329,2575,2754,9324,4522,4802,10654,5197,5457,9322,4475,4847,5325,2590,2735,1332,624,708,
13340,5332,2577,2755,9328,4524,4804,10661,5200,5461,9326,4477,4849,5328,2591,2737,1332,624,708,
13345,5333,2577,2756,9331,4525,4806,10662,5200,5462,9329,4479,4850,5329,2591,2738,1333,625,708,
13350,5336,2578,2758,9335,4526,4809,10669,5206,5463,9333,4481,4852,5332,2592,2740,1333,625,708,
13355,5337,2578,2759,9338,4528,4810,10670,5207,5463,9336,4483,4853,5333,2592,2741,1334,626,708,
13360,5340,2578,2762,9342,4529,4813,10677,5212,5465,9340,4485,4855,5336,2593,2743,1334,626,708,
13365,5341,2578,2763,9345,4532,4813,10678,5212,5466,9343,4486,4857,5337,2594,2743,1335,626,709,
13370,5344,2581,2763,9349,4533,4816,10685,5213,5472,9347,4489,4858,5340,2594,2746,1335,626,709,
13375,5345,2581,2764,9352,4534,4818,10686,5213,5473,9350,4490,4860,5341,2594,2747,1336,627,709,
13380,5348,2582,2766,9356,4537,4819,10693,5216,5477,9354,4491,4863,5344,2595,2749,1336,627,709,
13385,5349,2583,2766,9359,4538,4821,10694,5216,5478,9357,4492,4865,5345,2595,2750,1337,627,710,
13390,5352,2585,2767,9363,4539,4824,10701,5218,5483,9361,4493,4868,5348,2596,2752,1337,627,710,
13395,5353,2585,2768,9366,4539,4827,10702,5218,5484,9364,4494,4870,5349,2597,2752,1338,627,711,
13400,5356,2586,2770,9370,4540,4830,10709,5222,5487,9368,4494,4874,5352,2598,2754,1338,627,711,
13405,5357,2587,2770,9373,4540,4833,10710,5223,5487,9371,4496,4875,5353,2599,2754,1339,627,712,
13410,5360,2589,2771,9377,4543,4834,10717,5226,5491,9375,4499,4876,5356,2600,2756,1339,627,712,
13415,5361,2590,2771,9380,4543,4837,10718,5227,5491,9378,4501,4877,5357,2601,2756,1340,627,713,
13420,5364,2592,2772,9384,4545,4839,10725,5231,5494,9382,4501,4881,5360,2602,2758,1340,627,713,
13425,5365,2592,2773,9387,4548,4839,10726,5232,5494,9385,4503,4882,5361,2603,2758,1341,628,713,
13430,5368,2593,2775,9391,4552,4839,10733,5233,5500,9389,4504,4885,5364,2605,2759,1341,628,713,
13435,5369,2594,2775,9394,4555,4839,10734,5234,5500,9392,4507,4885,5365,2605,2760,1342,628,714,
13440,5372,2595,2777,9398,4558,4840,10741,5238,5503,9396,4509,4887,5368,2608,2760,1342,628,714,
13445,5373,2595,2778,9401,4560,4841,10742,5239,5503,9399,4511,4888,5369,2608,2761,1343,629,714,
13450,5376,2596,2780,9405,4561,4844,10749,5241,5508,9403,4513,4890,5372,2610,2762,1343,629,714,
13455,5377,2597,2780,9408,4562,4846,10750,5241,5509,9406,4514,4892,5373,2611,2762,1344,629,715,
13460,5380,2598,2782,9412,4564,4848,10757,5244,5513,9410,4517,4893,5376,2614,2762,1344,629,715,
13465,5381,2598,2783,9415,4566,4849,10758,5244,5514,9413,4519,4894,5377,2615,2762,1345,630,715,
13470,5384,2598,2786,9419,4569,4850,10765,5248,5517,9417,4521,4896,5380,2617,2763,1345,630,715,
13475,5385,2599,2786,9422,4570,4852,10766,5249,5517,9420,4522,4898,5381,2618,2763,1346,630,716,
13480,5388,2601,2787,9426,4573,4853,10773,5253,5520,9424,4526,4898,5384,2618,2766,1346,630,716,
13485,5389,2602,2787,9429,4575,4854,10774,5253,5521,9427,4527,4900,5385,2619,2766,1347,631,716,
13490,5392,2602,2790,9433,4576,4857,10781,5258,5523,9431,4529,4902,5388,2621,2767,1347,631,716,
13495,5393,2602,2791,9436,4578,4858,10782,5258,5524,9434,4529,4905,5389,2622,2767,1348,632,716,
13500,5396,2603,2793,9440,4579,4861,10789,5261,5528,9438,4529,4909,5392,2623,2769,1348,632,716,
13505,5397,2604,2793,9443,4581,4862,10790,5261,5529,9441,4532,4909,5393,2623,2770,1349,633,716,
13510,5400,2605,2795,9447,4581,4866,10797,5264,5533,9445,4534,4911,5396,2625,2771,1349,633,716,
13515,5401,2606,2795,9450,4584,4866,10798,5265,5533,9448,4536,4912,5397,2625,2772,1350,633,717,
13520,5404,2607,2797,9454,4586,4868,10805,5269,5536,9452,4538,4914,5400,2626,2774,1350,633,717,
13525,5405,2607,2798,9457,4588,4869,10806,5269,5537,9455,4540,4915,5401,2626,2775,1351,634,717,
13530,5408,2608,2800,9461,4589,4872,10813,5272,5541,9459,4543,4916,5404,2627,2777,1351,634,717,
13535,5409,2608,2801,9464,4591,4873,10814,5272,5542,9462,4545,4917,5405,2627,2778,1352,634,718,
13540,5412,2609,2803,9468,4595,4873,10821,5275,5546,9466,4546,4920,5408,2629,2779,1352,634,718,
13545,5413,2609,2804,9471,4597,4874,10822,5276,5546,9469,4546,4923,5409,2629,2780,1353,634,719,
13550,5416,2611,2805,9475,4598,4877,10829,5280,5549,9473,4549,4924,5412,2629,2783,1353,634,719,
13555,5417,2611,2806,9478,4598,4880,10830,5281,5549,9476,4550,4926,5413,2629,2784,1354,634,720,
13560,5420,2611,2809,9482,4602,4880,10837,5283,5554,9480,4553,4927,5416,2632,2784,1354,634,720,
13565,5421,2612,2809,9485,4604,4881,10838,5284,5554,9483,4554,4929,5417,2633,2784,1355,635,720,
13570,5424,2613,2811,9489,4607,4882,10845,5286,5559,9487,4556,4931,5420,2633,2787,1355,635,720,
13575,5425,2614,2811,9492,4608,4884,10846,5287,5559,9490,4557,4933,5421,2633,2788,1356,635,721,
13580,5428,2615,2813,9496,4610,4886,10853,5289,5564,9494,4557,4937,5424,2636,2788,1356,635,721,
13585,5429,2615,2814,9499,4612,4887,10854,5290,5564,9497,4558,4939,5425,2636,2789,1357,636,721,
13590,5432,2616,2816,9503,4613,4890,10861,5293,5568,9501,4562,4939,5428,2638,2790,1357,636,721,
13595,5433,2616,2817,9506,4614,4892,10862,5293,5569,9504,4564,4940,5429,2638,2791,1358,637,721,
13600,5436,2616,2820,9510,4615,4895,10869,5296,5573,9508,4567,4941,5432,2640,2792,1358,637,721,
13605,5437,2617,2820,9513,4616,4897,10870,5297,5573,9511,4568,4943,5433,2640,2793,1359,638,721,
13610,5440,2619,2821,9517,4618,4899,10877,5302,5575,9515,4568,4947,5436,2642,2794,1359,638,721,
13615,5441,2619,2822,9520,4618,4902,10878,5303,5575,9518,4570,4948,5437,2642,2795,1360,638,722,
13620,5444,2622,2822,9524,4621,4903,10885,5305,5580,9522,4571,4951,5440,2644,2796,1360,638,722,
13625,5445,2623,2822,9527,4624,4903,10886,5305,5581,9525,4573,4952,5441,2645,2796,1361,639,722,
13630,5448,2625,2823,9531,4626,4905,10893,5307,5586,9529,4576,4953,5444,2647,2797,1361,639,722,
13635,5449,2626,2823,9534,4627,4907,10894,5308,5586,9532,4579,4953,5445,2648,2797,1362,639,723,
13640,5452,2628,2824,9538,4628,4910,10901,5312,5589,9536,4582,4954,5448,2650,2798,1362,639,723,
13645,5453,2628,2825,9541,4630,4911,10902,5313,5589,9539,4584,4955,5449,2651,2798,1363,639,724,
13650,5456,2628,2828,9545,4632,4913,10909,5316,5593,9543,4586,4957,5452,2651,2801,1363,639,724,
13655,5457,2629,2828,9548,4634,4914,10910,5317,5593,9546,4587,4959,5453,2652,2801,1364,640,724,
13660,5460,2631,2829,9552,4636,4916,10917,5322,5595,9550,4588,4962,5456,2652,2804,1364,640,724,
13665,5461,2631,2830,9555,4638,4917,10918,5322,5596,9553,4589,4964,5457,2652,2805,1365,640,725,
13670,5464,2632,2832,9559,4641,4918,10925,5324,5601,9557,4592,4965,5460,2654,2806,1365,640,725,
13675,5465,2633,2832,9562,4644,4918,10926,5325,5601,9560,4593,4967,5461,2654,2807,1366,641,725,
13680,5468,2635,2833,9566,4645,4921,10933,5328,5605,9564,4596,4968,5464,2654,2810,1366,641,725,
13685,5469,2635,2834,9569,4645,4924,10934,5329,5605,9567,4598,4969,5465,2654,2811,1367,642,725,
13690,5472,2636,2836,9573,4645,4928,10941,5333,5608,9571,4599,4972,5468,2657,2811,1367,642,725,
13695,5473,2636,2837,9576,4646,4930,10942,5334,5608,9574,4600,4974,5469,2657,2812,1368,643,725,
13700,5476,2637,2839,9580,4647,4933,10949,5338,5611,9578,4603,4975,5472,2659,2813,1368,643,725,
13705,5477,2637,2840,9583,4647,4936,10950,5338,5612,9581,4604,4977,5473,2660,2813,1369,644,725,
13710,5480,2638,2842,9587,4650,4937,10957,5342,5615,9585,4607,4978,5476,2662,2814,1369,644,725,
13715,5481,2638,2843,9590,4652,4938,10958,5343,5615,9588,4607,4981,5477,2662,2815,1370,644,726,
13720,5484,2639,2845,9594,4653,4941,10965,5347,5618,9592,4609,4983,5480,2664,2816,1370,644,726,
13725,5485,2639,2846,9597,4653,4944,10966,5348,5618,9595,4611,4984,5481,2664,2817,1371,644,727,
13730,5488,2642,2846,9601,4654,4947,10973,5351,5622,9599,4613,4986,5484,2666,2818,1371,644,727,
13735,5489,2643,2846,9604,4655,4949,10974,5352,5622,9602,4614,4988,5485,2666,2819,1372,645,727,
13740,5492,2645,2847,9608,4657,4951,10981,5355,5626,9606,4617,4989,5488,2669,2819,1372,645,727,
13745,5493,2645,2848,9611,4659,4952,10982,5356,5626,9609,4618,4991,5489,2670,2819,1373,646,727,
13750,5496,2645,2851,9615,4663,4952,10989,5360,5629,9613,4619,4994,5492,2671,2821,1373,646,727,
13755,5497,2646,2851,9618,4665,4953,10990,5361,5629,9616,4621,4995,5493,2671,2822,1374,647,727,
13760,5500,2647,2853,9622,4666,4956,10997,5364,5633,9620,4623,4997,5496,2673,2823,1374,647,727,
13765,5501,2647,2854,9625,4666,4959,10998,5365,5633,9623,4624,4999,5497,2673,2824,1375,647,728,
13770,5504,2648,2856,9629,4667,4962,11005,5369,5636,9627,4626,5001,5500,2674,2826,1375,647,728,
13775,5505,2649,2856,9632,4670,4962,11006,5369,5637,9630,4627,5003,5501,2674,2827,1376,647,729,
13780,5508,2650,2858,9636,4671,4965,11013,5375,5638,9634,4629,5005,5504,2677,2827,1376,647,729,
13785,5509,2650,2859,9639,4672,4967,11014,5375,5639,9637,4630,5007,5505,2677,2828,1377,647,730,
13790,5512,2651,2861,9643,4673,4970,11021,5378,5643,9641,4631,5010,5508,2678,2830,1377,647,730,
13795,5513,2651,2862,9646,4675,4971,11022,5379,5643,9644,4633,5011,5509,2679,2830,1378,648,730,
13800,5516,2652,2864,9650,4678,4972,11029,5381,5648,9648,4637,5011,5512,2679,2833,1378,648,730,
13805,5517,2653,2864,9653,4680,4973,11030,5381,5649,9651,4639,5012,5513,2680,2833,1379,649,730,
13810,5520,2655,2865,9657,4681,4976,11037,5384,5653,9655,4641,5014,5516,2681,2835,1379,649,730,
13815,5521,2656,2865,9660,4681,4979,11038,5385,5653,9658,4642,5016,5517,2681,2836,1380,649,731,
13820,5524,2659,2865,9664,4682,4982,11045,5390,5655,9662,4644,5018,5520,2682,2838,1380,649,731,
13825,5525,2659,2866,9667,4685,4982,11046,5390,5656,9665,4645,5020,5521,2682,2839,1381,649,732,
13830,5528,2660,2868,9671,4687,4984,11053,5395,5658,9669,4647,5022,5524,2684,2840,1381,649,732,
13835,5529,2660,2869,9674,4689,4985,11054,5395,5659,9672,4649,5023,5525,2685,2840,1382,649,733,
13840,5532,2662,2870,9678,4692,4986,11061,5399,5662,9676,4652,5024,5528,2686,2842,1382,649,733,
13845,5533,2663,2870,9681,4694,4987,11062,5400,5662,9679,4652,5027,5529,2687,2842,1383,650,733,
13850,5536,2664,2872,9685,4696,4989,11069,5401,5668,9683,4655,5028,5532,2690,2842,1383,650,733,
13855,5537,2664,2873,9688,4697,4991,11070,5402,5668,9686,4655,5031,5533,2691,2842,1384,650,734,
13860,5540,2665,2875,9692,4699,4993,11077,5406,5671,9690,4655,5035,5536,2692,2844,1384,650,734,
13865,5541,2665,2876,9695,4699,4996,11078,5406,5672,9693,4657,5036,5537,2693,2844,1385,651,734,
13870,5544,2668,2876,9699,4701,4998,11085,5409,5676,9697,4660,5037,5540,2693,2847,1385,651,734,
13875,5545,2669,2876,9702,4703,4999,11086,5409,5677,9700,4661,5039,5541,2694,2847,1386,652,734,
13880,5548,2670,2878,9706,4706,5000,11093,5409,5684,9704,4662,5042,5544,2695,2849,1386,652,734,
13885,5549,2670,2879,9709,4707,5002,11094,5409,5685,9707,4662,5045,5545,2695,2850,1387,652,735,
13890,5552,2671,2881,9713,4709,5004,11101,5413,5688,9711,4663,5048,5548,2697,2851,1387,652,735,
13895,5553,2672,2881,9716,4710,5006,11102,5413,5689,9714,4664,5050,5549,2698,2851,1388,652,736,
13900,5556,2674,2882,9720,4713,5007,11109,5415,5694,9718,4667,5051,5552,2701,2851,1388,652,736,
13905,5557,2674,2883,9723,4714,5009,11110,5416,5694,9721,4668,5053,5553,2701,2852,1389,652,737,
13910,5560,2675,2885,9727,4715,5012,11117,5420,5697,9725,4669,5056,5556,2701,2855,1389,652,737,
13915,5561,2675,2886,9730,4717,5013,11118,5420,5698,9728,4671,5057,5557,2702,2855,1390,653,737,
13920,5564,2676,2888,9734,4719,5015,11125,5423,5702,9732,4673,5059,5560,2704,2856,1390,653,737,
13925,5565,2677,2888,9737,4720,5017,11126,5424,5702,9735,4675,5060,5561,2704,2857,1391,653,738,
13930,5568,2677,2891,9741,4722,5019,11133,5424,5709,9739,4677,5062,5564,2704,2860,1391,653,738,
13935,5569,2677,2892,9744,4723,5021,11134,5424,5710,9742,4680,5062,5565,2704,2861,1392,653,739,
13940,5572,2678,2894,9748,4724,5024,11141,5428,5713,9746,4682,5064,5568,2704,2864,1392,653,739,
13945,5573,2679,2894,9751,4726,5025,11142,5428,5714,9749,4683,5066,5569,2705,2864,1393,654,739,
13950,5576,2681,2895,9755,4727,5028,11149,5431,5718,9753,4687,5066,5572,2706,2866,1393,654,739,
13955,5577,2681,2896,9758,4729,5029,11150,5431,5719,9756,4689,5067,5573,2707,2866,1394,654,740,
13960,5580,2682,2898,9762,4729,5033,11157,5435,5722,9760,4691,5069,5576,2709,2867,1394,654,740,
13965,5581,2682,2899,9765,4729,5036,11158,5436,5722,9763,4692,5071,5577,2709,2868,1395,654,741,
13970,5584,2683,2901,9769,4733,5036,11165,5437,5728,9767,4694,5073,5580,2709,2871,1395,654,741,
13975,5585,2684,2901,9772,4736,5036,11166,5437,5729,9770,4694,5076,5581,2709,2872,1396,655,741,
13980,5588,2687,2901,9776,4738,5038,11173,5439,5734,9774,4697,5077,5584,2711,2873,1396,655,741,
13985,5589,2688,2901,9779,4740,5039,11174,5440,5734,9777,4698,5079,5585,2712,2873,1397,656,741,
13990,5592,2691,2901,9783,4741,5042,11181,5444,5737,9781,4701,5080,5588,2712,2876,1397,656,741,
13995,5593,2692,2901,9786,4741,5045,11182,5444,5738,9784,4702,5082,5589,2712,2877,1398,657,741,
14000,5596,2694,2902,9790,4743,5047,11189,5447,5742,9788,4704,5084,5592,2714,2878,1398,657,741,
14005,5597,2694,2903,9793,4746,5047,11190,5448,5742,9791,4705,5086,5593,2714,2879,1399,657,742,
14010,5600,2695,2905,9797,4747,5050,11197,5451,5746,9795,4706,5089,5596,2715,2881,1399,657,742,
14015,5601,2695,2906,9800,4749,5051,11198,5451,5747,9798,4706,5092,5597,2715,2882,1400,658,742,
14020,5604,2696,2908,9804,4751,5053,11205,5453,5752,9802,4708,5094,5600,2715,2885,1400,658,742,
14025,5605,2697,2908,9807,4752,5055,11206,5454,5752,9805,4709,5096,5601,2715,2886,1401,659,742,
14030,5608,2700,2908,9811,4755,5056,11213,5459,5754,9809,4710,5099,5604,2717,2887,1401,659,742,
14035,5609,2700,2909,9814,4757,5057,11214,5460,5754,9812,4712,5100,5605,2718,2887,1402,659,743,
14040,5612,2701,2911,9818,4757,5061,11221,5464,5757,9816,4715,5101,5608,2718,2890,1402,659,743,
14045,5613,2701,2912,9821,4757,5064,11222,5464,5758,9819,4716,5103,5609,2718,2891,1403,660,743,
14050,5616,2703,2913,9825,4760,5065,11229,5466,5763,9823,4719,5104,5612,2719,2893,1403,660,743,
14055,5617,2703,2914,9828,4763,5065,11230,5467,5763,9826,4721,5105,5613,2720,2893,1404,660,744,
14060,5620,2704,2916,9832,4764,5068,11237,5471,5766,9830,4723,5107,5616,2722,2894,1404,660,744,
14065,5621,2704,2917,9835,4766,5069,11238,5471,5767,9833,4724,5109,5617,2722,2895,1405,661,744,
14070,5624,2706,2918,9839,4769,5070,11245,5474,5771,9837,4727,5110,5620,2724,2896,1405,661,744,
14075,5625,2707,2918,9842,4771,5071,11246,5474,5772,9840,4728,5112,5621,2724,2897,1406,662,744,
14080,5628,2708,2920,9846,4772,5074,11253,5476,5777,9844,4730,5114,5624,2726,2898,1406,662,744,
14085,5629,2709,2920,9849,4773,5076,11254,5476,5778,9847,4732,5115,5625,2726,2899,1407,663,744,
14090,5632,2712,2920,9853,4777,5076,11261,5480,5781,9851,4735,5116,5628,2727,2901,1407,663,744,
14095,5633,2713,2920,9856,4777,5079,11262,5481,5781,9854,4737,5117,5629,2728,2901,1408,664,744,
14100,5636,2715,2921,9860,4778,5082,11269,5486,5783,9858,4738,5120,5632,2731,2901,1408,664,744,
14105,5637,2715,2922,9863,4780,5083,11270,5486,5784,9861,4740,5121,5633,2731,2902,1409,664,745,
14110,5640,2717,2923,9867,4783,5084,11277,5490,5787,9865,4743,5122,5636,2732,2904,1409,664,745,
14115,5641,2717,2924,9870,4785,5085,11278,5490,5788,9868,4744,5124,5637,2733,2904,1410,664,746,
14120,5644,2718,2926,9874,4787,5087,11285,5491,5794,9872,4745,5127,5640,2734,2906,1410,664,746,
14125,5645,2718,2927,9877,4788,5089,11286,5491,5795,9875,4747,5128,5641,2735,2906,1411,664,747,
14130,5648,2719,2929,9881,4790,5091,11293,5496,5797,9879,4748,5131,5644,2736,2908,1411,664,747,
14135,5649,2720,2929,9884,4792,5092,11294,5497,5797,9882,4750,5132,5645,2737,2908,1412,665,747,
14140,5652,2720,2932,9888,4794,5094,11301,5500,5801,9886,4751,5135,5648,2738,2910,1412,665,747,
14145,5653,2721,2932,9891,4797,5094,11302,5500,5802,9889,4753,5136,5649,2738,2911,1413,666,747,
14150,5656,2723,2933,9895,4800,5095,11309,5505,5804,9893,4754,5139,5652,2739,2913,1413,666,747,
14155,5657,2724,2933,9898,4802,5096,11310,5505,5805,9896,4757,5139,5653,2739,2914,1414,666,748,
14160,5660,2726,2934,9902,4804,5098,11317,5508,5809,9900,4759,5141,5656,2739,2917,1414,666,748,
14165,5661,2727,2934,9905,4805,5100,11318,5508,5810,9903,4761,5142,5657,2740,2917,1415,666,749,
14170,5664,2727,2937,9909,4807,5102,11325,5511,5814,9907,4764,5143,5660,2741,2919,1415,666,749,
14175,5665,2727,2938,9912,4808,5104,11326,5512,5814,9910,4764,5146,5661,2742,2919,1416,666,750,
14180,5668,2730,2938,9916,4808,5108,11333,5513,5820,9914,4765,5149,5664,2745,2919,1416,666,750,
14185,5669,2730,2939,9919,4808,5111,11334,5513,5821,9917,4767,5150,5665,2745,2920,1417,666,751,
14190,5672,2731,2941,9923,4809,5114,11341,5514,5827,9921,4769,5152,5668,2746,2922,1417,666,751,
14195,5673,2731,2942,9926,4809,5117,11342,5515,5827,9924,4770,5154,5669,2746,2923,1418,667,751,
14200,5676,2732,2944,9930,4811,5119,11349,5518,5831,9928,4771,5157,5672,2749,2923,1418,667,751,
14205,5677,2732,2945,9933,4813,5120,11350,5518,5832,9931,4773,5158,5673,2749,2924,1419,668,751,
14210,5680,2734,2946,9937,4815,5122,11357,5523,5834,9935,4776,5159,5676,2750,2926,1419,668,751,
14215,5681,2734,2947,9940,4815,5125,11358,5523,5835,9938,4778,5160,5677,2750,2927,1420,668,752,
14220,5684,2737,2947,9944,4819,5125,11365,5526,5839,9942,4780,5162,5680,2750,2930,1420,668,752,
14225,5685,2738,2947,9947,4819,5128,11366,5527,5839,9945,4782,5163,5681,2751,2930,1421,668,753,
14230,5688,2739,2949,9951,4822,5129,11373,5529,5844,9949,4783,5166,5684,2752,2932,1421,668,753,
14235,5689,2739,2950,9954,4824,5130,11374,5529,5845,9952,4786,5166,5685,2753,2932,1422,669,753,
14240,5692,2739,2953,9958,4826,5132,11381,5532,5849,9956,4788,5168,5688,2753,2935,1422,669,753,
14245,5693,2740,2953,9961,4827,5134,11382,5533,5849,9959,4790,5169,5689,2753,2936,1423,670,753,
14250,5696,2743,2953,9965,4831,5134,11389,5536,5853,9963,4791,5172,5692,2754,2938,1423,670,753,
14255,5697,2743,2954,9968,4833,5135,11390,5536,5854,9966,4792,5174,5693,2755,2938,1424,671,753,
14260,5700,2744,2956,9972,4835,5137,11397,5541,5856,9970,4795,5175,5696,2756,2940,1424,671,753,
14265,5701,2745,2956,9975,4837,5138,11398,5542,5856,9973,4798,5175,5697,2756,2941,1425,672,753,
14270,5704,2747,2957,9979,4839,5140,11405,5546,5859,9977,4801,5176,5700,2757,2943,1425,672,753,
14275,5705,2747,2958,9982,4841,5141,11406,5546,5860,9980,4803,5177,5701,2758,2943,1426,673,753,
14280,5708,2747,2961,9986,4844,5142,11413,5550,5863,9984,4805,5179,5704,2760,2944,1426,673,753,
14285,5709,2748,2961,9989,4844,5145,11414,5550,5864,9987,4807,5180,5705,2760,2945,1427,673,754,
14290,5712,2750,2962,9993,4845,5148,11421,5553,5868,9991,4807,5184,5708,2761,2947,1427,673,754,
14295,5713,2751,2962,9996,4847,5149,11422,5554,5868,9994,4810,5184,5709,2761,2948,1428,674,754,
14300,5716,2752,2964,10000,4849,5151,11429,5556,5873,9998,4814,5184,5712,2763,2949,1428,674,754,
14305,5717,2753,2964,10003,4851,5152,11430,5556,5874,10001,4817,5184,5713,2763,2950,1429,674,755,
14310,5720,2753,2967,10007,4853,5154,11437,5559,5878,10005,4817,5188,5716,2765,2951,1429,674,755,
14315,5721,2753,2968,10010,4855,5155,11438,5560,5878,10008,4819,5189,5717,2766,2951,1430,674,756,
14320,5724,2753,2971,10014,4857,5157,11445,5564,5881,10012,4820,5192,5720,2767,2953,1430,674,756,
14325,5725,2753,2972,10017,4859,5158,11446,5565,5881,10015,4822,5193,5721,2768,2953,1431,675,756,
14330,5728,2754,2974,10021,4861,5160,11453,5571,5882,10019,4823,5196,5724,2770,2954,1431,675,756,
14335,5729,2755,2974,10024,4863,5161,11454,5572,5882,10022,4825,5197,5725,2770,2955,1432,676,756,
14340,5732,2758,2974,10028,4866,5162,11461,5576,5885,10026,4828,5198,5728,2772,2956,1432,676,756,
14345,5733,2758,2975,10031,4869,5162,11462,5577,5885,10029,4828,5201,5729,2773,2956,1433,677,756,
14350,5736,2759,2977,10035,4871,5164,11469,5580,5889,10033,4829,5204,5732,2774,2958,1433,677,756,
14355,5737,2760,2977,10038,4873,5165,11470,5581,5889,10036,4831,5205,5733,2775,2958,1434,677,757,
14360,5740,2761,2979,10042,4874,5168,11477,5585,5892,10040,4833,5207,5736,2777,2959,1434,677,757,
14365,5741,2761,2980,10045,4875,5170,11478,5585,5893,10043,4836,5207,5737,2778,2959,1435,677,758,
14370,5744,2762,2982,10049,4877,5172,11485,5588,5897,10047,4837,5210,5740,2780,2960,1435,677,758,
14375,5745,2763,2982,10052,4877,5175,11486,5589,5897,10050,4840,5210,5741,2780,2961,1436,678,758,
14380,5748,2765,2983,10056,4879,5177,11493,5593,5900,10054,4843,5211,5744,2781,2963,1436,678,758,
14385,5749,2765,2984,10059,4881,5178,11494,5594,5900,10057,4843,5214,5745,2781,2964,1437,679,758,
14390,5752,2765,2987,10063,4882,5181,11501,5598,5903,10061,4845,5216,5748,2783,2965,1437,679,758,
14395,5753,2766,2987,10066,4883,5183,11502,5598,5904,10064,4845,5219,5749,2783,2966,1438,679,759,
14400,5756,2769,2987,10070,4885,5185,11509,5599,5910,10068,4848,5220,5752,2784,2968,1438,679,759,
14405,5757,2770,2987,10073,4888,5185,11510,5600,5910,10071,4849,5222,5753,2785,2968,1439,680,759,
14410,5760,2771,2989,10077,4888,5189,11517,5602,5915,10075,4851,5224,5756,2785,2971,1439,680,759,
14415,5761,2772,2989,10080,4890,5190,11518,5603,5915,10078,4853,5225,5757,2786,2971,1440,681,759,
14420,5764,2775,2989,10084,4892,5192,11525,5605,5920,10082,4853,5229,5760,2787,2973,1440,681,759,
14425,5765,2776,2989,10087,4893,5194,11526,5606,5920,10085,4854,5231,5761,2788,2973,1441,681,760,
14430,5768,2777,2991,10091,4896,5195,11533,5607,5926,10089,4855,5234,5764,2789,2975,1441,681,760,
14435,5769,2778,2991,10094,4896,5198,11534,5608,5926,10092,4857,5235,5765,2789,2976,1442,682,760,
14440,5772,2780,2992,10098,4898,5200,11541,5610,5931,10096,4858,5238,5768,2791,2977,1442,682,760,
14445,5773,2781,2992,10101,4900,5201,11542,5610,5932,10099,4859,5240,5769,2792,2977,1443,682,761,
14450,5776,2782,2994,10105,4901,5204,11549,5613,5936,10103,4861,5242,5772,2793,2979,1443,682,761,
14455,5777,2782,2995,10108,4901,5207,11550,5613,5937,10106,4863,5243,5773,2793,2980,1444,682,762,
14460,5780,2783,2997,10112,4904,5208,11557,5616,5941,10110,4864,5246,5776,2794,2982,1444,682,762,
14465,5781,2783,2998,10115,4906,5209,11558,5616,5942,10113,4866,5247,5777,2794,2983,1445,683,762,
14470,5784,2784,3000,10119,4908,5211,11565,5619,5946,10117,4866,5251,5780,2795,2985,1445,683,762,
14475,5785,2785,3000,10122,4910,5212,11566,5619,5947,10120,4866,5254,5781,2795,2986,1446,684,762,
14480,5788,2788,3000,10126,4912,5214,11573,5622,5951,10124,4868,5256,5784,2795,2989,1446,684,762,
14485,5789,2789,3000,10129,4913,5216,11574,5622,5952,10127,4869,5258,5785,2795,2990,1447,685,762,
14490,5792,2790,3002,10133,4916,5217,11581,5623,5958,10131,4870,5261,5788,2796,2992,1447,685,762,
14495,5793,2791,3002,10136,4918,5218,11582,5624,5958,10134,4871,5263,5789,2796,2993,1448,686,762,
14500,5796,2794,3002,10140,4921,5219,11589,5625,5964,10138,4872,5266,5792,2797,2995,1448,686,762,
14505,5797,2795,3002,10143,4922,5221,11590,5625,5965,10141,4872,5269,5793,2798,2995,1449,687,762,
14510,5800,2796,3004,10147,4926,5221,11597,5630,5967,10145,4873,5272,5796,2799,2997,1449,687,762,
14515,5801,2797,3004,10150,4928,5222,11598,5630,5968,10148,4876,5272,5797,2800,2997,1450,687,763,
14520,5804,2799,3005,10154,4931,5223,11605,5633,5972,10152,4878,5274,5800,2802,2998,1450,687,763,
14525,5805,2799,3006,10157,4933,5224,11606,5633,5973,10155,4881,5274,5801,2802,2999,1451,688,763,
14530,5808,2800,3008,10161,4935,5226,11613,5637,5976,10159,4885,5274,5804,2804,3000,1451,688,763,
14535,5809,2800,3009,10164,4937,5227,11614,5638,5976,10162,4887,5275,5805,2805,3000,1452,689,763,
14540,5812,2803,3009,10168,4938,5230,11621,5641,5980,10166,4888,5278,5808,2807,3001,1452,689,763,
14545,5813,2803,3010,10171,4938,5233,11622,5641,5981,10169,4889,5280,5809,2808,3001,1453,689,764,
14550,5816,2804,3012,10175,4939,5236,11629,5643,5986,10173,4892,5281,5812,2809,3003,1453,689,764,
14555,5817,2804,3013,10178,4940,5238,11630,5643,5987,10176,4893,5283,5813,2809,3004,1454,689,765,
14560,5820,2806,3014,10182,4942,5240,11637,5647,5990,10180,4896,5284,5816,2809,3007,1454,689,765,
14565,5821,2806,3015,10185,4942,5243,11638,5647,5991,10183,4899,5284,5817,2809,3008,1455,689,766,
14570,5824,2807,3017,10189,4945,5244,11645,5650,5995,10187,4901,5286,5820,2812,3008,1455,689,766,
14575,5825,2808,3017,10192,4945,5247,11646,5651,5995,10190,4903,5287,5821,2813,3008,1456,689,767,
14580,5828,2810,3018,10196,4947,5249,11653,5653,6000,10194,4904,5290,5824,2814,3010,1456,689,767,
14585,5829,2810,3019,10199,4948,5251,11654,5653,6001,10197,4904,5293,5825,2815,3010,1457,690,767,
14590,5832,2811,3021,10203,4951,5252,11661,5657,6004,10201,4906,5295,5828,2816,3012,1457,690,767,
14595,5833,2811,3022,10206,4953,5253,11662,5658,6004,10204,4908,5296,5829,2816,3013,1458,690,768,
14600,5836,2812,3024,10210,4954,5256,11669,5663,6006,10208,4909,5299,5832,2818,3014,1458,690,768,
14605,5837,2813,3024,10213,4955,5258,11670,5664,6006,10211,4912,5299,5833,2818,3015,1459,690,769,
14610,5840,2815,3025,10217,4958,5259,11677,5668,6009,10215,4914,5301,5836,2819,3017,1459,690,769,
14615,5841,2815,3026,10220,4959,5261,11678,5669,6009,10218,4915,5303,5837,2819,3018,1460,691,769,
14620,5844,2815,3029,10224,4961,5263,11685,5673,6012,10222,4916,5306,5840,2820,3020,1460,691,769,
14625,5845,2816,3029,10227,4964,5263,11686,5673,6013,10225,4917,5308,5841,2820,3021,1461,691,770,
14630,5848,2818,3030,10231,4965,5266,11693,5676,6017,10229,4919,5310,5844,2820,3024,1461,691,770,
14635,5849,2818,3031,10234,4966,5268,11694,5676,6018,10232,4920,5312,5845,2820,3025,1462,691,771,
14640,5852,2820,3032,10238,4968,5270,11701,5680,6021,10236,4922,5314,5848,2821,3027,1462,691,771,
14645,5853,2821,3032,10241,4970,5271,11702,5681,6021,10239,4924,5315,5849,2822,3027,1463,692,771,
14650,5856,2823,3033,10245,4971,5274,11709,5686,6023,10243,4926,5317,5852,2823,3029,1463,692,771,
14655,5857,2824,3033,10248,4973,5275,11710,5687,6023,10246,4927,5319,5853,2824,3029,1464,693,771,
14660,5860,2826,3034,10252,4974,5278,11717,5691,6026,10250,4928,5322,5856,2825,3031,1464,693,771,
14665,5861,2827,3034,10255,4975,5280,11718,5691,6027,10253,4930,5323,5857,2826,3031,1465,694,771,
14670,5864,2827,3037,10259,4976,5283,11725,5696,6029,10257,4933,5324,5860,2829,3031,1465,694,771,
14675,5865,2827,3038,10262,4977,5285,11726,5696,6030,10260,4935,5325,5861,2829,3032,1466,695,771,
14680,5868,2828,3040,10266,4978,5288,11733,5698,6035,10264,4937,5327,5864,2830,3034,1466,695,771,
14685,5869,2829,3040,10269,4979,5290,11734,5699,6035,10267,4939,5328,5865,2830,3035,1467,695,772,
14690,5872,2831,3041,10273,4983,5290,11741,5700,6041,10271,4940,5331,5868,2830,3038,1467,695,772,
14695,5873,2831,3042,10276,4986,5290,11742,5701,6041,10274,4942,5332,5869,2830,3039,1468,696,772,
14700,5876,2832,3044,10280,4988,5292,11749,5703,6046,10278,4944,5334,5872,2833,3039,1468,696,772,
14705,5877,2832,3045,10283,4989,5294,11750,5703,6047,10281,4945,5336,5873,2834,3039,1469,696,773,
14710,5880,2832,3048,10287,4992,5295,11757,5708,6049,10285,4948,5337,5876,2834,3042,1469,696,773,
14715,5881,2833,3048,10290,4995,5295,11758,5708,6050,10288,4949,5339,5877,2834,3043,1470,696,774,
14720,5884,2836,3048,10294,4997,5297,11765,5711,6054,10292,4952,5340,5880,2837,3043,1470,696,774,
14725,5885,2836,3049,10297,4999,5298,11766,5712,6054,10295,4953,5342,5881,2838,3043,1471,696,775,
14730,5888,2838,3050,10301,5001,5300,11773,5717,6056,10299,4955,5344,5884,2841,3043,1471,696,775,
14735,5889,2839,3050,10304,5002,5302,11774,5717,6057,10302,4958,5344,5885,2842,3043,1472,697,775,
14740,5892,2841,3051,10308,5005,5303,11781,5718,6063,10306,4960,5346,5888,2844,3044,1472,697,775,
14745,5893,2841,3052,10311,5005,5306,11782,5718,6064,10309,4960,5349,5889,2845,3044,1473,698,775,
14750,5896,2843,3053,10315,5006,5309,11789,5721,6068,10313,4961,5352,5892,2846,3046,1473,698,775,
14755,5897,2843,3054,10318,5008,5310,11790,5721,6069,10316,4963,5353,5893,2846,3047,1474,699,775,
14760,5900,2843,3057,10322,5009,5313,11797,5724,6073,10320,4965,5355,5896,2847,3049,1474,699,775,
14765,5901,2844,3057,10325,5011,5314,11798,5724,6074,10323,4968,5355,5897,2848,3049,1475,699,776,
14770,5904,2846,3058,10329,5015,5314,11805,5726,6079,10327,4968,5359,5900,2849,3051,1475,699,776,
14775,5905,2847,3058,10332,5017,5315,11806,5727,6079,10330,4969,5361,5901,2849,3052,1476,699,777,
14780,5908,2847,3061,10336,5019,5317,11813,5731,6082,10334,4970,5364,5904,2850,3054,1476,699,777,
14785,5909,2848,3061,10339,5022,5317,11814,5731,6083,10337,4973,5364,5905,2850,3055,1477,699,778,
14790,5912,2848,3064,10343,5023,5320,11821,5735,6086,10341,4976,5365,5908,2853,3055,1477,699,778,
14795,5913,2849,3064,10346,5026,5320,11822,5735,6087,10344,4977,5367,5909,2853,3056,1478,699,779,
14800,5916,2850,3066,10350,5028,5322,11829,5737,6092,10348,4980,5368,5912,2855,3057,1478,699,779,
14805,5917,2851,3066,10353,5030,5323,11830,5737,6093,10351,4982,5369,5913,2855,3058,1479,700,779,
14810,5920,2853,3067,10357,5032,5325,11837,5743,6094,10355,4984,5371,5916,2856,3060,1479,700,779,
14815,5921,2854,3067,10360,5034,5326,11838,5744,6094,10358,4986,5372,5917,2857,3060,1480,701,779,
14820,5924,2856,3068,10364,5037,5327,11845,5747,6098,10362,4988,5374,5920,2858,3062,1480,701,779,
14825,5925,2856,3069,10367,5040,5327,11846,5748,6098,10365,4989,5376,5921,2858,3063,1481,702,779,
14830,5928,2857,3071,10371,5043,5328,11853,5750,6103,10369,4992,5377,5924,2861,3063,1481,702,779,
14835,5929,2858,3071,10374,5045,5329,11854,5750,6104,10372,4993,5379,5925,2862,3063,1482,703,779,
14840,5932,2858,3074,10378,5048,5330,11861,5756,6105,10376,4996,5380,5928,2863,3065,1482,703,779,
14845,5933,2858,3075,10381,5050,5331,11862,5756,6106,10379,4997,5382,5929,2863,3066,1483,703,780,
14850,5936,2860,3076,10385,5051,5334,11869,5759,6110,10383,4998,5385,5932,2865,3067,1483,703,780,
14855,5937,2860,3077,10388,5053,5335,11870,5759,6111,10386,5000,5386,5933,2866,3067,1484,703,781,
14860,5940,2862,3078,10392,5054,5338,11877,5761,6116,10390,5003,5387,5936,2868,3068,1484,703,781,
14865,5941,2862,3079,10395,5055,5340,11878,5762,6116,10393,5006,5387,5937,2869,3068,1485,703,782,
14870,5944,2863,3081,10399,5056,5343,11885,5763,6122,10397,5008,5389,5940,2872,3068,1485,703,782,
14875,5945,2864,3081,10402,5058,5344,11886,5763,6123,10400,5009,5391,5941,2873,3068,1486,703,783,
14880,5948,2865,3083,10406,5058,5348,11893,5765,6128,10404,5010,5394,5944,2875,3069,1486,703,783,
14885,5949,2865,3084,10409,5060,5349,11894,5766,6128,10407,5011,5396,5945,2875,3070,1487,704,783,
14890,5952,2867,3085,10413,5062,5351,11901,5771,6130,10411,5012,5399,5948,2877,3071,1487,704,783,
14895,5953,2867,3086,10416,5064,5352,11902,5772,6130,10414,5014,5400,5949,2877,3072,1488,704,784,
14900,5956,2869,3087,10420,5067,5353,11909,5775,6134,10418,5015,5403,5952,2878,3074,1488,704,784,
14905,5957,2870,3087,10423,5068,5355,11910,5776,6134,10421,5016,5405,5953,2878,3075,1489,705,784,
14910,5960,2871,3089,10427,5069,5358,11917,5779,6138,10425,5017,5408,5956,2880,3076,1489,705,784,
14915,5961,2871,3090,10430,5070,5360,11918,5780,6138,10428,5020,5408,5957,2880,3077,1490,706,784,
14920,5964,2872,3092,10434,5074,5360,11925,5785,6140,10432,5023,5409,5960,2882,3078,1490,706,784,
14925,5965,2872,3093,10437,5076,5361,11926,5786,6140,10435,5023,5412,5961,2883,3078,1491,707,784,
14930,5968,2873,3095,10441,5078,5363,11933,5790,6143,10439,5025,5414,5964,2883,3081,1491,707,784,
14935,5969,2874,3095,10444,5080,5364,11934,5790,6144,10442,5028,5414,5965,2883,3082,1492,708,784,
14940,5972,2876,3096,10448,5082,5366,11941,5794,6147,10446,5029,5417,5968,2884,3084,1492,708,784,
14945,5973,2877,3096,10451,5084,5367,11942,5795,6147,10449,5029,5420,5969,2885,3084,1493,708,785,
14950,5976,2878,3098,10455,5085,5370,11949,5800,6149,10453,5032,5421,5972,2887,3085,1493,708,785,
14955,5977,2878,3099,10458,5088,5370,11950,5800,6150,10456,5034,5422,5973,2887,3086,1494,709,785,
14960,5980,2880,3100,10462,5091,5371,11957,5802,6155,10460,5036,5424,5976,2889,3087,1494,709,785,
14965,5981,2880,3101,10465,5094,5371,11958,5803,6155,10463,5037,5426,5977,2890,3087,1495,709,786,
14970,5984,2882,3102,10469,5094,5375,11965,5808,6157,10467,5039,5428,5980,2891,3089,1495,709,786,
14975,5985,2883,3102,10472,5096,5376,11966,5809,6157,10470,5040,5430,5981,2891,3090,1496,709,787,
14980,5988,2884,3104,10476,5099,5377,11973,5811,6162,10474,5042,5432,5984,2892,3092,1496,709,787,
14985,5989,2884,3105,10479,5100,5379,11974,5812,6162,10477,5045,5432,5985,2893,3092,1497,709,788,
14990,5992,2884,3108,10483,5102,5381,11981,5814,6167,10481,5048,5433,5988,2893,3095,1497,709,788,
14995,5993,2884,3109,10486,5103,5383,11982,5815,6167,10484,5051,5433,5989,2894,3095,1498,710,788,
15000,5996,2886,3110,10490,5105,5385,11989,5820,6169,10488,5054,5434,5992,2896,3096,1498,710,788,
15005,5997,2886,3111,10493,5107,5386,11990,5820,6170,10491,5055,5436,5993,2896,3097,1499,711,788,
15010,6000,2887,3113,10497,5109,5388,11997,5822,6175,10495,5055,5440,5996,2896,3100,1499,711,788,
15015,6001,2887,3114,10500,5110,5390,11998,5823,6175,10498,5057,5441,5997,2897,3100,1500,712,788,
15020,6004,2888,3116,10504,5112,5392,12005,5827,6178,10502,5058,5444,6000,2898,3102,1500,712,788,
15025,6005,2888,3117,10507,5113,5394,12006,5827,6179,10505,5061,5444,6001,2899,3102,1501,713,788,
15030,6008,2890,3118,10511,5113,5398,12013,5830,6183,10509,5064,5445,6004,2899,3105,1501,713,788,
15035,6009,2890,3119,10514,5115,5399,12014,5830,6184,10512,5064,5448,6005,2900,3105,1502,713,789,
15040,6012,2893,3119,10518,5116,5402,12021,5832,6189,10516,5067,5449,6008,2902,3106,1502,713,789,
15045,6013,2893,3120,10521,5119,5402,12022,5833,6189,10519,5068,5451,6009,2903,3106,1503,713,790,
15050,6016,2895,3121,10525,5120,5405,12029,5836,6193,10523,5072,5451,6012,2904,3108,1503,713,790,
15055,6017,2896,3121,10528,5121,5407,12030,5836,6194,10526,5074,5452,6013,2904,3109,1504,713,791,
15060,6020,2897,3123,10532,5123,5409,12037,5840,6197,10530,5075,5455,6016,2904,3112,1504,713,791,
15065,6021,2898,3123,10535,5125,5410,12038,5841,6197,10533,5076,5457,6017,2905,3112,1505,714,791,
15070,6024,2899,3125,10539,5128,5411,12045,5844,6201,10537,5080,5457,6020,2906,3114,1505,714,791,
15075,6025,2899,3126,10542,5129,5413,12046,5845,6201,10540,5081,5459,6021,2906,3115,1506,714,792,
15080,6028,2900,3128,10546,5131,5415,12053,5848,6205,10544,5085,5459,6024,2909,3115,1506,714,792,
15085,6029,2901,3128,10549,5132,5417,12054,5849,6205,10547,5085,5462,6025,2909,3116,1507,715,792,
15090,6032,2903,3129,10553,5133,5420,12061,5850,6211,10551,5089,5462,6028,2912,3116,1507,715,792,
15095,6033,2904,3129,10556,5135,5421,12062,5851,6211,10554,5090,5464,6029,2912,3117,1508,715,793,
15100,6036,2905,3131,10560,5137,5423,12069,5854,6215,10558,5092,5466,6032,2914,3118,1508,715,793,
15105,6037,2906,3131,10563,5138,5425,12070,5855,6215,10561,5094,5467,6033,2915,3118,1509,716,793,
15110,6040,2908,3132,10567,5141,5426,12077,5856,6221,10565,5096,5469,6036,2918,3118,1509,716,793,
15115,6041,2908,3133,10570,5142,5428,12078,5856,6222,10568,5098,5470,6037,2919,3118,1510,716,794,
15120,6044,2908,3136,10574,5142,5432,12085,5858,6227,10572,5098,5474,6040,2921,3119,1510,716,794,
15125,6045,2908,3137,10577,5144,5433,12086,5858,6228,10575,5101,5474,6041,2921,3120,1511,716,795,
15130,6048,2909,3139,10581,5145,5436,12093,5861,6232,10579,5104,5475,6044,2923,3121,1511,716,795,
15135,6049,2909,3140,10584,5147,5437,12094,5861,6233,10582,5106,5476,6045,2924,3121,1512,717,795,
15140,6052,2911,3141,10588,5149,5439,12101,5864,6237,10586,5107,5479,6048,2925,3123,1512,717,795,
15145,6053,2911,3142,10591,5150,5441,12102,5864,6238,10589,5108,5481,6049,2926,3123,1513,718,795,
15150,6056,2912,3144,10595,5151,5444,12109,5868,6241,10593,5110,5483,6052,2928,3124,1513,718,795,
15155,6057,2913,3144,10598,5154,5444,12110,5869,6241,10596,5112,5484,6053,2928,3125,1514,718,796,
15160,6060,2915,3145,10602,5156,5446,12117,5873,6244,10600,5114,5486,6056,2930,3126,1514,718,796,
15165,6061,2916,3145,10605,5158,5447,12118,5873,6245,10603,5117,5486,6057,2930,3127,1515,718,797,
15170,6064,2917,3147,10609,5161,5448,12125,5876,6249,10607,5120,5487,6060,2932,3128,1515,718,797,
15175,6065,2918,3147,10612,5164,5448,12126,5877,6249,10610,5121,5489,6061,2932,3129,1516,718,798,
15180,6068,2919,3149,10616,5166,5450,12133,5881,6252,10614,5124,5490,6064,2933,3131,1516,718,798,
15185,6069,2919,3150,10619,5168,5451,12134,5881,6253,10617,5125,5492,6065,2933,3132,1517,718,799,
15190,6072,2920,3152,10623,5169,5454,12141,5883,6258,10621,5126,5495,6068,2935,3133,1517,718,799,
15195,6073,2920,3153,10626,5169,5457,12142,5884,6258,10624,5128,5496,6069,2935,3134,1518,719,799,
15200,6076,2922,3154,10630,5171,5459,12149,5887,6262,10628,5131,5497,6072,2936,3136,1518,719,799,
15205,6077,2923,3154,10633,5172,5461,12150,5887,6263,10631,5132,5499,6073,2936,3137,1519,719,800,
15210,6080,2926,3154,10637,5173,5464,12157,5891,6266,10635,5135,5500,6076,2937,3139,1519,719,800,
15215,6081,2927,3154,10640,5174,5466,12158,5892,6266,10638,5137,5501,6077,2937,3140,1520,720,800,
15220,6084,2928,3156,10644,5175,5469,12165,5895,6270,10642,5139,5503,6080,2940,3140,1520,720,800,
15225,6085,2928,3157,10647,5175,5472,12166,5895,6271,10645,5140,5505,6081,2941,3140,1521,720,801,
15230,6088,2931,3157,10651,5177,5474,12173,5896,6277,10649,5141,5508,6084,2942,3142,1521,720,801,
15235,6089,2932,3157,10654,5178,5476,12174,5896,6278,10652,5143,5509,6085,2942,3143,1522,721,801,
15240,6092,2932,3160,10658,5181,5477,12181,5899,6282,10656,5144,5512,6088,2942,3146,1522,721,801,
15245,6093,2933,3160,10661,5183,5478,12182,5900,6282,10659,5145,5514,6089,2943,3146,1523,722,801,
15250,6096,2936,3160,10665,5186,5479,12189,5904,6285,10663,5146,5517,6092,2945,3147,1523,722,801,
15255,6097,2937,3160,10668,5187,5481,12190,5904,6286,10666,5147,5519,6093,2946,3147,1524,723,801,
15260,6100,2939,3161,10672,5188,5484,12197,5907,6290,10670,5150,5520,6096,2948,3148,1524,723,801,
15265,6101,2939,3162,10675,5188,5487,12198,5908,6290,10673,5150,5523,6097,2948,3149,1525,724,801,
15270,6104,2940,3164,10679,5189,5490,12205,5911,6294,10677,5152,5525,6100,2949,3151,1525,724,801,
15275,6105,2940,3165,10682,5191,5491,12206,5912,6294,10680,5153,5527,6101,2950,3151,1526,724,802,
15280,6108,2941,3167,10686,5192,5494,12213,5915,6298,10684,5155,5529,6104,2952,3152,1526,724,802,
15285,6109,2941,3168,10689,5193,5496,12214,5916,6298,10687,5156,5531,6105,2952,3153,1527,724,803,
15290,6112,2942,3170,10693,5195,5498,12221,5921,6300,10691,5158,5533,6108,2953,3155,1527,724,803,
15295,6113,2943,3170,10696,5197,5499,12222,5921,6301,10694,5159,5535,6109,2954,3155,1528,724,804,
15300,6116,2944,3172,10700,5198,5502,12229,5923,6306,10698,5161,5537,6112,2956,3156,1528,724,804,
15305,6117,2945,3172,10703,5200,5503,12230,5923,6307,10701,5162,5539,6113,2957,3156,1529,725,804,
15310,6120,2947,3173,10707,5202,5505,12237,5925,6312,10705,5164,5541,6116,2957,3159,1529,725,804,
15315,6121,2947,3174,10710,5203,5507,12238,5925,6313,10708,5164,5544,6117,2958,3159,1530,726,804,
15320,6124,2950,3174,10714,5203,5511,12245,5927,6318,10712,5165,5547,6120,2958,3162,1530,726,804,
15325,6125,2950,3175,10717,5203,5514,12246,5927,6319,10715,5167,5548,6121,2958,3163,1531,726,805,
15330,6128,2951,3177,10721,5204,5517,12253,5931,6322,10719,5170,5549,6124,2959,3165,1531,726,805,
15335,6129,2951,3178,10724,5206,5518,12254,5931,6323,10722,5172,5550,6125,2960,3165,1532,726,806,
15340,6132,2953,3179,10728,5208,5520,12261,5936,6325,10726,5173,5553,6128,2963,3165,1532,726,806,
15345,6133,2953,3180,10731,5208,5523,12262,5937,6325,10729,5174,5555,6129,2963,3166,1533,726,807,
15350,6136,2953,3183,10735,5208,5527,12269,5939,6330,10733,5176,5557,6132,2963,3169,1533,726,807,
15355,6137,2954,3183,10738,5209,5529,12270,5939,6331,10736,5177,5559,6133,2963,3170,1534,726,808,
15360,6140,2955,3185,10742,5210,5532,12277,5941,6336,10740,5179,5561,6136,2964,3172,1534,726,808,
15365,6141,2956,3185,10745,5211,5534,12278,5942,6336,10743,5181,5562,6137,2965,3172,1535,727,808,
15370,6144,2957,3187,10749,5211,5538,12285,5947,6338,10747,5185,5562,6140,2967,3173,1535,727,808,
15375,6145,2958,3187,10752,5213,5539,12286,5947,6339,10750,5187,5563,6141,2968,3173,1536,727,809,
15380,6148,2959,3189,10756,5214,5542,12293,5950,6343,10754,5191,5563,6144,2970,3174,1536,727,809,
15385,6149,2960,3189,10759,5215,5544,12294,5951,6343,10757,5193,5564,6145,2971,3174,1537,727,810,
15390,6152,2961,3191,10763,5216,5547,12301,5956,6345,10761,5193,5568,6148,2972,3176,1537,727,810,
15395,6153,2962,3191,10766,5219,5547,12302,5956,6346,10764,5194,5570,6149,2972,3177,1538,727,811,
15400,6156,2965,3191,10770,5220,5550,12309,5961,6348,10768,5197,5571,6152,2974,3178,1538,727,811,
15405,6157,2965,3192,10773,5221,5552,12310,5961,6349,10771,5200,5571,6153,2974,3179,1539,728,811,
15410,6160,2966,3194,10777,5223,5554,12317,5965,6352,10775,5204,5571,6156,2976,3180,1539,728,811,
15415,6161,2967,3194,10780,5225,5555,12318,5966,6352,10778,5207,5571,6157,2976,3181,1540,728,812,
15420,6164,2968,3196,10784,5227,5557,12325,5971,6354,10782,5207,5575,6160,2979,3181,1540,728,812,
15425,6165,2968,3197,10787,5230,5557,12326,5972,6354,10785,5209,5576,6161,2979,3182,1541,729,812,
15430,6168,2968,3200,10791,5232,5559,12333,5977,6356,10789,5210,5579,6164,2980,3184,1541,729,812,
15435,6169,2969,3200,10794,5233,5561,12334,5978,6356,10792,5211,5581,6165,2981,3184,1542,730,812,
15440,6172,2971,3201,10798,5234,5564,12341,5984,6357,10796,5212,5584,6168,2981,3187,1542,730,812,
15445,6173,2971,3202,10801,5236,5565,12342,5985,6357,10799,5213,5586,6169,2982,3187,1543,731,812,
15450,6176,2972,3204,10805,5239,5566,12349,5990,6359,10803,5216,5587,6172,2982,3190,1543,731,812,
15455,6177,2973,3204,10808,5240,5568,12350,5991,6359,10806,5217,5589,6173,2982,3191,1544,731,813,
15460,6180,2975,3205,10812,5242,5570,12357,5993,6364,10810,5219,5591,6176,2982,3194,1544,731,813,
15465,6181,2975,3206,10815,5243,5572,12358,5993,6365,10813,5219,5594,6177,2983,3194,1545,731,814,
15470,6184,2976,3208,10819,5243,5576,12365,5995,6370,10817,5219,5598,6180,2985,3195,1545,731,814,
15475,6185,2976,3209,10822,5245,5577,12366,5996,6370,10820,5220,5600,6181,2986,3195,1546,731,815,
15480,6188,2978,3210,10826,5247,5579,12373,6000,6373,10824,5223,5601,6184,2986,3198,1546,731,815,
15485,6189,2978,3211,10829,5250,5579,12374,6001,6373,10827,5224,5603,6185,2987,3198,1547,731,816,
15490,6192,2979,3213,10833,5252,5581,12381,6002,6379,10831,5227,5604,6188,2989,3199,1547,731,816,
15495,6193,2980,3213,10836,5252,5584,12382,6003,6379,10834,5228,5606,6189,2989,3200,1548,732,816,
15500,6196,2982,3214,10840,5253,5587,12389,6007,6382,10838,5229,5609,6192,2992,3200,1548,732,816,
15505,6197,2983,3214,10843,5253,5590,12390,6008,6382,10841,5231,5610,6193,2992,3201,1549,733,816,
15510,6200,2985,3215,10847,5257,5590,12397,6011,6386,10845,5231,5614,6196,2992,3204,1549,733,816,
15515,6201,2986,3215,10850,5258,5592,12398,6012,6386,10848,5233,5615,6197,2993,3204,1550,734,816,
15520,6204,2986,3218,10854,5258,5596,12405,6017,6388,10852,5236,5616,6200,2994,3206,1550,734,816,
15525,6205,2987,3218,10857,5261,5596,12406,6018,6388,10855,5238,5617,6201,2994,3207,1551,734,817,
15530,6208,2987,3221,10861,5263,5598,12413,6020,6393,10859,5240,5619,6204,2996,3208,1551,734,817,
15535,6209,2987,3222,10864,5265,5599,12414,6021,6393,10862,5242,5620,6205,2997,3208,1552,734,818,
15540,6212,2988,3224,10868,5266,5602,12421,6024,6397,10866,5244,5622,6208,3000,3208,1552,734,818,
15545,6213,2989,3224,10871,5268,5603,12422,6025,6397,10869,5246,5623,6209,3001,3208,1553,734,819,
15550,6216,2991,3225,10875,5270,5605,12429,6030,6399,10873,5248,5625,6212,3003,3209,1553,734,819,
15555,6217,2991,3226,10878,5272,5606,12430,6030,6400,10876,5250,5626,6213,3004,3209,1554,735,819,
15560,6220,2993,3227,10882,5273,5609,12437,6034,6403,10880,5252,5628,6216,3004,3212,1554,735,819,
15565,6221,2993,3228,10885,5274,5611,12438,6034,6404,10883,5254,5629,6217,3005,3212,1555,735,820,
15570,6224,2994,3230,10889,5275,5614,12445,6036,6409,10887,5256,5631,6220,3006,3214,1555,735,820,
15575,6225,2994,3231,10892,5276,5616,12446,6036,6410,10890,5257,5633,6221,3007,3214,1556,735,821,
15580,6228,2994,3234,10896,5278,5618,12453,6041,6412,10894,5259,5635,6224,3009,3215,1556,735,821,
15585,6229,2994,3235,10899,5280,5619,12454,6042,6412,10897,5262,5635,6225,3010,3215,1557,735,822,
15590,6232,2994,3238,10903,5283,5620,12461,6045,6416,10901,5264,5637,6228,3012,3216,1557,735,822,
15595,6233,2994,3239,10906,5284,5622,12462,6045,6417,10904,5266,5638,6229,3013,3216,1558,735,823,
15600,6236,2995,3241,10910,5287,5623,12469,6050,6419,10908,5266,5642,6232,3015,3217,1558,735,823,
15605,6237,2995,3242,10913,5288,5625,12470,6050,6420,10911,5268,5643,6233,3016,3217,1559,735,824,
15610,6240,2996,3244,10917,5290,5627,12477,6052,6425,10915,5271,5644,6236,3019,3217,1559,735,824,
15615,6241,2996,3245,10920,5292,5628,12478,6053,6425,10918,5273,5645,6237,3020,3217,1560,736,824,
15620,6244,2998,3246,10924,5293,5631,12485,6055,6430,10922,5273,5649,6240,3021,3219,1560,736,824,
15625,6245,2998,3247,10927,5293,5634,12486,6056,6430,10925,5274,5651,6241,3022,3219,1561,737,824,
15630,6248,3000,3248,10931,5295,5636,12493,6058,6435,10929,5275,5654,6244,3023,3221,1561,737,824,
15635,6249,3000,3249,10934,5297,5637,12494,6059,6435,10932,5275,5657,6245,3023,3222,1562,737,825,
15640,6252,3003,3249,10938,5299,5639,12501,6062,6439,10936,5278,5658,6248,3024,3224,1562,737,825,
15645,6253,3004,3249,10941,5301,5640,12502,6062,6440,10939,5279,5660,6249,3025,3224,1563,738,825,
15650,6256,3006,3250,10945,5304,5641,12509,6067,6442,10943,5280,5663,6252,3025,3227,1563,738,825,
15655,6257,3007,3250,10948,5305,5643,12510,6067,6443,10946,5281,5665,6253,3026,3227,1564,738,826,
15660,6260,3008,3252,10952,5308,5644,12517,6072,6445,10950,5282,5668,6256,3027,3229,1564,738,826,
15665,6261,3009,3252,10955,5310,5645,12518,6072,6446,10953,5283,5670,6257,3027,3230,1565,739,826,
15670,6264,3011,3253,10959,5312,5647,12525,6077,6448,10957,5284,5673,6260,3027,3233,1565,739,826,
15675,6265,3012,3253,10962,5314,5648,12526,6078,6448,10960,5286,5674,6261,3027,3234,1566,739,827,
15680,6268,3013,3255,10966,5316,5650,12533,6083,6450,10964,5288,5676,6264,3028,3236,1566,739,827,
15685,6269,3014,3255,10969,5317,5652,12534,6083,6451,10967,5289,5678,6265,3029,3236,1567,739,828,
15690,6272,3014,3258,10973,5318,5655,12541,6085,6456,10971,5292,5679,6268,3029,3239,1567,739,828,
15695,6273,3014,3259,10976,5319,5657,12542,6086,6456,10974,5294,5680,6269,3029,3240,1568,740,828,
15700,6276,3014,3262,10980,5322,5658,12549,6091,6458,10978,5296,5682,6272,3030,3242,1568,740,828,
15705,6277,3014,3263,10983,5324,5659,12550,6091,6459,10981,5297,5684,6273,3030,3243,1569,741,828,
15710,6280,3017,3263,10987,5327,5660,12557,6094,6463,10985,5299,5686,6276,3031,3245,1569,741,828,
15715,6281,3017,3264,10990,5328,5662,12558,6094,6464,10988,5302,5686,6277,3031,3246,1570,741,829,
15720,6284,3018,3266,10994,5330,5664,12565,6099,6466,10992,5305,5687,6280,3034,3246,1570,741,829,
15725,6285,3018,3267,10997,5330,5667,12566,6100,6466,10995,5306,5689,6281,3034,3247,1571,742,829,
15730,6288,3020,3268,11001,5333,5668,12573,6102,6471,10999,5308,5691,6284,3035,3249,1571,742,829,
15735,6289,3021,3268,11004,5335,5669,12574,6102,6472,11002,5309,5693,6285,3036,3249,1572,743,829,
15740,6292,3022,3270,11008,5338,5670,12581,6108,6473,11006,5311,5695,6288,3038,3250,1572,743,829,
15745,6293,3022,3271,11011,5338,5673,12582,6108,6474,11009,5313,5696,6289,3039,3250,1573,743,830,
15750,6296,3023,3273,11015,5341,5674,12589,6111,6478,11013,5315,5698,6292,3040,3252,1573,743,830,
15755,6297,3024,3273,11018,5344,5674,12590,6111,6479,11016,5316,5700,6293,3040,3253,1574,743,831,
15760,6300,3025,3275,11022,5345,5677,12597,6112,6485,11020,5318,5702,6296,3041,3255,1574,743,831,
15765,6301,3026,3275,11025,5346,5679,12598,6113,6485,11023,5320,5703,6297,3041,3256,1575,744,831,
15770,6304,3028,3276,11029,5348,5681,12605,6115,6490,11027,5322,5705,6300,3044,3256,1575,744,831,
15775,6305,3028,3277,11032,5350,5682,12606,6116,6490,11030,5323,5707,6301,3044,3257,1576,744,832,
15780,6308,3030,3278,11036,5351,5685,12613,6116,6497,11034,5324,5710,6304,3044,3260,1576,744,832,
15785,6309,3030,3279,11039,5353,5686,12614,6116,6498,11037,5326,5711,6305,3044,3261,1577,745,832,
15790,6312,3031,3281,11043,5355,5688,12621,6117,6504,11041,5328,5713,6308,3046,3262,1577,745,832,
15795,6313,3031,3282,11046,5356,5690,12622,6118,6504,11044,5328,5716,6309,3046,3263,1578,745,833,
15800,6316,3033,3283,11050,5359,5691,12629,6123,6506,11048,5330,5718,6312,3047,3265,1578,745,833,
15805,6317,3033,3284,11053,5362,5691,12630,6123,6507,11051,5332,5719,6313,3047,3266,1579,745,834,
15810,6320,3033,3287,11057,5363,5694,12637,6128,6509,11055,5333,5722,6316,3049,3267,1579,745,834,
15815,6321,3034,3287,11060,5364,5696,12638,6128,6510,11058,5334,5724,6317,3050,3267,1580,745,835,
15820,6324,3034,3290,11064,5365,5699,12645,6131,6514,11062,5335,5727,6320,3051,3269,1580,745,835,
15825,6325,3034,3291,11067,5366,5701,12646,6132,6514,11065,5337,5728,6321,3052,3269,1581,745,836,
15830,6328,3037,3291,11071,5368,5703,12653,6137,6516,11069,5340,5729,6324,3054,3270,1581,745,836,
15835,6329,3037,3292,11074,5369,5705,12654,6138,6516,11072,5341,5731,6325,3054,3271,1582,746,836,
15840,6332,3038,3294,11078,5373,5705,12661,6142,6519,11076,5343,5733,6328,3057,3271,1582,746,836,
15845,6333,3038,3295,11081,5376,5705,12662,6143,6519,11079,5344,5735,6329,3057,3272,1583,747,836,
15850,6336,3039,3297,11085,5377,5708,12669,6148,6521,11083,5345,5738,6332,3059,3273,1583,747,836,
15855,6337,3039,3298,11088,5378,5710,12670,6149,6521,11086,5348,5738,6333,3059,3274,1584,748,836,
15860,6340,3041,3299,11092,5382,5710,12677,6151,6526,11090,5351,5739,6336,3060,3276,1584,748,836,
15865,6341,3041,3300,11095,5383,5712,12678,6152,6526,11093,5353,5740,6337,3060,3277,1585,749,836,
15870,6344,3041,3303,11099,5386,5713,12685,6155,6530,11097,5354,5743,6340,3062,3278,1585,749,836,
15875,6345,3042,3303,11102,5388,5714,12686,6156,6530,11100,5355,5745,6341,3063,3278,1586,750,836,
15880,6348,3044,3304,11106,5389,5717,12693,6158,6535,11104,5358,5746,6344,3065,3279,1586,750,836,
15885,6349,3045,3304,11109,5391,5718,12694,6158,6536,11107,5360,5747,6345,3065,3280,1587,751,836,
15890,6352,3045,3307,11113,5391,5722,12701,6161,6540,11111,5362,5749,6348,3065,3283,1587,751,836,
15895,6353,3045,3308,11116,5394,5722,12702,6162,6540,11114,5363,5751,6349,3066,3283,1588,752,836,
15900,6356,3047,3309,11120,5397,5723,12709,6165,6544,11118,5366,5752,6352,3068,3284,1588,752,836,
15905,6357,3047,3310,11123,5398,5725,12710,6165,6545,11121,5367,5754,6353,3068,3285,1589,752,837,
15910,6360,3049,3311,11127,5400,5727,12717,6171,6546,11125,5370,5755,6356,3069,3287,1589,752,837,
15915,6361,3049,3312,11130,5400,5730,12718,6172,6546,11128,5372,5756,6357,3069,3288,1590,753,837,
15920,6364,3050,3314,11134,5402,5732,12725,6174,6551,11132,5374,5758,6360,3070,3290,1590,753,837,
15925,6365,3051,3314,11137,5403,5734,12726,6175,6551,11135,5374,5761,6361,3070,3291,1591,754,837,
15930,6368,3051,3317,11141,5405,5736,12733,6179,6554,11139,5376,5763,6364,3070,3294,1591,754,837,
15935,6369,3051,3318,11144,5406,5738,12734,6180,6554,11142,5378,5764,6365,3070,3295,1592,754,838,
15940,6372,3051,3321,11148,5408,5740,12741,6184,6557,11146,5381,5765,6368,3071,3297,1592,754,838,
15945,6373,3051,3322,11151,5411,5740,12742,6184,6558,11149,5384,5765,6369,3071,3298,1593,755,838,
15950,6376,3054,3322,11155,5411,5744,12749,6189,6560,11153,5386,5767,6372,3073,3299,1593,755,838,
15955,6377,3054,3323,11158,5412,5746,12750,6190,6560,11156,5388,5768,6373,3074,3299,1594,755,839,
15960,6380,3056,3324,11162,5413,5749,12757,6194,6563,11160,5390,5770,6376,3075,3301,1594,755,839,
15965,6381,3056,3325,11165,5415,5750,12758,6194,6564,11163,5391,5772,6377,3076,3301,1595,756,839,
15970,6384,3058,3326,11169,5416,5753,12765,6197,6568,11167,5394,5773,6380,3078,3302,1595,756,839,
15975,6385,3059,3326,11172,5416,5756,12766,6197,6569,11170,5395,5775,6381,3078,3303,1596,757,839,
15980,6388,3060,3328,11176,5417,5759,12773,6201,6572,11174,5397,5777,6384,3079,3305,1596,757,839,
15985,6389,3060,3329,11179,5419,5760,12774,6202,6572,11177,5399,5778,6385,3080,3305,1597,757,840,
15990,6392,3062,3330,11183,5422,5761,12781,6205,6576,11181,5400,5781,6388,3082,3306,1597,757,840,
15995,6393,3062,3331,11186,5423,5763,12782,6205,6577,11184,5401,5783,6389,3082,3307,1598,757,841,
16000,6396,3062,3334,11190,5426,5764,12789,6210,6579,11188,5403,5785,6392,3084,3308,1598,757,841,
16005,6397,3062,3335,11193,5428,5765,12790,6211,6579,11191,5404,5787,6393,3084,3309,1599,757,842,
16010,6400,3063,3337,11197,5430,5767,12797,6213,6584,11195,5406,5789,6396,3084,3312,1599,757,842,
16015,6401,3063,3338,11200,5433,5767,12798,6214,6584,11198,5407,5791,6397,3085,3312,1600,758,842,
16020,6404,3065,3339,11204,5435,5769,12805,6217,6588,11202,5410,5792,6400,3086,3314,1600,758,842,
16025,6405,3065,3340,11207,5436,5771,12806,6217,6589,11205,5412,5793,6401,3087,3314,1601,759,842,
16030,6408,3066,3342,11211,5438,5773,12813,6220,6593,11209,5413,5796,6404,3088,3316,1601,759,842,
16035,6409,3067,3342,11214,5440,5774,12814,6221,6593,11212,5415,5797,6405,3089,3316,1602,759,843,
16040,6412,3068,3344,11218,5443,5775,12821,6226,6595,11216,5416,5800,6408,3092,3316,1602,759,843,
16045,6413,3069,3344,11221,5443,5778,12822,6226,6596,11219,5418,5801,6409,3092,3317,1603,760,843,
16050,6416,3072,3344,11225,5445,5780,12829,6231,6598,11223,5419,5804,6412,3094,3318,1603,760,843,
16055,6417,3073,3344,11228,5446,5782,12830,6231,6599,11226,5420,5806,6413,3094,3319,1604,760,844,
16060,6420,3074,3346,11232,5450,5782,12837,6232,6605,11230,5423,5807,6416,3096,3320,1604,760,844,
16065,6421,3074,3347,11235,5450,5785,12838,6233,6605,11233,5424,5809,6417,3096,3321,1605,761,844,
16070,6424,3075,3349,11239,5451,5788,12845,6235,6610,11237,5426,5811,6420,3097,3323,1605,761,844,
16075,6425,3076,3349,11242,5453,5789,12846,6235,6611,11240,5428,5812,6421,3097,3324,1606,762,844,
16080,6428,3077,3351,11246,5456,5790,12853,6240,6613,11244,5430,5814,6424,3098,3326,1606,762,844,
16085,6429,3077,3352,11249,5457,5792,12854,6241,6613,11247,5432,5815,6425,3098,3327,1607,762,845,
16090,6432,3077,3355,11253,5460,5793,12861,6244,6617,11251,5434,5817,6428,3099,3329,1607,762,845,
16095,6433,3077,3356,11256,5461,5795,12862,6244,6618,11254,5437,5817,6429,3099,3330,1608,763,845,
16100,6436,3077,3359,11260,5461,5799,12869,6246,6623,11258,5439,5819,6432,3100,3332,1608,763,845,
16105,6437,3077,3360,11263,5464,5799,12870,6246,6624,11261,5440,5821,6433,3101,3332,1609,764,845,
16110,6440,3077,3363,11267,5467,5800,12877,6250,6627,11265,5440,5825,6436,3103,3333,1609,764,845,
16115,6441,3077,3364,11270,5468,5802,12878,6251,6627,11268,5441,5827,6437,3103,3334,1610,764,846,
16120,6444,3079,3365,11274,5472,5802,12885,6254,6631,11272,5444,5828,6440,3103,3337,1610,764,846,
16125,6445,3079,3366,11277,5475,5802,12886,6255,6631,11275,5445,5830,6441,3103,3338,1611,764,847,
16130,6448,3082,3366,11281,5478,5803,12893,6259,6634,11279,5445,5834,6444,3105,3339,1611,764,847,
16135,6449,3083,3366,11284,5480,5804,12894,6259,6635,11282,5448,5834,6445,3106,3339,1612,764,848,
16140,6452,3083,3369,11288,5481,5807,12901,6262,6639,11286,5452,5834,6448,3108,3340,1612,764,848,
16145,6453,3083,3370,11291,5482,5809,12902,6263,6639,11289,5452,5837,6449,3108,3341,1613,764,849,
16150,6456,3083,3373,11295,5485,5810,12909,6268,6641,11293,5453,5840,6452,3109,3343,1613,764,849,
16155,6457,3083,3374,11298,5487,5811,12910,6269,6641,11296,5453,5843,6453,3109,3344,1614,765,849,
16160,6460,3086,3374,11302,5489,5813,12917,6270,6647,11300,5454,5846,6456,3109,3347,1614,765,849,
16165,6461,3086,3375,11305,5490,5815,12918,6271,6647,11303,5454,5849,6457,3110,3347,1615,766,849,
16170,6464,3087,3377,11309,5492,5817,12925,6273,6652,11307,5457,5850,6460,3110,3350,1615,766,849,
16175,6465,3087,3378,11312,5494,5818,12926,6273,6653,11310,5458,5852,6461,3110,3351,1616,766,850,
16180,6468,3089,3379,11316,5495,5821,12933,6274,6659,11314,5460,5854,6464,3112,3352,1616,766,850,
16185,6469,3089,3380,11319,5495,5824,12934,6275,6659,11317,5462,5855,6465,3112,3353,1617,766,851,
16190,6472,3091,3381,11323,5498,5825,12941,6281,6660,11321,5463,5858,6468,3113,3355,1617,766,851,
16195,6473,3092,3381,11326,5500,5826,12942,6281,6661,11324,5464,5860,6469,3113,3356,1618,766,852,
16200,6476,3094,3382,11330,5502,5828,12949,6284,6665,11328,5464,5864,6472,3116,3356,1618,766,852,
16205,6477,3094,3383,11333,5504,5829,12950,6285,6665,11331,5464,5867,6473,3116,3357,1619,766,853,
16210,6480,3096,3384,11337,5506,5831,12957,6289,6668,11335,5464,5871,6476,3117,3359,1619,766,853,
16215,6481,3096,3385,11340,5508,5832,12958,6289,6669,11338,5465,5873,6477,3117,3360,1620,766,854,
16220,6484,3096,3388,11344,5510,5834,12965,6295,6670,11342,5466,5876,6480,3120,3360,1620,766,854,
16225,6485,3097,3388,11347,5513,5834,12966,6295,6671,11345,5467,5878,6481,3121,3360,1621,767,854,
16230,6488,3098,3390,11351,5516,5835,12973,6300,6673,11349,5469,5880,6484,3123,3361,1621,767,854,
16235,6489,3099,3390,11354,5518,5836,12974,6301,6673,11352,5471,5881,6485,3124,3361,1622,767,855,
16240,6492,3099,3393,11358,5518,5840,12981,6304,6677,11356,5475,5881,6488,3126,3362,1622,767,855,
16245,6493,3100,3393,11361,5519,5842,12982,6304,6678,11359,5475,5884,6489,3127,3362,1623,768,855,
16250,6496,3103,3393,11365,5519,5846,12989,6308,6681,11363,5477,5886,6492,3129,3363,1623,768,855,
16255,6497,3103,3394,11368,5520,5848,12990,6309,6681,11366,5480,5886,6493,3129,3364,1624,769,855,
16260,6500,3104,3396,11372,5521,5851,12997,6313,6684,11370,5482,5888,6496,3130,3366,1624,769,855,
16265,6501,3105,3396,11375,5524,5851,12998,6313,6685,11373,5484,5889,6497,3130,3367,1625,769,856,
16270,6504,3106,3398,11379,5525,5854,13005,6317,6688,11377,5487,5890,6500,3131,3369,1625,769,856,
16275,6505,3107,3398,11382,5528,5854,13006,6318,6688,11380,5488,5892,6501,3131,3370,1626,769,857,
16280,6508,3108,3400,11386,5530,5856,13013,6323,6690,11384,5490,5894,6504,3132,3372,1626,769,857,
16285,6509,3108,3401,11389,5531,5858,13014,6324,6690,11387,5491,5896,6505,3133,3372,1627,770,857,
16290,6512,3108,3404,11393,5532,5861,13021,6328,6693,11391,5494,5897,6508,3136,3372,1627,770,857,
16295,6513,3108,3405,11396,5534,5862,13022,6329,6693,11394,5496,5898,6509,3136,3373,1628,770,858,
16300,6516,3109,3407,11400,5537,5863,13029,6332,6697,11398,5498,5900,6512,3137,3375,1628,770,858,
16305,6517,3110,3407,11403,5539,5864,13030,6332,6698,11401,5498,5903,6513,3137,3376,1629,770,859,
16310,6520,3112,3408,11407,5541,5866,13037,6334,6703,11405,5500,5905,6516,3140,3376,1629,770,859,
16315,6521,3112,3409,11410,5541,5869,13038,6334,6704,11408,5501,5907,6517,3141,3376,1630,770,860,
16320,6524,3114,3410,11414,5543,5871,13045,6336,6709,11412,5503,5909,6520,3142,3378,1630,770,860,
16325,6525,3114,3411,11417,5543,5874,13046,6336,6710,11415,5505,5910,6521,3143,3378,1631,770,861,
16330,6528,3115,3413,11421,5545,5876,13053,6339,6714,11419,5506,5913,6524,3144,3380,1631,770,861,
16335,6529,3115,3414,11424,5547,5877,13054,6340,6714,11422,5507,5915,6525,3145,3380,1632,770,862,
16340,6532,3117,3415,11428,5551,5877,13061,6344,6717,11426,5508,5918,6528,3145,3383,1632,770,862,
16345,6533,3118,3415,11431,5553,5878,13062,6344,6718,11429,5511,5918,6529,3146,3383,1633,771,862,
16350,6536,3119,3417,11435,5554,5881,13069,6346,6723,11433,5513,5920,6532,3147,3385,1633,771,862,
16355,6537,3119,3418,11438,5555,5883,13070,6346,6724,11436,5516,5920,6533,3147,3386,1634,772,862,
16360,6540,3121,3419,11442,5557,5885,13077,6351,6726,11440,5517,5923,6536,3148,3388,1634,772,862,
16365,6541,3121,3420,11445,5558,5887,13078,6352,6726,11443,5519,5924,6537,3148,3389,1635,772,863,
16370,6544,3124,3420,11449,5560,5889,13085,6354,6731,11447,5521,5926,6540,3150,3390,1635,772,863,
16375,6545,3125,3420,11452,5561,5891,13086,6355,6731,11450,5522,5928,6541,3151,3390,1636,772,864,
16380,6548,3127,3421,11456,5564,5892,13093,6359,6734,11454,5525,5929,6544,3153,3391,1636,772,864,
16385,6549,3128,3421,11459,5566,5893,13094,6360,6734,11457,5526,5931,6545,3153,3392,1637,772,865,
16390,6552,3131,3421,11463,5567,5896,13101,6361,6740,11461,5528,5933,6548,3154,3394,1637,772,865,
16395,6553,3131,3422,11466,5568,5898,13102,6361,6741,11464,5529,5935,6549,3155,3394,1638,772,866,
16400,6556,3133,3423,11470,5570,5900,13109,6363,6746,11468,5530,5938,6552,3157,3395,1638,772,866,
16405,6557,3134,3423,11473,5572,5901,13110,6364,6746,11471,5530,5941,6553,3158,3395,1639,773,866,
16410,6560,3135,3425,11477,5575,5902,13117,6369,6748,11475,5534,5941,6556,3160,3396,1639,773,866,
16415,6561,3135,3426,11480,5577,5903,13118,6370,6748,11478,5536,5942,6557,3161,3396,1640,773,867,
16420,6564,3136,3428,11484,5579,5905,13125,6374,6751,11482,5539,5943,6560,3161,3399,1640,773,867,
16425,6565,3137,3428,11487,5581,5906,13126,6375,6751,11485,5540,5945,6561,3161,3400,1641,773,868,
16430,6568,3137,3431,11491,5584,5907,13133,6378,6755,11489,5543,5946,6564,3164,3400,1641,773,868,
16435,6569,3138,3431,11494,5585,5909,13134,6378,6756,11492,5544,5948,6565,3165,3400,1642,773,869,
16440,6572,3141,3431,11498,5586,5912,13141,6379,6762,11496,5545,5951,6568,3166,3402,1642,773,869,
16445,6573,3141,3432,11501,5587,5914,13142,6380,6762,11499,5545,5954,6569,3167,3402,1643,774,869,
16450,6576,3143,3433,11505,5589,5916,13149,6382,6767,11503,5546,5957,6572,3168,3404,1643,774,869,
16455,6577,3143,3434,11508,5590,5918,13150,6383,6767,11506,5547,5959,6573,3168,3405,1644,775,869,
16460,6580,3143,3437,11512,5593,5919,13157,6387,6770,11510,5549,5961,6576,3171,3405,1644,775,869,
16465,6581,3144,3437,11515,5594,5921,13158,6387,6771,11513,5551,5962,6577,3172,3405,1645,775,870,
16470,6584,3146,3438,11519,5595,5924,13165,6393,6772,11517,5551,5966,6580,3173,3407,1645,775,870,
16475,6585,3146,3439,11522,5596,5926,13166,6394,6772,11520,5552,5968,6581,3174,3407,1646,776,870,
16480,6588,3147,3441,11526,5596,5930,13173,6398,6775,11524,5554,5970,6584,3175,3409,1646,776,870,
16485,6589,3148,3441,11529,5597,5932,13174,6398,6776,11527,5557,5970,6585,3175,3410,1647,777,870,
16490,6592,3149,3443,11533,5599,5934,13181,6402,6779,11531,5560,5971,6588,3176,3412,1647,777,870,
16495,6593,3150,3443,11536,5602,5934,13182,6402,6780,11534,5561,5973,6589,3176,3413,1648,777,871,
16500,6596,3152,3444,11540,5603,5937,13189,6403,6786,11538,5565,5973,6592,3179,3413,1648,777,871,
16505,6597,3153,3444,11543,5604,5939,13190,6403,6787,11541,5567,5974,6593,3180,3413,1649,777,872,
16510,6600,3155,3445,11547,5606,5941,13197,6405,6792,11545,5567,5978,6596,3182,3414,1649,777,872,
16515,6601,3155,3446,11550,5607,5943,13198,6406,6792,11548,5568,5980,6597,3182,3415,1650,778,872,
16520,6604,3157,3447,11554,5611,5943,13205,6409,6796,11552,5569,5983,6600,3184,3416,1650,778,872,
16525,6605,3158,3447,11557,5614,5943,13206,6410,6796,11555,5571,5984,6601,3185,3416,1651,779,872,
16530,6608,3159,3449,11561,5617,5944,13213,6412,6801,11559,5572,5987,6604,3186,3418,1651,779,872,
16535,6609,3159,3450,11564,5619,5945,13214,6413,6801,11562,5572,5990,6605,3187,3418,1652,780,872,
16540,6612,3162,3450,11568,5619,5949,13221,6416,6805,11566,5573,5993,6608,3190,3418,1652,780,872,
16545,6613,3162,3451,11571,5619,5952,13222,6417,6805,11569,5574,5995,6609,3191,3418,1653,780,873,
16550,6616,3164,3452,11575,5621,5954,13229,6419,6810,11573,5574,5999,6612,3194,3418,1653,780,873,
16555,6617,3165,3452,11578,5622,5956,13230,6420,6810,11576,5577,5999,6613,3195,3418,1654,781,873,
16560,6620,3165,3455,11582,5625,5957,13237,6424,6813,11580,5578,6002,6616,3196,3420,1654,781,873,
16565,6621,3165,3456,11585,5627,5958,13238,6425,6813,11583,5579,6004,6617,3196,3421,1655,782,873,
16570,6624,3166,3458,11589,5631,5958,13245,6428,6817,11587,5581,6006,6620,3198,3422,1655,782,873,
16575,6625,3167,3458,11592,5633,5959,13246,6428,6818,11590,5582,6008,6621,3199,3422,1656,782,874,
16580,6628,3168,3460,11596,5634,5962,13253,6432,6821,11594,5584,6010,6624,3200,3424,1656,782,874,
16585,6629,3169,3460,11599,5636,5963,13254,6432,6822,11597,5586,6011,6625,3200,3425,1657,782,875,
16590,6632,3171,3461,11603,5637,5966,13261,6435,6826,11601,5589,6012,6628,3201,3427,1657,782,875,
16595,6633,3171,3462,11606,5638,5968,13262,6435,6827,11604,5589,6015,6629,3202,3427,1658,783,875,
16600,6636,3173,3463,11610,5641,5969,13269,6436,6833,11608,5591,6017,6632,3203,3429,1658,783,875,
16605,6637,3174,3463,11613,5642,5971,13270,6437,6833,11611,5593,6018,6633,3204,3429,1659,784,875,
16610,6640,3177,3463,11617,5645,5972,13277,6442,6835,11615,5595,6020,6636,3204,3432,1659,784,875,
16615,6641,3177,3464,11620,5646,5974,13278,6442,6836,11618,5597,6021,6637,3204,3433,1660,784,876,
16620,6644,3178,3466,11624,5648,5976,13285,6445,6840,11622,5597,6025,6640,3206,3434,1660,784,876,
16625,6645,3179,3466,11627,5649,5978,13286,6446,6840,11625,5598,6027,6641,3206,3435,1661,785,876,
16630,6648,3180,3468,11631,5650,5981,13293,6448,6845,11629,5601,6028,6644,3207,3437,1661,785,876,
16635,6649,3180,3469,11634,5651,5983,13294,6448,6846,11632,5602,6030,6645,3208,3437,1662,785,877,
16640,6652,3181,3471,11638,5653,5985,13301,6451,6850,11636,5603,6033,6648,3209,3439,1662,785,877,
16645,6653,3181,3472,11641,5656,5985,13302,6451,6851,11639,5605,6034,6649,3209,3440,1663,785,878,
16650,6656,3182,3474,11645,5660,5985,13309,6454,6855,11643,5607,6036,6652,3209,3443,1663,785,878,
16655,6657,3182,3475,11648,5661,5987,13310,6454,6856,11646,5610,6036,6653,3210,3443,1664,785,879,
16660,6660,3184,3476,11652,5664,5988,13317,6458,6859,11650,5611,6039,6656,3211,3445,1664,785,879,
16665,6661,3185,3476,11655,5666,5989,13318,6458,6860,11653,5612,6041,6657,3211,3446,1665,785,880,
16670,6664,3187,3477,11659,5669,5990,13325,6459,6866,11657,5613,6044,6660,3212,3448,1665,785,880,
16675,6665,3188,3477,11662,5670,5992,13326,6460,6866,11660,5614,6046,6661,3212,3449,1666,785,881,
16680,6668,3189,3479,11666,5671,5995,13333,6465,6868,11664,5616,6048,6664,3213,3451,1666,785,881,
16685,6669,3190,3479,11669,5673,5996,13334,6466,6868,11667,5616,6051,6665,3213,3452,1667,785,882,
16690,6672,3191,3481,11673,5676,5997,13341,6468,6873,11671,5619,6052,6668,3214,3454,1667,785,882,
16695,6673,3192,3481,11676,5677,5999,13342,6468,6874,11674,5620,6054,6669,3215,3454,1668,785,883,
16700,6676,3193,3483,11680,5679,6001,13349,6472,6877,11678,5621,6057,6672,3216,3456,1668,785,883,
16705,6677,3193,3484,11683,5680,6003,13350,6473,6877,11681,5624,6057,6673,3216,3457,1669,785,884,
16710,6680,3194,3486,11687,5684,6003,13357,6476,6881,11685,5625,6060,6676,3218,3458,1669,785,884,
16715,6681,3194,3487,11690,5686,6004,13358,6477,6881,11688,5627,6061,6677,3219,3458,1670,786,884,
16720,6684,3195,3489,11694,5689,6005,13365,6480,6885,11692,5629,6063,6680,3220,3460,1670,786,884,
16725,6685,3195,3490,11697,5691,6006,13366,6481,6885,11695,5632,6063,6681,3220,3461,1671,787,884,
16730,6688,3195,3493,11701,5691,6010,13373,6484,6889,11699,5634,6065,6684,3222,3462,1671,787,884,
16735,6689,3195,3494,11704,5693,6011,13374,6485,6889,11702,5637,6065,6685,3222,3463,1672,788,884,
16740,6692,3198,3494,11708,5697,6011,13381,6490,6891,11706,5640,6066,6688,3223,3465,1672,788,884,
16745,6693,3198,3495,11711,5698,6013,13382,6491,6891,11709,5643,6066,6689,3223,3466,1673,788,885,
16750,6696,3200,3496,11715,5699,6016,13389,6493,6896,11713,5643,6070,6692,3225,3467,1673,788,885,
16755,6697,3201,3496,11718,5700,6018,13390,6494,6896,11716,5644,6072,6693,3225,3468,1674,788,886,
16760,6700,3202,3498,11722,5704,6018,13397,6497,6900,11720,5644,6076,6696,3225,3471,1674,788,886,
16765,6701,3203,3498,11725,5705,6020,13398,6497,6901,11723,5647,6076,6697,3225,3472,1675,789,886,
16770,6704,3204,3500,11729,5706,6023,13405,6501,6904,11727,5647,6080,6700,3227,3473,1675,789,886,
16775,6705,3205,3500,11732,5708,6024,13406,6502,6904,11730,5648,6082,6701,3227,3474,1676,789,887,
16780,6708,3206,3502,11736,5711,6025,13413,6505,6908,11734,5651,6083,6704,3229,3475,1676,789,887,
16785,6709,3206,3503,11739,5713,6026,13414,6506,6908,11737,5654,6083,6705,3229,3476,1677,789,888,
16790,6712,3208,3504,11743,5714,6029,13421,6509,6912,11741,5655,6086,6708,3230,3478,1677,789,888,
16795,6713,3208,3505,11746,5715,6031,13422,6510,6912,11744,5656,6088,6709,3230,3479,1678,790,888,
16800,6716,3210,3506,11750,5717,6033,13429,6512,6917,11748,5659,6089,6712,3232,3480,1678,790,888,
16805,6717,3210,3507,11753,5719,6034,13430,6513,6917,11751,5661,6090,6713,3233,3480,1679,791,888,
16810,6720,3210,3510,11757,5721,6036,13437,6518,6919,11755,5662,6093,6716,3235,3481,1679,791,888,
16815,6721,3211,3510,11760,5724,6036,13438,6519,6919,11758,5663,6095,6717,3235,3482,1680,792,888,
16820,6724,3213,3511,11764,5726,6038,13445,6522,6923,11762,5665,6097,6720,3236,3484,1680,792,888,
16825,6725,3213,3512,11767,5728,6039,13446,6522,6924,11765,5665,6100,6721,3236,3485,1681,792,889,
16830,6728,3214,3514,11771,5729,6042,13453,6524,6929,11769,5666,6103,6724,3236,3488,1681,792,889,
16835,6729,3214,3515,11774,5731,6043,13454,6525,6929,11772,5666,6106,6725,3237,3488,1682,792,890,
16840,6732,3214,3518,11778,5733,6045,13461,6528,6933,11776,5669,6107,6728,3239,3489,1682,792,890,
16845,6733,3214,3519,11781,5735,6046,13462,6528,6934,11779,5669,6110,6729,3240,3489,1683,793,890,
16850,6736,3215,3521,11785,5736,6049,13469,6533,6936,11783,5671,6112,6732,3241,3491,1683,793,890,
16855,6737,3215,3522,11788,5739,6049,13470,6533,6937,11786,5672,6114,6733,3241,3492,1684,794,890,
16860,6740,3217,3523,11792,5742,6050,13477,6536,6941,11790,5673,6117,6736,3241,3495,1684,794,890,
16865,6741,3218,3523,11795,5745,6050,13478,6537,6941,11793,5676,6117,6737,3241,3496,1685,794,891,
16870,6744,3220,3524,11799,5745,6054,13485,6541,6944,11797,5679,6118,6740,3242,3498,1685,794,891,
16875,6745,3221,3524,11802,5747,6055,13486,6542,6944,11800,5680,6120,6741,3243,3498,1686,794,892,
16880,6748,3224,3524,11806,5749,6057,13493,6546,6947,11804,5684,6120,6744,3243,3501,1686,794,892,
16885,6749,3225,3524,11809,5751,6058,13494,6547,6947,11807,5685,6122,6745,3244,3501,1687,794,893,
16890,6752,3227,3525,11813,5753,6060,13501,6554,6947,11811,5688,6123,6748,3245,3503,1687,794,893,
16895,6753,3227,3526,11816,5754,6062,13502,6554,6948,11814,5689,6125,6749,3246,3503,1688,794,894,
16900,6756,3229,3527,11820,5756,6064,13509,6555,6954,11818,5689,6129,6752,3248,3504,1688,794,894,
16905,6757,3230,3527,11823,5758,6065,13510,6556,6954,11821,5690,6131,6753,3249,3504,1689,794,895,
16910,6760,3232,3528,11827,5760,6067,13517,6559,6958,11825,5692,6133,6756,3249,3507,1689,794,895,
16915,6761,3233,3528,11830,5761,6069,13518,6559,6959,11828,5693,6135,6757,3249,3508,1690,794,896,
16920,6764,3234,3530,11834,5761,6073,13525,6564,6961,11832,5696,6136,6760,3251,3509,1690,794,896,
16925,6765,3234,3531,11837,5763,6074,13526,6564,6962,11835,5699,6136,6761,3252,3509,1691,794,897,
16930,6768,3236,3532,11841,5764,6077,13533,6568,6965,11839,5699,6140,6764,3253,3511,1691,794,897,
16935,6769,3236,3533,11844,5765,6079,13534,6568,6966,11842,5699,6143,6765,3253,3512,1692,794,898,
16940,6772,3238,3534,11848,5765,6083,13541,6572,6969,11846,5702,6144,6768,3255,3513,1692,794,898,
16945,6773,3239,3534,11851,5766,6085,13542,6572,6970,11849,5703,6146,6769,3256,3513,1693,795,898,
16950,6776,3240,3536,11855,5768,6087,13549,6574,6975,11853,5706,6147,6772,3259,3513,1693,795,898,
16955,6777,3241,3536,11858,5769,6089,13550,6574,6976,11856,5706,6150,6773,3260,3513,1694,796,898,
16960,6780,3243,3537,11862,5772,6090,13557,6577,6980,11860,5706,6154,6776,3262,3514,1694,796,898,
16965,6781,3244,3537,11865,5773,6092,13558,6577,6981,11863,5706,6157,6777,3262,3515,1695,796,899,
16970,6784,3245,3539,11869,5775,6094,13565,6580,6985,11867,5707,6160,6780,3262,3518,1695,796,899,
16975,6785,3245,3540,11872,5776,6096,13566,6581,6985,11870,5709,6161,6781,3263,3518,1696,796,900,
16980,6788,3248,3540,11876,5778,6098,13573,6584,6989,11874,5710,6164,6784,3263,3521,1696,796,900,
16985,6789,3249,3540,11879,5780,6099,13574,6585,6989,11877,5710,6167,6785,3264,3521,1697,796,901,
16990,6792,3251,3541,11883,5783,6100,13581,6588,6993,11881,5710,6171,6788,3266,3522,1697,796,901,
16995,6793,3252,3541,11886,5786,6100,13582,6589,6993,11884,5711,6173,6789,3266,3523,1698,797,901,
17000,6796,3253,3543,11890,5788,6102,13589,6590,6999,11888,5712,6176,6792,3266,3526,1698,797,901,
17005,6797,3253,3544,11893,5789,6104,13590,6591,6999,11891,5713,6178,6793,3267,3526,1699,797,902,
17010,6800,3254,3546,11897,5791,6106,13597,6594,7003,11895,5715,6180,6796,3269,3527,1699,797,902,
17015,6801,3255,3546,11900,5792,6108,13598,6594,7004,11898,5715,6183,6797,3270,3527,1700,798,902,
17020,6804,3256,3548,11904,5793,6111,13605,6597,7008,11902,5715,6187,6800,3271,3529,1700,798,902,
17025,6805,3256,3549,11907,5795,6112,13606,6597,7009,11905,5715,6190,6801,3272,3529,1701,799,902,
17030,6808,3258,3550,11911,5797,6114,13613,6599,7014,11909,5716,6193,6804,3274,3530,1701,799,902,
17035,6809,3259,3550,11914,5799,6115,13614,6600,7014,11912,5717,6195,6805,3275,3530,1702,800,902,
17040,6812,3260,3552,11918,5802,6116,13621,6603,7018,11916,5719,6197,6808,3277,3531,1702,800,902,
17045,6813,3260,3553,11921,5803,6118,13622,6604,7018,11919,5720,6199,6809,3277,3532,1703,800,903,
17050,6816,3262,3554,11925,5806,6119,13629,6608,7021,11923,5721,6202,6812,3280,3532,1703,800,903,
17055,6817,3262,3555,11928,5807,6121,13630,6609,7021,11926,5724,6202,6813,3280,3533,1704,800,904,
17060,6820,3264,3556,11932,5808,6124,13637,6613,7024,11930,5725,6205,6816,3282,3534,1704,800,904,
17065,6821,3265,3556,11935,5809,6126,13638,6614,7024,11933,5726,6207,6817,3283,3534,1705,801,904,
17070,6824,3265,3559,11939,5811,6128,13645,6618,7027,11937,5728,6209,6820,3284,3536,1705,801,904,
17075,6825,3266,3559,11942,5811,6131,13646,6619,7027,11940,5730,6210,6821,3285,3536,1706,801,905,
17080,6828,3268,3560,11946,5814,6132,13653,6623,7030,11944,5732,6212,6824,3286,3538,1706,801,905,
17085,6829,3269,3560,11949,5816,6133,13654,6624,7030,11947,5734,6213,6825,3286,3539,1707,801,906,
17090,6832,3270,3562,11953,5818,6135,13661,6626,7035,11951,5736,6215,6828,3287,3541,1707,801,906,
17095,6833,3271,3562,11956,5819,6137,13662,6627,7035,11954,5737,6217,6829,3288,3541,1708,801,907,
17100,6836,3272,3564,11960,5822,6138,13669,6629,7040,11958,5738,6220,6832,3290,3542,1708,801,907,
17105,6837,3272,3565,11963,5823,6140,13670,6629,7041,11961,5738,6223,6833,3291,3542,1709,801,908,
17110,6840,3273,3567,11967,5825,6142,13677,6632,7045,11965,5741,6224,6836,3294,3542,1709,801,908,
17115,6841,3274,3567,11970,5826,6144,13678,6633,7045,11968,5743,6225,6837,3295,3542,1710,802,908,
17120,6844,3275,3569,11974,5827,6147,13685,6637,7048,11972,5745,6227,6840,3296,3544,1710,802,908,
17125,6845,3276,3569,11977,5828,6149,13686,6638,7048,11975,5748,6227,6841,3297,3544,1711,802,909,
17130,6848,3278,3570,11981,5831,6150,13693,6644,7049,11979,5750,6229,6844,3297,3547,1711,802,909,
17135,6849,3279,3570,11984,5833,6151,13694,6645,7049,11982,5750,6232,6845,3297,3548,1712,803,909,
17140,6852,3281,3571,11988,5835,6153,13701,6647,7054,11986,5752,6234,6848,3298,3550,1712,803,909,
17145,6853,3282,3571,11991,5836,6155,13702,6648,7054,11989,5754,6235,6849,3299,3550,1713,803,910,
17150,6856,3283,3573,11995,5839,6156,13709,6652,7057,11993,5755,6238,6852,3300,3552,1713,803,910,
17155,6857,3284,3573,11998,5840,6158,13710,6652,7058,11996,5756,6240,6853,3300,3553,1714,804,910,
17160,6860,3285,3575,12002,5842,6160,13717,6653,7064,12000,5757,6243,6856,3302,3554,1714,804,910,
17165,6861,3285,3576,12005,5844,6161,13718,6654,7064,12003,5758,6245,6857,3302,3555,1715,805,910,
17170,6864,3286,3578,12009,5846,6163,13725,6657,7068,12007,5760,6247,6860,3303,3557,1715,805,910,
17175,6865,3287,3578,12012,5846,6166,13726,6657,7069,12010,5760,6250,6861,3303,3558,1716,805,911,
17180,6868,3290,3578,12016,5848,6168,13733,6662,7071,12014,5760,6254,6864,3305,3559,1716,805,911,
17185,6869,3291,3578,12019,5851,6168,13734,6662,7072,12017,5762,6255,6865,3306,3559,1717,806,911,
17190,6872,3293,3579,12023,5854,6169,13741,6664,7077,12021,5765,6256,6868,3307,3561,1717,806,911,
17195,6873,3293,3580,12026,5856,6170,13742,6664,7078,12024,5767,6257,6869,3307,3562,1718,807,911,
17200,6876,3296,3580,12030,5857,6173,13749,6667,7082,12028,5770,6258,6872,3308,3564,1718,807,911,
17205,6877,3296,3581,12033,5859,6174,13750,6668,7082,12031,5771,6260,6873,3308,3565,1719,807,912,
17210,6880,3298,3582,12037,5860,6177,13757,6670,7087,12035,5772,6263,6876,3310,3566,1719,807,912,
17215,6881,3299,3582,12040,5862,6178,13758,6671,7087,12038,5775,6263,6877,3310,3567,1720,808,912,
17220,6884,3300,3584,12044,5866,6178,13765,6676,7089,12042,5776,6266,6880,3311,3569,1720,808,912,
17225,6885,3301,3584,12047,5868,6179,13766,6677,7089,12045,5777,6268,6881,3312,3569,1721,808,913,
17230,6888,3304,3584,12051,5870,6181,13773,6680,7093,12049,5779,6270,6884,3312,3572,1721,808,913,
17235,6889,3304,3585,12054,5871,6183,13774,6680,7094,12052,5781,6271,6885,3313,3572,1722,809,913,
17240,6892,3304,3588,12058,5872,6186,13781,6683,7098,12056,5782,6274,6888,3313,3575,1722,809,913,
17245,6893,3305,3588,12061,5873,6188,13782,6683,7099,12059,5783,6276,6889,3314,3575,1723,809,914,
17250,6896,3306,3590,12065,5873,6192,13789,6685,7104,12063,5785,6278,6892,3315,3577,1723,809,914,
17255,6897,3306,3591,12068,5874,6194,13790,6685,7105,12066,5786,6280,6893,3316,3577,1724,810,914,
17260,6900,3308,3592,12072,5875,6197,13797,6690,7107,12070,5788,6282,6896,3318,3578,1724,810,914,
17265,6901,3308,3593,12075,5876,6199,13798,6691,7107,12073,5790,6283,6897,3319,3578,1725,811,914,
17270,6904,3309,3595,12079,5879,6200,13805,6696,7109,12077,5792,6285,6900,3320,3580,1725,811,914,
17275,6905,3310,3595,12082,5881,6201,13806,6697,7109,12080,5794,6286,6901,3321,3580,1726,812,914,
17280,6908,3311,3597,12086,5884,6202,13813,6700,7113,12084,5794,6290,6904,3323,3581,1726,812,914,
17285,6909,3312,3597,12089,5885,6204,13814,6701,7113,12087,5795,6292,6905,3323,3582,1727,812,915,
17290,6912,3313,3599,12093,5887,6206,13821,6705,7116,12091,5798,6293,6908,3324,3584,1727,812,915,
17295,6913,3313,3600,12096,5889,6207,13822,6706,7116,12094,5800,6294,6909,3325,3584,1728,813,915,
17300,6916,3314,3602,12100,5892,6208,13829,6709,7120,12098,5801,6297,6912,3327,3585,1728,813,915,
17305,6917,3314,3603,12103,5893,6210,13830,6709,7121,12101,5802,6299,6913,3327,3586,1729,814,915,
17310,6920,3315,3605,12107,5894,6213,13837,6714,7123,12105,5803,6302,6916,3328,3588,1729,814,915,
17315,6921,3316,3605,12110,5894,6216,13838,6714,7124,12108,5803,6305,6917,3328,3589,1730,814,916,
17320,6924,3317,3607,12114,5896,6218,13845,6718,7127,12112,5806,6306,6920,3330,3590,1730,814,916,
17325,6925,3318,3607,12117,5899,6218,13846,6718,7128,12115,5809,6306,6921,3331,3590,1731,815,916,
17330,6928,3318,3610,12121,5901,6220,13853,6722,7131,12119,5810,6309,6924,3332,3592,1731,815,916,
17335,6929,3319,3610,12124,5902,6222,13854,6723,7131,12122,5811,6311,6925,3332,3593,1732,816,916,
17340,6932,3321,3611,12128,5905,6223,13861,6726,7135,12126,5813,6313,6928,3334,3594,1732,816,916,
17345,6933,3322,3611,12131,5908,6223,13862,6726,7136,12129,5814,6315,6929,3335,3594,1733,817,916,
17350,6936,3323,3613,12135,5910,6225,13869,6730,7139,12133,5817,6316,6932,3338,3594,1733,817,916,
17355,6937,3323,3614,12138,5913,6225,13870,6730,7140,12136,5819,6317,6933,3338,3595,1734,818,916,
17360,6940,3325,3615,12142,5915,6227,13877,6735,7142,12140,5821,6319,6936,3339,3597,1734,818,916,
17365,6941,3326,3615,12145,5917,6228,13878,6736,7142,12143,5823,6320,6937,3340,3597,1735,818,917,
17370,6944,3327,3617,12149,5918,6231,13885,6737,7148,12147,5826,6321,6940,3342,3598,1735,818,917,
17375,6945,3328,3617,12152,5921,6231,13886,6737,7149,12150,5828,6322,6941,3342,3599,1736,819,917,
17380,6948,3329,3619,12156,5923,6233,13893,6739,7154,12154,5832,6322,6944,3342,3602,1736,819,917,
17385,6949,3329,3620,12159,5923,6236,13894,6740,7154,12157,5832,6325,6945,3343,3602,1737,819,918,
17390,6952,3331,3621,12163,5924,6239,13901,6742,7159,12161,5836,6325,6948,3346,3602,1737,819,918,
17395,6953,3331,3622,12166,5926,6240,13902,6742,7160,12164,5837,6327,6949,3347,3602,1738,820,918,
17400,6956,3333,3623,12170,5928,6242,13909,6746,7163,12168,5839,6329,6952,3348,3604,1738,820,918,
17405,6957,3333,3624,12173,5929,6244,13910,6746,7164,12171,5840,6331,6953,3349,3604,1739,820,919,
17410,6960,3335,3625,12177,5930,6247,13917,6749,7168,12175,5841,6334,6956,3350,3606,1739,820,919,
17415,6961,3335,3626,12180,5930,6250,13918,6750,7168,12178,5842,6336,6957,3351,3606,1740,820,920,
17420,6964,3336,3628,12184,5932,6252,13925,6752,7173,12182,5845,6337,6960,3352,3608,1740,820,920,
17425,6965,3337,3628,12187,5933,6254,13926,6752,7174,12185,5846,6339,6961,3353,3608,1741,820,921,
17430,6968,3338,3630,12191,5933,6258,13933,6754,7179,12189,5848,6341,6964,3354,3610,1741,820,921,
17435,6969,3338,3631,12194,5934,6260,13934,6754,7180,12192,5851,6341,6965,3355,3610,1742,820,922,
17440,6972,3341,3631,12198,5936,6262,13941,6757,7184,12196,5852,6344,6968,3356,3612,1742,820,922,
17445,6973,3341,3632,12201,5938,6263,13942,6757,7185,12199,5854,6345,6969,3356,3613,1743,820,923,
17450,6976,3341,3635,12205,5939,6266,13949,6761,7188,12203,5856,6347,6972,3357,3615,1743,820,923,
17455,6977,3342,3635,12208,5939,6269,13950,6762,7188,12206,5859,6347,6973,3357,3616,1744,820,924,
17460,6980,3344,3636,12212,5942,6270,13957,6765,7192,12210,5861,6349,6976,3359,3617,1744,820,924,
17465,6981,3344,3637,12215,5945,6270,13958,6766,7192,12213,5862,6351,6977,3360,3617,1745,821,924,
17470,6984,3346,3638,12219,5947,6272,13965,6768,7197,12217,5863,6354,6980,3362,3618,1745,821,924,
17475,6985,3346,3639,12222,5949,6273,13966,6769,7197,12220,5865,6355,6981,3363,3618,1746,821,925,
17480,6988,3348,3640,12226,5950,6276,13973,6772,7201,12224,5866,6358,6984,3364,3620,1746,821,925,
17485,6989,3348,3641,12229,5952,6277,13974,6773,7201,12227,5868,6359,6985,3364,3621,1747,821,926,
17490,6992,3351,3641,12233,5956,6277,13981,6775,7206,12231,5870,6361,6988,3366,3622,1747,821,926,
17495,6993,3351,3642,12236,5956,6280,13982,6775,7207,12234,5872,6362,6989,3366,3623,1748,821,927,
17500,6996,3353,3643,12240,5958,6282,13989,6779,7210,12238,5874,6364,6992,3367,3625,1748,821,927,
17505,6997,3354,3643,12243,5958,6285,13990,6780,7210,12241,5876,6365,6993,3368,3625,1749,822,927,
17510,7000,3355,3645,12247,5960,6287,13997,6785,7212,12245,5877,6368,6996,3368,3628,1749,822,927,
17515,7001,3355,3646,12250,5961,6289,13998,6785,7213,12248,5877,6371,6997,3368,3629,1750,823,927,
17520,7004,3357,3647,12254,5963,6291,14005,6787,7218,12252,5879,6373,7000,3371,3629,1750,823,927,
17525,7005,3357,3648,12257,5966,6291,14006,6787,7219,12255,5879,6376,7001,3372,3629,1751,823,928,
17530,7008,3358,3650,12261,5968,6293,14013,6790,7223,12259,5880,6379,7004,3374,3630,1751,823,928,
17535,7009,3359,3650,12264,5968,6296,14014,6790,7224,12262,5883,6379,7005,3375,3630,1752,823,929,
17540,7012,3360,3652,12268,5972,6296,14021,6792,7229,12266,5884,6382,7008,3375,3633,1752,823,929,
17545,7013,3360,3653,12271,5973,6298,14022,6793,7229,12269,5885,6384,7009,3376,3633,1753,823,930,
17550,7016,3363,3653,12275,5974,6301,14029,6798,7231,12273,5888,6385,7012,3377,3635,1753,823,930,
17555,7017,3363,3654,12278,5974,6304,14030,6798,7232,12276,5889,6387,7013,3377,3636,1754,823,931,
17560,7020,3364,3656,12282,5976,6306,14037,6801,7236,12280,5890,6390,7016,3380,3636,1754,823,931,
17565,7021,3364,3657,12285,5977,6308,14038,6801,7237,12283,5891,6392,7017,3380,3637,1755,824,931,
17570,7024,3366,3658,12289,5978,6311,14045,6804,7241,12287,5892,6395,7020,3382,3638,1755,824,931,
17575,7025,3367,3658,12292,5978,6314,14046,6804,7242,12290,5892,6398,7021,3382,3639,1756,824,932,
17580,7028,3368,3660,12296,5979,6317,14053,6809,7244,12294,5896,6398,7024,3384,3640,1756,824,932,
17585,7029,3369,3660,12299,5980,6319,14054,6809,7245,12297,5898,6399,7025,3384,3641,1757,824,933,
17590,7032,3372,3660,12303,5982,6321,14061,6814,7247,12301,5901,6400,7028,3386,3642,1757,824,933,
17595,7033,3372,3661,12306,5983,6323,14062,6814,7248,12304,5902,6402,7029,3386,3643,1758,824,934,
17600,7036,3372,3664,12310,5985,6325,14069,6818,7251,12308,5904,6404,7032,3387,3645,1758,824,934,
17605,7037,3372,3665,12313,5987,6326,14070,6818,7252,12311,5907,6404,7033,3388,3645,1759,825,934,
17610,7040,3374,3666,12317,5988,6329,14077,6819,7258,12315,5908,6407,7036,3390,3646,1759,825,934,
17615,7041,3374,3667,12320,5989,6331,14078,6819,7259,12318,5909,6409,7037,3390,3647,1760,826,934,
17620,7044,3376,3668,12324,5990,6334,14085,6823,7262,12322,5910,6412,7040,3391,3649,1760,826,934,
17625,7045,3377,3668,12327,5991,6336,14086,6823,7263,12325,5910,6415,7041,3392,3649,1761,827,934,
17630,7048,3379,3669,12331,5993,6338,14093,6827,7266,12329,5911,6418,7044,3394,3650,1761,827,934,
17635,7049,3379,3670,12334,5995,6339,14094,6827,7267,12332,5911,6421,7045,3394,3651,1762,828,934,
17640,7052,3380,3672,12338,5996,6342,14101,6832,7269,12336,5911,6425,7048,3395,3653,1762,828,934,
17645,7053,3381,3672,12341,5998,6343,14102,6832,7270,12339,5912,6427,7049,3395,3654,1763,829,934,
17650,7056,3382,3674,12345,6001,6344,14109,6837,7272,12343,5913,6430,7052,3396,3656,1763,829,934,
17655,7057,3382,3675,12348,6002,6346,14110,6838,7272,12346,5916,6430,7053,3397,3656,1764,829,935,
17660,7060,3384,3676,12352,6004,6348,14117,6842,7275,12350,5918,6432,7056,3398,3658,1764,829,935,
17665,7061,3385,3676,12355,6005,6350,14118,6842,7276,12353,5919,6434,7057,3399,3658,1765,830,935,
17670,7064,3387,3677,12359,6007,6352,14125,6845,7280,12357,5919,6438,7060,3400,3660,1765,830,935,
17675,7065,3388,3677,12362,6009,6353,14126,6845,7281,12360,5920,6440,7061,3400,3661,1766,830,936,
17680,7068,3389,3679,12366,6012,6354,14133,6847,7286,12364,5923,6441,7064,3402,3662,1766,830,936,
17685,7069,3389,3680,12369,6013,6356,14134,6847,7287,12367,5924,6443,7065,3403,3662,1767,830,937,
17690,7072,3390,3682,12373,6015,6358,14141,6850,7291,12371,5926,6445,7068,3404,3664,1767,830,937,
17695,7073,3390,3683,12376,6015,6361,14142,6850,7292,12374,5926,6448,7069,3405,3664,1768,830,938,
17700,7076,3391,3685,12380,6017,6363,14149,6853,7296,12378,5929,6449,7072,3407,3665,1768,830,938,
17705,7077,3391,3686,12383,6018,6365,14150,6853,7297,12381,5932,6449,7073,3407,3666,1769,830,939,
17710,7080,3393,3687,12387,6019,6368,14157,6856,7301,12385,5934,6451,7076,3410,3666,1769,830,939,
17715,7081,3393,3688,12390,6020,6370,14158,6857,7301,12388,5936,6452,7077,3410,3667,1770,831,939,
17720,7084,3394,3690,12394,6023,6371,14165,6861,7304,12392,5938,6454,7080,3413,3667,1770,831,939,
17725,7085,3395,3690,12397,6024,6373,14166,6862,7304,12395,5939,6456,7081,3414,3667,1771,832,939,
17730,7088,3396,3692,12401,6027,6374,14173,6865,7308,12399,5941,6458,7084,3417,3667,1771,832,939,
17735,7089,3396,3693,12404,6027,6377,14174,6865,7309,12402,5942,6460,7085,3417,3668,1772,832,940,
17740,7092,3398,3694,12408,6029,6379,14181,6865,7316,12406,5943,6463,7088,3419,3669,1772,832,940,
17745,7093,3399,3694,12411,6030,6381,14182,6866,7316,12409,5945,6464,7089,3420,3669,1773,833,940,
17750,7096,3401,3695,12415,6034,6381,14189,6871,7318,12413,5948,6465,7092,3422,3670,1773,833,940,
17755,7097,3401,3696,12418,6035,6383,14190,6871,7319,12416,5948,6468,7093,3423,3670,1774,834,940,
17760,7100,3401,3699,12422,6038,6384,14197,6874,7323,12420,5952,6468,7096,3426,3670,1774,834,940,
17765,7101,3401,3700,12425,6039,6386,14198,6875,7323,12423,5954,6469,7097,3427,3670,1775,835,940,
17770,7104,3401,3703,12429,6041,6388,14205,6878,7327,12427,5957,6470,7100,3430,3670,1775,835,940,
17775,7105,3402,3703,12432,6042,6390,14206,6879,7327,12430,5959,6471,7101,3430,3671,1776,835,941,
17780,7108,3403,3705,12436,6045,6391,14213,6884,7329,12434,5960,6474,7104,3432,3672,1776,835,941,
17785,7109,3403,3706,12439,6047,6392,14214,6885,7329,12437,5961,6476,7105,3433,3672,1777,835,942,
17790,7112,3406,3706,12443,6050,6393,14221,6888,7333,12441,5963,6478,7108,3433,3675,1777,835,942,
17795,7113,3406,3707,12446,6053,6393,14222,6889,7333,12444,5964,6480,7109,3433,3676,1778,835,943,
17800,7116,3408,3708,12450,6054,6396,14229,6891,7338,12448,5966,6482,7112,3434,3678,1778,835,943,
17805,7117,3408,3709,12453,6055,6398,14230,6891,7339,12451,5968,6483,7113,3435,3678,1779,836,943,
17810,7120,3409,3711,12457,6056,6401,14237,6894,7343,12455,5970,6485,7116,3437,3679,1779,836,943,
17815,7121,3410,3711,12460,6057,6403,14238,6894,7344,12458,5970,6488,7117,3437,3680,1780,837,943,
17820,7124,3412,3712,12464,6058,6406,14245,6897,7348,12462,5973,6489,7120,3438,3682,1780,837,943,
17825,7125,3412,3713,12467,6061,6406,14246,6897,7349,12465,5974,6491,7121,3438,3683,1781,837,944,
17830,7128,3412,3716,12471,6063,6408,14253,6900,7353,12469,5976,6493,7124,3440,3684,1781,837,944,
17835,7129,3412,3717,12474,6063,6411,14254,6901,7353,12472,5977,6495,7125,3441,3684,1782,837,945,
17840,7132,3413,3719,12478,6064,6414,14261,6903,7358,12476,5978,6498,7128,3443,3685,1782,837,945,
17845,7133,3413,3720,12481,6065,6416,14262,6903,7359,12479,5978,6501,7129,3443,3686,1783,838,945,
17850,7136,3416,3720,12485,6066,6419,14269,6909,7360,12483,5982,6501,7132,3445,3687,1783,838,945,
17855,7137,3417,3720,12488,6069,6419,14270,6909,7361,12486,5984,6502,7133,3446,3687,1784,839,945,
17860,7140,3418,3722,12492,6071,6421,14277,6912,7365,12490,5985,6505,7136,3447,3689,1784,839,945,
17865,7141,3419,3722,12495,6072,6423,14278,6912,7366,12493,5987,6506,7137,3447,3690,1785,839,946,
17870,7144,3420,3724,12499,6074,6425,14285,6915,7370,12497,5989,6508,7140,3449,3691,1785,839,946,
17875,7145,3421,3724,12502,6076,6426,14286,6915,7371,12500,5989,6511,7141,3449,3692,1786,839,947,
17880,7148,3423,3725,12506,6078,6428,14293,6917,7376,12504,5991,6513,7144,3450,3694,1786,839,947,
17885,7149,3423,3726,12509,6078,6431,14294,6917,7377,12507,5993,6514,7145,3451,3694,1787,839,948,
17890,7152,3424,3728,12513,6079,6434,14301,6922,7379,12511,5995,6516,7148,3451,3697,1787,839,948,
17895,7153,3425,3728,12516,6081,6435,14302,6922,7380,12514,5996,6518,7149,3452,3697,1788,840,948,
17900,7156,3428,3728,12520,6084,6436,14309,6927,7382,12518,5998,6520,7152,3453,3699,1788,840,948,
17905,7157,3428,3729,12523,6086,6437,14310,6927,7383,12521,5999,6522,7153,3454,3699,1789,841,948,
17910,7160,3428,3732,12527,6088,6439,14317,6930,7387,12525,6002,6523,7156,3455,3701,1789,841,948,
17915,7161,3429,3732,12530,6091,6439,14318,6931,7387,12528,6002,6526,7157,3455,3702,1790,841,949,
17920,7164,3431,3733,12534,6094,6440,14325,6935,7390,12532,6004,6528,7160,3457,3703,1790,841,949,
17925,7165,3432,3733,12537,6095,6442,14326,6935,7391,12535,6005,6530,7161,3457,3704,1791,841,950,
17930,7168,3433,3735,12541,6098,6443,14333,6937,7396,12539,6007,6532,7164,3457,3707,1791,841,950,
17935,7169,3434,3735,12544,6101,6443,14334,6937,7397,12542,6009,6533,7165,3457,3708,1792,841,951,
17940,7172,3435,3737,12548,6103,6445,14341,6939,7402,12546,6012,6534,7168,3458,3710,1792,841,951,
17945,7173,3436,3737,12551,6103,6448,14342,6940,7402,12549,6014,6535,7169,3458,3711,1793,841,952,
17950,7176,3438,3738,12555,6104,6451,14349,6943,7406,12553,6015,6538,7172,3460,3712,1793,841,952,
17955,7177,3439,3738,12558,6105,6453,14350,6943,7407,12556,6018,6538,7173,3461,3712,1794,842,952,
17960,7180,3440,3740,12562,6108,6454,14357,6946,7411,12560,6020,6540,7176,3462,3714,1794,842,952,
17965,7181,3440,3741,12565,6109,6456,14358,6946,7412,12563,6021,6542,7177,3462,3715,1795,842,953,
17970,7184,3441,3743,12569,6110,6459,14365,6949,7416,12567,6025,6542,7180,3464,3716,1795,842,953,
17975,7185,3441,3744,12572,6112,6460,14366,6949,7417,12570,6026,6544,7181,3465,3716,1796,842,954,
17980,7188,3442,3746,12576,6112,6464,14373,6952,7421,12574,6028,6546,7184,3466,3718,1796,842,954,
17985,7189,3443,3746,12579,6113,6466,14374,6953,7421,12577,6028,6549,7185,3466,3719,1797,842,955,
17990,7192,3443,3749,12583,6115,6468,14381,6957,7424,12581,6031,6550,7188,3466,3722,1797,842,955,
17995,7193,3443,3750,12586,6116,6470,14382,6958,7424,12584,6031,6553,7189,3466,3723,1798,842,956,
18000,7196,3444,3752,12590,6118,6472,14389,6962,7427,12588,6032,6556,7192,3468,3724,1798,842,956,
18005,7197,3445,3752,12593,6120,6473,14390,6963,7427,12591,6034,6557,7193,3469,3724,1799,842,957,
18010,7200,3445,3755,12597,6123,6474,14397,6968,7429,12595,6035,6560,7196,3470,3726,1799,842,957,
18015,7201,3445,3756,12600,6125,6475,14398,6968,7430,12598,6037,6561,7197,3471,3726,1800,842,958,
18020,7204,3447,3757,12604,6127,6477,14405,6970,7435,12602,6039,6563,7200,3474,3726,1800,842,958,
18025,7205,3447,3758,12607,6127,6480,14406,6971,7435,12605,6042,6563,7201,3475,3726,1801,842,959,
18030,7208,3448,3760,12611,6130,6481,14413,6973,7440,12609,6044,6565,7204,3476,3728,1801,842,959,
18035,7209,3448,3761,12614,6132,6482,14414,6973,7441,12612,6045,6567,7205,3476,3729,1802,842,960,
18040,7212,3451,3761,12618,6134,6484,14421,6974,7447,12616,6048,6568,7208,3478,3730,1802,842,960,
18045,7213,3451,3762,12621,6136,6485,14422,6974,7448,12619,6050,6569,7209,3479,3730,1803,843,960,
18050,7216,3453,3763,12625,6138,6487,14429,6979,7450,12623,6052,6571,7212,3482,3730,1803,843,960,
18055,7217,3453,3764,12628,6139,6489,14430,6979,7451,12626,6053,6573,7213,3483,3730,1804,843,961,
18060,7220,3454,3766,12632,6141,6491,14437,6981,7456,12630,6053,6577,7216,3483,3733,1804,843,961,
18065,7221,3454,3767,12635,6143,6492,14438,6981,7457,12633,6055,6578,7217,3483,3734,1805,844,961,
18070,7224,3456,3768,12639,6146,6493,14445,6983,7462,12637,6058,6579,7220,3483,3737,1805,844,961,
18075,7225,3457,3768,12642,6147,6495,14446,6983,7463,12640,6058,6582,7221,3483,3738,1806,844,962,
18080,7228,3460,3768,12646,6149,6497,14453,6986,7467,12644,6060,6584,7224,3483,3741,1806,844,962,
18085,7229,3461,3768,12649,6151,6498,14454,6987,7467,12647,6060,6587,7225,3483,3742,1807,844,963,
18090,7232,3462,3770,12653,6152,6501,14461,6989,7472,12651,6061,6590,7228,3485,3743,1807,844,963,
18095,7233,3462,3771,12656,6154,6502,14462,6989,7473,12654,6062,6592,7229,3485,3744,1808,844,964,
18100,7236,3463,3773,12660,6154,6506,14469,6993,7476,12658,6064,6594,7232,3485,3747,1808,844,964,
18105,7237,3463,3774,12663,6154,6509,14470,6993,7477,12661,6067,6594,7233,3486,3747,1809,845,964,
18110,7240,3464,3776,12667,6155,6512,14477,6998,7479,12665,6068,6597,7236,3487,3749,1809,845,964,
18115,7241,3465,3776,12670,6156,6514,14478,6999,7479,12668,6069,6599,7237,3488,3749,1810,846,964,
18120,7244,3467,3777,12674,6159,6515,14485,7002,7483,12672,6071,6601,7240,3489,3751,1810,846,964,
18125,7245,3468,3777,12677,6159,6518,14486,7002,7484,12675,6073,6602,7241,3489,3752,1811,846,965,
18130,7248,3469,3779,12681,6161,6520,14493,7002,7491,12679,6075,6604,7244,3489,3755,1811,846,965,
18135,7249,3470,3779,12684,6162,6522,14494,7002,7492,12682,6077,6605,7245,3490,3755,1812,846,966,
18140,7252,3472,3780,12688,6164,6524,14501,7007,7494,12686,6078,6608,7248,3491,3757,1812,846,966,
18145,7253,3473,3780,12691,6166,6525,14502,7007,7495,12689,6080,6609,7249,3492,3757,1813,847,966,
18150,7256,3474,3782,12695,6168,6527,14509,7010,7499,12693,6083,6610,7252,3494,3758,1813,847,966,
18155,7257,3474,3783,12698,6168,6530,14510,7011,7499,12696,6086,6610,7253,3494,3759,1814,847,967,
18160,7260,3476,3784,12702,6171,6531,14517,7014,7503,12700,6088,6612,7256,3495,3761,1814,847,967,
18165,7261,3477,3784,12705,6172,6533,14518,7015,7503,12703,6091,6612,7257,3496,3761,1815,847,968,
18170,7264,3480,3784,12709,6173,6536,14525,7017,7508,12707,6093,6614,7260,3499,3761,1815,847,968,
18175,7265,3481,3784,12712,6174,6538,14526,7018,7508,12710,6093,6617,7261,3500,3761,1816,847,969,
18180,7268,3482,3786,12716,6177,6539,14533,7020,7513,12714,6093,6621,7264,3500,3764,1816,847,969,
18185,7269,3483,3786,12719,6178,6541,14534,7021,7513,12717,6094,6623,7265,3500,3765,1817,848,969,
18190,7272,3485,3787,12723,6181,6542,14541,7024,7517,12721,6096,6625,7268,3501,3767,1817,848,969,
18195,7273,3485,3788,12726,6184,6542,14542,7024,7518,12724,6096,6628,7269,3502,3767,1818,849,969,
18200,7276,3488,3788,12730,6187,6543,14549,7025,7524,12728,6097,6631,7272,3503,3769,1818,849,969,
18205,7277,3488,3789,12733,6189,6544,14550,7026,7524,12731,6098,6633,7273,3503,3770,1819,849,970,
18210,7280,3490,3790,12737,6190,6547,14557,7032,7525,12735,6100,6635,7276,3504,3772,1819,849,970,
18215,7281,3491,3790,12740,6190,6550,14558,7033,7525,12738,6101,6637,7277,3505,3772,1820,849,971,
18220,7284,3494,3790,12744,6193,6551,14565,7036,7529,12742,6104,6638,7280,3506,3774,1820,849,971,
18225,7285,3494,3791,12747,6196,6551,14566,7036,7530,12745,6107,6638,7281,3507,3774,1821,849,972,
18230,7288,3496,3792,12751,6199,6552,14573,7039,7534,12749,6111,6638,7284,3509,3775,1821,849,972,
18235,7289,3496,3793,12754,6200,6554,14574,7039,7535,12752,6112,6640,7285,3510,3775,1822,850,972,
18240,7292,3497,3795,12758,6200,6558,14581,7043,7538,12756,6114,6642,7288,3510,3778,1822,850,972,
18245,7293,3497,3796,12761,6202,6559,14582,7044,7538,12759,6117,6642,7289,3510,3779,1823,850,973,
18250,7296,3500,3796,12765,6203,6562,14589,7050,7539,12763,6120,6643,7292,3511,3781,1823,850,973,
18255,7297,3500,3797,12768,6206,6562,14590,7050,7540,12766,6121,6645,7293,3512,3781,1824,850,974,
18260,7300,3502,3798,12772,6209,6563,14597,7052,7545,12770,6122,6648,7296,3513,3783,1824,850,974,
18265,7301,3502,3799,12775,6209,6566,14598,7053,7545,12773,6125,6648,7297,3513,3784,1825,850,975,
18270,7304,3504,3800,12779,6212,6567,14605,7056,7549,12777,6127,6650,7300,3515,3785,1825,850,975,
18275,7305,3505,3800,12782,6213,6569,14606,7056,7550,12780,6129,6651,7301,3515,3786,1826,851,975,
18280,7308,3508,3800,12786,6216,6570,14613,7058,7555,12784,6130,6654,7304,3518,3786,1826,851,975,
18285,7309,3508,3801,12789,6218,6571,14614,7058,7556,12787,6132,6655,7305,3518,3787,1827,852,975,
18290,7312,3510,3802,12793,6221,6572,14621,7061,7560,12791,6133,6658,7308,3518,3790,1827,852,975,
18295,7313,3510,3803,12796,6223,6573,14622,7062,7560,12794,6134,6660,7309,3518,3791,1828,852,976,
18300,7316,3513,3803,12800,6227,6573,14629,7068,7561,12798,6136,6662,7312,3520,3792,1828,852,976,
18305,7317,3513,3804,12803,6229,6574,14630,7068,7562,12801,6137,6664,7313,3521,3792,1829,853,976,
18310,7320,3516,3804,12807,6230,6577,14637,7072,7565,12805,6138,6667,7316,3522,3794,1829,853,976,
18315,7321,3516,3805,12810,6231,6579,14638,7072,7566,12808,6139,6669,7317,3522,3795,1830,854,976,
18320,7324,3518,3806,12814,6234,6580,14645,7073,7572,12812,6142,6670,7320,3523,3797,1830,854,976,
18325,7325,3519,3806,12817,6235,6582,14646,7073,7573,12815,6144,6671,7321,3524,3797,1831,854,977,
18330,7328,3519,3809,12821,6237,6584,14653,7078,7575,12819,6146,6673,7324,3525,3799,1831,854,977,
18335,7329,3519,3810,12824,6237,6587,14654,7078,7576,12822,6149,6673,7325,3525,3800,1832,855,977,
18340,7332,3521,3811,12828,6238,6590,14661,7082,7579,12826,6152,6674,7328,3527,3801,1832,855,977,
18345,7333,3522,3811,12831,6239,6592,14662,7083,7579,12829,6152,6677,7329,3528,3801,1833,855,978,
18350,7336,3523,3813,12835,6240,6595,14669,7087,7582,12833,6155,6678,7332,3528,3804,1833,855,978,
18355,7337,3523,3814,12838,6242,6596,14670,7088,7582,12836,6156,6680,7333,3529,3804,1834,856,978,
18360,7340,3524,3816,12842,6244,6598,14677,7091,7586,12840,6159,6681,7336,3531,3805,1834,856,978,
18365,7341,3525,3816,12845,6245,6600,14678,7092,7586,12843,6160,6683,7337,3531,3806,1835,856,979,
18370,7344,3528,3816,12849,6245,6604,14685,7094,7591,12847,6161,6686,7340,3532,3808,1835,856,979,
18375,7345,3528,3817,12852,6247,6605,14686,7095,7591,12850,6163,6687,7341,3532,3809,1836,857,979,
18380,7348,3529,3819,12856,6249,6607,14693,7097,7596,12854,6165,6689,7344,3534,3810,1836,857,979,
18385,7349,3529,3820,12859,6249,6610,14694,7098,7596,12857,6165,6692,7345,3534,3811,1837,857,980,
18390,7352,3529,3823,12863,6251,6612,14701,7103,7598,12861,6167,6694,7348,3535,3813,1837,857,980,
18395,7353,3529,3824,12866,6252,6614,14702,7104,7598,12864,6169,6695,7349,3536,3813,1838,858,980,
18400,7356,3530,3826,12870,6253,6617,14709,7105,7604,12868,6170,6698,7352,3537,3815,1838,858,980,
18405,7357,3531,3826,12873,6254,6619,14710,7106,7604,12871,6171,6700,7353,3538,3815,1839,858,981,
18410,7360,3531,3829,12877,6255,6622,14717,7110,7607,12875,6171,6704,7356,3540,3816,1839,858,981,
18415,7361,3532,3829,12880,6256,6624,14718,7110,7608,12878,6171,6707,7357,3540,3817,1840,859,981,
18420,7364,3533,3831,12884,6259,6625,14725,7115,7610,12882,6174,6708,7360,3540,3820,1840,859,981,
18425,7365,3534,3831,12887,6260,6627,14726,7115,7611,12885,6175,6710,7361,3541,3820,1841,859,982,
18430,7368,3535,3833,12891,6262,6629,14733,7118,7615,12889,6177,6712,7364,3541,3823,1841,859,982,
18435,7369,3536,3833,12894,6263,6631,14734,7119,7615,12892,6179,6713,7365,3541,3824,1842,860,982,
18440,7372,3536,3836,12898,6267,6631,14741,7121,7620,12896,6183,6713,7368,3541,3827,1842,860,982,
18445,7373,3536,3837,12901,6269,6632,14742,7121,7621,12899,6185,6714,7369,3542,3827,1843,860,983,
18450,7376,3539,3837,12905,6269,6636,14749,7124,7625,12903,6187,6716,7372,3543,3829,1843,860,983,
18455,7377,3539,3838,12908,6271,6637,14750,7124,7626,12906,6188,6718,7373,3543,3830,1844,861,983,
18460,7380,3540,3840,12912,6271,6641,14757,7126,7631,12910,6191,6719,7376,3544,3832,1844,861,983,
18465,7381,3540,3841,12915,6271,6644,14758,7127,7631,12913,6193,6720,7377,3544,3833,1845,861,984,
18470,7384,3542,3842,12919,6274,6645,14765,7129,7636,12917,6194,6723,7380,3545,3835,1845,861,984,
18475,7385,3543,3842,12922,6276,6646,14766,7129,7637,12920,6195,6725,7381,3545,3836,1846,862,984,
18480,7388,3545,3843,12926,6279,6647,14773,7133,7640,12924,6197,6727,7384,3547,3837,1846,862,984,
18485,7389,3545,3844,12929,6282,6647,14774,7133,7641,12927,6199,6728,7385,3548,3837,1847,863,984,
18490,7392,3546,3846,12933,6283,6650,14781,7136,7645,12931,6199,6732,7388,3549,3839,1847,863,984,
18495,7393,3547,3846,12936,6285,6651,14782,7136,7646,12934,6200,6734,7389,3550,3839,1848,863,985,
18500,7396,3550,3846,12940,6287,6653,14789,7142,7647,12938,6202,6736,7392,3552,3840,1848,863,985,
18505,7397,3550,3847,12943,6288,6655,14790,7142,7648,12941,6203,6738,7393,3553,3840,1849,863,986,
18510,7400,3553,3847,12947,6289,6658,14797,7145,7652,12945,6203,6742,7396,3553,3843,1849,863,986,
18515,7401,3554,3847,12950,6290,6660,14798,7145,7653,12948,6204,6744,7397,3553,3844,1850,863,987,
18520,7404,3556,3848,12954,6292,6662,14805,7148,7657,12952,6207,6745,7400,3554,3846,1850,863,987,
18525,7405,3557,3848,12957,6293,6664,14806,7148,7658,12955,6210,6745,7401,3555,3846,1851,863,988,
18530,7408,3559,3849,12961,6295,6666,14813,7151,7662,12959,6212,6747,7404,3556,3848,1851,863,988,
18535,7409,3559,3850,12964,6298,6666,14814,7151,7663,12962,6214,6748,7405,3556,3849,1852,863,989,
18540,7412,3562,3850,12968,6300,6668,14821,7155,7666,12966,6215,6751,7408,3557,3851,1852,863,989,
18545,7413,3562,3851,12971,6301,6670,14822,7156,7666,12969,6216,6753,7409,3558,3851,1853,863,990,
18550,7416,3563,3853,12975,6304,6671,14829,7159,7670,12973,6218,6755,7412,3558,3854,1853,863,990,
18555,7417,3564,3853,12978,6306,6672,14830,7159,7671,12976,6221,6755,7413,3558,3855,1854,864,990,
18560,7420,3566,3854,12982,6308,6674,14837,7162,7675,12980,6224,6756,7416,3560,3856,1854,864,990,
18565,7421,3566,3855,12985,6309,6676,14838,7162,7676,12983,6224,6759,7417,3560,3857,1855,865,990,
18570,7424,3568,3856,12989,6310,6679,14845,7163,7682,12987,6226,6761,7420,3562,3858,1855,865,990,
18575,7425,3569,3856,12992,6310,6682,14846,7163,7683,12990,6226,6764,7421,3563,3858,1856,865,991,
18580,7428,3571,3857,12996,6312,6684,14853,7166,7687,12994,6227,6767,7424,3563,3861,1856,865,991,
18585,7429,3571,3858,12999,6314,6685,14854,7166,7688,12997,6229,6768,7425,3564,3861,1857,865,992,
18590,7432,3572,3860,13003,6317,6686,14861,7169,7692,13001,6232,6769,7428,3566,3862,1857,865,992,
18595,7433,3573,3860,13006,6317,6689,14862,7169,7693,13004,6234,6770,7429,3567,3862,1858,865,993,
18600,7436,3574,3862,13010,6319,6691,14869,7173,7696,13008,6238,6770,7432,3567,3865,1858,865,993,
18605,7437,3574,3863,13013,6320,6693,14870,7174,7696,13011,6239,6772,7433,3567,3866,1859,865,994,
18610,7440,3575,3865,13017,6320,6697,14877,7176,7701,13015,6240,6775,7436,3568,3868,1859,865,994,
18615,7441,3575,3866,13020,6320,6700,14878,7177,7701,13018,6241,6777,7437,3569,3868,1860,866,994,
18620,7444,3575,3869,13024,6323,6701,14885,7181,7704,13022,6241,6781,7440,3571,3869,1860,866,994,
18625,7445,3575,3870,13027,6325,6702,14886,7182,7704,13025,6242,6783,7441,3572,3869,1861,867,994,
18630,7448,3577,3871,13031,6327,6704,14893,7186,7707,13029,6244,6785,7444,3573,3871,1861,867,994,
18635,7449,3578,3871,13034,6329,6705,14894,7187,7707,13032,6246,6786,7445,3573,3872,1862,867,995,
18640,7452,3579,3873,13038,6332,6706,14901,7192,7709,13036,6247,6789,7448,3573,3875,1862,867,995,
18645,7453,3579,3874,13041,6333,6708,14902,7192,7710,13039,6249,6790,7449,3574,3875,1863,868,995,
18650,7456,3579,3877,13045,6335,6710,14909,7194,7715,13043,6250,6793,7452,3576,3876,1863,868,995,
18655,7457,3580,3877,13048,6336,6712,14910,7195,7715,13046,6251,6795,7453,3576,3877,1864,868,996,
18660,7460,3581,3879,13052,6338,6714,14917,7199,7718,13050,6253,6797,7456,3578,3878,1864,868,996,
18665,7461,3581,3880,13055,6339,6716,14918,7200,7718,13053,6255,6798,7457,3578,3879,1865,869,996,
18670,7464,3582,3882,13059,6341,6718,14925,7203,7722,13057,6259,6798,7460,3580,3880,1865,869,996,
18675,7465,3583,3882,13062,6342,6720,14926,7203,7723,13060,6259,6801,7461,3580,3881,1866,869,997,
18680,7468,3586,3882,13066,6343,6723,14933,7206,7727,13064,6261,6803,7464,3581,3883,1866,869,997,
18685,7469,3586,3883,13069,6344,6725,14934,7206,7728,13067,6264,6803,7465,3582,3883,1867,870,997,
18690,7472,3587,3885,13073,6345,6728,14941,7211,7730,13071,6267,6804,7468,3583,3885,1867,870,997,
18695,7473,3588,3885,13076,6346,6730,14942,7211,7731,13074,6268,6806,7469,3583,3886,1868,871,997,
18700,7476,3589,3887,13080,6347,6733,14949,7215,7734,13078,6271,6807,7472,3584,3888,1868,871,997,
18705,7477,3589,3888,13083,6348,6735,14950,7216,7734,13081,6272,6809,7473,3584,3889,1869,872,997,
18710,7480,3590,3890,13087,6350,6737,14957,7219,7738,13085,6274,6811,7476,3585,3891,1869,872,997,
18715,7481,3590,3891,13090,6351,6739,14958,7220,7738,13088,6275,6813,7477,3586,3891,1870,872,998,
18720,7484,3591,3893,13094,6353,6741,14965,7223,7742,13092,6276,6816,7480,3588,3892,1870,872,998,
18725,7485,3591,3894,13097,6355,6742,14966,7223,7743,13095,6278,6817,7481,3589,3892,1871,873,998,
18730,7488,3592,3896,13101,6357,6744,14973,7229,7744,13099,6281,6818,7484,3590,3894,1871,873,998,
18735,7489,3593,3896,13104,6359,6745,14974,7229,7745,13102,6284,6818,7485,3591,3894,1872,874,998,
18740,7492,3594,3898,13108,6361,6747,14981,7232,7749,13106,6285,6821,7488,3594,3894,1872,874,998,
18745,7493,3595,3898,13111,6363,6748,14982,7232,7750,13109,6287,6822,7489,3594,3895,1873,874,999,
18750,7496,3598,3898,13115,6366,6749,14989,7235,7754,13113,6289,6824,7492,3597,3895,1873,874,999,
18755,7497,3598,3899,13118,6367,6751,14990,7236,7754,13116,6291,6825,7493,3597,3896,1874,875,999,
18760,7500,3599,3901,13122,6369,6753,14997,7237,7760,13120,6293,6827,7496,3597,3899,1874,875,999,
18765,7501,3600,3901,13125,6372,6753,14998,7238,7760,13123,6294,6829,7497,3597,3900,1875,876,999,
18770,7504,3601,3903,13129,6374,6755,15005,7241,7764,13127,6295,6832,7500,3597,3903,1875,876,999,
18775,7505,3601,3904,13132,6376,6756,15006,7242,7764,13130,6295,6835,7501,3598,3903,1876,876,1000,
18780,7508,3602,3906,13136,6377,6759,15013,7245,7768,13134,6299,6835,7504,3598,3906,1876,876,1000,
18785,7509,3602,3907,13139,6377,6762,15014,7246,7768,13137,6302,6835,7505,3599,3906,1877,876,1001,
18790,7512,3603,3909,13143,6379,6764,15021,7252,7769,13141,6304,6837,7508,3601,3907,1877,876,1001,
18795,7513,3604,3909,13146,6380,6766,15022,7253,7769,13144,6305,6839,7509,3601,3908,1878,876,1002,
18800,7516,3606,3910,13150,6382,6768,15029,7257,7772,13148,6307,6841,7512,3603,3909,1878,876,1002,
18805,7517,3607,3910,13153,6383,6770,15030,7258,7772,13151,6307,6844,7513,3604,3909,1879,876,1003,
18810,7520,3607,3913,13157,6386,6771,15037,7265,7772,13155,6308,6847,7516,3606,3910,1879,876,1003,
18815,7521,3607,3914,13160,6388,6772,15038,7265,7773,13158,6310,6848,7517,3606,3911,1880,877,1003,
18820,7524,3609,3915,13164,6391,6773,15045,7270,7775,13162,6314,6848,7520,3608,3912,1880,877,1003,
18825,7525,3609,3916,13167,6393,6774,15046,7270,7776,13165,6315,6850,7521,3608,3913,1881,878,1003,
18830,7528,3609,3919,13171,6395,6776,15053,7272,7781,13169,6318,6851,7524,3610,3914,1881,878,1003,
18835,7529,3610,3919,13174,6397,6777,15054,7272,7782,13172,6320,6852,7525,3611,3914,1882,878,1004,
18840,7532,3611,3921,13178,6401,6777,15061,7278,7783,13176,6323,6853,7528,3612,3916,1882,878,1004,
18845,7533,3611,3922,13181,6403,6778,15062,7279,7783,13179,6325,6854,7529,3613,3916,1883,878,1005,
18850,7536,3613,3923,13185,6405,6780,15069,7282,7787,13183,6327,6856,7532,3613,3919,1883,878,1005,
18855,7537,3613,3924,13188,6407,6781,15070,7282,7788,13186,6328,6858,7533,3613,3920,1884,879,1005,
18860,7540,3614,3926,13192,6410,6782,15077,7286,7791,13190,6330,6860,7536,3613,3923,1884,879,1005,
18865,7541,3614,3927,13195,6411,6784,15078,7287,7791,13193,6331,6862,7537,3614,3923,1885,880,1005,
18870,7544,3617,3927,13199,6412,6787,15085,7289,7796,13197,6334,6863,7540,3617,3923,1885,880,1005,
18875,7545,3617,3928,13202,6413,6789,15086,7290,7796,13200,6336,6864,7541,3617,3924,1886,881,1005,
18880,7548,3617,3931,13206,6414,6792,15093,7292,7801,13204,6338,6866,7544,3619,3925,1886,881,1005,
18885,7549,3618,3931,13209,6416,6793,15094,7293,7801,13207,6340,6867,7545,3619,3926,1887,882,1005,
18890,7552,3621,3931,13213,6418,6795,15101,7296,7805,13211,6343,6868,7548,3620,3928,1887,882,1005,
18895,7553,3622,3931,13216,6420,6796,15102,7297,7805,13214,6344,6870,7549,3621,3928,1888,882,1006,
18900,7556,3624,3932,13220,6422,6798,15109,7300,7809,13218,6347,6871,7552,3621,3931,1888,882,1006,
18905,7557,3624,3933,13223,6424,6799,15110,7300,7810,13221,6348,6873,7553,3621,3932,1889,883,1006,
18910,7560,3626,3934,13227,6427,6800,15117,7303,7814,13225,6351,6874,7556,3623,3933,1889,883,1006,
18915,7561,3627,3934,13230,6428,6802,15118,7303,7815,13228,6351,6877,7557,3624,3933,1890,884,1006,
18920,7564,3628,3936,13234,6430,6804,15125,7306,7819,13232,6352,6880,7560,3624,3936,1890,884,1006,
18925,7565,3629,3936,13237,6432,6805,15126,7306,7820,13235,6353,6882,7561,3625,3936,1891,884,1007,
18930,7568,3629,3939,13241,6433,6808,15133,7310,7823,13239,6355,6884,7564,3628,3936,1891,884,1007,
18935,7569,3629,3940,13244,6434,6810,15134,7310,7824,13242,6356,6886,7565,3629,3936,1892,885,1007,
18940,7572,3630,3942,13248,6434,6814,15141,7313,7828,13246,6358,6888,7568,3632,3936,1892,885,1007,
18945,7573,3631,3942,13251,6434,6817,15142,7313,7829,13249,6358,6891,7569,3632,3937,1893,885,1008,
18950,7576,3633,3943,13255,6436,6819,15149,7315,7834,13253,6361,6892,7572,3634,3938,1893,885,1008,
18955,7577,3633,3944,13258,6437,6821,15150,7316,7834,13256,6363,6893,7573,3635,3938,1894,885,1009,
18960,7580,3635,3945,13262,6440,6822,15157,7320,7837,13260,6364,6896,7576,3636,3940,1894,885,1009,
18965,7581,3636,3945,13265,6442,6823,15158,7321,7837,13263,6365,6898,7577,3636,3941,1895,886,1009,
18970,7584,3637,3947,13269,6442,6827,15165,7324,7841,13267,6366,6901,7580,3636,3944,1895,886,1009,
18975,7585,3637,3948,13272,6443,6829,15166,7324,7842,13270,6367,6903,7581,3637,3944,1896,886,1010,
18980,7588,3638,3950,13276,6446,6830,15173,7327,7846,13274,6369,6905,7584,3638,3946,1896,886,1010,
18985,7589,3639,3950,13279,6449,6830,15174,7328,7846,13277,6370,6907,7585,3638,3947,1897,886,1011,
18990,7592,3640,3952,13283,6453,6830,15181,7329,7852,13281,6371,6910,7588,3641,3947,1897,886,1011,
18995,7593,3641,3952,13286,6453,6833,15182,7329,7853,13284,6372,6912,7589,3641,3948,1898,887,1011,
19000,7596,3642,3954,13290,6455,6835,15189,7333,7856,13288,6374,6914,7592,3643,3949,1898,887,1011,
19005,7597,3642,3955,13293,6456,6837,15190,7334,7856,13291,6376,6915,7593,3644,3949,1899,887,1012,
19010,7600,3645,3955,13297,6458,6839,15197,7338,7859,13295,6377,6918,7596,3644,3952,1899,887,1012,
19015,7601,3646,3955,13300,6460,6840,15198,7339,7859,13298,6379,6919,7597,3644,3953,1900,888,1012,
19020,7604,3646,3958,13304,6463,6841,15205,7341,7864,13302,6383,6919,7600,3647,3953,1900,888,1012,
19025,7605,3647,3958,13307,6465,6842,15206,7341,7865,13305,6384,6921,7601,3647,3954,1901,888,1013,
19030,7608,3647,3961,13311,6468,6843,15213,7345,7868,13309,6386,6923,7604,3649,3955,1901,888,1013,
19035,7609,3647,3962,13314,6469,6845,15214,7345,7869,13312,6387,6925,7605,3650,3955,1902,888,1014,
19040,7612,3649,3963,13318,6470,6848,15221,7348,7873,13316,6389,6927,7608,3651,3957,1902,888,1014,
19045,7613,3650,3963,13321,6472,6849,15222,7349,7873,13319,6390,6929,7609,3651,3958,1903,888,1015,
19050,7616,3651,3965,13325,6475,6850,15229,7352,7877,13323,6392,6931,7612,3653,3959,1903,888,1015,
19055,7617,3651,3966,13328,6477,6851,15230,7353,7877,13326,6393,6933,7613,3653,3960,1904,889,1015,
19060,7620,3654,3966,13332,6478,6854,15237,7356,7881,13330,6394,6936,7616,3654,3962,1904,889,1015,
19065,7621,3655,3966,13335,6480,6855,15238,7356,7882,13333,6395,6938,7617,3654,3963,1905,889,1016,
19070,7624,3657,3967,13339,6481,6858,15245,7357,7888,13337,6396,6941,7620,3657,3963,1905,889,1016,
19075,7625,3658,3967,13342,6483,6859,15246,7357,7889,13340,6396,6944,7621,3658,3963,1906,890,1016,
19080,7628,3659,3969,13346,6486,6860,15253,7363,7890,13344,6399,6945,7624,3659,3965,1906,890,1016,
19085,7629,3659,3970,13349,6488,6861,15254,7363,7891,13347,6400,6947,7625,3660,3965,1907,890,1017,
19090,7632,3661,3971,13353,6491,6862,15261,7368,7893,13351,6401,6950,7628,3661,3967,1907,890,1017,
19095,7633,3661,3972,13356,6493,6863,15262,7369,7893,13354,6402,6952,7629,3661,3968,1908,890,1018,
19100,7636,3662,3974,13360,6494,6866,15269,7372,7897,13358,6403,6955,7632,3662,3970,1908,890,1018,
19105,7637,3663,3974,13363,6495,6868,15270,7373,7897,13361,6403,6958,7633,3662,3971,1909,890,1019,
19110,7640,3665,3975,13367,6497,6870,15277,7374,7903,13365,6407,6958,7636,3664,3972,1909,890,1019,
19115,7641,3666,3975,13370,6499,6871,15278,7375,7903,13368,6409,6959,7637,3664,3973,1910,890,1020,
19120,7644,3666,3978,13374,6500,6874,15285,7378,7907,13372,6409,6963,7640,3666,3974,1910,890,1020,
19125,7645,3667,3978,13377,6502,6875,15286,7379,7907,13375,6410,6965,7641,3666,3975,1911,890,1021,
19130,7648,3669,3979,13381,6503,6878,15293,7383,7910,13379,6412,6967,7644,3666,3978,1911,890,1021,
19135,7649,3669,3980,13384,6506,6878,15294,7383,7911,13382,6413,6969,7645,3667,3978,1912,890,1022,
19140,7652,3671,3981,13388,6506,6882,15301,7384,7917,13386,6415,6971,7648,3668,3980,1912,890,1022,
19145,7653,3671,3982,13391,6507,6884,15302,7384,7918,13389,6418,6971,7649,3669,3980,1913,890,1023,
19150,7656,3673,3983,13395,6509,6886,15309,7388,7921,13393,6419,6974,7652,3671,3981,1913,890,1023,
19155,7657,3674,3983,13398,6512,6886,15310,7389,7921,13396,6419,6977,7653,3672,3981,1914,891,1023,
19160,7660,3674,3986,13402,6516,6886,15317,7391,7926,13400,6421,6979,7656,3675,3981,1914,891,1023,
19165,7661,3674,3987,13405,6517,6888,15318,7391,7927,13403,6422,6981,7657,3676,3981,1915,891,1024,
19170,7664,3674,3990,13409,6519,6890,15325,7394,7931,13407,6423,6984,7660,3679,3981,1915,891,1024,
19175,7665,3674,3991,13412,6520,6892,15326,7395,7931,13410,6424,6986,7661,3679,3982,1916,891,1025,
19180,7668,3675,3993,13416,6523,6893,15333,7398,7935,13414,6426,6988,7664,3680,3984,1916,891,1025,
19185,7669,3675,3994,13419,6524,6895,15334,7398,7936,13417,6427,6990,7665,3681,3984,1917,891,1026,
19190,7672,3675,3997,13423,6527,6896,15341,7402,7939,13421,6430,6991,7668,3682,3986,1917,891,1026,
19195,7673,3676,3997,13426,6529,6897,15342,7402,7940,13424,6433,6991,7669,3682,3987,1918,891,1027,
19200,7676,3677,3999,13430,6529,6901,15349,7408,7941,13428,6434,6994,7672,3683,3989,1918,891,1027,
19205,7677,3678,3999,13433,6531,6902,15350,7408,7942,13431,6436,6995,7673,3683,3990,1919,892,1027,
19210,7680,3681,3999,13437,6533,6904,15357,7410,7947,13435,6438,6997,7676,3684,3992,1919,892,1027,
19215,7681,3681,4000,13440,6535,6905,15358,7411,7947,13438,6440,6998,7677,3685,3992,1920,893,1027,
19220,7684,3683,4001,13444,6537,6907,15365,7414,7951,13442,6444,6998,7680,3685,3995,1920,893,1027,
19225,7685,3684,4001,13447,6537,6910,15366,7414,7952,13445,6445,7000,7681,3686,3995,1921,894,1027,
19230,7688,3685,4003,13451,6538,6913,15373,7420,7953,13449,6447,7002,7684,3689,3995,1921,894,1027,
19235,7689,3686,4003,13454,6541,6913,15374,7420,7954,13452,6449,7003,7685,3689,3996,1922,895,1027,
19240,7692,3688,4004,13458,6543,6915,15381,7424,7957,13456,6450,7006,7688,3691,3997,1922,895,1027,
19245,7693,3689,4004,13461,6544,6917,15382,7425,7957,13459,6451,7008,7689,3692,3997,1923,895,1028,
19250,7696,3691,4005,13465,6547,6918,15389,7430,7959,13463,6454,7009,7692,3693,3999,1923,895,1028,
19255,7697,3692,4005,13468,6549,6919,15390,7430,7960,13466,6457,7009,7693,3694,3999,1924,895,1029,
19260,7700,3694,4006,13472,6551,6921,15397,7434,7963,13470,6457,7013,7696,3695,4001,1924,895,1029,
19265,7701,3695,4006,13475,6552,6923,15398,7435,7963,13473,6459,7014,7697,3695,4002,1925,896,1029,
19270,7704,3697,4007,13479,6554,6925,15405,7438,7967,13477,6461,7016,7700,3696,4004,1925,896,1029,
19275,7705,3697,4008,13482,6556,6926,15406,7439,7967,13480,6462,7018,7701,3696,4005,1926,897,1029,
19280,7708,3699,4009,13486,6558,6928,15413,7442,7971,13484,6464,7020,7704,3699,4005,1926,897,1029,
19285,7709,3700,4009,13489,6559,6930,15414,7443,7971,13487,6467,7020,7705,3700,4005,1927,897,1030,
19290,7712,3701,4011,13493,6561,6932,15421,7446,7975,13491,6467,7024,7708,3701,4007,1927,897,1030,
19295,7713,3701,4012,13496,6562,6934,15422,7446,7976,13494,6469,7025,7709,3702,4007,1928,898,1030,
19300,7716,3702,4014,13500,6564,6936,15429,7450,7979,13498,6470,7028,7712,3704,4008,1928,898,1030,
19305,7717,3703,4014,13503,6564,6939,15430,7450,7980,13501,6472,7029,7713,3705,4008,1929,899,1030,
19310,7720,3705,4015,13507,6565,6942,15437,7452,7985,13505,6475,7030,7716,3707,4009,1929,899,1030,
19315,7721,3706,4015,13510,6566,6944,15438,7452,7986,13508,6478,7030,7717,3707,4010,1930,899,1031,
19320,7724,3707,4017,13514,6567,6947,15445,7458,7987,13512,6481,7031,7720,3707,4013,1930,899,1031,
19325,7725,3708,4017,13517,6568,6949,15446,7458,7988,13515,6482,7033,7721,3708,4013,1931,899,1032,
19330,7728,3709,4019,13521,6569,6952,15453,7461,7992,13519,6485,7034,7724,3708,4016,1931,899,1032,
19335,7729,3710,4019,13524,6571,6953,15454,7461,7993,13522,6485,7037,7725,3708,4017,1932,899,1033,
19340,7732,3710,4022,13528,6573,6955,15461,7463,7998,13526,6486,7040,7728,3709,4019,1932,899,1033,
19345,7733,3710,4023,13531,6574,6957,15462,7463,7999,13529,6488,7041,7729,3710,4019,1933,899,1034,
19350,7736,3711,4025,13535,6576,6959,15469,7467,8002,13533,6490,7043,7732,3711,4021,1933,899,1034,
19355,7737,3711,4026,13538,6577,6961,15470,7468,8002,13536,6493,7043,7733,3711,4022,1934,899,1035,
19360,7740,3711,4029,13542,6579,6963,15477,7471,8006,13540,6493,7047,7736,3713,4023,1934,899,1035,
19365,7741,3712,4029,13545,6579,6966,15478,7472,8006,13543,6495,7048,7737,3714,4023,1935,900,1035,
19370,7744,3715,4029,13549,6582,6967,15485,7474,8011,13547,6497,7050,7740,3714,4026,1935,900,1035,
19375,7745,3716,4029,13552,6583,6969,15486,7475,8011,13550,6497,7053,7741,3714,4027,1936,901,1035,
19380,7748,3719,4029,13556,6585,6971,15493,7480,8013,13554,6497,7057,7744,3715,4029,1936,901,1035,
19385,7749,3720,4029,13559,6586,6973,15494,7481,8013,13557,6499,7058,7745,3715,4030,1937,902,1035,
19390,7752,3723,4029,13563,6588,6975,15501,7486,8015,13561,6501,7060,7748,3716,4032,1937,902,1035,
19395,7753,3724,4029,13566,6590,6976,15502,7486,8016,13564,6502,7062,7749,3716,4033,1938,903,1035,
19400,7756,3724,4032,13570,6591,6979,15509,7489,8020,13568,6505,7063,7752,3718,4034,1938,903,1035,
19405,7757,3724,4033,13573,6593,6980,15510,7490,8020,13571,6507,7064,7753,3719,4034,1939,904,1035,
19410,7760,3727,4033,13577,6594,6983,15517,7491,8026,13575,6510,7065,7756,3720,4036,1939,904,1035,
19415,7761,3727,4034,13580,6595,6985,15518,7492,8026,13578,6510,7068,7757,3721,4036,1940,905,1035,
19420,7764,3729,4035,13584,6598,6986,15525,7495,8030,13582,6513,7069,7760,3722,4038,1940,905,1035,
19425,7765,3730,4035,13587,6599,6988,15526,7495,8031,13585,6516,7069,7761,3723,4038,1941,905,1036,
19430,7768,3731,4037,13591,6600,6991,15533,7496,8037,13589,6517,7072,7764,3724,4040,1941,905,1036,
19435,7769,3732,4037,13594,6601,6993,15534,7496,8038,13592,6518,7074,7765,3724,4041,1942,906,1036,
19440,7772,3734,4038,13598,6601,6997,15541,7500,8041,13596,6521,7075,7768,3727,4041,1942,906,1036,
19445,7773,3735,4038,13601,6604,6997,15542,7501,8041,13599,6522,7077,7769,3727,4042,1943,907,1036,
19450,7776,3736,4040,13605,6606,6999,15549,7506,8043,13603,6523,7080,7772,3729,4043,1943,907,1036,
19455,7777,3736,4041,13608,6607,7001,15550,7507,8043,13606,6524,7082,7773,3729,4044,1944,908,1036,
19460,7780,3736,4044,13612,6607,7005,15557,7510,8047,13610,6525,7085,7776,3730,4046,1944,908,1036,
19465,7781,3736,4045,13615,6609,7006,15558,7511,8047,13613,6527,7086,7777,3730,4047,1945,908,1037,
19470,7784,3738,4046,13619,6612,7007,15565,7513,8052,13617,6531,7086,7780,3731,4049,1945,908,1037,
19475,7785,3738,4047,13622,6614,7008,15566,7514,8052,13620,6533,7087,7781,3732,4049,1946,909,1037,
19480,7788,3739,4049,13626,6614,7012,15573,7519,8054,13624,6536,7088,7784,3733,4051,1946,909,1037,
19485,7789,3740,4049,13629,6616,7013,15574,7519,8055,13627,6538,7089,7785,3734,4051,1947,909,1038,
19490,7792,3742,4050,13633,6618,7015,15581,7523,8058,13631,6540,7091,7788,3736,4052,1947,909,1038,
19495,7793,3742,4051,13636,6619,7017,15582,7524,8058,13634,6540,7094,7789,3737,4052,1948,909,1039,
19500,7796,3744,4052,13640,6620,7020,15589,7529,8060,13638,6542,7096,7792,3738,4054,1948,909,1039,
19505,7797,3745,4052,13643,6620,7023,15590,7530,8060,13641,6544,7097,7793,3738,4055,1949,909,1040,
19510,7800,3747,4053,13647,6621,7026,15597,7534,8063,13645,6546,7099,7796,3740,4056,1949,909,1040,
19515,7801,3748,4053,13650,6623,7027,15598,7535,8063,13648,6548,7100,7797,3740,4057,1950,909,1041,
19520,7804,3750,4054,13654,6625,7029,15605,7538,8067,13652,6550,7102,7800,3741,4059,1950,909,1041,
19525,7805,3751,4054,13657,6626,7031,15606,7539,8067,13655,6552,7103,7801,3741,4060,1951,909,1042,
19530,7808,3752,4056,13661,6628,7033,15613,7542,8071,13659,6554,7105,7804,3741,4063,1951,909,1042,
19535,7809,3752,4057,13664,6631,7033,15614,7543,8071,13662,6556,7106,7805,3741,4064,1952,909,1043,
19540,7812,3754,4058,13668,6634,7034,15621,7548,8073,13666,6559,7107,7808,3743,4065,1952,909,1043,
19545,7813,3754,4059,13671,6635,7036,15622,7549,8073,13669,6560,7109,7809,3743,4066,1953,910,1043,
19550,7816,3755,4061,13675,6636,7039,15629,7554,8075,13673,6562,7111,7812,3745,4067,1953,910,1043,
19555,7817,3755,4062,13678,6637,7041,15630,7555,8075,13676,6564,7112,7813,3745,4068,1954,910,1044,
19560,7820,3758,4062,13682,6638,7044,15637,7557,8080,13680,6564,7116,7816,3747,4069,1954,910,1044,
19565,7821,3759,4062,13685,6638,7047,15638,7557,8081,13683,6565,7118,7817,3747,4070,1955,911,1044,
19570,7824,3760,4064,13689,6641,7048,15645,7560,8085,13687,6567,7120,7820,3747,4073,1955,911,1044,
19575,7825,3761,4064,13692,6641,7051,15646,7560,8086,13690,6570,7120,7821,3747,4074,1956,911,1045,
19580,7828,3763,4065,13696,6643,7053,15653,7565,8088,13694,6572,7122,7824,3747,4077,1956,911,1045,
19585,7829,3764,4065,13699,6646,7053,15654,7566,8088,13697,6574,7123,7825,3748,4077,1957,912,1045,
19590,7832,3766,4066,13703,6649,7054,15661,7568,8093,13701,6576,7125,7828,3749,4079,1957,912,1045,
19595,7833,3767,4066,13706,6651,7055,15662,7568,8094,13704,6577,7127,7829,3750,4079,1958,913,1045,
19600,7836,3769,4067,13710,6654,7056,15669,7570,8099,13708,6580,7128,7832,3750,4082,1958,913,1045,
19605,7837,3770,4067,13713,6656,7057,15670,7571,8099,13711,6580,7131,7833,3751,4082,1959,914,1045,
19610,7840,3772,4068,13717,6658,7059,15677,7576,8101,13715,6582,7133,7836,3753,4083,1959,914,1045,
19615,7841,3773,4068,13720,6659,7061,15678,7576,8102,13718,6582,7136,7837,3754,4083,1960,915,1045,
19620,7844,3774,4070,13724,6662,7062,15685,7580,8105,13722,6585,7137,7840,3757,4083,1960,915,1045,
19625,7845,3774,4071,13727,6665,7062,15686,7580,8106,13725,6588,7137,7841,3758,4083,1961,915,1046,
19630,7848,3777,4071,13731,6667,7064,15693,7583,8110,13729,6590,7139,7844,3758,4086,1961,915,1046,
19635,7849,3777,4072,13734,6669,7065,15694,7584,8110,13732,6593,7139,7845,3759,4086,1962,916,1046,
19640,7852,3777,4075,13738,6670,7068,15701,7587,8114,13736,6595,7141,7848,3760,4088,1962,916,1046,
19645,7853,3777,4076,13741,6671,7070,15702,7587,8115,13739,6597,7142,7849,3761,4088,1963,917,1046,
19650,7856,3778,4078,13745,6672,7073,15709,7591,8118,13743,6600,7143,7852,3762,4090,1963,917,1046,
19655,7857,3779,4078,13748,6673,7075,15710,7592,8118,13746,6601,7145,7853,3762,4091,1964,917,1047,
19660,7860,3781,4079,13752,6674,7078,15717,7596,8121,13750,6603,7147,7856,3764,4092,1964,917,1047,
19665,7861,3782,4079,13755,6675,7080,15718,7597,8121,13753,6604,7149,7857,3765,4092,1965,917,1048,
19670,7864,3783,4081,13759,6676,7083,15725,7602,8123,13757,6605,7152,7860,3765,4095,1965,917,1048,
19675,7865,3783,4082,13762,6676,7086,15726,7603,8123,13760,6605,7155,7861,3765,4096,1966,917,1049,
19680,7868,3784,4084,13766,6678,7088,15733,7606,8127,13764,6608,7156,7864,3767,4097,1966,917,1049,
19685,7869,3785,4084,13769,6679,7090,15734,7606,8128,13767,6610,7157,7865,3768,4097,1967,918,1049,
19690,7872,3788,4084,13773,6682,7091,15741,7607,8134,13771,6612,7159,7868,3770,4098,1967,918,1049,
19695,7873,3788,4085,13776,6683,7093,15742,7607,8135,13774,6614,7160,7869,3771,4098,1968,919,1049,
19700,7876,3788,4088,13780,6685,7095,15749,7610,8139,13778,6615,7163,7872,3773,4099,1968,919,1049,
19705,7877,3788,4089,13783,6686,7097,15750,7610,8140,13781,6616,7165,7873,3773,4100,1969,920,1049,
19710,7880,3789,4091,13787,6688,7099,15757,7613,8144,13785,6618,7167,7876,3775,4101,1969,920,1049,
19715,7881,3789,4092,13790,6689,7101,15758,7613,8145,13788,6619,7169,7877,3776,4101,1970,920,1050,
19720,7884,3790,4094,13794,6690,7104,15765,7616,8149,13792,6619,7173,7880,3779,4101,1970,920,1050,
19725,7885,3790,4095,13797,6693,7104,15766,7616,8150,13795,6622,7173,7881,3780,4101,1971,920,1051,
19730,7888,3792,4096,13801,6693,7108,15773,7619,8154,13799,6626,7173,7884,3780,4104,1971,920,1051,
19735,7889,3792,4097,13804,6696,7108,15774,7620,8154,13802,6627,7175,7885,3780,4105,1972,920,1052,
19740,7892,3792,4100,13808,6698,7110,15781,7622,8159,13806,6628,7178,7888,3781,4107,1972,920,1052,
19745,7893,3793,4100,13811,6700,7111,15782,7622,8160,13809,6630,7179,7889,3781,4108,1973,920,1053,
19750,7896,3795,4101,13815,6703,7112,15789,7625,8164,13813,6632,7181,7892,3781,4111,1973,920,1053,
19755,7897,3795,4102,13818,6705,7113,15790,7626,8164,13816,6633,7183,7893,3782,4111,1974,920,1054,
19760,7900,3795,4105,13822,6707,7115,15797,7628,8169,13820,6636,7184,7896,3783,4113,1974,920,1054,
19765,7901,3795,4106,13825,6709,7116,15798,7628,8170,13823,6637,7186,7897,3783,4114,1975,920,1055,
19770,7904,3797,4107,13829,6710,7119,15805,7631,8174,13827,6639,7188,7900,3785,4115,1975,920,1055,
19775,7905,3797,4108,13832,6711,7121,15806,7632,8174,13830,6641,7189,7901,3785,4116,1976,920,1056,
19780,7908,3797,4111,13836,6712,7124,15813,7637,8176,13834,6642,7192,7904,3788,4116,1976,920,1056,
19785,7909,3797,4112,13839,6712,7127,15814,7638,8176,13837,6643,7194,7905,3789,4116,1977,920,1057,
19790,7912,3799,4113,13843,6713,7130,15821,7644,8177,13841,6645,7196,7908,3792,4116,1977,920,1057,
19795,7913,3800,4113,13846,6713,7133,15822,7644,8178,13844,6647,7197,7909,3793,4116,1978,921,1057,
19800,7916,3801,4115,13850,6717,7133,15829,7647,8182,13848,6651,7197,7912,3794,4118,1978,921,1057,
19805,7917,3802,4115,13853,6719,7134,15830,7648,8182,13851,6651,7200,7913,3795,4118,1979,922,1057,
19810,7920,3803,4117,13857,6720,7137,15837,7651,8186,13855,6654,7201,7916,3796,4120,1979,922,1057,
19815,7921,3803,4118,13860,6721,7139,15838,7652,8186,13858,6655,7203,7917,3796,4121,1980,923,1057,
19820,7924,3804,4120,13864,6724,7140,15845,7657,8188,13862,6656,7206,7920,3797,4123,1980,923,1057,
19825,7925,3804,4121,13867,6725,7142,15846,7658,8188,13865,6658,7207,7921,3798,4123,1981,924,1057,
19830,7928,3805,4123,13871,6726,7145,15853,7663,8190,13869,6660,7209,7924,3799,4125,1981,924,1057,
19835,7929,3805,4124,13874,6726,7148,15854,7664,8190,13872,6661,7211,7925,3799,4126,1982,925,1057,
19840,7932,3806,4126,13878,6729,7149,15861,7667,8194,13876,6663,7213,7928,3800,4128,1982,925,1057,
19845,7933,3807,4126,13881,6730,7151,15862,7667,8195,13879,6664,7215,7929,3801,4128,1983,926,1057,
19850,7936,3810,4126,13885,6730,7155,15869,7669,8200,13883,6665,7218,7932,3803,4129,1983,926,1057,
19855,7937,3810,4127,13888,6732,7156,15870,7670,8200,13886,6666,7220,7933,3804,4129,1984,926,1058,
19860,7940,3811,4129,13892,6735,7157,15877,7674,8203,13890,6669,7221,7936,3806,4130,1984,926,1058,
19865,7941,3811,4130,13895,6736,7159,15878,7674,8204,13893,6670,7223,7937,3807,4130,1985,927,1058,
19870,7944,3813,4131,13899,6738,7161,15885,7677,8208,13897,6671,7226,7940,3809,4131,1985,927,1058,
19875,7945,3814,4131,13902,6740,7162,15886,7677,8209,13900,6673,7227,7941,3809,4132,1986,928,1058,
19880,7948,3817,4131,13906,6741,7165,15893,7680,8213,13904,6675,7229,7944,3812,4132,1986,928,1058,
19885,7949,3817,4132,13909,6744,7165,15894,7681,8213,13907,6675,7232,7945,3813,4132,1987,929,1058,
19890,7952,3818,4134,13913,6745,7168,15901,7684,8217,13911,6678,7233,7948,3814,4134,1987,929,1058,
19895,7953,3818,4135,13916,6748,7168,15902,7685,8217,13914,6678,7236,7949,3814,4135,1988,930,1058,
19900,7956,3818,4138,13920,6750,7170,15909,7690,8219,13918,6679,7239,7952,3817,4135,1988,930,1058,
19905,7957,3818,4139,13923,6751,7172,15910,7691,8219,13921,6681,7240,7953,3818,4135,1989,930,1059,
19910,7960,3820,4140,13927,6752,7175,15917,7692,8225,13925,6682,7243,7956,3820,4136,1989,930,1059,
19915,7961,3821,4140,13930,6754,7176,15918,7692,8226,13928,6684,7244,7957,3821,4136,1990,931,1059,
19920,7964,3822,4142,13934,6756,7178,15925,7696,8229,13932,6685,7247,7960,3822,4138,1990,931,1059,
19925,7965,3822,4143,13937,6758,7179,15926,7696,8230,13935,6686,7249,7961,3823,4138,1991,931,1060,
19930,7968,3822,4146,13941,6761,7180,15933,7701,8232,13939,6686,7253,7964,3825,4139,1991,931,1060,
19935,7969,3823,4146,13944,6762,7182,15934,7702,8232,13942,6688,7254,7965,3825,4140,1992,932,1060,
19940,7972,3824,4148,13948,6765,7183,15941,7705,8236,13946,6689,7257,7968,3826,4142,1992,932,1060,
19945,7973,3825,4148,13951,6766,7185,15942,7706,8236,13949,6690,7259,7969,3827,4142,1993,932,1061,
19950,7976,3826,4150,13955,6767,7188,15949,7711,8238,13953,6692,7261,7972,3830,4142,1993,932,1061,
19955,7977,3826,4151,13958,6769,7189,15950,7712,8238,13956,6692,7264,7973,3831,4142,1994,932,1062,
19960,7980,3826,4154,13962,6771,7191,15957,7715,8242,13960,6694,7266,7976,3831,4145,1994,932,1062,
19965,7981,3826,4155,13965,6771,7194,15958,7716,8242,13963,6695,7268,7977,3831,4146,1995,933,1062,
19970,7984,3828,4156,13969,6772,7197,15965,7719,8246,13967,6698,7269,7980,3833,4147,1995,933,1062,
19975,7985,3828,4157,13972,6773,7199,15966,7720,8246,13970,6699,7271,7981,3834,4147,1996,934,1062,
19980,7988,3828,4160,13976,6775,7201,15973,7722,8251,13974,6700,7274,7984,3836,4148,1996,934,1062,
19985,7989,3829,4160,13979,6775,7204,15974,7723,8251,13977,6701,7276,7985,3837,4148,1997,934,1063,
19990,7992,3831,4161,13983,6775,7208,15981,7726,8255,13981,6704,7277,7988,3838,4150,1997,934,1063,
19995,7993,3831,4162,13986,6776,7210,15982,7726,8256,13984,6706,7278,7989,3839,4150,1998,935,1063,
20000,7996,3833,4163,13990,6777,7213,15989,7730,8259,13988,6708,7280,7992,3842,4150,1998,935,1063,
20005,7997,3834,4163,13993,6779,7214,15990,7731,8259,13991,6710,7281,7993,3843,4150,1999,936,1063,
20010,8000,3837,4163,13997,6780,7217,15997,7734,8263,13995,6712,7283,7996,3844,4152,1999,936,1063,
20015,8001,3838,4163,14000,6782,7218,15998,7734,8264,13998,6713,7285,7997,3844,4153,2000,937,1063,
20020,8004,3838,4166,14004,6785,7219,16005,7739,8266,14002,6714,7288,8000,3845,4155,2000,937,1063,
20025,8005,3839,4166,14007,6786,7221,16006,7739,8267,14005,6715,7290,8001,3845,4156,2001,937,1064,
20030,8008,3839,4169,14011,6789,7222,16013,7744,8269,14009,6717,7292,8004,3845,4159,2001,937,1064,
20035,8009,3839,4170,14014,6791,7223,16014,7744,8270,14012,6719,7293,8005,3845,4160,2002,938,1064,
20040,8012,3841,4171,14018,6794,7224,16021,7748,8273,14016,6722,7294,8008,3847,4161,2002,938,1064,
20045,8013,3841,4172,14021,6796,7225,16022,7749,8273,14019,6723,7296,8009,3848,4161,2003,938,1065,
20050,8016,3843,4173,14025,6800,7225,16029,7752,8277,14023,6725,7298,8012,3849,4163,2003,938,1065,
20055,8017,3844,4173,14028,6802,7226,16030,7753,8277,14026,6727,7299,8013,3850,4163,2004,938,1066,
20060,8020,3846,4174,14032,6805,7227,16037,7756,8281,14030,6728,7302,8016,3852,4164,2004,938,1066,
20065,8021,3847,4174,14035,6807,7228,16038,7756,8282,14033,6729,7304,8017,3852,4165,2005,938,1067,
20070,8024,3848,4176,14039,6809,7230,16045,7759,8286,14037,6730,7307,8020,3854,4166,2005,938,1067,
20075,8025,3848,4177,14042,6809,7233,16046,7759,8287,14040,6732,7308,8021,3855,4166,2006,938,1068,
20080,8028,3848,4180,14046,6811,7235,16053,7764,8289,14044,6733,7311,8024,3856,4168,2006,938,1068,
20085,8029,3848,4181,14049,6814,7235,16054,7764,8290,14047,6735,7312,8025,3856,4169,2007,938,1069,
20090,8032,3850,4182,14053,6815,7238,16061,7767,8294,14051,6738,7313,8028,3857,4171,2007,938,1069,
20095,8033,3851,4182,14056,6815,7241,16062,7767,8295,14054,6740,7314,8029,3857,4172,2008,939,1069,
20100,8036,3853,4183,14060,6817,7243,16069,7770,8299,14058,6742,7316,8032,3857,4175,2008,939,1069,
20105,8037,3853,4184,14063,6818,7245,16070,7770,8300,14061,6743,7318,8033,3857,4176,2009,940,1069,
20110,8040,3853,4187,14067,6821,7246,16077,7773,8304,14065,6745,7320,8036,3858,4178,2009,940,1069,
20115,8041,3853,4188,14070,6822,7248,16078,7774,8304,14068,6747,7321,8037,3859,4178,2010,940,1070,
20120,8044,3854,4190,14074,6824,7250,16085,7778,8307,14072,6749,7323,8040,3860,4180,2010,940,1070,
20125,8045,3854,4191,14077,6825,7252,16086,7779,8307,14075,6751,7324,8041,3861,4180,2011,940,1071,
20130,8048,3855,4193,14081,6827,7254,16093,7781,8312,14079,6752,7327,8044,3863,4181,2011,940,1071,
20135,8049,3856,4193,14084,6829,7255,16094,7782,8312,14082,6753,7329,8045,3863,4182,2012,940,1072,
20140,8052,3858,4194,14088,6830,7258,16101,7785,8316,14086,6755,7331,8048,3865,4183,2012,940,1072,
20145,8053,3858,4195,14091,6830,7261,16102,7786,8316,14089,6755,7334,8049,3866,4183,2013,940,1073,
20150,8056,3860,4196,14095,6833,7262,16109,7788,8321,14093,6758,7335,8052,3868,4184,2013,940,1073,
20155,8057,3860,4197,14098,6833,7265,16110,7788,8322,14096,6759,7337,8053,3868,4185,2014,940,1074,
20160,8060,3862,4198,14102,6836,7266,16117,7790,8327,14100,6762,7338,8056,3871,4185,2014,940,1074,
20165,8061,3863,4198,14105,6837,7268,16118,7790,8328,14103,6762,7341,8057,3872,4185,2015,940,1075,
20170,8064,3863,4201,14109,6838,7271,16125,7792,8333,14107,6764,7343,8060,3875,4185,2015,940,1075,
20175,8065,3864,4201,14112,6840,7272,16126,7793,8333,14110,6765,7345,8061,3876,4185,2016,940,1076,
20180,8068,3866,4202,14116,6842,7274,16133,7795,8338,14114,6769,7345,8064,3878,4186,2016,940,1076,
20185,8069,3866,4203,14119,6843,7276,16134,7795,8339,14117,6769,7348,8065,3879,4186,2017,941,1076,
20190,8072,3866,4206,14123,6847,7276,16141,7798,8343,14121,6773,7348,8068,3881,4187,2017,941,1076,
20195,8073,3866,4207,14126,6847,7279,16142,7799,8343,14124,6775,7349,8069,3882,4187,2018,942,1076,
20200,8076,3868,4208,14130,6849,7281,16149,7802,8347,14128,6777,7351,8072,3885,4187,2018,942,1076,
20205,8077,3869,4208,14133,6850,7283,16150,7803,8347,14131,6779,7352,8073,3885,4188,2019,943,1076,
20210,8080,3870,4210,14137,6850,7287,16157,7806,8351,14135,6781,7354,8076,3885,4191,2019,943,1076,
20215,8081,3870,4211,14140,6851,7289,16158,7806,8352,14138,6784,7354,8077,3886,4191,2020,944,1076,
20220,8084,3871,4213,14144,6852,7292,16165,7807,8358,14142,6785,7357,8080,3888,4192,2020,944,1076,
20225,8085,3871,4214,14147,6854,7293,16166,7807,8359,14145,6788,7357,8081,3888,4193,2021,944,1077,
20230,8088,3872,4216,14151,6855,7296,16173,7811,8362,14149,6790,7359,8084,3889,4195,2021,944,1077,
20235,8089,3873,4216,14154,6856,7298,16174,7811,8363,14152,6792,7360,8085,3889,4196,2022,944,1078,
20240,8092,3873,4219,14158,6859,7299,16181,7816,8365,14156,6794,7362,8088,3891,4197,2022,944,1078,
20245,8093,3874,4219,14161,6861,7300,16182,7816,8366,14159,6795,7364,8089,3892,4197,2023,945,1078,
20250,8096,3876,4220,14165,6862,7303,16189,7820,8369,14163,6797,7366,8092,3894,4198,2023,945,1078,
20255,8097,3877,4220,14168,6864,7304,16190,7820,8370,14166,6798,7368,8093,3894,4199,2024,945,1079,
20260,8100,3879,4221,14172,6867,7305,16197,7824,8373,14170,6801,7369,8096,3895,4201,2024,945,1079,
20265,8101,3879,4222,14175,6867,7308,16198,7824,8374,14173,6802,7371,8097,3896,4201,2025,945,1080,
20270,8104,3881,4223,14179,6870,7309,16205,7825,8380,14177,6804,7373,8100,3897,4203,2025,945,1080,
20275,8105,3882,4223,14182,6870,7312,16206,7825,8381,14180,6806,7374,8101,3898,4203,2026,945,1081,
20280,8108,3885,4223,14186,6871,7315,16213,7830,8383,14184,6807,7377,8104,3898,4206,2026,945,1081,
20285,8109,3886,4223,14189,6872,7317,16214,7830,8384,14187,6807,7380,8105,3898,4207,2027,946,1081,
20290,8112,3888,4224,14193,6873,7320,16221,7834,8387,14191,6808,7383,8108,3900,4208,2027,946,1081,
20295,8113,3889,4224,14196,6875,7321,16222,7834,8388,14194,6811,7383,8109,3900,4209,2028,946,1082,
20300,8116,3890,4226,14200,6878,7322,16229,7836,8393,14198,6813,7385,8112,3901,4211,2028,946,1082,
20305,8117,3890,4227,14203,6878,7325,16230,7836,8394,14201,6814,7387,8113,3901,4212,2029,946,1083,
20310,8120,3891,4229,14207,6881,7326,16237,7838,8399,14205,6815,7390,8116,3903,4213,2029,946,1083,
20315,8121,3892,4229,14210,6882,7328,16238,7839,8399,14208,6815,7393,8117,3903,4214,2030,946,1084,
20320,8124,3894,4230,14214,6885,7329,16245,7841,8404,14212,6815,7397,8120,3904,4216,2030,946,1084,
20325,8125,3895,4230,14217,6886,7331,16246,7842,8404,14215,6815,7400,8121,3905,4216,2031,946,1085,
20330,8128,3896,4232,14221,6888,7333,16253,7847,8406,14219,6817,7402,8124,3906,4218,2031,946,1085,
20335,8129,3897,4232,14224,6889,7335,16254,7847,8407,14222,6819,7403,8125,3907,4218,2032,947,1085,
20340,8132,3898,4234,14228,6889,7339,16261,7852,8409,14226,6821,7405,8128,3910,4218,2032,947,1085,
20345,8133,3898,4235,14231,6890,7341,16262,7852,8410,14229,6822,7407,8129,3911,4218,2033,948,1085,
20350,8136,3900,4236,14235,6892,7343,16269,7855,8414,14233,6823,7410,8132,3913,4219,2033,948,1085,
20355,8137,3900,4237,14238,6894,7344,16270,7855,8415,14236,6825,7411,8133,3913,4220,2034,948,1086,
20360,8140,3900,4240,14242,6897,7345,16277,7859,8418,14240,6826,7414,8136,3916,4220,2034,948,1086,
20365,8141,3901,4240,14245,6899,7346,16278,7860,8418,14243,6826,7417,8137,3916,4221,2035,949,1086,
20370,8144,3903,4241,14249,6901,7348,16285,7863,8422,14247,6828,7419,8140,3917,4223,2035,949,1086,
20375,8145,3903,4242,14252,6903,7349,16286,7863,8423,14250,6831,7419,8141,3918,4223,2036,949,1087,
20380,8148,3905,4243,14256,6904,7352,16293,7867,8426,14254,6833,7421,8144,3920,4224,2036,949,1087,
20385,8149,3905,4244,14259,6905,7354,16294,7867,8427,14257,6833,7424,8145,3921,4224,2037,950,1087,
20390,8152,3907,4245,14263,6907,7356,16301,7873,8428,14261,6836,7425,8148,3923,4225,2037,950,1087,
20395,8153,3908,4245,14266,6909,7357,16302,7874,8428,14264,6838,7426,8149,3923,4226,2038,951,1087,
20400,8156,3910,4246,14270,6910,7360,16309,7878,8431,14268,6838,7430,8152,3926,4226,2038,951,1087,
20405,8157,3910,4247,14273,6911,7362,16310,7878,8432,14271,6840,7431,8153,3926,4227,2039,952,1087,
20410,8160,3910,4250,14277,6912,7365,16317,7879,8438,14275,6842,7433,8156,3926,4230,2039,952,1087,
20415,8161,3910,4251,14280,6912,7368,16318,7880,8438,14278,6844,7434,8157,3926,4231,2040,953,1087,
20420,8164,3912,4252,14284,6913,7371,16325,7884,8441,14282,6847,7435,8160,3928,4232,2040,953,1087,
20425,8165,3912,4253,14287,6914,7373,16326,7884,8442,14285,6847,7438,8161,3929,4232,2041,954,1087,
20430,8168,3913,4255,14291,6914,7377,16333,7888,8445,14289,6849,7440,8164,3929,4235,2041,954,1087,
20435,8169,3913,4256,14294,6915,7379,16334,7889,8445,14292,6850,7442,8165,3930,4235,2042,955,1087,
20440,8172,3914,4258,14298,6916,7382,16341,7893,8448,14296,6852,7444,8168,3931,4237,2042,955,1087,
20445,8173,3915,4258,14301,6917,7384,16342,7894,8448,14299,6854,7445,8169,3932,4237,2043,955,1088,
20450,8176,3916,4260,14305,6918,7387,16349,7898,8451,14303,6856,7447,8172,3933,4239,2043,955,1088,
20455,8177,3916,4261,14308,6921,7387,16350,7898,8452,14306,6857,7449,8173,3934,4239,2044,956,1088,
20460,8180,3916,4264,14312,6924,7388,16357,7899,8458,14310,6858,7452,8176,3936,4240,2044,956,1088,
20465,8181,3916,4265,14315,6926,7389,16358,7899,8459,14313,6860,7453,8177,3936,4241,2045,956,1089,
20470,8184,3919,4265,14319,6928,7391,16365,7903,8462,14317,6862,7455,8180,3938,4242,2045,956,1089,
20475,8185,3919,4266,14322,6930,7392,16366,7903,8463,14320,6864,7456,8181,3938,4243,2046,956,1090,
20480,8188,3920,4268,14326,6932,7394,16373,7906,8467,14324,6867,7457,8184,3940,4244,2046,956,1090,
20485,8189,3921,4268,14329,6933,7396,16374,7906,8468,14327,6869,7458,8185,3941,4244,2047,956,1091,
20490,8192,3923,4269,14333,6935,7398,16381,7910,8471,14331,6871,7460,8188,3942,4246,2047,956,1091,
20495,8193,3923,4270,14336,6936,7400,16382,7910,8472,14334,6872,7462,8189,3943,4246,2048,957,1091,
20500,8196,3926,4270,14340,6938,7402,16389,7916,8473,14338,6873,7465,8192,3944,4248,2048,957,1091,
20505,8197,3927,4270,14343,6938,7405,16390,7917,8473,14341,6875,7466,8193,3945,4248,2049,958,1091,
20510,8200,3930,4270,14347,6939,7408,16397,7917,8480,14345,6877,7468,8196,3946,4250,2049,958,1091,
20515,8201,3931,4270,14350,6940,7410,16398,7917,8481,14348,6878,7470,8197,3947,4250,2050,958,1092,
20520,8204,3933,4271,14354,6943,7411,16405,7920,8485,14352,6881,7471,8200,3948,4252,2050,958,1092,
20525,8205,3933,4272,14357,6943,7414,16406,7921,8485,14355,6883,7472,8201,3948,4253,2051,958,1093,
20530,8208,3935,4273,14361,6945,7416,16413,7924,8489,14359,6884,7475,8204,3950,4254,2051,958,1093,
20535,8209,3936,4273,14364,6947,7417,16414,7924,8490,14362,6886,7476,8205,3951,4254,2052,958,1094,
20540,8212,3938,4274,14368,6947,7421,16421,7928,8493,14366,6888,7478,8208,3953,4255,2052,958,1094,
20545,8213,3939,4274,14371,6949,7422,16422,7928,8494,14369,6888,7481,8209,3954,4255,2053,958,1095,
20550,8216,3940,4276,14375,6951,7424,16429,7929,8500,14373,6891,7482,8212,3954,4258,2053,958,1095,
20555,8217,3940,4277,14378,6951,7427,16430,7930,8500,14376,6892,7484,8213,3955,4258,2054,959,1095,
20560,8220,3941,4279,14382,6954,7428,16437,7934,8503,14380,6895,7485,8216,3956,4260,2054,959,1095,
20565,8221,3942,4279,14385,6954,7431,16438,7935,8503,14383,6895,7488,8217,3957,4260,2055,959,1096,
20570,8224,3944,4280,14389,6954,7435,16445,7938,8507,14387,6896,7491,8220,3960,4260,2055,959,1096,
20575,8225,3944,4281,14392,6956,7436,16446,7939,8507,14390,6897,7493,8221,3961,4260,2056,960,1096,
20580,8228,3945,4283,14396,6957,7439,16453,7942,8511,14394,6900,7494,8224,3963,4261,2056,960,1096,
20585,8229,3945,4284,14399,6958,7441,16454,7943,8511,14397,6903,7494,8225,3964,4261,2057,961,1096,
20590,8232,3947,4285,14403,6959,7444,16461,7947,8514,14401,6905,7496,8228,3967,4261,2057,961,1096,
20595,8233,3947,4286,14406,6961,7445,16462,7947,8515,14404,6907,7497,8229,3968,4261,2058,962,1096,
20600,8236,3947,4289,14410,6961,7449,16469,7949,8520,14408,6910,7498,8232,3969,4263,2058,962,1096,
20605,8237,3948,4289,14413,6964,7449,16470,7950,8520,14411,6911,7500,8233,3969,4264,2059,963,1096,
20610,8240,3949,4291,14417,6967,7450,16477,7955,8522,14415,6913,7502,8236,3970,4266,2059,963,1096,
20615,8241,3950,4291,14420,6969,7451,16478,7955,8523,14418,6915,7503,8237,3970,4267,2060,963,1097,
20620,8244,3950,4294,14424,6971,7453,16485,7957,8528,14422,6919,7503,8240,3971,4269,2060,963,1097,
20625,8245,3950,4295,14427,6973,7454,16486,7957,8529,14425,6921,7504,8241,3972,4269,2061,964,1097,
20630,8248,3951,4297,14431,6976,7455,16493,7959,8534,14429,6924,7505,8244,3973,4271,2061,964,1097,
20635,8249,3952,4297,14434,6977,7457,16494,7959,8535,14432,6926,7506,8245,3973,4272,2062,964,1098,
20640,8252,3954,4298,14438,6979,7459,16501,7960,8541,14436,6930,7506,8248,3975,4273,2062,964,1098,
20645,8253,3955,4298,14441,6980,7461,16502,7960,8542,14439,6931,7508,8249,3976,4273,2063,965,1098,
20650,8256,3957,4299,14445,6981,7464,16509,7965,8544,14443,6934,7509,8252,3977,4275,2063,965,1098,
20655,8257,3958,4299,14448,6983,7465,16510,7965,8545,14446,6936,7510,8253,3978,4275,2064,966,1098,
20660,8260,3959,4301,14452,6983,7469,16517,7968,8549,14450,6937,7513,8256,3979,4277,2064,966,1098,
20665,8261,3960,4301,14455,6985,7470,16518,7968,8550,14453,6940,7513,8257,3980,4277,2065,966,1099,
20670,8264,3962,4302,14459,6989,7470,16525,7970,8555,14457,6943,7514,8260,3981,4279,2065,966,1099,
20675,8265,3963,4302,14462,6991,7471,16526,7970,8556,14460,6946,7514,8261,3981,4280,2066,967,1099,
20680,8268,3963,4305,14466,6993,7473,16533,7970,8563,14464,6949,7515,8264,3983,4281,2066,967,1099,
20685,8269,3964,4305,14469,6994,7475,16534,7970,8564,14467,6951,7516,8265,3984,4281,2067,968,1099,
20690,8272,3966,4306,14473,6995,7478,16541,7973,8568,14471,6954,7517,8268,3987,4281,2067,968,1099,
20695,8273,3966,4307,14476,6997,7479,16542,7973,8569,14474,6956,7518,8269,3987,4282,2068,969,1099,
20700,8276,3968,4308,14480,7000,7480,16549,7976,8573,14478,6956,7522,8272,3990,4282,2068,969,1099,
20705,8277,3969,4308,14483,7001,7482,16550,7977,8573,14481,6958,7523,8273,3991,4282,2069,970,1099,
20710,8280,3971,4309,14487,7003,7484,16557,7980,8577,14485,6962,7523,8276,3992,4284,2069,970,1099,
20715,8281,3972,4309,14490,7005,7485,16558,7980,8578,14488,6962,7526,8277,3992,4285,2070,971,1099,
20720,8284,3973,4311,14494,7007,7487,16565,7984,8581,14492,6964,7528,8280,3995,4285,2070,971,1099,
20725,8285,3973,4312,14497,7008,7489,16566,7985,8581,14495,6966,7529,8281,3996,4285,2071,971,1100,
20730,8288,3975,4313,14501,7011,7490,16573,7988,8585,14499,6967,7532,8284,3997,4287,2071,971,1100,
20735,8289,3976,4313,14504,7011,7493,16574,7988,8586,14502,6969,7533,8285,3997,4288,2072,971,1101,
20740,8292,3976,4316,14508,7013,7495,16581,7992,8589,14506,6972,7534,8288,3998,4290,2072,971,1101,
20745,8293,3977,4316,14511,7013,7498,16582,7993,8589,14509,6973,7536,8289,3998,4291,2073,972,1101,
20750,8296,3978,4318,14515,7014,7501,16589,7995,8594,14513,6974,7539,8292,4001,4291,2073,972,1101,
20755,8297,3978,4319,14518,7014,7504,16590,7996,8594,14516,6976,7540,8293,4001,4292,2074,973,1101,
20760,8300,3979,4321,14522,7016,7506,16597,8001,8596,14520,6979,7541,8296,4003,4293,2074,973,1101,
20765,8301,3979,4322,14525,7017,7508,16598,8002,8596,14523,6981,7542,8297,4004,4293,2075,974,1101,
20770,8304,3980,4324,14529,7019,7510,16605,8004,8601,14527,6982,7545,8300,4005,4295,2075,974,1101,
20775,8305,3981,4324,14532,7020,7512,16606,8005,8601,14530,6984,7546,8301,4006,4295,2076,975,1101,
20780,8308,3982,4326,14536,7022,7514,16613,8006,8607,14534,6987,7547,8304,4008,4296,2076,975,1101,
20785,8309,3982,4327,14539,7024,7515,16614,8007,8607,14537,6988,7549,8305,4008,4297,2077,976,1101,
20790,8312,3984,4328,14543,7027,7516,16621,8009,8612,14541,6989,7552,8308,4009,4299,2077,976,1101,
20795,8313,3985,4328,14546,7029,7517,16622,8009,8613,14544,6991,7553,8309,4010,4299,2078,977,1101,
20800,8316,3986,4330,14550,7031,7519,16629,8014,8615,14548,6993,7555,8312,4012,4300,2078,977,1101,
20805,8317,3987,4330,14553,7032,7521,16630,8014,8616,14551,6993,7558,8313,4012,4301,2079,978,1101,
20810,8320,3989,4331,14557,7034,7523,16637,8018,8619,14555,6996,7559,8316,4014,4302,2079,978,1101,
20815,8321,3990,4331,14560,7035,7525,16638,8019,8619,14558,6998,7560,8317,4014,4303,2080,978,1102,
20820,8324,3992,4332,14564,7035,7529,16645,8024,8621,14562,7000,7562,8320,4016,4304,2080,978,1102,
20825,8325,3993,4332,14567,7036,7531,16646,8024,8622,14565,7000,7565,8321,4017,4304,2081,978,1103,
20830,8328,3996,4332,14571,7039,7532,16653,8026,8627,14569,7002,7567,8324,4019,4305,2081,978,1103,
20835,8329,3997,4332,14574,7041,7533,16654,8026,8628,14572,7005,7567,8325,4020,4305,2082,979,1103,
20840,8332,4000,4332,14578,7043,7535,16661,8029,8632,14576,7007,7569,8328,4020,4308,2082,979,1103,
20845,8333,4000,4333,14581,7044,7537,16662,8030,8632,14579,7009,7570,8329,4020,4309,2083,980,1103,
20850,8336,4002,4334,14585,7046,7539,16669,8036,8633,14583,7012,7571,8332,4021,4311,2083,980,1103,
20855,8337,4002,4335,14588,7047,7541,16670,8037,8633,14586,7013,7573,8333,4021,4312,2084,980,1104,
20860,8340,4002,4338,14592,7049,7543,16677,8038,8639,14590,7015,7575,8336,4022,4314,2084,980,1104,
20865,8341,4002,4339,14595,7049,7546,16678,8039,8639,14593,7018,7575,8337,4022,4315,2085,980,1105,
20870,8344,4004,4340,14599,7051,7548,16685,8043,8642,14597,7020,7577,8340,4024,4316,2085,980,1105,
20875,8345,4004,4341,14602,7053,7549,16686,8044,8642,14600,7021,7579,8341,4024,4317,2086,981,1105,
20880,8348,4007,4341,14606,7054,7552,16693,8048,8645,14604,7022,7582,8344,4026,4318,2086,981,1105,
20885,8349,4008,4341,14609,7055,7554,16694,8049,8645,14607,7025,7582,8345,4027,4318,2087,982,1105,
20890,8352,4011,4341,14613,7057,7556,16701,8053,8648,14611,7027,7584,8348,4028,4320,2087,982,1105,
20895,8353,4011,4342,14616,7059,7557,16702,8053,8649,14614,7028,7586,8349,4029,4320,2088,983,1105,
20900,8356,4013,4343,14620,7063,7557,16709,8058,8651,14618,7031,7587,8352,4031,4321,2088,983,1105,
20905,8357,4013,4344,14623,7064,7559,16710,8058,8652,14621,7033,7588,8353,4032,4321,2089,983,1106,
20910,8360,4014,4346,14627,7068,7559,16717,8062,8655,14625,7034,7591,8356,4033,4323,2089,983,1106,
20915,8361,4014,4347,14630,7069,7561,16718,8063,8655,14628,7035,7593,8357,4033,4324,2090,984,1106,
20920,8364,4014,4350,14634,7070,7564,16725,8065,8660,14632,7036,7596,8360,4034,4326,2090,984,1106,
20925,8365,4015,4350,14637,7072,7565,16726,8065,8661,14635,7037,7598,8361,4035,4326,2091,985,1106,
20930,8368,4017,4351,14641,7075,7566,16733,8068,8665,14639,7040,7599,8364,4037,4327,2091,985,1106,
20935,8369,4018,4351,14644,7077,7567,16734,8069,8665,14642,7041,7601,8365,4037,4328,2092,986,1106,
20940,8372,4018,4354,14648,7078,7570,16741,8071,8670,14646,7045,7601,8368,4040,4328,2092,986,1106,
20945,8373,4018,4355,14651,7080,7571,16742,8072,8670,14649,7045,7604,8369,4041,4328,2093,987,1106,
20950,8376,4019,4357,14655,7083,7572,16749,8074,8675,14653,7048,7605,8372,4043,4329,2093,987,1106,
20955,8377,4020,4357,14658,7084,7574,16750,8075,8675,14656,7050,7606,8373,4044,4329,2094,988,1106,
20960,8380,4021,4359,14662,7087,7575,16757,8079,8678,14660,7051,7609,8376,4047,4329,2094,988,1106,
20965,8381,4021,4360,14665,7088,7577,16758,8080,8678,14663,7053,7610,8377,4047,4330,2095,989,1106,
20970,8384,4021,4363,14669,7091,7578,16765,8082,8683,14667,7054,7613,8380,4048,4332,2095,989,1106,
20975,8385,4021,4364,14672,7092,7580,16766,8083,8683,14670,7055,7615,8381,4049,4332,2096,990,1106,
20980,8388,4022,4366,14676,7092,7584,16773,8089,8684,14674,7057,7617,8384,4050,4334,2096,990,1106,
20985,8389,4022,4367,14679,7093,7586,16774,8089,8685,14677,7058,7619,8385,4051,4334,2097,991,1106,
20990,8392,4024,4368,14683,7095,7588,16781,8093,8688,14681,7060,7621,8388,4052,4336,2097,991,1106,
20995,8393,4024,4369,14686,7096,7590,16782,8094,8688,14684,7062,7622,8389,4052,4337,2098,991,1107,
21000,8396,4026,4370,14690,7098,7592,16789,8097,8692,14688,7063,7625,8392,4054,4338,2098,991,1107,
21005,8397,4027,4370,14693,7099,7594,16790,8097,8693,14691,7063,7628,8393,4055,4338,2099,992,1107,
21010,8400,4027,4373,14697,7100,7597,16797,8099,8698,14695,7065,7630,8396,4056,4340,2099,992,1107,
21015,8401,4027,4374,14700,7101,7599,16798,8100,8698,14698,7066,7632,8397,4057,4340,2100,992,1108,
21020,8404,4027,4377,14704,7103,7601,16805,8102,8703,14702,7068,7634,8400,4058,4342,2100,992,1108,
21025,8405,4028,4377,14707,7104,7603,16806,8102,8704,14705,7071,7634,8401,4059,4342,2101,993,1108,
21030,8408,4029,4379,14711,7106,7605,16813,8103,8710,14709,7074,7635,8404,4062,4342,2101,993,1108,
21035,8409,4029,4380,14714,7108,7606,16814,8104,8710,14712,7076,7636,8405,4062,4343,2102,993,1109,
21040,8412,4030,4382,14718,7109,7609,16821,8108,8713,14716,7078,7638,8408,4063,4345,2102,993,1109,
21045,8413,4030,4383,14721,7110,7611,16822,8108,8714,14719,7080,7639,8409,4064,4345,2103,993,1110,
21050,8416,4032,4384,14725,7113,7612,16829,8111,8718,14723,7082,7641,8412,4064,4348,2103,993,1110,
21055,8417,4033,4384,14728,7116,7612,16830,8112,8718,14726,7084,7642,8413,4065,4348,2104,993,1111,
21060,8420,4034,4386,14732,7117,7615,16837,8116,8721,14730,7085,7645,8416,4067,4349,2104,993,1111,
21065,8421,4035,4386,14735,7119,7616,16838,8117,8721,14733,7087,7646,8417,4068,4349,2105,994,1111,
21070,8424,4036,4388,14739,7120,7619,16845,8119,8726,14737,7088,7649,8420,4069,4351,2105,994,1111,
21075,8425,4036,4389,14742,7120,7622,16846,8119,8727,14740,7090,7650,8421,4070,4351,2106,994,1112,
21080,8428,4038,4390,14746,7123,7623,16853,8124,8729,14744,7093,7651,8424,4073,4351,2106,994,1112,
21085,8429,4039,4390,14749,7125,7624,16854,8125,8729,14747,7095,7652,8425,4074,4351,2107,994,1113,
21090,8432,4040,4392,14753,7126,7627,16861,8129,8732,14751,7098,7653,8428,4075,4353,2107,994,1113,
21095,8433,4040,4393,14756,7126,7630,16862,8130,8732,14754,7098,7656,8429,4076,4353,2108,994,1114,
21100,8436,4041,4395,14760,7129,7631,16869,8132,8737,14758,7099,7659,8432,4076,4356,2108,994,1114,
21105,8437,4042,4395,14763,7130,7633,16870,8133,8737,14761,7100,7661,8433,4077,4356,2109,995,1114,
21110,8440,4042,4398,14767,7133,7634,16877,8137,8740,14765,7104,7661,8436,4079,4357,2109,995,1114,
21115,8441,4042,4399,14770,7134,7636,16878,8138,8740,14768,7106,7662,8437,4080,4357,2110,996,1114,
21120,8444,4042,4402,14774,7137,7637,16885,8142,8743,14772,7109,7663,8440,4082,4358,2110,996,1114,
21125,8445,4042,4403,14777,7138,7639,16886,8143,8743,14775,7112,7663,8441,4083,4358,2111,996,1115,
21130,8448,4044,4404,14781,7140,7641,16893,8147,8746,14779,7113,7666,8444,4085,4359,2111,996,1115,
21135,8449,4044,4405,14784,7142,7642,16894,8148,8746,14782,7113,7669,8445,4086,4359,2112,996,1116,
21140,8452,4046,4406,14788,7143,7645,16901,8153,8748,14786,7114,7672,8448,4088,4360,2112,996,1116,
21145,8453,4047,4406,14791,7143,7648,16902,8153,8749,14789,7116,7673,8449,4088,4361,2113,996,1117,
21150,8456,4048,4408,14795,7145,7650,16909,8156,8753,14793,7117,7676,8452,4089,4363,2113,996,1117,
21155,8457,4049,4408,14798,7148,7650,16910,8157,8753,14796,7119,7677,8453,4089,4364,2114,996,1118,
21160,8460,4051,4409,14802,7150,7652,16917,8158,8759,14800,7121,7679,8456,4090,4366,2114,996,1118,
21165,8461,4052,4409,14805,7152,7653,16918,8158,8760,14803,7123,7680,8457,4091,4366,2115,996,1119,
21170,8464,4053,4411,14809,7153,7656,16925,8164,8761,14807,7125,7682,8460,4091,4369,2115,996,1119,
21175,8465,4054,4411,14812,7154,7658,16926,8165,8761,14810,7126,7684,8461,4092,4369,2116,997,1119,
21180,8468,4056,4412,14816,7158,7658,16933,8169,8764,14814,7129,7685,8464,4094,4370,2116,997,1119,
21185,8469,4056,4413,14819,7160,7659,16934,8169,8765,14817,7129,7688,8465,4094,4371,2117,997,1120,
21190,8472,4059,4413,14823,7162,7661,16941,8173,8768,14821,7132,7689,8468,4095,4373,2117,997,1120,
21195,8473,4060,4413,14826,7162,7664,16942,8173,8769,14824,7133,7691,8469,4096,4373,2118,998,1120,
21200,8476,4061,4415,14830,7164,7666,16949,8178,8771,14828,7134,7694,8472,4098,4374,2118,998,1120,
21205,8477,4061,4416,14833,7166,7667,16950,8178,8772,14831,7135,7696,8473,4099,4374,2119,999,1120,
21210,8480,4063,4417,14837,7168,7669,16957,8181,8776,14835,7138,7697,8476,4101,4375,2119,999,1120,
21215,8481,4064,4417,14840,7168,7672,16958,8182,8776,14838,7141,7697,8477,4101,4376,2120,1000,1120,
21220,8484,4065,4419,14844,7170,7674,16965,8183,8782,14842,7143,7699,8480,4102,4378,2120,1000,1120,
21225,8485,4066,4419,14847,7170,7677,16966,8183,8783,14845,7144,7701,8481,4102,4379,2121,1000,1121,
21230,8488,4067,4421,14851,7173,7678,16973,8188,8785,14849,7145,7704,8484,4103,4381,2121,1000,1121,
21235,8489,4067,4422,14854,7175,7679,16974,8188,8786,14852,7147,7705,8485,4103,4382,2122,1000,1122,
21240,8492,4068,4424,14858,7178,7680,16981,8191,8790,14856,7149,7707,8488,4105,4383,2122,1000,1122,
21245,8493,4068,4425,14861,7181,7680,16982,8191,8791,14859,7151,7708,8489,4106,4383,2123,1000,1123,
21250,8496,4070,4426,14865,7183,7682,16989,8193,8796,14863,7153,7710,8492,4109,4383,2123,1000,1123,
21255,8497,4071,4426,14868,7185,7683,16990,8193,8797,14866,7153,7713,8493,4110,4383,2124,1001,1123,
21260,8500,4073,4427,14872,7186,7686,16997,8197,8800,14870,7155,7715,8496,4110,4386,2124,1001,1123,
21265,8501,4074,4427,14875,7188,7687,16998,8198,8800,14873,7157,7716,8497,4111,4386,2125,1002,1123,
21270,8504,4076,4428,14879,7189,7690,17005,8204,8801,14877,7158,7719,8500,4114,4386,2125,1002,1123,
21275,8505,4077,4428,14882,7191,7691,17006,8205,8801,14880,7159,7721,8501,4114,4387,2126,1003,1123,
21280,8508,4080,4428,14886,7193,7693,17013,8206,8807,14884,7160,7724,8504,4114,4390,2126,1003,1123,
21285,8509,4080,4429,14889,7193,7696,17014,8206,8808,14887,7161,7726,8505,4114,4391,2127,1003,1124,
21290,8512,4081,4431,14893,7195,7698,17021,8210,8811,14891,7163,7728,8508,4114,4394,2127,1003,1124,
21295,8513,4082,4431,14896,7198,7698,17022,8210,8812,14894,7165,7729,8509,4114,4395,2128,1003,1125,
21300,8516,4084,4432,14900,7201,7699,17029,8215,8814,14898,7165,7733,8512,4116,4396,2128,1003,1125,
21305,8517,4084,4433,14903,7203,7700,17030,8216,8814,14901,7167,7734,8513,4117,4396,2129,1003,1126,
21310,8520,4086,4434,14907,7204,7703,17037,8218,8819,14905,7169,7736,8516,4118,4398,2129,1003,1126,
21315,8521,4086,4435,14910,7206,7704,17038,8218,8820,14908,7169,7739,8517,4119,4398,2130,1004,1126,
21320,8524,4086,4438,14914,7207,7707,17045,8222,8823,14912,7172,7740,8520,4121,4399,2130,1004,1126,
21325,8525,4086,4439,14917,7209,7708,17046,8223,8823,14915,7175,7740,8521,4122,4399,2131,1005,1126,
21330,8528,4086,4442,14921,7210,7711,17053,8228,8825,14919,7175,7744,8524,4123,4401,2131,1005,1126,
21335,8529,4087,4442,14924,7210,7714,17054,8229,8825,14922,7176,7746,8525,4124,4401,2132,1006,1126,
21340,8532,4089,4443,14928,7211,7717,17061,8235,8826,14926,7178,7748,8528,4124,4404,2132,1006,1126,
21345,8533,4090,4443,14931,7213,7718,17062,8236,8826,14929,7179,7750,8529,4125,4404,2133,1006,1127,
21350,8536,4092,4444,14935,7216,7719,17069,8238,8831,14933,7181,7752,8532,4126,4406,2133,1006,1127,
21355,8537,4092,4445,14938,7218,7720,17070,8239,8831,14936,7182,7754,8533,4126,4407,2134,1006,1128,
21360,8540,4095,4445,14942,7219,7723,17077,8242,8835,14940,7182,7758,8536,4127,4409,2134,1006,1128,
21365,8541,4095,4446,14945,7220,7725,17078,8242,8836,14943,7183,7760,8537,4127,4410,2135,1007,1128,
21370,8544,4095,4449,14949,7221,7728,17085,8245,8840,14947,7185,7762,8540,4128,4412,2135,1007,1128,
21375,8545,4096,4449,14952,7222,7730,17086,8245,8841,14950,7186,7764,8541,4129,4412,2136,1008,1128,
21380,8548,4098,4450,14956,7223,7733,17093,8248,8845,14954,7187,7767,8544,4130,4414,2136,1008,1128,
21385,8549,4099,4450,14959,7225,7734,17094,8248,8846,14957,7188,7769,8545,4131,4414,2137,1009,1128,
21390,8552,4101,4451,14963,7227,7736,17101,8252,8849,14961,7190,7771,8548,4132,4416,2137,1009,1128,
21395,8553,4102,4451,14966,7228,7738,17102,8253,8849,14964,7191,7773,8549,4133,4416,2138,1009,1129,
21400,8556,4104,4452,14970,7230,7740,17109,8258,8851,14968,7193,7775,8552,4135,4417,2138,1009,1129,
21405,8557,4105,4452,14973,7232,7741,17110,8259,8851,14971,7195,7776,8553,4135,4418,2139,1009,1130,
21410,8560,4105,4455,14977,7236,7741,17117,8261,8856,14975,7197,7778,8556,4138,4418,2139,1009,1130,
21415,8561,4106,4455,14980,7236,7744,17118,8261,8857,14978,7198,7780,8557,4138,4419,2140,1009,1131,
21420,8564,4107,4457,14984,7236,7748,17125,8265,8860,14982,7200,7782,8560,4139,4421,2140,1009,1131,
21425,8565,4108,4457,14987,7237,7750,17126,8266,8860,14985,7200,7785,8561,4139,4422,2141,1009,1132,
21430,8568,4111,4457,14991,7238,7753,17133,8270,8863,14989,7202,7787,8564,4140,4424,2141,1009,1132,
21435,8569,4112,4457,14994,7238,7756,17134,8271,8863,14992,7203,7789,8565,4140,4425,2142,1010,1132,
21440,8572,4114,4458,14998,7239,7759,17141,8272,8869,14996,7206,7790,8568,4142,4426,2142,1010,1132,
21445,8573,4114,4459,15001,7240,7761,17142,8272,8870,14999,7208,7791,8569,4142,4427,2143,1010,1133,
21450,8576,4115,4461,15005,7243,7762,17149,8274,8875,15003,7211,7792,8572,4145,4427,2143,1010,1133,
21455,8577,4115,4462,15008,7246,7762,17150,8275,8875,15006,7212,7794,8573,4145,4428,2144,1010,1134,
21460,8580,4116,4464,15012,7249,7763,17157,8277,8880,15010,7215,7795,8576,4146,4430,2144,1010,1134,
21465,8581,4117,4464,15015,7252,7763,17158,8278,8880,15013,7216,7797,8577,4146,4431,2145,1010,1135,
21470,8584,4118,4466,15019,7253,7766,17165,8281,8884,15017,7218,7799,8580,4148,4432,2145,1010,1135,
21475,8585,4119,4466,15022,7255,7767,17166,8281,8885,15020,7220,7800,8581,4149,4432,2146,1011,1135,
21480,8588,4120,4468,15026,7256,7770,17173,8283,8890,15024,7222,7802,8584,4150,4434,2146,1011,1135,
21485,8589,4120,4469,15029,7257,7772,17174,8283,8891,15027,7222,7805,8585,4151,4434,2147,1012,1135,
21490,8592,4121,4471,15033,7259,7774,17181,8286,8895,15031,7223,7808,8588,4152,4436,2147,1012,1135,
21495,8593,4121,4472,15036,7260,7776,17182,8287,8895,15034,7225,7809,8589,4153,4436,2148,1012,1136,
21500,8596,4123,4473,15040,7263,7777,17189,8289,8900,15038,7227,7811,8592,4155,4437,2148,1012,1136,
21505,8597,4124,4473,15043,7263,7780,17190,8289,8901,15041,7229,7812,8593,4156,4437,2149,1012,1137,
21510,8600,4126,4474,15047,7265,7782,17197,8294,8903,15045,7230,7815,8596,4157,4439,2149,1012,1137,
21515,8601,4127,4474,15050,7267,7783,17198,8294,8904,15048,7232,7816,8597,4157,4440,2150,1013,1137,
21520,8604,4127,4477,15054,7269,7785,17205,8298,8907,15052,7234,7818,8600,4159,4441,2150,1013,1137,
21525,8605,4128,4477,15057,7269,7788,17206,8299,8907,15055,7235,7820,8601,4159,4442,2151,1013,1138,
21530,8608,4129,4479,15061,7273,7788,17213,8305,8908,15059,7239,7820,8604,4160,4444,2151,1013,1138,
21535,8609,4129,4480,15064,7274,7790,17214,8305,8909,15062,7241,7821,8605,4161,4444,2152,1014,1138,
21540,8612,4130,4482,15068,7276,7792,17221,8309,8912,15066,7244,7822,8608,4162,4446,2152,1014,1138,
21545,8613,4130,4483,15071,7277,7794,17222,8310,8912,15069,7244,7825,8609,4162,4447,2153,1015,1138,
21550,8616,4130,4486,15075,7279,7796,17229,8313,8916,15073,7247,7826,8612,4162,4450,2153,1015,1138,
21555,8617,4131,4486,15078,7280,7798,17230,8314,8916,15076,7249,7827,8613,4162,4451,2154,1015,1139,
21560,8620,4133,4487,15082,7284,7798,17237,8316,8921,15080,7250,7830,8616,4163,4453,2154,1015,1139,
21565,8621,4133,4488,15085,7284,7801,17238,8317,8921,15083,7253,7830,8617,4164,4453,2155,1016,1139,
21570,8624,4135,4489,15089,7286,7803,17245,8321,8924,15087,7254,7833,8620,4166,4454,2155,1016,1139,
21575,8625,4135,4490,15092,7287,7805,17246,8322,8924,15090,7255,7835,8621,4166,4455,2156,1017,1139,
21580,8628,4135,4493,15096,7289,7807,17253,8328,8925,15094,7257,7837,8624,4169,4455,2156,1017,1139,
21585,8629,4135,4494,15099,7290,7809,17254,8328,8926,15097,7260,7837,8625,4170,4455,2157,1018,1139,
21590,8632,4138,4494,15103,7291,7812,17261,8330,8931,15101,7260,7841,8628,4172,4456,2157,1018,1139,
21595,8633,4139,4494,15106,7294,7812,17262,8331,8931,15104,7260,7844,8629,4172,4457,2158,1019,1139,
21600,8636,4141,4495,15110,7295,7815,17269,8334,8935,15108,7260,7848,8632,4173,4459,2158,1019,1139,
21605,8637,4142,4495,15113,7296,7817,17270,8334,8936,15111,7261,7850,8633,4173,4460,2159,1020,1139,
21610,8640,4144,4496,15117,7297,7820,17277,8338,8939,15115,7264,7851,8636,4176,4460,2159,1020,1139,
21615,8641,4144,4497,15120,7298,7822,17278,8338,8940,15118,7266,7852,8637,4176,4461,2160,1021,1139,
21620,8644,4145,4499,15124,7302,7822,17285,8342,8943,15122,7267,7855,8640,4177,4463,2160,1021,1139,
21625,8645,4146,4499,15127,7304,7823,17286,8343,8943,15125,7268,7857,8641,4177,4464,2161,1022,1139,
21630,8648,4148,4500,15131,7305,7826,17293,8347,8946,15129,7270,7859,8644,4179,4465,2161,1022,1139,
21635,8649,4148,4501,15134,7306,7828,17294,8347,8947,15132,7271,7861,8645,4180,4465,2162,1022,1140,
21640,8652,4150,4502,15138,7308,7830,17301,8351,8950,15136,7275,7861,8648,4181,4467,2162,1022,1140,
21645,8653,4150,4503,15141,7311,7830,17302,8352,8950,15139,7276,7863,8649,4182,4467,2163,1023,1140,
21650,8656,4152,4504,15145,7313,7832,17309,8356,8953,15143,7277,7866,8652,4184,4468,2163,1023,1140,
21655,8657,4153,4504,15148,7314,7834,17310,8356,8954,15146,7280,7866,8653,4185,4468,2164,1024,1140,
21660,8660,4153,4507,15152,7317,7835,17317,8361,8956,15150,7282,7868,8656,4185,4471,2164,1024,1140,
21665,8661,4153,4508,15155,7319,7836,17318,8362,8956,15153,7283,7870,8657,4185,4472,2165,1025,1140,
21670,8664,4154,4510,15159,7322,7837,17325,8362,8963,15157,7284,7873,8660,4185,4475,2165,1025,1140,
21675,8665,4154,4511,15162,7323,7839,17326,8363,8963,15160,7286,7874,8661,4186,4475,2166,1026,1140,
21680,8668,4156,4512,15166,7325,7841,17333,8368,8965,15164,7288,7876,8664,4187,4477,2166,1026,1140,
21685,8669,4157,4512,15169,7326,7843,17334,8369,8965,15167,7291,7876,8665,4188,4477,2167,1027,1140,
21690,8672,4159,4513,15173,7327,7846,17341,8375,8966,15171,7294,7877,8668,4188,4480,2167,1027,1140,
21695,8673,4159,4514,15176,7328,7848,17342,8376,8966,15174,7296,7878,8669,4189,4480,2168,1027,1141,
21700,8676,4161,4515,15180,7328,7852,17349,8380,8969,15178,7297,7881,8672,4189,4483,2168,1027,1141,
21705,8677,4162,4515,15183,7329,7854,17350,8380,8970,15181,7298,7883,8673,4189,4484,2169,1028,1141,
21710,8680,4163,4517,15187,7330,7857,17357,8383,8974,15185,7301,7884,8676,4189,4487,2169,1028,1141,
21715,8681,4164,4517,15190,7332,7858,17358,8383,8975,15188,7304,7884,8677,4190,4487,2170,1029,1141,
21720,8684,4166,4518,15194,7332,7862,17365,8384,8981,15192,7305,7887,8680,4192,4488,2170,1029,1141,
21725,8685,4166,4519,15197,7334,7863,17366,8385,8981,15195,7307,7888,8681,4193,4488,2171,1030,1141,
21730,8688,4169,4519,15201,7335,7866,17373,8388,8985,15199,7309,7890,8684,4195,4489,2171,1030,1141,
21735,8689,4170,4519,15204,7336,7868,17374,8388,8986,15202,7310,7892,8685,4196,4489,2172,1030,1142,
21740,8692,4171,4521,15208,7338,7870,17381,8395,8986,15206,7313,7893,8688,4197,4491,2172,1030,1142,
21745,8693,4171,4522,15211,7340,7871,17382,8395,8987,15209,7316,7893,8689,4197,4492,2173,1030,1143,
21750,8696,4172,4524,15215,7341,7874,17389,8398,8991,15213,7317,7896,8692,4198,4494,2173,1030,1143,
21755,8697,4172,4525,15218,7343,7875,17390,8399,8991,15216,7318,7898,8693,4198,4495,2174,1031,1143,
21760,8700,4173,4527,15222,7346,7876,17397,8402,8995,15220,7320,7900,8696,4198,4498,2174,1031,1143,
21765,8701,4173,4528,15225,7348,7877,17398,8402,8996,15223,7322,7901,8697,4199,4498,2175,1032,1143,
21770,8704,4173,4531,15229,7350,7879,17405,8405,9000,15227,7324,7903,8700,4201,4499,2175,1032,1143,
21775,8705,4173,4532,15232,7353,7879,17406,8406,9000,15230,7324,7906,8701,4201,4500,2176,1032,1144,
21780,8708,4176,4532,15236,7356,7880,17413,8408,9005,15234,7324,7910,8704,4203,4501,2176,1032,1144,
21785,8709,4176,4533,15239,7359,7880,17414,8408,9006,15237,7326,7911,8705,4203,4502,2177,1032,1145,
21790,8712,4177,4535,15243,7361,7882,17421,8411,9010,15241,7328,7913,8708,4205,4503,2177,1032,1145,
21795,8713,4178,4535,15246,7362,7884,17422,8411,9011,15244,7328,7916,8709,4205,4504,2178,1032,1146,
21800,8716,4181,4535,15250,7363,7887,17429,8415,9014,15248,7330,7918,8712,4207,4505,2178,1032,1146,
21805,8717,4182,4535,15253,7364,7889,17430,8415,9015,15251,7331,7920,8713,4208,4505,2179,1032,1147,
21810,8720,4184,4536,15257,7367,7890,17437,8418,9019,15255,7333,7922,8716,4209,4507,2179,1032,1147,
21815,8721,4185,4536,15260,7369,7891,17438,8419,9019,15258,7335,7923,8717,4210,4507,2180,1032,1148,
21820,8724,4186,4538,15264,7371,7893,17445,8425,9020,15262,7337,7925,8720,4212,4508,2180,1032,1148,
21825,8725,4187,4538,15267,7372,7895,17446,8426,9020,15265,7338,7927,8721,4212,4509,2181,1033,1148,
21830,8728,4189,4539,15271,7374,7897,17453,8431,9022,15269,7340,7929,8724,4215,4509,2181,1033,1148,
21835,8729,4190,4539,15274,7376,7898,17454,8432,9022,15272,7342,7930,8725,4216,4509,2182,1033,1149,
21840,8732,4191,4541,15278,7378,7900,17461,8436,9025,15276,7342,7934,8728,4216,4512,2182,1033,1149,
21845,8733,4191,4542,15281,7379,7902,17462,8436,9026,15279,7342,7937,8729,4216,4513,2183,1034,1149,
21850,8736,4193,4543,15285,7381,7904,17469,8440,9029,15283,7346,7937,8732,4216,4516,2183,1034,1149,
21855,8737,4194,4543,15288,7382,7906,17470,8440,9030,15286,7346,7940,8733,4216,4517,2184,1034,1150,
21860,8740,4194,4546,15292,7383,7909,17477,8443,9034,15290,7347,7943,8736,4217,4519,2184,1034,1150,
21865,8741,4195,4546,15295,7385,7910,17478,8444,9034,15293,7347,7946,8737,4217,4520,2185,1035,1150,
21870,8744,4197,4547,15299,7387,7912,17485,8449,9036,15297,7349,7948,8740,4219,4521,2185,1035,1150,
21875,8745,4197,4548,15302,7389,7913,17486,8449,9037,15300,7351,7949,8741,4219,4522,2186,1035,1151,
21880,8748,4197,4551,15306,7391,7915,17493,8450,9043,15304,7353,7951,8744,4222,4522,2186,1035,1151,
21885,8749,4198,4551,15309,7393,7916,17494,8450,9044,15307,7355,7952,8745,4222,4523,2187,1036,1151,
21890,8752,4199,4553,15313,7394,7919,17501,8452,9049,15311,7357,7954,8748,4225,4523,2187,1036,1151,
21895,8753,4199,4554,15316,7396,7920,17502,8452,9050,15314,7357,7957,8749,4226,4523,2188,1037,1151,
21900,8756,4201,4555,15320,7398,7922,17509,8455,9054,15318,7357,7961,8752,4227,4525,2188,1037,1151,
21905,8757,4201,4556,15323,7399,7924,17510,8456,9054,15321,7360,7961,8753,4227,4526,2189,1038,1151,
21910,8760,4201,4559,15327,7400,7927,17517,8459,9058,15325,7361,7964,8756,4228,4528,2189,1038,1151,
21915,8761,4201,4560,15330,7401,7929,17518,8460,9058,15328,7364,7964,8757,4229,4528,2190,1039,1151,
21920,8764,4203,4561,15334,7405,7929,17525,8463,9062,15332,7367,7965,8760,4229,4531,2190,1039,1151,
21925,8765,4204,4561,15337,7406,7931,17526,8463,9063,15335,7369,7966,8761,4230,4531,2191,1039,1152,
21930,8768,4207,4561,15341,7407,7934,17533,8469,9064,15339,7370,7969,8764,4232,4532,2191,1039,1152,
21935,8769,4207,4562,15344,7409,7935,17534,8469,9065,15342,7370,7972,8765,4232,4533,2192,1039,1153,
21940,8772,4208,4564,15348,7410,7938,17541,8472,9069,15346,7372,7974,8768,4233,4535,2192,1039,1153,
21945,8773,4208,4565,15351,7412,7939,17542,8472,9070,15349,7374,7975,8769,4233,4536,2193,1040,1153,
21950,8776,4211,4565,15355,7415,7940,17549,8474,9075,15353,7377,7976,8772,4234,4538,2193,1040,1153,
21955,8777,4212,4565,15358,7417,7941,17550,8475,9075,15356,7377,7979,8773,4235,4538,2194,1041,1153,
21960,8780,4213,4567,15362,7420,7942,17557,8479,9078,15360,7379,7981,8776,4236,4540,2194,1041,1153,
21965,8781,4214,4567,15365,7421,7944,17558,8479,9079,15363,7381,7982,8777,4236,4541,2195,1042,1153,
21970,8784,4216,4568,15369,7422,7947,17565,8482,9083,15367,7382,7985,8780,4237,4543,2195,1042,1153,
21975,8785,4217,4568,15372,7423,7949,17566,8482,9084,15370,7384,7986,8781,4238,4543,2196,1042,1154,
21980,8788,4219,4569,15376,7423,7953,17573,8485,9088,15374,7385,7989,8784,4240,4544,2196,1042,1154,
21985,8789,4219,4570,15379,7424,7955,17574,8486,9088,15377,7387,7990,8785,4240,4545,2197,1042,1155,
21990,8792,4220,4572,15383,7426,7957,17581,8491,9090,15381,7388,7993,8788,4241,4547,2197,1042,1155,
21995,8793,4221,4572,15386,7427,7959,17582,8491,9091,15384,7390,7994,8789,4241,4548,2198,1042,1156,
22000,8796,4222,4574,15390,7428,7962,17589,8493,9096,15388,7391,7997,8792,4243,4549,2198,1042,1156,
22005,8797,4222,4575,15393,7431,7962,17590,8494,9096,15391,7393,7998,8793,4243,4550,2199,1042,1157,
22010,8800,4223,4577,15397,7435,7962,17597,8500,9097,15395,7397,7998,8796,4244,4552,2199,1042,1157,
22015,8801,4224,4577,15400,7436,7964,17598,8500,9098,15398,7397,8001,8797,4244,4553,2200,1042,1158,
22020,8804,4225,4579,15404,7437,7967,17605,8503,9102,15402,7397,8005,8800,4245,4555,2200,1042,1158,
22025,8805,4225,4580,15407,7439,7968,17606,8504,9102,15405,7399,8006,8801,4246,4555,2201,1043,1158,
22030,8808,4227,4581,15411,7440,7971,17613,8507,9106,15409,7400,8009,8804,4248,4556,2201,1043,1158,
22035,8809,4227,4582,15414,7441,7973,17614,8507,9107,15412,7403,8009,8805,4249,4556,2202,1044,1158,
22040,8812,4229,4583,15418,7441,7977,17621,8512,9109,15416,7406,8010,8808,4251,4557,2202,1044,1158,
22045,8813,4229,4584,15421,7441,7980,17622,8512,9110,15419,7408,8011,8809,4252,4557,2203,1044,1159,
22050,8816,4231,4585,15425,7443,7982,17629,8514,9115,15423,7409,8014,8812,4252,4560,2203,1044,1159,
22055,8817,4231,4586,15428,7444,7984,17630,8515,9115,15426,7412,8014,8813,4252,4561,2204,1044,1160,
22060,8820,4232,4588,15432,7447,7985,17637,8516,9121,15430,7415,8015,8816,4253,4563,2204,1044,1160,
22065,8821,4233,4588,15435,7448,7987,17638,8517,9121,15433,7416,8017,8817,4254,4563,2205,1045,1160,
22070,8824,4233,4591,15439,7448,7991,17645,8520,9125,15437,7416,8021,8820,4256,4564,2205,1045,1160,
22075,8825,4233,4592,15442,7449,7993,17646,8521,9125,15440,7418,8022,8821,4257,4564,2206,1045,1161,
22080,8828,4233,4595,15446,7452,7994,17653,8525,9128,15444,7420,8024,8824,4258,4566,2206,1045,1161,
22085,8829,4234,4595,15449,7454,7995,17654,8526,9128,15447,7421,8026,8825,4258,4567,2207,1045,1162,
22090,8832,4236,4596,15453,7457,7996,17661,8529,9132,15451,7422,8029,8828,4258,4570,2207,1045,1162,
22095,8833,4237,4596,15456,7458,7998,17662,8529,9133,15454,7425,8029,8829,4259,4570,2208,1046,1162,
22100,8836,4239,4597,15460,7460,8000,17669,8533,9136,15458,7427,8031,8832,4261,4571,2208,1046,1162,
22105,8837,4240,4597,15463,7461,8002,17670,8534,9136,15461,7428,8033,8833,4262,4571,2209,1047,1162,
22110,8840,4242,4598,15467,7462,8005,17677,8539,9138,15465,7430,8035,8836,4263,4573,2209,1047,1162,
22115,8841,4243,4598,15470,7463,8007,17678,8539,9139,15468,7430,8038,8837,4263,4574,2210,1048,1162,
22120,8844,4246,4598,15474,7465,8009,17685,8543,9142,15472,7432,8040,8840,4265,4575,2210,1048,1162,
22125,8845,4247,4598,15477,7466,8011,17686,8544,9142,15475,7432,8043,8841,4266,4575,2211,1048,1163,
22130,8848,4247,4601,15481,7468,8013,17693,8547,9146,15479,7432,8047,8844,4268,4576,2211,1048,1163,
22135,8849,4247,4602,15484,7470,8014,17694,8548,9146,15482,7433,8049,8845,4269,4576,2212,1048,1164,
22140,8852,4249,4603,15488,7470,8018,17701,8551,9150,15486,7436,8050,8848,4270,4578,2212,1048,1164,
22145,8853,4249,4604,15491,7471,8020,17702,8551,9151,15489,7436,8053,8849,4270,4579,2213,1048,1165,
22150,8856,4251,4605,15495,7474,8021,17709,8555,9154,15493,7437,8056,8852,4271,4581,2213,1048,1165,
22155,8857,4251,4606,15498,7476,8022,17710,8555,9155,15496,7439,8057,8853,4271,4582,2214,1048,1166,
22160,8860,4252,4608,15502,7478,8024,17717,8560,9157,15500,7440,8060,8856,4273,4583,2214,1048,1166,
22165,8861,4253,4608,15505,7481,8024,17718,8560,9158,15503,7441,8062,8857,4273,4584,2215,1048,1167,
22170,8864,4254,4610,15509,7485,8024,17725,8563,9162,15507,7442,8065,8860,4274,4586,2215,1048,1167,
22175,8865,4255,4610,15512,7486,8026,17726,8563,9163,15510,7443,8067,8861,4274,4587,2216,1049,1167,
22180,8868,4256,4612,15516,7490,8026,17733,8567,9166,15514,7447,8067,8864,4275,4589,2216,1049,1167,
22185,8869,4257,4612,15519,7491,8028,17734,8567,9167,15517,7449,8068,8865,4276,4589,2217,1049,1168,
22190,8872,4258,4614,15523,7494,8029,17741,8571,9170,15521,7451,8070,8868,4277,4591,2217,1049,1168,
22195,8873,4259,4614,15526,7495,8031,17742,8571,9171,15524,7453,8071,8869,4278,4591,2218,1050,1168,
22200,8876,4260,4616,15530,7497,8033,17749,8573,9176,15528,7455,8073,8872,4281,4591,2218,1050,1168,
22205,8877,4260,4617,15533,7500,8033,17750,8574,9176,15531,7456,8075,8873,4281,4592,2219,1050,1169,
22210,8880,4261,4619,15537,7502,8035,17757,8579,9178,15535,7456,8079,8876,4281,4595,2219,1050,1169,
22215,8881,4262,4619,15540,7503,8037,17758,8580,9178,15538,7456,8082,8877,4282,4595,2220,1050,1170,
22220,8884,4264,4620,15544,7506,8038,17765,8584,9181,15542,7458,8084,8880,4282,4598,2220,1050,1170,
22225,8885,4265,4620,15547,7507,8040,17766,8584,9182,15545,7459,8086,8881,4283,4598,2221,1051,1170,
22230,8888,4266,4622,15551,7507,8044,17773,8586,9187,15549,7461,8088,8884,4285,4599,2221,1051,1170,
22235,8889,4267,4622,15554,7508,8046,17774,8586,9188,15552,7462,8090,8885,4285,4600,2222,1052,1170,
22240,8892,4268,4624,15558,7510,8048,17781,8588,9193,15556,7464,8092,8888,4288,4600,2222,1052,1170,
22245,8893,4269,4624,15561,7511,8050,17782,8589,9193,15559,7466,8093,8889,4288,4601,2223,1053,1170,
22250,8896,4270,4626,15565,7513,8052,17789,8593,9196,15563,7467,8096,8892,4289,4603,2223,1053,1170,
22255,8897,4271,4626,15568,7514,8054,17790,8593,9197,15566,7468,8098,8893,4289,4604,2224,1053,1171,
22260,8900,4272,4628,15572,7517,8055,17797,8595,9202,15570,7471,8099,8896,4290,4606,2224,1053,1171,
22265,8901,4272,4629,15575,7518,8057,17798,8595,9203,15573,7472,8101,8897,4290,4607,2225,1054,1171,
22270,8904,4273,4631,15579,7519,8060,17805,8597,9208,15577,7474,8103,8900,4292,4608,2225,1054,1171,
22275,8905,4273,4632,15582,7520,8062,17806,8597,9209,15580,7477,8103,8901,4293,4608,2226,1054,1172,
22280,8908,4274,4634,15586,7522,8064,17813,8599,9214,15584,7479,8105,8904,4293,4611,2226,1054,1172,
22285,8909,4275,4634,15589,7522,8067,17814,8599,9215,15587,7480,8107,8905,4293,4612,2227,1054,1173,
22290,8912,4276,4636,15593,7524,8069,17821,8601,9220,15591,7483,8108,8908,4294,4614,2227,1054,1173,
22295,8913,4276,4637,15596,7525,8071,17822,8602,9220,15594,7485,8109,8909,4294,4615,2228,1055,1173,
22300,8916,4277,4639,15600,7526,8074,17829,8606,9223,15598,7485,8113,8912,4294,4618,2228,1055,1173,
22305,8917,4277,4640,15603,7527,8076,17830,8606,9224,15601,7487,8114,8913,4294,4619,2229,1056,1173,
22310,8920,4278,4642,15607,7527,8080,17837,8611,9226,15605,7488,8117,8916,4296,4620,2229,1056,1173,
22315,8921,4278,4643,15610,7528,8082,17838,8612,9226,15608,7489,8119,8917,4296,4621,2230,1056,1174,
22320,8924,4278,4646,15614,7530,8084,17845,8617,9228,15612,7492,8120,8920,4299,4621,2230,1056,1174,
22325,8925,4279,4646,15617,7532,8085,17846,8617,9229,15615,7495,8120,8921,4300,4621,2231,1057,1174,
22330,8928,4281,4647,15621,7533,8088,17853,8620,9233,15619,7496,8123,8924,4302,4622,2231,1057,1174,
22335,8929,4281,4648,15624,7535,8089,17854,8620,9234,15622,7496,8126,8925,4302,4623,2232,1058,1174,
22340,8932,4282,4650,15628,7536,8092,17861,8623,9238,15626,7499,8127,8928,4303,4625,2232,1058,1174,
22345,8933,4282,4651,15631,7538,8093,17862,8623,9239,15629,7501,8128,8929,4304,4625,2233,1058,1175,
22350,8936,4283,4653,15635,7541,8094,17869,8627,9242,15633,7504,8129,8932,4307,4625,2233,1058,1175,
22355,8937,4284,4653,15638,7543,8095,17870,8627,9243,15636,7505,8131,8933,4307,4626,2234,1059,1175,
22360,8940,4286,4654,15642,7545,8097,17877,8630,9247,15640,7507,8133,8936,4307,4629,2234,1059,1175,
22365,8941,4286,4655,15645,7547,8098,17878,8630,9248,15643,7509,8134,8937,4308,4629,2235,1059,1176,
22370,8944,4286,4658,15649,7548,8101,17885,8634,9251,15647,7510,8137,8940,4309,4631,2235,1059,1176,
22375,8945,4286,4659,15652,7549,8103,17886,8635,9251,15650,7510,8140,8941,4309,4632,2236,1059,1177,
22380,8948,4288,4660,15656,7551,8105,17893,8638,9255,15654,7512,8142,8944,4310,4634,2236,1059,1177,
22385,8949,4289,4660,15659,7553,8106,17894,8638,9256,15657,7515,8142,8945,4310,4635,2237,1059,1178,
22390,8952,4291,4661,15663,7555,8108,17901,8640,9261,15661,7518,8143,8948,4312,4636,2237,1059,1178,
22395,8953,4292,4661,15666,7557,8109,17902,8640,9262,15664,7519,8145,8949,4313,4636,2238,1060,1178,
22400,8956,4292,4664,15670,7557,8113,17909,8643,9266,15668,7521,8147,8952,4315,4637,2238,1060,1178,
22405,8957,4293,4664,15673,7559,8114,17910,8643,9267,15671,7522,8149,8953,4316,4637,2239,1061,1178,
22410,8960,4293,4667,15677,7561,8116,17917,8645,9272,15675,7524,8151,8956,4317,4639,2239,1061,1178,
22415,8961,4294,4667,15680,7562,8118,17918,8645,9273,15678,7525,8153,8957,4318,4639,2240,1062,1178,
22420,8964,4295,4669,15684,7564,8120,17925,8648,9277,15682,7527,8155,8960,4320,4640,2240,1062,1178,
22425,8965,4295,4670,15687,7565,8122,17926,8648,9278,15685,7527,8158,8961,4320,4641,2241,1062,1179,
22430,8968,4298,4670,15691,7566,8125,17933,8652,9281,15689,7528,8161,8964,4321,4643,2241,1062,1179,
22435,8969,4298,4671,15694,7568,8126,17934,8653,9281,15692,7531,8161,8965,4322,4643,2242,1062,1180,
22440,8972,4300,4672,15698,7572,8126,17941,8657,9284,15696,7533,8163,8968,4323,4645,2242,1062,1180,
22445,8973,4300,4673,15701,7575,8126,17942,8657,9285,15699,7534,8165,8969,4323,4646,2243,1063,1180,
22450,8976,4301,4675,15705,7577,8128,17949,8658,9291,15703,7534,8169,8972,4325,4647,2243,1063,1180,
22455,8977,4301,4676,15708,7578,8130,17950,8659,9291,15706,7536,8170,8973,4325,4648,2244,1064,1180,
22460,8980,4303,4677,15712,7579,8133,17957,8663,9294,15710,7538,8172,8976,4327,4649,2244,1064,1180,
22465,8981,4304,4677,15715,7581,8134,17958,8663,9295,15713,7539,8174,8977,4327,4650,2245,1065,1180,
22470,8984,4307,4677,15719,7581,8138,17965,8665,9300,15717,7539,8178,8980,4327,4653,2245,1065,1180,
22475,8985,4307,4678,15722,7581,8141,17966,8666,9300,15720,7541,8179,8981,4328,4653,2246,1065,1181,
22480,8988,4308,4680,15726,7584,8142,17973,8670,9303,15724,7542,8182,8984,4329,4655,2246,1065,1181,
22485,8989,4309,4680,15729,7586,8143,17974,8670,9304,15727,7544,8183,8985,4329,4656,2247,1065,1182,
22490,8992,4311,4681,15733,7589,8144,17981,8672,9309,15731,7545,8186,8988,4330,4658,2247,1065,1182,
22495,8993,4312,4681,15736,7591,8145,17982,8673,9309,15734,7547,8187,8989,4330,4659,2248,1066,1182,
22500,8996,4313,4683,15740,7593,8147,17989,8677,9312,15738,7549,8189,8992,4330,4662,2248,1066,1182,
22505,8997,4314,4683,15743,7594,8149,17990,8677,9313,15741,7552,8189,8993,4331,4662,2249,1067,1182,
22510,9000,4316,4684,15747,7596,8151,17997,8679,9318,15745,7554,8191,8996,4332,4664,2249,1067,1182,
22515,9001,4316,4685,15750,7598,8152,17998,8680,9318,15748,7554,8194,8997,4332,4665,2250,1067,1183,
22520,9004,4319,4685,15754,7600,8154,18005,8684,9321,15752,7556,8196,9000,4333,4667,2250,1067,1183,
22525,9005,4319,4686,15757,7601,8156,18006,8685,9321,15755,7556,8199,9001,4333,4668,2251,1068,1183,
22530,9008,4322,4686,15761,7602,8159,18013,8689,9324,15759,7557,8202,9004,4335,4669,2251,1068,1183,
22535,9009,4323,4686,15764,7604,8160,18014,8690,9324,15762,7558,8204,9005,4335,4670,2252,1068,1184,
22540,9012,4326,4686,15768,7606,8162,18021,8693,9328,15766,7559,8207,9008,4336,4672,2252,1068,1184,
22545,9013,4326,4687,15771,7608,8163,18022,8693,9329,15769,7560,8209,9009,4336,4673,2253,1068,1185,
22550,9016,4326,4690,15775,7612,8163,18029,8699,9330,15773,7561,8212,9012,4337,4675,2253,1068,1185,
22555,9017,4326,4691,15778,7612,8166,18030,8699,9331,15776,7562,8214,9013,4337,4676,2254,1068,1186,
22560,9020,4327,4693,15782,7614,8168,18037,8703,9334,15780,7563,8217,9016,4339,4677,2254,1068,1186,
22565,9021,4328,4693,15785,7615,8170,18038,8704,9334,15783,7565,8218,9017,4340,4677,2255,1069,1186,
22570,9024,4329,4695,15789,7617,8172,18045,8708,9337,15787,7569,8218,9020,4342,4678,2255,1069,1186,
22575,9025,4330,4695,15792,7618,8174,18046,8709,9337,15790,7570,8220,9021,4342,4679,2256,1069,1187,
22580,9028,4332,4696,15796,7621,8175,18053,8712,9341,15794,7571,8223,9024,4345,4679,2256,1069,1187,
22585,9029,4333,4696,15799,7622,8177,18054,8712,9342,15797,7572,8225,9025,4345,4680,2257,1070,1187,
22590,9032,4333,4699,15803,7625,8178,18061,8716,9345,15801,7576,8225,9028,4347,4681,2257,1070,1187,
22595,9033,4334,4699,15806,7626,8180,18062,8717,9345,15804,7579,8225,9029,4348,4681,2258,1070,1188,
22600,9036,4337,4699,15810,7627,8183,18069,8722,9347,15808,7581,8227,9032,4348,4684,2258,1070,1188,
22605,9037,4337,4700,15813,7628,8185,18070,8723,9347,15811,7582,8229,9033,4348,4685,2259,1070,1189,
22610,9040,4338,4702,15817,7629,8188,18077,8725,9352,15815,7584,8231,9036,4351,4685,2259,1070,1189,
22615,9041,4339,4702,15820,7632,8188,18078,8725,9353,15818,7587,8231,9037,4351,4686,2260,1071,1189,
22620,9044,4341,4703,15824,7635,8189,18085,8728,9357,15822,7589,8233,9040,4352,4688,2260,1071,1189,
22625,9045,4341,4704,15827,7636,8191,18086,8728,9358,15825,7590,8235,9041,4352,4689,2261,1072,1189,
22630,9048,4343,4705,15831,7640,8191,18093,8730,9363,15829,7593,8236,9044,4354,4690,2261,1072,1189,
22635,9049,4344,4705,15834,7642,8192,18094,8730,9364,15832,7593,8239,9045,4355,4690,2262,1072,1190,
22640,9052,4344,4708,15838,7643,8195,18101,8732,9369,15836,7596,8240,9048,4358,4690,2262,1072,1190,
22645,9053,4345,4708,15841,7645,8196,18102,8732,9370,15839,7598,8241,9049,4358,4691,2263,1073,1190,
22650,9056,4347,4709,15845,7647,8198,18109,8735,9374,15843,7599,8244,9052,4361,4691,2263,1073,1190,
22655,9057,4347,4710,15848,7648,8200,18110,8736,9374,15846,7601,8245,9053,4361,4692,2264,1074,1190,
22660,9060,4349,4711,15852,7648,8204,18117,8739,9378,15850,7604,8246,9056,4361,4695,2264,1074,1190,
22665,9061,4349,4712,15855,7648,8207,18118,8739,9379,15853,7607,8246,9057,4361,4696,2265,1075,1190,
22670,9064,4351,4713,15859,7650,8209,18125,8743,9382,15857,7608,8249,9060,4362,4698,2265,1075,1190,
22675,9065,4351,4714,15862,7653,8209,18126,8744,9382,15860,7608,8252,9061,4362,4699,2266,1076,1190,
22680,9068,4352,4716,15866,7655,8211,18133,8747,9386,15864,7610,8254,9064,4364,4700,2266,1076,1190,
22685,9069,4352,4717,15869,7656,8213,18134,8747,9387,15867,7611,8256,9065,4364,4701,2267,1076,1191,
22690,9072,4353,4719,15873,7657,8216,18141,8750,9391,15871,7613,8258,9068,4365,4703,2267,1076,1191,
22695,9073,4353,4720,15876,7657,8219,18142,8751,9391,15874,7614,8260,9069,4365,4704,2268,1077,1191,
22700,9076,4354,4722,15880,7659,8221,18149,8753,9396,15878,7618,8260,9072,4365,4707,2268,1077,1191,
22705,9077,4355,4722,15883,7660,8223,18150,8753,9397,15881,7619,8262,9073,4365,4708,2269,1078,1191,
22710,9080,4358,4722,15887,7660,8227,18157,8755,9402,15885,7622,8263,9076,4366,4710,2269,1078,1191,
22715,9081,4359,4722,15890,7662,8228,18158,8755,9403,15888,7623,8265,9077,4366,4711,2270,1079,1191,
22720,9084,4359,4725,15894,7664,8230,18165,8761,9404,15892,7624,8268,9080,4368,4712,2270,1079,1191,
22725,9085,4359,4726,15897,7666,8231,18166,8761,9405,15895,7625,8270,9081,4369,4712,2271,1080,1191,
22730,9088,4360,4728,15901,7669,8232,18173,8763,9410,15899,7627,8272,9084,4370,4714,2271,1080,1191,
22735,9089,4361,4728,15904,7671,8233,18174,8763,9411,15902,7628,8274,9085,4370,4715,2272,1080,1192,
22740,9092,4362,4730,15908,7671,8237,18181,8768,9413,15906,7631,8275,9088,4371,4717,2272,1080,1192,
22745,9093,4363,4730,15911,7673,8238,18182,8769,9413,15909,7633,8276,9089,4371,4718,2273,1081,1192,
22750,9096,4365,4731,15915,7674,8241,18189,8773,9416,15913,7634,8279,9092,4372,4720,2273,1081,1192,
22755,9097,4365,4732,15918,7675,8243,18190,8773,9417,15916,7635,8281,9093,4373,4720,2274,1081,1193,
22760,9100,4367,4733,15922,7676,8246,18197,8774,9423,15920,7638,8282,9096,4375,4721,2274,1081,1193,
22765,9101,4368,4733,15925,7678,8247,18198,8775,9423,15923,7639,8284,9097,4375,4722,2275,1082,1193,
22770,9104,4370,4734,15929,7681,8248,18205,8780,9425,15927,7639,8288,9100,4376,4724,2275,1082,1193,
22775,9105,4371,4734,15932,7684,8248,18206,8781,9425,15930,7639,8291,9101,4377,4724,2276,1082,1194,
22780,9108,4371,4737,15936,7686,8250,18213,8786,9427,15934,7641,8293,9104,4379,4725,2276,1082,1194,
22785,9109,4372,4737,15939,7687,8252,18214,8787,9427,15937,7641,8296,9105,4380,4725,2277,1083,1194,
22790,9112,4373,4739,15943,7689,8254,18221,8791,9430,15941,7643,8298,9108,4381,4727,2277,1083,1194,
22795,9113,4373,4740,15946,7690,8256,18222,8792,9430,15944,7645,8299,9109,4382,4727,2278,1084,1194,
22800,9116,4374,4742,15950,7690,8260,18229,8796,9433,15948,7646,8302,9112,4385,4727,2278,1084,1194,
22805,9117,4374,4743,15953,7690,8263,18230,8797,9433,15951,7646,8305,9113,4386,4727,2279,1084,1195,
22810,9120,4375,4745,15957,7691,8266,18237,8799,9438,15955,7649,8306,9116,4388,4728,2279,1084,1195,
22815,9121,4376,4745,15960,7691,8269,18238,8799,9439,15958,7650,8308,9117,4389,4728,2280,1084,1196,
22820,9124,4377,4747,15964,7692,8272,18245,8801,9444,15962,7652,8310,9120,4391,4729,2280,1084,1196,
22825,9125,4378,4747,15967,7694,8273,18246,8802,9444,15965,7654,8311,9121,4391,4730,2281,1084,1197,
22830,9128,4379,4749,15971,7696,8275,18253,8804,9449,15969,7656,8313,9124,4392,4732,2281,1084,1197,
22835,9129,4379,4750,15974,7697,8277,18254,8805,9449,15972,7658,8314,9125,4392,4733,2282,1084,1198,
22840,9132,4381,4751,15978,7697,8281,18261,8809,9452,15976,7659,8317,9128,4393,4735,2282,1084,1198,
22845,9133,4382,4751,15981,7698,8283,18262,8810,9452,15979,7660,8319,9129,4393,4736,2283,1085,1198,
22850,9136,4384,4752,15985,7701,8284,18269,8812,9457,15983,7663,8320,9132,4395,4737,2283,1085,1198,
22855,9137,4384,4753,15988,7703,8285,18270,8812,9458,15986,7664,8322,9133,4395,4738,2284,1085,1199,
22860,9140,4385,4755,15992,7704,8288,18277,8816,9461,15990,7666,8324,9136,4397,4739,2284,1085,1199,
22865,9141,4386,4755,15995,7706,8289,18278,8816,9462,15993,7669,8324,9137,4397,4740,2285,1085,1200,
22870,9144,4388,4756,15999,7709,8290,18285,8819,9466,15997,7672,8325,9140,4399,4741,2285,1085,1200,
22875,9145,4389,4756,16002,7711,8291,18286,8819,9467,16000,7674,8326,9141,4400,4741,2286,1085,1201,
22880,9148,4391,4757,16006,7713,8293,18293,8822,9471,16004,7677,8327,9144,4402,4742,2286,1085,1201,
22885,9149,4392,4757,16009,7715,8294,18294,8822,9472,16007,7679,8328,9145,4402,4743,2287,1085,1202,
22890,9152,4393,4759,16013,7717,8296,18301,8825,9476,16011,7682,8329,9148,4402,4746,2287,1085,1202,
22895,9153,4394,4759,16016,7717,8299,18302,8825,9477,16014,7684,8330,9149,4402,4747,2288,1086,1202,
22900,9156,4395,4761,16020,7720,8300,18309,8830,9479,16018,7686,8332,9152,4405,4747,2288,1086,1202,
22905,9157,4395,4762,16023,7720,8303,18310,8830,9480,16021,7688,8333,9153,4405,4748,2289,1086,1203,
22910,9160,4396,4764,16027,7720,8307,18317,8835,9482,16025,7692,8333,9156,4406,4750,2289,1086,1203,
22915,9161,4397,4764,16030,7722,8308,18318,8835,9483,16028,7695,8333,9157,4407,4750,2290,1086,1204,
22920,9164,4399,4765,16034,7724,8310,18325,8839,9486,16032,7697,8335,9160,4407,4753,2290,1086,1204,
22925,9165,4400,4765,16037,7725,8312,18326,8839,9487,16035,7698,8337,9161,4407,4754,2291,1086,1205,
22930,9168,4401,4767,16041,7725,8316,18333,8843,9490,16039,7701,8338,9164,4408,4756,2291,1086,1205,
22935,9169,4401,4768,16044,7726,8318,18334,8844,9490,16042,7703,8339,9165,4409,4756,2292,1087,1205,
22940,9172,4403,4769,16048,7728,8320,18341,8848,9493,16046,7704,8342,9168,4410,4758,2292,1087,1205,
22945,9173,4403,4770,16051,7730,8321,18342,8849,9493,16049,7706,8343,9169,4410,4759,2293,1087,1206,
22950,9176,4405,4771,16055,7731,8324,18349,8849,9500,16053,7708,8345,9172,4412,4760,2293,1087,1206,
22955,9177,4405,4772,16058,7733,8325,18350,8849,9501,16056,7710,8346,9173,4412,4761,2294,1087,1207,
22960,9180,4405,4775,16062,7734,8328,18357,8854,9503,16060,7713,8347,9176,4413,4763,2294,1087,1207,
22965,9181,4406,4775,16065,7736,8329,18358,8854,9504,16063,7715,8348,9177,4414,4763,2295,1088,1207,
22970,9184,4408,4776,16069,7738,8331,18365,8858,9507,16067,7719,8348,9180,4417,4763,2295,1088,1207,
22975,9185,4409,4776,16072,7739,8333,18366,8858,9508,16070,7720,8350,9181,4418,4763,2296,1088,1208,
22980,9188,4410,4778,16076,7741,8335,18373,8861,9512,16074,7722,8352,9184,4420,4764,2296,1088,1208,
22985,9189,4410,4779,16079,7743,8336,18374,8862,9512,16077,7723,8354,9185,4421,4764,2297,1088,1209,
22990,9192,4411,4781,16083,7744,8339,18381,8868,9513,16081,7727,8354,9188,4423,4765,2297,1088,1209,
22995,9193,4411,4782,16086,7746,8340,18382,8869,9513,16084,7727,8357,9189,4424,4765,2298,1088,1210,
23000,9196,4412,4784,16090,7747,8343,18389,8873,9516,16088,7727,8361,9192,4425,4767,2298,1088,1210,
23005,9197,4413,4784,16093,7750,8343,18390,8873,9517,16091,7729,8362,9193,4426,4767,2299,1089,1210,
23010,9200,4415,4785,16097,7754,8343,18397,8877,9520,16095,7731,8364,9196,4426,4770,2299,1089,1210,
23015,9201,4416,4785,16100,7755,8345,18398,8878,9520,16098,7733,8365,9197,4426,4771,2300,1089,1211,
23020,9204,4418,4786,16104,7756,8348,18405,8881,9524,16102,7736,8366,9200,4427,4773,2300,1089,1211,
23025,9205,4418,4787,16107,7758,8349,18406,8882,9524,16105,7736,8369,9201,4427,4774,2301,1090,1211,
23030,9208,4419,4789,16111,7761,8350,18413,8886,9527,16109,7737,8372,9204,4427,4777,2301,1090,1211,
23035,9209,4419,4790,16114,7763,8351,18414,8887,9527,16112,7740,8372,9205,4427,4778,2302,1091,1211,
23040,9212,4422,4790,16118,7766,8352,18421,8890,9531,16116,7741,8375,9208,4429,4779,2302,1091,1211,
23045,9213,4422,4791,16121,7767,8354,18422,8890,9532,16119,7744,8375,9209,4429,4780,2303,1091,1212,
23050,9216,4423,4793,16125,7768,8357,18429,8894,9535,16123,7744,8379,9212,4431,4781,2303,1091,1212,
23055,9217,4424,4793,16128,7768,8360,18430,8894,9536,16126,7744,8382,9213,4431,4782,2304,1091,1213,
23060,9220,4425,4795,16132,7770,8362,18437,8897,9540,16130,7746,8384,9216,4432,4784,2304,1091,1213,
23065,9221,4426,4795,16135,7770,8365,18438,8897,9541,16133,7747,8386,9217,4432,4785,2305,1092,1213,
23070,9224,4429,4795,16139,7771,8368,18445,8901,9544,16137,7749,8388,9220,4434,4786,2305,1092,1213,
23075,9225,4429,4796,16142,7771,8371,18446,8902,9544,16140,7751,8389,9221,4434,4787,2306,1092,1214,
23080,9228,4431,4797,16146,7773,8373,18453,8906,9547,16144,7752,8392,9224,4436,4788,2306,1092,1214,
23085,9229,4431,4798,16149,7774,8375,18454,8906,9548,16147,7754,8393,9225,4437,4788,2307,1092,1215,
23090,9232,4433,4799,16153,7776,8377,18461,8911,9550,16151,7757,8394,9228,4440,4788,2307,1092,1215,
23095,9233,4433,4800,16156,7778,8378,18462,8911,9551,16154,7758,8396,9229,4440,4789,2308,1092,1216,
23100,9236,4433,4803,16160,7780,8380,18469,8916,9553,16158,7761,8397,9232,4441,4791,2308,1092,1216,
23105,9237,4434,4803,16163,7781,8382,18470,8916,9554,16161,7763,8398,9233,4441,4792,2309,1092,1217,
23110,9240,4435,4805,16167,7782,8385,18477,8917,9560,16165,7766,8399,9236,4442,4794,2309,1092,1217,
23115,9241,4435,4806,16170,7785,8385,18478,8918,9560,16168,7767,8401,9237,4442,4795,2310,1093,1217,
23120,9244,4437,4807,16174,7788,8386,18485,8923,9562,16172,7770,8402,9240,4444,4796,2310,1093,1217,
23125,9245,4437,4808,16177,7790,8387,18486,8924,9562,16175,7770,8405,9241,4444,4797,2311,1093,1218,
23130,9248,4438,4810,16181,7792,8389,18493,8927,9566,16179,7771,8408,9244,4445,4799,2311,1093,1218,
23135,9249,4439,4810,16184,7794,8390,18494,8928,9566,16182,7772,8410,9245,4445,4800,2312,1093,1219,
23140,9252,4440,4812,16188,7795,8393,18501,8932,9569,16186,7775,8411,9248,4445,4803,2312,1093,1219,
23145,9253,4441,4812,16191,7798,8393,18502,8932,9570,16189,7775,8414,9249,4445,4804,2313,1094,1219,
23150,9256,4442,4814,16195,7800,8395,18509,8936,9573,16193,7776,8417,9252,4445,4807,2313,1094,1219,
23155,9257,4443,4814,16198,7802,8396,18510,8936,9574,16196,7777,8419,9253,4446,4807,2314,1094,1220,
23160,9260,4445,4815,16202,7802,8400,18517,8940,9577,16200,7779,8421,9256,4446,4810,2314,1094,1220,
23165,9261,4445,4816,16205,7802,8403,18518,8941,9577,16203,7780,8423,9257,4446,4811,2315,1094,1221,
23170,9264,4447,4817,16209,7805,8404,18525,8944,9581,16207,7781,8426,9260,4447,4813,2315,1094,1221,
23175,9265,4448,4817,16212,7807,8405,18526,8944,9582,16210,7783,8427,9261,4448,4813,2316,1094,1222,
23180,9268,4451,4817,16216,7808,8408,18533,8947,9586,16214,7784,8430,9264,4448,4816,2316,1094,1222,
23185,9269,4451,4818,16219,7809,8410,18534,8948,9586,16217,7786,8431,9265,4448,4817,2317,1095,1222,
23190,9272,4454,4818,16223,7811,8412,18541,8952,9589,16221,7786,8435,9268,4450,4818,2317,1095,1222,
23195,9273,4454,4819,16226,7812,8414,18542,8952,9590,16224,7788,8436,9269,4450,4819,2318,1095,1223,
23200,9276,4454,4822,16230,7814,8416,18549,8957,9592,16228,7791,8437,9272,4451,4821,2318,1095,1223,
23205,9277,4455,4822,16233,7815,8418,18550,8958,9592,16231,7793,8438,9273,4451,4822,2319,1096,1223,
23210,9280,4455,4825,16237,7819,8418,18557,8961,9596,16235,7795,8440,9276,4452,4824,2319,1096,1223,
23215,9281,4455,4826,16240,7821,8419,18558,8962,9596,16238,7796,8442,9277,4453,4824,2320,1096,1224,
23220,9284,4455,4829,16244,7822,8422,18565,8966,9599,16242,7799,8443,9280,4455,4825,2320,1096,1224,
23225,9285,4455,4830,16247,7823,8424,18566,8967,9599,16245,7800,8445,9281,4455,4826,2321,1096,1225,
23230,9288,4455,4833,16251,7827,8424,18573,8969,9604,16249,7803,8446,9284,4457,4827,2321,1096,1225,
23235,9289,4455,4834,16254,7829,8425,18574,8970,9604,16252,7806,8446,9285,4457,4828,2322,1097,1225,
23240,9292,4457,4835,16258,7830,8428,18581,8973,9608,16256,7807,8449,9288,4459,4829,2322,1097,1225,
23245,9293,4457,4836,16261,7830,8431,18582,8973,9609,16259,7808,8451,9289,4460,4829,2323,1098,1225,
23250,9296,4458,4838,16265,7832,8433,18589,8975,9614,16263,7809,8454,9292,4461,4831,2323,1098,1225,
23255,9297,4458,4839,16268,7834,8434,18590,8976,9614,16266,7810,8456,9293,4461,4832,2324,1099,1225,
23260,9300,4460,4840,16272,7836,8436,18597,8978,9619,16270,7812,8458,9296,4461,4835,2324,1099,1225,
23265,9301,4461,4840,16275,7839,8436,18598,8978,9620,16273,7812,8461,9297,4461,4836,2325,1099,1226,
23270,9304,4462,4842,16279,7841,8438,18605,8982,9623,16277,7815,8462,9300,4463,4837,2325,1099,1226,
23275,9305,4462,4843,16282,7843,8439,18606,8983,9623,16280,7815,8465,9301,4464,4837,2326,1100,1226,
23280,9308,4465,4843,16286,7845,8441,18613,8984,9629,16284,7817,8467,9304,4465,4839,2326,1100,1226,
23285,9309,4465,4844,16289,7848,8441,18614,8984,9630,16287,7820,8467,9305,4465,4840,2327,1100,1227,
23290,9312,4465,4847,16293,7850,8443,18621,8987,9634,16291,7822,8469,9308,4465,4843,2327,1100,1227,
23295,9313,4466,4847,16296,7851,8445,18622,8987,9635,16294,7825,8469,9309,4466,4843,2328,1100,1228,
23300,9316,4468,4848,16300,7852,8448,18629,8991,9638,16298,7828,8470,9312,4468,4844,2328,1100,1228,
23305,9317,4468,4849,16303,7853,8450,18630,8992,9638,16301,7829,8472,9313,4469,4844,2329,1100,1229,
23310,9320,4469,4851,16307,7855,8452,18637,8995,9642,16305,7832,8473,9316,4471,4845,2329,1100,1229,
23315,9321,4470,4851,16310,7855,8455,18638,8996,9642,16308,7832,8476,9317,4472,4845,2330,1101,1229,
23320,9324,4472,4852,16314,7856,8458,18645,9000,9645,16312,7834,8478,9320,4473,4847,2330,1101,1229,
23325,9325,4472,4853,16317,7858,8459,18646,9001,9645,16315,7835,8480,9321,4474,4847,2331,1101,1230,
23330,9328,4473,4855,16321,7860,8461,18653,9003,9650,16319,7838,8481,9324,4476,4848,2331,1101,1230,
23335,9329,4474,4855,16324,7863,8461,18654,9003,9651,16322,7840,8482,9325,4476,4849,2332,1101,1231,
23340,9332,4475,4857,16328,7866,8462,18661,9007,9654,16326,7842,8484,9328,4479,4849,2332,1101,1231,
23345,9333,4476,4857,16331,7867,8464,18662,9008,9654,16329,7845,8484,9329,4480,4849,2333,1102,1231,
23350,9336,4478,4858,16335,7868,8467,18669,9011,9658,16333,7847,8486,9332,4482,4850,2333,1102,1231,
23355,9337,4478,4859,16338,7869,8469,18670,9012,9658,16336,7847,8489,9333,4483,4850,2334,1103,1231,
23360,9340,4478,4862,16342,7870,8472,18677,9015,9662,16340,7848,8492,9336,4485,4851,2334,1103,1231,
23365,9341,4479,4862,16345,7872,8473,18678,9016,9662,16343,7850,8493,9337,4486,4851,2335,1104,1231,
23370,9344,4480,4864,16349,7874,8475,18685,9021,9664,16347,7852,8495,9340,4486,4854,2335,1104,1231,
23375,9345,4480,4865,16352,7877,8475,18686,9022,9664,16350,7853,8497,9341,4487,4854,2336,1104,1232,
23380,9348,4482,4866,16356,7878,8478,18693,9028,9665,16354,7855,8499,9344,4487,4857,2336,1104,1232,
23385,9349,4482,4867,16359,7880,8479,18694,9028,9666,16357,7856,8501,9345,4487,4858,2337,1104,1233,
23390,9352,4484,4868,16363,7882,8481,18701,9032,9669,16361,7858,8503,9348,4489,4859,2337,1104,1233,
23395,9353,4485,4868,16366,7884,8482,18702,9033,9669,16364,7859,8505,9349,4489,4860,2338,1105,1233,
23400,9356,4487,4869,16370,7885,8485,18709,9039,9670,16368,7861,8507,9352,4489,4863,2338,1105,1233,
23405,9357,4487,4870,16373,7887,8486,18710,9040,9670,16371,7863,8508,9353,4490,4863,2339,1105,1234,
23410,9360,4489,4871,16377,7890,8487,18717,9044,9673,16375,7866,8509,9356,4491,4865,2339,1105,1234,
23415,9361,4489,4872,16380,7892,8488,18718,9045,9673,16378,7868,8510,9357,4492,4865,2340,1105,1235,
23420,9364,4491,4873,16384,7893,8491,18725,9047,9678,16382,7871,8511,9360,4494,4866,2340,1105,1235,
23425,9365,4491,4874,16387,7895,8492,18726,9048,9678,16385,7872,8513,9361,4494,4867,2341,1106,1235,
23430,9368,4491,4877,16391,7897,8494,18733,9051,9682,16389,7873,8516,9364,4495,4869,2341,1106,1235,
23435,9369,4491,4878,16394,7899,8495,18734,9052,9682,16392,7873,8519,9365,4495,4870,2342,1107,1235,
23440,9372,4492,4880,16398,7901,8497,18741,9056,9685,16396,7875,8521,9368,4496,4872,2342,1107,1235,
23445,9373,4493,4880,16401,7901,8500,18742,9056,9686,16399,7875,8524,9369,4497,4872,2343,1107,1236,
23450,9376,4495,4881,16405,7903,8502,18749,9061,9688,16403,7877,8526,9372,4499,4873,2343,1107,1236,
23455,9377,4496,4881,16408,7903,8505,18750,9061,9689,16406,7879,8527,9373,4500,4873,2344,1107,1237,
23460,9380,4497,4883,16412,7904,8508,18757,9065,9692,16410,7882,8528,9376,4500,4876,2344,1107,1237,
23465,9381,4498,4883,16415,7905,8510,18758,9066,9692,16413,7885,8528,9377,4500,4877,2345,1108,1237,
23470,9384,4500,4884,16419,7908,8511,18765,9071,9694,16417,7887,8530,9380,4502,4878,2345,1108,1237,
23475,9385,4500,4885,16422,7909,8513,18766,9071,9695,16420,7890,8530,9381,4503,4878,2346,1109,1237,
23480,9388,4503,4885,16426,7910,8516,18773,9076,9697,16424,7893,8531,9384,4504,4880,2346,1109,1237,
23485,9389,4504,4885,16429,7912,8517,18774,9076,9698,16427,7894,8533,9385,4505,4880,2347,1110,1237,
23490,9392,4506,4886,16433,7914,8519,18781,9079,9702,16431,7896,8535,9388,4506,4882,2347,1110,1237,
23495,9393,4506,4887,16436,7917,8519,18782,9080,9702,16434,7899,8535,9389,4507,4882,2348,1111,1237,
23500,9396,4507,4889,16440,7919,8521,18789,9084,9705,16438,7902,8536,9392,4510,4882,2348,1111,1237,
23505,9397,4508,4889,16443,7920,8523,18790,9084,9706,16441,7904,8537,9393,4510,4883,2349,1111,1238,
23510,9400,4510,4890,16447,7921,8526,18797,9088,9709,16445,7906,8539,9396,4511,4885,2349,1111,1238,
23515,9401,4511,4890,16450,7922,8528,18798,9089,9709,16448,7908,8540,9397,4511,4886,2350,1112,1238,
23520,9404,4512,4892,16454,7924,8530,18805,9091,9714,16452,7911,8541,9400,4512,4888,2350,1112,1238,
23525,9405,4512,4893,16457,7926,8531,18806,9091,9715,16455,7914,8541,9401,4513,4888,2351,1113,1238,
23530,9408,4514,4894,16461,7928,8533,18813,9093,9720,16459,7915,8544,9404,4513,4891,2351,1113,1238,
23535,9409,4515,4894,16464,7929,8535,18814,9094,9720,16462,7917,8545,9405,4514,4891,2352,1113,1239,
23540,9412,4516,4896,16468,7930,8538,18821,9101,9720,16466,7920,8546,9408,4515,4893,2352,1113,1239,
23545,9413,4516,4897,16471,7932,8539,18822,9102,9720,16469,7922,8547,9409,4515,4894,2353,1113,1240,
23550,9416,4516,4900,16475,7936,8539,18829,9103,9726,16473,7922,8551,9412,4517,4895,2353,1113,1240,
23555,9417,4516,4901,16478,7937,8541,18830,9104,9726,16476,7923,8553,9413,4517,4896,2354,1113,1241,
23560,9420,4517,4903,16482,7940,8542,18837,9107,9730,16480,7924,8556,9416,4520,4896,2354,1113,1241,
23565,9421,4518,4903,16485,7942,8543,18838,9107,9731,16483,7925,8558,9417,4521,4896,2355,1113,1242,
23570,9424,4520,4904,16489,7943,8546,18845,9109,9736,16487,7926,8561,9420,4523,4897,2355,1113,1242,
23575,9425,4521,4904,16492,7944,8548,18846,9109,9737,16490,7926,8564,9421,4523,4898,2356,1113,1243,
23580,9428,4524,4904,16496,7947,8549,18853,9113,9740,16494,7929,8565,9424,4525,4899,2356,1113,1243,
23585,9429,4525,4904,16499,7949,8550,18854,9114,9740,16497,7930,8567,9425,4526,4899,2357,1114,1243,
23590,9432,4526,4906,16503,7950,8553,18861,9118,9743,16501,7930,8571,9428,4527,4901,2357,1114,1243,
23595,9433,4526,4907,16506,7950,8556,18862,9119,9743,16504,7931,8573,9429,4528,4901,2358,1114,1244,
23600,9436,4528,4908,16510,7950,8560,18869,9121,9748,16508,7934,8574,9432,4531,4901,2358,1114,1244,
23605,9437,4528,4909,16513,7953,8560,18870,9122,9748,16511,7934,8577,9433,4532,4901,2359,1115,1244,
23610,9440,4529,4911,16517,7955,8562,18877,9126,9751,16515,7936,8579,9436,4533,4903,2359,1115,1244,
23615,9441,4529,4912,16520,7956,8564,18878,9126,9752,16518,7937,8581,9437,4534,4903,2360,1116,1244,
23620,9444,4530,4914,16524,7959,8565,18885,9130,9755,16522,7939,8583,9440,4537,4903,2360,1116,1244,
23625,9445,4531,4914,16527,7961,8566,18886,9130,9756,16525,7940,8585,9441,4537,4904,2361,1116,1245,
23630,9448,4532,4916,16531,7963,8568,18893,9133,9760,16529,7942,8587,9444,4539,4905,2361,1116,1245,
23635,9449,4532,4917,16534,7964,8570,18894,9133,9761,16532,7944,8588,9445,4539,4906,2362,1116,1246,
23640,9452,4535,4917,16538,7966,8572,18901,9135,9766,16536,7945,8591,9448,4541,4907,2362,1116,1246,
23645,9453,4535,4918,16541,7967,8574,18902,9135,9767,16539,7948,8591,9449,4542,4907,2363,1117,1246,
23650,9456,4536,4920,16545,7970,8575,18909,9138,9771,16543,7949,8594,9452,4544,4908,2363,1117,1246,
23655,9457,4537,4920,16548,7971,8577,18910,9139,9771,16546,7951,8595,9453,4544,4909,2364,1118,1246,
23660,9460,4539,4921,16552,7974,8578,18917,9141,9776,16550,7951,8599,9456,4545,4911,2364,1118,1246,
23665,9461,4539,4922,16555,7975,8580,18918,9141,9777,16553,7953,8600,9457,4546,4911,2365,1118,1247,
23670,9464,4541,4923,16559,7976,8583,18925,9143,9782,16557,7955,8602,9460,4549,4911,2365,1118,1247,
23675,9465,4541,4924,16562,7978,8584,18926,9143,9783,16560,7958,8602,9461,4549,4912,2366,1119,1247,
23680,9468,4542,4926,16566,7981,8585,18933,9146,9787,16564,7961,8603,9464,4551,4913,2366,1119,1247,
23685,9469,4543,4926,16569,7982,8587,18934,9146,9788,16567,7963,8604,9465,4551,4914,2367,1120,1247,
23690,9472,4545,4927,16573,7984,8589,18941,9149,9792,16571,7966,8605,9468,4552,4916,2367,1120,1247,
23695,9473,4545,4928,16576,7984,8592,18942,9149,9793,16574,7969,8605,9469,4552,4917,2368,1121,1247,
23700,9476,4547,4929,16580,7986,8594,18949,9150,9799,16578,7969,8609,9472,4554,4918,2368,1121,1247,
23705,9477,4547,4930,16583,7988,8595,18950,9151,9799,16581,7969,8612,9473,4554,4919,2369,1121,1248,
23710,9480,4549,4931,16587,7991,8596,18957,9155,9802,16585,7971,8614,9476,4555,4921,2369,1121,1248,
23715,9481,4549,4932,16590,7993,8597,18958,9155,9803,16588,7973,8615,9477,4556,4921,2370,1121,1249,
23720,9484,4551,4933,16594,7997,8597,18965,9157,9808,16592,7974,8618,9480,4559,4921,2370,1121,1249,
23725,9485,4552,4933,16597,7999,8598,18966,9158,9808,16595,7975,8620,9481,4559,4922,2371,1122,1249,
23730,9488,4553,4935,16601,8000,8601,18973,9164,9809,16599,7976,8623,9484,4561,4923,2371,1122,1249,
23735,9489,4553,4936,16604,8002,8602,18974,9165,9809,16602,7977,8625,9485,4561,4924,2372,1123,1249,
23740,9492,4555,4937,16608,8004,8604,18981,9171,9810,16606,7979,8627,9488,4563,4925,2372,1123,1249,
23745,9493,4556,4937,16611,8006,8605,18982,9171,9811,16609,7980,8629,9489,4564,4925,2373,1124,1249,
23750,9496,4558,4938,16615,8007,8608,18989,9175,9814,16613,7982,8631,9492,4565,4927,2373,1124,1249,
23755,9497,4559,4938,16618,8009,8609,18990,9175,9815,16616,7983,8633,9493,4566,4927,2374,1124,1250,
23760,9500,4560,4940,16622,8009,8613,18997,9181,9816,16620,7985,8635,9496,4568,4928,2374,1124,1250,
23765,9501,4560,4941,16625,8012,8613,18998,9182,9816,16623,7986,8637,9497,4569,4928,2375,1125,1250,
23770,9504,4562,4942,16629,8015,8614,19005,9186,9819,16627,7988,8639,9500,4570,4930,2375,1125,1250,
23775,9505,4563,4942,16632,8015,8617,19006,9187,9819,16630,7990,8640,9501,4570,4931,2376,1125,1251,
23780,9508,4564,4944,16636,8017,8619,19013,9192,9821,16634,7993,8641,9504,4571,4933,2376,1125,1251,
23785,9509,4564,4945,16639,8019,8620,19014,9193,9821,16637,7995,8642,9505,4572,4933,2377,1126,1251,
23790,9512,4566,4946,16643,8020,8623,19021,9193,9828,16641,7998,8643,9508,4572,4936,2377,1126,1251,
23795,9513,4566,4947,16646,8020,8626,19022,9194,9828,16644,7999,8645,9509,4572,4937,2378,1127,1251,
23800,9516,4566,4950,16650,8022,8628,19029,9197,9832,16648,8001,8647,9512,4574,4938,2378,1127,1251,
23805,9517,4566,4951,16653,8023,8630,19030,9197,9833,16651,8004,8647,9513,4574,4939,2379,1128,1251,
23810,9520,4566,4954,16657,8025,8632,19037,9201,9836,16655,8005,8650,9516,4575,4941,2379,1128,1251,
23815,9521,4566,4955,16660,8028,8632,19038,9201,9837,16658,8005,8653,9517,4575,4942,2380,1128,1252,
23820,9524,4567,4957,16664,8030,8634,19045,9203,9842,16662,8008,8654,9520,4578,4942,2380,1128,1252,
23825,9525,4568,4957,16667,8031,8636,19046,9203,9843,16665,8010,8655,9521,4579,4942,2381,1129,1252,
23830,9528,4569,4959,16671,8033,8638,19053,9207,9846,16669,8012,8657,9524,4581,4943,2381,1129,1252,
23835,9529,4570,4959,16674,8035,8639,19054,9207,9847,16672,8015,8657,9525,4581,4944,2382,1129,1253,
23840,9532,4572,4960,16678,8037,8641,19061,9209,9852,16676,8016,8660,9528,4583,4945,2382,1129,1253,
23845,9533,4572,4961,16681,8037,8644,19062,9209,9853,16679,8017,8662,9529,4583,4946,2383,1130,1253,
23850,9536,4572,4964,16685,8040,8645,19069,9215,9854,16683,8019,8664,9532,4584,4948,2383,1130,1253,
23855,9537,4573,4964,16688,8042,8646,19070,9215,9855,16686,8020,8666,9533,4585,4948,2384,1130,1254,
23860,9540,4573,4967,16692,8045,8647,19077,9219,9858,16690,8021,8669,9536,4586,4950,2384,1130,1254,
23865,9541,4573,4968,16695,8048,8647,19078,9220,9858,16693,8022,8671,9537,4586,4951,2385,1130,1255,
23870,9544,4574,4970,16699,8050,8649,19085,9223,9862,16697,8024,8673,9540,4587,4953,2385,1130,1255,
23875,9545,4575,4970,16702,8052,8650,19086,9224,9862,16700,8025,8675,9541,4587,4954,2386,1130,1256,
23880,9548,4577,4971,16706,8054,8652,19093,9226,9867,16704,8026,8678,9544,4588,4956,2386,1130,1256,
23885,9549,4578,4971,16709,8055,8654,19094,9226,9868,16707,8027,8680,9545,4589,4956,2387,1131,1256,
23890,9552,4580,4972,16713,8056,8657,19101,9231,9870,16711,8028,8683,9548,4591,4957,2387,1131,1256,
23895,9553,4581,4972,16716,8058,8658,19102,9231,9871,16714,8028,8686,9549,4592,4957,2388,1131,1257,
23900,9556,4583,4973,16720,8059,8661,19109,9236,9873,16718,8032,8686,9552,4595,4957,2388,1131,1257,
23905,9557,4584,4973,16723,8059,8664,19110,9236,9874,16721,8033,8688,9553,4595,4958,2389,1131,1258,
23910,9560,4586,4974,16727,8060,8667,19117,9240,9877,16725,8035,8690,9556,4598,4958,2389,1131,1258,
23915,9561,4587,4974,16730,8062,8668,19118,9241,9877,16728,8037,8691,9557,4599,4958,2390,1131,1259,
23920,9564,4589,4975,16734,8062,8672,19125,9243,9882,16732,8040,8692,9560,4600,4960,2390,1131,1259,
23925,9565,4589,4976,16737,8062,8675,19126,9244,9882,16735,8041,8694,9561,4600,4961,2391,1132,1259,
23930,9568,4591,4977,16741,8063,8678,19133,9246,9887,16739,8042,8697,9564,4603,4961,2391,1132,1259,
23935,9569,4592,4977,16744,8063,8681,19134,9246,9888,16742,8042,8700,9565,4603,4962,2392,1133,1259,
23940,9572,4595,4977,16748,8065,8683,19141,9250,9891,16746,8043,8703,9568,4606,4962,2392,1133,1259,
23945,9573,4595,4978,16751,8066,8685,19142,9250,9892,16749,8046,8703,9569,4607,4962,2393,1134,1259,
23950,9576,4595,4981,16755,8069,8686,19149,9252,9897,16753,8048,8705,9572,4610,4962,2393,1134,1259,
23955,9577,4596,4981,16758,8070,8688,19150,9252,9898,16756,8048,8708,9573,4611,4962,2394,1134,1260,
23960,9580,4596,4984,16762,8074,8688,19157,9254,9903,16760,8049,8711,9576,4612,4964,2394,1134,1260,
23965,9581,4596,4985,16765,8075,8690,19158,9254,9904,16763,8051,8712,9577,4612,4965,2395,1134,1261,
23970,9584,4598,4986,16769,8077,8692,19165,9256,9909,16767,8054,8713,9580,4613,4967,2395,1134,1261,
23975,9585,4598,4987,16772,8077,8695,19166,9257,9909,16770,8056,8714,9581,4614,4967,2396,1135,1261,
23980,9588,4599,4989,16776,8080,8696,19173,9259,9914,16774,8058,8716,9584,4615,4969,2396,1135,1261,
23985,9589,4600,4989,16779,8080,8699,19174,9259,9915,16777,8059,8718,9585,4615,4970,2397,1135,1262,
23990,9592,4600,4992,16783,8082,8701,19181,9261,9920,16781,8062,8719,9588,4616,4972,2397,1135,1262,
23995,9593,4601,4992,16786,8082,8704,19182,9262,9920,16784,8062,8722,9589,4617,4972,2398,1135,1263,
24000,9596,4602,4994,16790,8084,8706,19189,9267,9922,16788,8065,8723,9592,4618,4974,2398,1135,1263,
24005,9597,4603,4994,16793,8085,8708,19190,9267,9923,16791,8067,8724,9593,4619,4974,2399,1135,1264,
24010,9600,4605,4995,16797,8087,8710,19197,9272,9925,16795,8070,8725,9596,4621,4975,2399,1135,1264,
24015,9601,4605,4996,16800,8088,8712,19198,9273,9925,16798,8072,8726,9597,4622,4975,2400,1136,1264,
24020,9604,4605,4999,16804,8090,8714,19205,9277,9928,16802,8073,8729,9600,4624,4976,2400,1136,1264,
24025,9605,4606,4999,16807,8090,8717,19206,9278,9928,16805,8075,8730,9601,4625,4976,2401,1136,1265,
24030,9608,4607,5001,16811,8093,8718,19213,9282,9931,16809,8076,8733,9604,4627,4977,2401,1136,1265,
24035,9609,4608,5001,16814,8095,8719,19214,9283,9931,16812,8078,8734,9605,4628,4977,2402,1137,1265,
24040,9612,4610,5002,16818,8098,8720,19221,9285,9936,16816,8080,8736,9608,4630,4978,2402,1137,1265,
24045,9613,4611,5002,16821,8100,8721,19222,9285,9937,16819,8083,8736,9609,4631,4978,2403,1138,1265,
24050,9616,4614,5002,16825,8101,8724,19229,9287,9942,16823,8085,8738,9612,4632,4980,2403,1138,1265,
24055,9617,4615,5002,16828,8103,8725,19230,9288,9942,16826,8085,8741,9613,4633,4980,2404,1139,1265,
24060,9620,4617,5003,16832,8104,8728,19237,9291,9946,16830,8087,8743,9616,4635,4981,2404,1139,1265,
24065,9621,4618,5003,16835,8106,8729,19238,9291,9947,16833,8089,8744,9617,4636,4981,2405,1139,1266,
24070,9624,4619,5005,16839,8106,8733,19245,9296,9949,16837,8090,8747,9620,4636,4984,2405,1139,1266,
24075,9625,4620,5005,16842,8108,8734,19246,9296,9950,16840,8090,8750,9621,4636,4985,2406,1140,1266,
24080,9628,4622,5006,16846,8111,8735,19253,9298,9955,16844,8091,8753,9624,4637,4987,2406,1140,1266,
24085,9629,4622,5007,16849,8113,8736,19254,9299,9955,16847,8092,8755,9625,4637,4988,2407,1140,1267,
24090,9632,4624,5008,16853,8115,8738,19261,9300,9961,16851,8095,8756,9628,4638,4990,2407,1140,1267,
24095,9633,4625,5008,16856,8117,8739,19262,9300,9962,16854,8096,8758,9629,4638,4991,2408,1140,1268,
24100,9636,4627,5009,16860,8120,8740,19269,9304,9965,16858,8099,8759,9632,4638,4994,2408,1140,1268,
24105,9637,4628,5009,16863,8122,8741,19270,9304,9966,16861,8100,8761,9633,4638,4995,2409,1141,1268,
24110,9640,4630,5010,16867,8123,8744,19277,9308,9969,16865,8102,8763,9636,4640,4996,2409,1141,1268,
24115,9641,4631,5010,16870,8126,8744,19278,9308,9970,16868,8105,8763,9637,4641,4996,2410,1141,1269,
24120,9644,4633,5011,16874,8128,8746,19285,9313,9972,16872,8106,8766,9640,4642,4998,2410,1141,1269,
24125,9645,4633,5012,16877,8130,8747,19286,9314,9972,16875,8107,8768,9641,4642,4999,2411,1141,1270,
24130,9648,4636,5012,16881,8131,8750,19293,9314,9979,16879,8111,8768,9644,4644,5000,2411,1141,1270,
24135,9649,4637,5012,16884,8132,8752,19294,9314,9980,16882,8113,8769,9645,4644,5001,2412,1142,1270,
24140,9652,4638,5014,16888,8133,8755,19301,9318,9983,16886,8116,8770,9648,4644,5004,2412,1142,1270,
24145,9653,4638,5015,16891,8134,8757,19302,9319,9983,16889,8117,8772,9649,4644,5005,2413,1143,1270,
24150,9656,4640,5016,16895,8135,8760,19309,9324,9985,16893,8120,8773,9652,4646,5006,2413,1143,1270,
24155,9657,4640,5017,16898,8137,8761,19310,9325,9985,16896,8121,8775,9653,4646,5007,2414,1143,1271,
24160,9660,4641,5019,16902,8139,8763,19317,9328,9989,16900,8123,8777,9656,4647,5009,2414,1143,1271,
24165,9661,4641,5020,16905,8139,8766,19318,9329,9989,16903,8125,8778,9657,4648,5009,2415,1144,1271,
24170,9664,4643,5021,16909,8141,8768,19325,9333,9992,16907,8127,8780,9660,4648,5012,2415,1144,1271,
24175,9665,4643,5022,16912,8143,8769,19326,9334,9992,16910,8129,8781,9661,4648,5013,2416,1144,1272,
24180,9668,4643,5025,16916,8144,8772,19333,9337,9996,16914,8129,8785,9664,4650,5014,2416,1144,1272,
24185,9669,4643,5026,16919,8146,8773,19334,9338,9996,16917,8132,8785,9665,4651,5014,2417,1145,1272,
24190,9672,4645,5027,16923,8148,8775,19341,9343,9998,16921,8133,8788,9668,4651,5017,2417,1145,1272,
24195,9673,4646,5027,16926,8149,8777,19342,9344,9998,16924,8136,8788,9669,4652,5017,2418,1145,1273,
24200,9676,4648,5028,16930,8150,8780,19349,9348,10001,16928,8137,8791,9672,4654,5018,2418,1145,1273,
24205,9677,4648,5029,16933,8153,8780,19350,9349,10001,16931,8138,8793,9673,4654,5019,2419,1145,1274,
24210,9680,4651,5029,16937,8154,8783,19357,9351,10006,16935,8139,8796,9676,4656,5020,2419,1145,1274,
24215,9681,4652,5029,16940,8154,8786,19358,9351,10007,16938,8141,8797,9677,4656,5021,2420,1146,1274,
24220,9684,4655,5029,16944,8157,8787,19365,9353,10012,16942,8144,8798,9680,4657,5023,2420,1146,1274,
24225,9685,4656,5029,16947,8158,8789,19366,9353,10013,16945,8145,8800,9681,4657,5024,2421,1146,1275,
24230,9688,4658,5030,16951,8161,8790,19373,9357,10016,16949,8148,8801,9684,4659,5025,2421,1146,1275,
24235,9689,4658,5031,16954,8162,8792,19374,9358,10016,16952,8148,8804,9685,4659,5026,2422,1146,1276,
24240,9692,4660,5032,16958,8164,8794,19381,9361,10020,16956,8151,8805,9688,4661,5027,2422,1146,1276,
24245,9693,4661,5032,16961,8166,8795,19382,9362,10020,16959,8153,8806,9689,4661,5028,2423,1147,1276,
24250,9696,4662,5034,16965,8168,8797,19389,9365,10024,16963,8154,8809,9692,4661,5031,2423,1147,1276,
24255,9697,4662,5035,16968,8169,8799,19390,9365,10025,16966,8156,8810,9693,4662,5031,2424,1147,1277,
24260,9700,4663,5037,16972,8172,8800,19397,9371,10026,16970,8157,8813,9696,4663,5033,2424,1147,1277,
24265,9701,4663,5038,16975,8172,8803,19398,9371,10027,16973,8159,8814,9697,4664,5033,2425,1148,1277,
24270,9704,4663,5041,16979,8173,8806,19405,9377,10028,16977,8161,8816,9700,4665,5035,2425,1148,1277,
24275,9705,4663,5042,16982,8174,8808,19406,9378,10028,16980,8164,8816,9701,4665,5036,2426,1149,1277,
24280,9708,4664,5044,16986,8174,8812,19413,9383,10030,16984,8166,8818,9704,4666,5038,2426,1149,1277,
24285,9709,4665,5044,16989,8175,8814,19414,9384,10030,16987,8168,8819,9705,4666,5039,2427,1149,1278,
24290,9712,4665,5047,16993,8178,8815,19421,9387,10034,16991,8170,8821,9708,4667,5041,2427,1149,1278,
24295,9713,4665,5048,16996,8181,8815,19422,9387,10035,16994,8170,8824,9709,4668,5041,2428,1149,1279,
24300,9716,4667,5049,17000,8185,8815,19429,9392,10037,16998,8171,8827,9712,4671,5041,2428,1149,1279,
24305,9717,4668,5049,17003,8188,8815,19430,9392,10038,17001,8174,8827,9713,4671,5042,2429,1150,1279,
24310,9720,4671,5049,17007,8190,8817,19437,9395,10042,17005,8174,8831,9716,4672,5044,2429,1150,1279,
24315,9721,4672,5049,17010,8192,8818,19438,9395,10043,17008,8176,8832,9717,4673,5044,2430,1150,1280,
24320,9724,4674,5050,17014,8194,8820,19445,9400,10045,17012,8177,8835,9720,4675,5045,2430,1150,1280,
24325,9725,4675,5050,17017,8197,8820,19446,9401,10045,17015,8178,8837,9721,4675,5046,2431,1150,1281,
24330,9728,4678,5050,17021,8200,8821,19453,9405,10048,17019,8179,8840,9724,4677,5047,2431,1150,1281,
24335,9729,4678,5051,17024,8201,8823,19454,9406,10048,17022,8181,8841,9725,4677,5048,2432,1151,1281,
24340,9732,4680,5052,17028,8204,8824,19461,9408,10053,17026,8183,8843,9728,4678,5050,2432,1151,1281,
24345,9733,4680,5053,17031,8205,8826,19462,9408,10054,17029,8185,8844,9729,4678,5051,2433,1152,1281,
24350,9736,4682,5054,17035,8207,8828,19469,9410,10059,17033,8187,8846,9732,4679,5053,2433,1152,1281,
24355,9737,4682,5055,17038,8209,8829,19470,9410,10060,17036,8189,8847,9733,4680,5053,2434,1152,1282,
24360,9740,4683,5057,17042,8210,8832,19477,9415,10062,17040,8191,8849,9736,4680,5056,2434,1152,1282,
24365,9741,4683,5058,17045,8212,8833,19478,9415,10063,17043,8194,8849,9737,4680,5057,2435,1152,1283,
24370,9744,4684,5060,17049,8213,8836,19485,9420,10065,17047,8195,8852,9740,4682,5058,2435,1152,1283,
24375,9745,4684,5061,17052,8215,8837,19486,9420,10066,17050,8196,8854,9741,4683,5058,2436,1152,1284,
24380,9748,4685,5063,17056,8217,8839,19493,9422,10071,17054,8197,8857,9744,4683,5061,2436,1152,1284,
24385,9749,4685,5064,17059,8218,8841,19494,9423,10071,17057,8199,8858,9745,4684,5061,2437,1153,1284,
24390,9752,4686,5066,17063,8220,8843,19501,9426,10075,17061,8202,8859,9748,4686,5062,2437,1153,1284,
24395,9753,4687,5066,17066,8222,8844,19502,9426,10076,17064,8205,8859,9749,4687,5062,2438,1154,1284,
24400,9756,4688,5068,17070,8223,8847,19509,9429,10080,17068,8207,8861,9752,4688,5064,2438,1154,1284,
24405,9757,4688,5069,17073,8225,8848,19510,9430,10080,17071,8209,8862,9753,4689,5064,2439,1154,1285,
24410,9760,4691,5069,17077,8227,8850,19517,9433,10084,17075,8210,8865,9756,4690,5066,2439,1154,1285,
24415,9761,4692,5069,17080,8228,8852,19518,9434,10084,17078,8210,8868,9757,4690,5067,2440,1155,1285,
24420,9764,4694,5070,17084,8231,8853,19525,9436,10089,17082,8212,8870,9760,4691,5069,2440,1155,1285,
24425,9765,4694,5071,17087,8234,8853,19526,9436,10090,17085,8212,8873,9761,4691,5070,2441,1155,1286,
24430,9768,4695,5073,17091,8236,8855,19533,9439,10094,17089,8215,8874,9764,4694,5070,2441,1155,1286,
24435,9769,4696,5073,17094,8237,8857,19534,9440,10094,17092,8216,8876,9765,4695,5070,2442,1155,1287,
24440,9772,4697,5075,17098,8238,8860,19541,9441,10100,17096,8217,8879,9768,4695,5073,2442,1155,1287,
24445,9773,4698,5075,17101,8239,8862,19542,9441,10101,17099,8220,8879,9769,4696,5073,2443,1155,1288,
24450,9776,4699,5077,17105,8239,8866,19549,9447,10102,17103,8223,8880,9772,4698,5074,2443,1155,1288,
24455,9777,4700,5077,17108,8239,8869,19550,9447,10103,17106,8226,8880,9773,4699,5074,2444,1155,1289,
24460,9780,4702,5078,17112,8239,8873,19557,9451,10106,17110,8228,8882,9776,4701,5075,2444,1155,1289,
24465,9781,4703,5078,17115,8241,8874,19558,9452,10106,17113,8230,8883,9777,4702,5075,2445,1155,1290,
24470,9784,4706,5078,17119,8244,8875,19565,9457,10108,17117,8232,8885,9780,4702,5078,2445,1155,1290,
24475,9785,4706,5079,17122,8246,8876,19566,9457,10109,17120,8233,8887,9781,4703,5078,2446,1155,1291,
24480,9788,4708,5080,17126,8248,8878,19573,9460,10113,17124,8234,8890,9784,4703,5081,2446,1155,1291,
24485,9789,4708,5081,17129,8250,8879,19574,9460,10114,17127,8234,8893,9785,4704,5081,2447,1156,1291,
24490,9792,4709,5083,17133,8252,8881,19581,9464,10117,17131,8237,8894,9788,4704,5084,2447,1156,1291,
24495,9793,4709,5084,17136,8254,8882,19582,9464,10118,17134,8237,8897,9789,4705,5084,2448,1156,1292,
24500,9796,4711,5085,17140,8255,8885,19589,9466,10123,17138,8239,8899,9792,4706,5086,2448,1156,1292,
24505,9797,4711,5086,17143,8255,8888,19590,9467,10123,17141,8242,8899,9793,4706,5087,2449,1157,1292,
24510,9800,4712,5088,17147,8255,8892,19597,9471,10126,17145,8243,8902,9796,4706,5090,2449,1157,1292,
24515,9801,4713,5088,17150,8255,8895,19598,9471,10127,17148,8245,8903,9797,4707,5090,2450,1157,1293,
24520,9804,4716,5088,17154,8257,8897,19605,9472,10133,17152,8247,8905,9800,4709,5091,2450,1157,1293,
24525,9805,4716,5089,17157,8258,8899,19606,9473,10133,17155,8248,8907,9801,4709,5092,2451,1158,1293,
24530,9808,4718,5090,17161,8261,8900,19613,9477,10136,17159,8250,8909,9804,4711,5093,2451,1158,1293,
24535,9809,4719,5090,17164,8262,8902,19614,9477,10137,17162,8251,8911,9805,4712,5093,2452,1159,1293,
24540,9812,4721,5091,17168,8264,8904,19621,9479,10142,17166,8253,8913,9808,4712,5096,2452,1159,1293,
24545,9813,4721,5092,17171,8264,8907,19622,9479,10143,17169,8255,8914,9809,4712,5097,2453,1159,1294,
24550,9816,4722,5094,17175,8264,8911,19629,9482,10147,17173,8256,8917,9812,4712,5100,2453,1159,1294,
24555,9817,4722,5095,17178,8265,8913,19630,9483,10147,17176,8258,8918,9813,4712,5101,2454,1159,1295,
24560,9820,4724,5096,17182,8266,8916,19637,9486,10151,17180,8260,8920,9816,4713,5103,2454,1159,1295,
24565,9821,4724,5097,17185,8268,8917,19638,9486,10152,17183,8262,8921,9817,4713,5104,2455,1159,1296,
24570,9824,4726,5098,17189,8272,8917,19645,9489,10156,17187,8263,8924,9820,4716,5104,2455,1159,1296,
24575,9825,4727,5098,17192,8274,8918,19646,9490,10156,17190,8264,8926,9821,4716,5105,2456,1159,1297,
24580,9828,4727,5101,17196,8277,8919,19653,9494,10159,17194,8264,8930,9824,4718,5106,2456,1159,1297,
24585,9829,4727,5102,17199,8279,8920,19654,9494,10160,17197,8266,8931,9825,4718,5107,2457,1160,1297,
24590,9832,4728,5104,17203,8280,8923,19661,9498,10163,17201,8268,8933,9828,4721,5107,2457,1160,1297,
24595,9833,4728,5105,17206,8282,8924,19662,9498,10164,17204,8270,8934,9829,4721,5108,2458,1161,1297,
24600,9836,4730,5106,17210,8283,8927,19669,9501,10168,17208,8272,8936,9832,4723,5109,2458,1161,1297,
24605,9837,4730,5107,17213,8283,8930,19670,9501,10169,17211,8273,8938,9833,4723,5110,2459,1162,1297,
24610,9840,4731,5109,17217,8286,8931,19677,9506,10171,17215,8276,8939,9836,4725,5111,2459,1162,1297,
24615,9841,4731,5110,17220,8287,8933,19678,9506,10172,17218,8278,8940,9837,4725,5112,2460,1163,1297,
24620,9844,4732,5112,17224,8290,8934,19685,9510,10175,17222,8281,8941,9840,4727,5113,2460,1163,1297,
24625,9845,4732,5113,17227,8291,8936,19686,9511,10175,17225,8282,8943,9841,4727,5114,2461,1163,1298,
24630,9848,4732,5116,17231,8293,8938,19693,9512,10181,17229,8285,8944,9844,4728,5116,2461,1163,1298,
24635,9849,4733,5116,17234,8294,8940,19694,9513,10181,17232,8285,8947,9845,4728,5117,2462,1163,1299,
24640,9852,4735,5117,17238,8295,8943,19701,9517,10184,17236,8286,8950,9848,4730,5118,2462,1163,1299,
24645,9853,4736,5117,17241,8297,8944,19702,9518,10184,17239,8286,8953,9849,4731,5118,2463,1164,1299,
24650,9856,4738,5118,17245,8299,8946,19709,9522,10187,17243,8289,8954,9852,4732,5120,2463,1164,1299,
24655,9857,4739,5118,17248,8300,8948,19710,9522,10188,17246,8291,8955,9853,4733,5120,2464,1165,1299,
24660,9860,4739,5121,17252,8302,8950,19717,9524,10193,17250,8293,8957,9856,4735,5121,2464,1165,1299,
24665,9861,4739,5122,17255,8303,8952,19718,9525,10193,17253,8295,8958,9857,4735,5122,2465,1166,1299,
24670,9864,4739,5125,17259,8305,8954,19725,9526,10199,17257,8296,8961,9860,4736,5124,2465,1166,1299,
24675,9865,4739,5126,17262,8306,8956,19726,9527,10199,17260,8297,8963,9861,4737,5124,2466,1167,1299,
24680,9868,4741,5127,17266,8308,8958,19733,9530,10203,17264,8298,8966,9864,4737,5127,2466,1167,1299,
24685,9869,4741,5128,17269,8309,8960,19734,9530,10204,17267,8301,8966,9865,4737,5128,2467,1167,1300,
24690,9872,4743,5129,17273,8310,8963,19741,9535,10206,17271,8304,8967,9868,4739,5129,2467,1167,1300,
24695,9873,4743,5130,17276,8312,8964,19742,9536,10206,17274,8305,8969,9869,4740,5129,2468,1167,1301,
24700,9876,4744,5132,17280,8316,8964,19749,9539,10210,17278,8309,8969,9872,4741,5131,2468,1167,1301,
24705,9877,4745,5132,17283,8318,8965,19750,9539,10211,17281,8311,8970,9873,4741,5132,2469,1168,1301,
24710,9880,4746,5134,17287,8321,8966,19757,9541,10216,17285,8313,8972,9876,4743,5133,2469,1168,1301,
24715,9881,4747,5134,17290,8322,8968,19758,9541,10217,17288,8313,8975,9877,4744,5133,2470,1169,1301,
24720,9884,4748,5136,17294,8324,8970,19765,9544,10221,17292,8317,8975,9880,4745,5135,2470,1169,1301,
24725,9885,4749,5136,17297,8326,8971,19766,9544,10222,17295,8318,8977,9881,4746,5135,2471,1169,1302,
24730,9888,4750,5138,17301,8326,8975,19773,9546,10227,17299,8319,8980,9884,4747,5137,2471,1169,1302,
24735,9889,4750,5139,17304,8327,8977,19774,9546,10228,17302,8320,8982,9885,4747,5138,2472,1170,1302,
24740,9892,4751,5141,17308,8330,8978,19781,9550,10231,17306,8321,8985,9888,4747,5141,2472,1170,1302,
24745,9893,4752,5141,17311,8332,8979,19782,9551,10231,17309,8321,8988,9889,4748,5141,2473,1171,1302,
24750,9896,4754,5142,17315,8334,8981,19789,9554,10235,17313,8322,8991,9892,4749,5143,2473,1171,1302,
24755,9897,4755,5142,17318,8336,8982,19790,9554,10236,17316,8325,8991,9893,4750,5143,2474,1171,1303,
24760,9900,4757,5143,17322,8338,8984,19797,9556,10241,17320,8327,8993,9896,4751,5145,2474,1171,1303,
24765,9901,4758,5143,17325,8339,8986,19798,9556,10242,17323,8328,8995,9897,4752,5145,2475,1171,1304,
24770,9904,4759,5145,17329,8342,8987,19805,9558,10247,17327,8331,8996,9900,4754,5146,2475,1171,1304,
24775,9905,4759,5146,17332,8344,8988,19806,9558,10248,17330,8333,8997,9901,4755,5146,2476,1171,1305,
24780,9908,4760,5148,17336,8346,8990,19813,9562,10251,17334,8335,8999,9904,4757,5147,2476,1171,1305,
24785,9909,4760,5149,17339,8347,8992,19814,9562,10252,17337,8337,9000,9905,4758,5147,2477,1171,1306,
24790,9912,4761,5151,17343,8351,8992,19821,9568,10253,17341,8340,9001,9908,4760,5148,2477,1171,1306,
24795,9913,4762,5151,17346,8352,8994,19822,9569,10253,17344,8341,9003,9909,4761,5148,2478,1172,1306,
24800,9916,4763,5153,17350,8354,8996,19829,9573,10256,17348,8342,9006,9912,4762,5150,2478,1172,1306,
24805,9917,4764,5153,17353,8357,8996,19830,9573,10257,17351,8343,9008,9913,4762,5151,2479,1173,1306,
24810,9920,4766,5154,17357,8360,8997,19837,9577,10260,17355,8346,9009,9916,4763,5153,2479,1173,1306,
24815,9921,4766,5155,17360,8362,8998,19838,9578,10260,17358,8347,9011,9917,4763,5154,2480,1174,1306,
24820,9924,4769,5155,17364,8364,9000,19845,9580,10265,17362,8348,9014,9920,4766,5154,2480,1174,1306,
24825,9925,4769,5156,17367,8366,9001,19846,9581,10265,17365,8350,9015,9921,4766,5155,2481,1174,1307,
24830,9928,4771,5157,17371,8366,9005,19853,9583,10270,17369,8351,9018,9924,4767,5157,2481,1174,1307,
24835,9929,4771,5158,17374,8368,9006,19854,9584,10270,17372,8353,9019,9925,4768,5157,2482,1174,1308,
24840,9932,4773,5159,17378,8369,9009,19861,9588,10273,17376,8355,9021,9928,4769,5159,2482,1174,1308,
24845,9933,4773,5160,17381,8371,9010,19862,9589,10273,17379,8356,9023,9929,4769,5160,2483,1175,1308,
24850,9936,4775,5161,17385,8372,9013,19869,9591,10278,17383,8358,9025,9932,4771,5161,2483,1175,1308,
24855,9937,4776,5161,17388,8374,9014,19870,9592,10278,17386,8361,9025,9933,4771,5162,2484,1175,1309,
24860,9940,4776,5164,17392,8377,9015,19877,9596,10281,17390,8361,9029,9936,4772,5164,2484,1175,1309,
24865,9941,4777,5164,17395,8380,9015,19878,9597,10281,17393,8362,9031,9937,4772,5165,2485,1175,1310,
24870,9944,4779,5165,17399,8381,9018,19885,9600,10285,17397,8364,9033,9940,4774,5166,2485,1175,1310,
24875,9945,4779,5166,17402,8382,9020,19886,9600,10286,17400,8364,9036,9941,4774,5167,2486,1176,1310,
24880,9948,4781,5167,17406,8382,9024,19893,9604,10289,17404,8365,9039,9944,4775,5169,2486,1176,1310,
24885,9949,4782,5167,17409,8383,9026,19894,9604,10290,17407,8365,9042,9945,4775,5170,2487,1177,1310,
24890,9952,4783,5169,17413,8384,9029,19901,9608,10293,17411,8368,9043,9948,4778,5170,2487,1177,1310,
24895,9953,4784,5169,17416,8387,9029,19902,9608,10294,17414,8369,9045,9949,4779,5170,2488,1177,1311,
24900,9956,4784,5172,17420,8387,9033,19909,9613,10296,17418,8373,9045,9952,4779,5173,2488,1177,1311,
24905,9957,4784,5173,17423,8389,9034,19910,9614,10296,17421,8374,9047,9953,4780,5173,2489,1177,1312,
24910,9960,4785,5175,17427,8392,9035,19917,9617,10300,17425,8377,9048,9956,4780,5176,2489,1177,1312,
24915,9961,4786,5175,17430,8393,9037,19918,9617,10301,17428,8379,9049,9957,4780,5177,2490,1178,1312,
24920,9964,4787,5177,17434,8394,9040,19925,9619,10306,17432,8382,9050,9960,4780,5180,2490,1178,1312,
24925,9965,4787,5178,17437,8395,9042,19926,9619,10307,17435,8384,9051,9961,4780,5181,2491,1178,1313,
24930,9968,4788,5180,17441,8397,9044,19933,9621,10312,17439,8386,9053,9964,4780,5184,2491,1178,1313,
24935,9969,4788,5181,17444,8400,9044,19934,9621,10313,17442,8387,9055,9965,4780,5185,2492,1178,1314,
24940,9972,4790,5182,17448,8401,9047,19941,9624,10317,17446,8387,9059,9968,4781,5187,2492,1178,1314,
24945,9973,4790,5183,17451,8403,9048,19942,9625,10317,17449,8387,9062,9969,4781,5188,2493,1178,1315,
24950,9976,4791,5185,17455,8405,9050,19949,9627,10322,17453,8388,9065,9972,4783,5189,2493,1178,1315,
24955,9977,4791,5186,17458,8406,9052,19950,9628,10322,17456,8389,9067,9973,4784,5189,2494,1178,1316,
24960,9980,4794,5186,17462,8408,9054,19957,9632,10325,17460,8392,9068,9976,4786,5190,2494,1178,1316,
24965,9981,4794,5187,17465,8410,9055,19958,9632,10326,17463,8392,9071,9977,4787,5190,2495,1179,1316,
24970,9984,4796,5188,17469,8412,9057,19965,9633,10332,17467,8394,9073,9980,4788,5192,2495,1179,1316,
24975,9985,4797,5188,17472,8413,9059,19966,9634,10332,17470,8396,9074,9981,4788,5193,2496,1180,1316,
24980,9988,4797,5191,17476,8415,9061,19973,9637,10336,17474,8397,9077,9984,4789,5195,2496,1180,1316,
24985,9989,4797,5192,17479,8416,9063,19974,9637,10337,17477,8400,9077,9985,4790,5195,2497,1180,1317,
24990,9992,4800,5192,17483,8420,9063,19981,9640,10341,17481,8403,9078,9988,4791,5197,2497,1180,1317,
24995,9993,4801,5192,17486,8420,9066,19982,9640,10342,17484,8405,9079,9989,4792,5197,2498,1181,1317,
25000,9996,4802,5194,17490,8421,9069,19989,9643,10346,17488,8407,9081,9992,4793,5199,2498,1181,1317,
25005,9997,4803,5194,17493,8423,9070,19990,9644,10346,17491,8409,9082,9993,4794,5199,2499,1181,1318,
25010,10000,4804,5196,17497,8424,9073,19997,9647,10350,17495,8410,9085,9996,4796,5200,2499,1181,1318,
25015,10001,4805,5196,17500,8425,9075,19998,9647,10351,17498,8410,9088,9997,4796,5201,2500,1182,1318,
25020,10004,4805,5199,17504,8426,9078,20005,9651,10354,17502,8411,9091,10000,4796,5204,2500,1182,1318,
25025,10005,4806,5199,17507,8428,9079,20006,9652,10354,17505,8411,9094,10001,4796,5205,2501,1183,1318,
25030,10008,4808,5200,17511,8432,9079,20013,9658,10355,17509,8413,9096,10004,4799,5205,2501,1183,1318,
25035,10009,4809,5200,17514,8434,9080,20014,9658,10356,17512,8414,9098,10005,4799,5206,2502,1183,1319,
25040,10012,4811,5201,17518,8437,9081,20021,9661,10360,17516,8416,9100,10008,4801,5207,2502,1183,1319,
25045,10013,4811,5202,17521,8439,9082,20022,9661,10361,17519,8417,9102,10009,4802,5207,2503,1183,1320,
25050,10016,4814,5202,17525,8442,9083,20029,9666,10363,17523,8417,9106,10012,4804,5208,2503,1183,1320,
25055,10017,4815,5202,17528,8445,9083,20030,9667,10363,17526,8420,9106,10013,4804,5209,2504,1183,1321,
25060,10020,4817,5203,17532,8448,9084,20037,9671,10366,17530,8424,9106,10016,4806,5210,2504,1183,1321,
25065,10021,4818,5203,17535,8450,9085,20038,9671,10367,17533,8427,9106,10017,4806,5211,2505,1184,1321,
25070,10024,4820,5204,17539,8453,9086,20045,9673,10372,17537,8429,9108,10020,4808,5212,2505,1184,1321,
25075,10025,4820,5205,17542,8453,9089,20046,9673,10373,17540,8430,9110,10021,4808,5213,2506,1185,1321,
25080,10028,4822,5206,17546,8455,9091,20053,9677,10376,17544,8432,9112,10024,4810,5214,2506,1185,1321,
25085,10029,4823,5206,17549,8456,9093,20054,9677,10377,17547,8432,9115,10025,4810,5215,2507,1186,1321,
25090,10032,4825,5207,17553,8459,9094,20061,9680,10381,17551,8434,9117,10028,4811,5217,2507,1186,1321,
25095,10033,4826,5207,17556,8461,9095,20062,9680,10382,17554,8436,9118,10029,4811,5218,2508,1186,1322,
25100,10036,4829,5207,17560,8463,9097,20069,9684,10385,17558,8439,9119,10032,4813,5219,2508,1186,1322,
25105,10037,4830,5207,17563,8464,9099,20070,9684,10386,17561,8442,9119,10033,4814,5219,2509,1186,1323,
25110,10040,4833,5207,17567,8468,9099,20077,9688,10389,17565,8445,9120,10036,4816,5220,2509,1186,1323,
25115,10041,4833,5208,17570,8470,9100,20078,9688,10390,17568,8447,9121,10037,4817,5220,2510,1186,1324,
25120,10044,4833,5211,17574,8472,9102,20085,9690,10395,17572,8451,9121,10040,4817,5223,2510,1186,1324,
25125,10045,4833,5212,17577,8474,9103,20086,9691,10395,17575,8452,9123,10041,4818,5223,2511,1186,1325,
25130,10048,4834,5214,17581,8476,9105,20093,9694,10399,17579,8454,9125,10044,4819,5225,2511,1186,1325,
25135,10049,4834,5215,17584,8476,9108,20094,9695,10399,17582,8455,9127,10045,4820,5225,2512,1187,1325,
25140,10052,4835,5217,17588,8477,9111,20101,9697,10404,17586,8457,9129,10048,4822,5226,2512,1187,1325,
25145,10053,4835,5218,17591,8478,9113,20102,9697,10405,17589,8458,9131,10049,4822,5227,2513,1187,1326,
25150,10056,4836,5220,17595,8481,9114,20109,9699,10410,17593,8459,9134,10052,4822,5230,2513,1187,1326,
25155,10057,4837,5220,17598,8482,9116,20110,9699,10411,17596,8460,9136,10053,4822,5231,2514,1187,1327,
25160,10060,4837,5223,17602,8483,9119,20117,9700,10417,17600,8461,9139,10056,4824,5232,2514,1187,1327,
25165,10061,4838,5223,17605,8484,9121,20118,9701,10417,17603,8461,9142,10057,4825,5232,2515,1188,1327,
25170,10064,4840,5224,17609,8485,9124,20125,9704,10421,17607,8462,9145,10060,4827,5233,2515,1188,1327,
25175,10065,4840,5225,17612,8486,9126,20126,9705,10421,17610,8462,9148,10061,4828,5233,2516,1189,1327,
25180,10068,4840,5228,17616,8488,9128,20133,9708,10425,17614,8464,9150,10064,4829,5235,2516,1189,1327,
25185,10069,4841,5228,17619,8490,9129,20134,9709,10425,17617,8465,9152,10065,4829,5236,2517,1189,1328,
25190,10072,4842,5230,17623,8491,9132,20141,9712,10429,17621,8467,9154,10068,4832,5236,2517,1189,1328,
25195,10073,4843,5230,17626,8492,9134,20142,9712,10430,17624,8467,9157,10069,4833,5236,2518,1189,1329,
25200,10076,4844,5232,17630,8493,9137,20149,9715,10434,17628,8469,9159,10072,4836,5236,2518,1189,1329,
25205,10077,4844,5233,17633,8493,9140,20150,9715,10435,17631,8470,9161,10073,4837,5236,2519,1190,1329,
25210,10080,4844,5236,17637,8497,9140,20157,9719,10438,17635,8471,9164,10076,4838,5238,2519,1190,1329,
25215,10081,4844,5237,17640,8499,9141,20158,9719,10439,17638,8472,9166,10077,4838,5239,2520,1191,1329,
25220,10084,4845,5239,17644,8501,9143,20165,9720,10445,17642,8474,9168,10080,4840,5240,2520,1191,1329,
25225,10085,4846,5239,17647,8503,9144,20166,9720,10446,17645,8476,9169,10081,4840,5241,2521,1191,1330,
25230,10088,4848,5240,17651,8504,9147,20173,9723,10450,17649,8479,9170,10084,4841,5243,2521,1191,1330,
25235,10089,4849,5240,17654,8505,9149,20174,9724,10450,17652,8480,9172,10085,4842,5243,2522,1192,1330,
25240,10092,4851,5241,17658,8507,9151,20181,9728,10453,17656,8482,9174,10088,4845,5243,2522,1192,1330,
25245,10093,4851,5242,17661,8509,9152,20182,9728,10454,17659,8483,9176,10089,4845,5244,2523,1193,1330,
25250,10096,4853,5243,17665,8511,9154,20189,9731,10458,17663,8485,9178,10092,4847,5245,2523,1193,1330,
25255,10097,4854,5243,17668,8513,9155,20190,9732,10458,17666,8486,9180,10093,4848,5245,2524,1194,1330,
25260,10100,4855,5245,17672,8515,9157,20197,9736,10461,17670,8488,9182,10096,4851,5245,2524,1194,1330,
25265,10101,4855,5246,17675,8516,9159,20198,9736,10462,17673,8491,9182,10097,4851,5246,2525,1195,1330,
25270,10104,4856,5248,17679,8516,9163,20205,9737,10468,17677,8492,9185,10100,4852,5248,2525,1195,1330,
25275,10105,4856,5249,17682,8518,9164,20206,9738,10468,17680,8494,9186,10101,4853,5248,2526,1196,1330,
25280,10108,4857,5251,17686,8518,9168,20213,9744,10469,17684,8497,9187,10104,4855,5249,2526,1196,1330,
25285,10109,4858,5251,17689,8521,9168,20214,9745,10469,17687,8499,9188,10105,4856,5249,2527,1197,1330,
25290,10112,4860,5252,17693,8524,9169,20221,9747,10474,17691,8502,9189,10108,4858,5250,2527,1197,1330,
25295,10113,4861,5252,17696,8527,9169,20222,9748,10474,17694,8503,9191,10109,4859,5250,2528,1197,1331,
25300,10116,4862,5254,17700,8530,9170,20229,9750,10479,17698,8506,9192,10112,4861,5251,2528,1197,1331,
25305,10117,4863,5254,17703,8531,9172,20230,9750,10480,17701,8508,9193,10113,4862,5251,2529,1198,1331,
25310,10120,4864,5256,17707,8531,9176,20237,9752,10485,17705,8511,9194,10116,4863,5253,2529,1198,1331,
25315,10121,4864,5257,17710,8531,9179,20238,9753,10485,17708,8511,9197,10117,4863,5254,2530,1199,1331,
25320,10124,4867,5257,17714,8534,9180,20245,9753,10492,17712,8513,9199,10120,4865,5255,2530,1199,1331,
25325,10125,4868,5257,17717,8534,9183,20246,9754,10492,17715,8513,9202,10121,4866,5255,2531,1199,1332,
25330,10128,4871,5257,17721,8535,9186,20253,9757,10496,17719,8514,9205,10124,4867,5257,2531,1199,1332,
25335,10129,4872,5257,17724,8537,9187,20254,9757,10497,17722,8516,9206,10125,4867,5258,2532,1199,1333,
25340,10132,4872,5260,17728,8539,9189,20261,9761,10500,17726,8518,9208,10128,4870,5258,2532,1199,1333,
25345,10133,4872,5261,17731,8540,9191,20262,9762,10500,17729,8519,9210,10129,4871,5258,2533,1200,1333,
25350,10136,4872,5264,17735,8541,9194,20269,9764,10505,17733,8522,9211,10132,4871,5261,2533,1200,1333,
25355,10137,4873,5264,17738,8541,9197,20270,9764,10506,17736,8524,9212,10133,4872,5261,2534,1200,1334,
25360,10140,4874,5266,17742,8543,9199,20277,9767,10510,17740,8524,9216,10136,4874,5262,2534,1200,1334,
25365,10141,4874,5267,17745,8544,9201,20278,9767,10511,17743,8525,9218,10137,4875,5262,2535,1201,1334,
25370,10144,4876,5268,17749,8545,9204,20285,9769,10516,17747,8527,9220,10140,4876,5264,2535,1201,1334,
25375,10145,4877,5268,17752,8546,9206,20286,9770,10516,17750,8529,9221,10141,4877,5264,2536,1202,1334,
25380,10148,4879,5269,17756,8548,9208,20293,9773,10520,17754,8532,9222,10144,4877,5267,2536,1202,1334,
25385,10149,4880,5269,17759,8549,9210,20294,9773,10521,17757,8533,9224,10145,4878,5267,2537,1203,1334,
25390,10152,4881,5271,17763,8550,9213,20301,9775,10526,17761,8535,9226,10148,4881,5267,2537,1203,1334,
25395,10153,4881,5272,17766,8553,9213,20302,9775,10527,17764,8536,9228,10149,4882,5267,2538,1204,1334,
25400,10156,4883,5273,17770,8555,9215,20309,9777,10532,17768,8537,9231,10152,4884,5268,2538,1204,1334,
25405,10157,4884,5273,17773,8555,9218,20310,9777,10533,17771,8538,9233,10153,4885,5268,2539,1204,1335,
25410,10160,4884,5276,17777,8557,9220,20317,9780,10537,17775,8541,9234,10156,4885,5271,2539,1204,1335,
25415,10161,4884,5277,17780,8558,9222,20318,9780,10538,17778,8543,9235,10157,4886,5271,2540,1205,1335,
25420,10164,4885,5279,17784,8561,9223,20325,9783,10542,17782,8544,9238,10160,4888,5272,2540,1205,1335,
25425,10165,4885,5280,17787,8564,9223,20326,9784,10542,17785,8547,9238,10161,4888,5273,2541,1206,1335,
25430,10168,4885,5283,17791,8566,9225,20333,9788,10545,17789,8550,9239,10164,4890,5274,2541,1206,1335,
25435,10169,4886,5283,17794,8567,9227,20334,9788,10546,17792,8553,9239,10165,4891,5274,2542,1206,1336,
25440,10172,4887,5285,17798,8568,9230,20341,9792,10549,17796,8556,9240,10168,4892,5276,2542,1206,1336,
25445,10173,4888,5285,17801,8570,9231,20342,9793,10549,17799,8557,9242,10169,4892,5277,2543,1206,1337,
25450,10176,4888,5288,17805,8573,9232,20349,9796,10553,17803,8559,9244,10172,4893,5279,2543,1206,1337,
25455,10177,4888,5289,17808,8575,9233,20350,9797,10553,17806,8559,9247,10173,4893,5280,2544,1207,1337,
25460,10180,4889,5291,17812,8575,9237,20357,9800,10557,17810,8561,9249,10176,4894,5282,2544,1207,1337,
25465,10181,4890,5291,17815,8577,9238,20358,9801,10557,17813,8562,9251,10177,4894,5283,2545,1207,1338,
25470,10184,4891,5293,17819,8578,9241,20365,9806,10559,17817,8564,9253,10180,4896,5284,2545,1207,1338,
25475,10185,4891,5294,17822,8580,9242,20366,9806,10560,17820,8566,9254,10181,4896,5285,2546,1207,1339,
25480,10188,4892,5296,17826,8581,9245,20373,9808,10565,17824,8568,9256,10184,4897,5287,2546,1207,1339,
25485,10189,4892,5297,17829,8583,9246,20374,9808,10566,17827,8569,9258,10185,4898,5287,2547,1208,1339,
25490,10192,4893,5299,17833,8586,9247,20381,9814,10567,17831,8571,9260,10188,4899,5289,2547,1208,1339,
25495,10193,4893,5300,17836,8588,9248,20382,9814,10568,17834,8574,9260,10189,4900,5289,2548,1208,1340,
25500,10196,4895,5301,17840,8592,9248,20389,9818,10571,17838,8575,9263,10192,4901,5291,2548,1208,1340,
25505,10197,4896,5301,17843,8593,9250,20390,9819,10571,17841,8578,9263,10193,4901,5292,2549,1208,1341,
25510,10200,4898,5302,17847,8594,9253,20397,9823,10574,17845,8580,9265,10196,4902,5294,2549,1208,1341,
25515,10201,4898,5303,17850,8596,9254,20398,9824,10574,17848,8582,9266,10197,4902,5295,2550,1208,1342,
25520,10204,4898,5306,17854,8598,9256,20405,9828,10577,17852,8584,9268,10200,4904,5296,2550,1208,1342,
25525,10205,4899,5306,17857,8599,9258,20406,9828,10578,17855,8585,9270,10201,4905,5296,2551,1208,1343,
25530,10208,4901,5307,17861,8602,9259,20413,9831,10582,17859,8587,9272,10204,4906,5298,2551,1208,1343,
25535,10209,4901,5308,17864,8604,9260,20414,9831,10583,17862,8588,9274,10205,4907,5298,2552,1209,1343,
25540,10212,4903,5309,17868,8605,9263,20421,9834,10587,17866,8591,9275,10208,4909,5299,2552,1209,1343,
25545,10213,4904,5309,17871,8607,9264,20422,9835,10587,17869,8593,9276,10209,4909,5300,2553,1209,1344,
25550,10216,4906,5310,17875,8608,9267,20429,9837,10592,17873,8595,9278,10212,4910,5302,2553,1209,1344,
25555,10217,4907,5310,17878,8610,9268,20430,9838,10592,17876,8595,9281,10213,4911,5302,2554,1210,1344,
25560,10220,4907,5313,17882,8613,9269,20437,9842,10595,17880,8597,9283,10216,4913,5303,2554,1210,1344,
25565,10221,4908,5313,17885,8615,9270,20438,9842,10596,17883,8600,9283,10217,4914,5303,2555,1211,1344,
25570,10224,4908,5316,17889,8616,9273,20445,9843,10602,17887,8602,9285,10220,4916,5304,2555,1211,1344,
25575,10225,4909,5316,17892,8619,9273,20446,9844,10602,17890,8603,9287,10221,4916,5305,2556,1211,1345,
25580,10228,4910,5318,17896,8620,9276,20453,9847,10606,17894,8605,9289,10224,4916,5308,2556,1211,1345,
25585,10229,4911,5318,17899,8622,9277,20454,9848,10606,17897,8607,9290,10225,4916,5309,2557,1212,1345,
25590,10232,4914,5318,17903,8624,9279,20461,9851,10610,17901,8609,9292,10228,4916,5312,2557,1212,1345,
25595,10233,4915,5318,17906,8626,9280,20462,9852,10610,17904,8611,9293,10229,4916,5313,2558,1212,1346,
25600,10236,4917,5319,17910,8627,9283,20469,9855,10614,17908,8612,9296,10232,4917,5315,2558,1212,1346,
25605,10237,4917,5320,17913,8629,9284,20470,9856,10614,17911,8612,9299,10233,4918,5315,2559,1212,1347,
25610,10240,4918,5322,17917,8630,9287,20477,9861,10616,17915,8613,9302,10236,4918,5318,2559,1212,1347,
25615,10241,4919,5322,17920,8630,9290,20478,9862,10616,17918,8615,9303,10237,4919,5318,2560,1213,1347,
25620,10244,4921,5323,17924,8632,9292,20485,9864,10621,17922,8618,9304,10240,4921,5319,2560,1213,1347,
25625,10245,4922,5323,17927,8634,9293,20486,9865,10621,17925,8621,9304,10241,4921,5320,2561,1214,1347,
25630,10248,4922,5326,17931,8636,9295,20493,9869,10624,17929,8623,9306,10244,4922,5322,2561,1214,1347,
25635,10249,4923,5326,17934,8636,9298,20494,9869,10625,17932,8625,9307,10245,4923,5322,2562,1214,1348,
25640,10252,4924,5328,17938,8638,9300,20501,9874,10627,17936,8627,9309,10248,4925,5323,2562,1214,1348,
25645,10253,4925,5328,17941,8639,9302,20502,9875,10627,17939,8628,9311,10249,4925,5324,2563,1215,1348,
25650,10256,4928,5328,17945,8640,9305,20509,9876,10633,17943,8631,9312,10252,4926,5326,2563,1215,1348,
25655,10257,4928,5329,17948,8641,9307,20510,9877,10633,17946,8634,9312,10253,4926,5327,2564,1215,1349,
25660,10260,4930,5330,17952,8642,9310,20517,9882,10635,17950,8634,9316,10256,4927,5329,2564,1215,1349,
25665,10261,4930,5331,17955,8645,9310,20518,9883,10635,17953,8634,9319,10257,4928,5329,2565,1215,1350,
25670,10264,4930,5334,17959,8646,9313,20525,9886,10639,17957,8636,9321,10260,4929,5331,2565,1215,1350,
25675,10265,4930,5335,17962,8647,9315,20526,9887,10639,17960,8638,9322,10261,4930,5331,2566,1215,1351,
25680,10268,4932,5336,17966,8649,9317,20533,9892,10641,17964,8640,9324,10264,4931,5333,2566,1215,1351,
25685,10269,4932,5337,17969,8649,9320,20534,9892,10642,17967,8640,9327,10265,4931,5334,2567,1215,1352,
25690,10272,4933,5339,17973,8651,9322,20541,9896,10645,17971,8642,9329,10268,4932,5336,2567,1215,1352,
25695,10273,4934,5339,17976,8652,9324,20542,9897,10645,17974,8643,9331,10269,4932,5337,2568,1215,1353,
25700,10276,4935,5341,17980,8654,9326,20549,9899,10650,17978,8645,9333,10272,4934,5338,2568,1215,1353,
25705,10277,4935,5342,17983,8656,9327,20550,9900,10650,17981,8645,9336,10273,4934,5339,2569,1215,1354,
25710,10280,4936,5344,17987,8659,9328,20557,9903,10654,17985,8648,9337,10276,4936,5340,2569,1215,1354,
25715,10281,4937,5344,17990,8661,9329,20558,9903,10655,17988,8649,9339,10277,4936,5341,2570,1215,1355,
25720,10284,4939,5345,17994,8662,9332,20565,9907,10658,17992,8652,9340,10280,4937,5343,2570,1215,1355,
25725,10285,4940,5345,17997,8664,9333,20566,9908,10658,17995,8652,9343,10281,4938,5343,2571,1215,1356,
25730,10288,4941,5347,18001,8667,9334,20573,9912,10661,17999,8653,9346,10284,4938,5346,2571,1215,1356,
25735,10289,4942,5347,18004,8668,9336,20574,9913,10661,18002,8654,9348,10285,4938,5347,2572,1216,1356,
25740,10292,4943,5349,18008,8671,9337,20581,9916,10665,18006,8656,9350,10288,4939,5349,2572,1216,1356,
25745,10293,4944,5349,18011,8672,9339,20582,9917,10665,18009,8659,9350,10289,4940,5349,2573,1217,1356,
25750,10296,4946,5350,18015,8674,9341,20589,9921,10668,18013,8662,9351,10292,4941,5351,2573,1217,1356,
25755,10297,4947,5350,18018,8677,9341,20590,9922,10668,18016,8664,9352,10293,4942,5351,2574,1218,1356,
25760,10300,4948,5352,18022,8680,9342,20597,9926,10671,18020,8666,9354,10296,4943,5353,2574,1218,1356,
25765,10301,4948,5353,18025,8681,9344,20598,9927,10671,18023,8667,9356,10297,4944,5353,2575,1219,1356,
25770,10304,4949,5355,18029,8683,9346,20605,9929,10676,18027,8668,9359,10300,4944,5356,2575,1219,1356,
25775,10305,4949,5356,18032,8684,9348,20606,9929,10677,18030,8669,9361,10301,4945,5356,2576,1220,1356,
25780,10308,4950,5358,18036,8685,9351,20613,9932,10681,18034,8670,9364,10304,4948,5356,2576,1220,1356,
25785,10309,4950,5359,18039,8687,9352,20614,9932,10682,18037,8672,9365,10305,4948,5357,2577,1220,1357,
25790,10312,4951,5361,18043,8689,9354,20621,9935,10686,18041,8674,9367,10308,4949,5359,2577,1220,1357,
25795,10313,4952,5361,18046,8690,9356,20622,9935,10687,18044,8676,9368,10309,4950,5359,2578,1220,1358,
25800,10316,4953,5363,18050,8692,9358,20629,9940,10689,18048,8678,9370,10312,4950,5362,2578,1220,1358,
25805,10317,4953,5364,18053,8694,9359,20630,9940,10690,18051,8680,9371,10313,4951,5362,2579,1220,1359,
25810,10320,4954,5366,18057,8695,9362,20637,9943,10694,18055,8682,9373,10316,4952,5364,2579,1220,1359,
25815,10321,4954,5367,18060,8696,9364,20638,9943,10695,18058,8684,9374,10317,4953,5364,2580,1221,1359,
25820,10324,4954,5370,18064,8698,9366,20645,9947,10698,18062,8687,9375,10320,4953,5367,2580,1221,1359,
25825,10325,4954,5371,18067,8700,9367,20646,9948,10698,18065,8688,9377,10321,4953,5368,2581,1221,1360,
25830,10328,4955,5373,18071,8703,9368,20653,9951,10702,18069,8691,9378,10324,4954,5370,2581,1221,1360,
25835,10329,4955,5374,18074,8704,9370,20654,9951,10703,18072,8692,9380,10325,4954,5371,2582,1222,1360,
25840,10332,4957,5375,18078,8706,9372,20661,9953,10708,18076,8694,9382,10328,4955,5373,2582,1222,1360,
25845,10333,4958,5375,18081,8707,9374,20662,9954,10708,18079,8694,9385,10329,4956,5373,2583,1222,1361,
25850,10336,4959,5377,18085,8709,9376,20669,9958,10711,18083,8696,9387,10332,4958,5374,2583,1222,1361,
25855,10337,4959,5378,18088,8710,9378,20670,9959,10711,18086,8697,9389,10333,4959,5374,2584,1223,1361,
25860,10340,4960,5380,18092,8712,9380,20677,9961,10716,18090,8699,9391,10336,4960,5376,2584,1223,1361,
25865,10341,4960,5381,18095,8714,9381,20678,9961,10717,18093,8700,9393,10337,4961,5376,2585,1223,1362,
25870,10344,4961,5383,18099,8715,9384,20685,9964,10721,18097,8702,9395,10340,4963,5377,2585,1223,1362,
25875,10345,4962,5383,18102,8718,9384,20686,9964,10722,18100,8702,9398,10341,4964,5377,2586,1224,1362,
25880,10348,4964,5384,18106,8720,9386,20693,9968,10725,18104,8702,9402,10344,4966,5378,2586,1224,1362,
25885,10349,4965,5384,18109,8723,9386,20694,9968,10726,18107,8704,9403,10345,4966,5379,2587,1225,1362,
25890,10352,4965,5387,18113,8725,9388,20701,9971,10730,18111,8707,9404,10348,4967,5381,2587,1225,1362,
25895,10353,4966,5387,18116,8727,9389,20702,9971,10731,18114,8709,9405,10349,4967,5382,2588,1225,1363,
25900,10356,4966,5390,18120,8731,9389,20709,9975,10734,18118,8713,9405,10352,4969,5383,2588,1225,1363,
25905,10357,4967,5390,18123,8731,9392,20710,9975,10735,18121,8714,9407,10353,4969,5384,2589,1226,1363,
25910,10360,4968,5392,18127,8734,9393,20717,9980,10737,18125,8717,9408,10356,4971,5385,2589,1226,1363,
25915,10361,4969,5392,18130,8735,9395,20718,9980,10738,18128,8718,9410,10357,4971,5386,2590,1226,1364,
25920,10364,4970,5394,18134,8737,9397,20725,9983,10742,18132,8719,9413,10360,4974,5386,2590,1226,1364,
25925,10365,4971,5394,18137,8740,9397,20726,9984,10742,18135,8720,9415,10361,4974,5387,2591,1227,1364,
25930,10368,4974,5394,18141,8742,9399,20733,9989,10744,18139,8720,9419,10364,4975,5389,2591,1227,1364,
25935,10369,4975,5394,18144,8742,9402,20734,9989,10745,18142,8721,9421,10365,4975,5390,2592,1227,1365,
25940,10372,4975,5397,18148,8744,9404,20741,9995,10746,18146,8725,9421,10368,4975,5393,2592,1227,1365,
25945,10373,4976,5397,18151,8745,9406,20742,9995,10747,18149,8727,9422,10369,4975,5394,2593,1227,1366,
25950,10376,4977,5399,18155,8748,9407,20749,9998,10751,18153,8729,9424,10372,4978,5394,2593,1227,1366,
25955,10377,4977,5400,18158,8750,9408,20750,9999,10751,18156,8731,9425,10373,4978,5395,2594,1228,1366,
25960,10380,4979,5401,18162,8753,9409,20757,10000,10757,18160,8732,9428,10376,4979,5397,2594,1228,1366,
25965,10381,4979,5402,18165,8755,9410,20758,10000,10758,18163,8734,9429,10377,4979,5398,2595,1228,1367,
25970,10384,4981,5403,18169,8756,9413,20765,10006,10759,18167,8737,9430,10380,4980,5400,2595,1228,1367,
25975,10385,4981,5404,18172,8757,9415,20766,10006,10760,18170,8740,9430,10381,4980,5401,2596,1229,1367,
25980,10388,4983,5405,18176,8759,9417,20773,10008,10765,18174,8740,9434,10384,4982,5402,2596,1229,1367,
25985,10389,4983,5406,18179,8760,9419,20774,10009,10765,18177,8743,9434,10385,4983,5402,2597,1230,1367,
25990,10392,4985,5407,18183,8762,9421,20781,10010,10771,18181,8744,9437,10388,4986,5402,2597,1230,1367,
25995,10393,4985,5408,18186,8762,9424,20782,10011,10771,18184,8745,9439,10389,4986,5403,2598,1231,1367,
26000,10396,4987,5409,18190,8764,9426,20789,10013,10776,18188,8747,9441,10392,4988,5404,2598,1231,1367,
26005,10397,4988,5409,18193,8766,9427,20790,10014,10776,18191,8748,9443,10393,4989,5404,2599,1231,1368,
26010,10400,4988,5412,18197,8768,9429,20797,10017,10780,18195,8749,9446,10396,4990,5406,2599,1231,1368,
26015,10401,4989,5412,18200,8769,9431,20798,10018,10780,18198,8750,9448,10397,4990,5407,2600,1231,1369,
26020,10404,4992,5412,18204,8772,9432,20805,10020,10785,18202,8752,9450,10400,4991,5409,2600,1231,1369,
26025,10405,4992,5413,18207,8772,9435,20806,10020,10786,18205,8753,9452,10401,4991,5410,2601,1231,1370,
26030,10408,4993,5415,18211,8774,9437,20813,10025,10788,18209,8755,9454,10404,4992,5412,2601,1231,1370,
26035,10409,4994,5415,18214,8776,9438,20814,10026,10788,18212,8756,9456,10405,4992,5413,2602,1232,1370,
26040,10412,4995,5417,18218,8778,9440,20821,10031,10790,18216,8758,9458,10408,4993,5415,2602,1232,1370,
26045,10413,4996,5417,18221,8780,9441,20822,10032,10790,18219,8759,9460,10409,4994,5415,2603,1232,1371,
26050,10416,4998,5418,18225,8781,9444,20829,10038,10791,18223,8759,9464,10412,4997,5415,2603,1232,1371,
26055,10417,4999,5418,18228,8781,9447,20830,10039,10791,18226,8759,9467,10413,4997,5416,2604,1232,1372,
26060,10420,5000,5420,18232,8783,9449,20837,10042,10795,18230,8763,9467,10416,4999,5417,2604,1232,1372,
26065,10421,5000,5421,18235,8785,9450,20838,10043,10795,18233,8764,9469,10417,5000,5417,2605,1233,1372,
26070,10424,5002,5422,18239,8788,9451,20845,10045,10800,18237,8765,9472,10420,5002,5418,2605,1233,1372,
26075,10425,5003,5422,18242,8789,9453,20846,10046,10800,18240,8766,9474,10421,5002,5419,2606,1233,1373,
26080,10428,5004,5424,18246,8792,9454,20853,10051,10802,18244,8769,9475,10424,5004,5420,2606,1233,1373,
26085,10429,5004,5425,18249,8794,9455,20854,10051,10803,18247,8771,9476,10425,5004,5421,2607,1233,1374,
26090,10432,5004,5428,18253,8797,9456,20861,10054,10807,18251,8772,9479,10428,5007,5421,2607,1233,1374,
26095,10433,5004,5429,18256,8798,9458,20862,10055,10807,18254,8774,9480,10429,5007,5422,2608,1234,1374,
26100,10436,5006,5430,18260,8800,9460,20869,10058,10811,18258,8777,9481,10432,5010,5422,2608,1234,1374,
26105,10437,5006,5431,18263,8801,9462,20870,10058,10812,18261,8780,9481,10433,5010,5423,2609,1234,1375,
26110,10440,5007,5433,18267,8803,9464,20877,10062,10815,18265,8783,9482,10436,5010,5426,2609,1234,1375,
26115,10441,5008,5433,18270,8804,9466,20878,10062,10816,18268,8783,9485,10437,5011,5426,2610,1235,1375,
26120,10444,5008,5436,18274,8807,9467,20885,10066,10819,18272,8786,9486,10440,5014,5426,2610,1235,1375,
26125,10445,5009,5436,18277,8809,9468,20886,10067,10819,18275,8787,9488,10441,5015,5426,2611,1235,1376,
26130,10448,5011,5437,18281,8810,9471,20893,10072,10821,18279,8789,9490,10444,5016,5428,2611,1235,1376,
26135,10449,5012,5437,18284,8811,9473,20894,10073,10821,18282,8791,9491,10445,5017,5428,2612,1236,1376,
26140,10452,5014,5438,18288,8812,9476,20901,10076,10825,18286,8792,9494,10448,5018,5430,2612,1236,1376,
26145,10453,5014,5439,18291,8813,9478,20902,10076,10826,18289,8793,9496,10449,5018,5431,2613,1237,1376,
26150,10456,5014,5442,18295,8816,9479,20909,10078,10831,18293,8797,9496,10452,5020,5432,2613,1237,1376,
26155,10457,5015,5442,18298,8817,9481,20910,10079,10831,18296,8799,9497,10453,5021,5432,2614,1238,1376,
26160,10460,5017,5443,18302,8819,9483,20917,10083,10834,18300,8799,9501,10456,5021,5435,2614,1238,1376,
26165,10461,5018,5443,18305,8822,9483,20918,10083,10835,18303,8801,9502,10457,5022,5435,2615,1238,1377,
26170,10464,5020,5444,18309,8826,9483,20925,10085,10840,18307,8801,9506,10460,5023,5437,2615,1238,1377,
26175,10465,5020,5445,18312,8826,9486,20926,10086,10840,18310,8802,9508,10461,5024,5437,2616,1238,1378,
26180,10468,5020,5448,18316,8828,9488,20933,10088,10845,18314,8803,9511,10464,5024,5440,2616,1238,1378,
26185,10469,5021,5448,18319,8829,9490,20934,10089,10845,18317,8806,9511,10465,5025,5440,2617,1239,1378,
26190,10472,5022,5450,18323,8832,9491,20941,10093,10848,18321,8809,9512,10468,5025,5443,2617,1239,1378,
26195,10473,5022,5451,18326,8833,9493,20942,10094,10848,18324,8811,9513,10469,5025,5444,2618,1239,1379,
26200,10476,5024,5452,18330,8833,9497,20949,10097,10852,18328,8813,9515,10472,5027,5445,2618,1239,1379,
26205,10477,5025,5452,18333,8833,9500,20950,10097,10853,18331,8814,9517,10473,5028,5445,2619,1239,1380,
26210,10480,5027,5453,18337,8836,9501,20957,10101,10856,18335,8816,9519,10476,5030,5446,2619,1239,1380,
26215,10481,5027,5454,18340,8838,9502,20958,10102,10856,18338,8816,9522,10477,5031,5446,2620,1240,1380,
26220,10484,5028,5456,18344,8841,9503,20965,10105,10860,18342,8820,9522,10480,5032,5448,2620,1240,1380,
26225,10485,5029,5456,18347,8843,9504,20966,10105,10861,18345,8822,9523,10481,5033,5448,2621,1240,1381,
26230,10488,5030,5458,18351,8844,9507,20973,10109,10864,18349,8822,9527,10484,5035,5449,2621,1240,1381,
26235,10489,5030,5459,18354,8845,9509,20974,10110,10864,18352,8824,9528,10485,5036,5449,2622,1241,1381,
26240,10492,5031,5461,18358,8847,9511,20981,10112,10869,18356,8825,9531,10488,5038,5450,2622,1241,1381,
26245,10493,5031,5462,18361,8847,9514,20982,10112,10870,18359,8825,9534,10489,5039,5450,2623,1241,1382,
26250,10496,5032,5464,18365,8849,9516,20989,10115,10874,18363,8827,9536,10492,5039,5453,2623,1241,1382,
26255,10497,5032,5465,18368,8852,9516,20990,10116,10874,18366,8828,9538,10493,5040,5453,2624,1242,1382,
26260,10500,5032,5468,18372,8855,9517,20997,10120,10877,18370,8830,9540,10496,5041,5455,2624,1242,1382,
26265,10501,5033,5468,18375,8856,9519,20998,10120,10878,18373,8832,9541,10497,5042,5455,2625,1242,1383,
26270,10504,5035,5469,18379,8857,9522,21005,10125,10880,18377,8834,9543,10500,5043,5457,2625,1242,1383,
26275,10505,5035,5470,18382,8858,9524,21006,10126,10880,18380,8836,9544,10501,5044,5457,2626,1243,1383,
26280,10508,5036,5472,18386,8859,9527,21013,10130,10883,18384,8838,9546,10504,5047,5457,2626,1243,1383,
26285,10509,5037,5472,18389,8861,9528,21014,10130,10884,18387,8839,9548,10505,5047,5458,2627,1243,1384,
26290,10512,5039,5473,18393,8863,9530,21021,10134,10887,18391,8841,9550,10508,5047,5461,2627,1243,1384,
26295,10513,5039,5474,18396,8865,9531,21022,10135,10887,18394,8841,9553,10509,5048,5461,2628,1244,1384,
26300,10516,5042,5474,18400,8866,9534,21029,10138,10891,18398,8842,9556,10512,5049,5463,2628,1244,1384,
26305,10517,5042,5475,18403,8868,9535,21030,10138,10892,18401,8844,9557,10513,5050,5463,2629,1244,1385,
26310,10520,5042,5478,18407,8870,9537,21037,10140,10897,18405,8846,9559,10516,5051,5465,2629,1244,1385,
26315,10521,5042,5479,18410,8872,9538,21038,10140,10898,18408,8846,9562,10517,5052,5465,2630,1245,1385,
26320,10524,5044,5480,18414,8873,9541,21045,10143,10902,18412,8850,9562,10520,5054,5466,2630,1245,1385,
26325,10525,5045,5480,18417,8876,9541,21046,10143,10903,18415,8852,9563,10521,5054,5467,2631,1246,1385,
26330,10528,5048,5480,18421,8879,9542,21053,10148,10905,18419,8853,9566,10524,5055,5469,2631,1246,1385,
26335,10529,5049,5480,18424,8880,9544,21054,10149,10905,18422,8853,9569,10525,5056,5469,2632,1247,1385,
26340,10532,5052,5480,18428,8882,9546,21061,10153,10908,18426,8856,9570,10528,5056,5472,2632,1247,1385,
26345,10533,5052,5481,18431,8885,9546,21062,10154,10908,18429,8857,9572,10529,5056,5473,2633,1247,1386,
26350,10536,5054,5482,18435,8887,9548,21069,10155,10914,18433,8859,9574,10532,5058,5474,2633,1247,1386,
26355,10537,5055,5482,18438,8890,9548,21070,10155,10915,18436,8861,9575,10533,5058,5475,2634,1247,1387,
26360,10540,5055,5485,18442,8892,9550,21077,10158,10919,18440,8863,9577,10536,5060,5476,2634,1247,1387,
26365,10541,5056,5485,18445,8894,9551,21078,10159,10919,18443,8865,9578,10537,5061,5476,2635,1247,1388,
26370,10544,5058,5486,18449,8896,9553,21085,10160,10925,18447,8867,9580,10540,5063,5477,2635,1247,1388,
26375,10545,5059,5486,18452,8898,9554,21086,10160,10926,18450,8869,9581,10541,5063,5478,2636,1248,1388,
26380,10548,5061,5487,18456,8902,9554,21093,10165,10928,18454,8871,9583,10544,5064,5480,2636,1248,1388,
26385,10549,5062,5487,18459,8905,9554,21094,10166,10928,18457,8874,9583,10545,5065,5480,2637,1249,1388,
26390,10552,5064,5488,18463,8906,9557,21101,10170,10931,18461,8875,9586,10548,5067,5481,2637,1249,1388,
26395,10553,5064,5489,18466,8908,9558,21102,10170,10932,18464,8876,9588,10549,5068,5481,2638,1250,1388,
26400,10556,5064,5492,18470,8910,9560,21109,10172,10937,18468,8878,9590,10552,5068,5484,2638,1250,1388,
26405,10557,5065,5492,18473,8911,9562,21110,10173,10937,18471,8879,9592,10553,5069,5484,2639,1250,1389,
26410,10560,5068,5492,18477,8912,9565,21117,10176,10941,18475,8881,9594,10556,5070,5486,2639,1250,1389,
26415,10561,5068,5493,18480,8914,9566,21118,10176,10942,18478,8882,9596,10557,5070,5487,2640,1250,1390,
26420,10564,5069,5495,18484,8916,9568,21125,10180,10945,18482,8886,9596,10560,5072,5488,2640,1250,1390,
26425,10565,5069,5496,18487,8918,9569,21126,10181,10945,18485,8887,9598,10561,5073,5488,2641,1250,1391,
26430,10568,5071,5497,18491,8919,9572,21133,10184,10949,18489,8888,9601,10564,5075,5489,2641,1250,1391,
26435,10569,5071,5498,18494,8920,9574,21134,10184,10950,18492,8889,9603,10565,5076,5489,2642,1250,1392,
26440,10572,5074,5498,18498,8921,9577,21141,10187,10954,18496,8892,9604,10568,5077,5491,2642,1250,1392,
26445,10573,5075,5498,18501,8923,9578,21142,10187,10955,18499,8894,9605,10569,5078,5491,2643,1250,1393,
26450,10576,5078,5498,18505,8925,9580,21149,10189,10960,18503,8897,9606,10572,5080,5492,2643,1250,1393,
26455,10577,5079,5498,18508,8928,9580,21150,10190,10960,18506,8899,9607,10573,5080,5493,2644,1251,1393,
26460,10580,5082,5498,18512,8929,9583,21157,10191,10966,18510,8900,9610,10576,5081,5495,2644,1251,1393,
26465,10581,5082,5499,18515,8930,9585,21158,10192,10966,18513,8902,9611,10577,5081,5496,2645,1252,1393,
26470,10584,5085,5499,18519,8932,9587,21165,10194,10971,18517,8905,9612,10580,5081,5499,2645,1252,1393,
26475,10585,5085,5500,18522,8934,9588,21166,10194,10972,18520,8907,9613,10581,5081,5500,2646,1252,1394,
26480,10588,5087,5501,18526,8936,9590,21173,10199,10974,18524,8907,9617,10584,5084,5500,2646,1252,1394,
26485,10589,5087,5502,18529,8936,9593,21174,10200,10974,18527,8909,9618,10585,5084,5501,2647,1253,1394,
26490,10592,5088,5504,18533,8939,9594,21181,10202,10979,18531,8913,9618,10588,5087,5501,2647,1253,1394,
26495,10593,5089,5504,18536,8941,9595,21182,10203,10979,18534,8914,9620,10589,5088,5501,2648,1254,1394,
26500,10596,5090,5506,18540,8943,9597,21189,10207,10982,18538,8916,9622,10592,5089,5503,2648,1254,1394,
26505,10597,5091,5506,18543,8944,9599,21190,10208,10982,18541,8918,9623,10593,5089,5504,2649,1255,1394,
26510,10600,5092,5508,18547,8947,9600,21197,10213,10984,18545,8919,9626,10596,5091,5505,2649,1255,1394,
26515,10601,5092,5509,18550,8948,9602,21198,10214,10984,18548,8920,9628,10597,5092,5505,2650,1255,1395,
26520,10604,5092,5512,18554,8951,9603,21205,10221,10984,18552,8922,9630,10600,5093,5507,2650,1255,1395,
26525,10605,5092,5513,18557,8953,9604,21206,10222,10984,18555,8923,9632,10601,5093,5508,2651,1255,1396,
26530,10608,5095,5513,18561,8953,9608,21213,10225,10988,18559,8924,9635,10604,5094,5510,2651,1255,1396,
26535,10609,5095,5514,18564,8956,9608,21214,10225,10989,18562,8926,9636,10605,5094,5511,2652,1255,1397,
26540,10612,5096,5516,18568,8958,9610,21221,10226,10995,18566,8930,9636,10608,5095,5513,2652,1255,1397,
26545,10613,5096,5517,18571,8960,9611,21222,10227,10995,18569,8931,9638,10609,5096,5513,2653,1255,1398,
26550,10616,5098,5518,18575,8962,9613,21229,10231,10998,18573,8933,9640,10612,5098,5514,2653,1255,1398,
26555,10617,5099,5518,18578,8963,9615,21230,10231,10999,18576,8935,9641,10613,5098,5515,2654,1256,1398,
26560,10620,5101,5519,18582,8965,9617,21237,10236,11001,18580,8937,9643,10616,5099,5517,2654,1256,1398,
26565,10621,5102,5519,18585,8967,9618,21238,10237,11001,18583,8938,9645,10617,5100,5517,2655,1257,1398,
26570,10624,5103,5521,18589,8970,9619,21245,10241,11004,18587,8940,9647,10620,5103,5517,2655,1257,1398,
26575,10625,5104,5521,18592,8973,9619,21246,10241,11005,18590,8941,9649,10621,5103,5518,2656,1257,1399,
26580,10628,5105,5523,18596,8975,9621,21253,10243,11010,18594,8945,9649,10624,5104,5520,2656,1257,1399,
26585,10629,5106,5523,18599,8976,9623,21254,10243,11011,18597,8947,9650,10625,5104,5521,2657,1257,1400,
26590,10632,5108,5524,18603,8977,9626,21261,10248,11013,18601,8950,9651,10628,5105,5523,2657,1257,1400,
26595,10633,5108,5525,18606,8977,9629,21262,10248,11014,18604,8951,9653,10629,5106,5523,2658,1258,1400,
26600,10636,5109,5527,18610,8978,9632,21269,10252,11017,18608,8954,9654,10632,5108,5524,2658,1258,1400,
26605,10637,5109,5528,18613,8979,9634,21270,10253,11017,18611,8955,9656,10633,5108,5525,2659,1258,1401,
26610,10640,5110,5530,18617,8980,9637,21277,10257,11020,18615,8957,9658,10636,5109,5527,2659,1258,1401,
26615,10641,5111,5530,18620,8982,9638,21278,10258,11020,18618,8959,9659,10637,5109,5528,2660,1259,1401,
26620,10644,5112,5532,18624,8985,9639,21285,10261,11024,18622,8961,9661,10640,5112,5528,2660,1259,1401,
26625,10645,5112,5533,18627,8988,9639,21286,10261,11025,18625,8962,9663,10641,5113,5528,2661,1260,1401,
26630,10648,5113,5535,18631,8989,9642,21293,10264,11029,18629,8965,9664,10644,5114,5530,2661,1260,1401,
26635,10649,5113,5536,18634,8990,9644,21294,10265,11029,18632,8967,9665,10645,5114,5531,2662,1260,1402,
26640,10652,5114,5538,18638,8990,9648,21301,10268,11033,18636,8971,9665,10648,5116,5532,2662,1260,1402,
26645,10653,5114,5539,18641,8991,9650,21302,10268,11034,18639,8972,9667,10649,5117,5532,2663,1261,1402,
26650,10656,5115,5541,18645,8992,9653,21309,10272,11037,18643,8975,9668,10652,5120,5532,2663,1261,1402,
26655,10657,5115,5542,18648,8993,9655,21310,10273,11037,18646,8977,9669,10653,5121,5532,2664,1262,1402,
26660,10660,5115,5545,18652,8995,9657,21317,10275,11042,18650,8979,9671,10656,5124,5532,2664,1262,1402,
26665,10661,5115,5546,18655,8996,9659,21318,10275,11043,18653,8981,9672,10657,5124,5533,2665,1262,1403,
26670,10664,5116,5548,18659,9000,9659,21325,10278,11047,18657,8982,9675,10660,5125,5535,2665,1262,1403,
26675,10665,5116,5549,18662,9001,9661,21326,10279,11047,18660,8984,9676,10661,5126,5535,2666,1262,1404,
26680,10668,5116,5552,18666,9002,9664,21333,10282,11051,18664,8987,9677,10664,5128,5536,2666,1262,1404,
26685,10669,5117,5552,18669,9005,9664,21334,10282,11052,18667,8990,9677,10665,5128,5537,2667,1263,1404,
26690,10672,5118,5554,18673,9006,9667,21341,10286,11055,18671,8993,9678,10668,5130,5538,2667,1263,1404,
26695,10673,5118,5555,18676,9007,9669,21342,10287,11055,18674,8993,9681,10669,5131,5538,2668,1264,1404,
26700,10676,5120,5556,18680,9009,9671,21349,10290,11059,18678,8995,9683,10672,5132,5540,2668,1264,1404,
26705,10677,5120,5557,18683,9010,9673,21350,10290,11060,18681,8998,9683,10673,5133,5540,2669,1264,1405,
26710,10680,5123,5557,18687,9012,9675,21357,10290,11067,18685,8998,9687,10676,5135,5541,2669,1264,1405,
26715,10681,5124,5557,18690,9012,9678,21358,10291,11067,18688,9001,9687,10677,5136,5541,2670,1264,1406,
26720,10684,5126,5558,18694,9014,9680,21365,10295,11070,18692,9003,9689,10680,5137,5543,2670,1264,1406,
26725,10685,5127,5558,18697,9016,9681,21366,10295,11071,18695,9004,9691,10681,5137,5544,2671,1264,1407,
26730,10688,5128,5560,18701,9018,9683,21373,10298,11075,18699,9006,9693,10684,5140,5544,2671,1264,1407,
26735,10689,5129,5560,18704,9020,9684,21374,10298,11076,18702,9008,9694,10685,5141,5544,2672,1265,1407,
26740,10692,5131,5561,18708,9021,9687,21381,10301,11080,18706,9010,9696,10688,5143,5545,2672,1265,1407,
26745,10693,5132,5561,18711,9022,9689,21382,10301,11081,18709,9011,9698,10689,5144,5545,2673,1265,1408,
26750,10696,5134,5562,18715,9025,9690,21389,10306,11083,18713,9011,9702,10692,5146,5546,2673,1265,1408,
26755,10697,5135,5562,18718,9028,9690,21390,10306,11084,18716,9012,9704,10693,5147,5546,2674,1266,1408,
26760,10700,5138,5562,18722,9030,9692,21397,10309,11088,18720,9013,9707,10696,5148,5548,2674,1266,1408,
26765,10701,5138,5563,18725,9032,9693,21398,10309,11089,18723,9014,9709,10697,5149,5548,2675,1266,1409,
26770,10704,5140,5564,18729,9033,9696,21405,10311,11094,18727,9015,9712,10700,5152,5548,2675,1266,1409,
26775,10705,5140,5565,18732,9036,9696,21406,10312,11094,18730,9018,9712,10701,5152,5549,2676,1266,1410,
26780,10708,5143,5565,18736,9039,9697,21413,10315,11098,18734,9019,9715,10704,5154,5550,2676,1266,1410,
26785,10709,5143,5566,18739,9040,9699,21414,10316,11098,18737,9021,9716,10705,5155,5550,2677,1266,1411,
26790,10712,5145,5567,18743,9042,9701,21421,10317,11104,18741,9023,9718,10708,5156,5552,2677,1266,1411,
26795,10713,5146,5567,18746,9043,9703,21422,10317,11105,18744,9025,9719,10709,5156,5553,2678,1267,1411,
26800,10716,5148,5568,18750,9045,9705,21429,10320,11109,18748,9027,9721,10712,5158,5554,2678,1267,1411,
26805,10717,5149,5568,18753,9046,9707,21430,10321,11109,18751,9028,9723,10713,5158,5555,2679,1267,1412,
26810,10720,5151,5569,18757,9049,9708,21437,10324,11113,18755,9030,9725,10716,5160,5556,2679,1267,1412,
26815,10721,5151,5570,18760,9050,9710,21438,10324,11114,18758,9033,9725,10717,5160,5557,2680,1268,1412,
26820,10724,5152,5572,18764,9052,9712,21445,10327,11118,18762,9035,9727,10720,5163,5557,2680,1268,1412,
26825,10725,5152,5573,18767,9055,9712,21446,10328,11118,18765,9036,9729,10721,5163,5558,2681,1269,1412,
26830,10728,5154,5574,18771,9057,9714,21453,10331,11122,18769,9039,9730,10724,5165,5559,2681,1269,1412,
26835,10729,5154,5575,18774,9057,9717,21454,10332,11122,18772,9040,9732,10725,5165,5560,2682,1269,1413,
26840,10732,5156,5576,18778,9058,9720,21461,10334,11127,18776,9040,9736,10728,5165,5563,2682,1269,1413,
26845,10733,5157,5576,18781,9060,9721,21462,10335,11127,18779,9040,9739,10729,5165,5564,2683,1269,1414,
26850,10736,5158,5578,18785,9062,9723,21469,10340,11129,18783,9041,9742,10732,5168,5564,2683,1269,1414,
26855,10737,5159,5578,18788,9063,9725,21470,10340,11130,18786,9044,9742,10733,5168,5565,2684,1269,1415,
26860,10740,5162,5578,18792,9064,9728,21477,10342,11135,18790,9047,9743,10736,5171,5565,2684,1269,1415,
26865,10741,5163,5578,18795,9064,9731,21478,10343,11135,18793,9050,9743,10737,5171,5566,2685,1269,1416,
26870,10744,5165,5579,18799,9067,9732,21485,10344,11141,18797,9053,9744,10740,5174,5566,2685,1269,1416,
26875,10745,5165,5580,18802,9068,9734,21486,10345,11141,18800,9055,9745,10741,5175,5566,2686,1269,1417,
26880,10748,5166,5582,18806,9070,9736,21493,10349,11144,18804,9057,9747,10744,5176,5568,2686,1269,1417,
26885,10749,5166,5583,18809,9071,9738,21494,10349,11145,18807,9058,9749,10745,5177,5568,2687,1269,1418,
26890,10752,5168,5584,18813,9073,9740,21501,10355,11146,18811,9059,9752,10748,5179,5569,2687,1269,1418,
26895,10753,5169,5584,18816,9076,9740,21502,10355,11147,18814,9060,9754,10749,5179,5570,2688,1269,1419,
26900,10756,5170,5586,18820,9079,9741,21509,10357,11152,18818,9061,9757,10752,5180,5572,2688,1269,1419,
26905,10757,5171,5586,18823,9082,9741,21510,10358,11152,18821,9061,9760,10753,5181,5572,2689,1270,1419,
26910,10760,5172,5588,18827,9084,9743,21517,10360,11157,18825,9062,9763,10756,5183,5573,2689,1270,1419,
26915,10761,5173,5588,18830,9085,9745,21518,10361,11157,18828,9063,9765,10757,5183,5574,2690,1270,1420,
26920,10764,5176,5588,18834,9087,9747,21525,10365,11160,18832,9065,9767,10760,5185,5575,2690,1270,1420,
26925,10765,5177,5588,18837,9088,9749,21526,10366,11160,18835,9066,9769,10761,5185,5576,2691,1271,1420,
26930,10768,5177,5591,18841,9090,9751,21533,10371,11162,18839,9067,9772,10764,5185,5579,2691,1271,1420,
26935,10769,5177,5592,18844,9092,9752,21534,10372,11162,18842,9070,9772,10765,5185,5580,2692,1271,1421,
26940,10772,5177,5595,18848,9094,9754,21541,10374,11167,18846,9071,9775,10768,5186,5582,2692,1271,1421,
26945,10773,5177,5596,18851,9096,9755,21542,10375,11167,18849,9073,9776,10769,5187,5582,2693,1271,1422,
26950,10776,5177,5599,18855,9099,9756,21549,10377,11172,18853,9075,9778,10772,5188,5584,2693,1271,1422,
26955,10777,5178,5599,18858,9099,9759,21550,10378,11172,18856,9075,9781,10773,5189,5584,2694,1271,1423,
26960,10780,5179,5601,18862,9101,9761,21557,10382,11175,18860,9077,9783,10776,5192,5584,2694,1271,1423,
26965,10781,5180,5601,18865,9103,9762,21558,10383,11175,18863,9078,9785,10777,5192,5585,2695,1271,1424,
26970,10784,5182,5602,18869,9105,9764,21565,10388,11177,18867,9081,9786,10780,5193,5587,2695,1271,1424,
26975,10785,5183,5602,18872,9106,9766,21566,10388,11178,18870,9082,9788,10781,5193,5588,2696,1272,1424,
26980,10788,5184,5604,18876,9106,9770,21573,10391,11182,18874,9084,9790,10784,5195,5589,2696,1272,1424,
26985,10789,5185,5604,18879,9106,9773,21574,10392,11182,18877,9085,9792,10785,5196,5589,2697,1273,1424,
26990,10792,5186,5606,18883,9109,9774,21581,10397,11184,18881,9088,9793,10788,5196,5592,2697,1273,1424,
26995,10793,5186,5607,18886,9111,9775,21582,10397,11185,18884,9091,9793,10789,5197,5592,2698,1274,1424,
27000,10796,5187,5609,18890,9113,9777,21589,10399,11190,18888,9093,9795,10792,5198,5594,2698,1274,1424,
27005,10797,5187,5610,18893,9113,9780,21590,10400,11190,18891,9095,9796,10793,5198,5595,2699,1274,1425,
27010,10800,5190,5610,18897,9117,9780,21597,10404,11193,18895,9097,9798,10796,5199,5597,2699,1274,1425,
27015,10801,5191,5610,18900,9119,9781,21598,10404,11194,18898,9097,9801,10797,5199,5598,2700,1274,1426,
27020,10804,5192,5612,18904,9123,9781,21605,10406,11199,18902,9101,9801,10800,5201,5599,2700,1274,1426,
27025,10805,5192,5613,18907,9126,9781,21606,10407,11199,18905,9103,9802,10801,5202,5599,2701,1274,1427,
27030,10808,5193,5615,18911,9127,9784,21613,10410,11203,18909,9104,9805,10804,5203,5601,2701,1274,1427,
27035,10809,5194,5615,18914,9127,9787,21614,10410,11204,18912,9107,9805,10805,5203,5602,2702,1274,1428,
27040,10812,5195,5617,18918,9128,9790,21621,10410,11211,18916,9109,9807,10808,5204,5604,2702,1274,1428,
27045,10813,5196,5617,18921,9131,9790,21622,10410,11212,18919,9111,9808,10809,5204,5605,2703,1274,1429,
27050,10816,5197,5619,18925,9134,9791,21629,10412,11217,18923,9111,9812,10812,5205,5607,2703,1274,1429,
27055,10817,5197,5620,18928,9135,9793,21630,10413,11217,18926,9112,9814,10813,5205,5608,2704,1275,1429,
27060,10820,5198,5622,18932,9137,9795,21637,10415,11222,18930,9115,9815,10816,5207,5609,2704,1275,1429,
27065,10821,5199,5622,18935,9137,9798,21638,10415,11223,18933,9116,9817,10817,5207,5610,2705,1275,1430,
27070,10824,5201,5623,18939,9139,9800,21645,10416,11229,18937,9118,9819,10820,5209,5611,2705,1275,1430,
27075,10825,5201,5624,18942,9141,9801,21646,10417,11229,18940,9120,9820,10821,5210,5611,2706,1276,1430,
27080,10828,5203,5625,18946,9144,9802,21653,10420,11233,18944,9121,9823,10824,5211,5613,2706,1276,1430,
27085,10829,5204,5625,18949,9145,9804,21654,10420,11234,18947,9122,9825,10825,5212,5613,2707,1277,1430,
27090,10832,5206,5626,18953,9148,9805,21661,10420,11241,18951,9124,9827,10828,5214,5614,2707,1277,1430,
27095,10833,5206,5627,18956,9150,9806,21662,10420,11242,18954,9125,9829,10829,5214,5615,2708,1277,1431,
27100,10836,5206,5630,18960,9154,9806,21669,10426,11243,18958,9129,9829,10832,5216,5616,2708,1277,1431,
27105,10837,5207,5630,18963,9154,9809,21670,10426,11244,18961,9131,9830,10833,5216,5617,2709,1278,1431,
27110,10840,5207,5633,18967,9157,9810,21677,10432,11245,18965,9133,9832,10836,5217,5619,2709,1278,1431,
27115,10841,5207,5634,18970,9158,9812,21678,10433,11245,18968,9135,9833,10837,5217,5620,2710,1278,1432,
27120,10844,5209,5635,18974,9159,9815,21685,10438,11247,18972,9137,9835,10840,5218,5622,2710,1278,1432,
27125,10845,5209,5636,18977,9162,9815,21686,10439,11247,18975,9138,9837,10841,5219,5622,2711,1278,1433,
27130,10848,5212,5636,18981,9163,9818,21693,10441,11252,18979,9139,9840,10844,5220,5624,2711,1278,1433,
27135,10849,5212,5637,18984,9164,9820,21694,10441,11253,18982,9140,9842,10845,5221,5624,2712,1278,1434,
27140,10852,5215,5637,18988,9165,9823,21701,10445,11256,18986,9142,9844,10848,5224,5624,2712,1278,1434,
27145,10853,5215,5638,18991,9167,9824,21702,10446,11256,18989,9145,9844,10849,5225,5624,2713,1278,1435,
27150,10856,5215,5641,18995,9168,9827,21709,10448,11261,18993,9145,9848,10852,5227,5625,2713,1278,1435,
27155,10857,5215,5642,18998,9170,9828,21710,10449,11261,18996,9147,9849,10853,5227,5626,2714,1279,1435,
27160,10860,5217,5643,19002,9172,9830,21717,10451,11266,19000,9148,9852,10856,5228,5628,2714,1279,1435,
27165,10861,5218,5643,19005,9173,9832,21718,10452,11266,19003,9149,9854,10857,5229,5628,2715,1280,1435,
27170,10864,5220,5644,19009,9176,9833,21725,10457,11268,19007,9153,9854,10860,5230,5630,2715,1280,1435,
27175,10865,5220,5645,19012,9177,9835,21726,10458,11268,19010,9156,9854,10861,5230,5631,2716,1280,1436,
27180,10868,5222,5646,19016,9178,9838,21733,10462,11271,19014,9159,9855,10864,5231,5633,2716,1280,1436,
27185,10869,5223,5646,19019,9180,9839,21734,10463,11271,19017,9161,9856,10865,5231,5634,2717,1281,1436,
27190,10872,5224,5648,19023,9181,9842,21741,10466,11275,19021,9161,9860,10868,5232,5636,2717,1281,1436,
27195,10873,5224,5649,19026,9183,9843,21742,10466,11276,19024,9163,9861,10869,5233,5636,2718,1282,1436,
27200,10876,5226,5650,19030,9184,9846,21749,10470,11279,19028,9166,9862,10872,5234,5638,2718,1282,1436,
27205,10877,5226,5651,19033,9185,9848,21750,10471,11279,19031,9168,9863,10873,5235,5638,2719,1282,1437,
27210,10880,5229,5651,19037,9188,9849,21757,10476,11281,19035,9170,9865,10876,5236,5640,2719,1282,1437,
27215,10881,5229,5652,19040,9190,9850,21758,10476,11282,19038,9171,9867,10877,5236,5641,2720,1283,1437,
27220,10884,5230,5654,19044,9192,9852,21765,10481,11284,19042,9171,9871,10880,5237,5643,2720,1283,1437,
27225,10885,5231,5654,19047,9193,9854,21766,10481,11285,19045,9173,9872,10881,5238,5643,2721,1283,1438,
27230,10888,5232,5656,19051,9194,9857,21773,10484,11289,19049,9173,9876,10884,5241,5643,2721,1283,1438,
27235,10889,5232,5657,19054,9195,9859,21774,10484,11290,19052,9175,9877,10885,5241,5644,2722,1284,1438,
27240,10892,5233,5659,19058,9197,9861,21781,10486,11295,19056,9178,9878,10888,5242,5646,2722,1284,1438,
27245,10893,5233,5660,19061,9198,9863,21782,10487,11295,19059,9178,9881,10889,5242,5647,2723,1285,1438,
27250,10896,5234,5662,19065,9201,9864,21789,10493,11296,19063,9181,9882,10892,5243,5649,2723,1285,1438,
27255,10897,5234,5663,19068,9204,9864,21790,10493,11297,19066,9182,9884,10893,5243,5650,2724,1286,1438,
27260,10900,5235,5665,19072,9206,9866,21797,10496,11301,19070,9184,9886,10896,5245,5651,2724,1286,1438,
27265,10901,5236,5665,19075,9208,9867,21798,10496,11302,19073,9187,9886,10897,5246,5651,2725,1287,1438,
27270,10904,5239,5665,19079,9209,9870,21805,10499,11306,19077,9188,9889,10900,5248,5652,2725,1287,1438,
27275,10905,5240,5665,19082,9211,9871,21806,10499,11307,19080,9188,9892,10901,5249,5652,2726,1287,1439,
27280,10908,5241,5667,19086,9211,9875,21813,10502,11311,19084,9191,9893,10904,5251,5653,2726,1287,1439,
27285,10909,5241,5668,19089,9212,9877,21814,10502,11312,19087,9192,9895,10905,5251,5654,2727,1287,1440,
27290,10912,5242,5670,19093,9215,9878,21821,10506,11315,19091,9193,9898,10908,5253,5655,2727,1287,1440,
27295,10913,5243,5670,19096,9215,9881,21822,10507,11315,19094,9194,9900,10909,5253,5656,2728,1287,1441,
27300,10916,5243,5673,19100,9219,9881,21829,10511,11318,19098,9196,9902,10912,5256,5656,2728,1287,1441,
27305,10917,5243,5674,19103,9220,9883,21830,10512,11318,19101,9198,9903,10913,5256,5657,2729,1288,1441,
27310,10920,5246,5674,19107,9221,9886,21837,10515,11322,19105,9200,9905,10916,5257,5659,2729,1288,1441,
27315,10921,5247,5674,19110,9224,9886,21838,10515,11323,19108,9202,9906,10917,5258,5659,2730,1289,1441,
27320,10924,5248,5676,19114,9226,9888,21845,10517,11328,19112,9204,9908,10920,5258,5662,2730,1289,1441,
27325,10925,5248,5677,19117,9227,9890,21846,10517,11329,19115,9205,9910,10921,5258,5663,2731,1289,1442,
27330,10928,5250,5678,19121,9229,9892,21853,10520,11333,19119,9206,9913,10924,5260,5664,2731,1289,1442,
27335,10929,5251,5678,19124,9230,9894,21854,10520,11334,19122,9208,9914,10925,5260,5665,2732,1290,1442,
27340,10932,5254,5678,19128,9234,9894,21861,10527,11334,19126,9210,9916,10928,5261,5667,2732,1290,1442,
27345,10933,5254,5679,19131,9236,9895,21862,10527,11335,19129,9212,9917,10929,5261,5668,2733,1291,1442,
27350,10936,5256,5680,19135,9238,9897,21869,10528,11341,19133,9214,9919,10932,5263,5669,2733,1291,1442,
27355,10937,5257,5680,19138,9240,9898,21870,10528,11342,19136,9215,9921,10933,5264,5669,2734,1292,1442,
27360,10940,5259,5681,19142,9243,9899,21877,10531,11346,19140,9217,9923,10936,5266,5670,2734,1292,1442,
27365,10941,5259,5682,19145,9245,9900,21878,10532,11346,19143,9220,9923,10937,5267,5670,2735,1293,1442,
27370,10944,5259,5685,19149,9247,9902,21885,10536,11349,19147,9223,9924,10940,5270,5670,2735,1293,1442,
27375,10945,5260,5685,19152,9248,9904,21886,10536,11350,19150,9224,9926,10941,5270,5671,2736,1294,1442,
27380,10948,5261,5687,19156,9249,9907,21893,10541,11352,19154,9226,9928,10944,5271,5673,2736,1294,1442,
27385,10949,5262,5687,19159,9249,9910,21894,10541,11353,19157,9227,9930,10945,5272,5673,2737,1294,1443,
27390,10952,5262,5690,19163,9250,9913,21901,10544,11357,19161,9230,9931,10948,5273,5675,2737,1294,1443,
27395,10953,5262,5691,19166,9252,9914,21902,10544,11358,19164,9230,9934,10949,5273,5676,2738,1294,1444,
27400,10956,5264,5692,19170,9254,9916,21909,10546,11363,19168,9232,9936,10952,5273,5679,2738,1294,1444,
27405,10957,5265,5692,19173,9256,9917,21910,10546,11364,19171,9233,9938,10953,5273,5680,2739,1294,1445,
27410,10960,5267,5693,19177,9257,9920,21917,10548,11369,19175,9236,9939,10956,5274,5682,2739,1294,1445,
27415,10961,5267,5694,19180,9259,9921,21918,10548,11370,19178,9238,9940,10957,5275,5682,2740,1294,1446,
27420,10964,5269,5695,19184,9261,9923,21925,10551,11374,19182,9238,9944,10960,5275,5685,2740,1294,1446,
27425,10965,5269,5696,19187,9262,9925,21926,10552,11374,19185,9240,9945,10961,5275,5686,2741,1294,1447,
27430,10968,5271,5697,19191,9264,9927,21933,10555,11378,19189,9242,9947,10964,5275,5689,2741,1294,1447,
27435,10969,5271,5698,19194,9265,9929,21934,10556,11378,19192,9244,9948,10965,5276,5689,2742,1294,1448,
27440,10972,5272,5700,19198,9267,9931,21941,10559,11382,19196,9245,9951,10968,5277,5691,2742,1294,1448,
27445,10973,5273,5700,19201,9269,9932,21942,10559,11383,19199,9247,9952,10969,5278,5691,2743,1294,1449,
27450,10976,5274,5702,19205,9270,9935,21949,10563,11386,19203,9250,9953,10972,5280,5692,2743,1294,1449,
27455,10977,5274,5703,19208,9270,9938,21950,10564,11386,19206,9253,9953,10973,5280,5693,2744,1294,1450,
27460,10980,5275,5705,19212,9273,9939,21957,10569,11388,19210,9257,9953,10976,5282,5694,2744,1294,1450,
27465,10981,5276,5705,19215,9273,9942,21958,10570,11388,19213,9260,9953,10977,5283,5694,2745,1294,1451,
27470,10984,5278,5706,19219,9275,9944,21965,10573,11392,19217,9260,9957,10980,5284,5696,2745,1294,1451,
27475,10985,5278,5707,19222,9276,9946,21966,10573,11393,19220,9261,9959,10981,5284,5697,2746,1295,1451,
27480,10988,5278,5710,19226,9279,9947,21973,10575,11398,19224,9262,9962,10984,5287,5697,2746,1295,1451,
27485,10989,5279,5710,19229,9282,9947,21974,10575,11399,19227,9263,9964,10985,5288,5697,2747,1295,1452,
27490,10992,5279,5713,19233,9284,9949,21981,10580,11401,19231,9264,9967,10988,5289,5699,2747,1295,1452,
27495,10993,5280,5713,19236,9284,9952,21982,10580,11402,19234,9267,9967,10989,5290,5699,2748,1296,1452,
27500,10996,5282,5714,19240,9287,9953,21989,10583,11406,19238,9269,9969,10992,5291,5701,2748,1296,1452,
27505,10997,5282,5715,19243,9288,9955,21990,10584,11406,19241,9270,9971,10993,5291,5702,2749,1297,1452,
27510,11000,5284,5716,19247,9291,9956,21997,10588,11409,19245,9273,9972,10996,5293,5703,2749,1297,1452,
27515,11001,5285,5716,19250,9293,9957,21998,10589,11409,19248,9275,9973,10997,5293,5704,2750,1298,1452,
27520,11004,5287,5717,19254,9296,9958,22005,10593,11412,19252,9275,9977,11000,5294,5706,2750,1298,1452,
27525,11005,5288,5717,19257,9298,9959,22006,10593,11413,19255,9275,9980,11001,5294,5707,2751,1299,1452,
27530,11008,5289,5719,19261,9299,9962,22013,10598,11415,19259,9276,9983,11004,5294,5710,2751,1299,1452,
27535,11009,5289,5720,19264,9301,9963,22014,10599,11415,19262,9277,9985,11005,5295,5710,2752,1299,1453,
27540,11012,5292,5720,19268,9303,9965,22021,10604,11417,19266,9279,9987,11008,5297,5711,2752,1299,1453,
27545,11013,5293,5720,19271,9305,9966,22022,10605,11417,19269,9280,9989,11009,5297,5712,2753,1299,1454,
27550,11016,5295,5721,19275,9306,9969,22029,10610,11419,19273,9283,9990,11012,5300,5712,2753,1299,1454,
27555,11017,5296,5721,19278,9308,9970,22030,10610,11420,19276,9284,9992,11013,5300,5713,2754,1299,1455,
27560,11020,5298,5722,19282,9309,9973,22037,10617,11420,19280,9286,9994,11016,5302,5714,2754,1299,1455,
27565,11021,5298,5723,19285,9311,9974,22038,10618,11420,19283,9287,9996,11017,5302,5715,2755,1300,1455,
27570,11024,5299,5725,19289,9312,9977,22045,10620,11425,19287,9289,9998,11020,5303,5717,2755,1300,1455,
27575,11025,5299,5726,19292,9313,9979,22046,10621,11425,19290,9290,10000,11021,5303,5718,2756,1300,1456,
27580,11028,5300,5728,19296,9314,9982,22053,10624,11429,19294,9292,10002,11024,5305,5719,2756,1300,1456,
27585,11029,5301,5728,19299,9316,9983,22054,10625,11429,19297,9293,10004,11025,5305,5720,2757,1301,1456,
27590,11032,5303,5729,19303,9318,9985,22061,10627,11434,19301,9295,10006,11028,5305,5723,2757,1301,1456,
27595,11033,5304,5729,19306,9319,9987,22062,10628,11434,19304,9296,10008,11029,5305,5724,2758,1301,1457,
27600,11036,5304,5732,19310,9319,9991,22069,10632,11437,19308,9297,10011,11032,5308,5724,2758,1301,1457,
27605,11037,5305,5732,19313,9321,9992,22070,10633,11437,19311,9297,10014,11033,5309,5724,2759,1301,1458,
27610,11040,5306,5734,19317,9323,9994,22077,10635,11442,19315,9298,10017,11036,5310,5726,2759,1301,1458,
27615,11041,5307,5734,19320,9323,9997,22078,10636,11442,19318,9298,10020,11037,5311,5726,2760,1301,1459,
27620,11044,5308,5736,19324,9324,10000,22085,10638,11447,19322,9298,10024,11040,5313,5727,2760,1301,1459,
27625,11045,5309,5736,19327,9324,10003,22086,10639,11447,19325,9300,10025,11041,5313,5728,2761,1302,1459,
27630,11048,5311,5737,19331,9325,10006,22093,10644,11449,19329,9300,10029,11044,5313,5731,2761,1302,1459,
27635,11049,5311,5738,19334,9325,10009,22094,10644,11450,19332,9301,10031,11045,5313,5732,2762,1302,1460,
27640,11052,5312,5740,19338,9327,10011,22101,10647,11454,19336,9305,10031,11048,5314,5734,2762,1302,1460,
27645,11053,5312,5741,19341,9328,10013,22102,10648,11454,19339,9307,10032,11049,5315,5734,2763,1302,1461,
27650,11056,5313,5743,19345,9331,10014,22109,10652,11457,19343,9307,10036,11052,5317,5735,2763,1302,1461,
27655,11057,5314,5743,19348,9334,10014,22110,10653,11457,19346,9308,10038,11053,5317,5736,2764,1303,1461,
27660,11060,5315,5745,19352,9335,10017,22117,10657,11460,19350,9310,10040,11056,5319,5737,2764,1303,1461,
27665,11061,5315,5746,19355,9337,10018,22118,10657,11461,19353,9312,10041,11057,5320,5737,2765,1303,1462,
27670,11064,5318,5746,19359,9339,10020,22125,10658,11467,19357,9313,10044,11060,5322,5738,2765,1303,1462,
27675,11065,5318,5747,19362,9340,10022,22126,10659,11467,19360,9315,10045,11061,5322,5739,2766,1304,1462,
27680,11068,5320,5748,19366,9342,10024,22133,10662,11471,19364,9317,10047,11064,5323,5741,2766,1304,1462,
27685,11069,5320,5749,19369,9343,10026,22134,10663,11471,19367,9317,10050,11065,5324,5741,2767,1304,1463,
27690,11072,5323,5749,19373,9344,10029,22141,10666,11475,19371,9321,10050,11068,5326,5742,2767,1304,1463,
27695,11073,5323,5750,19376,9345,10031,22142,10667,11475,19374,9322,10052,11069,5326,5743,2768,1304,1464,
27700,11076,5323,5753,19380,9347,10033,22149,10671,11478,19378,9324,10054,11072,5328,5744,2768,1304,1464,
27705,11077,5323,5754,19383,9348,10035,22150,10671,11479,19381,9325,10056,11073,5328,5745,2769,1304,1465,
27710,11080,5324,5756,19387,9351,10036,22157,10674,11483,19385,9328,10057,11076,5328,5748,2769,1304,1465,
27715,11081,5325,5756,19390,9352,10038,22158,10675,11483,19388,9329,10059,11077,5328,5749,2770,1304,1466,
27720,11084,5326,5758,19394,9353,10041,22165,10679,11486,19392,9331,10061,11080,5328,5752,2770,1304,1466,
27725,11085,5327,5758,19397,9354,10043,22166,10679,11487,19395,9334,10061,11081,5328,5753,2771,1304,1467,
27730,11088,5327,5761,19401,9356,10045,22173,10681,11492,19399,9335,10064,11084,5330,5754,2771,1304,1467,
27735,11089,5328,5761,19404,9357,10047,22174,10681,11493,19402,9336,10066,11085,5331,5754,2772,1305,1467,
27740,11092,5328,5764,19408,9360,10048,22181,10686,11495,19406,9337,10069,11088,5334,5754,2772,1305,1467,
27745,11093,5328,5765,19411,9360,10051,22182,10686,11496,19409,9338,10071,11089,5334,5755,2773,1306,1467,
27750,11096,5328,5768,19415,9361,10054,22189,10691,11498,19413,9340,10073,11092,5334,5758,2773,1306,1467,
27755,11097,5328,5769,19418,9362,10056,22190,10691,11499,19416,9342,10074,11093,5334,5759,2774,1307,1467,
27760,11100,5328,5772,19422,9365,10057,22197,10697,11500,19420,9345,10075,11096,5334,5762,2774,1307,1467,
27765,11101,5328,5773,19425,9368,10057,22198,10698,11500,19423,9346,10077,11097,5334,5763,2775,1307,1468,
27770,11104,5329,5775,19429,9371,10058,22205,10702,11503,19427,9348,10079,11100,5335,5765,2775,1307,1468,
27775,11105,5330,5775,19432,9372,10060,22206,10702,11504,19430,9350,10080,11101,5336,5765,2776,1307,1469,
27780,11108,5332,5776,19436,9376,10060,22213,10706,11507,19434,9353,10081,11104,5338,5766,2776,1307,1469,
27785,11109,5333,5776,19439,9377,10062,22214,10706,11508,19437,9355,10082,11105,5339,5766,2777,1307,1470,
27790,11112,5333,5779,19443,9378,10065,22221,10711,11510,19441,9358,10083,11108,5341,5767,2777,1307,1470,
27795,11113,5334,5779,19446,9379,10067,22222,10712,11510,19444,9360,10084,11109,5341,5768,2778,1308,1470,
27800,11116,5335,5781,19450,9380,10070,22229,10715,11514,19448,9362,10086,11112,5342,5770,2778,1308,1470,
27805,11117,5335,5782,19453,9382,10071,22230,10716,11514,19451,9364,10087,11113,5342,5771,2779,1308,1471,
27810,11120,5337,5783,19457,9383,10074,22237,10718,11519,19455,9364,10091,11116,5342,5774,2779,1308,1471,
27815,11121,5338,5783,19460,9384,10076,22238,10718,11520,19458,9365,10093,11117,5342,5775,2780,1308,1472,
27820,11124,5340,5784,19464,9385,10079,22245,10722,11523,19462,9367,10095,11120,5344,5776,2780,1308,1472,
27825,11125,5340,5785,19467,9386,10081,22246,10722,11524,19465,9368,10097,11121,5344,5777,2781,1309,1472,
27830,11128,5340,5788,19471,9390,10081,22253,10728,11525,19469,9370,10099,11124,5346,5778,2781,1309,1472,
27835,11129,5341,5788,19474,9393,10081,22254,10728,11526,19472,9372,10100,11125,5346,5779,2782,1309,1473,
27840,11132,5342,5790,19478,9396,10082,22261,10729,11532,19476,9376,10100,11128,5349,5779,2782,1309,1473,
27845,11133,5343,5790,19481,9397,10084,22262,10730,11532,19479,9377,10102,11129,5349,5780,2783,1309,1474,
27850,11136,5343,5793,19485,9398,10087,22269,10734,11535,19483,9379,10104,11132,5351,5781,2783,1309,1474,
27855,11137,5344,5793,19488,9399,10089,22270,10735,11535,19486,9382,10104,11133,5352,5781,2784,1309,1475,
27860,11140,5346,5794,19492,9401,10091,22277,10739,11538,19490,9383,10107,11136,5354,5782,2784,1309,1475,
27865,11141,5346,5795,19495,9402,10093,22278,10740,11538,19493,9384,10109,11137,5355,5782,2785,1309,1476,
27870,11144,5348,5796,19499,9404,10095,22285,10744,11541,19497,9385,10112,11140,5357,5783,2785,1309,1476,
27875,11145,5348,5797,19502,9405,10097,22286,10744,11542,19500,9386,10114,11141,5358,5783,2786,1310,1476,
27880,11148,5350,5798,19506,9406,10100,22293,10748,11545,19504,9388,10116,11144,5359,5785,2786,1310,1476,
27885,11149,5350,5799,19509,9407,10102,22294,10748,11546,19507,9390,10117,11145,5360,5785,2787,1311,1476,
27890,11152,5350,5802,19513,9410,10103,22301,10752,11549,19511,9393,10118,11148,5361,5787,2787,1311,1476,
27895,11153,5350,5803,19516,9411,10105,22302,10752,11550,19514,9396,10118,11149,5362,5787,2788,1312,1476,
27900,11156,5351,5805,19520,9414,10106,22309,10756,11553,19518,9397,10121,11152,5364,5788,2788,1312,1476,
27905,11157,5351,5806,19523,9415,10108,22310,10757,11553,19521,9398,10123,11153,5364,5789,2789,1313,1476,
27910,11160,5352,5808,19527,9416,10111,22317,10758,11559,19525,9399,10126,11156,5366,5790,2789,1313,1476,
27915,11161,5353,5808,19530,9417,10113,22318,10758,11560,19528,9399,10129,11157,5366,5791,2790,1313,1477,
27920,11164,5354,5810,19534,9418,10116,22325,10761,11564,19532,9399,10133,11160,5367,5793,2790,1313,1477,
27925,11165,5355,5810,19537,9419,10118,22326,10762,11564,19535,9400,10135,11161,5367,5794,2791,1314,1477,
27930,11168,5356,5812,19541,9422,10119,22333,10764,11569,19539,9403,10136,11164,5368,5796,2791,1314,1477,
27935,11169,5357,5812,19544,9423,10121,22334,10764,11570,19542,9404,10138,11165,5369,5796,2792,1315,1477,
27940,11172,5357,5815,19548,9426,10122,22341,10768,11573,19546,9405,10141,11168,5371,5797,2792,1315,1477,
27945,11173,5358,5815,19551,9429,10122,22342,10768,11574,19549,9407,10142,11169,5371,5798,2793,1315,1478,
27950,11176,5358,5818,19555,9431,10124,22349,10770,11579,19553,9410,10143,11172,5371,5801,2793,1315,1478,
27955,11177,5358,5819,19558,9433,10125,22350,10771,11579,19556,9412,10144,11173,5372,5801,2794,1316,1478,
27960,11180,5360,5820,19562,9434,10128,22357,10776,11581,19560,9414,10146,11176,5374,5802,2794,1316,1478,
27965,11181,5361,5820,19565,9435,10130,22358,10776,11582,19563,9417,10146,11177,5375,5802,2795,1317,1478,
27970,11184,5362,5822,19569,9436,10133,22365,10779,11586,19567,9419,10148,11180,5376,5804,2795,1317,1478,
27975,11185,5362,5823,19572,9438,10134,22366,10780,11586,19570,9421,10149,11181,5376,5805,2796,1317,1479,
27980,11188,5363,5825,19576,9440,10136,22373,10784,11589,19574,9422,10152,11184,5376,5808,2796,1317,1479,
27985,11189,5363,5826,19579,9440,10139,22374,10785,11589,19577,9424,10153,11185,5377,5808,2797,1318,1479,
27990,11192,5365,5827,19583,9443,10140,22381,10790,11591,19581,9427,10154,11188,5377,5811,2797,1318,1479,
27995,11193,5365,5828,19586,9443,10143,22382,10790,11592,19584,9427,10157,11189,5377,5812,2798,1318,1480,
28000,11196,5367,5829,19590,9446,10144,22389,10796,11593,19588,9429,10159,11192,5377,5815,2798,1318,1480,
28005,11197,5368,5829,19593,9447,10146,22390,10797,11593,19591,9430,10161,11193,5378,5815,2799,1319,1480,
28010,11200,5370,5830,19597,9449,10148,22397,10801,11596,19595,9431,10164,11196,5380,5816,2799,1319,1480,
28015,11201,5370,5831,19600,9451,10149,22398,10802,11596,19598,9433,10165,11197,5381,5816,2800,1319,1481,
28020,11204,5372,5832,19604,9452,10152,22405,10803,11602,19602,9435,10167,11200,5381,5819,2800,1319,1481,
28025,11205,5373,5832,19607,9453,10154,22406,10804,11602,19605,9437,10168,11201,5381,5820,2801,1319,1482,
28030,11208,5374,5834,19611,9456,10155,22413,10808,11605,19609,9440,10169,11204,5383,5821,2801,1319,1482,
28035,11209,5374,5835,19614,9458,10156,22414,10809,11605,19612,9441,10171,11205,5383,5822,2802,1319,1483,
28040,11212,5375,5837,19618,9460,10158,22421,10811,11610,19616,9442,10174,11208,5385,5823,2802,1319,1483,
28045,11213,5376,5837,19621,9463,10158,22422,10811,11611,19619,9443,10176,11209,5386,5823,2803,1320,1483,
28050,11216,5376,5840,19625,9466,10159,22429,10815,11614,19623,9444,10179,11212,5386,5826,2803,1320,1483,
28055,11217,5377,5840,19628,9467,10161,22430,10815,11615,19626,9446,10180,11213,5386,5827,2804,1320,1484,
28060,11220,5379,5841,19632,9470,10162,22437,10819,11618,19630,9448,10182,11216,5388,5828,2804,1320,1484,
28065,11221,5380,5841,19635,9472,10163,22438,10819,11619,19633,9449,10184,11217,5389,5828,2805,1320,1485,
28070,11224,5383,5841,19639,9473,10166,22445,10821,11624,19637,9450,10187,11220,5390,5830,2805,1320,1485,
28075,11225,5384,5841,19642,9475,10167,22446,10821,11625,19640,9452,10188,11221,5390,5831,2806,1320,1486,
28080,11228,5385,5843,19646,9478,10168,22453,10824,11629,19644,9454,10190,11224,5390,5834,2806,1320,1486,
28085,11229,5386,5843,19649,9479,10170,22454,10824,11630,19647,9455,10192,11225,5391,5834,2807,1320,1487,
28090,11232,5387,5845,19653,9482,10171,22461,10829,11632,19651,9458,10193,11228,5393,5835,2807,1320,1487,
28095,11233,5387,5846,19656,9484,10172,22462,10829,11633,19654,9460,10194,11229,5393,5836,2808,1321,1487,
28100,11236,5388,5848,19660,9487,10173,22469,10831,11638,19658,9461,10197,11232,5395,5837,2808,1321,1487,
28105,11237,5388,5849,19663,9488,10175,22470,10832,11638,19661,9463,10198,11233,5395,5838,2809,1321,1488,
28110,11240,5389,5851,19667,9488,10179,22477,10835,11642,19665,9465,10200,11236,5398,5838,2809,1321,1488,
28115,11241,5390,5851,19670,9490,10180,22478,10836,11642,19668,9467,10201,11237,5398,5839,2810,1321,1489,
28120,11244,5392,5852,19674,9492,10182,22485,10840,11645,19672,9469,10203,11240,5400,5840,2810,1321,1489,
28125,11245,5393,5852,19677,9493,10184,22486,10840,11646,19675,9472,10203,11241,5400,5841,2811,1322,1489,
28130,11248,5394,5854,19681,9495,10186,22493,10844,11649,19679,9474,10205,11244,5401,5843,2811,1322,1489,
28135,11249,5395,5854,19684,9496,10188,22494,10844,11650,19682,9477,10205,11245,5402,5843,2812,1323,1489,
28140,11252,5396,5856,19688,9497,10191,22501,10850,11651,19686,9477,10209,11248,5403,5845,2812,1323,1489,
28145,11253,5397,5856,19691,9499,10192,22502,10850,11652,19689,9480,10209,11249,5403,5846,2813,1323,1490,
28150,11256,5399,5857,19695,9500,10195,22509,10852,11657,19693,9483,10210,11252,5403,5849,2813,1323,1490,
28155,11257,5399,5858,19698,9501,10197,22510,10852,11658,19696,9484,10212,11253,5404,5849,2814,1323,1491,
28160,11260,5400,5860,19702,9504,10198,22517,10857,11660,19700,9488,10212,11256,5405,5851,2814,1323,1491,
28165,11261,5400,5861,19705,9506,10199,22518,10858,11660,19703,9489,10214,11257,5405,5852,2815,1323,1492,
28170,11264,5401,5863,19709,9509,10200,22525,10862,11663,19707,9491,10216,11260,5407,5853,2815,1323,1492,
28175,11265,5401,5864,19712,9510,10202,22526,10863,11663,19710,9494,10216,11261,5408,5853,2816,1323,1493,
28180,11268,5403,5865,19716,9510,10206,22533,10866,11667,19714,9497,10217,11264,5410,5854,2816,1323,1493,
28185,11269,5404,5865,19719,9512,10207,22534,10867,11667,19717,9497,10220,11265,5410,5855,2817,1324,1493,
28190,11272,5405,5867,19723,9515,10208,22541,10871,11670,19721,9499,10222,11268,5413,5855,2817,1324,1493,
28195,11273,5406,5867,19726,9517,10209,22542,10871,11671,19724,9501,10223,11269,5413,5856,2818,1324,1494,
28200,11276,5409,5867,19730,9520,10210,22549,10875,11674,19728,9502,10226,11272,5414,5858,2818,1324,1494,
28205,11277,5409,5868,19733,9521,10212,22550,10876,11674,19731,9502,10229,11273,5415,5858,2819,1325,1494,
28210,11280,5412,5868,19737,9522,10215,22557,10878,11679,19735,9503,10232,11276,5416,5860,2819,1325,1494,
28215,11281,5412,5869,19740,9524,10216,22558,10879,11679,19738,9504,10234,11277,5417,5860,2820,1325,1495,
28220,11284,5415,5869,19744,9527,10217,22565,10883,11682,19742,9506,10236,11280,5419,5861,2820,1325,1495,
28225,11285,5415,5870,19747,9530,10217,22566,10883,11683,19745,9506,10239,11281,5420,5861,2821,1325,1496,
28230,11288,5416,5872,19751,9534,10217,22573,10885,11688,19749,9507,10242,11284,5422,5862,2821,1325,1496,
28235,11289,5416,5873,19754,9535,10219,22574,10885,11689,19752,9508,10244,11285,5422,5863,2822,1326,1496,
28240,11292,5417,5875,19758,9538,10220,22581,10887,11694,19756,9512,10244,11288,5425,5863,2822,1326,1496,
28245,11293,5418,5875,19761,9539,10222,22582,10887,11695,19759,9514,10245,11289,5425,5864,2823,1327,1496,
28250,11296,5419,5877,19765,9540,10225,22589,10889,11700,19763,9516,10247,11292,5427,5865,2823,1327,1496,
28255,11297,5419,5878,19768,9543,10225,22590,10889,11701,19766,9519,10247,11293,5428,5865,2824,1328,1496,
28260,11300,5420,5880,19772,9546,10226,22597,10893,11704,19770,9522,10248,11296,5431,5865,2824,1328,1496,
28265,11301,5421,5880,19775,9548,10227,22598,10894,11704,19773,9523,10250,11297,5432,5865,2825,1328,1497,
28270,11304,5421,5883,19779,9550,10229,22605,10898,11707,19777,9525,10252,11300,5434,5866,2825,1328,1497,
28275,11305,5421,5884,19782,9552,10230,22606,10899,11707,19780,9526,10254,11301,5434,5867,2826,1329,1497,
28280,11308,5422,5886,19786,9554,10232,22613,10902,11711,19784,9528,10256,11304,5435,5869,2826,1329,1497,
28285,11309,5422,5887,19789,9556,10233,22614,10903,11711,19787,9530,10257,11305,5436,5869,2827,1329,1498,
28290,11312,5424,5888,19793,9556,10237,22621,10905,11716,19791,9532,10259,11308,5437,5871,2827,1329,1498,
28295,11313,5424,5889,19796,9556,10240,22622,10906,11716,19794,9534,10260,11309,5438,5871,2828,1330,1498,
28300,11316,5427,5889,19800,9559,10241,22629,10910,11719,19798,9535,10263,11312,5440,5872,2828,1330,1498,
28305,11317,5427,5890,19803,9559,10244,22630,10911,11719,19801,9537,10264,11313,5441,5872,2829,1331,1498,
28310,11320,5428,5892,19807,9561,10246,22637,10913,11724,19805,9540,10265,11316,5441,5875,2829,1331,1498,
28315,11321,5429,5892,19810,9562,10248,22638,10913,11725,19808,9542,10266,11317,5442,5875,2830,1331,1499,
28320,11324,5430,5894,19814,9563,10251,22645,10917,11728,19812,9542,10270,11320,5445,5875,2830,1331,1499,
28325,11325,5431,5894,19817,9564,10253,22646,10918,11728,19815,9544,10271,11321,5445,5876,2831,1332,1499,
28330,11328,5433,5895,19821,9567,10254,22653,10923,11730,19819,9547,10272,11324,5448,5876,2831,1332,1499,
28335,11329,5433,5896,19824,9567,10257,22654,10923,11731,19822,9548,10274,11325,5449,5876,2832,1333,1499,
28340,11332,5436,5896,19828,9570,10258,22661,10926,11735,19826,9549,10277,11328,5452,5876,2832,1333,1499,
28345,11333,5437,5896,19831,9572,10259,22662,10926,11736,19829,9552,10277,11329,5452,5877,2833,1334,1499,
28350,11336,5440,5896,19835,9574,10261,22669,10930,11739,19833,9554,10279,11332,5454,5878,2833,1334,1499,
28355,11337,5441,5896,19838,9576,10262,22670,10930,11740,19836,9555,10281,11333,5454,5879,2834,1335,1499,
28360,11340,5443,5897,19842,9578,10264,22677,10933,11744,19840,9557,10283,11336,5455,5881,2834,1335,1499,
28365,11341,5443,5898,19845,9579,10266,22678,10934,11744,19843,9560,10283,11337,5456,5881,2835,1335,1500,
28370,11344,5444,5900,19849,9581,10268,22685,10937,11748,19847,9562,10285,11340,5458,5882,2835,1335,1500,
28375,11345,5445,5900,19852,9582,10270,22686,10937,11749,19850,9562,10288,11341,5459,5882,2836,1335,1501,
28380,11348,5446,5902,19856,9583,10273,22693,10940,11753,19854,9563,10291,11344,5461,5883,2836,1335,1501,
28385,11349,5447,5902,19859,9584,10275,22694,10941,11753,19857,9563,10294,11345,5462,5883,2837,1335,1502,
28390,11352,5449,5903,19863,9586,10277,22701,10942,11759,19861,9565,10296,11348,5463,5885,2837,1335,1502,
28395,11353,5450,5903,19866,9589,10277,22702,10942,11760,19864,9567,10297,11349,5463,5886,2838,1336,1502,
28400,11356,5451,5905,19870,9592,10278,22709,10947,11762,19868,9568,10300,11352,5466,5886,2838,1336,1502,
28405,11357,5452,5905,19873,9593,10280,22710,10948,11762,19871,9569,10302,11353,5467,5886,2839,1337,1502,
28410,11360,5455,5905,19877,9594,10283,22717,10950,11767,19875,9569,10306,11356,5468,5888,2839,1337,1502,
28415,11361,5456,5905,19880,9595,10285,22718,10950,11768,19878,9570,10308,11357,5469,5888,2840,1337,1503,
28420,11364,5458,5906,19884,9597,10287,22725,10953,11772,19882,9573,10309,11360,5470,5890,2840,1337,1503,
28425,11365,5459,5906,19887,9597,10290,22726,10953,11773,19885,9575,10310,11361,5470,5891,2841,1337,1504,
28430,11368,5462,5906,19891,9598,10293,22733,10957,11776,19889,9576,10313,11364,5471,5893,2841,1337,1504,
28435,11369,5462,5907,19894,9598,10296,22734,10958,11776,19892,9577,10315,11365,5472,5893,2842,1338,1504,
28440,11372,5465,5907,19898,9599,10299,22741,10962,11779,19896,9578,10318,11368,5473,5895,2842,1338,1504,
28445,11373,5466,5907,19901,9601,10300,22742,10962,11780,19899,9581,10318,11369,5474,5895,2843,1339,1504,
28450,11376,5466,5910,19905,9602,10303,22749,10962,11787,19903,9582,10321,11372,5475,5897,2843,1339,1504,
28455,11377,5466,5911,19908,9604,10304,22750,10962,11788,19906,9583,10323,11373,5476,5897,2844,1339,1505,
28460,11380,5467,5913,19912,9605,10307,22757,10967,11790,19910,9586,10324,11376,5477,5899,2844,1339,1505,
28465,11381,5467,5914,19915,9608,10307,22758,10968,11790,19913,9587,10326,11377,5477,5900,2845,1339,1506,
28470,11384,5469,5915,19919,9609,10310,22765,10971,11794,19917,9589,10328,11380,5478,5902,2845,1339,1506,
28475,11385,5469,5916,19922,9610,10312,22766,10971,11795,19920,9591,10329,11381,5478,5903,2846,1339,1507,
28480,11388,5470,5918,19926,9612,10314,22773,10973,11800,19924,9593,10331,11384,5479,5905,2846,1339,1507,
28485,11389,5470,5919,19929,9615,10314,22774,10974,11800,19927,9596,10331,11385,5479,5906,2847,1339,1508,
28490,11392,5471,5921,19933,9616,10317,22781,10977,11804,19931,9600,10331,11388,5480,5908,2847,1339,1508,
28495,11393,5471,5922,19936,9617,10319,22782,10977,11805,19934,9600,10334,11389,5480,5909,2848,1339,1509,
28500,11396,5472,5924,19940,9620,10320,22789,10980,11809,19938,9602,10336,11392,5482,5910,2848,1339,1509,
28505,11397,5472,5925,19943,9622,10321,22790,10981,11809,19941,9603,10338,11393,5483,5910,2849,1339,1510,
28510,11400,5475,5925,19947,9624,10323,22797,10984,11813,19945,9607,10338,11396,5484,5912,2849,1339,1510,
28515,11401,5475,5926,19950,9625,10325,22798,10985,11813,19948,9610,10338,11397,5485,5912,2850,1339,1511,
28520,11404,5478,5926,19954,9626,10328,22805,10988,11817,19952,9612,10340,11400,5487,5913,2850,1339,1511,
28525,11405,5479,5926,19957,9629,10328,22806,10988,11818,19955,9612,10343,11401,5488,5913,2851,1340,1511,
28530,11408,5481,5927,19961,9630,10331,22813,10991,11822,19959,9615,10344,11404,5491,5913,2851,1340,1511,
28535,11409,5481,5928,19964,9630,10334,22814,10991,11823,19962,9617,10345,11405,5491,5914,2852,1341,1511,
28540,11412,5482,5930,19968,9630,10338,22821,10993,11828,19966,9619,10347,11408,5494,5914,2852,1341,1511,
28545,11413,5483,5930,19971,9631,10340,22822,10993,11829,19969,9621,10348,11409,5495,5914,2853,1341,1512,
28550,11416,5483,5933,19975,9631,10344,22829,10998,11831,19973,9622,10351,11412,5496,5916,2853,1341,1512,
28555,11417,5484,5933,19978,9632,10346,22830,10998,11832,19976,9624,10352,11413,5497,5916,2854,1341,1513,
28560,11420,5486,5934,19982,9635,10347,22837,11002,11835,19980,9625,10355,11416,5498,5918,2854,1341,1513,
28565,11421,5486,5935,19985,9636,10349,22838,11002,11836,19983,9627,10356,11417,5499,5918,2855,1342,1513,
28570,11424,5488,5936,19989,9637,10352,22845,11007,11838,19987,9629,10358,11420,5499,5921,2855,1342,1513,
28575,11425,5488,5937,19992,9640,10352,22846,11008,11838,19990,9631,10359,11421,5499,5922,2856,1343,1513,
28580,11428,5489,5939,19996,9641,10355,22853,11013,11840,19994,9632,10362,11424,5502,5922,2856,1343,1513,
28585,11429,5490,5939,19999,9642,10357,22854,11013,11841,19997,9634,10363,11425,5502,5923,2857,1344,1513,
28590,11432,5491,5941,20003,9645,10358,22861,11016,11845,20001,9636,10365,11428,5503,5925,2857,1344,1513,
28595,11433,5491,5942,20006,9646,10360,22862,11017,11845,20004,9637,10367,11429,5503,5926,2858,1344,1514,
28600,11436,5494,5942,20010,9647,10363,22869,11020,11849,20008,9638,10370,11432,5505,5927,2858,1344,1514,
28605,11437,5495,5942,20013,9649,10364,22870,11020,11850,20011,9639,10372,11433,5505,5928,2859,1344,1515,
28610,11440,5497,5943,20017,9652,10365,22877,11025,11852,20015,9640,10375,11436,5507,5929,2859,1344,1515,
28615,11441,5497,5944,20020,9653,10367,22878,11025,11853,20018,9641,10377,11437,5508,5929,2860,1344,1516,
28620,11444,5498,5946,20024,9656,10368,22885,11028,11857,20022,9643,10379,11440,5508,5932,2860,1344,1516,
28625,11445,5498,5947,20027,9656,10371,22886,11028,11858,20025,9644,10381,11441,5509,5932,2861,1344,1517,
28630,11448,5500,5948,20031,9658,10373,22893,11031,11862,20029,9647,10382,11444,5509,5935,2861,1344,1517,
28635,11449,5500,5949,20034,9660,10374,22894,11032,11862,20032,9650,10382,11445,5510,5935,2862,1344,1518,
28640,11452,5501,5951,20038,9662,10376,22901,11037,11864,20036,9653,10383,11448,5511,5937,2862,1344,1518,
28645,11453,5501,5952,20041,9663,10378,22902,11038,11864,20039,9654,10385,11449,5511,5938,2863,1344,1519,
28650,11456,5503,5953,20045,9665,10380,22909,11041,11868,20043,9658,10385,11452,5514,5938,2863,1344,1519,
28655,11457,5503,5954,20048,9666,10382,22910,11042,11868,20046,9660,10386,11453,5514,5939,2864,1344,1520,
28660,11460,5504,5956,20052,9667,10385,22917,11045,11872,20050,9661,10389,11456,5514,5942,2864,1344,1520,
28665,11461,5504,5957,20055,9667,10388,22918,11046,11872,20053,9662,10391,11457,5514,5943,2865,1344,1521,
28670,11464,5507,5957,20059,9669,10390,22925,11051,11874,20057,9666,10391,11460,5514,5946,2865,1344,1521,
28675,11465,5507,5958,20062,9671,10391,22926,11051,11875,20060,9668,10392,11461,5515,5946,2866,1344,1522,
28680,11468,5509,5959,20066,9672,10394,22933,11051,11882,20064,9670,10394,11464,5516,5948,2866,1344,1522,
28685,11469,5510,5959,20069,9674,10395,22934,11052,11882,20067,9671,10396,11465,5517,5948,2867,1344,1523,
28690,11472,5510,5962,20073,9676,10397,22941,11057,11884,20071,9674,10397,11468,5518,5950,2867,1344,1523,
28695,11473,5510,5963,20076,9677,10399,22942,11058,11884,20074,9674,10400,11469,5519,5950,2868,1345,1523,
28700,11476,5511,5965,20080,9679,10401,22949,11062,11887,20078,9677,10401,11472,5520,5952,2868,1345,1523,
28705,11477,5512,5965,20083,9680,10403,22950,11063,11887,20081,9677,10404,11473,5520,5953,2869,1345,1524,
28710,11480,5515,5965,20087,9683,10404,22957,11065,11892,20085,9679,10406,11476,5520,5956,2869,1345,1524,
28715,11481,5515,5966,20090,9684,10406,22958,11065,11893,20088,9680,10408,11477,5521,5956,2870,1346,1524,
28720,11484,5517,5967,20094,9686,10408,22965,11067,11898,20092,9680,10412,11480,5523,5957,2870,1346,1524,
28725,11485,5517,5968,20097,9688,10409,22966,11067,11899,20095,9683,10412,11481,5524,5957,2871,1346,1525,
28730,11488,5518,5970,20101,9690,10411,22973,11069,11904,20099,9684,10415,11484,5527,5957,2871,1346,1525,
28735,11489,5519,5970,20104,9691,10413,22974,11069,11905,20102,9684,10418,11485,5528,5957,2872,1346,1526,
28740,11492,5519,5973,20108,9694,10414,22981,11073,11908,20106,9688,10418,11488,5530,5958,2872,1346,1526,
28745,11493,5520,5973,20111,9696,10415,22982,11073,11909,20109,9689,10420,11489,5530,5959,2873,1347,1526,
28750,11496,5521,5975,20115,9698,10417,22989,11077,11912,20113,9692,10421,11492,5531,5961,2873,1347,1526,
28755,11497,5521,5976,20118,9699,10419,22990,11078,11912,20116,9692,10424,11493,5531,5962,2874,1348,1526,
28760,11500,5522,5978,20122,9699,10423,22997,11082,11915,20120,9693,10427,11496,5533,5963,2874,1348,1526,
28765,11501,5522,5979,20125,9700,10425,22998,11082,11916,20123,9694,10429,11497,5534,5963,2875,1349,1526,
28770,11504,5524,5980,20129,9702,10427,23005,11084,11921,20127,9697,10430,11500,5535,5965,2875,1349,1526,
28775,11505,5525,5980,20132,9703,10429,23006,11085,11921,20130,9699,10431,11501,5535,5966,2876,1350,1526,
28780,11508,5526,5982,20136,9704,10432,23013,11088,11925,20134,9701,10433,11504,5537,5967,2876,1350,1526,
28785,11509,5527,5982,20139,9705,10434,23014,11088,11926,20137,9704,10433,11505,5538,5967,2877,1351,1526,
28790,11512,5528,5984,20143,9707,10436,23021,11092,11929,20141,9706,10435,11508,5540,5968,2877,1351,1526,
28795,11513,5529,5984,20146,9708,10438,23022,11092,11930,20144,9709,10435,11509,5541,5968,2878,1351,1527,
28800,11516,5530,5986,20150,9710,10440,23029,11096,11933,20148,9712,10436,11512,5543,5969,2878,1351,1527,
28805,11517,5531,5986,20153,9712,10441,23030,11096,11934,20151,9714,10437,11513,5544,5969,2879,1352,1527,
28810,11520,5531,5989,20157,9714,10443,23037,11102,11935,20155,9715,10440,11516,5545,5971,2879,1352,1527,
28815,11521,5531,5990,20160,9715,10445,23038,11102,11936,20158,9717,10441,11517,5545,5972,2880,1353,1527,
28820,11524,5532,5992,20164,9715,10449,23045,11107,11938,20162,9719,10443,11520,5546,5974,2880,1353,1527,
28825,11525,5533,5992,20167,9715,10452,23046,11107,11939,20165,9721,10444,11521,5546,5975,2881,1354,1527,
28830,11528,5534,5994,20171,9717,10454,23053,11112,11941,20169,9721,10448,11524,5546,5978,2881,1354,1527,
28835,11529,5534,5995,20174,9718,10456,23054,11113,11941,20172,9723,10449,11525,5547,5978,2882,1354,1528,
28840,11532,5534,5998,20178,9721,10457,23061,11116,11945,20176,9723,10453,11528,5547,5981,2882,1354,1528,
28845,11533,5535,5998,20181,9722,10459,23062,11117,11945,20179,9723,10456,11529,5548,5981,2883,1354,1529,
28850,11536,5536,6000,20185,9724,10461,23069,11122,11947,20183,9725,10458,11532,5548,5984,2883,1354,1529,
28855,11537,5536,6001,20188,9724,10464,23070,11123,11947,20186,9727,10459,11533,5548,5985,2884,1355,1529,
28860,11540,5537,6003,20192,9727,10465,23077,11125,11952,20190,9729,10461,11536,5549,5987,2884,1355,1529,
28865,11541,5537,6004,20195,9728,10467,23078,11126,11952,20193,9731,10462,11537,5549,5988,2885,1355,1530,
28870,11544,5539,6005,20199,9730,10469,23085,11128,11957,20197,9731,10466,11540,5552,5988,2885,1355,1530,
28875,11545,5540,6005,20202,9731,10471,23086,11128,11958,20200,9733,10467,11541,5552,5989,2886,1355,1531,
28880,11548,5541,6007,20206,9734,10472,23093,11132,11961,20204,9735,10469,11544,5553,5991,2886,1355,1531,
28885,11549,5542,6007,20209,9735,10474,23094,11132,11962,20207,9736,10471,11545,5553,5992,2887,1356,1531,
28890,11552,5544,6008,20213,9739,10474,23101,11137,11964,20211,9739,10472,11548,5555,5993,2887,1356,1531,
28895,11553,5544,6009,20216,9742,10474,23102,11137,11965,20214,9742,10472,11549,5556,5993,2888,1357,1531,
28900,11556,5545,6011,20220,9745,10475,23109,11141,11968,20218,9744,10474,11552,5557,5995,2888,1357,1531,
28905,11557,5546,6011,20223,9748,10475,23110,11142,11968,20221,9747,10474,11553,5558,5995,2889,1358,1531,
28910,11560,5547,6013,20227,9749,10478,23117,11146,11971,20225,9749,10476,11556,5558,5998,2889,1358,1531,
28915,11561,5548,6013,20230,9750,10480,23118,11146,11972,20228,9751,10477,11557,5559,5998,2890,1358,1532,
28920,11564,5549,6015,20234,9753,10481,23125,11152,11973,20232,9753,10479,11560,5561,5999,2890,1358,1532,
28925,11565,5550,6015,20237,9754,10483,23126,11153,11973,20235,9754,10481,11561,5562,5999,2891,1358,1533,
28930,11568,5552,6016,20241,9756,10485,23133,11156,11977,20239,9757,10482,11564,5563,6001,2891,1358,1533,
28935,11569,5553,6016,20244,9756,10488,23134,11156,11978,20242,9759,10483,11565,5564,6001,2892,1358,1534,
28940,11572,5554,6018,20248,9758,10490,23141,11160,11981,20246,9760,10486,11568,5567,6001,2892,1358,1534,
28945,11573,5555,6018,20251,9759,10492,23142,11161,11981,20249,9762,10487,11569,5568,6001,2893,1358,1535,
28950,11576,5557,6019,20255,9760,10495,23149,11163,11986,20253,9763,10490,11572,5571,6001,2893,1358,1535,
28955,11577,5557,6020,20258,9760,10498,23150,11163,11987,20256,9765,10491,11573,5572,6001,2894,1358,1536,
28960,11580,5559,6021,20262,9762,10500,23157,11167,11990,20260,9767,10493,11576,5573,6003,2894,1358,1536,
28965,11581,5559,6022,20265,9762,10503,23158,11168,11990,20263,9769,10494,11577,5573,6004,2895,1358,1537,
28970,11584,5561,6023,20269,9763,10506,23165,11171,11994,20267,9772,10495,11580,5576,6004,2895,1358,1537,
28975,11585,5561,6024,20272,9765,10507,23166,11171,11995,20270,9773,10497,11581,5577,6004,2896,1358,1538,
28980,11588,5563,6025,20276,9769,10507,23173,11175,11998,20274,9776,10498,11584,5579,6005,2896,1358,1538,
28985,11589,5563,6026,20279,9771,10508,23174,11176,11998,20277,9777,10500,11585,5580,6005,2897,1359,1538,
28990,11592,5564,6028,20283,9772,10511,23181,11181,12000,20281,9779,10502,11588,5581,6007,2897,1359,1538,
28995,11593,5564,6029,20286,9775,10511,23182,11182,12000,20284,9780,10504,11589,5581,6008,2898,1360,1538,
29000,11596,5564,6032,20290,9776,10514,23189,11184,12005,20288,9782,10506,11592,5581,6011,2898,1360,1538,
29005,11597,5565,6032,20293,9777,10516,23190,11184,12006,20291,9784,10507,11593,5582,6011,2899,1361,1538,
29010,11600,5568,6032,20297,9778,10519,23197,11187,12010,20295,9786,10509,11596,5585,6011,2899,1361,1538,
29015,11601,5568,6033,20300,9779,10521,23198,11187,12011,20298,9787,10511,11597,5585,6012,2900,1361,1539,
29020,11604,5568,6036,20304,9781,10523,23205,11192,12013,20302,9789,10513,11600,5587,6013,2900,1361,1539,
29025,11605,5569,6036,20307,9782,10525,23206,11192,12014,20305,9791,10514,11601,5587,6014,2901,1362,1539,
29030,11608,5571,6037,20311,9784,10527,23213,11197,12016,20309,9794,10515,11604,5589,6015,2901,1362,1539,
29035,11609,5571,6038,20314,9785,10529,23214,11198,12016,20312,9796,10516,11605,5590,6015,2902,1363,1539,
29040,11612,5571,6041,20318,9786,10532,23221,11202,12019,20316,9797,10519,11608,5591,6017,2902,1363,1539,
29045,11613,5571,6042,20321,9787,10534,23222,11202,12020,20319,9798,10521,11609,5591,6018,2903,1364,1539,
29050,11616,5573,6043,20325,9789,10536,23229,11206,12023,20323,9800,10523,11612,5593,6019,2903,1364,1539,
29055,11617,5573,6044,20328,9791,10537,23230,11207,12023,20326,9801,10525,11613,5593,6020,2904,1364,1540,
29060,11620,5574,6046,20332,9793,10539,23237,11211,12026,20330,9803,10527,11616,5595,6021,2904,1364,1540,
29065,11621,5574,6047,20335,9794,10541,23238,11212,12026,20333,9805,10528,11617,5595,6022,2905,1365,1540,
29070,11624,5574,6050,20339,9795,10544,23245,11218,12027,20337,9805,10532,11620,5596,6024,2905,1365,1540,
29075,11625,5575,6050,20342,9796,10546,23246,11218,12028,20340,9805,10535,11621,5596,6025,2906,1366,1540,
29080,11628,5577,6051,20346,9800,10546,23253,11221,12032,20344,9807,10537,11624,5598,6026,2906,1366,1540,
29085,11629,5578,6051,20349,9801,10548,23254,11222,12032,20347,9808,10539,11625,5599,6026,2907,1367,1540,
29090,11632,5580,6052,20353,9802,10551,23261,11227,12034,20351,9811,10540,11628,5600,6028,2907,1367,1540,
29095,11633,5581,6052,20356,9803,10553,23262,11228,12034,20354,9811,10543,11629,5601,6028,2908,1368,1540,
29100,11636,5583,6053,20360,9804,10556,23269,11234,12035,20358,9813,10545,11632,5604,6028,2908,1368,1540,
29105,11637,5583,6054,20363,9805,10558,23270,11234,12036,20361,9814,10547,11633,5605,6028,2909,1368,1541,
29110,11640,5583,6057,20367,9807,10560,23277,11238,12039,20365,9815,10550,11636,5606,6030,2909,1368,1541,
29115,11641,5584,6057,20370,9807,10563,23278,11238,12040,20368,9816,10552,11637,5607,6030,2910,1368,1542,
29120,11644,5585,6059,20374,9808,10566,23285,11239,12046,20372,9819,10553,11640,5608,6032,2910,1368,1542,
29125,11645,5585,6060,20377,9809,10568,23286,11239,12047,20375,9821,10554,11641,5608,6033,2911,1369,1542,
29130,11648,5585,6063,20381,9809,10572,23293,11240,12053,20379,9822,10557,11644,5609,6035,2911,1369,1542,
29135,11649,5585,6064,20384,9812,10572,23294,11240,12054,20382,9824,10558,11645,5609,6036,2912,1369,1543,
29140,11652,5586,6066,20388,9815,10573,23301,11244,12057,20386,9825,10561,11648,5611,6037,2912,1369,1543,
29145,11653,5586,6067,20391,9815,10576,23302,11245,12057,20389,9827,10562,11649,5612,6037,2913,1369,1544,
29150,11656,5588,6068,20395,9818,10577,23309,11248,12061,20393,9828,10565,11652,5613,6039,2913,1369,1544,
29155,11657,5589,6068,20398,9820,10578,23310,11248,12062,20396,9830,10566,11653,5614,6039,2914,1369,1545,
29160,11660,5590,6070,20402,9822,10580,23317,11252,12065,20400,9832,10568,11656,5616,6040,2914,1369,1545,
29165,11661,5590,6071,20405,9823,10582,23318,11252,12066,20403,9833,10570,11657,5617,6040,2915,1369,1546,
29170,11664,5591,6073,20409,9824,10585,23325,11255,12070,20407,9834,10573,11660,5617,6043,2915,1369,1546,
29175,11665,5591,6074,20412,9824,10588,23326,11255,12071,20410,9835,10575,11661,5618,6043,2916,1369,1547,
29180,11668,5593,6075,20416,9826,10590,23333,11256,12077,20414,9836,10578,11664,5621,6043,2916,1369,1547,
29185,11669,5593,6076,20419,9828,10591,23334,11257,12077,20417,9839,10578,11665,5621,6044,2917,1370,1547,
29190,11672,5595,6077,20423,9830,10593,23341,11262,12079,20421,9841,10580,11668,5623,6045,2917,1370,1547,
29195,11673,5596,6077,20426,9831,10595,23342,11262,12080,20424,9842,10582,11669,5624,6045,2918,1371,1547,
29200,11676,5598,6078,20430,9833,10597,23349,11265,12084,20428,9844,10584,11672,5626,6046,2918,1371,1547,
29205,11677,5598,6079,20433,9834,10599,23350,11266,12084,20431,9847,10584,11673,5627,6046,2919,1372,1547,
29210,11680,5599,6081,20437,9835,10602,23357,11271,12086,20435,9850,10585,11676,5628,6048,2919,1372,1547,
29215,11681,5599,6082,20440,9837,10603,23358,11271,12087,20438,9852,10586,11677,5629,6048,2920,1372,1548,
29220,11684,5600,6084,20444,9838,10606,23365,11275,12090,20442,9855,10587,11680,5630,6050,2920,1372,1548,
29225,11685,5601,6084,20447,9841,10606,23366,11275,12091,20445,9857,10588,11681,5631,6050,2921,1373,1548,
29230,11688,5603,6085,20451,9841,10610,23373,11279,12094,20449,9858,10591,11684,5633,6051,2921,1373,1548,
29235,11689,5603,6086,20454,9843,10611,23374,11279,12095,20452,9859,10593,11685,5633,6052,2922,1374,1548,
29240,11692,5605,6087,20458,9844,10614,23381,11280,12101,20456,9862,10594,11688,5635,6053,2922,1374,1548,
29245,11693,5605,6088,20461,9844,10617,23382,11280,12102,20459,9863,10596,11689,5635,6054,2923,1374,1549,
29250,11696,5607,6089,20465,9844,10621,23389,11283,12106,20463,9866,10597,11692,5638,6054,2923,1374,1549,
29255,11697,5607,6090,20468,9844,10624,23390,11283,12107,20466,9867,10599,11693,5639,6054,2924,1374,1550,
29260,11700,5608,6092,20472,9846,10626,23397,11288,12109,20470,9869,10601,11696,5641,6055,2924,1374,1550,
29265,11701,5609,6092,20475,9849,10626,23398,11289,12109,20473,9869,10604,11697,5642,6055,2925,1375,1550,
29270,11704,5611,6093,20479,9852,10627,23405,11290,12115,20477,9871,10606,11700,5644,6056,2925,1375,1550,
29275,11705,5612,6093,20482,9853,10629,23406,11290,12116,20480,9872,10608,11701,5644,6057,2926,1376,1550,
29280,11708,5614,6094,20486,9856,10630,23413,11292,12121,20484,9874,10610,11704,5646,6058,2926,1376,1550,
29285,11709,5614,6095,20489,9858,10631,23414,11293,12121,20487,9875,10612,11705,5646,6059,2927,1377,1550,
29290,11712,5616,6096,20493,9861,10632,23421,11294,12127,20491,9877,10614,11708,5648,6060,2927,1377,1550,
29295,11713,5617,6096,20496,9862,10634,23422,11295,12127,20494,9877,10617,11709,5649,6060,2928,1377,1551,
29300,11716,5618,6098,20500,9863,10637,23429,11300,12129,20498,9878,10620,11712,5650,6062,2928,1377,1551,
29305,11717,5619,6098,20503,9863,10640,23430,11300,12130,20501,9879,10622,11713,5650,6063,2929,1378,1551,
29310,11720,5620,6100,20507,9865,10642,23437,11304,12133,20505,9881,10624,11716,5651,6065,2929,1378,1551,
29315,11721,5621,6100,20510,9867,10643,23438,11304,12134,20508,9883,10625,11717,5651,6066,2930,1378,1552,
29320,11724,5624,6100,20514,9869,10645,23445,11308,12137,20512,9885,10627,11720,5652,6068,2930,1378,1552,
29325,11725,5624,6101,20517,9869,10648,23446,11308,12138,20515,9887,10628,11721,5652,6069,2931,1378,1553,
29330,11728,5624,6104,20521,9871,10650,23453,11311,12142,20519,9887,10632,11724,5653,6071,2931,1378,1553,
29335,11729,5624,6105,20524,9873,10651,23454,11311,12143,20522,9888,10634,11725,5653,6072,2932,1379,1553,
29340,11732,5626,6106,20528,9875,10653,23461,11315,12146,20526,9889,10637,11728,5656,6072,2932,1379,1553,
29345,11733,5627,6106,20531,9876,10655,23462,11315,12147,20529,9890,10639,11729,5656,6073,2933,1379,1554,
29350,11736,5629,6107,20535,9879,10656,23469,11320,12149,20533,9891,10642,11732,5657,6075,2933,1379,1554,
29355,11737,5629,6108,20538,9879,10659,23470,11320,12150,20536,9893,10643,11733,5658,6075,2934,1379,1555,
29360,11740,5630,6110,20542,9881,10661,23477,11325,12152,20540,9896,10644,11736,5658,6078,2934,1379,1555,
29365,11741,5631,6110,20545,9882,10663,23478,11326,12152,20543,9898,10645,11737,5658,6079,2935,1380,1555,
29370,11744,5632,6112,20549,9884,10665,23485,11328,12157,20547,9900,10647,11740,5658,6082,2935,1380,1555,
29375,11745,5632,6113,20552,9886,10666,23486,11329,12157,20550,9901,10649,11741,5658,6083,2936,1380,1556,
29380,11748,5633,6115,20556,9888,10668,23493,11330,12163,20554,9903,10651,11744,5660,6084,2936,1380,1556,
29385,11749,5633,6116,20559,9891,10668,23494,11330,12164,20557,9905,10652,11745,5661,6084,2937,1381,1556,
29390,11752,5636,6116,20563,9893,10670,23501,11333,12168,20561,9906,10655,11748,5663,6085,2937,1381,1556,
29395,11753,5636,6117,20566,9895,10671,23502,11333,12169,20564,9908,10656,11749,5664,6085,2938,1382,1556,
29400,11756,5637,6119,20570,9898,10672,23509,11337,12172,20568,9910,10658,11752,5666,6086,2938,1382,1556,
29405,11757,5638,6119,20573,9900,10673,23510,11338,12172,20571,9910,10661,11753,5666,6087,2939,1382,1557,
29410,11760,5640,6120,20577,9902,10675,23517,11339,12178,20575,9912,10663,11756,5669,6087,2939,1382,1557,
29415,11761,5641,6120,20580,9903,10677,23518,11339,12179,20578,9914,10664,11757,5670,6087,2940,1383,1557,
29420,11764,5641,6123,20584,9905,10679,23525,11345,12180,20582,9916,10666,11760,5671,6089,2940,1383,1557,
29425,11765,5642,6123,20587,9906,10681,23526,11345,12181,20585,9918,10667,11761,5671,6090,2941,1383,1558,
29430,11768,5642,6126,20591,9908,10683,23533,11348,12185,20589,9919,10670,11764,5673,6091,2941,1383,1558,
29435,11769,5643,6126,20594,9909,10685,23534,11348,12186,20592,9921,10671,11765,5674,6091,2942,1384,1558,
29440,11772,5644,6128,20598,9913,10685,23541,11351,12190,20596,9924,10672,11768,5676,6092,2942,1384,1558,
29445,11773,5644,6129,20601,9914,10687,23542,11351,12191,20599,9925,10674,11769,5676,6093,2943,1385,1558,
29450,11776,5645,6131,20605,9916,10689,23549,11357,12192,20603,9927,10676,11772,5677,6095,2943,1385,1558,
29455,11777,5646,6131,20608,9918,10690,23550,11357,12193,20606,9929,10677,11773,5677,6096,2944,1386,1558,
29460,11780,5647,6133,20612,9921,10691,23557,11364,12193,20610,9933,10677,11776,5679,6097,2944,1386,1558,
29465,11781,5648,6133,20615,9924,10691,23558,11364,12194,20613,9934,10679,11777,5679,6098,2945,1387,1558,
29470,11784,5650,6134,20619,9925,10694,23565,11368,12197,20617,9935,10682,11780,5681,6099,2945,1387,1558,
29475,11785,5651,6134,20622,9925,10697,23566,11368,12198,20620,9937,10683,11781,5682,6099,2946,1388,1558,
29480,11788,5653,6135,20626,9928,10698,23573,11373,12200,20624,9939,10685,11784,5684,6100,2946,1388,1558,
29485,11789,5654,6135,20629,9929,10700,23574,11373,12201,20627,9939,10688,11785,5684,6101,2947,1388,1559,
29490,11792,5656,6136,20633,9930,10703,23581,11377,12204,20631,9941,10690,11788,5686,6102,2947,1388,1559,
29495,11793,5656,6137,20636,9931,10705,23582,11377,12205,20634,9943,10691,11789,5687,6102,2948,1389,1559,
29500,11796,5658,6138,20640,9933,10707,23589,11379,12210,20638,9946,10692,11792,5689,6103,2948,1389,1559,
29505,11797,5658,6139,20643,9934,10709,23590,11379,12211,20641,9947,10694,11793,5690,6103,2949,1390,1559,
29510,11800,5660,6140,20647,9935,10712,23597,11380,12217,20645,9949,10696,11796,5692,6104,2949,1390,1559,
29515,11801,5661,6140,20650,9938,10712,23598,11380,12218,20648,9949,10699,11797,5693,6104,2950,1390,1560,
29520,11804,5662,6142,20654,9939,10715,23605,11383,12222,20652,9949,10703,11800,5696,6104,2950,1390,1560,
29525,11805,5663,6142,20657,9939,10718,23606,11384,12222,20655,9951,10704,11801,5697,6104,2951,1391,1560,
29530,11808,5665,6143,20661,9941,10720,23613,11390,12223,20659,9954,10705,11804,5700,6104,2951,1391,1560,
29535,11809,5665,6144,20664,9941,10723,23614,11390,12224,20662,9956,10706,11805,5700,6105,2952,1392,1560,
29540,11812,5666,6146,20668,9943,10725,23621,11393,12228,20666,9958,10708,11808,5701,6107,2952,1392,1560,
29545,11813,5667,6146,20671,9946,10725,23622,11393,12229,20669,9958,10711,11809,5702,6107,2953,1393,1560,
29550,11816,5668,6148,20675,9949,10726,23629,11398,12231,20673,9961,10712,11812,5703,6109,2953,1393,1560,
29555,11817,5668,6149,20678,9950,10728,23630,11398,12232,20676,9962,10714,11813,5704,6109,2954,1394,1560,
29560,11820,5670,6150,20682,9952,10730,23637,11399,12238,20680,9963,10717,11816,5705,6111,2954,1394,1560,
29565,11821,5671,6150,20685,9954,10731,23638,11399,12239,20683,9964,10719,11817,5706,6111,2955,1395,1560,
29570,11824,5672,6152,20689,9955,10734,23645,11402,12243,20687,9968,10719,11820,5707,6113,2955,1395,1560,
29575,11825,5673,6152,20692,9956,10736,23646,11403,12243,20690,9968,10722,11821,5708,6113,2956,1395,1561,
29580,11828,5675,6153,20696,9959,10737,23653,11405,12248,20694,9969,10725,11824,5711,6113,2956,1395,1561,
29585,11829,5676,6153,20699,9959,10740,23654,11405,12249,20697,9971,10726,11825,5712,6113,2957,1396,1561,
29590,11832,5677,6155,20703,9960,10743,23661,11409,12252,20701,9974,10727,11828,5712,6116,2957,1396,1561,
29595,11833,5678,6155,20706,9960,10746,23662,11410,12252,20704,9974,10730,11829,5713,6116,2958,1397,1561,
29600,11836,5680,6156,20710,9961,10749,23669,11413,12256,20708,9975,10733,11832,5715,6117,2958,1397,1561,
29605,11837,5681,6156,20713,9962,10751,23670,11413,12257,20711,9976,10735,11833,5715,6118,2959,1397,1562,
29610,11840,5682,6158,20717,9964,10753,23677,11417,12260,20715,9978,10737,11836,5716,6120,2959,1397,1562,
29615,11841,5683,6158,20720,9965,10755,23678,11417,12261,20718,9980,10738,11837,5717,6120,2960,1397,1563,
29620,11844,5684,6160,20724,9967,10757,23685,11423,12262,20722,9982,10740,11840,5719,6121,2960,1397,1563,
29625,11845,5684,6161,20727,9968,10759,23686,11423,12263,20725,9983,10742,11841,5720,6121,2961,1398,1563,
29630,11848,5686,6162,20731,9970,10761,23693,11428,12265,20729,9985,10744,11844,5721,6123,2961,1398,1563,
29635,11849,5687,6162,20734,9971,10763,23694,11429,12265,20732,9987,10745,11845,5722,6123,2962,1398,1564,
29640,11852,5689,6163,20738,9974,10764,23701,11431,12270,20736,9988,10748,11848,5724,6124,2962,1398,1564,
29645,11853,5690,6163,20741,9975,10766,23702,11432,12270,20739,9990,10749,11849,5724,6125,2963,1399,1564,
29650,11856,5692,6164,20745,9977,10768,23709,11432,12277,20743,9991,10752,11852,5724,6128,2963,1399,1564,
29655,11857,5693,6164,20748,9978,10770,23710,11433,12277,20746,9992,10754,11853,5724,6129,2964,1399,1565,
29660,11860,5695,6165,20752,9980,10772,23717,11435,12282,20750,9994,10756,11856,5726,6130,2964,1399,1565,
29665,11861,5696,6165,20755,9982,10773,23718,11436,12282,20753,9996,10757,11857,5727,6130,2965,1400,1565,
29670,11864,5698,6166,20759,9984,10775,23725,11440,12285,20757,9996,10761,11860,5729,6131,2965,1400,1565,
29675,11865,5699,6166,20762,9984,10778,23726,11440,12286,20760,9998,10762,11861,5729,6132,2966,1400,1566,
29680,11868,5701,6167,20766,9987,10779,23733,11442,12291,20764,10001,10763,11864,5731,6133,2966,1400,1566,
29685,11869,5701,6168,20769,9988,10781,23734,11442,12292,20767,10003,10764,11865,5731,6134,2967,1401,1566,
29690,11872,5702,6170,20773,9991,10782,23741,11444,12297,20771,10005,10766,11868,5731,6137,2967,1401,1566,
29695,11873,5702,6171,20776,9992,10784,23742,11445,12297,20774,10006,10768,11869,5732,6137,2968,1402,1566,
29700,11876,5703,6173,20780,9994,10786,23749,11448,12301,20778,10008,10770,11872,5733,6139,2968,1402,1566,
29705,11877,5703,6174,20783,9994,10789,23750,11449,12301,20781,10010,10771,11873,5733,6140,2969,1402,1567,
29710,11880,5704,6176,20787,9996,10791,23757,11452,12305,20785,10014,10771,11876,5735,6141,2969,1402,1567,
29715,11881,5704,6177,20790,9997,10793,23758,11453,12305,20788,10016,10772,11877,5735,6142,2970,1402,1568,
29720,11884,5704,6180,20794,9997,10797,23765,11458,12307,20792,10018,10774,11880,5735,6145,2970,1402,1568,
29725,11885,5705,6180,20797,10000,10797,23766,11458,12308,20795,10019,10776,11881,5736,6145,2971,1403,1568,
29730,11888,5706,6182,20801,10001,10800,23773,11460,12313,20799,10020,10779,11884,5736,6148,2971,1403,1568,
29735,11889,5707,6182,20804,10003,10801,23774,11461,12313,20802,10021,10781,11885,5737,6148,2972,1403,1569,
29740,11892,5707,6185,20808,10006,10802,23781,11463,12318,20806,10023,10783,11888,5738,6150,2972,1403,1569,
29745,11893,5707,6186,20811,10007,10804,23782,11463,12319,20809,10023,10786,11889,5738,6151,2973,1403,1570,
29750,11896,5708,6188,20815,10009,10806,23789,11466,12323,20813,10025,10788,11892,5740,6152,2973,1403,1570,
29755,11897,5709,6188,20818,10011,10807,23790,11466,12324,20816,10027,10789,11893,5741,6152,2974,1403,1571,
29760,11900,5711,6189,20822,10013,10809,23797,11469,12328,20820,10030,10790,11896,5743,6153,2974,1403,1571,
29765,11901,5711,6190,20825,10014,10811,23798,11470,12328,20823,10032,10791,11897,5743,6154,2975,1403,1572,
29770,11904,5712,6192,20829,10014,10815,23805,11472,12333,20827,10034,10793,11900,5744,6156,2975,1403,1572,
29775,11905,5712,6193,20832,10016,10816,23806,11472,12334,20830,10034,10796,11901,5744,6157,2976,1404,1572,
29780,11908,5713,6195,20836,10018,10818,23813,11475,12338,20834,10036,10798,11904,5744,6160,2976,1404,1572,
29785,11909,5713,6196,20839,10020,10819,23814,11475,12339,20837,10038,10799,11905,5744,6161,2977,1404,1573,
29790,11912,5714,6198,20843,10022,10821,23821,11479,12342,20841,10042,10799,11908,5744,6164,2977,1404,1573,
29795,11913,5715,6198,20846,10024,10822,23822,11480,12342,20844,10045,10799,11909,5744,6165,2978,1404,1574,
29800,11916,5718,6198,20850,10025,10825,23829,11483,12346,20848,10047,10801,11912,5746,6166,2978,1404,1574,
29805,11917,5719,6198,20853,10026,10827,23830,11483,12347,20851,10048,10803,11913,5747,6166,2979,1404,1575,
29810,11920,5719,6201,20857,10028,10829,23837,11485,12352,20855,10052,10803,11916,5748,6168,2979,1404,1575,
29815,11921,5720,6201,20860,10029,10831,23838,11485,12353,20858,10054,10804,11917,5749,6168,2980,1404,1576,
29820,11924,5721,6203,20864,10030,10834,23845,11488,12357,20862,10057,10805,11920,5751,6169,2980,1404,1576,
29825,11925,5722,6203,20867,10032,10835,23846,11488,12358,20865,10058,10807,11921,5752,6169,2981,1405,1576,
29830,11928,5723,6205,20871,10035,10836,23853,11488,12365,20869,10059,10810,11924,5754,6170,2981,1405,1576,
29835,11929,5724,6205,20874,10036,10838,23854,11488,12366,20872,10060,10812,11925,5754,6171,2982,1405,1577,
29840,11932,5726,6206,20878,10039,10839,23861,11490,12371,20876,10062,10814,11928,5754,6174,2982,1405,1577,
29845,11933,5726,6207,20881,10040,10841,23862,11490,12372,20879,10063,10816,11929,5755,6174,2983,1406,1577,
29850,11936,5728,6208,20885,10042,10843,23869,11490,12379,20883,10065,10818,11932,5756,6176,2983,1406,1577,
29855,11937,5729,6208,20888,10044,10844,23870,11491,12379,20886,10068,10818,11933,5757,6176,2984,1406,1578,
29860,11940,5731,6209,20892,10047,10845,23877,11494,12383,20890,10070,10820,11936,5759,6177,2984,1406,1578,
29865,11941,5732,6209,20895,10047,10848,23878,11495,12383,20893,10073,10820,11937,5759,6178,2985,1407,1578,
29870,11944,5733,6211,20899,10049,10850,23885,11497,12388,20897,10075,10822,11940,5759,6181,2985,1407,1578,
29875,11945,5734,6211,20902,10051,10851,23886,11498,12388,20900,10076,10824,11941,5760,6181,2986,1407,1579,
29880,11948,5734,6214,20906,10054,10852,23893,11502,12391,20904,10079,10825,11944,5762,6182,2986,1407,1579,
29885,11949,5734,6215,20909,10055,10854,23894,11502,12392,20907,10080,10827,11945,5763,6182,2987,1408,1579,
29890,11952,5735,6217,20913,10056,10857,23901,11506,12395,20911,10082,10829,11948,5763,6185,2987,1408,1579,
29895,11953,5735,6218,20916,10057,10859,23902,11507,12395,20914,10084,10830,11949,5764,6185,2988,1408,1580,
29900,11956,5737,6219,20920,10057,10863,23909,11508,12401,20918,10085,10833,11952,5766,6186,2988,1408,1580,
29905,11957,5737,6220,20923,10058,10865,23910,11508,12402,20921,10086,10835,11953,5766,6187,2989,1408,1581,
29910,11960,5737,6223,20927,10061,10866,23917,11513,12404,20925,10087,10838,11956,5767,6189,2989,1408,1581,
29915,11961,5737,6224,20930,10062,10868,23918,11513,12405,20928,10088,10840,11957,5767,6190,2990,1409,1581,
29920,11964,5738,6226,20934,10064,10870,23925,11516,12409,20932,10090,10842,11960,5769,6191,2990,1409,1581,
29925,11965,5739,6226,20937,10065,10872,23926,11517,12409,20935,10090,10845,11961,5770,6191,2991,1410,1581,
29930,11968,5739,6229,20941,10066,10875,23933,11519,12414,20939,10090,10849,11964,5772,6192,2991,1410,1581,
29935,11969,5739,6230,20944,10069,10875,23934,11520,12414,20942,10092,10850,11965,5773,6192,2992,1410,1582,
29940,11972,5739,6233,20948,10071,10877,23941,11524,12417,20946,10093,10853,11968,5774,6194,2992,1410,1582,
29945,11973,5740,6233,20951,10071,10880,23942,11524,12418,20949,10093,10856,11969,5774,6195,2993,1411,1582,
29950,11976,5743,6233,20955,10074,10881,23949,11527,12422,20953,10096,10857,11972,5774,6198,2993,1411,1582,
29955,11977,5743,6234,20958,10074,10884,23950,11527,12423,20956,10097,10859,11973,5775,6198,2994,1411,1583,
29960,11980,5745,6235,20962,10076,10886,23957,11530,12427,20960,10100,10860,11976,5775,6201,2994,1411,1583,
29965,11981,5746,6235,20965,10078,10887,23958,11530,12428,20963,10101,10862,11977,5776,6201,2995,1412,1583,
29970,11984,5747,6237,20969,10081,10888,23965,11531,12434,20967,10101,10866,11980,5777,6203,2995,1412,1583,
29975,11985,5748,6237,20972,10082,10890,23966,11531,12435,20970,10101,10869,11981,5777,6204,2996,1413,1583,
29980,11988,5749,6239,20976,10084,10892,23973,11533,12440,20974,10105,10869,11984,5778,6206,2996,1413,1583,
29985,11989,5749,6240,20979,10087,10892,23974,11533,12441,20977,10107,10870,11985,5778,6207,2997,1414,1583,
29990,11992,5750,6242,20983,10091,10892,23981,11535,12446,20981,10107,10874,11988,5780,6208,2997,1414,1583,
29995,11993,5751,6242,20986,10092,10894,23982,11535,12447,20984,10108,10876,11989,5780,6209,2998,1415,1583,
30000,11996,5752,6244,20990,10095,10895,23989,11540,12449,20988,10108,10880,11992,5780,6212,2998,1415,1583,
30005,11997,5752,6245,20993,10098,10895,23990,11541,12449,20991,10111,10880,11993,5781,6212,2999,1416,1583,
30010,12000,5754,6246,20997,10101,10896,23997,11541,12456,20995,10111,10884,11996,5782,6214,2999,1416,1583,
30015,12001,5755,6246,21000,10102,10898,23998,11542,12456,20998,10113,10885,11997,5782,6215,3000,1416,1584,
30020,12004,5755,6249,21004,10105,10899,24005,11545,12460,21002,10113,10889,12000,5782,6218,3000,1416,1584,
30025,12005,5755,6250,21007,10107,10900,24006,11546,12460,21005,10113,10892,12001,5782,6219,3001,1416,1585,
30030,12008,5757,6251,21011,10109,10902,24013,11548,12465,21009,10114,10895,12004,5784,6220,3001,1416,1585,
30035,12009,5757,6252,21014,10110,10904,24014,11549,12465,21012,10115,10897,12005,5785,6220,3002,1416,1586,
30040,12012,5758,6254,21018,10114,10904,24021,11552,12469,21016,10118,10898,12008,5786,6222,3002,1416,1586,
30045,12013,5758,6255,21021,10114,10907,24022,11553,12469,21019,10120,10899,12009,5787,6222,3003,1417,1586,
30050,12016,5758,6258,21025,10116,10909,24029,11559,12470,21023,10124,10899,12012,5788,6224,3003,1417,1586,
30055,12017,5758,6259,21028,10116,10912,24030,11560,12470,21026,10125,10901,12013,5789,6224,3004,1418,1586,
30060,12020,5760,6260,21032,10118,10914,24037,11562,12475,21030,10127,10903,12016,5791,6225,3004,1418,1586,
30065,12021,5760,6261,21035,10119,10916,24038,11562,12476,21033,10128,10905,12017,5791,6226,3005,1419,1586,
30070,12024,5760,6264,21039,10122,10917,24045,11566,12479,21037,10130,10907,12020,5794,6226,3005,1419,1586,
30075,12025,5760,6265,21042,10123,10919,24046,11567,12479,21040,10132,10908,12021,5795,6226,3006,1419,1587,
30080,12028,5762,6266,21046,10124,10922,24053,11569,12484,21044,10134,10910,12024,5796,6228,3006,1419,1587,
30085,12029,5763,6266,21049,10126,10923,24054,11570,12484,21047,10136,10911,12025,5797,6228,3007,1419,1588,
30090,12032,5763,6269,21053,10127,10926,24061,11574,12487,21051,10137,10914,12028,5798,6230,3007,1419,1588,
30095,12033,5764,6269,21056,10129,10927,24062,11574,12488,21054,10138,10916,12029,5798,6231,3008,1420,1588,
30100,12036,5766,6270,21060,10132,10928,24069,11578,12491,21058,10139,10919,12032,5800,6232,3008,1420,1588,
30105,12037,5766,6271,21063,10133,10930,24070,11579,12491,21061,10141,10920,12033,5801,6232,3009,1421,1588,
30110,12040,5767,6273,21067,10136,10931,24077,11583,12494,21065,10142,10923,12036,5802,6234,3009,1421,1588,
30115,12041,5768,6273,21070,10137,10933,24078,11584,12494,21068,10144,10924,12037,5803,6234,3010,1421,1589,
30120,12044,5769,6275,21074,10140,10934,24085,11587,12498,21072,10145,10927,12040,5805,6235,3010,1421,1589,
30125,12045,5769,6276,21077,10142,10935,24086,11587,12499,21075,10146,10929,12041,5806,6235,3011,1422,1589,
30130,12048,5771,6277,21081,10144,10937,24093,11590,12503,21079,10148,10931,12044,5807,6237,3011,1422,1589,
30135,12049,5771,6278,21084,10147,10937,24094,11590,12504,21082,10150,10932,12045,5807,6238,3012,1422,1590,
30140,12052,5772,6280,21088,10151,10937,24101,11595,12506,21086,10151,10935,12048,5808,6240,3012,1422,1590,
30145,12053,5773,6280,21091,10152,10939,24102,11596,12506,21089,10152,10937,12049,5809,6240,3013,1423,1590,
30150,12056,5773,6283,21095,10154,10941,24109,11601,12508,21093,10155,10938,12052,5812,6240,3013,1423,1590,
30155,12057,5774,6283,21098,10155,10943,24110,11601,12509,21096,10155,10941,12053,5813,6240,3014,1423,1591,
30160,12060,5775,6285,21102,10157,10945,24117,11605,12512,21100,10156,10944,12056,5813,6243,3014,1423,1591,
30165,12061,5776,6285,21105,10157,10948,24118,11606,12512,21103,10159,10944,12057,5813,6244,3015,1424,1591,
30170,12064,5777,6287,21109,10160,10949,24125,11611,12514,21107,10161,10946,12060,5816,6244,3015,1424,1591,
30175,12065,5778,6287,21112,10162,10950,24126,11611,12515,21110,10162,10948,12061,5817,6244,3016,1425,1591,
30180,12068,5779,6289,21116,10164,10952,24133,11615,12518,21114,10165,10949,12064,5818,6246,3016,1425,1591,
30185,12069,5780,6289,21119,10165,10954,24134,11616,12518,21117,10166,10951,12065,5819,6246,3017,1426,1591,
30190,12072,5781,6291,21123,10168,10955,24141,11621,12520,21121,10169,10952,12068,5819,6249,3017,1426,1591,
30195,12073,5782,6291,21126,10170,10956,24142,11621,12521,21124,10171,10953,12069,5820,6249,3018,1427,1591,
30200,12076,5785,6291,21130,10172,10958,24149,11624,12525,21128,10172,10956,12072,5821,6251,3018,1427,1591,
30205,12077,5785,6292,21133,10175,10958,24150,11624,12526,21131,10174,10957,12073,5822,6251,3019,1427,1592,
30210,12080,5785,6295,21137,10178,10959,24157,11628,12529,21135,10177,10958,12076,5824,6252,3019,1427,1592,
30215,12081,5785,6296,21140,10179,10961,24158,11629,12529,21138,10179,10959,12077,5824,6253,3020,1427,1593,
30220,12084,5786,6298,21144,10181,10963,24165,11632,12533,21142,10182,10960,12080,5824,6256,3020,1427,1593,
30225,12085,5787,6298,21147,10183,10964,24166,11632,12534,21145,10182,10963,12081,5824,6257,3021,1427,1594,
30230,12088,5788,6300,21151,10186,10965,24173,11634,12539,21149,10184,10965,12084,5826,6258,3021,1427,1594,
30235,12089,5789,6300,21154,10188,10966,24174,11635,12539,21152,10185,10967,12085,5826,6259,3022,1427,1595,
30240,12092,5790,6302,21158,10191,10967,24181,11640,12541,21156,10188,10968,12088,5826,6262,3022,1427,1595,
30245,12093,5790,6303,21161,10194,10967,24182,11640,12542,21159,10190,10969,12089,5826,6263,3023,1427,1596,
30250,12096,5791,6305,21165,10196,10969,24189,11644,12545,21163,10192,10971,12092,5827,6265,3023,1427,1596,
30255,12097,5792,6305,21168,10198,10970,24190,11645,12545,21166,10193,10973,12093,5827,6266,3024,1428,1596,
30260,12100,5792,6308,21172,10200,10972,24197,11650,12547,21170,10195,10975,12096,5830,6266,3024,1428,1596,
30265,12101,5792,6309,21175,10202,10973,24198,11650,12548,21173,10196,10977,12097,5830,6267,3025,1428,1597,
30270,12104,5793,6311,21179,10204,10975,24205,11653,12552,21177,10198,10979,12100,5830,6270,3025,1428,1597,
30275,12105,5794,6311,21182,10206,10976,24206,11654,12552,21180,10201,10979,12101,5830,6271,3026,1428,1598,
30280,12108,5795,6313,21186,10209,10977,24213,11657,12556,21184,10204,10980,12104,5833,6271,3026,1428,1598,
30285,12109,5796,6313,21189,10211,10978,24214,11657,12557,21187,10204,10983,12105,5833,6272,3027,1429,1598,
30290,12112,5796,6316,21193,10212,10981,24221,11658,12563,21191,10206,10985,12108,5834,6274,3027,1429,1598,
30295,12113,5797,6316,21196,10213,10983,24222,11658,12564,21194,10207,10987,12109,5835,6274,3028,1429,1599,
30300,12116,5798,6318,21200,10217,10983,24229,11664,12565,21198,10210,10988,12112,5837,6275,3028,1429,1599,
30305,12117,5798,6319,21203,10218,10985,24230,11665,12565,21201,10212,10989,12113,5838,6275,3029,1430,1599,
30310,12120,5800,6320,21207,10219,10988,24237,11670,12567,21205,10214,10991,12116,5840,6276,3029,1430,1599,
30315,12121,5800,6321,21210,10220,10990,24238,11671,12567,21208,10214,10994,12117,5840,6277,3030,1431,1599,
30320,12124,5801,6323,21214,10224,10990,24245,11675,12570,21212,10216,10996,12120,5842,6278,3030,1431,1599,
30325,12125,5801,6324,21217,10225,10992,24246,11675,12571,21215,10218,10997,12121,5843,6278,3031,1432,1599,
30330,12128,5801,6327,21221,10228,10993,24253,11679,12574,21219,10220,10999,12124,5844,6280,3031,1432,1599,
30335,12129,5802,6327,21224,10229,10995,24254,11679,12575,21222,10221,11001,12125,5845,6280,3032,1432,1600,
30340,12132,5804,6328,21228,10231,10997,24261,11683,12578,21226,10223,11003,12128,5847,6281,3032,1432,1600,
30345,12133,5804,6329,21231,10234,10997,24262,11684,12578,21229,10224,11005,12129,5847,6282,3033,1433,1600,
30350,12136,5806,6330,21235,10235,11000,24269,11688,12581,21233,10226,11007,12132,5848,6284,3033,1433,1600,
30355,12137,5806,6331,21238,10236,11002,24270,11688,12582,21236,10229,11007,12133,5849,6284,3034,1433,1601,
30360,12140,5808,6332,21242,10237,11005,24277,11691,12586,21240,10230,11010,12136,5850,6286,3034,1433,1601,
30365,12141,5809,6332,21245,10240,11005,24278,11691,12587,21243,10231,11012,12137,5851,6286,3035,1434,1601,
30370,12144,5812,6332,21249,10241,11008,24285,11696,12589,21247,10231,11016,12140,5852,6288,3035,1434,1601,
30375,12145,5813,6332,21252,10243,11009,24286,11697,12589,21250,10232,11018,12141,5853,6288,3036,1435,1601,
30380,12148,5815,6333,21256,10244,11012,24293,11700,12593,21254,10233,11021,12144,5855,6289,3036,1435,1601,
30385,12149,5815,6334,21259,10246,11013,24294,11700,12594,21257,10234,11023,12145,5855,6290,3037,1436,1601,
30390,12152,5817,6335,21263,10249,11014,24301,11703,12598,21261,10236,11025,12148,5856,6292,3037,1436,1601,
30395,12153,5818,6335,21266,10250,11016,24302,11703,12599,21264,10239,11025,12149,5856,6293,3038,1437,1601,
30400,12156,5819,6337,21270,10252,11018,24309,11706,12603,21268,10242,11026,12152,5857,6295,3038,1437,1601,
30405,12157,5819,6338,21273,10253,11020,24310,11707,12603,21271,10243,11028,12153,5858,6295,3039,1438,1601,
30410,12160,5820,6340,21277,10255,11022,24317,11710,12607,21275,10244,11031,12156,5859,6297,3039,1438,1601,
30415,12161,5821,6340,21280,10257,11023,24318,11710,12608,21278,10244,11034,12157,5860,6297,3040,1439,1601,
30420,12164,5822,6342,21284,10258,11026,24325,11715,12610,21282,10245,11037,12160,5861,6299,3040,1439,1601,
30425,12165,5823,6342,21287,10259,11028,24326,11716,12610,21285,10247,11038,12161,5861,6300,3041,1440,1601,
30430,12168,5825,6343,21291,10260,11031,24333,11719,12614,21289,10250,11039,12164,5863,6301,3041,1440,1601,
30435,12169,5826,6343,21294,10260,11034,24334,11719,12615,21292,10252,11040,12165,5864,6301,3042,1441,1601,
30440,12172,5827,6345,21298,10262,11036,24341,11723,12618,21296,10255,11041,12168,5867,6301,3042,1441,1601,
30445,12173,5828,6345,21301,10264,11037,24342,11724,12618,21299,10257,11042,12169,5867,6302,3043,1442,1601,
30450,12176,5830,6346,21305,10266,11039,24349,11729,12620,21303,10257,11046,12172,5869,6303,3043,1442,1601,
30455,12177,5830,6347,21308,10267,11041,24350,11729,12621,21306,10259,11047,12173,5870,6303,3044,1442,1602,
30460,12180,5831,6349,21312,10267,11045,24357,11731,12626,21310,10263,11047,12176,5872,6304,3044,1442,1602,
30465,12181,5831,6350,21315,10268,11047,24358,11732,12626,21313,10265,11048,12177,5873,6304,3045,1442,1603,
30470,12184,5834,6350,21319,10271,11048,24365,11736,12629,21317,10265,11052,12180,5874,6306,3045,1442,1603,
30475,12185,5834,6351,21322,10273,11049,24366,11737,12629,21320,10266,11054,12181,5874,6307,3046,1442,1604,
30480,12188,5835,6353,21326,10275,11051,24373,11740,12633,21324,10269,11055,12184,5874,6310,3046,1442,1604,
30485,12189,5835,6354,21329,10277,11052,24374,11741,12633,21327,10272,11055,12185,5875,6310,3047,1443,1604,
30490,12192,5837,6355,21333,10280,11053,24381,11744,12637,21331,10275,11056,12188,5877,6311,3047,1443,1604,
30495,12193,5838,6355,21336,10282,11054,24382,11744,12638,21334,10276,11058,12189,5877,6312,3048,1443,1605,
30500,12196,5839,6357,21340,10284,11056,24389,11746,12643,21338,10278,11060,12192,5878,6314,3048,1443,1605,
30505,12197,5839,6358,21343,10286,11057,24390,11746,12644,21341,10280,11061,12193,5878,6315,3049,1443,1606,
30510,12200,5840,6360,21347,10287,11060,24397,11752,12645,21345,10282,11063,12196,5880,6316,3049,1443,1606,
30515,12201,5840,6361,21350,10289,11061,24398,11753,12645,21348,10284,11064,12197,5880,6317,3050,1444,1606,
30520,12204,5841,6363,21354,10293,11061,24405,11755,12650,21352,10285,11067,12200,5881,6319,3050,1444,1606,
30525,12205,5841,6364,21357,10295,11062,24406,11755,12651,21355,10285,11070,12201,5882,6319,3051,1444,1607,
30530,12208,5843,6365,21361,10298,11063,24413,11758,12655,21359,10288,11071,12204,5885,6319,3051,1444,1607,
30535,12209,5844,6365,21364,10299,11065,24414,11758,12656,21362,10290,11072,12205,5885,6320,3052,1444,1608,
30540,12212,5845,6367,21368,10299,11069,24421,11762,12659,21366,10291,11075,12208,5887,6321,3052,1444,1608,
30545,12213,5845,6368,21371,10300,11071,24422,11763,12659,21369,10292,11077,12209,5888,6321,3053,1444,1609,
30550,12216,5846,6370,21375,10303,11072,24429,11767,12662,21373,10293,11080,12212,5890,6322,3053,1444,1609,
30555,12217,5847,6370,21378,10305,11073,24430,11768,12662,21376,10295,11081,12213,5890,6323,3054,1445,1609,
30560,12220,5848,6372,21382,10307,11075,24437,11771,12666,21380,10296,11084,12216,5892,6324,3054,1445,1609,
30565,12221,5849,6372,21385,10309,11076,24438,11772,12666,21383,10296,11087,12217,5892,6325,3055,1445,1610,
30570,12224,5851,6373,21389,10310,11079,24445,11773,12672,21387,10299,11088,12220,5894,6326,3055,1445,1610,
30575,12225,5851,6374,21392,10312,11080,24446,11774,12672,21390,10300,11090,12221,5895,6326,3056,1446,1610,
30580,12228,5852,6376,21396,10314,11082,24453,11778,12675,21394,10302,11092,12224,5896,6328,3056,1446,1610,
30585,12229,5853,6376,21399,10316,11083,24454,11779,12675,21397,10305,11092,12225,5896,6329,3057,1446,1611,
30590,12232,5855,6377,21403,10318,11085,24461,11782,12679,21401,10306,11095,12228,5897,6331,3057,1446,1611,
30595,12233,5856,6377,21406,10319,11087,24462,11782,12680,21404,10307,11097,12229,5898,6331,3058,1447,1611,
30600,12236,5858,6378,21410,10322,11088,24469,11786,12683,21408,10309,11099,12232,5899,6333,3058,1447,1611,
30605,12237,5858,6379,21413,10323,11090,24470,11787,12683,21411,10311,11100,12233,5899,6334,3059,1448,1611,
30610,12240,5860,6380,21417,10326,11091,24477,11792,12685,21415,10313,11102,12236,5901,6335,3059,1448,1611,
30615,12241,5860,6381,21420,10328,11092,24478,11792,12686,21418,10314,11104,12237,5902,6335,3060,1448,1612,
30620,12244,5862,6382,21424,10331,11093,24485,11793,12692,21422,10316,11106,12240,5903,6337,3060,1448,1612,
30625,12245,5862,6383,21427,10331,11096,24486,11794,12692,21425,10317,11108,12241,5903,6338,3061,1449,1612,
30630,12248,5863,6385,21431,10334,11097,24493,11798,12695,21429,10318,11111,12244,5906,6338,3061,1449,1612,
30635,12249,5864,6385,21434,10337,11097,24494,11798,12696,21432,10320,11112,12245,5906,6339,3062,1449,1613,
30640,12252,5866,6386,21438,10340,11098,24501,11799,12702,21436,10324,11112,12248,5908,6340,3062,1449,1613,
30645,12253,5867,6386,21441,10342,11099,24502,11800,12702,21439,10326,11113,12249,5909,6340,3063,1450,1613,
30650,12256,5867,6389,21445,10345,11100,24509,11803,12706,21443,10329,11114,12252,5911,6341,3063,1450,1613,
30655,12257,5867,6390,21448,10347,11101,24510,11804,12706,21446,10330,11116,12253,5911,6342,3064,1451,1613,
30660,12260,5868,6392,21452,10351,11101,24517,11811,12706,21450,10332,11118,12256,5913,6343,3064,1451,1613,
30665,12261,5868,6393,21455,10351,11104,24518,11811,12707,21453,10334,11119,12257,5913,6344,3065,1452,1613,
30670,12264,5870,6394,21459,10352,11107,24525,11813,12712,21457,10335,11122,12260,5915,6345,3065,1452,1613,
30675,12265,5871,6394,21462,10354,11108,24526,11813,12713,21460,10336,11124,12261,5915,6346,3066,1453,1613,
30680,12268,5873,6395,21466,10358,11108,24533,11817,12716,21464,10340,11124,12264,5916,6348,3066,1453,1613,
30685,12269,5873,6396,21469,10360,11109,24534,11818,12716,21467,10340,11127,12265,5917,6348,3067,1453,1614,
30690,12272,5876,6396,21473,10361,11112,24541,11822,12719,21471,10342,11129,12268,5919,6349,3067,1453,1614,
30695,12273,5876,6397,21476,10362,11114,24542,11823,12719,21474,10343,11131,12269,5920,6349,3068,1454,1614,
30700,12276,5877,6399,21480,10365,11115,24549,11826,12723,21478,10344,11134,12272,5922,6350,3068,1454,1614,
30705,12277,5877,6400,21483,10367,11116,24550,11827,12723,21481,10345,11136,12273,5922,6351,3069,1454,1615,
30710,12280,5878,6402,21487,10368,11119,24557,11831,12726,21485,10347,11138,12276,5924,6352,3069,1454,1615,
30715,12281,5878,6403,21490,10370,11120,24558,11831,12727,21488,10349,11139,12277,5924,6353,3070,1454,1616,
30720,12284,5879,6405,21494,10372,11122,24565,11833,12732,21492,10351,11141,12280,5925,6355,3070,1454,1616,
30725,12285,5880,6405,21497,10373,11124,24566,11833,12733,21495,10351,11144,12281,5926,6355,3071,1454,1617,
30730,12288,5882,6406,21501,10374,11127,24573,11837,12736,21499,10351,11148,12284,5927,6357,3071,1454,1617,
30735,12289,5883,6406,21504,10375,11129,24574,11837,12737,21502,10351,11151,12285,5927,6358,3072,1454,1618,
30740,12292,5885,6407,21508,10378,11130,24581,11840,12741,21506,10352,11154,12288,5928,6360,3072,1454,1618,
30745,12293,5886,6407,21511,10379,11132,24582,11841,12741,21509,10353,11156,12289,5928,6361,3073,1455,1618,
30750,12296,5889,6407,21515,10380,11135,24589,11844,12745,21513,10356,11157,12292,5930,6362,3073,1455,1618,
30755,12297,5890,6407,21518,10382,11136,24590,11845,12745,21516,10356,11160,12293,5931,6362,3074,1456,1618,
30760,12300,5892,6408,21522,10385,11137,24597,11850,12747,21520,10358,11162,12296,5933,6363,3074,1456,1618,
30765,12301,5893,6408,21525,10388,11137,24598,11850,12748,21523,10359,11164,12297,5933,6364,3075,1456,1619,
30770,12304,5893,6411,21529,10388,11141,24605,11855,12750,21527,10361,11166,12300,5934,6366,3075,1456,1619,
30775,12305,5893,6412,21532,10389,11143,24606,11855,12751,21530,10362,11168,12301,5934,6367,3076,1456,1620,
30780,12308,5894,6414,21536,10390,11146,24613,11858,12755,21534,10364,11170,12304,5936,6368,3076,1456,1620,
30785,12309,5894,6415,21539,10392,11147,24614,11859,12755,21537,10364,11173,12305,5936,6369,3077,1457,1620,
30790,12312,5896,6416,21543,10393,11150,24621,11863,12758,21541,10366,11175,12308,5938,6370,3077,1457,1620,
30795,12313,5897,6416,21546,10395,11151,24622,11864,12758,21544,10367,11177,12309,5939,6370,3078,1457,1621,
30800,12316,5898,6418,21550,10397,11153,24629,11867,12762,21548,10370,11178,12312,5940,6372,3078,1457,1621,
30805,12317,5899,6418,21553,10399,11154,24630,11868,12762,21551,10371,11180,12313,5941,6372,3079,1457,1622,
30810,12320,5901,6419,21557,10402,11155,24637,11871,12766,21555,10374,11181,12316,5942,6374,3079,1457,1622,
30815,12321,5902,6419,21560,10405,11155,24638,11872,12766,21558,10376,11182,12317,5943,6374,3080,1458,1622,
30820,12324,5904,6420,21564,10407,11157,24645,11875,12770,21562,10378,11184,12320,5945,6375,3080,1458,1622,
30825,12325,5904,6421,21567,10408,11159,24646,11875,12771,21565,10380,11185,12321,5945,6376,3081,1458,1623,
30830,12328,5905,6423,21571,10410,11161,24653,11878,12775,21569,10383,11186,12324,5946,6378,3081,1458,1623,
30835,12329,5906,6423,21574,10411,11163,24654,11878,12776,21572,10385,11187,12325,5946,6379,3082,1459,1623,
30840,12332,5908,6424,21578,10412,11166,24661,11880,12781,21576,10388,11188,12328,5948,6380,3082,1459,1623,
30845,12333,5908,6425,21581,10413,11168,24662,11880,12782,21579,10389,11190,12329,5949,6380,3083,1459,1624,
30850,12336,5911,6425,21585,10416,11169,24669,11882,12787,21583,10392,11191,12332,5951,6381,3083,1459,1624,
30855,12337,5911,6426,21588,10418,11170,24670,11882,12788,21586,10394,11192,12333,5951,6382,3084,1459,1625,
30860,12340,5914,6426,21592,10420,11172,24677,11886,12791,21590,10396,11194,12336,5953,6383,3084,1459,1625,
30865,12341,5914,6427,21595,10421,11174,24678,11886,12792,21593,10399,11194,12337,5953,6384,3085,1460,1625,
30870,12344,5917,6427,21599,10421,11178,24685,11889,12796,21597,10400,11197,12340,5955,6385,3085,1460,1625,
30875,12345,5918,6427,21602,10424,11178,24686,11890,12796,21600,10401,11199,12341,5955,6386,3086,1460,1626,
30880,12348,5920,6428,21606,10427,11179,24693,11894,12799,21604,10403,11201,12344,5958,6386,3086,1460,1626,
30885,12349,5920,6429,21609,10429,11180,24694,11895,12799,21607,10404,11203,12345,5959,6386,3087,1460,1627,
30890,12352,5920,6432,21613,10431,11182,24701,11899,12802,21611,10407,11204,12348,5960,6388,3087,1460,1627,
30895,12353,5920,6433,21616,10433,11183,24702,11900,12802,21614,10409,11205,12349,5961,6388,3088,1460,1628,
30900,12356,5922,6434,21620,10436,11184,24709,11903,12806,21618,10410,11208,12352,5962,6390,3088,1460,1628,
30905,12357,5923,6434,21623,10438,11185,24710,11904,12806,21621,10411,11210,12353,5962,6391,3089,1461,1628,
30910,12360,5924,6436,21627,10441,11186,24717,11908,12809,21625,10413,11212,12356,5965,6391,3089,1461,1628,
30915,12361,5925,6436,21630,10441,11189,24718,11908,12810,21628,10415,11213,12357,5966,6391,3090,1462,1628,
30920,12364,5926,6438,21634,10443,11191,24725,11912,12813,21632,10417,11215,12360,5967,6393,3090,1462,1628,
30925,12365,5927,6438,21637,10445,11192,24726,11912,12814,21635,10419,11216,12361,5968,6393,3091,1462,1629,
30930,12368,5930,6438,21641,10448,11193,24733,11915,12818,21639,10421,11218,12364,5969,6395,3091,1462,1629,
30935,12369,5930,6439,21644,10450,11194,24734,11915,12819,21642,10421,11221,12365,5970,6395,3092,1463,1629,
30940,12372,5931,6441,21648,10453,11195,24741,11916,12825,21646,10424,11222,12368,5973,6395,3092,1463,1629,
30945,12373,5932,6441,21651,10454,11197,24742,11916,12826,21649,10425,11224,12369,5974,6395,3093,1463,1630,
30950,12376,5935,6441,21655,10456,11199,24749,11920,12829,21653,10427,11226,12372,5975,6397,3093,1463,1630,
30955,12377,5936,6441,21658,10458,11200,24750,11920,12830,21656,10430,11226,12373,5976,6397,3094,1464,1630,
30960,12380,5937,6443,21662,10460,11202,24757,11922,12835,21660,10432,11228,12376,5977,6399,3094,1464,1630,
30965,12381,5938,6443,21665,10462,11203,24758,11922,12836,21663,10433,11230,12377,5978,6399,3095,1465,1630,
30970,12384,5940,6444,21669,10462,11207,24765,11926,12839,21667,10435,11232,12380,5978,6402,3095,1465,1630,
30975,12385,5940,6445,21672,10464,11208,24766,11927,12839,21670,10436,11234,12381,5979,6402,3096,1466,1630,
30980,12388,5941,6447,21676,10465,11211,24773,11929,12844,21674,10438,11236,12384,5980,6404,3096,1466,1630,
30985,12389,5941,6448,21679,10466,11213,24774,11929,12845,21677,10438,11239,12385,5981,6404,3097,1466,1631,
30990,12392,5944,6448,21683,10467,11216,24781,11933,12848,21681,10441,11240,12388,5981,6407,3097,1466,1631,
30995,12393,5944,6449,21686,10467,11219,24782,11933,12849,21684,10442,11242,12389,5981,6408,3098,1467,1631,
31000,12396,5945,6451,21690,10469,11221,24789,11936,12853,21688,10444,11244,12392,5983,6409,3098,1467,1631,
31005,12397,5946,6451,21693,10471,11222,24790,11937,12853,21691,10445,11246,12393,5984,6409,3099,1468,1631,
31010,12400,5948,6452,21697,10473,11224,24797,11939,12858,21695,10446,11249,12396,5985,6411,3099,1468,1631,
31015,12401,5949,6452,21700,10474,11226,24798,11940,12858,21698,10446,11252,12397,5986,6411,3100,1469,1631,
31020,12404,5951,6453,21704,10476,11228,24805,11945,12860,21702,10448,11254,12400,5988,6412,3100,1469,1631,
31025,12405,5951,6454,21707,10479,11228,24806,11946,12860,21705,10449,11256,12401,5988,6413,3101,1469,1632,
31030,12408,5952,6456,21711,10481,11230,24813,11948,12865,21709,10451,11258,12404,5990,6414,3101,1469,1632,
31035,12409,5952,6457,21714,10481,11233,24814,11948,12866,21712,10453,11259,12405,5991,6414,3102,1469,1633,
31040,12412,5952,6460,21718,10484,11234,24821,11952,12869,21716,10454,11262,12408,5994,6414,3102,1469,1633,
31045,12413,5953,6460,21721,10484,11237,24822,11952,12870,21719,10455,11264,12409,5995,6414,3103,1470,1633,
31050,12416,5956,6460,21725,10487,11238,24829,11954,12875,21723,10456,11267,12412,5996,6416,3103,1470,1633,
31055,12417,5956,6461,21728,10490,11238,24830,11955,12875,21726,10457,11269,12413,5997,6416,3104,1470,1634,
31060,12420,5957,6463,21732,10491,11241,24837,11957,12880,21730,10459,11271,12416,5998,6418,3104,1470,1634,
31065,12421,5957,6464,21735,10491,11244,24838,11958,12880,21733,10461,11272,12417,5998,6419,3105,1471,1634,
31070,12424,5959,6465,21739,10492,11247,24845,11962,12883,21737,10461,11276,12420,6001,6419,3105,1471,1634,
31075,12425,5960,6465,21742,10494,11248,24846,11962,12884,21740,10461,11279,12421,6002,6419,3106,1471,1635,
31080,12428,5961,6467,21746,10495,11251,24853,11966,12887,21744,10462,11282,12424,6003,6421,3106,1471,1635,
31085,12429,5962,6467,21749,10496,11253,24854,11967,12887,21747,10463,11284,12425,6003,6422,3107,1471,1636,
31090,12432,5964,6468,21753,10497,11256,24861,11971,12890,21751,10466,11285,12428,6004,6424,3107,1471,1636,
31095,12433,5965,6468,21756,10499,11257,24862,11971,12891,21754,10468,11286,12429,6004,6425,3108,1471,1637,
31100,12436,5968,6468,21760,10501,11259,24869,11975,12894,21758,10468,11290,12432,6005,6427,3108,1471,1637,
31105,12437,5969,6468,21763,10501,11262,24870,11975,12895,21761,10469,11292,12433,6006,6427,3109,1471,1638,
31110,12440,5970,6470,21767,10503,11264,24877,11978,12899,21765,10471,11294,12436,6008,6428,3109,1471,1638,
31115,12441,5971,6470,21770,10505,11265,24878,11978,12900,21768,10472,11296,12437,6008,6429,3110,1472,1638,
31120,12444,5972,6472,21774,10507,11267,24885,11982,12903,21772,10474,11298,12440,6010,6430,3110,1472,1638,
31125,12445,5972,6473,21777,10508,11269,24886,11983,12903,21775,10476,11299,12441,6010,6431,3111,1472,1639,
31130,12448,5973,6475,21781,10510,11271,24893,11987,12906,21779,10479,11300,12444,6013,6431,3111,1472,1639,
31135,12449,5973,6476,21784,10512,11272,24894,11987,12907,21782,10482,11300,12445,6014,6431,3112,1473,1639,
31140,12452,5975,6477,21788,10514,11274,24901,11989,12912,21786,10483,11303,12448,6014,6434,3112,1473,1639,
31145,12453,5976,6477,21791,10515,11276,24902,11990,12912,21789,10485,11304,12449,6015,6434,3113,1473,1640,
31150,12456,5978,6478,21795,10518,11277,24909,11993,12916,21793,10487,11306,12452,6016,6436,3113,1473,1640,
31155,12457,5979,6478,21798,10519,11279,24910,11993,12917,21796,10489,11307,12453,6016,6437,3114,1473,1641,
31160,12460,5980,6480,21802,10521,11281,24917,11997,12920,21800,10493,11307,12456,6017,6439,3114,1473,1641,
31165,12461,5980,6481,21805,10522,11283,24918,11997,12921,21803,10496,11307,12457,6017,6440,3115,1474,1641,
31170,12464,5980,6484,21809,10522,11287,24925,12004,12921,21807,10499,11308,12460,6019,6441,3115,1474,1641,
31175,12465,5980,6485,21812,10524,11288,24926,12004,12922,21810,10500,11310,12461,6019,6442,3116,1475,1641,
31180,12468,5981,6487,21816,10527,11289,24933,12008,12925,21814,10503,11311,12464,6021,6443,3116,1475,1641,
31185,12469,5982,6487,21819,10528,11291,24934,12009,12925,21817,10504,11313,12465,6022,6443,3117,1475,1642,
31190,12472,5984,6488,21823,10531,11292,24941,12012,12929,21821,10506,11315,12468,6023,6445,3117,1475,1642,
31195,12473,5985,6488,21826,10533,11293,24942,12013,12929,21824,10508,11316,12469,6024,6445,3118,1475,1643,
31200,12476,5987,6489,21830,10536,11294,24949,12016,12933,21828,10509,11319,12472,6026,6446,3118,1475,1643,
31205,12477,5988,6489,21833,10539,11294,24950,12016,12934,21831,10511,11320,12473,6027,6446,3119,1476,1643,
31210,12480,5989,6491,21837,10542,11295,24957,12020,12937,21835,10514,11321,12476,6030,6446,3119,1476,1643,
31215,12481,5989,6492,21840,10542,11298,24958,12020,12938,21838,10516,11322,12477,6031,6446,3120,1476,1644,
31220,12484,5992,6492,21844,10546,11298,24965,12023,12942,21842,10517,11325,12480,6032,6448,3120,1476,1644,
31225,12485,5992,6493,21847,10547,11300,24966,12023,12943,21845,10517,11328,12481,6032,6449,3121,1476,1645,
31230,12488,5993,6495,21851,10548,11303,24973,12026,12947,21849,10520,11329,12484,6032,6452,3121,1476,1645,
31235,12489,5993,6496,21854,10549,11305,24974,12027,12947,21852,10521,11331,12485,6032,6453,3122,1477,1645,
31240,12492,5993,6499,21858,10550,11308,24981,12030,12951,21856,10521,11335,12488,6033,6455,3122,1477,1645,
31245,12493,5994,6499,21861,10553,11308,24982,12030,12952,21859,10521,11338,12489,6034,6455,3123,1478,1645,
31250,12496,5997,6499,21865,10554,11311,24989,12033,12956,21863,10522,11341,12492,6036,6456,3123,1478,1645,
31255,12497,5998,6499,21868,10554,11314,24990,12034,12956,21866,10524,11342,12493,6036,6457,3124,1479,1645,
31260,12500,5999,6501,21872,10555,11317,24997,12037,12960,21870,10524,11346,12496,6038,6458,3124,1479,1645,
31265,12501,5999,6502,21875,10557,11318,24998,12037,12961,21873,10527,11346,12497,6039,6458,3125,1480,1645,
31270,12504,6000,6504,21879,10558,11321,25005,12042,12963,21877,10530,11347,12500,6040,6460,3125,1480,1645,
31275,12505,6000,6505,21882,10560,11322,25006,12043,12963,21880,10531,11349,12501,6041,6460,3126,1480,1646,
31280,12508,6003,6505,21886,10563,11323,25013,12047,12966,21884,10534,11350,12504,6043,6461,3126,1480,1646,
31285,12509,6003,6506,21889,10565,11324,25014,12048,12966,21887,10536,11351,12505,6044,6461,3127,1481,1646,
31290,12512,6003,6509,21893,10565,11328,25021,12053,12968,21891,10538,11353,12508,6046,6462,3127,1481,1646,
31295,12513,6003,6510,21896,10567,11329,25022,12054,12968,21894,10539,11355,12509,6047,6462,3128,1482,1646,
31300,12516,6006,6510,21900,10569,11331,25029,12058,12971,21898,10541,11357,12512,6049,6463,3128,1482,1646,
31305,12517,6006,6511,21903,10571,11332,25030,12058,12972,21901,10543,11358,12513,6049,6464,3129,1482,1647,
31310,12520,6008,6512,21907,10573,11334,25037,12059,12978,21905,10545,11360,12516,6051,6465,3129,1482,1647,
31315,12521,6009,6512,21910,10574,11336,25038,12060,12978,21908,10546,11362,12517,6052,6465,3130,1482,1648,
31320,12524,6010,6514,21914,10574,11340,25045,12064,12981,21912,10548,11364,12520,6054,6466,3130,1482,1648,
31325,12525,6011,6514,21917,10575,11342,25046,12065,12981,21915,10549,11366,12521,6055,6466,3131,1483,1648,
31330,12528,6014,6514,21921,10577,11344,25053,12070,12983,21919,10551,11368,12524,6055,6469,3131,1483,1648,
31335,12529,6015,6514,21924,10579,11345,25054,12070,12984,21922,10552,11370,12525,6055,6470,3132,1483,1649,
31340,12532,6016,6516,21928,10582,11346,25061,12073,12988,21926,10555,11371,12528,6056,6472,3132,1483,1649,
31345,12533,6017,6516,21931,10583,11348,25062,12073,12989,21929,10556,11373,12529,6056,6473,3133,1483,1650,
31350,12536,6017,6519,21935,10585,11350,25069,12077,12992,21933,10559,11374,12532,6058,6474,3133,1483,1650,
31355,12537,6017,6520,21938,10588,11350,25070,12078,12992,21936,10561,11375,12533,6059,6474,3134,1483,1651,
31360,12540,6018,6522,21942,10590,11352,25077,12082,12995,21940,10561,11379,12536,6061,6475,3134,1483,1651,
31365,12541,6019,6522,21945,10591,11354,25078,12083,12995,21943,10564,11379,12537,6061,6476,3135,1483,1652,
31370,12544,6020,6524,21949,10593,11356,25085,12086,12999,21947,10566,11381,12540,6061,6479,3135,1483,1652,
31375,12545,6020,6525,21952,10595,11357,25086,12087,12999,21950,10567,11383,12541,6061,6480,3136,1483,1653,
31380,12548,6022,6526,21956,10596,11360,25093,12092,13001,21954,10570,11384,12544,6063,6481,3136,1483,1653,
31385,12549,6023,6526,21959,10598,11361,25094,12092,13002,21957,10573,11384,12545,6064,6481,3137,1483,1654,
31390,12552,6025,6527,21963,10598,11365,25101,12095,13006,21961,10574,11387,12548,6066,6482,3137,1483,1654,
31395,12553,6026,6527,21966,10600,11366,25102,12095,13007,21964,10574,11390,12549,6067,6482,3138,1483,1655,
31400,12556,6027,6529,21970,10603,11367,25109,12098,13011,21968,10577,11391,12552,6068,6484,3138,1483,1655,
31405,12557,6027,6530,21973,10604,11369,25110,12098,13012,21971,10578,11393,12553,6068,6485,3139,1484,1655,
31410,12560,6030,6530,21977,10606,11371,25117,12101,13016,21975,10579,11396,12556,6069,6487,3139,1484,1655,
31415,12561,6031,6530,21980,10607,11373,25118,12101,13017,21978,10582,11396,12557,6070,6487,3140,1484,1656,
31420,12564,6034,6530,21984,10609,11375,25125,12104,13021,21982,10583,11399,12560,6071,6489,3140,1484,1656,
31425,12565,6035,6530,21987,10610,11377,25126,12105,13021,21985,10585,11400,12561,6071,6490,3141,1485,1656,
31430,12568,6038,6530,21991,10614,11377,25133,12108,13025,21989,10587,11402,12564,6074,6490,3141,1485,1656,
31435,12569,6039,6530,21994,10617,11377,25134,12108,13026,21992,10590,11402,12565,6075,6490,3142,1485,1657,
31440,12572,6041,6531,21998,10619,11379,25141,12113,13028,21996,10591,11405,12568,6078,6490,3142,1485,1657,
31445,12573,6041,6532,22001,10622,11379,25142,12113,13029,21999,10593,11406,12569,6078,6491,3143,1486,1657,
31450,12576,6042,6534,22005,10624,11381,25149,12115,13034,22003,10596,11407,12572,6079,6493,3143,1486,1657,
31455,12577,6042,6535,22008,10624,11384,25150,12116,13034,22006,10598,11408,12573,6080,6493,3144,1487,1657,
31460,12580,6044,6536,22012,10627,11385,25157,12119,13038,22010,10600,11410,12576,6081,6495,3144,1487,1657,
31465,12581,6044,6537,22015,10628,11387,25158,12119,13039,22013,10601,11412,12577,6081,6496,3145,1488,1657,
31470,12584,6047,6537,22019,10630,11389,25165,12124,13041,22017,10604,11413,12580,6083,6497,3145,1488,1657,
31475,12585,6047,6538,22022,10630,11392,25166,12125,13041,22020,10605,11415,12581,6083,6498,3146,1488,1658,
31480,12588,6048,6540,22026,10631,11395,25173,12126,13047,22024,10608,11416,12584,6083,6501,3146,1488,1658,
31485,12589,6049,6540,22029,10632,11397,25174,12126,13048,22027,10609,11418,12585,6083,6502,3147,1488,1659,
31490,12592,6051,6541,22033,10635,11398,25181,12129,13052,22031,10610,11421,12588,6086,6502,3147,1488,1659,
31495,12593,6052,6541,22036,10637,11399,25182,12130,13052,22034,10612,11422,12589,6086,6503,3148,1489,1659,
31500,12596,6054,6542,22040,10639,11401,25189,12131,13058,22038,10613,11425,12592,6087,6505,3148,1489,1659,
31505,12597,6054,6543,22043,10640,11403,25190,12131,13059,22041,10616,11425,12593,6088,6505,3149,1489,1660,
31510,12600,6054,6546,22047,10641,11406,25197,12135,13062,22045,10618,11427,12596,6089,6507,3149,1489,1660,
31515,12601,6055,6546,22050,10642,11408,25198,12136,13062,22048,10621,11427,12597,6089,6508,3150,1490,1660,
31520,12604,6055,6549,22054,10643,11411,25205,12140,13065,22052,10624,11428,12600,6091,6509,3150,1490,1660,
31525,12605,6055,6550,22057,10645,11412,25206,12141,13065,22055,10625,11430,12601,6091,6510,3151,1491,1660,
31530,12608,6057,6551,22061,10647,11414,25213,12146,13067,22059,10628,11431,12604,6091,6513,3151,1491,1660,
31535,12609,6057,6552,22064,10648,11416,25214,12146,13068,22062,10629,11433,12605,6092,6513,3152,1492,1660,
31540,12612,6059,6553,22068,10648,11420,25221,12150,13071,22066,10630,11436,12608,6093,6515,3152,1492,1660,
31545,12613,6060,6553,22071,10648,11423,25222,12151,13071,22069,10630,11439,12609,6093,6516,3153,1492,1661,
31550,12616,6062,6554,22075,10649,11426,25229,12153,13076,22073,10634,11439,12612,6093,6519,3153,1492,1661,
31555,12617,6063,6554,22078,10651,11427,25230,12154,13076,22076,10635,11441,12613,6093,6520,3154,1493,1661,
31560,12620,6064,6556,22082,10653,11429,25237,12157,13080,22080,10636,11444,12616,6093,6523,3154,1493,1661,
31565,12621,6064,6557,22085,10653,11432,25238,12158,13080,22083,10637,11446,12617,6094,6523,3155,1493,1662,
31570,12624,6066,6558,22089,10655,11434,25245,12159,13086,22087,10639,11448,12620,6096,6524,3155,1493,1662,
31575,12625,6067,6558,22092,10657,11435,25246,12160,13086,22090,10641,11449,12621,6097,6524,3156,1494,1662,
31580,12628,6069,6559,22096,10660,11436,25253,12163,13090,22094,10642,11452,12624,6098,6526,3156,1494,1662,
31585,12629,6069,6560,22099,10663,11436,25254,12163,13091,22097,10644,11453,12625,6099,6526,3157,1494,1663,
31590,12632,6071,6561,22103,10666,11437,25261,12166,13095,22101,10646,11455,12628,6101,6527,3157,1494,1663,
31595,12633,6072,6561,22106,10668,11438,25262,12167,13095,22104,10649,11455,12629,6102,6527,3158,1495,1663,
31600,12636,6074,6562,22110,10671,11439,25269,12169,13100,22108,10650,11458,12632,6104,6528,3158,1495,1663,
31605,12637,6075,6562,22113,10672,11441,25270,12169,13101,22111,10651,11460,12633,6104,6529,3159,1496,1663,
31610,12640,6075,6565,22117,10675,11442,25277,12172,13105,22115,10654,11461,12636,6106,6530,3159,1496,1663,
31615,12641,6075,6566,22120,10676,11444,25278,12172,13106,22118,10656,11462,12637,6107,6530,3160,1497,1663,
31620,12644,6077,6567,22124,10678,11446,25285,12177,13108,22122,10658,11464,12640,6109,6531,3160,1497,1663,
31625,12645,6078,6567,22127,10681,11446,25286,12178,13108,22125,10659,11466,12641,6110,6531,3161,1497,1664,
31630,12648,6079,6569,22131,10683,11448,25293,12180,13113,22129,10661,11468,12644,6112,6532,3161,1497,1664,
31635,12649,6079,6570,22134,10684,11450,25294,12180,13114,22132,10663,11469,12645,6113,6532,3162,1497,1665,
31640,12652,6081,6571,22138,10685,11453,25301,12182,13119,22136,10665,11471,12648,6113,6535,3162,1497,1665,
31645,12653,6082,6571,22141,10687,11454,25302,12183,13119,22139,10665,11474,12649,6113,6536,3163,1498,1665,
31650,12656,6083,6573,22145,10690,11455,25309,12186,13123,22143,10665,11478,12652,6115,6537,3163,1498,1665,
31655,12657,6084,6573,22148,10692,11456,25310,12186,13124,22146,10667,11479,12653,6116,6537,3164,1499,1665,
31660,12660,6084,6576,22152,10696,11456,25317,12190,13127,22150,10669,11481,12656,6118,6538,3164,1499,1665,
31665,12661,6085,6576,22155,10697,11458,25318,12191,13127,22153,10670,11483,12657,6118,6539,3165,1499,1666,
31670,12664,6086,6578,22159,10700,11459,25325,12195,13130,22157,10672,11485,12660,6119,6541,3165,1499,1666,
31675,12665,6086,6579,22162,10703,11459,25326,12195,13131,22160,10674,11486,12661,6119,6542,3166,1499,1667,
31680,12668,6088,6580,22166,10705,11461,25333,12200,13133,22164,10677,11487,12664,6120,6544,3166,1499,1667,
31685,12669,6088,6581,22169,10708,11461,25334,12201,13133,22167,10679,11488,12665,6120,6545,3167,1500,1667,
31690,12672,6091,6581,22173,10710,11463,25341,12203,13138,22171,10681,11490,12668,6123,6545,3167,1500,1667,
31695,12673,6091,6582,22176,10712,11464,25342,12204,13138,22174,10683,11491,12669,6124,6545,3168,1500,1668,
31700,12676,6092,6584,22180,10713,11467,25349,12208,13141,22178,10685,11493,12672,6127,6545,3168,1500,1668,
31705,12677,6092,6585,22183,10714,11469,25350,12209,13141,22181,10686,11495,12673,6127,6546,3169,1500,1669,
31710,12680,6093,6587,22187,10716,11471,25357,12211,13146,22185,10688,11497,12676,6127,6549,3169,1500,1669,
31715,12681,6093,6588,22190,10717,11473,25358,12211,13147,22188,10691,11497,12677,6127,6550,3170,1500,1670,
31720,12684,6093,6591,22194,10717,11477,25365,12217,13148,22192,10692,11500,12680,6129,6551,3170,1500,1670,
31725,12685,6093,6592,22197,10719,11478,25366,12218,13148,22195,10693,11502,12681,6129,6552,3171,1501,1670,
31730,12688,6094,6594,22201,10721,11480,25373,12222,13151,22199,10696,11503,12684,6131,6553,3171,1501,1670,
31735,12689,6094,6595,22204,10721,11483,25374,12222,13152,22202,10696,11506,12685,6132,6553,3172,1501,1671,
31740,12692,6096,6596,22208,10723,11485,25381,12225,13156,22206,10698,11508,12688,6134,6554,3172,1501,1671,
31745,12693,6097,6596,22211,10725,11486,25382,12225,13157,22209,10699,11510,12689,6135,6554,3173,1502,1671,
31750,12696,6099,6597,22215,10726,11489,25389,12228,13161,22213,10701,11512,12692,6137,6555,3173,1502,1671,
31755,12697,6100,6597,22218,10729,11489,25390,12229,13161,22216,10704,11512,12693,6137,6556,3174,1503,1671,
31760,12700,6100,6600,22222,10732,11490,25397,12234,13163,22220,10706,11514,12696,6139,6557,3174,1503,1671,
31765,12701,6101,6600,22225,10734,11491,25398,12235,13163,22223,10708,11515,12697,6140,6557,3175,1503,1672,
31770,12704,6102,6602,22229,10736,11493,25405,12237,13168,22227,10709,11518,12700,6140,6560,3175,1503,1672,
31775,12705,6102,6603,22232,10738,11494,25406,12238,13168,22230,10712,11518,12701,6140,6561,3176,1503,1673,
31780,12708,6104,6604,22236,10739,11497,25413,12242,13171,22234,10714,11520,12704,6142,6562,3176,1503,1673,
31785,12709,6104,6605,22239,10741,11498,25414,12243,13171,22237,10716,11521,12705,6143,6562,3177,1503,1674,
31790,12712,6105,6607,22243,10742,11501,25421,12246,13175,22241,10717,11524,12708,6144,6564,3177,1503,1674,
31795,12713,6105,6608,22246,10744,11502,25422,12247,13175,22244,10719,11525,12709,6145,6564,3178,1504,1674,
31800,12716,6107,6609,22250,10746,11504,25429,12251,13178,22248,10721,11527,12712,6147,6565,3178,1504,1674,
31805,12717,6107,6610,22253,10748,11505,25430,12251,13179,22251,10721,11530,12713,6147,6566,3179,1504,1675,
31810,12720,6110,6610,22257,10751,11506,25437,12254,13183,22255,10722,11533,12716,6149,6567,3179,1504,1675,
31815,12721,6110,6611,22260,10754,11506,25438,12254,13184,22258,10723,11535,12717,6150,6567,3180,1505,1675,
31820,12724,6111,6613,22264,10755,11509,25445,12257,13188,22262,10725,11537,12720,6152,6568,3180,1505,1675,
31825,12725,6111,6614,22267,10756,11511,25446,12258,13188,22265,10726,11539,12721,6152,6569,3181,1505,1676,
31830,12728,6111,6617,22271,10759,11512,25453,12261,13192,22269,10729,11540,12724,6153,6571,3181,1505,1676,
31835,12729,6111,6618,22274,10759,11515,25454,12262,13192,22272,10731,11541,12725,6153,6572,3182,1506,1676,
31840,12732,6112,6620,22278,10762,11516,25461,12264,13197,22276,10732,11544,12728,6153,6575,3182,1506,1676,
31845,12733,6113,6620,22281,10762,11519,25462,12265,13197,22279,10733,11546,12729,6153,6576,3183,1507,1676,
31850,12736,6115,6621,22285,10763,11522,25469,12269,13200,22283,10735,11548,12732,6155,6577,3183,1507,1676,
31855,12737,6115,6622,22288,10765,11523,25470,12270,13200,22286,10738,11548,12733,6156,6577,3184,1508,1676,
31860,12740,6116,6624,22292,10767,11525,25477,12275,13202,22290,10740,11550,12736,6157,6579,3184,1508,1676,
31865,12741,6116,6625,22295,10769,11526,25478,12276,13202,22293,10741,11552,12737,6157,6580,3185,1509,1676,
31870,12744,6118,6626,22299,10771,11528,25485,12280,13205,22297,10744,11553,12740,6158,6582,3185,1509,1676,
31875,12745,6118,6627,22302,10771,11531,25486,12280,13206,22300,10746,11554,12741,6159,6582,3186,1510,1676,
31880,12748,6120,6628,22306,10773,11533,25493,12283,13210,22304,10746,11558,12744,6160,6584,3186,1510,1676,
31885,12749,6120,6629,22309,10774,11535,25494,12283,13211,22307,10747,11560,12745,6160,6585,3187,1511,1676,
31890,12752,6121,6631,22313,10777,11536,25501,12285,13216,22311,10748,11563,12748,6161,6587,3187,1511,1676,
31895,12753,6122,6631,22316,10778,11538,25502,12286,13216,22314,10750,11564,12749,6161,6588,3188,1511,1677,
31900,12756,6123,6633,22320,10780,11540,25509,12287,13222,22318,10751,11567,12752,6161,6591,3188,1511,1677,
31905,12757,6123,6634,22323,10781,11542,25510,12288,13222,22321,10753,11568,12753,6161,6592,3189,1512,1677,
31910,12760,6124,6636,22327,10783,11544,25517,12293,13224,22325,10754,11571,12756,6164,6592,3189,1512,1677,
31915,12761,6125,6636,22330,10784,11546,25518,12293,13225,22328,10756,11572,12757,6164,6593,3190,1512,1678,
31920,12764,6126,6638,22334,10785,11549,25525,12296,13229,22332,10758,11574,12760,6167,6593,3190,1512,1678,
31925,12765,6126,6639,22337,10786,11551,25526,12297,13229,22335,10761,11574,12761,6168,6593,3191,1512,1679,
31930,12768,6127,6641,22341,10788,11553,25533,12300,13233,22339,10762,11577,12764,6170,6594,3191,1512,1679,
31935,12769,6128,6641,22344,10788,11556,25534,12300,13234,22342,10764,11578,12765,6171,6594,3192,1513,1679,
31940,12772,6130,6642,22348,10789,11559,25541,12302,13239,22346,10766,11580,12768,6173,6595,3192,1513,1679,
31945,12773,6130,6643,22351,10790,11561,25542,12303,13239,22349,10766,11583,12769,6173,6596,3193,1514,1679,
31950,12776,6131,6645,22355,10793,11562,25549,12304,13245,22353,10769,11584,12772,6174,6598,3193,1514,1679,
31955,12777,6131,6646,22358,10795,11563,25550,12305,13245,22356,10771,11585,12773,6174,6599,3194,1514,1680,
31960,12780,6133,6647,22362,10797,11565,25557,12307,13250,22360,10774,11586,12776,6174,6602,3194,1514,1680,
31965,12781,6134,6647,22365,10799,11566,25558,12308,13250,22363,10777,11586,12777,6175,6602,3195,1514,1681,
31970,12784,6134,6650,22369,10801,11568,25565,12311,13254,22367,10780,11587,12780,6177,6603,3195,1514,1681,
31975,12785,6134,6651,22372,10802,11570,25566,12311,13255,22370,10781,11589,12781,6177,6604,3196,1515,1681,
31980,12788,6136,6652,22376,10804,11572,25573,12314,13259,22374,10782,11592,12784,6178,6606,3196,1515,1681,
31985,12789,6137,6652,22379,10805,11574,25574,12314,13260,22377,10782,11595,12785,6179,6606,3197,1515,1682,
31990,12792,6138,6654,22383,10807,11576,25581,12317,13264,22381,10783,11598,12788,6179,6609,3197,1515,1682,
31995,12793,6138,6655,22386,10810,11576,25582,12317,13265,22384,10784,11600,12789,6179,6610,3198,1515,1683,
32000,12796,6140,6656,22390,10813,11577,25589,12321,13268,22388,10787,11601,12792,6179,6613,3198,1515,1683,
32005,12797,6141,6656,22393,10814,11579,25590,12322,13268,22391,10790,11601,12793,6180,6613,3199,1515,1684,
32010,12800,6143,6657,22397,10817,11580,25597,12324,13273,22395,10792,11603,12796,6182,6614,3199,1515,1684,
32015,12801,6143,6658,22400,10818,11582,25598,12324,13274,22398,10793,11605,12797,6183,6614,3200,1516,1684,
32020,12804,6144,6660,22404,10819,11585,25605,12327,13278,22402,10797,11605,12800,6185,6615,3200,1516,1684,
32025,12805,6145,6660,22407,10820,11587,25606,12328,13278,22405,10800,11605,12801,6186,6615,3201,1516,1685,
32030,12808,6148,6660,22411,10823,11588,25613,12334,13279,22409,10801,11608,12804,6187,6617,3201,1516,1685,
32035,12809,6149,6660,22414,10823,11591,25614,12334,13280,22412,10802,11610,12805,6188,6617,3202,1517,1685,
32040,12812,6150,6662,22418,10824,11594,25621,12338,13283,22416,10804,11612,12808,6189,6619,3202,1517,1685,
32045,12813,6150,6663,22421,10825,11596,25622,12339,13283,22419,10807,11612,12809,6189,6620,3203,1518,1685,
32050,12816,6150,6666,22425,10827,11598,25629,12345,13284,22423,10810,11613,12812,6190,6622,3203,1518,1685,
32055,12817,6151,6666,22428,10828,11600,25630,12346,13284,22426,10812,11614,12813,6191,6622,3204,1518,1686,
32060,12820,6153,6667,22432,10832,11600,25637,12352,13285,22430,10815,11615,12816,6192,6624,3204,1518,1686,
32065,12821,6153,6668,22435,10832,11603,25638,12352,13286,22433,10816,11617,12817,6192,6625,3205,1519,1686,
32070,12824,6154,6670,22439,10833,11606,25645,12356,13289,22437,10818,11619,12820,6194,6626,3205,1519,1686,
32075,12825,6155,6670,22442,10835,11607,25646,12357,13289,22440,10818,11622,12821,6194,6627,3206,1519,1687,
32080,12828,6156,6672,22446,10838,11608,25653,12360,13293,22444,10820,11624,12824,6194,6630,3206,1519,1687,
32085,12829,6157,6672,22449,10840,11609,25654,12360,13294,22447,10821,11626,12825,6195,6630,3207,1519,1688,
32090,12832,6159,6673,22453,10842,11611,25661,12362,13299,22451,10822,11629,12828,6197,6631,3207,1519,1688,
32095,12833,6160,6673,22456,10845,11611,25662,12363,13299,22454,10822,11632,12829,6197,6632,3208,1520,1688,
32100,12836,6162,6674,22460,10847,11613,25669,12366,13303,22458,10825,11633,12832,6197,6635,3208,1520,1688,
32105,12837,6163,6674,22463,10849,11614,25670,12366,13304,22461,10828,11633,12833,6198,6635,3209,1521,1688,
32110,12840,6163,6677,22467,10852,11615,25677,12371,13306,22465,10828,11637,12836,6198,6638,3209,1521,1688,
32115,12841,6163,6678,22470,10852,11618,25678,12371,13307,22468,10830,11638,12837,6199,6638,3210,1522,1688,
32120,12844,6165,6679,22474,10853,11621,25685,12376,13309,22472,10830,11642,12840,6200,6640,3210,1522,1688,
32125,12845,6165,6680,22477,10855,11622,25686,12377,13309,22475,10831,11644,12841,6201,6640,3211,1522,1689,
32130,12848,6167,6681,22481,10856,11625,25693,12381,13312,22479,10833,11646,12844,6201,6643,3211,1522,1689,
32135,12849,6167,6682,22484,10857,11627,25694,12382,13312,22482,10835,11647,12845,6201,6644,3212,1522,1690,
32140,12852,6168,6684,22488,10861,11627,25701,12384,13317,22486,10836,11650,12848,6202,6646,3212,1522,1690,
32145,12853,6168,6685,22491,10863,11628,25702,12385,13317,22489,10839,11650,12849,6202,6647,3213,1522,1691,
32150,12856,6169,6687,22495,10865,11630,25709,12387,13322,22493,10840,11653,12852,6202,6650,3213,1522,1691,
32155,12857,6169,6688,22498,10866,11632,25710,12387,13323,22496,10842,11654,12853,6203,6650,3214,1522,1692,
32160,12860,6172,6688,22502,10869,11633,25717,12389,13328,22500,10845,11655,12856,6204,6652,3214,1522,1692,
32165,12861,6173,6688,22505,10869,11636,25718,12389,13329,22503,10845,11658,12857,6205,6652,3215,1522,1693,
32170,12864,6174,6690,22509,10871,11638,25725,12394,13331,22507,10848,11659,12860,6207,6653,3215,1522,1693,
32175,12865,6174,6691,22512,10872,11640,25726,12395,13331,22510,10850,11660,12861,6208,6653,3216,1523,1693,
32180,12868,6174,6694,22516,10873,11643,25733,12399,13334,22514,10854,11660,12864,6210,6654,3216,1523,1693,
32185,12869,6175,6694,22519,10876,11643,25734,12399,13335,22517,10856,11661,12865,6210,6655,3217,1524,1693,
32190,12872,6177,6695,22523,10876,11647,25741,12402,13339,22521,10858,11663,12868,6211,6657,3217,1524,1693,
32195,12873,6177,6696,22526,10877,11649,25742,12402,13340,22524,10859,11665,12869,6212,6657,3218,1524,1694,
32200,12876,6177,6699,22530,10880,11650,25749,12408,13341,22528,10861,11667,12872,6214,6658,3218,1524,1694,
32205,12877,6178,6699,22533,10882,11651,25750,12409,13341,22531,10863,11668,12873,6214,6659,3219,1525,1694,
32210,12880,6180,6700,22537,10883,11654,25757,12412,13345,22535,10863,11672,12876,6215,6661,3219,1525,1694,
32215,12881,6181,6700,22540,10885,11655,25758,12412,13346,22538,10864,11674,12877,6216,6661,3220,1526,1694,
32220,12884,6183,6701,22544,10887,11657,25765,12414,13351,22542,10866,11676,12880,6219,6661,3220,1526,1694,
32225,12885,6184,6701,22547,10887,11660,25766,12414,13352,22545,10868,11677,12881,6219,6662,3221,1527,1694,
32230,12888,6185,6703,22551,10890,11661,25773,12418,13355,22549,10870,11679,12884,6221,6663,3221,1527,1694,
32235,12889,6185,6704,22554,10892,11662,25774,12419,13355,22552,10872,11680,12885,6221,6664,3222,1528,1694,
32240,12892,6187,6705,22558,10895,11663,25781,12420,13361,22556,10872,11684,12888,6222,6666,3222,1528,1694,
32245,12893,6187,6706,22561,10897,11664,25782,12420,13362,22559,10874,11685,12889,6222,6667,3223,1528,1695,
32250,12896,6187,6709,22565,10897,11668,25789,12423,13366,22563,10876,11687,12892,6222,6670,3223,1528,1695,
32255,12897,6187,6710,22568,10898,11670,25790,12423,13367,22566,10876,11690,12893,6222,6671,3224,1528,1696,
32260,12900,6188,6712,22572,10898,11674,25797,12426,13371,22570,10879,11691,12896,6223,6673,3224,1528,1696,
32265,12901,6189,6712,22575,10900,11675,25798,12427,13371,22573,10880,11693,12897,6224,6673,3225,1528,1697,
32270,12904,6189,6715,22579,10903,11676,25805,12428,13377,22577,10882,11695,12900,6227,6673,3225,1528,1697,
32275,12905,6189,6716,22582,10904,11678,25806,12428,13378,22580,10885,11695,12901,6227,6674,3226,1528,1698,
32280,12908,6191,6717,22586,10906,11680,25813,12430,13383,22584,10887,11697,12904,6229,6675,3226,1528,1698,
32285,12909,6191,6718,22589,10907,11682,25814,12431,13383,22587,10889,11698,12905,6229,6676,3227,1529,1698,
32290,12912,6194,6718,22593,10909,11684,25821,12434,13387,22591,10890,11701,12908,6230,6678,3227,1529,1698,
32295,12913,6194,6719,22596,10910,11686,25822,12434,13388,22594,10890,11704,12909,6231,6678,3228,1529,1699,
32300,12916,6196,6720,22600,10910,11690,25829,12436,13393,22598,10894,11704,12912,6232,6680,3228,1529,1699,
32305,12917,6196,6721,22603,10912,11691,25830,12437,13393,22601,10896,11705,12913,6233,6680,3229,1529,1700,
32310,12920,6197,6723,22607,10913,11694,25837,12443,13394,22605,10897,11708,12916,6236,6680,3229,1529,1700,
32315,12921,6197,6724,22610,10915,11695,25838,12444,13394,22608,10899,11709,12917,6236,6681,3230,1529,1701,
32320,12924,6199,6725,22614,10919,11695,25845,12447,13398,22612,10902,11710,12920,6239,6681,3230,1529,1701,
32325,12925,6199,6726,22617,10919,11698,25846,12448,13398,22615,10904,11711,12921,6239,6682,3231,1529,1702,
32330,12928,6202,6726,22621,10921,11700,25853,12451,13402,22619,10906,11713,12924,6240,6684,3231,1529,1702,
32335,12929,6203,6726,22624,10922,11702,25854,12452,13402,22622,10909,11713,12925,6241,6684,3232,1530,1702,
32340,12932,6204,6728,22628,10925,11703,25861,12456,13405,22626,10911,11715,12928,6241,6687,3232,1530,1702,
32345,12933,6204,6729,22631,10925,11706,25862,12456,13406,22629,10913,11716,12929,6242,6687,3233,1530,1703,
32350,12936,6204,6732,22635,10925,11710,25869,12459,13410,22633,10917,11716,12932,6242,6690,3233,1530,1703,
32355,12937,6204,6733,22638,10927,11711,25870,12459,13411,22636,10918,11718,12933,6243,6690,3234,1531,1703,
32360,12940,6205,6735,22642,10929,11713,25877,12461,13416,22640,10918,11722,12936,6245,6691,3234,1531,1703,
32365,12941,6205,6736,22645,10932,11713,25878,12462,13416,22643,10918,11725,12937,6245,6692,3235,1532,1703,
32370,12944,6206,6738,22649,10934,11715,25885,12467,13418,22647,10920,11727,12940,6246,6694,3235,1532,1703,
32375,12945,6207,6738,22652,10935,11717,25886,12467,13419,22650,10922,11728,12941,6247,6694,3236,1533,1703,
32380,12948,6209,6739,22656,10938,11718,25893,12470,13423,22654,10922,11732,12944,6249,6695,3236,1533,1703,
32385,12949,6210,6739,22659,10939,11720,25894,12471,13423,22657,10923,11734,12945,6250,6695,3237,1534,1703,
32390,12952,6211,6741,22663,10939,11724,25901,12473,13428,22661,10924,11737,12948,6251,6697,3237,1534,1703,
32395,12953,6211,6742,22666,10940,11726,25902,12474,13428,22664,10926,11738,12949,6251,6698,3238,1535,1703,
32400,12956,6212,6744,22670,10942,11728,25909,12475,13434,22668,10928,11740,12952,6251,6701,3238,1535,1703,
32405,12957,6213,6744,22673,10943,11730,25910,12476,13434,22671,10928,11743,12953,6252,6701,3239,1535,1704,
32410,12960,6215,6745,22677,10945,11732,25917,12481,13436,22675,10932,11743,12956,6254,6702,3239,1535,1704,
32415,12961,6215,6746,22680,10947,11733,25918,12481,13437,22678,10933,11745,12957,6255,6702,3240,1536,1704,
32420,12964,6217,6747,22684,10948,11736,25925,12486,13439,22682,10935,11747,12960,6258,6702,3240,1536,1704,
32425,12965,6217,6748,22687,10948,11739,25926,12487,13439,22685,10936,11749,12961,6258,6703,3241,1537,1704,
32430,12968,6219,6749,22691,10951,11740,25933,12489,13444,22689,10939,11750,12964,6260,6704,3241,1537,1704,
32435,12969,6220,6749,22694,10952,11742,25934,12489,13445,22692,10940,11752,12965,6260,6705,3242,1537,1705,
32440,12972,6220,6752,22698,10955,11743,25941,12492,13449,22696,10941,11755,12968,6262,6706,3242,1537,1705,
32445,12973,6220,6753,22701,10957,11744,25942,12492,13450,22699,10943,11756,12969,6263,6706,3243,1537,1706,
32450,12976,6223,6753,22705,10960,11745,25949,12497,13452,22703,10945,11758,12972,6263,6709,3243,1537,1706,
32455,12977,6223,6754,22708,10961,11747,25950,12498,13452,22706,10948,11758,12973,6264,6709,3244,1538,1706,
32460,12980,6224,6756,22712,10963,11749,25957,12502,13455,22710,10952,11758,12976,6265,6711,3244,1538,1706,
32465,12981,6225,6756,22715,10965,11750,25958,12502,13456,22713,10952,11761,12977,6266,6711,3245,1539,1706,
32470,12984,6225,6759,22719,10966,11753,25965,12505,13460,22717,10955,11762,12980,6267,6713,3245,1539,1706,
32475,12985,6225,6760,22722,10967,11755,25966,12506,13460,22720,10956,11764,12981,6267,6714,3246,1540,1706,
32480,12988,6226,6762,22726,10969,11757,25973,12509,13464,22724,10957,11767,12984,6267,6717,3246,1540,1706,
32485,12989,6227,6762,22729,10970,11759,25974,12509,13465,22727,10958,11769,12985,6267,6718,3247,1540,1707,
32490,12992,6228,6764,22733,10974,11759,25981,12513,13468,22731,10961,11770,12988,6269,6719,3247,1540,1707,
32495,12993,6228,6765,22736,10975,11761,25982,12514,13468,22734,10962,11772,12989,6270,6719,3248,1541,1707,
32500,12996,6229,6767,22740,10976,11764,25989,12517,13472,22738,10963,11775,12992,6272,6720,3248,1541,1707,
32505,12997,6230,6767,22743,10977,11766,25990,12518,13472,22741,10963,11778,12993,6272,6721,3249,1542,1707,
32510,13000,6231,6769,22747,10977,11770,25997,12520,13477,22745,10965,11780,12996,6273,6723,3249,1542,1707,
32515,13001,6231,6770,22750,10980,11770,25998,12520,13478,22748,10967,11781,12997,6274,6723,3250,1542,1708,
32520,13004,6233,6771,22754,10983,11771,26005,12521,13484,22752,10968,11784,13000,6275,6725,3250,1542,1708,
32525,13005,6233,6772,22757,10985,11772,26006,12522,13484,22755,10970,11785,13001,6276,6725,3251,1542,1709,
32530,13008,6234,6774,22761,10986,11775,26013,12524,13489,22759,10972,11787,13004,6276,6728,3251,1542,1709,
32535,13009,6235,6774,22764,10988,11776,26014,12525,13489,22762,10972,11790,13005,6277,6728,3252,1543,1709,
32540,13012,6236,6776,22768,10988,11780,26021,12529,13492,22766,10974,11792,13008,6277,6731,3252,1543,1709,
32545,13013,6236,6777,22771,10988,11783,26022,12529,13493,22769,10976,11793,13009,6278,6731,3253,1543,1710,
32550,13016,6237,6779,22775,10989,11786,26029,12533,13496,22773,10977,11796,13012,6280,6732,3253,1543,1710,
32555,13017,6238,6779,22778,10990,11788,26030,12534,13496,22776,10979,11797,13013,6281,6732,3254,1543,1711,
32560,13020,6239,6781,22782,10992,11790,26037,12535,13502,22780,10981,11799,13016,6281,6735,3254,1543,1711,
32565,13021,6240,6781,22785,10993,11792,26038,12535,13503,22783,10982,11801,13017,6281,6736,3255,1543,1712,
32570,13024,6241,6783,22789,10996,11793,26045,12539,13506,22787,10984,11803,13020,6283,6737,3255,1543,1712,
32575,13025,6242,6783,22792,10997,11795,26046,12539,13507,22790,10985,11805,13021,6283,6738,3256,1543,1713,
32580,13028,6245,6783,22796,10999,11797,26053,12542,13511,22794,10988,11806,13024,6285,6739,3256,1543,1713,
32585,13029,6246,6783,22799,11001,11798,26054,12542,13512,22797,10990,11807,13025,6286,6739,3257,1544,1713,
32590,13032,6247,6785,22803,11001,11802,26061,12544,13517,22801,10993,11808,13028,6288,6740,3257,1544,1713,
32595,13033,6247,6786,22806,11003,11803,26062,12544,13518,22804,10994,11810,13029,6288,6741,3258,1544,1714,
32600,13036,6249,6787,22810,11006,11804,26069,12548,13521,22808,10996,11812,13032,6289,6743,3258,1544,1714,
32605,13037,6250,6787,22813,11008,11805,26070,12549,13521,22811,10997,11814,13033,6289,6744,3259,1544,1715,
32610,13040,6251,6789,22817,11009,11808,26077,12555,13522,22815,10999,11816,13036,6291,6745,3259,1544,1715,
32615,13041,6251,6790,22820,11011,11809,26078,12555,13523,22818,11001,11817,13037,6291,6746,3260,1545,1715,
32620,13044,6252,6792,22824,11013,11811,26085,12558,13527,22822,11003,11819,13040,6293,6747,3260,1545,1715,
32625,13045,6252,6793,22827,11015,11812,26086,12558,13528,22825,11003,11822,13041,6294,6747,3261,1545,1716,
32630,13048,6254,6794,22831,11017,11814,26093,12559,13534,22829,11006,11823,13044,6294,6750,3261,1545,1716,
32635,13049,6254,6795,22834,11019,11815,26094,12560,13534,22832,11008,11824,13045,6294,6751,3262,1545,1717,
32640,13052,6256,6796,22838,11021,11817,26101,12561,13540,22836,11009,11827,13048,6294,6754,3262,1545,1717,
32645,13053,6256,6797,22841,11024,11817,26102,12561,13541,22839,11011,11828,13049,6295,6754,3263,1545,1718,
32650,13056,6258,6798,22845,11026,11819,26109,12561,13548,22843,11014,11829,13052,6295,6757,3263,1545,1718,
32655,13057,6258,6799,22848,11026,11822,26110,12562,13548,22846,11015,11831,13053,6295,6758,3264,1545,1719,
32660,13060,6260,6800,22852,11029,11823,26117,12565,13552,22850,11018,11832,13056,6296,6760,3264,1545,1719,
32665,13061,6260,6801,22855,11031,11824,26118,12565,13553,22853,11020,11833,13057,6297,6760,3265,1545,1720,
32670,13064,6263,6801,22859,11032,11827,26125,12569,13556,22857,11023,11834,13060,6300,6760,3265,1545,1720,
32675,13065,6263,6802,22862,11035,11827,26126,12570,13556,22860,11024,11836,13061,6300,6761,3266,1546,1720,
32680,13068,6265,6803,22866,11036,11830,26133,12574,13559,22864,11026,11838,13064,6303,6761,3266,1546,1720,
32685,13069,6266,6803,22869,11036,11833,26134,12575,13559,22867,11028,11839,13065,6303,6762,3267,1547,1720,
32690,13072,6267,6805,22873,11037,11836,26141,12580,13561,22871,11028,11843,13068,6304,6764,3267,1547,1720,
32695,13073,6268,6805,22876,11038,11838,26142,12581,13561,22874,11030,11844,13069,6304,6765,3268,1548,1720,
32700,13076,6270,6806,22880,11040,11840,26149,12585,13564,22878,11033,11845,13072,6306,6766,3268,1548,1720,
32705,13077,6271,6806,22883,11041,11842,26150,12585,13565,22881,11035,11846,13073,6307,6766,3269,1549,1720,
32710,13080,6271,6809,22887,11044,11843,26157,12587,13570,22885,11037,11848,13076,6308,6768,3269,1549,1720,
32715,13081,6272,6809,22890,11046,11844,26158,12587,13571,22888,11039,11849,13077,6309,6768,3270,1549,1721,
32720,13084,6274,6810,22894,11047,11847,26165,12589,13576,22892,11041,11851,13080,6309,6771,3270,1549,1721,
32725,13085,6274,6811,22897,11048,11849,26166,12590,13576,22895,11043,11852,13081,6310,6771,3271,1550,1721,
32730,13088,6276,6812,22901,11051,11850,26173,12591,13582,22899,11046,11853,13084,6310,6774,3271,1550,1721,
32735,13089,6277,6812,22904,11052,11852,26174,12591,13583,22902,11048,11854,13085,6310,6775,3272,1550,1722,
32740,13092,6280,6812,22908,11053,11855,26181,12595,13586,22906,11050,11856,13088,6312,6776,3272,1550,1722,
32745,13093,6280,6813,22911,11053,11858,26182,12595,13587,22909,11052,11857,13089,6312,6777,3273,1551,1722,
32750,13096,6281,6815,22915,11055,11860,26189,12598,13591,22913,11055,11858,13092,6312,6780,3273,1551,1722,
32755,13097,6282,6815,22918,11057,11861,26190,12598,13592,22916,11056,11860,13093,6313,6780,3274,1551,1723,
32760,13100,6283,6817,22922,11060,11862,26197,12601,13596,22920,11058,11862,13096,6316,6780,3274,1551,1723,
32765,13101,6283,6818,22925,11063,11862,26198,12601,13597,22923,11059,11864,13097,6316,6781,3275,1552,1723,
32770,13104,6285,6819,22929,11066,11863,26205,12606,13599,22927,11060,11867,13100,6318,6782,3275,1552,1723,
32775,13105,6286,6819,22932,11068,11864,26206,12606,13600,22930,11061,11869,13101,6319,6782,3276,1552,1724,
32780,13108,6287,6821,22936,11071,11865,26213,12611,13602,22934,11063,11871,13104,6321,6783,3276,1552,1724,
32785,13109,6288,6821,22939,11073,11866,26214,12612,13602,22937,11065,11872,13105,6321,6784,3277,1553,1724,
32790,13112,6291,6821,22943,11073,11870,26221,12614,13607,22941,11067,11874,13108,6321,6787,3277,1553,1724,
32795,13113,6291,6822,22946,11073,11873,26222,12614,13608,22944,11069,11875,13109,6322,6787,3278,1553,1725,
32800,13116,6292,6824,22950,11075,11875,26229,12616,13613,22948,11070,11878,13112,6324,6788,3278,1553,1725,
32805,13117,6292,6825,22953,11077,11876,26230,12616,13614,22951,11070,11881,13113,6325,6788,3279,1553,1726,
32810,13120,6295,6825,22957,11081,11876,26237,12618,13619,22955,11072,11883,13116,6327,6789,3279,1553,1726,
32815,13121,6295,6826,22960,11082,11878,26238,12618,13620,22958,11073,11885,13117,6328,6789,3280,1554,1726,
32820,13124,6295,6829,22964,11085,11879,26245,12620,13625,22962,11075,11887,13120,6329,6791,3280,1554,1726,
32825,13125,6295,6830,22967,11086,11881,26246,12621,13625,22965,11078,11887,13121,6329,6792,3281,1554,1727,
32830,13128,6297,6831,22971,11088,11883,26253,12626,13627,22969,11079,11890,13124,6331,6793,3281,1554,1727,
32835,13129,6298,6831,22974,11090,11884,26254,12627,13627,22972,11081,11891,13125,6332,6793,3282,1555,1727,
32840,13132,6299,6833,22978,11092,11886,26261,12631,13630,22976,11084,11892,13128,6332,6796,3282,1555,1727,
32845,13133,6299,6834,22981,11093,11888,26262,12631,13631,22979,11084,11895,13129,6332,6797,3283,1556,1727,
32850,13136,6301,6835,22985,11097,11888,26269,12635,13634,22983,11085,11898,13132,6332,6800,3283,1556,1727,
32855,13137,6301,6836,22988,11098,11890,26270,12636,13634,22986,11088,11898,13133,6332,6801,3284,1557,1727,
32860,13140,6304,6836,22992,11100,11892,26277,12642,13635,22990,11089,11901,13136,6334,6802,3284,1557,1727,
32865,13141,6304,6837,22995,11100,11895,26278,12643,13635,22993,11092,11901,13137,6334,6803,3285,1558,1727,
32870,13144,6305,6839,22999,11101,11898,26285,12648,13637,22997,11094,11903,13140,6334,6806,3285,1558,1727,
32875,13145,6306,6839,23002,11102,11900,26286,12649,13637,23000,11096,11904,13141,6335,6806,3286,1558,1728,
32880,13148,6308,6840,23006,11104,11902,26293,12654,13639,23004,11099,11905,13144,6337,6807,3286,1558,1728,
32885,13149,6308,6841,23009,11105,11904,26294,12654,13640,23007,11099,11908,13145,6337,6808,3287,1559,1728,
32890,13152,6309,6843,23013,11107,11906,26301,12657,13644,23011,11102,11909,13148,6339,6809,3287,1559,1728,
32895,13153,6309,6844,23016,11110,11906,26302,12657,13645,23014,11104,11910,13149,6339,6810,3288,1560,1728,
32900,13156,6312,6844,23020,11112,11908,26309,12660,13649,23018,11106,11912,13152,6341,6811,3288,1560,1728,
32905,13157,6312,6845,23023,11113,11910,26310,12660,13650,23021,11108,11913,13153,6341,6812,3289,1560,1729,
32910,13160,6314,6846,23027,11116,11911,26317,12663,13654,23025,11109,11916,13156,6343,6813,3289,1560,1729,
32915,13161,6314,6847,23030,11118,11912,26318,12663,13655,23028,11111,11917,13157,6343,6814,3290,1561,1729,
32920,13164,6317,6847,23034,11122,11912,26325,12667,13658,23032,11114,11918,13160,6345,6815,3290,1561,1729,
32925,13165,6318,6847,23037,11122,11915,26326,12668,13658,23035,11115,11920,13161,6346,6815,3291,1562,1729,
32930,13168,6321,6847,23041,11123,11918,26333,12672,13661,23039,11118,11921,13164,6348,6816,3291,1562,1729,
32935,13169,6321,6848,23044,11125,11919,26334,12672,13662,23042,11120,11922,13165,6348,6817,3292,1562,1730,
32940,13172,6321,6851,23048,11125,11923,26341,12674,13667,23046,11121,11925,13168,6349,6819,3292,1562,1730,
32945,13173,6321,6852,23051,11127,11924,26342,12675,13667,23049,11121,11928,13169,6350,6819,3293,1563,1730,
32950,13176,6322,6854,23055,11127,11928,26349,12677,13672,23053,11124,11929,13172,6352,6820,3293,1563,1730,
32955,13177,6322,6855,23058,11127,11931,26350,12678,13672,23056,11124,11932,13173,6353,6820,3294,1563,1731,
32960,13180,6322,6858,23062,11130,11932,26357,12679,13678,23060,11125,11935,13176,6354,6822,3294,1563,1731,
32965,13181,6323,6858,23065,11131,11934,26358,12680,13678,23063,11127,11936,13177,6355,6822,3295,1563,1732,
32970,13184,6324,6860,23069,11134,11935,26365,12682,13683,23067,11129,11938,13180,6357,6823,3295,1563,1732,
32975,13185,6324,6861,23072,11135,11937,26366,12682,13684,23070,11130,11940,13181,6358,6823,3296,1564,1732,
32980,13188,6325,6863,23076,11136,11940,26373,12685,13688,23074,11133,11941,13184,6360,6824,3296,1564,1732,
32985,13189,6325,6864,23079,11137,11942,26374,12685,13689,23077,11135,11942,13185,6360,6825,3297,1565,1732,
32990,13192,6328,6864,23083,11137,11946,26381,12688,13693,23081,11138,11943,13188,6363,6825,3297,1565,1732,
32995,13193,6329,6864,23086,11137,11949,26382,12689,13693,23084,11139,11945,13189,6364,6825,3298,1565,1733,
33000,13196,6330,6866,23090,11139,11951,26389,12691,13698,23088,11140,11948,13192,6366,6826,3298,1565,1733,
33005,13197,6330,6867,23093,11140,11953,26390,12691,13699,23091,11141,11950,13193,6366,6827,3299,1565,1734,
33010,13200,6330,6870,23097,11140,11957,26397,12693,13704,23095,11144,11951,13196,6367,6829,3299,1565,1734,
33015,13201,6331,6870,23100,11141,11959,26398,12693,13705,23098,11145,11953,13197,6367,6830,3300,1566,1734,
33020,13204,6331,6873,23104,11142,11962,26405,12696,13709,23102,11147,11955,13200,6368,6832,3300,1566,1734,
33025,13205,6331,6874,23107,11143,11964,26406,12696,13710,23105,11148,11957,13201,6369,6832,3301,1566,1735,
33030,13208,6334,6874,23111,11145,11966,26413,12700,13713,23109,11152,11957,13204,6370,6834,3301,1566,1735,
33035,13209,6335,6874,23114,11145,11969,26414,12700,13714,23112,11154,11958,13205,6371,6834,3302,1567,1735,
33040,13212,6337,6875,23118,11146,11972,26421,12703,13718,23116,11155,11961,13208,6373,6835,3302,1567,1735,
33045,13213,6337,6876,23121,11147,11974,26422,12703,13719,23119,11157,11962,13209,6374,6835,3303,1567,1736,
33050,13216,6338,6878,23125,11148,11977,26429,12705,13724,23123,11160,11963,13212,6376,6836,3303,1567,1736,
33055,13217,6338,6879,23128,11149,11979,26430,12705,13725,23126,11163,11963,13213,6377,6836,3304,1568,1736,
33060,13220,6340,6880,23132,11150,11982,26437,12709,13728,23130,11167,11963,13216,6380,6836,3304,1568,1736,
33065,13221,6340,6881,23135,11151,11984,26438,12710,13728,23133,11168,11965,13217,6381,6836,3305,1569,1736,
33070,13224,6343,6881,23139,11152,11987,26445,12713,13732,23137,11171,11966,13220,6382,6838,3305,1569,1736,
33075,13225,6343,6882,23142,11154,11988,26446,12714,13732,23140,11172,11968,13221,6383,6838,3306,1569,1737,
33080,13228,6345,6883,23146,11157,11989,26453,12718,13735,23144,11174,11970,13224,6383,6841,3306,1569,1737,
33085,13229,6345,6884,23149,11159,11990,26454,12718,13736,23147,11174,11973,13225,6384,6841,3307,1569,1738,
33090,13232,6347,6885,23153,11161,11992,26461,12723,13738,23151,11175,11976,13228,6384,6844,3307,1569,1738,
33095,13233,6348,6885,23156,11162,11994,26462,12724,13738,23154,11177,11977,13229,6385,6844,3308,1570,1738,
33100,13236,6349,6887,23160,11163,11997,26469,12728,13741,23158,11178,11980,13232,6386,6846,3308,1570,1738,
33105,13237,6349,6888,23163,11165,11998,26470,12729,13741,23161,11180,11981,13233,6387,6846,3309,1570,1739,
33110,13240,6351,6889,23167,11166,12001,26477,12732,13745,23165,11183,11982,13236,6388,6848,3309,1570,1739,
33115,13241,6352,6889,23170,11167,12003,26478,12732,13746,23168,11184,11984,13237,6389,6848,3310,1571,1739,
33120,13244,6354,6890,23174,11167,12007,26485,12733,13752,23172,11185,11987,13240,6391,6849,3310,1571,1739,
33125,13245,6354,6891,23177,11169,12008,26486,12734,13752,23175,11186,11989,13241,6391,6850,3311,1572,1739,
33130,13248,6354,6894,23181,11171,12010,26493,12738,13755,23179,11190,11989,13244,6391,6853,3311,1572,1739,
33135,13249,6354,6895,23184,11173,12011,26494,12738,13756,23182,11193,11989,13245,6391,6854,3312,1573,1739,
33140,13252,6356,6896,23188,11176,12012,26501,12744,13757,23186,11193,11993,13248,6393,6855,3312,1573,1739,
33145,13253,6357,6896,23191,11177,12014,26502,12744,13758,23189,11195,11994,13249,6393,6856,3313,1574,1739,
33150,13256,6358,6898,23195,11177,12018,26509,12746,13763,23193,11198,11995,13252,6394,6858,3313,1574,1739,
33155,13257,6359,6898,23198,11179,12019,26510,12746,13764,23196,11199,11997,13253,6394,6859,3314,1575,1739,
33160,13260,6362,6898,23202,11182,12020,26517,12748,13769,23200,11201,11999,13256,6395,6861,3314,1575,1739,
33165,13261,6362,6899,23205,11183,12022,26518,12749,13769,23203,11204,11999,13257,6395,6862,3315,1575,1740,
33170,13264,6362,6902,23209,11186,12023,26525,12753,13772,23207,11206,12001,13260,6398,6862,3315,1575,1740,
33175,13265,6362,6903,23212,11189,12023,26526,12753,13773,23210,11209,12001,13261,6399,6862,3316,1576,1740,
33180,13268,6364,6904,23216,11192,12024,26533,12755,13778,23214,11211,12003,13264,6400,6864,3316,1576,1740,
33185,13269,6364,6905,23219,11193,12026,26534,12756,13778,23217,11212,12005,13265,6401,6864,3317,1577,1740,
33190,13272,6366,6906,23223,11195,12028,26541,12759,13782,23221,11214,12007,13268,6403,6865,3317,1577,1740,
33195,13273,6367,6906,23226,11196,12030,26542,12759,13783,23224,11216,12008,13269,6404,6865,3318,1578,1740,
33200,13276,6369,6907,23230,11199,12031,26549,12764,13785,23228,11219,12009,13272,6405,6867,3318,1578,1740,
33205,13277,6370,6907,23233,11201,12032,26550,12764,13786,23231,11222,12009,13273,6405,6868,3319,1578,1741,
33210,13280,6371,6909,23237,11202,12035,26557,12767,13790,23235,11225,12010,13276,6406,6870,3319,1578,1741,
33215,13281,6371,6910,23240,11204,12036,26558,12767,13791,23238,11227,12011,13277,6407,6870,3320,1579,1741,
33220,13284,6374,6910,23244,11206,12038,26565,12770,13795,23242,11227,12015,13280,6408,6872,3320,1579,1741,
33225,13285,6375,6910,23247,11209,12038,26566,12770,13796,23245,11227,12018,13281,6409,6872,3321,1580,1741,
33230,13288,6376,6912,23251,11210,12041,26573,12770,13803,23249,11231,12018,13284,6412,6872,3321,1580,1741,
33235,13289,6376,6913,23254,11213,12041,26574,12770,13804,23252,11233,12019,13285,6412,6873,3322,1580,1742,
33240,13292,6378,6914,23258,11215,12043,26581,12774,13807,23256,11233,12023,13288,6413,6875,3322,1580,1742,
33245,13293,6378,6915,23261,11215,12046,26582,12775,13807,23259,11234,12025,13289,6413,6876,3323,1580,1743,
33250,13296,6379,6917,23265,11217,12048,26589,12779,13810,23263,11234,12029,13292,6415,6877,3323,1580,1743,
33255,13297,6379,6918,23268,11218,12050,26590,12779,13811,23266,11234,12032,13293,6415,6878,3324,1581,1743,
33260,13300,6380,6920,23272,11221,12051,26597,12784,13813,23270,11236,12034,13296,6417,6879,3324,1581,1743,
33265,13301,6381,6920,23275,11221,12054,26598,12785,13813,23273,11238,12035,13297,6418,6879,3325,1581,1744,
33270,13304,6383,6921,23279,11222,12057,26605,12789,13816,23277,11240,12037,13300,6420,6880,3325,1581,1744,
33275,13305,6384,6921,23282,11222,12060,26606,12789,13817,23280,11241,12039,13301,6420,6881,3326,1582,1744,
33280,13308,6385,6923,23286,11222,12064,26613,12793,13820,23284,11244,12040,13304,6423,6881,3326,1582,1744,
33285,13309,6386,6923,23289,11222,12067,26614,12794,13820,23287,11245,12042,13305,6424,6881,3327,1583,1744,
33290,13312,6387,6925,23293,11224,12069,26621,12799,13822,23291,11247,12044,13308,6425,6883,3327,1583,1744,
33295,13313,6388,6925,23296,11224,12072,26622,12799,13823,23294,11248,12046,13309,6425,6884,3328,1584,1744,
33300,13316,6389,6927,23300,11227,12073,26629,12802,13827,23298,11250,12048,13312,6427,6885,3328,1584,1744,
33305,13317,6390,6927,23303,11229,12074,26630,12802,13828,23301,11251,12050,13313,6428,6885,3329,1584,1745,
33310,13320,6391,6929,23307,11231,12076,26637,12804,13833,23305,11253,12052,13316,6430,6886,3329,1584,1745,
33315,13321,6391,6930,23310,11232,12078,26638,12804,13834,23308,11253,12055,13317,6430,6887,3330,1585,1745,
33320,13324,6392,6932,23314,11233,12081,26645,12810,13835,23312,11255,12057,13320,6433,6887,3330,1585,1745,
33325,13325,6393,6932,23317,11234,12083,26646,12810,13836,23315,11257,12058,13321,6433,6888,3331,1585,1746,
33330,13328,6394,6934,23321,11236,12085,26653,12814,13839,23319,11259,12060,13324,6436,6888,3331,1585,1746,
33335,13329,6395,6934,23324,11238,12086,26654,12814,13840,23322,11261,12061,13325,6436,6889,3332,1585,1747,
33340,13332,6396,6936,23328,11241,12087,26661,12817,13844,23326,11263,12063,13328,6439,6889,3332,1585,1747,
33345,13333,6396,6937,23331,11242,12089,26662,12817,13845,23329,11266,12063,13329,6439,6890,3333,1586,1747,
33350,13336,6397,6939,23335,11244,12091,26669,12822,13847,23333,11269,12064,13332,6439,6893,3333,1586,1747,
33355,13337,6398,6939,23338,11244,12094,26670,12823,13847,23336,11271,12065,13333,6440,6893,3334,1587,1747,
33360,13340,6400,6940,23342,11246,12096,26677,12827,13850,23340,11273,12067,13336,6442,6894,3334,1587,1747,
33365,13341,6400,6941,23345,11248,12097,26678,12827,13851,23343,11275,12068,13337,6442,6895,3335,1588,1747,
33370,13344,6402,6942,23349,11250,12099,26685,12829,13856,23347,11278,12069,13340,6442,6898,3335,1588,1747,
33375,13345,6402,6943,23352,11253,12099,26686,12829,13857,23350,11279,12071,13341,6442,6899,3336,1588,1748,
33380,13348,6403,6945,23356,11255,12101,26693,12832,13861,23354,11280,12074,13344,6445,6899,3336,1588,1748,
33385,13349,6404,6945,23359,11256,12103,26694,12832,13862,23357,11281,12076,13345,6445,6900,3337,1588,1749,
33390,13352,6405,6947,23363,11259,12104,26701,12836,13865,23361,11282,12079,13348,6447,6901,3337,1588,1749,
33395,13353,6405,6948,23366,11261,12105,26702,12837,13865,23364,11284,12080,13349,6448,6901,3338,1588,1750,
33400,13356,6405,6951,23370,11263,12107,26709,12840,13869,23368,11287,12081,13352,6448,6904,3338,1588,1750,
33405,13357,6405,6952,23373,11264,12109,26710,12840,13870,23371,11290,12081,13353,6449,6904,3339,1589,1750,
33410,13360,6407,6953,23377,11266,12111,26717,12843,13874,23375,11292,12083,13356,6449,6907,3339,1589,1750,
33415,13361,6407,6954,23380,11268,12112,26718,12843,13875,23378,11295,12083,13357,6450,6907,3340,1590,1750,
33420,13364,6407,6957,23384,11269,12115,26725,12845,13880,23382,11297,12085,13360,6452,6908,3340,1590,1750,
33425,13365,6408,6957,23387,11271,12116,26726,12845,13881,23385,11298,12087,13361,6453,6908,3341,1590,1751,
33430,13368,6409,6959,23391,11275,12116,26733,12847,13886,23389,11301,12088,13364,6454,6910,3341,1590,1751,
33435,13369,6410,6959,23394,11277,12117,26734,12848,13886,23392,11303,12089,13365,6455,6910,3342,1590,1752,
33440,13372,6412,6960,23398,11279,12119,26741,12853,13888,23396,11304,12092,13368,6456,6912,3342,1590,1752,
33445,13373,6412,6961,23401,11280,12121,26742,12854,13888,23399,11306,12093,13369,6456,6913,3343,1591,1752,
33450,13376,6412,6964,23405,11283,12122,26749,12854,13895,23403,11308,12095,13372,6458,6914,3343,1591,1752,
33455,13377,6413,6964,23408,11283,12125,26750,12855,13895,23406,11310,12096,13373,6459,6914,3344,1592,1752,
33460,13380,6414,6966,23412,11285,12127,26757,12858,13899,23410,11313,12097,13376,6460,6916,3344,1592,1752,
33465,13381,6415,6966,23415,11285,12130,26758,12859,13899,23413,11313,12100,13377,6460,6917,3345,1593,1752,
33470,13384,6416,6968,23419,11287,12132,26765,12861,13904,23417,11316,12101,13380,6461,6919,3345,1593,1752,
33475,13385,6416,6969,23422,11288,12134,26766,12861,13905,23420,11318,12102,13381,6462,6919,3346,1593,1753,
33480,13388,6418,6970,23426,11290,12136,26773,12864,13909,23424,11320,12104,13384,6463,6921,3346,1593,1753,
33485,13389,6419,6970,23429,11291,12138,26774,12865,13909,23427,11322,12105,13385,6463,6922,3347,1593,1754,
33490,13392,6420,6972,23433,11292,12141,26781,12871,13910,23431,11325,12106,13388,6463,6925,3347,1593,1754,
33495,13393,6420,6973,23436,11293,12143,26782,12871,13911,23434,11327,12107,13389,6463,6926,3348,1593,1755,
33500,13396,6422,6974,23440,11295,12145,26789,12875,13914,23438,11329,12109,13392,6464,6928,3348,1593,1755,
33505,13397,6422,6975,23443,11296,12147,26790,12875,13915,23441,11330,12111,13393,6464,6929,3349,1594,1755,
33510,13400,6423,6977,23447,11298,12149,26797,12879,13918,23445,11333,12112,13396,6466,6930,3349,1594,1755,
33515,13401,6424,6977,23450,11299,12151,26798,12879,13919,23448,11334,12114,13397,6466,6931,3350,1595,1755,
33520,13404,6427,6977,23454,11302,12152,26805,12882,13923,23452,11336,12116,13400,6467,6933,3350,1595,1755,
33525,13405,6427,6978,23457,11303,12154,26806,12882,13924,23455,11337,12118,13401,6467,6934,3351,1596,1755,
33530,13408,6429,6979,23461,11303,12158,26813,12886,13927,23459,11339,12120,13404,6469,6935,3351,1596,1755,
33535,13409,6430,6979,23464,11303,12161,26814,12886,13928,23462,11340,12122,13405,6470,6935,3352,1596,1756,
33540,13412,6430,6982,23468,11304,12164,26821,12889,13932,23466,11342,12124,13408,6470,6938,3352,1596,1756,
33545,13413,6430,6983,23471,11305,12166,26822,12889,13933,23469,11344,12125,13409,6470,6939,3353,1596,1757,
33550,13416,6432,6984,23475,11309,12166,26829,12895,13934,23473,11348,12125,13412,6473,6939,3353,1596,1757,
33555,13417,6433,6984,23478,11310,12168,26830,12896,13934,23476,11348,12128,13413,6473,6940,3354,1597,1757,
33560,13420,6435,6985,23482,11311,12171,26837,12897,13940,23480,11351,12129,13416,6474,6942,3354,1597,1757,
33565,13421,6435,6986,23485,11313,12172,26838,12898,13940,23483,11352,12131,13417,6475,6942,3355,1597,1758,
33570,13424,6437,6987,23489,11313,12176,26845,12904,13941,23487,11355,12132,13420,6478,6942,3355,1597,1758,
33575,13425,6437,6988,23492,11315,12177,26846,12905,13941,23490,11357,12133,13421,6479,6942,3356,1597,1759,
33580,13428,6440,6988,23496,11316,12180,26853,12909,13944,23494,11358,12136,13424,6481,6943,3356,1597,1759,
33585,13429,6440,6989,23499,11317,12182,26854,12910,13944,23497,11359,12138,13425,6481,6944,3357,1597,1760,
33590,13432,6441,6991,23503,11319,12184,26861,12913,13948,23501,11361,12140,13428,6482,6946,3357,1597,1760,
33595,13433,6442,6991,23506,11320,12186,26862,12913,13949,23504,11363,12141,13429,6482,6947,3358,1598,1760,
33600,13436,6443,6993,23510,11323,12187,26869,12917,13952,23508,11364,12144,13432,6484,6948,3358,1598,1760,
33605,13437,6443,6994,23513,11324,12189,26870,12918,13952,23511,11367,12144,13433,6484,6949,3359,1598,1761,
33610,13440,6445,6995,23517,11325,12192,26877,12919,13958,23515,11368,12147,13436,6485,6951,3359,1598,1761,
33615,13441,6445,6996,23520,11326,12194,26878,12919,13959,23518,11371,12147,13437,6486,6951,3360,1599,1761,
33620,13444,6447,6997,23524,11329,12195,26885,12923,13962,23522,11372,12150,13440,6487,6953,3360,1599,1761,
33625,13445,6448,6997,23527,11331,12196,26886,12924,13962,23525,11373,12152,13441,6488,6953,3361,1599,1762,
33630,13448,6449,6999,23531,11331,12200,26893,12928,13965,23529,11376,12153,13444,6490,6954,3361,1599,1762,
33635,13449,6449,7000,23534,11333,12201,26894,12928,13966,23532,11376,12156,13445,6491,6954,3362,1599,1763,
33640,13452,6449,7003,23538,11334,12204,26901,12931,13970,23536,11378,12158,13448,6492,6956,3362,1599,1763,
33645,13453,6450,7003,23541,11334,12207,26902,12932,13970,23539,11380,12159,13449,6493,6956,3363,1599,1764,
33650,13456,6450,7006,23545,11336,12209,26909,12933,13976,23543,11381,12162,13452,6494,6958,3363,1599,1764,
33655,13457,6451,7006,23548,11338,12210,26910,12933,13977,23546,11382,12164,13453,6494,6959,3364,1599,1765,
33660,13460,6453,7007,23552,11339,12213,26917,12939,13978,23550,11384,12166,13456,6495,6961,3364,1599,1765,
33665,13461,6453,7008,23555,11340,12215,26918,12939,13979,23553,11386,12167,13457,6496,6961,3365,1599,1766,
33670,13464,6456,7008,23559,11343,12216,26925,12941,13984,23557,11388,12169,13460,6497,6963,3365,1599,1766,
33675,13465,6457,7008,23562,11343,12219,26926,12942,13984,23560,11391,12169,13461,6498,6963,3366,1600,1766,
33680,13468,6458,7010,23566,11345,12221,26933,12946,13987,23564,11392,12172,13464,6499,6965,3366,1600,1766,
33685,13469,6458,7011,23569,11347,12222,26934,12947,13987,23567,11393,12174,13465,6500,6965,3367,1600,1767,
33690,13472,6459,7013,23573,11350,12223,26941,12950,13991,23571,11396,12175,13468,6501,6967,3367,1600,1767,
33695,13473,6459,7014,23576,11352,12224,26942,12951,13991,23574,11397,12177,13469,6501,6968,3368,1601,1767,
33700,13476,6459,7017,23580,11353,12227,26949,12953,13996,23578,11398,12180,13472,6503,6969,3368,1601,1767,
33705,13477,6459,7018,23583,11356,12227,26950,12953,13997,23581,11399,12182,13473,6503,6970,3369,1601,1768,
33710,13480,6460,7020,23587,11357,12230,26957,12956,14001,23585,11400,12185,13476,6503,6973,3369,1601,1768,
33715,13481,6461,7020,23590,11358,12232,26958,12956,14002,23588,11401,12187,13477,6503,6974,3370,1601,1769,
33720,13484,6462,7022,23594,11360,12234,26965,12960,14005,23592,11402,12190,13480,6505,6975,3370,1601,1769,
33725,13485,6462,7023,23597,11362,12235,26966,12960,14006,23595,11403,12192,13481,6506,6975,3371,1602,1769,
33730,13488,6464,7024,23601,11364,12237,26973,12963,14010,23599,11403,12196,13484,6508,6976,3371,1602,1769,
33735,13489,6465,7024,23604,11367,12237,26974,12963,14011,23602,11405,12197,13485,6508,6977,3372,1603,1769,
33740,13492,6467,7025,23608,11370,12238,26981,12966,14015,23606,11407,12199,13488,6511,6977,3372,1603,1769,
33745,13493,6468,7025,23611,11372,12239,26982,12967,14015,23609,11408,12201,13489,6511,6978,3373,1604,1769,
33750,13496,6470,7026,23615,11374,12241,26989,12970,14019,23613,11408,12205,13492,6512,6980,3373,1604,1769,
33755,13497,6471,7026,23618,11376,12242,26990,12970,14020,23616,11409,12207,13493,6512,6981,3374,1605,1769,
33760,13500,6473,7027,23622,11377,12245,26997,12974,14023,23620,11411,12209,13496,6512,6984,3374,1605,1769,
33765,13501,6473,7028,23625,11379,12246,26998,12975,14023,23623,11412,12211,13497,6512,6985,3375,1605,1770,
33770,13504,6474,7030,23629,11380,12249,27005,12978,14027,23627,11413,12214,13500,6512,6988,3375,1605,1770,
33775,13505,6475,7030,23632,11381,12251,27006,12979,14027,23630,11415,12215,13501,6512,6989,3376,1605,1771,
33780,13508,6477,7031,23636,11384,12252,27013,12980,14033,23634,11418,12216,13504,6515,6989,3376,1605,1771,
33785,13509,6478,7031,23639,11384,12255,27014,12981,14033,23637,11420,12217,13505,6515,6990,3377,1606,1771,
33790,13512,6479,7033,23643,11387,12256,27021,12984,14037,23641,11423,12218,13508,6516,6992,3377,1606,1771,
33795,13513,6480,7033,23646,11388,12258,27022,12985,14037,23644,11425,12219,13509,6516,6993,3378,1606,1772,
33800,13516,6483,7033,23650,11388,12262,27029,12989,14040,23648,11427,12221,13512,6518,6994,3378,1606,1772,
33805,13517,6484,7033,23653,11390,12263,27030,12989,14041,23651,11429,12222,13513,6518,6995,3379,1607,1772,
33810,13520,6485,7035,23657,11392,12265,27037,12991,14046,23655,11430,12225,13516,6520,6996,3379,1607,1772,
33815,13521,6486,7035,23660,11394,12266,27038,12992,14046,23658,11431,12227,13517,6520,6997,3380,1608,1772,
33820,13524,6487,7037,23664,11397,12267,27045,12996,14049,23662,11434,12228,13520,6522,6998,3380,1608,1772,
33825,13525,6487,7038,23667,11398,12269,27046,12996,14050,23665,11435,12230,13521,6522,6999,3381,1609,1772,
33830,13528,6488,7040,23671,11400,12271,27053,12998,14055,23669,11435,12234,13524,6523,7001,3381,1609,1772,
33835,13529,6488,7041,23674,11401,12273,27054,12999,14055,23672,11437,12235,13525,6524,7001,3382,1610,1772,
33840,13532,6491,7041,23678,11402,12276,27061,13004,14057,23676,11439,12237,13528,6525,7003,3382,1610,1772,
33845,13533,6491,7042,23681,11403,12278,27062,13004,14058,23679,11440,12239,13529,6526,7003,3383,1610,1773,
33850,13536,6493,7043,23685,11404,12281,27069,13007,14062,23683,11443,12240,13532,6528,7004,3383,1610,1773,
33855,13537,6493,7044,23688,11404,12284,27070,13008,14062,23686,11444,12242,13533,6529,7004,3384,1610,1774,
33860,13540,6494,7046,23692,11404,12288,27077,13012,14065,23690,11446,12244,13536,6531,7005,3384,1610,1774,
33865,13541,6494,7047,23695,11404,12291,27078,13012,14066,23693,11447,12246,13537,6531,7006,3385,1611,1774,
33870,13544,6495,7049,23699,11404,12295,27085,13015,14070,23697,11449,12248,13540,6532,7008,3385,1611,1774,
33875,13545,6495,7050,23702,11405,12297,27086,13015,14071,23700,11451,12249,13541,6532,7009,3386,1611,1775,
33880,13548,6496,7052,23706,11406,12300,27093,13018,14075,23704,11453,12251,13544,6533,7011,3386,1611,1775,
33885,13549,6496,7053,23709,11407,12302,27094,13018,14076,23707,11455,12252,13545,6534,7011,3387,1612,1775,
33890,13552,6497,7055,23713,11409,12304,27101,13022,14079,23711,11458,12253,13548,6536,7012,3387,1612,1775,
33895,13553,6498,7055,23716,11409,12307,27102,13022,14080,23714,11459,12255,13549,6537,7012,3388,1613,1775,
33900,13556,6500,7056,23720,11410,12310,27109,13026,14083,23718,11461,12257,13552,6537,7015,3388,1613,1775,
33905,13557,6500,7057,23723,11411,12312,27110,13027,14083,23721,11462,12259,13553,6537,7016,3389,1614,1775,
33910,13560,6502,7058,23727,11413,12314,27117,13027,14090,23725,11464,12261,13556,6538,7018,3389,1614,1775,
33915,13561,6503,7058,23730,11414,12316,27118,13027,14091,23728,11466,12262,13557,6538,7019,3390,1615,1775,
33920,13564,6504,7060,23734,11416,12318,27125,13031,14094,23732,11468,12264,13560,6540,7020,3390,1615,1775,
33925,13565,6505,7060,23737,11417,12320,27126,13031,14095,23735,11470,12265,13561,6540,7021,3391,1615,1776,
33930,13568,6507,7061,23741,11417,12324,27133,13035,14098,23739,11471,12268,13564,6543,7021,3391,1615,1776,
33935,13569,6508,7061,23744,11419,12325,27134,13036,14098,23742,11473,12269,13565,6543,7022,3392,1615,1777,
33940,13572,6510,7062,23748,11419,12329,27141,13039,14102,23746,11474,12272,13568,6545,7023,3392,1615,1777,
33945,13573,6510,7063,23751,11419,12332,27142,13039,14103,23749,11475,12274,13569,6546,7023,3393,1616,1777,
33950,13576,6511,7065,23755,11420,12335,27149,13040,14109,23753,11477,12276,13572,6549,7023,3393,1616,1777,
33955,13577,6511,7066,23758,11421,12337,27150,13040,14110,23756,11478,12278,13573,6549,7024,3394,1617,1777,
33960,13580,6513,7067,23762,11423,12339,27157,13041,14116,23760,11480,12280,13576,6551,7025,3394,1617,1777,
33965,13581,6513,7068,23765,11424,12341,27158,13042,14116,23763,11482,12281,13577,6551,7026,3395,1618,1777,
33970,13584,6514,7070,23769,11428,12341,27165,13046,14119,23767,11484,12283,13580,6553,7027,3395,1618,1777,
33975,13585,6515,7070,23772,11429,12343,27166,13047,14119,23770,11485,12285,13581,6553,7028,3396,1618,1778,
33980,13588,6518,7070,23776,11429,12347,27173,13051,14122,23774,11487,12287,13584,6554,7030,3396,1618,1778,
33985,13589,6518,7071,23779,11430,12349,27174,13051,14123,23777,11489,12288,13585,6554,7031,3397,1619,1778,
33990,13592,6519,7073,23783,11432,12351,27181,13052,14129,23781,11491,12290,13588,6554,7034,3397,1619,1778,
33995,13593,6519,7074,23786,11434,12352,27182,13052,14130,23784,11492,12292,13589,6554,7035,3398,1619,1779,
34000,13596,6521,7075,23790,11437,12353,27189,13054,14135,23788,11493,12295,13592,6556,7036,3398,1619,1779,
34005,13597,6521,7076,23793,11439,12354,27190,13055,14135,23791,11495,12296,13593,6557,7036,3399,1619,1780,
34010,13600,6523,7077,23797,11441,12356,27197,13059,14138,23795,11498,12297,13596,6559,7037,3399,1619,1780,
34015,13601,6523,7078,23800,11443,12357,27198,13059,14139,23798,11499,12299,13597,6560,7037,3400,1620,1780,
34020,13604,6526,7078,23804,11444,12360,27205,13063,14142,23802,11502,12300,13600,6562,7038,3400,1620,1780,
34025,13605,6527,7078,23807,11446,12361,27206,13063,14143,23805,11504,12301,13601,6563,7038,3401,1620,1781,
34030,13608,6529,7079,23811,11449,12362,27213,13066,14147,23809,11506,12303,13604,6566,7038,3401,1620,1781,
34035,13609,6530,7079,23814,11450,12364,27214,13066,14148,23812,11509,12303,13605,6567,7038,3402,1620,1782,
34040,13612,6531,7081,23818,11452,12366,27221,13069,14152,23816,11512,12304,13608,6570,7038,3402,1620,1782,
34045,13613,6532,7081,23821,11454,12367,27222,13069,14153,23819,11515,12304,13609,6570,7039,3403,1621,1782,
34050,13616,6535,7081,23825,11457,12368,27229,13071,14158,23823,11516,12307,13612,6571,7041,3403,1621,1782,
34055,13617,6535,7082,23828,11460,12368,27230,13072,14158,23826,11516,12310,13613,6571,7042,3404,1621,1783,
34060,13620,6537,7083,23832,11463,12369,27237,13074,14163,23830,11520,12310,13616,6574,7042,3404,1621,1783,
34065,13621,6537,7084,23835,11465,12370,27238,13074,14164,23833,11520,12313,13617,6574,7043,3405,1621,1784,
34070,13624,6538,7086,23839,11468,12371,27245,13075,14170,23837,11522,12315,13620,6575,7045,3405,1621,1784,
34075,13625,6538,7087,23842,11471,12371,27246,13075,14171,23840,11523,12317,13621,6575,7046,3406,1621,1785,
34080,13628,6539,7089,23846,11472,12374,27253,13078,14175,23844,11525,12319,13624,6578,7046,3406,1621,1785,
34085,13629,6539,7090,23849,11473,12376,27254,13078,14176,23847,11526,12321,13625,6579,7046,3407,1621,1786,
34090,13632,6541,7091,23853,11476,12377,27261,13080,14181,23851,11526,12325,13628,6582,7046,3407,1621,1786,
34095,13633,6541,7092,23856,11477,12379,27262,13081,14181,23854,11528,12326,13629,6582,7047,3408,1621,1787,
34100,13636,6543,7093,23860,11481,12379,27269,13084,14185,23858,11531,12327,13632,6583,7049,3408,1621,1787,
34105,13637,6544,7093,23863,11484,12379,27270,13085,14185,23861,11533,12328,13633,6584,7049,3409,1622,1787,
34110,13640,6547,7093,23867,11485,12382,27277,13089,14188,23865,11534,12331,13636,6585,7051,3409,1622,1787,
34115,13641,6547,7094,23870,11485,12385,27278,13089,14189,23868,11536,12332,13637,6586,7051,3410,1623,1787,
34120,13644,6548,7096,23874,11487,12387,27285,13096,14189,23872,11536,12336,13640,6587,7053,3410,1623,1787,
34125,13645,6548,7097,23877,11490,12387,27286,13096,14190,23875,11538,12337,13641,6587,7054,3411,1623,1788,
34130,13648,6550,7098,23881,11492,12389,27293,13099,14194,23879,11540,12339,13644,6587,7057,3411,1623,1788,
34135,13649,6551,7098,23884,11492,12392,27294,13099,14195,23882,11541,12341,13645,6587,7058,3412,1624,1788,
34140,13652,6551,7101,23888,11492,12396,27301,13104,14197,23886,11544,12342,13648,6588,7060,3412,1624,1788,
34145,13653,6551,7102,23891,11495,12396,27302,13105,14197,23889,11546,12343,13649,6588,7061,3413,1625,1788,
34150,13656,6551,7105,23895,11498,12397,27309,13111,14198,23893,11547,12346,13652,6590,7062,3413,1625,1788,
34155,13657,6551,7106,23898,11501,12397,27310,13111,14199,23896,11549,12347,13653,6590,7063,3414,1626,1788,
34160,13660,6553,7107,23902,11501,12401,27317,13113,14204,23900,11552,12348,13656,6592,7064,3414,1626,1788,
34165,13661,6553,7108,23905,11503,12402,27318,13114,14204,23903,11553,12350,13657,6592,7065,3415,1626,1789,
34170,13664,6555,7109,23909,11505,12404,27325,13117,14208,23907,11555,12352,13660,6592,7068,3415,1626,1789,
34175,13665,6556,7109,23912,11506,12406,27326,13118,14208,23910,11557,12353,13661,6593,7068,3416,1627,1789,
34180,13668,6557,7111,23916,11508,12408,27333,13122,14211,23914,11558,12356,13664,6594,7070,3416,1627,1789,
34185,13669,6557,7112,23919,11509,12410,27334,13122,14212,23917,11561,12356,13665,6594,7071,3417,1627,1790,
34190,13672,6558,7114,23923,11512,12411,27341,13126,14215,23921,11563,12358,13668,6597,7071,3417,1627,1790,
34195,13673,6559,7114,23926,11512,12414,27342,13127,14215,23924,11565,12359,13669,6597,7072,3418,1627,1791,
34200,13676,6560,7116,23930,11513,12417,27349,13133,14216,23928,11568,12360,13672,6600,7072,3418,1627,1791,
34205,13677,6560,7117,23933,11513,12420,27350,13134,14216,23931,11569,12362,13673,6600,7073,3419,1627,1792,
34210,13680,6563,7117,23937,11514,12423,27357,13138,14219,23935,11571,12364,13676,6602,7074,3419,1627,1792,
34215,13681,6564,7117,23940,11514,12426,27358,13138,14220,23938,11572,12366,13677,6603,7074,3420,1628,1792,
34220,13684,6566,7118,23944,11517,12427,27365,13140,14225,23942,11572,12370,13680,6603,7077,3420,1628,1792,
34225,13685,6567,7118,23947,11518,12429,27366,13140,14226,23945,11572,12373,13681,6604,7077,3421,1629,1792,
34230,13688,6569,7119,23951,11520,12431,27373,13143,14230,23949,11576,12373,13684,6605,7079,3421,1629,1792,
34235,13689,6569,7120,23954,11522,12432,27374,13143,14231,23952,11578,12374,13685,6605,7080,3422,1629,1793,
34240,13692,6570,7122,23958,11525,12433,27381,13148,14233,23956,11579,12377,13688,6606,7082,3422,1629,1793,
34245,13693,6570,7123,23961,11527,12434,27382,13149,14233,23959,11580,12379,13689,6607,7082,3423,1630,1793,
34250,13696,6572,7124,23965,11528,12437,27389,13153,14236,23963,11583,12380,13692,6610,7082,3423,1630,1793,
34255,13697,6572,7125,23968,11528,12440,27390,13154,14236,23966,11584,12382,13693,6611,7082,3424,1631,1793,
34260,13700,6574,7126,23972,11531,12441,27397,13157,14240,23970,11585,12385,13696,6612,7084,3424,1631,1793,
34265,13701,6574,7127,23975,11532,12443,27398,13158,14240,23973,11585,12388,13697,6613,7084,3425,1631,1794,
34270,13704,6576,7128,23979,11535,12444,27405,13162,14243,23977,11586,12391,13700,6613,7087,3425,1631,1794,
34275,13705,6576,7129,23982,11537,12445,27406,13162,14244,23980,11588,12392,13701,6614,7087,3426,1632,1794,
34280,13708,6578,7130,23986,11539,12447,27413,13164,14249,23984,11589,12395,13704,6614,7090,3426,1632,1794,
34285,13709,6579,7130,23989,11541,12448,27414,13165,14249,23987,11591,12396,13705,6614,7091,3427,1633,1794,
34290,13712,6581,7131,23993,11544,12449,27421,13169,14252,23991,11593,12398,13708,6614,7094,3427,1633,1794,
34295,13713,6582,7131,23996,11544,12452,27422,13169,14253,23994,11594,12400,13709,6615,7094,3428,1634,1794,
34300,13716,6585,7131,24000,11546,12454,27429,13173,14256,23998,11597,12401,13712,6617,7095,3428,1634,1794,
34305,13717,6586,7131,24003,11548,12455,27430,13173,14257,24001,11597,12404,13713,6618,7095,3429,1635,1794,
34310,13720,6586,7134,24007,11549,12458,27437,13179,14258,24005,11600,12405,13716,6619,7097,3429,1635,1794,
34315,13721,6586,7135,24010,11552,12458,27438,13179,14259,24008,11600,12408,13717,6620,7097,3430,1636,1794,
34320,13724,6586,7138,24014,11552,12462,27445,13182,14263,24012,11601,12411,13720,6621,7099,3430,1636,1794,
34325,13725,6587,7138,24017,11554,12463,27446,13182,14264,24015,11602,12413,13721,6622,7099,3431,1637,1794,
34330,13728,6587,7141,24021,11556,12465,27453,13185,14268,24019,11605,12414,13724,6623,7101,3431,1637,1794,
34335,13729,6587,7142,24024,11556,12468,27454,13185,14269,24022,11606,12416,13725,6623,7102,3432,1638,1794,
34340,13732,6589,7143,24028,11558,12470,27461,13190,14271,24026,11608,12418,13728,6624,7104,3432,1638,1794,
34345,13733,6590,7143,24031,11558,12473,27462,13190,14272,24029,11609,12420,13729,6624,7105,3433,1638,1795,
34350,13736,6592,7144,24035,11561,12474,27469,13194,14275,24033,11610,12423,13732,6624,7108,3433,1638,1795,
34355,13737,6592,7145,24038,11562,12476,27470,13195,14275,24036,11610,12426,13733,6625,7108,3434,1639,1795,
34360,13740,6593,7147,24042,11562,12480,27477,13197,14280,24040,11611,12429,13736,6626,7110,3434,1639,1795,
34365,13741,6593,7148,24045,11564,12481,27478,13198,14280,24043,11612,12431,13737,6626,7111,3435,1640,1795,
34370,13744,6593,7151,24049,11564,12485,27485,13200,14285,24047,11615,12432,13740,6628,7112,3435,1640,1795,
34375,13745,6593,7152,24052,11565,12487,27486,13200,14286,24050,11616,12434,13741,6629,7112,3436,1640,1796,
34380,13748,6594,7154,24056,11568,12488,27493,13203,14290,24054,11619,12435,13744,6631,7113,3436,1640,1796,
34385,13749,6594,7155,24059,11571,12488,27494,13203,14291,24057,11620,12437,13745,6632,7113,3437,1640,1797,
34390,13752,6595,7157,24063,11571,12492,27501,13206,14295,24061,11622,12439,13748,6634,7114,3437,1640,1797,
34395,13753,6596,7157,24066,11572,12494,27502,13207,14295,24064,11623,12441,13749,6634,7115,3438,1641,1797,
34400,13756,6597,7159,24070,11575,12495,27509,13211,14298,24068,11625,12443,13752,6635,7117,3438,1641,1797,
34405,13757,6597,7160,24073,11576,12497,27510,13212,14298,24071,11628,12443,13753,6636,7117,3439,1641,1798,
34410,13760,6597,7163,24077,11576,12501,27517,13214,14303,24075,11631,12444,13756,6637,7119,3439,1641,1798,
34415,13761,6598,7163,24080,11578,12502,27518,13215,14303,24078,11632,12446,13757,6637,7120,3440,1642,1798,
34420,13764,6599,7165,24084,11579,12505,27525,13219,14306,24082,11636,12446,13760,6639,7121,3440,1642,1798,
34425,13765,6600,7165,24087,11579,12508,27526,13219,14307,24085,11637,12448,13761,6640,7121,3441,1642,1799,
34430,13768,6601,7167,24091,11580,12511,27533,13222,14311,24089,11640,12449,13764,6642,7122,3441,1642,1799,
34435,13769,6602,7167,24094,11581,12513,27534,13223,14311,24092,11641,12451,13765,6642,7123,3442,1643,1799,
34440,13772,6603,7169,24098,11582,12516,27541,13226,14315,24096,11643,12453,13768,6644,7124,3442,1643,1799,
34445,13773,6604,7169,24101,11584,12517,27542,13227,14315,24099,11645,12454,13769,6644,7125,3443,1644,1799,
34450,13776,6606,7170,24105,11584,12521,27549,13231,14318,24103,11645,12458,13772,6645,7127,3443,1644,1799,
34455,13777,6606,7171,24108,11585,12523,27550,13232,14318,24106,11646,12460,13773,6645,7128,3444,1644,1800,
34460,13780,6608,7172,24112,11587,12525,27557,13233,14324,24110,11647,12463,13776,6645,7131,3444,1644,1800,
34465,13781,6609,7172,24115,11587,12528,27558,13234,14324,24113,11649,12464,13777,6646,7131,3445,1644,1801,
34470,13784,6611,7173,24119,11588,12531,27565,13238,14327,24117,11653,12464,13780,6647,7133,3445,1644,1801,
34475,13785,6611,7174,24122,11589,12533,27566,13239,14327,24120,11653,12467,13781,6648,7133,3446,1644,1802,
34480,13788,6614,7174,24126,11592,12534,27573,13242,14331,24124,11655,12469,13784,6649,7135,3446,1644,1802,
34485,13789,6615,7174,24129,11593,12536,27574,13242,14332,24127,11656,12471,13785,6649,7136,3447,1645,1802,
34490,13792,6617,7175,24133,11597,12536,27581,13245,14336,24131,11658,12473,13788,6650,7138,3447,1645,1802,
34495,13793,6618,7175,24136,11597,12539,27582,13245,14337,24134,11658,12476,13789,6650,7139,3448,1646,1802,
34500,13796,6619,7177,24140,11599,12541,27589,13248,14341,24138,11659,12479,13792,6651,7141,3448,1646,1802,
34505,13797,6620,7177,24143,11601,12542,27590,13249,14341,24141,11661,12480,13793,6651,7142,3449,1647,1802,
34510,13800,6623,7177,24147,11605,12542,27597,13254,14343,24145,11663,12482,13796,6652,7144,3449,1647,1802,
34515,13801,6623,7178,24150,11605,12545,27598,13254,14344,24148,11665,12483,13797,6652,7145,3450,1648,1802,
34520,13804,6625,7179,24154,11607,12547,27605,13257,14348,24152,11666,12486,13800,6655,7145,3450,1648,1802,
34525,13805,6626,7179,24157,11610,12547,27606,13258,14348,24155,11669,12486,13801,6655,7146,3451,1648,1803,
34530,13808,6628,7180,24161,11612,12549,27613,13259,14354,24159,11670,12489,13804,6656,7148,3451,1648,1803,
34535,13809,6628,7181,24164,11613,12551,27614,13259,14355,24162,11671,12491,13805,6657,7148,3452,1649,1803,
34540,13812,6630,7182,24168,11615,12553,27621,13262,14359,24166,11675,12491,13808,6658,7150,3452,1649,1803,
34545,13813,6631,7182,24171,11617,12554,27622,13263,14359,24169,11677,12492,13809,6659,7150,3453,1650,1803,
34550,13816,6632,7184,24175,11618,12557,27629,13266,14363,24173,11679,12494,13812,6661,7151,3453,1650,1803,
34555,13817,6632,7185,24178,11620,12558,27630,13266,14364,24176,11681,12495,13813,6662,7151,3454,1651,1803,
34560,13820,6634,7186,24182,11622,12560,27637,13268,14369,24180,11685,12495,13816,6664,7152,3454,1651,1803,
34565,13821,6635,7186,24185,11625,12560,27638,13268,14370,24183,11686,12497,13817,6664,7153,3455,1651,1804,
34570,13824,6636,7188,24189,11629,12560,27645,13271,14374,24187,11686,12501,13820,6666,7154,3455,1651,1804,
34575,13825,6636,7189,24192,11632,12560,27646,13271,14375,24190,11687,12503,13821,6667,7154,3456,1652,1804,
34580,13828,6638,7190,24196,11633,12563,27653,13275,14378,24194,11688,12506,13824,6668,7156,3456,1652,1804,
34585,13829,6639,7190,24199,11636,12563,27654,13275,14379,24197,11688,12509,13825,6669,7156,3457,1653,1804,
34590,13832,6640,7192,24203,11640,12563,27661,13281,14380,24201,11690,12511,13828,6669,7159,3457,1653,1804,
34595,13833,6640,7193,24206,11642,12564,27662,13282,14380,24204,11691,12513,13829,6669,7160,3458,1653,1805,
34600,13836,6642,7194,24210,11645,12565,27669,13286,14383,24208,11693,12515,13832,6670,7162,3458,1653,1805,
34605,13837,6643,7194,24213,11646,12567,27670,13286,14384,24211,11695,12516,13833,6671,7162,3459,1654,1805,
34610,13840,6644,7196,24217,11647,12570,27677,13289,14388,24215,11698,12517,13836,6672,7164,3459,1654,1805,
34615,13841,6645,7196,24220,11648,12572,27678,13290,14388,24218,11698,12520,13837,6672,7165,3460,1655,1805,
34620,13844,6646,7198,24224,11651,12573,27685,13292,14393,24222,11701,12521,13840,6675,7165,3460,1655,1805,
34625,13845,6647,7198,24227,11652,12575,27686,13292,14394,24225,11701,12524,13841,6675,7166,3461,1655,1806,
34630,13848,6648,7200,24231,11652,12579,27693,13297,14396,24229,11704,12525,13844,6677,7167,3461,1655,1806,
34635,13849,6648,7201,24234,11652,12582,27694,13297,14397,24232,11705,12527,13845,6677,7168,3462,1655,1807,
34640,13852,6649,7203,24238,11655,12583,27701,13300,14401,24236,11707,12529,13848,6679,7169,3462,1655,1807,
34645,13853,6649,7204,24241,11656,12585,27702,13301,14401,24239,11708,12531,13849,6680,7169,3463,1656,1807,
34650,13856,6652,7204,24245,11658,12587,27709,13304,14405,24243,11709,12534,13852,6682,7170,3463,1656,1807,
34655,13857,6652,7205,24248,11661,12587,27710,13305,14405,24246,11711,12535,13853,6682,7171,3464,1656,1808,
34660,13860,6654,7206,24252,11665,12587,27717,13310,14407,24250,11713,12537,13856,6684,7172,3464,1656,1808,
34665,13861,6655,7206,24255,11667,12588,27718,13311,14407,24253,11714,12539,13857,6685,7172,3465,1657,1808,
34670,13864,6656,7208,24259,11669,12590,27725,13314,14411,24257,11715,12542,13860,6686,7174,3465,1657,1808,
34675,13865,6657,7208,24262,11671,12591,27726,13314,14412,24260,11716,12544,13861,6687,7174,3466,1658,1808,
34680,13868,6657,7211,24266,11673,12593,27733,13318,14415,24264,11718,12546,13864,6687,7177,3466,1658,1808,
34685,13869,6657,7212,24269,11674,12595,27734,13318,14416,24267,11719,12548,13865,6688,7177,3467,1659,1808,
34690,13872,6659,7213,24273,11677,12596,27741,13319,14422,24271,11719,12552,13868,6688,7180,3467,1659,1808,
34695,13873,6659,7214,24276,11678,12598,27742,13319,14423,24274,11721,12553,13869,6688,7181,3468,1659,1809,
34700,13876,6660,7216,24280,11678,12602,27749,13321,14428,24278,11725,12553,13872,6688,7184,3468,1659,1809,
34705,13877,6661,7216,24283,11680,12603,27750,13321,14429,24281,11726,12555,13873,6688,7185,3469,1660,1809,
34710,13880,6662,7218,24287,11682,12605,27757,13326,14431,24285,11727,12558,13876,6690,7186,3469,1660,1809,
34715,13881,6662,7219,24290,11684,12606,27758,13327,14431,24288,11728,12560,13877,6690,7187,3470,1661,1809,
34720,13884,6663,7221,24294,11688,12606,27765,13332,14433,24292,11731,12561,13880,6691,7189,3470,1661,1809,
34725,13885,6664,7221,24297,11690,12607,27766,13333,14433,24295,11732,12563,13881,6692,7189,3471,1662,1809,
34730,13888,6666,7222,24301,11691,12610,27773,13335,14438,24299,11734,12565,13884,6694,7190,3471,1662,1809,
34735,13889,6666,7223,24304,11692,12612,27774,13335,14439,24302,11735,12567,13885,6694,7191,3472,1663,1809,
34740,13892,6668,7224,24308,11695,12613,27781,13340,14441,24306,11736,12570,13888,6695,7193,3472,1663,1809,
34745,13893,6668,7225,24311,11695,12616,27782,13340,14442,24309,11739,12570,13889,6695,7194,3473,1663,1810,
34750,13896,6670,7226,24315,11697,12618,27789,13343,14446,24313,11741,12572,13892,6698,7194,3473,1663,1810,
34755,13897,6670,7227,24318,11698,12620,27790,13344,14446,24316,11743,12573,13893,6698,7195,3474,1663,1811,
34760,13900,6672,7228,24322,11699,12623,27797,13347,14450,24320,11744,12576,13896,6699,7197,3474,1663,1811,
34765,13901,6672,7229,24325,11700,12625,27798,13347,14451,24323,11744,12579,13897,6700,7197,3475,1664,1811,
34770,13904,6675,7229,24329,11702,12627,27805,13351,14454,24327,11746,12581,13900,6702,7198,3475,1664,1811,
34775,13905,6675,7230,24332,11704,12628,27806,13351,14455,24330,11748,12582,13901,6702,7199,3476,1665,1811,
34780,13908,6676,7232,24336,11707,12629,27813,13352,14461,24334,11750,12584,13904,6702,7202,3476,1665,1811,
34785,13909,6677,7232,24339,11708,12631,27814,13353,14461,24337,11751,12586,13905,6702,7203,3477,1665,1812,
34790,13912,6679,7233,24343,11710,12633,27821,13354,14467,24341,11755,12586,13908,6703,7205,3477,1665,1812,
34795,13913,6679,7234,24346,11712,12634,27822,13354,14468,24344,11756,12588,13909,6704,7205,3478,1665,1813,
34800,13916,6682,7234,24350,11714,12636,27829,13361,14468,24348,11757,12591,13912,6704,7208,3478,1665,1813,
34805,13917,6682,7235,24353,11715,12638,27830,13361,14469,24351,11759,12592,13913,6704,7209,3479,1665,1814,
34810,13920,6683,7237,24357,11717,12640,27837,13364,14473,24355,11761,12594,13916,6705,7211,3479,1665,1814,
34815,13921,6683,7238,24360,11718,12642,27838,13364,14474,24358,11762,12596,13917,6706,7211,3480,1666,1814,
34820,13924,6684,7240,24364,11721,12643,27845,13367,14478,24362,11763,12599,13920,6706,7214,3480,1666,1814,
34825,13925,6684,7241,24367,11723,12644,27846,13368,14478,24365,11765,12600,13921,6707,7214,3481,1666,1815,
34830,13928,6685,7243,24371,11726,12645,27853,13371,14482,24369,11767,12602,13924,6708,7216,3481,1666,1815,
34835,13929,6685,7244,24374,11726,12648,27854,13372,14482,24372,11769,12603,13925,6708,7217,3482,1667,1815,
34840,13932,6686,7246,24378,11728,12650,27861,13375,14486,24376,11773,12603,13928,6710,7218,3482,1667,1815,
34845,13933,6686,7247,24381,11728,12653,27862,13375,14487,24379,11776,12603,13929,6711,7218,3483,1668,1815,
34850,13936,6686,7250,24385,11730,12655,27869,13381,14488,24383,11778,12605,13932,6712,7220,3483,1668,1815,
34855,13937,6686,7251,24388,11731,12657,27870,13381,14489,24386,11779,12607,13933,6712,7221,3484,1668,1816,
34860,13940,6687,7253,24392,11733,12659,27877,13384,14493,24390,11781,12609,13936,6715,7221,3484,1668,1816,
34865,13941,6687,7254,24395,11734,12661,27878,13385,14493,24393,11781,12612,13937,6715,7222,3485,1668,1817,
34870,13944,6688,7256,24399,11737,12662,27885,13388,14497,24397,11782,12615,13940,6716,7224,3485,1668,1817,
34875,13945,6688,7257,24402,11738,12664,27886,13388,14498,24400,11783,12617,13941,6717,7224,3486,1669,1817,
34880,13948,6688,7260,24406,11740,12666,27893,13392,14501,24404,11785,12619,13944,6718,7226,3486,1669,1817,
34885,13949,6688,7261,24409,11741,12668,27894,13392,14502,24407,11786,12621,13945,6718,7227,3487,1669,1818,
34890,13952,6689,7263,24413,11742,12671,27901,13397,14504,24411,11786,12625,13948,6719,7229,3487,1669,1818,
34895,13953,6689,7264,24416,11743,12673,27902,13398,14504,24414,11788,12626,13949,6720,7229,3488,1669,1819,
34900,13956,6691,7265,24420,11745,12675,27909,13402,14507,24418,11790,12628,13952,6722,7230,3488,1669,1819,
34905,13957,6691,7266,24423,11747,12676,27910,13403,14507,24421,11790,12631,13953,6722,7231,3489,1669,1820,
34910,13960,6692,7268,24427,11749,12678,27917,13406,14511,24425,11792,12633,13956,6725,7231,3489,1669,1820,
34915,13961,6692,7269,24430,11751,12679,27918,13406,14512,24428,11792,12636,13957,6725,7232,3490,1670,1820,
34920,13964,6695,7269,24434,11752,12682,27925,13411,14514,24432,11794,12638,13960,6727,7233,3490,1670,1820,
34925,13965,6696,7269,24437,11752,12685,27926,13412,14514,24435,11797,12638,13961,6728,7233,3491,1670,1821,
34930,13968,6698,7270,24441,11755,12686,27933,13416,14517,24439,11800,12639,13964,6731,7233,3491,1670,1821,
34935,13969,6698,7271,24444,11757,12687,27934,13416,14518,24442,11802,12640,13965,6731,7234,3492,1671,1821,
34940,13972,6699,7273,24448,11759,12689,27941,13421,14520,24446,11805,12641,13968,6733,7235,3492,1671,1821,
34945,13973,6699,7274,24451,11761,12690,27942,13421,14521,24449,11807,12642,13969,6733,7236,3493,1672,1821,
34950,13976,6700,7276,24455,11763,12692,27949,13423,14526,24453,11808,12645,13972,6734,7238,3493,1672,1821,
34955,13977,6700,7277,24458,11765,12693,27950,13424,14526,24456,11810,12646,13973,6734,7239,3494,1672,1822,
34960,13980,6701,7279,24462,11767,12695,27957,13428,14529,24460,11811,12649,13976,6736,7240,3494,1672,1822,
34965,13981,6702,7279,24465,11768,12697,27958,13429,14529,24463,11813,12650,13977,6736,7241,3495,1672,1823,
34970,13984,6703,7281,24469,11769,12700,27965,13432,14533,24467,11815,12652,13980,6737,7243,3495,1672,1823,
34975,13985,6703,7282,24472,11770,12702,27966,13433,14533,24470,11816,12654,13981,6737,7244,3496,1673,1823,
34980,13988,6703,7285,24476,11772,12704,27973,13436,14537,24474,11819,12655,13984,6738,7246,3496,1673,1823,
34985,13989,6703,7286,24479,11774,12705,27974,13436,14538,24477,11821,12656,13985,6738,7247,3497,1673,1824,
34990,13992,6705,7287,24483,11775,12708,27981,13439,14542,24481,11823,12658,13988,6740,7248,3497,1673,1824,
34995,13993,6706,7287,24486,11775,12711,27982,13440,14542,24484,11824,12660,13989,6740,7249,3498,1674,1824,
35000,13996,6707,7289,24490,11777,12713,27989,13443,14546,24488,11824,12664,13992,6742,7250,3498,1674,1824,
35005,13997,6708,7289,24493,11779,12714,27990,13444,14546,24491,11825,12666,13993,6743,7250,3499,1675,1824,
35010,14000,6710,7290,24497,11783,12714,27997,13448,14549,24495,11826,12669,13996,6745,7251,3499,1675,1824,
35015,14001,6711,7290,24500,11785,12715,27998,13449,14549,24498,11828,12670,13997,6745,7252,3500,1675,1825,
35020,14004,6713,7291,24504,11787,12717,28005,13452,14553,24502,11829,12673,14000,6747,7253,3500,1675,1825,
35025,14005,6714,7291,24507,11789,12718,28006,13452,14554,24505,11829,12676,14001,6747,7254,3501,1675,1826,
35030,14008,6714,7294,24511,11790,12721,28013,13453,14560,24509,11831,12678,14004,6748,7256,3501,1675,1826,
35035,14009,6714,7295,24514,11792,12722,28014,13453,14561,24512,11832,12680,14005,6748,7257,3502,1675,1827,
35040,14012,6715,7297,24518,11796,12722,28021,13457,14564,24516,11835,12681,14008,6749,7259,3502,1675,1827,
35045,14013,6716,7297,24521,11796,12725,28022,13458,14564,24519,11838,12681,14009,6750,7259,3503,1676,1827,
35050,14016,6716,7300,24525,11798,12727,28029,13461,14568,24523,11840,12683,14012,6750,7262,3503,1676,1827,
35055,14017,6717,7300,24528,11801,12727,28030,13462,14568,24526,11841,12685,14013,6751,7262,3504,1677,1827,
35060,14020,6720,7300,24532,11802,12730,28037,13465,14572,24530,11843,12687,14016,6751,7265,3504,1677,1827,
35065,14021,6720,7301,24535,11805,12730,28038,13465,14573,24533,11845,12688,14017,6751,7266,3505,1678,1827,
35070,14024,6721,7303,24539,11808,12731,28045,13468,14577,24537,11848,12689,14020,6752,7268,3505,1678,1827,
35075,14025,6721,7304,24542,11810,12732,28046,13468,14578,24540,11849,12691,14021,6753,7268,3506,1678,1828,
35080,14028,6723,7305,24546,11813,12733,28053,13472,14581,24544,11852,12692,14024,6754,7270,3506,1678,1828,
35085,14029,6723,7306,24549,11813,12736,28054,13473,14581,24547,11853,12694,14025,6755,7270,3507,1679,1828,
35090,14032,6725,7307,24553,11816,12737,28061,13474,14587,24551,11856,12695,14028,6757,7271,3507,1679,1828,
35095,14033,6726,7307,24556,11818,12738,28062,13475,14587,24554,11858,12696,14029,6757,7272,3508,1680,1828,
35100,14036,6728,7308,24560,11819,12741,28069,13478,14591,24558,11860,12698,14032,6759,7273,3508,1680,1828,
35105,14037,6729,7308,24563,11821,12742,28070,13478,14592,24561,11862,12699,14033,6759,7274,3509,1681,1828,
35110,14040,6730,7310,24567,11823,12744,28077,13483,14594,24565,11864,12701,14036,6761,7275,3509,1681,1828,
35115,14041,6730,7311,24570,11825,12745,28078,13484,14594,24568,11865,12703,14037,6761,7276,3510,1681,1829,
35120,14044,6731,7313,24574,11826,12748,28085,13490,14595,24572,11869,12703,14040,6763,7277,3510,1681,1829,
35125,14045,6732,7313,24577,11827,12750,28086,13491,14595,24575,11870,12705,14041,6763,7278,3511,1682,1829,
35130,14048,6733,7315,24581,11829,12752,28093,13494,14599,24579,11873,12706,14044,6766,7278,3511,1682,1829,
35135,14049,6734,7315,24584,11830,12754,28094,13495,14599,24582,11875,12707,14045,6766,7279,3512,1682,1830,
35140,14052,6735,7317,24588,11832,12756,28101,13499,14602,24586,11877,12709,14048,6768,7280,3512,1682,1830,
35145,14053,6736,7317,24591,11834,12757,28102,13499,14603,24589,11878,12711,14049,6768,7281,3513,1682,1831,
35150,14056,6737,7319,24595,11836,12759,28109,13504,14605,24593,11879,12714,14052,6770,7282,3513,1682,1831,
35155,14057,6737,7320,24598,11837,12761,28110,13505,14605,24596,11880,12716,14053,6770,7283,3514,1683,1831,
35160,14060,6737,7323,24602,11839,12763,28117,13509,14608,24600,11882,12718,14056,6770,7286,3514,1683,1831,
35165,14061,6737,7324,24605,11842,12763,28118,13510,14608,24603,11882,12721,14057,6771,7286,3515,1684,1831,
35170,14064,6739,7325,24609,11843,12766,28125,13512,14613,24607,11884,12723,14060,6772,7288,3515,1684,1831,
35175,14065,6740,7325,24612,11845,12767,28126,13512,14614,24610,11884,12726,14061,6772,7289,3516,1685,1831,
35180,14068,6742,7326,24616,11848,12768,28133,13516,14617,24614,11884,12730,14064,6773,7291,3516,1685,1831,
35185,14069,6742,7327,24619,11848,12771,28134,13516,14618,24617,11884,12733,14065,6773,7292,3517,1685,1832,
35190,14072,6745,7327,24623,11851,12772,28141,13519,14622,24621,11887,12734,14068,6774,7294,3517,1685,1832,
35195,14073,6745,7328,24626,11854,12772,28142,13520,14622,24624,11887,12737,14069,6774,7295,3518,1685,1833,
35200,14076,6745,7331,24630,11856,12774,28149,13523,14626,24628,11888,12740,14072,6775,7297,3518,1685,1833,
35205,14077,6745,7332,24633,11857,12776,28150,13524,14626,24631,11889,12742,14073,6776,7297,3519,1686,1833,
35210,14080,6745,7335,24637,11858,12779,28157,13528,14629,24635,11893,12742,14076,6777,7299,3519,1686,1833,
35215,14081,6746,7335,24640,11859,12781,28158,13528,14630,24638,11895,12743,14077,6778,7299,3520,1687,1833,
35220,14084,6747,7337,24644,11863,12781,28165,13530,14635,24642,11896,12746,14080,6780,7300,3520,1687,1833,
35225,14085,6748,7337,24647,11864,12783,28166,13531,14635,24645,11897,12748,14081,6780,7301,3521,1688,1833,
35230,14088,6749,7339,24651,11867,12784,28173,13537,14636,24649,11898,12751,14084,6781,7303,3521,1688,1833,
35235,14089,6750,7339,24654,11869,12785,28174,13537,14637,24652,11901,12751,14085,6781,7304,3522,1688,1834,
35240,14092,6750,7342,24658,11870,12788,28181,13543,14638,24656,11905,12751,14088,6782,7306,3522,1688,1834,
35245,14093,6751,7342,24661,11871,12790,28182,13544,14638,24659,11907,12752,14089,6782,7307,3523,1689,1834,
35250,14096,6751,7345,24665,11875,12790,28189,13547,14642,24663,11909,12754,14092,6783,7309,3523,1689,1834,
35255,14097,6752,7345,24668,11877,12791,28190,13547,14643,24666,11910,12756,14093,6784,7309,3524,1689,1835,
35260,14100,6754,7346,24672,11878,12794,28197,13550,14647,24670,11910,12760,14096,6786,7310,3524,1689,1835,
35265,14101,6754,7347,24675,11879,12796,28198,13551,14647,24673,11912,12761,14097,6786,7311,3525,1689,1836,
35270,14104,6755,7349,24679,11882,12797,28205,13552,14653,24677,11914,12763,14100,6788,7312,3525,1689,1836,
35275,14105,6755,7350,24682,11884,12798,28206,13552,14654,24680,11917,12763,14101,6788,7313,3526,1690,1836,
35280,14108,6757,7351,24686,11886,12800,28213,13554,14659,24684,11918,12766,14104,6788,7316,3526,1690,1836,
35285,14109,6757,7352,24689,11887,12802,28214,13554,14660,24687,11918,12769,14105,6788,7317,3527,1691,1836,
35290,14112,6758,7354,24693,11888,12805,28221,13555,14666,24691,11920,12771,14108,6789,7319,3527,1691,1836,
35295,14113,6758,7355,24696,11890,12806,28222,13555,14667,24694,11922,12772,14109,6790,7319,3528,1691,1837,
35300,14116,6758,7358,24700,11893,12807,28229,13559,14670,24698,11924,12774,14112,6792,7320,3528,1691,1837,
35305,14117,6759,7358,24703,11895,12808,28230,13559,14671,24701,11925,12776,14113,6792,7321,3529,1691,1838,
35310,14120,6761,7359,24707,11896,12811,28237,13562,14675,24705,11926,12779,14116,6794,7322,3529,1691,1838,
35315,14121,6762,7359,24710,11898,12812,28238,13562,14676,24708,11928,12780,14117,6794,7323,3530,1692,1838,
35320,14124,6763,7361,24714,11900,12814,28245,13564,14681,24712,11931,12781,14120,6795,7325,3530,1692,1838,
35325,14125,6763,7362,24717,11902,12815,28246,13564,14682,24715,11932,12783,14121,6795,7326,3531,1692,1839,
35330,14128,6764,7364,24721,11904,12817,28253,13567,14686,24719,11933,12786,14124,6797,7327,3531,1692,1839,
35335,14129,6764,7365,24724,11906,12818,28254,13567,14687,24722,11933,12789,14125,6797,7328,3532,1693,1839,
35340,14132,6765,7367,24728,11908,12820,28261,13573,14688,24726,11934,12792,14128,6797,7331,3532,1693,1839,
35345,14133,6766,7367,24731,11910,12821,28262,13574,14688,24729,11935,12794,14129,6798,7331,3533,1694,1839,
35350,14136,6767,7369,24735,11914,12821,28269,13578,14691,24733,11936,12797,14132,6800,7332,3533,1694,1839,
35355,14137,6768,7369,24738,11914,12824,28270,13578,14692,24736,11936,12800,14133,6801,7332,3534,1694,1840,
35360,14140,6770,7370,24742,11916,12826,28277,13582,14695,24740,11938,12802,14136,6803,7333,3534,1694,1840,
35365,14141,6770,7371,24745,11919,12826,28278,13583,14695,24743,11940,12803,14137,6804,7333,3535,1695,1840,
35370,14144,6771,7373,24749,11923,12826,28285,13589,14696,24747,11941,12806,14140,6806,7334,3535,1695,1840,
35375,14145,6771,7374,24752,11924,12828,28286,13590,14696,24750,11942,12808,14141,6806,7335,3536,1696,1840,
35380,14148,6773,7375,24756,11926,12830,28293,13592,14701,24754,11943,12811,14144,6807,7337,3536,1696,1840,
35385,14149,6773,7376,24759,11926,12833,28294,13592,14702,24757,11945,12812,14145,6807,7338,3537,1697,1840,
35390,14152,6775,7377,24763,11929,12834,28301,13597,14704,24761,11948,12813,14148,6810,7338,3537,1697,1840,
35395,14153,6776,7377,24766,11929,12837,28302,13597,14705,24764,11949,12815,14149,6811,7338,3538,1697,1841,
35400,14156,6778,7378,24770,11930,12840,28309,13600,14709,24768,11951,12817,14152,6813,7339,3538,1697,1841,
35405,14157,6778,7379,24773,11931,12842,28310,13601,14709,24771,11954,12817,14153,6814,7339,3539,1697,1842,
35410,14160,6778,7382,24777,11932,12845,28317,13604,14713,24775,11954,12821,14156,6817,7339,3539,1697,1842,
35415,14161,6779,7382,24780,11933,12847,28318,13605,14713,24778,11954,12824,14157,6818,7339,3540,1698,1842,
35420,14164,6780,7384,24784,11933,12851,28325,13609,14716,24782,11958,12824,14160,6819,7341,3540,1698,1842,
35425,14165,6781,7384,24787,11934,12853,28326,13610,14716,24785,11960,12825,14161,6820,7341,3541,1698,1843,
35430,14168,6784,7384,24791,11937,12854,28333,13615,14718,24789,11963,12826,14164,6823,7341,3541,1698,1843,
35435,14169,6785,7384,24794,11939,12855,28334,13616,14718,24792,11965,12827,14165,6823,7342,3542,1698,1844,
35440,14172,6788,7384,24798,11942,12856,28341,13620,14721,24796,11968,12828,14168,6824,7344,3542,1698,1844,
35445,14173,6789,7384,24801,11944,12857,28342,13621,14721,24799,11971,12828,14169,6825,7344,3543,1698,1845,
35450,14176,6791,7385,24805,11948,12857,28349,13624,14725,24803,11971,12832,14172,6827,7345,3543,1698,1845,
35455,14177,6791,7386,24808,11949,12859,28350,13625,14725,24806,11972,12834,14173,6828,7345,3544,1698,1846,
35460,14180,6794,7386,24812,11953,12859,28357,13629,14728,24810,11974,12836,14176,6829,7347,3544,1698,1846,
35465,14181,6794,7387,24815,11953,12862,28358,13630,14728,24813,11976,12837,14177,6830,7347,3545,1698,1847,
35470,14184,6795,7389,24819,11954,12865,28365,13631,14734,24817,11976,12841,14180,6831,7349,3545,1698,1847,
35475,14185,6795,7390,24822,11955,12867,28366,13632,14734,24820,11978,12842,14181,6831,7350,3546,1699,1847,
35480,14188,6797,7391,24826,11956,12870,28373,13635,14738,24824,11981,12843,14184,6833,7351,3546,1699,1847,
35485,14189,6798,7391,24829,11957,12872,28374,13636,14738,24827,11983,12844,14185,6833,7352,3547,1699,1848,
35490,14192,6799,7393,24833,11960,12873,28381,13639,14742,24831,11984,12847,14188,6834,7354,3547,1699,1848,
35495,14193,6800,7393,24836,11963,12873,28382,13639,14743,24834,11985,12849,14189,6835,7354,3548,1700,1848,
35500,14196,6802,7394,24840,11965,12875,28389,13644,14745,24838,11989,12849,14192,6836,7356,3548,1700,1848,
35505,14197,6803,7394,24843,11966,12877,28390,13645,14745,24841,11991,12850,14193,6837,7356,3549,1701,1848,
35510,14200,6805,7395,24847,11968,12879,28397,13648,14749,24845,11995,12850,14196,6838,7358,3549,1701,1848,
35515,14201,6806,7395,24850,11969,12881,28398,13649,14749,24848,11995,12853,14197,6839,7358,3550,1701,1849,
35520,14204,6808,7396,24854,11970,12884,28405,13652,14753,24852,11997,12855,14200,6839,7361,3550,1701,1849,
35525,14205,6808,7397,24857,11970,12887,28406,13653,14753,24855,11998,12857,14201,6839,7362,3551,1702,1849,
35530,14208,6809,7399,24861,11973,12888,28413,13658,14755,24859,12000,12859,14204,6839,7365,3551,1702,1849,
35535,14209,6809,7400,24864,11974,12890,28414,13659,14755,24862,12001,12861,14205,6840,7365,3552,1702,1850,
35540,14212,6810,7402,24868,11978,12890,28421,13665,14756,24866,12005,12861,14208,6843,7365,3552,1702,1850,
35545,14213,6810,7403,24871,11979,12892,28422,13665,14757,24869,12007,12862,14209,6844,7365,3553,1702,1851,
35550,14216,6811,7405,24875,11982,12893,28429,13667,14762,24873,12008,12865,14212,6846,7366,3553,1702,1851,
35555,14217,6811,7406,24878,11983,12895,28430,13668,14762,24876,12009,12867,14213,6847,7366,3554,1703,1851,
35560,14220,6811,7409,24882,11986,12896,28437,13672,14765,24880,12012,12868,14216,6850,7366,3554,1703,1851,
35565,14221,6811,7410,24885,11987,12898,28438,13672,14766,24883,12013,12870,14217,6851,7366,3555,1704,1851,
35570,14224,6812,7412,24889,11988,12901,28445,13676,14769,24887,12015,12872,14220,6853,7367,3555,1704,1851,
35575,14225,6813,7412,24892,11990,12902,28446,13677,14769,24890,12016,12874,14221,6854,7367,3556,1704,1852,
35580,14228,6816,7412,24896,11993,12903,28453,13683,14770,24894,12017,12877,14224,6856,7368,3556,1704,1852,
35585,14229,6816,7413,24899,11994,12905,28454,13684,14770,24897,12019,12878,14225,6856,7369,3557,1704,1853,
35590,14232,6818,7414,24903,11996,12907,28461,13686,14775,24901,12020,12881,14228,6857,7371,3557,1704,1853,
35595,14233,6819,7414,24906,11998,12908,28462,13686,14776,24904,12022,12882,14229,6857,7372,3558,1704,1854,
35600,14236,6820,7416,24910,11999,12911,28469,13692,14777,24908,12026,12882,14232,6860,7372,3558,1704,1854,
35605,14237,6820,7417,24913,12000,12913,28470,13693,14777,24911,12028,12883,14233,6861,7372,3559,1704,1855,
35610,14240,6821,7419,24917,12003,12914,28477,13698,14779,24915,12031,12884,14236,6863,7373,3559,1704,1855,
35615,14241,6822,7419,24920,12006,12914,28478,13698,14780,24918,12032,12886,14237,6863,7374,3560,1704,1856,
35620,14244,6823,7421,24924,12008,12916,28485,13701,14784,24922,12036,12886,14240,6864,7376,3560,1704,1856,
35625,14245,6824,7421,24927,12010,12917,28486,13702,14784,24925,12038,12887,14241,6865,7376,3561,1705,1856,
35630,14248,6825,7423,24931,12012,12919,28493,13705,14788,24929,12039,12890,14244,6868,7376,3561,1705,1856,
35635,14249,6826,7423,24934,12014,12920,28494,13706,14788,24932,12040,12892,14245,6869,7376,3562,1705,1857,
35640,14252,6828,7424,24938,12016,12922,28501,13712,14789,24936,12042,12894,14248,6871,7377,3562,1705,1857,
35645,14253,6828,7425,24941,12018,12923,28502,13713,14789,24939,12043,12896,14249,6871,7378,3563,1705,1858,
35650,14256,6829,7427,24945,12021,12924,28509,13718,14791,24943,12046,12897,14252,6871,7381,3563,1705,1858,
35655,14257,6830,7427,24948,12022,12926,28510,13718,14792,24946,12048,12898,14253,6871,7382,3564,1706,1858,
35660,14260,6831,7429,24952,12024,12928,28517,13721,14796,24950,12051,12899,14256,6871,7385,3564,1706,1858,
35665,14261,6831,7430,24955,12025,12930,28518,13722,14796,24953,12052,12901,14257,6872,7385,3565,1707,1858,
35670,14264,6834,7430,24959,12027,12932,28525,13723,14802,24957,12054,12903,14260,6874,7386,3565,1707,1858,
35675,14265,6834,7431,24962,12027,12935,28526,13723,14803,24960,12056,12904,14261,6874,7387,3566,1707,1859,
35680,14268,6835,7433,24966,12028,12938,28533,13725,14808,24964,12057,12907,14264,6875,7389,3566,1707,1859,
35685,14269,6836,7433,24969,12029,12940,28534,13726,14808,24967,12057,12910,14265,6875,7390,3567,1707,1860,
35690,14272,6838,7434,24973,12031,12942,28541,13729,14812,24971,12059,12912,14268,6878,7390,3567,1707,1860,
35695,14273,6838,7435,24976,12032,12944,28542,13729,14813,24974,12059,12915,14269,6878,7391,3568,1708,1860,
35700,14276,6839,7437,24980,12034,12946,28549,13732,14817,24978,12061,12917,14272,6879,7393,3568,1708,1860,
35705,14277,6839,7438,24983,12034,12949,28550,13733,14817,24981,12063,12918,14273,6879,7394,3569,1709,1860,
35710,14280,6841,7439,24987,12036,12951,28557,13738,14819,24985,12063,12922,14276,6879,7397,3569,1709,1860,
35715,14281,6841,7440,24990,12038,12952,28558,13738,14820,24988,12063,12925,14277,6879,7398,3570,1710,1860,
35720,14284,6843,7441,24994,12040,12954,28565,13742,14823,24992,12066,12926,14280,6879,7401,3570,1710,1860,
35725,14285,6843,7442,24997,12041,12956,28566,13743,14823,24995,12067,12928,14281,6880,7401,3571,1711,1860,
35730,14288,6845,7443,25001,12042,12959,28573,13749,14824,24999,12070,12929,14284,6882,7402,3571,1711,1860,
35735,14289,6846,7443,25004,12042,12962,28574,13749,14825,25002,12073,12929,14285,6883,7402,3572,1711,1861,
35740,14292,6847,7445,25008,12043,12965,28581,13751,14830,25006,12075,12931,14288,6885,7403,3572,1711,1861,
35745,14293,6848,7445,25011,12043,12968,28582,13752,14830,25009,12075,12934,14289,6886,7403,3573,1711,1862,
35750,14296,6849,7447,25015,12043,12972,28589,13759,14830,25013,12077,12936,14292,6887,7405,3573,1711,1862,
35755,14297,6849,7448,25018,12045,12973,28590,13760,14830,25016,12078,12938,14293,6888,7405,3574,1712,1862,
35760,14300,6850,7450,25022,12049,12973,28597,13764,14833,25020,12078,12942,14296,6890,7406,3574,1712,1862,
35765,14301,6850,7451,25025,12050,12975,28598,13765,14833,25023,12080,12943,14297,6891,7406,3575,1712,1863,
35770,14304,6853,7451,25029,12052,12977,28605,13768,14837,25027,12083,12944,14300,6891,7409,3575,1712,1863,
35775,14305,6853,7452,25032,12054,12978,28606,13769,14837,25030,12084,12946,14301,6892,7409,3576,1712,1864,
35780,14308,6853,7455,25036,12056,12980,28613,13773,14840,25034,12086,12948,14304,6893,7411,3576,1712,1864,
35785,14309,6853,7456,25039,12058,12981,28614,13774,14840,25037,12087,12950,14305,6894,7411,3577,1712,1865,
35790,14312,6854,7458,25043,12060,12983,28621,13780,14841,25041,12090,12951,14308,6895,7413,3577,1712,1865,
35795,14313,6855,7458,25046,12062,12984,28622,13780,14842,25044,12093,12951,14309,6896,7413,3578,1713,1865,
35800,14316,6857,7459,25050,12062,12988,28629,13784,14845,25048,12094,12954,14312,6896,7416,3578,1713,1865,
35805,14317,6858,7459,25053,12062,12991,28630,13784,14846,25051,12094,12957,14313,6896,7417,3579,1713,1866,
35810,14320,6860,7460,25057,12066,12991,28637,13788,14849,25055,12097,12958,14316,6898,7418,3579,1713,1866,
35815,14321,6861,7460,25060,12069,12991,28638,13788,14850,25058,12098,12960,14317,6898,7419,3580,1714,1866,
35820,14324,6864,7460,25064,12070,12994,28645,13792,14853,25062,12101,12961,14320,6899,7421,3580,1714,1866,
35825,14325,6864,7461,25067,12071,12996,28646,13792,14854,25065,12103,12962,14321,6900,7421,3581,1715,1866,
35830,14328,6865,7463,25071,12073,12998,28653,13795,14858,25069,12106,12963,14324,6902,7422,3581,1715,1866,
35835,14329,6865,7464,25074,12074,13000,28654,13795,14859,25072,12107,12965,14325,6903,7422,3582,1715,1867,
35840,14332,6865,7467,25078,12077,13001,28661,13798,14863,25076,12108,12968,14328,6905,7423,3582,1715,1867,
35845,14333,6866,7467,25081,12079,13002,28662,13798,14864,25079,12110,12969,14329,6905,7424,3583,1715,1868,
35850,14336,6866,7470,25085,12080,13005,28669,13801,14868,25083,12111,12972,14332,6906,7426,3583,1715,1868,
35855,14337,6867,7470,25088,12081,13007,28670,13802,14868,25086,12111,12975,14333,6906,7427,3584,1716,1868,
35860,14340,6868,7472,25092,12083,13009,28677,13804,14873,25090,12114,12976,14336,6907,7429,3584,1716,1868,
35865,14341,6869,7472,25095,12083,13012,28678,13804,14874,25093,12114,12979,14337,6908,7429,3585,1716,1869,
35870,14344,6871,7473,25099,12086,13013,28685,13804,14881,25097,12115,12982,14340,6910,7430,3585,1716,1869,
35875,14345,6871,7474,25102,12089,13013,28686,13804,14882,25100,12118,12982,14341,6911,7430,3586,1717,1869,
35880,14348,6874,7474,25106,12092,13014,28693,13808,14885,25104,12120,12984,14344,6913,7431,3586,1717,1869,
35885,14349,6875,7474,25109,12092,13017,28694,13808,14886,25107,12123,12984,14345,6914,7431,3587,1718,1869,
35890,14352,6878,7474,25113,12093,13020,28701,13812,14889,25111,12125,12986,14348,6915,7433,3587,1718,1869,
35895,14353,6878,7475,25116,12094,13022,28702,13813,14889,25114,12126,12988,14349,6915,7434,3588,1719,1869,
35900,14356,6880,7476,25120,12097,13023,28709,13817,14892,25118,12127,12991,14352,6917,7435,3588,1719,1869,
35905,14357,6881,7476,25123,12097,13026,28710,13818,14892,25121,12128,12993,14353,6918,7435,3589,1719,1870,
35910,14360,6881,7479,25127,12098,13029,28717,13823,14894,25125,12129,12996,14356,6920,7436,3589,1719,1870,
35915,14361,6882,7479,25130,12100,13030,28718,13823,14895,25128,12130,12998,14357,6921,7436,3590,1720,1870,
35920,14364,6883,7481,25134,12102,13032,28725,13825,14900,25132,12131,13001,14360,6923,7437,3590,1720,1870,
35925,14365,6884,7481,25137,12103,13034,28726,13826,14900,25135,12134,13001,14361,6924,7437,3591,1720,1871,
35930,14368,6886,7482,25141,12105,13036,28733,13828,14905,25139,12134,13005,14364,6925,7439,3591,1720,1871,
35935,14369,6886,7483,25144,12107,13037,28734,13829,14905,25142,12135,13007,14365,6926,7439,3592,1720,1872,
35940,14372,6887,7485,25148,12111,13037,28741,13833,14908,25146,12136,13010,14368,6927,7441,3592,1720,1872,
35945,14373,6887,7486,25151,12113,13038,28742,13833,14909,25149,12138,13011,14369,6928,7441,3593,1721,1872,
35950,14376,6888,7488,25155,12114,13041,28749,13837,14912,25153,12140,13013,14372,6929,7443,3593,1721,1872,
35955,14377,6888,7489,25158,12115,13043,28750,13837,14913,25156,12142,13014,14373,6930,7443,3594,1722,1872,
35960,14380,6889,7491,25162,12116,13046,28757,13839,14918,25160,12142,13018,14376,6933,7443,3594,1722,1872,
35965,14381,6889,7492,25165,12118,13047,28758,13840,14918,25163,12142,13021,14377,6933,7444,3595,1723,1872,
35970,14384,6890,7494,25169,12121,13048,28765,13844,14921,25167,12143,13024,14380,6935,7445,3595,1723,1872,
35975,14385,6890,7495,25172,12122,13050,28766,13844,14922,25170,12143,13027,14381,6935,7446,3596,1723,1873,
35980,14388,6891,7497,25176,12124,13052,28773,13847,14926,25174,12147,13027,14384,6937,7447,3596,1723,1873,
35985,14389,6891,7498,25179,12126,13053,28774,13848,14926,25177,12148,13029,14385,6937,7448,3597,1723,1874,
35990,14392,6893,7499,25183,12126,13057,28781,13852,14929,25181,12150,13031,14388,6938,7450,3597,1723,1874,
35995,14393,6893,7500,25186,12126,13060,28782,13852,14930,25184,12150,13034,14389,6938,7451,3598,1723,1875,
36000,14396,6894,7502,25190,12128,13062,28789,13856,14933,25188,12153,13035,14392,6939,7453,3598,1723,1875,
36005,14397,6895,7502,25193,12129,13064,28790,13857,14933,25191,12155,13036,14393,6939,7454,3599,1724,1875,
36010,14400,6895,7505,25197,12131,13066,28797,13863,14934,25195,12156,13039,14396,6941,7455,3599,1724,1875,
36015,14401,6895,7506,25200,12132,13068,28798,13864,14934,25198,12157,13041,14397,6942,7455,3600,1724,1876,
36020,14404,6896,7508,25204,12134,13070,28805,13868,14937,25202,12159,13043,14400,6945,7455,3600,1724,1876,
36025,14405,6897,7508,25207,12135,13072,28806,13869,14937,25205,12159,13046,14401,6945,7456,3601,1724,1877,
36030,14408,6899,7509,25211,12137,13074,28813,13872,14941,25209,12161,13048,14404,6947,7457,3601,1724,1877,
36035,14409,6899,7510,25214,12138,13076,28814,13873,14941,25212,12162,13050,14405,6948,7457,3602,1724,1878,
36040,14412,6901,7511,25218,12140,13078,28821,13878,14943,25216,12165,13051,14408,6951,7457,3602,1724,1878,
36045,14413,6902,7511,25221,12143,13078,28822,13879,14943,25219,12167,13052,14409,6951,7458,3603,1724,1879,
36050,14416,6903,7513,25225,12145,13080,28829,13882,14947,25223,12170,13053,14412,6953,7459,3603,1724,1879,
36055,14417,6904,7513,25228,12146,13082,28830,13883,14947,25226,12171,13055,14413,6953,7460,3604,1725,1879,
36060,14420,6907,7513,25232,12148,13084,28837,13886,14951,25230,12172,13058,14416,6954,7462,3604,1725,1879,
36065,14421,6907,7514,25235,12150,13085,28838,13886,14952,25233,12173,13060,14417,6954,7463,3605,1725,1880,
36070,14424,6909,7515,25239,12151,13088,28845,13890,14955,25237,12176,13061,14420,6957,7463,3605,1725,1880,
36075,14425,6909,7516,25242,12152,13090,28846,13891,14955,25240,12178,13062,14421,6958,7463,3606,1725,1881,
36080,14428,6911,7517,25246,12154,13092,28853,13895,14958,25244,12179,13065,14424,6960,7464,3606,1725,1881,
36085,14429,6911,7518,25249,12156,13093,28854,13895,14959,25247,12181,13066,14425,6961,7464,3607,1726,1881,
36090,14432,6914,7518,25253,12157,13096,28861,13900,14961,25251,12181,13070,14428,6962,7466,3607,1726,1881,
36095,14433,6915,7518,25256,12159,13097,28862,13901,14961,25254,12183,13071,14429,6963,7466,3608,1726,1882,
36100,14436,6917,7519,25260,12162,13098,28869,13904,14965,25258,12185,13073,14432,6963,7469,3608,1726,1882,
36105,14437,6917,7520,25263,12163,13100,28870,13904,14966,25261,12187,13074,14433,6964,7469,3609,1727,1882,
36110,14440,6918,7522,25267,12164,13103,28877,13907,14970,25265,12190,13075,14436,6967,7469,3609,1727,1882,
36115,14441,6918,7523,25270,12165,13105,28878,13908,14970,25268,12191,13077,14437,6967,7470,3610,1727,1883,
36120,14444,6919,7525,25274,12166,13108,28885,13910,14975,25272,12192,13080,14440,6967,7473,3610,1727,1883,
36125,14445,6920,7525,25277,12167,13110,28886,13911,14975,25275,12193,13082,14441,6968,7473,3611,1727,1884,
36130,14448,6921,7527,25281,12168,13113,28893,13914,14979,25279,12196,13083,14444,6970,7474,3611,1727,1884,
36135,14449,6921,7528,25284,12170,13114,28894,13915,14979,25282,12196,13086,14445,6970,7475,3612,1728,1884,
36140,14452,6922,7530,25288,12171,13117,28901,13920,14981,25286,12197,13089,14448,6971,7477,3612,1728,1884,
36145,14453,6923,7530,25291,12171,13120,28902,13921,14981,25289,12199,13090,14449,6972,7477,3613,1729,1884,
36150,14456,6926,7530,25295,12173,13122,28909,13926,14983,25293,12203,13090,14452,6974,7478,3613,1729,1884,
36155,14457,6926,7531,25298,12174,13124,28910,13927,14983,25296,12204,13092,14453,6974,7479,3614,1730,1884,
36160,14460,6927,7533,25302,12175,13127,28917,13930,14987,25300,12205,13095,14456,6975,7481,3614,1730,1884,
36165,14461,6928,7533,25305,12177,13128,28918,13931,14987,25303,12206,13097,14457,6976,7481,3615,1730,1885,
36170,14464,6929,7535,25309,12178,13131,28925,13934,14991,25307,12209,13098,14460,6977,7483,3615,1730,1885,
36175,14465,6929,7536,25312,12179,13133,28926,13935,14991,25310,12211,13099,14461,6977,7484,3616,1730,1886,
36180,14468,6931,7537,25316,12183,13133,28933,13939,14994,25314,12212,13102,14464,6977,7487,3616,1730,1886,
36185,14469,6932,7537,25319,12185,13134,28934,13939,14995,25317,12214,13103,14465,6978,7487,3617,1731,1886,
36190,14472,6934,7538,25323,12185,13138,28941,13942,14999,25321,12214,13107,14468,6978,7490,3617,1731,1886,
36195,14473,6934,7539,25326,12186,13140,28942,13942,15000,25324,12214,13110,14469,6979,7490,3618,1732,1886,
36200,14476,6936,7540,25330,12187,13143,28949,13944,15005,25328,12216,13112,14472,6981,7491,3618,1732,1886,
36205,14477,6937,7540,25333,12188,13145,28950,13945,15005,25331,12218,13113,14473,6982,7491,3619,1732,1887,
36210,14480,6939,7541,25337,12191,13146,28957,13947,15010,25335,12219,13116,14476,6984,7492,3619,1732,1887,
36215,14481,6940,7541,25340,12193,13147,28958,13947,15011,25338,12222,13116,14477,6985,7492,3620,1732,1888,
36220,14484,6943,7541,25344,12195,13149,28965,13950,15015,25342,12224,13118,14480,6986,7494,3620,1732,1888,
36225,14485,6944,7541,25347,12198,13149,28966,13951,15015,25345,12226,13119,14481,6986,7495,3621,1732,1889,
36230,14488,6945,7543,25351,12199,13152,28973,13954,15019,25349,12228,13121,14484,6986,7498,3621,1732,1889,
36235,14489,6946,7543,25354,12200,13154,28974,13954,15020,25352,12229,13123,14485,6987,7498,3622,1733,1889,
36240,14492,6946,7546,25358,12202,13156,28981,13959,15022,25356,12231,13125,14488,6989,7499,3622,1733,1889,
36245,14493,6947,7546,25361,12202,13159,28982,13959,15023,25359,12232,13127,14489,6989,7500,3623,1733,1890,
36250,14496,6950,7546,25365,12206,13159,28989,13961,15028,25363,12235,13128,14492,6991,7501,3623,1733,1890,
36255,14497,6951,7546,25368,12207,13161,28990,13961,15029,25366,12236,13130,14493,6991,7502,3624,1734,1890,
36260,14500,6953,7547,25372,12209,13163,28997,13963,15034,25370,12238,13132,14496,6993,7503,3624,1734,1890,
36265,14501,6954,7547,25375,12210,13165,28998,13963,15035,25373,12240,13133,14497,6993,7504,3625,1734,1891,
36270,14504,6955,7549,25379,12212,13167,29005,13963,15042,25377,12242,13135,14500,6994,7506,3625,1734,1891,
36275,14505,6955,7550,25382,12214,13168,29006,13963,15043,25380,12244,13136,14501,6995,7506,3626,1734,1892,
36280,14508,6957,7551,25386,12216,13170,29013,13968,15045,25384,12244,13140,14504,6997,7507,3626,1734,1892,
36285,14509,6957,7552,25389,12217,13172,29014,13968,15046,25387,12247,13140,14505,6998,7507,3627,1735,1892,
36290,14512,6959,7553,25393,12219,13174,29021,13973,15048,25391,12248,13143,14508,6999,7509,3627,1735,1892,
36295,14513,6960,7553,25396,12221,13175,29022,13973,15049,25394,12249,13145,14509,7000,7509,3628,1736,1892,
36300,14516,6962,7554,25400,12224,13176,29029,13976,15053,25398,12251,13147,14512,7001,7511,3628,1736,1892,
36305,14517,6963,7554,25403,12226,13177,29030,13976,15054,25401,12251,13150,14513,7002,7511,3629,1737,1892,
36310,14520,6963,7557,25407,12227,13180,29037,13980,15057,25405,12253,13152,14516,7002,7514,3629,1737,1892,
36315,14521,6963,7558,25410,12229,13181,29038,13981,15057,25408,12254,13154,14517,7002,7515,3630,1738,1892,
36320,14524,6964,7560,25414,12230,13184,29045,13984,15061,25412,12254,13158,14520,7003,7517,3630,1738,1892,
36325,14525,6965,7560,25417,12231,13186,29046,13985,15061,25415,12256,13159,14521,7003,7518,3631,1739,1892,
36330,14528,6966,7562,25421,12232,13189,29053,13989,15064,25419,12260,13159,14524,7004,7520,3631,1739,1892,
36335,14529,6966,7563,25424,12232,13192,29054,13990,15064,25422,12261,13161,14525,7005,7520,3632,1740,1892,
36340,14532,6967,7565,25428,12236,13192,29061,13993,15068,25426,12262,13164,14528,7007,7521,3632,1740,1892,
36345,14533,6967,7566,25431,12239,13192,29062,13994,15068,25429,12262,13167,14529,7008,7521,3633,1741,1892,
36350,14536,6968,7568,25435,12241,13194,29069,13996,15073,25433,12264,13169,14532,7010,7522,3633,1741,1892,
36355,14537,6968,7569,25438,12242,13196,29070,13997,15073,25436,12266,13170,14533,7010,7523,3634,1742,1892,
36360,14540,6970,7570,25442,12243,13199,29077,14000,15077,25440,12268,13172,14536,7011,7525,3634,1742,1892,
36365,14541,6971,7570,25445,12244,13201,29078,14000,15078,25443,12269,13174,14537,7012,7525,3635,1743,1892,
36370,14544,6972,7572,25449,12246,13203,29085,14004,15081,25447,12272,13175,14540,7013,7527,3635,1743,1892,
36375,14545,6973,7572,25452,12247,13205,29086,14004,15082,25450,12274,13176,14541,7013,7528,3636,1743,1893,
36380,14548,6976,7572,25456,12249,13207,29093,14008,15085,25454,12277,13177,14544,7014,7530,3636,1743,1893,
36385,14549,6977,7572,25459,12250,13209,29094,14009,15085,25457,12279,13178,14545,7015,7530,3637,1743,1894,
36390,14552,6978,7574,25463,12253,13210,29101,14012,15089,25461,12281,13180,14548,7015,7533,3637,1743,1894,
36395,14553,6979,7574,25466,12253,13213,29102,14012,15090,25464,12283,13181,14549,7015,7534,3638,1744,1894,
36400,14556,6980,7576,25470,12255,13215,29109,14016,15093,25468,12285,13183,14552,7016,7536,3638,1744,1894,
36405,14557,6980,7577,25473,12257,13216,29110,14016,15094,25471,12286,13185,14553,7016,7537,3639,1744,1895,
36410,14560,6982,7578,25477,12258,13219,29117,14018,15099,25475,12288,13187,14556,7016,7540,3639,1744,1895,
36415,14561,6983,7578,25480,12260,13220,29118,14019,15099,25478,12289,13189,14557,7017,7540,3640,1745,1895,
36420,14564,6985,7579,25484,12262,13222,29125,14021,15104,25482,12291,13191,14560,7018,7542,3640,1745,1895,
36425,14565,6986,7579,25487,12263,13224,29126,14022,15104,25485,12292,13193,14561,7018,7543,3641,1745,1896,
36430,14568,6987,7581,25491,12266,13225,29133,14025,15108,25489,12293,13196,14564,7021,7543,3641,1745,1896,
36435,14569,6987,7582,25494,12267,13227,29134,14025,15109,25492,12295,13197,14565,7021,7544,3642,1745,1897,
36440,14572,6989,7583,25498,12268,13230,29141,14029,15112,25496,12295,13201,14568,7021,7547,3642,1745,1897,
36445,14573,6989,7584,25501,12270,13231,29142,14029,15113,25499,12296,13203,14569,7022,7547,3643,1745,1898,
36450,14576,6990,7586,25505,12272,13233,29149,14032,15117,25503,12298,13205,14572,7022,7550,3643,1745,1898,
36455,14577,6990,7587,25508,12273,13235,29150,14032,15118,25506,12299,13207,14573,7022,7551,3644,1745,1899,
36460,14580,6992,7588,25512,12276,13236,29157,14035,15122,25510,12302,13208,14576,7024,7552,3644,1745,1899,
36465,14581,6993,7588,25515,12278,13237,29158,14036,15122,25513,12303,13210,14577,7025,7552,3645,1746,1899,
36470,14584,6995,7589,25519,12278,13241,29165,14042,15123,25517,12307,13210,14580,7026,7554,3645,1746,1899,
36475,14585,6995,7590,25522,12280,13242,29166,14042,15124,25520,12307,13213,14581,7027,7554,3646,1747,1899,
36480,14588,6996,7592,25526,12282,13244,29173,14045,15128,25524,12309,13215,14584,7029,7555,3646,1747,1899,
36485,14589,6996,7593,25529,12283,13246,29174,14045,15129,25527,12311,13216,14585,7029,7556,3647,1747,1900,
36490,14592,6998,7594,25533,12284,13249,29181,14049,15132,25531,12312,13219,14588,7030,7558,3647,1747,1900,
36495,14593,6998,7595,25536,12287,13249,29182,14049,15133,25534,12313,13221,14589,7031,7558,3648,1748,1900,
36500,14596,7000,7596,25540,12288,13252,29189,14052,15137,25538,12315,13223,14592,7033,7559,3648,1748,1900,
36505,14597,7000,7597,25543,12289,13254,29190,14053,15137,25541,12317,13224,14593,7033,7560,3649,1748,1901,
36510,14600,7002,7598,25547,12289,13258,29197,14056,15141,25545,12318,13227,14596,7034,7562,3649,1748,1901,
36515,14601,7002,7599,25550,12290,13260,29198,14056,15142,25548,12320,13228,14597,7035,7562,3650,1748,1902,
36520,14604,7003,7601,25554,12293,13261,29205,14062,15143,25552,12324,13228,14600,7035,7565,3650,1748,1902,
36525,14605,7004,7601,25557,12294,13263,29206,14062,15144,25555,12325,13230,14601,7035,7566,3651,1748,1903,
36530,14608,7004,7604,25561,12296,13265,29213,14066,15147,25559,12327,13232,14604,7035,7569,3651,1748,1903,
36535,14609,7004,7605,25564,12296,13268,29214,14067,15147,25562,12327,13235,14605,7036,7569,3652,1749,1903,
36540,14612,7004,7608,25568,12299,13269,29221,14070,15151,25566,12330,13236,14608,7036,7572,3652,1749,1903,
36545,14613,7004,7609,25571,12300,13271,29222,14071,15151,25569,12332,13237,14609,7037,7572,3653,1750,1903,
36550,14616,7007,7609,25575,12302,13273,29229,14074,15155,25573,12334,13239,14612,7037,7575,3653,1750,1903,
36555,14617,7008,7609,25578,12305,13273,29230,14075,15155,25576,12335,13241,14613,7037,7576,3654,1751,1903,
36560,14620,7009,7611,25582,12309,13273,29237,14079,15158,25580,12337,13243,14616,7040,7576,3654,1751,1903,
36565,14621,7009,7612,25585,12311,13274,29238,14080,15158,25583,12339,13244,14617,7041,7576,3655,1752,1903,
36570,14624,7009,7615,25589,12312,13277,29245,14083,15162,25587,12342,13245,14620,7042,7578,3655,1752,1903,
36575,14625,7010,7615,25592,12314,13278,29246,14083,15163,25590,12344,13246,14621,7043,7578,3656,1752,1904,
36580,14628,7011,7617,25596,12317,13279,29253,14087,15166,25594,12346,13248,14624,7045,7579,3656,1752,1904,
36585,14629,7011,7618,25599,12320,13279,29254,14088,15166,25597,12346,13251,14625,7046,7579,3657,1752,1905,
36590,14632,7012,7620,25603,12322,13281,29261,14089,15172,25601,12348,13253,14628,7047,7581,3657,1752,1905,
36595,14633,7013,7620,25606,12323,13283,29262,14090,15172,25604,12350,13254,14629,7048,7581,3658,1753,1905,
36600,14636,7014,7622,25610,12325,13285,29269,14094,15175,25608,12352,13256,14632,7051,7581,3658,1753,1905,
36605,14637,7015,7622,25613,12328,13285,29270,14094,15176,25611,12353,13258,14633,7052,7581,3659,1753,1906,
36610,14640,7015,7625,25617,12330,13287,29277,14097,15180,25615,12356,13259,14636,7054,7582,3659,1753,1906,
36615,14641,7015,7626,25620,12332,13288,29278,14097,15181,25618,12358,13260,14637,7054,7583,3660,1753,1907,
36620,14644,7017,7627,25624,12334,13290,29285,14100,15185,25622,12361,13261,14640,7054,7586,3660,1753,1907,
36625,14645,7017,7628,25627,12336,13291,29286,14100,15186,25625,12363,13262,14641,7054,7587,3661,1754,1907,
36630,14648,7019,7629,25631,12338,13293,29293,14102,15191,25629,12364,13265,14644,7054,7590,3661,1754,1907,
36635,14649,7019,7630,25634,12340,13294,29294,14102,15192,25632,12365,13267,14645,7054,7591,3662,1755,1907,
36640,14652,7021,7631,25638,12344,13294,29301,14104,15197,25636,12368,13268,14648,7055,7593,3662,1755,1907,
36645,14653,7022,7631,25641,12347,13294,29302,14105,15197,25639,12369,13270,14649,7055,7594,3663,1755,1908,
36650,14656,7024,7632,25645,12347,13298,29309,14106,15203,25643,12371,13272,14652,7056,7596,3663,1755,1908,
36655,14657,7024,7633,25648,12349,13299,29310,14107,15203,25646,12373,13273,14653,7057,7596,3664,1756,1908,
36660,14660,7024,7636,25652,12351,13301,29317,14110,15207,25650,12373,13277,14656,7060,7596,3664,1756,1908,
36665,14661,7025,7636,25655,12352,13303,29318,14110,15208,25653,12376,13277,14657,7061,7596,3665,1757,1908,
36670,14664,7026,7638,25659,12355,13304,29325,14114,15211,25657,12378,13279,14660,7062,7598,3665,1757,1908,
36675,14665,7026,7639,25662,12356,13306,29326,14114,15212,25660,12378,13282,14661,7063,7598,3666,1758,1908,
36680,14668,7027,7641,25666,12356,13310,29333,14118,15215,25664,12380,13284,14664,7065,7599,3666,1758,1908,
36685,14669,7028,7641,25669,12356,13313,29334,14118,15216,25667,12380,13287,14665,7066,7599,3667,1758,1909,
36690,14672,7030,7642,25673,12358,13315,29341,14122,15219,25671,12383,13288,14668,7068,7600,3667,1758,1909,
36695,14673,7031,7642,25676,12359,13317,29342,14123,15219,25674,12384,13290,14669,7069,7600,3668,1759,1909,
36700,14676,7034,7642,25680,12360,13320,29349,14125,15224,25678,12388,13290,14672,7071,7601,3668,1759,1909,
36705,14677,7035,7642,25683,12361,13322,29350,14125,15225,25681,12390,13291,14673,7071,7602,3669,1759,1910,
36710,14680,7037,7643,25687,12363,13324,29357,14125,15232,25685,12392,13293,14676,7074,7602,3669,1759,1910,
36715,14681,7037,7644,25690,12364,13326,29358,14126,15232,25688,12393,13295,14677,7075,7602,3670,1759,1911,
36720,14684,7038,7646,25694,12367,13327,29365,14129,15236,25692,12394,13298,14680,7077,7603,3670,1759,1911,
36725,14685,7039,7646,25697,12369,13328,29366,14130,15236,25695,12397,13298,14681,7078,7603,3671,1759,1912,
36730,14688,7040,7648,25701,12370,13331,29373,14131,15242,25699,12398,13301,14684,7080,7604,3671,1759,1912,
36735,14689,7041,7648,25704,12371,13333,29374,14131,15243,25702,12399,13303,14685,7081,7604,3672,1760,1912,
36740,14692,7042,7650,25708,12372,13336,29381,14133,15248,25706,12400,13306,14688,7084,7604,3672,1760,1912,
36745,14693,7043,7650,25711,12375,13336,29382,14133,15249,25709,12402,13307,14689,7084,7605,3673,1760,1913,
36750,14696,7044,7652,25715,12376,13339,29389,14135,15254,25713,12405,13308,14692,7086,7606,3673,1760,1913,
36755,14697,7044,7653,25718,12378,13340,29390,14136,15254,25716,12407,13309,14693,7086,7607,3674,1760,1914,
36760,14700,7046,7654,25722,12378,13344,29397,14141,15256,25720,12410,13310,14696,7088,7608,3674,1760,1914,
36765,14701,7046,7655,25725,12379,13346,29398,14142,15256,25723,12412,13311,14697,7088,7609,3675,1761,1914,
36770,14704,7047,7657,25729,12383,13346,29405,14145,15260,25727,12414,13313,14700,7089,7611,3675,1761,1914,
36775,14705,7048,7657,25732,12383,13349,29406,14146,15260,25730,12415,13315,14701,7090,7611,3676,1762,1914,
36780,14708,7051,7657,25736,12384,13352,29413,14148,15265,25734,12417,13317,14704,7092,7612,3676,1762,1914,
36785,14709,7051,7658,25739,12386,13353,29414,14149,15265,25737,12418,13319,14705,7092,7613,3677,1763,1914,
36790,14712,7053,7659,25743,12387,13356,29421,14151,15270,25741,12421,13320,14708,7093,7615,3677,1763,1914,
36795,14713,7053,7660,25746,12389,13357,29422,14151,15271,25744,12421,13323,14709,7094,7615,3678,1764,1914,
36800,14716,7055,7661,25750,12390,13360,29429,14153,15276,25748,12421,13327,14712,7095,7617,3678,1764,1914,
36805,14717,7055,7662,25753,12392,13361,29430,14154,15276,25751,12423,13328,14713,7095,7618,3679,1765,1914,
36810,14720,7058,7662,25757,12396,13361,29437,14157,15280,25755,12426,13329,14716,7096,7620,3679,1765,1914,
36815,14721,7058,7663,25760,12397,13363,29438,14158,15280,25758,12427,13331,14717,7096,7621,3680,1766,1914,
36820,14724,7059,7665,25764,12400,13364,29445,14158,15287,25762,12428,13334,14720,7096,7624,3680,1766,1914,
36825,14725,7059,7666,25767,12400,13367,29446,14159,15287,25765,12429,13336,14721,7096,7625,3681,1767,1914,
36830,14728,7061,7667,25771,12401,13370,29453,14162,15291,25769,12431,13338,14724,7097,7627,3681,1767,1914,
36835,14729,7061,7668,25774,12402,13372,29454,14163,15291,25772,12432,13340,14725,7098,7627,3682,1768,1914,
36840,14732,7062,7670,25778,12403,13375,29461,14167,15294,25776,12434,13342,14728,7100,7628,3682,1768,1914,
36845,14733,7062,7671,25781,12404,13377,29462,14168,15294,25779,12434,13345,14729,7101,7628,3683,1769,1914,
36850,14736,7064,7672,25785,12405,13380,29469,14170,15299,25783,12435,13348,14732,7103,7629,3683,1769,1914,
36855,14737,7065,7672,25788,12406,13382,29470,14170,15300,25786,12437,13349,14733,7103,7630,3684,1769,1915,
36860,14740,7067,7673,25792,12407,13385,29477,14172,15305,25790,12438,13352,14736,7104,7632,3684,1769,1915,
36865,14741,7068,7673,25795,12409,13386,29478,14173,15305,25793,12440,13353,14737,7104,7633,3685,1770,1915,
36870,14744,7071,7673,25799,12412,13387,29485,14174,15311,25797,12443,13354,14740,7105,7635,3685,1770,1915,
36875,14745,7071,7674,25802,12414,13388,29486,14174,15312,25800,12444,13356,14741,7106,7635,3686,1770,1916,
36880,14748,7074,7674,25806,12416,13390,29493,14179,15314,25804,12445,13359,14744,7108,7636,3686,1770,1916,
36885,14749,7074,7675,25809,12417,13392,29494,14180,15314,25807,12445,13362,14745,7108,7637,3687,1771,1916,
36890,14752,7076,7676,25813,12417,13396,29501,14183,15318,25811,12446,13365,14748,7110,7638,3687,1771,1916,
36895,14753,7076,7677,25816,12419,13397,29502,14183,15319,25814,12447,13367,14749,7111,7638,3688,1772,1916,
36900,14756,7078,7678,25820,12421,13399,29509,14185,15324,25818,12448,13370,14752,7112,7640,3688,1772,1916,
36905,14757,7078,7679,25823,12423,13400,29510,14186,15324,25821,12448,13373,14753,7112,7641,3689,1772,1917,
36910,14760,7079,7681,25827,12426,13401,29517,14190,15327,25825,12451,13374,14756,7112,7644,3689,1772,1917,
36915,14761,7080,7681,25830,12427,13403,29518,14190,15328,25828,12454,13374,14757,7113,7644,3690,1772,1918,
36920,14764,7080,7684,25834,12428,13406,29525,14196,15329,25832,12456,13376,14760,7113,7647,3690,1772,1918,
36925,14765,7081,7684,25837,12430,13407,29526,14197,15329,25835,12458,13377,14761,7114,7647,3691,1773,1918,
36930,14768,7081,7687,25841,12433,13408,29533,14201,15332,25839,12461,13378,14764,7115,7649,3691,1773,1918,
36935,14769,7081,7688,25844,12435,13409,29534,14201,15333,25842,12464,13378,14765,7115,7650,3692,1774,1918,
36940,14772,7081,7691,25848,12437,13411,29541,14206,15335,25846,12467,13379,14768,7116,7652,3692,1774,1918,
36945,14773,7081,7692,25851,12438,13413,29542,14206,15336,25849,12468,13381,14769,7117,7652,3693,1775,1918,
36950,14776,7082,7694,25855,12440,13415,29549,14209,15340,25853,12469,13384,14772,7120,7652,3693,1775,1918,
36955,14777,7082,7695,25858,12441,13417,29550,14210,15340,25856,12471,13385,14773,7121,7652,3694,1775,1919,
36960,14780,7085,7695,25862,12444,13418,29557,14213,15344,25860,12472,13388,14776,7122,7654,3694,1775,1919,
36965,14781,7085,7696,25865,12445,13420,29558,14214,15344,25863,12474,13389,14777,7122,7655,3695,1775,1920,
36970,14784,7086,7698,25869,12446,13423,29565,14215,15350,25867,12476,13391,14780,7122,7658,3695,1775,1920,
36975,14785,7086,7699,25872,12449,13423,29566,14216,15350,25870,12478,13392,14781,7122,7659,3696,1776,1920,
36980,14788,7088,7700,25876,12451,13425,29573,14220,15353,25874,12480,13394,14784,7123,7661,3696,1776,1920,
36985,14789,7089,7700,25879,12453,13426,29574,14221,15353,25877,12482,13395,14785,7124,7661,3697,1776,1921,
36990,14792,7090,7702,25883,12454,13429,29581,14224,15357,25881,12483,13398,14788,7127,7661,3697,1776,1921,
36995,14793,7090,7703,25886,12457,13429,29582,14225,15357,25884,12484,13400,14789,7128,7661,3698,1777,1921,
37000,14796,7090,7706,25890,12459,13431,29589,14228,15361,25888,12486,13402,14792,7129,7663,3698,1777,1921,
37005,14797,7091,7706,25893,12460,13433,29590,14229,15361,25891,12488,13403,14793,7130,7663,3699,1778,1921,
37010,14800,7093,7707,25897,12461,13436,29597,14232,15365,25895,12491,13404,14796,7132,7664,3699,1778,1921,
37015,14801,7093,7708,25900,12463,13437,29598,14232,15366,25898,12492,13406,14797,7132,7665,3700,1779,1921,
37020,14804,7095,7709,25904,12465,13439,29605,14235,15370,25902,12494,13408,14800,7134,7666,3700,1779,1921,
37025,14805,7095,7710,25907,12465,13442,29606,14235,15371,25905,12496,13409,14801,7134,7667,3701,1779,1922,
37030,14808,7097,7711,25911,12467,13444,29613,14237,15376,25909,12500,13409,14804,7135,7669,3701,1779,1922,
37035,14809,7097,7712,25914,12469,13445,29614,14238,15376,25912,12502,13410,14805,7135,7670,3702,1780,1922,
37040,14812,7100,7712,25918,12471,13447,29621,14240,15381,25916,12506,13410,14808,7135,7673,3702,1780,1922,
37045,14813,7101,7712,25921,12472,13449,29622,14240,15382,25919,12508,13411,14809,7136,7673,3703,1780,1923,
37050,14816,7102,7714,25925,12475,13450,29629,14244,15385,25923,12511,13412,14812,7138,7674,3703,1780,1923,
37055,14817,7102,7715,25928,12476,13452,29630,14244,15386,25926,12513,13413,14813,7139,7674,3704,1780,1924,
37060,14820,7102,7718,25932,12479,13453,29637,14247,15390,25930,12514,13416,14816,7140,7676,3704,1780,1924,
37065,14821,7103,7718,25935,12482,13453,29638,14247,15391,25933,12517,13416,14817,7140,7677,3705,1780,1925,
37070,14824,7104,7720,25939,12483,13456,29645,14250,15395,25937,12519,13418,14820,7141,7679,3705,1780,1925,
37075,14825,7104,7721,25942,12485,13457,29646,14251,15395,25940,12520,13420,14821,7142,7679,3706,1780,1926,
37080,14828,7106,7722,25946,12487,13459,29653,14254,15399,25944,12523,13421,14824,7143,7681,3706,1780,1926,
37085,14829,7107,7722,25949,12488,13461,29654,14254,15400,25947,12524,13423,14825,7143,7682,3707,1780,1927,
37090,14832,7109,7723,25953,12490,13463,29661,14260,15401,25951,12526,13425,14828,7145,7683,3707,1780,1927,
37095,14833,7109,7724,25956,12491,13465,29662,14261,15401,25954,12528,13426,14829,7146,7683,3708,1781,1927,
37100,14836,7111,7725,25960,12493,13467,29669,14263,15406,25958,12530,13428,14832,7148,7684,3708,1781,1927,
37105,14837,7111,7726,25963,12495,13468,29670,14264,15406,25961,12531,13430,14833,7148,7685,3709,1781,1928,
37110,14840,7112,7728,25967,12496,13471,29677,14267,15410,25965,12533,13432,14836,7149,7687,3709,1781,1928,
37115,14841,7112,7729,25970,12498,13472,29678,14267,15411,25968,12534,13434,14837,7149,7688,3710,1781,1929,
37120,14844,7114,7730,25974,12500,13474,29685,14271,15414,25972,12535,13437,14840,7151,7689,3710,1781,1929,
37125,14845,7115,7730,25977,12502,13475,29686,14271,15415,25975,12537,13438,14841,7152,7689,3711,1782,1929,
37130,14848,7115,7733,25981,12503,13478,29693,14274,15419,25979,12540,13439,14844,7154,7690,3711,1782,1929,
37135,14849,7115,7734,25984,12505,13479,29694,14274,15420,25982,12541,13441,14845,7154,7691,3712,1782,1930,
37140,14852,7118,7734,25988,12506,13482,29701,14277,15424,25986,12542,13444,14848,7155,7693,3712,1782,1930,
37145,14853,7119,7734,25991,12507,13484,29702,14277,15425,25989,12544,13445,14849,7155,7694,3713,1783,1930,
37150,14856,7121,7735,25995,12507,13488,29709,14280,15429,25993,12546,13447,14852,7158,7694,3713,1783,1930,
37155,14857,7122,7735,25998,12510,13488,29710,14281,15429,25996,12546,13450,14853,7159,7694,3714,1783,1931,
37160,14860,7124,7736,26002,12512,13490,29717,14284,15433,26000,12547,13453,14856,7160,7696,3714,1783,1931,
37165,14861,7124,7737,26005,12514,13491,29718,14284,15434,26003,12549,13454,14857,7160,7697,3715,1783,1932,
37170,14864,7125,7739,26009,12517,13492,29725,14289,15436,26007,12551,13456,14860,7162,7698,3715,1783,1932,
37175,14865,7125,7740,26012,12519,13493,29726,14290,15436,26010,12552,13458,14861,7162,7699,3716,1784,1932,
37180,14868,7127,7741,26016,12522,13494,29733,14294,15439,26014,12554,13460,14864,7164,7700,3716,1784,1932,
37185,14869,7127,7742,26019,12523,13496,29734,14295,15439,26017,12554,13463,14865,7165,7700,3717,1784,1933,
37190,14872,7129,7743,26023,12526,13497,29741,14298,15443,26021,12556,13465,14868,7167,7701,3717,1784,1933,
37195,14873,7129,7744,26026,12528,13498,29742,14299,15443,26024,12557,13467,14869,7167,7702,3718,1784,1934,
37200,14876,7130,7746,26030,12530,13500,29749,14302,15447,26028,12559,13469,14872,7168,7704,3718,1784,1934,
37205,14877,7130,7747,26033,12531,13502,29750,14302,15448,26031,12559,13472,14873,7168,7705,3719,1784,1935,
37210,14880,7132,7748,26037,12534,13503,29757,14307,15450,26035,12561,13474,14876,7168,7708,3719,1784,1935,
37215,14881,7132,7749,26040,12535,13505,29758,14307,15451,26038,12562,13476,14877,7169,7708,3720,1784,1936,
37220,14884,7134,7750,26044,12537,13507,29765,14311,15454,26042,12563,13479,14880,7169,7711,3720,1784,1936,
37225,14885,7134,7751,26047,12538,13509,29766,14311,15455,26045,12566,13479,14881,7169,7712,3721,1784,1937,
37230,14888,7135,7753,26051,12540,13511,29773,14314,15459,26049,12567,13482,14884,7172,7712,3721,1784,1937,
37235,14889,7136,7753,26054,12541,13513,29774,14314,15460,26052,12567,13485,14885,7172,7713,3722,1784,1938,
37240,14892,7137,7755,26058,12545,13513,29781,14318,15463,26056,12569,13487,14888,7172,7716,3722,1784,1938,
37245,14893,7138,7755,26061,12546,13515,29782,14318,15464,26059,12570,13489,14889,7173,7716,3723,1784,1939,
37250,14896,7139,7757,26065,12547,13518,29789,14321,15468,26063,12572,13491,14892,7175,7717,3723,1784,1939,
37255,14897,7140,7757,26068,12549,13519,29790,14321,15469,26066,12574,13492,14893,7176,7717,3724,1784,1940,
37260,14900,7143,7757,26072,12552,13520,29797,14321,15476,26070,12577,13493,14896,7179,7717,3724,1784,1940,
37265,14901,7143,7758,26075,12553,13522,29798,14322,15476,26073,12578,13495,14897,7179,7718,3725,1784,1941,
37270,14904,7145,7759,26079,12554,13525,29805,14328,15477,26077,12578,13499,14900,7182,7718,3725,1784,1941,
37275,14905,7145,7760,26082,12555,13527,29806,14328,15478,26080,12579,13501,14901,7183,7718,3726,1785,1941,
37280,14908,7147,7761,26086,12558,13528,29813,14332,15481,26084,12581,13503,14904,7185,7719,3726,1785,1941,
37285,14909,7148,7761,26089,12558,13531,29814,14332,15482,26087,12584,13503,14905,7185,7720,3727,1785,1942,
37290,14912,7150,7762,26093,12558,13535,29821,14334,15487,26091,12586,13505,14908,7188,7720,3727,1785,1942,
37295,14913,7150,7763,26096,12559,13537,29822,14334,15488,26094,12586,13508,14909,7189,7720,3728,1785,1943,
37300,14916,7152,7764,26100,12560,13540,29829,14338,15491,26098,12588,13510,14912,7191,7721,3728,1785,1943,
37305,14917,7153,7764,26103,12562,13541,29830,14339,15491,26101,12590,13511,14913,7191,7722,3729,1785,1944,
37310,14920,7154,7766,26107,12565,13542,29837,14340,15497,26105,12593,13512,14916,7193,7723,3729,1785,1944,
37315,14921,7155,7766,26110,12566,13544,29838,14340,15498,26108,12593,13515,14917,7194,7723,3730,1786,1944,
37320,14924,7157,7767,26114,12569,13545,29845,14344,15501,26112,12594,13518,14920,7197,7723,3730,1786,1944,
37325,14925,7157,7768,26117,12571,13546,29846,14345,15501,26115,12596,13519,14921,7197,7724,3731,1786,1945,
37330,14928,7159,7769,26121,12573,13548,29853,14348,15505,26119,12599,13520,14924,7199,7725,3731,1786,1945,
37335,14929,7159,7770,26124,12575,13549,29854,14348,15506,26122,12601,13521,14925,7199,7726,3732,1786,1946,
37340,14932,7159,7773,26128,12579,13549,29861,14351,15510,26126,12603,13523,14928,7201,7727,3732,1786,1946,
37345,14933,7159,7774,26131,12580,13551,29862,14352,15510,26129,12603,13526,14929,7201,7728,3733,1787,1946,
37350,14936,7159,7777,26135,12582,13553,29869,14354,15515,26133,12607,13526,14932,7202,7730,3733,1787,1946,
37355,14937,7159,7778,26138,12583,13555,29870,14354,15516,26136,12608,13528,14933,7203,7730,3734,1788,1946,
37360,14940,7161,7779,26142,12586,13556,29877,14359,15518,26140,12609,13531,14936,7204,7732,3734,1788,1946,
37365,14941,7161,7780,26145,12587,13558,29878,14359,15519,26143,12610,13533,14937,7205,7732,3735,1789,1946,
37370,14944,7162,7782,26149,12589,13560,29885,14362,15523,26147,12611,13536,14940,7206,7734,3735,1789,1946,
37375,14945,7162,7783,26152,12591,13561,29886,14362,15524,26150,12611,13539,14941,7206,7735,3736,1790,1946,
37380,14948,7163,7785,26156,12593,13563,29893,14367,15526,26154,12614,13540,14944,7207,7737,3736,1790,1946,
37385,14949,7164,7785,26159,12595,13564,29894,14367,15527,26157,12616,13541,14945,7208,7737,3737,1791,1946,
37390,14952,7165,7787,26163,12597,13566,29901,14370,15531,26161,12618,13543,14948,7210,7738,3737,1791,1946,
37395,14953,7166,7787,26166,12598,13568,29902,14371,15531,26164,12619,13545,14949,7210,7739,3738,1791,1947,
37400,14956,7168,7788,26170,12602,13568,29909,14372,15537,26168,12620,13548,14952,7211,7741,3738,1791,1947,
37405,14957,7168,7789,26173,12604,13569,29910,14373,15537,26171,12623,13548,14953,7212,7741,3739,1791,1948,
37410,14960,7170,7790,26177,12606,13571,29917,14375,15542,26175,12625,13550,14956,7215,7741,3739,1791,1948,
37415,14961,7171,7790,26180,12606,13574,29918,14376,15542,26178,12625,13553,14957,7216,7741,3740,1792,1948,
37420,14964,7173,7791,26184,12607,13577,29925,14380,15545,26182,12628,13554,14960,7216,7744,3740,1792,1948,
37425,14965,7174,7791,26187,12609,13578,29926,14381,15545,26185,12630,13555,14961,7216,7745,3741,1793,1948,
37430,14968,7176,7792,26191,12612,13579,29933,14384,15549,26189,12631,13558,14964,7219,7745,3741,1793,1948,
37435,14969,7177,7792,26194,12615,13579,29934,14385,15549,26192,12633,13559,14965,7219,7746,3742,1794,1948,
37440,14972,7177,7795,26198,12617,13581,29941,14388,15553,26196,12635,13561,14968,7220,7748,3742,1794,1948,
37445,14973,7177,7796,26201,12617,13584,29942,14389,15553,26199,12636,13563,14969,7220,7749,3743,1795,1948,
37450,14976,7178,7798,26205,12617,13588,29949,14393,15556,26203,12637,13566,14972,7222,7750,3743,1795,1948,
37455,14977,7179,7798,26208,12619,13589,29950,14393,15557,26206,12639,13567,14973,7223,7750,3744,1796,1948,
37460,14980,7181,7799,26212,12622,13590,29957,14399,15558,26210,12642,13568,14976,7224,7752,3744,1796,1948,
37465,14981,7182,7799,26215,12623,13592,29958,14400,15558,26213,12643,13570,14977,7224,7753,3745,1797,1948,
37470,14984,7185,7799,26219,12624,13595,29965,14404,15561,26217,12646,13571,14980,7227,7753,3745,1797,1948,
37475,14985,7185,7800,26222,12625,13597,29966,14404,15562,26220,12648,13572,14981,7227,7754,3746,1797,1949,
37480,14988,7186,7802,26226,12628,13598,29973,14407,15566,26224,12652,13572,14984,7229,7755,3746,1797,1949,
37485,14989,7186,7803,26229,12630,13599,29974,14408,15566,26227,12653,13574,14985,7229,7756,3747,1797,1950,
37490,14992,7187,7805,26233,12631,13602,29981,14412,15569,26231,12655,13576,14988,7229,7759,3747,1797,1950,
37495,14993,7187,7806,26236,12633,13603,29982,14413,15569,26234,12658,13576,14989,7229,7760,3748,1797,1951,
37500,14996,7189,7807,26240,12637,13603,29989,14413,15576,26238,12661,13577,14992,7230,7762,3748,1797,1951,
37505,14997,7189,7808,26243,12638,13605,29990,14414,15576,26241,12664,13577,14993,7231,7762,3749,1797,1952,
37510,15000,7190,7810,26247,12642,13605,29997,14417,15580,26245,12667,13578,14996,7234,7762,3749,1797,1952,
37515,15001,7191,7810,26250,12644,13606,29998,14417,15581,26248,12668,13580,14997,7234,7763,3750,1797,1953,
37520,15004,7194,7810,26254,12647,13607,30005,14420,15585,26252,12669,13583,15000,7237,7763,3750,1797,1953,
37525,15005,7194,7811,26257,12649,13608,30006,14420,15586,26255,12671,13584,15001,7237,7764,3751,1798,1953,
37530,15008,7195,7813,26261,12651,13610,30013,14420,15593,26259,12673,13586,15004,7239,7765,3751,1798,1953,
37535,15009,7196,7813,26264,12653,13611,30014,14421,15593,26262,12675,13587,15005,7239,7766,3752,1799,1953,
37540,15012,7198,7814,26268,12654,13614,30021,14425,15596,26266,12677,13589,15008,7240,7768,3752,1799,1953,
37545,15013,7198,7815,26271,12656,13615,30022,14426,15596,26269,12680,13589,15009,7240,7769,3753,1799,1954,
37550,15016,7200,7816,26275,12657,13618,30029,14428,15601,26273,12680,13593,15012,7242,7770,3753,1799,1954,
37555,15017,7201,7816,26278,12658,13620,30030,14429,15601,26276,12681,13595,15013,7243,7770,3754,1799,1955,
37560,15020,7203,7817,26282,12659,13623,30037,14432,15605,26280,12683,13597,15016,7245,7771,3754,1799,1955,
37565,15021,7204,7817,26285,12660,13625,30038,14432,15606,26283,12685,13598,15017,7246,7771,3755,1800,1955,
37570,15024,7205,7819,26289,12663,13626,30045,14435,15610,26287,12686,13601,15020,7248,7772,3755,1800,1955,
37575,15025,7205,7820,26292,12665,13627,30046,14436,15610,26290,12688,13602,15021,7249,7772,3756,1801,1955,
37580,15028,7206,7822,26296,12665,13631,30053,14441,15612,26294,12690,13604,15024,7250,7774,3756,1801,1955,
37585,15029,7206,7823,26299,12667,13632,30054,14441,15613,26297,12693,13604,15025,7251,7774,3757,1802,1955,
37590,15032,7206,7826,26303,12669,13634,30061,14444,15617,26301,12695,13606,15028,7252,7776,3757,1802,1955,
37595,15033,7207,7826,26306,12670,13636,30062,14444,15618,26304,12697,13607,15029,7253,7776,3758,1802,1956,
37600,15036,7207,7829,26310,12671,13639,30069,14449,15620,26308,12700,13608,15032,7255,7777,3758,1802,1956,
37605,15037,7207,7830,26313,12672,13641,30070,14449,15621,26311,12703,13608,15033,7256,7777,3759,1802,1957,
37610,15040,7208,7832,26317,12675,13642,30077,14452,15625,26315,12704,13611,15036,7258,7778,3759,1802,1957,
37615,15041,7208,7833,26320,12676,13644,30078,14453,15625,26318,12706,13612,15037,7259,7778,3760,1802,1958,
37620,15044,7209,7835,26324,12679,13645,30085,14456,15629,26322,12708,13614,15040,7260,7780,3760,1802,1958,
37625,15045,7209,7836,26327,12679,13648,30086,14456,15630,26325,12709,13616,15041,7261,7780,3761,1803,1958,
37630,15048,7209,7839,26331,12680,13651,30093,14460,15633,26329,12712,13617,15044,7263,7781,3761,1803,1958,
37635,15049,7209,7840,26334,12681,13653,30094,14460,15634,26332,12714,13618,15045,7264,7781,3762,1803,1959,
37640,15052,7210,7842,26338,12683,13655,30101,14464,15637,26336,12715,13621,15048,7266,7782,3762,1803,1959,
37645,15053,7210,7843,26341,12685,13656,30102,14464,15638,26339,12716,13623,15049,7267,7782,3763,1803,1960,
37650,15056,7212,7844,26345,12686,13659,30109,14467,15642,26343,12719,13624,15052,7269,7783,3763,1803,1960,
37655,15057,7212,7845,26348,12687,13661,30110,14467,15643,26346,12721,13625,15053,7269,7784,3764,1803,1961,
37660,15060,7213,7847,26352,12689,13663,30117,14472,15645,26350,12724,13626,15056,7270,7786,3764,1803,1961,
37665,15061,7213,7848,26355,12689,13666,30118,14473,15645,26353,12725,13628,15057,7271,7786,3765,1804,1961,
37670,15064,7213,7851,26359,12690,13669,30125,14477,15648,26357,12725,13632,15060,7271,7789,3765,1804,1961,
37675,15065,7213,7852,26362,12691,13671,30126,14478,15648,26360,12726,13634,15061,7272,7789,3766,1805,1961,
37680,15068,7214,7854,26366,12693,13673,30133,14480,15653,26364,12729,13635,15064,7274,7790,3766,1805,1961,
37685,15069,7214,7855,26369,12694,13675,30134,14480,15654,26367,12731,13636,15065,7275,7790,3767,1805,1962,
37690,15072,7216,7856,26373,12696,13677,30141,14482,15659,26371,12733,13638,15068,7275,7793,3767,1805,1962,
37695,15073,7217,7856,26376,12697,13679,30142,14482,15660,26374,12735,13639,15069,7275,7794,3768,1806,1962,
37700,15076,7220,7856,26380,12697,13683,30149,14485,15664,26378,12737,13641,15072,7277,7795,3768,1806,1962,
37705,15077,7220,7857,26383,12699,13684,30150,14485,15665,26381,12739,13642,15073,7277,7796,3769,1806,1963,
37710,15080,7222,7858,26387,12700,13687,30157,14488,15669,26385,12740,13645,15076,7279,7797,3769,1806,1963,
37715,15081,7222,7859,26390,12701,13689,30158,14488,15670,26388,12742,13646,15077,7279,7798,3770,1806,1964,
37720,15084,7223,7861,26394,12702,13692,30165,14490,15675,26392,12746,13646,15080,7280,7800,3770,1806,1964,
37725,15085,7224,7861,26397,12703,13694,30166,14490,15676,26395,12747,13648,15081,7280,7801,3771,1806,1965,
37730,15088,7227,7861,26401,12707,13694,30173,14493,15680,26399,12750,13649,15084,7281,7803,3771,1806,1965,
37735,15089,7227,7862,26404,12707,13697,30174,14493,15681,26402,12753,13649,15085,7281,7804,3772,1806,1966,
37740,15092,7228,7864,26408,12711,13697,30181,14494,15687,26406,12757,13649,15088,7283,7805,3772,1806,1966,
37745,15093,7228,7865,26411,12711,13700,30182,14494,15688,26409,12759,13650,15089,7283,7806,3773,1807,1966,
37750,15096,7229,7867,26415,12713,13702,30189,14497,15692,26413,12760,13653,15092,7284,7808,3773,1807,1966,
37755,15097,7230,7867,26418,12714,13704,30190,14497,15693,26416,12762,13654,15093,7284,7809,3774,1807,1967,
37760,15100,7232,7868,26422,12717,13705,30197,14500,15697,26420,12763,13657,15096,7285,7811,3774,1807,1967,
37765,15101,7232,7869,26425,12719,13706,30198,14500,15698,26423,12763,13660,15097,7286,7811,3775,1808,1967,
37770,15104,7233,7871,26429,12722,13707,30205,14503,15702,26427,12764,13663,15100,7287,7813,3775,1808,1967,
37775,15105,7233,7872,26432,12723,13709,30206,14504,15702,26430,12766,13664,15101,7287,7814,3776,1809,1967,
37780,15108,7235,7873,26436,12725,13711,30213,14506,15707,26434,12768,13666,15104,7289,7815,3776,1809,1967,
37785,15109,7235,7874,26439,12728,13711,30214,14507,15707,26437,12770,13667,15105,7290,7815,3777,1809,1968,
37790,15112,7237,7875,26443,12731,13712,30221,14510,15711,26441,12770,13671,15108,7290,7818,3777,1809,1968,
37795,15113,7237,7876,26446,12733,13713,30222,14511,15711,26444,12771,13673,15109,7291,7818,3778,1810,1968,
37800,15116,7238,7878,26450,12735,13715,30229,14514,15715,26448,12774,13674,15112,7293,7819,3778,1810,1968,
37805,15117,7238,7879,26453,12736,13717,30230,14515,15715,26451,12776,13675,15113,7294,7819,3779,1810,1969,
37810,15120,7239,7881,26457,12739,13718,30237,14517,15720,26455,12779,13676,15116,7296,7820,3779,1810,1969,
37815,15121,7239,7882,26460,12742,13718,30238,14517,15721,26458,12781,13677,15117,7297,7820,3780,1810,1970,
37820,15124,7242,7882,26464,12744,13720,30245,14519,15726,26462,12784,13678,15120,7299,7821,3780,1810,1970,
37825,15125,7242,7883,26467,12745,13722,30246,14520,15726,26465,12787,13678,15121,7300,7821,3781,1811,1970,
37830,15128,7243,7885,26471,12748,13723,30253,14522,15731,26469,12788,13681,15124,7301,7823,3781,1811,1970,
37835,15129,7244,7885,26474,12749,13725,30254,14523,15731,26472,12789,13683,15125,7302,7823,3782,1811,1971,
37840,15132,7245,7887,26478,12750,13728,30261,14526,15735,26476,12789,13687,15128,7305,7823,3782,1811,1971,
37845,15133,7245,7888,26481,12751,13730,30262,14527,15735,26479,12789,13690,15129,7306,7823,3783,1812,1971,
37850,15136,7247,7889,26485,12754,13731,30269,14529,15740,26483,12792,13691,15132,7308,7824,3783,1812,1971,
37855,15137,7247,7890,26488,12754,13734,30270,14530,15740,26486,12795,13691,15133,7309,7824,3784,1813,1971,
37860,15140,7249,7891,26492,12756,13736,30277,14530,15747,26490,12797,13693,15136,7310,7826,3784,1813,1971,
37865,15141,7250,7891,26495,12757,13738,30278,14531,15747,26493,12797,13696,15137,7311,7826,3785,1814,1971,
37870,15144,7253,7891,26499,12759,13740,30285,14534,15751,26497,12798,13699,15140,7311,7829,3785,1814,1971,
37875,15145,7254,7891,26502,12762,13740,30286,14535,15751,26500,12799,13701,15141,7312,7829,3786,1814,1972,
37880,15148,7256,7892,26506,12764,13742,30293,14539,15754,26504,12800,13704,15144,7314,7830,3786,1814,1972,
37885,15149,7257,7892,26509,12765,13744,30294,14539,15755,26507,12803,13704,15145,7314,7831,3787,1814,1973,
37890,15152,7259,7893,26513,12768,13745,30301,14541,15760,26511,12805,13706,15148,7316,7832,3787,1814,1973,
37895,15153,7259,7894,26516,12771,13745,30302,14541,15761,26514,12808,13706,15149,7316,7833,3788,1814,1974,
37900,15156,7261,7895,26520,12773,13747,30309,14546,15763,26518,12811,13707,15152,7317,7835,3788,1814,1974,
37905,15157,7262,7895,26523,12776,13747,30310,14546,15764,26521,12812,13709,15153,7318,7835,3789,1815,1974,
37910,15160,7264,7896,26527,12778,13749,30317,14548,15769,26525,12813,13712,15156,7319,7837,3789,1815,1974,
37915,15161,7264,7897,26530,12779,13751,30318,14549,15769,26528,12814,13714,15157,7319,7838,3790,1816,1974,
37920,15164,7266,7898,26534,12782,13752,30325,14550,15775,26532,12816,13716,15160,7319,7841,3790,1816,1974,
37925,15165,7266,7899,26537,12784,13753,30326,14550,15776,26535,12817,13718,15161,7319,7842,3791,1817,1974,
37930,15168,7268,7900,26541,12788,13753,30333,14553,15780,26539,12819,13720,15164,7320,7844,3791,1817,1974,
37935,15169,7269,7900,26544,12789,13755,30334,14553,15781,26542,12820,13722,15165,7321,7844,3792,1817,1975,
37940,15172,7269,7903,26548,12792,13756,30341,14557,15784,26546,12823,13723,15168,7323,7845,3792,1817,1975,
37945,15173,7269,7904,26551,12792,13759,30342,14558,15784,26549,12826,13723,15169,7324,7845,3793,1817,1976,
37950,15176,7271,7905,26555,12793,13762,30349,14561,15788,26553,12827,13726,15172,7325,7847,3793,1817,1976,
37955,15177,7272,7905,26558,12793,13765,30350,14562,15788,26556,12829,13727,15173,7326,7847,3794,1818,1976,
37960,15180,7273,7907,26562,12795,13767,30357,14565,15792,26560,12832,13728,15176,7328,7848,3794,1818,1976,
37965,15181,7274,7907,26565,12796,13769,30358,14565,15793,26563,12834,13729,15177,7328,7849,3795,1819,1976,
37970,15184,7274,7910,26569,12798,13771,30365,14570,15795,26567,12834,13733,15180,7331,7849,3795,1819,1976,
37975,15185,7275,7910,26572,12799,13773,30366,14570,15796,26570,12836,13734,15181,7331,7850,3796,1819,1977,
37980,15188,7276,7912,26576,12801,13775,30373,14574,15799,26574,12839,13735,15184,7332,7852,3796,1819,1977,
37985,15189,7277,7912,26579,12801,13778,30374,14574,15800,26577,12841,13736,15185,7333,7852,3797,1819,1978,
37990,15192,7279,7913,26583,12805,13778,30381,14577,15804,26581,12844,13737,15188,7333,7855,3797,1819,1978,
37995,15193,7279,7914,26586,12807,13779,30382,14577,15805,26584,12846,13738,15189,7333,7856,3798,1820,1978,
38000,15196,7281,7915,26590,12810,13780,30389,14579,15810,26588,12849,13739,15192,7334,7858,3798,1820,1978,
38005,15197,7281,7916,26593,12811,13782,30390,14579,15811,26591,12850,13741,15193,7334,7859,3799,1821,1978,
38010,15200,7282,7918,26597,12812,13785,30397,14582,15815,26595,12852,13743,15196,7336,7860,3799,1821,1978,
38015,15201,7282,7919,26600,12812,13788,30398,14582,15816,26598,12853,13745,15197,7336,7861,3800,1821,1979,
38020,15204,7283,7921,26604,12812,13792,30405,14586,15819,26602,12853,13749,15200,7337,7863,3800,1821,1979,
38025,15205,7284,7921,26607,12812,13795,30406,14587,15819,26605,12854,13751,15201,7337,7864,3801,1822,1979,
38030,15208,7284,7924,26611,12813,13798,30413,14591,15822,26609,12856,13753,15204,7338,7866,3801,1822,1979,
38035,15209,7285,7924,26614,12815,13799,30414,14592,15822,26612,12856,13756,15205,7339,7866,3802,1823,1979,
38040,15212,7285,7927,26618,12817,13801,30421,14593,15828,26616,12859,13757,15208,7342,7866,3802,1823,1979,
38045,15213,7285,7928,26621,12819,13802,30422,14594,15828,26619,12860,13759,15209,7343,7866,3803,1824,1979,
38050,15216,7286,7930,26625,12822,13803,30429,14597,15832,26623,12862,13761,15212,7344,7868,3803,1824,1979,
38055,15217,7287,7930,26628,12823,13805,30430,14597,15833,26626,12862,13764,15213,7344,7869,3804,1825,1979,
38060,15220,7288,7932,26632,12824,13808,30437,14601,15836,26630,12865,13765,15216,7345,7871,3804,1825,1979,
38065,15221,7289,7932,26635,12825,13810,30438,14602,15836,26633,12868,13765,15217,7345,7872,3805,1826,1979,
38070,15224,7289,7935,26639,12826,13813,30445,14608,15837,26637,12871,13766,15220,7346,7874,3805,1826,1979,
38075,15225,7289,7936,26642,12828,13814,30446,14609,15837,26640,12873,13767,15221,7346,7875,3806,1827,1979,
38080,15228,7292,7936,26646,12829,13817,30453,14610,15843,26644,12875,13769,15224,7346,7878,3806,1827,1979,
38085,15229,7292,7937,26649,12830,13819,30454,14611,15843,26647,12876,13771,15225,7346,7879,3807,1827,1980,
38090,15232,7293,7939,26653,12832,13821,30461,14612,15849,26651,12879,13772,15228,7347,7881,3807,1827,1980,
38095,15233,7293,7940,26656,12832,13824,30462,14613,15849,26654,12880,13774,15229,7347,7882,3808,1827,1981,
38100,15236,7296,7940,26660,12836,13824,30469,14617,15852,26658,12883,13775,15232,7350,7882,3808,1827,1981,
38105,15237,7297,7940,26663,12837,13826,30470,14617,15853,26661,12883,13778,15233,7351,7882,3809,1827,1982,
38110,15240,7298,7942,26667,12838,13829,30477,14619,15858,26665,12884,13781,15236,7353,7883,3809,1827,1982,
38115,15241,7299,7942,26670,12838,13832,30478,14619,15859,26668,12887,13781,15237,7354,7883,3810,1828,1982,
38120,15244,7300,7944,26674,12841,13833,30485,14620,15865,26672,12890,13782,15240,7356,7884,3810,1828,1982,
38125,15245,7300,7945,26677,12841,13836,30486,14621,15865,26675,12890,13785,15241,7357,7884,3811,1829,1982,
38130,15248,7301,7947,26681,12844,13837,30493,14625,15868,26679,12893,13786,15244,7357,7887,3811,1829,1982,
38135,15249,7301,7948,26684,12846,13838,30494,14626,15868,26682,12896,13786,15245,7358,7887,3812,1829,1983,
38140,15252,7303,7949,26688,12849,13839,30501,14631,15870,26686,12897,13789,15248,7360,7888,3812,1829,1983,
38145,15253,7303,7950,26691,12850,13841,30502,14631,15871,26689,12899,13790,15249,7360,7889,3813,1830,1983,
38150,15256,7305,7951,26695,12850,13845,30509,14635,15874,26693,12901,13792,15252,7362,7890,3813,1830,1983,
38155,15257,7305,7952,26698,12852,13846,30510,14635,15875,26696,12904,13792,15253,7363,7890,3814,1831,1983,
38160,15260,7305,7955,26702,12854,13848,30517,14640,15877,26700,12905,13795,15256,7364,7892,3814,1831,1983,
38165,15261,7306,7955,26705,12855,13850,30518,14641,15877,26703,12907,13796,15257,7364,7893,3815,1832,1983,
38170,15264,7308,7956,26709,12857,13852,30525,14645,15880,26707,12908,13799,15260,7364,7896,3815,1832,1983,
38175,15265,7308,7957,26712,12857,13855,30526,14645,15881,26710,12911,13799,15261,7365,7896,3816,1832,1984,
38180,15268,7309,7959,26716,12857,13859,30533,14647,15886,26714,12914,13800,15264,7367,7897,3816,1832,1984,
38185,15269,7310,7959,26719,12859,13860,30534,14648,15886,26717,12915,13802,15265,7367,7898,3817,1832,1985,
38190,15272,7311,7961,26723,12861,13862,30541,14651,15890,26721,12918,13803,15268,7370,7898,3817,1832,1985,
38195,15273,7312,7961,26726,12863,13863,30542,14651,15891,26724,12919,13805,15269,7370,7899,3818,1833,1985,
38200,15276,7315,7961,26730,12864,13866,30549,14656,15893,26728,12921,13807,15272,7370,7902,3818,1833,1985,
38205,15277,7316,7961,26733,12866,13867,30550,14656,15894,26731,12923,13808,15273,7371,7902,3819,1834,1985,
38210,15280,7318,7962,26737,12870,13867,30557,14659,15898,26735,12924,13811,15276,7371,7905,3819,1834,1985,
38215,15281,7318,7963,26740,12871,13869,30558,14660,15898,26738,12926,13812,15277,7371,7906,3820,1835,1985,
38220,15284,7318,7966,26744,12873,13871,30565,14663,15902,26742,12927,13815,15280,7374,7906,3820,1835,1985,
38225,15285,7319,7966,26747,12873,13874,30566,14663,15903,26745,12928,13817,15281,7375,7906,3821,1835,1986,
38230,15288,7320,7968,26751,12877,13874,30573,14666,15907,26749,12930,13819,15284,7376,7908,3821,1835,1986,
38235,15289,7320,7969,26754,12878,13876,30574,14666,15908,26752,12932,13820,15285,7376,7909,3822,1836,1986,
38240,15292,7322,7970,26758,12881,13877,30581,14670,15911,26756,12935,13821,15288,7379,7909,3822,1836,1986,
38245,15293,7323,7970,26761,12882,13879,30582,14671,15911,26759,12937,13822,15289,7380,7909,3823,1836,1987,
38250,15296,7325,7971,26765,12885,13880,30589,14675,15914,26763,12939,13824,15292,7381,7911,3823,1836,1987,
38255,15297,7325,7972,26768,12886,13882,30590,14675,15915,26766,12940,13826,15293,7382,7911,3824,1837,1987,
38260,15300,7327,7973,26772,12887,13885,30597,14680,15917,26770,12942,13828,15296,7382,7914,3824,1837,1987,
38265,15301,7327,7974,26775,12889,13886,30598,14681,15917,26773,12943,13830,15297,7383,7914,3825,1838,1987,
38270,15304,7330,7974,26779,12890,13889,30605,14686,15919,26777,12947,13830,15300,7385,7915,3825,1838,1987,
38275,15305,7331,7974,26782,12893,13889,30606,14687,15919,26780,12948,13832,15301,7385,7916,3826,1839,1987,
38280,15308,7333,7975,26786,12897,13889,30613,14689,15924,26784,12951,13833,15304,7386,7918,3826,1839,1987,
38285,15309,7334,7975,26789,12899,13890,30614,14689,15925,26787,12952,13835,15305,7387,7918,3827,1840,1987,
38290,15312,7336,7976,26793,12900,13893,30621,14692,15929,26791,12954,13837,15308,7389,7919,3827,1840,1987,
38295,15313,7336,7977,26796,12903,13893,30622,14693,15929,26794,12955,13839,15309,7390,7919,3828,1840,1988,
38300,15316,7336,7980,26800,12905,13895,30629,14697,15932,26798,12958,13840,15312,7391,7921,3828,1840,1988,
38305,15317,7336,7981,26803,12907,13896,30630,14698,15932,26801,12959,13842,15313,7391,7922,3829,1841,1988,
38310,15320,7337,7983,26807,12908,13899,30637,14701,15936,26805,12962,13843,15316,7393,7923,3829,1841,1988,
38315,15321,7337,7984,26810,12911,13899,30638,14701,15937,26808,12963,13845,15317,7394,7923,3830,1841,1989,
38320,15324,7338,7986,26814,12913,13901,30645,14704,15941,26812,12964,13848,15320,7395,7925,3830,1841,1989,
38325,15325,7338,7987,26817,12915,13902,30646,14704,15942,26815,12964,13851,15321,7396,7925,3831,1842,1989,
38330,15328,7339,7989,26821,12918,13903,30653,14709,15944,26819,12968,13851,15324,7398,7926,3831,1842,1989,
38335,15329,7339,7990,26824,12920,13904,30654,14709,15945,26822,12970,13852,15325,7398,7927,3832,1843,1989,
38340,15332,7342,7990,26828,12921,13907,30661,14714,15947,26826,12973,13853,15328,7400,7928,3832,1843,1989,
38345,15333,7342,7991,26831,12921,13910,30662,14714,15948,26829,12975,13854,15329,7400,7929,3833,1843,1990,
38350,15336,7345,7991,26835,12922,13913,30669,14719,15950,26833,12977,13856,15332,7402,7930,3833,1843,1990,
38355,15337,7346,7991,26838,12923,13915,30670,14720,15950,26836,12979,13857,15333,7402,7931,3834,1844,1990,
38360,15340,7348,7992,26842,12925,13917,30677,14722,15955,26840,12981,13859,15336,7403,7933,3834,1844,1990,
38365,15341,7348,7993,26845,12925,13920,30678,14722,15956,26843,12982,13861,15337,7403,7934,3835,1845,1990,
38370,15344,7351,7993,26849,12928,13921,30685,14726,15959,26847,12984,13863,15340,7404,7936,3835,1845,1990,
38375,15345,7352,7993,26852,12931,13921,30686,14727,15959,26850,12985,13865,15341,7405,7936,3836,1845,1991,
38380,15348,7353,7995,26856,12933,13923,30693,14733,15960,26854,12988,13866,15344,7408,7936,3836,1845,1991,
38385,15349,7353,7996,26859,12935,13924,30694,14733,15961,26857,12990,13867,15345,7408,7937,3837,1846,1991,
38390,15352,7354,7998,26863,12939,13924,30701,14737,15964,26861,12994,13867,15348,7410,7938,3837,1846,1991,
38395,15353,7354,7999,26866,12941,13925,30702,14737,15965,26864,12994,13870,15349,7411,7938,3838,1847,1991,
38400,15356,7355,8001,26870,12944,13926,30709,14741,15968,26868,12996,13872,15352,7414,7938,3838,1847,1991,
38405,15357,7355,8002,26873,12946,13927,30710,14741,15969,26871,12998,13873,15353,7415,7938,3839,1847,1992,
38410,15360,7356,8004,26877,12948,13929,30717,14744,15973,26875,12999,13876,15356,7418,7938,3839,1847,1992,
38415,15361,7357,8004,26880,12949,13931,30718,14744,15974,26878,13002,13876,15357,7418,7939,3840,1847,1993,
38420,15364,7358,8006,26884,12952,13932,30725,14745,15980,26882,13003,13879,15360,7420,7940,3840,1847,1993,
38425,15365,7359,8006,26887,12952,13935,30726,14746,15980,26885,13005,13880,15361,7420,7941,3841,1848,1993,
38430,15368,7361,8007,26891,12953,13938,30733,14749,15984,26889,13007,13882,15364,7423,7941,3841,1848,1993,
38435,15369,7361,8008,26894,12954,13940,30734,14749,15985,26892,13008,13884,15365,7424,7941,3842,1849,1993,
38440,15372,7362,8010,26898,12956,13942,30741,14751,15990,26896,13009,13887,15368,7425,7943,3842,1849,1993,
38445,15373,7362,8011,26901,12957,13944,30742,14752,15990,26899,13010,13889,15369,7426,7943,3843,1850,1993,
38450,15376,7362,8014,26905,12959,13946,30749,14757,15992,26903,13013,13890,15372,7428,7944,3843,1850,1993,
38455,15377,7362,8015,26908,12960,13948,30750,14758,15992,26906,13014,13892,15373,7429,7944,3844,1851,1993,
38460,15380,7363,8017,26912,12962,13950,30757,14759,15998,26910,13014,13896,15376,7431,7945,3844,1851,1993,
38465,15381,7364,8017,26915,12964,13951,30758,14759,15999,26913,13016,13897,15377,7431,7946,3845,1851,1994,
38470,15384,7366,8018,26919,12967,13952,30765,14761,16004,26917,13020,13897,15380,7433,7947,3845,1851,1994,
38475,15385,7366,8019,26922,12970,13952,30766,14762,16004,26920,13022,13898,15381,7434,7947,3846,1851,1995,
38480,15388,7368,8020,26926,12971,13955,30773,14765,16008,26924,13024,13900,15384,7435,7949,3846,1851,1995,
38485,15389,7369,8020,26929,12972,13957,30774,14766,16008,26927,13025,13902,15385,7435,7950,3847,1851,1996,
38490,15392,7371,8021,26933,12974,13959,30781,14769,16012,26931,13027,13904,15388,7435,7953,3847,1851,1996,
38495,15393,7372,8021,26936,12975,13961,30782,14769,16013,26934,13028,13906,15389,7436,7953,3848,1851,1997,
38500,15396,7373,8023,26940,12975,13965,30789,14773,16016,26938,13029,13909,15392,7438,7954,3848,1851,1997,
38505,15397,7374,8023,26943,12976,13967,30790,14774,16016,26941,13030,13911,15393,7438,7955,3849,1851,1998,
38510,15400,7374,8026,26947,12977,13970,30797,14779,16018,26945,13033,13912,15396,7438,7958,3849,1851,1998,
38515,15401,7375,8026,26950,12978,13972,30798,14779,16019,26948,13034,13914,15397,7438,7959,3850,1852,1998,
38520,15404,7375,8029,26954,12981,13973,30805,14782,16023,26952,13036,13916,15400,7439,7961,3850,1852,1998,
38525,15405,7375,8030,26957,12982,13975,30806,14783,16023,26955,13038,13917,15401,7440,7961,3851,1852,1999,
38530,15408,7378,8030,26961,12983,13978,30813,14787,16026,26959,13040,13919,15404,7441,7963,3851,1852,1999,
38535,15409,7378,8031,26964,12983,13981,30814,14787,16027,26962,13040,13922,15405,7441,7964,3852,1852,2000,
38540,15412,7379,8033,26968,12985,13983,30821,14791,16030,26966,13042,13924,15408,7443,7965,3852,1852,2000,
38545,15413,7380,8033,26971,12987,13984,30822,14791,16031,26969,13045,13924,15409,7443,7966,3853,1852,2001,
38550,15416,7381,8035,26975,12990,13985,30829,14793,16036,26973,13046,13927,15412,7446,7966,3853,1852,2001,
38555,15417,7382,8035,26978,12993,13985,30830,14794,16036,26976,13048,13928,15413,7447,7966,3854,1853,2001,
38560,15420,7383,8037,26982,12994,13988,30837,14796,16041,26980,13050,13930,15416,7450,7966,3854,1853,2001,
38565,15421,7384,8037,26985,12996,13989,30838,14796,16042,26983,13051,13932,15417,7450,7967,3855,1854,2001,
38570,15424,7387,8037,26989,12999,13990,30845,14798,16047,26987,13054,13933,15420,7451,7969,3855,1854,2001,
38575,15425,7387,8038,26992,12999,13993,30846,14798,16048,26990,13055,13935,15421,7452,7969,3856,1855,2001,
38580,15428,7387,8041,26996,13001,13995,30853,14803,16050,26994,13057,13937,15424,7453,7971,3856,1855,2001,
38585,15429,7388,8041,26999,13002,13997,30854,14804,16050,26997,13059,13938,15425,7453,7972,3857,1855,2002,
38590,15432,7389,8043,27003,13005,13998,30861,14807,16054,27001,13061,13940,15428,7455,7973,3857,1855,2002,
38595,15433,7389,8044,27006,13006,14000,30862,14807,16055,27004,13061,13943,15429,7455,7974,3858,1855,2003,
38600,15436,7390,8046,27010,13007,14003,30869,14809,16060,27008,13063,13945,15432,7455,7977,3858,1855,2003,
38605,15437,7391,8046,27013,13008,14005,30870,14809,16061,27011,13065,13946,15433,7456,7977,3859,1855,2004,
38610,15440,7391,8049,27017,13009,14008,30877,14811,16066,27015,13066,13949,15436,7457,7979,3859,1855,2004,
38615,15441,7392,8049,27020,13010,14010,30878,14812,16066,27018,13067,13951,15437,7457,7980,3860,1855,2005,
38620,15444,7393,8051,27024,13012,14012,30885,14815,16070,27022,13069,13953,15440,7458,7982,3860,1855,2005,
38625,15445,7393,8052,27027,13013,14014,30886,14815,16071,27025,13070,13955,15441,7459,7982,3861,1856,2005,
38630,15448,7395,8053,27031,13016,14015,30893,14819,16074,27029,13073,13956,15444,7461,7983,3861,1856,2005,
38635,15449,7395,8054,27034,13018,14016,30894,14819,16075,27032,13074,13958,15445,7462,7983,3862,1856,2006,
38640,15452,7396,8056,27038,13019,14019,30901,14822,16079,27036,13075,13961,15448,7463,7985,3862,1856,2006,
38645,15453,7397,8056,27041,13021,14020,30902,14823,16079,27039,13076,13963,15449,7463,7986,3863,1856,2007,
38650,15456,7400,8056,27045,13023,14022,30909,14828,16081,27043,13079,13964,15452,7464,7988,3863,1856,2007,
38655,15457,7400,8057,27048,13024,14024,30910,14829,16081,27046,13080,13966,15453,7465,7988,3864,1856,2008,
38660,15460,7401,8059,27052,13026,14026,30917,14830,16087,27050,13081,13969,15456,7466,7990,3864,1856,2008,
38665,15461,7401,8060,27055,13028,14027,30918,14830,16088,27053,13084,13969,15457,7467,7990,3865,1857,2008,
38670,15464,7403,8061,27059,13029,14030,30925,14833,16092,27057,13086,13971,15460,7469,7991,3865,1857,2008,
38675,15465,7404,8061,27062,13031,14031,30926,14834,16092,27060,13087,13973,15461,7470,7991,3866,1858,2008,
38680,15468,7405,8063,27066,13032,14034,30933,14839,16094,27064,13088,13976,15464,7473,7991,3866,1858,2008,
38685,15469,7405,8064,27069,13034,14035,30934,14839,16095,27067,13088,13979,15465,7474,7991,3867,1859,2008,
38690,15472,7408,8064,27073,13035,14038,30941,14840,16101,27071,13089,13982,15468,7475,7993,3867,1859,2008,
38695,15473,7409,8064,27076,13036,14040,30942,14841,16101,27074,13090,13984,15469,7476,7993,3868,1859,2009,
38700,15476,7410,8066,27080,13037,14043,30949,14842,16107,27078,13092,13986,15472,7478,7994,3868,1859,2009,
38705,15477,7410,8067,27083,13039,14044,30950,14843,16107,27081,13095,13986,15473,7478,7995,3869,1859,2010,
38710,15480,7413,8067,27087,13041,14046,30957,14846,16111,27085,13096,13989,15476,7480,7996,3869,1859,2010,
38715,15481,7413,8068,27090,13041,14049,30958,14846,16112,27088,13098,13990,15477,7480,7997,3870,1859,2011,
38720,15484,7415,8069,27094,13044,14050,30965,14850,16115,27092,13101,13991,15480,7482,7998,3870,1859,2011,
38725,15485,7416,8069,27097,13046,14051,30966,14850,16116,27095,13102,13993,15481,7482,7999,3871,1860,2011,
38730,15488,7418,8070,27101,13048,14053,30973,14853,16120,27099,13104,13995,15484,7484,8000,3871,1860,2011,
38735,15489,7418,8071,27104,13050,14054,30974,14854,16120,27102,13105,13997,15485,7484,8001,3872,1861,2011,
38740,15492,7421,8071,27108,13052,14056,30981,14858,16123,27106,13108,13998,15488,7485,8003,3872,1861,2011,
38745,15493,7421,8072,27111,13054,14057,30982,14858,16124,27109,13110,13999,15489,7486,8003,3873,1861,2012,
38750,15496,7424,8072,27115,13057,14058,30989,14862,16127,27113,13113,14000,15492,7489,8003,3873,1861,2012,
38755,15497,7424,8073,27118,13057,14061,30990,14863,16127,27116,13115,14001,15493,7490,8003,3874,1862,2012,
38760,15500,7424,8076,27122,13059,14063,30997,14867,16130,27120,13117,14003,15496,7491,8005,3874,1862,2012,
38765,15501,7424,8077,27125,13061,14064,30998,14867,16131,27123,13117,14006,15497,7491,8006,3875,1863,2012,
38770,15504,7425,8079,27129,13062,14067,31005,14870,16135,27127,13119,14008,15500,7492,8008,3875,1863,2012,
38775,15505,7426,8079,27132,13063,14069,31006,14871,16135,27130,13119,14011,15501,7493,8008,3876,1864,2012,
38780,15508,7426,8082,27136,13064,14072,31013,14876,16137,27134,13121,14013,15504,7494,8010,3876,1864,2012,
38785,15509,7427,8082,27139,13065,14074,31014,14876,16138,27137,13122,14015,15505,7494,8011,3877,1865,2012,
38790,15512,7428,8084,27143,13067,14076,31021,14878,16143,27141,13122,14019,15508,7496,8012,3877,1865,2012,
38795,15513,7429,8084,27146,13069,14077,31022,14879,16143,27144,13125,14019,15509,7496,8013,3878,1866,2012,
38800,15516,7430,8086,27150,13070,14080,31029,14884,16145,27148,13127,14021,15512,7497,8015,3878,1866,2012,
38805,15517,7430,8087,27153,13071,14082,31030,14884,16146,27151,13127,14024,15513,7497,8016,3879,1867,2012,
38810,15520,7432,8088,27157,13073,14084,31037,14885,16152,27155,13129,14026,15516,7499,8017,3879,1867,2012,
38815,15521,7433,8088,27160,13074,14086,31038,14886,16152,27158,13131,14027,15517,7500,8017,3880,1867,2013,
38820,15524,7434,8090,27164,13078,14086,31045,14891,16154,27162,13133,14029,15520,7501,8019,3880,1867,2013,
38825,15525,7435,8090,27167,13078,14089,31046,14891,16155,27165,13134,14031,15521,7501,8020,3881,1867,2014,
38830,15528,7436,8092,27171,13079,14092,31053,14893,16160,27169,13136,14033,15524,7502,8022,3881,1867,2014,
38835,15529,7436,8093,27174,13081,14093,31054,14894,16160,27172,13137,14035,15525,7503,8022,3882,1868,2014,
38840,15532,7438,8094,27178,13081,14097,31061,14899,16162,27176,13139,14037,15528,7504,8024,3882,1868,2014,
38845,15533,7438,8095,27181,13083,14098,31062,14899,16163,27179,13141,14038,15529,7504,8025,3883,1869,2014,
38850,15536,7440,8096,27185,13084,14101,31069,14901,16168,27183,13142,14041,15532,7506,8026,3883,1869,2014,
38855,15537,7440,8097,27188,13085,14103,31070,14901,16169,27186,13143,14043,15533,7507,8026,3884,1870,2014,
38860,15540,7441,8099,27192,13085,14107,31077,14904,16173,27190,13144,14046,15536,7507,8029,3884,1870,2014,
38865,15541,7441,8100,27195,13088,14107,31078,14905,16173,27193,13146,14047,15537,7508,8029,3885,1871,2014,
38870,15544,7443,8101,27199,13090,14109,31085,14908,16177,27197,13148,14049,15540,7509,8031,3885,1871,2014,
38875,15545,7443,8102,27202,13092,14110,31086,14909,16177,27200,13149,14051,15541,7510,8031,3886,1871,2015,
38880,15548,7444,8104,27206,13095,14111,31093,14913,16180,27204,13151,14053,15544,7513,8031,3886,1871,2015,
38885,15549,7444,8105,27209,13096,14113,31094,14913,16181,27207,13152,14055,15545,7514,8031,3887,1871,2016,
38890,15552,7445,8107,27213,13100,14113,31101,14919,16182,27211,13155,14056,15548,7516,8032,3887,1871,2016,
38895,15553,7445,8108,27216,13101,14115,31102,14919,16183,27214,13157,14057,15549,7516,8033,3888,1872,2016,
38900,15556,7445,8111,27220,13102,14118,31109,14922,16187,27218,13158,14060,15552,7518,8034,3888,1872,2016,
38905,15557,7445,8112,27223,13102,14121,31110,14922,16188,27221,13158,14063,15553,7519,8034,3889,1873,2016,
38910,15560,7447,8113,27227,13103,14124,31117,14928,16189,27225,13160,14065,15556,7521,8035,3889,1873,2016,
38915,15561,7447,8114,27230,13104,14126,31118,14929,16189,27228,13162,14066,15557,7521,8036,3890,1874,2016,
38920,15564,7448,8116,27234,13106,14128,31125,14933,16192,27232,13165,14067,15560,7522,8038,3890,1874,2016,
38925,15565,7448,8117,27237,13107,14130,31126,14934,16192,27235,13165,14070,15561,7522,8039,3891,1874,2017,
38930,15568,7448,8120,27241,13109,14132,31133,14936,16197,27239,13167,14072,15564,7524,8040,3891,1874,2017,
38935,15569,7448,8121,27244,13110,14134,31134,14936,16198,27242,13168,14074,15565,7525,8040,3892,1874,2018,
38940,15572,7448,8124,27248,13111,14137,31141,14940,16201,27246,13169,14077,15568,7527,8041,3892,1874,2018,
38945,15573,7448,8125,27251,13113,14138,31142,14940,16202,27249,13169,14080,15569,7527,8042,3893,1874,2019,
38950,15576,7449,8127,27255,13115,14140,31149,14942,16207,27253,13170,14083,15572,7528,8044,3893,1874,2019,
38955,15577,7450,8127,27258,13117,14141,31150,14943,16207,27256,13170,14086,15573,7529,8044,3894,1874,2020,
38960,15580,7452,8128,27262,13119,14143,31157,14944,16213,27260,13173,14087,15576,7530,8046,3894,1874,2020,
38965,15581,7452,8129,27265,13119,14146,31158,14944,16214,27263,13173,14090,15577,7531,8046,3895,1875,2020,
38970,15584,7453,8131,27269,13121,14148,31165,14948,16217,27267,13175,14092,15580,7532,8048,3895,1875,2020,
38975,15585,7454,8131,27272,13122,14150,31166,14949,16217,27270,13176,14094,15581,7532,8049,3896,1875,2021,
38980,15588,7456,8132,27276,13124,14152,31173,14952,16221,27274,13177,14097,15584,7534,8050,3896,1875,2021,
38985,15589,7457,8132,27279,13124,14155,31174,14953,16221,27277,13178,14099,15585,7534,8051,3897,1876,2021,
38990,15592,7460,8132,27283,13125,14158,31181,14956,16225,27281,13178,14103,15588,7534,8054,3897,1876,2021,
38995,15593,7460,8133,27286,13126,14160,31182,14956,16226,27284,13179,14105,15589,7534,8055,3898,1876,2022,
39000,15596,7462,8134,27290,13129,14161,31189,14960,16229,27288,13180,14108,15592,7535,8057,3898,1876,2022,
39005,15597,7462,8135,27293,13131,14162,31190,14961,16229,27291,13182,14109,15593,7535,8058,3899,1877,2022,
39010,15600,7463,8137,27297,13134,14163,31197,14963,16234,27295,13185,14110,15596,7536,8060,3899,1877,2022,
39015,15601,7463,8138,27300,13135,14165,31198,14964,16234,27298,13188,14110,15597,7537,8060,3900,1877,2023,
39020,15604,7463,8141,27304,13138,14166,31205,14969,16236,27302,13190,14112,15600,7537,8063,3900,1877,2023,
39025,15605,7464,8141,27307,13139,14168,31206,14969,16237,27305,13192,14113,15601,7538,8063,3901,1877,2024,
39030,15608,7466,8142,27311,13141,14170,31213,14972,16241,27309,13194,14115,15604,7538,8066,3901,1877,2024,
39035,15609,7466,8143,27314,13142,14172,31214,14972,16242,27312,13194,14118,15605,7539,8066,3902,1878,2024,
39040,15612,7467,8145,27318,13144,14174,31221,14976,16245,27316,13195,14121,15608,7539,8069,3902,1878,2024,
39045,15613,7467,8146,27321,13146,14175,31222,14976,16246,27319,13197,14122,15609,7539,8070,3903,1879,2024,
39050,15616,7470,8146,27325,13149,14176,31229,14979,16250,27323,13201,14122,15612,7541,8071,3903,1879,2024,
39055,15617,7470,8147,27328,13150,14178,31230,14979,16251,27326,13202,14124,15613,7541,8072,3904,1879,2025,
39060,15620,7472,8148,27332,13152,14180,31237,14982,16255,27330,13203,14127,15616,7542,8074,3904,1879,2025,
39065,15621,7473,8148,27335,13154,14181,31238,14983,16255,27333,13203,14130,15617,7543,8074,3905,1879,2026,
39070,15624,7476,8148,27339,13154,14185,31245,14986,16259,27337,13204,14133,15620,7544,8076,3905,1879,2026,
39075,15625,7477,8148,27342,13155,14187,31246,14986,16260,27340,13204,14136,15621,7545,8076,3906,1880,2026,
39080,15628,7477,8151,27346,13158,14188,31253,14990,16263,27344,13206,14138,15624,7545,8079,3906,1880,2026,
39085,15629,7477,8152,27349,13160,14189,31254,14991,16263,27347,13208,14139,15625,7546,8079,3907,1881,2026,
39090,15632,7477,8155,27353,13161,14192,31261,14996,16265,27351,13210,14141,15628,7547,8081,3907,1881,2026,
39095,15633,7477,8156,27356,13161,14195,31262,14996,16266,27354,13211,14143,15629,7547,8082,3908,1882,2026,
39100,15636,7479,8157,27360,13163,14197,31269,15001,16268,27358,13213,14145,15632,7548,8084,3908,1882,2026,
39105,15637,7479,8158,27363,13165,14198,31270,15001,16269,27361,13214,14147,15633,7548,8085,3909,1882,2027,
39110,15640,7481,8159,27367,13168,14199,31277,15003,16274,27365,13216,14149,15636,7549,8087,3909,1882,2027,
39115,15641,7481,8160,27370,13169,14201,31278,15004,16274,27368,13216,14152,15637,7549,8088,3910,1883,2027,
39120,15644,7481,8163,27374,13171,14203,31285,15005,16280,27372,13218,14154,15640,7550,8090,3910,1883,2027,
39125,15645,7481,8164,27377,13174,14203,31286,15006,16280,27375,13220,14155,15641,7551,8090,3911,1884,2027,
39130,15648,7481,8167,27381,13177,14204,31293,15010,16283,27379,13221,14158,15644,7552,8092,3911,1884,2027,
39135,15649,7482,8167,27384,13177,14207,31294,15011,16283,27382,13222,14160,15645,7553,8092,3912,1885,2027,
39140,15652,7483,8169,27388,13179,14209,31301,15015,16286,27386,13224,14162,15648,7556,8092,3912,1885,2027,
39145,15653,7484,8169,27391,13181,14210,31302,15015,16287,27389,13226,14163,15649,7557,8092,3913,1886,2027,
39150,15656,7487,8169,27395,13182,14213,31309,15019,16290,27393,13229,14164,15652,7559,8093,3913,1886,2027,
39155,15657,7487,8170,27398,13183,14215,31310,15020,16290,27396,13229,14167,15653,7560,8093,3914,1886,2028,
39160,15660,7487,8173,27402,13185,14217,31317,15023,16294,27400,13233,14167,15656,7561,8095,3914,1886,2028,
39165,15661,7487,8174,27405,13187,14218,31318,15023,16295,27403,13235,14168,15657,7561,8096,3915,1887,2028,
39170,15664,7488,8176,27409,13190,14219,31325,15025,16300,27407,13238,14169,15660,7561,8099,3915,1887,2028,
39175,15665,7488,8177,27412,13192,14220,31326,15025,16301,27410,13239,14171,15661,7562,8099,3916,1888,2028,
39180,15668,7489,8179,27416,13196,14220,31333,15029,16304,27414,13239,14175,15664,7564,8100,3916,1888,2028,
39185,15669,7489,8180,27419,13199,14220,31334,15029,16305,27417,13239,14178,15665,7565,8100,3917,1889,2028,
39190,15672,7491,8181,27423,13201,14222,31341,15033,16308,27421,13241,14180,15668,7566,8102,3917,1889,2028,
39195,15673,7491,8182,27426,13201,14225,31342,15033,16309,27424,13242,14182,15669,7566,8103,3918,1889,2029,
39200,15676,7492,8184,27430,13204,14226,31349,15035,16314,27428,13246,14182,15672,7569,8103,3918,1889,2029,
39205,15677,7492,8185,27433,13206,14227,31350,15035,16315,27431,13249,14182,15673,7569,8104,3919,1889,2030,
39210,15680,7494,8186,27437,13207,14230,31357,15038,16319,27435,13251,14184,15676,7571,8105,3919,1889,2030,
39215,15681,7494,8187,27440,13209,14231,31358,15039,16319,27438,13253,14185,15677,7571,8106,3920,1890,2030,
39220,15684,7496,8188,27444,13210,14234,31365,15044,16321,27442,13255,14187,15680,7572,8108,3920,1890,2030,
39225,15685,7496,8189,27447,13213,14234,31366,15045,16321,27445,13257,14188,15681,7573,8108,3921,1890,2031,
39230,15688,7497,8191,27451,13215,14236,31373,15048,16325,27449,13261,14188,15684,7575,8109,3921,1890,2031,
39235,15689,7497,8192,27454,13215,14239,31374,15048,16326,27452,13261,14191,15685,7575,8110,3922,1891,2031,
39240,15692,7498,8194,27458,13216,14242,31381,15053,16328,27456,13262,14194,15688,7578,8110,3922,1891,2031,
39245,15693,7499,8194,27461,13218,14243,31382,15053,16329,27459,13264,14195,15689,7578,8111,3923,1892,2031,
39250,15696,7501,8195,27465,13220,14245,31389,15057,16332,27463,13265,14198,15692,7579,8113,3923,1892,2031,
39255,15697,7502,8195,27468,13222,14246,31390,15058,16332,27466,13267,14199,15693,7579,8114,3924,1892,2032,
39260,15700,7504,8196,27472,13223,14249,31397,15060,16337,27470,13269,14201,15696,7580,8116,3924,1892,2032,
39265,15701,7505,8196,27475,13223,14252,31398,15060,16338,27473,13272,14201,15697,7580,8117,3925,1892,2033,
39270,15704,7506,8198,27479,13224,14255,31405,15064,16341,27477,13274,14203,15700,7582,8118,3925,1892,2033,
39275,15705,7506,8199,27482,13226,14256,31406,15065,16341,27480,13276,14204,15701,7582,8119,3926,1892,2034,
39280,15708,7508,8200,27486,13227,14259,31413,15070,16343,27484,13278,14206,15704,7583,8121,3926,1892,2034,
39285,15709,7508,8201,27489,13229,14260,31414,15070,16344,27487,13279,14208,15705,7584,8121,3927,1893,2034,
39290,15712,7509,8203,27493,13230,14263,31421,15073,16348,27491,13279,14212,15708,7585,8123,3927,1893,2034,
39295,15713,7510,8203,27496,13232,14264,31422,15073,16349,27494,13279,14215,15709,7585,8124,3928,1894,2034,
39300,15716,7511,8205,27500,13235,14265,31429,15074,16355,27498,13282,14216,15712,7588,8124,3928,1894,2034,
39305,15717,7511,8206,27503,13235,14268,31430,15075,16355,27501,13283,14218,15713,7589,8124,3929,1895,2034,
39310,15720,7512,8208,27507,13236,14271,31437,15078,16359,27505,13286,14219,15716,7592,8124,3929,1895,2034,
39315,15721,7512,8209,27510,13239,14271,31438,15078,16360,27508,13287,14221,15717,7593,8124,3930,1896,2034,
39320,15724,7513,8211,27514,13239,14275,31445,15081,16364,27512,13290,14222,15720,7594,8126,3930,1896,2034,
39325,15725,7514,8211,27517,13240,14277,31446,15082,16364,27515,13292,14223,15721,7595,8126,3931,1896,2035,
39330,15728,7515,8213,27521,13242,14279,31453,15084,16369,27519,13294,14225,15724,7596,8128,3931,1896,2035,
39335,15729,7515,8214,27524,13243,14281,31454,15085,16369,27522,13296,14226,15725,7596,8129,3932,1897,2035,
39340,15732,7517,8215,27528,13245,14283,31461,15090,16371,27526,13300,14226,15728,7596,8132,3932,1897,2035,
39345,15733,7518,8215,27531,13247,14284,31462,15090,16372,27529,13302,14227,15729,7596,8133,3933,1898,2035,
39350,15736,7519,8217,27535,13249,14286,31469,15093,16376,27533,13304,14229,15732,7598,8134,3933,1898,2035,
39355,15737,7519,8218,27538,13251,14287,31470,15094,16376,27536,13307,14229,15733,7599,8134,3934,1898,2036,
39360,15740,7522,8218,27542,13253,14289,31477,15100,16377,27540,13309,14231,15736,7601,8135,3934,1898,2036,
39365,15741,7523,8218,27545,13255,14290,31478,15101,16377,27543,13310,14233,15737,7602,8135,3935,1898,2037,
39370,15744,7523,8221,27549,13258,14291,31485,15103,16382,27547,13312,14235,15740,7603,8137,3935,1898,2037,
39375,15745,7524,8221,27552,13260,14292,31486,15103,16383,27550,13313,14237,15741,7603,8138,3936,1898,2038,
39380,15748,7526,8222,27556,13262,14294,31493,15106,16387,27554,13315,14239,15744,7604,8140,3936,1898,2038,
39385,15749,7526,8223,27559,13263,14296,31494,15106,16388,27557,13316,14241,15745,7605,8140,3937,1898,2039,
39390,15752,7527,8225,27563,13265,14298,31501,15109,16392,27561,13318,14243,15748,7607,8141,3937,1898,2039,
39395,15753,7527,8226,27566,13268,14298,31502,15109,16393,27564,13319,14245,15749,7608,8141,3938,1899,2039,
39400,15756,7529,8227,27570,13271,14299,31509,15112,16397,27568,13321,14247,15752,7609,8143,3938,1899,2039,
39405,15757,7529,8228,27573,13272,14301,31510,15113,16397,27571,13323,14248,15753,7609,8144,3939,1899,2040,
39410,15760,7530,8230,27577,13275,14302,31517,15115,16402,27575,13324,14251,15756,7610,8146,3939,1899,2040,
39415,15761,7530,8231,27580,13278,14302,31518,15116,16402,27578,13325,14253,15757,7611,8146,3940,1899,2041,
39420,15764,7532,8232,27584,13280,14304,31525,15120,16405,27582,13327,14255,15760,7613,8147,3940,1899,2041,
39425,15765,7532,8233,27587,13282,14305,31526,15121,16405,27585,13330,14255,15761,7613,8148,3941,1899,2042,
39430,15768,7534,8234,27591,13283,14308,31533,15123,16410,27589,13333,14256,15764,7614,8150,3941,1899,2042,
39435,15769,7534,8235,27594,13283,14311,31534,15123,16411,27592,13335,14257,15765,7615,8150,3942,1900,2042,
39440,15772,7535,8237,27598,13285,14313,31541,15125,16416,27596,13337,14259,15768,7617,8151,3942,1900,2042,
39445,15773,7535,8238,27601,13287,14314,31542,15126,16416,27599,13339,14260,15769,7618,8151,3943,1900,2043,
39450,15776,7535,8241,27605,13289,14316,31549,15131,16418,27603,13340,14263,15772,7620,8152,3943,1900,2043,
39455,15777,7536,8241,27608,13292,14316,31550,15132,16418,27606,13342,14264,15773,7621,8152,3944,1901,2043,
39460,15780,7536,8244,27612,13295,14317,31557,15136,16421,27610,13344,14266,15776,7622,8154,3944,1901,2043,
39465,15781,7536,8245,27615,13296,14319,31558,15136,16422,27613,13345,14268,15777,7623,8154,3945,1901,2044,
39470,15784,7538,8246,27619,13297,14322,31565,15140,16425,27617,13346,14271,15780,7624,8156,3945,1901,2044,
39475,15785,7539,8246,27622,13299,14323,31566,15140,16426,27620,13346,14274,15781,7624,8157,3946,1902,2044,
39480,15788,7541,8247,27626,13300,14326,31573,15142,16431,27624,13346,14278,15784,7626,8158,3946,1902,2044,
39485,15789,7541,8248,27629,13301,14328,31574,15142,16432,27627,13348,14279,15785,7627,8158,3947,1902,2045,
39490,15792,7542,8250,27633,13303,14330,31581,15146,16435,27631,13349,14282,15788,7627,8161,3947,1902,2045,
39495,15793,7542,8251,27636,13304,14332,31582,15147,16435,27634,13350,14284,15789,7627,8162,3948,1903,2045,
39500,15796,7544,8252,27640,13305,14335,31589,15152,16437,27638,13352,14286,15792,7630,8162,3948,1903,2045,
39505,15797,7544,8253,27643,13306,14337,31590,15153,16437,27641,13355,14286,15793,7630,8163,3949,1903,2046,
39510,15800,7546,8254,27647,13306,14341,31597,15155,16442,27645,13357,14288,15796,7632,8164,3949,1903,2046,
39515,15801,7547,8254,27650,13308,14342,31598,15155,16443,27648,13360,14288,15797,7633,8164,3950,1904,2046,
39520,15804,7548,8256,27654,13310,14344,31605,15157,16448,27652,13362,14290,15800,7634,8166,3950,1904,2046,
39525,15805,7548,8257,27657,13311,14346,31606,15158,16448,27655,13363,14292,15801,7635,8166,3951,1905,2046,
39530,15808,7550,8258,27661,13312,14349,31613,15161,16452,27659,13365,14294,15804,7638,8166,3951,1905,2046,
39535,15809,7551,8258,27664,13313,14351,31614,15161,16453,27662,13366,14296,15805,7638,8167,3952,1905,2047,
39540,15812,7551,8261,27668,13316,14352,31621,15164,16457,27666,13369,14297,15808,7641,8167,3952,1905,2047,
39545,15813,7552,8261,27671,13318,14353,31622,15165,16457,27669,13369,14300,15809,7641,8168,3953,1906,2047,
39550,15816,7554,8262,27675,13320,14355,31629,15168,16461,27673,13370,14303,15812,7642,8170,3953,1906,2047,
39555,15817,7554,8263,27678,13322,14356,31630,15169,16461,27676,13371,14305,15813,7642,8171,3954,1907,2047,
39560,15820,7555,8265,27682,13322,14360,31637,15173,16464,27680,13373,14307,15816,7643,8173,3954,1907,2047,
39565,15821,7555,8266,27685,13323,14362,31638,15174,16464,27683,13375,14308,15817,7643,8174,3955,1907,2048,
39570,15824,7557,8267,27689,13325,14364,31645,15178,16467,27687,13377,14310,15820,7643,8177,3955,1907,2048,
39575,15825,7557,8268,27692,13327,14365,31646,15178,16468,27690,13379,14311,15821,7643,8178,3956,1907,2049,
39580,15828,7560,8268,27696,13328,14368,31653,15180,16473,27694,13381,14313,15824,7644,8180,3956,1907,2049,
39585,15829,7560,8269,27699,13328,14371,31654,15180,16474,27697,13384,14313,15825,7644,8181,3957,1908,2049,
39590,15832,7561,8271,27703,13331,14372,31661,15185,16476,27701,13387,14314,15828,7646,8182,3957,1908,2049,
39595,15833,7561,8272,27706,13332,14374,31662,15185,16477,27704,13388,14316,15829,7647,8182,3958,1909,2049,
39600,15836,7563,8273,27710,13335,14375,31669,15190,16479,27708,13389,14319,15832,7648,8184,3958,1909,2049,
39605,15837,7563,8274,27713,13336,14377,31670,15191,16479,27711,13392,14319,15833,7648,8185,3959,1910,2049,
39610,15840,7563,8277,27717,13337,14380,31677,15193,16484,27715,13394,14321,15836,7650,8186,3959,1910,2049,
39615,15841,7564,8277,27720,13339,14381,31678,15194,16484,27718,13395,14323,15837,7650,8187,3960,1911,2049,
39620,15844,7566,8278,27724,13342,14382,31685,15198,16487,27722,13396,14326,15840,7651,8189,3960,1911,2049,
39625,15845,7566,8279,27727,13345,14382,31686,15198,16488,27725,13396,14329,15841,7652,8189,3961,1911,2050,
39630,15848,7567,8281,27731,13349,14382,31693,15199,16494,27729,13398,14331,15844,7653,8191,3961,1911,2050,
39635,15849,7568,8281,27734,13351,14383,31694,15199,16495,27732,13400,14332,15845,7653,8192,3962,1911,2051,
39640,15852,7570,8282,27738,13352,14386,31701,15201,16500,27736,13403,14333,15848,7656,8192,3962,1911,2051,
39645,15853,7571,8282,27741,13354,14387,31702,15202,16500,27739,13404,14335,15849,7656,8193,3963,1911,2052,
39650,15856,7572,8284,27745,13357,14388,31709,15205,16504,27743,13406,14337,15852,7657,8195,3963,1911,2052,
39655,15857,7573,8284,27748,13358,14390,31710,15206,16504,27746,13408,14338,15853,7658,8195,3964,1911,2053,
39660,15860,7574,8286,27752,13361,14391,31717,15211,16506,27750,13412,14338,15856,7660,8196,3964,1911,2053,
39665,15861,7575,8286,27755,13362,14393,31718,15212,16506,27753,13413,14340,15857,7660,8197,3965,1911,2054,
39670,15864,7578,8286,27759,13365,14394,31725,15216,16509,27757,13415,14342,15860,7663,8197,3965,1911,2054,
39675,15865,7578,8287,27762,13366,14396,31726,15216,16510,27760,13416,14344,15861,7664,8197,3966,1912,2054,
39680,15868,7579,8289,27766,13368,14398,31733,15222,16511,27764,13419,14345,15864,7664,8200,3966,1912,2054,
39685,15869,7580,8289,27769,13369,14400,31734,15222,16512,27767,13419,14348,15865,7664,8201,3967,1912,2055,
39690,15872,7582,8290,27773,13369,14404,31741,15227,16514,27771,13421,14350,15868,7665,8203,3967,1912,2055,
39695,15873,7583,8290,27776,13370,14406,31742,15227,16515,27774,13423,14351,15869,7665,8204,3968,1913,2055,
39700,15876,7584,8292,27780,13371,14409,31749,15233,16516,27778,13424,14354,15872,7666,8206,3968,1913,2055,
39705,15877,7584,8293,27783,13373,14410,31750,15233,16517,27781,13426,14355,15873,7667,8206,3969,1914,2055,
39710,15880,7584,8296,27787,13377,14410,31757,15237,16520,27785,13427,14358,15876,7667,8209,3969,1914,2055,
39715,15881,7584,8297,27790,13379,14411,31758,15238,16520,27788,13427,14361,15877,7667,8210,3970,1914,2056,
39720,15884,7585,8299,27794,13381,14413,31765,15243,16522,27792,13430,14362,15880,7669,8211,3970,1914,2056,
39725,15885,7585,8300,27797,13382,14415,31766,15243,16523,27795,13432,14363,15881,7669,8212,3971,1915,2056,
39730,15888,7587,8301,27801,13384,14417,31773,15247,16526,27799,13433,14366,15884,7670,8214,3971,1915,2056,
39735,15889,7587,8302,27804,13386,14418,31774,15248,16526,27802,13435,14367,15885,7671,8214,3972,1916,2056,
39740,15892,7588,8304,27808,13386,14422,31781,15251,16530,27806,13436,14370,15888,7674,8214,3972,1916,2056,
39745,15893,7588,8305,27811,13388,14423,31782,15251,16531,27809,13437,14372,15889,7675,8214,3973,1916,2057,
39750,15896,7590,8306,27815,13390,14425,31789,15253,16536,27813,13440,14373,15892,7677,8215,3973,1916,2057,
39755,15897,7591,8306,27818,13391,14427,31790,15253,16537,27816,13442,14374,15893,7677,8216,3974,1917,2057,
39760,15900,7591,8309,27822,13393,14429,31797,15255,16542,27820,13443,14377,15896,7678,8218,3974,1917,2057,
39765,15901,7591,8310,27825,13395,14430,31798,15255,16543,27823,13446,14377,15897,7678,8219,3975,1917,2058,
39770,15904,7593,8311,27829,13396,14433,31805,15256,16549,27827,13447,14380,15900,7681,8219,3975,1917,2058,
39775,15905,7594,8311,27832,13398,14434,31806,15257,16549,27830,13450,14380,15901,7681,8220,3976,1918,2058,
39780,15908,7596,8312,27836,13400,14436,31813,15260,16553,27834,13452,14382,15904,7682,8222,3976,1918,2058,
39785,15909,7596,8313,27839,13402,14437,31814,15261,16553,27837,13454,14383,15905,7682,8223,3977,1919,2058,
39790,15912,7598,8314,27843,13403,14440,31821,15267,16554,27841,13455,14386,15908,7684,8224,3977,1919,2058,
39795,15913,7598,8315,27846,13405,14441,31822,15268,16554,27844,13457,14387,15909,7685,8224,3978,1920,2058,
39800,15916,7600,8316,27850,13407,14443,31829,15273,16556,27848,13460,14388,15912,7687,8225,3978,1920,2058,
39805,15917,7601,8316,27853,13410,14443,31830,15274,16556,27851,13462,14389,15913,7688,8225,3979,1921,2058,
39810,15920,7602,8318,27857,13414,14443,31837,15279,16558,27855,13464,14391,15916,7690,8226,3979,1921,2058,
39815,15921,7603,8318,27860,13415,14445,31838,15280,16558,27858,13464,14394,15917,7691,8226,3980,1921,2059,
39820,15924,7606,8318,27864,13418,14446,31845,15282,16563,27862,13466,14396,15920,7693,8227,3980,1921,2059,
39825,15925,7607,8318,27867,13418,14449,31846,15282,16564,27865,13467,14398,15921,7694,8227,3981,1921,2060,
39830,15928,7607,8321,27871,13420,14451,31853,15284,16569,27869,13468,14401,15924,7696,8228,3981,1921,2060,
39835,15929,7608,8321,27874,13421,14453,31854,15285,16569,27872,13469,14403,15925,7696,8229,3982,1922,2060,
39840,15932,7609,8323,27878,13422,14456,31861,15286,16575,27876,13471,14405,15928,7698,8230,3982,1922,2060,
39845,15933,7609,8324,27881,13424,14457,31862,15286,16576,27879,13472,14407,15929,7698,8231,3983,1923,2060,
39850,15936,7611,8325,27885,13425,14460,31869,15293,16576,27883,13474,14409,15932,7700,8232,3983,1923,2060,
39855,15937,7612,8325,27888,13428,14460,31870,15293,16577,27886,13476,14410,15933,7700,8233,3984,1923,2061,
39860,15940,7614,8326,27892,13429,14463,31877,15298,16579,27890,13480,14410,15936,7701,8235,3984,1923,2061,
39865,15941,7614,8327,27895,13430,14465,31878,15299,16579,27893,13481,14412,15937,7701,8236,3985,1923,2062,
39870,15944,7615,8329,27899,13431,14468,31885,15304,16581,27897,13482,14415,15940,7702,8238,3985,1923,2062,
39875,15945,7616,8329,27902,13432,14470,31886,15304,16582,27900,13483,14417,15941,7703,8238,3986,1924,2062,
39880,15948,7618,8330,27906,13434,14472,31893,15308,16585,27904,13486,14418,15944,7704,8240,3986,1924,2062,
39885,15949,7618,8331,27909,13437,14472,31894,15308,16586,27907,13487,14420,15945,7704,8241,3987,1925,2062,
39890,15952,7618,8334,27913,13438,14475,31901,15310,16591,27911,13490,14421,15948,7706,8242,3987,1925,2062,
39895,15953,7619,8334,27916,13441,14475,31902,15311,16591,27914,13493,14421,15949,7706,8243,3988,1925,2063,
39900,15956,7620,8336,27920,13443,14477,31909,15314,16595,27918,13496,14422,15952,7707,8245,3988,1925,2063,
39905,15957,7620,8337,27923,13445,14478,31910,15314,16596,27921,13497,14424,15953,7707,8246,3989,1925,2064,
39910,15960,7622,8338,27927,13446,14481,31917,15317,16600,27925,13499,14426,15956,7708,8248,3989,1925,2064,
39915,15961,7623,8338,27930,13447,14483,31918,15318,16600,27928,13500,14428,15957,7708,8249,3990,1925,2065,
39920,15964,7625,8339,27934,13448,14486,31925,15321,16604,27932,13501,14431,15960,7709,8251,3990,1925,2065,
39925,15965,7625,8340,27937,13449,14488,31926,15322,16604,27935,13503,14432,15961,7709,8252,3991,1925,2066,
39930,15968,7626,8342,27941,13453,14488,31933,15324,16609,27939,13505,14434,15964,7712,8252,3991,1925,2066,
39935,15969,7627,8342,27944,13455,14489,31934,15325,16609,27942,13506,14436,15965,7713,8252,3992,1926,2066,
39940,15972,7629,8343,27948,13458,14490,31941,15327,16614,27946,13510,14436,15968,7713,8255,3992,1926,2066,
39945,15973,7629,8344,27951,13461,14490,31942,15328,16614,27949,13512,14437,15969,7714,8255,3993,1926,2067,
39950,15976,7631,8345,27955,13463,14492,31949,15331,16618,27953,13514,14439,15972,7714,8258,3993,1926,2067,
39955,15977,7631,8346,27958,13464,14494,31950,15331,16619,27956,13515,14441,15973,7715,8258,3994,1927,2067,
39960,15980,7632,8348,27962,13466,14496,31957,15335,16622,27960,13517,14443,15976,7717,8259,3994,1927,2067,
39965,15981,7632,8349,27965,13467,14498,31958,15336,16622,27963,13519,14444,15977,7717,8260,3995,1928,2067,
39970,15984,7632,8352,27969,13468,14501,31965,15339,16626,27967,13522,14445,15980,7719,8261,3995,1928,2067,
39975,15985,7633,8352,27972,13470,14502,31966,15340,16626,27970,13522,14448,15981,7720,8261,3996,1928,2068,
39980,15988,7636,8352,27976,13473,14503,31973,15343,16630,27974,13522,14452,15984,7721,8263,3996,1928,2068,
39985,15989,7636,8353,27979,13473,14506,31974,15343,16631,27977,13523,14454,15985,7722,8263,3997,1928,2069,
39990,15992,7638,8354,27983,13475,14508,31981,15345,16636,27981,13524,14457,15988,7723,8265,3997,1928,2069,
39995,15993,7638,8355,27986,13476,14510,31982,15346,16636,27984,13525,14459,15989,7724,8265,3998,1928,2070,
40000,15996,7640,8356,27990,13478,14512,31989,15347,16642,27988,13526,14462,15992,7726,8266,3998,1928,2070,
40005,15997,7640,8357,27993,13479,14514,31990,15348,16642,27991,13526,14465,15993,7726,8267,3999,1928,2071,
40010,16000,7642,8358,27997,13481,14516,31997,15352,16645,27995,13527,14468,15996,7727,8269,3999,1928,2071,
40015,16001,7642,8359,28000,13484,14516,31998,15352,16646,27998,13528,14470,15997,7727,8270,4000,1929,2071,
40020,16004,7642,8362,28004,13487,14517,32005,15356,16649,28002,13528,14474,16000,7727,8273,4000,1929,2071,
40025,16005,7642,8363,28007,13488,14519,32006,15357,16649,28005,13528,14477,16001,7728,8273,4001,1929,2072,
40030,16008,7643,8365,28011,13489,14522,32013,15361,16652,28009,13530,14479,16004,7731,8273,4001,1929,2072,
40035,16009,7644,8365,28014,13491,14523,32014,15362,16652,28012,13531,14481,16005,7731,8274,4002,1929,2073,
40040,16012,7645,8367,28018,13492,14526,32021,15366,16655,28016,13532,14484,16008,7732,8276,4002,1929,2073,
40045,16013,7646,8367,28021,13492,14529,32022,15367,16655,28019,13533,14486,16009,7732,8277,4003,1930,2073,
40050,16016,7647,8369,28025,13494,14531,32029,15369,16660,28023,13535,14488,16012,7732,8280,4003,1930,2073,
40055,16017,7648,8369,28028,13496,14532,32030,15369,16661,28026,13537,14489,16013,7732,8281,4004,1930,2074,
40060,16020,7651,8369,28032,13498,14534,32037,15372,16665,28030,13538,14492,16016,7733,8283,4004,1930,2074,
40065,16021,7651,8370,28035,13501,14534,32038,15373,16665,28033,13539,14494,16017,7733,8284,4005,1930,2075,
40070,16024,7652,8372,28039,13503,14536,32045,15377,16668,28037,13542,14495,16020,7735,8285,4005,1930,2075,
40075,16025,7653,8372,28042,13505,14537,32046,15378,16668,28040,13544,14496,16021,7735,8286,4006,1931,2075,
40080,16028,7655,8373,28046,13506,14540,32053,15382,16671,28044,13546,14498,16024,7736,8288,4006,1931,2075,
40085,16029,7655,8374,28049,13507,14542,32054,15382,16672,28047,13547,14500,16025,7736,8289,4007,1932,2075,
40090,16032,7657,8375,28053,13510,14543,32061,15386,16675,28051,13549,14502,16028,7737,8291,4007,1932,2075,
40095,16033,7657,8376,28056,13513,14543,32062,15386,16676,28054,13552,14502,16029,7737,8292,4008,1933,2075,
40100,16036,7660,8376,28060,13515,14545,32069,15389,16680,28058,13555,14503,16032,7740,8292,4008,1933,2075,
40105,16037,7660,8377,28063,13517,14546,32070,15389,16681,28061,13556,14505,16033,7740,8293,4009,1934,2075,
40110,16040,7661,8379,28067,13520,14547,32077,15392,16685,28065,13557,14508,16036,7743,8293,4009,1934,2075,
40115,16041,7661,8380,28070,13522,14548,32078,15393,16685,28068,13559,14509,16037,7743,8294,4010,1934,2076,
40120,16044,7663,8381,28074,13524,14550,32085,15395,16690,28072,13559,14513,16040,7744,8296,4010,1934,2076,
40125,16045,7664,8381,28077,13526,14551,32086,15395,16691,28075,13560,14515,16041,7744,8297,4011,1934,2077,
40130,16048,7666,8382,28081,13527,14554,32093,15398,16695,28079,13563,14516,16044,7746,8298,4011,1934,2077,
40135,16049,7666,8383,28084,13529,14555,32094,15399,16695,28082,13564,14518,16045,7747,8298,4012,1934,2078,
40140,16052,7667,8385,28088,13531,14557,32101,15402,16699,28086,13567,14519,16048,7749,8299,4012,1934,2078,
40145,16053,7668,8385,28091,13533,14558,32102,15403,16699,28089,13569,14520,16049,7750,8299,4013,1934,2079,
40150,16056,7670,8386,28095,13536,14559,32109,15408,16701,28093,13571,14522,16052,7752,8300,4013,1934,2079,
40155,16057,7670,8387,28098,13537,14561,32110,15408,16702,28096,13574,14522,16053,7752,8301,4014,1934,2080,
40160,16060,7672,8388,28102,13539,14563,32117,15410,16707,28100,13576,14524,16056,7753,8303,4014,1934,2080,
40165,16061,7672,8389,28105,13540,14565,32118,15411,16707,28103,13577,14526,16057,7754,8303,4015,1934,2081,
40170,16064,7674,8390,28109,13540,14569,32125,15415,16710,28107,13577,14530,16060,7755,8305,4015,1934,2081,
40175,16065,7674,8391,28112,13540,14572,32126,15415,16711,28110,13578,14532,16061,7755,8306,4016,1935,2081,
40180,16068,7674,8394,28116,13542,14574,32133,15420,16713,28114,13579,14535,16064,7758,8306,4016,1935,2081,
40185,16069,7675,8394,28119,13542,14577,32134,15420,16714,28117,13580,14537,16065,7759,8306,4017,1936,2081,
40190,16072,7675,8397,28123,13545,14578,32141,15424,16717,28121,13582,14539,16068,7760,8308,4017,1936,2081,
40195,16073,7675,8398,28126,13547,14579,32142,15425,16717,28124,13584,14540,16069,7760,8309,4018,1937,2081,
40200,16076,7676,8400,28130,13548,14582,32149,15429,16720,28128,13585,14543,16072,7762,8310,4018,1937,2081,
40205,16077,7677,8400,28133,13550,14583,32150,15430,16720,28131,13587,14544,16073,7763,8310,4019,1938,2081,
40210,16080,7678,8402,28137,13552,14585,32157,15433,16724,28135,13589,14546,16076,7765,8311,4019,1938,2081,
40215,16081,7679,8402,28140,13554,14586,32158,15434,16724,28138,13590,14548,16077,7766,8311,4020,1938,2082,
40220,16084,7680,8404,28144,13557,14587,32165,15439,16726,28142,13592,14550,16080,7768,8312,4020,1938,2082,
40225,16085,7681,8404,28147,13558,14589,32166,15439,16727,28145,13593,14552,16081,7769,8312,4021,1938,2083,
40230,16088,7683,8405,28151,13559,14592,32173,15443,16730,28149,13596,14553,16084,7771,8313,4021,1938,2083,
40235,16089,7683,8406,28154,13562,14592,32174,15444,16730,28152,13597,14555,16085,7772,8313,4022,1938,2084,
40240,16092,7683,8409,28158,13564,14594,32181,15446,16735,28156,13598,14558,16088,7774,8314,4022,1938,2084,
40245,16093,7684,8409,28161,13566,14595,32182,15447,16735,28159,13599,14560,16089,7774,8315,4023,1939,2084,
40250,16096,7686,8410,28165,13568,14597,32189,15449,16740,28163,13601,14562,16092,7775,8317,4023,1939,2084,
40255,16097,7687,8410,28168,13569,14599,32190,15450,16740,28166,13602,14564,16093,7776,8317,4024,1939,2085,
40260,16100,7688,8412,28172,13569,14603,32197,15452,16745,28170,13605,14565,16096,7778,8318,4024,1939,2085,
40265,16101,7689,8412,28175,13571,14604,32198,15453,16745,28173,13605,14568,16097,7779,8318,4025,1939,2086,
40270,16104,7689,8415,28179,13575,14604,32205,15456,16749,28177,13606,14571,16100,7780,8320,4025,1939,2086,
40275,16105,7690,8415,28182,13576,14606,32206,15457,16749,28180,13607,14573,16101,7781,8320,4026,1940,2086,
40280,16108,7691,8417,28186,13578,14608,32213,15461,16752,28184,13608,14576,16104,7782,8322,4026,1940,2086,
40285,16109,7692,8417,28189,13579,14610,32214,15462,16752,28187,13608,14579,16105,7782,8323,4027,1940,2087,
40290,16112,7693,8419,28193,13582,14611,32221,15466,16755,28191,13610,14581,16108,7783,8325,4027,1940,2087,
40295,16113,7694,8419,28196,13583,14613,32222,15466,16756,28194,13613,14581,16109,7783,8326,4028,1940,2088,
40300,16116,7695,8421,28200,13585,14615,32229,15469,16760,28198,13615,14583,16112,7786,8326,4028,1940,2088,
40305,16117,7696,8421,28203,13586,14617,32230,15470,16760,28201,13617,14584,16113,7787,8326,4029,1940,2089,
40310,16120,7696,8424,28207,13587,14620,32237,15473,16764,28205,13618,14587,16116,7789,8327,4029,1940,2089,
40315,16121,7696,8425,28210,13589,14621,32238,15474,16764,28208,13619,14589,16117,7789,8328,4030,1940,2090,
40320,16124,7699,8425,28214,13592,14622,32245,15478,16767,28212,13621,14591,16120,7791,8329,4030,1940,2090,
40325,16125,7700,8425,28217,13593,14624,32246,15479,16767,28215,13623,14592,16121,7791,8330,4031,1941,2090,
40330,16128,7701,8427,28221,13595,14626,32253,15483,16770,28219,13626,14593,16124,7793,8331,4031,1941,2090,
40335,16129,7701,8428,28224,13597,14627,32254,15483,16771,28222,13628,14594,16125,7793,8332,4032,1941,2091,
40340,16132,7703,8429,28228,13600,14628,32261,15487,16774,28226,13630,14596,16128,7795,8333,4032,1941,2091,
40345,16133,7703,8430,28231,13602,14629,32262,15488,16774,28229,13631,14598,16129,7796,8333,4033,1941,2092,
40350,16136,7705,8431,28235,13603,14632,32269,15493,16776,28233,13634,14599,16132,7797,8335,4033,1941,2092,
40355,16137,7705,8432,28238,13603,14635,32270,15493,16777,28236,13634,14602,16133,7797,8336,4034,1942,2092,
40360,16140,7706,8434,28242,13604,14638,32277,15497,16780,28240,13637,14603,16136,7799,8337,4034,1942,2092,
40365,16141,7707,8434,28245,13606,14639,32278,15497,16781,28243,13640,14603,16137,7800,8337,4035,1943,2092,
40370,16144,7709,8435,28249,13607,14642,32285,15501,16784,28247,13640,14607,16140,7800,8340,4035,1943,2092,
40375,16145,7710,8435,28252,13609,14643,32286,15502,16784,28250,13642,14608,16141,7800,8341,4036,1944,2092,
40380,16148,7711,8437,28256,13611,14645,32293,15507,16786,28254,13644,14610,16144,7803,8341,4036,1944,2092,
40385,16149,7712,8437,28259,13613,14646,32294,15508,16786,28257,13646,14611,16145,7804,8341,4037,1945,2092,
40390,16152,7713,8439,28263,13617,14646,32301,15512,16789,28261,13649,14612,16148,7805,8343,4037,1945,2092,
40395,16153,7713,8440,28266,13619,14647,32302,15513,16789,28264,13650,14614,16149,7806,8343,4038,1945,2093,
40400,16156,7713,8443,28270,13620,14650,32309,15514,16795,28268,13653,14615,16152,7808,8344,4038,1945,2093,
40405,16157,7714,8443,28273,13622,14651,32310,15515,16795,28271,13654,14617,16153,7808,8345,4039,1946,2093,
40410,16160,7717,8443,28277,13623,14654,32317,15518,16799,28275,13657,14618,16156,7810,8346,4039,1946,2093,
40415,16161,7718,8443,28280,13625,14655,32318,15519,16799,28278,13658,14620,16157,7810,8347,4040,1946,2094,
40420,16164,7719,8445,28284,13626,14658,32325,15522,16803,28282,13661,14621,16160,7810,8350,4040,1946,2094,
40425,16165,7720,8445,28287,13627,14660,32326,15522,16804,28285,13661,14624,16161,7811,8350,4041,1947,2094,
40430,16168,7722,8446,28291,13629,14662,32333,15524,16809,28289,13661,14628,16164,7811,8353,4041,1947,2094,
40435,16169,7723,8446,28294,13630,14664,32334,15524,16810,28292,13661,14631,16165,7811,8354,4042,1948,2094,
40440,16172,7726,8446,28298,13632,14666,32341,15527,16814,28296,13662,14634,16168,7813,8355,4042,1948,2094,
40445,16173,7727,8446,28301,13633,14668,32342,15527,16815,28299,13665,14634,16169,7813,8356,4043,1948,2095,
40450,16176,7729,8447,28305,13635,14670,32349,15532,16817,28303,13665,14638,16172,7815,8357,4043,1948,2095,
40455,16177,7729,8448,28308,13637,14671,32350,15533,16817,28306,13667,14639,16173,7815,8358,4044,1948,2096,
40460,16180,7730,8450,28312,13640,14672,32357,15534,16823,28310,13670,14640,16176,7818,8358,4044,1948,2096,
40465,16181,7731,8450,28315,13641,14674,32358,15534,16824,28313,13672,14641,16177,7819,8358,4045,1948,2097,
40470,16184,7733,8451,28319,13643,14676,32365,15537,16828,28317,13674,14643,16180,7822,8358,4045,1948,2097,
40475,16185,7733,8452,28322,13644,14678,32366,15538,16828,28320,13675,14645,16181,7822,8359,4046,1948,2098,
40480,16188,7734,8454,28326,13644,14682,32373,15542,16831,28324,13677,14647,16184,7824,8360,4046,1948,2098,
40485,16189,7735,8454,28329,13646,14683,32374,15542,16832,28327,13679,14648,16185,7824,8361,4047,1949,2098,
40490,16192,7737,8455,28333,13647,14686,32381,15546,16835,28331,13682,14649,16188,7826,8362,4047,1949,2098,
40495,16193,7737,8456,28336,13649,14687,32382,15546,16836,28334,13683,14651,16189,7826,8363,4048,1949,2099,
40500,16196,7739,8457,28340,13651,14689,32389,15550,16839,28338,13686,14652,16192,7827,8365,4048,1949,2099,
40505,16197,7739,8458,28343,13652,14691,32390,15550,16840,28341,13687,14654,16193,7827,8366,4049,1950,2099,
40510,16200,7741,8459,28347,13655,14692,32397,15553,16844,28345,13688,14657,16196,7830,8366,4049,1950,2099,
40515,16201,7741,8460,28350,13657,14693,32398,15553,16845,28348,13688,14660,16197,7830,8367,4050,1950,2100,
40520,16204,7743,8461,28354,13658,14696,32405,15558,16847,28352,13690,14662,16200,7832,8368,4050,1950,2100,
40525,16205,7743,8462,28357,13660,14697,32406,15559,16847,28355,13691,14664,16201,7833,8368,4051,1951,2100,
40530,16208,7744,8464,28361,13663,14698,32413,15562,16851,28359,13693,14666,16204,7835,8369,4051,1951,2100,
40535,16209,7744,8465,28364,13663,14701,32414,15563,16851,28362,13695,14667,16205,7836,8369,4052,1952,2100,
40540,16212,7744,8468,28368,13665,14703,32421,15567,16854,28366,13697,14669,16208,7837,8371,4052,1952,2100,
40545,16213,7745,8468,28371,13668,14703,32422,15567,16855,28369,13699,14670,16209,7838,8371,4053,1953,2100,
40550,16216,7747,8469,28375,13671,14704,32429,15570,16859,28373,13700,14673,16212,7839,8373,4053,1953,2100,
40555,16217,7748,8469,28378,13673,14705,32430,15570,16860,28376,13701,14675,16213,7840,8373,4054,1954,2100,
40560,16220,7749,8471,28382,13676,14706,32437,15572,16865,28380,13703,14677,16216,7841,8375,4054,1954,2100,
40565,16221,7750,8471,28385,13678,14707,32438,15572,16866,28383,13705,14678,16217,7841,8376,4055,1954,2101,
40570,16224,7752,8472,28389,13679,14710,32445,15575,16870,28387,13707,14680,16220,7844,8376,4055,1954,2101,
40575,16225,7753,8472,28392,13681,14711,32446,15575,16871,28390,13708,14682,16221,7844,8377,4056,1954,2102,
40580,16228,7753,8475,28396,13683,14713,32453,15578,16875,28394,13710,14684,16224,7845,8379,4056,1954,2102,
40585,16229,7753,8476,28399,13685,14714,32454,15579,16875,28397,13711,14686,16225,7845,8380,4057,1955,2102,
40590,16232,7754,8478,28403,13686,14717,32461,15581,16880,28401,13714,14687,16228,7846,8382,4057,1955,2102,
40595,16233,7755,8478,28406,13687,14719,32462,15581,16881,28404,13717,14687,16229,7847,8382,4058,1956,2102,
40600,16236,7757,8479,28410,13689,14721,32469,15585,16884,28408,13718,14690,16232,7847,8385,4058,1956,2102,
40605,16237,7758,8479,28413,13692,14721,32470,15585,16885,28411,13720,14691,16233,7848,8385,4059,1957,2102,
40610,16240,7758,8482,28417,13695,14722,32477,15590,16887,28415,13722,14693,16236,7850,8386,4059,1957,2102,
40615,16241,7758,8483,28420,13695,14725,32478,15591,16887,28418,13723,14695,16237,7850,8387,4060,1958,2102,
40620,16244,7760,8484,28424,13696,14728,32485,15595,16890,28422,13724,14698,16240,7851,8389,4060,1958,2102,
40625,16245,7761,8484,28427,13699,14728,32486,15596,16890,28425,13725,14700,16241,7852,8389,4061,1959,2102,
40630,16248,7762,8486,28431,13701,14730,32493,15599,16894,28429,13728,14701,16244,7852,8392,4061,1959,2102,
40635,16249,7763,8486,28434,13703,14731,32494,15600,16894,28432,13731,14701,16245,7852,8393,4062,1959,2103,
40640,16252,7764,8488,28438,13705,14733,32501,15605,16896,28436,13733,14703,16248,7853,8395,4062,1959,2103,
40645,16253,7764,8489,28441,13707,14734,32502,15606,16896,28439,13733,14706,16249,7854,8395,4063,1959,2104,
40650,16256,7766,8490,28445,13709,14736,32509,15610,16899,28443,13736,14707,16252,7856,8396,4063,1959,2104,
40655,16257,7766,8491,28448,13712,14736,32510,15610,16900,28446,13738,14708,16253,7857,8396,4064,1960,2104,
40660,16260,7767,8493,28452,13714,14738,32517,15615,16902,28450,13739,14711,16256,7859,8397,4064,1960,2104,
40665,16261,7767,8494,28455,13716,14739,32518,15615,16903,28453,13741,14712,16257,7859,8398,4065,1961,2104,
40670,16264,7770,8494,28459,13716,14743,32525,15619,16906,28457,13743,14714,16260,7862,8398,4065,1961,2104,
40675,16265,7771,8494,28462,13717,14745,32526,15620,16906,28460,13743,14717,16261,7863,8398,4066,1961,2105,
40680,16268,7772,8496,28466,13719,14747,32533,15625,16908,28464,13746,14718,16264,7865,8399,4066,1961,2105,
40685,16269,7772,8497,28469,13720,14749,32534,15626,16908,28467,13747,14720,16265,7865,8400,4067,1962,2105,
40690,16272,7773,8499,28473,13721,14752,32541,15629,16912,28471,13748,14723,16268,7866,8402,4067,1962,2105,
40695,16273,7774,8499,28476,13721,14755,32542,15629,16913,28474,13750,14724,16269,7866,8403,4068,1963,2105,
40700,16276,7776,8500,28480,13724,14756,32549,15633,16916,28478,13751,14727,16272,7866,8406,4068,1963,2105,
40705,16277,7777,8500,28483,13724,14759,32550,15634,16916,28481,13753,14728,16273,7866,8407,4069,1963,2106,
40710,16280,7778,8502,28487,13725,14762,32557,15636,16921,28485,13753,14732,16276,7868,8408,4069,1963,2106,
40715,16281,7778,8503,28490,13726,14764,32558,15637,16921,28488,13756,14732,16277,7868,8409,4070,1964,2106,
40720,16284,7780,8504,28494,13726,14768,32565,15640,16925,28492,13758,14734,16280,7868,8412,4070,1964,2106,
40725,16285,7780,8505,28497,13727,14770,32566,15641,16925,28495,13758,14737,16281,7868,8413,4071,1964,2107,
40730,16288,7782,8506,28501,13728,14773,32573,15644,16929,28499,13760,14739,16284,7869,8415,4071,1964,2107,
40735,16289,7782,8507,28504,13728,14776,32574,15645,16929,28502,13762,14740,16285,7870,8415,4072,1965,2107,
40740,16292,7783,8509,28508,13729,14779,32581,15649,16932,28506,13763,14743,16288,7873,8415,4072,1965,2107,
40745,16293,7783,8510,28511,13730,14781,32582,15649,16933,28509,13764,14745,16289,7874,8415,4073,1966,2107,
40750,16296,7785,8511,28515,13731,14784,32589,15651,16938,28513,13767,14746,16292,7876,8416,4073,1966,2107,
40755,16297,7786,8511,28518,13732,14786,32590,15652,16938,28516,13767,14749,16293,7877,8416,4074,1966,2108,
40760,16300,7788,8512,28522,13734,14788,32597,15656,16941,28520,13769,14751,16296,7879,8417,4074,1966,2108,
40765,16301,7789,8512,28525,13735,14790,32598,15657,16941,28523,13771,14752,16297,7880,8417,4075,1966,2109,
40770,16304,7791,8513,28529,13737,14792,32605,15659,16946,28527,13772,14755,16300,7882,8418,4075,1966,2109,
40775,16305,7792,8513,28532,13739,14793,32606,15659,16947,28530,13773,14757,16301,7882,8419,4076,1967,2109,
40780,16308,7794,8514,28536,13741,14795,32613,15662,16951,28534,13776,14758,16304,7883,8421,4076,1967,2109,
40785,16309,7794,8515,28539,13743,14796,32614,15662,16952,28537,13779,14758,16305,7883,8422,4077,1968,2109,
40790,16312,7796,8516,28543,13744,14799,32621,15664,16957,28541,13782,14759,16308,7884,8424,4077,1968,2109,
40795,16313,7797,8516,28546,13744,14802,32622,15665,16957,28544,13782,14762,16309,7885,8424,4078,1969,2109,
40800,16316,7798,8518,28550,13746,14804,32629,15667,16962,28548,13783,14765,16312,7886,8426,4078,1969,2109,
40805,16317,7799,8518,28553,13748,14805,32630,15668,16962,28551,13785,14766,16313,7887,8426,4079,1969,2110,
40810,16320,7799,8521,28557,13750,14807,32637,15670,16967,28555,13788,14767,16316,7888,8428,4079,1969,2110,
40815,16321,7799,8522,28560,13752,14808,32638,15670,16968,28558,13788,14770,16317,7888,8429,4080,1970,2110,
40820,16324,7800,8524,28564,13753,14811,32645,15674,16971,28562,13789,14773,16320,7890,8430,4080,1970,2110,
40825,16325,7800,8525,28567,13754,14813,32646,15675,16971,28565,13791,14774,16321,7890,8431,4081,1971,2110,
40830,16328,7800,8528,28571,13758,14813,32653,15677,16976,28569,13794,14775,16324,7891,8433,4081,1971,2110,
40835,16329,7800,8529,28574,13760,14814,32654,15677,16977,28572,13795,14777,16325,7892,8433,4082,1971,2111,
40840,16332,7802,8530,28578,13761,14817,32661,15681,16980,28576,13796,14780,16328,7893,8435,4082,1971,2111,
40845,16333,7803,8530,28581,13763,14818,32662,15681,16981,28579,13797,14782,16329,7894,8435,4083,1972,2111,
40850,16336,7804,8532,28585,13765,14820,32669,15684,16985,28583,13800,14783,16332,7896,8436,4083,1972,2111,
40855,16337,7804,8533,28588,13767,14821,32670,15684,16986,28586,13801,14785,16333,7896,8437,4084,1973,2111,
40860,16340,7807,8533,28592,13768,14824,32677,15687,16990,28590,13803,14787,16336,7899,8437,4084,1973,2111,
40865,16341,7808,8533,28595,13770,14825,32678,15688,16990,28593,13804,14789,16337,7899,8438,4085,1973,2112,
40870,16344,7809,8535,28599,13773,14826,32685,15693,16992,28597,13806,14791,16340,7902,8438,4085,1973,2112,
40875,16345,7809,8536,28602,13775,14827,32686,15693,16993,28600,13808,14792,16341,7903,8438,4086,1974,2112,
40880,16348,7811,8537,28606,13777,14829,32693,15697,16996,28604,13811,14793,16344,7904,8440,4086,1974,2112,
40885,16349,7811,8538,28609,13779,14830,32694,15698,16996,28607,13812,14795,16345,7905,8440,4087,1974,2113,
40890,16352,7814,8538,28613,13782,14831,32701,15701,17000,28611,13814,14797,16348,7906,8442,4087,1974,2113,
40895,16353,7815,8538,28616,13783,14833,32702,15701,17001,28614,13816,14798,16349,7906,8443,4088,1975,2113,
40900,16356,7816,8540,28620,13784,14836,32709,15705,17004,28618,13817,14801,16352,7906,8446,4088,1975,2113,
40905,16357,7817,8540,28623,13786,14837,32710,15706,17004,28621,13818,14803,16353,7907,8446,4089,1976,2113,
40910,16360,7818,8542,28627,13788,14839,32717,15708,17009,28625,13820,14805,16356,7908,8448,4089,1976,2113,
40915,16361,7818,8543,28630,13789,14841,32718,15708,17010,28628,13821,14807,16357,7909,8448,4090,1976,2114,
40920,16364,7820,8544,28634,13791,14843,32725,15713,17012,28632,13821,14811,16360,7911,8449,4090,1976,2114,
40925,16365,7821,8544,28637,13793,14844,32726,15714,17012,28635,13823,14812,16361,7912,8449,4091,1977,2114,
40930,16368,7822,8546,28641,13796,14845,32733,15716,17017,28639,13824,14815,16364,7912,8452,4091,1977,2114,
40935,16369,7822,8547,28644,13797,14847,32734,15717,17017,28642,13827,14815,16365,7913,8452,4092,1978,2114,
40940,16372,7823,8549,28648,13800,14848,32741,15722,17019,28646,13828,14818,16368,7913,8455,4092,1978,2114,
40945,16373,7823,8550,28651,13802,14849,32742,15722,17020,28649,13830,14819,16369,7914,8455,4093,1979,2114,
40950,16376,7825,8551,28655,13803,14852,32749,15723,17026,28653,13832,14821,16372,7916,8456,4093,1979,2114,
40955,16377,7825,8552,28658,13805,14853,32750,15723,17027,28656,13834,14822,16373,7916,8457,4094,1980,2114,
40960,16380,7826,8554,28662,13807,14855,32757,15729,17028,28660,13838,14822,16376,7916,8460,4094,1980,2114,
40965,16381,7827,8554,28665,13809,14856,32758,15729,17029,28663,13839,14824,16377,7916,8461,4095,1981,2114,
40970,16384,7829,8555,28669,13811,14858,32765,15732,17033,28667,13840,14827,16380,7917,8463,4095,1981,2114,
40975,16385,7829,8556,28672,13812,14860,32766,15732,17034,28670,13843,14827,16381,7917,8464,4096,1981,2115,
40980,16388,7830,8558,28676,13814,14862,32773,15736,17037,28674,13844,14830,16384,7918,8466,4096,1981,2115,
40985,16389,7830,8559,28679,13815,14864,32774,15736,17038,28677,13846,14831,16385,7919,8466,4097,1981,2116,
40990,16392,7831,8561,28683,13817,14866,32781,15741,17040,28681,13847,14834,16388,7920,8468,4097,1981,2116,
40995,16393,7832,8561,28686,13818,14868,32782,15741,17041,28684,13850,14834,16389,7921,8468,4098,1981,2117,
41000,16396,7832,8564,28690,13821,14869,32789,15746,17043,28688,13852,14836,16392,7923,8469,4098,1981,2117,
41005,16397,7833,8564,28693,13821,14872,32790,15747,17043,28691,13854,14837,16393,7924,8469,4099,1982,2117,
41010,16400,7835,8565,28697,13825,14872,32797,15753,17044,28695,13856,14839,16396,7925,8471,4099,1982,2117,
41015,16401,7836,8565,28700,13825,14875,32798,15754,17044,28698,13857,14841,16397,7926,8471,4100,1982,2118,
41020,16404,7838,8566,28704,13828,14876,32805,15760,17045,28702,13860,14842,16400,7928,8472,4100,1982,2118,
41025,16405,7838,8567,28707,13829,14878,32806,15760,17046,28705,13861,14844,16401,7929,8472,4101,1982,2119,
41030,16408,7839,8569,28711,13831,14880,32813,15763,17050,28709,13864,14845,16404,7931,8473,4101,1982,2119,
41035,16409,7840,8569,28714,13831,14883,32814,15764,17050,28712,13864,14848,16405,7931,8474,4102,1982,2120,
41040,16412,7843,8569,28718,13833,14885,32821,15768,17053,28716,13865,14851,16408,7933,8475,4102,1982,2120,
41045,16413,7843,8570,28721,13834,14887,32822,15768,17054,28719,13866,14853,16409,7933,8476,4103,1983,2120,
41050,16416,7845,8571,28725,13837,14888,32829,15773,17056,28723,13869,14854,16412,7933,8479,4103,1983,2120,
41055,16417,7846,8571,28728,13839,14889,32830,15773,17057,28726,13869,14857,16413,7933,8480,4104,1984,2120,
41060,16420,7849,8571,28732,13842,14890,32837,15776,17061,28730,13869,14861,16416,7934,8482,4104,1984,2120,
41065,16421,7850,8571,28735,13842,14893,32838,15777,17061,28733,13871,14862,16417,7934,8483,4105,1985,2120,
41070,16424,7851,8573,28739,13844,14895,32845,15778,17067,28737,13873,14864,16420,7935,8485,4105,1985,2120,
41075,16425,7851,8574,28742,13845,14897,32846,15779,17067,28740,13875,14865,16421,7936,8485,4106,1986,2120,
41080,16428,7852,8576,28746,13847,14899,32853,15782,17071,28744,13877,14867,16424,7936,8488,4106,1986,2120,
41085,16429,7852,8577,28749,13849,14900,32854,15783,17071,28747,13879,14868,16425,7936,8489,4107,1987,2120,
41090,16432,7854,8578,28753,13852,14901,32861,15788,17073,28751,13882,14869,16428,7938,8490,4107,1987,2120,
41095,16433,7854,8579,28756,13853,14903,32862,15788,17074,28754,13884,14870,16429,7939,8490,4108,1988,2120,
41100,16436,7855,8581,28760,13856,14904,32869,15791,17078,28758,13885,14873,16432,7940,8492,4108,1988,2120,
41105,16437,7856,8581,28763,13858,14905,32870,15791,17079,28761,13886,14875,16433,7940,8493,4109,1988,2121,
41110,16440,7859,8581,28767,13861,14906,32877,15794,17083,28765,13887,14878,16436,7941,8495,4109,1988,2121,
41115,16441,7860,8581,28770,13861,14909,32878,15795,17083,28768,13887,14881,16437,7941,8496,4110,1988,2122,
41120,16444,7862,8582,28774,13863,14911,32885,15798,17087,28772,13888,14884,16440,7943,8497,4110,1988,2122,
41125,16445,7863,8582,28777,13866,14911,32886,15799,17087,28775,13890,14885,16441,7943,8498,4111,1989,2122,
41130,16448,7864,8584,28781,13869,14912,32893,15802,17091,28779,13892,14887,16444,7945,8499,4111,1989,2122,
41135,16449,7865,8584,28784,13871,14913,32894,15803,17091,28782,13892,14890,16445,7945,8500,4112,1989,2123,
41140,16452,7865,8587,28788,13874,14914,32901,15807,17094,28786,13895,14891,16448,7945,8503,4112,1989,2123,
41145,16453,7866,8587,28791,13875,14916,32902,15808,17094,28789,13897,14892,16449,7945,8504,4113,1989,2124,
41150,16456,7867,8589,28795,13876,14919,32909,15810,17099,28793,13898,14895,16452,7946,8506,4113,1989,2124,
41155,16457,7867,8590,28798,13877,14921,32910,15811,17099,28796,13900,14896,16453,7946,8507,4114,1989,2125,
41160,16460,7868,8592,28802,13878,14924,32917,15813,17104,28800,13903,14897,16456,7947,8509,4114,1989,2125,
41165,16461,7868,8593,28805,13879,14926,32918,15813,17105,28803,13903,14900,16457,7947,8510,4115,1989,2126,
41170,16464,7868,8596,28809,13882,14927,32925,15817,17108,28807,13904,14903,16460,7949,8511,4115,1989,2126,
41175,16465,7868,8597,28812,13884,14928,32926,15818,17108,28810,13907,14903,16461,7950,8511,4116,1990,2126,
41180,16468,7869,8599,28816,13885,14931,32933,15822,17111,28814,13911,14903,16464,7950,8514,4116,1990,2126,
41185,16469,7870,8599,28819,13888,14931,32934,15823,17111,28817,13913,14904,16465,7951,8514,4117,1991,2126,
41190,16472,7871,8601,28823,13888,14935,32941,15829,17112,28821,13915,14906,16468,7952,8516,4117,1991,2126,
41195,16473,7871,8602,28826,13890,14936,32942,15830,17112,28824,13916,14908,16469,7952,8517,4118,1992,2126,
41200,16476,7873,8603,28830,13892,14938,32949,15833,17116,28828,13917,14911,16472,7954,8518,4118,1992,2126,
41205,16477,7874,8603,28833,13893,14940,32950,15834,17116,28831,13919,14912,16473,7955,8518,4119,1992,2127,
41210,16480,7874,8606,28837,13894,14943,32957,15838,17119,28835,13919,14916,16476,7957,8519,4119,1992,2127,
41215,16481,7874,8607,28840,13895,14945,32958,15839,17119,28838,13920,14918,16477,7957,8520,4120,1993,2127,
41220,16484,7877,8607,28844,13896,14948,32965,15841,17124,28842,13922,14920,16480,7958,8522,4120,1993,2127,
41225,16485,7877,8608,28847,13898,14949,32966,15841,17125,28845,13924,14921,16481,7959,8522,4121,1993,2128,
41230,16488,7879,8609,28851,13900,14951,32973,15844,17129,28849,13927,14922,16484,7960,8524,4121,1993,2128,
41235,16489,7880,8609,28854,13901,14953,32974,15845,17129,28852,13928,14924,16485,7961,8524,4122,1993,2129,
41240,16492,7882,8610,28858,13902,14956,32981,15848,17133,28856,13931,14925,16488,7962,8526,4122,1993,2129,
41245,16493,7883,8610,28861,13902,14959,32982,15849,17133,28859,13932,14927,16489,7963,8526,4123,1993,2130,
41250,16496,7884,8612,28865,13903,14962,32989,15852,17137,28863,13934,14929,16492,7964,8528,4123,1993,2130,
41255,16497,7885,8612,28868,13904,14964,32990,15853,17137,28866,13937,14929,16493,7965,8528,4124,1994,2130,
41260,16500,7886,8614,28872,13906,14966,32997,15858,17139,28870,13939,14931,16496,7965,8531,4124,1994,2130,
41265,16501,7886,8615,28875,13906,14969,32998,15859,17139,28873,13939,14934,16497,7966,8531,4125,1995,2130,
41270,16504,7888,8616,28879,13908,14971,33005,15860,17145,28877,13941,14936,16500,7966,8534,4125,1995,2130,
41275,16505,7888,8617,28882,13908,14974,33006,15860,17146,28880,13942,14938,16501,7966,8535,4126,1995,2131,
41280,16508,7889,8619,28886,13910,14976,33013,15866,17147,28884,13944,14940,16504,7967,8537,4126,1995,2131,
41285,16509,7889,8620,28889,13912,14977,33014,15866,17148,28887,13946,14941,16505,7967,8538,4127,1995,2132,
41290,16512,7890,8622,28893,13914,14979,33021,15869,17152,28891,13948,14943,16508,7968,8540,4127,1995,2132,
41295,16513,7891,8622,28896,13915,14981,33022,15869,17153,28894,13949,14945,16509,7969,8540,4128,1996,2132,
41300,16516,7893,8623,28900,13916,14984,33029,15872,17157,28898,13951,14947,16512,7970,8542,4128,1996,2132,
41305,16517,7894,8623,28903,13917,14986,33030,15872,17158,28901,13952,14949,16513,7971,8542,4129,1996,2133,
41310,16520,7896,8624,28907,13918,14989,33037,15875,17162,28905,13955,14950,16516,7972,8544,4129,1996,2133,
41315,16521,7897,8624,28910,13919,14991,33038,15876,17162,28908,13957,14951,16517,7973,8544,4130,1997,2133,
41320,16524,7897,8627,28914,13923,14991,33045,15882,17163,28912,13958,14954,16520,7973,8547,4130,1997,2133,
41325,16525,7897,8628,28917,13925,14992,33046,15883,17163,28915,13959,14956,16521,7973,8548,4131,1998,2133,
41330,16528,7899,8629,28921,13926,14995,33053,15886,17167,28919,13961,14958,16524,7974,8550,4131,1998,2133,
41335,16529,7900,8629,28924,13929,14995,33054,15886,17168,28922,13961,14961,16525,7975,8550,4132,1998,2134,
41340,16532,7902,8630,28928,13930,14998,33061,15888,17173,28926,13962,14964,16528,7977,8551,4132,1998,2134,
41345,16533,7903,8630,28931,13931,15000,33062,15888,17174,28929,13964,14965,16529,7978,8551,4133,1999,2134,
41350,16536,7904,8632,28935,13933,15002,33069,15893,17176,28933,13966,14967,16532,7979,8553,4133,1999,2134,
41355,16537,7904,8633,28938,13935,15003,33070,15893,17177,28936,13966,14970,16533,7980,8553,4134,2000,2134,
41360,16540,7905,8635,28942,13938,15004,33077,15895,17182,28940,13968,14972,16536,7982,8554,4134,2000,2134,
41365,16541,7906,8635,28945,13941,15004,33078,15896,17182,28943,13969,14974,16537,7982,8555,4135,2001,2134,
41370,16544,7906,8638,28949,13942,15007,33085,15899,17186,28947,13970,14977,16540,7982,8558,4135,2001,2134,
41375,16545,7907,8638,28952,13942,15010,33086,15900,17186,28950,13971,14979,16541,7983,8558,4136,2001,2135,
41380,16548,7908,8640,28956,13943,15013,33093,15903,17190,28954,13973,14981,16544,7984,8560,4136,2001,2135,
41385,16549,7909,8640,28959,13944,15015,33094,15904,17190,28957,13974,14983,16545,7985,8560,4137,2001,2136,
41390,16552,7912,8640,28963,13946,15017,33101,15905,17196,28961,13977,14984,16548,7988,8560,4137,2001,2136,
41395,16553,7912,8641,28966,13949,15017,33102,15906,17196,28964,13978,14986,16549,7988,8561,4138,2002,2136,
41400,16556,7914,8642,28970,13953,15017,33109,15910,17199,28968,13980,14988,16552,7988,8564,4138,2002,2136,
41405,16557,7915,8642,28973,13955,15018,33110,15910,17200,28971,13981,14990,16553,7988,8565,4139,2002,2137,
41410,16560,7916,8644,28977,13955,15022,33117,15916,17201,28975,13984,14991,16556,7989,8567,4139,2002,2137,
41415,16561,7916,8645,28980,13956,15024,33118,15917,17201,28978,13987,14991,16557,7990,8567,4140,2002,2138,
41420,16564,7916,8648,28984,13958,15026,33125,15920,17205,28982,13988,14994,16560,7991,8569,4140,2002,2138,
41425,16565,7916,8649,28987,13959,15028,33126,15920,17206,28985,13991,14994,16561,7991,8570,4141,2003,2138,
41430,16568,7917,8651,28991,13960,15031,33133,15923,17210,28989,13992,14997,16564,7993,8571,4141,2003,2138,
41435,16569,7917,8652,28994,13962,15032,33134,15923,17211,28992,13994,14998,16565,7993,8572,4142,2004,2138,
41440,16572,7919,8653,28998,13964,15034,33141,15927,17214,28996,13997,14999,16568,7995,8573,4142,2004,2138,
41445,16573,7920,8653,29001,13964,15037,33142,15927,17215,28999,13998,15001,16569,7995,8574,4143,2005,2138,
41450,16576,7922,8654,29005,13966,15039,33149,15929,17220,29003,14000,15003,16572,7996,8576,4143,2005,2138,
41455,16577,7923,8654,29008,13967,15041,33150,15930,17220,29006,14002,15004,16573,7997,8576,4144,2005,2139,
41460,16580,7926,8654,29012,13970,15042,33157,15932,17225,29010,14004,15006,16576,8000,8576,4144,2005,2139,
41465,16581,7926,8655,29015,13970,15045,33158,15932,17226,29013,14006,15007,16577,8000,8577,4145,2006,2139,
41470,16584,7927,8657,29019,13971,15048,33165,15935,17230,29017,14009,15008,16580,8001,8579,4145,2006,2139,
41475,16585,7928,8657,29022,13973,15049,33166,15935,17231,29020,14009,15011,16581,8001,8580,4146,2006,2140,
41480,16588,7931,8657,29026,13976,15050,33173,15939,17234,29024,14012,15012,16584,8002,8582,4146,2006,2140,
41485,16589,7931,8658,29029,13978,15051,33174,15940,17234,29027,14013,15014,16585,8002,8583,4147,2006,2141,
41490,16592,7931,8661,29033,13981,15052,33181,15942,17239,29031,14016,15015,16588,8003,8585,4147,2006,2141,
41495,16593,7932,8661,29036,13983,15053,33182,15943,17239,29034,14017,15017,16589,8003,8586,4148,2007,2141,
41500,16596,7933,8663,29040,13986,15054,33189,15944,17245,29038,14020,15018,16592,8004,8588,4148,2007,2141,
41505,16597,7934,8663,29043,13987,15056,33190,15945,17245,29041,14023,15018,16593,8005,8588,4149,2008,2141,
41510,16600,7937,8663,29047,13987,15060,33197,15948,17249,29045,14024,15021,16596,8007,8589,4149,2008,2141,
41515,16601,7937,8664,29050,13989,15061,33198,15948,17250,29048,14025,15023,16597,8007,8590,4150,2008,2142,
41520,16604,7938,8666,29054,13992,15062,33205,15949,17256,29052,14026,15026,16600,8009,8591,4150,2008,2142,
41525,16605,7939,8666,29057,13992,15065,33206,15949,17257,29055,14029,15026,16601,8009,8592,4151,2008,2143,
41530,16608,7940,8668,29061,13995,15066,33213,15954,17259,29059,14030,15029,16604,8010,8594,4151,2008,2143,
41535,16609,7941,8668,29064,13996,15068,33214,15955,17259,29062,14030,15032,16605,8011,8594,4152,2008,2144,
41540,16612,7943,8669,29068,13998,15070,33221,15956,17265,29066,14032,15034,16608,8013,8595,4152,2008,2144,
41545,16613,7944,8669,29071,13999,15072,33222,15956,17266,29069,14033,15036,16609,8013,8596,4153,2009,2144,
41550,16616,7944,8672,29075,14002,15073,33229,15960,17269,29073,14035,15038,16612,8014,8598,4153,2009,2144,
41555,16617,7945,8672,29078,14003,15075,33230,15960,17270,29076,14037,15039,16613,8015,8598,4154,2009,2145,
41560,16620,7946,8674,29082,14005,15077,33237,15966,17271,29080,14038,15042,16616,8016,8600,4154,2009,2145,
41565,16621,7947,8674,29085,14007,15078,33238,15967,17271,29083,14039,15044,16617,8016,8601,4155,2009,2146,
41570,16624,7949,8675,29089,14009,15080,33245,15970,17275,29087,14041,15046,16620,8018,8602,4155,2009,2146,
41575,16625,7949,8676,29092,14010,15082,33246,15971,17275,29090,14042,15048,16621,8018,8603,4156,2010,2146,
41580,16628,7950,8678,29096,14012,15084,33253,15974,17279,29094,14044,15050,16624,8019,8605,4156,2010,2146,
41585,16629,7951,8678,29099,14013,15086,33254,15974,17280,29097,14046,15051,16625,8019,8606,4157,2010,2147,
41590,16632,7952,8680,29103,14015,15088,33261,15978,17283,29101,14049,15052,16628,8021,8607,4157,2010,2147,
41595,16633,7953,8680,29106,14017,15089,33262,15979,17283,29104,14052,15052,16629,8021,8608,4158,2010,2148,
41600,16636,7956,8680,29110,14020,15090,33269,15983,17286,29108,14055,15053,16632,8021,8611,4158,2010,2148,
41605,16637,7956,8681,29113,14020,15093,33270,15983,17287,29111,14055,15056,16633,8022,8611,4159,2010,2149,
41610,16640,7958,8682,29117,14023,15094,33277,15987,17290,29115,14057,15058,16636,8024,8612,4159,2010,2149,
41615,16641,7958,8683,29120,14026,15094,33278,15987,17291,29118,14060,15058,16637,8024,8613,4160,2010,2150,
41620,16644,7960,8684,29124,14027,15097,33285,15989,17296,29122,14062,15060,16640,8027,8613,4160,2010,2150,
41625,16645,7961,8684,29127,14028,15099,33286,15990,17296,29125,14063,15062,16641,8027,8614,4161,2010,2151,
41630,16648,7961,8687,29131,14031,15100,33293,15992,17301,29129,14064,15065,16644,8028,8616,4161,2010,2151,
41635,16649,7961,8688,29134,14032,15102,33294,15993,17301,29132,14066,15066,16645,8028,8617,4162,2010,2152,
41640,16652,7964,8688,29138,14035,15103,33301,15998,17303,29136,14068,15068,16648,8030,8618,4162,2010,2152,
41645,16653,7964,8689,29141,14035,15106,33302,15999,17303,29139,14070,15069,16649,8030,8619,4163,2010,2153,
41650,16656,7966,8690,29145,14036,15109,33309,16004,17305,29143,14071,15072,16652,8031,8621,4163,2010,2153,
41655,16657,7967,8690,29148,14038,15110,33310,16005,17305,29146,14073,15073,16653,8031,8622,4164,2011,2153,
41660,16660,7969,8691,29152,14040,15112,33317,16009,17308,29150,14076,15074,16656,8032,8624,4164,2011,2153,
41665,16661,7969,8692,29155,14042,15113,33318,16010,17308,29153,14077,15076,16657,8033,8624,4165,2011,2154,
41670,16664,7971,8693,29159,14044,15115,33325,16013,17312,29157,14078,15079,16660,8036,8624,4165,2011,2154,
41675,16665,7971,8694,29162,14046,15116,33326,16013,17313,29160,14080,15080,16661,8037,8624,4166,2011,2155,
41680,16668,7971,8697,29166,14046,15120,33333,16013,17320,29164,14082,15082,16664,8038,8626,4166,2011,2155,
41685,16669,7971,8698,29169,14047,15122,33334,16013,17321,29167,14083,15084,16665,8039,8626,4167,2012,2155,
41690,16672,7972,8700,29173,14050,15123,33341,16018,17323,29171,14086,15085,16668,8041,8627,4167,2012,2155,
41695,16673,7973,8700,29176,14051,15125,33342,16018,17324,29174,14087,15087,16669,8041,8628,4168,2012,2156,
41700,16676,7973,8703,29180,14053,15127,33349,16022,17327,29178,14089,15089,16672,8042,8630,4168,2012,2156,
41705,16677,7974,8703,29183,14054,15129,33350,16023,17327,29181,14089,15092,16673,8042,8631,4169,2012,2157,
41710,16680,7974,8706,29187,14056,15131,33357,16028,17329,29185,14090,15095,16676,8043,8633,4169,2012,2157,
41715,16681,7974,8707,29190,14057,15133,33358,16028,17330,29188,14092,15096,16677,8043,8634,4170,2013,2157,
41720,16684,7976,8708,29194,14058,15136,33365,16034,17331,29192,14095,15097,16680,8045,8635,4170,2013,2157,
41725,16685,7977,8708,29197,14060,15137,33366,16034,17332,29195,14096,15099,16681,8046,8635,4171,2014,2157,
41730,16688,7977,8711,29201,14063,15138,33373,16037,17336,29199,14097,15102,16684,8048,8636,4171,2014,2157,
41735,16689,7978,8711,29204,14063,15141,33374,16037,17337,29202,14097,15105,16685,8048,8637,4172,2015,2157,
41740,16692,7978,8714,29208,14065,15143,33381,16039,17342,29206,14098,15108,16688,8049,8639,4172,2015,2157,
41745,16693,7979,8714,29211,14066,15145,33382,16040,17342,29209,14099,15110,16689,8049,8640,4173,2015,2158,
41750,16696,7979,8717,29215,14067,15148,33389,16043,17346,29213,14102,15111,16692,8050,8642,4173,2015,2158,
41755,16697,7980,8717,29218,14067,15151,33390,16044,17346,29216,14102,15114,16693,8050,8643,4174,2016,2158,
41760,16700,7982,8718,29222,14069,15153,33397,16050,17347,29220,14104,15116,16696,8051,8645,4174,2016,2158,
41765,16701,7982,8719,29225,14070,15155,33398,16051,17347,29223,14105,15118,16697,8052,8645,4175,2017,2158,
41770,16704,7983,8721,29229,14072,15157,33405,16056,17349,29227,14109,15118,16700,8053,8647,4175,2017,2158,
41775,16705,7984,8721,29232,14072,15160,33406,16056,17350,29230,14112,15118,16701,8054,8647,4176,2018,2158,
41780,16708,7984,8724,29236,14074,15162,33413,16061,17352,29234,14114,15120,16704,8056,8648,4176,2018,2158,
41785,16709,7985,8724,29239,14075,15164,33414,16061,17353,29237,14115,15122,16705,8057,8648,4177,2018,2159,
41790,16712,7985,8727,29243,14076,15167,33421,16063,17358,29241,14118,15123,16708,8059,8649,4177,2018,2159,
41795,16713,7985,8728,29246,14077,15169,33422,16064,17358,29244,14118,15126,16709,8059,8650,4178,2018,2160,
41800,16716,7985,8731,29250,14078,15172,33429,16066,17363,29248,14119,15129,16712,8062,8650,4178,2018,2160,
41805,16717,7985,8732,29253,14080,15173,33430,16066,17364,29251,14121,15130,16713,8063,8650,4179,2019,2160,
41810,16720,7988,8732,29257,14083,15174,33437,16067,17370,29255,14123,15132,16716,8065,8651,4179,2019,2160,
41815,16721,7988,8733,29260,14085,15175,33438,16067,17371,29258,14124,15134,16717,8065,8652,4180,2020,2160,
41820,16724,7990,8734,29264,14087,15177,33445,16070,17375,29262,14124,15138,16720,8067,8653,4180,2020,2160,
41825,16725,7991,8734,29267,14089,15178,33446,16071,17375,29265,14126,15139,16721,8067,8654,4181,2021,2160,
41830,16728,7993,8735,29271,14091,15180,33453,16073,17380,29269,14127,15142,16724,8067,8657,4181,2021,2160,
41835,16729,7994,8735,29274,14093,15181,33454,16073,17381,29272,14129,15143,16725,8067,8658,4182,2021,2161,
41840,16732,7995,8737,29278,14095,15183,33461,16076,17385,29276,14130,15146,16728,8067,8661,4182,2021,2161,
41845,16733,7996,8737,29281,14097,15184,33462,16077,17385,29279,14132,15147,16729,8068,8661,4183,2022,2161,
41850,16736,7997,8739,29285,14100,15185,33469,16079,17390,29283,14134,15149,16732,8070,8662,4183,2022,2161,
41855,16737,7998,8739,29288,14102,15186,33470,16080,17390,29286,14137,15149,16733,8071,8662,4184,2022,2162,
41860,16740,8000,8740,29292,14105,15187,33477,16084,17393,29290,14140,15150,16736,8072,8664,4184,2022,2162,
41865,16741,8000,8741,29295,14107,15188,33478,16084,17394,29293,14140,15153,16737,8072,8665,4185,2022,2163,
41870,16744,8003,8741,29299,14108,15191,33485,16088,17397,29297,14140,15157,16740,8073,8667,4185,2022,2163,
41875,16745,8004,8741,29302,14109,15193,33486,16088,17398,29300,14143,15157,16741,8073,8668,4186,2022,2164,
41880,16748,8006,8742,29306,14110,15196,33493,16094,17399,29304,14145,15159,16744,8074,8670,4186,2022,2164,
41885,16749,8006,8743,29309,14112,15197,33494,16094,17400,29307,14147,15160,16745,8075,8670,4187,2023,2164,
41890,16752,8007,8745,29313,14115,15198,33501,16096,17405,29311,14149,15162,16748,8076,8672,4187,2023,2164,
41895,16753,8007,8746,29316,14117,15199,33502,16096,17406,29314,14150,15164,16749,8076,8673,4188,2023,2165,
41900,16756,8009,8747,29320,14118,15202,33509,16100,17409,29318,14153,15165,16752,8076,8676,4188,2023,2165,
41905,16757,8009,8748,29323,14120,15203,33510,16100,17410,29321,14156,15165,16753,8077,8676,4189,2023,2166,
41910,16760,8010,8750,29327,14123,15204,33517,16103,17414,29325,14159,15166,16756,8078,8678,4189,2023,2166,
41915,16761,8011,8750,29330,14125,15205,33518,16103,17415,29328,14161,15167,16757,8079,8678,4190,2024,2166,
41920,16764,8011,8753,29334,14126,15208,33525,16108,17417,29332,14163,15169,16760,8079,8681,4190,2024,2166,
41925,16765,8011,8754,29337,14127,15210,33526,16108,17418,29335,14166,15169,16761,8079,8682,4191,2024,2167,
41930,16768,8013,8755,29341,14129,15212,33533,16113,17420,29339,14168,15171,16764,8082,8682,4191,2024,2167,
41935,16769,8014,8755,29344,14132,15212,33534,16114,17420,29342,14170,15172,16765,8082,8683,4192,2024,2168,
41940,16772,8016,8756,29348,14134,15214,33541,16118,17423,29346,14171,15175,16768,8083,8685,4192,2024,2168,
41945,16773,8016,8757,29351,14137,15214,33542,16119,17423,29349,14172,15177,16769,8083,8686,4193,2025,2168,
41950,16776,8017,8759,29355,14138,15217,33549,16122,17427,29353,14175,15178,16772,8084,8688,4193,2025,2168,
41955,16777,8017,8760,29358,14141,15217,33550,16123,17427,29356,14178,15178,16773,8085,8688,4194,2026,2168,
41960,16780,8019,8761,29362,14143,15219,33557,16127,17430,29360,14181,15179,16776,8085,8691,4194,2026,2168,
41965,16781,8020,8761,29365,14146,15219,33558,16128,17430,29363,14184,15179,16777,8086,8691,4195,2027,2168,
41970,16784,8022,8762,29369,14148,15221,33565,16130,17435,29367,14187,15180,16780,8086,8694,4195,2027,2168,
41975,16785,8023,8762,29372,14149,15223,33566,16131,17435,29370,14188,15182,16781,8086,8695,4196,2027,2169,
41980,16788,8026,8762,29376,14150,15226,33573,16136,17437,29374,14191,15183,16784,8086,8698,4196,2027,2169,
41985,16789,8027,8762,29379,14151,15228,33574,16137,17437,29377,14193,15184,16785,8086,8699,4197,2028,2169,
41990,16792,8030,8762,29383,14152,15231,33581,16140,17441,29381,14194,15187,16788,8088,8700,4197,2028,2169,
41995,16793,8030,8763,29386,14153,15233,33582,16141,17441,29384,14194,15190,16789,8088,8701,4198,2028,2170,
42000,16796,8031,8765,29390,14156,15234,33589,16143,17446,29388,14197,15191,16792,8090,8702,4198,2028,2170,
42005,16797,8031,8766,29393,14158,15235,33590,16143,17447,29391,14198,15193,16793,8090,8703,4199,2029,2170,
42010,16800,8033,8767,29397,14160,15237,33597,16145,17452,29395,14201,15194,16796,8091,8705,4199,2029,2170,
42015,16801,8033,8768,29400,14162,15238,33598,16145,17453,29398,14202,15196,16797,8092,8705,4200,2029,2171,
42020,16804,8035,8769,29404,14165,15239,33605,16148,17457,29402,14205,15197,16800,8095,8705,4200,2029,2171,
42025,16805,8036,8769,29407,14166,15241,33606,16149,17457,29405,14207,15198,16801,8096,8705,4201,2030,2171,
42030,16808,8037,8771,29411,14167,15244,33613,16150,17463,29409,14209,15200,16804,8097,8707,4201,2030,2171,
42035,16809,8038,8771,29414,14168,15246,33614,16150,17464,29412,14210,15202,16805,8097,8708,4202,2031,2171,
42040,16812,8039,8773,29418,14170,15248,33621,16156,17465,29416,14213,15203,16808,8099,8709,4202,2031,2171,
42045,16813,8040,8773,29421,14173,15248,33622,16157,17465,29419,14214,15205,16809,8100,8709,4203,2032,2171,
42050,16816,8041,8775,29425,14174,15251,33629,16161,17468,29423,14214,15209,16812,8103,8709,4203,2032,2171,
42055,16817,8041,8776,29428,14175,15253,33630,16162,17468,29426,14215,15211,16813,8103,8710,4204,2032,2172,
42060,16820,8042,8778,29432,14177,15255,33637,16167,17470,29430,14216,15214,16816,8105,8711,4204,2032,2172,
42065,16821,8043,8778,29435,14179,15256,33638,16168,17470,29433,14217,15216,16817,8106,8711,4205,2032,2173,
42070,16824,8044,8780,29439,14181,15258,33645,16172,17473,29437,14220,15217,16820,8107,8713,4205,2032,2173,
42075,16825,8044,8781,29442,14182,15260,33646,16172,17474,29440,14221,15219,16821,8107,8714,4206,2032,2174,
42080,16828,8046,8782,29446,14183,15263,33653,16176,17477,29444,14223,15221,16824,8108,8716,4206,2032,2174,
42085,16829,8046,8783,29449,14184,15265,33654,16176,17478,29447,14224,15223,16825,8108,8717,4207,2032,2175,
42090,16832,8047,8785,29453,14184,15269,33661,16179,17482,29451,14226,15225,16828,8111,8717,4207,2032,2175,
42095,16833,8047,8786,29456,14186,15270,33662,16180,17482,29454,14227,15227,16829,8112,8717,4208,2032,2176,
42100,16836,8049,8787,29460,14189,15271,33669,16183,17486,29458,14228,15230,16832,8114,8718,4208,2032,2176,
42105,16837,8050,8787,29463,14191,15272,33670,16183,17487,29461,14230,15231,16833,8114,8719,4209,2033,2176,
42110,16840,8051,8789,29467,14192,15275,33677,16185,17492,29465,14233,15232,16836,8115,8721,4209,2033,2176,
42115,16841,8052,8789,29470,14193,15277,33678,16186,17492,29468,14235,15233,16837,8116,8721,4210,2034,2176,
42120,16844,8054,8790,29474,14196,15278,33685,16189,17496,29472,14238,15234,16840,8118,8722,4210,2034,2176,
42125,16845,8054,8791,29477,14198,15279,33686,16189,17497,29475,14239,15236,16841,8118,8723,4211,2034,2177,
42130,16848,8056,8792,29481,14199,15282,33693,16193,17500,29479,14240,15239,16844,8119,8725,4211,2034,2177,
42135,16849,8057,8792,29484,14199,15285,33694,16193,17501,29482,14241,15241,16845,8119,8726,4212,2034,2178,
42140,16852,8059,8793,29488,14200,15288,33701,16196,17505,29486,14243,15243,16848,8120,8728,4212,2034,2178,
42145,16853,8060,8793,29491,14201,15290,33702,16197,17505,29489,14246,15243,16849,8121,8728,4213,2034,2179,
42150,16856,8062,8794,29495,14204,15291,33709,16200,17509,29493,14248,15245,16852,8121,8731,4213,2034,2179,
42155,16857,8063,8794,29498,14205,15293,33710,16200,17510,29496,14250,15246,16853,8122,8731,4214,2034,2180,
42160,16860,8066,8794,29502,14207,15295,33717,16203,17514,29500,14252,15248,16856,8122,8734,4214,2034,2180,
42165,16861,8066,8795,29505,14208,15297,33718,16203,17515,29503,14253,15250,16857,8123,8734,4215,2035,2180,
42170,16864,8066,8798,29509,14211,15298,33725,16206,17519,29507,14256,15251,16860,8124,8736,4215,2035,2180,
42175,16865,8066,8799,29512,14212,15300,33726,16206,17520,29510,14258,15252,16861,8125,8736,4216,2035,2181,
42180,16868,8068,8800,29516,14214,15302,33733,16210,17523,29514,14261,15253,16864,8127,8737,4216,2035,2181,
42185,16869,8069,8800,29519,14217,15302,33734,16211,17523,29517,14263,15254,16865,8128,8737,4217,2036,2181,
42190,16872,8069,8803,29523,14220,15303,33741,16214,17527,29521,14264,15257,16868,8130,8738,4217,2036,2181,
42195,16873,8070,8803,29526,14222,15304,33742,16214,17528,29524,14265,15259,16869,8131,8738,4218,2036,2182,
42200,16876,8071,8805,29530,14225,15305,33749,16218,17531,29528,14268,15260,16872,8133,8739,4218,2036,2182,
42205,16877,8071,8806,29533,14225,15308,33750,16218,17532,29531,14270,15261,16873,8134,8739,4219,2036,2183,
42210,16880,8072,8808,29537,14226,15311,33757,16222,17535,29535,14272,15263,16876,8137,8739,4219,2036,2183,
42215,16881,8072,8809,29540,14228,15312,33758,16223,17535,29538,14272,15266,16877,8138,8739,4220,2037,2183,
42220,16884,8074,8810,29544,14229,15315,33765,16225,17540,29542,14275,15267,16880,8139,8741,4220,2037,2183,
42225,16885,8075,8810,29547,14232,15315,33766,16226,17540,29545,14275,15270,16881,8140,8741,4221,2038,2183,
42230,16888,8077,8811,29551,14232,15319,33773,16231,17542,29549,14276,15273,16884,8142,8742,4221,2038,2183,
42235,16889,8077,8812,29554,14234,15320,33774,16231,17543,29552,14278,15274,16885,8143,8742,4222,2039,2183,
42240,16892,8079,8813,29558,14234,15324,33781,16235,17546,29556,14281,15275,16888,8144,8744,4222,2039,2183,
42245,16893,8080,8813,29561,14236,15325,33782,16236,17546,29559,14282,15277,16889,8145,8744,4223,2040,2183,
42250,16896,8082,8814,29565,14238,15327,33789,16240,17549,29563,14284,15279,16892,8146,8746,4223,2040,2183,
42255,16897,8083,8814,29568,14240,15328,33790,16240,17550,29566,14286,15280,16893,8146,8747,4224,2041,2183,
42260,16900,8085,8815,29572,14243,15329,33797,16244,17553,29570,14288,15282,16896,8148,8748,4224,2041,2183,
42265,16901,8086,8815,29575,14244,15331,33798,16245,17553,29573,14291,15282,16897,8148,8749,4225,2042,2183,
42270,16904,8087,8817,29579,14246,15333,33805,16250,17555,29577,14293,15284,16900,8149,8751,4225,2042,2183,
42275,16905,8087,8818,29582,14247,15335,33806,16251,17555,29580,14295,15285,16901,8149,8752,4226,2042,2184,
42280,16908,8087,8821,29586,14250,15336,33813,16254,17559,29584,14296,15288,16904,8149,8755,4226,2042,2184,
42285,16909,8087,8822,29589,14252,15337,33814,16255,17559,29587,14298,15289,16905,8149,8756,4227,2043,2184,
42290,16912,8087,8825,29593,14254,15339,33821,16259,17562,29591,14300,15291,16908,8151,8757,4227,2043,2184,
42295,16913,8088,8825,29596,14254,15342,33822,16259,17563,29594,14300,15294,16909,8152,8757,4228,2043,2185,
42300,16916,8090,8826,29600,14254,15346,33829,16261,17568,29598,14302,15296,16912,8153,8759,4228,2043,2185,
42305,16917,8091,8826,29603,14255,15348,33830,16261,17569,29601,14303,15298,16913,8154,8759,4229,2044,2185,
42310,16920,8092,8828,29607,14257,15350,33837,16267,17570,29605,14306,15299,16916,8156,8760,4229,2044,2185,
42315,16921,8093,8828,29610,14258,15352,33838,16268,17570,29608,14308,15300,16917,8157,8760,4230,2044,2186,
42320,16924,8094,8830,29614,14261,15353,33845,16270,17575,29612,14311,15301,16920,8160,8760,4230,2044,2186,
42325,16925,8094,8831,29617,14264,15353,33846,16270,17576,29615,14312,15303,16921,8161,8760,4231,2044,2187,
42330,16928,8096,8832,29621,14265,15356,33853,16275,17578,29619,14315,15304,16924,8163,8761,4231,2044,2187,
42335,16929,8096,8833,29624,14266,15358,33854,16276,17578,29622,14316,15306,16925,8164,8761,4232,2045,2187,
42340,16932,8098,8834,29628,14268,15360,33861,16279,17582,29626,14317,15309,16928,8166,8762,4232,2045,2187,
42345,16933,8098,8835,29631,14269,15362,33862,16280,17582,29629,14318,15311,16929,8167,8762,4233,2046,2187,
42350,16936,8100,8836,29635,14272,15363,33869,16285,17584,29633,14322,15311,16932,8169,8763,4233,2046,2187,
42355,16937,8101,8836,29638,14273,15365,33870,16286,17584,29636,14323,15313,16933,8170,8763,4234,2047,2187,
42360,16940,8101,8839,29642,14273,15369,33877,16290,17587,29640,14323,15317,16936,8173,8763,4234,2047,2187,
42365,16941,8101,8840,29645,14274,15371,33878,16291,17587,29643,14326,15317,16937,8173,8764,4235,2047,2188,
42370,16944,8104,8840,29649,14274,15375,33885,16295,17590,29647,14326,15321,16940,8173,8767,4235,2047,2188,
42375,16945,8105,8840,29652,14277,15375,33886,16295,17591,29650,14328,15322,16941,8173,8768,4236,2048,2188,
42380,16948,8107,8841,29656,14280,15376,33893,16296,17597,29654,14330,15324,16944,8173,8771,4236,2048,2188,
42385,16949,8107,8842,29659,14281,15378,33894,16296,17598,29657,14333,15324,16945,8173,8772,4237,2049,2188,
42390,16952,8108,8844,29663,14284,15379,33901,16297,17604,29661,14333,15328,16948,8174,8774,4237,2049,2188,
42395,16953,8108,8845,29666,14287,15379,33902,16297,17605,29664,14336,15328,16949,8175,8774,4238,2049,2189,
42400,16956,8109,8847,29670,14288,15382,33909,16299,17610,29668,14338,15330,16952,8176,8776,4238,2049,2189,
42405,16957,8109,8848,29673,14289,15384,33910,16299,17611,29671,14340,15331,16953,8176,8777,4239,2050,2189,
42410,16960,8112,8848,29677,14291,15386,33917,16303,17614,29675,14342,15333,16956,8178,8778,4239,2050,2189,
42415,16961,8113,8848,29680,14294,15386,33918,16304,17614,29678,14345,15333,16957,8178,8779,4240,2050,2190,
42420,16964,8114,8850,29684,14297,15387,33925,16306,17619,29682,14347,15335,16960,8179,8781,4240,2050,2190,
42425,16965,8114,8851,29687,14298,15389,33926,16307,17619,29685,14347,15338,16961,8179,8782,4241,2050,2191,
42430,16968,8116,8852,29691,14298,15393,33933,16310,17623,29689,14349,15340,16964,8182,8782,4241,2050,2191,
42435,16969,8116,8853,29694,14300,15394,33934,16310,17624,29692,14349,15343,16965,8182,8783,4242,2051,2191,
42440,16972,8118,8854,29698,14302,15396,33941,16310,17631,29696,14351,15345,16968,8183,8785,4242,2051,2191,
42445,16973,8119,8854,29701,14304,15397,33942,16311,17631,29699,14352,15347,16969,8183,8786,4243,2051,2192,
42450,16976,8122,8854,29705,14304,15401,33949,16315,17634,29703,14354,15349,16972,8185,8787,4243,2051,2192,
42455,16977,8122,8855,29708,14305,15403,33950,16315,17635,29706,14355,15351,16973,8185,8788,4244,2052,2192,
42460,16980,8125,8855,29712,14308,15404,33957,16321,17636,29710,14358,15352,16976,8185,8791,4244,2052,2192,
42465,16981,8125,8856,29715,14309,15406,33958,16321,17637,29713,14359,15354,16977,8186,8791,4245,2052,2193,
42470,16984,8126,8858,29719,14311,15408,33965,16323,17642,29717,14360,15357,16980,8187,8793,4245,2052,2193,
42475,16985,8127,8858,29722,14312,15410,33966,16324,17642,29720,14360,15360,16981,8187,8794,4246,2053,2193,
42480,16988,8128,8860,29726,14314,15412,33973,16326,17647,29724,14361,15363,16984,8188,8796,4246,2053,2193,
42485,16989,8129,8860,29729,14315,15414,33974,16327,17647,29727,14364,15363,16985,8188,8797,4247,2054,2193,
42490,16992,8132,8860,29733,14318,15415,33981,16331,17650,29731,14366,15365,16988,8190,8798,4247,2054,2193,
42495,16993,8132,8861,29736,14319,15417,33982,16332,17650,29734,14367,15367,16989,8190,8799,4248,2054,2194,
42500,16996,8134,8862,29740,14322,15418,33989,16336,17653,29738,14367,15371,16992,8191,8801,4248,2054,2194,
42505,16997,8134,8863,29743,14324,15419,33990,16336,17654,29741,14367,15374,16993,8192,8801,4249,2054,2195,
42510,17000,8135,8865,29747,14325,15422,33997,16340,17657,29745,14370,15375,16996,8193,8803,4249,2054,2195,
42515,17001,8136,8865,29750,14326,15424,33998,16340,17658,29748,14372,15376,16997,8193,8804,4250,2054,2196,
42520,17004,8138,8866,29754,14329,15425,34005,16346,17659,29752,14372,15380,17000,8195,8805,4250,2054,2196,
42525,17005,8138,8867,29757,14332,15425,34006,16346,17660,29755,14374,15381,17001,8195,8806,4251,2054,2197,
42530,17008,8141,8867,29761,14335,15426,34013,16350,17663,29759,14376,15383,17004,8196,8808,4251,2054,2197,
42535,17009,8141,8868,29764,14337,15427,34014,16350,17664,29762,14378,15384,17005,8197,8808,4252,2054,2198,
42540,17012,8143,8869,29768,14337,15431,34021,16353,17668,29766,14381,15385,17008,8199,8809,4252,2054,2198,
42545,17013,8143,8870,29771,14338,15433,34022,16354,17668,29769,14382,15387,17009,8199,8810,4253,2054,2199,
42550,17016,8145,8871,29775,14338,15437,34029,16357,17672,29773,14385,15388,17012,8201,8811,4253,2054,2199,
42555,17017,8146,8871,29778,14341,15437,34030,16357,17673,29776,14388,15388,17013,8201,8812,4254,2054,2200,
42560,17020,8148,8872,29782,14344,15438,34037,16360,17677,29780,14391,15389,17016,8202,8814,4254,2054,2200,
42565,17021,8148,8873,29785,14345,15440,34038,16361,17677,29783,14392,15391,17017,8202,8815,4255,2054,2201,
42570,17024,8148,8876,29789,14347,15442,34045,16363,17682,29787,14393,15394,17020,8204,8816,4255,2054,2201,
42575,17025,8148,8877,29792,14348,15444,34046,16364,17682,29790,14395,15395,17021,8205,8816,4256,2054,2202,
42580,17028,8151,8877,29796,14351,15445,34053,16368,17685,29794,14397,15397,17024,8206,8818,4256,2054,2202,
42585,17029,8151,8878,29799,14353,15446,34054,16368,17686,29797,14398,15399,17025,8207,8818,4257,2054,2203,
42590,17032,8153,8879,29803,14354,15449,34061,16368,17693,29801,14400,15401,17028,8208,8820,4257,2054,2203,
42595,17033,8153,8880,29806,14356,15450,34062,16368,17694,29804,14402,15402,17029,8209,8820,4258,2055,2203,
42600,17036,8154,8882,29810,14358,15452,34069,16372,17697,29808,14405,15403,17032,8210,8822,4258,2055,2203,
42605,17037,8154,8883,29813,14360,15453,34070,16373,17697,29811,14408,15403,17033,8210,8823,4259,2056,2203,
42610,17040,8156,8884,29817,14360,15457,34077,16377,17700,29815,14411,15404,17036,8211,8825,4259,2056,2203,
42615,17041,8157,8884,29820,14361,15459,34078,16378,17700,29818,14411,15407,17037,8212,8825,4260,2057,2203,
42620,17044,8160,8884,29824,14364,15460,34085,16382,17703,29822,14413,15409,17040,8215,8825,4260,2057,2203,
42625,17045,8161,8884,29827,14367,15460,34086,16383,17703,29825,14414,15411,17041,8216,8825,4261,2058,2203,
42630,17048,8162,8886,29831,14367,15464,34093,16389,17704,29829,14415,15414,17044,8217,8827,4261,2058,2203,
42635,17049,8162,8887,29834,14368,15466,34094,16389,17705,29832,14417,15415,17045,8218,8827,4262,2058,2204,
42640,17052,8165,8887,29838,14369,15469,34101,16392,17709,29836,14420,15416,17048,8219,8829,4262,2058,2204,
42645,17053,8166,8887,29841,14371,15470,34102,16393,17709,29839,14422,15417,17049,8220,8829,4263,2058,2205,
42650,17056,8169,8887,29845,14374,15471,34109,16397,17712,29843,14423,15420,17052,8220,8832,4263,2058,2205,
42655,17057,8170,8887,29848,14374,15474,34110,16398,17712,29846,14424,15422,17053,8221,8832,4264,2058,2206,
42660,17060,8171,8889,29852,14374,15478,34117,16400,17717,29850,14426,15424,17056,8223,8833,4264,2058,2206,
42665,17061,8172,8889,29855,14376,15479,34118,16401,17717,29853,14426,15427,17057,8223,8834,4265,2059,2206,
42670,17064,8173,8891,29859,14379,15480,34125,16405,17720,29857,14429,15428,17060,8225,8835,4265,2059,2206,
42675,17065,8174,8891,29862,14382,15480,34126,16405,17721,29860,14431,15429,17061,8225,8836,4266,2059,2207,
42680,17068,8175,8893,29866,14382,15484,34133,16409,17724,29864,14432,15432,17064,8227,8837,4266,2059,2207,
42685,17069,8175,8894,29869,14383,15486,34134,16409,17725,29867,14434,15433,17065,8228,8837,4267,2059,2208,
42690,17072,8175,8897,29873,14387,15486,34141,16414,17727,29871,14437,15434,17068,8229,8839,4267,2059,2208,
42695,17073,8176,8897,29876,14388,15488,34142,16414,17728,29874,14438,15436,17069,8230,8839,4268,2060,2208,
42700,17076,8178,8898,29880,14390,15490,34149,16416,17733,29878,14438,15440,17072,8231,8841,4268,2060,2208,
42705,17077,8178,8899,29883,14390,15493,34150,16417,17733,29881,14439,15442,17073,8232,8841,4269,2061,2208,
42710,17080,8181,8899,29887,14392,15495,34157,16421,17736,29885,14440,15445,17076,8234,8842,4269,2061,2208,
42715,17081,8182,8899,29890,14392,15498,34158,16421,17737,29888,14442,15446,17077,8235,8842,4270,2061,2209,
42720,17084,8184,8900,29894,14393,15501,34165,16425,17740,29892,14444,15448,17080,8235,8845,4270,2061,2209,
42725,17085,8185,8900,29897,14394,15503,34166,16425,17741,29895,14446,15449,17081,8236,8845,4271,2062,2209,
42730,17088,8187,8901,29901,14396,15505,34173,16428,17745,29899,14448,15451,17084,8237,8847,4271,2062,2209,
42735,17089,8188,8901,29904,14398,15506,34174,16429,17745,29902,14449,15453,17085,8237,8848,4272,2063,2209,
42740,17092,8190,8902,29908,14400,15508,34181,16432,17749,29906,14450,15456,17088,8239,8849,4272,2063,2209,
42745,17093,8190,8903,29911,14401,15510,34182,16432,17750,29909,14451,15458,17089,8239,8850,4273,2063,2210,
42750,17096,8191,8905,29915,14402,15513,34189,16434,17755,29913,14454,15459,17092,8242,8850,4273,2063,2210,
42755,17097,8192,8905,29918,14403,15515,34190,16434,17756,29916,14455,15461,17093,8243,8850,4274,2063,2211,
42760,17100,8195,8905,29922,14407,15515,34197,16439,17758,29920,14456,15464,17096,8243,8853,4274,2063,2211,
42765,17101,8195,8906,29925,14409,15516,34198,16439,17759,29923,14456,15467,17097,8243,8854,4275,2064,2211,
42770,17104,8198,8906,29929,14413,15516,34205,16443,17762,29927,14459,15468,17100,8244,8856,4275,2064,2211,
42775,17105,8199,8906,29932,14413,15519,34206,16443,17763,29930,14459,15471,17101,8245,8856,4276,2065,2211,
42780,17108,8201,8907,29936,14415,15521,34213,16445,17768,29934,14461,15473,17104,8246,8858,4276,2065,2211,
42785,17109,8202,8907,29939,14417,15522,34214,16446,17768,29937,14462,15475,17105,8246,8859,4277,2065,2212,
42790,17112,8204,8908,29943,14418,15525,34221,16450,17771,29941,14464,15477,17108,8247,8861,4277,2065,2212,
42795,17113,8205,8908,29946,14420,15526,34222,16451,17771,29944,14464,15480,17109,8248,8861,4278,2066,2212,
42800,17116,8208,8908,29950,14420,15530,34229,16453,17776,29948,14467,15481,17112,8249,8863,4278,2066,2212,
42805,17117,8208,8909,29953,14423,15530,34230,16454,17776,29951,14468,15483,17113,8250,8863,4279,2067,2212,
42810,17120,8210,8910,29957,14424,15533,34237,16457,17780,29955,14469,15486,17116,8252,8864,4279,2067,2212,
42815,17121,8211,8910,29960,14424,15536,34238,16457,17781,29958,14471,15487,17117,8253,8864,4280,2067,2213,
42820,17124,8213,8911,29964,14426,15538,34245,16459,17786,29962,14472,15490,17120,8255,8865,4280,2067,2213,
42825,17125,8213,8912,29967,14429,15538,34246,16459,17787,29965,14475,15490,17121,8255,8866,4281,2068,2213,
42830,17128,8215,8913,29971,14431,15540,34253,16462,17791,29969,14476,15493,17124,8257,8867,4281,2068,2213,
42835,17129,8216,8913,29974,14431,15543,34254,16463,17791,29972,14477,15495,17125,8258,8867,4282,2068,2214,
42840,17132,8218,8914,29978,14435,15543,34261,16467,17794,29976,14480,15496,17128,8260,8868,4282,2068,2214,
42845,17133,8218,8915,29981,14436,15545,34262,16467,17795,29979,14482,15497,17129,8260,8869,4283,2069,2214,
42850,17136,8220,8916,29985,14438,15547,34269,16469,17800,29983,14482,15501,17132,8262,8870,4283,2069,2214,
42855,17137,8220,8917,29988,14440,15548,34270,16470,17800,29986,14483,15503,17133,8263,8870,4284,2069,2215,
42860,17140,8222,8918,29992,14441,15551,34277,16474,17803,29990,14486,15504,17136,8265,8871,4284,2069,2215,
42865,17141,8223,8918,29995,14442,15553,34278,16474,17804,29993,14489,15504,17137,8266,8871,4285,2069,2216,
42870,17144,8224,8920,29999,14443,15556,34285,16477,17808,29997,14492,15505,17140,8269,8871,4285,2069,2216,
42875,17145,8225,8920,30002,14444,15558,34286,16478,17808,30000,14494,15506,17141,8269,8872,4286,2070,2216,
42880,17148,8226,8922,30006,14446,15560,34293,16483,17810,30004,14497,15507,17144,8272,8872,4286,2070,2216,
42885,17149,8226,8923,30009,14446,15563,34294,16483,17811,30007,14499,15508,17145,8273,8872,4287,2070,2217,
42890,17152,8228,8924,30013,14448,15565,34301,16487,17814,30011,14500,15511,17148,8274,8874,4287,2070,2217,
42895,17153,8228,8925,30016,14449,15567,34302,16488,17814,30014,14501,15513,17149,8275,8874,4288,2071,2217,
42900,17156,8229,8927,30020,14451,15569,34309,16493,17816,30018,14502,15516,17152,8276,8876,4288,2071,2217,
42905,17157,8230,8927,30023,14452,15571,34310,16494,17816,30021,14505,15516,17153,8276,8877,4289,2072,2217,
42910,17160,8231,8929,30027,14453,15574,34317,16495,17822,30025,14507,15518,17156,8278,8878,4289,2072,2217,
42915,17161,8231,8930,30030,14455,15575,34318,16495,17823,30028,14508,15520,17157,8279,8878,4290,2072,2218,
42920,17164,8233,8931,30034,14457,15577,34325,16496,17829,30032,14508,15524,17160,8280,8880,4290,2072,2218,
42925,17165,8233,8932,30037,14458,15579,34326,16496,17830,30035,14509,15526,17161,8280,8881,4291,2073,2218,
42930,17168,8233,8935,30041,14461,15580,34333,16497,17836,30039,14511,15528,17164,8283,8881,4291,2073,2218,
42935,17169,8234,8935,30044,14462,15582,34334,16498,17836,30042,14512,15530,17165,8284,8881,4292,2074,2218,
42940,17172,8235,8937,30048,14463,15585,34341,16503,17838,30046,14513,15533,17168,8287,8881,4292,2074,2218,
42945,17173,8235,8938,30051,14463,15588,34342,16503,17839,30049,14515,15534,17169,8288,8881,4293,2075,2218,
42950,17176,8237,8939,30055,14466,15589,34349,16508,17841,30053,14517,15536,17172,8291,8881,4293,2075,2218,
42955,17177,8237,8940,30058,14468,15590,34350,16508,17842,30056,14519,15537,17173,8291,8882,4294,2076,2218,
42960,17180,8239,8941,30062,14470,15592,34357,16511,17846,30060,14523,15537,17176,8294,8882,4294,2076,2218,
42965,17181,8240,8941,30065,14471,15594,34358,16512,17846,30063,14524,15539,17177,8295,8882,4295,2076,2219,
42970,17184,8241,8943,30069,14473,15596,34365,16515,17850,30067,14525,15542,17180,8298,8882,4295,2076,2219,
42975,17185,8242,8943,30072,14474,15598,34366,16515,17851,30070,14528,15542,17181,8298,8883,4296,2077,2219,
42980,17188,8244,8944,30076,14476,15600,34373,16519,17854,30074,14530,15544,17184,8300,8884,4296,2077,2219,
42985,17189,8244,8945,30079,14477,15602,34374,16520,17854,30077,14531,15546,17185,8301,8884,4297,2078,2219,
42990,17192,8245,8947,30083,14480,15603,34381,16523,17858,30081,14535,15546,17188,8303,8885,4297,2078,2219,
42995,17193,8245,8948,30086,14482,15604,34382,16523,17859,30084,14536,15548,17189,8303,8886,4298,2079,2219,
43000,17196,8245,8951,30090,14485,15605,34389,16529,17860,30088,14538,15550,17192,8305,8887,4298,2079,2219,
43005,17197,8245,8952,30093,14487,15606,34390,16529,17861,30091,14539,15552,17193,8306,8887,4299,2079,2220,
43010,17200,8247,8953,30097,14489,15608,34397,16532,17865,30095,14542,15553,17196,8308,8888,4299,2079,2220,
43015,17201,8247,8954,30100,14490,15610,34398,16533,17865,30098,14542,15556,17197,8308,8889,4300,2079,2221,
43020,17204,8249,8955,30104,14492,15612,34405,16534,17871,30102,14543,15559,17200,8311,8889,4300,2079,2221,
43025,17205,8249,8956,30107,14494,15613,34406,16535,17871,30105,14545,15560,17201,8311,8890,4301,2079,2222,
43030,17208,8250,8958,30111,14496,15615,34413,16540,17873,30109,14546,15563,17204,8313,8891,4301,2079,2222,
43035,17209,8251,8958,30114,14498,15616,34414,16541,17873,30112,14547,15565,17205,8314,8891,4302,2080,2222,
43040,17212,8253,8959,30118,14499,15619,34421,16543,17878,30116,14548,15568,17208,8315,8893,4302,2080,2222,
43045,17213,8254,8959,30121,14499,15622,34422,16544,17878,30119,14550,15569,17209,8315,8894,4303,2080,2223,
43050,17216,8255,8961,30125,14501,15624,34429,16546,17883,30123,14552,15571,17212,8317,8895,4303,2080,2223,
43055,17217,8256,8961,30128,14502,15626,34430,16547,17883,30126,14552,15574,17213,8317,8896,4304,2081,2223,
43060,17220,8256,8964,30132,14504,15628,34437,16551,17886,30130,14553,15577,17216,8317,8899,4304,2081,2223,
43065,17221,8257,8964,30135,14506,15629,34438,16552,17886,30133,14554,15579,17217,8317,8900,4305,2081,2224,
43070,17224,8258,8966,30139,14508,15631,34445,16558,17887,30137,14555,15582,17220,8318,8902,4305,2081,2224,
43075,17225,8259,8966,30142,14508,15634,34446,16558,17888,30140,14555,15585,17221,8319,8902,4306,2082,2224,
43080,17228,8260,8968,30146,14509,15637,34453,16563,17890,30144,14558,15586,17224,8320,8904,4306,2082,2224,
43085,17229,8260,8969,30149,14511,15638,34454,16563,17891,30147,14559,15588,17225,8321,8904,4307,2083,2224,
43090,17232,8263,8969,30153,14512,15641,34461,16567,17894,30151,14560,15591,17228,8323,8905,4307,2083,2224,
43095,17233,8263,8970,30156,14513,15643,34462,16568,17894,30154,14562,15592,17229,8324,8905,4308,2083,2225,
43100,17236,8263,8973,30160,14514,15646,34469,16572,17897,30158,14565,15593,17232,8326,8906,4308,2083,2225,
43105,17237,8264,8973,30163,14516,15647,34470,16572,17898,30161,14566,15595,17233,8327,8906,4309,2083,2226,
43110,17240,8266,8974,30167,14518,15649,34477,16573,17904,30165,14568,15597,17236,8329,8907,4309,2083,2226,
43115,17241,8267,8974,30170,14519,15651,34478,16573,17905,30168,14570,15598,17237,8330,8907,4310,2083,2227,
43120,17244,8267,8977,30174,14522,15652,34485,16579,17906,30172,14571,15601,17240,8331,8909,4310,2083,2227,
43125,17245,8268,8977,30177,14524,15653,34486,16579,17907,30175,14571,15604,17241,8332,8909,4311,2083,2228,
43130,17248,8270,8978,30181,14526,15655,34493,16584,17909,30179,14574,15605,17244,8333,8911,4311,2083,2228,
43135,17249,8271,8978,30184,14529,15655,34494,16584,17910,30182,14575,15607,17245,8334,8911,4312,2083,2229,
43140,17252,8273,8979,30188,14530,15658,34501,16585,17916,30186,14576,15610,17248,8337,8911,4312,2083,2229,
43145,17253,8274,8979,30191,14531,15660,34502,16585,17917,30189,14576,15613,17249,8337,8912,4313,2083,2230,
43150,17256,8276,8980,30195,14535,15660,34509,16589,17920,30193,14578,15615,17252,8339,8913,4313,2083,2230,
43155,17257,8277,8980,30198,14536,15662,34510,16589,17921,30196,14579,15617,17253,8340,8913,4314,2084,2230,
43160,17260,8278,8982,30202,14538,15664,34517,16593,17924,30200,14581,15619,17256,8342,8914,4314,2084,2230,
43165,17261,8279,8982,30205,14541,15664,34518,16593,17925,30203,14581,15622,17257,8343,8914,4315,2084,2231,
43170,17264,8280,8984,30209,14544,15665,34525,16595,17930,30207,14584,15623,17260,8344,8916,4315,2084,2231,
43175,17265,8281,8984,30212,14545,15667,34526,16596,17930,30210,14585,15625,17261,8344,8917,4316,2084,2232,
43180,17268,8283,8985,30216,14548,15668,34533,16601,17932,30214,14586,15628,17264,8345,8919,4316,2084,2232,
43185,17269,8284,8985,30219,14550,15669,34534,16601,17933,30217,14586,15631,17265,8345,8920,4317,2085,2232,
43190,17272,8285,8987,30223,14552,15671,34541,16604,17937,30221,14588,15633,17268,8346,8922,4317,2085,2232,
43195,17273,8285,8988,30226,14553,15673,34542,16604,17938,30224,14589,15635,17269,8347,8922,4318,2085,2233,
43200,17276,8287,8989,30230,14554,15676,34549,16607,17942,30228,14591,15637,17272,8348,8924,4318,2085,2233,
43205,17277,8288,8989,30233,14557,15676,34550,16607,17943,30231,14594,15637,17273,8349,8924,4319,2086,2233,
43210,17280,8288,8992,30237,14557,15680,34557,16613,17944,30235,14595,15640,17276,8351,8925,4319,2086,2233,
43215,17281,8288,8993,30240,14558,15682,34558,16614,17944,30238,14596,15642,17277,8351,8926,4320,2086,2234,
43220,17284,8288,8996,30244,14560,15684,34565,16618,17947,30242,14599,15643,17280,8354,8926,4320,2086,2234,
43225,17285,8288,8997,30247,14561,15686,34566,16619,17947,30245,14601,15644,17281,8354,8927,4321,2087,2234,
43230,17288,8289,8999,30251,14562,15689,34573,16625,17948,30249,14604,15645,17284,8356,8928,4321,2087,2234,
43235,17289,8289,9000,30254,14562,15692,34574,16625,17949,30252,14605,15647,17285,8356,8929,4322,2088,2234,
43240,17292,8292,9000,30258,14562,15696,34581,16626,17955,30256,14606,15650,17288,8357,8931,4322,2088,2234,
43245,17293,8292,9001,30261,14564,15697,34582,16627,17955,30259,14608,15651,17289,8358,8931,4323,2089,2234,
43250,17296,8293,9003,30265,14565,15700,34589,16630,17959,30263,14610,15653,17292,8359,8933,4323,2089,2234,
43255,17297,8294,9003,30268,14567,15701,34590,16630,17960,30266,14611,15655,17293,8360,8933,4324,2089,2235,
43260,17300,8294,9006,30272,14571,15701,34597,16634,17963,30270,14613,15657,17296,8363,8933,4324,2089,2235,
43265,17301,8294,9007,30275,14573,15702,34598,16634,17964,30273,14614,15659,17297,8363,8934,4325,2089,2236,
43270,17304,8296,9008,30279,14575,15704,34605,16638,17967,30277,14615,15662,17300,8363,8937,4325,2089,2236,
43275,17305,8296,9009,30282,14577,15705,34606,16638,17968,30280,14617,15663,17301,8363,8938,4326,2089,2237,
43280,17308,8297,9011,30286,14577,15709,34613,16640,17973,30284,14620,15664,17304,8365,8939,4326,2089,2237,
43285,17309,8297,9012,30289,14579,15710,34614,16640,17974,30287,14622,15665,17305,8365,8940,4327,2089,2238,
43290,17312,8300,9012,30293,14581,15712,34621,16644,17977,30291,14622,15669,17308,8368,8940,4327,2089,2238,
43295,17313,8300,9013,30296,14582,15714,34622,16644,17978,30294,14625,15669,17309,8369,8940,4328,2089,2239,
43300,17316,8302,9014,30300,14583,15717,34629,16645,17984,30298,14628,15670,17312,8369,8943,4328,2089,2239,
43305,17317,8302,9015,30303,14584,15719,34630,16645,17985,30301,14631,15670,17313,8370,8943,4329,2090,2239,
43310,17320,8305,9015,30307,14586,15721,34637,16649,17988,30305,14634,15671,17316,8370,8946,4329,2090,2239,
43315,17321,8306,9015,30310,14586,15724,34638,16649,17989,30308,14636,15672,17317,8371,8946,4330,2091,2239,
43320,17324,8307,9017,30314,14588,15726,34645,16651,17994,30312,14638,15674,17320,8372,8948,4330,2091,2239,
43325,17325,8307,9018,30317,14590,15727,34646,16651,17995,30315,14639,15676,17321,8373,8948,4331,2092,2239,
43330,17328,8308,9020,30321,14592,15729,34653,16654,17999,30319,14641,15678,17324,8374,8950,4331,2092,2239,
43335,17329,8308,9021,30324,14594,15730,34654,16655,17999,30322,14643,15679,17325,8374,8951,4332,2093,2239,
43340,17332,8309,9023,30328,14595,15733,34661,16658,18003,30326,14645,15681,17328,8375,8953,4332,2093,2239,
43345,17333,8310,9023,30331,14595,15736,34662,16658,18004,30329,14648,15681,17329,8375,8954,4333,2093,2240,
43350,17336,8313,9023,30335,14597,15738,34669,16659,18010,30333,14649,15684,17332,8377,8955,4333,2093,2240,
43355,17337,8314,9023,30338,14599,15739,34670,16660,18010,30336,14650,15686,17333,8377,8956,4334,2094,2240,
43360,17340,8315,9025,30342,14601,15741,34677,16662,18015,30340,14653,15687,17336,8379,8957,4334,2094,2240,
43365,17341,8316,9025,30345,14602,15743,34678,16662,18016,30343,14653,15690,17337,8380,8957,4335,2094,2241,
43370,17344,8316,9028,30349,14604,15745,34685,16665,18020,30347,14654,15693,17340,8381,8959,4335,2094,2241,
43375,17345,8316,9029,30352,14604,15748,34686,16666,18020,30350,14656,15694,17341,8382,8959,4336,2095,2241,
43380,17348,8318,9030,30356,14607,15749,34693,16667,18026,30354,14659,15695,17344,8383,8961,4336,2095,2241,
43385,17349,8318,9031,30359,14610,15749,34694,16668,18026,30357,14661,15696,17345,8383,8962,4337,2096,2241,
43390,17352,8319,9033,30363,14611,15752,34701,16671,18030,30361,14663,15698,17348,8383,8965,4337,2096,2241,
43395,17353,8320,9033,30366,14612,15754,34702,16672,18030,30364,14663,15701,17349,8384,8965,4338,2096,2242,
43400,17356,8322,9034,30370,14615,15755,34709,16676,18033,30368,14663,15705,17352,8384,8968,4338,2096,2242,
43405,17357,8322,9035,30373,14617,15756,34710,16677,18033,30371,14665,15706,17353,8384,8969,4339,2097,2242,
43410,17360,8323,9037,30377,14619,15758,34717,16677,18040,30375,14667,15708,17356,8384,8972,4339,2097,2242,
43415,17361,8323,9038,30380,14621,15759,34718,16677,18041,30378,14668,15710,17357,8384,8973,4340,2098,2242,
43420,17364,8325,9039,30384,14621,15763,34725,16681,18044,30382,14670,15712,17360,8386,8974,4340,2098,2242,
43425,17365,8325,9040,30387,14623,15764,34726,16682,18044,30385,14671,15714,17361,8387,8974,4341,2099,2242,
43430,17368,8325,9043,30391,14627,15764,34733,16685,18048,30389,14673,15716,17364,8388,8976,4341,2099,2242,
43435,17369,8325,9044,30394,14630,15764,34734,16685,18049,30392,14675,15717,17365,8388,8977,4342,2099,2243,
43440,17372,8326,9046,30398,14631,15767,34741,16688,18053,30396,14676,15720,17368,8390,8978,4342,2099,2243,
43445,17373,8327,9046,30401,14631,15770,34742,16688,18054,30399,14677,15722,17369,8391,8978,4343,2100,2243,
43450,17376,8328,9048,30405,14635,15770,34749,16691,18058,30403,14681,15722,17372,8392,8980,4343,2100,2243,
43455,17377,8329,9048,30408,14637,15771,34750,16692,18058,30406,14681,15725,17373,8392,8981,4344,2101,2243,
43460,17380,8330,9050,30412,14638,15774,34757,16694,18063,30410,14681,15729,17376,8394,8982,4344,2101,2243,
43465,17381,8330,9051,30415,14640,15775,34758,16694,18064,30413,14682,15731,17377,8394,8983,4345,2101,2244,
43470,17384,8333,9051,30419,14642,15777,34765,16700,18065,30417,14684,15733,17380,8397,8983,4345,2101,2244,
43475,17385,8333,9052,30422,14644,15778,34766,16700,18066,30420,14685,15735,17381,8397,8984,4346,2102,2244,
43480,17388,8334,9054,30426,14646,15780,34773,16704,18069,30424,14688,15736,17384,8399,8985,4346,2102,2244,
43485,17389,8334,9055,30429,14647,15782,34774,16704,18070,30427,14689,15738,17385,8399,8986,4347,2103,2244,
43490,17392,8335,9057,30433,14651,15782,34781,16709,18072,30431,14691,15740,17388,8399,8989,4347,2103,2244,
43495,17393,8336,9057,30436,14652,15784,34782,16709,18073,30434,14693,15741,17389,8400,8989,4348,2103,2245,
43500,17396,8338,9058,30440,14654,15786,34789,16711,18078,30438,14695,15743,17392,8403,8989,4348,2103,2245,
43505,17397,8338,9059,30443,14655,15788,34790,16711,18079,30441,14697,15744,17393,8404,8989,4349,2104,2245,
43510,17400,8339,9061,30447,14656,15791,34797,16714,18083,30445,14699,15746,17396,8407,8989,4349,2104,2245,
43515,17401,8339,9062,30450,14657,15793,34798,16715,18083,30448,14699,15749,17397,8408,8989,4350,2104,2246,
43520,17404,8341,9063,30454,14661,15793,34805,16719,18086,30452,14701,15751,17400,8409,8991,4350,2104,2246,
43525,17405,8341,9064,30457,14662,15795,34806,16719,18087,30455,14702,15753,17401,8409,8992,4351,2105,2246,
43530,17408,8343,9065,30461,14665,15796,34813,16723,18090,30459,14703,15756,17404,8412,8992,4351,2105,2246,
43535,17409,8343,9066,30464,14666,15798,34814,16723,18091,30462,14704,15758,17405,8413,8992,4352,2106,2246,
43540,17412,8345,9067,30468,14667,15801,34821,16727,18094,30466,14705,15761,17408,8414,8994,4352,2106,2246,
43545,17413,8346,9067,30471,14669,15802,34822,16727,18095,30469,14706,15763,17409,8415,8994,4353,2107,2246,
43550,17416,8348,9068,30475,14671,15804,34829,16729,18100,30473,14708,15765,17412,8416,8996,4353,2107,2246,
43555,17417,8348,9069,30478,14673,15805,34830,16730,18100,30476,14710,15766,17413,8416,8997,4354,2108,2246,
43560,17420,8350,9070,30482,14675,15807,34837,16734,18103,30480,14711,15769,17416,8418,8998,4354,2108,2246,
43565,17421,8351,9070,30485,14677,15808,34838,16735,18103,30483,14712,15771,17417,8419,8998,4355,2109,2246,
43570,17424,8352,9072,30489,14677,15812,34845,16740,18105,30487,14712,15775,17420,8419,9001,4355,2109,2246,
43575,17425,8352,9073,30492,14680,15812,34846,16741,18105,30490,14714,15776,17421,8420,9001,4356,2110,2246,
43580,17428,8353,9075,30496,14682,15814,34853,16746,18107,30494,14715,15779,17424,8421,9003,4356,2110,2246,
43585,17429,8354,9075,30499,14684,15815,34854,16746,18108,30497,14716,15781,17425,8421,9004,4357,2110,2247,
43590,17432,8356,9076,30503,14687,15816,34861,16749,18112,30501,14717,15784,17428,8422,9006,4357,2110,2247,
43595,17433,8357,9076,30506,14689,15817,34862,16750,18112,30504,14718,15786,17429,8422,9007,4358,2111,2247,
43600,17436,8358,9078,30510,14692,15818,34869,16751,18118,30508,14722,15786,17432,8424,9008,4358,2111,2247,
43605,17437,8359,9078,30513,14694,15819,34870,16751,18119,30511,14723,15788,17433,8425,9008,4359,2112,2247,
43610,17440,8360,9080,30517,14695,15822,34877,16756,18121,30515,14725,15790,17436,8427,9009,4359,2112,2247,
43615,17441,8360,9081,30520,14696,15824,34878,16757,18121,30518,14726,15792,17437,8427,9010,4360,2112,2248,
43620,17444,8361,9083,30524,14698,15826,34885,16759,18126,30522,14728,15794,17440,8428,9012,4360,2112,2248,
43625,17445,8361,9084,30527,14700,15827,34886,16760,18126,30525,14731,15794,17441,8428,9013,4361,2113,2248,
43630,17448,8363,9085,30531,14701,15830,34893,16764,18129,30529,14732,15797,17444,8430,9014,4361,2113,2248,
43635,17449,8363,9086,30534,14701,15833,34894,16764,18130,30532,14734,15798,17445,8431,9014,4362,2113,2249,
43640,17452,8365,9087,30538,14702,15836,34901,16766,18135,30536,14734,15802,17448,8431,9017,4362,2113,2249,
43645,17453,8366,9087,30541,14704,15837,34902,16767,18135,30539,14735,15804,17449,8432,9017,4363,2114,2249,
43650,17456,8367,9089,30545,14706,15839,34909,16771,18138,30543,14738,15805,17452,8434,9018,4363,2114,2249,
43655,17457,8367,9090,30548,14707,15841,34910,16772,18138,30546,14738,15808,17453,8434,9019,4364,2114,2250,
43660,17460,8370,9090,30552,14709,15843,34917,16774,18143,30550,14741,15809,17456,8435,9021,4364,2114,2250,
43665,17461,8371,9090,30555,14710,15845,34918,16774,18144,30553,14743,15810,17457,8436,9021,4365,2114,2251,
43670,17464,8371,9093,30559,14714,15845,34925,16774,18151,30557,14744,15813,17460,8438,9022,4365,2114,2251,
43675,17465,8371,9094,30562,14715,15847,34926,16775,18151,30560,14747,15813,17461,8439,9022,4366,2115,2251,
43680,17468,8374,9094,30566,14718,15848,34933,16776,18157,30564,14749,15815,17464,8441,9023,4366,2115,2251,
43685,17469,8374,9095,30569,14719,15850,34934,16776,18158,30567,14749,15818,17465,8441,9024,4367,2116,2251,
43690,17472,8375,9097,30573,14720,15853,34941,16780,18161,30571,14751,15820,17468,8444,9024,4367,2116,2251,
43695,17473,8375,9098,30576,14722,15854,34942,16780,18162,30574,14752,15822,17469,8445,9024,4368,2116,2252,
43700,17476,8375,9101,30580,14725,15855,34949,16785,18164,30578,14756,15822,17472,8445,9027,4368,2116,2252,
43705,17477,8376,9101,30583,14725,15858,34950,16786,18164,30581,14758,15823,17473,8446,9027,4369,2117,2252,
43710,17480,8376,9104,30587,14728,15859,34957,16788,18169,30585,14759,15826,17476,8447,9029,4369,2117,2252,
43715,17481,8376,9105,30590,14729,15861,34958,16788,18170,30588,14760,15828,17477,8447,9030,4370,2118,2252,
43720,17484,8376,9108,30594,14730,15864,34965,16793,18172,30592,14763,15829,17480,8449,9031,4370,2118,2252,
43725,17485,8376,9109,30597,14733,15864,34966,16793,18173,30595,14764,15831,17481,8449,9032,4371,2119,2252,
43730,17488,8376,9112,30601,14735,15866,34973,16797,18176,30599,14765,15834,17484,8451,9033,4371,2119,2252,
43735,17489,8377,9112,30604,14736,15868,34974,16797,18177,30602,14766,15836,17485,8451,9034,4372,2120,2252,
43740,17492,8379,9113,30608,14738,15870,34981,16800,18181,30606,14770,15836,17488,8454,9034,4372,2120,2252,
43745,17493,8380,9113,30611,14738,15873,34982,16800,18182,30609,14771,15838,17489,8454,9035,4373,2121,2252,
43750,17496,8382,9114,30615,14740,15875,34989,16801,18188,30613,14772,15841,17492,8455,9037,4373,2121,2252,
43755,17497,8382,9115,30618,14742,15876,34990,16802,18188,30616,14772,15844,17493,8456,9037,4374,2121,2253,
43760,17500,8384,9116,30622,14743,15879,34997,16806,18191,30620,14775,15845,17496,8457,9039,4374,2121,2253,
43765,17501,8384,9117,30625,14743,15882,34998,16806,18192,30623,14776,15847,17497,8458,9039,4375,2121,2254,
43770,17504,8385,9119,30629,14744,15885,35005,16809,18196,30627,14777,15850,17500,8460,9040,4375,2121,2254,
43775,17505,8386,9119,30632,14744,15888,35006,16810,18196,30630,14780,15850,17501,8461,9040,4376,2121,2255,
43780,17508,8389,9119,30636,14746,15890,35013,16813,18200,30634,14780,15854,17504,8461,9043,4376,2121,2255,
43785,17509,8389,9120,30639,14749,15890,35014,16814,18200,30637,14782,15855,17505,8461,9044,4377,2121,2256,
43790,17512,8389,9123,30643,14751,15892,35021,16818,18203,30641,14783,15858,17508,8463,9045,4377,2121,2256,
43795,17513,8390,9123,30646,14753,15893,35022,16818,18204,30644,14786,15858,17509,8464,9045,4378,2122,2256,
43800,17516,8391,9125,30650,14753,15897,35029,16820,18209,30648,14788,15860,17512,8466,9046,4378,2122,2256,
43805,17517,8392,9125,30653,14755,15898,35030,16821,18209,30651,14790,15861,17513,8466,9047,4379,2123,2256,
43810,17520,8393,9127,30657,14757,15900,35037,16824,18213,30655,14794,15861,17516,8467,9049,4379,2123,2256,
43815,17521,8394,9127,30660,14759,15901,35038,16824,18214,30658,14794,15864,17517,8467,9050,4380,2124,2256,
43820,17524,8396,9128,30664,14762,15902,35045,16829,18216,30662,14797,15865,17520,8468,9052,4380,2124,2256,
43825,17525,8397,9128,30667,14763,15904,35046,16829,18217,30665,14797,15868,17521,8469,9052,4381,2125,2256,
43830,17528,8399,9129,30671,14764,15907,35053,16834,18219,30669,14799,15870,17524,8469,9055,4381,2125,2256,
43835,17529,8400,9129,30674,14767,15907,35054,16835,18219,30672,14801,15871,17525,8469,9056,4382,2126,2256,
43840,17532,8402,9130,30678,14769,15909,35061,16840,18221,30676,14804,15872,17528,8471,9057,4382,2126,2256,
43845,17533,8403,9130,30681,14769,15912,35062,16840,18222,30679,14806,15873,17529,8472,9057,4383,2127,2256,
43850,17536,8404,9132,30685,14770,15915,35069,16843,18226,30683,14808,15875,17532,8474,9058,4383,2127,2256,
43855,17537,8404,9133,30688,14773,15915,35070,16843,18227,30686,14809,15877,17533,8475,9058,4384,2127,2257,
43860,17540,8405,9135,30692,14776,15916,35077,16845,18232,30690,14813,15877,17536,8477,9059,4384,2127,2257,
43865,17541,8406,9135,30695,14778,15917,35078,16845,18233,30693,14814,15879,17537,8477,9060,4385,2127,2258,
43870,17544,8408,9136,30699,14778,15921,35085,16848,18237,30697,14816,15881,17540,8479,9061,4385,2127,2258,
43875,17545,8408,9137,30702,14779,15923,35086,16849,18237,30700,14818,15882,17541,8479,9062,4386,2127,2259,
43880,17548,8408,9140,30706,14780,15926,35093,16853,18240,30704,14821,15883,17544,8481,9063,4386,2127,2259,
43885,17549,8409,9140,30709,14782,15927,35094,16853,18241,30707,14823,15884,17545,8481,9064,4387,2128,2259,
43890,17552,8412,9140,30713,14784,15929,35101,16857,18244,30711,14826,15885,17548,8483,9065,4387,2128,2259,
43895,17553,8413,9140,30716,14786,15930,35102,16857,18245,30714,14826,15888,17549,8484,9065,4388,2128,2260,
43900,17556,8414,9142,30720,14788,15932,35109,16861,18248,30718,14828,15890,17552,8486,9066,4388,2128,2260,
43905,17557,8414,9143,30723,14790,15933,35110,16862,18248,30721,14831,15890,17553,8487,9066,4389,2129,2260,
43910,17560,8416,9144,30727,14792,15935,35117,16866,18251,30725,14833,15892,17556,8487,9069,4389,2129,2260,
43915,17561,8416,9145,30730,14793,15937,35118,16866,18252,30728,14834,15894,17557,8488,9069,4390,2129,2261,
43920,17564,8418,9146,30734,14795,15939,35125,16870,18255,30732,14836,15896,17560,8491,9069,4390,2129,2261,
43925,17565,8419,9146,30737,14796,15941,35126,16871,18255,30735,14838,15897,17561,8491,9070,4391,2129,2262,
43930,17568,8420,9148,30741,14799,15942,35133,16875,18258,30739,14841,15898,17564,8491,9073,4391,2129,2262,
43935,17569,8421,9148,30744,14800,15944,35134,16876,18258,30742,14843,15899,17565,8491,9074,4392,2129,2263,
43940,17572,8423,9149,30748,14802,15946,35141,16878,18263,30746,14844,15902,17568,8493,9075,4392,2129,2263,
43945,17573,8424,9149,30751,14804,15947,35142,16879,18263,30749,14844,15905,17569,8493,9076,4393,2129,2264,
43950,17576,8425,9151,30755,14805,15950,35149,16882,18267,30753,14845,15908,17572,8495,9077,4393,2129,2264,
43955,17577,8426,9151,30758,14807,15951,35150,16882,18268,30756,14846,15910,17573,8495,9078,4394,2129,2265,
43960,17580,8428,9152,30762,14808,15954,35157,16884,18273,30760,14849,15911,17576,8496,9080,4394,2129,2265,
43965,17581,8429,9152,30765,14808,15957,35158,16884,18274,30763,14852,15911,17577,8496,9081,4395,2130,2265,
43970,17584,8430,9154,30769,14812,15957,35165,16886,18279,30767,14854,15913,17580,8498,9082,4395,2130,2265,
43975,17585,8431,9154,30772,14813,15959,35166,16886,18280,30770,14855,15915,17581,8498,9083,4396,2130,2266,
43980,17588,8434,9154,30776,14814,15962,35173,16889,18284,30774,14858,15916,17584,8500,9084,4396,2130,2266,
43985,17589,8435,9154,30779,14814,15965,35174,16889,18285,30777,14858,15919,17585,8500,9085,4397,2130,2267,
43990,17592,8436,9156,30783,14816,15967,35181,16894,18287,30781,14860,15921,17588,8502,9086,4397,2130,2267,
43995,17593,8437,9156,30786,14819,15967,35182,16895,18287,30784,14862,15922,17589,8502,9087,4398,2130,2268,
44000,17596,8438,9158,30790,14820,15970,35189,16898,18291,30788,14864,15924,17592,8504,9088,4398,2130,2268,
44005,17597,8438,9159,30793,14820,15973,35190,16899,18291,30791,14866,15925,17593,8505,9088,4399,2130,2269,
44010,17600,8438,9162,30797,14821,15976,35197,16902,18295,30795,14869,15926,17596,8507,9089,4399,2130,2269,
44015,17601,8439,9162,30800,14824,15976,35198,16902,18296,30798,14869,15929,17597,8508,9089,4400,2131,2269,
44020,17604,8441,9163,30804,14827,15977,35205,16904,18301,30802,14872,15930,17600,8509,9091,4400,2131,2269,
44025,17605,8442,9163,30807,14827,15980,35206,16904,18302,30805,14872,15933,17601,8510,9091,4401,2131,2270,
44030,17608,8444,9164,30811,14829,15982,35213,16908,18305,30809,14874,15935,17604,8510,9094,4401,2131,2270,
44035,17609,8445,9164,30814,14829,15985,35214,16908,18306,30812,14877,15935,17605,8510,9095,4402,2131,2271,
44040,17612,8447,9165,30818,14831,15987,35221,16911,18310,30816,14879,15937,17608,8513,9095,4402,2131,2271,
44045,17613,8447,9166,30821,14832,15989,35222,16911,18311,30819,14880,15939,17609,8513,9096,4403,2132,2271,
44050,17616,8449,9167,30825,14834,15991,35229,16916,18313,30823,14882,15941,17612,8515,9097,4403,2132,2271,
44055,17617,8450,9167,30828,14836,15992,35230,16916,18314,30826,14883,15943,17613,8515,9098,4404,2133,2271,
44060,17620,8452,9168,30832,14839,15993,35237,16917,18320,30830,14885,15945,17616,8516,9100,4404,2133,2271,
44065,17621,8453,9168,30835,14841,15994,35238,16918,18320,30833,14888,15945,17617,8517,9100,4405,2134,2271,
44070,17624,8456,9168,30839,14843,15996,35245,16922,18323,30837,14890,15947,17620,8519,9101,4405,2134,2271,
44075,17625,8457,9168,30842,14845,15997,35246,16922,18324,30840,14892,15948,17621,8519,9102,4406,2134,2272,
44080,17628,8459,9169,30846,14848,15998,35253,16926,18327,30844,14893,15951,17624,8521,9103,4406,2134,2272,
44085,17629,8460,9169,30849,14850,15999,35254,16927,18327,30847,14893,15954,17625,8521,9104,4407,2135,2272,
44090,17632,8462,9170,30853,14853,16000,35261,16929,18332,30851,14895,15956,17628,8524,9104,4407,2135,2272,
44095,17633,8462,9171,30856,14855,16001,35262,16930,18332,30854,14897,15957,17629,8525,9104,4408,2136,2272,
44100,17636,8463,9173,30860,14855,16005,35269,16931,18338,30858,14897,15961,17632,8527,9105,4408,2136,2272,
44105,17637,8464,9173,30863,14855,16008,35270,16931,18339,30861,14898,15963,17633,8527,9106,4409,2136,2273,
44110,17640,8464,9176,30867,14855,16012,35277,16934,18343,30865,14900,15965,17636,8528,9108,4409,2136,2273,
44115,17641,8465,9176,30870,14857,16013,35278,16935,18343,30868,14902,15966,17637,8528,9109,4410,2136,2274,
44120,17644,8466,9178,30874,14859,16015,35285,16939,18346,30872,14903,15969,17640,8529,9111,4410,2136,2274,
44125,17645,8466,9179,30877,14862,16015,35286,16940,18346,30875,14905,15970,17641,8530,9111,4411,2136,2275,
44130,17648,8468,9180,30881,14864,16017,35293,16943,18350,30879,14908,15971,17644,8531,9113,4411,2136,2275,
44135,17649,8468,9181,30884,14866,16018,35294,16944,18350,30882,14909,15973,17645,8531,9114,4412,2137,2275,
44140,17652,8470,9182,30888,14867,16021,35301,16949,18352,30886,14913,15973,17648,8533,9115,4412,2137,2275,
44145,17653,8470,9183,30891,14870,16021,35302,16949,18353,30889,14915,15974,17649,8533,9116,4413,2137,2276,
44150,17656,8472,9184,30895,14872,16023,35309,16951,18358,30893,14917,15976,17652,8535,9117,4413,2137,2276,
44155,17657,8473,9184,30898,14875,16023,35310,16952,18358,30896,14919,15977,17653,8535,9118,4414,2137,2277,
44160,17660,8474,9186,30902,14875,16027,35317,16956,18361,30900,14921,15979,17656,8536,9120,4414,2137,2277,
44165,17661,8475,9186,30905,14877,16028,35318,16957,18361,30903,14923,15980,17657,8536,9121,4415,2137,2278,
44170,17664,8477,9187,30909,14878,16031,35325,16962,18363,30907,14924,15983,17660,8539,9121,4415,2137,2278,
44175,17665,8478,9187,30912,14880,16032,35326,16962,18364,30910,14924,15986,17661,8540,9121,4416,2137,2279,
44180,17668,8481,9187,30916,14884,16032,35333,16967,18366,30914,14926,15988,17664,8542,9122,4416,2137,2279,
44185,17669,8481,9188,30919,14886,16033,35334,16967,18367,30917,14928,15989,17665,8542,9123,4417,2138,2279,
44190,17672,8481,9191,30923,14887,16036,35341,16970,18371,30921,14931,15990,17668,8544,9124,4417,2138,2279,
44195,17673,8482,9191,30926,14888,16038,35342,16970,18372,30924,14931,15993,17669,8545,9124,4418,2139,2279,
44200,17676,8484,9192,30930,14892,16038,35349,16974,18375,30928,14934,15994,17672,8546,9126,4418,2139,2279,
44205,17677,8485,9192,30933,14893,16040,35350,16974,18376,30931,14934,15997,17673,8546,9127,4419,2139,2280,
44210,17680,8487,9193,30937,14894,16043,35357,16974,18383,30935,14935,16000,17676,8546,9130,4419,2139,2280,
44215,17681,8488,9193,30940,14894,16046,35358,16974,18384,30938,14936,16002,17677,8546,9131,4420,2139,2281,
44220,17684,8489,9195,30944,14897,16047,35365,16977,18388,30942,14936,16006,17680,8548,9132,4420,2139,2281,
44225,17685,8489,9196,30947,14898,16049,35366,16977,18389,30945,14937,16008,17681,8548,9133,4421,2139,2282,
44230,17688,8490,9198,30951,14900,16051,35373,16979,18394,30949,14939,16010,17684,8549,9135,4421,2139,2282,
44235,17689,8491,9198,30954,14902,16052,35374,16979,18395,30952,14940,16012,17685,8550,9135,4422,2140,2282,
44240,17692,8492,9200,30958,14905,16053,35381,16983,18398,30956,14941,16015,17688,8551,9137,4422,2140,2282,
44245,17693,8492,9201,30961,14907,16054,35382,16984,18398,30959,14943,16016,17689,8552,9137,4423,2140,2283,
44250,17696,8494,9202,30965,14908,16057,35389,16986,18403,30963,14944,16019,17692,8553,9139,4423,2140,2283,
44255,17697,8494,9203,30968,14908,16060,35390,16987,18403,30966,14946,16020,17693,8554,9139,4424,2141,2283,
44260,17700,8495,9205,30972,14911,16061,35397,16988,18409,30970,14947,16023,17696,8556,9140,4424,2141,2283,
44265,17701,8496,9205,30975,14914,16061,35398,16988,18410,30973,14948,16025,17697,8557,9140,4425,2141,2284,
44270,17704,8497,9207,30979,14918,16061,35405,16991,18414,30977,14952,16025,17700,8558,9142,4425,2141,2284,
44275,17705,8498,9207,30982,14919,16063,35406,16992,18414,30980,14953,16027,17701,8558,9143,4426,2142,2284,
44280,17708,8501,9207,30986,14920,16066,35413,16995,18418,30984,14955,16029,17704,8559,9145,4426,2142,2284,
44285,17709,8501,9208,30989,14920,16069,35414,16995,18419,30987,14956,16031,17705,8559,9146,4427,2142,2285,
44290,17712,8503,9209,30993,14920,16073,35421,16999,18422,30991,14958,16033,17708,8561,9147,4427,2142,2285,
44295,17713,8503,9210,30996,14923,16073,35422,17000,18422,30994,14960,16034,17709,8561,9148,4428,2142,2286,
44300,17716,8504,9212,31000,14925,16075,35429,17001,18428,30998,14960,16038,17712,8564,9148,4428,2142,2286,
44305,17717,8505,9212,31003,14927,16076,35430,17001,18429,31001,14962,16039,17713,8564,9149,4429,2142,2287,
44310,17720,8506,9214,31007,14929,16078,35437,17006,18431,31005,14963,16042,17716,8566,9150,4429,2142,2287,
44315,17721,8507,9214,31010,14929,16081,35438,17006,18432,31008,14965,16043,17717,8567,9150,4430,2142,2288,
44320,17724,8508,9216,31014,14931,16083,35445,17008,18437,31012,14965,16047,17720,8569,9151,4430,2142,2288,
44325,17725,8508,9217,31017,14933,16084,35446,17008,18438,31015,14966,16049,17721,8570,9151,4431,2143,2288,
44330,17728,8510,9218,31021,14933,16088,35453,17014,18439,31019,14969,16050,17724,8571,9153,4431,2143,2288,
44335,17729,8511,9218,31024,14935,16089,35454,17015,18439,31022,14971,16051,17725,8571,9154,4432,2143,2289,
44340,17732,8512,9220,31028,14937,16091,35461,17019,18442,31026,14974,16052,17728,8571,9157,4432,2143,2289,
44345,17733,8512,9221,31031,14939,16092,35462,17019,18443,31029,14975,16054,17729,8572,9157,4433,2144,2289,
44350,17736,8514,9222,31035,14941,16094,35469,17024,18445,31033,14976,16057,17732,8573,9159,4433,2144,2289,
44355,17737,8514,9223,31038,14942,16096,35470,17024,18446,31036,14977,16059,17733,8574,9159,4434,2145,2289,
44360,17740,8514,9226,31042,14943,16099,35477,17028,18449,31040,14981,16059,17736,8577,9159,4434,2145,2289,
44365,17741,8514,9227,31045,14944,16101,35478,17029,18449,31043,14984,16059,17737,8578,9159,4435,2146,2289,
44370,17744,8516,9228,31049,14947,16102,35485,17033,18452,31047,14987,16060,17740,8581,9159,4435,2146,2289,
44375,17745,8517,9228,31052,14948,16104,35486,17034,18452,31050,14989,16061,17741,8581,9160,4436,2146,2290,
44380,17748,8519,9229,31056,14948,16108,35493,17035,18458,31054,14990,16064,17744,8582,9162,4436,2146,2290,
44385,17749,8519,9230,31059,14948,16111,35494,17036,18458,31057,14993,16064,17745,8582,9163,4437,2147,2290,
44390,17752,8521,9231,31063,14949,16114,35501,17038,18463,31061,14995,16066,17748,8583,9165,4437,2147,2290,
44395,17753,8522,9231,31066,14949,16117,35502,17039,18463,31064,14997,16067,17749,8583,9166,4438,2148,2290,
44400,17756,8524,9232,31070,14952,16118,35509,17043,18466,31068,14999,16069,17752,8583,9169,4438,2148,2290,
44405,17757,8524,9233,31073,14953,16120,35510,17043,18467,31071,15001,16070,17753,8583,9170,4439,2148,2291,
44410,17760,8526,9234,31077,14955,16122,35517,17047,18470,31075,15004,16071,17756,8584,9172,4439,2148,2291,
44415,17761,8527,9234,31080,14956,16124,35518,17048,18470,31078,15005,16073,17757,8584,9173,4440,2148,2292,
44420,17764,8528,9236,31084,14957,16127,35525,17053,18472,31082,15006,16076,17760,8584,9176,4440,2148,2292,
44425,17765,8528,9237,31087,14957,16130,35526,17054,18472,31085,15008,16077,17761,8584,9177,4441,2149,2292,
44430,17768,8529,9239,31091,14959,16132,35533,17056,18477,31089,15010,16079,17764,8587,9177,4441,2149,2292,
44435,17769,8529,9240,31094,14961,16133,35534,17056,18478,31092,15012,16080,17765,8588,9177,4442,2149,2293,
44440,17772,8531,9241,31098,14963,16135,35541,17060,18481,31096,15013,16083,17768,8589,9179,4442,2149,2293,
44445,17773,8532,9241,31101,14965,16136,35542,17060,18482,31099,15014,16085,17769,8589,9180,4443,2150,2293,
44450,17776,8533,9243,31105,14965,16140,35549,17065,18484,31103,15016,16087,17772,8590,9182,4443,2150,2293,
44455,17777,8533,9244,31108,14968,16140,35550,17065,18485,31106,15017,16089,17773,8591,9182,4444,2150,2294,
44460,17780,8534,9246,31112,14971,16141,35557,17067,18490,31110,15019,16091,17776,8592,9184,4444,2150,2294,
44465,17781,8535,9246,31115,14973,16142,35558,17068,18490,31113,15020,16093,17777,8593,9184,4445,2151,2294,
44470,17784,8535,9249,31119,14974,16145,35565,17071,18494,31117,15023,16094,17780,8595,9185,4445,2151,2294,
44475,17785,8535,9250,31122,14975,16147,35566,17071,18495,31120,15024,16096,17781,8596,9185,4446,2151,2295,
44480,17788,8537,9251,31126,14975,16151,35573,17076,18497,31124,15026,16098,17784,8598,9186,4446,2151,2295,
44485,17789,8537,9252,31129,14976,16153,35574,17076,18498,31127,15027,16100,17785,8598,9187,4447,2151,2296,
44490,17792,8539,9253,31133,14978,16155,35581,17081,18500,31131,15028,16103,17788,8599,9189,4447,2151,2296,
44495,17793,8539,9254,31136,14978,16158,35582,17081,18501,31134,15029,16105,17789,8600,9189,4448,2152,2296,
44500,17796,8539,9257,31140,14980,16160,35589,17085,18504,31138,15030,16108,17792,8602,9190,4448,2152,2296,
44505,17797,8539,9258,31143,14982,16161,35590,17085,18505,31141,15033,16108,17793,8602,9191,4449,2153,2296,
44510,17800,8542,9258,31147,14984,16163,35597,17089,18508,31145,15035,16110,17796,8604,9192,4449,2153,2296,
44515,17801,8542,9259,31150,14986,16164,35598,17090,18508,31148,15036,16112,17797,8605,9192,4450,2153,2297,
44520,17804,8544,9260,31154,14987,16167,35605,17095,18510,31152,15038,16114,17800,8606,9194,4450,2153,2297,
44525,17805,8544,9261,31157,14989,16168,35606,17096,18510,31155,15040,16115,17801,8607,9194,4451,2154,2297,
44530,17808,8546,9262,31161,14990,16171,35613,17100,18513,31159,15041,16118,17804,8608,9196,4451,2154,2297,
44535,17809,8547,9262,31164,14990,16174,35614,17101,18513,31162,15043,16119,17805,8609,9196,4452,2154,2298,
44540,17812,8549,9263,31168,14992,16176,35621,17104,18517,31166,15045,16121,17808,8611,9197,4452,2154,2298,
44545,17813,8549,9264,31171,14995,16176,35622,17105,18517,31169,15046,16123,17809,8611,9198,4453,2154,2299,
44550,17816,8550,9266,31175,14999,16176,35629,17108,18521,31173,15049,16124,17812,8613,9199,4453,2154,2299,
44555,17817,8551,9266,31178,15000,16178,35630,17109,18521,31176,15051,16125,17813,8614,9199,4454,2155,2299,
44560,17820,8553,9267,31182,15002,16180,35637,17111,18526,31180,15052,16128,17816,8614,9202,4454,2155,2299,
44565,17821,8554,9267,31185,15004,16181,35638,17112,18526,31183,15054,16129,17817,8615,9202,4455,2155,2300,
44570,17824,8557,9267,31189,15005,16184,35645,17115,18530,31187,15055,16132,17820,8616,9204,4455,2155,2300,
44575,17825,8557,9268,31192,15007,16185,35646,17116,18530,31190,15056,16134,17821,8617,9204,4456,2155,2301,
44580,17828,8558,9270,31196,15009,16187,35653,17118,18535,31194,15058,16136,17824,8618,9206,4456,2155,2301,
44585,17829,8559,9270,31199,15011,16188,35654,17118,18536,31197,15059,16138,17825,8619,9206,4457,2156,2301,
44590,17832,8560,9272,31203,15013,16190,35661,17122,18539,31201,15060,16141,17828,8621,9207,4457,2156,2301,
44595,17833,8561,9272,31206,15014,16192,35662,17123,18539,31204,15060,16144,17829,8622,9207,4458,2157,2301,
44600,17836,8562,9274,31210,15015,16195,35669,17128,18541,31208,15061,16147,17832,8624,9208,4458,2157,2301,
44605,17837,8562,9275,31213,15015,16198,35670,17129,18541,31211,15062,16149,17833,8625,9208,4459,2157,2302,
44610,17840,8564,9276,31217,15016,16201,35677,17130,18547,31215,15063,16152,17836,8626,9210,4459,2157,2302,
44615,17841,8565,9276,31220,15018,16202,35678,17130,18548,31218,15066,16152,17837,8627,9210,4460,2157,2303,
44620,17844,8568,9276,31224,15020,16204,35685,17133,18552,31222,15069,16153,17840,8629,9211,4460,2157,2303,
44625,17845,8569,9276,31227,15023,16204,35686,17133,18553,31225,15069,16156,17841,8630,9211,4461,2157,2304,
44630,17848,8570,9278,31231,15024,16207,35693,17137,18556,31229,15072,16157,17844,8633,9211,4461,2157,2304,
44635,17849,8571,9278,31234,15025,16209,35694,17138,18556,31232,15074,16158,17845,8634,9211,4462,2158,2304,
44640,17852,8572,9280,31238,15025,16213,35701,17142,18559,31236,15077,16159,17848,8635,9213,4462,2158,2304,
44645,17853,8572,9281,31241,15026,16215,35702,17142,18560,31239,15079,16160,17849,8635,9214,4463,2158,2305,
44650,17856,8575,9281,31245,15028,16217,35709,17147,18562,31243,15083,16160,17852,8636,9216,4463,2158,2305,
44655,17857,8576,9281,31248,15030,16218,35710,17148,18562,31246,15086,16160,17853,8636,9217,4464,2158,2306,
44660,17860,8576,9284,31252,15033,16219,35717,17151,18566,31250,15086,16164,17856,8638,9218,4464,2158,2306,
44665,17861,8576,9285,31255,15033,16222,35718,17151,18567,31253,15088,16165,17857,8639,9218,4465,2158,2307,
44670,17864,8579,9285,31259,15034,16225,35725,17154,18571,31257,15090,16167,17860,8641,9219,4465,2158,2307,
44675,17865,8579,9286,31262,15036,16226,35726,17155,18571,31260,15092,16168,17861,8641,9220,4466,2158,2308,
44680,17868,8580,9288,31266,15039,16227,35733,17159,18574,31264,15094,16170,17864,8641,9223,4466,2158,2308,
44685,17869,8580,9289,31269,15040,16229,35734,17159,18575,31267,15096,16171,17865,8641,9224,4467,2159,2308,
44690,17872,8582,9290,31273,15043,16230,35741,17162,18579,31271,15097,16174,17868,8642,9226,4467,2159,2308,
44695,17873,8583,9290,31276,15043,16233,35742,17162,18580,31274,15098,16176,17869,8643,9226,4468,2160,2308,
44700,17876,8585,9291,31280,15045,16235,35749,17164,18585,31278,15099,16179,17872,8643,9229,4468,2160,2308,
44705,17877,8585,9292,31283,15048,16235,35750,17165,18585,31281,15101,16180,17873,8644,9229,4469,2161,2308,
44710,17880,8586,9294,31287,15050,16237,35757,17170,18587,31285,15101,16184,17876,8645,9231,4469,2161,2308,
44715,17881,8586,9295,31290,15051,16239,35758,17171,18587,31288,15102,16186,17877,8645,9232,4470,2162,2308,
44720,17884,8588,9296,31294,15054,16240,35765,17174,18591,31292,15103,16189,17880,8646,9234,4470,2162,2308,
44725,17885,8589,9296,31297,15056,16241,35766,17174,18592,31295,15104,16191,17881,8647,9234,4471,2163,2308,
44730,17888,8590,9298,31301,15056,16245,35773,17178,18595,31299,15105,16194,17884,8649,9235,4471,2163,2308,
44735,17889,8590,9299,31304,15056,16248,35774,17178,18596,31302,15106,16196,17885,8650,9235,4472,2164,2308,
44740,17892,8592,9300,31308,15059,16249,35781,17182,18599,31306,15108,16198,17888,8650,9238,4472,2164,2308,
44745,17893,8592,9301,31311,15060,16251,35782,17183,18599,31309,15109,16200,17889,8651,9238,4473,2164,2309,
44750,17896,8594,9302,31315,15062,16253,35789,17186,18603,31313,15111,16202,17892,8653,9239,4473,2164,2309,
44755,17897,8594,9303,31318,15063,16255,35790,17187,18603,31316,15112,16204,17893,8653,9240,4474,2164,2310,
44760,17900,8595,9305,31322,15063,16259,35797,17189,18608,31320,15115,16205,17896,8654,9242,4474,2164,2310,
44765,17901,8595,9306,31325,15066,16259,35798,17190,18608,31323,15118,16205,17897,8654,9243,4475,2164,2311,
44770,17904,8596,9308,31329,15067,16262,35805,17196,18609,31327,15119,16208,17900,8655,9245,4475,2164,2311,
44775,17905,8596,9309,31332,15069,16263,35806,17197,18609,31330,15121,16209,17901,8656,9245,4476,2165,2311,
44780,17908,8598,9310,31336,15071,16265,35813,17198,18615,31334,15122,16212,17904,8657,9247,4476,2165,2311,
44785,17909,8599,9310,31339,15071,16268,35814,17199,18615,31337,15122,16215,17905,8658,9247,4477,2165,2312,
44790,17912,8601,9311,31343,15073,16270,35821,17201,18620,31341,15124,16217,17908,8660,9248,4477,2165,2312,
44795,17913,8601,9312,31346,15075,16271,35822,17201,18621,31344,15124,16220,17909,8660,9249,4478,2166,2312,
44800,17916,8603,9313,31350,15078,16272,35829,17204,18625,31348,15126,16222,17912,8660,9252,4478,2166,2312,
44805,17917,8603,9314,31353,15081,16272,35830,17204,18626,31351,15128,16223,17913,8661,9252,4479,2166,2313,
44810,17920,8604,9316,31357,15082,16275,35837,17206,18631,31355,15130,16225,17916,8663,9253,4479,2166,2313,
44815,17921,8604,9317,31360,15084,16276,35838,17206,18632,31358,15131,16227,17917,8664,9253,4480,2166,2314,
44820,17924,8607,9317,31364,15084,16280,35845,17212,18633,31362,15134,16228,17920,8665,9255,4480,2166,2314,
44825,17925,8608,9317,31367,15084,16283,35846,17213,18633,31365,15135,16230,17921,8666,9255,4481,2167,2314,
44830,17928,8611,9317,31371,15088,16283,35853,17217,18636,31369,15137,16232,17924,8669,9255,4481,2167,2314,
44835,17929,8611,9318,31374,15089,16285,35854,17218,18636,31372,15138,16234,17925,8669,9256,4482,2168,2314,
44840,17932,8613,9319,31378,15090,16288,35861,17221,18640,31376,15139,16237,17928,8670,9258,4482,2168,2314,
44845,17933,8614,9319,31381,15092,16289,35862,17221,18641,31379,15140,16239,17929,8671,9258,4483,2169,2314,
44850,17936,8615,9321,31385,15095,16290,35869,17226,18643,31383,15141,16242,17932,8673,9259,4483,2169,2314,
44855,17937,8616,9321,31388,15096,16292,35870,17227,18643,31386,15144,16242,17933,8673,9260,4484,2170,2314,
44860,17940,8617,9323,31392,15099,16293,35877,17231,18646,31390,15147,16243,17936,8674,9262,4484,2170,2314,
44865,17941,8617,9324,31395,15102,16293,35878,17231,18647,31393,15148,16245,17937,8675,9262,4485,2171,2314,
44870,17944,8618,9326,31399,15104,16295,35885,17233,18652,31397,15151,16246,17940,8678,9262,4485,2171,2314,
44875,17945,8618,9327,31402,15106,16296,35886,17233,18653,31400,15154,16246,17941,8678,9263,4486,2172,2314,
44880,17948,8618,9330,31406,15109,16297,35893,17236,18657,31404,15158,16246,17944,8680,9264,4486,2172,2314,
44885,17949,8619,9330,31409,15110,16299,35894,17236,18658,31407,15160,16247,17945,8681,9264,4487,2172,2315,
44890,17952,8620,9332,31413,15112,16301,35901,17238,18663,31411,15161,16250,17948,8681,9267,4487,2172,2315,
44895,17953,8621,9332,31416,15114,16302,35902,17238,18664,31414,15164,16250,17949,8682,9267,4488,2172,2316,
44900,17956,8622,9334,31420,15115,16305,35909,17240,18669,31418,15166,16252,17952,8683,9269,4488,2172,2316,
44905,17957,8622,9335,31423,15116,16307,35910,17240,18670,31421,15168,16253,17953,8683,9270,4489,2172,2317,
44910,17960,8623,9337,31427,15118,16309,35917,17241,18676,31425,15170,16255,17956,8685,9271,4489,2172,2317,
44915,17961,8624,9337,31430,15119,16311,35918,17241,18677,31428,15171,16257,17957,8686,9271,4490,2173,2317,
44920,17964,8625,9339,31434,15121,16313,35925,17244,18681,31432,15174,16258,17960,8688,9272,4490,2173,2317,
44925,17965,8626,9339,31437,15124,16313,35926,17244,18682,31435,15176,16259,17961,8688,9273,4491,2174,2317,
44930,17968,8628,9340,31441,15125,16316,35933,17248,18685,31439,15176,16263,17964,8690,9274,4491,2174,2317,
44935,17969,8628,9341,31444,15126,16318,35934,17249,18685,31442,15177,16265,17965,8691,9274,4492,2175,2317,
44940,17972,8630,9342,31448,15130,16318,35941,17252,18689,31446,15179,16267,17968,8693,9275,4492,2175,2317,
44945,17973,8630,9343,31451,15132,16319,35942,17253,18689,31449,15180,16269,17969,8693,9276,4493,2175,2318,
44950,17976,8631,9345,31455,15133,16322,35949,17258,18691,31453,15182,16271,17972,8694,9278,4493,2175,2318,
44955,17977,8631,9346,31458,15135,16323,35950,17258,18692,31456,15183,16273,17973,8695,9278,4494,2176,2318,
44960,17980,8632,9348,31462,15139,16323,35957,17262,18695,31460,15184,16276,17976,8696,9280,4494,2176,2318,
44965,17981,8632,9349,31465,15140,16325,35958,17263,18695,31463,15187,16276,17977,8696,9281,4495,2177,2318,
44970,17984,8633,9351,31469,15140,16329,35965,17266,18699,31467,15190,16277,17980,8699,9281,4495,2177,2318,
44975,17985,8633,9352,31472,15142,16330,35966,17267,18699,31470,15192,16278,17981,8700,9281,4496,2178,2318,
44980,17988,8634,9354,31476,15142,16334,35973,17270,18703,31474,15195,16279,17984,8701,9283,4496,2178,2318,
44985,17989,8635,9354,31479,15144,16335,35974,17270,18704,31477,15198,16279,17985,8702,9283,4497,2179,2318,
44990,17992,8637,9355,31483,15147,16336,35981,17275,18706,31481,15199,16282,17988,8704,9284,4497,2179,2318,
44995,17993,8638,9355,31486,15148,16338,35982,17275,18707,31484,15199,16285,17989,8705,9284,4498,2179,2319,
45000,17996,8640,9356,31490,15150,16340,35989,17280,18709,31488,15200,16288,17992,8708,9284,4498,2179,2319,
45005,17997,8641,9356,31493,15152,16341,35990,17281,18709,31491,15202,16289,17993,8708,9285,4499,2179,2320,
45010,18000,8643,9357,31497,15152,16345,35997,17285,18712,31495,15205,16290,17996,8710,9286,4499,2179,2320,
45015,18001,8643,9358,31500,15155,16345,35998,17286,18712,31498,15206,16292,17997,8710,9287,4500,2179,2321,
45020,18004,8645,9359,31504,15157,16347,36005,17287,18718,31502,15208,16294,18000,8711,9289,4500,2179,2321,
45025,18005,8645,9360,31507,15159,16348,36006,17288,18718,31505,15211,16294,18001,8711,9290,4501,2180,2321,
45030,18008,8648,9360,31511,15159,16352,36013,17291,18722,31509,15214,16295,18004,8713,9291,4501,2180,2321,
45035,18009,8649,9360,31514,15160,16354,36014,17292,18722,31512,15216,16296,18005,8713,9292,4502,2180,2322,
45040,18012,8649,9363,31518,15160,16358,36021,17295,18726,31516,15217,16299,18008,8716,9292,4502,2180,2322,
45045,18013,8650,9363,31521,15161,16360,36022,17295,18727,31519,15217,16302,18009,8716,9293,4503,2180,2323,
45050,18016,8652,9364,31525,15162,16363,36029,17297,18732,31523,15220,16303,18012,8718,9294,4503,2180,2323,
45055,18017,8653,9364,31528,15163,16365,36030,17298,18732,31526,15221,16305,18013,8718,9295,4504,2181,2323,
45060,18020,8653,9367,31532,15165,16367,36037,17301,18736,31530,15224,16306,18016,8720,9296,4504,2181,2323,
45065,18021,8654,9367,31535,15166,16369,36038,17301,18737,31533,15226,16307,18017,8721,9296,4505,2182,2323,
45070,18024,8657,9367,31539,15168,16371,36045,17305,18740,31537,15227,16310,18020,8723,9297,4505,2182,2323,
45075,18025,8657,9368,31542,15168,16374,36046,17305,18741,31540,15228,16312,18021,8723,9298,4506,2183,2323,
45080,18028,8660,9368,31546,15171,16375,36053,17311,18742,31544,15229,16315,18024,8724,9300,4506,2183,2323,
45085,18029,8661,9368,31549,15173,16376,36054,17311,18743,31547,15230,16317,18025,8725,9300,4507,2183,2324,
45090,18032,8663,9369,31553,15175,16378,36061,17314,18747,31551,15232,16319,18028,8727,9301,4507,2183,2324,
45095,18033,8664,9369,31556,15177,16379,36062,17314,18748,31554,15233,16321,18029,8728,9301,4508,2184,2324,
45100,18036,8665,9371,31560,15179,16381,36069,17317,18752,31558,15234,16324,18032,8729,9303,4508,2184,2324,
45105,18037,8666,9371,31563,15181,16382,36070,17318,18752,31561,15234,16327,18033,8729,9304,4509,2184,2325,
45110,18040,8668,9372,31567,15181,16386,36077,17322,18755,31565,15236,16329,18036,8730,9306,4509,2184,2325,
45115,18041,8668,9373,31570,15182,16388,36078,17322,18756,31568,15239,16329,18037,8730,9307,4510,2185,2325,
45120,18044,8669,9375,31574,15185,16389,36085,17326,18759,31572,15242,16330,18040,8731,9309,4510,2185,2325,
45125,18045,8669,9376,31577,15187,16390,36086,17326,18760,31575,15243,16332,18041,8732,9309,4511,2185,2326,
45130,18048,8671,9377,31581,15190,16391,36093,17328,18765,31579,15244,16335,18044,8735,9309,4511,2185,2326,
45135,18049,8671,9378,31584,15191,16393,36094,17329,18765,31582,15245,16337,18045,8735,9310,4512,2186,2326,
45140,18052,8671,9381,31588,15195,16393,36101,17330,18771,31586,15246,16340,18048,8736,9312,4512,2186,2326,
45145,18053,8672,9381,31591,15197,16394,36102,17330,18772,31589,15246,16343,18049,8737,9312,4513,2187,2326,
45150,18056,8674,9382,31595,15198,16397,36109,17333,18776,31593,15247,16346,18052,8738,9314,4513,2187,2326,
45155,18057,8675,9382,31598,15200,16398,36110,17334,18776,31596,15247,16349,18053,8739,9314,4514,2188,2326,
45160,18060,8678,9382,31602,15201,16401,36117,17338,18779,31600,15247,16353,18056,8740,9316,4514,2188,2326,
45165,18061,8678,9383,31605,15204,16401,36118,17339,18779,31603,15249,16354,18057,8740,9317,4515,2189,2326,
45170,18064,8679,9385,31609,15205,16404,36125,17344,18781,31607,15251,16356,18060,8742,9318,4515,2189,2326,
45175,18065,8679,9386,31612,15207,16405,36126,17344,18782,31610,15251,16359,18061,8742,9319,4516,2190,2326,
45180,18068,8680,9388,31616,15207,16409,36133,17347,18786,31614,15253,16361,18064,8745,9319,4516,2190,2326,
45185,18069,8681,9388,31619,15210,16409,36134,17347,18787,31617,15254,16363,18065,8746,9319,4517,2191,2326,
45190,18072,8682,9390,31623,15211,16412,36141,17348,18793,31621,15257,16364,18068,8747,9321,4517,2191,2326,
45195,18073,8682,9391,31626,15213,16413,36142,17348,18794,31624,15259,16365,18069,8748,9321,4518,2192,2326,
45200,18076,8683,9393,31630,15215,16415,36149,17354,18795,31628,15262,16366,18072,8750,9322,4518,2192,2326,
45205,18077,8683,9394,31633,15218,16415,36150,17354,18796,31631,15263,16368,18073,8751,9322,4519,2192,2327,
45210,18080,8685,9395,31637,15219,16418,36157,17358,18799,31635,15264,16371,18076,8753,9323,4519,2192,2327,
45215,18081,8685,9396,31640,15219,16421,36158,17358,18800,31638,15265,16373,18077,8753,9324,4520,2192,2328,
45220,18084,8687,9397,31644,15222,16422,36165,17363,18802,31642,15266,16376,18080,8755,9325,4520,2192,2328,
45225,18085,8688,9397,31647,15223,16424,36166,17364,18802,31645,15266,16379,18081,8756,9325,4521,2193,2328,
45230,18088,8689,9399,31651,15225,16426,36173,17366,18807,31649,15266,16383,18084,8757,9327,4521,2193,2328,
45235,18089,8690,9399,31654,15225,16429,36174,17366,18808,31652,15266,16386,18085,8757,9328,4522,2194,2328,
45240,18092,8691,9401,31658,15227,16431,36181,17371,18810,31656,15267,16389,18088,8758,9330,4522,2194,2328,
45245,18093,8692,9401,31661,15229,16432,36182,17371,18811,31659,15270,16389,18089,8758,9331,4523,2195,2328,
45250,18096,8693,9403,31665,15230,16435,36189,17375,18814,31663,15272,16391,18092,8759,9333,4523,2195,2328,
45255,18097,8694,9403,31668,15231,16437,36190,17376,18814,31666,15273,16393,18093,8760,9333,4524,2196,2328,
45260,18100,8695,9405,31672,15232,16440,36197,17379,18818,31670,15273,16397,18096,8760,9336,4524,2196,2328,
45265,18101,8695,9406,31675,15233,16442,36198,17380,18818,31673,15275,16398,18097,8761,9336,4525,2197,2328,
45270,18104,8695,9409,31679,15234,16445,36205,17382,18823,31677,15277,16400,18100,8761,9339,4525,2197,2328,
45275,18105,8696,9409,31682,15236,16446,36206,17382,18824,31680,15279,16401,18101,8762,9339,4526,2197,2329,
45280,18108,8696,9412,31686,15239,16447,36213,17383,18830,31684,15282,16402,18104,8763,9341,4526,2197,2329,
45285,18109,8696,9413,31689,15240,16449,36214,17383,18831,31687,15282,16405,18105,8764,9341,4527,2197,2330,
45290,18112,8698,9414,31693,15243,16450,36221,17388,18833,31691,15283,16408,18108,8764,9344,4527,2197,2330,
45295,18113,8698,9415,31696,15244,16452,36222,17389,18833,31694,15285,16409,18109,8764,9345,4528,2197,2331,
45300,18116,8700,9416,31700,15247,16453,36229,17391,18838,31698,15288,16410,18112,8764,9348,4528,2197,2331,
45305,18117,8700,9417,31703,15250,16453,36230,17392,18838,31701,15291,16410,18113,8764,9349,4529,2198,2331,
45310,18120,8700,9420,31707,15252,16455,36237,17395,18842,31705,15293,16412,18116,8765,9351,4529,2198,2331,
45315,18121,8701,9420,31710,15253,16457,36238,17396,18842,31708,15296,16412,18117,8766,9351,4530,2199,2331,
45320,18124,8704,9420,31714,15257,16457,36245,17397,18848,31712,15298,16414,18120,8769,9351,4530,2199,2331,
45325,18125,8704,9421,31717,15258,16459,36246,17397,18849,31715,15299,16416,18121,8769,9352,4531,2199,2332,
45330,18128,8706,9422,31721,15261,16460,36253,17401,18852,31719,15301,16418,18124,8770,9354,4531,2199,2332,
45335,18129,8706,9423,31724,15262,16462,36254,17402,18852,31722,15302,16420,18125,8771,9354,4532,2199,2333,
45340,18132,8707,9425,31728,15264,16464,36261,17404,18857,31726,15303,16423,18128,8772,9356,4532,2199,2333,
45345,18133,8707,9426,31731,15264,16467,36262,17404,18858,31729,15304,16425,18129,8773,9356,4533,2200,2333,
45350,18136,8709,9427,31735,15265,16470,36269,17405,18864,31733,15304,16429,18132,8775,9357,4533,2200,2333,
45355,18137,8710,9427,31738,15266,16472,36270,17406,18864,31736,15304,16432,18133,8775,9358,4534,2201,2333,
45360,18140,8712,9428,31742,15268,16474,36277,17409,18868,31740,15305,16435,18136,8776,9360,4534,2201,2333,
45365,18141,8712,9429,31745,15271,16474,36278,17409,18869,31743,15306,16437,18137,8777,9360,4535,2201,2334,
45370,18144,8712,9432,31749,15273,16476,36285,17413,18872,31747,15309,16438,18140,8778,9362,4535,2201,2334,
45375,18145,8712,9433,31752,15273,16479,36286,17413,18873,31750,15309,16441,18141,8779,9362,4536,2202,2334,
45380,18148,8712,9436,31756,15275,16481,36293,17416,18877,31754,15311,16443,18144,8780,9364,4536,2202,2334,
45385,18149,8712,9437,31759,15276,16483,36294,17416,18878,31757,15313,16444,18145,8780,9365,4537,2202,2335,
45390,18152,8714,9438,31763,15278,16485,36301,17421,18880,31761,15315,16446,18148,8783,9365,4537,2202,2335,
45395,18153,8714,9439,31766,15280,16486,36302,17421,18881,31764,15317,16447,18149,8783,9366,4538,2202,2336,
45400,18156,8717,9439,31770,15283,16487,36309,17427,18882,31768,15319,16449,18152,8784,9368,4538,2202,2336,
45405,18157,8718,9439,31773,15285,16488,36310,17427,18883,31771,15320,16451,18153,8784,9369,4539,2202,2337,
45410,18160,8720,9440,31777,15287,16490,36317,17430,18887,31775,15322,16453,18156,8786,9370,4539,2202,2337,
45415,18161,8721,9440,31780,15288,16492,36318,17430,18888,31778,15324,16454,18157,8786,9371,4540,2202,2338,
45420,18164,8721,9443,31784,15290,16494,36325,17435,18890,31782,15327,16455,18160,8786,9374,4540,2202,2338,
45425,18165,8722,9443,31787,15292,16495,36326,17435,18891,31785,15328,16457,18161,8787,9374,4541,2203,2338,
45430,18168,8722,9446,31791,15293,16498,36333,17436,18897,31789,15328,16461,18164,8790,9374,4541,2203,2338,
45435,18169,8723,9446,31794,15294,16500,36334,17436,18898,31792,15331,16461,18165,8790,9375,4542,2204,2338,
45440,18172,8724,9448,31798,15296,16502,36341,17439,18902,31796,15333,16463,18168,8791,9377,4542,2204,2338,
45445,18173,8724,9449,31801,15298,16503,36342,17440,18902,31799,15333,16466,18169,8792,9377,4543,2204,2339,
45450,18176,8725,9451,31805,15301,16504,36349,17443,18906,31803,15334,16469,18172,8793,9379,4543,2204,2339,
45455,18177,8725,9452,31808,15302,16506,36350,17444,18906,31806,15336,16470,18173,8794,9379,4544,2205,2339,
45460,18180,8727,9453,31812,15304,16508,36357,17448,18909,31810,15338,16472,18176,8797,9379,4544,2205,2339,
45465,18181,8728,9453,31815,15306,16509,36358,17449,18909,31813,15340,16473,18177,8798,9379,4545,2206,2339,
45470,18184,8729,9455,31819,15308,16511,36365,17450,18915,31817,15341,16476,18180,8799,9381,4545,2206,2339,
45475,18185,8729,9456,31822,15309,16513,36366,17450,18916,31820,15342,16478,18181,8800,9381,4546,2206,2340,
45480,18188,8730,9458,31826,15310,16516,36373,17454,18919,31824,15344,16480,18184,8801,9383,4546,2206,2340,
45485,18189,8731,9458,31829,15312,16517,36374,17454,18920,31827,15345,16482,18185,8801,9384,4547,2206,2341,
45490,18192,8733,9459,31833,15315,16518,36381,17458,18923,31831,15346,16485,18188,8802,9386,4547,2206,2341,
45495,18193,8734,9459,31836,15316,16520,36382,17458,18924,31834,15348,16486,18189,8803,9386,4548,2207,2341,
45500,18196,8736,9460,31840,15317,16523,36389,17463,18926,31838,15348,16490,18192,8805,9387,4548,2207,2341,
45505,18197,8736,9461,31843,15319,16524,36390,17464,18926,31841,15350,16491,18193,8805,9388,4549,2208,2341,
45510,18200,8736,9464,31847,15321,16526,36397,17467,18930,31845,15352,16493,18196,8806,9390,4549,2208,2341,
45515,18201,8736,9465,31850,15323,16527,36398,17468,18930,31848,15352,16496,18197,8806,9391,4550,2209,2341,
45520,18204,8737,9467,31854,15324,16530,36405,17472,18933,31852,15354,16498,18200,8807,9393,4550,2209,2341,
45525,18205,8738,9467,31857,15326,16531,36406,17473,18933,31855,15354,16501,18201,8807,9394,4551,2209,2342,
45530,18208,8738,9470,31861,15326,16535,36413,17478,18935,31859,15356,16503,18204,8808,9396,4551,2209,2342,
45535,18209,8739,9470,31864,15328,16536,36414,17478,18936,31862,15359,16503,18205,8809,9396,4552,2209,2343,
45540,18212,8740,9472,31868,15332,16536,36421,17480,18941,31866,15361,16505,18208,8812,9396,4552,2209,2343,
45545,18213,8740,9473,31871,15333,16538,36422,17480,18942,31869,15363,16506,18209,8812,9397,4553,2209,2344,
45550,18216,8742,9474,31875,15334,16541,36429,17484,18945,31873,15363,16510,18212,8813,9399,4553,2209,2344,
45555,18217,8743,9474,31878,15335,16543,36430,17485,18945,31876,15363,16513,18213,8813,9400,4554,2210,2344,
45560,18220,8746,9474,31882,15337,16545,36437,17487,18950,31880,15365,16515,18216,8814,9402,4554,2210,2344,
45565,18221,8746,9475,31885,15338,16547,36438,17487,18951,31883,15366,16517,18217,8814,9403,4555,2211,2344,
45570,18224,8746,9478,31889,15338,16551,36445,17490,18955,31887,15366,16521,18220,8817,9403,4555,2211,2344,
45575,18225,8746,9479,31892,15340,16552,36446,17491,18955,31890,15367,16523,18221,8817,9404,4556,2212,2344,
45580,18228,8748,9480,31896,15342,16554,36453,17496,18957,31894,15370,16524,18224,8819,9405,4556,2212,2344,
45585,18229,8749,9480,31899,15343,16556,36454,17496,18958,31897,15373,16524,18225,8819,9406,4557,2212,2345,
45590,18232,8750,9482,31903,15344,16559,36461,17501,18960,31901,15376,16525,18228,8821,9407,4557,2212,2345,
45595,18233,8750,9483,31906,15346,16560,36462,17502,18960,31904,15376,16528,18229,8821,9408,4558,2213,2345,
45600,18236,8751,9485,31910,15347,16563,36469,17506,18963,31908,15376,16532,18232,8823,9409,4558,2213,2345,
45605,18237,8751,9486,31913,15348,16565,36470,17507,18963,31911,15377,16534,18233,8823,9410,4559,2213,2346,
45610,18240,8752,9488,31917,15349,16568,36477,17510,18967,31915,15378,16537,18236,8826,9410,4559,2213,2346,
45615,18241,8752,9489,31920,15350,16570,36478,17510,18968,31918,15381,16537,18237,8826,9411,4560,2214,2346,
45620,18244,8753,9491,31924,15350,16574,36485,17514,18971,31922,15383,16539,18240,8827,9413,4560,2214,2346,
45625,18245,8754,9491,31927,15351,16576,36486,17515,18971,31925,15385,16540,18241,8827,9414,4561,2214,2347,
45630,18248,8755,9493,31931,15354,16577,36493,17520,18973,31929,15387,16542,18244,8828,9416,4561,2214,2347,
45635,18249,8756,9493,31934,15357,16577,36494,17521,18973,31932,15389,16543,18245,8828,9417,4562,2215,2347,
45640,18252,8756,9496,31938,15360,16578,36501,17523,18978,31936,15391,16545,18248,8830,9418,4562,2215,2347,
45645,18253,8756,9497,31941,15361,16580,36502,17523,18979,31939,15391,16548,18249,8831,9418,4563,2215,2348,
45650,18256,8759,9497,31945,15363,16582,36509,17526,18983,31943,15394,16549,18252,8833,9419,4563,2215,2348,
45655,18257,8760,9497,31948,15363,16585,36510,17526,18984,31946,15396,16550,18253,8834,9419,4564,2216,2348,
45660,18260,8762,9498,31952,15365,16587,36517,17531,18986,31950,15399,16551,18256,8835,9421,4564,2216,2348,
45665,18261,8763,9498,31955,15365,16590,36518,17531,18987,31953,15401,16552,18257,8835,9422,4565,2217,2348,
45670,18264,8764,9500,31959,15366,16593,36525,17533,18992,31957,15403,16554,18260,8836,9424,4565,2217,2348,
45675,18265,8764,9501,31962,15366,16596,36526,17533,18993,31960,15403,16557,18261,8836,9425,4566,2218,2348,
45680,18268,8765,9503,31966,15368,16598,36533,17538,18995,31964,15404,16560,18264,8838,9426,4566,2218,2348,
45685,18269,8765,9504,31969,15369,16600,36534,17539,18995,31967,15405,16562,18265,8839,9426,4567,2218,2349,
45690,18272,8767,9505,31973,15369,16604,36541,17539,19002,31971,15405,16566,18268,8841,9427,4567,2218,2349,
45695,18273,8767,9506,31976,15371,16605,36542,17540,19002,31974,15406,16568,18269,8842,9427,4568,2219,2349,
45700,18276,8768,9508,31980,15374,16606,36549,17545,19004,31978,15410,16568,18272,8843,9429,4568,2219,2349,
45705,18277,8768,9509,31983,15375,16608,36550,17546,19004,31981,15412,16569,18273,8843,9430,4569,2219,2350,
45710,18280,8768,9512,31987,15378,16609,36557,17549,19008,31985,15415,16570,18276,8844,9432,4569,2219,2350,
45715,18281,8768,9513,31990,15380,16610,36558,17549,19009,31988,15417,16571,18277,8845,9432,4570,2219,2351,
45720,18284,8769,9515,31994,15381,16613,36565,17553,19012,31992,15417,16575,18280,8846,9434,4570,2219,2351,
45725,18285,8770,9515,31997,15383,16614,36566,17554,19012,31995,15417,16578,18281,8846,9435,4571,2219,2352,
45730,18288,8772,9516,32001,15385,16616,36573,17558,19015,31999,15419,16580,18284,8848,9436,4571,2219,2352,
45735,18289,8773,9516,32004,15388,16616,36574,17558,19016,32002,15419,16583,18285,8849,9436,4572,2220,2352,
45740,18292,8774,9518,32008,15391,16617,36581,17561,19020,32006,15423,16583,18288,8851,9437,4572,2220,2352,
45745,18293,8775,9518,32011,15393,16618,36582,17562,19020,32009,15423,16586,18289,8851,9438,4573,2220,2353,
45750,18296,8776,9520,32015,15395,16620,36589,17567,19022,32013,15426,16587,18292,8852,9440,4573,2220,2353,
45755,18297,8776,9521,32018,15396,16622,36590,17567,19023,32016,15426,16590,18293,8853,9440,4574,2221,2353,
45760,18300,8777,9523,32022,15398,16624,36597,17569,19028,32020,15429,16591,18296,8854,9442,4574,2221,2353,
45765,18301,8777,9524,32025,15401,16624,36598,17570,19028,32023,15430,16593,18297,8854,9443,4575,2222,2353,
45770,18304,8778,9526,32029,15403,16626,36605,17573,19032,32027,15432,16595,18300,8855,9445,4575,2222,2353,
45775,18305,8778,9527,32032,15405,16627,36606,17573,19033,32030,15432,16598,18301,8856,9445,4576,2222,2354,
45780,18308,8780,9528,32036,15406,16630,36613,17576,19037,32034,15432,16602,18304,8857,9447,4576,2222,2354,
45785,18309,8781,9528,32039,15407,16632,36614,17576,19038,32037,15433,16604,18305,8857,9448,4577,2223,2354,
45790,18312,8784,9528,32043,15409,16634,36621,17579,19042,32041,15435,16606,18308,8859,9449,4577,2223,2354,
45795,18313,8785,9528,32046,15410,16636,36622,17579,19043,32044,15436,16608,18309,8860,9449,4578,2224,2354,
45800,18316,8786,9530,32050,15413,16637,36629,17580,19049,32048,15439,16609,18312,8860,9452,4578,2224,2354,
45805,18317,8786,9531,32053,15415,16638,36630,17581,19049,32051,15442,16609,18313,8861,9452,4579,2225,2354,
45810,18320,8787,9533,32057,15416,16641,36637,17585,19052,32055,15442,16613,18316,8862,9454,4579,2225,2354,
45815,18321,8787,9534,32060,15417,16643,36638,17585,19053,32058,15443,16615,18317,8862,9455,4580,2225,2355,
45820,18324,8788,9536,32064,15417,16647,36645,17590,19055,32062,15447,16615,18320,8864,9456,4580,2225,2355,
45825,18325,8789,9536,32067,15418,16649,36646,17590,19056,32065,15450,16615,18321,8865,9456,4581,2225,2356,
45830,18328,8790,9538,32071,15421,16650,36653,17593,19060,32069,15454,16615,18324,8868,9456,4581,2225,2356,
45835,18329,8791,9538,32074,15421,16653,36654,17594,19060,32072,15456,16616,18325,8868,9457,4582,2226,2356,
45840,18332,8794,9538,32078,15423,16655,36661,17597,19064,32076,15458,16618,18328,8871,9457,4582,2226,2356,
45845,18333,8795,9538,32081,15425,16656,36662,17597,19065,32079,15458,16621,18329,8871,9458,4583,2226,2357,
45850,18336,8796,9540,32085,15427,16658,36669,17600,19069,32083,15461,16622,18332,8873,9459,4583,2226,2357,
45855,18337,8796,9541,32088,15429,16659,36670,17600,19070,32086,15464,16622,18333,8874,9459,4584,2227,2357,
45860,18340,8797,9543,32092,15430,16662,36677,17603,19074,32090,15466,16624,18336,8875,9461,4584,2227,2357,
45865,18341,8798,9543,32095,15432,16663,36678,17604,19074,32093,15467,16626,18337,8876,9461,4585,2228,2357,
45870,18344,8800,9544,32099,15435,16664,36685,17608,19077,32097,15470,16627,18340,8877,9463,4585,2228,2357,
45875,18345,8801,9544,32102,15436,16666,36686,17608,19078,32100,15470,16630,18341,8878,9463,4586,2229,2357,
45880,18348,8803,9545,32106,15437,16669,36693,17609,19084,32104,15472,16632,18344,8879,9465,4586,2229,2357,
45885,18349,8803,9546,32109,15439,16670,36694,17610,19084,32107,15475,16632,18345,8880,9465,4587,2229,2358,
45890,18352,8803,9549,32113,15441,16672,36701,17615,19086,32111,15477,16634,18348,8880,9468,4587,2229,2358,
45895,18353,8803,9550,32116,15441,16675,36702,17615,19087,32114,15478,16636,18349,8880,9469,4588,2230,2358,
45900,18356,8804,9552,32120,15443,16677,36709,17618,19091,32118,15481,16637,18352,8880,9472,4588,2230,2358,
45905,18357,8804,9553,32123,15444,16679,36710,17618,19092,32121,15483,16638,18353,8880,9473,4589,2230,2359,
45910,18360,8806,9554,32127,15446,16681,36717,17622,19095,32125,15484,16641,18356,8881,9475,4589,2230,2359,
45915,18361,8806,9555,32130,15447,16683,36718,17622,19096,32128,15485,16643,18357,8881,9476,4590,2230,2360,
45920,18364,8807,9557,32134,15449,16685,36725,17624,19101,32132,15486,16646,18360,8883,9477,4590,2230,2360,
45925,18365,8807,9558,32137,15450,16687,36726,17625,19101,32135,15488,16647,18361,8883,9478,4591,2231,2360,
45930,18368,8809,9559,32141,15450,16691,36733,17628,19105,32139,15491,16648,18364,8884,9480,4591,2231,2360,
45935,18369,8810,9559,32144,15451,16693,36734,17629,19105,32142,15494,16648,18365,8884,9481,4592,2232,2360,
45940,18372,8812,9560,32148,15453,16695,36741,17631,19110,32146,15494,16652,18368,8886,9482,4592,2232,2360,
45945,18373,8813,9560,32151,15454,16697,36742,17631,19111,32149,15494,16655,18369,8887,9482,4593,2233,2360,
45950,18376,8814,9562,32155,15456,16699,36749,17635,19114,32153,15494,16659,18372,8889,9483,4593,2233,2360,
45955,18377,8814,9563,32158,15456,16702,36750,17635,19115,32156,15496,16660,18373,8889,9484,4594,2234,2360,
45960,18380,8814,9566,32162,15458,16704,36757,17640,19117,32160,15499,16661,18376,8889,9487,4594,2234,2360,
45965,18381,8814,9567,32165,15459,16706,36758,17640,19118,32163,15500,16663,18377,8889,9488,4595,2235,2360,
45970,18384,8815,9569,32169,15462,16707,36765,17642,19123,32167,15501,16666,18380,8890,9490,4595,2235,2360,
45975,18385,8815,9570,32172,15462,16710,36766,17642,19124,32170,15504,16666,18381,8890,9491,4596,2236,2360,
45980,18388,8818,9570,32176,15464,16712,36773,17644,19129,32174,15506,16668,18384,8890,9494,4596,2236,2360,
45985,18389,8818,9571,32179,15465,16714,36774,17645,19129,32177,15507,16670,18385,8890,9495,4597,2236,2361,
45990,18392,8821,9571,32183,15468,16715,36781,17648,19133,32181,15511,16670,18388,8892,9496,4597,2236,2361,
45995,18393,8821,9572,32186,15469,16717,36782,17649,19133,32184,15514,16670,18389,8892,9497,4598,2236,2362,
46000,18396,8823,9573,32190,15470,16720,36789,17653,19136,32188,15515,16673,18392,8893,9499,4598,2236,2362,
46005,18397,8823,9574,32193,15470,16723,36790,17653,19137,32191,15517,16674,18393,8894,9499,4599,2237,2362,
46010,18400,8823,9577,32197,15471,16726,36797,17657,19140,32195,15520,16675,18396,8895,9501,4599,2237,2362,
46015,18401,8823,9578,32200,15471,16729,36798,17657,19141,32198,15522,16676,18397,8896,9501,4600,2237,2363,
46020,18404,8824,9580,32204,15473,16731,36805,17662,19143,32202,15525,16677,18400,8898,9502,4600,2237,2363,
46025,18405,8825,9580,32207,15476,16731,36806,17663,19143,32205,15528,16677,18401,8898,9503,4601,2237,2364,
46030,18408,8827,9581,32211,15477,16734,36813,17666,19147,32209,15530,16679,18404,8899,9505,4601,2237,2364,
46035,18409,8827,9582,32214,15479,16735,36814,17667,19147,32212,15530,16682,18405,8900,9505,4602,2237,2365,
46040,18412,8829,9583,32218,15481,16737,36821,17672,19149,32216,15531,16685,18408,8903,9505,4602,2237,2365,
46045,18413,8830,9583,32221,15483,16738,36822,17673,19149,32219,15532,16687,18409,8904,9505,4603,2238,2365,
46050,18416,8831,9585,32225,15486,16739,36829,17677,19152,32223,15533,16690,18412,8906,9506,4603,2238,2365,
46055,18417,8831,9586,32228,15489,16739,36830,17678,19152,32226,15534,16692,18413,8907,9506,4604,2238,2366,
46060,18420,8832,9588,32232,15490,16742,36837,17683,19154,32230,15538,16692,18416,8909,9507,4604,2238,2366,
46065,18421,8833,9588,32235,15491,16744,36838,17684,19154,32233,15539,16694,18417,8910,9507,4605,2239,2366,
46070,18424,8833,9591,32239,15494,16745,36845,17688,19157,32237,15540,16697,18420,8911,9509,4605,2239,2366,
46075,18425,8833,9592,32242,15494,16748,36846,17689,19157,32240,15540,16700,18421,8912,9509,4606,2239,2367,
46080,18428,8833,9595,32246,15497,16749,36853,17693,19160,32244,15540,16704,18424,8912,9512,4606,2239,2367,
46085,18429,8834,9595,32249,15497,16752,36854,17693,19161,32247,15540,16707,18425,8913,9512,4607,2239,2368,
46090,18432,8836,9596,32253,15499,16754,36861,17698,19163,32251,15543,16708,18428,8916,9512,4607,2239,2368,
46095,18433,8836,9597,32256,15502,16754,36862,17698,19164,32254,15545,16709,18429,8917,9512,4608,2239,2369,
46100,18436,8839,9597,32260,15503,16757,36869,17701,19168,32258,15546,16712,18432,8917,9515,4608,2239,2369,
46105,18437,8839,9598,32263,15505,16758,36870,17702,19168,32261,15547,16714,18433,8917,9516,4609,2239,2370,
46110,18440,8841,9599,32267,15508,16759,36877,17705,19172,32265,15548,16717,18436,8919,9517,4609,2239,2370,
46115,18441,8842,9599,32270,15510,16760,36878,17705,19173,32268,15549,16719,18437,8920,9517,4610,2239,2371,
46120,18444,8842,9602,32274,15510,16764,36885,17707,19178,32272,15550,16722,18440,8923,9517,4610,2239,2371,
46125,18445,8842,9603,32277,15513,16764,36886,17707,19179,32275,15551,16724,18441,8923,9518,4611,2240,2371,
46130,18448,8845,9603,32281,15516,16765,36893,17708,19185,32279,15551,16728,18444,8925,9519,4611,2240,2371,
46135,18449,8846,9603,32284,15518,16766,36894,17708,19186,32282,15553,16729,18445,8925,9520,4612,2240,2372,
46140,18452,8848,9604,32288,15522,16766,36901,17713,19188,32286,15554,16732,18448,8926,9522,4612,2240,2372,
46145,18453,8848,9605,32291,15523,16768,36902,17714,19188,32289,15555,16734,18449,8927,9522,4613,2241,2372,
46150,18456,8848,9608,32295,15525,16770,36909,17718,19191,32293,15556,16737,18452,8929,9523,4613,2241,2372,
46155,18457,8849,9608,32298,15526,16772,36910,17719,19191,32296,15558,16738,18453,8930,9523,4614,2241,2373,
46160,18460,8850,9610,32302,15529,16773,36917,17724,19193,32300,15559,16741,18456,8930,9526,4614,2241,2373,
46165,18461,8850,9611,32305,15530,16775,36918,17724,19194,32303,15559,16744,18457,8930,9527,4615,2242,2373,
46170,18464,8852,9612,32309,15534,16775,36925,17726,19199,32307,15560,16747,18460,8930,9530,4615,2242,2373,
46175,18465,8852,9613,32312,15536,16776,36926,17726,19200,32310,15561,16749,18461,8930,9531,4616,2243,2373,
46180,18468,8854,9614,32316,15538,16778,36933,17729,19204,32314,15563,16751,18464,8931,9533,4616,2243,2373,
46185,18469,8854,9615,32319,15538,16781,36934,17729,19205,32317,15565,16752,18465,8931,9534,4617,2244,2373,
46190,18472,8855,9617,32323,15541,16782,36941,17734,19207,32321,15566,16755,18468,8934,9534,4617,2244,2373,
46195,18473,8856,9617,32326,15542,16784,36942,17734,19208,32324,15567,16757,18469,8935,9534,4618,2245,2373,
46200,18476,8859,9617,32330,15544,16786,36949,17735,19214,32328,15569,16759,18472,8937,9535,4618,2245,2373,
46205,18477,8859,9618,32333,15547,16786,36950,17736,19214,32331,15571,16760,18473,8938,9535,4619,2245,2374,
46210,18480,8859,9621,32337,15548,16789,36957,17740,19217,32335,15574,16761,18476,8940,9536,4619,2245,2374,
46215,18481,8860,9621,32340,15550,16790,36958,17741,19217,32338,15575,16763,18477,8941,9536,4620,2245,2375,
46220,18484,8862,9622,32344,15554,16790,36965,17744,19221,32342,15576,16766,18480,8943,9537,4620,2245,2375,
46225,18485,8862,9623,32347,15554,16793,36966,17744,19222,32345,15576,16769,18481,8944,9537,4621,2245,2376,
46230,18488,8864,9624,32351,15554,16797,36973,17747,19226,32349,15577,16772,18484,8947,9537,4621,2245,2376,
46235,18489,8864,9625,32354,15555,16799,36974,17748,19226,32352,15579,16773,18485,8947,9538,4622,2245,2377,
46240,18492,8866,9626,32358,15556,16802,36981,17751,19230,32356,15580,16776,18488,8949,9539,4622,2245,2377,
46245,18493,8867,9626,32361,15556,16805,36982,17751,19231,32359,15582,16777,18489,8950,9539,4623,2245,2378,
46250,18496,8867,9629,32365,15559,16806,36989,17752,19237,32363,15583,16780,18492,8952,9540,4623,2245,2378,
46255,18497,8867,9630,32368,15561,16807,36990,17753,19237,32366,15585,16781,18493,8952,9541,4624,2245,2379,
46260,18500,8869,9631,32372,15564,16808,36997,17755,19242,32370,15588,16782,18496,8953,9543,4624,2245,2379,
46265,18501,8869,9632,32375,15567,16808,36998,17755,19243,32373,15589,16784,18497,8953,9544,4625,2246,2379,
46270,18504,8869,9635,32379,15567,16812,37005,17760,19245,32377,15589,16788,18500,8954,9546,4625,2246,2379,
46275,18505,8870,9635,32382,15568,16814,37006,17761,19245,32380,15590,16790,18501,8954,9547,4626,2247,2379,
46280,18508,8870,9638,32386,15571,16815,37013,17766,19247,32384,15590,16794,18504,8956,9548,4626,2247,2379,
46285,18509,8871,9638,32389,15573,16816,37014,17767,19247,32387,15590,16797,18505,8956,9549,4627,2247,2380,
46290,18512,8873,9639,32393,15576,16817,37021,17771,19250,32391,15591,16800,18508,8957,9551,4627,2247,2380,
46295,18513,8873,9640,32396,15578,16818,37022,17771,19251,32394,15593,16801,18509,8957,9552,4628,2248,2380,
46300,18516,8874,9642,32400,15579,16821,37029,17774,19255,32398,15595,16803,18512,8958,9554,4628,2248,2380,
46305,18517,8874,9643,32403,15580,16823,37030,17774,19256,32401,15596,16805,18513,8959,9554,4629,2249,2380,
46310,18520,8876,9644,32407,15581,16826,37037,17777,19260,32405,15598,16807,18516,8961,9555,4629,2249,2380,
46315,18521,8876,9645,32410,15582,16828,37038,17777,19261,32408,15599,16809,18517,8962,9555,4630,2250,2380,
46320,18524,8877,9647,32414,15584,16830,37045,17782,19263,32412,15600,16812,18520,8963,9557,4630,2250,2380,
46325,18525,8877,9648,32417,15587,16830,37046,17782,19264,32415,15601,16814,18521,8963,9558,4631,2250,2381,
46330,18528,8879,9649,32421,15589,16832,37053,17785,19268,32419,15603,16816,18524,8964,9560,4631,2250,2381,
46335,18529,8879,9650,32424,15590,16834,37054,17785,19269,32422,15604,16818,18525,8964,9561,4632,2250,2382,
46340,18532,8880,9652,32428,15593,16835,37061,17787,19274,32426,15606,16820,18528,8964,9564,4632,2250,2382,
46345,18533,8881,9652,32431,15593,16838,37062,17788,19274,32429,15607,16822,18529,8964,9565,4633,2251,2382,
46350,18536,8884,9652,32435,15595,16840,37069,17791,19278,32433,15609,16824,18532,8967,9565,4633,2251,2382,
46355,18537,8884,9653,32438,15596,16842,37070,17792,19278,32436,15610,16826,18533,8967,9566,4634,2251,2383,
46360,18540,8885,9655,32442,15598,16844,37077,17795,19282,32440,15612,16828,18536,8969,9567,4634,2251,2383,
46365,18541,8885,9656,32445,15598,16847,37078,17795,19283,32443,15614,16829,18537,8969,9568,4635,2251,2384,
46370,18544,8886,9658,32449,15600,16849,37085,17797,19288,32447,15616,16831,18540,8969,9571,4635,2251,2384,
46375,18545,8887,9658,32452,15601,16851,37086,17797,19289,32450,15618,16832,18541,8969,9572,4636,2251,2385,
46380,18548,8888,9660,32456,15604,16852,37093,17799,19294,32454,15620,16834,18544,8970,9574,4636,2251,2385,
46385,18549,8888,9661,32459,15605,16854,37094,17799,19295,32457,15621,16836,18545,8970,9575,4637,2251,2386,
46390,18552,8888,9664,32463,15608,16855,37101,17802,19299,32461,15622,16839,18548,8971,9577,4637,2251,2386,
46395,18553,8889,9664,32466,15609,16857,37102,17803,19299,32464,15622,16842,18549,8971,9578,4638,2252,2386,
46400,18556,8891,9665,32470,15611,16859,37109,17808,19301,32468,15623,16845,18552,8973,9579,4638,2252,2386,
46405,18557,8891,9666,32473,15611,16862,37110,17808,19302,32471,15625,16846,18553,8974,9579,4639,2252,2387,
46410,18560,8892,9668,32477,15612,16865,37117,17814,19303,32475,15627,16848,18556,8976,9580,4639,2252,2387,
46415,18561,8892,9669,32480,15614,16866,37118,17814,19304,32478,15629,16849,18557,8976,9581,4640,2252,2388,
46420,18564,8894,9670,32484,15616,16868,37125,17816,19309,32482,15632,16850,18560,8977,9583,4640,2252,2388,
46425,18565,8894,9671,32487,15616,16871,37126,17817,19309,32485,15632,16853,18561,8978,9583,4641,2253,2388,
46430,18568,8896,9672,32491,15617,16874,37133,17819,19314,32489,15633,16856,18564,8981,9583,4641,2253,2388,
46435,18569,8896,9673,32494,15618,16876,37134,17820,19314,32492,15635,16857,18565,8981,9584,4642,2253,2389,
46440,18572,8899,9673,32498,15621,16877,37141,17821,19320,32496,15636,16860,18568,8983,9585,4642,2253,2389,
46445,18573,8899,9674,32501,15622,16879,37142,17821,19321,32499,15639,16860,18569,8983,9586,4643,2253,2390,
46450,18576,8901,9675,32505,15624,16881,37149,17824,19325,32503,15641,16862,18572,8985,9587,4643,2253,2390,
46455,18577,8902,9675,32508,15626,16882,37150,17825,19325,32506,15642,16864,18573,8986,9587,4644,2254,2390,
46460,18580,8904,9676,32512,15628,16884,37157,17828,19329,32510,15644,16866,18576,8989,9587,4644,2254,2390,
46465,18581,8905,9676,32515,15628,16887,37158,17829,19329,32513,15645,16868,18577,8990,9587,4645,2255,2390,
46470,18584,8905,9679,32519,15629,16890,37165,17834,19331,32517,15646,16871,18580,8991,9589,4645,2255,2390,
46475,18585,8906,9679,32522,15631,16891,37166,17835,19331,32520,15647,16873,18581,8992,9589,4646,2255,2391,
46480,18588,8907,9681,32526,15632,16894,37173,17840,19333,32524,15648,16876,18584,8993,9591,4646,2255,2391,
46485,18589,8908,9681,32529,15632,16897,37174,17841,19333,32527,15649,16878,18585,8993,9592,4647,2255,2392,
46490,18592,8908,9684,32533,15636,16897,37181,17844,19337,32531,15652,16879,18588,8995,9593,4647,2255,2392,
46495,18593,8908,9685,32536,15637,16899,37182,17844,19338,32534,15653,16881,18589,8995,9594,4648,2256,2392,
46500,18596,8910,9686,32540,15640,16900,37189,17849,19340,32538,15654,16884,18592,8997,9595,4648,2256,2392,
46505,18597,8910,9687,32543,15643,16900,37190,17849,19341,32541,15654,16887,18593,8997,9596,4649,2256,2393,
46510,18600,8910,9690,32547,15644,16903,37197,17851,19346,32545,15655,16890,18596,8998,9598,4649,2256,2393,
46515,18601,8910,9691,32550,15647,16903,37198,17851,19347,32548,15656,16892,18597,8999,9598,4650,2256,2394,
46520,18604,8910,9694,32554,15650,16904,37205,17855,19350,32552,15659,16893,18600,9000,9600,4650,2256,2394,
46525,18605,8910,9695,32557,15652,16905,37206,17855,19351,32555,15662,16893,18601,9000,9601,4651,2257,2394,
46530,18608,8912,9696,32561,15653,16908,37213,17858,19355,32559,15662,16897,18604,9001,9603,4651,2257,2394,
46535,18609,8913,9696,32564,15655,16909,37214,17859,19355,32562,15664,16898,18605,9001,9604,4652,2258,2394,
46540,18612,8914,9698,32568,15657,16911,37221,17860,19361,32566,15665,16901,18608,9002,9606,4652,2258,2394,
46545,18613,8914,9699,32571,15658,16913,37222,17860,19362,32569,15666,16903,18609,9002,9607,4653,2258,2395,
46550,18616,8917,9699,32575,15660,16915,37229,17863,19366,32573,15668,16905,18612,9004,9608,4653,2258,2395,
46555,18617,8917,9700,32578,15662,16916,37230,17864,19366,32576,15668,16908,18613,9004,9609,4654,2259,2395,
46560,18620,8920,9700,32582,15663,16919,37237,17868,19369,32580,15671,16909,18616,9005,9611,4654,2259,2395,
46565,18621,8921,9700,32585,15664,16921,37238,17869,19369,32583,15673,16910,18617,9006,9611,4655,2260,2395,
46570,18624,8922,9702,32589,15666,16923,37245,17875,19370,32587,15674,16913,18620,9008,9612,4655,2260,2395,
46575,18625,8922,9703,32592,15667,16925,37246,17876,19370,32590,15676,16914,18621,9008,9613,4656,2260,2396,
46580,18628,8923,9705,32596,15669,16927,37253,17878,19375,32594,15677,16917,18624,9009,9615,4656,2260,2396,
46585,18629,8923,9706,32599,15670,16929,37254,17879,19375,32597,15678,16919,18625,9009,9616,4657,2261,2396,
46590,18632,8924,9708,32603,15672,16931,37261,17882,19379,32601,15679,16922,18628,9010,9618,4657,2261,2396,
46595,18633,8925,9708,32606,15672,16934,37262,17883,19379,32604,15681,16923,18629,9010,9619,4658,2261,2397,
46600,18636,8926,9710,32610,15674,16936,37269,17886,19383,32608,15683,16925,18632,9010,9622,4658,2261,2397,
46605,18637,8927,9710,32613,15675,16938,37270,17887,19383,32611,15684,16927,18633,9011,9622,4659,2262,2397,
46610,18640,8927,9713,32617,15675,16942,37277,17890,19387,32615,15686,16929,18636,9012,9624,4659,2262,2397,
46615,18641,8928,9713,32620,15675,16945,37278,17891,19387,32618,15687,16931,18637,9013,9624,4660,2262,2398,
46620,18644,8929,9715,32624,15676,16948,37285,17893,19392,32622,15688,16934,18640,9015,9625,4660,2262,2398,
46625,18645,8929,9716,32627,15676,16951,37286,17894,19392,32625,15688,16937,18641,9016,9625,4661,2263,2398,
46630,18648,8930,9718,32631,15677,16954,37293,17898,19395,32629,15689,16940,18644,9018,9626,4661,2263,2398,
46635,18649,8931,9718,32634,15679,16955,37294,17899,19395,32632,15691,16941,18645,9019,9626,4662,2263,2399,
46640,18652,8932,9720,32638,15681,16957,37301,17901,19400,32636,15692,16944,18648,9020,9628,4662,2263,2399,
46645,18653,8932,9721,32641,15682,16959,37302,17901,19401,32639,15694,16945,18649,9021,9628,4663,2263,2400,
46650,18656,8934,9722,32645,15682,16963,37309,17904,19405,32643,15697,16946,18652,9024,9628,4663,2263,2400,
46655,18657,8934,9723,32648,15684,16964,37310,17905,19405,32646,15699,16947,18653,9024,9629,4664,2263,2401,
46660,18660,8936,9724,32652,15688,16964,37317,17908,19409,32650,15701,16949,18656,9025,9631,4664,2263,2401,
46665,18661,8936,9725,32655,15690,16965,37318,17908,19410,32653,15704,16949,18657,9026,9631,4665,2264,2401,
46670,18664,8938,9726,32659,15694,16965,37325,17909,19416,32657,15706,16951,18660,9028,9632,4665,2264,2401,
46675,18665,8938,9727,32662,15697,16965,37326,17909,19417,32660,15707,16953,18661,9028,9633,4666,2265,2401,
46680,18668,8940,9728,32666,15701,16965,37333,17914,19419,32664,15707,16957,18664,9030,9634,4666,2265,2401,
46685,18669,8941,9728,32669,15703,16966,37334,17914,19420,32667,15709,16958,18665,9031,9634,4667,2266,2401,
46690,18672,8943,9729,32673,15705,16968,37341,17918,19423,32671,15710,16961,18668,9034,9634,4667,2266,2401,
46695,18673,8944,9729,32676,15706,16970,37342,17918,19424,32674,15711,16963,18669,9034,9635,4668,2266,2402,
46700,18676,8946,9730,32680,15707,16973,37349,17921,19428,32678,15711,16967,18672,9036,9636,4668,2266,2402,
46705,18677,8946,9731,32683,15707,16976,37350,17922,19428,32681,15713,16968,18673,9036,9637,4669,2266,2403,
46710,18680,8947,9733,32687,15707,16980,37357,17926,19431,32685,15716,16969,18676,9038,9638,4669,2266,2403,
46715,18681,8947,9734,32690,15707,16983,37358,17927,19431,32688,15718,16970,18677,9039,9638,4670,2267,2403,
46720,18684,8948,9736,32694,15711,16983,37365,17928,19437,32692,15721,16971,18680,9039,9641,4670,2267,2403,
46725,18685,8948,9737,32697,15712,16985,37366,17929,19437,32695,15723,16972,18681,9039,9642,4671,2267,2404,
46730,18688,8949,9739,32701,15714,16987,37373,17931,19442,32699,15724,16975,18684,9041,9643,4671,2267,2404,
46735,18689,8949,9740,32704,15715,16989,37374,17932,19442,32702,15726,16976,18685,9042,9643,4672,2268,2404,
46740,18692,8950,9742,32708,15717,16991,37381,17939,19442,32706,15727,16979,18688,9045,9643,4672,2268,2404,
46745,18693,8950,9743,32711,15719,16992,37382,17940,19442,32709,15730,16979,18689,9046,9643,4673,2268,2405,
46750,18696,8952,9744,32715,15719,16996,37389,17940,19449,32713,15731,16982,18692,9047,9645,4673,2268,2405,
46755,18697,8953,9744,32718,15720,16998,37390,17941,19449,32716,15732,16984,18693,9048,9645,4674,2269,2405,
46760,18700,8953,9747,32722,15721,17001,37397,17946,19451,32720,15734,16986,18696,9050,9646,4674,2269,2405,
46765,18701,8953,9748,32725,15723,17002,37398,17947,19451,32723,15735,16988,18697,9050,9647,4675,2269,2406,
46770,18704,8954,9750,32729,15725,17004,37405,17949,19456,32727,15739,16988,18700,9052,9648,4675,2269,2406,
46775,18705,8955,9750,32732,15726,17006,37406,17950,19456,32730,15740,16990,18701,9052,9649,4676,2269,2407,
46780,18708,8958,9750,32736,15729,17007,37413,17952,19461,32734,15743,16991,18704,9053,9651,4676,2269,2407,
46785,18709,8959,9750,32739,15732,17007,37414,17953,19461,32737,15746,16991,18705,9053,9652,4677,2269,2408,
46790,18712,8959,9753,32743,15734,17009,37421,17956,19465,32741,15746,16995,18708,9053,9655,4677,2269,2408,
46795,18713,8960,9753,32746,15734,17012,37422,17957,19465,32744,15748,16996,18709,9053,9656,4678,2269,2409,
46800,18716,8962,9754,32750,15737,17013,37429,17961,19468,32748,15751,16997,18712,9054,9658,4678,2269,2409,
46805,18717,8963,9754,32753,15739,17014,37430,17961,19469,32751,15753,16998,18713,9055,9658,4679,2270,2409,
46810,18720,8964,9756,32757,15740,17017,37437,17964,19473,32755,15756,16999,18716,9058,9658,4679,2270,2409,
46815,18721,8965,9756,32760,15743,17017,37438,17964,19474,32758,15759,16999,18717,9058,9659,4680,2270,2410,
46820,18724,8968,9756,32764,15745,17019,37445,17967,19478,32762,15760,17002,18720,9061,9659,4680,2270,2410,
46825,18725,8968,9757,32767,15748,17019,37446,17967,19479,32765,15761,17004,18721,9061,9660,4681,2271,2410,
46830,18728,8970,9758,32771,15749,17022,37453,17970,19483,32769,15762,17007,18724,9061,9663,4681,2271,2410,
46835,18729,8970,9759,32774,15750,17024,37454,17970,19484,32772,15763,17009,18725,9061,9664,4682,2271,2411,
46840,18732,8972,9760,32778,15750,17028,37461,17974,19487,32776,15765,17011,18728,9063,9665,4682,2271,2411,
46845,18733,8973,9760,32781,15751,17030,37462,17974,19488,32779,15765,17014,18729,9064,9665,4683,2271,2412,
46850,18736,8974,9762,32785,15753,17032,37469,17977,19492,32783,15768,17015,18732,9065,9667,4683,2271,2412,
46855,18737,8974,9763,32788,15754,17034,37470,17978,19492,32786,15770,17016,18733,9066,9667,4684,2272,2412,
46860,18740,8974,9766,32792,15757,17035,37477,17980,19497,32790,15772,17018,18736,9067,9669,4684,2272,2412,
46865,18741,8974,9767,32795,15759,17036,37478,17981,19497,32793,15774,17019,18737,9067,9670,4685,2272,2413,
46870,18744,8974,9770,32799,15763,17036,37485,17984,19501,32797,15776,17021,18740,9069,9671,4685,2272,2413,
46875,18745,8975,9770,32802,15764,17038,37486,17985,19501,32800,15778,17022,18741,9069,9672,4686,2272,2414,
46880,18748,8976,9772,32806,15766,17040,37493,17987,19506,32804,15782,17022,18744,9069,9675,4686,2272,2414,
46885,18749,8977,9772,32809,15767,17042,37494,17988,19506,32807,15783,17024,18745,9069,9676,4687,2272,2415,
46890,18752,8978,9774,32813,15769,17044,37501,17992,19509,32811,15783,17028,18748,9071,9677,4687,2272,2415,
46895,18753,8979,9774,32816,15771,17045,37502,17993,19509,32814,15785,17029,18749,9072,9677,4688,2272,2416,
46900,18756,8982,9774,32820,15774,17046,37509,17998,19511,32818,15787,17031,18752,9074,9678,4688,2272,2416,
46905,18757,8983,9774,32823,15775,17048,37510,17998,19512,32821,15788,17033,18753,9074,9679,4689,2272,2417,
46910,18760,8984,9776,32827,15776,17051,37517,18001,19516,32825,15791,17034,18756,9076,9680,4689,2272,2417,
46915,18761,8985,9776,32830,15777,17053,37518,18001,19517,32828,15792,17036,18757,9076,9681,4690,2273,2417,
46920,18764,8986,9778,32834,15778,17056,37525,18004,19521,32832,15794,17038,18760,9078,9682,4690,2273,2417,
46925,18765,8987,9778,32837,15780,17057,37526,18005,19521,32835,15794,17041,18761,9079,9682,4691,2273,2418,
46930,18768,8990,9778,32841,15781,17060,37533,18009,19524,32839,15796,17043,18764,9079,9685,4691,2273,2418,
46935,18769,8990,9779,32844,15783,17061,37534,18009,19525,32842,15796,17046,18765,9080,9685,4692,2274,2418,
46940,18772,8993,9779,32848,15785,17063,37541,18010,19531,32846,15797,17049,18768,9082,9686,4692,2274,2418,
46945,18773,8993,9780,32851,15786,17065,37542,18011,19531,32849,15799,17050,18769,9082,9687,4693,2275,2418,
46950,18776,8994,9782,32855,15790,17065,37549,18012,19537,32853,15799,17054,18772,9083,9689,4693,2275,2418,
46955,18777,8995,9782,32858,15793,17065,37550,18012,19538,32856,15800,17056,18773,9083,9690,4694,2275,2419,
46960,18780,8997,9783,32862,15795,17067,37557,18016,19541,32860,15801,17059,18776,9085,9691,4694,2275,2419,
46965,18781,8998,9783,32865,15798,17067,37558,18017,19541,32863,15802,17061,18777,9086,9691,4695,2275,2420,
46970,18784,9000,9784,32869,15800,17069,37565,18023,19542,32867,15803,17064,18780,9089,9691,4695,2275,2420,
46975,18785,9001,9784,32872,15800,17072,37566,18024,19542,32870,15804,17066,18781,9090,9691,4696,2276,2420,
46980,18788,9002,9786,32876,15803,17073,37573,18027,19546,32874,15805,17069,18784,9092,9692,4696,2276,2420,
46985,18789,9002,9787,32879,15804,17075,37574,18028,19546,32877,15807,17070,18785,9092,9693,4697,2277,2420,
46990,18792,9005,9787,32883,15805,17078,37581,18032,19549,32881,15810,17071,18788,9095,9693,4697,2277,2420,
46995,18793,9006,9787,32886,15808,17078,37582,18033,19549,32884,15812,17072,18789,9096,9693,4698,2277,2421,
47000,18796,9008,9788,32890,15812,17078,37589,18037,19552,32888,15814,17074,18792,9097,9695,4698,2277,2421,
47005,18797,9009,9788,32893,15812,17081,37590,18038,19552,32891,15817,17074,18793,9097,9696,4699,2278,2421,
47010,18800,9009,9791,32897,15814,17083,37597,18043,19554,32895,15818,17077,18796,9098,9698,4699,2278,2421,
47015,18801,9009,9792,32900,15815,17085,37598,18043,19555,32898,15819,17079,18797,9098,9699,4700,2278,2422,
47020,18804,9010,9794,32904,15816,17088,37605,18047,19558,32902,15821,17081,18800,9101,9699,4700,2278,2422,
47025,18805,9010,9795,32907,15816,17091,37606,18047,19559,32905,15821,17084,18801,9101,9700,4701,2279,2422,
47030,18808,9013,9795,32911,15819,17092,37613,18049,19564,32909,15824,17085,18804,9103,9701,4701,2279,2422,
47035,18809,9014,9795,32914,15820,17094,37614,18049,19565,32912,15826,17086,18805,9103,9702,4702,2280,2422,
47040,18812,9015,9797,32918,15821,17097,37621,18053,19568,32916,15828,17088,18808,9104,9704,4702,2280,2422,
47045,18813,9016,9797,32921,15823,17098,37622,18054,19568,32919,15829,17090,18809,9104,9705,4703,2280,2423,
47050,18816,9018,9798,32925,15824,17101,37629,18058,19571,32923,15832,17091,18812,9105,9707,4703,2280,2423,
47055,18817,9018,9799,32928,15826,17102,37630,18059,19571,32926,15834,17092,18813,9105,9708,4704,2281,2423,
47060,18820,9018,9802,32932,15827,17105,37637,18063,19574,32930,15837,17093,18816,9108,9708,4704,2281,2423,
47065,18821,9019,9802,32935,15828,17107,37638,18064,19574,32933,15839,17094,18817,9109,9708,4705,2281,2424,
47070,18824,9020,9804,32939,15831,17108,37645,18070,19575,32937,15841,17096,18820,9110,9710,4705,2281,2424,
47075,18825,9021,9804,32942,15833,17109,37646,18071,19575,32940,15841,17099,18821,9110,9711,4706,2281,2425,
47080,18828,9022,9806,32946,15834,17112,37653,18075,19578,32944,15841,17103,18824,9110,9714,4706,2281,2425,
47085,18829,9022,9807,32949,15835,17114,37654,18076,19578,32947,15842,17105,18825,9110,9715,4707,2281,2426,
47090,18832,9023,9809,32953,15837,17116,37661,18078,19583,32951,15844,17107,18828,9111,9717,4707,2281,2426,
47095,18833,9023,9810,32956,15839,17117,37662,18079,19583,32954,15846,17108,18829,9111,9718,4708,2282,2426,
47100,18836,9026,9810,32960,15840,17120,37669,18081,19588,32958,15850,17108,18832,9112,9720,4708,2282,2426,
47105,18837,9027,9810,32963,15842,17121,37670,18082,19588,32961,15852,17109,18833,9112,9721,4709,2283,2426,
47110,18840,9030,9810,32967,15842,17125,37677,18085,19592,32965,15853,17112,18836,9113,9723,4709,2283,2426,
47115,18841,9031,9810,32970,15844,17126,37678,18085,19593,32968,15854,17114,18837,9113,9724,4710,2283,2427,
47120,18844,9032,9812,32974,15845,17129,37685,18089,19596,32972,15855,17117,18840,9115,9725,4710,2283,2427,
47125,18845,9032,9813,32977,15847,17130,37686,18089,19597,32975,15857,17118,18841,9116,9725,4711,2283,2428,
47130,18848,9033,9815,32981,15849,17132,37693,18092,19601,32979,15857,17122,18844,9116,9728,4711,2283,2428,
47135,18849,9034,9815,32984,15850,17134,37694,18092,19602,32982,15860,17122,18845,9117,9728,4712,2283,2429,
47140,18852,9036,9816,32988,15851,17137,37701,18095,19606,32986,15862,17124,18848,9120,9728,4712,2283,2429,
47145,18853,9036,9817,32991,15852,17139,37702,18095,19607,32989,15864,17125,18849,9120,9729,4713,2284,2429,
47150,18856,9037,9819,32995,15855,17140,37709,18099,19610,32993,15866,17127,18852,9121,9731,4713,2284,2429,
47155,18857,9038,9819,32998,15857,17141,37710,18099,19611,32996,15869,17127,18853,9122,9731,4714,2284,2430,
47160,18860,9040,9820,33002,15860,17142,37717,18100,19617,33000,15870,17130,18856,9122,9734,4714,2284,2430,
47165,18861,9040,9821,33005,15861,17144,37718,18100,19618,33003,15871,17132,18857,9122,9735,4715,2285,2430,
47170,18864,9040,9824,33009,15864,17145,37725,18102,19623,33007,15873,17134,18860,9123,9737,4715,2285,2430,
47175,18865,9041,9824,33012,15866,17146,37726,18102,19624,33010,15874,17136,18861,9124,9737,4716,2285,2431,
47180,18868,9043,9825,33016,15869,17147,37733,18105,19628,33014,15876,17138,18864,9126,9738,4716,2285,2431,
47185,18869,9043,9826,33019,15870,17149,37734,18106,19628,33017,15877,17140,18865,9127,9738,4717,2285,2432,
47190,18872,9045,9827,33023,15872,17151,37741,18110,19631,33021,15878,17143,18868,9128,9740,4717,2285,2432,
47195,18873,9045,9828,33026,15873,17153,37742,18110,19632,33024,15879,17145,18869,9128,9741,4718,2286,2432,
47200,18876,9047,9829,33030,15874,17156,37749,18115,19634,33028,15880,17148,18872,9128,9744,4718,2286,2432,
47205,18877,9047,9830,33033,15875,17158,37750,18116,19634,33031,15882,17149,18873,9128,9745,4719,2287,2432,
47210,18880,9048,9832,33037,15876,17161,37757,18120,19637,33035,15883,17152,18876,9131,9745,4719,2287,2432,
47215,18881,9048,9833,33040,15879,17161,37758,18121,19637,33038,15884,17154,18877,9131,9746,4720,2287,2433,
47220,18884,9050,9834,33044,15882,17162,37765,18127,19638,33042,15886,17156,18880,9132,9748,4720,2287,2433,
47225,18885,9050,9835,33047,15883,17164,37766,18127,19639,33045,15888,17157,18881,9132,9749,4721,2287,2434,
47230,18888,9052,9836,33051,15886,17165,37773,18131,19642,33049,15889,17160,18884,9134,9750,4721,2287,2434,
47235,18889,9052,9837,33054,15888,17166,37774,18131,19643,33052,15891,17161,18885,9134,9751,4722,2287,2435,
47240,18892,9053,9839,33058,15890,17168,37781,18134,19647,33056,15892,17164,18888,9135,9753,4722,2287,2435,
47245,18893,9053,9840,33061,15890,17171,37782,18135,19647,33059,15893,17166,18889,9135,9754,4723,2288,2435,
47250,18896,9055,9841,33065,15892,17173,37789,18139,19650,33063,15896,17167,18892,9136,9756,4723,2288,2435,
47255,18897,9055,9842,33068,15893,17175,37790,18139,19651,33066,15899,17167,18893,9137,9756,4724,2288,2436,
47260,18900,9057,9843,33072,15895,17177,37797,18143,19654,33070,15902,17168,18896,9137,9759,4724,2288,2436,
47265,18901,9058,9843,33075,15896,17179,37798,18143,19655,33073,15903,17170,18897,9138,9759,4725,2288,2437,
47270,18904,9060,9844,33079,15898,17181,37805,18146,19659,33077,15903,17174,18900,9140,9760,4725,2288,2437,
47275,18905,9061,9844,33082,15900,17182,37806,18147,19659,33080,15905,17175,18901,9141,9760,4726,2289,2437,
47280,18908,9063,9845,33086,15902,17184,37813,18151,19662,33084,15907,17177,18904,9143,9761,4726,2289,2437,
47285,18909,9063,9846,33089,15904,17185,37814,18151,19663,33087,15909,17178,18905,9144,9761,4727,2289,2438,
47290,18912,9065,9847,33093,15906,17187,37821,18156,19665,33091,15912,17179,18908,9145,9763,4727,2289,2438,
47295,18913,9065,9848,33096,15909,17187,37822,18156,19666,33094,15913,17181,18909,9146,9763,4728,2290,2438,
47300,18916,9067,9849,33100,15910,17190,37829,18160,19669,33098,15916,17182,18912,9146,9766,4728,2290,2438,
47305,18917,9067,9850,33103,15912,17191,37830,18161,19669,33101,15916,17185,18913,9147,9766,4729,2291,2438,
47310,18920,9069,9851,33107,15914,17193,37837,18164,19673,33105,15917,17188,18916,9149,9767,4729,2291,2438,
47315,18921,9070,9851,33110,15915,17195,37838,18164,19674,33108,15920,17188,18917,9150,9767,4730,2291,2439,
47320,18924,9071,9853,33114,15917,17197,37845,18169,19676,33112,15921,17191,18920,9151,9769,4730,2291,2439,
47325,18925,9072,9853,33117,15919,17198,37846,18169,19677,33115,15922,17193,18921,9151,9770,4731,2292,2439,
47330,18928,9075,9853,33121,15921,17200,37853,18173,19680,33119,15925,17194,18924,9152,9772,4731,2292,2439,
47335,18929,9076,9853,33124,15923,17201,37854,18173,19681,33122,15928,17194,18925,9153,9772,4732,2292,2440,
47340,18932,9077,9855,33128,15924,17204,37861,18177,19684,33126,15929,17197,18928,9154,9774,4732,2292,2440,
47345,18933,9078,9855,33131,15925,17206,37862,18177,19685,33129,15931,17198,18929,9155,9774,4733,2293,2440,
47350,18936,9080,9856,33135,15927,17208,37869,18180,19689,33133,15933,17200,18932,9158,9774,4733,2293,2440,
47355,18937,9081,9856,33138,15930,17208,37870,18181,19689,33136,15936,17200,18933,9158,9775,4734,2294,2440,
47360,18940,9082,9858,33142,15932,17210,37877,18183,19694,33140,15939,17201,18936,9158,9778,4734,2294,2440,
47365,18941,9082,9859,33145,15932,17213,37878,18184,19694,33143,15940,17203,18937,9158,9779,4735,2295,2440,
47370,18944,9084,9860,33149,15932,17217,37885,18186,19699,33147,15942,17205,18940,9158,9782,4735,2295,2440,
47375,18945,9085,9860,33152,15932,17220,37886,18186,19700,33150,15944,17206,18941,9158,9783,4736,2296,2440,
47380,18948,9087,9861,33156,15933,17223,37893,18191,19702,33154,15944,17210,18944,9159,9785,4736,2296,2440,
47385,18949,9087,9862,33159,15935,17224,37894,18192,19702,33157,15946,17211,18945,9159,9786,4737,2296,2441,
47390,18952,9087,9865,33163,15936,17227,37901,18193,19708,33161,15950,17211,18948,9159,9789,4737,2296,2441,
47395,18953,9087,9866,33166,15937,17229,37902,18194,19708,33164,15951,17213,18949,9159,9790,4738,2296,2442,
47400,18956,9090,9866,33170,15940,17230,37909,18199,19710,33168,15955,17213,18952,9161,9791,4738,2296,2442,
47405,18957,9090,9867,33173,15942,17231,37910,18200,19710,33171,15956,17215,18953,9162,9791,4739,2297,2442,
47410,18960,9092,9868,33177,15945,17232,37917,18205,19712,33175,15956,17219,18956,9162,9794,4739,2297,2442,
47415,18961,9093,9868,33180,15946,17234,37918,18206,19712,33178,15957,17221,18957,9162,9795,4740,2297,2443,
47420,18964,9094,9870,33184,15948,17236,37925,18211,19714,33182,15960,17222,18960,9165,9795,4740,2297,2443,
47425,18965,9095,9870,33187,15950,17237,37926,18212,19714,33185,15962,17223,18961,9165,9796,4741,2297,2444,
47430,18968,9095,9873,33191,15951,17240,37933,18217,19716,33189,15964,17225,18964,9166,9798,4741,2297,2444,
47435,18969,9096,9873,33194,15952,17242,37934,18218,19716,33192,15966,17226,18965,9166,9799,4742,2298,2444,
47440,18972,9097,9875,33198,15953,17245,37941,18220,19721,33196,15968,17228,18968,9167,9801,4742,2298,2444,
47445,18973,9098,9875,33201,15955,17246,37942,18220,19722,33199,15970,17229,18969,9167,9802,4743,2299,2444,
47450,18976,9100,9876,33205,15956,17249,37949,18225,19724,33203,15974,17229,18972,9168,9804,4743,2299,2444,
47455,18977,9100,9877,33208,15958,17250,37950,18225,19725,33206,15975,17231,18973,9169,9804,4744,2299,2445,
47460,18980,9102,9878,33212,15961,17251,37957,18231,19726,33210,15975,17235,18976,9169,9807,4744,2299,2445,
47465,18981,9103,9878,33215,15962,17253,37958,18231,19727,33213,15977,17236,18977,9169,9808,4745,2300,2445,
47470,18984,9104,9880,33219,15964,17255,37965,18233,19732,33217,15979,17238,18980,9171,9809,4745,2300,2445,
47475,18985,9105,9880,33222,15967,17255,37966,18234,19732,33220,15982,17238,18981,9172,9809,4746,2301,2445,
47480,18988,9106,9882,33226,15970,17256,37973,18240,19733,33224,15983,17241,18984,9174,9810,4746,2301,2445,
47485,18989,9106,9883,33229,15972,17257,37974,18241,19733,33227,15985,17242,18985,9174,9811,4747,2302,2445,
47490,18992,9107,9885,33233,15976,17257,37981,18245,19736,33231,15986,17245,18988,9174,9814,4747,2302,2445,
47495,18993,9107,9886,33236,15978,17258,37982,18245,19737,33234,15986,17248,18989,9174,9815,4748,2303,2445,
47500,18996,9107,9889,33240,15981,17259,37989,18249,19740,33238,15987,17251,18992,9175,9817,4748,2303,2445,
47505,18997,9107,9890,33243,15981,17262,37990,18249,19741,33241,15989,17252,18993,9175,9818,4749,2304,2445,
47510,19000,9109,9891,33247,15982,17265,37997,18254,19743,33245,15990,17255,18996,9176,9820,4749,2304,2445,
47515,19001,9109,9892,33250,15982,17268,37998,18255,19743,33248,15991,17257,18997,9176,9821,4750,2304,2446,
47520,19004,9111,9893,33254,15985,17269,38005,18258,19747,33252,15992,17260,19000,9176,9824,4750,2304,2446,
47525,19005,9111,9894,33257,15987,17270,38006,18259,19747,33255,15993,17262,19001,9176,9825,4751,2305,2446,
47530,19008,9113,9895,33261,15987,17274,38013,18263,19750,33259,15995,17264,19004,9177,9827,4751,2305,2446,
47535,19009,9114,9895,33264,15987,17277,38014,18264,19750,33262,15996,17266,19005,9177,9828,4752,2305,2447,
47540,19012,9117,9895,33268,15988,17280,38021,18269,19752,33266,15998,17268,19008,9179,9829,4752,2305,2447,
47545,19013,9117,9896,33271,15989,17282,38022,18270,19752,33269,16000,17269,19009,9179,9830,4753,2306,2447,
47550,19016,9119,9897,33275,15991,17284,38029,18275,19754,33273,16002,17271,19012,9181,9831,4753,2306,2447,
47555,19017,9119,9898,33278,15992,17286,38030,18276,19754,33276,16003,17273,19013,9181,9832,4754,2306,2448,
47560,19020,9121,9899,33282,15995,17287,38037,18279,19758,33280,16004,17276,19016,9182,9834,4754,2306,2448,
47565,19021,9122,9899,33285,15997,17288,38038,18280,19758,33283,16006,17277,19017,9182,9835,4755,2307,2448,
47570,19024,9125,9899,33289,15998,17291,38045,18282,19763,33287,16010,17277,19020,9183,9837,4755,2307,2448,
47575,19025,9125,9900,33292,16001,17291,38046,18283,19763,33290,16011,17279,19021,9183,9838,4756,2307,2449,
47580,19028,9127,9901,33296,16002,17294,38053,18287,19766,33294,16013,17281,19024,9184,9840,4756,2307,2449,
47585,19029,9127,9902,33299,16004,17295,38054,18287,19767,33297,16015,17282,19025,9184,9841,4757,2308,2449,
47590,19032,9129,9903,33303,16007,17296,38061,18288,19773,33301,16016,17285,19028,9184,9844,4757,2308,2449,
47595,19033,9129,9904,33306,16009,17297,38062,18288,19774,33304,16017,17287,19029,9185,9844,4758,2309,2449,
47600,19036,9129,9907,33310,16012,17298,38069,18294,19775,33308,16018,17290,19032,9187,9845,4758,2309,2449,
47605,19037,9130,9907,33313,16013,17300,38070,18294,19776,33311,16020,17291,19033,9188,9845,4759,2310,2449,
47610,19040,9131,9909,33317,16014,17303,38077,18297,19780,33315,16022,17293,19036,9191,9845,4759,2310,2449,
47615,19041,9131,9910,33320,16016,17304,38078,18297,19781,33318,16023,17295,19037,9192,9845,4760,2310,2450,
47620,19044,9132,9912,33324,16018,17306,38085,18301,19784,33322,16027,17295,19040,9193,9847,4760,2310,2450,
47625,19045,9132,9913,33327,16018,17309,38086,18302,19784,33325,16027,17298,19041,9194,9847,4761,2311,2450,
47630,19048,9133,9915,33331,16020,17311,38093,18307,19786,33329,16028,17301,19044,9194,9850,4761,2311,2450,
47635,19049,9133,9916,33334,16023,17311,38094,18307,19787,33332,16028,17304,19045,9194,9851,4762,2311,2451,
47640,19052,9134,9918,33338,16025,17313,38101,18311,19790,33336,16031,17305,19048,9197,9851,4762,2311,2451,
47645,19053,9134,9919,33341,16026,17315,38102,18311,19791,33339,16031,17308,19049,9197,9852,4763,2311,2452,
47650,19056,9136,9920,33345,16028,17317,38109,18315,19794,33343,16034,17309,19052,9198,9854,4763,2311,2452,
47655,19057,9136,9921,33348,16030,17318,38110,18315,19795,33346,16034,17312,19053,9199,9854,4764,2311,2453,
47660,19060,9138,9922,33352,16033,17319,38117,18322,19795,33350,16036,17314,19056,9200,9856,4764,2311,2453,
47665,19061,9139,9922,33355,16034,17321,38118,18322,19796,33353,16038,17315,19057,9200,9857,4765,2311,2454,
47670,19064,9141,9923,33359,16036,17323,38125,18324,19801,33357,16041,17316,19060,9201,9859,4765,2311,2454,
47675,19065,9142,9923,33362,16038,17324,38126,18324,19802,33360,16042,17318,19061,9201,9860,4766,2311,2455,
47680,19068,9143,9925,33366,16040,17326,38133,18327,19806,33364,16044,17320,19064,9201,9863,4766,2311,2455,
47685,19069,9144,9925,33369,16041,17328,38134,18328,19806,33367,16044,17323,19065,9201,9864,4767,2312,2455,
47690,19072,9146,9926,33373,16041,17332,38141,18333,19808,33371,16046,17325,19068,9203,9865,4767,2312,2455,
47695,19073,9146,9927,33376,16042,17334,38142,18334,19808,33374,16047,17327,19069,9204,9865,4768,2313,2455,
47700,19076,9146,9930,33380,16045,17335,38149,18337,19812,33378,16047,17331,19072,9207,9865,4768,2313,2455,
47705,19077,9146,9931,33383,16046,17337,38150,18338,19812,33381,16048,17333,19073,9208,9865,4769,2314,2455,
47710,19080,9147,9933,33387,16047,17340,38157,18345,19812,33385,16051,17334,19076,9208,9868,4769,2314,2455,
47715,19081,9147,9934,33390,16049,17341,38158,18345,19813,33388,16053,17335,19077,9209,9868,4770,2314,2456,
47720,19084,9147,9937,33394,16051,17343,38165,18349,19816,33392,16055,17337,19080,9210,9870,4770,2314,2456,
47725,19085,9147,9938,33397,16052,17345,38166,18350,19816,33395,16057,17338,19081,9210,9871,4771,2315,2456,
47730,19088,9148,9940,33401,16052,17349,38173,18353,19820,33399,16058,17341,19084,9212,9872,4771,2315,2456,
47735,19089,9148,9941,33404,16053,17351,38174,18353,19821,33402,16059,17343,19085,9212,9873,4772,2316,2456,
47740,19092,9149,9943,33408,16054,17354,38181,18356,19825,33406,16060,17346,19088,9212,9876,4772,2316,2456,
47745,19093,9149,9944,33411,16057,17354,38182,18357,19825,33409,16062,17347,19089,9213,9876,4773,2316,2457,
47750,19096,9150,9946,33415,16059,17356,38189,18362,19827,33413,16064,17349,19092,9214,9878,4773,2316,2457,
47755,19097,9150,9947,33418,16059,17359,38190,18363,19827,33416,16065,17351,19093,9214,9879,4774,2317,2457,
47760,19100,9151,9949,33422,16062,17360,38197,18368,19829,33420,16068,17352,19096,9214,9882,4774,2317,2457,
47765,19101,9151,9950,33425,16062,17363,38198,18369,19829,33423,16071,17352,19097,9214,9883,4775,2318,2457,
47770,19104,9152,9952,33429,16064,17365,38205,18371,19834,33427,16074,17353,19100,9217,9883,4775,2318,2457,
47775,19105,9152,9953,33432,16065,17367,38206,18372,19834,33430,16076,17354,19101,9218,9883,4776,2318,2458,
47780,19108,9154,9954,33436,16066,17370,38213,18372,19841,33434,16077,17357,19104,9221,9883,4776,2318,2458,
47785,19109,9155,9954,33439,16067,17372,38214,18372,19842,33437,16077,17360,19105,9222,9883,4777,2318,2459,
47790,19112,9156,9956,33443,16069,17374,38221,18375,19846,33441,16079,17362,19108,9224,9884,4777,2318,2459,
47795,19113,9156,9957,33446,16071,17375,38222,18375,19847,33444,16080,17364,19109,9225,9884,4778,2319,2459,
47800,19116,9158,9958,33450,16073,17377,38229,18379,19850,33448,16082,17366,19112,9226,9886,4778,2319,2459,
47805,19117,9158,9959,33453,16075,17378,38230,18379,19851,33451,16082,17369,19113,9226,9887,4779,2319,2460,
47810,19120,9159,9961,33457,16076,17381,38237,18381,19856,33455,16085,17370,19116,9228,9888,4779,2319,2460,
47815,19121,9159,9962,33460,16079,17381,38238,18381,19857,33458,16087,17371,19117,9229,9888,4780,2320,2460,
47820,19124,9161,9963,33464,16081,17383,38245,18386,19859,33462,16090,17372,19120,9231,9889,4780,2320,2460,
47825,19125,9161,9964,33467,16083,17384,38246,18386,19860,33465,16092,17373,19121,9232,9889,4781,2321,2460,
47830,19128,9162,9966,33471,16085,17386,38253,18389,19864,33469,16094,17375,19124,9234,9890,4781,2321,2460,
47835,19129,9162,9967,33474,16086,17388,38254,18390,19864,33472,16095,17377,19125,9235,9890,4782,2322,2460,
47840,19132,9162,9970,33478,16088,17390,38261,18392,19869,33476,16096,17380,19128,9238,9890,4782,2322,2460,
47845,19133,9163,9970,33481,16090,17391,38262,18393,19869,33479,16097,17382,19129,9238,9891,4783,2323,2460,
47850,19136,9166,9970,33485,16091,17394,38269,18397,19872,33483,16100,17383,19132,9239,9893,4783,2323,2460,
47855,19137,9166,9971,33488,16091,17397,38270,18398,19872,33486,16102,17384,19133,9239,9894,4784,2324,2460,
47860,19140,9167,9973,33492,16091,17401,38277,18401,19876,33490,16104,17386,19136,9239,9897,4784,2324,2460,
47865,19141,9168,9973,33495,16094,17401,38278,18401,19877,33493,16104,17389,19137,9240,9897,4785,2325,2460,
47870,19144,9170,9974,33499,16097,17402,38285,18404,19881,33497,16107,17390,19140,9242,9898,4785,2325,2460,
47875,19145,9171,9974,33502,16098,17404,38286,18404,19882,33500,16109,17391,19141,9242,9899,4786,2326,2460,
47880,19148,9173,9975,33506,16100,17406,38293,18410,19883,33504,16112,17392,19144,9242,9902,4786,2326,2460,
47885,19149,9173,9976,33509,16103,17406,38294,18410,19884,33507,16113,17394,19145,9243,9902,4787,2327,2460,
47890,19152,9174,9978,33513,16105,17408,38301,18413,19888,33511,16116,17395,19148,9245,9903,4787,2327,2460,
47895,19153,9175,9978,33516,16108,17408,38302,18414,19888,33514,16116,17398,19149,9246,9903,4788,2327,2461,
47900,19156,9177,9979,33520,16109,17411,38309,18417,19892,33518,16117,17401,19152,9248,9904,4788,2327,2461,
47905,19157,9178,9979,33523,16109,17414,38310,18418,19892,33521,16119,17402,19153,9248,9905,4789,2327,2462,
47910,19160,9178,9982,33527,16110,17417,38317,18422,19895,33525,16119,17406,19156,9249,9907,4789,2327,2462,
47915,19161,9179,9982,33530,16110,17420,38318,18423,19895,33528,16121,17407,19157,9250,9907,4790,2328,2462,
47920,19164,9181,9983,33534,16113,17421,38325,18427,19898,33532,16122,17410,19160,9251,9909,4790,2328,2462,
47925,19165,9182,9983,33537,16114,17423,38326,18428,19898,33535,16122,17413,19161,9252,9909,4791,2328,2463,
47930,19168,9184,9984,33541,16116,17425,38333,18431,19902,33539,16125,17414,19164,9253,9911,4791,2328,2463,
47935,19169,9185,9984,33544,16118,17426,38334,18432,19902,33542,16126,17416,19165,9253,9912,4792,2329,2463,
47940,19172,9186,9986,33548,16120,17428,38341,18435,19906,33546,16128,17418,19168,9256,9912,4792,2329,2463,
47945,19173,9187,9986,33551,16122,17429,38342,18436,19906,33549,16130,17419,19169,9256,9913,4793,2329,2464,
47950,19176,9189,9987,33555,16125,17430,38349,18440,19909,33553,16131,17422,19172,9259,9913,4793,2329,2464,
47955,19177,9190,9987,33558,16126,17432,38350,18441,19909,33556,16133,17423,19173,9259,9914,4794,2330,2464,
47960,19180,9190,9990,33562,16128,17434,38357,18445,19912,33560,16135,17425,19176,9260,9916,4794,2330,2464,
47965,19181,9191,9990,33565,16130,17435,38358,18445,19913,33563,16138,17425,19177,9261,9916,4795,2331,2464,
47970,19184,9193,9991,33569,16133,17436,38365,18447,19918,33567,16141,17426,19180,9263,9917,4795,2331,2464,
47975,19185,9193,9992,33572,16133,17439,38366,18448,19918,33570,16143,17427,19181,9263,9918,4796,2331,2465,
47980,19188,9195,9993,33576,16135,17441,38373,18453,19920,33574,16144,17430,19184,9265,9919,4796,2331,2465,
47985,19189,9195,9994,33579,16136,17443,38374,18453,19921,33577,16146,17431,19185,9265,9920,4797,2332,2465,
47990,19192,9196,9996,33583,16137,17446,38381,18455,19926,33581,16150,17431,19188,9267,9921,4797,2332,2465,
47995,19193,9197,9996,33586,16137,17449,38382,18456,19926,33584,16151,17433,19189,9267,9922,4798,2332,2466,
48000,19196,9197,9999,33590,16139,17451,38389,18461,19928,33588,16153,17435,19192,9267,9925,4798,2332,2466,
48005,19197,9197,10000,33593,16141,17452,38390,18461,19929,33591,16154,17437,19193,9267,9926,4799,2332,2467,
48010,19200,9197,10003,33597,16142,17455,38397,18464,19933,33595,16157,17438,19196,9269,9927,4799,2332,2467,
48015,19201,9198,10003,33600,16143,17457,38398,18465,19933,33598,16158,17440,19197,9269,9928,4800,2332,2468,
48020,19204,9199,10005,33604,16144,17460,38405,18468,19937,33602,16159,17443,19200,9270,9930,4800,2332,2468,
48025,19205,9200,10005,33607,16146,17461,38406,18468,19938,33605,16160,17445,19201,9271,9930,4801,2332,2469,
48030,19208,9202,10006,33611,16150,17461,38413,18472,19941,33609,16164,17445,19204,9273,9931,4801,2332,2469,
48035,19209,9203,10006,33614,16152,17462,38414,18473,19941,33612,16165,17447,19205,9273,9932,4802,2333,2469,
48040,19212,9205,10007,33618,16154,17464,38421,18476,19945,33616,16166,17450,19208,9274,9934,4802,2333,2469,
48045,19213,9205,10008,33621,16156,17465,38422,18476,19946,33619,16167,17452,19209,9275,9934,4803,2334,2469,
48050,19216,9206,10010,33625,16158,17467,38429,18477,19952,33623,16169,17454,19212,9278,9934,4803,2334,2469,
48055,19217,9207,10010,33628,16160,17468,38430,18477,19953,33626,16171,17455,19213,9278,9935,4804,2334,2470,
48060,19220,9210,10010,33632,16161,17471,38437,18482,19955,33630,16173,17457,19216,9279,9937,4804,2334,2470,
48065,19221,9210,10011,33635,16163,17472,38438,18482,19956,33633,16174,17459,19217,9280,9937,4805,2335,2470,
48070,19224,9211,10013,33639,16164,17475,38445,18486,19959,33637,16177,17460,19220,9280,9940,4805,2335,2470,
48075,19225,9211,10014,33642,16166,17476,38446,18486,19960,33640,16179,17461,19221,9280,9941,4806,2335,2471,
48080,19228,9213,10015,33646,16169,17477,38453,18490,19963,33644,16180,17464,19224,9282,9942,4806,2335,2471,
48085,19229,9214,10015,33649,16169,17480,38454,18490,19964,33647,16182,17465,19225,9283,9942,4807,2335,2472,
48090,19232,9216,10016,33653,16171,17482,38461,18494,19967,33651,16182,17469,19228,9285,9943,4807,2335,2472,
48095,19233,9216,10017,33656,16171,17485,38462,18494,19968,33654,16184,17470,19229,9286,9943,4808,2335,2473,
48100,19236,9216,10020,33660,16173,17487,38469,18497,19972,33658,16185,17473,19232,9287,9945,4808,2335,2473,
48105,19237,9217,10020,33663,16175,17488,38470,18498,19972,33661,16186,17475,19233,9287,9946,4809,2336,2473,
48110,19240,9218,10022,33667,16178,17489,38477,18502,19975,33665,16188,17477,19236,9287,9949,4809,2336,2473,
48115,19241,9219,10022,33670,16180,17490,38478,18502,19976,33668,16189,17479,19237,9288,9949,4810,2336,2474,
48120,19244,9221,10023,33674,16183,17491,38485,18505,19980,33672,16191,17481,19240,9290,9950,4810,2336,2474,
48125,19245,9221,10024,33677,16184,17493,38486,18505,19981,33675,16193,17482,19241,9291,9950,4811,2337,2474,
48130,19248,9222,10026,33681,16186,17495,38493,18509,19984,33679,16195,17484,19244,9293,9951,4811,2337,2474,
48135,19249,9223,10026,33684,16188,17496,38494,18510,19984,33682,16197,17485,19245,9293,9952,4812,2338,2474,
48140,19252,9223,10029,33688,16190,17498,38501,18513,19988,33686,16199,17487,19248,9295,9953,4812,2338,2474,
48145,19253,9223,10030,33691,16192,17499,38502,18514,19988,33689,16201,17488,19249,9295,9954,4813,2338,2475,
48150,19256,9224,10032,33695,16193,17502,38509,18520,19989,33693,16204,17489,19252,9295,9957,4813,2338,2475,
48155,19257,9225,10032,33698,16195,17503,38510,18520,19990,33696,16205,17491,19253,9296,9957,4814,2338,2476,
48160,19260,9227,10033,33702,16196,17506,38517,18526,19991,33700,16207,17493,19256,9298,9958,4814,2338,2476,
48165,19261,9227,10034,33705,16197,17508,38518,18526,19992,33703,16208,17495,19257,9298,9959,4815,2338,2477,
48170,19264,9227,10037,33709,16198,17511,38525,18528,19997,33707,16211,17496,19260,9299,9961,4815,2338,2477,
48175,19265,9228,10037,33712,16199,17513,38526,18529,19997,33710,16212,17498,19261,9299,9962,4816,2339,2477,
48180,19268,9229,10039,33716,16201,17515,38533,18531,20002,33714,16212,17502,19264,9300,9964,4816,2339,2477,
48185,19269,9229,10040,33719,16201,17518,38534,18531,20003,33717,16212,17505,19265,9300,9965,4817,2339,2478,
48190,19272,9230,10042,33723,16202,17521,38541,18533,20008,33721,16215,17506,19268,9300,9968,4817,2339,2478,
48195,19273,9230,10043,33726,16203,17523,38542,18534,20008,33724,16217,17507,19269,9300,9969,4818,2340,2478,
48200,19276,9232,10044,33730,16206,17524,38549,18537,20012,33728,16218,17510,19272,9302,9970,4818,2340,2478,
48205,19277,9232,10045,33733,16209,17524,38550,18538,20012,33731,16219,17512,19273,9302,9971,4819,2340,2479,
48210,19280,9234,10046,33737,16211,17526,38557,18540,20017,33735,16223,17512,19276,9304,9972,4819,2340,2479,
48215,19281,9234,10047,33740,16214,17526,38558,18541,20017,33738,16223,17515,19277,9304,9973,4820,2341,2479,
48220,19284,9235,10049,33744,16218,17526,38565,18543,20022,33742,16224,17518,19280,9307,9973,4820,2341,2479,
48225,19285,9236,10049,33747,16219,17528,38566,18543,20023,33745,16225,17520,19281,9308,9973,4821,2341,2480,
48230,19288,9238,10050,33751,16220,17531,38573,18545,20028,33749,16226,17523,19284,9308,9976,4821,2341,2480,
48235,19289,9238,10051,33754,16221,17533,38574,18545,20029,33752,16228,17524,19285,9309,9976,4822,2341,2481,
48240,19292,9239,10053,33758,16225,17533,38581,18550,20031,33756,16229,17527,19288,9310,9978,4822,2341,2481,
48245,19293,9239,10054,33761,16226,17535,38582,18550,20032,33759,16231,17528,19289,9311,9978,4823,2342,2481,
48250,19296,9241,10055,33765,16227,17538,38589,18553,20036,33763,16233,17530,19292,9312,9980,4823,2342,2481,
48255,19297,9241,10056,33768,16227,17541,38590,18554,20036,33766,16235,17531,19293,9312,9981,4824,2343,2481,
48260,19300,9241,10059,33772,16230,17542,38597,18556,20041,33770,16236,17534,19296,9314,9982,4824,2343,2481,
48265,19301,9241,10060,33775,16230,17545,38598,18557,20041,33773,16238,17535,19297,9315,9982,4825,2344,2481,
48270,19304,9241,10063,33779,16232,17547,38605,18562,20043,33777,16239,17538,19300,9318,9982,4825,2344,2481,
48275,19305,9242,10063,33782,16234,17548,38606,18562,20044,33780,16240,17540,19301,9318,9983,4826,2344,2482,
48280,19308,9243,10065,33786,16236,17550,38613,18565,20048,33784,16240,17544,19304,9320,9984,4826,2344,2482,
48285,19309,9243,10066,33789,16237,17552,38614,18566,20048,33787,16242,17545,19305,9320,9985,4827,2344,2483,
48290,19312,9245,10067,33793,16240,17553,38621,18570,20051,33791,16244,17547,19308,9321,9987,4827,2344,2483,
48295,19313,9246,10067,33796,16240,17556,38622,18570,20052,33794,16244,17550,19309,9321,9988,4828,2344,2484,
48300,19316,9248,10068,33800,16241,17559,38629,18574,20055,33798,16246,17552,19312,9322,9990,4828,2344,2484,
48305,19317,9248,10069,33803,16241,17562,38630,18575,20055,33801,16247,17554,19313,9322,9991,4829,2344,2485,
48310,19320,9248,10072,33807,16243,17564,38637,18578,20059,33805,16247,17558,19316,9324,9992,4829,2344,2485,
48315,19321,9249,10072,33810,16243,17567,38638,18579,20059,33808,16247,17561,19317,9324,9993,4830,2345,2485,
48320,19324,9249,10075,33814,16246,17568,38645,18580,20065,33812,16248,17564,19320,9325,9995,4830,2345,2485,
48325,19325,9250,10075,33817,16248,17569,38646,18581,20065,33815,16250,17565,19321,9326,9995,4831,2345,2486,
48330,19328,9251,10077,33821,16251,17570,38653,18586,20067,33819,16252,17567,19324,9327,9997,4831,2345,2486,
48335,19329,9252,10077,33824,16252,17572,38654,18586,20068,33822,16252,17570,19325,9328,9997,4832,2346,2486,
48340,19332,9253,10079,33828,16254,17574,38661,18590,20071,33826,16255,17571,19328,9329,9999,4832,2346,2486,
48345,19333,9253,10080,33831,16254,17577,38662,18591,20071,33829,16257,17572,19329,9329,10000,4833,2347,2486,
48350,19336,9254,10082,33835,16257,17578,38669,18596,20073,33833,16258,17575,19332,9332,10000,4833,2347,2486,
48355,19337,9254,10083,33838,16258,17580,38670,18597,20073,33836,16260,17576,19333,9333,10000,4834,2347,2487,
48360,19340,9255,10085,33842,16258,17584,38677,18600,20077,33840,16262,17578,19336,9334,10002,4834,2347,2487,
48365,19341,9256,10085,33845,16259,17586,38678,18601,20077,33843,16263,17580,19337,9335,10002,4835,2348,2487,
48370,19344,9258,10086,33849,16262,17587,38685,18603,20082,33847,16266,17581,19340,9337,10003,4835,2348,2487,
48375,19345,9258,10087,33852,16263,17589,38686,18603,20083,33850,16266,17584,19341,9338,10003,4836,2349,2487,
48380,19348,9259,10089,33856,16266,17590,38693,18605,20088,33854,16268,17586,19344,9338,10006,4836,2349,2487,
48385,19349,9260,10089,33859,16267,17592,38694,18606,20088,33857,16270,17587,19345,9339,10006,4837,2349,2488,
48390,19352,9262,10090,33863,16269,17594,38701,18611,20090,33861,16272,17589,19348,9340,10008,4837,2349,2488,
48395,19353,9262,10091,33866,16269,17597,38702,18611,20091,33864,16273,17591,19349,9341,10008,4838,2350,2488,
48400,19356,9264,10092,33870,16271,17599,38709,18616,20093,33868,16275,17593,19352,9343,10009,4838,2350,2488,
48405,19357,9265,10092,33873,16272,17601,38710,18617,20093,33871,16276,17595,19353,9343,10010,4839,2350,2489,
48410,19360,9266,10094,33877,16273,17604,38717,18619,20098,33875,16277,17598,19356,9344,10012,4839,2350,2489,
48415,19361,9266,10095,33880,16274,17606,38718,18620,20098,33878,16278,17600,19357,9345,10012,4840,2350,2490,
48420,19364,9268,10096,33884,16276,17608,38725,18625,20100,33882,16280,17602,19360,9347,10013,4840,2350,2490,
48425,19365,9269,10096,33887,16279,17608,38726,18625,20101,33885,16282,17603,19361,9347,10014,4841,2350,2491,
48430,19368,9269,10099,33891,16282,17609,38733,18628,20105,33889,16283,17606,19364,9347,10017,4841,2350,2491,
48435,19369,9269,10100,33894,16284,17610,38734,18629,20105,33892,16286,17606,19365,9347,10018,4842,2350,2492,
48440,19372,9271,10101,33898,16284,17614,38741,18633,20108,33896,16289,17607,19368,9348,10020,4842,2350,2492,
48445,19373,9271,10102,33901,16287,17614,38742,18634,20108,33899,16291,17608,19369,9349,10020,4843,2350,2493,
48450,19376,9272,10104,33905,16289,17616,38749,18640,20109,33903,16293,17610,19372,9352,10020,4843,2350,2493,
48455,19377,9272,10105,33908,16291,17617,38750,18641,20109,33906,16294,17612,19373,9352,10021,4844,2350,2494,
48460,19380,9273,10107,33912,16295,17617,38757,18644,20113,33910,16295,17615,19376,9355,10021,4844,2350,2494,
48465,19381,9273,10108,33915,16296,17619,38758,18644,20114,33913,16297,17616,19377,9355,10022,4845,2351,2494,
48470,19384,9273,10111,33919,16299,17620,38765,18647,20118,33917,16301,17616,19380,9356,10024,4845,2351,2494,
48475,19385,9273,10112,33922,16299,17623,38766,18647,20119,33920,16302,17618,19381,9356,10025,4846,2352,2494,
48480,19388,9274,10114,33926,16302,17624,38773,18650,20123,33924,16304,17620,19384,9358,10026,4846,2352,2494,
48485,19389,9275,10114,33929,16302,17627,38774,18651,20123,33927,16304,17623,19385,9359,10026,4847,2352,2495,
48490,19392,9275,10117,33933,16305,17628,38781,18652,20129,33931,16306,17625,19388,9360,10028,4847,2352,2495,
48495,19393,9275,10118,33936,16305,17631,38782,18652,20130,33934,16308,17626,19389,9361,10028,4848,2353,2495,
48500,19396,9276,10120,33940,16307,17633,38789,18658,20131,33938,16309,17629,19392,9362,10030,4848,2353,2495,
48505,19397,9276,10121,33943,16309,17634,38790,18659,20131,33941,16312,17629,19393,9363,10030,4849,2354,2495,
48510,19400,9277,10123,33947,16311,17636,38797,18661,20136,33945,16315,17630,19396,9364,10032,4849,2354,2495,
48515,19401,9277,10124,33950,16313,17637,38798,18662,20136,33948,16315,17633,19397,9365,10032,4850,2355,2495,
48520,19404,9278,10126,33954,16315,17639,38805,18665,20140,33952,16316,17636,19400,9367,10033,4850,2355,2495,
48525,19405,9279,10126,33957,16318,17639,38806,18666,20140,33955,16319,17636,19401,9368,10033,4851,2356,2495,
48530,19408,9282,10126,33961,16320,17641,38813,18669,20144,33959,16321,17638,19404,9368,10036,4851,2356,2495,
48535,19409,9283,10126,33964,16321,17643,38814,18670,20144,33962,16323,17639,19405,9368,10037,4852,2357,2495,
48540,19412,9285,10127,33968,16322,17646,38821,18674,20147,33966,16325,17641,19408,9369,10039,4852,2357,2495,
48545,19413,9286,10127,33971,16324,17647,38822,18675,20147,33969,16327,17642,19409,9370,10039,4853,2357,2496,
48550,19416,9287,10129,33975,16326,17649,38829,18679,20150,33973,16327,17646,19412,9373,10039,4853,2357,2496,
48555,19417,9287,10130,33978,16328,17650,38830,18679,20151,33976,16327,17649,19413,9374,10039,4854,2357,2497,
48560,19420,9289,10131,33982,16330,17652,38837,18682,20155,33980,16328,17652,19416,9375,10041,4854,2357,2497,
48565,19421,9290,10131,33985,16332,17653,38838,18683,20155,33983,16328,17655,19417,9376,10041,4855,2357,2498,
48570,19424,9292,10132,33989,16334,17655,38845,18687,20158,33987,16329,17658,19420,9378,10042,4855,2357,2498,
48575,19425,9293,10132,33992,16337,17655,38846,18688,20158,33990,16330,17660,19421,9379,10042,4856,2357,2499,
48580,19428,9294,10134,33996,16338,17658,38853,18690,20163,33994,16332,17662,19424,9380,10044,4856,2357,2499,
48585,19429,9295,10134,33999,16339,17660,38854,18690,20164,33997,16333,17664,19425,9381,10044,4857,2358,2499,
48590,19432,9298,10134,34003,16340,17663,38861,18691,20170,34001,16335,17666,19428,9384,10044,4857,2358,2499,
48595,19433,9298,10135,34006,16341,17665,38862,18691,20171,34004,16335,17669,19429,9384,10045,4858,2359,2499,
48600,19436,9301,10135,34010,16341,17669,38869,18693,20176,34008,16336,17672,19432,9385,10047,4858,2359,2499,
48605,19437,9301,10136,34013,16342,17671,38870,18694,20176,34011,16337,17674,19433,9386,10047,4859,2360,2499,
48610,19440,9303,10137,34017,16345,17672,38877,18697,20180,34015,16339,17676,19436,9387,10049,4859,2360,2499,
48615,19441,9303,10138,34020,16345,17675,38878,18697,20181,34018,16339,17679,19437,9387,10050,4860,2360,2500,
48620,19444,9304,10140,34024,16347,17677,38885,18699,20186,34022,16341,17681,19440,9389,10051,4860,2360,2500,
48625,19445,9305,10140,34027,16348,17679,38886,18699,20187,34025,16342,17683,19441,9390,10051,4861,2360,2501,
48630,19448,9306,10142,34031,16350,17681,38893,18701,20192,34029,16343,17686,19444,9391,10053,4861,2360,2501,
48635,19449,9307,10142,34034,16350,17684,38894,18702,20192,34032,16344,17688,19445,9392,10053,4862,2361,2501,
48640,19452,9309,10143,34038,16350,17688,38901,18703,20198,34036,16344,17692,19448,9394,10054,4862,2361,2501,
48645,19453,9309,10144,34041,16351,17690,38902,18703,20199,34039,16347,17692,19449,9394,10055,4863,2361,2502,
48650,19456,9310,10146,34045,16352,17693,38909,18704,20205,34043,16348,17695,19452,9395,10057,4863,2361,2502,
48655,19457,9310,10147,34048,16352,17696,38910,18704,20206,34046,16349,17697,19453,9396,10057,4864,2362,2502,
48660,19460,9313,10147,34052,16355,17697,38917,18708,20209,34050,16353,17697,19456,9398,10058,4864,2362,2502,
48665,19461,9314,10147,34055,16355,17700,38918,18709,20209,34053,16354,17699,19457,9399,10058,4865,2363,2502,
48670,19464,9315,10149,34059,16355,17704,38925,18713,20212,34057,16356,17701,19460,9400,10060,4865,2363,2502,
48675,19465,9316,10149,34062,16357,17705,38926,18713,20213,34060,16356,17704,19461,9401,10060,4866,2363,2503,
48680,19468,9317,10151,34066,16358,17708,38933,18718,20215,34064,16357,17707,19464,9403,10061,4866,2363,2503,
48685,19469,9317,10152,34069,16358,17711,38934,18718,20216,34067,16357,17710,19465,9403,10062,4867,2364,2503,
48690,19472,9319,10153,34073,16360,17713,38941,18720,20221,34071,16361,17710,19468,9406,10062,4867,2364,2503,
48695,19473,9319,10154,34076,16361,17715,38942,18721,20221,34074,16363,17711,19469,9407,10062,4868,2364,2504,
48700,19476,9321,10155,34080,16363,17717,38949,18725,20224,34078,16364,17714,19472,9408,10064,4868,2364,2504,
48705,19477,9321,10156,34083,16363,17720,38950,18725,20225,34081,16366,17715,19473,9409,10064,4869,2365,2504,
48710,19480,9323,10157,34087,16366,17721,38957,18728,20229,34085,16368,17717,19476,9411,10065,4869,2365,2504,
48715,19481,9324,10157,34090,16369,17721,38958,18728,20230,34088,16369,17719,19477,9411,10066,4870,2366,2504,
48720,19484,9326,10158,34094,16371,17723,38965,18732,20233,34092,16371,17721,19480,9413,10067,4870,2366,2504,
48725,19485,9327,10158,34097,16372,17725,38966,18732,20234,34095,16372,17723,19481,9414,10067,4871,2366,2505,
48730,19488,9329,10159,34101,16375,17726,38973,18738,20235,34099,16373,17726,19484,9416,10068,4871,2366,2505,
48735,19489,9329,10160,34104,16377,17727,38974,18739,20235,34102,16374,17728,19485,9416,10069,4872,2366,2506,
48740,19492,9331,10161,34108,16379,17729,38981,18743,20238,34106,16374,17732,19488,9416,10072,4872,2366,2506,
48745,19493,9331,10162,34111,16380,17731,38982,18743,20239,34109,16376,17733,19489,9416,10073,4873,2366,2507,
48750,19496,9333,10163,34115,16381,17734,38989,18749,20240,34113,16377,17736,19492,9419,10073,4873,2366,2507,
48755,19497,9333,10164,34118,16382,17736,38990,18749,20241,34116,16377,17739,19493,9420,10073,4874,2367,2507,
48760,19500,9333,10167,34122,16386,17736,38997,18752,20245,34120,16377,17743,19496,9421,10075,4874,2367,2507,
48765,19501,9334,10167,34125,16387,17738,38998,18752,20246,34123,16378,17745,19497,9421,10076,4875,2367,2508,
48770,19504,9335,10169,34129,16390,17739,39005,18756,20249,34127,16378,17749,19500,9421,10079,4875,2367,2508,
48775,19505,9336,10169,34132,16392,17740,39006,18757,20249,34130,16380,17750,19501,9421,10080,4876,2367,2509,
48780,19508,9337,10171,34136,16395,17741,39013,18763,20250,34134,16381,17753,19504,9422,10082,4876,2367,2509,
48785,19509,9338,10171,34139,16396,17743,39014,18763,20251,34137,16384,17753,19505,9422,10083,4877,2368,2509,
48790,19512,9338,10174,34143,16399,17744,39021,18765,20256,34141,16388,17753,19508,9425,10083,4877,2368,2509,
48795,19513,9339,10174,34146,16401,17745,39022,18765,20257,34144,16389,17755,19509,9425,10084,4878,2368,2510,
48800,19516,9341,10175,34150,16403,17747,39029,18769,20260,34148,16391,17757,19512,9427,10085,4878,2368,2510,
48805,19517,9342,10175,34153,16405,17748,39030,18770,20260,34151,16393,17758,19513,9428,10085,4879,2368,2511,
48810,19520,9344,10176,34157,16406,17751,39037,18773,20264,34155,16395,17760,19516,9429,10087,4879,2368,2511,
48815,19521,9344,10177,34160,16406,17754,39038,18773,20265,34158,16396,17762,19517,9429,10088,4880,2369,2511,
48820,19524,9344,10180,34164,16409,17755,39045,18776,20269,34162,16398,17764,19520,9432,10088,4880,2369,2511,
48825,19525,9345,10180,34167,16411,17756,39046,18777,20269,34165,16400,17765,19521,9433,10088,4881,2369,2512,
48830,19528,9347,10181,34171,16414,17757,39053,18780,20273,34169,16403,17766,19524,9433,10091,4881,2369,2512,
48835,19529,9347,10182,34174,16414,17760,39054,18781,20273,34172,16405,17767,19525,9433,10092,4882,2370,2512,
48840,19532,9349,10183,34178,16417,17761,39061,18783,20278,34176,16406,17770,19528,9435,10093,4882,2370,2512,
48845,19533,9349,10184,34181,16419,17762,39062,18783,20279,34179,16407,17772,19529,9436,10093,4883,2371,2512,
48850,19536,9352,10184,34185,16422,17763,39069,18788,20281,34183,16408,17775,19532,9437,10095,4883,2371,2512,
48855,19537,9352,10185,34188,16423,17765,39070,18789,20281,34186,16410,17776,19533,9438,10095,4884,2371,2513,
48860,19540,9353,10187,34192,16424,17768,39077,18793,20284,34190,16411,17779,19536,9438,10098,4884,2371,2513,
48865,19541,9354,10187,34195,16425,17770,39078,18793,20285,34193,16413,17780,19537,9439,10098,4885,2371,2514,
48870,19544,9356,10188,34199,16427,17772,39085,18798,20287,34197,16413,17784,19540,9440,10100,4885,2371,2514,
48875,19545,9356,10189,34202,16429,17773,39086,18798,20288,34200,16414,17786,19541,9440,10101,4886,2372,2514,
48880,19548,9357,10191,34206,16431,17775,39093,18801,20292,34204,16416,17788,19544,9441,10103,4886,2372,2514,
48885,19549,9357,10192,34209,16432,17777,39094,18802,20292,34207,16417,17790,19545,9442,10103,4887,2373,2514,
48890,19552,9358,10194,34213,16433,17780,39101,18806,20295,34211,16421,17790,19548,9443,10105,4887,2373,2514,
48895,19553,9359,10194,34216,16436,17780,39102,18806,20296,34214,16422,17792,19549,9444,10105,4888,2373,2515,
48900,19556,9359,10197,34220,16437,17783,39109,18807,20302,34218,16423,17795,19552,9446,10106,4888,2373,2515,
48905,19557,9360,10197,34223,16438,17785,39110,18807,20303,34221,16424,17797,19553,9446,10107,4889,2373,2516,
48910,19560,9360,10200,34227,16439,17788,39117,18809,20308,34225,16427,17798,19556,9447,10109,4889,2373,2516,
48915,19561,9360,10201,34230,16440,17790,39118,18809,20309,34228,16429,17799,19557,9447,10110,4890,2374,2516,
48920,19564,9362,10202,34234,16441,17793,39125,18813,20312,34232,16432,17800,19560,9447,10113,4890,2374,2516,
48925,19565,9363,10202,34237,16444,17793,39126,18813,20313,34235,16433,17802,19561,9447,10114,4891,2375,2516,
48930,19568,9364,10204,34241,16445,17796,39133,18818,20315,34239,16435,17804,19564,9448,10116,4891,2375,2516,
48935,19569,9365,10204,34244,16447,17797,39134,18819,20315,34242,16437,17805,19565,9449,10116,4892,2375,2517,
48940,19572,9365,10207,34248,16450,17798,39141,18822,20319,34246,16438,17808,19568,9450,10118,4892,2375,2517,
48945,19573,9365,10208,34251,16452,17799,39142,18822,20320,34249,16439,17810,19569,9450,10119,4893,2375,2518,
48950,19576,9365,10211,34255,16456,17799,39149,18827,20322,34253,16441,17812,19572,9453,10119,4893,2375,2518,
48955,19577,9365,10212,34258,16458,17800,39150,18827,20323,34256,16442,17814,19573,9454,10119,4894,2376,2518,
48960,19580,9367,10213,34262,16459,17803,39157,18833,20324,34260,16444,17816,19576,9456,10120,4894,2376,2518,
48965,19581,9367,10214,34265,16460,17805,39158,18834,20324,34263,16446,17817,19577,9456,10121,4895,2376,2519,
48970,19584,9370,10214,34269,16461,17808,39165,18839,20326,34267,16449,17818,19580,9458,10122,4895,2376,2519,
48975,19585,9370,10215,34272,16463,17809,39166,18839,20327,34270,16451,17819,19581,9458,10123,4896,2377,2519,
48980,19588,9373,10215,34276,16466,17810,39173,18844,20329,34274,16455,17819,19584,9459,10125,4896,2377,2519,
48985,19589,9373,10216,34279,16467,17812,39174,18844,20330,34277,16458,17819,19585,9459,10126,4897,2377,2520,
48990,19592,9374,10218,34283,16469,17814,39181,18847,20334,34281,16459,17822,19588,9460,10128,4897,2377,2520,
48995,19593,9374,10219,34286,16470,17816,39182,18848,20334,34284,16461,17823,19589,9461,10128,4898,2378,2520,
49000,19596,9377,10219,34290,16473,17817,39189,18849,20340,34288,16464,17824,19592,9462,10130,4898,2378,2520,
49005,19597,9378,10219,34293,16475,17818,39190,18849,20341,34291,16467,17824,19593,9463,10130,4899,2379,2520,
49010,19600,9381,10219,34297,16476,17821,39197,18850,20347,34295,16469,17826,19596,9465,10131,4899,2379,2520,
49015,19601,9381,10220,34300,16477,17823,39198,18850,20348,34298,16470,17828,19597,9465,10132,4900,2380,2520,
49020,19604,9381,10223,34304,16478,17826,39205,18855,20350,34302,16472,17830,19600,9467,10133,4900,2380,2520,
49025,19605,9381,10224,34307,16481,17826,39206,18856,20350,34305,16474,17831,19601,9468,10133,4901,2380,2521,
49030,19608,9382,10226,34311,16483,17828,39213,18860,20353,34309,16476,17833,19604,9470,10134,4901,2380,2521,
49035,19609,9382,10227,34314,16486,17828,39214,18860,20354,34312,16478,17834,19605,9470,10135,4902,2380,2522,
49040,19612,9385,10227,34318,16488,17830,39221,18864,20357,34316,16480,17836,19608,9471,10137,4902,2380,2522,
49045,19613,9386,10227,34321,16491,17830,39222,18865,20357,34319,16483,17836,19609,9472,10137,4903,2380,2523,
49050,19616,9389,10227,34325,16493,17832,39229,18868,20361,34323,16484,17839,19612,9474,10138,4903,2380,2523,
49055,19617,9389,10228,34328,16495,17833,39230,18869,20361,34326,16485,17841,19613,9474,10139,4904,2381,2523,
49060,19620,9391,10229,34332,16496,17836,39237,18872,20365,34330,16489,17841,19616,9477,10139,4904,2381,2523,
49065,19621,9391,10230,34335,16498,17837,39238,18873,20365,34333,16490,17843,19617,9477,10140,4905,2382,2523,
49070,19624,9392,10232,34339,16499,17840,39245,18879,20366,34337,16493,17844,19620,9479,10141,4905,2382,2523,
49075,19625,9393,10232,34342,16500,17842,39246,18880,20366,34340,16495,17845,19621,9480,10141,4906,2382,2524,
49080,19628,9394,10234,34346,16501,17845,39253,18880,20373,34344,16497,17847,19624,9482,10142,4906,2382,2524,
49085,19629,9395,10234,34349,16503,17846,39254,18880,20374,34347,16498,17849,19625,9482,10143,4907,2382,2525,
49090,19632,9398,10234,34353,16503,17850,39261,18882,20379,34351,16499,17852,19628,9484,10144,4907,2382,2525,
49095,19633,9398,10235,34356,16504,17852,39262,18883,20379,34354,16499,17855,19629,9484,10145,4908,2383,2525,
49100,19636,9400,10236,34360,16507,17853,39269,18886,20383,34358,16502,17856,19632,9486,10146,4908,2383,2525,
49105,19637,9400,10237,34363,16507,17856,39270,18886,20384,34361,16502,17859,19633,9486,10147,4909,2383,2526,
49110,19640,9401,10239,34367,16510,17857,39277,18889,20388,34365,16504,17861,19636,9488,10148,4909,2383,2526,
49115,19641,9401,10240,34370,16513,17857,39278,18890,20388,34368,16505,17863,19637,9488,10149,4910,2384,2526,
49120,19644,9402,10242,34374,16515,17859,39285,18895,20390,34372,16507,17865,19640,9489,10151,4910,2384,2526,
49125,19645,9402,10243,34377,16516,17861,39286,18896,20390,34375,16508,17867,19641,9489,10152,4911,2384,2527,
49130,19648,9405,10243,34381,16519,17862,39293,18901,20392,34379,16509,17870,19644,9489,10155,4911,2384,2527,
49135,19649,9405,10244,34384,16519,17865,39294,18901,20393,34382,16511,17871,19645,9490,10155,4912,2384,2528,
49140,19652,9406,10246,34388,16520,17868,39301,18904,20397,34386,16512,17874,19648,9492,10156,4912,2384,2528,
49145,19653,9406,10247,34391,16522,17869,39302,18904,20398,34389,16514,17875,19649,9493,10156,4913,2384,2529,
49150,19656,9408,10248,34395,16523,17872,39309,18907,20402,34393,16515,17878,19652,9495,10157,4913,2384,2529,
49155,19657,9409,10248,34398,16525,17873,39310,18907,20403,34396,16517,17879,19653,9495,10158,4914,2385,2529,
49160,19660,9410,10250,34402,16527,17875,39317,18911,20406,34400,16521,17879,19656,9496,10160,4914,2385,2529,
49165,19661,9410,10251,34405,16529,17876,39318,18911,20407,34403,16523,17880,19657,9497,10160,4915,2386,2529,
49170,19664,9411,10253,34409,16530,17879,39325,18916,20409,34407,16524,17883,19660,9498,10162,4915,2386,2529,
49175,19665,9412,10253,34412,16530,17882,39326,18916,20410,34410,16525,17885,19661,9498,10163,4916,2386,2530,
49180,19668,9413,10255,34416,16531,17885,39333,18922,20411,34414,16526,17888,19664,9498,10166,4916,2386,2530,
49185,19669,9413,10256,34419,16533,17886,39334,18923,20411,34417,16527,17890,19665,9498,10167,4917,2386,2531,
49190,19672,9414,10258,34423,16534,17889,39341,18927,20414,34421,16529,17892,19668,9500,10168,4917,2386,2531,
49195,19673,9414,10259,34426,16535,17891,39342,18928,20414,34424,16531,17893,19669,9500,10169,4918,2386,2532,
49200,19676,9415,10261,34430,16536,17894,39349,18932,20417,34428,16533,17895,19672,9501,10171,4918,2386,2532,
49205,19677,9415,10262,34433,16538,17895,39350,18932,20418,34431,16536,17895,19673,9502,10171,4919,2387,2532,
49210,19680,9416,10264,34437,16541,17896,39357,18935,20422,34435,16538,17897,19676,9503,10173,4919,2387,2532,
49215,19681,9417,10264,34440,16542,17898,39358,18935,20423,34438,16538,17900,19677,9503,10174,4920,2388,2532,
49220,19684,9419,10265,34444,16544,17900,39365,18938,20427,34442,16541,17901,19680,9505,10175,4920,2388,2532,
49225,19685,9420,10265,34447,16545,17902,39366,18939,20427,34445,16543,17902,19681,9506,10175,4921,2388,2533,
49230,19688,9421,10267,34451,16548,17903,39373,18943,20430,34449,16546,17903,19684,9508,10176,4921,2388,2533,
49235,19689,9421,10268,34454,16549,17905,39374,18944,20430,34452,16548,17904,19685,9508,10177,4922,2388,2534,
49240,19692,9423,10269,34458,16552,17906,39381,18949,20432,34456,16551,17905,19688,9509,10179,4922,2388,2534,
49245,19693,9423,10270,34461,16554,17907,39382,18949,20433,34459,16551,17908,19689,9509,10180,4923,2388,2535,
49250,19696,9425,10271,34465,16557,17908,39389,18952,20437,34463,16555,17908,19692,9511,10181,4923,2388,2535,
49255,19697,9425,10272,34468,16558,17910,39390,18952,20438,34466,16555,17911,19693,9512,10181,4924,2388,2536,
49260,19700,9427,10273,34472,16559,17913,39397,18957,20440,34470,16559,17911,19696,9513,10183,4924,2388,2536,
49265,19701,9428,10273,34475,16559,17916,39398,18958,20440,34473,16561,17912,19697,9514,10183,4925,2389,2536,
49270,19704,9428,10276,34479,16561,17918,39405,18960,20445,34477,16563,17914,19700,9516,10184,4925,2389,2536,
49275,19705,9429,10276,34482,16563,17919,39406,18961,20445,34480,16566,17914,19701,9516,10185,4926,2389,2537,
49280,19708,9430,10278,34486,16563,17923,39413,18965,20448,34484,16568,17916,19704,9518,10186,4926,2389,2537,
49285,19709,9431,10278,34489,16566,17923,39414,18965,20449,34487,16569,17918,19705,9518,10187,4927,2389,2538,
49290,19712,9432,10280,34493,16568,17925,39421,18969,20452,34491,16572,17919,19708,9520,10188,4927,2389,2538,
49295,19713,9432,10281,34496,16569,17927,39422,18970,20452,34494,16574,17920,19709,9521,10188,4928,2389,2539,
49300,19716,9433,10283,34500,16570,17930,39429,18973,20456,34498,16577,17921,19712,9521,10191,4928,2389,2539,
49305,19717,9434,10283,34503,16571,17932,39430,18974,20456,34501,16579,17922,19713,9522,10191,4929,2389,2540,
49310,19720,9435,10285,34507,16574,17933,39437,18975,20462,34505,16580,17925,19716,9523,10193,4929,2389,2540,
49315,19721,9436,10285,34510,16574,17936,39438,18975,20463,34508,16583,17925,19717,9524,10193,4930,2389,2541,
49320,19724,9437,10287,34514,16577,17937,39445,18979,20466,34512,16586,17926,19720,9526,10194,4930,2389,2541,
49325,19725,9437,10288,34517,16578,17939,39446,18979,20467,34515,16587,17928,19721,9526,10195,4931,2390,2541,
49330,19728,9439,10289,34521,16581,17940,39453,18982,20471,34519,16589,17930,19724,9527,10197,4931,2390,2541,
49335,19729,9440,10289,34524,16582,17942,39454,18983,20471,34522,16589,17933,19725,9528,10197,4932,2390,2542,
49340,19732,9441,10291,34528,16586,17942,39461,18986,20475,34526,16592,17934,19728,9530,10198,4932,2390,2542,
49345,19733,9441,10292,34531,16587,17944,39462,18987,20475,34529,16593,17936,19729,9530,10199,4933,2391,2542,
49350,19736,9443,10293,34535,16589,17946,39469,18991,20478,34533,16596,17937,19732,9533,10199,4933,2391,2542,
49355,19737,9443,10294,34538,16590,17948,39470,18991,20479,34536,16598,17938,19733,9533,10200,4934,2392,2542,
49360,19740,9444,10296,34542,16591,17951,39477,18993,20484,34540,16599,17941,19736,9534,10202,4934,2392,2542,
49365,19741,9444,10297,34545,16592,17953,39478,18993,20485,34543,16600,17943,19737,9534,10203,4935,2393,2542,
49370,19744,9446,10298,34549,16593,17956,39485,18997,20488,34547,16601,17946,19740,9535,10205,4935,2393,2542,
49375,19745,9447,10298,34552,16595,17957,39486,18997,20489,34550,16602,17948,19741,9536,10205,4936,2393,2543,
49380,19748,9449,10299,34556,16597,17959,39493,18999,20494,34554,16603,17951,19744,9537,10207,4936,2393,2543,
49385,19749,9449,10300,34559,16598,17961,39494,19000,20494,34557,16606,17951,19745,9538,10207,4937,2393,2544,
49390,19752,9450,10302,34563,16599,17964,39501,19004,20497,34561,16607,17954,19748,9538,10210,4937,2393,2544,
49395,19753,9451,10302,34566,16602,17964,39502,19005,20497,34564,16609,17955,19749,9539,10210,4938,2393,2545,
49400,19756,9451,10305,34570,16604,17966,39509,19009,20500,34568,16610,17958,19752,9540,10212,4938,2393,2545,
49405,19757,9452,10305,34573,16606,17967,39510,19010,20500,34571,16612,17959,19753,9541,10212,4939,2394,2545,
49410,19760,9452,10308,34577,16607,17970,39517,19012,20505,34575,16613,17962,19756,9544,10212,4939,2394,2545,
49415,19761,9452,10309,34580,16608,17972,39518,19012,20506,34578,16614,17964,19757,9544,10213,4940,2395,2545,
49420,19764,9454,10310,34584,16609,17975,39525,19018,20507,34582,16614,17968,19760,9545,10215,4940,2395,2545,
49425,19765,9455,10310,34587,16611,17976,39526,19018,20508,34585,16616,17969,19761,9545,10216,4941,2395,2546,
49430,19768,9458,10310,34591,16611,17980,39533,19023,20510,34589,16618,17971,19764,9547,10217,4941,2395,2546,
49435,19769,9459,10310,34594,16612,17982,39534,19023,20511,34592,16619,17973,19765,9548,10217,4942,2395,2547,
49440,19772,9460,10312,34598,16613,17985,39541,19025,20516,34596,16621,17975,19768,9550,10218,4942,2395,2547,
49445,19773,9461,10312,34601,16615,17986,39542,19026,20516,34599,16623,17976,19769,9551,10218,4943,2395,2548,
49450,19776,9461,10315,34605,16617,17988,39549,19030,20519,34603,16626,17977,19772,9553,10219,4943,2395,2548,
49455,19777,9461,10316,34608,16619,17989,39550,19030,20520,34606,16627,17979,19773,9553,10220,4944,2395,2549,
49460,19780,9462,10318,34612,16622,17990,39557,19035,20522,34610,16628,17982,19776,9553,10223,4944,2395,2549,
49465,19781,9462,10319,34615,16622,17993,39558,19036,20522,34613,16629,17984,19777,9553,10224,4945,2395,2550,
49470,19784,9462,10322,34619,16625,17994,39565,19040,20525,34617,16630,17987,19780,9555,10225,4945,2395,2550,
49475,19785,9463,10322,34622,16625,17997,39566,19040,20526,34620,16631,17989,19781,9556,10225,4946,2396,2550,
49480,19788,9463,10325,34626,16627,17999,39573,19043,20530,34624,16634,17990,19784,9556,10228,4946,2396,2550,
49485,19789,9464,10325,34629,16627,18002,39574,19043,20531,34627,16635,17992,19785,9557,10228,4947,2396,2551,
49490,19792,9466,10326,34633,16627,18006,39581,19048,20533,34631,16637,17994,19788,9558,10230,4947,2396,2551,
49495,19793,9467,10326,34636,16629,18007,39582,19048,20534,34634,16637,17997,19789,9558,10231,4948,2396,2552,
49500,19796,9469,10327,34640,16631,18009,39589,19049,20540,34638,16639,17999,19792,9560,10232,4948,2396,2552,
49505,19797,9469,10328,34643,16632,18011,39590,19049,20541,34641,16641,18000,19793,9561,10232,4949,2397,2552,
49510,19800,9470,10330,34647,16634,18013,39597,19052,20545,34645,16644,18001,19796,9563,10233,4949,2397,2552,
49515,19801,9471,10330,34650,16636,18014,39598,19052,20546,34648,16645,18003,19797,9564,10233,4950,2398,2552,
49520,19804,9472,10332,34654,16637,18017,39605,19053,20552,34652,16646,18006,19800,9565,10235,4950,2398,2552,
49525,19805,9473,10332,34657,16639,18018,39606,19053,20553,34655,16647,18008,19801,9565,10236,4951,2398,2553,
49530,19808,9475,10333,34661,16641,18020,39613,19056,20557,34659,16648,18011,19804,9567,10237,4951,2398,2553,
49535,19809,9475,10334,34664,16641,18023,39614,19056,20558,34662,16649,18013,19805,9568,10237,4952,2398,2554,
49540,19812,9477,10335,34668,16641,18027,39621,19062,20559,34666,16652,18014,19808,9569,10239,4952,2398,2554,
49545,19813,9478,10335,34671,16642,18029,39622,19063,20559,34669,16653,18016,19809,9569,10240,4953,2399,2554,
49550,19816,9479,10337,34675,16643,18032,39629,19067,20562,34673,16656,18017,19812,9569,10243,4953,2399,2554,
49555,19817,9480,10337,34678,16644,18034,39630,19068,20562,34676,16658,18018,19813,9569,10244,4954,2399,2555,
49560,19820,9483,10337,34682,16647,18035,39637,19072,20565,34680,16661,18019,19816,9569,10247,4954,2399,2555,
49565,19821,9484,10337,34685,16650,18035,39638,19073,20565,34683,16664,18019,19817,9569,10248,4955,2399,2556,
49570,19824,9487,10337,34689,16651,18038,39645,19075,20570,34687,16666,18021,19820,9569,10251,4955,2399,2556,
49575,19825,9488,10337,34692,16652,18040,39646,19075,20571,34690,16667,18023,19821,9570,10251,4956,2399,2557,
49580,19828,9488,10340,34696,16655,18041,39653,19079,20574,34694,16668,18026,19824,9572,10252,4956,2399,2557,
49585,19829,9489,10340,34699,16657,18042,39654,19080,20574,34697,16669,18028,19825,9573,10252,4957,2399,2558,
49590,19832,9489,10343,34703,16657,18046,39661,19083,20578,34701,16671,18030,19828,9575,10253,4957,2399,2558,
49595,19833,9489,10344,34706,16659,18047,39662,19083,20579,34704,16672,18032,19829,9575,10254,4958,2400,2558,
49600,19836,9490,10346,34710,16661,18049,39669,19086,20583,34708,16674,18034,19832,9575,10257,4958,2400,2558,
49605,19837,9491,10346,34713,16664,18049,39670,19086,20584,34711,16677,18034,19833,9575,10258,4959,2401,2558,
49610,19840,9492,10348,34717,16664,18053,39677,19090,20587,34715,16680,18035,19836,9577,10259,4959,2401,2558,
49615,19841,9493,10348,34720,16667,18053,39678,19091,20587,34718,16682,18036,19837,9578,10259,4960,2402,2558,
49620,19844,9494,10350,34724,16669,18055,39685,19094,20591,34722,16683,18039,19840,9580,10260,4960,2402,2558,
49625,19845,9494,10351,34727,16671,18056,39686,19094,20592,34725,16684,18041,19841,9580,10261,4961,2402,2559,
49630,19848,9494,10354,34731,16673,18058,39693,19097,20596,34729,16685,18044,19844,9581,10263,4961,2402,2559,
49635,19849,9495,10354,34734,16675,18059,39694,19097,20597,34732,16687,18045,19845,9582,10263,4962,2403,2559,
49640,19852,9497,10355,34738,16676,18062,39701,19097,20604,34736,16690,18046,19848,9583,10265,4962,2403,2559,
49645,19853,9497,10356,34741,16678,18063,39702,19098,20604,34739,16690,18049,19849,9583,10266,4963,2404,2559,
49650,19856,9498,10358,34745,16678,18067,39709,19102,20607,34743,16692,18051,19852,9584,10268,4963,2404,2559,
49655,19857,9499,10358,34748,16680,18068,39710,19102,20608,34746,16695,18051,19853,9584,10269,4964,2405,2559,
49660,19860,9500,10360,34752,16683,18069,39717,19106,20611,34750,16696,18054,19856,9585,10271,4964,2405,2559,
49665,19861,9501,10360,34755,16685,18070,39718,19106,20612,34753,16697,18056,19857,9586,10271,4965,2406,2559,
49670,19864,9501,10363,34759,16685,18074,39725,19112,20613,34757,16698,18059,19860,9588,10272,4965,2406,2559,
49675,19865,9501,10364,34762,16685,18077,39726,19112,20614,34760,16698,18062,19861,9589,10272,4966,2407,2559,
49680,19868,9501,10367,34766,16686,18080,39733,19115,20618,34764,16699,18065,19864,9591,10273,4966,2407,2559,
49685,19869,9501,10368,34769,16687,18082,39734,19116,20618,34767,16699,18068,19865,9591,10274,4967,2407,2560,
49690,19872,9502,10370,34773,16691,18082,39741,19119,20622,34771,16701,18070,19868,9593,10275,4967,2407,2560,
49695,19873,9502,10371,34776,16692,18084,39742,19120,20622,34774,16701,18073,19869,9594,10275,4968,2408,2560,
49700,19876,9503,10373,34780,16694,18086,39749,19124,20625,34778,16704,18074,19872,9595,10277,4968,2408,2560,
49705,19877,9504,10373,34783,16696,18087,39750,19125,20625,34781,16704,18077,19873,9595,10278,4969,2409,2560,
49710,19880,9507,10373,34787,16697,18090,39757,19128,20629,34785,16704,18081,19876,9597,10279,4969,2409,2560,
49715,19881,9507,10374,34790,16699,18091,39758,19128,20630,34788,16705,18083,19877,9598,10279,4970,2409,2561,
49720,19884,9508,10376,34794,16701,18093,39765,19133,20632,34792,16707,18085,19880,9599,10281,4970,2409,2561,
49725,19885,9509,10376,34797,16702,18095,39766,19133,20633,34795,16709,18086,19881,9600,10281,4971,2409,2562,
49730,19888,9510,10378,34801,16703,18098,39773,19135,20638,34799,16709,18090,19884,9602,10282,4971,2409,2562,
49735,19889,9511,10378,34804,16705,18099,39774,19135,20639,34802,16710,18092,19885,9603,10282,4972,2410,2562,
49740,19892,9513,10379,34808,16706,18102,39781,19139,20642,34806,16710,18096,19888,9604,10284,4972,2410,2562,
49745,19893,9514,10379,34811,16708,18103,39782,19140,20642,34809,16711,18098,19889,9605,10284,4973,2410,2563,
49750,19896,9515,10381,34815,16710,18105,39789,19143,20646,34813,16715,18098,19892,9606,10286,4973,2410,2563,
49755,19897,9515,10382,34818,16711,18107,39790,19144,20646,34816,16716,18100,19893,9606,10287,4974,2410,2564,
49760,19900,9515,10385,34822,16713,18109,39797,19145,20652,34820,16719,18101,19896,9606,10290,4974,2410,2564,
49765,19901,9516,10385,34825,16714,18111,39798,19146,20652,34823,16721,18102,19897,9607,10290,4975,2411,2564,
49770,19904,9517,10387,34829,16717,18112,39805,19148,20657,34827,16722,18105,19900,9609,10291,4975,2411,2564,
49775,19905,9517,10388,34832,16720,18112,39806,19149,20657,34830,16722,18108,19901,9609,10292,4976,2412,2564,
49780,19908,9517,10391,34836,16721,18115,39813,19154,20659,34834,16724,18110,19904,9610,10294,4976,2412,2564,
49785,19909,9518,10391,34839,16722,18117,39814,19155,20659,34837,16726,18111,19905,9610,10295,4977,2412,2565,
49790,19912,9520,10392,34843,16725,18118,39821,19159,20662,34841,16729,18112,19908,9612,10296,4977,2412,2565,
49795,19913,9520,10393,34846,16727,18119,39822,19160,20662,34844,16731,18113,19909,9613,10296,4978,2412,2566,
49800,19916,9522,10394,34850,16731,18119,39829,19164,20665,34848,16732,18116,19912,9615,10297,4978,2412,2566,
49805,19917,9522,10395,34853,16733,18120,39830,19164,20666,34851,16733,18118,19913,9616,10297,4979,2413,2566,
49810,19920,9524,10396,34857,16735,18122,39837,19167,20670,34855,16733,18122,19916,9619,10297,4979,2413,2566,
49815,19921,9525,10396,34860,16736,18124,39838,19167,20671,34858,16733,18125,19917,9620,10297,4980,2414,2566,
49820,19924,9528,10396,34864,16736,18128,39845,19168,20677,34862,16736,18126,19920,9621,10299,4980,2414,2566,
49825,19925,9528,10397,34867,16737,18130,39846,19169,20677,34865,16738,18127,19921,9622,10299,4981,2415,2566,
49830,19928,9529,10399,34871,16738,18133,39853,19171,20682,34869,16739,18130,19924,9624,10300,4981,2415,2566,
49835,19929,9529,10400,34874,16739,18135,39854,19172,20682,34872,16742,18130,19925,9624,10301,4982,2415,2567,
49840,19932,9530,10402,34878,16740,18138,39861,19175,20686,34876,16745,18131,19928,9625,10303,4982,2415,2567,
49845,19933,9530,10403,34881,16741,18140,39862,19175,20687,34879,16746,18133,19929,9626,10303,4983,2416,2567,
49850,19936,9532,10404,34885,16744,18141,39869,19179,20690,34883,16747,18136,19932,9627,10305,4983,2416,2567,
49855,19937,9532,10405,34888,16746,18142,39870,19180,20690,34886,16748,18138,19933,9628,10305,4984,2417,2567,
49860,19940,9535,10405,34892,16748,18144,39877,19183,20694,34890,16749,18141,19936,9629,10307,4984,2417,2567,
49865,19941,9536,10405,34895,16749,18146,39878,19183,20695,34893,16750,18143,19937,9630,10307,4985,2417,2568,
49870,19944,9537,10407,34899,16752,18147,39885,19186,20699,34897,16750,18147,19940,9632,10308,4985,2417,2568,
49875,19945,9537,10408,34902,16753,18149,39886,19187,20699,34900,16751,18149,19941,9632,10309,4986,2418,2568,
49880,19948,9538,10410,34906,16754,18152,39893,19191,20702,34904,16751,18153,19944,9633,10311,4986,2418,2568,
49885,19949,9539,10410,34909,16756,18153,39894,19191,20703,34907,16753,18154,19945,9634,10311,4987,2418,2569,
49890,19952,9542,10410,34913,16758,18155,39901,19194,20707,34911,16756,18155,19948,9635,10313,4987,2418,2569,
49895,19953,9543,10410,34916,16761,18155,39902,19194,20708,34914,16758,18156,19949,9636,10313,4988,2418,2570,
49900,19956,9544,10412,34920,16763,18157,39909,19194,20715,34918,16760,18158,19952,9638,10314,4988,2418,2570,
49905,19957,9544,10413,34923,16765,18158,39910,19195,20715,34921,16761,18160,19953,9638,10315,4989,2419,2570,
49910,19960,9546,10414,34927,16767,18160,39917,19200,20717,34925,16762,18163,19956,9641,10315,4989,2419,2570,
49915,19961,9547,10414,34930,16767,18163,39918,19201,20717,34928,16764,18164,19957,9641,10316,4990,2420,2570,
49920,19964,9549,10415,34934,16769,18165,39925,19205,20720,34932,16765,18167,19960,9644,10316,4990,2420,2570,
49925,19965,9549,10416,34937,16771,18166,39926,19206,20720,34935,16766,18169,19961,9645,10316,4991,2421,2570,
49930,19968,9550,10418,34941,16774,18167,39933,19209,20724,34939,16767,18172,19964,9646,10318,4991,2421,2570,
49935,19969,9550,10419,34944,16775,18169,39934,19210,20724,34942,16767,18175,19965,9646,10319,4992,2421,2571,
49940,19972,9551,10421,34948,16775,18173,39941,19213,20728,34946,16768,18178,19968,9646,10322,4992,2421,2571,
49945,19973,9552,10421,34951,16775,18176,39942,19213,20729,34949,16769,18180,19969,9646,10323,4993,2422,2571,
49950,19976,9553,10423,34955,16777,18178,39949,19218,20731,34953,16771,18182,19972,9647,10325,4993,2422,2571,
49955,19977,9553,10424,34958,16778,18180,39950,19219,20731,34956,16772,18184,19973,9648,10325,4994,2422,2572,
49960,19980,9554,10426,34962,16780,18182,39957,19223,20734,34960,16773,18187,19976,9648,10328,4994,2422,2572,
49965,19981,9555,10426,34965,16782,18183,39958,19223,20735,34963,16774,18189,19977,9649,10328,4995,2423,2572,
49970,19984,9557,10427,34969,16785,18184,39965,19228,20737,34967,16775,18192,19980,9651,10329,4995,2423,2572,
49975,19985,9557,10428,34972,16786,18186,39966,19229,20737,34970,16775,18195,19981,9652,10329,4996,2424,2572,
49980,19988,9559,10429,34976,16789,18187,39973,19231,20742,34974,16776,18198,19984,9653,10331,4996,2424,2572,
49985,19989,9559,10430,34979,16791,18188,39974,19232,20742,34977,16779,18198,19985,9653,10332,4997,2424,2573,
49990,19992,9559,10433,34983,16792,18191,39981,19234,20747,34981,16783,18198,19988,9654,10334,4997,2424,2573,
49995,19993,9559,10434,34986,16793,18193,39982,19235,20747,34984,16783,18201,19989,9655,10334,4998,2425,2573,
50000,19996,9562,10434,34990,16796,18194,39989,19236,20753,34988,16785,18203,19992,9656,10336,4998,2425,2573,
50005,19997,9562,10435,34993,16796,18197,39990,19237,20753,34991,16787,18204,19993,9656,10337,4999,2426,2573,
50010,20000,9564,10436,34997,16798,18199,39997,19241,20756,34995,16789,18206,19996,9657,10339,4999,2426,2573,
50015,20001,9564,10437,35000,16800,18200,39998,19241,20757,34998,16790,18208,19997,9658,10339,5000,2426,2574,
50020,20004,9564,10440,35004,16802,18202,40005,19244,20761,35002,16791,18211,20000,9659,10341,5000,2426,2574,
50025,20005,9564,10441,35007,16804,18203,40006,19245,20761,35005,16793,18212,20001,9659,10342,5001,2427,2574,
50030,20008,9565,10443,35011,16806,18205,40013,19248,20765,35009,16794,18215,20004,9660,10344,5001,2427,2574,
50035,20009,9565,10444,35014,16807,18207,40014,19249,20765,35012,16795,18217,20005,9661,10344,5002,2428,2574,
50040,20012,9567,10445,35018,16807,18211,40021,19252,20769,35016,16796,18220,20008,9661,10347,5002,2428,2574,
50045,20013,9567,10446,35021,16808,18213,40022,19252,20770,35019,16798,18221,20009,9661,10348,5003,2428,2575,
50050,20016,9568,10448,35025,16810,18215,40029,19254,20775,35023,16801,18222,20012,9662,10350,5003,2428,2575,
50055,20017,9568,10449,35028,16813,18215,40030,19254,20776,35026,16804,18222,20013,9663,10350,5004,2429,2575,
50060,20020,9569,10451,35032,16815,18217,40037,19258,20779,35030,16806,18224,20016,9664,10352,5004,2429,2575,
50065,20021,9569,10452,35035,16816,18219,40038,19259,20779,35033,16807,18226,20017,9665,10352,5005,2430,2575,
50070,20024,9570,10454,35039,16819,18220,40045,19262,20783,35037,16808,18229,20020,9667,10353,5005,2430,2575,
50075,20025,9570,10455,35042,16820,18222,40046,19262,20784,35040,16809,18231,20021,9668,10353,5006,2431,2575,
50080,20028,9572,10456,35046,16823,18223,40053,19264,20789,35044,16810,18234,20024,9670,10354,5006,2431,2575,
50085,20029,9572,10457,35049,16825,18224,40054,19265,20789,35047,16811,18236,20025,9671,10354,5007,2431,2576,
50090,20032,9575,10457,35053,16828,18225,40061,19269,20792,35051,16813,18238,20028,9672,10356,5007,2431,2576,
50095,20033,9575,10458,35056,16830,18226,40062,19269,20793,35054,16815,18239,20029,9672,10357,5008,2431,2577,
50100,20036,9576,10460,35060,16831,18229,40069,19271,20798,35058,16816,18242,20032,9673,10359,5008,2431,2577,
50105,20037,9576,10461,35063,16831,18232,40070,19272,20798,35061,16817,18244,20033,9674,10359,5009,2432,2577,
50110,20040,9577,10463,35067,16834,18233,40077,19276,20801,35065,16821,18244,20036,9675,10361,5009,2432,2577,
50115,20041,9578,10463,35070,16836,18234,40078,19277,20801,35068,16822,18246,20037,9675,10362,5010,2432,2578,
50120,20044,9580,10464,35074,16838,18236,40085,19281,20804,35072,16825,18247,20040,9677,10363,5010,2432,2578,
50125,20045,9580,10465,35077,16840,18237,40086,19281,20805,35075,16825,18250,20041,9677,10364,5011,2433,2578,
50130,20048,9581,10467,35081,16841,18240,40093,19285,20808,35079,16826,18253,20044,9679,10365,5011,2433,2578,
50135,20049,9582,10467,35084,16843,18241,40094,19285,20809,35082,16828,18254,20045,9679,10366,5012,2434,2578,
50140,20052,9585,10467,35088,16844,18244,40101,19287,20814,35086,16831,18255,20048,9680,10368,5012,2434,2578,
50145,20053,9586,10467,35091,16845,18246,40102,19287,20815,35089,16833,18256,20049,9681,10368,5013,2435,2578,
50150,20056,9588,10468,35095,16847,18248,40109,19289,20820,35093,16835,18258,20052,9682,10370,5013,2435,2578,
50155,20057,9589,10468,35098,16849,18249,40110,19289,20821,35096,16838,18258,20053,9683,10370,5014,2435,2579,
50160,20060,9589,10471,35102,16853,18249,40117,19294,20823,35100,16840,18260,20056,9684,10372,5014,2435,2579,
50165,20061,9589,10472,35105,16855,18250,40118,19295,20823,35103,16843,18260,20057,9685,10372,5015,2436,2579,
50170,20064,9591,10473,35109,16857,18252,40125,19299,20826,35107,16846,18261,20060,9687,10373,5015,2436,2579,
50175,20065,9592,10473,35112,16860,18252,40126,19300,20826,35110,16847,18263,20061,9687,10374,5016,2436,2580,
50180,20068,9593,10475,35116,16861,18255,40133,19301,20832,35114,16848,18266,20064,9688,10376,5016,2436,2580,
50185,20069,9594,10475,35119,16862,18257,40134,19301,20833,35117,16848,18269,20065,9689,10376,5017,2437,2580,
50190,20072,9596,10476,35123,16865,18258,40141,19304,20837,35121,16849,18272,20068,9690,10378,5017,2437,2580,
50195,20073,9597,10476,35126,16866,18260,40142,19304,20838,35124,16851,18273,20069,9691,10378,5018,2437,2581,
50200,20076,9600,10476,35130,16868,18262,40149,19308,20841,35128,16853,18275,20072,9693,10379,5018,2437,2581,
50205,20077,9601,10476,35133,16870,18263,40150,19308,20842,35131,16854,18277,20073,9694,10379,5019,2438,2581,
50210,20080,9601,10479,35137,16873,18264,40157,19313,20844,35135,16855,18280,20076,9695,10381,5019,2438,2581,
50215,20081,9602,10479,35140,16875,18265,40158,19313,20845,35138,16857,18281,20077,9696,10381,5020,2438,2582,
50220,20084,9602,10482,35144,16878,18266,40165,19315,20850,35142,16859,18283,20080,9697,10383,5020,2438,2582,
50225,20085,9603,10482,35147,16879,18268,40166,19315,20851,35145,16860,18285,20081,9698,10383,5021,2438,2583,
50230,20088,9606,10482,35151,16882,18269,40173,19319,20854,35149,16861,18288,20084,9699,10385,5021,2438,2583,
50235,20089,9607,10482,35154,16883,18271,40174,19320,20854,35152,16862,18290,20085,9699,10386,5022,2439,2583,
50240,20092,9608,10484,35158,16884,18274,40181,19322,20859,35156,16862,18294,20088,9701,10387,5022,2439,2583,
50245,20093,9608,10485,35161,16885,18276,40182,19322,20860,35159,16863,18296,20089,9701,10388,5023,2440,2583,
50250,20096,9609,10487,35165,16888,18277,40189,19325,20864,35163,16866,18297,20092,9702,10390,5023,2440,2583,
50255,20097,9609,10488,35168,16891,18277,40190,19325,20865,35166,16867,18299,20093,9702,10391,5024,2441,2583,
50260,20100,9612,10488,35172,16892,18280,40197,19329,20868,35170,16867,18303,20096,9704,10392,5024,2441,2583,
50265,20101,9612,10489,35175,16892,18283,40198,19330,20868,35173,16869,18304,20097,9704,10393,5025,2441,2584,
50270,20104,9613,10491,35179,16895,18284,40205,19332,20873,35177,16871,18306,20100,9705,10395,5025,2441,2584,
50275,20105,9613,10492,35182,16897,18285,40206,19332,20874,35180,16873,18307,20101,9706,10395,5026,2442,2584,
50280,20108,9614,10494,35186,16900,18286,40213,19334,20879,35184,16875,18309,20104,9707,10397,5026,2442,2584,
50285,20109,9614,10495,35189,16901,18288,40214,19334,20880,35187,16876,18311,20105,9707,10398,5027,2442,2585,
50290,20112,9616,10496,35193,16904,18289,40221,19339,20882,35191,16878,18313,20108,9709,10399,5027,2442,2585,
50295,20113,9616,10497,35196,16905,18291,40222,19340,20882,35194,16879,18315,20109,9710,10399,5028,2443,2585,
50300,20116,9618,10498,35200,16908,18292,40229,19346,20883,35198,16881,18317,20112,9713,10399,5028,2443,2585,
50305,20117,9618,10499,35203,16909,18294,40230,19346,20884,35201,16883,18318,20113,9713,10400,5029,2443,2586,
50310,20120,9619,10501,35207,16911,18296,40237,19350,20887,35205,16884,18321,20116,9715,10401,5029,2443,2586,
50315,20121,9620,10501,35210,16912,18298,40238,19350,20888,35208,16886,18322,20117,9715,10402,5030,2444,2586,
50320,20124,9621,10503,35214,16915,18299,40245,19354,20891,35212,16887,18325,20120,9716,10404,5030,2444,2586,
50325,20125,9622,10503,35217,16917,18300,40246,19354,20892,35215,16888,18327,20121,9716,10405,5031,2445,2586,
50330,20128,9624,10504,35221,16920,18301,40253,19360,20893,35219,16892,18327,20124,9717,10407,5031,2445,2586,
50335,20129,9624,10505,35224,16921,18303,40254,19360,20894,35222,16894,18328,20125,9718,10407,5032,2445,2587,
50340,20132,9626,10506,35228,16922,18306,40261,19366,20895,35226,16894,18332,20128,9719,10409,5032,2445,2587,
50345,20133,9627,10506,35231,16924,18307,40262,19367,20895,35229,16895,18334,20129,9719,10410,5033,2446,2587,
50350,20136,9629,10507,35235,16926,18309,40269,19371,20898,35233,16898,18335,20132,9722,10410,5033,2446,2587,
50355,20137,9630,10507,35238,16927,18311,40270,19371,20899,35236,16899,18337,20133,9722,10411,5034,2446,2588,
50360,20140,9633,10507,35242,16929,18313,40277,19376,20901,35240,16900,18340,20136,9723,10413,5034,2446,2588,
50365,20141,9634,10507,35245,16930,18315,40278,19377,20901,35243,16901,18342,20137,9724,10413,5035,2447,2588,
50370,20144,9635,10509,35249,16931,18318,40285,19380,20905,35247,16904,18343,20140,9726,10414,5035,2447,2588,
50375,20145,9635,10510,35252,16933,18319,40286,19381,20905,35250,16906,18344,20141,9726,10415,5036,2448,2588,
50380,20148,9635,10513,35256,16935,18321,40293,19385,20908,35254,16910,18344,20144,9728,10416,5036,2448,2588,
50385,20149,9636,10513,35259,16936,18323,40294,19386,20908,35257,16911,18346,20145,9728,10417,5037,2448,2589,
50390,20152,9636,10516,35263,16937,18326,40301,19389,20912,35261,16912,18349,20148,9728,10420,5037,2448,2589,
50395,20153,9637,10516,35266,16938,18328,40302,19390,20912,35264,16914,18350,20149,9728,10421,5038,2449,2589,
50400,20156,9638,10518,35270,16941,18329,40309,19392,20917,35268,16917,18351,20152,9729,10423,5038,2449,2589,
50405,20157,9639,10518,35273,16943,18330,40310,19392,20918,35271,16919,18352,20153,9730,10423,5039,2449,2590,
50410,20160,9640,10520,35277,16945,18332,40317,19398,20919,35275,16920,18355,20156,9730,10426,5039,2449,2590,
50415,20161,9641,10520,35280,16946,18334,40318,19398,20920,35278,16922,18356,20157,9730,10427,5040,2449,2591,
50420,20164,9643,10521,35284,16947,18337,40325,19401,20924,35282,16925,18357,20160,9731,10429,5040,2449,2591,
50425,20165,9644,10521,35287,16948,18339,40326,19401,20925,35285,16925,18360,20161,9732,10429,5041,2449,2592,
50430,20168,9647,10521,35291,16950,18341,40333,19404,20929,35289,16926,18363,20164,9734,10430,5041,2449,2592,
50435,20169,9648,10521,35294,16951,18343,40334,19404,20930,35292,16927,18365,20165,9734,10431,5042,2450,2592,
50440,20172,9650,10522,35298,16952,18346,40341,19408,20933,35296,16930,18366,20168,9735,10433,5042,2450,2592,
50445,20173,9650,10523,35301,16954,18347,40342,19409,20933,35299,16930,18369,20169,9736,10433,5043,2451,2592,
50450,20176,9651,10525,35305,16956,18349,40349,19413,20936,35303,16932,18371,20172,9737,10435,5043,2451,2592,
50455,20177,9651,10526,35308,16957,18351,40350,19413,20937,35306,16933,18373,20173,9737,10436,5044,2451,2593,
50460,20180,9653,10527,35312,16959,18353,40357,19418,20939,35310,16934,18376,20176,9738,10438,5044,2451,2593,
50465,20181,9653,10528,35315,16960,18355,40358,19419,20939,35313,16935,18378,20177,9738,10439,5045,2451,2594,
50470,20184,9653,10531,35319,16963,18356,40365,19423,20942,35317,16938,18379,20180,9740,10440,5045,2451,2594,
50475,20185,9653,10532,35322,16965,18357,40366,19423,20943,35320,16940,18380,20181,9740,10441,5046,2451,2595,
50480,20188,9654,10534,35326,16966,18360,40373,19425,20948,35324,16941,18383,20184,9742,10442,5046,2451,2595,
50485,20189,9654,10535,35329,16967,18362,40374,19425,20949,35327,16942,18385,20185,9743,10442,5047,2451,2596,
50490,20192,9656,10536,35333,16969,18364,40381,19428,20953,35331,16945,18386,20188,9744,10444,5047,2451,2596,
50495,20193,9657,10536,35336,16971,18365,40382,19428,20954,35334,16947,18387,20189,9745,10444,5048,2452,2596,
50500,20196,9658,10538,35340,16972,18368,40389,19432,20957,35338,16948,18390,20192,9746,10446,5048,2452,2596,
50505,20197,9659,10538,35343,16973,18370,40390,19432,20958,35341,16949,18392,20193,9746,10447,5049,2452,2597,
50510,20200,9659,10541,35347,16976,18371,40397,19436,20961,35345,16951,18394,20196,9748,10448,5049,2452,2597,
50515,20201,9659,10542,35350,16977,18373,40398,19436,20962,35348,16952,18396,20197,9749,10448,5050,2452,2598,
50520,20204,9661,10543,35354,16980,18374,40405,19439,20966,35352,16954,18398,20200,9752,10448,5050,2452,2598,
50525,20205,9662,10543,35357,16982,18375,40406,19440,20966,35355,16956,18399,20201,9753,10448,5051,2453,2598,
50530,20208,9663,10545,35361,16984,18377,40413,19444,20969,35359,16956,18403,20204,9755,10449,5051,2453,2598,
50535,20209,9664,10545,35364,16985,18379,40414,19445,20969,35362,16957,18405,20205,9755,10450,5052,2454,2598,
50540,20212,9664,10548,35368,16988,18380,40421,19450,20971,35366,16959,18407,20208,9757,10451,5052,2454,2598,
50545,20213,9664,10549,35371,16990,18381,40422,19451,20971,35369,16960,18409,20209,9757,10452,5053,2454,2599,
50550,20216,9664,10552,35375,16992,18383,40429,19454,20975,35373,16961,18412,20212,9757,10455,5053,2454,2599,
50555,20217,9664,10553,35378,16994,18384,40430,19454,20976,35376,16963,18413,20213,9757,10456,5054,2455,2599,
50560,20220,9667,10553,35382,16997,18385,40437,19457,20980,35380,16966,18414,20216,9760,10456,5054,2455,2599,
50565,20221,9668,10553,35385,16999,18386,40438,19458,20980,35383,16966,18417,20217,9761,10456,5055,2456,2599,
50570,20224,9669,10555,35389,17001,18388,40445,19462,20983,35387,16967,18420,20220,9764,10456,5055,2456,2599,
50575,20225,9669,10556,35392,17003,18389,40446,19463,20983,35390,16969,18421,20221,9765,10456,5056,2457,2599,
50580,20228,9671,10557,35396,17005,18391,40453,19467,20986,35394,16971,18423,20224,9766,10458,5056,2457,2599,
50585,20229,9671,10558,35399,17006,18393,40454,19468,20986,35397,16973,18424,20225,9766,10459,5057,2458,2599,
50590,20232,9673,10559,35403,17009,18394,40461,19474,20987,35401,16975,18426,20228,9768,10460,5057,2458,2599,
50595,20233,9673,10560,35406,17009,18397,40462,19475,20987,35404,16977,18427,20229,9768,10461,5058,2458,2600,
50600,20236,9675,10561,35410,17013,18397,40469,19479,20990,35408,16979,18429,20232,9769,10463,5058,2458,2600,
50605,20237,9676,10561,35413,17015,18398,40470,19480,20990,35411,16981,18430,20233,9769,10464,5059,2459,2600,
50610,20240,9678,10562,35417,17018,18399,40477,19485,20992,35415,16984,18431,20236,9770,10466,5059,2459,2600,
50615,20241,9679,10562,35420,17020,18400,40478,19486,20992,35418,16987,18431,20237,9771,10466,5060,2460,2600,
50620,20244,9681,10563,35424,17024,18400,40485,19490,20995,35422,16987,18435,20240,9773,10467,5060,2460,2600,
50625,20245,9682,10563,35427,17024,18403,40486,19491,20995,35425,16988,18437,20241,9773,10468,5061,2461,2600,
50630,20248,9683,10565,35431,17027,18404,40493,19494,20999,35429,16990,18439,20244,9775,10469,5061,2461,2600,
50635,20249,9683,10566,35434,17030,18404,40494,19494,21000,35432,16990,18442,20245,9776,10469,5062,2461,2601,
50640,20252,9683,10569,35438,17033,18405,40501,19496,21005,35436,16990,18446,20248,9776,10472,5062,2461,2601,
50645,20253,9683,10570,35441,17035,18406,40502,19497,21005,35439,16991,18448,20249,9776,10473,5063,2461,2602,
50650,20256,9684,10572,35445,17036,18409,40509,19500,21009,35443,16993,18450,20252,9777,10475,5063,2461,2602,
50655,20257,9684,10573,35448,17037,18411,40510,19501,21009,35446,16994,18452,20253,9777,10476,5064,2461,2603,
50660,20260,9686,10574,35452,17040,18412,40517,19503,21014,35450,16997,18453,20256,9778,10478,5064,2461,2603,
50665,20261,9686,10575,35455,17042,18413,40518,19503,21015,35453,16998,18455,20257,9778,10479,5065,2461,2604,
50670,20264,9688,10576,35459,17046,18413,40525,19505,21020,35457,17001,18456,20260,9779,10481,5065,2461,2604,
50675,20265,9689,10576,35462,17047,18415,40526,19506,21020,35460,17002,18458,20261,9780,10481,5066,2462,2604,
50680,20268,9691,10577,35466,17048,18418,40533,19509,21024,35464,17004,18460,20264,9782,10482,5066,2462,2604,
50685,20269,9692,10577,35469,17050,18419,40534,19510,21024,35467,17005,18462,20265,9782,10483,5067,2463,2604,
50690,20272,9693,10579,35473,17051,18422,40541,19512,21029,35471,17008,18463,20268,9784,10484,5067,2463,2604,
50695,20273,9694,10579,35476,17051,18425,40542,19513,21029,35474,17010,18464,20269,9785,10484,5068,2463,2605,
50700,20276,9695,10581,35480,17053,18427,40549,19518,21031,35478,17013,18465,20272,9786,10486,5068,2463,2605,
50705,20277,9695,10582,35483,17054,18429,40550,19518,21032,35481,17016,18465,20273,9786,10487,5069,2464,2605,
50710,20280,9695,10585,35487,17057,18430,40557,19520,21037,35485,17017,18468,20276,9789,10487,5069,2464,2605,
50715,20281,9696,10585,35490,17059,18431,40558,19520,21038,35488,17019,18469,20277,9789,10488,5070,2464,2606,
50720,20284,9698,10586,35494,17062,18432,40565,19523,21042,35492,17021,18471,20280,9790,10490,5070,2464,2606,
50725,20285,9698,10587,35497,17064,18433,40566,19523,21043,35495,17021,18474,20281,9791,10490,5071,2465,2606,
50730,20288,9700,10588,35501,17066,18435,40573,19527,21046,35499,17023,18476,20284,9792,10492,5071,2465,2606,
50735,20289,9700,10589,35504,17069,18435,40574,19527,21047,35502,17025,18477,20285,9793,10492,5072,2466,2606,
50740,20292,9702,10590,35508,17072,18436,40581,19531,21050,35506,17028,18478,20288,9795,10493,5072,2466,2606,
50745,20293,9702,10591,35511,17073,18438,40582,19532,21050,35509,17029,18480,20289,9795,10494,5073,2466,2607,
50750,20296,9702,10594,35515,17075,18440,40589,19536,21053,35513,17032,18481,20292,9798,10494,5073,2466,2607,
50755,20297,9703,10594,35518,17076,18442,40590,19537,21053,35516,17034,18482,20293,9799,10494,5074,2466,2608,
50760,20300,9704,10596,35522,17077,18445,40597,19539,21058,35520,17035,18485,20296,9802,10494,5074,2466,2608,
50765,20301,9705,10596,35525,17077,18448,40598,19539,21059,35523,17037,18486,20297,9803,10494,5075,2466,2609,
50770,20304,9706,10598,35529,17077,18452,40605,19541,21064,35527,17040,18487,20300,9804,10496,5075,2466,2609,
50775,20305,9706,10599,35532,17077,18455,40606,19541,21065,35530,17042,18488,20301,9805,10496,5076,2467,2609,
50780,20308,9708,10600,35536,17080,18456,40613,19543,21070,35534,17043,18491,20304,9806,10498,5076,2467,2609,
50785,20309,9709,10600,35539,17081,18458,40614,19544,21070,35537,17043,18494,20305,9807,10498,5077,2467,2610,
50790,20312,9711,10601,35543,17083,18460,40621,19547,21074,35541,17044,18497,20308,9810,10498,5077,2467,2610,
50795,20313,9711,10602,35546,17085,18461,40622,19547,21075,35544,17046,18498,20309,9811,10498,5078,2467,2611,
50800,20316,9712,10604,35550,17086,18464,40629,19552,21077,35548,17048,18500,20312,9814,10498,5078,2467,2611,
50805,20317,9713,10604,35553,17087,18466,40630,19552,21078,35551,17049,18502,20313,9815,10498,5079,2468,2611,
50810,20320,9715,10605,35557,17089,18468,40637,19558,21079,35555,17051,18504,20316,9817,10499,5079,2468,2611,
50815,20321,9716,10605,35560,17089,18471,40638,19559,21079,35558,17052,18506,20317,9818,10499,5080,2469,2611,
50820,20324,9719,10605,35564,17092,18472,40645,19562,21083,35562,17055,18507,20320,9818,10502,5080,2469,2611,
50825,20325,9720,10605,35567,17093,18474,40646,19563,21083,35565,17056,18509,20321,9819,10502,5081,2470,2611,
50830,20328,9720,10608,35571,17096,18475,40653,19567,21086,35569,17058,18511,20324,9820,10504,5081,2470,2611,
50835,20329,9720,10609,35574,17098,18476,40654,19568,21086,35572,17060,18512,20325,9821,10504,5082,2471,2611,
50840,20332,9721,10611,35578,17100,18478,40661,19570,21091,35576,17062,18514,20328,9823,10505,5082,2471,2611,
50845,20333,9721,10612,35581,17102,18479,40662,19571,21091,35579,17063,18516,20329,9823,10506,5083,2472,2611,
50850,20336,9722,10614,35585,17103,18482,40669,19574,21095,35583,17064,18519,20332,9825,10507,5083,2472,2611,
50855,20337,9722,10615,35588,17104,18484,40670,19575,21095,35586,17064,18522,20333,9826,10507,5084,2472,2612,
50860,20340,9725,10615,35592,17105,18487,40677,19579,21098,35590,17064,18526,20336,9829,10507,5084,2472,2612,
50865,20341,9726,10615,35595,17105,18490,40678,19579,21099,35593,17064,18529,20337,9830,10507,5085,2473,2612,
50870,20344,9728,10616,35599,17107,18492,40685,19581,21104,35597,17066,18531,20340,9831,10509,5085,2473,2612,
50875,20345,9729,10616,35602,17109,18493,40686,19581,21105,35600,17068,18532,20341,9832,10509,5086,2473,2613,
50880,20348,9732,10616,35606,17111,18495,40693,19583,21110,35604,17068,18536,20344,9832,10512,5086,2473,2613,
50885,20349,9732,10617,35609,17112,18497,40694,19583,21111,35607,17070,18537,20345,9833,10512,5087,2474,2613,
50890,20352,9734,10618,35613,17114,18499,40701,19585,21116,35611,17072,18539,20348,9833,10515,5087,2474,2613,
50895,20353,9734,10619,35616,17115,18501,40702,19585,21117,35614,17074,18540,20349,9834,10515,5088,2475,2613,
50900,20356,9737,10619,35620,17118,18502,40709,19589,21120,35618,17075,18543,20352,9836,10516,5088,2475,2613,
50905,20357,9737,10620,35623,17121,18502,40710,19590,21120,35621,17077,18544,20353,9837,10516,5089,2476,2613,
50910,20360,9737,10623,35627,17123,18504,40717,19595,21122,35625,17078,18547,20356,9837,10519,5089,2476,2613,
50915,20361,9738,10623,35630,17126,18504,40718,19596,21122,35628,17079,18549,20357,9838,10519,5090,2476,2614,
50920,20364,9738,10626,35634,17128,18506,40725,19601,21124,35632,17082,18550,20360,9839,10521,5090,2476,2614,
50925,20365,9739,10626,35637,17129,18508,40726,19601,21125,35635,17085,18550,20361,9839,10522,5091,2476,2615,
50930,20368,9740,10628,35641,17129,18512,40733,19604,21129,35639,17086,18553,20364,9841,10523,5091,2476,2615,
50935,20369,9740,10629,35644,17131,18513,40734,19604,21130,35642,17087,18555,20365,9842,10523,5092,2476,2616,
50940,20372,9741,10631,35648,17131,18517,40741,19606,21135,35646,17089,18557,20368,9843,10525,5092,2476,2616,
50945,20373,9742,10631,35651,17133,18518,40742,19606,21136,35649,17089,18560,20369,9843,10526,5093,2476,2617,
50950,20376,9745,10631,35655,17134,18521,40749,19609,21140,35653,17092,18561,20372,9845,10527,5093,2476,2617,
50955,20377,9746,10631,35658,17135,18523,40750,19609,21141,35656,17093,18563,20373,9845,10528,5094,2477,2617,
50960,20380,9747,10633,35662,17137,18525,40757,19611,21146,35660,17095,18565,20376,9847,10529,5094,2477,2617,
50965,20381,9748,10633,35665,17138,18527,40758,19612,21146,35663,17096,18567,20377,9848,10529,5095,2477,2618,
50970,20384,9749,10635,35669,17138,18531,40765,19615,21150,35667,17100,18567,20380,9850,10530,5095,2477,2618,
50975,20385,9750,10635,35672,17139,18533,40766,19615,21151,35670,17101,18569,20381,9850,10531,5096,2478,2618,
50980,20388,9751,10637,35676,17140,18536,40773,19617,21156,35674,17102,18572,20384,9852,10532,5096,2478,2618,
50985,20389,9751,10638,35679,17143,18536,40774,19617,21157,35677,17104,18573,20385,9852,10533,5097,2479,2618,
50990,20392,9752,10640,35683,17145,18538,40781,19620,21161,35681,17106,18575,20388,9853,10535,5097,2479,2618,
50995,20393,9752,10641,35686,17145,18541,40782,19621,21161,35684,17106,18578,20389,9853,10536,5098,2480,2618,
51000,20396,9754,10642,35690,17147,18543,40789,19622,21167,35688,17108,18580,20392,9856,10536,5098,2480,2618,
51005,20397,9754,10643,35693,17149,18544,40790,19623,21167,35691,17108,18583,20393,9856,10537,5099,2480,2619,
51010,20400,9755,10645,35697,17152,18545,40797,19628,21169,35695,17111,18584,20396,9857,10539,5099,2480,2619,
51015,20401,9756,10645,35700,17154,18546,40798,19629,21169,35698,17112,18586,20397,9858,10539,5100,2481,2619,
51020,20404,9758,10646,35704,17154,18550,40805,19634,21171,35702,17113,18589,20400,9859,10541,5100,2481,2619,
51025,20405,9759,10646,35707,17156,18551,40806,19635,21171,35705,17114,18591,20401,9859,10542,5101,2482,2619,
51030,20408,9761,10647,35711,17158,18553,40813,19641,21172,35709,17118,18591,20404,9861,10543,5101,2482,2619,
51035,20409,9761,10648,35714,17158,18556,40814,19642,21172,35712,17120,18592,20405,9861,10544,5102,2482,2620,
51040,20412,9763,10649,35718,17160,18558,40821,19645,21176,35716,17122,18594,20408,9863,10545,5102,2482,2620,
51045,20413,9763,10650,35721,17160,18561,40822,19646,21176,35719,17123,18596,20409,9863,10546,5103,2483,2620,
51050,20416,9765,10651,35725,17160,18565,40829,19648,21181,35723,17124,18599,20412,9864,10548,5103,2483,2620,
51055,20417,9766,10651,35728,17161,18567,40830,19649,21181,35726,17125,18601,20413,9864,10549,5104,2484,2620,
51060,20420,9767,10653,35732,17164,18568,40837,19652,21185,35730,17126,18604,20416,9865,10551,5104,2484,2620,
51065,20421,9768,10653,35735,17165,18570,40838,19652,21186,35733,17127,18606,20417,9866,10551,5105,2484,2621,
51070,20424,9771,10653,35739,17167,18572,40845,19656,21189,35737,17130,18607,20420,9866,10554,5105,2484,2621,
51075,20425,9771,10654,35742,17169,18573,40846,19656,21190,35740,17131,18609,20421,9866,10555,5106,2485,2621,
51080,20428,9772,10656,35746,17170,18576,40853,19660,21193,35744,17131,18613,20424,9867,10557,5106,2485,2621,
51085,20429,9772,10657,35749,17172,18577,40854,19660,21194,35747,17131,18616,20425,9867,10558,5107,2485,2622,
51090,20432,9774,10658,35753,17174,18579,40861,19664,21197,35751,17132,18619,20428,9868,10560,5107,2485,2622,
51095,20433,9774,10659,35756,17175,18581,40862,19664,21198,35754,17133,18621,20429,9868,10561,5108,2486,2622,
51100,20436,9774,10662,35760,17178,18582,40869,19666,21203,35758,17135,18623,20432,9870,10562,5108,2486,2622,
51105,20437,9774,10663,35763,17181,18582,40870,19666,21204,35761,17136,18625,20433,9871,10562,5109,2487,2622,
51110,20440,9775,10665,35767,17183,18584,40877,19670,21207,35765,17136,18629,20436,9873,10563,5109,2487,2622,
51115,20441,9775,10666,35770,17185,18585,40878,19671,21207,35768,17137,18631,20437,9874,10563,5110,2487,2623,
51120,20444,9777,10667,35774,17187,18587,40885,19675,21210,35772,17139,18633,20440,9876,10564,5110,2487,2623,
51125,20445,9777,10668,35777,17188,18589,40886,19675,21211,35775,17140,18635,20441,9877,10564,5111,2488,2623,
51130,20448,9780,10668,35781,17189,18592,40893,19678,21215,35779,17144,18635,20444,9878,10566,5111,2488,2623,
51135,20449,9780,10669,35784,17191,18593,40894,19678,21216,35782,17147,18635,20445,9879,10566,5112,2488,2624,
51140,20452,9781,10671,35788,17193,18595,40901,19680,21221,35786,17150,18636,20448,9881,10567,5112,2488,2624,
51145,20453,9781,10672,35791,17194,18597,40902,19681,21221,35789,17152,18637,20449,9881,10568,5113,2489,2624,
51150,20456,9782,10674,35795,17195,18600,40909,19686,21223,35793,17153,18640,20452,9882,10570,5113,2489,2624,
51155,20457,9782,10675,35798,17197,18601,40910,19687,21223,35796,17154,18642,20453,9883,10570,5114,2490,2624,
51160,20460,9783,10677,35802,17199,18603,40917,19690,21227,35800,17156,18644,20456,9885,10571,5114,2490,2624,
51165,20461,9784,10677,35805,17199,18606,40918,19691,21227,35803,17158,18645,20457,9886,10571,5115,2490,2625,
51170,20464,9785,10679,35809,17200,18609,40925,19694,21231,35807,17160,18647,20460,9886,10574,5115,2490,2625,
51175,20465,9785,10680,35812,17201,18611,40926,19694,21232,35810,17161,18649,20461,9887,10574,5116,2490,2626,
51180,20468,9785,10683,35816,17203,18613,40933,19697,21236,35814,17164,18650,20464,9889,10575,5116,2490,2626,
51185,20469,9785,10684,35819,17206,18613,40934,19697,21237,35817,17166,18651,20465,9890,10575,5117,2491,2626,
51190,20472,9786,10686,35823,17206,18617,40941,19699,21242,35821,17167,18654,20468,9891,10577,5117,2491,2626,
51195,20473,9786,10687,35826,17208,18618,40942,19699,21243,35824,17169,18655,20469,9891,10578,5118,2491,2627,
51200,20476,9788,10688,35830,17210,18620,40949,19702,21247,35828,17171,18657,20472,9892,10580,5118,2491,2627,
51205,20477,9788,10689,35833,17211,18622,40950,19702,21248,35831,17172,18659,20473,9893,10580,5119,2492,2627,
51210,20480,9790,10690,35837,17212,18625,40957,19705,21252,35835,17174,18661,20476,9894,10582,5119,2492,2627,
51215,20481,9791,10690,35840,17214,18626,40958,19706,21252,35838,17175,18663,20477,9895,10582,5120,2493,2627,
51220,20484,9792,10692,35844,17216,18628,40965,19708,21257,35842,17177,18665,20480,9896,10584,5120,2493,2627,
51225,20485,9792,10693,35847,17217,18630,40966,19708,21258,35845,17180,18665,20481,9896,10585,5121,2493,2628,
51230,20488,9794,10694,35851,17220,18631,40973,19709,21264,35849,17182,18667,20484,9898,10586,5121,2493,2628,
51235,20489,9794,10695,35854,17221,18633,40974,19710,21264,35852,17184,18668,20485,9898,10587,5122,2494,2628,
51240,20492,9795,10697,35858,17223,18635,40981,19713,21268,35856,17186,18670,20488,9898,10590,5122,2494,2628,
51245,20493,9795,10698,35861,17225,18636,40982,19713,21269,35859,17187,18672,20489,9898,10591,5123,2495,2628,
51250,20496,9797,10699,35865,17227,18638,40989,19716,21273,35863,17190,18673,20492,9899,10593,5123,2495,2628,
51255,20497,9798,10699,35868,17228,18640,40990,19716,21274,35866,17192,18674,20493,9899,10594,5124,2496,2628,
51260,20500,9801,10699,35872,17229,18643,40997,19720,21277,35870,17194,18676,20496,9900,10596,5124,2496,2628,
51265,20501,9801,10700,35875,17230,18645,40998,19721,21277,35873,17197,18676,20497,9900,10597,5125,2496,2629,
51270,20504,9802,10702,35879,17232,18647,41005,19725,21280,35877,17198,18679,20500,9903,10597,5125,2496,2629,
51275,20505,9803,10702,35882,17232,18650,41006,19725,21281,35880,17200,18680,20501,9904,10597,5126,2496,2630,
51280,20508,9803,10705,35886,17235,18651,41013,19730,21283,35884,17202,18682,20504,9906,10598,5126,2496,2630,
51285,20509,9803,10706,35889,17238,18651,41014,19730,21284,35887,17202,18685,20505,9906,10599,5127,2497,2630,
51290,20512,9804,10708,35893,17239,18654,41021,19732,21289,35891,17203,18688,20508,9908,10600,5127,2497,2630,
51295,20513,9804,10709,35896,17240,18656,41022,19733,21289,35894,17204,18690,20509,9909,10600,5128,2498,2630,
51300,20516,9805,10711,35900,17243,18657,41029,19735,21294,35898,17208,18690,20512,9910,10602,5128,2498,2630,
51305,20517,9805,10712,35903,17245,18658,41030,19736,21294,35901,17208,18693,20513,9911,10602,5129,2498,2631,
51310,20520,9807,10713,35907,17247,18660,41037,19738,21299,35905,17211,18694,20516,9912,10604,5129,2498,2631,
51315,20521,9807,10714,35910,17249,18661,41038,19739,21299,35908,17214,18694,20517,9913,10604,5130,2498,2632,
51320,20524,9809,10715,35914,17252,18662,41045,19745,21300,35912,17217,18695,20520,9915,10605,5130,2498,2632,
51325,20525,9809,10716,35917,17255,18662,41046,19746,21300,35915,17220,18695,20521,9915,10606,5131,2499,2632,
51330,20528,9811,10717,35921,17256,18665,41053,19749,21304,35919,17224,18695,20524,9916,10608,5131,2499,2632,
51335,20529,9811,10718,35924,17256,18668,41054,19749,21305,35922,17226,18696,20525,9916,10609,5132,2499,2633,
51340,20532,9811,10721,35928,17258,18670,41061,19752,21309,35926,17229,18697,20528,9918,10610,5132,2499,2633,
51345,20533,9811,10722,35931,17259,18672,41062,19753,21309,35929,17231,18698,20529,9918,10611,5133,2499,2634,
51350,20536,9813,10723,35935,17262,18673,41069,19756,21313,35933,17234,18699,20532,9918,10614,5133,2499,2634,
51355,20537,9813,10724,35938,17263,18675,41070,19757,21313,35936,17236,18700,20533,9919,10614,5134,2500,2634,
51360,20540,9814,10726,35942,17266,18676,41077,19759,21318,35940,17239,18701,20536,9920,10616,5134,2500,2634,
51365,20541,9815,10726,35945,17267,18678,41078,19759,21319,35943,17241,18702,20537,9921,10616,5135,2501,2634,
51370,20544,9815,10729,35949,17268,18681,41085,19764,21321,35947,17244,18703,20540,9924,10616,5135,2501,2634,
51375,20545,9815,10730,35952,17270,18682,41086,19765,21321,35950,17244,18706,20541,9925,10616,5136,2501,2635,
51380,20548,9816,10732,35956,17273,18683,41093,19768,21325,35954,17245,18709,20544,9926,10618,5136,2501,2635,
51385,20549,9817,10732,35959,17275,18684,41094,19768,21326,35957,17246,18711,20545,9927,10618,5137,2501,2636,
51390,20552,9819,10733,35963,17278,18685,41101,19772,21329,35961,17249,18712,20548,9928,10620,5137,2501,2636,
51395,20553,9820,10733,35966,17279,18687,41102,19773,21329,35964,17252,18712,20549,9928,10621,5138,2502,2636,
51400,20556,9820,10736,35970,17283,18687,41109,19774,21335,35968,17254,18714,20552,9930,10622,5138,2502,2636,
51405,20557,9821,10736,35973,17284,18689,41110,19774,21336,35971,17257,18714,20553,9930,10623,5139,2503,2636,
51410,20560,9824,10736,35977,17285,18692,41117,19777,21340,35975,17260,18715,20556,9933,10623,5139,2503,2636,
51415,20561,9825,10736,35980,17287,18693,41118,19778,21340,35978,17261,18717,20557,9933,10624,5140,2504,2636,
51420,20564,9827,10737,35984,17288,18696,41125,19782,21343,35982,17263,18719,20560,9933,10627,5140,2504,2636,
51425,20565,9828,10737,35987,17289,18698,41126,19782,21344,35985,17265,18720,20561,9933,10628,5141,2505,2636,
51430,20568,9829,10739,35991,17291,18700,41133,19786,21347,35989,17267,18722,20564,9933,10631,5141,2505,2636,
51435,20569,9830,10739,35994,17293,18701,41134,19786,21348,35992,17269,18723,20565,9933,10632,5142,2506,2636,
51440,20572,9832,10740,35998,17294,18704,41141,19789,21352,35996,17271,18725,20568,9934,10634,5142,2506,2636,
51445,20573,9833,10740,36001,17296,18705,41142,19790,21352,35999,17272,18727,20569,9934,10635,5143,2506,2637,
51450,20576,9835,10741,36005,17297,18708,41149,19793,21356,36003,17275,18728,20572,9936,10636,5143,2506,2637,
51455,20577,9836,10741,36008,17298,18710,41150,19793,21357,36006,17277,18729,20573,9937,10636,5144,2507,2637,
51460,20580,9837,10743,36012,17300,18712,41157,19796,21361,36010,17278,18732,20576,9939,10637,5144,2507,2637,
51465,20581,9837,10744,36015,17302,18713,41158,19796,21362,36013,17279,18734,20577,9940,10637,5145,2508,2637,
51470,20584,9837,10747,36019,17303,18716,41165,19801,21364,36017,17280,18737,20580,9943,10637,5145,2508,2637,
51475,20585,9838,10747,36022,17305,18717,41166,19802,21364,36020,17283,18737,20581,9943,10638,5146,2508,2638,
51480,20588,9839,10749,36026,17308,18718,41173,19805,21368,36024,17284,18740,20584,9945,10639,5146,2508,2638,
51485,20589,9839,10750,36029,17309,18720,41174,19805,21369,36027,17286,18741,20585,9946,10639,5147,2508,2639,
51490,20592,9840,10752,36033,17310,18723,41181,19807,21374,36031,17286,18745,20588,9948,10640,5147,2508,2639,
51495,20593,9841,10752,36036,17312,18724,41182,19808,21374,36034,17287,18747,20589,9949,10640,5148,2508,2640,
51500,20596,9843,10753,36040,17313,18727,41189,19813,21376,36038,17289,18749,20592,9950,10642,5148,2508,2640,
51505,20597,9843,10754,36043,17313,18730,41190,19813,21377,36041,17292,18749,20593,9950,10643,5149,2509,2640,
51510,20600,9846,10754,36047,17314,18733,41197,19817,21380,36045,17293,18752,20596,9951,10645,5149,2509,2640,
51515,20601,9846,10755,36050,17315,18735,41198,19817,21381,36048,17294,18754,20597,9951,10646,5150,2509,2641,
51520,20604,9848,10756,36054,17318,18736,41205,19819,21386,36052,17296,18756,20600,9953,10647,5150,2509,2641,
51525,20605,9849,10756,36057,17320,18737,41206,19819,21387,36055,17296,18759,20601,9953,10648,5151,2510,2641,
51530,20608,9851,10757,36061,17322,18739,41213,19823,21390,36059,17298,18761,20604,9953,10651,5151,2510,2641,
51535,20609,9852,10757,36064,17324,18740,41214,19824,21390,36062,17298,18764,20605,9953,10652,5152,2510,2642,
51540,20612,9853,10759,36068,17324,18744,41221,19830,21391,36066,17298,18768,20608,9955,10653,5152,2510,2642,
51545,20613,9854,10759,36071,17325,18746,41222,19831,21391,36069,17299,18770,20609,9955,10654,5153,2510,2643,
51550,20616,9855,10761,36075,17327,18748,41229,19835,21394,36073,17300,18773,20612,9956,10656,5153,2510,2643,
51555,20617,9855,10762,36078,17328,18750,41230,19836,21394,36076,17301,18775,20613,9956,10657,5154,2510,2644,
51560,20620,9856,10764,36082,17330,18752,41237,19839,21398,36080,17304,18776,20616,9958,10658,5154,2510,2644,
51565,20621,9856,10765,36085,17333,18752,41238,19839,21399,36083,17306,18777,20617,9958,10659,5155,2510,2645,
51570,20624,9858,10766,36089,17337,18752,41245,19842,21403,36087,17308,18779,20620,9959,10661,5155,2510,2645,
51575,20625,9858,10767,36092,17339,18753,41246,19842,21404,36090,17310,18780,20621,9960,10661,5156,2511,2645,
51580,20628,9860,10768,36096,17342,18754,41253,19844,21409,36094,17312,18782,20624,9963,10661,5156,2511,2645,
51585,20629,9860,10769,36099,17343,18756,41254,19844,21410,36097,17313,18784,20625,9963,10662,5157,2511,2646,
51590,20632,9861,10771,36103,17345,18758,41261,19846,21415,36101,17313,18788,20628,9965,10663,5157,2511,2646,
51595,20633,9862,10771,36106,17347,18759,41262,19847,21415,36104,17314,18790,20629,9966,10663,5158,2512,2646,
51600,20636,9864,10772,36110,17349,18761,41269,19847,21422,36108,17314,18794,20632,9968,10664,5158,2512,2646,
51605,20637,9864,10773,36113,17350,18763,41270,19847,21423,36111,17316,18795,20633,9969,10664,5159,2513,2646,
51610,20640,9866,10774,36117,17352,18765,41277,19850,21427,36115,17317,18798,20636,9970,10666,5159,2513,2646,
51615,20641,9866,10775,36120,17355,18765,41278,19851,21427,36118,17318,18800,20637,9971,10666,5160,2514,2646,
51620,20644,9867,10777,36124,17357,18767,41285,19852,21433,36122,17320,18802,20640,9973,10667,5160,2514,2646,
51625,20645,9867,10778,36127,17358,18769,41286,19852,21434,36125,17320,18805,20641,9973,10668,5161,2514,2647,
51630,20648,9869,10779,36131,17359,18772,41293,19857,21436,36129,17322,18807,20644,9975,10669,5161,2514,2647,
51635,20649,9869,10780,36134,17361,18773,41294,19858,21436,36132,17323,18809,20645,9976,10669,5162,2515,2647,
51640,20652,9869,10783,36138,17362,18776,41301,19862,21439,36136,17326,18810,20648,9978,10670,5162,2515,2647,
51645,20653,9869,10784,36141,17364,18777,41302,19863,21439,36139,17329,18810,20649,9978,10671,5163,2515,2648,
51650,20656,9872,10784,36145,17366,18779,41309,19866,21443,36143,17331,18812,20652,9978,10674,5163,2515,2648,
51655,20657,9873,10784,36148,17367,18781,41310,19866,21444,36146,17331,18815,20653,9979,10674,5164,2516,2648,
51660,20660,9875,10785,36152,17370,18782,41317,19870,21447,36150,17334,18816,20656,9982,10674,5164,2516,2648,
51665,20661,9876,10785,36155,17371,18784,41318,19870,21448,36153,17336,18817,20657,9982,10675,5165,2517,2648,
51670,20664,9878,10786,36159,17373,18786,41325,19873,21452,36157,17339,18818,20660,9984,10676,5165,2517,2648,
51675,20665,9878,10787,36162,17374,18788,41326,19874,21452,36160,17341,18819,20661,9984,10677,5166,2518,2648,
51680,20668,9880,10788,36166,17374,18792,41333,19876,21457,36164,17344,18820,20664,9985,10679,5166,2518,2648,
51685,20669,9880,10789,36169,17376,18793,41334,19876,21458,36167,17346,18821,20665,9986,10679,5167,2519,2648,
51690,20672,9881,10791,36173,17379,18794,41341,19879,21462,36171,17346,18825,20668,9989,10679,5167,2519,2648,
51695,20673,9882,10791,36176,17379,18797,41342,19880,21462,36174,17349,18825,20669,9990,10679,5168,2519,2649,
51700,20676,9883,10793,36180,17381,18799,41349,19881,21468,36178,17351,18827,20672,9991,10681,5168,2519,2649,
51705,20677,9884,10793,36183,17383,18800,41350,19882,21468,36181,17351,18830,20673,9992,10681,5169,2519,2650,
51710,20680,9886,10794,36187,17386,18801,41357,19885,21472,36185,17352,18833,20676,9993,10683,5169,2519,2650,
51715,20681,9887,10794,36190,17387,18803,41358,19885,21473,36188,17352,18836,20677,9993,10684,5170,2520,2650,
51720,20684,9889,10795,36194,17390,18804,41365,19889,21476,36192,17354,18838,20680,9994,10686,5170,2520,2650,
51725,20685,9890,10795,36197,17390,18807,41366,19890,21476,36195,17357,18838,20681,9995,10686,5171,2521,2650,
51730,20688,9891,10797,36201,17390,18811,41373,19892,21481,36199,17360,18839,20684,9995,10689,5171,2521,2650,
51735,20689,9892,10797,36204,17391,18813,41374,19892,21482,36202,17361,18841,20685,9995,10690,5172,2522,2650,
51740,20692,9894,10798,36208,17391,18817,41381,19896,21485,36206,17362,18844,20688,9995,10693,5172,2522,2650,
51745,20693,9895,10798,36211,17393,18818,41382,19897,21485,36209,17364,18845,20689,9996,10693,5173,2522,2651,
51750,20696,9897,10799,36215,17393,18822,41389,19901,21488,36213,17366,18847,20692,9998,10694,5173,2522,2651,
51755,20697,9897,10800,36218,17394,18824,41390,19901,21489,36216,17366,18850,20693,9999,10694,5174,2523,2651,
51760,20700,9900,10800,36222,17397,18825,41397,19905,21492,36220,17367,18853,20696,10000,10696,5174,2523,2651,
51765,20701,9901,10800,36225,17397,18828,41398,19906,21492,36223,17367,18856,20697,10001,10696,5175,2523,2652,
51770,20704,9902,10802,36229,17400,18829,41405,19909,21496,36227,17367,18860,20700,10002,10698,5175,2523,2652,
51775,20705,9903,10802,36232,17401,18831,41406,19910,21496,36230,17368,18862,20701,10002,10699,5176,2523,2653,
51780,20708,9904,10804,36236,17402,18834,41413,19913,21500,36234,17372,18862,20704,10004,10700,5176,2523,2653,
51785,20709,9905,10804,36239,17404,18835,41414,19914,21500,36237,17374,18863,20705,10005,10700,5177,2523,2654,
51790,20712,9906,10806,36243,17404,18839,41421,19917,21504,36241,17378,18863,20708,10006,10702,5177,2523,2654,
51795,20713,9906,10807,36246,17407,18839,41422,19918,21504,36244,17381,18863,20709,10006,10703,5178,2524,2654,
51800,20716,9909,10807,36250,17408,18842,41429,19922,21507,36248,17385,18863,20712,10008,10704,5178,2524,2654,
51805,20717,9910,10807,36253,17410,18843,41430,19923,21507,36251,17388,18863,20713,10009,10704,5179,2525,2654,
51810,20720,9911,10809,36257,17413,18844,41437,19925,21512,36255,17390,18865,20716,10010,10706,5179,2525,2654,
51815,20721,9912,10809,36260,17413,18847,41438,19925,21513,36258,17390,18868,20717,10011,10706,5180,2525,2655,
51820,20724,9913,10811,36264,17414,18850,41445,19927,21518,36262,17390,18872,20720,10012,10708,5180,2525,2655,
51825,20725,9913,10812,36267,17416,18851,41446,19927,21519,36265,17392,18873,20721,10012,10709,5181,2526,2655,
51830,20728,9914,10814,36271,17416,18855,41453,19932,21521,36269,17395,18874,20724,10013,10711,5181,2526,2655,
51835,20729,9915,10814,36274,17418,18856,41454,19932,21522,36272,17397,18875,20725,10013,10712,5182,2527,2655,
51840,20732,9917,10815,36278,17421,18857,41461,19938,21523,36276,17399,18877,20728,10014,10714,5182,2527,2655,
51845,20733,9917,10816,36281,17423,18858,41462,19938,21524,36279,17399,18880,20729,10014,10715,5183,2527,2656,
51850,20736,9918,10818,36285,17425,18860,41469,19943,21526,36283,17400,18883,20732,10017,10715,5183,2527,2656,
51855,20737,9918,10819,36288,17427,18861,41470,19943,21527,36286,17403,18883,20733,10017,10716,5184,2528,2656,
51860,20740,9921,10819,36292,17429,18863,41477,19946,21531,36290,17405,18885,20736,10018,10718,5184,2528,2656,
51865,20741,9922,10819,36295,17429,18866,41478,19947,21531,36293,17407,18886,20737,10019,10718,5185,2528,2657,
51870,20744,9923,10821,36299,17432,18867,41485,19950,21535,36297,17409,18888,20740,10019,10721,5185,2528,2657,
51875,20745,9924,10821,36302,17432,18870,41486,19950,21536,36300,17411,18889,20741,10020,10721,5186,2528,2658,
51880,20748,9925,10823,36306,17433,18873,41493,19955,21538,36304,17413,18891,20744,10022,10722,5186,2528,2658,
51885,20749,9925,10824,36309,17435,18874,41494,19956,21538,36307,17415,18892,20745,10022,10723,5187,2529,2658,
51890,20752,9926,10826,36313,17437,18876,41501,19960,21541,36311,17416,18895,20748,10023,10725,5187,2529,2658,
51895,20753,9927,10826,36316,17439,18877,41502,19961,21541,36314,17418,18896,20749,10023,10726,5188,2530,2658,
51900,20756,9929,10827,36320,17440,18880,41509,19962,21547,36318,17420,18898,20752,10025,10727,5188,2530,2658,
51905,20757,9930,10827,36323,17442,18881,41510,19962,21548,36321,17423,18898,20753,10026,10727,5189,2530,2659,
51910,20760,9933,10827,36327,17443,18884,41517,19964,21553,36325,17424,18901,20756,10027,10729,5189,2530,2659,
51915,20761,9934,10827,36330,17444,18886,41518,19965,21553,36328,17427,18901,20757,10027,10730,5190,2530,2660,
51920,20764,9935,10829,36334,17444,18890,41525,19968,21557,36332,17429,18903,20760,10027,10733,5190,2530,2660,
51925,20765,9935,10830,36337,17445,18892,41526,19969,21557,36335,17430,18905,20761,10027,10734,5191,2530,2661,
51930,20768,9936,10832,36341,17447,18894,41533,19973,21560,36339,17432,18907,20764,10030,10734,5191,2530,2661,
51935,20769,9936,10833,36344,17449,18895,41534,19973,21561,36342,17433,18909,20765,10030,10735,5192,2530,2662,
51940,20772,9937,10835,36348,17451,18897,41541,19978,21563,36346,17434,18912,20768,10032,10736,5192,2530,2662,
51945,20773,9937,10836,36351,17454,18897,41542,19978,21564,36349,17437,18912,20769,10033,10736,5193,2530,2663,
51950,20776,9937,10839,36355,17456,18899,41549,19982,21567,36353,17439,18914,20772,10033,10739,5193,2530,2663,
51955,20777,9937,10840,36358,17457,18901,41550,19982,21568,36356,17440,18916,20773,10033,10740,5194,2530,2664,
51960,20780,9939,10841,36362,17460,18902,41557,19985,21572,36360,17443,18917,20776,10035,10741,5194,2530,2664,
51965,20781,9939,10842,36365,17461,18904,41558,19985,21573,36363,17445,18918,20777,10035,10742,5195,2531,2664,
51970,20784,9941,10843,36369,17462,18907,41565,19988,21577,36367,17447,18920,20780,10038,10742,5195,2531,2664,
51975,20785,9941,10844,36372,17463,18909,41566,19989,21577,36370,17449,18921,20781,10038,10743,5196,2531,2665,
51980,20788,9942,10846,36376,17465,18911,41573,19993,21580,36374,17452,18922,20784,10038,10746,5196,2531,2665,
51985,20789,9943,10846,36379,17467,18912,41574,19993,21581,36377,17452,18925,20785,10039,10746,5197,2531,2666,
51990,20792,9946,10846,36383,17468,18915,41581,19995,21586,36381,17453,18928,20788,10039,10749,5197,2531,2666,
51995,20793,9946,10847,36386,17468,18918,41582,19995,21587,36384,17453,18931,20789,10040,10749,5198,2532,2666,
52000,20796,9947,10849,36390,17470,18920,41589,19999,21590,36388,17456,18932,20792,10041,10751,5198,2532,2666,
52005,20797,9947,10850,36393,17471,18922,41590,19999,21591,36391,17458,18933,20793,10042,10751,5199,2532,2667,
52010,20800,9948,10852,36397,17473,18924,41597,20005,21592,36395,17459,18936,20796,10043,10753,5199,2532,2667,
52015,20801,9948,10853,36400,17474,18926,41598,20006,21592,36398,17462,18936,20797,10044,10753,5200,2533,2667,
52020,20804,9950,10854,36404,17477,18927,41605,20011,21594,36402,17462,18940,20800,10046,10754,5200,2533,2667,
52025,20805,9950,10855,36407,17479,18928,41606,20012,21594,36405,17464,18941,20801,10046,10755,5201,2533,2668,
52030,20808,9951,10857,36411,17480,18931,41613,20015,21598,36409,17467,18942,20804,10047,10757,5201,2533,2668,
52035,20809,9952,10857,36414,17480,18934,41614,20015,21599,36412,17469,18943,20805,10048,10757,5202,2534,2668,
52040,20812,9953,10859,36418,17481,18937,41621,20021,21600,36416,17470,18946,20808,10049,10759,5202,2534,2668,
52045,20813,9953,10860,36421,17482,18939,41622,20022,21600,36419,17472,18947,20809,10050,10759,5203,2535,2668,
52050,20816,9954,10862,36425,17485,18940,41629,20025,21604,36423,17474,18949,20812,10052,10760,5203,2535,2668,
52055,20817,9955,10862,36428,17486,18942,41630,20026,21604,36426,17477,18949,20813,10053,10760,5204,2535,2669,
52060,20820,9955,10865,36432,17490,18942,41637,20029,21608,36430,17479,18951,20816,10053,10763,5204,2535,2669,
52065,20821,9955,10866,36435,17493,18942,41638,20030,21608,36433,17482,18951,20817,10054,10763,5205,2536,2669,
52070,20824,9956,10868,36439,17495,18944,41645,20033,21612,36437,17485,18952,20820,10055,10765,5205,2536,2669,
52075,20825,9957,10868,36442,17495,18947,41646,20033,21613,36440,17487,18953,20821,10055,10766,5206,2536,2670,
52080,20828,9957,10871,36446,17497,18949,41653,20036,21617,36444,17489,18955,20824,10056,10768,5206,2536,2670,
52085,20829,9957,10872,36449,17497,18952,41654,20036,21618,36447,17491,18956,20825,10056,10769,5207,2537,2670,
52090,20832,9958,10874,36453,17499,18954,41661,20041,21620,36451,17494,18957,20828,10057,10771,5207,2537,2670,
52095,20833,9958,10875,36456,17501,18955,41662,20042,21620,36454,17496,18958,20829,10058,10771,5208,2538,2670,
52100,20836,9960,10876,36460,17505,18955,41669,20043,21626,36458,17496,18962,20832,10060,10772,5208,2538,2670,
52105,20837,9960,10877,36463,17506,18957,41670,20044,21626,36461,17497,18964,20833,10060,10773,5209,2539,2670,
52110,20840,9963,10877,36467,17508,18959,41677,20046,21631,36465,17498,18967,20836,10060,10776,5209,2539,2670,
52115,20841,9964,10877,36470,17509,18961,41678,20046,21632,36468,17499,18969,20837,10061,10776,5210,2539,2671,
52120,20844,9965,10879,36474,17513,18961,41685,20050,21635,36472,17501,18971,20840,10062,10778,5210,2539,2671,
52125,20845,9965,10880,36477,17515,18962,41686,20050,21636,36475,17503,18972,20841,10062,10779,5211,2540,2671,
52130,20848,9966,10882,36481,17517,18964,41693,20053,21640,36479,17505,18974,20844,10063,10781,5211,2540,2671,
52135,20849,9967,10882,36484,17519,18965,41694,20054,21640,36482,17506,18976,20845,10064,10781,5212,2541,2671,
52140,20852,9968,10884,36488,17521,18967,41701,20056,21645,36486,17507,18979,20848,10064,10784,5212,2541,2671,
52145,20853,9968,10885,36491,17521,18970,41702,20056,21646,36489,17508,18981,20849,10064,10785,5213,2542,2671,
52150,20856,9969,10887,36495,17524,18971,41709,20060,21649,36493,17508,18985,20852,10065,10787,5213,2542,2671,
52155,20857,9969,10888,36498,17524,18974,41710,20061,21649,36496,17509,18987,20853,10066,10787,5214,2542,2672,
52160,20860,9970,10890,36502,17525,18977,41717,20064,21653,36500,17511,18989,20856,10066,10790,5214,2542,2672,
52165,20861,9970,10891,36505,17527,18978,41718,20065,21653,36503,17513,18990,20857,10066,10791,5215,2543,2672,
52170,20864,9971,10893,36509,17529,18980,41725,20067,21658,36507,17516,18991,20860,10068,10792,5215,2543,2672,
52175,20865,9972,10893,36512,17531,18981,41726,20067,21659,36510,17516,18994,20861,10069,10792,5216,2544,2672,
52180,20868,9973,10895,36516,17534,18982,41733,20070,21663,36514,17517,18997,20864,10072,10792,5216,2544,2672,
52185,20869,9974,10895,36519,17535,18984,41734,20071,21663,36517,17518,18999,20865,10073,10792,5217,2544,2673,
52190,20872,9975,10897,36523,17538,18985,41741,20075,21666,36521,17519,19002,20868,10074,10794,5217,2544,2673,
52195,20873,9975,10898,36526,17539,18987,41742,20075,21667,36524,17522,19002,20869,10074,10795,5218,2545,2673,
52200,20876,9975,10901,36530,17541,18989,41749,20079,21670,36528,17522,19006,20872,10076,10796,5218,2545,2673,
52205,20877,9976,10901,36533,17543,18990,41750,20080,21670,36531,17522,19009,20873,10077,10796,5219,2546,2673,
52210,20880,9977,10903,36537,17545,18992,41757,20082,21675,36535,17524,19011,20876,10079,10797,5219,2546,2673,
52215,20881,9978,10903,36540,17547,18993,41758,20083,21675,36538,17525,19013,20877,10079,10798,5220,2546,2674,
52220,20884,9979,10905,36544,17550,18994,41765,20087,21678,36542,17526,19016,20880,10080,10800,5220,2546,2674,
52225,20885,9980,10905,36547,17551,18996,41766,20087,21679,36545,17528,19017,20881,10080,10801,5221,2547,2674,
52230,20888,9981,10907,36551,17553,18998,41773,20089,21684,36549,17530,19019,20884,10081,10803,5221,2547,2674,
52235,20889,9982,10907,36554,17554,19000,41774,20090,21684,36552,17531,19021,20885,10081,10804,5222,2547,2675,
52240,20892,9983,10909,36558,17557,19001,41781,20095,21686,36556,17533,19023,20888,10082,10806,5222,2547,2675,
52245,20893,9983,10910,36561,17557,19004,41782,20095,21687,36559,17535,19024,20889,10083,10806,5223,2547,2676,
52250,20896,9985,10911,36565,17557,19008,41789,20098,21691,36563,17537,19026,20892,10085,10807,5223,2547,2676,
52255,20897,9986,10911,36568,17559,19009,41790,20099,21691,36566,17539,19027,20893,10086,10807,5224,2548,2676,
52260,20900,9988,10912,36572,17561,19011,41797,20104,21693,36570,17539,19031,20896,10088,10808,5224,2548,2676,
52265,20901,9989,10912,36575,17563,19012,41798,20105,21693,36573,17541,19032,20897,10089,10808,5225,2548,2677,
52270,20904,9991,10913,36579,17565,19014,41805,20107,21698,36577,17543,19034,20900,10090,10810,5225,2548,2677,
52275,20905,9992,10913,36582,17566,19016,41806,20108,21698,36580,17544,19036,20901,10091,10810,5226,2548,2678,
52280,20908,9994,10914,36586,17568,19018,41813,20110,21703,36584,17547,19037,20904,10093,10811,5226,2548,2678,
52285,20909,9994,10915,36589,17569,19020,41814,20111,21703,36587,17548,19039,20905,10093,10812,5227,2549,2678,
52290,20912,9995,10917,36593,17571,19022,41821,20116,21705,36591,17549,19042,20908,10094,10814,5227,2549,2678,
52295,20913,9995,10918,36596,17572,19024,41822,20116,21706,36594,17550,19044,20909,10094,10815,5228,2549,2679,
52300,20916,9998,10918,36600,17575,19025,41829,20123,21706,36598,17554,19044,20912,10096,10816,5228,2549,2679,
52305,20917,9999,10918,36603,17576,19027,41830,20124,21706,36601,17555,19046,20913,10097,10816,5229,2550,2679,
52310,20920,10001,10919,36607,17578,19029,41837,20128,21709,36605,17557,19048,20916,10100,10816,5229,2550,2679,
52315,20921,10002,10919,36610,17579,19031,41838,20129,21709,36608,17559,19049,20917,10101,10816,5230,2551,2679,
52320,20924,10002,10922,36614,17583,19031,41845,20132,21713,36612,17561,19051,20920,10104,10816,5230,2551,2679,
52325,20925,10003,10922,36617,17585,19032,41846,20132,21714,36615,17563,19052,20921,10105,10816,5231,2551,2680,
52330,20928,10004,10924,36621,17588,19033,41853,20136,21717,36619,17564,19055,20924,10106,10818,5231,2551,2680,
52335,20929,10004,10925,36624,17589,19035,41854,20136,21718,36622,17565,19057,20925,10107,10818,5232,2551,2681,
52340,20932,10004,10928,36628,17591,19037,41861,20142,21719,36626,17566,19060,20928,10107,10821,5232,2551,2681,
52345,20933,10005,10928,36631,17592,19039,41862,20142,21720,36629,17568,19061,20929,10108,10821,5233,2552,2681,
52350,20936,10006,10930,36635,17595,19040,41869,20149,21720,36633,17569,19064,20932,10111,10821,5233,2552,2681,
52355,20937,10006,10931,36638,17595,19043,41870,20150,21720,36636,17571,19065,20933,10112,10821,5234,2552,2682,
52360,20940,10007,10933,36642,17598,19044,41877,20151,21726,36640,17573,19067,20936,10115,10821,5234,2552,2682,
52365,20941,10008,10933,36645,17601,19044,41878,20152,21726,36643,17573,19070,20937,10115,10822,5235,2553,2682,
52370,20944,10010,10934,36649,17605,19044,41885,20156,21729,36647,17573,19074,20940,10117,10823,5235,2553,2682,
52375,20945,10010,10935,36652,17607,19045,41886,20157,21729,36650,17575,19075,20941,10117,10824,5236,2554,2682,
52380,20948,10011,10937,36656,17607,19049,41893,20161,21732,36654,17577,19077,20944,10119,10825,5236,2554,2682,
52385,20949,10011,10938,36659,17608,19051,41894,20162,21732,36657,17578,19079,20945,10120,10825,5237,2554,2683,
52390,20952,10012,10940,36663,17612,19051,41901,20164,21737,36661,17579,19082,20948,10121,10827,5237,2554,2683,
52395,20953,10013,10940,36666,17612,19054,41902,20164,21738,36664,17582,19082,20949,10122,10827,5238,2554,2684,
52400,20956,10014,10942,36670,17614,19056,41909,20167,21742,36668,17584,19084,20952,10124,10828,5238,2554,2684,
52405,20957,10015,10942,36673,17615,19058,41910,20168,21742,36671,17585,19086,20953,10125,10828,5239,2554,2685,
52410,20960,10016,10944,36677,17616,19061,41917,20170,21747,36675,17587,19088,20956,10127,10829,5239,2554,2685,
52415,20961,10017,10944,36680,17617,19063,41918,20170,21748,36678,17588,19090,20957,10127,10830,5240,2554,2686,
52420,20964,10018,10946,36684,17619,19065,41925,20174,21751,36682,17592,19090,20960,10128,10832,5240,2554,2686,
52425,20965,10019,10946,36687,17620,19067,41926,20174,21752,36685,17594,19091,20961,10129,10832,5241,2554,2687,
52430,20968,10020,10948,36691,17622,19069,41933,20177,21756,36689,17597,19092,20964,10130,10834,5241,2554,2687,
52435,20969,10021,10948,36694,17624,19070,41934,20178,21756,36692,17599,19093,20965,10130,10835,5242,2555,2687,
52440,20972,10022,10950,36698,17626,19072,41941,20182,21759,36696,17600,19096,20968,10131,10837,5242,2555,2687,
52445,20973,10022,10951,36701,17629,19072,41942,20182,21760,36699,17602,19097,20969,10131,10838,5243,2555,2688,
52450,20976,10023,10953,36705,17630,19075,41949,20185,21764,36703,17602,19101,20972,10131,10841,5243,2555,2688,
52455,20977,10023,10954,36708,17631,19077,41950,20186,21764,36706,17603,19103,20973,10132,10841,5244,2556,2688,
52460,20980,10025,10955,36712,17632,19080,41957,20192,21765,36710,17605,19105,20976,10132,10844,5244,2556,2688,
52465,20981,10026,10955,36715,17633,19082,41958,20192,21766,36713,17607,19106,20977,10133,10844,5245,2557,2688,
52470,20984,10028,10956,36719,17635,19084,41965,20196,21769,36717,17608,19109,20980,10135,10845,5245,2557,2688,
52475,20985,10029,10956,36722,17637,19085,41966,20197,21769,36720,17609,19111,20981,10136,10845,5246,2558,2688,
52480,20988,10032,10956,36726,17638,19088,41973,20201,21772,36724,17613,19111,20984,10138,10846,5246,2558,2688,
52485,20989,10032,10957,36729,17641,19088,41974,20202,21772,36727,17615,19112,20985,10138,10847,5247,2559,2688,
52490,20992,10032,10960,36733,17644,19089,41981,20207,21774,36731,17617,19114,20988,10140,10848,5247,2559,2688,
52495,20993,10032,10961,36736,17645,19091,41982,20207,21775,36734,17619,19115,20989,10141,10848,5248,2559,2689,
52500,20996,10033,10963,36740,17646,19094,41989,20212,21777,36738,17619,19119,20992,10142,10850,5248,2559,2689,
52505,20997,10033,10964,36743,17648,19095,41990,20213,21777,36741,17621,19120,20993,10143,10850,5249,2560,2689,
52510,21000,10035,10965,36747,17650,19097,41997,20216,21781,36745,17622,19123,20996,10144,10852,5249,2560,2689,
52515,21001,10036,10965,36750,17652,19098,41998,20217,21781,36748,17625,19123,20997,10145,10852,5250,2560,2690,
52520,21004,10036,10968,36754,17654,19100,42005,20220,21785,36752,17628,19124,21000,10147,10853,5250,2560,2690,
52525,21005,10036,10969,36757,17654,19103,42006,20220,21786,36755,17630,19125,21001,10147,10854,5251,2561,2690,
52530,21008,10039,10969,36761,17657,19104,42013,20224,21789,36759,17632,19127,21004,10149,10855,5251,2561,2690,
52535,21009,10039,10970,36764,17659,19105,42014,20225,21789,36762,17635,19127,21005,10149,10856,5252,2561,2691,
52540,21012,10042,10970,36768,17663,19105,42021,20226,21795,36766,17636,19130,21008,10150,10858,5252,2561,2691,
52545,21013,10043,10970,36771,17664,19107,42022,20226,21796,36769,17637,19132,21009,10151,10858,5253,2562,2691,
52550,21016,10045,10971,36775,17667,19108,42029,20227,21802,36773,17639,19134,21012,10152,10860,5253,2562,2691,
52555,21017,10046,10971,36778,17668,19110,42030,20227,21803,36776,17641,19135,21013,10152,10861,5254,2562,2692,
52560,21020,10047,10973,36782,17668,19114,42037,20231,21806,36780,17642,19138,21016,10154,10862,5254,2562,2692,
52565,21021,10048,10973,36785,17670,19115,42038,20231,21807,36783,17645,19138,21017,10155,10862,5255,2562,2693,
52570,21024,10050,10974,36789,17672,19117,42045,20236,21809,36787,17649,19138,21020,10157,10863,5255,2562,2693,
52575,21025,10050,10975,36792,17672,19120,42046,20236,21810,36790,17650,19140,21021,10157,10864,5256,2563,2693,
52580,21028,10051,10977,36796,17674,19122,42053,20237,21816,36794,17653,19141,21024,10158,10866,5256,2563,2693,
52585,21029,10051,10978,36799,17674,19125,42054,20238,21816,36797,17656,19141,21025,10159,10866,5257,2563,2694,
52590,21032,10052,10980,36803,17676,19127,42061,20240,21821,36801,17657,19144,21028,10160,10868,5257,2563,2694,
52595,21033,10053,10980,36806,17678,19128,42062,20241,21821,36804,17659,19145,21029,10160,10869,5258,2564,2694,
52600,21036,10055,10981,36810,17679,19131,42069,20244,21825,36808,17660,19148,21032,10162,10870,5258,2564,2694,
52605,21037,10056,10981,36813,17680,19133,42070,20245,21825,36811,17661,19150,21033,10163,10870,5259,2564,2695,
52610,21040,10057,10983,36817,17683,19134,42077,20248,21829,36815,17664,19151,21036,10164,10872,5259,2564,2695,
52615,21041,10058,10983,36820,17685,19135,42078,20249,21829,36818,17664,19154,21037,10165,10872,5260,2565,2695,
52620,21044,10059,10985,36824,17687,19137,42085,20251,21834,36822,17668,19154,21040,10165,10875,5260,2565,2695,
52625,21045,10059,10986,36827,17687,19140,42086,20252,21834,36825,17670,19155,21041,10166,10875,5261,2565,2696,
52630,21048,10061,10987,36831,17689,19142,42093,20254,21839,36829,17672,19157,21044,10168,10876,5261,2565,2696,
52635,21049,10062,10987,36834,17690,19144,42094,20254,21840,36832,17675,19157,21045,10169,10876,5262,2566,2696,
52640,21052,10064,10988,36838,17692,19146,42101,20258,21843,36836,17679,19157,21048,10172,10876,5262,2566,2696,
52645,21053,10065,10988,36841,17693,19148,42102,20258,21844,36839,17681,19158,21049,10172,10877,5263,2566,2697,
52650,21056,10067,10989,36845,17696,19149,42109,20260,21849,36843,17683,19160,21052,10172,10880,5263,2566,2697,
52655,21057,10067,10990,36848,17697,19151,42110,20260,21850,36846,17685,19161,21053,10172,10881,5264,2566,2698,
52660,21060,10067,10993,36852,17699,19153,42117,20263,21854,36850,17687,19163,21056,10174,10882,5264,2566,2698,
52665,21061,10068,10993,36855,17700,19155,42118,20263,21855,36853,17688,19165,21057,10175,10882,5265,2567,2698,
52670,21064,10071,10993,36859,17702,19157,42125,20269,21856,36857,17689,19168,21060,10176,10884,5265,2567,2698,
52675,21065,10071,10994,36862,17703,19159,42126,20270,21856,36860,17690,19170,21061,10176,10885,5266,2567,2699,
52680,21068,10072,10996,36866,17707,19159,42133,20273,21860,36864,17692,19172,21064,10176,10888,5266,2567,2699,
52685,21069,10072,10997,36869,17708,19161,42134,20273,21861,36867,17695,19172,21065,10176,10889,5267,2567,2700,
52690,21072,10075,10997,36873,17710,19163,42141,20275,21866,36871,17698,19173,21068,10177,10891,5267,2567,2700,
52695,21073,10075,10998,36876,17712,19164,42142,20275,21867,36874,17699,19175,21069,10177,10892,5268,2568,2700,
52700,21076,10077,10999,36880,17714,19166,42149,20278,21871,36878,17701,19177,21072,10179,10893,5268,2568,2700,
52705,21077,10078,10999,36883,17715,19168,42150,20279,21871,36881,17703,19178,21073,10179,10894,5269,2568,2701,
52710,21080,10080,11000,36887,17716,19171,42157,20282,21875,36885,17705,19180,21076,10180,10896,5269,2568,2701,
52715,21081,10080,11001,36890,17717,19173,42158,20282,21876,36888,17706,19182,21077,10181,10896,5270,2568,2702,
52720,21084,10081,11003,36894,17719,19175,42165,20285,21880,36892,17707,19185,21080,10182,10898,5270,2568,2702,
52725,21085,10082,11003,36897,17722,19175,42166,20286,21880,36895,17707,19188,21081,10183,10898,5271,2568,2703,
52730,21088,10082,11006,36901,17725,19176,42173,20292,21881,36899,17709,19190,21084,10184,10900,5271,2568,2703,
52735,21089,10082,11007,36904,17725,19179,42174,20293,21881,36902,17709,19193,21085,10185,10900,5272,2568,2704,
52740,21092,10084,11008,36908,17727,19181,42181,20298,21883,36906,17711,19195,21088,10186,10902,5272,2568,2704,
52745,21093,10084,11009,36911,17729,19182,42182,20299,21883,36909,17713,19196,21089,10186,10903,5273,2569,2704,
52750,21096,10086,11010,36915,17729,19186,42189,20303,21886,36913,17716,19197,21092,10187,10905,5273,2569,2704,
52755,21097,10087,11010,36918,17730,19188,42190,20304,21886,36916,17716,19200,21093,10187,10906,5274,2569,2705,
52760,21100,10089,11011,36922,17733,19189,42197,20308,21889,36920,17719,19201,21096,10187,10909,5274,2569,2705,
52765,21101,10089,11012,36925,17735,19190,42198,20309,21889,36923,17721,19202,21097,10188,10909,5275,2569,2706,
52770,21104,10090,11014,36929,17736,19193,42205,20314,21891,36927,17722,19205,21100,10189,10911,5275,2569,2706,
52775,21105,10091,11014,36932,17738,19194,42206,20314,21892,36930,17723,19207,21101,10189,10912,5276,2570,2706,
52780,21108,10092,11016,36936,17741,19195,42213,20317,21896,36934,17725,19209,21104,10191,10913,5276,2570,2706,
52785,21109,10092,11017,36939,17741,19198,42214,20318,21896,36937,17727,19210,21105,10192,10913,5277,2571,2706,
52790,21112,10094,11018,36943,17742,19201,42221,20323,21898,36941,17729,19212,21108,10193,10915,5277,2571,2706,
52795,21113,10095,11018,36946,17745,19201,42222,20324,21898,36944,17731,19213,21109,10194,10915,5278,2572,2706,
52800,21116,10097,11019,36950,17748,19202,42229,20329,21900,36948,17733,19215,21112,10196,10916,5278,2572,2706,
52805,21117,10098,11019,36953,17749,19204,42230,20330,21900,36951,17735,19216,21113,10197,10916,5279,2573,2706,
52810,21120,10099,11021,36957,17751,19206,42237,20334,21903,36955,17737,19218,21116,10199,10917,5279,2573,2706,
52815,21121,10099,11022,36960,17754,19206,42238,20334,21904,36958,17739,19219,21117,10200,10917,5280,2574,2706,
52820,21124,10101,11023,36964,17757,19207,42245,20337,21908,36962,17741,19221,21120,10201,10919,5280,2574,2706,
52825,21125,10101,11024,36967,17760,19207,42246,20337,21909,36965,17744,19221,21121,10202,10919,5281,2575,2706,
52830,21128,10103,11025,36971,17761,19210,42253,20339,21914,36969,17745,19224,21124,10204,10920,5281,2575,2706,
52835,21129,10104,11025,36974,17762,19212,42254,20339,21915,36972,17746,19226,21125,10204,10921,5282,2575,2707,
52840,21132,10107,11025,36978,17764,19214,42261,20345,21916,36976,17750,19226,21128,10205,10923,5282,2575,2707,
52845,21133,10108,11025,36981,17766,19215,42262,20345,21917,36979,17753,19226,21129,10205,10924,5283,2575,2708,
52850,21136,10110,11026,36985,17766,19219,42269,20349,21920,36983,17755,19228,21132,10207,10925,5283,2575,2708,
52855,21137,10110,11027,36988,17767,19221,42270,20349,21921,36986,17757,19229,21133,10207,10926,5284,2576,2708,
52860,21140,10112,11028,36992,17769,19223,42277,20354,21923,36990,17761,19229,21136,10208,10928,5284,2576,2708,
52865,21141,10112,11029,36995,17772,19223,42278,20355,21923,36993,17762,19231,21137,10208,10929,5285,2576,2709,
52870,21144,10113,11031,36999,17774,19225,42285,20358,21927,36997,17763,19234,21140,10209,10931,5285,2576,2709,
52875,21145,10114,11031,37002,17777,19225,42286,20358,21928,37000,17764,19236,21141,10210,10931,5286,2576,2710,
52880,21148,10115,11033,37006,17779,19227,42293,20363,21930,37004,17767,19237,21144,10211,10933,5286,2576,2710,
52885,21149,10116,11033,37009,17781,19228,42294,20364,21930,37007,17767,19240,21145,10211,10934,5287,2577,2710,
52890,21152,10118,11034,37013,17782,19231,42301,20366,21935,37011,17770,19241,21148,10211,10937,5287,2577,2710,
52895,21153,10119,11034,37016,17782,19234,42302,20366,21936,37014,17770,19244,21149,10211,10938,5288,2577,2711,
52900,21156,10119,11037,37020,17783,19237,42309,20368,21941,37018,17772,19246,21152,10212,10940,5288,2577,2711,
52905,21157,10120,11037,37023,17784,19239,42310,20369,21941,37021,17774,19247,21153,10212,10941,5289,2578,2711,
52910,21160,10120,11040,37027,17787,19240,42317,20373,21944,37025,17777,19248,21156,10213,10943,5289,2578,2711,
52915,21161,10121,11040,37030,17789,19241,42318,20374,21944,37028,17778,19250,21157,10214,10943,5290,2578,2712,
52920,21164,10122,11042,37034,17790,19244,42325,20376,21949,37032,17780,19252,21160,10217,10943,5290,2578,2712,
52925,21165,10122,11043,37037,17791,19246,42326,20377,21949,37035,17781,19254,21161,10218,10943,5291,2578,2713,
52930,21168,10124,11044,37041,17794,19247,42333,20378,21955,37039,17782,19257,21164,10219,10945,5291,2578,2713,
52935,21169,10125,11044,37044,17796,19248,42334,20379,21955,37042,17784,19258,21165,10219,10946,5292,2578,2714,
52940,21172,10127,11045,37048,17797,19251,42341,20383,21958,37046,17785,19261,21168,10220,10948,5292,2578,2714,
52945,21173,10127,11046,37051,17798,19253,42342,20383,21959,37049,17785,19264,21169,10220,10949,5293,2579,2714,
52950,21176,10129,11047,37055,17800,19255,42349,20387,21962,37053,17786,19267,21172,10221,10951,5293,2579,2714,
52955,21177,10130,11047,37058,17800,19258,42350,20388,21962,37056,17786,19270,21173,10222,10951,5294,2580,2714,
52960,21180,10133,11047,37062,17803,19259,42357,20390,21967,37060,17788,19272,21176,10223,10953,5294,2580,2714,
52965,21181,10134,11047,37065,17805,19260,42358,20391,21967,37063,17790,19273,21177,10224,10953,5295,2581,2714,
52970,21184,10135,11049,37069,17806,19263,42365,20393,21972,37067,17793,19274,21180,10225,10955,5295,2581,2714,
52975,21185,10136,11049,37072,17807,19265,42366,20393,21973,37070,17794,19276,21181,10226,10955,5296,2582,2714,
52980,21188,10139,11049,37076,17809,19267,42373,20396,21977,37074,17797,19277,21184,10228,10956,5296,2582,2714,
52985,21189,10140,11049,37079,17811,19268,42374,20397,21977,37077,17799,19278,21185,10229,10956,5297,2583,2714,
52990,21192,10141,11051,37083,17813,19270,42381,20398,21983,37081,17800,19281,21188,10230,10958,5297,2583,2714,
52995,21193,10142,11051,37086,17815,19271,42382,20399,21983,37084,17801,19283,21189,10231,10958,5298,2583,2715,
53000,21196,10144,11052,37090,17817,19273,42389,20403,21986,37088,17804,19284,21192,10233,10959,5298,2583,2715,
53005,21197,10144,11053,37093,17819,19274,42390,20403,21987,37091,17805,19286,21193,10233,10960,5299,2584,2715,
53010,21200,10145,11055,37097,17821,19276,42397,20406,21991,37095,17806,19289,21196,10236,10960,5299,2584,2715,
53015,21201,10146,11055,37100,17822,19278,42398,20407,21991,37098,17809,19289,21197,10237,10960,5300,2584,2716,
53020,21204,10147,11057,37104,17823,19281,42405,20409,21996,37102,17812,19290,21200,10239,10961,5300,2584,2716,
53025,21205,10147,11058,37107,17825,19282,42406,20410,21996,37105,17815,19290,21201,10240,10961,5301,2585,2716,
53030,21208,10147,11061,37111,17827,19284,42413,20412,22001,37109,17815,19294,21204,10240,10964,5301,2585,2716,
53035,21209,10148,11061,37114,17829,19285,42414,20413,22001,37112,17816,19296,21205,10241,10964,5302,2586,2716,
53040,21212,10148,11064,37118,17832,19286,42421,20415,22006,37116,17817,19299,21208,10242,10966,5302,2586,2716,
53045,21213,10149,11064,37121,17834,19287,42422,20416,22006,37119,17817,19302,21209,10242,10967,5303,2586,2717,
53050,21216,10151,11065,37125,17836,19289,42429,20420,22009,37123,17819,19304,21212,10242,10970,5303,2586,2717,
53055,21217,10152,11065,37128,17838,19290,42430,20420,22010,37126,17821,19305,21213,10243,10970,5304,2587,2717,
53060,21220,10153,11067,37132,17841,19291,42437,20423,22014,37130,17823,19307,21216,10245,10971,5304,2587,2717,
53065,21221,10154,11067,37135,17842,19293,42438,20423,22015,37133,17825,19308,21217,10245,10972,5305,2588,2717,
53070,21224,10156,11068,37139,17844,19295,42445,20424,22021,37137,17829,19308,21220,10247,10973,5305,2588,2717,
53075,21225,10156,11069,37142,17846,19296,42446,20424,22022,37140,17830,19310,21221,10248,10973,5306,2589,2717,
53080,21228,10158,11070,37146,17849,19297,42453,20429,22024,37144,17830,19314,21224,10250,10974,5306,2589,2717,
53085,21229,10158,11071,37149,17852,19297,42454,20429,22025,37147,17833,19314,21225,10251,10974,5307,2590,2717,
53090,21232,10159,11073,37153,17855,19298,42461,20430,22031,37151,17834,19317,21228,10252,10976,5307,2590,2717,
53095,21233,10160,11073,37156,17857,19299,42462,20430,22032,37154,17836,19318,21229,10253,10976,5308,2590,2718,
53100,21236,10161,11075,37160,17860,19300,42469,20434,22035,37158,17839,19319,21232,10256,10976,5308,2590,2718,
53105,21237,10161,11076,37163,17863,19300,42470,20435,22035,37161,17840,19321,21233,10256,10977,5309,2590,2719,
53110,21240,10163,11077,37167,17865,19302,42477,20440,22037,37165,17843,19322,21236,10257,10979,5309,2590,2719,
53115,21241,10163,11078,37170,17866,19304,42478,20440,22038,37168,17845,19323,21237,10258,10979,5310,2591,2719,
53120,21244,10165,11079,37174,17866,19308,42485,20441,22044,37172,17847,19325,21240,10260,10980,5310,2591,2719,
53125,21245,10165,11080,37177,17868,19309,42486,20441,22045,37175,17848,19327,21241,10261,10980,5311,2592,2719,
53130,21248,10166,11082,37181,17868,19313,42493,20444,22049,37179,17848,19331,21244,10264,10980,5311,2592,2719,
53135,21249,10166,11083,37184,17868,19316,42494,20444,22050,37182,17850,19332,21245,10265,10980,5312,2593,2719,
53140,21252,10168,11084,37188,17868,19320,42501,20448,22053,37186,17851,19335,21248,10266,10982,5312,2593,2719,
53145,21253,10169,11084,37191,17868,19323,42502,20449,22053,37189,17852,19337,21249,10267,10982,5313,2593,2720,
53150,21256,10172,11084,37195,17869,19326,42509,20454,22055,37193,17856,19337,21252,10268,10984,5313,2593,2720,
53155,21257,10172,11085,37198,17870,19328,42510,20455,22055,37196,17858,19338,21253,10268,10985,5314,2594,2720,
53160,21260,10175,11085,37202,17872,19330,42517,20455,22062,37200,17860,19340,21256,10271,10985,5314,2594,2720,
53165,21261,10176,11085,37205,17873,19332,42518,20456,22062,37203,17861,19342,21257,10272,10985,5315,2595,2720,
53170,21264,10177,11087,37209,17875,19334,42525,20456,22069,37207,17864,19343,21260,10274,10986,5315,2595,2720,
53175,21265,10177,11088,37212,17877,19335,42526,20456,22070,37210,17865,19345,21261,10274,10987,5316,2596,2720,
53180,21268,10179,11089,37216,17877,19339,42533,20458,22075,37214,17866,19348,21264,10275,10989,5316,2596,2720,
53185,21269,10179,11090,37219,17877,19342,42534,20458,22076,37217,17867,19350,21265,10275,10990,5317,2596,2721,
53190,21272,10181,11091,37223,17880,19343,42541,20460,22081,37221,17869,19352,21268,10277,10991,5317,2596,2721,
53195,21273,10181,11092,37226,17882,19344,42542,20461,22081,37224,17871,19353,21269,10278,10991,5318,2596,2722,
53200,21276,10182,11094,37230,17885,19345,42549,20465,22084,37228,17872,19356,21272,10279,10993,5318,2596,2722,
53205,21277,10183,11094,37233,17885,19348,42550,20466,22084,37231,17872,19359,21273,10280,10993,5319,2597,2722,
53210,21280,10184,11096,37237,17888,19349,42557,20470,22087,37235,17872,19363,21276,10282,10994,5319,2597,2722,
53215,21281,10184,11097,37240,17889,19351,42558,20470,22088,37238,17874,19364,21277,10283,10994,5320,2597,2723,
53220,21284,10186,11098,37244,17889,19355,42565,20473,22092,37242,17877,19365,21280,10285,10995,5320,2597,2723,
53225,21285,10186,11099,37247,17889,19358,42566,20473,22093,37245,17879,19366,21281,10285,10996,5321,2598,2723,
53230,21288,10188,11100,37251,17892,19359,42573,20477,22096,37249,17880,19369,21284,10286,10998,5321,2598,2723,
53235,21289,10188,11101,37254,17894,19360,42574,20478,22096,37252,17882,19370,21285,10286,10999,5322,2598,2724,
53240,21292,10190,11102,37258,17895,19363,42581,20482,22099,37256,17884,19372,21288,10289,10999,5322,2598,2724,
53245,21293,10191,11102,37261,17896,19365,42582,20482,22100,37259,17887,19372,21289,10289,11000,5323,2598,2725,
53250,21296,10192,11104,37265,17899,19366,42589,20486,22103,37263,17888,19375,21292,10289,11003,5323,2598,2725,
53255,21297,10192,11105,37268,17899,19369,42590,20486,22104,37266,17889,19377,21293,10289,11004,5324,2599,2725,
53260,21300,10195,11105,37272,17901,19371,42597,20488,22109,37270,17891,19379,21296,10290,11006,5324,2599,2725,
53265,21301,10195,11106,37275,17901,19374,42598,20489,22109,37273,17894,19379,21297,10290,11007,5325,2600,2725,
53270,21304,10195,11109,37279,17903,19376,42605,20492,22113,37277,17896,19381,21300,10292,11008,5325,2600,2725,
53275,21305,10196,11109,37282,17904,19378,42606,20492,22114,37280,17897,19383,21301,10292,11009,5326,2600,2726,
53280,21308,10198,11110,37286,17907,19379,42613,20497,22116,37284,17899,19385,21304,10294,11010,5326,2600,2726,
53285,21309,10198,11111,37289,17910,19379,42614,20498,22116,37287,17900,19387,21305,10295,11010,5327,2601,2726,
53290,21312,10201,11111,37293,17912,19381,42621,20500,22121,37291,17902,19389,21308,10296,11012,5327,2601,2726,
53295,21313,10201,11112,37296,17914,19382,42622,20501,22121,37294,17904,19390,21309,10297,11012,5328,2602,2726,
53300,21316,10201,11115,37300,17917,19383,42629,20503,22126,37298,17906,19392,21312,10297,11015,5328,2602,2726,
53305,21317,10202,11115,37303,17919,19384,42630,20504,22126,37301,17906,19395,21313,10298,11015,5329,2603,2726,
53310,21320,10202,11118,37307,17920,19387,42637,20506,22131,37305,17909,19396,21316,10300,11016,5329,2603,2726,
53315,21321,10203,11118,37310,17922,19388,42638,20506,22132,37308,17912,19396,21317,10301,11016,5330,2603,2727,
53320,21324,10204,11120,37314,17923,19391,42645,20508,22137,37312,17914,19398,21320,10302,11018,5330,2603,2727,
53325,21325,10205,11120,37317,17925,19392,42646,20509,22137,37315,17915,19400,21321,10302,11019,5331,2603,2728,
53330,21328,10206,11122,37321,17926,19395,42653,20516,22137,37319,17918,19401,21324,10303,11021,5331,2603,2728,
53335,21329,10206,11123,37324,17927,19397,42654,20516,22138,37322,17921,19401,21325,10303,11022,5332,2603,2729,
53340,21332,10206,11126,37328,17930,19398,42661,20518,22143,37326,17925,19401,21328,10304,11024,5332,2603,2729,
53345,21333,10207,11126,37331,17932,19399,42662,20518,22144,37329,17926,19403,21329,10305,11024,5333,2604,2729,
53350,21336,10209,11127,37335,17933,19402,42669,20523,22146,37333,17928,19405,21332,10305,11027,5333,2604,2729,
53355,21337,10210,11127,37338,17934,19404,42670,20524,22146,37336,17929,19407,21333,10306,11027,5334,2604,2730,
53360,21340,10213,11127,37342,17937,19405,42677,20528,22149,37340,17931,19409,21336,10308,11028,5334,2604,2730,
53365,21341,10213,11128,37345,17939,19406,42678,20529,22149,37343,17932,19411,21337,10308,11029,5335,2605,2730,
53370,21344,10213,11131,37349,17941,19408,42685,20533,22152,37347,17933,19414,21340,10311,11029,5335,2605,2730,
53375,21345,10213,11132,37352,17943,19409,42686,20533,22153,37350,17935,19415,21341,10311,11030,5336,2605,2731,
53380,21348,10213,11135,37356,17944,19412,42693,20536,22157,37354,17935,19419,21344,10314,11030,5336,2605,2731,
53385,21349,10213,11136,37359,17944,19415,42694,20536,22158,37357,17935,19422,21345,10315,11030,5337,2605,2732,
53390,21352,10213,11139,37363,17945,19418,42701,20538,22163,37361,17937,19424,21348,10316,11032,5337,2605,2732,
53395,21353,10213,11140,37366,17946,19420,42702,20538,22164,37364,17939,19425,21349,10317,11032,5338,2606,2732,
53400,21356,10215,11141,37370,17948,19422,42709,20544,22165,37368,17941,19427,21352,10317,11035,5338,2606,2732,
53405,21357,10215,11142,37373,17949,19424,42710,20544,22166,37371,17943,19428,21353,10318,11035,5339,2607,2732,
53410,21360,10216,11144,37377,17952,19425,42717,20547,22170,37375,17943,19432,21356,10319,11037,5339,2607,2732,
53415,21361,10217,11144,37380,17954,19426,42718,20547,22171,37378,17943,19435,21357,10320,11037,5340,2607,2733,
53420,21364,10218,11146,37384,17955,19429,42725,20548,22177,37382,17943,19439,21360,10321,11039,5340,2607,2733,
53425,21365,10219,11146,37387,17956,19431,42726,20548,22178,37385,17944,19441,21361,10322,11039,5341,2608,2733,
53430,21368,10221,11147,37391,17958,19433,42733,20551,22182,37389,17946,19443,21364,10324,11040,5341,2608,2733,
53435,21369,10221,11148,37394,17958,19436,42734,20551,22183,37392,17948,19444,21365,10325,11040,5342,2608,2734,
53440,21372,10222,11150,37398,17960,19438,42741,20555,22186,37396,17951,19445,21368,10325,11043,5342,2608,2734,
53445,21373,10222,11151,37401,17962,19439,42742,20555,22187,37399,17952,19447,21369,10326,11043,5343,2608,2735,
53450,21376,10223,11153,37405,17964,19441,42749,20556,22193,37403,17955,19448,21372,10328,11044,5343,2608,2735,
53455,21377,10223,11154,37408,17966,19442,42750,20556,22194,37406,17955,19451,21373,10328,11045,5344,2609,2735,
53460,21380,10226,11154,37412,17969,19443,42757,20557,22200,37410,17957,19453,21376,10328,11048,5344,2609,2735,
53465,21381,10226,11155,37415,17970,19445,42758,20558,22200,37413,17958,19455,21377,10328,11049,5345,2610,2735,
53470,21384,10228,11156,37419,17973,19446,42765,20561,22204,37417,17959,19458,21380,10330,11050,5345,2610,2735,
53475,21385,10229,11156,37422,17974,19448,42766,20562,22204,37420,17959,19461,21381,10331,11050,5346,2610,2736,
53480,21388,10230,11158,37426,17977,19449,42773,20567,22206,37424,17962,19462,21384,10334,11050,5346,2610,2736,
53485,21389,10231,11158,37429,17978,19451,42774,20568,22206,37427,17965,19462,21385,10335,11050,5347,2611,2736,
53490,21392,10233,11159,37433,17980,19453,42781,20570,22211,37431,17967,19464,21388,10335,11053,5347,2611,2736,
53495,21393,10234,11159,37436,17981,19455,42782,20570,22212,37434,17968,19466,21389,10336,11053,5348,2612,2736,
53500,21396,10235,11161,37440,17982,19458,42789,20573,22216,37438,17969,19469,21392,10338,11054,5348,2612,2736,
53505,21397,10236,11161,37443,17983,19460,42790,20574,22216,37441,17970,19471,21393,10339,11054,5349,2613,2736,
53510,21400,10237,11163,37447,17986,19461,42797,20578,22219,37445,17971,19474,21396,10339,11057,5349,2613,2736,
53515,21401,10237,11164,37450,17988,19462,42798,20578,22220,37448,17973,19475,21397,10339,11058,5350,2614,2736,
53520,21404,10238,11166,37454,17991,19463,42805,20581,22224,37452,17975,19477,21400,10341,11059,5350,2614,2736,
53525,21405,10239,11166,37457,17992,19465,42806,20581,22225,37455,17976,19479,21401,10342,11059,5351,2614,2737,
53530,21408,10240,11168,37461,17995,19466,42813,20588,22225,37459,17978,19481,21404,10344,11060,5351,2614,2737,
53535,21409,10241,11168,37464,17996,19468,42814,20589,22225,37462,17979,19483,21405,10345,11060,5352,2614,2738,
53540,21412,10243,11169,37468,17997,19471,42821,20591,22230,37466,17981,19485,21408,10348,11060,5352,2614,2738,
53545,21413,10243,11170,37471,18000,19471,42822,20591,22231,37469,17983,19486,21409,10348,11061,5353,2615,2738,
53550,21416,10244,11172,37475,18003,19472,42829,20595,22234,37473,17985,19488,21412,10350,11062,5353,2615,2738,
53555,21417,10245,11172,37478,18005,19473,42830,20596,22234,37476,17988,19488,21413,10350,11063,5354,2615,2739,
53560,21420,10247,11173,37482,18007,19475,42837,20599,22238,37480,17988,19492,21416,10353,11063,5354,2615,2739,
53565,21421,10247,11174,37485,18010,19475,42838,20600,22238,37483,17989,19494,21417,10353,11064,5355,2616,2739,
53570,21424,10248,11176,37489,18012,19477,42845,20604,22241,37487,17990,19497,21420,10353,11067,5355,2616,2739,
53575,21425,10249,11176,37492,18014,19478,42846,20604,22242,37490,17991,19499,21421,10354,11067,5356,2617,2739,
53580,21428,10251,11177,37496,18017,19479,42853,20609,22244,37494,17994,19500,21424,10357,11067,5356,2617,2739,
53585,21429,10251,11178,37499,18018,19481,42854,20609,22245,37497,17994,19503,21425,10358,11067,5357,2618,2739,
53590,21432,10252,11180,37503,18018,19485,42861,20612,22249,37501,17998,19503,21428,10360,11068,5357,2618,2739,
53595,21433,10252,11181,37506,18019,19487,42862,20612,22250,37504,18000,19504,21429,10361,11068,5358,2618,2740,
53600,21436,10253,11183,37510,18020,19490,42869,20615,22254,37508,18001,19507,21432,10362,11070,5358,2618,2740,
53605,21437,10254,11183,37513,18022,19491,42870,20615,22255,37511,18002,19509,21433,10363,11070,5359,2618,2741,
53610,21440,10255,11185,37517,18024,19493,42877,20618,22259,37515,18002,19513,21436,10365,11071,5359,2618,2741,
53615,21441,10255,11186,37520,18027,19493,42878,20619,22259,37518,18004,19514,21437,10366,11071,5360,2619,2741,
53620,21444,10258,11186,37524,18029,19495,42885,20621,22264,37522,18004,19518,21440,10368,11072,5360,2619,2741,
53625,21445,10258,11187,37527,18031,19496,42886,20621,22265,37525,18006,19519,21441,10368,11073,5361,2619,2742,
53630,21448,10259,11189,37531,18033,19498,42893,20627,22266,37529,18006,19523,21444,10370,11074,5361,2619,2742,
53635,21449,10260,11189,37534,18035,19499,42894,20628,22266,37532,18008,19524,21445,10371,11074,5362,2619,2743,
53640,21452,10262,11190,37538,18037,19501,42901,20632,22269,37536,18009,19527,21448,10372,11076,5362,2619,2743,
53645,21453,10262,11191,37541,18037,19504,42902,20633,22269,37539,18011,19528,21449,10372,11077,5363,2620,2743,
53650,21456,10264,11192,37545,18040,19505,42909,20638,22271,37543,18013,19530,21452,10373,11079,5363,2620,2743,
53655,21457,10264,11193,37548,18042,19506,42910,20638,22272,37546,18014,19532,21453,10374,11079,5364,2621,2743,
53660,21460,10266,11194,37552,18045,19507,42917,20643,22274,37550,18016,19534,21456,10376,11080,5364,2621,2743,
53665,21461,10267,11194,37555,18046,19509,42918,20643,22275,37553,18018,19535,21457,10377,11080,5365,2621,2744,
53670,21464,10269,11195,37559,18048,19511,42925,20647,22278,37557,18021,19536,21460,10379,11081,5365,2621,2744,
53675,21465,10269,11196,37562,18049,19513,42926,20648,22278,37560,18022,19538,21461,10380,11081,5366,2621,2745,
53680,21468,10271,11197,37566,18051,19515,42933,20652,22281,37564,18023,19541,21464,10381,11083,5366,2621,2745,
53685,21469,10272,11197,37569,18054,19515,42934,20652,22282,37567,18025,19542,21465,10381,11084,5367,2621,2746,
53690,21472,10274,11198,37573,18054,19519,42941,20655,22286,37571,18027,19544,21468,10381,11087,5367,2621,2746,
53695,21473,10275,11198,37576,18054,19522,42942,20656,22286,37574,18028,19546,21469,10382,11087,5368,2622,2746,
53700,21476,10276,11200,37580,18054,19526,42949,20660,22289,37578,18029,19549,21472,10384,11088,5368,2622,2746,
53705,21477,10276,11201,37583,18057,19526,42950,20660,22290,37581,18031,19550,21473,10384,11089,5369,2623,2746,
53710,21480,10278,11202,37587,18059,19528,42957,20662,22295,37585,18032,19553,21476,10385,11091,5369,2623,2746,
53715,21481,10278,11203,37590,18061,19529,42958,20663,22295,37588,18034,19554,21477,10386,11091,5370,2624,2746,
53720,21484,10280,11204,37594,18063,19531,42965,20667,22298,37592,18037,19555,21480,10389,11091,5370,2624,2746,
53725,21485,10281,11204,37597,18063,19534,42966,20667,22299,37595,18038,19557,21481,10389,11092,5371,2624,2747,
53730,21488,10282,11206,37601,18064,19537,42973,20672,22301,37599,18038,19561,21484,10392,11092,5371,2624,2747,
53735,21489,10282,11207,37604,18065,19539,42974,20672,22302,37602,18040,19562,21485,10393,11092,5372,2624,2748,
53740,21492,10283,11209,37608,18067,19541,42981,20678,22303,37606,18043,19563,21488,10394,11094,5372,2624,2748,
53745,21493,10283,11210,37611,18069,19542,42982,20678,22304,37609,18043,19566,21489,10394,11095,5373,2624,2749,
53750,21496,10284,11212,37615,18071,19544,42989,20684,22305,37613,18045,19568,21492,10396,11096,5373,2624,2749,
53755,21497,10285,11212,37618,18072,19546,42990,20684,22306,37616,18046,19570,21493,10396,11097,5374,2625,2749,
53760,21500,10288,11212,37622,18073,19549,42997,20685,22312,37620,18048,19572,21496,10396,11100,5374,2625,2749,
53765,21501,10289,11212,37625,18075,19550,42998,20685,22313,37623,18050,19573,21497,10396,11101,5375,2625,2750,
53770,21504,10292,11212,37629,18078,19551,43005,20689,22316,37627,18054,19573,21500,10397,11103,5375,2625,2750,
53775,21505,10292,11213,37632,18078,19554,43006,20689,22317,37630,18055,19575,21501,10398,11103,5376,2626,2750,
53780,21508,10293,11215,37636,18079,19557,43013,20691,22322,37634,18057,19577,21504,10399,11105,5376,2626,2750,
53785,21509,10294,11215,37639,18080,19559,43014,20692,22322,37637,18058,19579,21505,10399,11106,5377,2626,2751,
53790,21512,10296,11216,37643,18082,19561,43021,20695,22326,37641,18059,19582,21508,10401,11107,5377,2626,2751,
53795,21513,10296,11217,37646,18083,19563,43022,20695,22327,37644,18061,19583,21509,10401,11108,5378,2627,2751,
53800,21516,10298,11218,37650,18085,19565,43029,20699,22330,37648,18062,19586,21512,10402,11110,5378,2627,2751,
53805,21517,10298,11219,37653,18087,19566,43030,20700,22330,37651,18065,19586,21513,10403,11110,5379,2628,2751,
53810,21520,10300,11220,37657,18090,19567,43037,20703,22334,37655,18067,19588,21516,10404,11112,5379,2628,2751,
53815,21521,10301,11220,37660,18091,19569,43038,20703,22335,37658,18070,19588,21517,10404,11113,5380,2629,2751,
53820,21524,10303,11221,37664,18093,19571,43045,20707,22338,37662,18072,19590,21520,10406,11114,5380,2629,2751,
53825,21525,10304,11221,37667,18094,19573,43046,20707,22339,37665,18074,19591,21521,10406,11115,5381,2629,2752,
53830,21528,10305,11223,37671,18096,19575,43053,20709,22344,37669,18077,19592,21524,10407,11117,5381,2629,2752,
53835,21529,10306,11223,37674,18098,19576,43054,20709,22345,37672,18077,19595,21525,10408,11117,5382,2629,2753,
53840,21532,10309,11223,37678,18101,19577,43061,20714,22347,37676,18080,19596,21528,10409,11119,5382,2629,2753,
53845,21533,10309,11224,37681,18101,19580,43062,20714,22348,37679,18082,19597,21529,10409,11120,5383,2629,2754,
53850,21536,10310,11226,37685,18103,19582,43069,20716,22353,37683,18083,19600,21532,10411,11121,5383,2629,2754,
53855,21537,10310,11227,37688,18105,19583,43070,20716,22354,37686,18084,19602,21533,10412,11121,5384,2629,2755,
53860,21540,10311,11229,37692,18106,19586,43077,20721,22356,37690,18085,19605,21536,10412,11124,5384,2629,2755,
53865,21541,10312,11229,37695,18107,19588,43078,20721,22357,37693,18085,19608,21537,10413,11124,5385,2629,2756,
53870,21544,10313,11231,37699,18110,19589,43085,20724,22361,37697,18088,19609,21540,10416,11124,5385,2629,2756,
53875,21545,10314,11231,37702,18112,19590,43086,20725,22361,37700,18091,19609,21541,10416,11125,5386,2630,2756,
53880,21548,10316,11232,37706,18112,19594,43093,20729,22364,37704,18093,19611,21544,10418,11126,5386,2630,2756,
53885,21549,10316,11233,37709,18113,19596,43094,20730,22364,37707,18093,19614,21545,10419,11126,5387,2631,2756,
53890,21552,10317,11235,37713,18115,19598,43101,20733,22368,37711,18094,19617,21548,10420,11128,5387,2631,2756,
53895,21553,10317,11236,37716,18117,19599,43102,20733,22369,37714,18096,19618,21549,10421,11128,5388,2631,2757,
53900,21556,10318,11238,37720,18119,19601,43109,20736,22373,37718,18100,19618,21552,10422,11130,5388,2631,2757,
53905,21557,10319,11238,37723,18119,19604,43110,20736,22374,37721,18102,19619,21553,10422,11131,5389,2632,2757,
53910,21560,10322,11238,37727,18121,19606,43117,20741,22376,37725,18104,19621,21556,10423,11133,5389,2632,2757,
53915,21561,10323,11238,37730,18124,19606,43118,20742,22376,37728,18106,19622,21557,10424,11133,5390,2633,2757,
53920,21564,10325,11239,37734,18126,19608,43125,20746,22379,37732,18107,19625,21560,10425,11135,5390,2633,2757,
53925,21565,10326,11239,37737,18126,19611,43126,20747,22379,37735,18107,19628,21561,10425,11136,5391,2634,2757,
53930,21568,10327,11241,37741,18128,19613,43133,20751,22382,37739,18110,19629,21564,10426,11138,5391,2634,2757,
53935,21569,10327,11242,37744,18128,19616,43134,20751,22383,37742,18113,19629,21565,10426,11139,5392,2635,2757,
53940,21572,10328,11244,37748,18129,19619,43141,20754,22387,37746,18117,19629,21568,10429,11139,5392,2635,2757,
53945,21573,10329,11244,37751,18130,19621,43142,20754,22388,37749,18119,19630,21569,10430,11139,5393,2636,2757,
53950,21576,10330,11246,37755,18132,19623,43149,20758,22391,37753,18121,19632,21572,10431,11141,5393,2636,2757,
53955,21577,10331,11246,37758,18135,19623,43150,20758,22392,37756,18121,19635,21573,10432,11141,5394,2636,2758,
53960,21580,10333,11247,37762,18136,19626,43157,20761,22396,37760,18122,19638,21576,10432,11144,5394,2636,2758,
53965,21581,10334,11247,37765,18136,19629,43158,20762,22396,37763,18124,19639,21577,10433,11144,5395,2637,2758,
53970,21584,10336,11248,37769,18137,19632,43165,20766,22399,37767,18127,19640,21580,10436,11144,5395,2637,2758,
53975,21585,10336,11249,37772,18139,19633,43166,20766,22400,37770,18129,19641,21581,10437,11144,5396,2638,2758,
53980,21588,10339,11249,37776,18142,19634,43173,20769,22404,37774,18132,19642,21584,10439,11145,5396,2638,2758,
53985,21589,10340,11249,37779,18142,19637,43174,20770,22404,37777,18132,19645,21585,10439,11146,5397,2639,2758,
53990,21592,10342,11250,37783,18144,19639,43181,20771,22410,37781,18133,19648,21588,10441,11147,5397,2639,2758,
53995,21593,10342,11251,37786,18145,19641,43182,20771,22411,37784,18133,19651,21589,10442,11147,5398,2640,2758,
54000,21596,10343,11253,37790,18146,19644,43189,20774,22415,37788,18134,19654,21592,10442,11150,5398,2640,2758,
54005,21597,10343,11254,37793,18147,19646,43190,20774,22416,37791,18135,19656,21593,10442,11151,5399,2641,2758,
54010,21600,10344,11256,37797,18151,19646,43197,20776,22421,37795,18135,19660,21596,10443,11153,5399,2641,2758,
54015,21601,10345,11256,37800,18154,19646,43198,20777,22421,37798,18137,19661,21597,10443,11154,5400,2641,2759,
54020,21604,10346,11258,37804,18156,19648,43205,20781,22424,37802,18139,19663,21600,10444,11156,5400,2641,2759,
54025,21605,10347,11258,37807,18157,19650,43206,20781,22425,37805,18141,19664,21601,10445,11156,5401,2641,2760,
54030,21608,10348,11260,37811,18159,19652,43213,20784,22429,37809,18142,19667,21604,10448,11156,5401,2641,2760,
54035,21609,10348,11261,37814,18160,19654,43214,20785,22429,37812,18143,19669,21605,10448,11157,5402,2642,2760,
54040,21612,10349,11263,37818,18163,19655,43221,20786,22435,37816,18145,19671,21608,10449,11159,5402,2642,2760,
54045,21613,10350,11263,37821,18164,19657,43222,20787,22435,37819,18145,19674,21609,10449,11160,5403,2642,2761,
54050,21616,10352,11264,37825,18167,19658,43229,20790,22439,37823,18147,19676,21612,10450,11162,5403,2642,2761,
54055,21617,10352,11265,37828,18169,19659,43230,20790,22440,37826,18148,19678,21613,10450,11163,5404,2643,2761,
54060,21620,10354,11266,37832,18170,19662,43237,20793,22444,37830,18149,19681,21616,10450,11166,5404,2643,2761,
54065,21621,10354,11267,37835,18172,19663,43238,20794,22444,37833,18150,19683,21617,10450,11167,5405,2644,2761,
54070,21624,10356,11268,37839,18175,19664,43245,20798,22447,37837,18152,19685,21620,10451,11169,5405,2644,2761,
54075,21625,10356,11269,37842,18177,19665,43246,20799,22447,37840,18155,19685,21621,10451,11170,5406,2644,2762,
54080,21628,10359,11269,37846,18180,19666,43253,20804,22449,37844,18157,19687,21624,10452,11172,5406,2644,2762,
54085,21629,10360,11269,37849,18181,19668,43254,20804,22450,37847,18157,19690,21625,10453,11172,5407,2645,2762,
54090,21632,10362,11270,37853,18184,19669,43261,20807,22454,37851,18157,19694,21628,10453,11175,5407,2645,2762,
54095,21633,10363,11270,37856,18185,19671,43262,20807,22455,37854,18160,19694,21629,10454,11175,5408,2646,2762,
54100,21636,10364,11272,37860,18187,19673,43269,20811,22458,37858,18162,19696,21632,10456,11176,5408,2646,2762,
54105,21637,10365,11272,37863,18188,19675,43270,20811,22459,37861,18162,19699,21633,10456,11177,5409,2646,2763,
54110,21640,10368,11272,37867,18188,19679,43277,20812,22465,37865,18163,19702,21636,10458,11178,5409,2646,2763,
54115,21641,10369,11272,37870,18188,19682,43278,20812,22466,37868,18165,19703,21637,10459,11178,5410,2646,2764,
54120,21644,10371,11273,37874,18190,19684,43285,20813,22472,37872,18166,19706,21640,10462,11178,5410,2646,2764,
54125,21645,10371,11274,37877,18192,19685,43286,20814,22472,37875,18168,19707,21641,10462,11179,5411,2647,2764,
54130,21648,10372,11276,37881,18195,19686,43293,20814,22479,37879,18171,19708,21644,10463,11181,5411,2647,2764,
54135,21649,10372,11277,37884,18197,19687,43294,20815,22479,37882,18173,19709,21645,10464,11181,5412,2647,2765,
54140,21652,10372,11280,37888,18199,19689,43301,20820,22481,37886,18176,19710,21648,10465,11183,5412,2647,2765,
54145,21653,10372,11281,37891,18199,19692,43302,20820,22482,37889,18177,19712,21649,10465,11184,5413,2648,2765,
54150,21656,10373,11283,37895,18202,19693,43309,20824,22485,37893,18180,19713,21652,10467,11185,5413,2648,2765,
54155,21657,10374,11283,37898,18202,19696,43310,20824,22486,37896,18181,19715,21653,10467,11186,5414,2649,2765,
54160,21660,10377,11283,37902,18204,19698,43317,20827,22490,37900,18182,19718,21656,10468,11188,5414,2649,2765,
54165,21661,10378,11283,37905,18206,19699,43318,20827,22491,37903,18184,19719,21657,10468,11189,5415,2650,2765,
54170,21664,10380,11284,37909,18208,19701,43325,20831,22494,37907,18187,19720,21660,10469,11191,5415,2650,2765,
54175,21665,10381,11284,37912,18209,19703,43326,20831,22495,37910,18188,19722,21661,10469,11192,5416,2650,2766,
54180,21668,10382,11286,37916,18210,19706,43333,20833,22500,37914,18190,19724,21664,10470,11194,5416,2650,2766,
54185,21669,10382,11287,37919,18211,19708,43334,20834,22500,37917,18191,19726,21665,10471,11194,5417,2651,2766,
54190,21672,10384,11288,37923,18214,19709,43341,20836,22505,37921,18195,19726,21668,10473,11195,5417,2651,2766,
54195,21673,10385,11288,37926,18215,19711,43342,20836,22506,37924,18196,19728,21669,10474,11195,5418,2652,2766,
54200,21676,10387,11289,37930,18217,19713,43349,20840,22509,37928,18197,19731,21672,10475,11197,5418,2652,2766,
54205,21677,10387,11290,37933,18217,19716,43350,20840,22510,37931,18199,19732,21673,10475,11198,5419,2652,2767,
54210,21680,10388,11292,37937,18219,19718,43357,20843,22514,37935,18201,19734,21676,10477,11199,5419,2652,2767,
54215,21681,10389,11292,37940,18222,19718,43358,20844,22514,37938,18203,19735,21677,10477,11200,5420,2652,2768,
54220,21684,10390,11294,37944,18222,19722,43365,20848,22517,37942,18205,19737,21680,10478,11202,5420,2652,2768,
54225,21685,10391,11294,37947,18223,19724,43366,20849,22517,37945,18207,19738,21681,10479,11202,5421,2652,2769,
54230,21688,10392,11296,37951,18226,19725,43373,20852,22521,37949,18209,19740,21684,10481,11203,5421,2652,2769,
54235,21689,10393,11296,37954,18227,19727,43374,20852,22522,37952,18209,19743,21685,10481,11204,5422,2652,2770,
54240,21692,10394,11298,37958,18227,19731,43381,20855,22526,37956,18211,19745,21688,10482,11206,5422,2652,2770,
54245,21693,10394,11299,37961,18227,19734,43382,20855,22527,37959,18214,19745,21689,10482,11207,5423,2652,2771,
54250,21696,10396,11300,37965,18227,19738,43389,20861,22528,37963,18216,19747,21692,10484,11208,5423,2652,2771,
54255,21697,10397,11300,37968,18227,19741,43390,20861,22529,37966,18217,19749,21693,10484,11209,5424,2653,2771,
54260,21700,10397,11303,37972,18231,19741,43397,20863,22534,37970,18218,19752,21696,10486,11210,5424,2653,2771,
54265,21701,10398,11303,37975,18233,19742,43398,20864,22534,37973,18219,19754,21697,10486,11211,5425,2653,2772,
54270,21704,10399,11305,37979,18234,19745,43405,20865,22540,37977,18221,19756,21700,10488,11212,5425,2653,2772,
54275,21705,10399,11306,37982,18235,19747,43406,20865,22541,37980,18223,19757,21701,10489,11212,5426,2653,2773,
54280,21708,10402,11306,37986,18235,19751,43413,20869,22544,37984,18224,19760,21704,10490,11214,5426,2653,2773,
54285,21709,10403,11306,37989,18237,19752,43414,20870,22544,37987,18227,19760,21705,10490,11215,5427,2653,2774,
54290,21712,10404,11308,37993,18240,19753,43421,20873,22548,37991,18229,19762,21708,10491,11217,5427,2653,2774,
54295,21713,10404,11309,37996,18242,19754,43422,20874,22548,37994,18231,19763,21709,10491,11218,5428,2653,2775,
54300,21716,10405,11311,38000,18245,19755,43429,20878,22551,37998,18233,19765,21712,10491,11221,5428,2653,2775,
54305,21717,10405,11312,38003,18246,19757,43430,20878,22552,38001,18234,19767,21713,10492,11221,5429,2654,2775,
54310,21720,10406,11314,38007,18247,19760,43437,20883,22554,38005,18237,19768,21716,10494,11222,5429,2654,2775,
54315,21721,10406,11315,38010,18249,19761,43438,20884,22554,38008,18238,19770,21717,10495,11222,5430,2654,2776,
54320,21724,10408,11316,38014,18250,19764,43445,20889,22556,38012,18239,19773,21720,10496,11224,5430,2654,2776,
54325,21725,10409,11316,38017,18251,19766,43446,20889,22557,38015,18239,19776,21721,10496,11225,5431,2654,2777,
54330,21728,10411,11317,38021,18253,19768,43453,20893,22560,38019,18241,19778,21724,10497,11227,5431,2654,2777,
54335,21729,10411,11318,38024,18255,19769,43454,20893,22561,38022,18244,19778,21725,10497,11228,5432,2654,2778,
54340,21732,10412,11320,38028,18256,19772,43461,20896,22565,38026,18246,19780,21728,10499,11229,5432,2654,2778,
54345,21733,10412,11321,38031,18257,19774,43462,20897,22565,38029,18249,19780,21729,10499,11230,5433,2654,2779,
54350,21736,10414,11322,38035,18260,19775,43469,20900,22569,38033,18251,19782,21732,10499,11233,5433,2654,2779,
54355,21737,10415,11322,38038,18262,19776,43470,20900,22570,38036,18254,19782,21733,10500,11233,5434,2654,2780,
54360,21740,10417,11323,38042,18266,19776,43477,20903,22574,38040,18255,19785,21736,10501,11235,5434,2654,2780,
54365,21741,10417,11324,38045,18268,19777,43478,20903,22575,38043,18258,19785,21737,10501,11236,5435,2655,2780,
54370,21744,10419,11325,38049,18271,19778,43485,20909,22576,38047,18259,19788,21740,10504,11236,5435,2655,2780,
54375,21745,10420,11325,38052,18272,19780,43486,20909,22577,38050,18259,19791,21741,10505,11236,5436,2655,2781,
54380,21748,10421,11327,38056,18274,19782,43493,20913,22580,38054,18259,19795,21744,10506,11238,5436,2655,2781,
54385,21749,10421,11328,38059,18275,19784,43494,20914,22580,38057,18261,19796,21745,10507,11238,5437,2655,2782,
54390,21752,10423,11329,38063,18276,19787,43501,20918,22583,38061,18263,19798,21748,10508,11240,5437,2655,2782,
54395,21753,10423,11330,38066,18279,19787,43502,20918,22584,38064,18264,19800,21749,10509,11240,5438,2655,2783,
54400,21756,10424,11332,38070,18282,19788,43509,20921,22588,38068,18265,19803,21752,10511,11241,5438,2655,2783,
54405,21757,10424,11333,38073,18283,19790,43510,20922,22588,38071,18266,19805,21753,10511,11242,5439,2656,2783,
54410,21760,10425,11335,38077,18285,19792,43517,20926,22591,38075,18268,19807,21756,10513,11243,5439,2656,2783,
54415,21761,10425,11336,38080,18287,19793,43518,20927,22591,38078,18270,19808,21757,10514,11243,5440,2656,2784,
54420,21764,10427,11337,38084,18290,19794,43525,20931,22594,38082,18272,19810,21760,10515,11245,5440,2656,2784,
54425,21765,10428,11337,38087,18291,19796,43526,20932,22594,38085,18274,19811,21761,10515,11246,5441,2657,2784,
54430,21768,10430,11338,38091,18295,19796,43533,20936,22597,38089,18276,19813,21764,10516,11248,5441,2657,2784,
54435,21769,10430,11339,38094,18297,19797,43534,20936,22598,38092,18277,19815,21765,10517,11248,5442,2657,2785,
54440,21772,10430,11342,38098,18299,19799,43541,20938,22603,38096,18279,19817,21768,10518,11250,5442,2657,2785,
54445,21773,10430,11343,38101,18299,19802,43542,20938,22604,38099,18279,19820,21769,10519,11250,5443,2657,2786,
54450,21776,10430,11346,38105,18301,19804,43549,20940,22609,38103,18281,19822,21772,10520,11252,5443,2657,2786,
54455,21777,10431,11346,38108,18302,19806,43550,20941,22609,38106,18283,19823,21773,10521,11252,5444,2658,2786,
54460,21780,10432,11348,38112,18304,19808,43557,20942,22615,38110,18283,19827,21776,10522,11254,5444,2658,2786,
54465,21781,10432,11349,38115,18305,19810,43558,20942,22616,38113,18284,19829,21777,10523,11254,5445,2659,2786,
54470,21784,10434,11350,38119,18307,19812,43565,20945,22620,38117,18287,19830,21780,10524,11256,5445,2659,2786,
54475,21785,10435,11350,38122,18308,19814,43566,20946,22620,38120,18289,19831,21781,10525,11256,5446,2660,2786,
54480,21788,10437,11351,38126,18310,19816,43573,20951,22622,38124,18293,19831,21784,10526,11258,5446,2660,2786,
54485,21789,10438,11351,38129,18312,19817,43574,20951,22623,38127,18293,19834,21785,10527,11258,5447,2661,2786,
54490,21792,10439,11353,38133,18313,19820,43581,20953,22628,38131,18294,19837,21788,10528,11260,5447,2661,2786,
54495,21793,10440,11353,38136,18316,19820,43582,20953,22629,38134,18296,19838,21789,10528,11261,5448,2661,2787,
54500,21796,10442,11354,38140,18320,19820,43589,20957,22632,38138,18298,19840,21792,10530,11262,5448,2661,2787,
54505,21797,10443,11354,38143,18320,19823,43590,20958,22632,38141,18301,19840,21793,10530,11263,5449,2662,2787,
54510,21800,10445,11355,38147,18323,19824,43597,20961,22636,38145,18305,19840,21796,10532,11264,5449,2662,2787,
54515,21801,10445,11356,38150,18324,19826,43598,20961,22637,38148,18306,19842,21797,10532,11265,5450,2663,2787,
54520,21804,10447,11357,38154,18325,19829,43605,20965,22640,38152,18308,19844,21800,10533,11267,5450,2663,2787,
54525,21805,10447,11358,38157,18325,19832,43606,20965,22641,38155,18310,19845,21801,10533,11268,5451,2663,2788,
54530,21808,10449,11359,38161,18328,19833,43613,20968,22645,38159,18311,19848,21804,10535,11269,5451,2663,2788,
54535,21809,10449,11360,38164,18330,19834,43614,20968,22646,38162,18313,19849,21805,10535,11270,5452,2663,2789,
54540,21812,10451,11361,38168,18333,19835,43621,20974,22647,38166,18314,19852,21808,10535,11273,5452,2663,2789,
54545,21813,10451,11362,38171,18334,19837,43622,20975,22647,38169,18315,19854,21809,10535,11274,5453,2664,2789,
54550,21816,10453,11363,38175,18336,19839,43629,20978,22651,38173,18317,19856,21812,10537,11275,5453,2664,2789,
54555,21817,10454,11363,38178,18337,19841,43630,20978,22652,38176,18318,19858,21813,10537,11276,5454,2664,2790,
54560,21820,10454,11366,38182,18340,19842,43637,20982,22655,38180,18320,19860,21816,10540,11276,5454,2664,2790,
54565,21821,10455,11366,38185,18341,19844,43638,20983,22655,38183,18322,19861,21817,10540,11277,5455,2664,2791,
54570,21824,10457,11367,38189,18341,19848,43645,20988,22657,38187,18325,19862,21820,10542,11278,5455,2664,2791,
54575,21825,10457,11368,38192,18341,19851,43646,20989,22657,38190,18327,19863,21821,10542,11279,5456,2665,2791,
54580,21828,10459,11369,38196,18342,19854,43653,20992,22661,38194,18328,19866,21824,10544,11280,5456,2665,2791,
54585,21829,10460,11369,38199,18342,19857,43654,20992,22662,38197,18331,19866,21825,10545,11280,5457,2665,2792,
54590,21832,10460,11372,38203,18344,19859,43661,20996,22665,38201,18332,19869,21828,10547,11281,5457,2665,2792,
54595,21833,10460,11373,38206,18346,19860,43662,20996,22666,38204,18334,19870,21829,10547,11282,5458,2666,2792,
54600,21836,10461,11375,38210,18349,19861,43669,21001,22668,38208,18334,19874,21832,10548,11284,5458,2666,2792,
54605,21837,10462,11375,38213,18351,19862,43670,21002,22668,38211,18336,19875,21833,10549,11284,5459,2667,2792,
54610,21840,10465,11375,38217,18352,19865,43677,21002,22675,38215,18338,19877,21836,10550,11286,5459,2667,2792,
54615,21841,10465,11376,38220,18354,19866,43678,21003,22675,38218,18340,19878,21837,10551,11286,5460,2668,2792,
54620,21844,10465,11379,38224,18354,19870,43685,21005,22680,38222,18342,19880,21840,10553,11287,5460,2668,2792,
54625,21845,10465,11380,38227,18357,19870,43686,21005,22681,38225,18344,19881,21841,10554,11287,5461,2669,2792,
54630,21848,10466,11382,38231,18358,19873,43693,21007,22686,38229,18346,19883,21844,10557,11287,5461,2669,2792,
54635,21849,10466,11383,38234,18360,19874,43694,21007,22687,38232,18347,19885,21845,10557,11288,5462,2669,2793,
54640,21852,10469,11383,38238,18362,19876,43701,21012,22689,38236,18349,19887,21848,10558,11290,5462,2669,2793,
54645,21853,10469,11384,38241,18363,19878,43702,21012,22690,38239,18350,19889,21849,10558,11291,5463,2669,2794,
54650,21856,10471,11385,38245,18364,19881,43709,21014,22695,38243,18352,19891,21852,10559,11293,5463,2669,2794,
54655,21857,10472,11385,38248,18366,19882,43710,21014,22696,38246,18353,19893,21853,10560,11293,5464,2669,2795,
54660,21860,10473,11387,38252,18368,19884,43717,21015,22702,38250,18354,19896,21856,10563,11293,5464,2669,2795,
54665,21861,10473,11388,38255,18370,19885,43718,21015,22703,38253,18357,19896,21857,10564,11293,5465,2669,2796,
54670,21864,10475,11389,38259,18370,19889,43725,21019,22706,38257,18359,19898,21860,10565,11295,5465,2669,2796,
54675,21865,10476,11389,38262,18372,19890,43726,21020,22706,38260,18359,19901,21861,10566,11295,5466,2670,2796,
54680,21868,10477,11391,38266,18376,19890,43733,21025,22708,38264,18362,19902,21864,10567,11297,5466,2670,2796,
54685,21869,10477,11392,38269,18379,19890,43734,21026,22708,38267,18364,19903,21865,10567,11298,5467,2671,2796,
54690,21872,10477,11395,38273,18380,19893,43741,21028,22713,38271,18366,19905,21868,10570,11298,5467,2671,2796,
54695,21873,10478,11395,38276,18382,19894,43742,21028,22714,38274,18367,19907,21869,10571,11298,5468,2671,2797,
54700,21876,10480,11396,38280,18383,19897,43749,21031,22718,38278,18370,19908,21872,10573,11299,5468,2671,2797,
54705,21877,10480,11397,38283,18385,19898,43750,21032,22718,38281,18372,19909,21873,10574,11299,5469,2672,2797,
54710,21880,10480,11400,38287,18386,19901,43757,21037,22720,38285,18373,19912,21876,10575,11301,5469,2672,2797,
54715,21881,10480,11401,38290,18388,19902,43758,21037,22721,38288,18374,19914,21877,10575,11302,5470,2673,2797,
54720,21884,10481,11403,38294,18389,19905,43765,21041,22724,38292,18375,19917,21880,10577,11303,5470,2673,2797,
54725,21885,10481,11404,38297,18390,19907,43766,21042,22724,38295,18376,19919,21881,10577,11304,5471,2673,2798,
54730,21888,10484,11404,38301,18391,19910,43773,21045,22728,38299,18378,19921,21884,10578,11306,5471,2673,2798,
54735,21889,10484,11405,38304,18394,19910,43774,21046,22728,38302,18380,19922,21885,10578,11307,5472,2674,2798,
54740,21892,10486,11406,38308,18395,19913,43781,21049,22732,38306,18383,19923,21888,10578,11310,5472,2674,2798,
54745,21893,10487,11406,38311,18397,19914,43782,21049,22733,38309,18385,19924,21889,10578,11311,5473,2675,2798,
54750,21896,10489,11407,38315,18397,19918,43789,21053,22736,38313,18386,19927,21892,10579,11313,5473,2675,2798,
54755,21897,10489,11408,38318,18399,19919,43790,21054,22736,38316,18387,19929,21893,10580,11313,5474,2675,2799,
54760,21900,10491,11409,38322,18400,19922,43797,21058,22739,38320,18389,19931,21896,10581,11315,5474,2675,2799,
54765,21901,10492,11409,38325,18401,19924,43798,21059,22739,38323,18390,19933,21897,10582,11315,5475,2675,2800,
54770,21904,10494,11410,38329,18405,19924,43805,21062,22743,38327,18393,19934,21900,10583,11317,5475,2675,2800,
54775,21905,10495,11410,38332,18406,19926,43806,21063,22743,38330,18394,19936,21901,10584,11317,5476,2675,2801,
54780,21908,10495,11413,38336,18407,19929,43813,21064,22749,38334,18396,19938,21904,10584,11320,5476,2675,2801,
54785,21909,10495,11414,38339,18409,19930,43814,21064,22750,38337,18399,19938,21905,10585,11320,5477,2676,2801,
54790,21912,10498,11414,38343,18412,19931,43821,21066,22755,38341,18400,19941,21908,10586,11322,5477,2676,2801,
54795,21913,10499,11414,38346,18414,19932,43822,21067,22755,38344,18400,19944,21909,10587,11322,5478,2677,2801,
54800,21916,10500,11416,38350,18415,19935,43829,21071,22758,38348,18401,19947,21912,10589,11323,5478,2677,2801,
54805,21917,10501,11416,38353,18417,19936,43830,21072,22758,38351,18401,19950,21913,10590,11323,5479,2678,2801,
54810,21920,10503,11417,38357,18419,19938,43837,21076,22761,38355,18403,19952,21916,10592,11324,5479,2678,2801,
54815,21921,10503,11418,38360,18420,19940,43838,21077,22761,38358,18405,19953,21917,10592,11325,5480,2679,2801,
54820,21924,10503,11421,38364,18422,19942,43845,21082,22763,38362,18408,19954,21920,10592,11328,5480,2679,2801,
54825,21925,10503,11422,38367,18422,19945,43846,21083,22763,38365,18409,19956,21921,10592,11329,5481,2680,2801,
54830,21928,10505,11423,38371,18423,19948,43853,21086,22767,38369,18411,19958,21924,10592,11332,5481,2680,2801,
54835,21929,10506,11423,38374,18425,19949,43854,21087,22767,38372,18412,19960,21925,10592,11333,5482,2680,2802,
54840,21932,10507,11425,38378,18426,19952,43861,21090,22771,38376,18414,19962,21928,10593,11335,5482,2680,2802,
54845,21933,10508,11425,38381,18428,19953,43862,21090,22772,38379,18416,19963,21929,10594,11335,5483,2680,2803,
54850,21936,10509,11427,38385,18430,19955,43869,21094,22775,38383,18418,19965,21932,10596,11336,5483,2680,2803,
54855,21937,10510,11427,38388,18431,19957,43870,21094,22776,38386,18419,19967,21933,10596,11337,5484,2680,2804,
54860,21940,10512,11428,38392,18433,19959,43877,21096,22781,38390,18422,19968,21936,10596,11340,5484,2680,2804,
54865,21941,10512,11429,38395,18433,19962,43878,21097,22781,38393,18424,19969,21937,10597,11340,5485,2681,2804,
54870,21944,10513,11431,38399,18435,19964,43885,21103,22782,38397,18427,19970,21940,10599,11341,5485,2681,2804,
54875,21945,10513,11432,38402,18437,19965,43886,21103,22783,38400,18429,19971,21941,10599,11342,5486,2682,2804,
54880,21948,10515,11433,38406,18439,19967,43893,21107,22786,38404,18431,19973,21944,10600,11344,5486,2682,2804,
54885,21949,10516,11433,38409,18441,19968,43894,21108,22786,38407,18432,19975,21945,10601,11344,5487,2683,2804,
54890,21952,10519,11433,38413,18442,19971,43901,21111,22790,38411,18434,19977,21948,10603,11345,5487,2683,2804,
54895,21953,10520,11433,38416,18443,19973,43902,21111,22791,38414,18436,19978,21949,10603,11346,5488,2683,2805,
54900,21956,10522,11434,38420,18443,19977,43909,21117,22792,38418,18438,19980,21952,10605,11347,5488,2683,2805,
54905,21957,10522,11435,38423,18444,19979,43910,21117,22793,38421,18440,19981,21953,10606,11347,5489,2684,2805,
54910,21960,10522,11438,38427,18445,19982,43917,21122,22795,38425,18441,19984,21956,10608,11348,5489,2684,2805,
54915,21961,10522,11439,38430,18446,19984,43918,21122,22796,38428,18442,19986,21957,10608,11349,5490,2684,2806,
54920,21964,10522,11442,38434,18447,19987,43925,21125,22800,38432,18445,19987,21960,10610,11350,5490,2684,2806,
54925,21965,10523,11442,38437,18447,19990,43926,21125,22801,38435,18448,19987,21961,10610,11351,5491,2685,2806,
54930,21968,10526,11442,38441,18449,19992,43933,21129,22804,38439,18451,19988,21964,10612,11352,5491,2685,2806,
54935,21969,10527,11442,38444,18451,19993,43934,21129,22805,38442,18452,19990,21965,10613,11352,5492,2685,2807,
54940,21972,10528,11444,38448,18451,19997,43941,21135,22806,38446,18455,19991,21968,10614,11354,5492,2685,2807,
54945,21973,10529,11444,38451,18453,19998,43942,21135,22807,38449,18458,19991,21969,10615,11354,5493,2686,2807,
54950,21976,10531,11445,38455,18455,20000,43949,21138,22811,38453,18459,19994,21972,10618,11354,5493,2686,2807,
54955,21977,10532,11445,38458,18457,20001,43950,21139,22811,38456,18461,19995,21973,10619,11354,5494,2686,2808,
54960,21980,10534,11446,38462,18458,20004,43957,21141,22816,38460,18462,19998,21976,10619,11357,5494,2686,2808,
54965,21981,10535,11446,38465,18460,20005,43958,21142,22816,38463,18465,19998,21977,10620,11357,5495,2686,2809,
54970,21984,10537,11447,38469,18461,20008,43965,21147,22818,38467,18467,20000,21980,10621,11359,5495,2686,2809,
54975,21985,10537,11448,38472,18462,20010,43966,21147,22819,38470,18467,20003,21981,10622,11359,5496,2686,2810,
54980,21988,10540,11448,38476,18463,20013,43973,21151,22822,38474,18469,20005,21984,10624,11360,5496,2686,2810,
54985,21989,10541,11448,38479,18463,20016,43974,21152,22822,38477,18470,20007,21985,10624,11361,5497,2687,2810,
54990,21992,10543,11449,38483,18464,20019,43981,21154,22827,38481,18473,20008,21988,10626,11362,5497,2687,2810,
54995,21993,10544,11449,38486,18465,20021,43982,21155,22827,38484,18474,20010,21989,10626,11363,5498,2688,2810,
55000,21996,10545,11451,38490,18467,20023,43989,21158,22831,38488,18476,20012,21992,10628,11364,5498,2688,2810,
55005,21997,10545,11452,38493,18468,20025,43990,21158,22832,38491,18477,20014,21993,10628,11365,5499,2689,2810,
55010,22000,10547,11453,38497,18470,20027,43997,21164,22833,38495,18480,20015,21996,10629,11367,5499,2689,2810,
55015,22001,10548,11453,38500,18471,20029,43998,21165,22833,38498,18480,20018,21997,10629,11368,5500,2690,2810,
55020,22004,10548,11456,38504,18474,20030,44005,21168,22837,38502,18483,20019,22000,10630,11370,5500,2690,2810,
55025,22005,10548,11457,38507,18476,20031,44006,21169,22837,38505,18485,20020,22001,10631,11370,5501,2690,2811,
55030,22008,10549,11459,38511,18478,20033,44013,21174,22839,38509,18488,20021,22004,10634,11370,5501,2690,2811,
55035,22009,10549,11460,38514,18478,20036,44014,21174,22840,38512,18491,20021,22005,10634,11371,5502,2691,2811,
55040,22012,10550,11462,38518,18479,20039,44021,21179,22842,38516,18493,20023,22008,10634,11374,5502,2691,2811,
55045,22013,10550,11463,38521,18480,20041,44022,21179,22843,38519,18493,20026,22009,10634,11375,5503,2692,2811,
55050,22016,10550,11466,38525,18484,20041,44029,21183,22846,38523,18495,20028,22012,10635,11377,5503,2692,2811,
55055,22017,10550,11467,38528,18486,20042,44030,21184,22846,38526,18496,20030,22013,10635,11378,5504,2692,2812,
55060,22020,10551,11469,38532,18490,20042,44037,21187,22850,38530,18497,20033,22016,10637,11379,5504,2692,2812,
55065,22021,10551,11470,38535,18490,20045,44038,21188,22850,38533,18498,20035,22017,10638,11379,5505,2692,2813,
55070,22024,10552,11472,38539,18490,20049,44045,21190,22855,38537,18499,20038,22020,10639,11381,5505,2692,2813,
55075,22025,10552,11473,38542,18492,20050,44046,21191,22855,38540,18502,20038,22021,10640,11381,5506,2693,2813,
55080,22028,10554,11474,38546,18495,20051,44053,21194,22859,38544,18503,20041,22024,10643,11381,5506,2693,2813,
55085,22029,10554,11475,38549,18498,20051,44054,21195,22859,38547,18503,20044,22025,10644,11381,5507,2694,2813,
55090,22032,10555,11477,38553,18500,20053,44061,21197,22864,38551,18507,20044,22028,10646,11382,5507,2694,2813,
55095,22033,10555,11478,38556,18502,20054,44062,21198,22864,38554,18507,20047,22029,10647,11382,5508,2694,2814,
55100,22036,10557,11479,38560,18504,20056,44069,21200,22869,38558,18509,20049,22032,10648,11384,5508,2694,2814,
55105,22037,10558,11479,38563,18506,20057,44070,21201,22869,38561,18510,20051,22033,10649,11384,5509,2695,2814,
55110,22040,10559,11481,38567,18509,20058,44077,21202,22875,38565,18512,20053,22036,10651,11385,5509,2695,2814,
55115,22041,10559,11482,38570,18510,20060,44078,21202,22876,38568,18514,20054,22037,10652,11385,5510,2695,2815,
55120,22044,10562,11482,38574,18513,20061,44085,21206,22879,38572,18518,20054,22040,10653,11387,5510,2695,2815,
55125,22045,10563,11482,38577,18515,20062,44086,21207,22879,38575,18519,20056,22041,10654,11387,5511,2696,2815,
55130,22048,10566,11482,38581,18517,20064,44093,21212,22881,38579,18522,20057,22044,10656,11388,5511,2696,2815,
55135,22049,10566,11483,38584,18518,20066,44094,21213,22881,38582,18524,20058,22045,10656,11389,5512,2696,2816,
55140,22052,10567,11485,38588,18519,20069,44101,21217,22884,38586,18525,20061,22048,10657,11391,5512,2696,2816,
55145,22053,10568,11485,38591,18521,20070,44102,21218,22884,38589,18526,20063,22049,10657,11392,5513,2696,2817,
55150,22056,10569,11487,38595,18525,20070,44109,21222,22887,38593,18527,20066,22052,10658,11394,5513,2696,2817,
55155,22057,10569,11488,38598,18527,20071,44110,21223,22887,38596,18529,20067,22053,10658,11395,5514,2697,2817,
55160,22060,10570,11490,38602,18529,20073,44117,21226,22891,38600,18530,20070,22056,10660,11396,5514,2697,2817,
55165,22061,10571,11490,38605,18530,20075,44118,21226,22892,38603,18530,20073,22057,10660,11397,5515,2697,2818,
55170,22064,10572,11492,38609,18532,20077,44125,21231,22894,38607,18531,20076,22060,10662,11398,5515,2697,2818,
55175,22065,10572,11493,38612,18533,20079,44126,21232,22894,38610,18532,20078,22061,10663,11398,5516,2698,2818,
55180,22068,10574,11494,38616,18536,20080,44133,21234,22899,38614,18532,20082,22064,10664,11400,5516,2698,2818,
55185,22069,10574,11495,38619,18538,20081,44134,21235,22899,38617,18533,20084,22065,10665,11400,5517,2698,2819,
55190,22072,10576,11496,38623,18538,20085,44141,21240,22901,38621,18535,20086,22068,10665,11403,5517,2698,2819,
55195,22073,10576,11497,38626,18540,20086,44142,21241,22901,38624,18537,20087,22069,10665,11404,5518,2699,2819,
55200,22076,10578,11498,38630,18543,20087,44149,21243,22906,38628,18538,20090,22072,10666,11406,5518,2699,2819,
55205,22077,10579,11498,38633,18544,20089,44150,21243,22907,38631,18540,20091,22073,10666,11407,5519,2699,2820,
55210,22080,10579,11501,38637,18548,20089,44157,21248,22909,38635,18542,20093,22076,10667,11409,5519,2699,2820,
55215,22081,10579,11502,38640,18548,20092,44158,21248,22910,38638,18543,20095,22077,10668,11409,5520,2699,2821,
55220,22084,10581,11503,38644,18550,20094,44165,21250,22915,38642,18545,20097,22080,10669,11411,5520,2699,2821,
55225,22085,10581,11504,38647,18552,20095,44166,21250,22916,38645,18547,20098,22081,10670,11411,5521,2700,2821,
55230,22088,10583,11505,38651,18556,20095,44173,21254,22919,38649,18548,20101,22084,10672,11412,5521,2700,2821,
55235,22089,10583,11506,38654,18558,20096,44174,21255,22919,38652,18549,20103,22085,10673,11412,5522,2701,2821,
55240,22092,10584,11508,38658,18560,20098,44181,21257,22924,38656,18551,20105,22088,10675,11413,5522,2701,2821,
55245,22093,10584,11509,38661,18561,20100,44182,21257,22925,38659,18554,20105,22089,10675,11414,5523,2701,2822,
55250,22096,10584,11512,38665,18564,20101,44189,21261,22928,38663,18554,20109,22092,10676,11416,5523,2701,2822,
55255,22097,10584,11513,38668,18565,20103,44190,21261,22929,38666,18556,20110,22093,10676,11417,5524,2701,2823,
55260,22100,10587,11513,38672,18567,20105,44197,21267,22930,38670,18559,20111,22096,10677,11419,5524,2701,2823,
55265,22101,10588,11513,38675,18569,20106,44198,21268,22930,38673,18560,20113,22097,10677,11420,5525,2701,2824,
55270,22104,10590,11514,38679,18571,20108,44205,21272,22933,38677,18563,20114,22100,10679,11421,5525,2701,2824,
55275,22105,10591,11514,38682,18574,20108,44206,21272,22934,38680,18564,20116,22101,10679,11422,5526,2701,2825,
55280,22108,10593,11515,38686,18576,20110,44213,21275,22938,38684,18567,20117,22104,10681,11423,5526,2701,2825,
55285,22109,10593,11516,38689,18576,20113,44214,21276,22938,38687,18568,20119,22105,10682,11423,5527,2702,2825,
55290,22112,10593,11519,38693,18578,20115,44221,21279,22942,38691,18570,20121,22108,10684,11424,5527,2702,2825,
55295,22113,10594,11519,38696,18579,20117,44222,21280,22942,38694,18570,20124,22109,10684,11425,5528,2702,2826,
55300,22116,10596,11520,38700,18580,20120,44229,21284,22945,38698,18572,20126,22112,10685,11427,5528,2702,2826,
55305,22117,10596,11521,38703,18581,20122,44230,21284,22946,38701,18573,20128,22113,10686,11427,5529,2703,2826,
55310,22120,10599,11521,38707,18584,20123,44237,21288,22949,38705,18574,20131,22116,10686,11430,5529,2703,2826,
55315,22121,10599,11522,38710,18585,20125,44238,21288,22950,38708,18574,20134,22117,10686,11431,5530,2704,2826,
55320,22124,10601,11523,38714,18587,20127,44245,21291,22954,38712,18576,20136,22120,10687,11433,5530,2704,2826,
55325,22125,10601,11524,38717,18588,20129,44246,21292,22954,38715,18577,20138,22121,10687,11434,5531,2704,2827,
55330,22128,10602,11526,38721,18590,20131,44253,21294,22959,38719,18579,20140,22124,10689,11435,5531,2704,2827,
55335,22129,10603,11526,38724,18590,20134,44254,21295,22959,38722,18581,20141,22125,10689,11436,5532,2705,2827,
55340,22132,10606,11526,38728,18592,20136,44261,21298,22963,38726,18582,20144,22128,10691,11437,5532,2705,2827,
55345,22133,10606,11527,38731,18593,20138,44262,21299,22963,38729,18584,20145,22129,10691,11438,5533,2705,2828,
55350,22136,10607,11529,38735,18596,20139,44269,21304,22965,38733,18585,20148,22132,10691,11441,5533,2705,2828,
55355,22137,10607,11530,38738,18596,20142,44270,21305,22965,38736,18587,20149,22133,10691,11442,5534,2706,2828,
55360,22140,10608,11532,38742,18598,20144,44277,21311,22966,38740,18587,20153,22136,10693,11443,5534,2706,2828,
55365,22141,10609,11532,38745,18600,20145,44278,21312,22966,38743,18588,20155,22137,10694,11443,5535,2706,2829,
55370,22144,10611,11533,38749,18603,20146,44285,21314,22971,38747,18592,20155,22140,10696,11444,5535,2706,2829,
55375,22145,10611,11534,38752,18604,20148,44286,21314,22972,38750,18593,20157,22141,10697,11444,5536,2707,2829,
55380,22148,10613,11535,38756,18608,20148,44293,21317,22976,38754,18595,20159,22144,10699,11445,5536,2707,2829,
55385,22149,10614,11535,38759,18610,20149,44294,21317,22977,38757,18597,20160,22145,10700,11445,5537,2707,2830,
55390,22152,10614,11538,38763,18613,20150,44301,21319,22982,38761,18598,20163,22148,10701,11447,5537,2707,2830,
55395,22153,10614,11539,38766,18616,20150,44302,21319,22983,38764,18601,20163,22149,10701,11448,5538,2707,2831,
55400,22156,10616,11540,38770,18617,20153,44309,21322,22987,38768,18602,20166,22152,10702,11450,5538,2707,2831,
55405,22157,10616,11541,38773,18618,20155,44310,21322,22988,38771,18603,20168,22153,10703,11450,5539,2707,2832,
55410,22160,10618,11542,38777,18620,20157,44317,21325,22992,38775,18604,20171,22156,10704,11452,5539,2707,2832,
55415,22161,10618,11543,38780,18622,20158,44318,21325,22993,38778,18605,20173,22157,10704,11453,5540,2708,2832,
55420,22164,10619,11545,38784,18626,20158,44325,21328,22997,38782,18607,20175,22160,10706,11454,5540,2708,2832,
55425,22165,10619,11546,38787,18627,20160,44326,21328,22998,38785,18609,20176,22161,10706,11455,5541,2708,2833,
55430,22168,10621,11547,38791,18627,20164,44333,21332,23001,38789,18611,20178,22164,10706,11458,5541,2708,2833,
55435,22169,10622,11547,38794,18627,20167,44334,21333,23001,38792,18614,20178,22165,10706,11459,5542,2708,2834,
55440,22172,10623,11549,38798,18628,20170,44341,21336,23005,38796,18616,20180,22168,10707,11461,5542,2708,2834,
55445,22173,10624,11549,38801,18630,20171,44342,21337,23005,38799,18617,20182,22169,10708,11461,5543,2708,2835,
55450,22176,10626,11550,38805,18632,20173,44349,21340,23009,38803,18618,20185,22172,10710,11462,5543,2708,2835,
55455,22177,10627,11550,38808,18634,20174,44350,21340,23010,38806,18619,20187,22173,10711,11462,5544,2708,2836,
55460,22180,10628,11552,38812,18635,20177,44357,21341,23016,38810,18622,20188,22176,10713,11463,5544,2708,2836,
55465,22181,10628,11553,38815,18637,20178,44358,21342,23016,38813,18624,20189,22177,10713,11464,5545,2708,2837,
55470,22184,10630,11554,38819,18640,20179,44365,21346,23019,38817,18625,20192,22180,10716,11464,5545,2708,2837,
55475,22185,10631,11554,38822,18642,20180,44366,21346,23020,38820,18627,20193,22181,10717,11464,5546,2708,2838,
55480,22188,10631,11557,38826,18645,20181,44373,21350,23023,38824,18630,20194,22184,10719,11465,5546,2708,2838,
55485,22189,10631,11558,38829,18646,20183,44374,21351,23023,38827,18631,20196,22185,10719,11466,5547,2709,2838,
55490,22192,10631,11561,38833,18647,20186,44381,21354,23027,38831,18632,20199,22188,10720,11468,5547,2709,2838,
55495,22193,10632,11561,38836,18648,20188,44382,21355,23027,38834,18634,20200,22189,10721,11468,5548,2710,2838,
55500,22196,10633,11563,38840,18650,20190,44389,21358,23031,38838,18637,20201,22192,10722,11470,5548,2710,2838,
55505,22197,10634,11563,38843,18652,20191,44390,21359,23031,38841,18640,20201,22193,10722,11471,5549,2710,2839,
55510,22200,10637,11563,38847,18652,20195,44397,21363,23034,38845,18640,20205,22196,10723,11473,5549,2710,2839,
55515,22201,10638,11563,38850,18653,20197,44398,21364,23034,38848,18640,20208,22197,10723,11474,5550,2711,2839,
55520,22204,10639,11565,38854,18653,20201,44405,21370,23035,38852,18643,20209,22200,10725,11475,5550,2711,2839,
55525,22205,10640,11565,38857,18655,20202,44406,21370,23036,38855,18644,20211,22201,10725,11476,5551,2712,2839,
55530,22208,10642,11566,38861,18656,20205,44413,21374,23039,38859,18646,20213,22204,10725,11479,5551,2712,2839,
55535,22209,10642,11567,38864,18657,20207,44414,21374,23040,38862,18647,20215,22205,10725,11480,5552,2712,2840,
55540,22212,10642,11570,38868,18658,20210,44421,21377,23044,38866,18650,20216,22208,10727,11481,5552,2712,2840,
55545,22213,10643,11570,38871,18659,20212,44422,21377,23045,38869,18653,20216,22209,10727,11482,5553,2712,2841,
55550,22216,10646,11570,38875,18661,20214,44429,21380,23049,38873,18655,20218,22212,10728,11484,5553,2712,2841,
55555,22217,10646,11571,38878,18663,20215,44430,21381,23049,38876,18658,20218,22213,10729,11484,5554,2712,2842,
55560,22220,10647,11573,38882,18665,20217,44437,21385,23052,38880,18658,20222,22216,10730,11486,5554,2712,2842,
55565,22221,10648,11573,38885,18667,20218,44438,21386,23052,38883,18660,20223,22217,10731,11486,5555,2713,2842,
55570,22224,10649,11575,38889,18669,20220,44445,21387,23058,38887,18663,20224,22220,10734,11486,5555,2713,2842,
55575,22225,10650,11575,38892,18672,20220,44446,21387,23059,38890,18666,20224,22221,10734,11487,5556,2714,2842,
55580,22228,10651,11577,38896,18675,20221,44453,21393,23060,38894,18668,20226,22224,10736,11488,5556,2714,2842,
55585,22229,10652,11577,38899,18676,20223,44454,21393,23061,38897,18670,20227,22225,10736,11489,5557,2715,2842,
55590,22232,10653,11579,38903,18676,20227,44461,21398,23063,38901,18671,20230,22228,10736,11492,5557,2715,2842,
55595,22233,10653,11580,38906,18678,20228,44462,21398,23064,38904,18671,20233,22229,10736,11493,5558,2716,2842,
55600,22236,10653,11583,38910,18681,20229,44469,21402,23067,38908,18674,20234,22232,10736,11496,5558,2716,2842,
55605,22237,10653,11584,38913,18683,20230,44470,21403,23067,38911,18675,20236,22233,10737,11496,5559,2716,2843,
55610,22240,10654,11586,38917,18686,20231,44477,21408,23069,38915,18676,20239,22236,10738,11498,5559,2716,2843,
55615,22241,10654,11587,38920,18688,20232,44478,21408,23070,38918,18677,20241,22237,10738,11499,5560,2717,2843,
55620,22244,10657,11587,38924,18690,20234,44485,21412,23073,38922,18679,20243,22240,10739,11501,5560,2717,2843,
55625,22245,10658,11587,38927,18691,20236,44486,21413,23073,38925,18681,20244,22241,10740,11501,5561,2718,2843,
55630,22248,10659,11589,38931,18694,20237,44493,21417,23076,38929,18683,20246,22244,10741,11503,5561,2718,2843,
55635,22249,10660,11589,38934,18694,20240,44494,21417,23077,38932,18685,20247,22245,10742,11503,5562,2718,2844,
55640,22252,10662,11590,38938,18697,20241,44501,21419,23082,38936,18686,20250,22248,10745,11503,5562,2718,2844,
55645,22253,10663,11590,38941,18700,20241,44502,21420,23082,38939,18686,20253,22249,10745,11504,5563,2719,2844,
55650,22256,10664,11592,38945,18704,20241,44509,21422,23087,38943,18688,20255,22252,10746,11506,5563,2719,2844,
55655,22257,10664,11593,38948,18705,20243,44510,21423,23087,38946,18690,20256,22253,10747,11506,5564,2719,2845,
55660,22260,10665,11595,38952,18707,20245,44517,21428,23089,38950,18693,20257,22256,10750,11506,5564,2719,2845,
55665,22261,10666,11595,38955,18709,20246,44518,21428,23090,38953,18694,20259,22257,10751,11506,5565,2719,2846,
55670,22264,10666,11598,38959,18709,20250,44525,21432,23093,38957,18696,20261,22260,10753,11507,5565,2719,2846,
55675,22265,10667,11598,38962,18710,20252,44526,21433,23093,38960,18697,20263,22261,10753,11508,5566,2719,2847,
55680,22268,10668,11600,38966,18712,20254,44533,21435,23098,38964,18698,20266,22264,10753,11511,5566,2719,2847,
55685,22269,10669,11600,38969,18713,20256,44534,21435,23099,38967,18699,20268,22265,10753,11512,5567,2719,2848,
55690,22272,10670,11602,38973,18715,20258,44541,21438,23103,38971,18702,20269,22268,10755,11513,5567,2719,2848,
55695,22273,10671,11602,38976,18716,20260,44542,21439,23103,38974,18705,20269,22269,10755,11514,5568,2719,2849,
55700,22276,10672,11604,38980,18718,20262,44549,21442,23107,38978,18706,20272,22272,10757,11515,5568,2719,2849,
55705,22277,10672,11605,38983,18720,20263,44550,21443,23107,38981,18707,20274,22273,10757,11516,5569,2720,2849,
55710,22280,10672,11608,38987,18721,20266,44557,21445,23112,38985,18709,20276,22276,10759,11517,5569,2720,2849,
55715,22281,10672,11609,38990,18722,20268,44558,21446,23112,38988,18710,20278,22277,10759,11518,5570,2721,2849,
55720,22284,10672,11612,38994,18725,20269,44565,21451,23114,38992,18711,20281,22280,10760,11520,5570,2721,2849,
55725,22285,10672,11613,38997,18726,20271,44566,21451,23115,38995,18713,20282,22281,10761,11520,5571,2721,2850,
55730,22288,10674,11614,39001,18729,20272,44573,21453,23120,38999,18715,20284,22284,10761,11523,5571,2721,2850,
55735,22289,10674,11615,39004,18731,20273,44574,21454,23120,39002,18716,20286,22285,10762,11523,5572,2722,2850,
55740,22292,10674,11618,39008,18733,20275,44581,21456,23125,39006,18718,20288,22288,10764,11524,5572,2722,2850,
55745,22293,10674,11619,39011,18734,20277,44582,21457,23125,39009,18720,20289,22289,10764,11525,5573,2723,2850,
55750,22296,10676,11620,39015,18734,20281,44589,21461,23128,39013,18722,20291,22292,10766,11526,5573,2723,2850,
55755,22297,10676,11621,39018,18737,20281,44590,21461,23129,39016,18723,20293,22293,10767,11526,5574,2724,2850,
55760,22300,10678,11622,39022,18739,20283,44597,21466,23131,39020,18725,20295,22296,10768,11528,5574,2724,2850,
55765,22301,10678,11623,39025,18739,20286,44598,21466,23132,39023,18726,20297,22297,10769,11528,5575,2725,2850,
55770,22304,10681,11623,39029,18741,20288,44605,21470,23135,39027,18728,20299,22300,10770,11530,5575,2725,2850,
55775,22305,10681,11624,39032,18743,20289,44606,21470,23136,39030,18730,20300,22301,10771,11530,5576,2726,2850,
55780,22308,10684,11624,39036,18745,20291,44613,21474,23139,39034,18730,20304,22304,10774,11530,5576,2726,2850,
55785,22309,10685,11624,39039,18747,20292,44614,21475,23139,39037,18730,20307,22305,10774,11531,5577,2727,2850,
55790,22312,10686,11626,39043,18750,20293,44621,21475,23146,39041,18732,20309,22308,10775,11533,5577,2727,2850,
55795,22313,10686,11627,39046,18751,20295,44622,21475,23147,39044,18734,20310,22309,10776,11533,5578,2727,2851,
55800,22316,10687,11629,39050,18753,20297,44629,21480,23149,39048,18737,20311,22312,10778,11534,5578,2727,2851,
55805,22317,10688,11629,39053,18756,20297,44630,21480,23150,39051,18740,20311,22313,10779,11534,5579,2727,2852,
55810,22320,10690,11630,39057,18756,20301,44637,21483,23154,39055,18741,20314,22316,10781,11535,5579,2727,2852,
55815,22321,10691,11630,39060,18758,20302,44638,21484,23154,39058,18744,20314,22317,10781,11536,5580,2727,2853,
55820,22324,10693,11631,39064,18760,20304,44645,21485,23160,39062,18746,20316,22320,10783,11537,5580,2727,2853,
55825,22325,10694,11631,39067,18761,20306,44646,21486,23160,39065,18749,20316,22321,10783,11538,5581,2728,2853,
55830,22328,10696,11632,39071,18762,20309,44653,21490,23163,39069,18750,20319,22324,10785,11539,5581,2728,2853,
55835,22329,10696,11633,39074,18763,20311,44654,21491,23163,39072,18751,20321,22325,10786,11539,5582,2728,2854,
55840,22332,10697,11635,39078,18765,20313,44661,21494,23167,39076,18753,20323,22328,10787,11541,5582,2728,2854,
55845,22333,10698,11635,39081,18766,20315,44662,21495,23167,39079,18754,20325,22329,10787,11542,5583,2729,2854,
55850,22336,10700,11636,39085,18769,20316,44669,21500,23169,39083,18757,20326,22332,10789,11543,5583,2729,2854,
55855,22337,10700,11637,39088,18769,20319,44670,21501,23169,39086,18758,20328,22333,10790,11543,5584,2730,2854,
55860,22340,10700,11640,39092,18773,20319,44677,21503,23174,39090,18760,20330,22336,10792,11544,5584,2730,2854,
55865,22341,10701,11640,39095,18774,20321,44678,21503,23175,39093,18760,20333,22337,10793,11544,5585,2731,2854,
55870,22344,10702,11642,39099,18776,20323,44685,21508,23177,39097,18762,20335,22340,10793,11547,5585,2731,2854,
55875,22345,10702,11643,39102,18778,20324,44686,21508,23178,39100,18763,20337,22341,10793,11548,5586,2731,2855,
55880,22348,10703,11645,39106,18780,20326,44693,21511,23182,39104,18763,20341,22344,10794,11550,5586,2731,2855,
55885,22349,10704,11645,39109,18782,20327,44694,21511,23183,39107,18763,20344,22345,10795,11550,5587,2732,2855,
55890,22352,10707,11645,39113,18784,20329,44701,21513,23188,39111,18765,20346,22348,10796,11552,5587,2732,2855,
55895,22353,10708,11645,39116,18786,20330,44702,21514,23188,39114,18766,20348,22349,10797,11552,5588,2732,2856,
55900,22356,10711,11645,39120,18789,20331,44709,21517,23192,39118,18767,20351,22352,10800,11552,5588,2732,2856,
55905,22357,10711,11646,39123,18789,20334,44710,21518,23192,39121,18768,20353,22353,10800,11553,5589,2732,2857,
55910,22360,10712,11648,39127,18793,20334,44717,21520,23197,39125,18769,20356,22356,10803,11553,5589,2732,2857,
55915,22361,10712,11649,39130,18793,20337,44718,21521,23197,39128,18772,20356,22357,10803,11554,5590,2732,2858,
55920,22364,10713,11651,39134,18795,20339,44725,21525,23200,39132,18774,20358,22360,10804,11556,5590,2732,2858,
55925,22365,10713,11652,39137,18797,20340,44726,21525,23201,39135,18775,20360,22361,10804,11557,5591,2733,2858,
55930,22368,10714,11654,39141,18799,20342,44733,21529,23204,39139,18776,20363,22364,10805,11559,5591,2733,2858,
55935,22369,10715,11654,39144,18802,20342,44734,21530,23204,39142,18777,20365,22365,10805,11560,5592,2733,2859,
55940,22372,10715,11657,39148,18803,20345,44741,21532,23209,39146,18778,20368,22368,10807,11561,5592,2733,2859,
55945,22373,10715,11658,39151,18806,20345,44742,21532,23210,39149,18780,20369,22369,10807,11562,5593,2734,2859,
55950,22376,10716,11660,39155,18807,20348,44749,21535,23214,39153,18781,20372,22372,10809,11563,5593,2734,2859,
55955,22377,10716,11661,39158,18808,20350,44750,21535,23215,39156,18781,20375,22373,10809,11564,5594,2735,2859,
55960,22380,10717,11663,39162,18809,20353,44757,21539,23218,39160,18781,20379,22376,10809,11567,5594,2735,2859,
55965,22381,10718,11663,39165,18811,20354,44758,21539,23219,39163,18782,20381,22377,10810,11567,5595,2735,2860,
55970,22384,10718,11666,39169,18813,20356,44765,21539,23226,39167,18783,20384,22380,10812,11568,5595,2735,2860,
55975,22385,10718,11667,39172,18814,20358,44766,21539,23227,39170,18784,20386,22381,10813,11568,5596,2736,2860,
55980,22388,10720,11668,39176,18816,20360,44773,21542,23231,39174,18786,20388,22384,10816,11568,5596,2736,2860,
55985,22389,10721,11668,39179,18817,20362,44774,21543,23231,39177,18787,20390,22385,10816,11569,5597,2737,2860,
55990,22392,10722,11670,39183,18820,20363,44781,21548,23233,39181,18789,20392,22388,10818,11570,5597,2737,2860,
55995,22393,10722,11671,39186,18821,20365,44782,21548,23234,39184,18790,20394,22389,10818,11571,5598,2738,2860,
56000,22396,10723,11673,39190,18822,20368,44789,21552,23237,39188,18792,20396,22392,10819,11573,5598,2738,2860,
56005,22397,10723,11674,39193,18824,20369,44790,21553,23237,39191,18792,20399,22393,10819,11574,5599,2739,2860,
56010,22400,10724,11676,39197,18826,20371,44797,21556,23241,39195,18793,20402,22396,10820,11576,5599,2739,2860,
56015,22401,10725,11676,39200,18828,20372,44798,21556,23242,39198,18795,20403,22397,10821,11576,5600,2740,2860,
56020,22404,10728,11676,39204,18828,20376,44805,21560,23245,39202,18797,20405,22400,10822,11578,5600,2740,2860,
56025,22405,10728,11677,39207,18829,20378,44806,21560,23246,39205,18799,20406,22401,10823,11578,5601,2740,2861,
56030,22408,10729,11679,39211,18831,20380,44813,21561,23252,39209,18801,20408,22404,10825,11579,5601,2740,2861,
56035,22409,10730,11679,39214,18833,20381,44814,21562,23252,39212,18803,20409,22405,10826,11579,5602,2740,2862,
56040,22412,10732,11680,39218,18837,20381,44821,21566,23255,39216,18805,20411,22408,10827,11581,5602,2740,2862,
56045,22413,10733,11680,39221,18838,20383,44822,21566,23256,39219,18807,20412,22409,10827,11582,5603,2740,2863,
56050,22416,10733,11683,39225,18840,20385,44829,21567,23262,39223,18809,20414,22412,10828,11584,5603,2740,2863,
56055,22417,10734,11683,39228,18841,20387,44830,21568,23262,39226,18811,20415,22413,10829,11584,5604,2740,2864,
56060,22420,10734,11686,39232,18842,20390,44837,21569,23268,39230,18812,20418,22416,10831,11585,5604,2740,2864,
56065,22421,10735,11686,39235,18843,20392,44838,21570,23268,39233,18813,20420,22417,10831,11586,5605,2741,2864,
56070,22424,10736,11688,39239,18844,20395,44845,21571,23274,39237,18816,20421,22420,10832,11588,5605,2741,2864,
56075,22425,10736,11689,39242,18845,20397,44846,21571,23275,39240,18818,20422,22421,10833,11588,5606,2741,2865,
56080,22428,10737,11691,39246,18846,20400,44853,21574,23279,39244,18819,20425,22424,10834,11590,5606,2741,2865,
56085,22429,10737,11692,39249,18849,20400,44854,21575,23279,39247,18821,20426,22425,10835,11590,5607,2742,2865,
56090,22432,10739,11693,39253,18852,20401,44861,21577,23284,39251,18823,20428,22428,10838,11590,5607,2742,2865,
56095,22433,10740,11693,39256,18852,20404,44862,21578,23284,39254,18826,20428,22429,10839,11590,5608,2742,2866,
56100,22436,10740,11696,39260,18854,20406,44869,21581,23288,39258,18827,20431,22432,10840,11592,5608,2742,2866,
56105,22437,10740,11697,39263,18856,20407,44870,21582,23288,39261,18828,20433,22433,10840,11593,5609,2742,2867,
56110,22440,10742,11698,39267,18859,20408,44877,21583,23294,39265,18830,20435,22436,10842,11594,5609,2742,2867,
56115,22441,10742,11699,39270,18860,20410,44878,21583,23295,39268,18830,20438,22437,10843,11594,5610,2743,2867,
56120,22444,10743,11701,39274,18861,20413,44885,21585,23300,39272,18834,20438,22440,10844,11596,5610,2743,2867,
56125,22445,10743,11702,39277,18863,20414,44886,21586,23300,39275,18835,20440,22441,10844,11597,5611,2744,2867,
56130,22448,10744,11704,39281,18865,20416,44893,21587,23306,39279,18835,20444,22444,10845,11599,5611,2744,2867,
56135,22449,10744,11705,39284,18866,20418,44894,21587,23307,39282,18836,20446,22445,10845,11600,5612,2745,2867,
56140,22452,10745,11707,39288,18868,20420,44901,21591,23310,39286,18837,20449,22448,10846,11602,5612,2745,2867,
56145,22453,10746,11707,39291,18869,20422,44902,21591,23311,39289,18839,20450,22449,10846,11603,5613,2746,2867,
56150,22456,10748,11708,39295,18871,20424,44909,21594,23315,39293,18840,20453,22452,10848,11604,5613,2746,2867,
56155,22457,10748,11709,39298,18872,20426,44910,21595,23315,39296,18841,20455,22453,10848,11605,5614,2746,2868,
56160,22460,10748,11712,39302,18873,20429,44917,21599,23318,39300,18844,20456,22456,10850,11606,5614,2746,2868,
56165,22461,10748,11713,39305,18874,20431,44918,21600,23318,39303,18845,20458,22457,10850,11607,5615,2747,2868,
56170,22464,10750,11714,39309,18876,20433,44925,21605,23320,39307,18846,20461,22460,10851,11609,5615,2747,2868,
56175,22465,10750,11715,39312,18879,20433,44926,21605,23321,39310,18848,20462,22461,10852,11609,5616,2747,2869,
56180,22468,10753,11715,39316,18881,20435,44933,21609,23324,39314,18849,20465,22464,10854,11610,5616,2747,2869,
56185,22469,10753,11716,39319,18882,20437,44934,21609,23325,39317,18849,20468,22465,10854,11611,5617,2747,2870,
56190,22472,10754,11718,39323,18885,20438,44941,21612,23329,39321,18851,20470,22468,10856,11612,5617,2747,2870,
56195,22473,10755,11718,39326,18885,20441,44942,21613,23329,39324,18852,20472,22469,10857,11612,5618,2747,2871,
56200,22476,10756,11720,39330,18888,20442,44949,21617,23332,39328,18855,20473,22472,10860,11612,5618,2747,2871,
56205,22477,10756,11721,39333,18889,20444,44950,21617,23333,39331,18856,20475,22473,10860,11613,5619,2747,2872,
56210,22480,10758,11722,39337,18892,20445,44957,21620,23337,39335,18857,20478,22476,10862,11614,5619,2747,2872,
56215,22481,10758,11723,39340,18893,20447,44958,21620,23338,39338,18859,20479,22477,10862,11615,5620,2747,2873,
56220,22484,10760,11724,39344,18896,20448,44965,21623,23342,39342,18860,20482,22480,10864,11616,5620,2747,2873,
56225,22485,10761,11724,39347,18899,20448,44966,21623,23343,39345,18862,20483,22481,10865,11616,5621,2747,2874,
56230,22488,10763,11725,39351,18901,20450,44973,21627,23346,39349,18863,20486,22484,10867,11617,5621,2747,2874,
56235,22489,10764,11725,39354,18901,20453,44974,21628,23346,39352,18864,20488,22485,10867,11618,5622,2748,2874,
56240,22492,10764,11728,39358,18903,20455,44981,21629,23352,39356,18864,20492,22488,10867,11621,5622,2748,2874,
56245,22493,10765,11728,39361,18903,20458,44982,21630,23352,39359,18866,20493,22489,10868,11621,5623,2748,2875,
56250,22496,10766,11730,39365,18904,20461,44989,21634,23355,39363,18868,20495,22492,10869,11623,5623,2748,2875,
56255,22497,10766,11731,39368,18905,20463,44990,21634,23356,39366,18869,20497,22493,10869,11624,5624,2749,2875,
56260,22500,10767,11733,39372,18908,20464,44997,21637,23360,39370,18872,20498,22496,10870,11626,5624,2749,2875,
56265,22501,10767,11734,39375,18910,20465,44998,21638,23360,39373,18873,20500,22497,10870,11627,5625,2749,2876,
56270,22504,10769,11735,39379,18913,20466,45005,21640,23365,39377,18874,20503,22500,10871,11629,5625,2749,2876,
56275,22505,10769,11736,39382,18916,20466,45006,21641,23365,39380,18875,20505,22501,10872,11629,5626,2749,2877,
56280,22508,10770,11738,39386,18918,20468,45013,21646,23367,39384,18877,20507,22504,10875,11629,5626,2749,2877,
56285,22509,10771,11738,39389,18918,20471,45014,21646,23368,39387,18880,20507,22505,10876,11629,5627,2749,2878,
56290,22512,10772,11740,39393,18920,20473,45021,21650,23371,39391,18881,20510,22508,10878,11630,5627,2749,2878,
56295,22513,10773,11740,39396,18922,20474,45022,21651,23371,39394,18882,20512,22509,10879,11630,5628,2750,2878,
56300,22516,10775,11741,39400,18924,20476,45029,21655,23374,39398,18885,20513,22512,10880,11632,5628,2750,2878,
56305,22517,10775,11742,39403,18927,20476,45030,21656,23374,39401,18885,20516,22513,10880,11633,5629,2750,2879,
56310,22520,10776,11744,39407,18928,20479,45037,21658,23379,39405,18886,20519,22516,10882,11634,5629,2750,2879,
56315,22521,10776,11745,39410,18930,20480,45038,21658,23380,39408,18888,20520,22517,10882,11635,5630,2750,2880,
56320,22524,10778,11746,39414,18934,20480,45045,21660,23385,39412,18890,20522,22520,10884,11636,5630,2750,2880,
56325,22525,10778,11747,39417,18937,20480,45046,21660,23386,39415,18891,20524,22521,10885,11636,5631,2750,2881,
56330,22528,10781,11747,39421,18938,20483,45053,21662,23391,39419,18894,20525,22524,10887,11637,5631,2750,2881,
56335,22529,10781,11748,39424,18940,20484,45054,21662,23392,39422,18896,20526,22525,10887,11638,5632,2751,2881,
56340,22532,10784,11748,39428,18942,20486,45061,21664,23397,39426,18899,20527,22528,10889,11639,5632,2751,2881,
56345,22533,10784,11749,39431,18944,20487,45062,21664,23398,39429,18900,20529,22529,10890,11639,5633,2751,2882,
56350,22536,10785,11751,39435,18945,20490,45069,21669,23400,39433,18904,20529,22532,10892,11640,5633,2751,2882,
56355,22537,10785,11752,39438,18945,20493,45070,21669,23401,39436,18905,20531,22533,10892,11641,5634,2751,2883,
56360,22540,10785,11755,39442,18947,20495,45077,21673,23404,39440,18909,20531,22536,10894,11642,5634,2751,2883,
56365,22541,10785,11756,39445,18947,20498,45078,21673,23405,39443,18909,20534,22537,10895,11642,5635,2751,2884,
56370,22544,10785,11759,39449,18949,20500,45085,21676,23409,39447,18911,20536,22540,10897,11643,5635,2751,2884,
56375,22545,10786,11759,39452,18952,20500,45086,21676,23410,39450,18912,20538,22541,10898,11643,5636,2752,2884,
56380,22548,10787,11761,39456,18952,20504,45093,21677,23416,39454,18915,20539,22544,10898,11646,5636,2752,2884,
56385,22549,10787,11762,39459,18953,20506,45094,21678,23416,39457,18917,20540,22545,10898,11647,5637,2753,2884,
56390,22552,10788,11764,39463,18955,20508,45101,21681,23420,39461,18919,20542,22548,10899,11649,5637,2753,2884,
56395,22553,10789,11764,39466,18956,20510,45102,21682,23420,39464,18919,20545,22549,10900,11649,5638,2754,2884,
56400,22556,10791,11765,39470,18957,20513,45109,21685,23424,39468,18922,20546,22552,10902,11650,5638,2754,2884,
56405,22557,10791,11766,39473,18957,20516,45110,21686,23424,39471,18924,20547,22553,10903,11650,5639,2754,2885,
56410,22560,10792,11768,39477,18961,20516,45117,21687,23430,39475,18926,20549,22556,10903,11653,5639,2754,2885,
56415,22561,10793,11768,39480,18962,20518,45118,21688,23430,39478,18928,20550,22557,10904,11653,5640,2755,2885,
56420,22564,10794,11770,39484,18963,20521,45125,21693,23432,39482,18932,20550,22560,10906,11654,5640,2755,2885,
56425,22565,10795,11770,39487,18965,20522,45126,21694,23432,39485,18933,20552,22561,10906,11655,5641,2756,2885,
56430,22568,10796,11772,39491,18967,20524,45133,21697,23436,39489,18934,20555,22564,10906,11658,5641,2756,2885,
56435,22569,10797,11772,39494,18968,20526,45134,21698,23436,39492,18935,20557,22565,10906,11659,5642,2757,2885,
56440,22572,10800,11772,39498,18969,20529,45141,21701,23440,39496,18937,20559,22568,10909,11659,5642,2757,2885,
56445,22573,10800,11773,39501,18970,20531,45142,21702,23440,39499,18939,20560,22569,10909,11660,5643,2758,2885,
56450,22576,10802,11774,39505,18972,20533,45149,21706,23443,39503,18941,20562,22572,10912,11660,5643,2758,2885,
56455,22577,10802,11775,39508,18974,20534,45150,21706,23444,39506,18942,20564,22573,10912,11661,5644,2759,2885,
56460,22580,10803,11777,39512,18976,20536,45157,21711,23446,39510,18943,20567,22576,10913,11663,5644,2759,2885,
56465,22581,10803,11778,39515,18977,20538,45158,21711,23447,39513,18945,20568,22577,10913,11664,5645,2760,2885,
56470,22584,10806,11778,39519,18979,20540,45165,21713,23452,39517,18945,20572,22580,10914,11666,5645,2760,2885,
56475,22585,10806,11779,39522,18981,20541,45166,21713,23453,39520,18946,20574,22581,10914,11667,5646,2760,2886,
56480,22588,10808,11780,39526,18983,20543,45173,21717,23456,39524,18947,20577,22584,10915,11669,5646,2760,2886,
56485,22589,10808,11781,39529,18985,20544,45174,21717,23457,39527,18950,20577,22585,10916,11669,5647,2761,2886,
56490,22592,10809,11783,39533,18987,20546,45181,21719,23462,39531,18952,20579,22588,10917,11671,5647,2761,2886,
56495,22593,10809,11784,39536,18988,20548,45182,21719,23463,39534,18953,20581,22589,10918,11671,5648,2762,2886,
56500,22596,10811,11785,39540,18989,20551,45189,21724,23465,39538,18954,20584,22592,10920,11672,5648,2762,2886,
56505,22597,10812,11785,39543,18989,20554,45190,21724,23466,39541,18956,20585,22593,10921,11672,5649,2763,2886,
56510,22600,10814,11786,39547,18992,20555,45197,21726,23471,39545,18959,20586,22596,10922,11674,5649,2763,2886,
56515,22601,10815,11786,39550,18992,20558,45198,21726,23472,39548,18961,20587,22597,10922,11675,5650,2764,2886,
56520,22604,10816,11788,39554,18995,20559,45205,21731,23474,39552,18963,20589,22600,10922,11678,5650,2764,2886,
56525,22605,10817,11788,39557,18996,20561,45206,21731,23475,39555,18963,20592,22601,10923,11678,5651,2765,2886,
56530,22608,10820,11788,39561,18998,20563,45213,21733,23480,39559,18964,20595,22604,10924,11680,5651,2765,2886,
56535,22609,10820,11789,39564,18998,20566,45214,21733,23481,39562,18964,20598,22605,10925,11680,5652,2766,2886,
56540,22612,10821,11791,39568,18999,20569,45221,21736,23485,39566,18964,20602,22608,10927,11681,5652,2766,2886,
56545,22613,10822,11791,39571,19000,20571,45222,21736,23486,39569,18966,20603,22609,10927,11682,5653,2767,2886,
56550,22616,10823,11793,39575,19002,20573,45229,21737,23492,39573,18967,20606,22612,10927,11685,5653,2767,2886,
56555,22617,10824,11793,39578,19002,20576,45230,21738,23492,39576,18969,20607,22613,10928,11685,5654,2767,2887,
56560,22620,10825,11795,39582,19005,20577,45237,21742,23495,39580,18970,20610,22616,10930,11686,5654,2767,2887,
56565,22621,10826,11795,39585,19007,20578,45238,21743,23495,39583,18971,20612,22617,10931,11686,5655,2768,2887,
56570,22624,10829,11795,39589,19009,20580,45245,21745,23500,39587,18975,20612,22620,10932,11688,5655,2768,2887,
56575,22625,10829,11796,39592,19009,20583,45246,21746,23500,39590,18976,20614,22621,10932,11689,5656,2768,2888,
56580,22628,10829,11799,39596,19010,20586,45253,21749,23504,39594,18978,20616,22624,10933,11691,5656,2768,2888,
56585,22629,10830,11799,39599,19012,20587,45254,21749,23505,39597,18979,20618,22625,10933,11692,5657,2769,2888,
56590,22632,10831,11801,39603,19013,20590,45261,21755,23506,39601,18983,20618,22628,10936,11692,5657,2769,2888,
56595,22633,10832,11801,39606,19013,20593,45262,21755,23507,39604,18984,20620,22629,10936,11693,5658,2770,2888,
56600,22636,10833,11803,39610,19016,20594,45269,21758,23511,39608,18985,20623,22632,10938,11694,5658,2770,2888,
56605,22637,10834,11803,39613,19017,20596,45270,21758,23512,39611,18986,20625,22633,10939,11694,5659,2771,2888,
56610,22640,10835,11805,39617,19020,20597,45277,21763,23514,39615,18988,20627,22636,10939,11697,5659,2771,2888,
56615,22641,10835,11806,39620,19022,20598,45278,21763,23515,39618,18990,20628,22637,10940,11697,5660,2772,2888,
56620,22644,10837,11807,39624,19024,20600,45285,21767,23518,39622,18991,20631,22640,10940,11700,5660,2772,2888,
56625,22645,10837,11808,39627,19025,20602,45286,21767,23519,39625,18992,20633,22641,10940,11701,5661,2772,2889,
56630,22648,10839,11809,39631,19027,20604,45293,21769,23524,39629,18994,20635,22644,10941,11703,5661,2772,2889,
56635,22649,10840,11809,39634,19028,20606,45294,21769,23525,39632,18996,20636,22645,10941,11704,5662,2772,2890,
56640,22652,10842,11810,39638,19029,20609,45301,21771,23530,39636,18998,20638,22648,10943,11705,5662,2772,2890,
56645,22653,10842,11811,39641,19030,20611,45302,21772,23530,39639,18999,20640,22649,10943,11706,5663,2772,2891,
56650,22656,10845,11811,39645,19034,20611,45309,21777,23532,39643,19001,20642,22652,10943,11709,5663,2772,2891,
56655,22657,10846,11811,39648,19035,20613,45310,21777,23533,39646,19002,20644,22653,10943,11710,5664,2772,2892,
56660,22660,10846,11814,39652,19035,20617,45317,21780,23537,39650,19005,20645,22656,10944,11712,5664,2772,2892,
56665,22661,10846,11815,39655,19036,20619,45318,21780,23538,39653,19007,20646,22657,10945,11712,5665,2772,2893,
56670,22664,10847,11817,39659,19038,20621,45325,21785,23540,39657,19009,20648,22660,10947,11713,5665,2772,2893,
56675,22665,10848,11817,39662,19039,20623,45326,21785,23541,39660,19010,20650,22661,10948,11713,5666,2772,2894,
56680,22668,10850,11818,39666,19041,20625,45333,21788,23545,39664,19013,20651,22664,10948,11716,5666,2772,2894,
56685,22669,10851,11818,39669,19044,20625,45334,21788,23546,39667,19013,20654,22665,10948,11717,5667,2772,2895,
56690,22672,10851,11821,39673,19046,20627,45341,21791,23550,39671,19015,20656,22668,10949,11719,5667,2772,2895,
56695,22673,10851,11822,39676,19047,20629,45342,21792,23550,39674,19016,20658,22669,10949,11720,5668,2772,2896,
56700,22676,10852,11824,39680,19051,20629,45349,21797,23552,39678,19020,20658,22672,10951,11721,5668,2772,2896,
56705,22677,10853,11824,39683,19051,20632,45350,21797,23553,39681,19021,20660,22673,10952,11721,5669,2773,2896,
56710,22680,10855,11825,39687,19053,20634,45357,21799,23558,39685,19021,20664,22676,10954,11722,5669,2773,2896,
56715,22681,10855,11826,39690,19054,20636,45358,21799,23559,39688,19022,20666,22677,10954,11723,5670,2774,2896,
56720,22684,10857,11827,39694,19058,20636,45365,21802,23563,39692,19023,20669,22680,10955,11725,5670,2774,2896,
56725,22685,10857,11828,39697,19059,20638,45366,21803,23563,39695,19025,20670,22681,10955,11726,5671,2775,2896,
56730,22688,10860,11828,39701,19062,20639,45373,21807,23566,39699,19028,20671,22684,10955,11729,5671,2775,2896,
56735,22689,10860,11829,39704,19062,20642,45374,21807,23567,39702,19030,20672,22685,10956,11729,5672,2776,2896,
56740,22692,10862,11830,39708,19063,20645,45381,21811,23570,39706,19030,20676,22688,10957,11731,5672,2776,2896,
56745,22693,10862,11831,39711,19064,20647,45382,21811,23571,39709,19032,20677,22689,10958,11731,5673,2777,2896,
56750,22696,10863,11833,39715,19067,20648,45389,21813,23576,39713,19035,20678,22692,10958,11734,5673,2777,2896,
56755,22697,10864,11833,39718,19069,20649,45390,21813,23577,39716,19037,20679,22693,10959,11734,5674,2778,2896,
56760,22700,10864,11836,39722,19071,20651,45397,21818,23579,39720,19038,20682,22696,10960,11736,5674,2778,2896,
56765,22701,10865,11836,39725,19072,20653,45398,21818,23580,39723,19039,20684,22697,10961,11736,5675,2779,2896,
56770,22704,10866,11838,39729,19072,20657,45405,21822,23583,39727,19040,20687,22700,10962,11738,5675,2779,2896,
56775,22705,10867,11838,39732,19073,20659,45406,21823,23583,39730,19041,20689,22701,10962,11739,5676,2779,2897,
56780,22708,10868,11840,39736,19076,20660,45413,21828,23585,39734,19042,20692,22704,10965,11739,5676,2779,2897,
56785,22709,10869,11840,39739,19079,20660,45414,21829,23585,39737,19044,20693,22705,10965,11740,5677,2780,2897,
56790,22712,10872,11840,39743,19080,20663,45421,21832,23589,39741,19047,20694,22708,10966,11742,5677,2780,2897,
56795,22713,10872,11841,39746,19081,20665,45422,21833,23589,39744,19049,20695,22709,10966,11743,5678,2780,2898,
56800,22716,10873,11843,39750,19084,20666,45429,21836,23593,39748,19051,20697,22712,10967,11745,5678,2780,2898,
56805,22717,10874,11843,39753,19085,20668,45430,21837,23593,39751,19052,20699,22713,10968,11745,5679,2780,2899,
56810,22720,10876,11844,39757,19088,20669,45437,21842,23595,39755,19053,20702,22716,10969,11747,5679,2780,2899,
56815,22721,10877,11844,39760,19088,20672,45438,21842,23596,39758,19055,20703,22717,10970,11747,5680,2780,2900,
56820,22724,10877,11847,39764,19089,20675,45445,21845,23600,39762,19058,20704,22720,10973,11747,5680,2780,2900,
56825,22725,10878,11847,39767,19092,20675,45446,21846,23600,39765,19058,20707,22721,10973,11748,5681,2781,2900,
56830,22728,10879,11849,39771,19094,20677,45453,21850,23603,39769,19059,20710,22724,10975,11749,5681,2781,2900,
56835,22729,10880,11849,39774,19095,20679,45454,21851,23603,39772,19059,20713,22725,10976,11749,5682,2782,2900,
56840,22732,10881,11851,39778,19096,20682,45461,21856,23605,39776,19061,20715,22728,10979,11749,5682,2782,2900,
56845,22733,10882,11851,39781,19098,20683,45462,21856,23606,39779,19063,20716,22729,10979,11750,5683,2783,2900,
56850,22736,10885,11851,39785,19100,20685,45469,21859,23610,39783,19067,20716,22732,10980,11752,5683,2783,2900,
56855,22737,10885,11852,39788,19100,20688,45470,21859,23611,39786,19069,20717,22733,10980,11753,5684,2783,2901,
56860,22740,10885,11855,39792,19100,20692,45477,21865,23612,39790,19072,20718,22736,10981,11755,5684,2783,2901,
56865,22741,10886,11855,39795,19101,20694,45478,21866,23612,39793,19074,20719,22737,10981,11756,5685,2783,2902,
56870,22744,10887,11857,39799,19103,20696,45485,21870,23615,39797,19077,20720,22740,10983,11757,5685,2783,2902,
56875,22745,10887,11858,39802,19104,20698,45486,21870,23616,39800,19077,20723,22741,10984,11757,5686,2784,2902,
56880,22748,10889,11859,39806,19105,20701,45493,21875,23618,39804,19079,20725,22744,10987,11757,5686,2784,2902,
56885,22749,10889,11860,39809,19105,20704,45494,21875,23619,39807,19079,20728,22745,10987,11758,5687,2785,2902,
56890,22752,10890,11862,39813,19107,20706,45501,21878,23623,39811,19080,20731,22748,10987,11761,5687,2785,2902,
56895,22753,10890,11863,39816,19108,20708,45502,21878,23624,39814,19082,20732,22749,10988,11761,5688,2786,2902,
56900,22756,10891,11865,39820,19110,20710,45509,21882,23627,39818,19084,20734,22752,10990,11762,5688,2786,2902,
56905,22757,10891,11866,39823,19111,20712,45510,21882,23628,39821,19084,20737,22753,10990,11763,5689,2786,2903,
56910,22760,10893,11867,39827,19111,20716,45517,21884,23633,39825,19084,20741,22756,10993,11763,5689,2786,2903,
56915,22761,10894,11867,39830,19113,20717,45518,21884,23634,39828,19085,20743,22757,10993,11764,5690,2787,2903,
56920,22764,10895,11869,39834,19116,20718,45525,21887,23638,39832,19087,20745,22760,10994,11766,5690,2787,2903,
56925,22765,10895,11870,39837,19117,20720,45526,21888,23638,39835,19088,20747,22761,10995,11766,5691,2787,2904,
56930,22768,10895,11873,39841,19120,20721,45533,21894,23639,39839,19090,20749,22764,10997,11767,5691,2787,2904,
56935,22769,10896,11873,39844,19123,20721,45534,21894,23640,39842,19090,20752,22765,10997,11768,5692,2788,2904,
56940,22772,10897,11875,39848,19125,20723,45541,21897,23644,39846,19093,20753,22768,10999,11769,5692,2788,2904,
56945,22773,10897,11876,39851,19127,20724,45542,21897,23645,39849,19095,20754,22769,10999,11770,5693,2788,2905,
56950,22776,10897,11879,39855,19130,20725,45549,21898,23651,39853,19096,20757,22772,11000,11772,5693,2788,2905,
56955,22777,10897,11880,39858,19131,20727,45550,21899,23651,39856,19097,20759,22773,11001,11772,5694,2788,2906,
56960,22780,10897,11883,39862,19134,20728,45557,21903,23654,39860,19098,20762,22776,11001,11775,5694,2788,2906,
56965,22781,10897,11884,39865,19135,20730,45558,21903,23655,39863,19099,20764,22777,11001,11776,5695,2788,2907,
56970,22784,10899,11885,39869,19136,20733,45565,21907,23658,39867,19100,20767,22780,11003,11777,5695,2788,2907,
56975,22785,10900,11885,39872,19136,20736,45566,21908,23658,39870,19101,20769,22781,11003,11778,5696,2788,2908,
56980,22788,10901,11887,39876,19139,20737,45573,21915,23658,39874,19103,20771,22784,11005,11779,5696,2788,2908,
56985,22789,10902,11887,39879,19142,20737,45574,21916,23658,39877,19104,20773,22785,11006,11779,5697,2788,2909,
56990,22792,10904,11888,39883,19144,20739,45581,21918,23663,39881,19105,20776,22788,11008,11780,5697,2788,2909,
56995,22793,10904,11889,39886,19145,20741,45582,21918,23664,39884,19107,20777,22789,11009,11780,5698,2788,2910,
57000,22796,10905,11891,39890,19145,20745,45589,21921,23668,39888,19109,20779,22792,11010,11782,5698,2788,2910,
57005,22797,10905,11892,39893,19146,20747,45590,21922,23668,39891,19109,20782,22793,11011,11782,5699,2789,2910,
57010,22800,10906,11894,39897,19148,20749,45597,21926,23671,39895,19109,20786,22796,11011,11785,5699,2789,2910,
57015,22801,10907,11894,39900,19150,20750,45598,21926,23672,39898,19111,20787,22797,11012,11785,5700,2789,2911,
57020,22804,10907,11897,39904,19153,20751,45605,21929,23676,39902,19112,20790,22800,11014,11786,5700,2789,2911,
57025,22805,10907,11898,39907,19156,20751,45606,21930,23676,39905,19114,20791,22801,11015,11786,5701,2789,2912,
57030,22808,10909,11899,39911,19157,20754,45613,21933,23680,39909,19116,20793,22804,11016,11788,5701,2789,2912,
57035,22809,10910,11899,39914,19158,20756,45614,21934,23680,39912,19118,20794,22805,11017,11788,5702,2790,2912,
57040,22812,10910,11902,39918,19159,20759,45621,21939,23682,39916,19119,20797,22808,11017,11791,5702,2790,2912,
57045,22813,10911,11902,39921,19161,20760,45622,21939,23683,39919,19121,20798,22809,11018,11791,5703,2791,2912,
57050,22816,10913,11903,39925,19162,20763,45629,21944,23685,39923,19123,20800,22812,11020,11792,5703,2791,2912,
57055,22817,10913,11904,39928,19163,20765,45630,21945,23685,39926,19125,20801,22813,11020,11793,5704,2792,2912,
57060,22820,10916,11904,39932,19165,20767,45637,21948,23689,39930,19126,20804,22816,11021,11795,5704,2792,2912,
57065,22821,10917,11904,39935,19168,20767,45638,21948,23690,39933,19128,20805,22817,11021,11796,5705,2792,2913,
57070,22824,10919,11905,39939,19171,20768,45645,21954,23691,39937,19130,20807,22820,11023,11797,5705,2792,2913,
57075,22825,10919,11906,39942,19171,20771,45646,21955,23691,39940,19131,20809,22821,11023,11798,5706,2793,2913,
57080,22828,10921,11907,39946,19173,20773,45653,21958,23695,39944,19134,20810,22824,11024,11800,5706,2793,2913,
57085,22829,10921,11908,39949,19175,20774,45654,21959,23695,39947,19134,20813,22825,11024,11801,5707,2793,2914,
57090,22832,10922,11910,39953,19178,20775,45661,21962,23699,39951,19137,20814,22828,11026,11802,5707,2793,2914,
57095,22833,10922,11911,39956,19179,20777,45662,21962,23700,39954,19139,20815,22829,11026,11803,5708,2793,2915,
57100,22836,10923,11913,39960,19181,20779,45669,21967,23702,39958,19140,20818,22832,11027,11805,5708,2793,2915,
57105,22837,10923,11914,39963,19181,20782,45670,21967,23703,39961,19142,20819,22833,11027,11806,5709,2793,2916,
57110,22840,10925,11915,39967,19183,20784,45677,21971,23706,39965,19144,20821,22836,11027,11809,5709,2793,2916,
57115,22841,10925,11916,39970,19186,20784,45678,21971,23707,39968,19146,20822,22837,11028,11809,5710,2793,2917,
57120,22844,10925,11919,39974,19188,20786,45685,21974,23711,39972,19149,20823,22840,11029,11811,5710,2793,2917,
57125,22845,10926,11919,39977,19190,20787,45686,21974,23712,39975,19151,20824,22841,11030,11811,5711,2793,2918,
57130,22848,10928,11920,39981,19193,20788,45693,21977,23716,39979,19152,20827,22844,11031,11813,5711,2793,2918,
57135,22849,10929,11920,39984,19194,20790,45694,21978,23716,39982,19154,20828,22845,11032,11813,5712,2793,2919,
57140,22852,10930,11922,39988,19195,20793,45701,21981,23720,39986,19157,20829,22848,11032,11816,5712,2793,2919,
57145,22853,10931,11922,39991,19197,20794,45702,21982,23720,39989,19158,20831,22849,11032,11817,5713,2793,2920,
57150,22856,10934,11922,39995,19200,20795,45709,21983,23726,39993,19159,20834,22852,11034,11818,5713,2793,2920,
57155,22857,10935,11922,39998,19203,20795,45710,21983,23727,39996,19161,20835,22853,11034,11819,5714,2793,2921,
57160,22860,10937,11923,40002,19204,20798,45717,21986,23731,40000,19162,20838,22856,11035,11821,5714,2793,2921,
57165,22861,10937,11924,40005,19205,20800,45718,21986,23732,40003,19164,20839,22857,11036,11821,5715,2794,2921,
57170,22864,10938,11926,40009,19206,20803,45725,21993,23732,40007,19166,20841,22860,11038,11822,5715,2794,2921,
57175,22865,10938,11927,40012,19208,20804,45726,21993,23733,40010,19166,20844,22861,11039,11822,5716,2795,2921,
57180,22868,10939,11929,40016,19210,20806,45733,21996,23737,40014,19168,20846,22864,11041,11823,5716,2795,2921,
57185,22869,10940,11929,40019,19210,20809,45734,21996,23738,40017,19171,20846,22865,11042,11823,5717,2796,2921,
57190,22872,10942,11930,40023,19212,20811,45741,22003,23738,40021,19174,20847,22868,11044,11824,5717,2796,2921,
57195,22873,10942,11931,40026,19215,20811,45742,22004,23738,40024,19176,20848,22869,11044,11825,5718,2796,2922,
57200,22876,10942,11934,40030,19215,20815,45749,22005,23744,40028,19178,20850,22872,11045,11827,5718,2796,2922,
57205,22877,10943,11934,40033,19215,20818,45750,22005,23745,40031,19181,20850,22873,11045,11828,5719,2797,2922,
57210,22880,10944,11936,40037,19217,20820,45757,22009,23748,40035,19182,20853,22876,11046,11830,5719,2797,2922,
57215,22881,10945,11936,40040,19218,20822,45758,22010,23748,40038,19183,20855,22877,11046,11831,5720,2797,2923,
57220,22884,10946,11938,40044,19220,20824,45765,22012,23753,40042,19186,20856,22880,11048,11832,5720,2797,2923,
57225,22885,10946,11939,40047,19220,20827,45766,22013,23753,40045,19187,20858,22881,11049,11832,5721,2797,2924,
57230,22888,10947,11941,40051,19224,20827,45773,22017,23756,40049,19189,20860,22884,11052,11832,5721,2797,2924,
57235,22889,10948,11941,40054,19226,20828,45774,22017,23757,40052,19191,20861,22885,11052,11833,5722,2797,2925,
57240,22892,10950,11942,40058,19228,20830,45781,22021,23760,40056,19193,20863,22888,11054,11834,5722,2797,2925,
57245,22893,10950,11943,40061,19231,20830,45782,22021,23761,40059,19193,20866,22889,11054,11835,5723,2798,2925,
57250,22896,10953,11943,40065,19233,20832,45789,22025,23764,40063,19195,20868,22892,11055,11837,5723,2798,2925,
57255,22897,10953,11944,40068,19234,20834,45790,22026,23764,40066,19197,20869,22893,11055,11838,5724,2798,2926,
57260,22900,10955,11945,40072,19236,20836,45797,22028,23769,40070,19200,20870,22896,11057,11839,5724,2798,2926,
57265,22901,10956,11945,40075,19237,20838,45798,22028,23770,40073,19201,20872,22897,11058,11839,5725,2799,2926,
57270,22904,10957,11947,40079,19238,20841,45805,22033,23772,40077,19201,20876,22900,11060,11840,5725,2799,2926,
57275,22905,10958,11947,40082,19238,20844,45806,22034,23772,40080,19203,20877,22901,11061,11840,5726,2799,2927,
57280,22908,10959,11949,40086,19241,20845,45813,22038,23775,40084,19204,20880,22904,11063,11841,5726,2799,2927,
57285,22909,10960,11949,40089,19244,20845,45814,22039,23775,40087,19205,20882,22905,11064,11841,5727,2799,2928,
57290,22912,10961,11951,40093,19247,20846,45821,22042,23779,40091,19206,20885,22908,11066,11842,5727,2799,2928,
57295,22913,10962,11951,40096,19248,20848,45822,22043,23779,40094,19207,20887,22909,11066,11843,5728,2799,2929,
57300,22916,10963,11953,40100,19248,20852,45829,22044,23785,40098,19209,20889,22912,11068,11844,5728,2799,2929,
57305,22917,10963,11954,40103,19249,20854,45830,22044,23786,40101,19211,20890,22913,11069,11844,5729,2799,2930,
57310,22920,10966,11954,40107,19249,20858,45837,22048,23789,40105,19212,20893,22916,11069,11847,5729,2799,2930,
57315,22921,10966,11955,40110,19250,20860,45838,22049,23789,40108,19212,20896,22917,11069,11848,5730,2800,2930,
57320,22924,10967,11957,40114,19253,20861,45845,22052,23793,40112,19213,20899,22920,11070,11850,5730,2800,2930,
57325,22925,10968,11957,40117,19253,20864,45846,22052,23794,40115,19215,20900,22921,11070,11851,5731,2801,2930,
57330,22928,10971,11957,40121,19255,20866,45853,22053,23800,40119,19216,20903,22924,11071,11853,5731,2801,2930,
57335,22929,10972,11957,40124,19258,20866,45854,22054,23800,40122,19219,20903,22925,11072,11853,5732,2802,2930,
57340,22932,10972,11960,40128,19260,20868,45861,22056,23805,40126,19222,20904,22928,11075,11853,5732,2802,2930,
57345,22933,10973,11960,40131,19261,20870,45862,22057,23805,40129,19223,20906,22929,11076,11853,5733,2802,2931,
57350,22936,10975,11961,40135,19261,20874,45869,22059,23810,40133,19226,20907,22932,11077,11855,5733,2802,2931,
57355,22937,10975,11962,40138,19262,20876,45870,22059,23811,40136,19227,20909,22933,11077,11856,5734,2802,2932,
57360,22940,10975,11965,40142,19265,20877,45877,22062,23815,40140,19227,20913,22936,11078,11858,5734,2802,2932,
57365,22941,10976,11965,40145,19267,20878,45878,22062,23816,40143,19229,20914,22937,11079,11858,5735,2803,2932,
57370,22944,10977,11967,40149,19269,20880,45885,22065,23820,40147,19229,20918,22940,11081,11859,5735,2803,2932,
57375,22945,10977,11968,40152,19270,20882,45886,22066,23820,40150,19231,20919,22941,11081,11860,5736,2803,2933,
57380,22948,10980,11968,40156,19274,20882,45893,22070,23823,40154,19235,20919,22944,11083,11861,5736,2803,2933,
57385,22949,10981,11968,40159,19275,20884,45894,22071,23823,40157,19236,20921,22945,11083,11862,5737,2803,2934,
57390,22952,10984,11968,40163,19275,20888,45901,22077,23824,40161,19238,20923,22948,11085,11863,5737,2803,2934,
57395,22953,10984,11969,40166,19277,20889,45902,22078,23824,40164,19238,20926,22949,11085,11864,5738,2804,2934,
57400,22956,10986,11970,40170,19278,20892,45909,22081,23828,40168,19241,20927,22952,11086,11866,5738,2804,2934,
57405,22957,10986,11971,40173,19279,20894,45910,22081,23829,40171,19242,20929,22953,11087,11866,5739,2804,2935,
57410,22960,10986,11974,40177,19280,20897,45917,22086,23831,40175,19242,20933,22956,11089,11867,5739,2804,2935,
57415,22961,10987,11974,40180,19283,20897,45918,22086,23832,40178,19243,20935,22957,11090,11867,5740,2805,2935,
57420,22964,10989,11975,40184,19285,20899,45925,22091,23834,40182,19244,20938,22960,11091,11869,5740,2805,2935,
57425,22965,10990,11975,40187,19286,20901,45926,22091,23835,40185,19245,20940,22961,11092,11869,5741,2805,2936,
57430,22968,10993,11975,40191,19290,20901,45933,22094,23839,40189,19247,20942,22964,11094,11870,5741,2805,2936,
57435,22969,10993,11976,40194,19292,20902,45934,22094,23840,40192,19248,20944,22965,11094,11871,5742,2806,2936,
57440,22972,10995,11977,40198,19295,20903,45941,22098,23843,40196,19250,20946,22968,11095,11873,5742,2806,2936,
57445,22973,10995,11978,40201,19297,20904,45942,22098,23844,40199,19251,20948,22969,11095,11874,5743,2806,2937,
57450,22976,10997,11979,40205,19298,20907,45949,22099,23850,40203,19252,20951,22972,11097,11875,5743,2806,2937,
57455,22977,10997,11980,40208,19299,20909,45950,22099,23851,40206,19252,20954,22973,11098,11875,5744,2806,2938,
57460,22980,11000,11980,40212,19300,20912,45957,22102,23855,40210,19253,20957,22976,11100,11876,5744,2806,2938,
57465,22981,11000,11981,40215,19303,20912,45958,22103,23855,40213,19255,20958,22977,11101,11876,5745,2806,2939,
57470,22984,11000,11984,40219,19305,20914,45965,22105,23860,40217,19256,20961,22980,11103,11877,5745,2806,2939,
57475,22985,11000,11985,40222,19307,20915,45966,22106,23860,40220,19258,20962,22981,11103,11878,5746,2806,2940,
57480,22988,11001,11987,40226,19310,20916,45973,22112,23861,40224,19259,20965,22984,11104,11880,5746,2806,2940,
57485,22989,11001,11988,40229,19312,20917,45974,22113,23861,40227,19261,20966,22985,11104,11881,5747,2807,2940,
57490,22992,11003,11989,40233,19313,20920,45981,22120,23861,40231,19261,20970,22988,11107,11881,5747,2807,2940,
57495,22993,11004,11989,40236,19314,20922,45982,22120,23862,40234,19263,20971,22989,11108,11881,5748,2807,2941,
57500,22996,11004,11992,40240,19316,20924,45989,22124,23865,40238,19265,20973,22992,11110,11882,5748,2807,2941,
57505,22997,11004,11993,40243,19317,20926,45990,22125,23865,40241,19265,20976,22993,11111,11882,5749,2808,2941,
57510,23000,11006,11994,40247,19321,20926,45997,22127,23870,40245,19267,20978,22996,11113,11883,5749,2808,2941,
57515,23001,11006,11995,40250,19321,20929,45998,22127,23871,40248,19268,20980,22997,11113,11884,5750,2808,2942,
57520,23004,11007,11997,40254,19323,20931,46005,22132,23873,40252,19270,20982,23000,11116,11884,5750,2808,2942,
57525,23005,11008,11997,40257,19324,20933,46006,22133,23873,40255,19272,20983,23001,11116,11885,5751,2808,2943,
57530,23008,11008,12000,40261,19325,20936,46013,22136,23877,40259,19274,20985,23004,11118,11886,5751,2808,2943,
57535,23009,11008,12001,40264,19327,20937,46014,22137,23877,40262,19274,20988,23005,11118,11887,5752,2808,2944,
57540,23012,11008,12004,40268,19330,20938,46021,22142,23879,40266,19275,20991,23008,11118,11890,5752,2808,2944,
57545,23013,11008,12005,40271,19332,20939,46022,22142,23880,40269,19276,20993,23009,11119,11890,5753,2809,2944,
57550,23016,11010,12006,40275,19335,20940,46029,22146,23883,40273,19277,20996,23012,11121,11891,5753,2809,2944,
57555,23017,11011,12006,40278,19337,20941,46030,22146,23884,40276,19277,20999,23013,11121,11892,5754,2810,2944,
57560,23020,11013,12007,40282,19339,20943,46037,22149,23888,40280,19279,21001,23016,11123,11893,5754,2810,2944,
57565,23021,11013,12008,40285,19339,20946,46038,22149,23889,40283,19279,21004,23017,11124,11893,5755,2811,2944,
57570,23024,11015,12009,40289,19342,20947,46045,22155,23890,40287,19283,21004,23020,11125,11895,5755,2811,2944,
57575,23025,11015,12010,40292,19344,20948,46046,22155,23891,40290,19284,21006,23021,11125,11896,5756,2811,2945,
57580,23028,11017,12011,40296,19346,20950,46053,22157,23896,40294,19287,21007,23024,11126,11898,5756,2811,2945,
57585,23029,11018,12011,40299,19347,20952,46054,22158,23896,40297,19289,21008,23025,11127,11898,5757,2811,2946,
57590,23032,11020,12012,40303,19348,20955,46061,22159,23902,40301,19290,21011,23028,11128,11900,5757,2811,2946,
57595,23033,11020,12013,40306,19349,20957,46062,22159,23903,40304,19291,21013,23029,11129,11900,5758,2811,2947,
57600,23036,11023,12013,40310,19352,20958,46069,22162,23907,40308,19292,21016,23032,11131,11901,5758,2811,2947,
57605,23037,11023,12014,40313,19352,20961,46070,22162,23908,40311,19295,21016,23033,11132,11901,5759,2811,2948,
57610,23040,11025,12015,40317,19352,20965,46077,22162,23915,40315,19298,21017,23036,11133,11903,5759,2811,2948,
57615,23041,11025,12016,40320,19354,20966,46078,22163,23915,40318,19300,21018,23037,11134,11903,5760,2812,2948,
57620,23044,11025,12019,40324,19355,20969,46085,22167,23918,40322,19304,21018,23040,11136,11904,5760,2812,2948,
57625,23045,11025,12020,40327,19356,20971,46086,22168,23918,40325,19306,21019,23041,11136,11905,5761,2813,2948,
57630,23048,11027,12021,40331,19358,20973,46093,22173,23920,40329,19307,21022,23044,11138,11906,5761,2813,2948,
57635,23049,11027,12022,40334,19358,20976,46094,22173,23921,40332,19309,21023,23045,11139,11906,5762,2813,2949,
57640,23052,11029,12023,40338,19360,20978,46101,22177,23924,40336,19312,21024,23048,11142,11906,5762,2813,2949,
57645,23053,11030,12023,40341,19362,20979,46102,22177,23925,40339,19314,21025,23049,11143,11906,5763,2814,2949,
57650,23056,11032,12024,40345,19366,20979,46109,22179,23930,40343,19316,21027,23052,11145,11907,5763,2814,2949,
57655,23057,11033,12024,40348,19367,20981,46110,22179,23931,40346,19318,21028,23053,11145,11908,5764,2815,2949,
57660,23060,11035,12025,40352,19369,20983,46117,22182,23935,40350,19320,21030,23056,11146,11910,5764,2815,2949,
57665,23061,11036,12025,40355,19369,20986,46118,22183,23935,40353,19321,21032,23057,11146,11911,5765,2815,2950,
57670,23064,11036,12028,40359,19370,20989,46125,22186,23939,40357,19323,21034,23060,11149,11911,5765,2815,2950,
57675,23065,11036,12029,40362,19371,20991,46126,22187,23939,40360,19326,21034,23061,11149,11912,5766,2815,2951,
57680,23068,11037,12031,40366,19375,20991,46133,22190,23943,40364,19328,21036,23064,11151,11913,5766,2815,2951,
57685,23069,11037,12032,40369,19378,20991,46134,22190,23944,40367,19329,21038,23065,11152,11913,5767,2816,2951,
57690,23072,11039,12033,40373,19381,20992,46141,22193,23948,40371,19330,21041,23068,11154,11914,5767,2816,2951,
57695,23073,11040,12033,40376,19381,20995,46142,22193,23949,40374,19332,21042,23069,11155,11914,5768,2817,2951,
57700,23076,11042,12034,40380,19384,20996,46149,22197,23952,40378,19333,21045,23072,11156,11916,5768,2817,2951,
57705,23077,11043,12034,40383,19385,20998,46150,22198,23952,40381,19333,21048,23073,11157,11916,5769,2817,2952,
57710,23080,11044,12036,40387,19386,21001,46157,22203,23954,40385,19334,21051,23076,11159,11917,5769,2817,2952,
57715,23081,11045,12036,40390,19388,21002,46158,22204,23954,40388,19336,21052,23077,11160,11917,5770,2817,2953,
57720,23084,11046,12038,40394,19388,21006,46165,22206,23959,40392,19339,21053,23080,11162,11918,5770,2817,2953,
57725,23085,11047,12038,40397,19389,21008,46166,22206,23960,40395,19339,21056,23081,11162,11919,5771,2817,2954,
57730,23088,11050,12038,40401,19392,21009,46173,22208,23965,40399,19340,21059,23084,11164,11920,5771,2817,2954,
57735,23089,11051,12038,40404,19394,21010,46174,22209,23965,40402,19340,21062,23085,11164,11921,5772,2818,2954,
57740,23092,11053,12039,40408,19396,21012,46181,22211,23970,40406,19342,21064,23088,11165,11923,5772,2818,2954,
57745,23093,11054,12039,40411,19396,21015,46182,22211,23971,40409,19344,21065,23089,11166,11923,5773,2819,2954,
57750,23096,11055,12041,40415,19399,21016,46189,22212,23977,40413,19346,21067,23092,11167,11925,5773,2819,2954,
57755,23097,11056,12041,40418,19401,21017,46190,22213,23977,40416,19346,21070,23093,11168,11925,5774,2820,2954,
57760,23100,11057,12043,40422,19404,21018,46197,22217,23980,40420,19348,21072,23096,11171,11925,5774,2820,2954,
57765,23101,11058,12043,40425,19404,21021,46198,22218,23980,40423,19350,21073,23097,11172,11925,5775,2821,2954,
57770,23104,11060,12044,40429,19406,21023,46205,22220,23985,40427,19352,21075,23100,11174,11926,5775,2821,2954,
57775,23105,11060,12045,40432,19406,21026,46206,22221,23985,40430,19354,21076,23101,11175,11926,5776,2821,2955,
57780,23108,11060,12048,40436,19406,21030,46213,22223,23990,40434,19356,21078,23104,11178,11926,5776,2821,2955,
57785,23109,11060,12049,40439,19407,21032,46214,22224,23990,40437,19358,21079,23105,11178,11927,5777,2822,2955,
57790,23112,11060,12052,40443,19409,21034,46221,22227,23994,40441,19361,21080,23108,11180,11928,5777,2822,2955,
57795,23113,11061,12052,40446,19410,21036,46222,22228,23994,40444,19362,21082,23109,11180,11929,5778,2823,2955,
57800,23116,11062,12054,40450,19414,21036,46229,22232,23997,40448,19364,21084,23112,11181,11931,5778,2823,2955,
57805,23117,11062,12055,40453,19416,21037,46230,22233,23997,40451,19366,21085,23113,11182,11931,5779,2824,2955,
57810,23120,11064,12056,40457,19419,21038,46237,22237,24000,40455,19368,21087,23116,11184,11932,5779,2824,2955,
57815,23121,11064,12057,40460,19421,21039,46238,22237,24001,40458,19369,21089,23117,11184,11933,5780,2825,2955,
57820,23124,11066,12058,40464,19422,21042,46245,22237,24008,40462,19372,21090,23120,11186,11934,5780,2825,2955,
57825,23125,11066,12059,40467,19424,21043,46246,22238,24008,40465,19373,21092,23121,11186,11935,5781,2826,2955,
57830,23128,11068,12060,40471,19426,21045,46253,22242,24011,40469,19373,21096,23124,11189,11935,5781,2826,2955,
57835,23129,11068,12061,40474,19427,21047,46254,22243,24011,40472,19373,21099,23125,11190,11935,5782,2826,2956,
57840,23132,11069,12063,40478,19430,21048,46261,22245,24016,40476,19373,21103,23128,11192,11936,5782,2826,2956,
57845,23133,11069,12064,40481,19431,21050,46262,22245,24017,40479,19374,21105,23129,11193,11936,5783,2827,2956,
57850,23136,11069,12067,40485,19433,21052,46269,22250,24019,40483,19377,21106,23132,11194,11938,5783,2827,2956,
57855,23137,11069,12068,40488,19434,21054,46270,22250,24020,40486,19378,21108,23133,11195,11938,5784,2828,2956,
57860,23140,11070,12070,40492,19436,21056,46277,22255,24022,40490,19380,21110,23136,11198,11938,5784,2828,2956,
57865,23141,11070,12071,40495,19438,21057,46278,22255,24023,40493,19380,21113,23137,11198,11939,5785,2829,2956,
57870,23144,11071,12073,40499,19440,21059,46285,22260,24025,40497,19381,21116,23140,11199,11941,5785,2829,2956,
57875,23145,11071,12074,40502,19442,21060,46286,22260,24026,40500,19382,21118,23141,11200,11941,5786,2830,2956,
57880,23148,11073,12075,40506,19445,21061,46293,22264,24029,40504,19383,21121,23144,11202,11942,5786,2830,2956,
57885,23149,11073,12076,40509,19447,21062,46294,22265,24029,40507,19384,21123,23145,11202,11943,5787,2831,2956,
57890,23152,11074,12078,40513,19450,21063,46301,22265,24036,40511,19386,21125,23148,11203,11945,5787,2831,2956,
57895,23153,11074,12079,40516,19450,21066,46302,22266,24036,40514,19387,21127,23149,11204,11945,5788,2832,2956,
57900,23156,11077,12079,40520,19453,21067,46309,22269,24040,40518,19388,21130,23152,11206,11946,5788,2832,2956,
57905,23157,11078,12079,40523,19455,21068,46310,22270,24040,40521,19389,21132,23153,11206,11947,5789,2833,2956,
57910,23160,11079,12081,40527,19456,21071,46317,22275,24042,40525,19392,21133,23156,11207,11949,5789,2833,2956,
57915,23161,11080,12081,40530,19458,21072,46318,22275,24043,40528,19394,21134,23157,11207,11950,5790,2834,2956,
57920,23164,11081,12083,40534,19460,21074,46325,22280,24045,40532,19395,21137,23160,11209,11951,5790,2834,2956,
57925,23165,11081,12084,40537,19462,21075,46326,22280,24046,40535,19396,21139,23161,11209,11952,5791,2835,2956,
57930,23168,11082,12086,40541,19466,21075,46333,22283,24050,40539,19400,21139,23164,11212,11952,5791,2835,2956,
57935,23169,11083,12086,40544,19466,21078,46334,22284,24050,40542,19401,21141,23165,11213,11952,5792,2835,2957,
57940,23172,11084,12088,40548,19468,21080,46341,22287,24054,40546,19402,21144,23168,11214,11954,5792,2835,2957,
57945,23173,11085,12088,40551,19469,21082,46342,22287,24055,40549,19404,21145,23169,11215,11954,5793,2835,2958,
57950,23176,11085,12091,40555,19470,21085,46349,22292,24057,40553,19407,21146,23172,11218,11954,5793,2835,2958,
57955,23177,11086,12091,40558,19471,21087,46350,22292,24058,40556,19408,21148,23173,11218,11955,5794,2835,2959,
57960,23180,11087,12093,40562,19472,21090,46357,22296,24061,40560,19410,21150,23176,11218,11958,5794,2835,2959,
57965,23181,11088,12093,40565,19474,21091,46358,22296,24062,40563,19411,21152,23177,11218,11959,5795,2836,2959,
57970,23184,11088,12096,40569,19476,21093,46365,22299,24066,40567,19414,21153,23180,11220,11960,5795,2836,2959,
57975,23185,11089,12096,40572,19477,21095,46366,22299,24067,40570,19414,21156,23181,11220,11961,5796,2837,2959,
57980,23188,11089,12099,40576,19478,21098,46373,22302,24071,40574,19416,21158,23184,11220,11964,5796,2837,2959,
57985,23189,11090,12099,40579,19479,21100,46374,22303,24071,40577,19416,21161,23185,11220,11965,5797,2838,2959,
57990,23192,11091,12101,40583,19480,21103,46381,22308,24073,40581,19417,21164,23188,11221,11967,5797,2838,2959,
57995,23193,11091,12102,40586,19481,21105,46382,22308,24074,40584,19418,21166,23189,11221,11968,5798,2838,2960,
58000,23196,11093,12103,40590,19483,21107,46389,22313,24076,40588,19420,21168,23192,11222,11970,5798,2838,2960,
58005,23197,11094,12103,40593,19484,21109,46390,22314,24076,40591,19420,21171,23193,11222,11971,5799,2838,2961,
58010,23200,11095,12105,40597,19486,21111,46397,22318,24079,40595,19421,21174,23196,11223,11973,5799,2838,2961,
58015,23201,11096,12105,40600,19487,21113,46398,22319,24079,40598,19423,21175,23197,11223,11974,5800,2839,2961,
58020,23204,11097,12107,40604,19489,21115,46405,22323,24082,40602,19426,21176,23200,11223,11977,5800,2839,2961,
58025,23205,11097,12108,40607,19491,21116,46406,22323,24083,40605,19426,21179,23201,11223,11978,5801,2840,2961,
58030,23208,11097,12111,40611,19494,21117,46413,22328,24085,40609,19426,21183,23204,11225,11979,5801,2840,2961,
58035,23209,11098,12111,40614,19495,21119,46414,22329,24085,40612,19428,21184,23205,11226,11979,5802,2840,2962,
58040,23212,11099,12113,40618,19497,21121,46421,22332,24089,40616,19431,21185,23208,11228,11980,5802,2840,2962,
58045,23213,11099,12114,40621,19500,21121,46422,22333,24089,40619,19432,21187,23209,11229,11980,5803,2841,2962,
58050,23216,11101,12115,40625,19502,21123,46429,22338,24091,40623,19436,21187,23212,11231,11981,5803,2841,2962,
58055,23217,11102,12115,40628,19503,21125,46430,22339,24091,40626,19436,21190,23213,11231,11982,5804,2842,2962,
58060,23220,11102,12118,40632,19506,21126,46437,22341,24096,40630,19437,21193,23216,11232,11984,5804,2842,2962,
58065,23221,11102,12119,40635,19508,21127,46438,22342,24096,40633,19438,21195,23217,11232,11985,5805,2842,2963,
58070,23224,11105,12119,40639,19510,21129,46445,22345,24100,40637,19440,21197,23220,11234,11986,5805,2842,2963,
58075,23225,11106,12119,40642,19510,21132,46446,22345,24101,40640,19442,21198,23221,11235,11986,5806,2843,2963,
58080,23228,11108,12120,40646,19511,21135,46453,22350,24103,40644,19442,21202,23224,11235,11989,5806,2843,2963,
58085,23229,11109,12120,40649,19512,21137,46454,22350,24104,40647,19443,21204,23225,11235,11990,5807,2844,2963,
58090,23232,11110,12122,40653,19514,21139,46461,22354,24107,40651,19444,21207,23228,11237,11991,5807,2844,2963,
58095,23233,11111,12122,40656,19514,21142,46462,22355,24107,40654,19445,21209,23229,11238,11991,5808,2844,2964,
58100,23236,11113,12123,40660,19514,21146,46469,22359,24110,40658,19447,21211,23232,11238,11994,5808,2844,2964,
58105,23237,11114,12123,40663,19515,21148,46470,22360,24110,40661,19449,21212,23233,11238,11995,5809,2844,2965,
58110,23240,11116,12124,40667,19516,21151,46477,22364,24113,40665,19449,21216,23236,11239,11997,5809,2844,2965,
58115,23241,11116,12125,40670,19517,21153,46478,22364,24114,40668,19451,21217,23237,11240,11997,5810,2845,2965,
58120,23244,11119,12125,40674,19519,21155,46485,22367,24118,40672,19452,21220,23240,11242,11998,5810,2845,2965,
58125,23245,11120,12125,40677,19520,21157,46486,22367,24119,40675,19454,21221,23241,11242,11999,5811,2845,2966,
58130,23248,11122,12126,40681,19520,21161,46493,22370,24123,40679,19456,21223,23244,11244,12000,5811,2845,2966,
58135,23249,11123,12126,40684,19522,21162,46494,22371,24123,40682,19458,21224,23245,11245,12000,5812,2845,2967,
58140,23252,11126,12126,40688,19524,21164,46501,22376,24125,40686,19461,21225,23248,11247,12001,5812,2845,2967,
58145,23253,11126,12127,40691,19526,21165,46502,22376,24126,40689,19463,21226,23249,11247,12002,5813,2846,2967,
58150,23256,11129,12127,40695,19527,21168,46509,22380,24129,40693,19463,21230,23252,11248,12004,5813,2846,2967,
58155,23257,11129,12128,40698,19528,21170,46510,22380,24130,40696,19464,21232,23253,11248,12005,5814,2847,2967,
58160,23260,11131,12129,40702,19529,21173,46517,22383,24134,40700,19466,21234,23256,11250,12006,5814,2847,2967,
58165,23261,11131,12130,40705,19530,21175,46518,22383,24135,40703,19467,21236,23257,11251,12006,5815,2848,2967,
58170,23264,11131,12133,40709,19531,21178,46525,22386,24139,40707,19468,21239,23260,11253,12007,5815,2848,2967,
58175,23265,11131,12134,40712,19532,21180,46526,22387,24139,40710,19468,21242,23261,11253,12008,5816,2848,2968,
58180,23268,11132,12136,40716,19533,21183,46533,22389,24144,40714,19470,21244,23264,11254,12010,5816,2848,2968,
58185,23269,11132,12137,40719,19534,21185,46534,22389,24145,40717,19473,21244,23265,11255,12010,5817,2848,2969,
58190,23272,11133,12139,40723,19536,21187,46541,22391,24150,40721,19475,21246,23268,11257,12011,5817,2848,2969,
58195,23273,11133,12140,40726,19537,21189,46542,22391,24151,40724,19475,21249,23269,11257,12012,5818,2848,2970,
58200,23276,11135,12141,40730,19539,21191,46549,22394,24155,40728,19477,21251,23272,11258,12014,5818,2848,2970,
58205,23277,11135,12142,40733,19541,21192,46550,22394,24156,40731,19479,21252,23273,11259,12014,5819,2849,2970,
58210,23280,11137,12143,40737,19541,21196,46557,22400,24157,40735,19480,21255,23276,11260,12016,5819,2849,2970,
58215,23281,11138,12143,40740,19542,21198,46558,22400,24158,40738,19481,21257,23277,11261,12016,5820,2850,2970,
58220,23284,11140,12144,40744,19545,21199,46565,22405,24160,40742,19485,21257,23280,11261,12019,5820,2850,2970,
58225,23285,11140,12145,40747,19547,21200,46566,22406,24160,40745,19487,21258,23281,11261,12020,5821,2850,2971,
58230,23288,11141,12147,40751,19551,21200,46573,22407,24166,40749,19487,21262,23284,11262,12022,5821,2850,2971,
58235,23289,11142,12147,40754,19554,21200,46574,22407,24167,40752,19489,21263,23285,11262,12023,5822,2850,2972,
58240,23292,11144,12148,40758,19556,21202,46581,22412,24169,40756,19492,21264,23288,11263,12025,5822,2850,2972,
58245,23293,11144,12149,40761,19557,21204,46582,22413,24169,40759,19495,21264,23289,11263,12026,5823,2850,2973,
58250,23296,11146,12150,40765,19559,21206,46589,22419,24170,40763,19496,21267,23292,11265,12027,5823,2850,2973,
58255,23297,11146,12151,40768,19562,21206,46590,22420,24170,40766,19498,21268,23293,11266,12027,5824,2850,2974,
58260,23300,11146,12154,40772,19562,21210,46597,22423,24174,40770,19500,21270,23296,11267,12029,5824,2850,2974,
58265,23301,11146,12155,40775,19564,21211,46598,22423,24175,40773,19503,21270,23297,11268,12029,5825,2851,2974,
58270,23304,11148,12156,40779,19567,21212,46605,22426,24179,40777,19505,21272,23300,11268,12032,5825,2851,2974,
58275,23305,11149,12156,40782,19569,21213,46606,22427,24179,40780,19507,21273,23301,11269,12032,5826,2851,2975,
58280,23308,11150,12158,40786,19571,21215,46613,22431,24182,40784,19509,21275,23304,11270,12034,5826,2851,2975,
58285,23309,11150,12159,40789,19573,21216,46614,22432,24182,40787,19512,21275,23305,11270,12035,5827,2851,2976,
58290,23312,11153,12159,40793,19575,21218,46621,22435,24186,40791,19513,21278,23308,11270,12038,5827,2851,2976,
58295,23313,11154,12159,40796,19577,21219,46622,22436,24186,40794,19516,21278,23309,11270,12039,5828,2851,2977,
58300,23316,11154,12162,40800,19579,21221,46629,22440,24189,40798,19517,21281,23312,11271,12041,5828,2851,2977,
58305,23317,11155,12162,40803,19581,21222,46630,22440,24190,40801,19519,21282,23313,11271,12042,5829,2852,2977,
58310,23320,11157,12163,40807,19584,21223,46637,22443,24194,40805,19522,21283,23316,11271,12045,5829,2852,2977,
58315,23321,11157,12164,40810,19585,21225,46638,22443,24195,40808,19523,21285,23317,11272,12045,5830,2852,2978,
58320,23324,11159,12165,40814,19586,21228,46645,22448,24197,40812,19526,21286,23320,11274,12046,5830,2852,2978,
58325,23325,11160,12165,40817,19587,21230,46646,22448,24198,40815,19527,21288,23321,11275,12046,5831,2853,2978,
58330,23328,11160,12168,40821,19589,21232,46653,22450,24203,40819,19529,21290,23324,11276,12048,5831,2853,2978,
58335,23329,11161,12168,40824,19590,21234,46654,22451,24203,40822,19531,21291,23325,11276,12049,5832,2854,2978,
58340,23332,11161,12171,40828,19591,21237,46661,22453,24208,40826,19533,21293,23328,11278,12050,5832,2854,2978,
58345,23333,11162,12171,40831,19593,21238,46662,22453,24209,40829,19534,21295,23329,11279,12050,5833,2854,2979,
58350,23336,11163,12173,40835,19595,21240,46669,22457,24212,40833,19536,21297,23332,11281,12051,5833,2854,2979,
58355,23337,11164,12173,40838,19596,21242,46670,22458,24212,40836,19539,21297,23333,11282,12051,5834,2854,2980,
58360,23340,11166,12174,40842,19597,21245,46677,22463,24214,40840,19542,21298,23336,11283,12053,5834,2854,2980,
58365,23341,11166,12175,40845,19598,21247,46678,22464,24214,40843,19544,21299,23337,11283,12054,5835,2854,2981,
58370,23344,11167,12177,40849,19599,21250,46685,22466,24219,40847,19546,21301,23340,11285,12055,5835,2854,2981,
58375,23345,11167,12178,40852,19600,21252,46686,22467,24219,40850,19546,21304,23341,11286,12055,5836,2854,2982,
58380,23348,11169,12179,40856,19601,21255,46693,22472,24221,40854,19548,21306,23344,11286,12058,5836,2854,2982,
58385,23349,11169,12180,40859,19601,21258,46694,22472,24222,40857,19550,21307,23345,11287,12058,5837,2855,2982,
58390,23352,11170,12182,40863,19604,21259,46701,22477,24224,40861,19551,21310,23348,11290,12058,5837,2855,2982,
58395,23353,11170,12183,40866,19607,21259,46702,22478,24224,40864,19553,21311,23349,11290,12059,5838,2856,2982,
58400,23356,11171,12185,40870,19608,21262,46709,22481,24228,40868,19555,21313,23352,11290,12062,5838,2856,2982,
58405,23357,11171,12186,40873,19609,21264,46710,22482,24228,40871,19556,21315,23353,11290,12063,5839,2856,2983,
58410,23360,11173,12187,40877,19611,21266,46717,22484,24233,40875,19558,21317,23356,11291,12065,5839,2856,2983,
58415,23361,11173,12188,40880,19614,21266,46718,22485,24233,40878,19559,21319,23357,11292,12065,5840,2857,2983,
58420,23364,11173,12191,40884,19615,21269,46725,22489,24236,40882,19562,21320,23360,11295,12065,5840,2857,2983,
58425,23365,11173,12192,40887,19616,21271,46726,22489,24237,40885,19563,21322,23361,11295,12066,5841,2858,2983,
58430,23368,11173,12195,40891,19619,21272,46733,22494,24239,40889,19566,21323,23364,11297,12067,5841,2858,2983,
58435,23369,11173,12196,40894,19622,21272,46734,22494,24240,40892,19566,21326,23365,11297,12068,5842,2859,2983,
58440,23372,11174,12198,40898,19623,21275,46741,22499,24242,40896,19569,21327,23368,11299,12069,5842,2859,2983,
58445,23373,11175,12198,40901,19625,21276,46742,22499,24243,40899,19572,21327,23369,11299,12070,5843,2860,2983,
58450,23376,11177,12199,40905,19627,21278,46749,22504,24245,40903,19573,21330,23372,11299,12073,5843,2860,2983,
58455,23377,11178,12199,40908,19628,21280,46750,22504,24246,40906,19575,21331,23373,11300,12073,5844,2860,2984,
58460,23380,11181,12199,40912,19629,21283,46757,22509,24248,40910,19576,21334,23376,11301,12075,5844,2860,2984,
58465,23381,11182,12199,40915,19632,21283,46758,22509,24249,40913,19577,21336,23377,11301,12076,5845,2861,2984,
58470,23384,11184,12200,40919,19635,21284,46765,22514,24251,40917,19579,21338,23380,11301,12079,5845,2861,2984,
58475,23385,11185,12200,40922,19635,21287,46766,22515,24251,40920,19579,21341,23381,11301,12080,5846,2861,2985,
58480,23388,11188,12200,40926,19638,21288,46773,22519,24254,40924,19580,21344,23384,11302,12082,5846,2861,2985,
58485,23389,11188,12201,40929,19640,21289,46774,22520,24254,40927,19581,21346,23385,11302,12083,5847,2861,2986,
58490,23392,11189,12203,40933,19643,21290,46781,22525,24256,40931,19582,21349,23388,11305,12083,5847,2861,2986,
58495,23393,11189,12204,40936,19646,21290,46782,22526,24256,40934,19583,21351,23389,11305,12084,5848,2862,2986,
58500,23396,11190,12206,40940,19648,21292,46789,22527,24262,40938,19585,21353,23392,11306,12086,5848,2862,2986,
58505,23397,11190,12207,40943,19649,21294,46790,22528,24262,40941,19587,21354,23393,11306,12087,5849,2863,2986,
58510,23400,11192,12208,40947,19650,21297,46797,22532,24265,40945,19589,21356,23396,11307,12089,5849,2863,2986,
58515,23401,11193,12208,40950,19653,21297,46798,22533,24265,40948,19590,21358,23397,11307,12090,5850,2864,2986,
58520,23404,11194,12210,40954,19655,21299,46805,22536,24269,40952,19593,21359,23400,11309,12091,5850,2864,2986,
58525,23405,11195,12210,40957,19655,21302,46806,22536,24270,40955,19595,21360,23401,11309,12092,5851,2864,2987,
58530,23408,11198,12210,40961,19658,21303,46813,22537,24276,40959,19597,21362,23404,11311,12093,5851,2864,2987,
58535,23409,11199,12210,40964,19659,21305,46814,22538,24276,40962,19598,21364,23405,11311,12094,5852,2865,2987,
58540,23412,11201,12211,40968,19662,21306,46821,22540,24281,40966,19600,21366,23408,11311,12097,5852,2865,2987,
58545,23413,11201,12212,40971,19664,21307,46822,22540,24282,40969,19602,21367,23409,11312,12097,5853,2866,2987,
58550,23416,11204,12212,40975,19665,21310,46829,22545,24284,40973,19603,21370,23412,11314,12098,5853,2866,2987,
58555,23417,11204,12213,40978,19668,21310,46830,22545,24285,40976,19604,21372,23413,11314,12099,5854,2867,2987,
58560,23420,11205,12215,40982,19670,21312,46837,22548,24289,40980,19605,21375,23416,11315,12101,5854,2867,2987,
58565,23421,11206,12215,40985,19673,21312,46838,22549,24289,40983,19607,21376,23417,11316,12101,5855,2868,2987,
58570,23424,11207,12217,40989,19675,21314,46845,22550,24295,40987,19609,21378,23420,11317,12103,5855,2868,2987,
58575,23425,11207,12218,40992,19676,21316,46846,22550,24296,40990,19609,21381,23421,11318,12103,5856,2868,2988,
58580,23428,11208,12220,40996,19678,21318,46853,22554,24299,40994,19613,21381,23424,11320,12104,5856,2868,2988,
58585,23429,11208,12221,40999,19679,21320,46854,22554,24300,40997,19614,21383,23425,11321,12104,5857,2868,2989,
58590,23432,11210,12222,41003,19681,21322,46861,22555,24306,41001,19616,21385,23428,11323,12105,5857,2868,2989,
58595,23433,11210,12223,41006,19681,21325,46862,22555,24307,41004,19618,21386,23429,11324,12105,5858,2869,2989,
58600,23436,11212,12224,41010,19683,21327,46869,22559,24310,41008,19621,21387,23432,11325,12107,5858,2869,2989,
58605,23437,11213,12224,41013,19684,21329,46870,22559,24311,41011,19622,21389,23433,11325,12108,5859,2869,2990,
58610,23440,11214,12226,41017,19686,21331,46877,22563,24314,41015,19624,21391,23436,11326,12110,5859,2869,2990,
58615,23441,11215,12226,41020,19687,21333,46878,22564,24314,41018,19626,21392,23437,11326,12111,5860,2869,2991,
58620,23444,11216,12228,41024,19689,21335,46885,22567,24318,41022,19628,21394,23440,11328,12112,5860,2869,2991,
58625,23445,11216,12229,41027,19691,21336,46886,22567,24319,41025,19628,21397,23441,11328,12113,5861,2870,2991,
58630,23448,11218,12230,41031,19693,21338,46893,22571,24322,41029,19630,21399,23444,11331,12113,5861,2870,2991,
58635,23449,11218,12231,41034,19695,21339,46894,22572,24322,41032,19633,21399,23445,11331,12114,5862,2870,2992,
58640,23452,11219,12233,41038,19695,21343,46901,22575,24326,41036,19634,21402,23448,11332,12116,5862,2870,2992,
58645,23453,11219,12234,41041,19697,21344,46902,22575,24327,41039,19636,21403,23449,11332,12117,5863,2870,2993,
58650,23456,11222,12234,41045,19701,21344,46909,22577,24332,41043,19639,21404,23452,11333,12119,5863,2870,2993,
58655,23457,11222,12235,41048,19701,21347,46910,22577,24333,41046,19641,21405,23453,11334,12119,5864,2870,2994,
58660,23460,11223,12237,41052,19701,21351,46917,22580,24337,41050,19642,21408,23456,11335,12121,5864,2870,2994,
58665,23461,11224,12237,41055,19702,21353,46918,22581,24337,41053,19644,21409,23457,11335,12122,5865,2871,2994,
58670,23464,11226,12238,41059,19703,21356,46925,22584,24341,41057,19646,21411,23460,11337,12123,5865,2871,2994,
58675,23465,11227,12238,41062,19706,21356,46926,22585,24341,41060,19649,21411,23461,11338,12123,5866,2872,2994,
58680,23468,11227,12241,41066,19708,21358,46933,22590,24343,41064,19652,21412,23464,11340,12124,5866,2872,2994,
58685,23469,11228,12241,41069,19709,21360,46934,22590,24344,41067,19654,21413,23465,11340,12125,5867,2872,2995,
58690,23472,11229,12243,41073,19712,21361,46941,22595,24346,41071,19655,21416,23468,11340,12128,5867,2872,2995,
58695,23473,11229,12244,41076,19712,21364,46942,22596,24346,41074,19656,21418,23469,11341,12128,5868,2873,2995,
58700,23476,11229,12247,41080,19714,21366,46949,22599,24350,41078,19657,21421,23472,11341,12131,5868,2873,2995,
58705,23477,11230,12247,41083,19715,21368,46950,22599,24351,41081,19659,21422,23473,11341,12132,5869,2874,2995,
58710,23480,11231,12249,41087,19719,21368,46957,22601,24356,41085,19661,21424,23476,11342,12134,5869,2874,2995,
58715,23481,11231,12250,41090,19721,21369,46958,22602,24356,41088,19663,21425,23477,11343,12134,5870,2875,2995,
58720,23484,11233,12251,41094,19722,21372,46965,22605,24360,41092,19664,21428,23480,11345,12135,5870,2875,2995,
58725,23485,11234,12251,41097,19724,21373,46966,22605,24361,41095,19666,21429,23481,11346,12135,5871,2875,2996,
58730,23488,11236,12252,41101,19727,21374,46973,22608,24365,41099,19667,21432,23484,11347,12137,5871,2875,2996,
58735,23489,11236,12253,41104,19729,21375,46974,22608,24366,41102,19669,21433,23485,11348,12137,5872,2876,2996,
58740,23492,11237,12255,41108,19731,21377,46981,22612,24369,41106,19671,21435,23488,11348,12140,5872,2876,2996,
58745,23493,11237,12256,41111,19733,21378,46982,22612,24370,41109,19671,21438,23489,11348,12141,5873,2877,2996,
58750,23496,11239,12257,41115,19735,21380,46989,22616,24373,41113,19672,21441,23492,11349,12143,5873,2877,2996,
58755,23497,11239,12258,41118,19736,21382,46990,22616,24374,41116,19674,21442,23493,11350,12143,5874,2878,2996,
58760,23500,11240,12260,41122,19738,21384,46997,22620,24377,41120,19677,21443,23496,11350,12146,5874,2878,2996,
58765,23501,11240,12261,41125,19739,21386,46998,22620,24378,41123,19680,21443,23497,11350,12147,5875,2878,2997,
58770,23504,11243,12261,41129,19740,21389,47005,22624,24381,41127,19682,21445,23500,11352,12148,5875,2878,2997,
58775,23505,11244,12261,41132,19742,21390,47006,22625,24381,41130,19682,21448,23501,11353,12148,5876,2878,2998,
58780,23508,11246,12262,41136,19743,21393,47013,22628,24385,41134,19683,21451,23504,11355,12149,5876,2878,2998,
58785,23509,11246,12263,41139,19745,21394,47014,22629,24385,41137,19685,21452,23505,11355,12150,5877,2879,2998,
58790,23512,11246,12266,41143,19748,21395,47021,22632,24389,41141,19687,21454,23508,11357,12151,5877,2879,2998,
58795,23513,11246,12267,41146,19750,21396,47022,22632,24390,41144,19689,21455,23509,11357,12152,5878,2879,2999,
58800,23516,11247,12269,41150,19751,21399,47029,22636,24393,41148,19691,21457,23512,11359,12153,5878,2879,2999,
58805,23517,11248,12269,41153,19754,21399,47030,22636,24394,41151,19691,21460,23513,11360,12153,5879,2880,2999,
58810,23520,11248,12272,41157,19754,21403,47037,22639,24398,41155,19692,21463,23516,11362,12154,5879,2880,2999,
58815,23521,11249,12272,41160,19755,21405,47038,22640,24398,41158,19692,21466,23517,11362,12155,5880,2880,3000,
58820,23524,11250,12274,41164,19758,21406,47045,22645,24400,41162,19694,21468,23520,11364,12156,5880,2880,3000,
58825,23525,11251,12274,41167,19759,21408,47046,22646,24400,41165,19695,21470,23521,11364,12157,5881,2880,3001,
58830,23528,11252,12276,41171,19761,21410,47053,22651,24402,41169,19696,21473,23524,11367,12157,5881,2880,3001,
58835,23529,11252,12277,41174,19761,21413,47054,22652,24402,41172,19697,21475,23525,11368,12157,5882,2880,3002,
58840,23532,11255,12277,41178,19764,21414,47061,22654,24407,41176,19698,21478,23528,11368,12160,5882,2880,3002,
58845,23533,11256,12277,41181,19766,21415,47062,22654,24408,41179,19698,21481,23529,11368,12161,5883,2880,3003,
58850,23536,11258,12278,41185,19768,21417,47069,22659,24410,41183,19700,21483,23532,11370,12162,5883,2880,3003,
58855,23537,11259,12278,41188,19770,21418,47070,22659,24411,41186,19702,21484,23533,11370,12163,5884,2881,3003,
58860,23540,11261,12279,41192,19773,21419,47077,22665,24412,41190,19702,21488,23536,11371,12165,5884,2881,3003,
58865,23541,11261,12280,41195,19775,21420,47078,22666,24412,41193,19702,21491,23537,11372,12165,5885,2881,3004,
58870,23544,11263,12281,41199,19776,21423,47085,22669,24416,41197,19703,21494,23540,11372,12168,5885,2881,3004,
58875,23545,11263,12282,41202,19777,21425,47086,22669,24417,41200,19705,21495,23541,11373,12168,5886,2881,3005,
58880,23548,11265,12283,41206,19779,21427,47093,22674,24419,41204,19708,21496,23544,11375,12169,5886,2881,3005,
58885,23549,11265,12284,41209,19782,21427,47094,22674,24420,41207,19710,21497,23545,11376,12169,5887,2881,3006,
58890,23552,11266,12286,41213,19785,21428,47101,22678,24423,41211,19713,21498,23548,11378,12170,5887,2881,3006,
58895,23553,11266,12287,41216,19786,21430,47102,22678,24424,41214,19716,21498,23549,11379,12170,5888,2881,3007,
58900,23556,11267,12289,41220,19789,21431,47109,22681,24428,41218,19717,21501,23552,11382,12170,5888,2881,3007,
58905,23557,11268,12289,41223,19789,21434,47110,22681,24429,41221,19718,21503,23553,11383,12170,5889,2882,3007,
58910,23560,11270,12290,41227,19792,21435,47117,22685,24432,41225,19720,21505,23556,11386,12170,5889,2882,3007,
58915,23561,11270,12291,41230,19793,21437,47118,22686,24432,41228,19722,21506,23557,11386,12171,5890,2882,3008,
58920,23564,11272,12292,41234,19794,21440,47125,22686,24439,41232,19725,21507,23560,11388,12172,5890,2882,3008,
58925,23565,11272,12293,41237,19796,21441,47126,22686,24440,41235,19726,21509,23561,11388,12173,5891,2883,3008,
58930,23568,11274,12294,41241,19799,21442,47133,22688,24445,41239,19727,21512,23564,11390,12174,5891,2883,3008,
58935,23569,11275,12294,41244,19800,21444,47134,22689,24445,41242,19729,21513,23565,11391,12174,5892,2883,3009,
58940,23572,11276,12296,41248,19800,21448,47141,22693,24448,41246,19731,21515,23568,11392,12176,5892,2883,3009,
58945,23573,11277,12296,41251,19802,21449,47142,22693,24449,41249,19731,21518,23569,11393,12176,5893,2884,3009,
58950,23576,11280,12296,41255,19802,21453,47149,22698,24451,41253,19732,21521,23572,11394,12178,5893,2884,3009,
58955,23577,11280,12297,41258,19803,21455,47150,22698,24452,41256,19734,21522,23573,11395,12178,5894,2885,3009,
58960,23580,11280,12300,41262,19807,21455,47157,22703,24454,41260,19737,21523,23576,11398,12178,5894,2885,3009,
58965,23581,11280,12301,41265,19809,21456,47158,22704,24454,41263,19739,21524,23577,11398,12179,5895,2886,3009,
58970,23584,11282,12302,41269,19811,21458,47165,22707,24458,41267,19741,21526,23580,11400,12180,5895,2886,3009,
58975,23585,11282,12303,41272,19811,21461,47166,22708,24458,41270,19744,21526,23581,11401,12180,5896,2887,3009,
58980,23588,11284,12304,41276,19812,21464,47173,22708,24465,41274,19745,21529,23584,11403,12181,5896,2887,3009,
58985,23589,11284,12305,41279,19814,21465,47174,22708,24466,41277,19746,21531,23585,11404,12181,5897,2887,3010,
58990,23592,11286,12306,41283,19817,21466,47181,22712,24469,41281,19748,21533,23588,11406,12182,5897,2887,3010,
58995,23593,11287,12306,41286,19818,21468,47182,22712,24470,41284,19750,21534,23589,11406,12183,5898,2888,3010,
59000,23596,11289,12307,41290,19820,21470,47189,22715,24474,41288,19752,21536,23592,11408,12184,5898,2888,3010,
59005,23597,11290,12307,41293,19822,21471,47190,22715,24475,41291,19754,21537,23593,11409,12184,5899,2889,3010,
59010,23600,11292,12308,41297,19824,21473,47197,22718,24479,41295,19756,21539,23596,11409,12187,5899,2889,3010,
59015,23601,11293,12308,41300,19826,21474,47198,22719,24479,41298,19758,21540,23597,11409,12188,5900,2890,3010,
59020,23604,11294,12310,41304,19830,21474,47205,22722,24483,41302,19760,21542,23600,11410,12190,5900,2890,3010,
59025,23605,11295,12310,41307,19831,21476,47206,22723,24483,41305,19760,21545,23601,11411,12190,5901,2891,3010,
59030,23608,11297,12311,41311,19834,21477,47213,22727,24486,41309,19762,21547,23604,11412,12192,5901,2891,3010,
59035,23609,11297,12312,41314,19837,21477,47214,22727,24487,41312,19765,21547,23605,11413,12192,5902,2892,3010,
59040,23612,11297,12315,41318,19838,21480,47221,22731,24490,41316,19767,21549,23608,11415,12193,5902,2892,3010,
59045,23613,11298,12315,41321,19839,21482,47222,22731,24491,41319,19769,21550,23609,11415,12194,5903,2892,3011,
59050,23616,11299,12317,41325,19840,21485,47229,22735,24494,41323,19771,21552,23612,11416,12196,5903,2892,3011,
59055,23617,11299,12318,41328,19842,21486,47230,22736,24494,41326,19771,21555,23613,11416,12197,5904,2892,3012,
59060,23620,11300,12320,41332,19844,21488,47237,22738,24499,41330,19773,21557,23616,11417,12199,5904,2892,3012,
59065,23621,11301,12320,41335,19846,21489,47238,22738,24500,41333,19776,21557,23617,11417,12200,5905,2893,3012,
59070,23624,11301,12323,41339,19847,21492,47245,22741,24504,41337,19778,21559,23620,11418,12202,5905,2893,3012,
59075,23625,11301,12324,41342,19848,21494,47246,22741,24505,41340,19778,21562,23621,11419,12202,5906,2893,3013,
59080,23628,11302,12326,41346,19851,21495,47253,22745,24508,41344,19780,21564,23624,11420,12204,5906,2893,3013,
59085,23629,11303,12326,41349,19851,21498,47254,22746,24508,41347,19783,21564,23625,11421,12204,5907,2893,3014,
59090,23632,11304,12328,41353,19855,21498,47261,22751,24510,41351,19785,21566,23628,11421,12207,5907,2893,3014,
59095,23633,11304,12329,41356,19855,21501,47262,22751,24511,41354,19787,21567,23629,11422,12207,5908,2894,3014,
59100,23636,11304,12332,41360,19858,21502,47269,22754,24515,41358,19788,21570,23632,11422,12210,5908,2894,3014,
59105,23637,11305,12332,41363,19858,21505,47270,22754,24516,41361,19790,21571,23633,11422,12211,5909,2894,3015,
59110,23640,11308,12332,41367,19860,21507,47277,22756,24521,41365,19790,21575,23636,11424,12212,5909,2894,3015,
59115,23641,11309,12332,41370,19861,21509,47278,22756,24522,41368,19792,21576,23637,11424,12213,5910,2895,3015,
59120,23644,11310,12334,41374,19863,21511,47285,22761,24524,41372,19796,21576,23640,11426,12214,5910,2895,3015,
59125,23645,11310,12335,41377,19864,21513,47286,22762,24524,41375,19798,21577,23641,11427,12214,5911,2896,3015,
59130,23648,11311,12337,41381,19865,21516,47293,22767,24526,41379,19799,21580,23644,11429,12215,5911,2896,3015,
59135,23649,11312,12337,41384,19866,21518,47294,22767,24527,41382,19799,21583,23645,11430,12215,5912,2897,3015,
59140,23652,11313,12339,41388,19867,21521,47301,22769,24532,41386,19799,21587,23648,11430,12218,5912,2897,3015,
59145,23653,11314,12339,41391,19869,21522,47302,22769,24533,41389,19800,21589,23649,11430,12219,5913,2898,3015,
59150,23656,11316,12340,41395,19869,21526,47309,22773,24536,41393,19803,21590,23652,11432,12220,5913,2898,3015,
59155,23657,11316,12341,41398,19872,21526,47310,22774,24536,41396,19805,21591,23653,11433,12220,5914,2899,3015,
59160,23660,11316,12344,41402,19875,21527,47317,22777,24540,41400,19807,21593,23656,11436,12220,5914,2899,3015,
59165,23661,11316,12345,41405,19878,21527,47318,22777,24541,41403,19809,21594,23657,11437,12220,5915,2899,3016,
59170,23664,11317,12347,41409,19881,21528,47325,22778,24547,41407,19811,21596,23660,11440,12220,5915,2899,3016,
59175,23665,11318,12347,41412,19882,21530,47326,22779,24547,41410,19813,21597,23661,11440,12221,5916,2899,3017,
59180,23668,11321,12347,41416,19883,21533,47333,22782,24551,41414,19815,21599,23664,11442,12222,5916,2899,3017,
59185,23669,11322,12347,41419,19884,21535,47334,22782,24552,41417,19815,21602,23665,11443,12222,5917,2900,3017,
59190,23672,11324,12348,41423,19885,21538,47341,22788,24553,41421,19816,21605,23668,11444,12224,5917,2900,3017,
59195,23673,11324,12349,41426,19887,21539,47342,22789,24553,41424,19817,21607,23669,11444,12225,5918,2900,3018,
59200,23676,11326,12350,41430,19888,21542,47349,22791,24558,41428,19818,21610,23672,11446,12226,5918,2900,3018,
59205,23677,11326,12351,41433,19889,21544,47350,22791,24559,41431,19818,21613,23673,11447,12226,5919,2900,3019,
59210,23680,11328,12352,41437,19890,21547,47357,22793,24564,41435,19820,21615,23676,11449,12227,5919,2900,3019,
59215,23681,11328,12353,41440,19892,21548,47358,22794,24564,41438,19823,21615,23677,11449,12228,5920,2900,3020,
59220,23684,11329,12355,41444,19895,21549,47365,22798,24567,41442,19824,21618,23680,11450,12230,5920,2900,3020,
59225,23685,11330,12355,41447,19896,21551,47366,22798,24568,41445,19826,21619,23681,11450,12231,5921,2901,3020,
59230,23688,11332,12356,41451,19898,21553,47373,22801,24572,41449,19830,21619,23684,11451,12233,5921,2901,3020,
59235,23689,11332,12357,41454,19898,21556,47374,22801,24573,41452,19832,21620,23685,11452,12233,5922,2902,3020,
59240,23692,11334,12358,41458,19901,21557,47381,22808,24573,41456,19834,21622,23688,11453,12235,5922,2902,3020,
59245,23693,11335,12358,41461,19902,21559,47382,22808,24574,41459,19835,21624,23689,11453,12236,5923,2903,3020,
59250,23696,11335,12361,41465,19902,21563,47389,22811,24578,41463,19837,21626,23692,11454,12238,5923,2903,3020,
59255,23697,11335,12362,41468,19904,21564,47390,22811,24579,41466,19838,21628,23693,11455,12238,5924,2904,3020,
59260,23700,11337,12363,41472,19908,21564,47397,22816,24581,41470,19840,21630,23696,11456,12240,5924,2904,3020,
59265,23701,11337,12364,41475,19910,21565,47398,22817,24581,41473,19841,21632,23697,11456,12241,5925,2904,3021,
59270,23704,11340,12364,41479,19912,21567,47405,22823,24582,41477,19844,21633,23700,11457,12243,5925,2904,3021,
59275,23705,11340,12365,41482,19914,21568,47406,22824,24582,41480,19846,21634,23701,11457,12244,5926,2904,3022,
59280,23708,11342,12366,41486,19916,21570,47413,22830,24583,41484,19849,21635,23704,11458,12246,5926,2904,3022,
59285,23709,11342,12367,41489,19918,21571,47414,22831,24583,41487,19849,21638,23705,11458,12247,5927,2905,3022,
59290,23712,11344,12368,41493,19918,21575,47421,22836,24585,41491,19851,21640,23708,11459,12249,5927,2905,3022,
59295,23713,11345,12368,41496,19919,21577,47422,22836,24586,41494,19853,21641,23709,11460,12249,5928,2906,3022,
59300,23716,11347,12369,41500,19922,21578,47429,22841,24588,41498,19855,21643,23712,11461,12251,5928,2906,3022,
59305,23717,11348,12369,41503,19922,21581,47430,22842,24588,41501,19856,21645,23713,11461,12252,5929,2906,3023,
59310,23720,11349,12371,41507,19924,21583,47437,22846,24591,41505,19858,21647,23716,11463,12253,5929,2906,3023,
59315,23721,11350,12371,41510,19926,21584,47438,22847,24591,41508,19858,21650,23717,11464,12253,5930,2906,3024,
59320,23724,11351,12373,41514,19929,21585,47445,22848,24597,41512,19860,21652,23720,11466,12254,5930,2906,3024,
59325,23725,11351,12374,41517,19930,21587,47446,22849,24597,41515,19863,21652,23721,11467,12254,5931,2906,3025,
59330,23728,11351,12377,41521,19931,21590,47453,22853,24600,41519,19865,21654,23724,11468,12256,5931,2906,3025,
59335,23729,11352,12377,41524,19933,21591,47454,22854,24600,41522,19866,21656,23725,11468,12257,5932,2906,3026,
59340,23732,11353,12379,41528,19937,21591,47461,22859,24602,41526,19868,21658,23728,11471,12257,5932,2906,3026,
59345,23733,11353,12380,41531,19940,21591,47462,22860,24602,41529,19869,21660,23729,11471,12258,5933,2907,3026,
59350,23736,11353,12383,41535,19941,21594,47469,22861,24608,41533,19871,21662,23732,11474,12258,5933,2907,3026,
59355,23737,11353,12384,41538,19943,21595,47470,22862,24608,41536,19872,21664,23733,11474,12259,5934,2908,3026,
59360,23740,11355,12385,41542,19945,21597,47477,22865,24612,41540,19876,21664,23736,11477,12259,5934,2908,3026,
59365,23741,11356,12385,41545,19945,21600,47478,22866,24612,41543,19877,21666,23737,11478,12259,5935,2909,3026,
59370,23744,11356,12388,41549,19946,21603,47485,22870,24615,41547,19877,21670,23740,11480,12260,5935,2909,3026,
59375,23745,11357,12388,41552,19948,21604,47486,22870,24616,41550,19878,21672,23741,11481,12260,5936,2909,3027,
59380,23748,11359,12389,41556,19950,21606,47493,22875,24618,41554,19880,21674,23744,11483,12261,5936,2909,3027,
59385,23749,11360,12389,41559,19951,21608,47494,22875,24619,41557,19881,21676,23745,11484,12261,5937,2909,3028,
59390,23752,11360,12392,41563,19953,21610,47501,22878,24623,41561,19882,21679,23748,11485,12263,5937,2909,3028,
59395,23753,11361,12392,41566,19953,21613,47502,22878,24624,41564,19884,21680,23749,11486,12263,5938,2910,3028,
59400,23756,11362,12394,41570,19955,21615,47509,22883,24626,41568,19886,21682,23752,11488,12264,5938,2910,3028,
59405,23757,11363,12394,41573,19955,21618,47510,22883,24627,41571,19888,21683,23753,11489,12264,5939,2910,3029,
59410,23760,11363,12397,41577,19957,21620,47517,22887,24630,41575,19891,21684,23756,11491,12265,5939,2910,3029,
59415,23761,11363,12398,41580,19957,21623,47518,22887,24631,41578,19893,21685,23757,11491,12266,5940,2910,3030,
59420,23764,11366,12398,41584,19959,21625,47525,22891,24634,41582,19893,21689,23760,11492,12268,5940,2910,3030,
59425,23765,11367,12398,41587,19959,21628,47526,22892,24634,41585,19895,21690,23761,11493,12268,5941,2910,3031,
59430,23768,11368,12400,41591,19961,21630,47533,22896,24637,41589,19898,21691,23764,11494,12270,5941,2910,3031,
59435,23769,11369,12400,41594,19962,21632,47534,22897,24637,41592,19901,21691,23765,11495,12270,5942,2910,3032,
59440,23772,11371,12401,41598,19963,21635,47541,22901,24640,41596,19904,21692,23768,11496,12272,5942,2910,3032,
59445,23773,11371,12402,41601,19964,21637,47542,22902,24640,41599,19906,21693,23769,11497,12272,5943,2910,3033,
59450,23776,11373,12403,41605,19966,21639,47549,22905,24644,41603,19907,21696,23772,11498,12274,5943,2910,3033,
59455,23777,11374,12403,41608,19967,21641,47550,22906,24644,41606,19909,21697,23773,11499,12274,5944,2911,3033,
59460,23780,11374,12406,41612,19967,21645,47557,22908,24649,41610,19913,21697,23776,11500,12276,5944,2911,3033,
59465,23781,11375,12406,41615,19969,21646,47558,22909,24649,41613,19913,21700,23777,11500,12277,5945,2912,3033,
59470,23784,11377,12407,41619,19971,21648,47565,22913,24652,41617,19915,21702,23780,11503,12277,5945,2912,3033,
59475,23785,11378,12407,41622,19973,21649,47566,22913,24653,41620,19916,21704,23781,11504,12277,5946,2912,3034,
59480,23788,11379,12409,41626,19975,21651,47573,22914,24659,41624,19919,21705,23784,11506,12278,5946,2912,3034,
59485,23789,11380,12409,41629,19976,21653,47574,22914,24660,41627,19920,21707,23785,11506,12279,5947,2913,3034,
59490,23792,11381,12411,41633,19978,21655,47581,22917,24664,41631,19920,21711,23788,11507,12281,5947,2913,3034,
59495,23793,11381,12412,41636,19980,21656,47582,22917,24665,41634,19922,21712,23789,11507,12282,5948,2914,3034,
59500,23796,11382,12414,41640,19982,21658,47589,22921,24668,41638,19925,21713,23792,11508,12284,5948,2914,3034,
59505,23797,11383,12414,41643,19982,21661,47590,22921,24669,41641,19925,21716,23793,11509,12284,5949,2915,3034,
59510,23800,11385,12415,41647,19982,21665,47597,22923,24674,41645,19925,21720,23796,11511,12285,5949,2915,3034,
59515,23801,11385,12416,41650,19985,21665,47598,22923,24675,41648,19926,21722,23797,11512,12285,5950,2915,3035,
59520,23804,11387,12417,41654,19989,21665,47605,22924,24681,41652,19928,21724,23800,11514,12286,5950,2915,3035,
59525,23805,11388,12417,41657,19989,21668,47606,22924,24682,41655,19930,21725,23801,11514,12287,5951,2916,3035,
59530,23808,11388,12420,41661,19991,21670,47613,22929,24684,41659,19932,21727,23804,11516,12288,5951,2916,3035,
59535,23809,11388,12421,41664,19993,21671,47614,22930,24684,41662,19934,21728,23805,11516,12289,5952,2916,3036,
59540,23812,11389,12423,41668,19996,21672,47621,22936,24685,41666,19936,21730,23808,11518,12290,5952,2916,3036,
59545,23813,11390,12423,41671,19999,21672,47622,22937,24685,41669,19937,21732,23809,11519,12290,5953,2916,3037,
59550,23816,11391,12425,41675,19999,21676,47629,22941,24688,41673,19939,21734,23812,11520,12292,5953,2916,3037,
59555,23817,11391,12426,41678,20000,21678,47630,22942,24688,41676,19939,21737,23813,11521,12292,5954,2917,3037,
59560,23820,11391,12429,41682,20004,21678,47637,22945,24692,41680,19941,21739,23816,11523,12293,5954,2917,3037,
59565,23821,11392,12429,41685,20006,21679,47638,22946,24692,41683,19942,21741,23817,11523,12294,5955,2917,3038,
59570,23824,11394,12430,41689,20008,21681,47645,22949,24696,41687,19944,21743,23820,11525,12295,5955,2917,3038,
59575,23825,11395,12430,41692,20009,21683,47646,22949,24697,41690,19947,21743,23821,11525,12296,5956,2918,3038,
59580,23828,11397,12431,41696,20011,21685,47653,22953,24700,41694,19950,21744,23824,11525,12299,5956,2918,3038,
59585,23829,11397,12432,41699,20012,21687,47654,22953,24701,41697,19951,21746,23825,11525,12300,5957,2919,3038,
59590,23832,11398,12434,41703,20014,21689,47661,22958,24703,41701,19953,21748,23828,11526,12302,5957,2919,3038,
59595,23833,11398,12435,41706,20014,21692,47662,22959,24703,41704,19954,21750,23829,11527,12302,5958,2919,3039,
59600,23836,11399,12437,41710,20015,21695,47669,22962,24707,41708,19955,21753,23832,11530,12302,5958,2919,3039,
59605,23837,11400,12437,41713,20017,21696,47670,22963,24707,41711,19957,21754,23833,11531,12302,5959,2920,3039,
59610,23840,11401,12439,41717,20017,21700,47677,22967,24710,41715,19958,21757,23836,11532,12304,5959,2920,3039,
59615,23841,11402,12439,41720,20019,21701,47678,22968,24710,41718,19958,21760,23837,11533,12304,5960,2920,3040,
59620,23844,11403,12441,41724,20023,21701,47685,22971,24714,41722,19959,21763,23840,11534,12306,5960,2920,3040,
59625,23845,11403,12442,41727,20023,21704,47686,22971,24715,41725,19962,21763,23841,11534,12307,5961,2920,3041,
59630,23848,11405,12443,41731,20025,21706,47693,22972,24721,41729,19963,21766,23844,11534,12310,5961,2920,3041,
59635,23849,11406,12443,41734,20027,21707,47694,22972,24722,41732,19965,21767,23845,11534,12311,5962,2920,3042,
59640,23852,11407,12445,41738,20029,21709,47701,22976,24725,41736,19968,21768,23848,11534,12314,5962,2920,3042,
59645,23853,11408,12445,41741,20029,21712,47702,22977,24725,41739,19969,21770,23849,11535,12314,5963,2920,3043,
59650,23856,11408,12448,41745,20030,21715,47709,22980,24729,41743,19972,21771,23852,11536,12316,5963,2920,3043,
59655,23857,11408,12449,41748,20031,21717,47710,22980,24730,41746,19974,21772,23853,11536,12317,5964,2920,3044,
59660,23860,11409,12451,41752,20033,21719,47717,22985,24732,41750,19977,21773,23856,11537,12319,5964,2920,3044,
59665,23861,11409,12452,41755,20033,21722,47718,22985,24733,41753,19979,21774,23857,11537,12320,5965,2921,3044,
59670,23864,11412,12452,41759,20036,21723,47725,22991,24734,41757,19982,21775,23860,11539,12321,5965,2921,3044,
59675,23865,11413,12452,41762,20036,21726,47726,22991,24735,41760,19983,21777,23861,11540,12321,5966,2921,3045,
59680,23868,11414,12454,41766,20040,21726,47733,22997,24736,41764,19983,21781,23864,11543,12321,5966,2921,3045,
59685,23869,11415,12454,41769,20042,21727,47734,22998,24736,41767,19983,21784,23865,11544,12321,5967,2921,3046,
59690,23872,11418,12454,41773,20043,21730,47741,23001,24740,41771,19985,21786,23868,11546,12322,5967,2921,3046,
59695,23873,11419,12454,41776,20044,21732,47742,23002,24740,41774,19987,21787,23869,11546,12323,5968,2922,3046,
59700,23876,11421,12455,41780,20045,21735,47749,23005,24744,41778,19990,21788,23872,11548,12324,5968,2922,3046,
59705,23877,11422,12455,41783,20048,21735,47750,23005,24745,41781,19991,21790,23873,11549,12324,5969,2922,3047,
59710,23880,11423,12457,41787,20050,21737,47757,23008,24749,41785,19993,21792,23876,11551,12325,5969,2922,3047,
59715,23881,11424,12457,41790,20052,21738,47758,23009,24749,41788,19994,21794,23877,11551,12326,5970,2922,3048,
59720,23884,11425,12459,41794,20053,21741,47765,23011,24754,41792,19997,21795,23880,11552,12328,5970,2922,3048,
59725,23885,11425,12460,41797,20055,21742,47766,23012,24754,41795,19998,21797,23881,11552,12329,5971,2922,3049,
59730,23888,11427,12461,41801,20056,21745,47773,23016,24757,41799,20001,21798,23884,11552,12332,5971,2922,3049,
59735,23889,11428,12461,41804,20056,21748,47774,23016,24758,41802,20002,21800,23885,11552,12333,5972,2922,3050,
59740,23892,11429,12463,41808,20058,21750,47781,23020,24761,41806,20004,21802,23888,11554,12334,5972,2922,3050,
59745,23893,11429,12464,41811,20058,21753,47782,23021,24761,41809,20006,21803,23889,11554,12335,5973,2922,3051,
59750,23896,11432,12464,41815,20060,21755,47789,23025,24764,41813,20007,21806,23892,11555,12337,5973,2922,3051,
59755,23897,11433,12464,41818,20062,21756,47790,23026,24764,41816,20008,21808,23893,11556,12337,5974,2923,3051,
59760,23900,11435,12465,41822,20063,21759,47797,23031,24766,41820,20009,21811,23896,11556,12340,5974,2923,3051,
59765,23901,11436,12465,41825,20064,21761,47798,23031,24767,41823,20011,21812,23897,11556,12341,5975,2923,3052,
59770,23904,11438,12466,41829,20066,21763,47805,23036,24769,41827,20014,21813,23900,11557,12343,5975,2923,3052,
59775,23905,11438,12467,41832,20067,21765,47806,23036,24770,41830,20015,21815,23901,11558,12343,5976,2923,3053,
59780,23908,11440,12468,41836,20069,21767,47813,23040,24773,41834,20018,21816,23904,11559,12345,5976,2923,3053,
59785,23909,11441,12468,41839,20071,21768,47814,23040,24774,41837,20020,21817,23905,11560,12345,5977,2923,3054,
59790,23912,11442,12470,41843,20073,21770,47821,23042,24779,41841,20024,21817,23908,11562,12346,5977,2923,3054,
59795,23913,11442,12471,41846,20073,21773,47822,23042,24780,41844,20027,21817,23909,11562,12347,5978,2923,3055,
59800,23916,11442,12474,41850,20073,21777,47829,23046,24783,41848,20029,21819,23912,11562,12350,5978,2923,3055,
59805,23917,11443,12474,41853,20075,21778,47830,23046,24784,41851,20031,21820,23913,11562,12351,5979,2923,3056,
59810,23920,11445,12475,41857,20077,21780,47837,23051,24786,41855,20033,21822,23916,11563,12353,5979,2923,3056,
59815,23921,11445,12476,41860,20080,21780,47838,23051,24787,41858,20033,21825,23917,11564,12353,5980,2923,3057,
59820,23924,11446,12478,41864,20083,21781,47845,23055,24790,41862,20034,21828,23920,11566,12354,5980,2923,3057,
59825,23925,11446,12479,41867,20086,21781,47846,23056,24790,41865,20035,21830,23921,11566,12355,5981,2924,3057,
59830,23928,11448,12480,41871,20087,21784,47853,23058,24795,41869,20038,21831,23924,11568,12356,5981,2924,3057,
59835,23929,11448,12481,41874,20090,21784,47854,23059,24795,41872,20041,21831,23925,11568,12357,5982,2925,3057,
59840,23932,11449,12483,41878,20090,21788,47861,23064,24797,41876,20043,21833,23928,11569,12359,5982,2925,3057,
59845,23933,11449,12484,41881,20092,21789,47862,23065,24797,41879,20045,21834,23929,11569,12360,5983,2926,3057,
59850,23936,11449,12487,41885,20096,21789,47869,23068,24801,41883,20049,21834,23932,11570,12362,5983,2926,3057,
59855,23937,11449,12488,41888,20098,21790,47870,23068,24802,41886,20050,21836,23933,11570,12363,5984,2927,3057,
59860,23940,11449,12491,41892,20100,21792,47877,23069,24808,41890,20051,21839,23936,11571,12365,5984,2927,3057,
59865,23941,11450,12491,41895,20102,21793,47878,23069,24809,41893,20052,21841,23937,11572,12365,5985,2928,3057,
59870,23944,11451,12493,41899,20103,21796,47885,23073,24812,41897,20054,21843,23940,11572,12368,5985,2928,3057,
59875,23945,11451,12494,41902,20105,21797,47886,23073,24813,41900,20055,21845,23941,11572,12369,5986,2928,3058,
59880,23948,11453,12495,41906,20108,21798,47893,23076,24817,41904,20056,21848,23944,11574,12370,5986,2928,3058,
59885,23949,11454,12495,41909,20109,21800,47894,23077,24817,41907,20057,21850,23945,11575,12370,5987,2928,3059,
59890,23952,11456,12496,41913,20110,21803,47901,23079,24822,41911,20060,21851,23948,11575,12373,5987,2928,3059,
59895,23953,11456,12497,41916,20112,21804,47902,23080,24822,41914,20062,21852,23949,11576,12373,5988,2928,3060,
59900,23956,11457,12499,41920,20112,21808,47909,23084,24825,41918,20064,21854,23952,11577,12375,5988,2928,3060,
59905,23957,11458,12499,41923,20113,21810,47910,23085,24825,41921,20066,21855,23953,11578,12375,5989,2929,3060,
59910,23960,11459,12501,41927,20117,21810,47917,23087,24830,41925,20069,21856,23956,11580,12376,5989,2929,3060,
59915,23961,11460,12501,41930,20120,21810,47918,23087,24831,41928,20071,21857,23957,11581,12376,5990,2929,3061,
59920,23964,11462,12502,41934,20123,21811,47925,23088,24837,41932,20071,21861,23960,11583,12377,5990,2929,3061,
59925,23965,11462,12503,41937,20125,21812,47926,23088,24838,41935,20073,21862,23961,11584,12377,5991,2929,3062,
59930,23968,11464,12504,41941,20128,21813,47933,23092,24841,41939,20075,21864,23964,11587,12377,5991,2929,3062,
59935,23969,11465,12504,41944,20130,21814,47934,23092,24842,41942,20077,21865,23965,11588,12377,5992,2929,3063,
59940,23972,11466,12506,41948,20132,21816,47941,23094,24847,41946,20078,21868,23968,11590,12378,5992,2929,3063,
59945,23973,11467,12506,41951,20134,21817,47942,23094,24848,41949,20080,21869,23969,11590,12379,5993,2929,3064,
59950,23976,11469,12507,41955,20135,21820,47949,23099,24850,41953,20081,21872,23972,11591,12381,5993,2929,3064,
59955,23977,11470,12507,41958,20135,21823,47950,23100,24850,41956,20083,21873,23973,11592,12381,5994,2929,3065,
59960,23980,11472,12508,41962,20137,21825,47957,23102,24855,41960,20085,21875,23976,11594,12382,5994,2929,3065,
59965,23981,11472,12509,41965,20139,21826,47958,23103,24855,41963,20086,21877,23977,11595,12382,5995,2930,3065,
59970,23984,11474,12510,41969,20140,21829,47965,23107,24858,41967,20088,21879,23980,11597,12383,5995,2930,3065,
59975,23985,11474,12511,41972,20142,21830,47966,23107,24859,41970,20090,21880,23981,11598,12383,5996,2931,3065,
59980,23988,11475,12513,41976,20144,21832,47973,23111,24862,41974,20092,21882,23984,11599,12385,5996,2931,3065,
59985,23989,11476,12513,41979,20145,21834,47974,23111,24863,41977,20093,21884,23985,11599,12386,5997,2931,3066,
59990,23992,11479,12513,41983,20145,21838,47981,23115,24866,41981,20095,21886,23988,11601,12387,5997,2931,3066,
59995,23993,11479,12514,41986,20147,21839,47982,23115,24867,41984,20097,21887,23989,11602,12387,5998,2931,3067,
60000,23996,11480,12516,41990,20148,21842,47989,23116,24873,41988,20098,21890,23992,11604,12388,5998,2931,3067,
60005,23997,11480,12517,41993,20150,21843,47990,23116,24874,41991,20099,21892,23993,11604,12389,5999,2932,3067,
60010,24000,11482,12518,41997,20154,21843,47997,23119,24878,41995,20102,21893,23996,11605,12391,5999,2932,3067,
60015,24001,11483,12518,42000,20156,21844,47998,23120,24878,41998,20102,21896,23997,11605,12392,6000,2933,3067,
60020,24004,11484,12520,42004,20158,21846,48005,23122,24883,42002,20104,21898,24000,11607,12393,6000,2933,3067,
60025,24005,11484,12521,42007,20159,21848,48006,23122,24884,42005,20104,21901,24001,11608,12393,6001,2934,3067,
60030,24008,11484,12524,42011,20160,21851,48013,23125,24888,42009,20105,21904,24004,11608,12396,6001,2934,3067,
60035,24009,11484,12525,42014,20163,21851,48014,23125,24889,42012,20106,21906,24005,11609,12396,6002,2935,3067,
60040,24012,11484,12528,42018,20164,21854,48021,23127,24894,42016,20107,21909,24008,11609,12399,6002,2935,3067,
60045,24013,11484,12529,42021,20165,21856,48022,23128,24894,42019,20107,21912,24009,11610,12399,6003,2936,3067,
60050,24016,11485,12531,42025,20166,21859,48029,23131,24898,42023,20110,21913,24012,11611,12401,6003,2936,3067,
60055,24017,11486,12531,42028,20169,21859,48030,23131,24899,42026,20113,21913,24013,11611,12402,6004,2936,3068,
60060,24020,11487,12533,42032,20172,21860,48037,23134,24903,42030,20116,21914,24016,11612,12404,6004,2936,3068,
60065,24021,11487,12534,42035,20173,21862,48038,23134,24904,42033,20118,21915,24017,11613,12404,6005,2936,3069,
60070,24024,11488,12536,42039,20174,21865,48045,23138,24907,42037,20121,21916,24020,11614,12406,6005,2936,3069,
60075,24025,11489,12536,42042,20176,21866,48046,23139,24907,42040,20122,21918,24021,11615,12406,6006,2937,3069,
60080,24028,11490,12538,42046,20177,21869,48053,23142,24911,42044,20124,21920,24024,11616,12408,6006,2937,3069,
60085,24029,11490,12539,42049,20179,21870,48054,23143,24911,42047,20124,21923,24025,11616,12409,6007,2937,3070,
60090,24032,11490,12542,42053,20182,21871,48061,23145,24916,42051,20124,21927,24028,11617,12411,6007,2937,3070,
60095,24033,11490,12543,42056,20184,21872,48062,23146,24916,42054,20126,21928,24029,11618,12411,6008,2937,3071,
60100,24036,11491,12545,42060,20187,21873,48069,23150,24919,42058,20126,21932,24032,11618,12414,6008,2937,3071,
60105,24037,11491,12546,42063,20189,21874,48070,23150,24920,42061,20127,21934,24033,11618,12415,6009,2937,3072,
60110,24040,11492,12548,42067,20192,21875,48077,23153,24924,42065,20130,21935,24036,11618,12418,6009,2937,3072,
60115,24041,11492,12549,42070,20192,21878,48078,23153,24925,42068,20130,21938,24037,11618,12419,6010,2937,3073,
60120,24044,11494,12550,42074,20194,21880,48085,23156,24929,42072,20130,21942,24040,11618,12422,6010,2937,3073,
60125,24045,11494,12551,42077,20195,21882,48086,23156,24930,42075,20131,21944,24041,11619,12422,6011,2938,3073,
60130,24048,11495,12553,42081,20198,21883,48093,23160,24933,42079,20132,21947,24044,11620,12424,6011,2938,3073,
60135,24049,11496,12553,42084,20200,21884,48094,23160,24934,42082,20133,21949,24045,11620,12425,6012,2938,3074,
60140,24052,11498,12554,42088,20201,21887,48101,23163,24938,42086,20136,21950,24048,11622,12426,6012,2938,3074,
60145,24053,11498,12555,42091,20202,21889,48102,23163,24939,42089,20138,21951,24049,11622,12427,6013,2939,3074,
60150,24056,11500,12556,42095,20204,21891,48109,23167,24942,42093,20141,21952,24052,11623,12429,6013,2939,3074,
60155,24057,11500,12557,42098,20205,21893,48110,23167,24943,42096,20142,21954,24053,11624,12429,6014,2940,3074,
60160,24060,11503,12557,42102,20208,21894,48117,23169,24948,42100,20143,21957,24056,11624,12432,6014,2940,3074,
60165,24061,11504,12557,42105,20209,21896,48118,23169,24949,42103,20146,21957,24057,11625,12432,6015,2940,3075,
60170,24064,11505,12559,42109,20210,21899,48125,23172,24953,42107,20149,21958,24060,11627,12433,6015,2940,3075,
60175,24065,11506,12559,42112,20210,21902,48126,23173,24953,42110,20150,21960,24061,11628,12433,6016,2941,3075,
60180,24068,11508,12560,42116,20212,21904,48133,23176,24957,42114,20152,21962,24064,11630,12434,6016,2941,3075,
60185,24069,11509,12560,42119,20213,21906,48134,23176,24958,42117,20152,21965,24065,11630,12435,6017,2941,3076,
60190,24072,11510,12562,42123,20214,21909,48141,23178,24963,42121,20153,21968,24068,11631,12437,6017,2941,3076,
60195,24073,11511,12562,42126,20216,21910,48142,23179,24963,42124,20156,21968,24069,11631,12438,6018,2941,3077,
60200,24076,11513,12563,42130,20217,21913,48149,23182,24967,42128,20157,21971,24072,11633,12439,6018,2941,3077,
60205,24077,11514,12563,42133,20219,21914,48150,23182,24968,42131,20159,21972,24073,11633,12440,6019,2941,3078,
60210,24080,11517,12563,42137,20219,21918,48157,23183,24974,42135,20162,21973,24076,11635,12441,6019,2941,3078,
60215,24081,11517,12564,42140,20220,21920,48158,23184,24974,42138,20164,21974,24077,11636,12441,6020,2941,3079,
60220,24084,11518,12566,42144,20222,21922,48165,23189,24976,42142,20165,21977,24080,11636,12444,6020,2941,3079,
60225,24085,11518,12567,42147,20224,21923,48166,23190,24976,42145,20166,21979,24081,11637,12444,6021,2942,3079,
60230,24088,11519,12569,42151,20226,21925,48173,23194,24979,42149,20168,21981,24084,11639,12445,6021,2942,3079,
60235,24089,11519,12570,42154,20228,21926,48174,23195,24979,42152,20168,21984,24085,11639,12446,6022,2943,3079,
60240,24092,11520,12572,42158,20230,21928,48181,23198,24983,42156,20169,21987,24088,11640,12448,6022,2943,3079,
60245,24093,11521,12572,42161,20233,21928,48182,23198,24984,42159,20169,21990,24089,11641,12448,6023,2943,3080,
60250,24096,11523,12573,42165,20235,21930,48189,23202,24987,42163,20171,21992,24092,11641,12451,6023,2943,3080,
60255,24097,11524,12573,42168,20237,21931,48190,23202,24988,42166,20172,21994,24093,11641,12452,6024,2943,3081,
60260,24100,11527,12573,42172,20239,21933,48197,23205,24992,42170,20173,21997,24096,11643,12453,6024,2943,3081,
60265,24101,11527,12574,42175,20241,21934,48198,23205,24993,42173,20175,21998,24097,11643,12454,6025,2944,3081,
60270,24104,11529,12575,42179,20243,21936,48205,23209,24996,42177,20177,22000,24100,11644,12456,6025,2944,3081,
60275,24105,11530,12575,42182,20244,21938,48206,23209,24997,42180,20178,22002,24101,11644,12457,6026,2945,3081,
60280,24108,11531,12577,42186,20247,21939,48213,23210,25003,42184,20179,22005,24104,11646,12458,6026,2945,3081,
60285,24109,11532,12577,42189,20248,21941,48214,23210,25004,42187,20179,22008,24105,11646,12459,6027,2945,3082,
60290,24112,11532,12580,42193,20250,21943,48221,23212,25009,42191,20181,22010,24108,11647,12461,6027,2945,3082,
60295,24113,11533,12580,42196,20251,21945,48222,23213,25009,42194,20181,22013,24109,11648,12461,6028,2945,3083,
60300,24116,11535,12581,42200,20253,21947,48229,23217,25012,42198,20181,22017,24112,11650,12462,6028,2945,3083,
60305,24117,11535,12582,42203,20254,21949,48230,23217,25013,42201,20181,22020,24113,11651,12462,6029,2945,3084,
60310,24120,11537,12583,42207,20257,21950,48237,23219,25018,42205,20182,22023,24116,11653,12463,6029,2945,3084,
60315,24121,11538,12583,42210,20259,21951,48238,23220,25018,42208,20183,22025,24117,11654,12463,6030,2945,3085,
60320,24124,11541,12583,42214,20260,21954,48245,23224,25021,42212,20183,22029,24120,11655,12465,6030,2945,3085,
60325,24125,11542,12583,42217,20262,21955,48246,23225,25021,42215,20184,22031,24121,11655,12466,6031,2945,3086,
60330,24128,11544,12584,42221,20266,21955,48253,23227,25026,42219,20188,22031,24124,11656,12468,6031,2945,3086,
60335,24129,11544,12585,42224,20267,21957,48254,23228,25026,42222,20190,22032,24125,11657,12468,6032,2945,3087,
60340,24132,11546,12586,42228,20270,21958,48261,23233,25028,42226,20192,22034,24128,11657,12471,6032,2945,3087,
60345,24133,11546,12587,42231,20271,21960,48262,23233,25029,42229,20194,22035,24129,11657,12472,6033,2945,3088,
60350,24136,11547,12589,42235,20272,21963,48269,23236,25033,42233,20196,22037,24132,11658,12474,6033,2945,3088,
60355,24137,11548,12589,42238,20274,21964,48270,23236,25034,42236,20197,22039,24133,11659,12474,6034,2945,3089,
60360,24140,11550,12590,42242,20275,21967,48277,23240,25037,42240,20199,22041,24136,11661,12475,6034,2945,3089,
60365,24141,11550,12591,42245,20277,21968,48278,23240,25038,42243,20199,22044,24137,11662,12475,6035,2946,3089,
60370,24144,11551,12593,42249,20279,21970,48285,23242,25043,42247,20201,22046,24140,11664,12476,6035,2946,3089,
60375,24145,11552,12593,42252,20280,21972,48286,23243,25043,42250,20203,22047,24141,11665,12476,6036,2946,3090,
60380,24148,11553,12595,42256,20282,21974,48293,23247,25046,42254,20204,22050,24144,11666,12478,6036,2946,3090,
60385,24149,11553,12596,42259,20282,21977,48294,23248,25046,42257,20206,22051,24145,11667,12478,6037,2947,3090,
60390,24152,11554,12598,42263,20283,21980,48301,23252,25049,42261,20207,22054,24148,11669,12479,6037,2947,3090,
60395,24153,11554,12599,42266,20286,21980,48302,23252,25050,42264,20208,22056,24149,11669,12480,6038,2948,3090,
60400,24156,11557,12599,42270,20287,21983,48309,23257,25052,42268,20210,22058,24152,11671,12481,6038,2948,3090,
60405,24157,11557,12600,42273,20288,21985,48310,23258,25052,42271,20212,22059,24153,11671,12482,6039,2948,3091,
60410,24160,11558,12602,42277,20289,21988,48317,23264,25053,42275,20214,22061,24156,11674,12482,6039,2948,3091,
60415,24161,11559,12602,42280,20291,21989,48318,23265,25053,42278,20216,22062,24157,11674,12483,6040,2948,3092,
60420,24164,11561,12603,42284,20295,21989,48325,23271,25054,42282,20219,22063,24160,11676,12484,6040,2948,3092,
60425,24165,11562,12603,42287,20298,21989,48326,23271,25055,42285,20221,22064,24161,11677,12484,6041,2949,3092,
60430,24168,11562,12606,42291,20301,21990,48333,23276,25057,42289,20225,22064,24164,11679,12485,6041,2949,3092,
60435,24169,11563,12606,42294,20302,21992,48334,23276,25058,42292,20226,22066,24165,11680,12485,6042,2949,3093,
60440,24172,11565,12607,42298,20302,21996,48341,23279,25062,42296,20226,22070,24168,11683,12485,6042,2949,3093,
60445,24173,11565,12608,42301,20304,21997,48342,23279,25063,42299,20227,22072,24169,11684,12485,6043,2950,3093,
60450,24176,11567,12609,42305,20305,22000,48349,23281,25068,42303,20229,22074,24172,11684,12488,6043,2950,3093,
60455,24177,11568,12609,42308,20306,22002,48350,23281,25069,42306,20232,22074,24173,11684,12489,6044,2950,3094,
60460,24180,11568,12612,42312,20308,22004,48357,23285,25072,42310,20233,22077,24176,11687,12489,6044,2950,3094,
60465,24181,11568,12613,42315,20308,22007,48358,23285,25073,42313,20234,22079,24177,11688,12489,6045,2951,3094,
60470,24184,11568,12616,42319,20309,22010,48365,23287,25078,42317,20236,22081,24180,11690,12490,6045,2951,3094,
60475,24185,11568,12617,42322,20310,22012,48366,23288,25078,42320,20238,22082,24181,11691,12490,6046,2952,3094,
60480,24188,11571,12617,42326,20313,22013,48373,23290,25083,42324,20239,22085,24184,11692,12492,6046,2952,3094,
60485,24189,11572,12617,42329,20315,22014,48374,23291,25083,42327,20240,22087,24185,11692,12493,6047,2952,3095,
60490,24192,11574,12618,42333,20317,22016,48381,23295,25086,42331,20242,22089,24188,11694,12494,6047,2952,3095,
60495,24193,11575,12618,42336,20317,22019,48382,23295,25087,42334,20243,22091,24189,11695,12494,6048,2952,3096,
60500,24196,11578,12618,42340,20319,22021,48389,23299,25090,42338,20245,22093,24192,11697,12495,6048,2952,3096,
60505,24197,11578,12619,42343,20320,22023,48390,23300,25090,42341,20247,22094,24193,11697,12496,6049,2952,3097,
60510,24200,11579,12621,42347,20323,22024,48397,23304,25093,42345,20251,22094,24196,11699,12497,6049,2952,3097,
60515,24201,11579,12622,42350,20323,22027,48398,23305,25093,42348,20252,22096,24197,11699,12498,6050,2952,3098,
60520,24204,11581,12623,42354,20325,22029,48405,23307,25098,42352,20255,22097,24200,11702,12498,6050,2952,3098,
60525,24205,11582,12623,42357,20327,22030,48406,23308,25098,42355,20257,22098,24201,11703,12498,6051,2953,3098,
60530,24208,11583,12625,42361,20327,22034,48413,23314,25099,42359,20259,22100,24204,11705,12499,6051,2953,3098,
60535,24209,11583,12626,42364,20329,22035,48414,23315,25099,42362,20261,22101,24205,11705,12500,6052,2954,3098,
60540,24212,11585,12627,42368,20331,22037,48421,23317,25104,42366,20264,22102,24208,11705,12503,6052,2954,3098,
60545,24213,11586,12627,42371,20333,22038,48422,23317,25105,42369,20266,22103,24209,11706,12503,6053,2954,3099,
60550,24216,11587,12629,42375,20333,22042,48429,23323,25106,42373,20268,22105,24212,11709,12503,6053,2954,3099,
60555,24217,11588,12629,42378,20335,22043,48430,23324,25106,42376,20269,22107,24213,11710,12503,6054,2954,3100,
60560,24220,11589,12631,42382,20336,22046,48437,23328,25109,42380,20271,22109,24216,11712,12504,6054,2954,3100,
60565,24221,11589,12632,42385,20337,22048,48438,23328,25110,42383,20272,22111,24217,11712,12505,6055,2955,3100,
60570,24224,11590,12634,42389,20339,22050,48445,23332,25113,42387,20275,22112,24220,11713,12507,6055,2955,3100,
60575,24225,11590,12635,42392,20340,22052,48446,23333,25113,42390,20278,22112,24221,11713,12508,6056,2955,3101,
60580,24228,11591,12637,42396,20343,22053,48453,23338,25115,42394,20279,22115,24224,11714,12510,6056,2955,3101,
60585,24229,11592,12637,42399,20345,22054,48454,23339,25115,42397,20280,22117,24225,11714,12511,6057,2955,3102,
60590,24232,11594,12638,42403,20346,22057,48461,23343,25118,42401,20282,22119,24228,11715,12513,6057,2955,3102,
60595,24233,11594,12639,42406,20347,22059,48462,23344,25118,42404,20283,22121,24229,11715,12514,6058,2956,3102,
60600,24236,11596,12640,42410,20347,22063,48469,23347,25122,42408,20285,22123,24232,11716,12516,6058,2956,3102,
60605,24237,11597,12640,42413,20347,22066,48470,23348,25122,42411,20287,22124,24233,11717,12516,6059,2956,3103,
60610,24240,11599,12641,42417,20350,22067,48477,23351,25126,42415,20289,22126,24236,11718,12518,6059,2956,3103,
60615,24241,11599,12642,42420,20351,22069,48478,23352,25126,42418,20290,22128,24237,11719,12518,6060,2957,3103,
60620,24244,11599,12645,42424,20352,22072,48485,23356,25129,42422,20291,22131,24240,11721,12519,6060,2957,3103,
60625,24245,11599,12646,42427,20354,22073,48486,23356,25130,42425,20292,22133,24241,11721,12520,6061,2957,3104,
60630,24248,11601,12647,42431,20356,22075,48493,23358,25135,42429,20295,22134,24244,11721,12523,6061,2957,3104,
60635,24249,11601,12648,42434,20357,22077,48494,23358,25136,42432,20298,22134,24245,11722,12523,6062,2957,3105,
60640,24252,11603,12649,42438,20358,22080,48501,23362,25139,42436,20299,22137,24248,11724,12524,6062,2957,3105,
60645,24253,11603,12650,42441,20360,22081,48502,23362,25140,42439,20302,22137,24249,11725,12524,6063,2958,3105,
60650,24256,11604,12652,42445,20364,22081,48509,23367,25142,42443,20303,22140,24252,11727,12525,6063,2958,3105,
60655,24257,11604,12653,42448,20365,22083,48510,23368,25142,42446,20304,22142,24253,11728,12525,6064,2959,3105,
60660,24260,11605,12655,42452,20367,22085,48517,23370,25147,42450,20305,22145,24256,11730,12526,6064,2959,3105,
60665,24261,11606,12655,42455,20367,22088,48518,23370,25148,42453,20306,22147,24257,11731,12526,6065,2959,3106,
60670,24264,11609,12655,42459,20368,22091,48525,23374,25151,42457,20307,22150,24260,11731,12529,6065,2959,3106,
60675,24265,11610,12655,42462,20368,22094,48526,23374,25152,42460,20308,22152,24261,11732,12529,6066,2959,3107,
60680,24268,11612,12656,42466,20370,22096,48533,23377,25156,42464,20310,22154,24264,11734,12530,6066,2959,3107,
60685,24269,11613,12656,42469,20371,22098,48534,23378,25156,42467,20313,22154,24265,11734,12531,6067,2960,3107,
60690,24272,11614,12658,42473,20375,22098,48541,23381,25160,42471,20316,22155,24268,11736,12532,6067,2960,3107,
60695,24273,11615,12658,42476,20376,22100,48542,23381,25161,42474,20317,22157,24269,11737,12532,6068,2961,3107,
60700,24276,11617,12659,42480,20379,22101,48549,23385,25164,42478,20320,22158,24272,11738,12534,6068,2961,3107,
60705,24277,11617,12660,42483,20381,22102,48550,23385,25165,42481,20320,22161,24273,11739,12534,6069,2962,3107,
60710,24280,11618,12662,42487,20385,22102,48557,23391,25166,42485,20323,22162,24276,11740,12536,6069,2962,3107,
60715,24281,11618,12663,42490,20388,22102,48558,23391,25167,42488,20326,22162,24277,11741,12536,6070,2963,3107,
60720,24284,11620,12664,42494,20390,22104,48565,23392,25173,42492,20330,22162,24280,11742,12538,6070,2963,3107,
60725,24285,11621,12664,42497,20392,22105,48566,23392,25174,42495,20332,22163,24281,11742,12539,6071,2964,3107,
60730,24288,11624,12664,42501,20395,22106,48573,23397,25176,42499,20332,22167,24284,11743,12541,6071,2964,3107,
60735,24289,11624,12665,42504,20395,22109,48574,23397,25177,42502,20333,22169,24285,11743,12542,6072,2964,3108,
60740,24292,11627,12665,42508,20396,22112,48581,23399,25182,42506,20335,22171,24288,11744,12544,6072,2964,3108,
60745,24293,11627,12666,42511,20399,22112,48582,23399,25183,42509,20337,22172,24289,11745,12544,6073,2964,3109,
60750,24296,11629,12667,42515,20403,22112,48589,23401,25188,42513,20338,22175,24292,11746,12546,6073,2964,3109,
60755,24297,11630,12667,42518,20406,22112,48590,23402,25188,42516,20340,22176,24293,11746,12547,6074,2965,3109,
60760,24300,11631,12669,42522,20409,22113,48597,23404,25193,42520,20343,22177,24296,11747,12549,6074,2965,3109,
60765,24301,11631,12670,42525,20411,22114,48598,23405,25193,42523,20345,22178,24297,11747,12550,6075,2965,3110,
60770,24304,11633,12671,42529,20414,22115,48605,23407,25198,42527,20345,22182,24300,11748,12552,6075,2965,3110,
60775,24305,11633,12672,42532,20416,22116,48606,23408,25198,42530,20346,22184,24301,11749,12552,6076,2966,3110,
60780,24308,11635,12673,42536,20417,22119,48613,23412,25201,42534,20347,22187,24304,11750,12554,6076,2966,3110,
60785,24309,11635,12674,42539,20419,22120,48614,23412,25202,42537,20350,22187,24305,11750,12555,6077,2966,3111,
60790,24312,11637,12675,42543,20421,22122,48621,23414,25207,42541,20351,22190,24308,11752,12556,6077,2966,3111,
60795,24313,11637,12676,42546,20421,22125,48622,23415,25207,42544,20352,22192,24309,11753,12556,6078,2966,3112,
60800,24316,11638,12678,42550,20425,22125,48629,23417,25212,42548,20355,22193,24312,11754,12558,6078,2966,3112,
60805,24317,11638,12679,42553,20425,22128,48630,23418,25212,42551,20356,22195,24313,11755,12558,6079,2967,3112,
60810,24320,11639,12681,42557,20427,22130,48637,23422,25215,42555,20359,22196,24316,11755,12561,6079,2967,3112,
60815,24321,11639,12682,42560,20428,22132,48638,23422,25216,42558,20359,22199,24317,11755,12562,6080,2968,3112,
60820,24324,11641,12683,42564,20429,22135,48645,23428,25217,42562,20360,22202,24320,11758,12562,6080,2968,3112,
60825,24325,11641,12684,42567,20431,22136,48646,23429,25217,42565,20362,22203,24321,11759,12562,6081,2969,3112,
60830,24328,11642,12686,42571,20433,22138,48653,23434,25219,42569,20363,22206,24324,11760,12564,6081,2969,3112,
60835,24329,11643,12686,42574,20433,22141,48654,23434,25220,42572,20364,22208,24325,11760,12565,6082,2969,3113,
60840,24332,11645,12687,42578,20434,22144,48661,23437,25224,42576,20365,22211,24328,11761,12567,6082,2969,3113,
60845,24333,11646,12687,42581,20436,22145,48662,23438,25224,42579,20367,22212,24329,11761,12568,6083,2970,3113,
60850,24336,11649,12687,42585,20439,22146,48669,23440,25229,42583,20369,22214,24332,11762,12570,6083,2970,3113,
60855,24337,11650,12687,42588,20441,22147,48670,23441,25229,42586,20372,22214,24333,11763,12570,6084,2971,3113,
60860,24340,11653,12687,42592,20445,22147,48677,23444,25233,42590,20373,22217,24336,11764,12572,6084,2971,3113,
60865,24341,11653,12688,42595,20445,22150,48678,23444,25234,42593,20375,22218,24337,11764,12573,6085,2972,3113,
60870,24344,11654,12690,42599,20447,22152,48685,23446,25239,42597,20377,22220,24340,11765,12575,6085,2972,3113,
60875,24345,11655,12690,42602,20448,22154,48686,23446,25240,42600,20379,22221,24341,11765,12576,6086,2972,3114,
60880,24348,11656,12692,42606,20450,22156,48693,23451,25242,42604,20381,22223,24344,11766,12578,6086,2972,3114,
60885,24349,11656,12693,42609,20452,22157,48694,23451,25243,42607,20383,22224,24345,11767,12578,6087,2972,3115,
60890,24352,11657,12695,42613,20455,22158,48701,23455,25246,42611,20386,22225,24348,11768,12580,6087,2972,3115,
60895,24353,11657,12696,42616,20457,22159,48702,23456,25246,42614,20388,22226,24349,11769,12580,6088,2973,3115,
60900,24356,11658,12698,42620,20458,22162,48709,23460,25249,42618,20390,22228,24352,11771,12581,6088,2973,3115,
60905,24357,11658,12699,42623,20459,22164,48710,23460,25250,42621,20392,22229,24353,11772,12581,6089,2974,3115,
60910,24360,11660,12700,42627,20462,22165,48717,23464,25253,42625,20395,22230,24356,11773,12583,6089,2974,3115,
60915,24361,11660,12701,42630,20463,22167,48718,23465,25253,42628,20395,22233,24357,11773,12584,6090,2974,3116,
60920,24364,11661,12703,42634,20466,22168,48725,23469,25256,42632,20396,22236,24360,11776,12584,6090,2974,3116,
60925,24365,11662,12703,42637,20468,22169,48726,23470,25256,42635,20398,22237,24361,11777,12584,6091,2974,3117,
60930,24368,11664,12704,42641,20471,22170,48733,23472,25261,42639,20401,22238,24364,11779,12585,6091,2974,3117,
60935,24369,11664,12705,42644,20473,22171,48734,23472,25262,42642,20403,22239,24365,11779,12586,6092,2975,3117,
60940,24372,11665,12707,42648,20473,22175,48741,23474,25267,42646,20405,22241,24368,11779,12589,6092,2975,3117,
60945,24373,11666,12707,42651,20475,22176,48742,23474,25268,42649,20407,22242,24369,11779,12590,6093,2975,3118,
60950,24376,11667,12709,42655,20475,22180,48749,23477,25272,42653,20411,22242,24372,11779,12593,6093,2975,3118,
60955,24377,11668,12709,42658,20477,22181,48750,23477,25273,42656,20411,22245,24373,11779,12594,6094,2975,3119,
60960,24380,11670,12710,42662,20479,22183,48757,23481,25276,42660,20414,22246,24376,11779,12597,6094,2975,3119,
60965,24381,11671,12710,42665,20479,22186,48758,23481,25277,42663,20416,22247,24377,11780,12597,6095,2975,3120,
60970,24384,11674,12710,42669,20482,22187,48765,23487,25278,42667,20418,22249,24380,11782,12598,6095,2975,3120,
60975,24385,11675,12710,42672,20483,22189,48766,23488,25278,42670,20419,22251,24381,11782,12599,6096,2976,3120,
60980,24388,11677,12711,42676,20484,22192,48773,23488,25285,42674,20421,22253,24384,11783,12601,6096,2976,3120,
60985,24389,11677,12712,42679,20485,22194,48774,23488,25286,42677,20422,22255,24385,11784,12601,6097,2976,3121,
60990,24392,11678,12714,42683,20486,22197,48781,23493,25288,42681,20424,22257,24388,11786,12602,6097,2976,3121,
60995,24393,11678,12715,42686,20489,22197,48782,23494,25288,42684,20425,22259,24389,11786,12603,6098,2976,3122,
61000,24396,11680,12716,42690,20492,22198,48789,23498,25291,42688,20427,22261,24392,11787,12605,6098,2976,3122,
61005,24397,11681,12716,42693,20494,22199,48790,23498,25292,42691,20429,22262,24393,11788,12605,6099,2977,3122,
61010,24400,11683,12717,42697,20495,22202,48797,23503,25294,42695,20430,22265,24396,11790,12606,6099,2977,3122,
61015,24401,11684,12717,42700,20498,22202,48798,23503,25295,42698,20432,22266,24397,11791,12606,6100,2978,3122,
61020,24404,11686,12718,42704,20500,22204,48805,23504,25301,42702,20433,22269,24400,11792,12608,6100,2978,3122,
61025,24405,11686,12719,42707,20501,22206,48806,23504,25302,42705,20434,22271,24401,11792,12609,6101,2979,3122,
61030,24408,11688,12720,42711,20502,22209,48813,23507,25306,42709,20434,22275,24404,11792,12612,6101,2979,3122,
61035,24409,11689,12720,42714,20504,22210,48814,23507,25307,42712,20436,22276,24405,11792,12613,6102,2979,3123,
61040,24412,11691,12721,42718,20505,22213,48821,23510,25311,42716,20436,22280,24408,11792,12616,6102,2979,3123,
61045,24413,11691,12722,42721,20507,22214,48822,23511,25311,42719,20439,22280,24409,11792,12617,6103,2979,3124,
61050,24416,11693,12723,42725,20509,22216,48829,23512,25317,42723,20442,22281,24412,11794,12618,6103,2979,3124,
61055,24417,11693,12724,42728,20510,22218,48830,23513,25317,42726,20444,22282,24413,11795,12618,6104,2980,3124,
61060,24420,11695,12725,42732,20511,22221,48837,23514,25323,42730,20445,22285,24416,11797,12619,6104,2980,3124,
61065,24421,11695,12726,42735,20512,22223,48838,23514,25324,42733,20447,22286,24417,11797,12620,6105,2980,3125,
61070,24424,11697,12727,42739,20514,22225,48845,23518,25327,42737,20447,22290,24420,11798,12622,6105,2980,3125,
61075,24425,11698,12727,42742,20517,22225,48846,23519,25327,42740,20448,22292,24421,11798,12623,6106,2980,3126,
61080,24428,11700,12728,42746,20519,22227,48853,23522,25331,42744,20450,22294,24424,11799,12625,6106,2980,3126,
61085,24429,11700,12729,42749,20521,22228,48854,23522,25332,42747,20452,22295,24425,11799,12626,6107,2981,3126,
61090,24432,11702,12730,42753,20524,22229,48861,23526,25335,42751,20455,22296,24428,11801,12627,6107,2981,3126,
61095,24433,11702,12731,42756,20524,22232,48862,23527,25335,42754,20457,22297,24429,11802,12627,6108,2982,3126,
61100,24436,11703,12733,42760,20526,22234,48869,23530,25339,42758,20458,22300,24432,11804,12628,6108,2982,3126,
61105,24437,11704,12733,42763,20526,22237,48870,23531,25339,42761,20461,22300,24433,11804,12629,6109,2983,3126,
61110,24440,11705,12735,42767,20529,22238,48877,23534,25343,42765,20464,22301,24436,11806,12630,6109,2983,3126,
61115,24441,11705,12736,42770,20531,22239,48878,23534,25344,42768,20466,22302,24437,11807,12630,6110,2984,3126,
61120,24444,11705,12739,42774,20534,22240,48885,23537,25348,42772,20468,22304,24440,11808,12632,6110,2984,3126,
61125,24445,11705,12740,42777,20536,22241,48886,23537,25349,42775,20469,22306,24441,11808,12633,6111,2985,3126,
61130,24448,11708,12740,42781,20537,22244,48893,23543,25350,42779,20472,22307,24444,11811,12633,6111,2985,3126,
61135,24449,11708,12741,42784,20539,22245,48894,23543,25351,42782,20474,22308,24445,11812,12633,6112,2985,3127,
61140,24452,11709,12743,42788,20541,22247,48901,23546,25355,42786,20478,22308,24448,11813,12635,6112,2985,3127,
61145,24453,11710,12743,42791,20543,22248,48902,23546,25356,42789,20481,22308,24449,11814,12635,6113,2985,3128,
61150,24456,11711,12745,42795,20544,22251,48909,23552,25357,42793,20482,22311,24452,11816,12636,6113,2985,3128,
61155,24457,11712,12745,42798,20546,22252,48910,23552,25358,42796,20484,22312,24453,11816,12637,6114,2985,3129,
61160,24460,11713,12747,42802,20547,22255,48917,23555,25362,42800,20486,22314,24456,11818,12638,6114,2985,3129,
61165,24461,11713,12748,42805,20548,22257,48918,23555,25363,42803,20488,22315,24457,11819,12638,6115,2986,3129,
61170,24464,11716,12748,42809,20550,22259,48925,23558,25367,42807,20490,22317,24460,11820,12640,6115,2986,3129,
61175,24465,11717,12748,42812,20552,22260,48926,23558,25368,42810,20491,22319,24461,11820,12641,6116,2987,3129,
61180,24468,11719,12749,42816,20553,22263,48933,23562,25371,42814,20493,22321,24464,11823,12641,6116,2987,3129,
61185,24469,11719,12750,42819,20554,22265,48934,23562,25372,42817,20494,22323,24465,11824,12641,6117,2987,3130,
61190,24472,11720,12752,42823,20555,22268,48941,23565,25376,42821,20495,22326,24468,11826,12642,6117,2987,3130,
61195,24473,11720,12753,42826,20557,22269,48942,23565,25377,42824,20496,22328,24469,11827,12642,6118,2987,3131,
61200,24476,11722,12754,42830,20558,22272,48949,23569,25380,42828,20497,22331,24472,11828,12644,6118,2987,3131,
61205,24477,11722,12755,42833,20559,22274,48950,23569,25381,42831,20500,22331,24473,11829,12644,6119,2987,3132,
61210,24480,11723,12757,42837,20563,22274,48957,23574,25383,42835,20503,22332,24476,11830,12646,6119,2987,3132,
61215,24481,11724,12757,42840,20565,22275,48958,23575,25383,42838,20503,22335,24477,11830,12647,6120,2988,3132,
61220,24484,11726,12758,42844,20567,22277,48965,23579,25386,42842,20505,22337,24480,11832,12648,6120,2988,3132,
61225,24485,11727,12758,42847,20570,22277,48966,23580,25386,42845,20505,22340,24481,11833,12648,6121,2989,3132,
61230,24488,11729,12759,42851,20572,22279,48973,23582,25391,42849,20507,22342,24484,11835,12649,6121,2989,3132,
61235,24489,11730,12759,42854,20573,22281,48974,23583,25391,42852,20507,22345,24485,11835,12650,6122,2990,3132,
61240,24492,11730,12762,42858,20576,22282,48981,23586,25395,42856,20507,22349,24488,11837,12651,6122,2990,3132,
61245,24493,11731,12762,42861,20577,22284,48982,23586,25396,42859,20509,22350,24489,11838,12651,6123,2990,3133,
61250,24496,11734,12762,42865,20579,22286,48989,23589,25400,42863,20510,22353,24492,11838,12654,6123,2990,3133,
61255,24497,11735,12762,42868,20581,22287,48990,23589,25401,42866,20513,22353,24493,11838,12655,6124,2990,3134,
61260,24500,11736,12764,42872,20584,22288,48997,23591,25406,42870,20515,22355,24496,11838,12658,6124,2990,3134,
61265,24501,11736,12765,42875,20586,22289,48998,23592,25406,42873,20515,22358,24497,11839,12658,6125,2990,3135,
61270,24504,11736,12768,42879,20587,22292,49005,23596,25409,42877,20517,22360,24500,11840,12660,6125,2990,3135,
61275,24505,11736,12769,42882,20589,22293,49006,23597,25409,42880,20518,22362,24501,11840,12661,6126,2990,3136,
61280,24508,11738,12770,42886,20590,22296,49013,23602,25411,42884,20519,22365,24504,11842,12662,6126,2990,3136,
61285,24509,11739,12770,42889,20591,22298,49014,23603,25411,42887,20520,22367,24505,11842,12663,6127,2991,3136,
61290,24512,11740,12772,42893,20592,22301,49021,23604,25417,42891,20522,22369,24508,11842,12666,6127,2991,3136,
61295,24513,11741,12772,42896,20594,22302,49022,23604,25418,42894,20524,22370,24509,11842,12667,6128,2991,3137,
61300,24516,11743,12773,42900,20596,22304,49029,23608,25421,42898,20525,22373,24512,11844,12668,6128,2991,3137,
61305,24517,11743,12774,42903,20596,22307,49030,23609,25421,42901,20527,22374,24513,11845,12668,6129,2991,3138,
61310,24520,11746,12774,42907,20598,22309,49037,23609,25428,42905,20529,22376,24516,11846,12670,6129,2991,3138,
61315,24521,11746,12775,42910,20599,22311,49038,23610,25428,42908,20530,22378,24517,11846,12671,6130,2991,3139,
61320,24524,11746,12778,42914,20600,22314,49045,23615,25430,42912,20532,22380,24520,11847,12673,6130,2991,3139,
61325,24525,11746,12779,42917,20602,22315,49046,23616,25430,42915,20535,22380,24521,11847,12674,6131,2992,3139,
61330,24528,11747,12781,42921,20604,22317,49053,23619,25434,42919,20538,22381,24524,11847,12677,6131,2992,3139,
61335,24529,11747,12782,42924,20606,22318,49054,23620,25434,42922,20541,22381,24525,11847,12678,6132,2993,3139,
61340,24532,11747,12785,42928,20607,22321,49061,23622,25439,42926,20542,22384,24528,11847,12681,6132,2993,3139,
61345,24533,11748,12785,42931,20607,22324,49062,23622,25440,42929,20542,22387,24529,11847,12682,6133,2993,3140,
61350,24536,11749,12787,42935,20611,22324,49069,23627,25442,42933,20544,22389,24532,11850,12682,6133,2993,3140,
61355,24537,11749,12788,42938,20611,22327,49070,23628,25442,42936,20544,22392,24533,11851,12682,6134,2993,3141,
61360,24540,11750,12790,42942,20613,22329,49077,23630,25447,42940,20547,22393,24536,11852,12684,6134,2993,3141,
61365,24541,11750,12791,42945,20614,22331,49078,23630,25448,42943,20548,22395,24537,11853,12684,6135,2993,3142,
61370,24544,11752,12792,42949,20617,22332,49085,23633,25452,42947,20551,22396,24540,11854,12686,6135,2993,3142,
61375,24545,11752,12793,42952,20619,22333,49086,23634,25452,42950,20553,22397,24541,11855,12686,6136,2994,3142,
61380,24548,11753,12795,42956,20621,22335,49093,23636,25457,42954,20554,22400,24544,11856,12688,6136,2994,3142,
61385,24549,11754,12795,42959,20621,22338,49094,23636,25458,42957,20556,22401,24545,11856,12689,6137,2995,3142,
61390,24552,11755,12797,42963,20623,22340,49101,23638,25463,42961,20560,22401,24548,11857,12691,6137,2995,3142,
61395,24553,11755,12798,42966,20625,22341,49102,23639,25463,42964,20562,22402,24549,11857,12692,6138,2995,3143,
61400,24556,11756,12800,42970,20626,22344,49109,23644,25465,42968,20566,22402,24552,11857,12695,6138,2995,3143,
61405,24557,11757,12800,42973,20627,22346,49110,23644,25466,42971,20567,22404,24553,11857,12696,6139,2995,3144,
61410,24560,11758,12802,42977,20627,22350,49117,23646,25471,42975,20568,22407,24556,11858,12698,6139,2995,3144,
61415,24561,11758,12803,42980,20629,22351,49118,23647,25471,42978,20570,22408,24557,11858,12699,6140,2996,3144,
61420,24564,11759,12805,42984,20631,22353,49125,23650,25475,42982,20572,22410,24560,11859,12701,6140,2996,3144,
61425,24565,11760,12805,42987,20634,22353,49126,23651,25475,42985,20574,22411,24561,11859,12702,6141,2996,3145,
61430,24568,11763,12805,42991,20637,22354,49133,23655,25478,42989,20576,22413,24564,11860,12704,6141,2996,3145,
61435,24569,11764,12805,42994,20640,22354,49134,23655,25479,42992,20577,22415,24565,11861,12704,6142,2997,3145,
61440,24572,11767,12805,42998,20642,22356,49141,23660,25481,42996,20581,22415,24568,11862,12706,6142,2997,3145,
61445,24573,11768,12805,43001,20645,22356,49142,23660,25482,42999,20582,22417,24569,11863,12706,6143,2998,3145,
61450,24576,11769,12807,43005,20647,22358,49149,23663,25486,43003,20583,22420,24572,11863,12709,6143,2998,3145,
61455,24577,11769,12808,43008,20649,22359,49150,23663,25487,43006,20583,22423,24573,11864,12709,6144,2999,3145,
61460,24580,11771,12809,43012,20653,22359,49157,23668,25489,43010,20586,22424,24576,11866,12710,6144,2999,3145,
61465,24581,11772,12809,43015,20654,22361,49158,23669,25489,43013,20589,22424,24577,11866,12711,6145,3000,3145,
61470,24584,11774,12810,43019,20656,22363,49165,23672,25493,43017,20589,22428,24580,11868,12712,6145,3000,3145,
61475,24585,11774,12811,43022,20658,22364,49166,23672,25494,43020,20590,22430,24581,11869,12712,6146,3001,3145,
61480,24588,11775,12813,43026,20660,22366,49173,23673,25500,43024,20592,22432,24584,11870,12714,6146,3001,3145,
61485,24589,11775,12814,43029,20662,22367,49174,23674,25500,43027,20593,22434,24585,11871,12714,6147,3002,3145,
61490,24592,11778,12814,43033,20663,22370,49181,23676,25505,43031,20595,22436,24588,11872,12716,6147,3002,3145,
61495,24593,11778,12815,43036,20664,22372,49182,23676,25506,43034,20596,22438,24589,11872,12717,6148,3002,3146,
61500,24596,11780,12816,43040,20666,22374,49189,23682,25507,43038,20598,22440,24592,11875,12717,6148,3002,3146,
61505,24597,11780,12817,43043,20668,22375,49190,23682,25508,43041,20601,22440,24593,11875,12718,6149,3003,3146,
61510,24600,11782,12818,43047,20668,22379,49197,23687,25510,43045,20603,22442,24596,11876,12720,6149,3003,3146,
61515,24601,11782,12819,43050,20669,22381,49198,23688,25510,43048,20605,22443,24597,11877,12720,6150,3004,3146,
61520,24604,11783,12821,43054,20669,22385,49205,23692,25513,43052,20607,22445,24600,11878,12722,6150,3004,3146,
61525,24605,11784,12821,43057,20672,22385,49206,23693,25513,43055,20609,22446,24601,11879,12722,6151,3004,3147,
61530,24608,11784,12824,43061,20675,22386,49213,23697,25516,43059,20612,22447,24604,11880,12724,6151,3004,3147,
61535,24609,11784,12825,43064,20677,22387,49214,23697,25517,43062,20613,22449,24605,11881,12724,6152,3005,3147,
61540,24612,11785,12827,43068,20679,22389,49221,23701,25520,43066,20614,22452,24608,11883,12725,6152,3005,3147,
61545,24613,11786,12827,43071,20679,22392,49222,23702,25520,43069,20617,22452,24609,11883,12726,6153,3006,3147,
61550,24616,11789,12827,43075,20682,22393,49229,23705,25524,43073,20620,22453,24612,11884,12728,6153,3006,3147,
61555,24617,11789,12828,43078,20683,22395,49230,23706,25524,43076,20621,22455,24613,11884,12729,6154,3007,3147,
61560,24620,11791,12829,43082,20686,22396,49237,23710,25527,43080,20624,22456,24616,11884,12732,6154,3007,3147,
61565,24621,11792,12829,43085,20687,22398,49238,23711,25527,43083,20624,22459,24617,11885,12732,6155,3007,3148,
61570,24624,11794,12830,43089,20689,22400,49245,23715,25530,43087,20627,22460,24620,11886,12734,6155,3007,3148,
61575,24625,11794,12831,43092,20690,22402,49246,23716,25530,43090,20629,22461,24621,11887,12734,6156,3008,3148,
61580,24628,11797,12831,43096,20691,22405,49253,23719,25534,43094,20631,22463,24624,11888,12736,6156,3008,3148,
61585,24629,11797,12832,43099,20693,22406,49254,23719,25535,43097,20632,22465,24625,11889,12736,6157,3009,3148,
61590,24632,11798,12834,43103,20697,22406,49261,23724,25537,43101,20635,22466,24628,11890,12738,6157,3009,3148,
61595,24633,11798,12835,43106,20698,22408,49262,23724,25538,43104,20637,22467,24629,11890,12739,6158,3009,3149,
61600,24636,11799,12837,43110,20700,22410,49269,23728,25541,43108,20639,22469,24632,11891,12741,6158,3009,3149,
61605,24637,11799,12838,43113,20703,22410,49270,23728,25542,43111,20640,22471,24633,11891,12742,6159,3009,3150,
61610,24640,11801,12839,43117,20705,22412,49277,23730,25547,43115,20641,22474,24636,11893,12743,6159,3009,3150,
61615,24641,11802,12839,43120,20706,22414,49278,23730,25548,43118,20642,22476,24637,11894,12743,6160,3009,3151,
61620,24644,11803,12841,43124,20708,22416,49285,23735,25550,43122,20645,22477,24640,11896,12744,6160,3009,3151,
61625,24645,11803,12842,43127,20708,22419,49286,23736,25550,43125,20646,22479,24641,11897,12744,6161,3010,3151,
61630,24648,11805,12843,43131,20710,22421,49293,23742,25551,43129,20649,22480,24644,11898,12746,6161,3010,3151,
61635,24649,11805,12844,43134,20711,22423,49294,23743,25551,43132,20649,22483,24645,11898,12747,6162,3011,3151,
61640,24652,11806,12846,43138,20712,22426,49301,23746,25555,43136,20653,22483,24648,11900,12748,6162,3011,3151,
61645,24653,11806,12847,43141,20712,22429,49302,23746,25556,43139,20655,22484,24649,11900,12749,6163,3011,3152,
61650,24656,11807,12849,43145,20714,22431,49309,23750,25559,43143,20657,22486,24652,11901,12751,6163,3011,3152,
61655,24657,11808,12849,43148,20715,22433,49310,23750,25560,43146,20658,22488,24653,11902,12751,6164,3011,3153,
61660,24660,11810,12850,43152,20718,22434,49317,23755,25562,43150,20660,22490,24656,11905,12751,6164,3011,3153,
61665,24661,11810,12851,43155,20720,22435,49318,23755,25563,43153,20660,22493,24657,11906,12751,6165,3011,3154,
61670,24664,11812,12852,43159,20721,22438,49325,23759,25566,43157,20662,22495,24660,11907,12753,6165,3011,3154,
61675,24665,11812,12853,43162,20722,22440,49326,23759,25567,43160,20664,22496,24661,11908,12753,6166,3012,3154,
61680,24668,11814,12854,43166,20723,22443,49333,23764,25569,43164,20665,22499,24664,11908,12756,6166,3012,3154,
61685,24669,11814,12855,43169,20725,22444,49334,23765,25569,43167,20666,22501,24665,11909,12756,6167,3013,3154,
61690,24672,11816,12856,43173,20728,22445,49341,23767,25574,43171,20667,22504,24668,11910,12758,6167,3013,3154,
61695,24673,11816,12857,43176,20730,22446,49342,23768,25574,43174,20668,22506,24669,11910,12759,6168,3014,3154,
61700,24676,11818,12858,43180,20732,22448,49349,23770,25579,43178,20671,22507,24672,11911,12761,6168,3014,3154,
61705,24677,11818,12859,43183,20734,22449,49350,23770,25580,43181,20672,22509,24673,11911,12762,6169,3015,3154,
61710,24680,11819,12861,43187,20738,22449,49357,23773,25584,43185,20675,22510,24676,11913,12763,6169,3015,3154,
61715,24681,11820,12861,43190,20739,22451,49358,23773,25585,43188,20678,22510,24677,11914,12763,6170,3015,3155,
61720,24684,11822,12862,43194,20741,22453,49365,23775,25590,43192,20680,22512,24680,11915,12765,6170,3015,3155,
61725,24685,11823,12862,43197,20743,22454,49366,23776,25590,43195,20681,22514,24681,11916,12765,6171,3016,3155,
61730,24688,11825,12863,43201,20746,22455,49373,23780,25593,43199,20684,22515,24684,11918,12766,6171,3016,3155,
61735,24689,11825,12864,43204,20747,22457,49374,23780,25594,43202,20685,22517,24685,11919,12766,6172,3017,3155,
61740,24692,11826,12866,43208,20749,22459,49381,23783,25598,43206,20686,22520,24688,11920,12768,6172,3017,3155,
61745,24693,11827,12866,43211,20751,22460,49382,23784,25598,43209,20687,22522,24689,11921,12768,6173,3017,3156,
61750,24696,11829,12867,43215,20753,22462,49389,23787,25602,43213,20688,22525,24692,11921,12771,6173,3017,3156,
61755,24697,11830,12867,43218,20755,22463,49390,23788,25602,43216,20689,22527,24693,11921,12772,6174,3018,3156,
61760,24700,11830,12870,43222,20758,22464,49397,23793,25604,43220,20691,22529,24696,11923,12773,6174,3018,3156,
61765,24701,11830,12871,43225,20761,22464,49398,23793,25605,43223,20694,22529,24697,11924,12773,6175,3019,3156,
61770,24704,11831,12873,43229,20762,22467,49405,23795,25610,43227,20696,22531,24700,11926,12774,6175,3019,3156,
61775,24705,11832,12873,43232,20764,22468,49406,23795,25611,43230,20697,22533,24701,11926,12775,6176,3019,3157,
61780,24708,11833,12875,43236,20764,22472,49413,23799,25614,43234,20699,22535,24704,11929,12775,6176,3019,3157,
61785,24709,11834,12875,43239,20765,22474,49414,23799,25615,43237,20701,22536,24705,11929,12776,6177,3019,3158,
61790,24712,11836,12876,43243,20767,22476,49421,23800,25621,43241,20702,22539,24708,11931,12777,6177,3019,3158,
61795,24713,11836,12877,43246,20767,22479,49422,23800,25622,43244,20703,22541,24709,11932,12777,6178,3020,3158,
61800,24716,11838,12878,43250,20769,22481,49429,23804,25625,43248,20704,22544,24712,11934,12778,6178,3020,3158,
61805,24717,11839,12878,43253,20770,22483,49430,23804,25626,43251,20707,22544,24713,11934,12779,6179,3021,3158,
61810,24720,11839,12881,43257,20772,22485,49437,23809,25628,43255,20710,22545,24716,11935,12781,6179,3021,3158,
61815,24721,11839,12882,43260,20773,22487,49438,23809,25629,43258,20712,22546,24717,11936,12781,6180,3021,3159,
61820,24724,11840,12884,43264,20777,22487,49445,23813,25632,43262,20715,22547,24720,11939,12781,6180,3021,3159,
61825,24725,11841,12884,43267,20777,22490,49446,23813,25633,43265,20716,22549,24721,11939,12782,6181,3022,3159,
61830,24728,11842,12886,43271,20779,22492,49453,23818,25635,43269,20718,22551,24724,11939,12785,6181,3022,3159,
61835,24729,11842,12887,43274,20781,22493,49454,23819,25635,43272,20720,22552,24725,11939,12786,6182,3023,3159,
61840,24732,11843,12889,43278,20782,22496,49461,23822,25639,43276,20721,22555,24728,11939,12789,6182,3023,3159,
61845,24733,11843,12890,43281,20784,22497,49462,23822,25640,43279,20722,22557,24729,11939,12790,6183,3023,3160,
61850,24736,11843,12893,43285,20787,22498,49469,23825,25644,43283,20723,22560,24732,11940,12792,6183,3023,3160,
61855,24737,11844,12893,43288,20789,22499,49470,23825,25645,43286,20725,22561,24733,11941,12792,6184,3023,3161,
61860,24740,11845,12895,43292,20791,22501,49477,23829,25648,43290,20727,22563,24736,11943,12793,6184,3023,3161,
61865,24741,11846,12895,43295,20793,22502,49478,23829,25649,43293,20730,22563,24737,11943,12794,6185,3023,3162,
61870,24744,11848,12896,43299,20795,22504,49485,23833,25652,43297,20733,22564,24740,11943,12797,6185,3023,3162,
61875,24745,11849,12896,43302,20796,22506,49486,23834,25652,43300,20735,22565,24741,11944,12797,6186,3024,3162,
61880,24748,11850,12898,43306,20798,22508,49493,23837,25656,43304,20736,22568,24744,11945,12799,6186,3024,3162,
61885,24749,11850,12899,43309,20798,22511,49494,23838,25656,43307,20737,22570,24745,11945,12800,6187,3024,3163,
61890,24752,11851,12901,43313,20801,22512,49501,23842,25659,43311,20740,22571,24748,11946,12802,6187,3024,3163,
61895,24753,11852,12901,43316,20803,22513,49502,23843,25659,43314,20742,22572,24749,11947,12802,6188,3025,3163,
61900,24756,11854,12902,43320,20804,22516,49509,23847,25662,43318,20743,22575,24752,11947,12805,6188,3025,3163,
61905,24757,11855,12902,43323,20805,22518,49510,23848,25662,43321,20745,22576,24753,11947,12806,6189,3026,3163,
61910,24760,11857,12903,43327,20808,22519,49517,23851,25666,43325,20746,22579,24756,11948,12808,6189,3026,3163,
61915,24761,11857,12904,43330,20808,22522,49518,23851,25667,43328,20748,22580,24757,11949,12808,6190,3026,3164,
61920,24764,11859,12905,43334,20811,22523,49525,23854,25671,43332,20749,22583,24760,11951,12809,6190,3026,3164,
61925,24765,11860,12905,43337,20814,22523,49526,23855,25671,43335,20749,22586,24761,11951,12810,6191,3026,3165,
61930,24768,11862,12906,43341,20816,22525,49533,23859,25674,43339,20752,22587,24764,11952,12812,6191,3026,3165,
61935,24769,11862,12907,43344,20818,22526,49534,23860,25674,43342,20753,22589,24765,11953,12812,6192,3026,3166,
61940,24772,11864,12908,43348,20820,22528,49541,23861,25680,43346,20755,22591,24768,11953,12815,6192,3026,3166,
61945,24773,11865,12908,43351,20822,22529,49542,23862,25680,43349,20756,22593,24769,11953,12816,6193,3027,3166,
61950,24776,11868,12908,43355,20825,22530,49549,23865,25684,43353,20756,22597,24772,11953,12819,6193,3027,3166,
61955,24777,11868,12909,43358,20825,22533,49550,23866,25684,43356,20757,22599,24773,11953,12820,6194,3027,3167,
61960,24780,11868,12912,43362,20827,22535,49557,23871,25686,43360,20758,22602,24776,11955,12821,6194,3027,3167,
61965,24781,11869,12912,43365,20830,22535,49558,23872,25686,43363,20760,22603,24777,11956,12821,6195,3027,3168,
61970,24784,11870,12914,43369,20834,22535,49565,23878,25687,43367,20762,22605,24780,11958,12822,6195,3027,3168,
61975,24785,11870,12915,43372,20835,22537,49566,23878,25688,43370,20763,22607,24781,11959,12822,6196,3028,3168,
61980,24788,11871,12917,43376,20837,22539,49573,23882,25691,43374,20763,22611,24784,11960,12824,6196,3028,3168,
61985,24789,11872,12917,43379,20838,22541,49574,23882,25692,43377,20763,22614,24785,11960,12825,6197,3028,3169,
61990,24792,11875,12917,43383,20840,22543,49581,23885,25696,43381,20765,22616,24788,11961,12827,6197,3028,3169,
61995,24793,11876,12917,43386,20842,22544,49582,23885,25697,43384,20766,22618,24789,11962,12827,6198,3028,3170,
62000,24796,11878,12918,43390,20843,22547,49589,23889,25700,43388,20768,22620,24792,11962,12830,6198,3028,3170,
62005,24797,11878,12919,43393,20843,22550,49590,23889,25701,43391,20770,22621,24793,11962,12831,6199,3029,3170,
62010,24800,11881,12919,43397,20843,22554,49597,23892,25705,43395,20772,22623,24796,11964,12832,6199,3029,3170,
62015,24801,11881,12920,43400,20844,22556,49598,23892,25706,43398,20774,22624,24797,11965,12832,6200,3029,3171,
62020,24804,11883,12921,43404,20847,22557,49605,23897,25708,43402,20778,22624,24800,11967,12833,6200,3029,3171,
62025,24805,11884,12921,43407,20849,22558,49606,23897,25709,43405,20778,22627,24801,11968,12833,6201,3029,3172,
62030,24808,11886,12922,43411,20851,22560,49613,23901,25712,43409,20779,22630,24804,11970,12834,6201,3029,3172,
62035,24809,11886,12923,43414,20853,22561,49614,23901,25713,43412,20780,22632,24805,11970,12835,6202,3029,3173,
62040,24812,11888,12924,43418,20856,22562,49621,23902,25719,43416,20781,22635,24808,11970,12838,6202,3029,3173,
62045,24813,11888,12925,43421,20857,22564,49622,23902,25720,43419,20782,22637,24809,11970,12839,6203,3029,3174,
62050,24816,11891,12925,43425,20858,22567,49629,23907,25722,43423,20782,22641,24812,11972,12840,6203,3029,3174,
62055,24817,11891,12926,43428,20858,22570,49630,23908,25722,43426,20784,22642,24813,11973,12840,6204,3030,3174,
62060,24820,11893,12927,43432,20859,22573,49637,23911,25726,43430,20787,22643,24816,11975,12841,6204,3030,3174,
62065,24821,11893,12928,43435,20860,22575,49638,23911,25727,43433,20789,22644,24817,11975,12842,6205,3031,3174,
62070,24824,11896,12928,43439,20862,22577,49645,23915,25730,43437,20792,22645,24820,11976,12844,6205,3031,3174,
62075,24825,11896,12929,43442,20862,22580,49646,23916,25730,43440,20794,22646,24821,11976,12845,6206,3032,3174,
62080,24828,11897,12931,43446,20864,22582,49653,23921,25732,43444,20796,22648,24824,11977,12847,6206,3032,3174,
62085,24829,11898,12931,43449,20865,22584,49654,23921,25733,43447,20796,22651,24825,11977,12848,6207,3033,3174,
62090,24832,11899,12933,43453,20868,22585,49661,23924,25737,43451,20797,22654,24828,11979,12849,6207,3033,3174,
62095,24833,11899,12934,43456,20871,22585,49662,23924,25738,43454,20797,22657,24829,11980,12849,6208,3034,3174,
62100,24836,11900,12936,43460,20872,22588,49669,23930,25739,43458,20799,22659,24832,11981,12851,6208,3034,3174,
62105,24837,11901,12936,43463,20875,22588,49670,23930,25740,43461,20802,22659,24833,11982,12851,6209,3035,3174,
62110,24840,11903,12937,43467,20877,22590,49677,23934,25743,43465,20802,22663,24836,11983,12853,6209,3035,3174,
62115,24841,11903,12938,43470,20877,22593,49678,23934,25744,43468,20804,22664,24837,11984,12853,6210,3035,3175,
62120,24844,11906,12938,43474,20880,22594,49685,23938,25747,43472,20807,22665,24840,11985,12855,6210,3035,3175,
62125,24845,11906,12939,43477,20881,22596,49686,23938,25748,43475,20808,22667,24841,11985,12856,6211,3035,3176,
62130,24848,11907,12941,43481,20882,22599,49693,23941,25752,43479,20811,22668,24844,11987,12857,6211,3035,3176,
62135,24849,11907,12942,43484,20885,22599,49694,23941,25753,43482,20811,22671,24845,11987,12858,6212,3036,3176,
62140,24852,11908,12944,43488,20888,22600,49701,23944,25757,43486,20811,22675,24848,11988,12860,6212,3036,3176,
62145,24853,11908,12945,43491,20891,22600,49702,23944,25758,43489,20811,22678,24849,11988,12861,6213,3037,3176,
62150,24856,11909,12947,43495,20893,22602,49709,23950,25759,43493,20811,22682,24852,11988,12864,6213,3037,3176,
62155,24857,11909,12948,43498,20894,22604,49710,23950,25760,43496,20814,22682,24853,11989,12864,6214,3037,3177,
62160,24860,11911,12949,43502,20897,22605,49717,23952,25765,43500,20814,22686,24856,11991,12865,6214,3037,3177,
62165,24861,11911,12950,43505,20899,22606,49718,23952,25766,43503,20815,22688,24857,11991,12866,6215,3038,3177,
62170,24864,11913,12951,43509,20902,22607,49725,23956,25769,43507,20816,22691,24860,11993,12867,6215,3038,3177,
62175,24865,11913,12952,43512,20904,22608,49726,23957,25769,43510,20819,22691,24861,11994,12867,6216,3039,3177,
62180,24868,11913,12955,43516,20907,22609,49733,23960,25773,43514,20821,22693,24864,11995,12869,6216,3039,3177,
62185,24869,11913,12956,43519,20907,22612,49734,23960,25774,43517,20822,22695,24865,11996,12869,6217,3040,3177,
62190,24872,11915,12957,43523,20909,22614,49741,23963,25778,43521,20823,22698,24868,11998,12870,6217,3040,3177,
62195,24873,11915,12958,43526,20912,22614,49742,23964,25778,43524,20824,22700,24869,11998,12871,6218,3040,3178,
62200,24876,11917,12959,43530,20914,22616,49749,23968,25781,43528,20825,22703,24872,12000,12872,6218,3040,3178,
62205,24877,11917,12960,43533,20915,22618,49750,23968,25782,43531,20827,22704,24873,12000,12873,6219,3040,3179,
62210,24880,11918,12962,43537,20918,22619,49757,23972,25785,43535,20829,22706,24876,12000,12876,6219,3040,3179,
62215,24881,11918,12963,43540,20919,22621,49758,23972,25786,43538,20832,22706,24877,12000,12877,6220,3040,3180,
62220,24884,11920,12964,43544,20920,22624,49765,23977,25788,43542,20834,22708,24880,12001,12879,6220,3040,3180,
62225,24885,11921,12964,43547,20920,22627,49766,23978,25788,43545,20836,22709,24881,12002,12879,6221,3041,3180,
62230,24888,11922,12966,43551,20922,22629,49773,23981,25792,43549,20838,22711,24884,12004,12880,6221,3041,3180,
62235,24889,11922,12967,43554,20924,22630,49774,23982,25792,43552,20839,22713,24885,12005,12880,6222,3041,3181,
62240,24892,11924,12968,43558,20927,22631,49781,23986,25795,43556,20840,22716,24888,12006,12882,6222,3041,3181,
62245,24893,11925,12968,43561,20929,22632,49782,23987,25795,43559,20841,22718,24889,12007,12882,6223,3042,3181,
62250,24896,11925,12971,43565,20931,22634,49789,23988,25801,43563,20842,22721,24892,12007,12885,6223,3042,3181,
62255,24897,11926,12971,43568,20933,22635,49790,23989,25801,43566,20844,22722,24893,12008,12885,6224,3042,3182,
62260,24900,11927,12973,43572,20935,22637,49797,23991,25806,43570,20847,22723,24896,12010,12886,6224,3042,3182,
62265,24901,11927,12974,43575,20938,22637,49798,23991,25807,43573,20849,22724,24897,12011,12886,6225,3042,3183,
62270,24904,11928,12976,43579,20940,22639,49805,23995,25810,43577,20850,22727,24900,12013,12887,6225,3042,3183,
62275,24905,11928,12977,43582,20942,22640,49806,23995,25811,43580,20852,22728,24901,12013,12888,6226,3043,3183,
62280,24908,11929,12979,43586,20943,22643,49813,23999,25814,43584,20853,22731,24904,12015,12889,6226,3043,3183,
62285,24909,11930,12979,43589,20946,22643,49814,24000,25814,43587,20855,22732,24905,12016,12889,6227,3043,3184,
62290,24912,11932,12980,43593,20948,22645,49821,24002,25819,43591,20857,22734,24908,12018,12890,6227,3043,3184,
62295,24913,11932,12981,43596,20950,22646,49822,24002,25820,43594,20858,22736,24909,12019,12890,6228,3043,3185,
62300,24916,11935,12981,43600,20950,22650,49829,24004,25825,43598,20860,22738,24912,12020,12892,6228,3043,3185,
62305,24917,11936,12981,43603,20951,22652,49830,24005,25825,43601,20863,22738,24913,12021,12892,6229,3044,3185,
62310,24920,11938,12982,43607,20953,22654,49837,24009,25828,43605,20865,22740,24916,12021,12895,6229,3044,3185,
62315,24921,11938,12983,43610,20955,22655,49838,24009,25829,43608,20867,22741,24917,12022,12895,6230,3045,3185,
62320,24924,11940,12984,43614,20957,22657,49845,24013,25832,43612,20869,22743,24920,12023,12897,6230,3045,3185,
62325,24925,11940,12985,43617,20958,22659,49846,24014,25832,43615,20870,22745,24921,12023,12898,6231,3046,3185,
62330,24928,11942,12986,43621,20960,22661,49853,24018,25835,43619,20873,22746,24924,12025,12899,6231,3046,3185,
62335,24929,11943,12986,43624,20962,22662,49854,24019,25835,43622,20875,22747,24925,12025,12900,6232,3046,3186,
62340,24932,11945,12987,43628,20963,22665,49861,24023,25838,43626,20879,22747,24928,12027,12901,6232,3046,3186,
62345,24933,11945,12988,43631,20964,22667,49862,24024,25838,43629,20882,22747,24929,12028,12901,6233,3047,3186,
62350,24936,11946,12990,43635,20968,22667,49869,24027,25842,43633,20884,22749,24932,12030,12902,6233,3047,3186,
62355,24937,11947,12990,43638,20969,22669,49870,24027,25843,43636,20885,22751,24933,12030,12903,6234,3048,3186,
62360,24940,11948,12992,43642,20969,22673,49877,24031,25846,43640,20887,22753,24936,12033,12903,6234,3048,3186,
62365,24941,11948,12993,43645,20971,22674,49878,24032,25846,43643,20889,22754,24937,12033,12904,6235,3048,3187,
62370,24944,11948,12996,43649,20974,22675,49885,24034,25851,43647,20892,22755,24940,12035,12905,6235,3048,3187,
62375,24945,11948,12997,43652,20975,22677,49886,24035,25851,43650,20894,22756,24941,12036,12905,6236,3049,3187,
62380,24948,11950,12998,43656,20977,22679,49893,24038,25855,43654,20896,22758,24944,12037,12907,6236,3049,3187,
62385,24949,11951,12998,43659,20978,22681,49894,24039,25855,43657,20897,22760,24945,12037,12908,6237,3049,3188,
62390,24952,11953,12999,43663,20980,22683,49901,24044,25857,43661,20900,22761,24948,12040,12908,6237,3049,3188,
62395,24953,11953,13000,43666,20980,22686,49902,24044,25858,43664,20901,22763,24949,12040,12909,6238,3049,3189,
62400,24956,11955,13001,43670,20981,22689,49909,24049,25860,43668,20904,22764,24952,12041,12911,6238,3049,3189,
62405,24957,11956,13001,43673,20983,22690,49910,24049,25861,43671,20906,22765,24953,12042,12911,6239,3050,3189,
62410,24960,11957,13003,43677,20983,22694,49917,24051,25866,43675,20908,22767,24956,12043,12913,6239,3050,3189,
62415,24961,11958,13003,43680,20986,22694,49918,24051,25867,43678,20908,22770,24957,12043,12914,6240,3051,3189,
62420,24964,11959,13005,43684,20987,22697,49925,24055,25870,43682,20909,22773,24960,12044,12916,6240,3051,3189,
62425,24965,11959,13006,43687,20987,22700,49926,24056,25870,43685,20910,22775,24961,12045,12916,6241,3052,3189,
62430,24968,11960,13008,43691,20989,22702,49933,24058,25875,43689,20912,22777,24964,12048,12916,6241,3052,3189,
62435,24969,11960,13009,43694,20991,22703,49934,24058,25876,43692,20913,22779,24965,12049,12916,6242,3052,3190,
62440,24972,11961,13011,43698,20994,22704,49941,24061,25880,43696,20916,22780,24968,12050,12918,6242,3052,3190,
62445,24973,11962,13011,43701,20996,22705,49942,24061,25881,43699,20917,22782,24969,12051,12918,6243,3052,3191,
62450,24976,11962,13014,43705,20998,22707,49949,24063,25886,43703,20919,22784,24972,12053,12919,6243,3052,3191,
62455,24977,11962,13015,43708,20999,22709,49950,24063,25887,43706,20920,22786,24973,12053,12920,6244,3052,3192,
62460,24980,11962,13018,43712,21001,22711,49957,24066,25891,43710,20922,22788,24976,12056,12920,6244,3052,3192,
62465,24981,11963,13018,43715,21002,22713,49958,24067,25891,43713,20924,22789,24977,12056,12921,6245,3053,3192,
62470,24984,11964,13020,43719,21003,22716,49965,24070,25895,43717,20925,22792,24980,12058,12922,6245,3053,3192,
62475,24985,11964,13021,43722,21003,22719,49966,24070,25896,43720,20927,22793,24981,12059,12922,6246,3053,3193,
62480,24988,11965,13023,43726,21006,22720,49973,24075,25898,43724,20928,22796,24984,12062,12922,6246,3053,3193,
62485,24989,11966,13023,43729,21007,22722,49974,24076,25898,43727,20929,22798,24985,12062,12923,6247,3054,3193,
62490,24992,11968,13024,43733,21010,22723,49981,24079,25902,43731,20931,22800,24988,12065,12923,6247,3054,3193,
62495,24993,11969,13024,43736,21012,22724,49982,24080,25902,43734,20932,22802,24989,12065,12924,6248,3054,3194,
62500,24996,11972,13024,43740,21014,22726,49989,24081,25908,43738,20934,22804,24992,12067,12925,6248,3054,3194,
62505,24997,11972,13025,43743,21016,22727,49990,24081,25909,43741,20935,22806,24993,12067,12926,6249,3055,3194,
62510,25000,11974,13026,43747,21020,22727,49997,24085,25912,43745,20936,22809,24996,12069,12927,6249,3055,3194,
62515,25001,11974,13027,43750,21022,22728,49998,24086,25912,43748,20937,22811,24997,12070,12927,6250,3056,3194,
62520,25004,11976,13028,43754,21025,22729,50005,24090,25915,43752,20940,22812,25000,12072,12928,6250,3056,3194,
62525,25005,11976,13029,43757,21026,22731,50006,24091,25915,43755,20943,22812,25001,12072,12929,6251,3057,3194,
62530,25008,11978,13030,43761,21028,22733,50013,24094,25919,43759,20943,22816,25004,12073,12931,6251,3057,3194,
62535,25009,11978,13031,43764,21030,22734,50014,24095,25919,43762,20943,22819,25005,12074,12931,6252,3058,3194,
62540,25012,11978,13034,43768,21032,22736,50021,24096,25925,43766,20947,22819,25008,12076,12932,6252,3058,3194,
62545,25013,11978,13035,43771,21034,22737,50022,24096,25926,43769,20947,22822,25009,12076,12933,6253,3058,3195,
62550,25016,11979,13037,43775,21035,22740,50029,24101,25928,43773,20950,22823,25012,12077,12935,6253,3058,3195,
62555,25017,11980,13037,43778,21037,22741,50030,24101,25929,43776,20951,22825,25013,12078,12935,6254,3058,3196,
62560,25020,11982,13038,43782,21037,22745,50037,24105,25932,43780,20955,22825,25016,12080,12936,6254,3058,3196,
62565,25021,11983,13038,43785,21037,22748,50038,24105,25933,43783,20957,22826,25017,12080,12937,6255,3059,3196,
62570,25024,11985,13039,43789,21039,22750,50045,24110,25935,43787,20958,22829,25020,12082,12938,6255,3059,3196,
62575,25025,11985,13040,43792,21042,22750,50046,24110,25936,43790,20959,22831,25021,12083,12938,6256,3060,3196,
62580,25028,11986,13042,43796,21043,22753,50053,24112,25941,43794,20962,22832,25024,12085,12939,6256,3060,3196,
62585,25029,11987,13042,43799,21044,22755,50054,24112,25942,43797,20963,22834,25025,12085,12940,6257,3060,3197,
62590,25032,11987,13045,43803,21044,22759,50061,24116,25945,43801,20965,22836,25028,12087,12941,6257,3060,3197,
62595,25033,11987,13046,43806,21045,22761,50062,24116,25946,43804,20967,22837,25029,12088,12941,6258,3060,3198,
62600,25036,11988,13048,43810,21045,22765,50069,24118,25951,43808,20969,22839,25032,12090,12942,6258,3060,3198,
62605,25037,11989,13048,43813,21047,22766,50070,24119,25951,43811,20969,22842,25033,12091,12942,6259,3060,3199,
62610,25040,11990,13050,43817,21048,22769,50077,24121,25956,43815,20971,22844,25036,12092,12944,6259,3060,3199,
62615,25041,11990,13051,43820,21049,22771,50078,24121,25957,43818,20972,22846,25037,12093,12944,6260,3061,3199,
62620,25044,11991,13053,43824,21050,22774,50085,24124,25961,43822,20976,22846,25040,12093,12947,6260,3061,3199,
62625,25045,11991,13054,43827,21053,22774,50086,24125,25961,43825,20978,22847,25041,12093,12948,6261,3062,3199,
62630,25048,11993,13055,43831,21057,22774,50093,24129,25964,43829,20982,22847,25044,12094,12950,6261,3062,3199,
62635,25049,11993,13056,43834,21059,22775,50094,24129,25965,43832,20984,22848,25045,12094,12951,6262,3062,3200,
62640,25052,11995,13057,43838,21061,22777,50101,24134,25967,43836,20985,22851,25048,12095,12953,6262,3062,3200,
62645,25053,11995,13058,43841,21062,22779,50102,24134,25968,43839,20985,22854,25049,12096,12953,6263,3062,3201,
62650,25056,11995,13061,43845,21064,22781,50109,24137,25972,43843,20989,22854,25052,12099,12953,6263,3062,3201,
62655,25057,11995,13062,43848,21065,22783,50110,24138,25972,43846,20991,22855,25053,12100,12953,6264,3062,3202,
62660,25060,11996,13064,43852,21067,22785,50117,24140,25977,43850,20991,22859,25056,12101,12955,6264,3062,3202,
62665,25061,11996,13065,43855,21067,22788,50118,24140,25978,43853,20992,22861,25057,12101,12956,6265,3062,3203,
62670,25064,11999,13065,43859,21068,22791,50125,24143,25982,43857,20993,22864,25060,12102,12958,6265,3062,3203,
62675,25065,11999,13066,43862,21071,22791,50126,24144,25982,43860,20995,22865,25061,12102,12959,6266,3062,3204,
62680,25068,12000,13068,43866,21071,22795,50133,24149,25984,43864,20997,22867,25064,12103,12961,6266,3062,3204,
62685,25069,12000,13069,43869,21072,22797,50134,24149,25985,43867,20999,22868,25065,12104,12961,6267,3063,3204,
62690,25072,12001,13071,43873,21075,22798,50141,24154,25987,43871,20999,22872,25068,12105,12963,6267,3063,3204,
62695,25073,12002,13071,43876,21077,22799,50142,24154,25988,43874,21001,22873,25069,12105,12964,6268,3064,3204,
62700,25076,12005,13071,43880,21080,22800,50149,24156,25993,43878,21004,22874,25072,12106,12966,6268,3064,3204,
62705,25077,12005,13072,43883,21080,22803,50150,24157,25993,43881,21006,22875,25073,12107,12966,6269,3065,3204,
62710,25080,12007,13073,43887,21082,22805,50157,24163,25994,43885,21009,22876,25076,12110,12966,6269,3065,3204,
62715,25081,12008,13073,43890,21083,22807,50158,24163,25995,43888,21009,22879,25077,12111,12966,6270,3065,3205,
62720,25084,12008,13076,43894,21084,22810,50165,24165,26000,43892,21010,22882,25080,12112,12968,6270,3065,3205,
62725,25085,12009,13076,43897,21085,22812,50166,24166,26000,43895,21010,22885,25081,12113,12968,6271,3065,3206,
62730,25088,12009,13079,43901,21087,22814,50173,24170,26003,43899,21013,22886,25084,12114,12970,6271,3065,3206,
62735,25089,12009,13080,43904,21087,22817,50174,24171,26003,43902,21015,22887,25085,12114,12971,6272,3066,3206,
62740,25092,12012,13080,43908,21088,22820,50181,24175,26006,43906,21016,22890,25088,12117,12971,6272,3066,3206,
62745,25093,12013,13080,43911,21091,22820,50182,24176,26006,43909,21017,22892,25089,12117,12972,6273,3066,3207,
62750,25096,12014,13082,43915,21094,22821,50189,24181,26008,43913,21019,22894,25092,12118,12974,6273,3066,3207,
62755,25097,12015,13082,43918,21095,22823,50190,24182,26008,43916,21022,22894,25093,12118,12975,6274,3066,3208,
62760,25100,12015,13085,43922,21096,22826,50197,24187,26010,43920,21026,22894,25096,12119,12977,6274,3066,3208,
62765,25101,12016,13085,43925,21098,22827,50198,24187,26011,43923,21028,22895,25097,12119,12978,6275,3066,3209,
62770,25104,12016,13088,43929,21101,22828,50205,24191,26014,43927,21028,22899,25100,12121,12979,6275,3066,3209,
62775,25105,12016,13089,43932,21102,22830,50206,24191,26015,43930,21031,22899,25101,12121,12980,6276,3066,3210,
62780,25108,12016,13092,43936,21102,22834,50213,24194,26019,43934,21031,22903,25104,12122,12982,6276,3066,3210,
62785,25109,12017,13092,43939,21104,22835,50214,24194,26020,43937,21033,22904,25105,12122,12983,6277,3067,3210,
62790,25112,12018,13094,43943,21107,22836,50221,24198,26023,43941,21036,22905,25108,12123,12985,6277,3067,3210,
62795,25113,12018,13095,43946,21109,22837,50222,24199,26023,43944,21038,22906,25109,12123,12986,6278,3067,3211,
62800,25116,12020,13096,43950,21111,22839,50229,24203,26026,43948,21041,22907,25112,12124,12988,6278,3067,3211,
62805,25117,12020,13097,43953,21112,22841,50230,24203,26027,43951,21042,22909,25113,12125,12988,6279,3067,3212,
62810,25120,12021,13099,43957,21113,22844,50237,24209,26028,43955,21043,22912,25116,12127,12989,6279,3067,3212,
62815,25121,12022,13099,43960,21114,22846,50238,24209,26029,43958,21044,22914,25117,12128,12989,6280,3068,3212,
62820,25124,12024,13100,43964,21115,22849,50245,24212,26033,43962,21046,22916,25120,12128,12992,6280,3068,3212,
62825,25125,12024,13101,43967,21116,22851,50246,24213,26033,43965,21049,22916,25121,12128,12993,6281,3069,3212,
62830,25128,12027,13101,43971,21118,22853,50253,24218,26035,43969,21050,22919,25124,12130,12994,6281,3069,3212,
62835,25129,12027,13102,43974,21121,22853,50254,24218,26036,43972,21052,22920,25125,12130,12995,6282,3070,3212,
62840,25132,12028,13104,43978,21123,22855,50261,24220,26041,43976,21054,22922,25128,12132,12996,6282,3070,3212,
62845,25133,12029,13104,43981,21126,22855,50262,24220,26042,43979,21056,22923,25129,12132,12997,6283,3071,3212,
62850,25136,12030,13106,43985,21128,22857,50269,24223,26046,43983,21058,22925,25132,12134,12998,6283,3071,3212,
62855,25137,12031,13106,43988,21129,22859,50270,24224,26046,43986,21061,22925,25133,12135,12998,6284,3071,3213,
62860,25140,12033,13107,43992,21131,22861,50277,24227,26050,43990,21061,22929,25136,12136,13000,6284,3071,3213,
62865,25141,12033,13108,43995,21133,22862,50278,24227,26051,43993,21063,22930,25137,12136,13001,6285,3071,3214,
62870,25144,12034,13110,43999,21133,22866,50285,24231,26054,43997,21064,22933,25140,12137,13003,6285,3071,3214,
62875,25145,12034,13111,44002,21134,22868,50286,24231,26055,44000,21066,22934,25141,12138,13003,6286,3071,3215,
62880,25148,12035,13113,44006,21137,22869,50293,24235,26058,44004,21067,22937,25144,12139,13005,6286,3071,3215,
62885,25149,12035,13114,44009,21137,22872,50294,24235,26059,44007,21069,22938,25145,12139,13006,6287,3071,3216,
62890,25152,12036,13116,44013,21139,22874,50301,24237,26064,44011,21072,22939,25148,12141,13007,6287,3071,3216,
62895,25153,12037,13116,44016,21139,22877,50302,24238,26064,44014,21073,22941,25149,12141,13008,6288,3071,3217,
62900,25156,12038,13118,44020,21140,22880,50309,24240,26069,44018,21073,22945,25152,12142,13010,6288,3071,3217,
62905,25157,12038,13119,44023,21141,22882,50310,24240,26070,44021,21074,22947,25153,12142,13011,6289,3071,3218,
62910,25160,12038,13122,44027,21144,22883,50317,24244,26073,44025,21077,22948,25156,12142,13014,6289,3071,3218,
62915,25161,12038,13123,44030,21145,22885,50318,24244,26074,44028,21077,22951,25157,12143,13014,6290,3072,3218,
62920,25164,12038,13126,44034,21146,22888,50325,24247,26078,44032,21079,22953,25160,12143,13017,6290,3072,3218,
62925,25165,12038,13127,44037,21147,22890,50326,24247,26079,44035,21081,22954,25161,12143,13018,6291,3073,3218,
62930,25168,12040,13128,44041,21148,22893,50333,24251,26082,44039,21082,22957,25164,12145,13019,6291,3073,3218,
62935,25169,12040,13129,44044,21148,22896,50334,24252,26082,44042,21084,22958,25165,12145,13020,6292,3074,3218,
62940,25172,12040,13132,44048,21151,22897,50341,24256,26085,44046,21085,22961,25168,12145,13023,6292,3074,3218,
62945,25173,12041,13132,44051,21153,22898,50342,24256,26086,44049,21086,22963,25169,12145,13024,6293,3074,3219,
62950,25176,12042,13134,44055,21154,22901,50349,24258,26091,44053,21088,22965,25172,12146,13026,6293,3074,3219,
62955,25177,12043,13134,44058,21155,22903,50350,24259,26091,44056,21089,22967,25173,12146,13027,6294,3074,3220,
62960,25180,12044,13136,44062,21157,22905,50357,24264,26093,44060,21090,22970,25176,12149,13027,6294,3074,3220,
62965,25181,12044,13137,44065,21159,22906,50358,24264,26094,44063,21092,22971,25177,12150,13027,6295,3075,3220,
62970,25184,12045,13139,44069,21161,22908,50365,24266,26099,44067,21093,22974,25180,12150,13030,6295,3075,3220,
62975,25185,12046,13139,44072,21162,22910,50366,24266,26100,44070,21094,22976,25181,12150,13031,6296,3076,3220,
62980,25188,12048,13140,44076,21164,22912,50373,24267,26106,44074,21096,22978,25184,12151,13033,6296,3076,3220,
62985,25189,12049,13140,44079,21164,22915,50374,24267,26107,44077,21097,22980,25185,12152,13033,6297,3077,3220,
62990,25192,12051,13141,44083,21167,22916,50381,24271,26110,44081,21099,22982,25188,12154,13034,6297,3077,3220,
62995,25193,12051,13142,44086,21169,22917,50382,24271,26111,44084,21101,22983,25189,12154,13035,6298,3078,3220,
63000,25196,12051,13145,44090,21171,22919,50389,24273,26116,44088,21103,22985,25192,12156,13036,6298,3078,3220,
63005,25197,12051,13146,44093,21173,22920,50390,24274,26116,44091,21103,22988,25193,12157,13036,6299,3079,3220,
63010,25200,12053,13147,44097,21175,22922,50397,24279,26118,44095,21106,22989,25196,12158,13038,6299,3079,3220,
63015,25201,12053,13148,44100,21178,22922,50398,24279,26119,44098,21109,22989,25197,12159,13038,6300,3079,3221,
63020,25204,12055,13149,44104,21178,22926,50405,24280,26125,44102,21110,22992,25200,12161,13039,6300,3079,3221,
63025,25205,12055,13150,44107,21181,22926,50406,24280,26126,44105,21111,22994,25201,12161,13040,6301,3079,3222,
63030,25208,12057,13151,44111,21183,22928,50413,24284,26129,44109,21114,22995,25204,12162,13042,6301,3079,3222,
63035,25209,12058,13151,44114,21183,22931,50414,24285,26129,44112,21116,22996,25205,12163,13042,6302,3080,3222,
63040,25212,12060,13152,44118,21184,22934,50421,24289,26132,44116,21118,22998,25208,12165,13043,6302,3080,3222,
63045,25213,12061,13152,44121,21185,22936,50422,24289,26133,44119,21118,23001,25209,12166,13043,6303,3081,3222,
63050,25216,12062,13154,44125,21187,22938,50429,24291,26138,44123,21118,23005,25212,12167,13045,6303,3081,3222,
63055,25217,12063,13154,44128,21189,22939,50430,24291,26139,44126,21119,23007,25213,12167,13046,6304,3081,3223,
63060,25220,12064,13156,44132,21192,22940,50437,24295,26142,44130,21120,23010,25216,12170,13046,6304,3081,3223,
63065,25221,12064,13157,44135,21193,22942,50438,24295,26143,44133,21121,23012,25217,12170,13047,6305,3081,3224,
63070,25224,12067,13157,44139,21194,22945,50445,24300,26145,44137,21122,23015,25220,12172,13048,6305,3081,3224,
63075,25225,12067,13158,44142,21194,22948,50446,24301,26145,44140,21124,23016,25221,12173,13048,6306,3082,3224,
63080,25228,12069,13159,44146,21197,22949,50453,24305,26148,44144,21125,23019,25224,12174,13050,6306,3082,3224,
63085,25229,12070,13159,44149,21199,22950,50454,24306,26148,44147,21127,23020,25225,12174,13051,6307,3083,3224,
63090,25232,12072,13160,44153,21200,22953,50461,24308,26153,44151,21130,23021,25228,12177,13051,6307,3083,3224,
63095,25233,12073,13160,44156,21203,22953,50462,24309,26153,44154,21130,23024,25229,12178,13051,6308,3084,3224,
63100,25236,12073,13163,44160,21204,22956,50469,24314,26155,44158,21133,23025,25232,12180,13052,6308,3084,3224,
63105,25237,12074,13163,44163,21206,22957,50470,24314,26156,44161,21133,23028,25233,12181,13052,6309,3085,3224,
63110,25240,12074,13166,44167,21207,22960,50477,24317,26160,44165,21135,23030,25236,12182,13054,6309,3085,3224,
63115,25241,12074,13167,44170,21207,22963,50478,24318,26160,44168,21137,23031,25237,12183,13054,6310,3086,3224,
63120,25244,12075,13169,44174,21209,22965,50485,24319,26166,44172,21138,23034,25240,12185,13055,6310,3086,3224,
63125,25245,12075,13170,44177,21211,22966,50486,24320,26166,44175,21139,23036,25241,12186,13055,6311,3086,3225,
63130,25248,12077,13171,44181,21212,22969,50493,24323,26170,44179,21139,23040,25244,12189,13055,6311,3086,3225,
63135,25249,12078,13171,44184,21213,22971,50494,24323,26171,44182,21141,23041,25245,12189,13056,6312,3086,3226,
63140,25252,12080,13172,44188,21215,22973,50501,24326,26175,44186,21144,23042,25248,12190,13058,6312,3086,3226,
63145,25253,12081,13172,44191,21216,22975,50502,24327,26175,44189,21146,23043,25249,12190,13059,6313,3086,3227,
63150,25256,12082,13174,44195,21219,22976,50509,24331,26178,44193,21149,23044,25252,12190,13062,6313,3086,3227,
63155,25257,12082,13175,44198,21220,22978,50510,24331,26179,44196,21150,23046,25253,12191,13062,6314,3086,3228,
63160,25260,12083,13177,44202,21223,22979,50517,24334,26183,44200,21154,23046,25256,12192,13064,6314,3086,3228,
63165,25261,12083,13178,44205,21225,22980,50518,24334,26184,44203,21155,23048,25257,12193,13064,6315,3087,3228,
63170,25264,12083,13181,44209,21228,22981,50525,24336,26189,44207,21156,23051,25260,12195,13065,6315,3087,3228,
63175,25265,12084,13181,44212,21230,22982,50526,24337,26189,44210,21158,23052,25261,12195,13066,6316,3087,3229,
63180,25268,12086,13182,44216,21232,22984,50533,24340,26193,44214,21160,23054,25264,12196,13068,6316,3087,3229,
63185,25269,12087,13182,44219,21233,22986,50534,24340,26194,44217,21162,23055,25265,12197,13068,6317,3088,3229,
63190,25272,12088,13184,44223,21233,22990,50541,24342,26199,44221,21164,23057,25268,12199,13069,6317,3088,3229,
63195,25273,12089,13184,44226,21235,22991,50542,24343,26199,44224,21167,23057,25269,12199,13070,6318,3089,3229,
63200,25276,12089,13187,44230,21237,22993,50549,24348,26201,44228,21169,23059,25272,12200,13072,6318,3089,3229,
63205,25277,12089,13188,44233,21240,22993,50550,24348,26202,44231,21170,23061,25273,12201,13072,6319,3090,3229,
63210,25280,12091,13189,44237,21242,22995,50557,24353,26204,44235,21173,23062,25276,12203,13073,6319,3090,3229,
63215,25281,12092,13189,44240,21244,22996,50558,24353,26205,44238,21174,23064,25277,12204,13073,6320,3090,3230,
63220,25284,12092,13192,44244,21246,22998,50565,24359,26206,44242,21176,23066,25280,12205,13075,6320,3090,3230,
63225,25285,12092,13193,44247,21247,23000,50566,24360,26206,44245,21179,23066,25281,12205,13076,6321,3091,3230,
63230,25288,12092,13196,44251,21249,23002,50573,24364,26209,44249,21181,23068,25284,12206,13078,6321,3091,3230,
63235,25289,12093,13196,44254,21250,23004,50574,24365,26209,44252,21182,23070,25285,12206,13079,6322,3092,3230,
63240,25292,12094,13198,44258,21253,23005,50581,24370,26211,44256,21184,23072,25288,12209,13079,6322,3092,3230,
63245,25293,12095,13198,44261,21256,23005,50582,24371,26211,44259,21186,23073,25289,12210,13079,6323,3093,3230,
63250,25296,12098,13198,44265,21259,23006,50589,24373,26216,44263,21187,23076,25292,12211,13081,6323,3093,3230,
63255,25297,12098,13199,44268,21260,23008,50590,24374,26216,44266,21188,23078,25293,12211,13082,6324,3093,3231,
63260,25300,12100,13200,44272,21261,23011,50597,24376,26221,44270,21189,23081,25296,12213,13083,6324,3093,3231,
63265,25301,12100,13201,44275,21263,23012,50598,24376,26222,44273,21191,23082,25297,12214,13083,6325,3093,3232,
63270,25304,12101,13203,44279,21266,23013,50605,24376,26229,44277,21194,23083,25300,12215,13085,6325,3093,3232,
63275,25305,12101,13204,44282,21268,23014,50606,24377,26229,44280,21194,23086,25301,12216,13085,6326,3094,3232,
63280,25308,12101,13207,44286,21272,23014,50613,24381,26232,44284,21196,23088,25304,12217,13087,6326,3094,3232,
63285,25309,12101,13208,44289,21273,23016,50614,24381,26233,44287,21198,23089,25305,12217,13088,6327,3094,3233,
63290,25312,12102,13210,44293,21275,23018,50621,24384,26237,44291,21199,23092,25308,12218,13090,6327,3094,3233,
63295,25313,12102,13211,44296,21278,23018,50622,24385,26237,44294,21201,23093,25309,12219,13090,6328,3094,3234,
63300,25316,12102,13214,44300,21281,23019,50629,24390,26239,44298,21204,23094,25312,12220,13092,6328,3094,3234,
63305,25317,12102,13215,44303,21281,23022,50630,24391,26239,44301,21207,23094,25313,12220,13093,6329,3095,3234,
63310,25320,12103,13217,44307,21284,23023,50637,24394,26243,44305,21208,23097,25316,12222,13094,6329,3095,3234,
63315,25321,12104,13217,44310,21285,23025,50638,24394,26244,44308,21210,23098,25317,12222,13095,6330,3096,3234,
63320,25324,12105,13219,44314,21288,23026,50645,24397,26248,44312,21210,23102,25320,12223,13097,6330,3096,3234,
63325,25325,12105,13220,44317,21289,23028,50646,24398,26248,44315,21211,23104,25321,12223,13098,6331,3097,3234,
63330,25328,12107,13221,44321,21291,23030,50653,24402,26251,44319,21212,23107,25324,12225,13099,6331,3097,3234,
63335,25329,12108,13221,44324,21291,23033,50654,24403,26251,44322,21214,23108,25325,12226,13099,6332,3097,3235,
63340,25332,12109,13223,44328,21294,23034,50661,24406,26255,44326,21218,23108,25328,12228,13100,6332,3097,3235,
63345,25333,12110,13223,44331,21296,23035,50662,24407,26255,44329,21219,23110,25329,12228,13101,6333,3098,3235,
63350,25336,12113,13223,44335,21298,23037,50669,24409,26260,44333,21220,23113,25332,12228,13104,6333,3098,3235,
63355,25337,12113,13224,44338,21301,23037,50670,24409,26261,44336,21223,23113,25333,12229,13104,6334,3098,3236,
63360,25340,12113,13227,44342,21304,23038,50677,24412,26265,44340,21225,23115,25336,12231,13105,6334,3098,3236,
63365,25341,12113,13228,44345,21305,23040,50678,24413,26265,44343,21225,23118,25337,12232,13105,6335,3098,3237,
63370,25344,12115,13229,44349,21307,23042,50685,24418,26267,44347,21229,23118,25340,12232,13108,6335,3098,3237,
63375,25345,12115,13230,44352,21307,23045,50686,24419,26267,44350,21230,23120,25341,12233,13108,6336,3098,3238,
63380,25348,12117,13231,44356,21309,23047,50693,24421,26272,44354,21232,23122,25344,12234,13110,6336,3098,3238,
63385,25349,12117,13232,44359,21312,23047,50694,24421,26273,44357,21233,23124,25345,12235,13110,6337,3098,3239,
63390,25352,12119,13233,44363,21316,23047,50701,24425,26276,44361,21235,23126,25348,12236,13112,6337,3098,3239,
63395,25353,12119,13234,44366,21318,23048,50702,24425,26277,44364,21235,23129,25349,12237,13112,6338,3098,3240,
63400,25356,12121,13235,44370,21319,23051,50709,24429,26280,44368,21236,23132,25352,12238,13114,6338,3098,3240,
63405,25357,12121,13236,44373,21319,23054,50710,24430,26280,44371,21239,23132,25353,12239,13114,6339,3099,3240,
63410,25360,12121,13239,44377,21322,23055,50717,24433,26284,44375,21240,23135,25356,12241,13115,6339,3099,3240,
63415,25361,12121,13240,44380,21322,23058,50718,24433,26285,44378,21241,23137,25357,12242,13115,6340,3099,3241,
63420,25364,12122,13242,44384,21323,23061,50725,24438,26287,44382,21243,23139,25360,12243,13117,6340,3099,3241,
63425,25365,12123,13242,44387,21324,23063,50726,24439,26287,44385,21244,23141,25361,12243,13118,6341,3099,3242,
63430,25368,12124,13244,44391,21324,23067,50733,24441,26292,44389,21245,23144,25364,12245,13119,6341,3099,3242,
63435,25369,12124,13245,44394,21325,23069,50734,24441,26293,44392,21246,23146,25365,12245,13120,6342,3100,3242,
63440,25372,12125,13247,44398,21327,23071,50741,24442,26299,44396,21247,23149,25368,12246,13122,6342,3100,3242,
63445,25373,12125,13248,44401,21327,23074,50742,24442,26300,44399,21248,23151,25369,12247,13122,6343,3100,3243,
63450,25376,12126,13250,44405,21329,23076,50749,24445,26304,44403,21251,23152,25372,12247,13125,6343,3100,3243,
63455,25377,12127,13250,44408,21329,23079,50750,24446,26304,44406,21253,23153,25373,12247,13126,6344,3101,3243,
63460,25380,12128,13252,44412,21330,23082,50757,24448,26309,44410,21256,23154,25376,12248,13128,6344,3101,3243,
63465,25381,12129,13252,44415,21332,23083,50758,24449,26309,44413,21258,23155,25377,12248,13129,6345,3101,3244,
63470,25384,12131,13253,44419,21335,23084,50765,24450,26315,44417,21261,23156,25380,12249,13131,6345,3101,3244,
63475,25385,12132,13253,44422,21336,23086,50766,24450,26316,44420,21262,23158,25381,12249,13132,6346,3101,3245,
63480,25388,12133,13255,44426,21337,23089,50773,24452,26321,44424,21263,23161,25384,12251,13133,6346,3101,3245,
63485,25389,12134,13255,44429,21339,23090,50774,24452,26322,44427,21265,23162,25385,12252,13133,6347,3101,3246,
63490,25392,12137,13255,44433,21340,23093,50781,24456,26325,44431,21266,23165,25388,12254,13134,6347,3101,3246,
63495,25393,12138,13255,44436,21343,23093,50782,24456,26326,44434,21269,23165,25389,12255,13134,6348,3101,3247,
63500,25396,12140,13256,44440,21345,23095,50789,24461,26328,44438,21272,23166,25392,12256,13136,6348,3101,3247,
63505,25397,12140,13257,44443,21345,23098,50790,24461,26329,44441,21274,23167,25393,12257,13136,6349,3102,3247,
63510,25400,12141,13259,44447,21346,23101,50797,24466,26331,44445,21275,23170,25396,12258,13138,6349,3102,3247,
63515,25401,12142,13259,44450,21346,23104,50798,24466,26332,44448,21276,23172,25397,12258,13139,6350,3103,3247,
63520,25404,12144,13260,44454,21347,23107,50805,24470,26335,44452,21278,23174,25400,12259,13141,6350,3103,3247,
63525,25405,12145,13260,44457,21349,23108,50806,24470,26336,44455,21279,23176,25401,12260,13141,6351,3103,3248,
63530,25408,12146,13262,44461,21351,23110,50813,24473,26340,44459,21280,23179,25404,12261,13143,6351,3103,3248,
63535,25409,12147,13262,44464,21351,23113,50814,24474,26340,44462,21281,23181,25405,12262,13143,6352,3103,3249,
63540,25412,12148,13264,44468,21353,23115,50821,24475,26346,44466,21283,23183,25408,12263,13145,6352,3103,3249,
63545,25413,12148,13265,44471,21354,23117,50822,24476,26346,44469,21283,23186,25409,12264,13145,6353,3104,3249,
63550,25416,12149,13267,44475,21354,23121,50829,24481,26348,44473,21284,23189,25412,12265,13147,6353,3104,3249,
63555,25417,12150,13267,44478,21357,23121,50830,24481,26349,44476,21284,23192,25413,12266,13147,6354,3104,3250,
63560,25420,12152,13268,44482,21359,23123,50837,24484,26353,44480,21286,23194,25416,12266,13150,6354,3104,3250,
63565,25421,12153,13268,44485,21361,23124,50838,24484,26354,44483,21289,23194,25417,12267,13150,6355,3105,3250,
63570,25424,12154,13270,44489,21363,23126,50845,24486,26359,44487,21291,23196,25420,12267,13153,6355,3105,3250,
63575,25425,12155,13270,44492,21364,23128,50846,24486,26360,44490,21292,23198,25421,12267,13154,6356,3106,3250,
63580,25428,12156,13272,44496,21367,23129,50853,24489,26364,44494,21296,23198,25424,12269,13155,6356,3106,3250,
63585,25429,12156,13273,44499,21370,23129,50854,24489,26365,44497,21298,23199,25425,12270,13155,6357,3106,3251,
63590,25432,12157,13275,44503,21371,23132,50861,24491,26370,44501,21301,23200,25428,12270,13158,6357,3106,3251,
63595,25433,12157,13276,44506,21373,23133,50862,24491,26371,44504,21301,23203,25429,12270,13159,6358,3107,3251,
63600,25436,12158,13278,44510,21373,23137,50869,24497,26372,44508,21303,23205,25432,12272,13160,6358,3107,3251,
63605,25437,12159,13278,44513,21374,23139,50870,24497,26373,44511,21303,23208,25433,12273,13160,6359,3107,3252,
63610,25440,12161,13279,44517,21376,23141,50877,24500,26377,44515,21305,23210,25436,12275,13161,6359,3107,3252,
63615,25441,12161,13280,44520,21377,23143,50878,24501,26377,44518,21305,23213,25437,12276,13161,6360,3107,3253,
63620,25444,12163,13281,44524,21379,23145,50885,24506,26379,44522,21308,23214,25440,12276,13164,6360,3107,3253,
63625,25445,12164,13281,44527,21381,23146,50886,24506,26380,44525,21309,23216,25441,12277,13164,6361,3107,3254,
63630,25448,12165,13283,44531,21382,23149,50893,24511,26382,44529,21311,23218,25444,12278,13166,6361,3107,3254,
63635,25449,12166,13283,44534,21383,23151,50894,24512,26382,44532,21312,23220,25445,12278,13167,6362,3107,3255,
63640,25452,12169,13283,44538,21384,23154,50901,24516,26385,44536,21314,23222,25448,12280,13168,6362,3107,3255,
63645,25453,12169,13284,44541,21384,23157,50902,24517,26385,44539,21315,23224,25449,12281,13168,6363,3108,3255,
63650,25456,12169,13287,44545,21385,23160,50909,24521,26388,44543,21317,23226,25452,12283,13169,6363,3108,3255,
63655,25457,12169,13288,44548,21385,23163,50910,24522,26388,44546,21318,23228,25453,12283,13170,6364,3108,3256,
63660,25460,12172,13288,44552,21387,23165,50917,24524,26393,44550,21320,23230,25456,12283,13173,6364,3108,3256,
63665,25461,12172,13289,44555,21389,23166,50918,24525,26393,44553,21322,23231,25457,12284,13173,6365,3108,3257,
63670,25464,12172,13292,44559,21392,23167,50925,24528,26397,44557,21323,23234,25460,12285,13175,6365,3108,3257,
63675,25465,12172,13293,44562,21394,23168,50926,24528,26398,44560,21325,23235,25461,12286,13175,6366,3108,3258,
63680,25468,12175,13293,44566,21396,23170,50933,24531,26402,44564,21328,23236,25464,12286,13178,6366,3108,3258,
63685,25469,12175,13294,44569,21398,23171,50934,24532,26402,44567,21330,23237,25465,12286,13179,6367,3108,3259,
63690,25472,12177,13295,44573,21399,23174,50941,24536,26405,44571,21331,23240,25468,12288,13180,6367,3108,3259,
63695,25473,12178,13295,44576,21399,23177,50942,24537,26405,44574,21331,23243,25469,12288,13181,6368,3109,3259,
63700,25476,12179,13297,44580,21401,23179,50949,24538,26411,44578,21332,23246,25472,12289,13183,6368,3109,3259,
63705,25477,12180,13297,44583,21403,23180,50950,24538,26412,44581,21333,23248,25473,12289,13184,6369,3110,3259,
63710,25480,12181,13299,44587,21406,23181,50957,24541,26416,44585,21335,23250,25476,12291,13185,6369,3110,3259,
63715,25481,12182,13299,44590,21408,23182,50958,24542,26416,44588,21336,23252,25477,12292,13185,6370,3110,3260,
63720,25484,12183,13301,44594,21411,23183,50965,24546,26419,44592,21338,23254,25480,12293,13187,6370,3110,3260,
63725,25485,12183,13302,44597,21412,23185,50966,24547,26419,44595,21338,23257,25481,12293,13188,6371,3111,3260,
63730,25488,12185,13303,44601,21416,23185,50973,24549,26424,44599,21341,23258,25484,12295,13189,6371,3111,3260,
63735,25489,12185,13304,44604,21416,23188,50974,24549,26425,44602,21342,23260,25485,12295,13190,6372,3111,3261,
63740,25492,12186,13306,44608,21417,23191,50981,24553,26428,44606,21345,23261,25488,12296,13192,6372,3111,3261,
63745,25493,12187,13306,44611,21419,23192,50982,24553,26429,44609,21348,23261,25489,12296,13193,6373,3111,3262,
63750,25496,12188,13308,44615,21421,23194,50989,24555,26434,44613,21350,23263,25492,12298,13194,6373,3111,3262,
63755,25497,12189,13308,44618,21423,23195,50990,24555,26435,44616,21351,23265,25493,12299,13194,6374,3112,3262,
63760,25500,12190,13310,44622,21424,23198,50997,24559,26438,44620,21354,23266,25496,12301,13195,6374,3112,3262,
63765,25501,12190,13311,44625,21426,23199,50998,24560,26438,44623,21355,23268,25497,12302,13195,6375,3113,3262,
63770,25504,12190,13314,44629,21429,23200,51005,24563,26442,44627,21356,23271,25500,12305,13195,6375,3113,3262,
63775,25505,12191,13314,44632,21431,23201,51006,24563,26443,44630,21358,23272,25501,12306,13195,6376,3113,3263,
63780,25508,12194,13314,44636,21434,23202,51013,24568,26445,44634,21359,23275,25504,12307,13197,6376,3113,3263,
63785,25509,12194,13315,44639,21436,23203,51014,24569,26445,44637,21360,23277,25505,12307,13198,6377,3113,3264,
63790,25512,12196,13316,44643,21439,23204,51021,24572,26449,44641,21363,23278,25508,12310,13198,6377,3113,3264,
63795,25513,12196,13317,44646,21440,23206,51022,24573,26449,44644,21366,23278,25509,12310,13199,6378,3114,3264,
63800,25516,12199,13317,44650,21442,23208,51029,24577,26452,44648,21368,23280,25512,12312,13200,6378,3114,3264,
63805,25517,12199,13318,44653,21444,23209,51030,24578,26452,44651,21370,23281,25513,12312,13201,6379,3114,3265,
63810,25520,12201,13319,44657,21446,23211,51037,24580,26457,44655,21372,23283,25516,12313,13203,6379,3114,3265,
63815,25521,12201,13320,44660,21449,23211,51038,24581,26457,44658,21373,23285,25517,12314,13203,6380,3114,3266,
63820,25524,12201,13323,44664,21452,23212,51045,24586,26459,44662,21375,23287,25520,12315,13205,6380,3114,3266,
63825,25525,12202,13323,44667,21455,23212,51046,24587,26459,44665,21377,23288,25521,12315,13206,6381,3115,3266,
63830,25528,12203,13325,44671,21456,23215,51053,24591,26462,44669,21377,23292,25524,12317,13207,6381,3115,3266,
63835,25529,12204,13325,44674,21457,23217,51054,24592,26462,44672,21379,23293,25525,12318,13207,6382,3115,3267,
63840,25532,12205,13327,44678,21457,23221,51061,24594,26467,44676,21380,23296,25528,12319,13209,6382,3115,3267,
63845,25533,12205,13328,44681,21457,23224,51062,24594,26468,44679,21380,23299,25529,12319,13210,6383,3116,3267,
63850,25536,12206,13330,44685,21459,23226,51069,24598,26471,44683,21382,23301,25532,12321,13211,6383,3116,3267,
63855,25537,12206,13331,44688,21461,23227,51070,24599,26471,44686,21383,23303,25533,12322,13211,6384,3116,3268,
63860,25540,12208,13332,44692,21463,23229,51077,24602,26475,44690,21385,23305,25536,12322,13214,6384,3116,3268,
63865,25541,12208,13333,44695,21464,23231,51078,24603,26475,44693,21387,23306,25537,12323,13214,6385,3117,3268,
63870,25544,12209,13335,44699,21468,23231,51085,24605,26480,44697,21389,23308,25540,12326,13214,6385,3117,3268,
63875,25545,12209,13336,44702,21471,23231,51086,24605,26481,44700,21389,23311,25541,12326,13215,6386,3118,3268,
63880,25548,12210,13338,44706,21475,23231,51093,24609,26484,44704,21392,23312,25544,12327,13217,6386,3118,3268,
63885,25549,12210,13339,44709,21475,23234,51094,24610,26484,44707,21393,23314,25545,12327,13218,6387,3119,3268,
63890,25552,12211,13341,44713,21476,23237,51101,24612,26489,44711,21394,23317,25548,12328,13220,6387,3119,3268,
63895,25553,12212,13341,44716,21477,23239,51102,24612,26490,44714,21396,23318,25549,12329,13220,6388,3120,3268,
63900,25556,12213,13343,44720,21481,23239,51109,24616,26493,44718,21398,23320,25552,12330,13222,6388,3120,3268,
63905,25557,12213,13344,44723,21483,23240,51110,24616,26494,44721,21399,23322,25553,12330,13223,6389,3120,3269,
63910,25560,12215,13345,44727,21485,23242,51117,24620,26497,44725,21400,23325,25556,12331,13225,6389,3120,3269,
63915,25561,12216,13345,44730,21486,23244,51118,24620,26498,44728,21401,23327,25557,12331,13226,6390,3120,3270,
63920,25564,12217,13347,44734,21487,23247,51125,24624,26501,44732,21404,23328,25560,12334,13226,6390,3120,3270,
63925,25565,12218,13347,44737,21489,23248,51126,24625,26501,44735,21406,23329,25561,12335,13226,6391,3120,3271,
63930,25568,12218,13350,44741,21490,23251,51133,24628,26505,44739,21409,23330,25564,12336,13228,6391,3120,3271,
63935,25569,12219,13350,44744,21491,23253,51134,24629,26505,44742,21411,23331,25565,12336,13229,6392,3120,3272,
63940,25572,12219,13353,44748,21494,23254,51141,24633,26508,44746,21413,23333,25568,12339,13229,6392,3120,3272,
63945,25573,12220,13353,44751,21495,23256,51142,24633,26509,44749,21415,23334,25569,12339,13230,6393,3120,3273,
63950,25576,12222,13354,44755,21497,23258,51149,24638,26511,44753,21416,23337,25572,12341,13231,6393,3120,3273,
63955,25577,12222,13355,44758,21498,23260,51150,24638,26512,44756,21417,23339,25573,12342,13231,6394,3121,3273,
63960,25580,12224,13356,44762,21499,23263,51157,24643,26514,44760,21419,23341,25576,12343,13233,6394,3121,3273,
63965,25581,12224,13357,44765,21500,23265,51158,24643,26515,44763,21421,23342,25577,12344,13233,6395,3121,3274,
63970,25584,12225,13359,44769,21502,23267,51165,24646,26519,44767,21422,23345,25580,12345,13235,6395,3121,3274,
63975,25585,12225,13360,44772,21502,23270,51166,24646,26520,44770,21423,23347,25581,12345,13236,6396,3121,3275,
63980,25588,12227,13361,44776,21504,23272,51173,24651,26522,44774,21426,23348,25584,12345,13239,6396,3121,3275,
63985,25589,12227,13362,44779,21505,23274,51174,24651,26523,44777,21428,23349,25585,12346,13239,6397,3122,3275,
63990,25592,12227,13365,44783,21506,23277,51181,24656,26525,44781,21429,23352,25588,12348,13240,6397,3122,3275,
63995,25593,12227,13366,44786,21507,23279,51182,24656,26526,44784,21432,23352,25589,12349,13240,6398,3122,3276,
64000,25596,12227,13369,44790,21507,23283,51189,24659,26530,44788,21435,23353,25592,12351,13241,6398,3122,3276,
64005,25597,12228,13369,44793,21508,23285,51190,24660,26530,44791,21437,23354,25593,12351,13242,6399,3122,3277,
64010,25600,12229,13371,44797,21510,23287,51197,24661,26536,44795,21439,23356,25596,12353,13243,6399,3122,3277,
64015,25601,12230,13371,44800,21512,23288,51198,24662,26536,44798,21441,23357,25597,12354,13243,6400,3123,3277,
64020,25604,12232,13372,44804,21515,23289,51205,24665,26540,44802,21442,23360,25600,12355,13245,6400,3123,3277,
64025,25605,12233,13372,44807,21517,23290,51206,24665,26541,44805,21444,23361,25601,12356,13245,6401,3123,3278,
64030,25608,12235,13373,44811,21518,23293,51213,24670,26543,44809,21446,23363,25604,12359,13245,6401,3123,3278,
64035,25609,12236,13373,44814,21520,23294,51214,24671,26543,44812,21448,23364,25605,12359,13246,6402,3124,3278,
64040,25612,12238,13374,44818,21521,23297,51221,24674,26547,44816,21451,23365,25608,12361,13247,6402,3124,3278,
64045,25613,12238,13375,44821,21522,23299,51222,24675,26547,44819,21452,23367,25609,12362,13247,6403,3124,3279,
64050,25616,12238,13378,44825,21524,23301,51229,24680,26549,44823,21453,23370,25612,12363,13249,6403,3124,3279,
64055,25617,12238,13379,44828,21524,23304,51230,24681,26549,44826,21454,23372,25613,12364,13249,6404,3124,3280,
64060,25620,12241,13379,44832,21525,23307,51237,24684,26553,44830,21456,23374,25616,12367,13249,6404,3124,3280,
64065,25621,12242,13379,44835,21528,23307,51238,24685,26553,44833,21459,23374,25617,12367,13250,6405,3125,3280,
64070,25624,12242,13382,44839,21529,23310,51245,24688,26557,44837,21460,23377,25620,12367,13253,6405,3125,3280,
64075,25625,12242,13383,44842,21531,23311,51246,24688,26558,44840,21461,23379,25621,12367,13254,6406,3126,3280,
64080,25628,12243,13385,44846,21535,23311,51253,24693,26560,44844,21461,23383,25624,12367,13257,6406,3126,3280,
64085,25629,12243,13386,44849,21536,23313,51254,24693,26561,44847,21461,23386,25625,12368,13257,6407,3127,3280,
64090,25632,12245,13387,44853,21536,23317,51261,24694,26567,44851,21463,23388,25628,12368,13260,6407,3127,3280,
64095,25633,12245,13388,44856,21537,23319,51262,24695,26567,44854,21465,23389,25629,12368,13261,6408,3128,3280,
64100,25636,12246,13390,44860,21539,23321,51269,24696,26573,44858,21467,23391,25632,12369,13263,6408,3128,3280,
64105,25637,12246,13391,44863,21540,23323,51270,24697,26573,44861,21469,23392,25633,12369,13264,6409,3129,3280,
64110,25640,12249,13391,44867,21542,23325,51277,24701,26576,44865,21470,23395,25636,12371,13265,6409,3129,3280,
64115,25641,12249,13392,44870,21544,23326,51278,24701,26577,44868,21473,23395,25637,12372,13265,6410,3129,3281,
64120,25644,12251,13393,44874,21547,23327,51285,24705,26580,44872,21476,23396,25640,12374,13266,6410,3129,3281,
64125,25645,12252,13393,44877,21549,23328,51286,24706,26580,44875,21478,23397,25641,12374,13267,6411,3130,3281,
64130,25648,12253,13395,44881,21551,23330,51293,24710,26583,44879,21479,23400,25644,12375,13269,6411,3130,3281,
64135,25649,12253,13396,44884,21552,23332,51294,24710,26584,44882,21480,23402,25645,12375,13270,6412,3131,3281,
64140,25652,12254,13398,44888,21552,23336,51301,24714,26587,44886,21483,23403,25648,12378,13270,6412,3131,3281,
64145,25653,12255,13398,44891,21552,23339,51302,24714,26588,44889,21485,23404,25649,12378,13271,6413,3132,3281,
64150,25656,12256,13400,44895,21553,23342,51309,24718,26591,44893,21486,23407,25652,12380,13272,6413,3132,3281,
64155,25657,12256,13401,44898,21555,23343,51310,24718,26592,44896,21486,23410,25653,12381,13272,6414,3132,3282,
64160,25660,12258,13402,44902,21556,23346,51317,24722,26595,44900,21488,23412,25656,12381,13275,6414,3132,3282,
64165,25661,12258,13403,44905,21559,23346,51318,24723,26595,44903,21489,23414,25657,12382,13275,6415,3133,3282,
64170,25664,12259,13405,44909,21560,23349,51325,24725,26600,44907,21490,23417,25660,12382,13278,6415,3133,3282,
64175,25665,12260,13405,44912,21562,23350,51326,24725,26601,44910,21491,23419,25661,12383,13278,6416,3134,3282,
64180,25668,12261,13407,44916,21564,23352,51333,24727,26606,44914,21492,23422,25664,12384,13280,6416,3134,3282,
64185,25669,12261,13408,44919,21567,23352,51334,24728,26606,44917,21495,23422,25665,12384,13281,6417,3134,3283,
64190,25672,12261,13411,44923,21568,23355,51341,24731,26610,44921,21497,23424,25668,12387,13281,6417,3134,3283,
64195,25673,12261,13412,44926,21569,23357,51342,24731,26611,44924,21497,23427,25669,12388,13281,6418,3134,3284,
64200,25676,12262,13414,44930,21569,23361,51349,24736,26613,44928,21500,23428,25672,12389,13283,6418,3134,3284,
64205,25677,12262,13415,44933,21569,23364,51350,24736,26614,44931,21502,23429,25673,12390,13283,6419,3134,3285,
64210,25680,12264,13416,44937,21570,23367,51357,24738,26619,44935,21505,23430,25676,12390,13286,6419,3134,3285,
64215,25681,12264,13417,44940,21573,23367,51358,24739,26619,44938,21506,23432,25677,12390,13287,6420,3135,3285,
64220,25684,12266,13418,44944,21575,23369,51365,24742,26623,44942,21508,23434,25680,12393,13287,6420,3135,3285,
64225,25685,12267,13418,44947,21576,23371,51366,24743,26623,44945,21510,23435,25681,12394,13287,6421,3135,3286,
64230,25688,12268,13420,44951,21578,23373,51373,24749,26624,44949,21512,23437,25684,12395,13289,6421,3135,3286,
64235,25689,12269,13420,44954,21580,23374,51374,24750,26624,44952,21513,23439,25685,12395,13290,6422,3135,3287,
64240,25692,12272,13420,44958,21581,23377,51381,24752,26629,44956,21515,23441,25688,12396,13292,6422,3135,3287,
64245,25693,12273,13420,44961,21583,23378,51382,24753,26629,44959,21517,23442,25689,12396,13293,6423,3135,3288,
64250,25696,12274,13422,44965,21585,23380,51389,24757,26632,44963,21521,23442,25692,12399,13293,6423,3135,3288,
64255,25697,12275,13422,44968,21586,23382,51390,24758,26632,44966,21523,23443,25693,12400,13293,6424,3136,3288,
64260,25700,12275,13425,44972,21588,23384,51397,24763,26634,44970,21525,23445,25696,12403,13293,6424,3136,3288,
64265,25701,12276,13425,44975,21589,23386,51398,24764,26634,44973,21526,23447,25697,12403,13294,6425,3136,3289,
64270,25704,12276,13428,44979,21592,23387,51405,24765,26640,44977,21527,23450,25700,12404,13296,6425,3136,3289,
64275,25705,12277,13428,44982,21593,23389,51406,24766,26640,44980,21529,23451,25701,12405,13296,6426,3137,3289,
64280,25708,12278,13430,44986,21595,23391,51413,24769,26644,44984,21530,23454,25704,12406,13298,6426,3137,3289,
64285,25709,12279,13430,44989,21596,23393,51414,24770,26644,44987,21533,23454,25705,12406,13299,6427,3137,3290,
64290,25712,12280,13432,44993,21598,23395,51421,24773,26648,44991,21535,23456,25708,12408,13300,6427,3137,3290,
64295,25713,12280,13433,44996,21600,23396,51422,24774,26648,44994,21537,23457,25709,12409,13300,6428,3138,3290,
64300,25716,12283,13433,45000,21603,23397,51429,24775,26654,44998,21539,23459,25712,12410,13302,6428,3138,3290,
64305,25717,12284,13433,45003,21606,23397,51430,24775,26655,45001,21541,23460,25713,12410,13303,6429,3139,3290,
64310,25720,12287,13433,45007,21609,23398,51437,24780,26657,45005,21542,23463,25716,12412,13304,6429,3139,3290,
64315,25721,12288,13433,45010,21610,23400,51438,24780,26658,45008,21543,23465,25717,12413,13304,6430,3139,3291,
64320,25724,12289,13435,45014,21612,23402,51445,24782,26663,45012,21546,23466,25720,12413,13307,6430,3139,3291,
64325,25725,12290,13435,45017,21613,23404,51446,24782,26664,45015,21547,23468,25721,12414,13307,6431,3140,3291,
64330,25728,12292,13436,45021,21616,23405,51453,24785,26668,45019,21548,23471,25724,12417,13307,6431,3140,3291,
64335,25729,12292,13437,45024,21618,23406,51454,24786,26668,45022,21549,23473,25725,12417,13308,6432,3140,3292,
64340,25732,12293,13439,45028,21621,23407,51461,24791,26670,45026,21553,23473,25728,12420,13308,6432,3140,3292,
64345,25733,12294,13439,45031,21623,23408,51462,24792,26670,45029,21555,23474,25729,12421,13308,6433,3141,3292,
64350,25736,12295,13441,45035,21624,23411,51469,24794,26675,45033,21557,23476,25732,12424,13308,6433,3141,3292,
64355,25737,12295,13442,45038,21627,23411,51470,24794,26676,45036,21558,23478,25733,12424,13309,6434,3142,3292,
64360,25740,12295,13445,45042,21628,23414,51477,24796,26681,45040,21560,23480,25736,12427,13309,6434,3142,3292,
64365,25741,12295,13446,45045,21630,23415,51478,24797,26681,45043,21561,23482,25737,12428,13309,6435,3143,3292,
64370,25744,12295,13449,45049,21632,23417,51485,24802,26683,45047,21563,23484,25740,12430,13310,6435,3143,3292,
64375,25745,12296,13449,45052,21632,23420,51486,24802,26684,45050,21565,23485,25741,12431,13310,6436,3143,3293,
64380,25748,12296,13452,45056,21635,23421,51493,24806,26687,45054,21565,23489,25744,12431,13313,6436,3143,3293,
64385,25749,12296,13453,45059,21636,23423,51494,24806,26688,45057,21566,23491,25745,12432,13313,6437,3144,3293,
64390,25752,12299,13453,45063,21638,23425,51501,24810,26691,45061,21568,23493,25748,12432,13316,6437,3144,3293,
64395,25753,12300,13453,45066,21639,23427,51502,24810,26692,45064,21570,23494,25749,12432,13317,6438,3145,3293,
64400,25756,12301,13455,45070,21640,23430,51509,24814,26695,45068,21573,23495,25752,12433,13319,6438,3145,3293,
64405,25757,12302,13455,45073,21642,23431,51510,24814,26696,45071,21573,23498,25753,12434,13319,6439,3145,3294,
64410,25760,12304,13456,45077,21644,23433,51517,24819,26698,45075,21576,23499,25756,12436,13320,6439,3145,3294,
64415,25761,12305,13456,45080,21645,23435,51518,24820,26698,45078,21579,23499,25757,12436,13321,6440,3145,3295,
64420,25764,12306,13458,45084,21647,23437,51525,24825,26700,45082,21582,23500,25760,12437,13323,6440,3145,3295,
64425,25765,12306,13459,45087,21647,23440,51526,24826,26700,45085,21585,23500,25761,12437,13324,6441,3146,3295,
64430,25768,12308,13460,45091,21649,23442,51533,24830,26703,45089,21587,23502,25764,12438,13326,6441,3146,3295,
64435,25769,12309,13460,45094,21650,23444,51534,24831,26703,45092,21589,23503,25765,12438,13327,6442,3146,3296,
64440,25772,12311,13461,45098,21653,23445,51541,24834,26707,45096,21591,23505,25768,12439,13329,6442,3146,3296,
64445,25773,12312,13461,45101,21653,23448,51542,24834,26708,45099,21593,23506,25769,12440,13329,6443,3146,3297,
64450,25776,12313,13463,45105,21655,23450,51549,24837,26712,45103,21594,23509,25772,12442,13330,6443,3146,3297,
64455,25777,12314,13463,45108,21656,23452,51550,24837,26713,45106,21595,23511,25773,12443,13330,6444,3146,3298,
64460,25780,12315,13465,45112,21658,23454,51557,24840,26717,45110,21597,23513,25776,12446,13330,6444,3146,3298,
64465,25781,12315,13466,45115,21661,23454,51558,24840,26718,45113,21598,23515,25777,12446,13331,6445,3147,3298,
64470,25784,12317,13467,45119,21663,23456,51565,24844,26721,45117,21598,23519,25780,12448,13332,6445,3147,3298,
64475,25785,12318,13467,45122,21665,23457,51566,24844,26722,45120,21599,23521,25781,12449,13332,6446,3147,3299,
64480,25788,12319,13469,45126,21667,23459,51573,24849,26724,45124,21601,23523,25784,12450,13334,6446,3147,3299,
64485,25789,12320,13469,45129,21668,23461,51574,24850,26724,45127,21602,23525,25785,12451,13334,6447,3147,3300,
64490,25792,12322,13470,45133,21671,23462,51581,24855,26726,45131,21605,23526,25788,12451,13337,6447,3147,3300,
64495,25793,12323,13470,45136,21673,23463,51582,24856,26726,45134,21606,23528,25789,12451,13338,6448,3147,3301,
64500,25796,12326,13470,45140,21676,23464,51589,24859,26730,45138,21607,23531,25792,12453,13339,6448,3147,3301,
64505,25797,12327,13470,45143,21676,23467,51590,24860,26730,45141,21607,23534,25793,12454,13339,6449,3147,3302,
64510,25800,12328,13472,45147,21678,23469,51597,24863,26734,45145,21608,23537,25796,12456,13340,6449,3147,3302,
64515,25801,12328,13473,45150,21679,23471,51598,24863,26735,45148,21611,23537,25797,12457,13340,6450,3147,3303,
64520,25804,12329,13475,45154,21681,23473,51605,24865,26740,45152,21613,23539,25800,12459,13341,6450,3147,3303,
64525,25805,12329,13476,45157,21683,23474,51606,24866,26740,45155,21613,23542,25801,12459,13342,6451,3148,3303,
64530,25808,12330,13478,45161,21683,23478,51613,24871,26742,45159,21616,23543,25804,12460,13344,6451,3148,3303,
64535,25809,12331,13478,45164,21685,23479,51614,24871,26743,45162,21618,23544,25805,12461,13344,6452,3149,3303,
64540,25812,12332,13480,45168,21688,23480,51621,24875,26746,45166,21620,23546,25808,12462,13346,6452,3149,3303,
64545,25813,12332,13481,45171,21689,23482,51622,24876,26746,45169,21622,23547,25809,12462,13347,6453,3150,3303,
64550,25816,12334,13482,45175,21691,23484,51629,24881,26748,45173,21624,23549,25812,12462,13350,6453,3150,3303,
64555,25817,12335,13482,45178,21693,23485,51630,24881,26749,45176,21627,23549,25813,12462,13351,6454,3150,3304,
64560,25820,12337,13483,45182,21693,23489,51637,24884,26753,45180,21628,23552,25816,12463,13353,6454,3150,3304,
64565,25821,12338,13483,45185,21694,23491,51638,24885,26753,45183,21628,23555,25817,12463,13354,6455,3150,3305,
64570,25824,12339,13485,45189,21696,23493,51645,24890,26755,45187,21630,23557,25820,12464,13356,6455,3150,3305,
64575,25825,12339,13486,45192,21697,23495,51646,24891,26755,45190,21632,23558,25821,12464,13357,6456,3150,3306,
64580,25828,12340,13488,45196,21698,23498,51653,24895,26758,45194,21634,23560,25824,12465,13359,6456,3150,3306,
64585,25829,12340,13489,45199,21701,23498,51654,24896,26758,45197,21636,23561,25825,12466,13359,6457,3150,3307,
64590,25832,12341,13491,45203,21703,23500,51661,24899,26762,45201,21638,23563,25828,12468,13360,6457,3150,3307,
64595,25833,12342,13491,45206,21706,23500,51662,24899,26763,45204,21640,23564,25829,12469,13360,6458,3151,3307,
64600,25836,12343,13493,45210,21707,23503,51669,24902,26767,45208,21642,23566,25832,12470,13362,6458,3151,3307,
64605,25837,12344,13493,45213,21709,23504,51670,24903,26767,45211,21644,23567,25833,12471,13362,6459,3152,3307,
64610,25840,12346,13494,45217,21712,23505,51677,24905,26772,45215,21647,23568,25836,12473,13363,6459,3152,3307,
64615,25841,12346,13495,45220,21714,23506,51678,24906,26772,45218,21648,23570,25837,12473,13364,6460,3152,3308,
64620,25844,12347,13497,45224,21716,23508,51685,24907,26778,45222,21650,23572,25840,12475,13365,6460,3152,3308,
64625,25845,12347,13498,45227,21718,23509,51686,24907,26779,45225,21652,23573,25841,12475,13366,6461,3153,3308,
64630,25848,12347,13501,45231,21721,23510,51693,24910,26783,45229,21653,23576,25844,12477,13367,6461,3153,3308,
64635,25849,12347,13502,45234,21722,23512,51694,24911,26783,45232,21654,23578,25845,12477,13368,6462,3153,3309,
64640,25852,12349,13503,45238,21724,23514,51701,24913,26788,45236,21657,23579,25848,12479,13369,6462,3153,3309,
64645,25853,12349,13504,45241,21725,23516,51702,24914,26788,45239,21658,23581,25849,12480,13369,6463,3154,3309,
64650,25856,12350,13506,45245,21727,23518,51709,24918,26791,45243,21659,23584,25852,12481,13371,6463,3154,3309,
64655,25857,12350,13507,45248,21730,23518,51710,24919,26791,45246,21659,23587,25853,12482,13371,6464,3154,3310,
64660,25860,12351,13509,45252,21733,23519,51717,24921,26796,45250,21661,23589,25856,12483,13373,6464,3154,3310,
64665,25861,12352,13509,45255,21733,23522,51718,24921,26797,45253,21662,23591,25857,12483,13374,6465,3155,3310,
64670,25864,12355,13509,45259,21735,23524,51725,24923,26802,45257,21664,23593,25860,12485,13375,6465,3155,3310,
64675,25865,12355,13510,45262,21735,23527,51726,24923,26803,45260,21665,23595,25861,12485,13376,6466,3155,3311,
64680,25868,12356,13512,45266,21737,23529,51733,24925,26808,45264,21667,23597,25864,12487,13377,6466,3155,3311,
64685,25869,12357,13512,45269,21739,23530,51734,24925,26809,45267,21668,23599,25865,12488,13377,6467,3156,3311,
64690,25872,12359,13513,45273,21741,23532,51741,24927,26814,45271,21670,23601,25868,12489,13379,6467,3156,3311,
64695,25873,12359,13514,45276,21742,23534,51742,24928,26814,45274,21670,23604,25869,12489,13380,6468,3157,3311,
64700,25876,12360,13516,45280,21743,23537,51749,24931,26818,45278,21673,23605,25872,12490,13382,6468,3157,3311,
64705,25877,12360,13517,45283,21744,23539,51750,24931,26819,45281,21674,23607,25873,12491,13382,6469,3157,3312,
64710,25880,12361,13519,45287,21747,23540,51757,24933,26824,45285,21675,23610,25876,12493,13383,6469,3157,3312,
64715,25881,12362,13519,45290,21748,23542,51758,24933,26825,45288,21675,23613,25877,12494,13383,6470,3157,3313,
64720,25884,12363,13521,45294,21752,23542,51765,24936,26829,45292,21677,23615,25880,12495,13385,6470,3157,3313,
64725,25885,12363,13522,45297,21754,23543,51766,24936,26830,45295,21678,23617,25881,12496,13385,6471,3158,3313,
64730,25888,12365,13523,45301,21757,23544,51773,24940,26833,45299,21679,23620,25884,12498,13386,6471,3158,3313,
64735,25889,12365,13524,45304,21759,23545,51774,24941,26833,45302,21681,23621,25885,12499,13386,6472,3158,3314,
64740,25892,12367,13525,45308,21759,23549,51781,24945,26836,45306,21683,23623,25888,12502,13386,6472,3158,3314,
64745,25893,12367,13526,45311,21761,23550,51782,24946,26836,45309,21685,23624,25889,12502,13387,6473,3158,3315,
64750,25896,12368,13528,45315,21762,23553,51789,24949,26840,45313,21686,23627,25892,12503,13389,6473,3158,3315,
64755,25897,12369,13528,45318,21762,23556,51790,24949,26841,45316,21689,23627,25893,12503,13390,6474,3159,3315,
64760,25900,12370,13530,45322,21762,23560,51797,24953,26844,45320,21693,23627,25896,12505,13391,6474,3159,3315,
64765,25901,12371,13530,45325,21764,23561,51798,24953,26845,45323,21694,23629,25897,12506,13391,6475,3159,3316,
64770,25904,12372,13532,45329,21766,23563,51805,24956,26849,45327,21695,23632,25900,12506,13394,6475,3159,3316,
64775,25905,12373,13532,45332,21768,23564,51806,24957,26849,45330,21696,23634,25901,12506,13395,6476,3159,3317,
64780,25908,12376,13532,45336,21769,23567,51813,24959,26854,45334,21698,23636,25904,12508,13396,6476,3159,3317,
64785,25909,12377,13532,45339,21770,23569,51814,24960,26854,45337,21701,23636,25905,12509,13396,6477,3160,3317,
64790,25912,12379,13533,45343,21773,23570,51821,24963,26858,45341,21703,23638,25908,12510,13398,6477,3160,3317,
64795,25913,12380,13533,45346,21775,23571,51822,24963,26859,45344,21704,23640,25909,12511,13398,6478,3161,3317,
64800,25916,12381,13535,45350,21778,23572,51829,24967,26862,45348,21705,23643,25912,12513,13399,6478,3161,3317,
64805,25917,12382,13535,45353,21778,23575,51830,24968,26862,45351,21706,23645,25913,12514,13399,6479,3162,3317,
64810,25920,12383,13537,45357,21779,23578,51837,24972,26865,45355,21707,23648,25916,12514,13402,6479,3162,3317,
64815,25921,12384,13537,45360,21781,23579,51838,24973,26865,45358,21708,23650,25917,12515,13402,6480,3162,3318,
64820,25924,12386,13538,45364,21783,23581,51845,24974,26871,45362,21709,23653,25920,12516,13404,6480,3162,3318,
64825,25925,12387,13538,45367,21785,23582,51846,24975,26871,45365,21712,23653,25921,12517,13404,6481,3162,3319,
64830,25928,12389,13539,45371,21787,23584,51853,24980,26873,45369,21716,23653,25924,12520,13404,6481,3162,3319,
64835,25929,12389,13540,45374,21788,23586,51854,24980,26874,45372,21719,23653,25925,12520,13405,6482,3163,3319,
64840,25932,12390,13542,45378,21790,23588,51861,24983,26878,45376,21721,23655,25928,12521,13407,6482,3163,3319,
64845,25933,12390,13543,45381,21791,23590,51862,24983,26879,45379,21721,23658,25929,12521,13408,6483,3163,3320,
64850,25936,12392,13544,45385,21795,23590,51869,24985,26884,45383,21724,23659,25932,12523,13409,6483,3163,3320,
64855,25937,12393,13544,45388,21796,23592,51870,24986,26884,45386,21725,23661,25933,12523,13410,6484,3163,3321,
64860,25940,12395,13545,45392,21799,23593,51877,24989,26888,45390,21728,23662,25936,12525,13411,6484,3163,3321,
64865,25941,12396,13545,45395,21801,23594,51878,24990,26888,45393,21730,23663,25937,12526,13411,6485,3164,3321,
64870,25944,12397,13547,45399,21803,23596,51885,24994,26891,45397,21732,23665,25940,12528,13412,6485,3164,3321,
64875,25945,12398,13547,45402,21804,23598,51886,24994,26892,45400,21735,23665,25941,12528,13413,6486,3164,3322,
64880,25948,12398,13550,45406,21805,23601,51893,24998,26895,45404,21738,23666,25944,12530,13414,6486,3164,3322,
64885,25949,12398,13551,45409,21807,23602,51894,24999,26895,45407,21741,23666,25945,12530,13415,6487,3164,3323,
64890,25952,12400,13552,45413,21808,23605,51901,25004,26897,45411,21743,23668,25948,12532,13416,6487,3164,3323,
64895,25953,12400,13553,45416,21809,23607,51902,25004,26898,45414,21744,23670,25949,12533,13416,6488,3165,3323,
64900,25956,12403,13553,45420,21811,23609,51909,25008,26901,45418,21748,23670,25952,12535,13417,6488,3165,3323,
64905,25957,12404,13553,45423,21814,23609,51910,25009,26901,45421,21750,23671,25953,12535,13418,6489,3165,3324,
64910,25960,12407,13553,45427,21815,23612,51917,25013,26904,45425,21753,23672,25956,12536,13420,6489,3165,3324,
64915,25961,12408,13553,45430,21816,23614,51918,25013,26905,45428,21755,23673,25957,12537,13420,6490,3166,3324,
64920,25964,12410,13554,45434,21818,23616,51925,25020,26905,45432,21756,23676,25960,12539,13421,6490,3166,3324,
64925,25965,12411,13554,45437,21819,23618,51926,25021,26905,45435,21758,23677,25961,12539,13422,6491,3166,3325,
64930,25968,12411,13557,45441,21821,23620,51933,25024,26909,45439,21761,23678,25964,12542,13422,6491,3166,3325,
64935,25969,12412,13557,45444,21823,23621,51934,25024,26910,45442,21764,23678,25965,12543,13422,6492,3166,3326,
64940,25972,12412,13560,45448,21826,23622,51941,25028,26913,45446,21766,23680,25968,12546,13422,6492,3166,3326,
64945,25973,12412,13561,45451,21827,23624,51942,25028,26914,45449,21769,23680,25969,12546,13423,6493,3166,3327,
64950,25976,12414,13562,45455,21830,23625,51949,25032,26917,45453,21772,23681,25972,12548,13424,6493,3166,3327,
64955,25977,12415,13562,45458,21830,23628,51950,25032,26918,45456,21773,23683,25973,12548,13425,6494,3167,3327,
64960,25980,12415,13565,45462,21833,23629,51957,25037,26920,45460,21775,23685,25976,12549,13427,6494,3167,3327,
64965,25981,12416,13565,45465,21835,23630,51958,25037,26921,45463,21776,23687,25977,12550,13427,6495,3167,3328,
64970,25984,12417,13567,45469,21837,23632,51965,25040,26925,45467,21779,23688,25980,12552,13428,6495,3167,3328,
64975,25985,12418,13567,45472,21837,23635,51966,25040,26926,45470,21780,23690,25981,12552,13429,6496,3167,3329,
64980,25988,12419,13569,45476,21837,23639,51973,25043,26930,45474,21781,23693,25984,12554,13430,6496,3167,3329,
64985,25989,12420,13569,45479,21838,23641,51974,25043,26931,45477,21782,23695,25985,12554,13431,6497,3168,3329,
64990,25992,12421,13571,45483,21840,23643,51981,25048,26933,45481,21784,23697,25988,12555,13433,6497,3168,3329,
64995,25993,12421,13572,45486,21841,23645,51982,25049,26933,45484,21787,23697,25989,12556,13433,6498,3168,3330,
65000,25996,12423,13573,45490,21841,23649,51989,25054,26935,45488,21790,23698,25992,12557,13435,6498,3168,3330,
65005,25997,12423,13574,45493,21843,23650,51990,25055,26935,45491,21792,23699,25993,12557,13436,6499,3169,3330,
65010,26000,12423,13577,45497,21845,23652,51997,25058,26939,45495,21793,23702,25996,12558,13438,6499,3169,3330,
65015,26001,12424,13577,45500,21847,23653,51998,25059,26939,45498,21794,23704,25997,12559,13438,6500,3170,3330,
65020,26004,12427,13577,45504,21849,23655,52005,25065,26940,45502,21797,23705,26000,12560,13440,6500,3170,3330,
65025,26005,12428,13577,45507,21852,23655,52006,25066,26940,45505,21800,23705,26001,12561,13440,6501,3170,3331,
65030,26008,12429,13579,45511,21854,23657,52013,25070,26943,45509,21801,23708,26004,12563,13441,6501,3170,3331,
65035,26009,12429,13580,45514,21857,23657,52014,25071,26943,45512,21803,23709,26005,12563,13442,6502,3170,3332,
65040,26012,12431,13581,45518,21859,23659,52021,25075,26946,45516,21806,23710,26008,12565,13443,6502,3170,3332,
65045,26013,12431,13582,45521,21860,23661,52022,25075,26947,45519,21808,23711,26009,12565,13444,6503,3170,3333,
65050,26016,12432,13584,45525,21863,23662,52029,25079,26950,45523,21811,23712,26012,12567,13445,6503,3170,3333,
65055,26017,12432,13585,45528,21863,23665,52030,25080,26950,45526,21812,23714,26013,12568,13445,6504,3171,3333,
65060,26020,12435,13585,45532,21863,23669,52037,25083,26954,45530,21813,23717,26016,12571,13445,6504,3171,3333,
65065,26021,12435,13586,45535,21864,23671,52038,25084,26954,45533,21815,23718,26017,12571,13446,6505,3172,3333,
65070,26024,12438,13586,45539,21867,23672,52045,25088,26957,45537,21817,23720,26020,12572,13448,6505,3172,3333,
65075,26025,12438,13587,45542,21868,23674,52046,25089,26957,45540,21818,23722,26021,12573,13448,6506,3173,3333,
65080,26028,12439,13589,45546,21870,23676,52053,25092,26961,45544,21821,23723,26024,12573,13451,6506,3173,3333,
65085,26029,12440,13589,45549,21872,23677,52054,25092,26962,45547,21821,23726,26025,12573,13452,6507,3174,3333,
65090,26032,12442,13590,45553,21873,23680,52061,25094,26967,45551,21822,23729,26028,12574,13454,6507,3174,3333,
65095,26033,12442,13591,45556,21873,23683,52062,25094,26968,45554,21824,23730,26029,12575,13454,6508,3174,3334,
65100,26036,12443,13593,45560,21876,23684,52069,25099,26970,45558,21828,23730,26032,12577,13455,6508,3174,3334,
65105,26037,12443,13594,45563,21878,23685,52070,25099,26971,45561,21830,23731,26033,12577,13456,6509,3174,3335,
65110,26040,12443,13597,45567,21880,23687,52077,25103,26974,45565,21833,23732,26036,12577,13459,6509,3174,3335,
65115,26041,12444,13597,45570,21882,23688,52078,25104,26974,45568,21835,23733,26037,12578,13459,6510,3175,3335,
65120,26044,12446,13598,45574,21885,23689,52085,25106,26979,45572,21837,23735,26040,12580,13460,6510,3175,3335,
65125,26045,12446,13599,45577,21886,23691,52086,25107,26979,45575,21839,23736,26041,12581,13460,6511,3175,3336,
65130,26048,12447,13601,45581,21887,23694,52093,25109,26984,45579,21842,23737,26044,12583,13461,6511,3175,3336,
65135,26049,12447,13602,45584,21889,23695,52094,25110,26984,45582,21844,23738,26045,12583,13462,6512,3175,3337,
65140,26052,12450,13602,45588,21890,23698,52101,25112,26989,45586,21846,23740,26048,12583,13465,6512,3175,3337,
65145,26053,12450,13603,45591,21892,23699,52102,25113,26989,45589,21847,23742,26049,12583,13466,6513,3175,3338,
65150,26056,12451,13605,45595,21896,23699,52109,25117,26992,45593,21847,23746,26052,12584,13468,6513,3175,3338,
65155,26057,12451,13606,45598,21899,23699,52110,25117,26993,45596,21848,23748,26053,12584,13469,6514,3175,3339,
65160,26060,12452,13608,45602,21902,23700,52117,25121,26996,45600,21851,23749,26056,12585,13471,6514,3175,3339,
65165,26061,12452,13609,45605,21903,23702,52118,25122,26996,45603,21853,23750,26057,12586,13471,6515,3175,3340,
65170,26064,12452,13612,45609,21906,23703,52125,25126,26999,45607,21855,23752,26060,12588,13472,6515,3175,3340,
65175,26065,12453,13612,45612,21907,23705,52126,25126,27000,45610,21857,23753,26061,12588,13473,6516,3175,3341,
65180,26068,12454,13614,45616,21910,23706,52133,25129,27004,45614,21858,23756,26064,12589,13475,6516,3175,3341,
65185,26069,12455,13614,45619,21913,23706,52134,25129,27005,45617,21859,23758,26065,12590,13475,6517,3175,3342,
65190,26072,12455,13617,45623,21915,23708,52141,25133,27008,45621,21861,23760,26068,12593,13475,6517,3175,3342,
65195,26073,12455,13618,45626,21917,23709,52142,25134,27008,45624,21863,23761,26069,12593,13476,6518,3175,3343,
65200,26076,12455,13621,45630,21920,23710,52149,25138,27011,45628,21865,23763,26072,12595,13477,6518,3175,3343,
65205,26077,12455,13622,45633,21920,23713,52150,25139,27011,45631,21866,23765,26073,12595,13478,6519,3175,3344,
65210,26080,12456,13624,45637,21922,23715,52157,25142,27015,45635,21868,23767,26076,12597,13479,6519,3175,3344,
65215,26081,12456,13625,45640,21924,23716,52158,25143,27015,45638,21870,23768,26077,12598,13479,6520,3175,3345,
65220,26084,12458,13626,45644,21925,23719,52165,25145,27020,45642,21870,23772,26080,12599,13481,6520,3175,3345,
65225,26085,12459,13626,45647,21927,23720,52166,25145,27021,45645,21872,23773,26081,12599,13482,6521,3176,3345,
65230,26088,12462,13626,45651,21930,23721,52173,25146,27027,45649,21874,23775,26084,12602,13482,6521,3176,3345,
65235,26089,12463,13626,45654,21933,23721,52174,25146,27028,45652,21876,23776,26085,12603,13482,6522,3177,3345,
65240,26092,12464,13628,45658,21936,23722,52181,25148,27033,45656,21877,23779,26088,12605,13483,6522,3177,3345,
65245,26093,12464,13629,45661,21937,23724,52182,25148,27034,45659,21878,23781,26089,12606,13483,6523,3178,3345,
65250,26096,12466,13630,45665,21938,23727,52189,25150,27039,45663,21879,23784,26092,12608,13484,6523,3178,3345,
65255,26097,12466,13631,45668,21941,23727,52190,25151,27039,45666,21880,23786,26093,12608,13485,6524,3178,3346,
65260,26100,12468,13632,45672,21944,23728,52197,25153,27044,45670,21883,23787,26096,12608,13488,6524,3178,3346,
65265,26101,12468,13633,45675,21946,23729,52198,25154,27044,45673,21885,23788,26097,12608,13489,6525,3179,3346,
65270,26104,12470,13634,45679,21949,23730,52205,25157,27048,45677,21886,23791,26100,12610,13490,6525,3179,3346,
65275,26105,12470,13635,45682,21951,23731,52206,25157,27049,45680,21886,23794,26101,12610,13491,6526,3179,3347,
65280,26108,12471,13637,45686,21953,23733,52213,25159,27054,45684,21888,23796,26104,12610,13494,6526,3179,3347,
65285,26109,12472,13637,45689,21954,23735,52214,25159,27055,45687,21890,23797,26105,12610,13495,6527,3179,3348,
65290,26112,12473,13639,45693,21955,23738,52221,25163,27058,45691,21893,23798,26108,12611,13497,6527,3179,3348,
65295,26113,12474,13639,45696,21955,23741,52222,25164,27058,45694,21895,23799,26109,12612,13497,6528,3179,3349,
65300,26116,12477,13639,45700,21957,23743,52229,25167,27062,45698,21897,23801,26112,12612,13500,6528,3179,3349,
65305,26117,12477,13640,45703,21959,23744,52230,25167,27063,45701,21900,23801,26113,12612,13501,6529,3180,3349,
65310,26120,12480,13640,45707,21962,23745,52237,25170,27067,45705,21902,23803,26116,12614,13502,6529,3180,3349,
65315,26121,12481,13640,45710,21962,23748,52238,25170,27068,45708,21903,23805,26117,12614,13503,6530,3180,3350,
65320,26124,12483,13641,45714,21964,23750,52245,25171,27074,45712,21906,23806,26120,12616,13504,6530,3180,3350,
65325,26125,12483,13642,45717,21964,23753,52246,25171,27075,45715,21907,23808,26121,12616,13505,6531,3180,3351,
65330,26128,12486,13642,45721,21965,23756,52253,25175,27078,45719,21909,23810,26124,12617,13507,6531,3180,3351,
65335,26129,12486,13643,45724,21968,23756,52254,25176,27078,45722,21911,23811,26125,12618,13507,6532,3180,3352,
65340,26132,12487,13645,45728,21970,23758,52261,25180,27081,45726,21915,23811,26128,12619,13509,6532,3180,3352,
65345,26133,12487,13646,45731,21972,23759,52262,25181,27081,45729,21917,23812,26129,12619,13510,6533,3180,3353,
65350,26136,12488,13648,45735,21974,23761,52269,25185,27084,45733,21917,23816,26132,12619,13513,6533,3180,3353,
65355,26137,12489,13648,45738,21975,23763,52270,25186,27084,45736,21919,23817,26133,12619,13514,6534,3181,3353,
65360,26140,12492,13648,45742,21977,23765,52277,25190,27087,45740,21920,23820,26136,12620,13516,6534,3181,3353,
65365,26141,12492,13649,45745,21978,23767,52278,25191,27087,45743,21922,23821,26137,12621,13516,6535,3182,3353,
65370,26144,12494,13650,45749,21980,23769,52285,25195,27090,45747,21924,23823,26140,12623,13517,6535,3182,3353,
65375,26145,12495,13650,45752,21980,23772,52286,25196,27090,45750,21925,23825,26141,12623,13518,6536,3183,3353,
65380,26148,12498,13650,45756,21983,23773,52293,25200,27093,45754,21928,23826,26144,12624,13520,6536,3183,3353,
65385,26149,12499,13650,45759,21985,23774,52294,25200,27094,45757,21928,23829,26145,12625,13520,6537,3184,3353,
65390,26152,12502,13650,45763,21989,23774,52301,25203,27098,45761,21930,23831,26148,12627,13521,6537,3184,3353,
65395,26153,12503,13650,45766,21990,23776,52302,25204,27098,45764,21932,23832,26149,12627,13522,6538,3184,3354,
65400,26156,12504,13652,45770,21991,23779,52309,25208,27101,45768,21934,23834,26152,12629,13523,6538,3184,3354,
65405,26157,12504,13653,45773,21992,23781,52310,25209,27101,45771,21936,23835,26153,12630,13523,6539,3185,3354,
65410,26160,12504,13656,45777,21994,23783,52317,25212,27105,45775,21938,23837,26156,12631,13525,6539,3185,3354,
65415,26161,12504,13657,45780,21995,23785,52318,25212,27106,45778,21940,23838,26157,12631,13526,6540,3185,3355,
65420,26164,12505,13659,45784,21998,23786,52325,25214,27111,45782,21942,23840,26160,12633,13527,6540,3185,3355,
65425,26165,12505,13660,45787,22000,23787,52326,25214,27112,45785,21943,23842,26161,12633,13528,6541,3186,3355,
65430,26168,12507,13661,45791,22003,23788,52333,25217,27116,45789,21945,23844,26164,12634,13530,6541,3186,3355,
65435,26169,12508,13661,45794,22006,23788,52334,25217,27117,45792,21947,23845,26165,12635,13530,6542,3187,3355,
65440,26172,12509,13663,45798,22007,23791,52341,25219,27122,45796,21949,23847,26168,12637,13531,6542,3187,3355,
65445,26173,12509,13664,45801,22009,23792,52342,25219,27123,45799,21952,23847,26169,12637,13532,6543,3187,3356,
65450,26176,12510,13666,45805,22010,23795,52349,25224,27125,45803,21953,23850,26172,12638,13534,6543,3187,3356,
65455,26177,12511,13666,45808,22011,23797,52350,25225,27125,45806,21955,23851,26173,12638,13535,6544,3188,3356,
65460,26180,12513,13667,45812,22012,23800,52357,25231,27126,45810,21957,23853,26176,12638,13538,6544,3188,3356,
65465,26181,12514,13667,45815,22013,23802,52358,25231,27127,45813,21958,23855,26177,12639,13538,6545,3188,3357,
65470,26184,12516,13668,45819,22014,23805,52365,25235,27130,45817,21960,23857,26180,12642,13538,6545,3188,3357,
65475,26185,12517,13668,45822,22014,23808,52366,25236,27130,45820,21962,23858,26181,12643,13538,6546,3188,3358,
65480,26188,12520,13668,45826,22017,23809,52373,25237,27136,45824,21964,23860,26184,12644,13540,6546,3188,3358,
65485,26189,12521,13668,45829,22018,23811,52374,25238,27136,45827,21966,23861,26185,12644,13541,6547,3189,3358,
65490,26192,12523,13669,45833,22022,23811,52381,25242,27139,45831,21968,23863,26188,12647,13541,6547,3189,3358,
65495,26193,12523,13670,45836,22024,23812,52382,25242,27140,45834,21968,23866,26189,12647,13542,6548,3190,3358,
65500,26196,12526,13670,45840,22027,23813,52389,25247,27142,45838,21969,23869,26192,12649,13543,6548,3190,3358,
65505,26197,12526,13671,45843,22029,23814,52390,25247,27143,45841,21971,23870,26193,12649,13544,6549,3190,3359,
65510,26200,12527,13673,45847,22031,23816,52397,25251,27146,45845,21973,23872,26196,12651,13545,6549,3190,3359,
65515,26201,12527,13674,45850,22034,23816,52398,25251,27147,45848,21973,23875,26197,12651,13546,6550,3190,3360,
65520,26204,12528,13676,45854,22035,23819,52405,25256,27149,45852,21975,23877,26200,12654,13546,6550,3190,3360,
65525,26205,12529,13676,45857,22035,23822,52406,25256,27150,45855,21976,23879,26201,12655,13546,6551,3190,3361,
65530,26208,12529,13679,45861,22037,23824,52413,25258,27155,45859,21977,23882,26204,12656,13548,6551,3190,3361,
65535,26209,12530,13679,45864,22038,23826,52414,25258,27156,45862,21978,23884,26205,12657,13548,6552,3190,3362,
65540,26212,12531,13681,45868,22038,23830,52421,25261,27160,45866,21979,23887,26208,12658,13550,6552,3190,3362,
65545,26213,12532,13681,45871,22039,23832,52422,25261,27161,45869,21980,23889,26209,12659,13550,6553,3190,3363,
65550,26216,12534,13682,45875,22042,23833,52429,25262,27167,45873,21981,23892,26212,12662,13550,6553,3190,3363,
65555,26217,12534,13683,45878,22045,23833,52430,25262,27168,45876,21984,23892,26213,12662,13551,6554,3190,3364,
65560,26220,12535,13685,45882,22049,23833,52437,25265,27172,45880,21985,23895,26216,12662,13554,6554,3190,3364,
65565,26221,12535,13686,45885,22051,23834,52438,25266,27172,45883,21986,23897,26217,12663,13554,6555,3191,3364,
65570,26224,12536,13688,45889,22052,23837,52445,25270,27175,45887,21988,23899,26220,12664,13556,6555,3191,3364,
65575,26225,12537,13688,45892,22054,23838,52446,25271,27175,45890,21988,23902,26221,12664,13557,6556,3191,3365,
65580,26228,12540,13688,45896,22054,23842,52453,25278,27175,45894,21991,23903,26224,12665,13559,6556,3191,3365,
65585,26229,12541,13688,45899,22054,23845,52454,25278,27176,45897,21992,23905,26225,12666,13559,6557,3192,3365,
65590,26232,12542,13690,45903,22056,23847,52461,25281,27180,45901,21996,23905,26228,12667,13561,6557,3192,3365,
65595,26233,12542,13691,45906,22057,23849,52462,25282,27180,45904,21997,23907,26229,12667,13562,6558,3192,3366,
65600,26236,12544,13692,45910,22060,23850,52469,25284,27185,45908,21998,23910,26232,12670,13562,6558,3192,3366,
65605,26237,12544,13693,45913,22060,23853,52470,25284,27186,45911,21999,23912,26233,12671,13562,6559,3193,3366,
65610,26240,12545,13695,45917,22063,23854,52477,25287,27190,45915,22001,23914,26236,12672,13564,6559,3193,3366,
65615,26241,12545,13696,45920,22065,23855,52478,25288,27190,45918,22001,23917,26237,12672,13565,6560,3194,3366,
65620,26244,12546,13698,45924,22068,23856,52485,25292,27193,45922,22004,23918,26240,12672,13568,6560,3194,3366,
65625,26245,12546,13699,45927,22069,23858,52486,25293,27193,45925,22005,23920,26241,12672,13569,6561,3194,3367,
65630,26248,12547,13701,45931,22070,23861,52493,25295,27198,45929,22007,23922,26244,12672,13572,6561,3194,3367,
65635,26249,12547,13702,45934,22072,23862,52494,25296,27198,45932,22008,23924,26245,12672,13573,6562,3195,3367,
65640,26252,12548,13704,45938,22073,23865,52501,25300,27201,45936,22009,23927,26248,12673,13575,6562,3195,3367,
65645,26253,12548,13705,45941,22075,23866,52502,25301,27201,45939,22011,23928,26249,12674,13575,6563,3196,3367,
65650,26256,12550,13706,45945,22077,23868,52509,25303,27206,45943,22012,23931,26252,12677,13575,6563,3196,3367,
65655,26257,12550,13707,45948,22078,23870,52510,25304,27206,45946,22013,23933,26253,12678,13575,6564,3197,3367,
65660,26260,12551,13709,45952,22080,23872,52517,25308,27209,45950,22016,23934,26256,12679,13577,6564,3197,3367,
65665,26261,12552,13709,45955,22081,23874,52518,25308,27210,45953,22019,23934,26257,12679,13578,6565,3197,3368,
65670,26264,12553,13711,45959,22084,23875,52525,25310,27215,45957,22019,23938,26260,12680,13580,6565,3197,3368,
65675,26265,12553,13712,45962,22084,23878,52526,25310,27216,45960,22021,23939,26261,12681,13580,6566,3197,3369,
65680,26268,12555,13713,45966,22085,23881,52533,25313,27220,45964,22022,23942,26264,12684,13580,6566,3197,3369,
65685,26269,12556,13713,45969,22086,23883,52534,25314,27220,45967,22024,23943,26265,12684,13581,6567,3198,3369,
65690,26272,12557,13715,45973,22087,23886,52541,25319,27222,45971,22026,23945,26268,12686,13582,6567,3198,3369,
65695,26273,12558,13715,45976,22088,23888,52542,25319,27223,45974,22027,23947,26269,12686,13583,6568,3198,3370,
65700,26276,12559,13717,45980,22090,23890,52549,25320,27229,45978,22030,23948,26272,12688,13584,6568,3198,3370,
65705,26277,12560,13717,45983,22093,23890,52550,25320,27230,45981,22032,23949,26273,12689,13584,6569,3198,3371,
65710,26280,12563,13717,45987,22095,23892,52557,25326,27231,45985,22032,23953,26276,12692,13584,6569,3198,3371,
65715,26281,12564,13717,45990,22098,23892,52558,25327,27231,45988,22032,23956,26277,12692,13585,6570,3198,3372,
65720,26284,12566,13718,45994,22099,23895,52565,25332,27233,45992,22035,23957,26280,12694,13586,6570,3198,3372,
65725,26285,12566,13719,45997,22101,23896,52566,25332,27234,45995,22037,23958,26281,12694,13587,6571,3198,3373,
65730,26288,12569,13719,46001,22102,23899,52573,25334,27239,45999,22039,23960,26284,12697,13587,6571,3198,3373,
65735,26289,12570,13719,46004,22104,23900,52574,25334,27240,46002,22040,23962,26285,12698,13587,6572,3199,3373,
65740,26292,12571,13721,46008,22106,23902,52581,25336,27245,46006,22041,23965,26288,12700,13588,6572,3199,3373,
65745,26293,12571,13722,46011,22108,23903,52582,25337,27245,46009,22043,23966,26289,12701,13588,6573,3199,3374,
65750,26296,12571,13725,46015,22110,23905,52589,25340,27249,46013,22044,23969,26292,12702,13590,6573,3199,3374,
65755,26297,12572,13725,46018,22110,23908,52590,25340,27250,46016,22046,23970,26293,12702,13591,6574,3200,3374,
65760,26300,12572,13728,46022,22112,23910,52597,25345,27252,46020,22048,23972,26296,12703,13593,6574,3200,3374,
65765,26301,12573,13728,46025,22114,23911,52598,25345,27253,46023,22050,23973,26297,12704,13593,6575,3200,3375,
65770,26304,12574,13730,46029,22115,23914,52605,25349,27256,46027,22052,23975,26300,12706,13594,6575,3200,3375,
65775,26305,12574,13731,46032,22118,23914,52606,25350,27256,46030,22055,23975,26301,12706,13595,6576,3200,3376,
65780,26308,12574,13734,46036,22121,23915,52613,25355,27258,46034,22055,23979,26304,12708,13596,6576,3200,3376,
65785,26309,12575,13734,46039,22122,23917,52614,25355,27259,46037,22056,23981,26305,12709,13596,6577,3201,3376,
65790,26312,12577,13735,46043,22124,23919,52621,25358,27263,46041,22056,23985,26308,12711,13597,6577,3201,3376,
65795,26313,12577,13736,46046,22125,23921,52622,25359,27263,46044,22057,23987,26309,12711,13598,6578,3202,3376,
65800,26316,12579,13737,46050,22125,23925,52629,25361,27268,46048,22059,23989,26312,12713,13599,6578,3202,3376,
65805,26317,12579,13738,46053,22125,23928,52630,25361,27269,46051,22060,23991,26313,12713,13600,6579,3203,3376,
65810,26320,12581,13739,46057,22126,23931,52637,25365,27272,46055,22061,23994,26316,12716,13600,6579,3203,3376,
65815,26321,12582,13739,46060,22126,23934,52638,25366,27272,46058,22063,23995,26317,12717,13600,6580,3204,3376,
65820,26324,12582,13742,46064,22128,23936,52645,25368,27277,46062,22063,23999,26320,12718,13602,6580,3204,3376,
65825,26325,12583,13742,46067,22129,23938,52646,25369,27277,46065,22065,24000,26321,12719,13602,6581,3204,3377,
65830,26328,12583,13745,46071,22131,23940,52653,25371,27282,46069,22066,24003,26324,12721,13603,6581,3204,3377,
65835,26329,12584,13745,46074,22132,23942,52654,25372,27282,46072,22066,24006,26325,12721,13604,6582,3205,3377,
65840,26332,12586,13746,46078,22134,23944,52661,25377,27284,46076,22066,24010,26328,12722,13606,6582,3205,3377,
65845,26333,12587,13746,46081,22135,23946,52662,25378,27284,46079,22069,24010,26329,12723,13606,6583,3205,3378,
65850,26336,12588,13748,46085,22139,23946,52669,25379,27290,46083,22072,24011,26332,12725,13607,6583,3205,3378,
65855,26337,12589,13748,46088,22142,23946,52670,25380,27290,46086,22075,24011,26333,12726,13607,6584,3205,3379,
65860,26340,12592,13748,46092,22142,23950,52677,25386,27291,46090,22076,24014,26336,12728,13608,6584,3205,3379,
65865,26341,12593,13748,46095,22144,23951,52678,25386,27292,46093,22077,24016,26337,12729,13608,6585,3206,3379,
65870,26344,12595,13749,46099,22146,23953,52685,25389,27296,46097,22078,24019,26340,12732,13608,6585,3206,3379,
65875,26345,12596,13749,46102,22148,23954,52686,25389,27297,46100,22081,24019,26341,12733,13608,6586,3206,3380,
65880,26348,12598,13750,46106,22150,23956,52693,25391,27302,46104,22083,24021,26344,12736,13608,6586,3206,3380,
65885,26349,12599,13750,46109,22153,23956,52694,25392,27302,46107,22083,24024,26345,12737,13608,6587,3207,3380,
65890,26352,12601,13751,46113,22154,23959,52701,25398,27303,46111,22085,24026,26348,12738,13610,6587,3207,3380,
65895,26353,12602,13751,46116,22156,23960,52702,25399,27303,46114,22086,24028,26349,12738,13611,6588,3208,3380,
65900,26356,12603,13753,46120,22158,23962,52709,25403,27306,46118,22088,24030,26352,12740,13612,6588,3208,3380,
65905,26357,12604,13753,46123,22160,23963,52710,25403,27307,46121,22089,24032,26353,12741,13612,6589,3209,3380,
65910,26360,12605,13755,46127,22163,23964,52717,25405,27312,46125,22092,24033,26356,12742,13614,6589,3209,3380,
65915,26361,12605,13756,46130,22165,23965,52718,25405,27313,46128,22094,24034,26357,12742,13615,6590,3210,3380,
65920,26364,12607,13757,46134,22166,23968,52725,25410,27315,46132,22094,24038,26360,12743,13617,6590,3210,3380,
65925,26365,12608,13757,46137,22167,23970,52726,25410,27316,46135,22095,24040,26361,12743,13618,6591,3211,3380,
65930,26368,12608,13760,46141,22169,23972,52733,25412,27321,46139,22097,24042,26364,12746,13618,6591,3211,3380,
65935,26369,12609,13760,46144,22169,23975,52734,25412,27322,46142,22099,24043,26365,12746,13619,6592,3212,3380,
65940,26372,12610,13762,46148,22170,23978,52741,25416,27325,46146,22101,24045,26368,12748,13620,6592,3212,3380,
65945,26373,12610,13763,46151,22172,23979,52742,25417,27325,46149,22102,24047,26369,12749,13620,6593,3213,3380,
65950,26376,12610,13766,46155,22174,23981,52749,25421,27328,46153,22105,24048,26372,12751,13621,6593,3213,3380,
65955,26377,12610,13767,46158,22176,23982,52750,25422,27328,46156,22108,24048,26373,12752,13621,6594,3213,3381,
65960,26380,12612,13768,46162,22178,23984,52757,25428,27329,46160,22110,24050,26376,12754,13622,6594,3213,3381,
65965,26381,12612,13769,46165,22178,23987,52758,25428,27330,46163,22110,24053,26377,12754,13623,6595,3214,3381,
65970,26384,12614,13770,46169,22179,23990,52765,25432,27333,46167,22113,24054,26380,12755,13625,6595,3214,3381,
65975,26385,12615,13770,46172,22182,23990,52766,25433,27333,46170,22115,24055,26381,12755,13626,6596,3214,3382,
65980,26388,12618,13770,46176,22183,23993,52773,25435,27338,46174,22118,24056,26384,12756,13628,6596,3214,3382,
65985,26389,12618,13771,46179,22183,23996,52774,25436,27338,46177,22119,24058,26385,12757,13628,6597,3214,3383,
65990,26392,12619,13773,46183,22186,23997,52781,25440,27341,46181,22121,24060,26388,12758,13630,6597,3214,3383,
65995,26393,12620,13773,46186,22186,24000,52782,25440,27342,46184,22121,24063,26389,12758,13631,6598,3214,3384,
66000,26396,12622,13774,46190,22187,24003,52789,25444,27345,46188,22123,24065,26392,12760,13632,6598,3214,3384,
66005,26397,12623,13774,46193,22189,24004,52790,25444,27346,46191,22125,24066,26393,12761,13632,6599,3215,3384,
66010,26400,12624,13776,46197,22191,24006,52797,25446,27351,46195,22127,24068,26396,12762,13634,6599,3215,3384,
66015,26401,12625,13776,46200,22192,24008,52798,25446,27352,46198,22128,24070,26397,12762,13635,6600,3215,3385,
66020,26404,12625,13779,46204,22193,24011,52805,25450,27355,46202,22130,24072,26400,12764,13636,6600,3215,3385,
66025,26405,12625,13780,46207,22195,24012,52806,25450,27356,46205,22131,24074,26401,12764,13637,6601,3216,3385,
66030,26408,12626,13782,46211,22197,24014,52813,25451,27362,46209,22135,24074,26404,12765,13639,6601,3216,3385,
66035,26409,12627,13782,46214,22197,24017,52814,25452,27362,46212,22136,24076,26405,12765,13640,6602,3217,3385,
66040,26412,12628,13784,46218,22200,24018,52821,25454,27367,46216,22136,24080,26408,12767,13641,6602,3217,3385,
66045,26413,12629,13784,46221,22200,24021,52822,25454,27368,46219,22138,24081,26409,12767,13642,6603,3218,3385,
66050,26416,12630,13786,46225,22203,24022,52829,25458,27371,46223,22139,24084,26412,12767,13645,6603,3218,3385,
66055,26417,12631,13786,46228,22206,24022,52830,25459,27371,46226,22140,24086,26413,12767,13646,6604,3219,3385,
66060,26420,12633,13787,46232,22209,24023,52837,25460,27377,46230,22141,24089,26416,12769,13647,6604,3219,3385,
66065,26421,12634,13787,46235,22212,24023,52838,25460,27378,46233,22142,24091,26417,12769,13648,6605,3219,3386,
66070,26424,12636,13788,46239,22212,24027,52845,25463,27382,46237,22144,24093,26420,12769,13651,6605,3219,3386,
66075,26425,12636,13789,46242,22213,24029,52846,25463,27383,46240,22147,24093,26421,12770,13651,6606,3220,3386,
66080,26428,12637,13791,46246,22214,24032,52853,25468,27385,46244,22149,24095,26424,12771,13653,6606,3220,3386,
66085,26429,12637,13792,46249,22216,24033,52854,25469,27385,46247,22149,24098,26425,12772,13653,6607,3221,3386,
66090,26432,12639,13793,46253,22218,24035,52861,25476,27385,46251,22152,24099,26428,12774,13654,6607,3221,3386,
66095,26433,12640,13793,46256,22219,24037,52862,25477,27385,46254,22154,24100,26429,12774,13655,6608,3221,3387,
66100,26436,12642,13794,46260,22220,24040,52869,25481,27388,46258,22157,24101,26432,12777,13655,6608,3221,3387,
66105,26437,12642,13795,46263,22222,24041,52870,25481,27389,46261,22159,24102,26433,12778,13655,6609,3221,3388,
66110,26440,12643,13797,46267,22223,24044,52877,25486,27391,46265,22161,24104,26436,12779,13657,6609,3221,3388,
66115,26441,12644,13797,46270,22225,24045,52878,25486,27392,46268,22162,24106,26437,12780,13657,6610,3222,3388,
66120,26444,12645,13799,46274,22229,24045,52885,25488,27397,46272,22162,24110,26440,12781,13659,6610,3222,3388,
66125,26445,12645,13800,46277,22231,24046,52886,25489,27397,46275,22163,24112,26441,12781,13660,6611,3222,3389,
66130,26448,12647,13801,46281,22232,24049,52893,25491,27402,46279,22163,24116,26444,12783,13661,6611,3222,3389,
66135,26449,12648,13801,46284,22233,24051,52894,25492,27402,46282,22164,24118,26445,12783,13662,6612,3222,3390,
66140,26452,12650,13802,46288,22236,24052,52901,25494,27407,46286,22166,24120,26448,12784,13664,6612,3222,3390,
66145,26453,12651,13802,46291,22237,24054,52902,25495,27407,46289,22168,24121,26449,12784,13665,6613,3222,3391,
66150,26456,12654,13802,46295,22239,24056,52909,25497,27412,46293,22172,24121,26452,12787,13665,6613,3222,3391,
66155,26457,12655,13802,46298,22240,24058,52910,25497,27413,46296,22173,24123,26453,12788,13665,6614,3223,3391,
66160,26460,12657,13803,46302,22242,24060,52917,25500,27417,46300,22177,24123,26456,12789,13667,6614,3223,3391,
66165,26461,12657,13804,46305,22242,24063,52918,25501,27417,46303,22178,24125,26457,12790,13667,6615,3224,3391,
66170,26464,12659,13805,46309,22244,24065,52925,25505,27420,46307,22181,24126,26460,12792,13668,6615,3224,3391,
66175,26465,12659,13806,46312,22246,24066,52926,25505,27421,46310,22182,24128,26461,12792,13669,6616,3224,3392,
66180,26468,12660,13808,46316,22247,24069,52933,25507,27426,46314,22185,24129,26464,12793,13671,6616,3224,3392,
66185,26469,12661,13808,46319,22248,24071,52934,25508,27426,46317,22187,24130,26465,12793,13672,6617,3225,3392,
66190,26472,12661,13811,46323,22251,24072,52941,25511,27430,46321,22189,24132,26468,12793,13675,6617,3225,3392,
66195,26473,12661,13812,46326,22251,24075,52942,25511,27431,46324,22190,24134,26469,12793,13676,6618,3226,3392,
66200,26476,12664,13812,46330,22253,24077,52949,25514,27435,46328,22194,24134,26472,12794,13678,6618,3226,3392,
66205,26477,12664,13813,46333,22254,24079,52950,25514,27436,46331,22196,24135,26473,12794,13679,6619,3226,3393,
66210,26480,12665,13815,46337,22256,24081,52957,25515,27442,46335,22199,24136,26476,12795,13681,6619,3226,3393,
66215,26481,12666,13815,46340,22256,24084,52958,25516,27442,46338,22200,24138,26477,12795,13682,6620,3226,3394,
66220,26484,12667,13817,46344,22258,24086,52965,25522,27443,46342,22201,24141,26480,12795,13685,6620,3226,3394,
66225,26485,12668,13817,46347,22260,24087,52966,25523,27443,46345,22202,24143,26481,12796,13685,6621,3227,3394,
66230,26488,12671,13817,46351,22263,24088,52973,25528,27445,46349,22204,24145,26484,12797,13687,6621,3227,3394,
66235,26489,12671,13818,46354,22265,24089,52974,25529,27445,46352,22206,24146,26485,12798,13687,6622,3228,3394,
66240,26492,12672,13820,46358,22267,24091,52981,25529,27452,46356,22207,24149,26488,12801,13687,6622,3228,3394,
66245,26493,12672,13821,46361,22269,24092,52982,25529,27453,46359,22209,24150,26489,12802,13687,6623,3228,3395,
66250,26496,12673,13823,46365,22270,24095,52989,25531,27458,46363,22211,24152,26492,12805,13687,6623,3228,3395,
66255,26497,12674,13823,46368,22272,24096,52990,25532,27458,46366,22213,24153,26493,12806,13687,6624,3228,3396,
66260,26500,12675,13825,46372,22273,24099,52997,25535,27462,46370,22217,24153,26496,12807,13689,6624,3228,3396,
66265,26501,12676,13825,46375,22274,24101,52998,25536,27462,46373,22218,24155,26497,12807,13690,6625,3229,3396,
66270,26504,12679,13825,46379,22274,24105,53005,25538,27467,46377,22220,24157,26500,12808,13692,6625,3229,3396,
66275,26505,12680,13825,46382,22275,24107,53006,25539,27467,46380,22221,24159,26501,12809,13692,6626,3229,3397,
66280,26508,12683,13825,46386,22275,24111,53013,25544,27469,46384,22222,24162,26504,12811,13693,6626,3229,3397,
66285,26509,12684,13825,46389,22276,24113,53014,25544,27470,46387,22224,24163,26505,12811,13694,6627,3229,3398,
66290,26512,12684,13828,46393,22278,24115,53021,25548,27473,46391,22224,24167,26508,12812,13696,6627,3229,3398,
66295,26513,12684,13829,46396,22279,24117,53022,25548,27474,46394,22224,24170,26509,12813,13696,6628,3229,3399,
66300,26516,12686,13830,46400,22282,24118,53029,25551,27478,46398,22227,24171,26512,12814,13698,6628,3229,3399,
66305,26517,12686,13831,46403,22285,24118,53030,25552,27478,46401,22228,24173,26513,12815,13698,6629,3229,3400,
66310,26520,12688,13832,46407,22289,24118,53037,25557,27480,46405,22229,24176,26516,12817,13699,6629,3229,3400,
66315,26521,12689,13832,46410,22290,24120,53038,25558,27480,46408,22231,24177,26517,12818,13699,6630,3229,3401,
66320,26524,12690,13834,46414,22292,24122,53045,25561,27484,46412,22235,24177,26520,12821,13699,6630,3229,3401,
66325,26525,12690,13835,46417,22293,24124,53046,25562,27484,46415,22236,24179,26521,12821,13700,6631,3229,3402,
66330,26528,12692,13836,46421,22294,24127,53053,25566,27487,46419,22238,24181,26524,12822,13702,6631,3229,3402,
66335,26529,12693,13836,46424,22295,24129,53054,25566,27488,46422,22240,24182,26525,12822,13703,6632,3230,3402,
66340,26532,12694,13838,46428,22298,24130,53061,25567,27494,46426,22243,24183,26528,12824,13704,6632,3230,3402,
66345,26533,12695,13838,46431,22300,24131,53062,25567,27495,46429,22244,24185,26529,12824,13705,6633,3230,3403,
66350,26536,12697,13839,46435,22301,24134,53069,25572,27497,46433,22247,24186,26532,12826,13706,6633,3230,3403,
66355,26537,12697,13840,46438,22303,24135,53070,25573,27497,46436,22250,24186,26533,12827,13706,6634,3230,3404,
66360,26540,12699,13841,46442,22305,24137,53077,25579,27498,46440,22251,24189,26536,12828,13708,6634,3230,3404,
66365,26541,12700,13841,46445,22307,24138,53078,25580,27498,46443,22251,24192,26537,12829,13708,6635,3231,3404,
66370,26544,12702,13842,46449,22310,24139,53085,25585,27500,46447,22253,24194,26540,12830,13710,6635,3231,3404,
66375,26545,12702,13843,46452,22310,24142,53086,25586,27500,46450,22255,24195,26541,12830,13711,6636,3231,3405,
66380,26548,12704,13844,46456,22312,24144,53093,25590,27503,46454,22258,24196,26544,12832,13712,6636,3231,3405,
66385,26549,12704,13845,46459,22312,24147,53094,25591,27503,46457,22260,24197,26545,12833,13712,6637,3231,3406,
66390,26552,12706,13846,46463,22315,24148,53101,25593,27508,46461,22262,24199,26548,12834,13714,6637,3231,3406,
66395,26553,12706,13847,46466,22316,24150,53102,25593,27509,46464,22264,24200,26549,12834,13715,6638,3231,3407,
66400,26556,12707,13849,46470,22319,24151,53109,25595,27514,46468,22266,24202,26552,12834,13718,6638,3231,3407,
66405,26557,12708,13849,46473,22320,24153,53110,25596,27514,46471,22268,24203,26553,12835,13718,6639,3231,3408,
66410,26560,12710,13850,46477,22321,24156,53117,25598,27519,46475,22271,24204,26556,12838,13718,6639,3231,3408,
66415,26561,12711,13850,46480,22323,24157,53118,25599,27519,46478,22274,24204,26557,12839,13718,6640,3232,3408,
66420,26564,12711,13853,46484,22324,24160,53125,25600,27525,46482,22276,24206,26560,12840,13720,6640,3232,3408,
66425,26565,12711,13854,46487,22326,24161,53126,25600,27526,46485,22277,24208,26561,12841,13720,6641,3232,3409,
66430,26568,12714,13854,46491,22327,24164,53133,25604,27529,46489,22281,24208,26564,12843,13721,6641,3232,3409,
66435,26569,12715,13854,46494,22328,24166,53134,25605,27529,46492,22284,24208,26565,12843,13722,6642,3233,3409,
66440,26572,12717,13855,46498,22332,24166,53141,25607,27534,46496,22286,24210,26568,12845,13723,6642,3233,3409,
66445,26573,12718,13855,46501,22333,24168,53142,25608,27534,46499,22288,24211,26569,12846,13723,6643,3233,3410,
66450,26576,12719,13857,46505,22335,24170,53149,25609,27540,46503,22289,24214,26572,12848,13724,6643,3233,3410,
66455,26577,12720,13857,46508,22337,24171,53150,25609,27541,46506,22290,24216,26573,12849,13724,6644,3233,3411,
66460,26580,12722,13858,46512,22338,24174,53157,25611,27546,46510,22292,24218,26576,12850,13726,6644,3233,3411,
66465,26581,12723,13858,46515,22340,24175,53158,25611,27547,46513,22294,24219,26577,12850,13727,6645,3233,3412,
66470,26584,12726,13858,46519,22341,24178,53165,25615,27550,46517,22295,24222,26580,12850,13730,6645,3233,3412,
66475,26585,12726,13859,46522,22343,24179,53166,25615,27551,46520,22296,24224,26581,12851,13730,6646,3234,3412,
66480,26588,12727,13861,46526,22345,24181,53173,25618,27555,46524,22299,24225,26584,12853,13731,6646,3234,3412,
66485,26589,12728,13861,46529,22347,24182,53174,25619,27555,46527,22301,24226,26585,12854,13731,6647,3234,3413,
66490,26592,12729,13863,46533,22349,24184,53181,25620,27561,46531,22303,24228,26588,12854,13734,6647,3234,3413,
66495,26593,12729,13864,46536,22352,24184,53182,25620,27562,46534,22303,24231,26589,12855,13734,6648,3235,3413,
66500,26596,12731,13865,46540,22354,24186,53189,25626,27563,46538,22304,24234,26592,12856,13736,6648,3235,3413,
66505,26597,12732,13865,46543,22357,24186,53190,25627,27563,46541,22305,24236,26593,12856,13737,6649,3236,3413,
66510,26600,12733,13867,46547,22358,24189,53197,25629,27568,46545,22308,24237,26596,12856,13740,6649,3236,3413,
66515,26601,12733,13868,46550,22360,24190,53198,25630,27568,46548,22311,24237,26597,12856,13741,6650,3237,3413,
66520,26604,12735,13869,46554,22361,24193,53205,25632,27573,46552,22313,24239,26600,12859,13741,6650,3237,3413,
66525,26605,12735,13870,46557,22362,24195,53206,25633,27573,46555,22313,24242,26601,12859,13742,6651,3237,3414,
66530,26608,12736,13872,46561,22365,24196,53213,25636,27577,46559,22316,24243,26604,12861,13743,6651,3237,3414,
66535,26609,12737,13872,46564,22367,24197,53214,25636,27578,46562,22318,24244,26605,12862,13743,6652,3237,3415,
66540,26612,12738,13874,46568,22368,24200,53221,25640,27581,46566,22318,24248,26608,12864,13744,6652,3237,3415,
66545,26613,12738,13875,46571,22371,24200,53222,25641,27581,46569,22319,24250,26609,12864,13745,6653,3237,3416,
66550,26616,12740,13876,46575,22371,24204,53229,25647,27582,46573,22319,24254,26612,12866,13746,6653,3237,3416,
66555,26617,12741,13876,46578,22372,24206,53230,25647,27583,46576,22320,24256,26613,12866,13747,6654,3237,3417,
66560,26620,12743,13877,46582,22375,24207,53237,25649,27588,46580,22321,24259,26616,12867,13749,6654,3237,3417,
66565,26621,12743,13878,46585,22376,24209,53238,25650,27588,46583,22322,24261,26617,12867,13750,6655,3238,3417,
66570,26624,12745,13879,46589,22377,24212,53245,25651,27594,46587,22324,24263,26620,12869,13751,6655,3238,3417,
66575,26625,12745,13880,46592,22380,24212,53246,25651,27595,46590,22325,24265,26621,12869,13752,6656,3238,3418,
66580,26628,12747,13881,46596,22382,24214,53253,25652,27601,46594,22328,24266,26624,12871,13753,6656,3238,3418,
66585,26629,12748,13881,46599,22383,24216,53254,25652,27602,46597,22330,24267,26625,12871,13754,6657,3239,3418,
66590,26632,12751,13881,46603,22385,24218,53261,25654,27607,46601,22333,24268,26628,12874,13754,6657,3239,3418,
66595,26633,12752,13881,46606,22387,24219,53262,25655,27607,46604,22334,24270,26629,12874,13755,6658,3240,3418,
66600,26636,12754,13882,46610,22389,24221,53269,25658,27611,46608,22334,24274,26632,12875,13757,6658,3240,3418,
66605,26637,12755,13882,46613,22390,24223,53270,25658,27612,46611,22335,24276,26633,12876,13757,6659,3240,3419,
66610,26640,12756,13884,46617,22393,24224,53277,25663,27614,46615,22336,24279,26636,12879,13757,6659,3240,3419,
66615,26641,12757,13884,46620,22394,24226,53278,25664,27614,46618,22336,24282,26637,12879,13758,6660,3241,3419,
66620,26644,12758,13886,46624,22395,24229,53285,25668,27617,46622,22338,24284,26640,12881,13759,6660,3241,3419,
66625,26645,12758,13887,46627,22396,24231,53286,25669,27617,46625,22339,24286,26641,12882,13759,6661,3242,3419,
66630,26648,12759,13889,46631,22397,24234,53293,25673,27620,46629,22342,24287,26644,12884,13760,6661,3242,3419,
66635,26649,12760,13889,46634,22398,24236,53294,25673,27621,46632,22342,24290,26645,12885,13760,6662,3243,3419,
66640,26652,12763,13889,46638,22401,24237,53301,25676,27625,46636,22343,24293,26648,12886,13762,6662,3243,3419,
66645,26653,12764,13889,46641,22403,24238,53302,25677,27625,46639,22345,24294,26649,12886,13763,6663,3243,3420,
66650,26656,12765,13891,46645,22405,24240,53309,25681,27628,46643,22345,24298,26652,12889,13763,6663,3243,3420,
66655,26657,12765,13892,46648,22405,24243,53310,25681,27629,46646,22347,24299,26653,12890,13763,6664,3243,3421,
66660,26660,12766,13894,46652,22408,24244,53317,25686,27631,46650,22348,24302,26656,12891,13765,6664,3243,3421,
66665,26661,12767,13894,46655,22410,24245,53318,25686,27632,46653,22350,24303,26657,12892,13765,6665,3244,3421,
66670,26664,12770,13894,46659,22412,24247,53325,25688,27637,46657,22352,24305,26660,12893,13767,6665,3244,3421,
66675,26665,12770,13895,46662,22413,24249,53326,25689,27637,46660,22353,24307,26661,12894,13767,6666,3245,3421,
66680,26668,12772,13896,46666,22415,24251,53333,25693,27640,46664,22355,24309,26664,12896,13768,6666,3245,3421,
66685,26669,12772,13897,46669,22416,24253,53334,25693,27641,46667,22355,24312,26665,12896,13769,6667,3246,3421,
66690,26672,12774,13898,46673,22417,24256,53341,25695,27646,46671,22358,24313,26668,12897,13771,6667,3246,3421,
66695,26673,12775,13898,46676,22418,24258,53342,25695,27647,46674,22360,24314,26669,12898,13771,6668,3247,3421,
66700,26676,12778,13898,46680,22419,24261,53349,25700,27649,46678,22363,24315,26672,12899,13773,6668,3247,3421,
66705,26677,12778,13899,46683,22421,24262,53350,25700,27650,46681,22364,24317,26673,12899,13774,6669,3247,3422,
66710,26680,12778,13902,46687,22425,24262,53357,25702,27655,46685,22365,24320,26676,12899,13777,6669,3247,3422,
66715,26681,12778,13903,46690,22426,24264,53358,25702,27656,46688,22367,24321,26677,12899,13778,6670,3247,3423,
66720,26684,12780,13904,46694,22428,24266,53365,25706,27659,46692,22369,24323,26680,12901,13779,6670,3247,3423,
66725,26685,12781,13904,46697,22429,24268,53366,25706,27660,46695,22372,24323,26681,12902,13779,6671,3247,3424,
66730,26688,12784,13904,46701,22430,24271,53373,25708,27665,46699,22372,24327,26684,12903,13781,6671,3247,3424,
66735,26689,12784,13905,46704,22432,24272,53374,25709,27665,46702,22374,24328,26685,12904,13781,6672,3247,3425,
66740,26692,12784,13908,46708,22435,24273,53381,25712,27669,46706,22375,24331,26688,12904,13784,6672,3247,3425,
66745,26693,12784,13909,46711,22437,24274,53382,25712,27670,46709,22378,24331,26689,12905,13784,6673,3248,3425,
66750,26696,12785,13911,46715,22438,24277,53389,25716,27673,46713,22380,24333,26692,12908,13784,6673,3248,3425,
66755,26697,12786,13911,46718,22438,24280,53390,25717,27673,46716,22382,24334,26693,12908,13785,6674,3249,3425,
66760,26700,12787,13913,46722,22439,24283,53397,25721,27676,46720,22385,24335,26696,12908,13788,6674,3249,3425,
66765,26701,12788,13913,46725,22440,24285,53398,25722,27676,46723,22387,24336,26697,12908,13789,6675,3249,3426,
66770,26704,12790,13914,46729,22441,24288,53405,25726,27679,46727,22389,24338,26700,12909,13791,6675,3249,3426,
66775,26705,12790,13915,46732,22442,24290,53406,25727,27679,46730,22390,24340,26701,12909,13792,6676,3250,3426,
66780,26708,12793,13915,46736,22445,24291,53413,25729,27684,46734,22393,24341,26704,12912,13792,6676,3250,3426,
66785,26709,12794,13915,46739,22447,24292,53414,25730,27684,46737,22393,24344,26705,12912,13793,6677,3250,3427,
66790,26712,12795,13917,46743,22449,24294,53421,25732,27689,46741,22395,24346,26708,12912,13796,6677,3250,3427,
66795,26713,12796,13917,46746,22449,24297,53422,25732,27690,46744,22398,24346,26709,12912,13797,6678,3251,3427,
66800,26716,12797,13919,46750,22452,24298,53429,25735,27694,46748,22401,24347,26712,12913,13799,6678,3251,3427,
66805,26717,12797,13920,46753,22454,24299,53430,25735,27695,46751,22402,24349,26713,12913,13800,6679,3251,3428,
66810,26720,12800,13920,46757,22457,24300,53437,25741,27696,46755,22405,24350,26716,12915,13801,6679,3251,3428,
66815,26721,12800,13921,46760,22460,24300,53438,25742,27696,46758,22407,24351,26717,12916,13801,6680,3251,3429,
66820,26724,12800,13924,46764,22462,24302,53445,25744,27701,46762,22409,24353,26720,12919,13801,6680,3251,3429,
66825,26725,12800,13925,46767,22463,24304,53446,25744,27702,46765,22410,24355,26721,12919,13802,6681,3252,3429,
66830,26728,12803,13925,46771,22465,24306,53453,25745,27708,46769,22413,24356,26724,12921,13803,6681,3252,3429,
66835,26729,12804,13925,46774,22467,24307,53454,25746,27708,46772,22415,24357,26725,12922,13803,6682,3253,3429,
66840,26732,12807,13925,46778,22467,24311,53461,25752,27709,46776,22416,24360,26728,12922,13806,6682,3253,3429,
66845,26733,12808,13925,46781,22469,24312,53462,25753,27709,46779,22419,24360,26729,12923,13806,6683,3254,3429,
66850,26736,12809,13927,46785,22471,24314,53469,25758,27711,46783,22420,24363,26732,12923,13809,6683,3254,3429,
66855,26737,12809,13928,46788,22473,24315,53470,25759,27711,46786,22420,24366,26733,12924,13809,6684,3255,3429,
66860,26740,12811,13929,46792,22474,24318,53477,25764,27713,46790,22421,24369,26736,12925,13811,6684,3255,3429,
66865,26741,12812,13929,46795,22474,24321,53478,25765,27713,46793,22423,24370,26737,12925,13812,6685,3256,3429,
66870,26744,12813,13931,46799,22477,24322,53485,25767,27718,46797,22423,24374,26740,12927,13813,6685,3256,3429,
66875,26745,12813,13932,46802,22478,24324,53486,25767,27719,46800,22424,24376,26741,12928,13813,6686,3257,3429,
66880,26748,12814,13934,46806,22480,24326,53493,25771,27722,46804,22426,24378,26744,12929,13815,6686,3257,3429,
66885,26749,12815,13934,46809,22481,24328,53494,25771,27723,46807,22427,24380,26745,12930,13815,6687,3258,3429,
66890,26752,12816,13936,46813,22484,24329,53501,25775,27726,46811,22429,24382,26748,12932,13816,6687,3258,3429,
66895,26753,12817,13936,46816,22484,24332,53502,25776,27726,46814,22432,24382,26749,12932,13817,6688,3259,3429,
66900,26756,12819,13937,46820,22487,24333,53509,25780,27729,46818,22435,24383,26752,12932,13820,6688,3259,3429,
66905,26757,12820,13937,46823,22490,24333,53510,25781,27729,46821,22436,24385,26753,12932,13821,6689,3259,3430,
66910,26760,12820,13940,46827,22491,24336,53517,25784,27733,46825,22439,24386,26756,12934,13822,6689,3259,3430,
66915,26761,12820,13941,46830,22493,24337,53518,25784,27734,46828,22441,24387,26757,12934,13823,6690,3259,3431,
66920,26764,12820,13944,46834,22494,24340,53525,25787,27738,46832,22443,24389,26760,12936,13824,6690,3259,3431,
66925,26765,12821,13944,46837,22495,24342,53526,25788,27738,46835,22444,24391,26761,12936,13825,6691,3259,3432,
66930,26768,12822,13946,46841,22497,24344,53533,25790,27743,46839,22445,24394,26764,12939,13825,6691,3259,3432,
66935,26769,12823,13946,46844,22498,24346,53534,25790,27744,46842,22447,24395,26765,12940,13825,6692,3260,3432,
66940,26772,12824,13948,46848,22501,24347,53541,25795,27746,46846,22450,24396,26768,12942,13826,6692,3260,3432,
66945,26773,12824,13949,46851,22501,24350,53542,25796,27746,46849,22453,24396,26769,12943,13826,6693,3261,3432,
66950,26776,12827,13949,46855,22504,24351,53549,25800,27749,46853,22453,24400,26772,12945,13827,6693,3261,3432,
66955,26777,12827,13950,46858,22506,24352,53550,25800,27750,46856,22454,24402,26773,12945,13828,6694,3262,3432,
66960,26780,12830,13950,46862,22508,24354,53557,25805,27752,46860,22455,24405,26776,12946,13830,6694,3262,3432,
66965,26781,12831,13950,46865,22510,24355,53558,25806,27752,46863,22458,24405,26777,12947,13830,6695,3262,3433,
66970,26784,12831,13953,46869,22511,24358,53565,25808,27757,46867,22461,24406,26780,12948,13832,6695,3262,3433,
66975,26785,12831,13954,46872,22513,24359,53566,25809,27757,46870,22462,24408,26781,12949,13832,6696,3262,3434,
66980,26788,12833,13955,46876,22514,24362,53573,25811,27762,46874,22462,24412,26784,12950,13834,6696,3262,3434,
66985,26789,12833,13956,46879,22515,24364,53574,25812,27762,46877,22463,24414,26785,12950,13835,6697,3263,3434,
66990,26792,12835,13957,46883,22515,24368,53581,25816,27765,46881,22463,24418,26788,12952,13836,6697,3263,3434,
66995,26793,12835,13958,46886,22516,24370,53582,25816,27766,46884,22465,24419,26789,12953,13836,6698,3263,3435,
67000,26796,12835,13961,46890,22518,24372,53589,25819,27770,46888,22468,24420,26792,12954,13838,6698,3263,3435,
67005,26797,12835,13962,46893,22519,24374,53590,25819,27771,46891,22471,24420,26793,12955,13838,6699,3264,3435,
67010,26800,12837,13963,46897,22522,24375,53597,25821,27776,46895,22471,24424,26796,12957,13839,6699,3264,3435,
67015,26801,12838,13963,46900,22523,24377,53598,25821,27777,46898,22474,24424,26797,12957,13840,6700,3265,3435,
67020,26804,12840,13964,46904,22525,24379,53605,25825,27780,46902,22477,24425,26800,12958,13842,6700,3265,3435,
67025,26805,12840,13965,46907,22526,24381,53606,25825,27781,46905,22478,24427,26801,12959,13842,6701,3266,3435,
67030,26808,12842,13966,46911,22528,24383,53613,25827,27786,46909,22481,24428,26804,12960,13844,6701,3266,3435,
67035,26809,12842,13967,46914,22529,24385,53614,25828,27786,46912,22483,24429,26805,12960,13845,6702,3266,3436,
67040,26812,12844,13968,46918,22529,24389,53621,25830,27791,46916,22484,24432,26808,12962,13846,6702,3266,3436,
67045,26813,12844,13969,46921,22531,24390,53622,25830,27792,46919,22486,24433,26809,12962,13847,6703,3266,3437,
67050,26816,12847,13969,46925,22533,24392,53629,25833,27796,46923,22489,24434,26812,12965,13847,6703,3266,3437,
67055,26817,12847,13970,46928,22534,24394,53630,25833,27797,46926,22491,24435,26813,12965,13848,6704,3266,3438,
67060,26820,12848,13972,46932,22536,24396,53637,25838,27799,46930,22493,24437,26816,12967,13849,6704,3266,3438,
67065,26821,12848,13973,46935,22537,24398,53638,25838,27800,46933,22495,24438,26817,12968,13849,6705,3267,3438,
67070,26824,12849,13975,46939,22538,24401,53645,25842,27803,46937,22497,24440,26820,12969,13851,6705,3267,3438,
67075,26825,12849,13976,46942,22539,24403,53646,25843,27803,46940,22499,24441,26821,12970,13851,6706,3268,3438,
67080,26828,12851,13977,46946,22542,24404,53653,25846,27807,46944,22501,24443,26824,12971,13853,6706,3268,3438,
67085,26829,12851,13978,46949,22544,24405,53654,25847,27807,46947,22503,24444,26825,12971,13854,6707,3269,3438,
67090,26832,12853,13979,46953,22545,24408,53661,25850,27811,46951,22505,24446,26828,12973,13855,6707,3269,3438,
67095,26833,12854,13979,46956,22546,24410,53662,25850,27812,46954,22507,24447,26829,12973,13856,6708,3270,3438,
67100,26836,12857,13979,46960,22549,24411,53669,25855,27814,46958,22510,24448,26832,12974,13858,6708,3270,3438,
67105,26837,12858,13979,46963,22550,24413,53670,25855,27815,46961,22513,24448,26833,12974,13859,6709,3271,3438,
67110,26840,12860,13980,46967,22552,24415,53677,25857,27820,46965,22515,24450,26836,12974,13862,6709,3271,3438,
67115,26841,12860,13981,46970,22553,24417,53678,25858,27820,46968,22516,24452,26837,12974,13863,6710,3271,3439,
67120,26844,12861,13983,46974,22553,24421,53685,25862,27823,46972,22517,24455,26840,12976,13864,6710,3271,3439,
67125,26845,12862,13983,46977,22554,24423,53686,25862,27824,46975,22518,24457,26841,12977,13864,6711,3272,3439,
67130,26848,12864,13984,46981,22557,24424,53693,25866,27827,46979,22520,24459,26844,12979,13865,6711,3272,3439,
67135,26849,12864,13985,46984,22558,24426,53694,25866,27828,46982,22521,24461,26845,12980,13865,6712,3273,3439,
67140,26852,12865,13987,46988,22562,24426,53701,25869,27832,46986,22524,24462,26848,12981,13867,6712,3273,3439,
67145,26853,12865,13988,46991,22565,24426,53702,25869,27833,46989,22526,24463,26849,12982,13867,6713,3273,3440,
67150,26856,12866,13990,46995,22566,24429,53709,25874,27835,46993,22528,24465,26852,12983,13869,6713,3273,3440,
67155,26857,12867,13990,46998,22566,24432,53710,25875,27835,46996,22530,24466,26853,12983,13870,6714,3273,3441,
67160,26860,12868,13992,47002,22567,24435,53717,25879,27838,47000,22533,24467,26856,12984,13872,6714,3273,3441,
67165,26861,12868,13993,47005,22568,24437,53718,25880,27838,47003,22536,24467,26857,12984,13873,6715,3274,3441,
67170,26864,12870,13994,47009,22569,24440,53725,25883,27842,47007,22537,24470,26860,12985,13875,6715,3274,3441,
67175,26865,12870,13995,47012,22570,24442,53726,25884,27842,47010,22537,24473,26861,12985,13876,6716,3275,3441,
67180,26868,12871,13997,47016,22572,24444,53733,25888,27845,47014,22538,24476,26864,12987,13877,6716,3275,3441,
67185,26869,12871,13998,47019,22574,24445,53734,25888,27846,47017,22539,24478,26865,12988,13877,6717,3275,3442,
67190,26872,12873,13999,47023,22576,24447,53741,25892,27849,47021,22542,24479,26868,12990,13878,6717,3275,3442,
67195,26873,12873,14000,47026,22577,24449,53742,25892,27850,47024,22542,24482,26869,12991,13878,6718,3276,3442,
67200,26876,12874,14002,47030,22578,24452,53749,25895,27854,47028,22543,24485,26872,12993,13879,6718,3276,3442,
67205,26877,12875,14002,47033,22580,24453,53750,25895,27855,47031,22545,24486,26873,12994,13879,6719,3277,3442,
67210,26880,12876,14004,47037,22581,24456,53757,25900,27857,47035,22547,24488,26876,12995,13881,6719,3277,3442,
67215,26881,12876,14005,47040,22583,24457,53758,25900,27858,47038,22549,24489,26877,12996,13881,6720,3277,3443,
67220,26884,12877,14007,47044,22586,24458,53765,25904,27861,47042,22549,24493,26880,12998,13882,6720,3277,3443,
67225,26885,12878,14007,47047,22587,24460,53766,25905,27861,47045,22550,24495,26881,12998,13883,6721,3277,3444,
67230,26888,12880,14008,47051,22587,24464,53773,25906,27867,47049,22553,24496,26884,13000,13884,6721,3277,3444,
67235,26889,12881,14008,47054,22589,24465,53774,25906,27868,47052,22555,24497,26885,13000,13885,6722,3278,3444,
67240,26892,12883,14009,47058,22592,24466,53781,25908,27873,47056,22556,24500,26888,13001,13887,6722,3278,3444,
67245,26893,12884,14009,47061,22593,24468,53782,25909,27873,47059,22557,24502,26889,13002,13887,6723,3278,3445,
67250,26896,12886,14010,47065,22595,24470,53789,25913,27876,47063,22559,24504,26892,13003,13889,6723,3278,3445,
67255,26897,12887,14010,47068,22596,24472,53790,25913,27877,47066,22561,24505,26893,13003,13890,6724,3278,3446,
67260,26900,12890,14010,47072,22599,24473,53797,25915,27882,47070,22564,24506,26896,13004,13892,6724,3278,3446,
67265,26901,12891,14010,47075,22601,24474,53798,25916,27882,47073,22565,24508,26897,13004,13893,6725,3278,3447,
67270,26904,12894,14010,47079,22601,24478,53805,25917,27888,47077,22567,24510,26900,13006,13894,6725,3278,3447,
67275,26905,12895,14010,47082,22602,24480,53806,25918,27888,47080,22568,24512,26901,13007,13894,6726,3278,3448,
67280,26908,12898,14010,47086,22605,24481,53813,25922,27891,47084,22570,24514,26904,13008,13896,6726,3278,3448,
67285,26909,12898,14011,47089,22606,24483,53814,25922,27892,47087,22570,24517,26905,13009,13896,6727,3278,3449,
67290,26912,12899,14013,47093,22610,24483,53821,25925,27896,47091,22572,24519,26908,13011,13897,6727,3278,3449,
67295,26913,12899,14014,47096,22611,24485,53822,25925,27897,47094,22573,24521,26909,13011,13898,6728,3279,3449,
67300,26916,12901,14015,47100,22611,24489,53829,25929,27900,47098,22573,24525,26912,13014,13898,6728,3279,3449,
67305,26917,12902,14015,47103,22614,24489,53830,25929,27901,47101,22575,24526,26913,13015,13898,6729,3279,3450,
67310,26920,12904,14016,47107,22614,24493,53837,25934,27903,47105,22575,24530,26916,13017,13899,6729,3279,3450,
67315,26921,12904,14017,47110,22615,24495,53838,25934,27904,47108,22577,24531,26917,13018,13899,6730,3280,3450,
67320,26924,12904,14020,47114,22617,24497,53845,25938,27907,47112,22580,24532,26920,13021,13899,6730,3280,3450,
67325,26925,12904,14021,47117,22618,24499,53846,25939,27907,47115,22581,24534,26921,13021,13900,6731,3280,3451,
67330,26928,12906,14022,47121,22620,24501,53853,25943,27910,47119,22584,24535,26924,13022,13902,6731,3280,3451,
67335,26929,12906,14023,47124,22620,24504,53854,25944,27910,47122,22585,24537,26925,13022,13903,6732,3281,3451,
67340,26932,12908,14024,47128,22622,24506,53861,25950,27911,47126,22587,24539,26928,13022,13906,6732,3281,3451,
67345,26933,12909,14024,47131,22623,24508,53862,25950,27912,47129,22590,24539,26929,13022,13907,6733,3281,3452,
67350,26936,12911,14025,47135,22626,24509,53869,25953,27916,47133,22592,24541,26932,13024,13908,6733,3281,3452,
67354,26937,12912,14025,47137,22626,24511,53870,25954,27916,47136,22595,24541,26933,13025,13908,6734,3281,3453,