Time,1, HIGH Priority Generated, Low Priority Generated, 2, HIGH Priority Generated, Low Priority Generated, 3, HIGH Priority Generated, Low Priority Generated, 4, HIGH Priority Generated, Low Priority Generated, 5, HIGH Priority Generated, Low Priority Generated, 6, HIGH Priority Generated, Low Priority Generated, 
5,0,0,0,1,1,0,0,0,0,0,0,0,0,0,0,0,0,0,
10,1,0,1,2,2,0,2,2,0,1,1,0,0,0,0,0,0,0,
15,2,1,1,2,2,0,2,2,0,2,1,1,0,0,0,0,0,0,
20,3,2,1,4,2,2,5,4,1,3,1,2,1,1,0,0,0,0,
25,3,2,1,5,2,3,5,4,1,4,2,2,1,1,0,1,0,1,
30,4,2,2,5,2,3,6,5,1,5,2,3,3,2,1,1,0,1,
35,4,2,2,6,3,3,7,5,2,6,2,4,4,3,1,1,0,1,
40,4,2,2,7,3,4,8,6,2,7,2,5,4,3,1,1,0,1,
45,4,2,2,8,4,4,8,6,2,7,2,5,4,3,1,1,0,1,
50,5,3,2,9,4,5,10,7,3,8,2,6,4,3,1,1,0,1,
55,6,4,2,9,4,5,10,7,3,9,3,6,4,3,1,1,0,1,
60,7,4,3,11,5,6,13,7,6,10,3,7,5,4,1,1,0,1,
65,7,4,3,12,6,6,13,7,6,11,4,7,5,4,1,2,1,1,
70,8,5,3,12,6,6,14,8,6,12,4,8,7,5,2,2,1,1,
75,8,5,3,13,6,7,15,8,7,13,4,9,8,6,2,2,1,1,
80,8,5,3,14,6,8,16,8,8,14,5,9,8,6,2,2,1,1,
85,8,5,3,15,6,9,16,8,8,14,5,9,8,6,2,2,1,1,
90,9,6,3,16,6,10,18,8,10,15,5,10,8,6,2,2,1,1,
95,10,7,3,16,6,10,18,8,10,16,6,10,8,6,2,2,1,1,
100,11,8,3,18,6,12,21,8,13,17,7,10,9,6,3,2,1,1,
105,11,8,3,19,6,13,21,8,13,18,7,11,9,6,3,3,2,1,
110,12,9,3,19,6,13,22,9,13,19,7,12,11,6,5,3,2,1,
115,12,9,3,20,6,14,23,10,13,20,8,12,12,6,6,3,2,1,
120,12,9,3,21,7,14,24,11,13,21,8,13,12,6,6,3,2,1,
125,12,9,3,22,8,14,24,11,13,21,8,13,12,6,6,3,2,1,
130,13,9,4,23,9,14,26,11,15,22,8,14,12,6,6,3,2,1,
135,14,9,5,23,9,14,26,11,15,23,9,14,12,6,6,3,2,1,
140,15,9,6,25,11,14,29,12,17,24,9,15,13,7,6,3,2,1,
145,15,9,6,26,12,14,29,12,17,25,10,15,13,7,6,4,3,1,
150,16,9,7,26,12,14,30,12,18,26,11,15,15,9,6,4,3,1,
155,16,9,7,27,13,14,31,12,19,27,11,16,16,10,6,4,3,1,
160,16,9,7,28,14,14,32,12,20,28,12,16,16,10,6,4,3,1,
165,16,9,7,29,14,15,32,12,20,28,12,16,16,10,6,4,3,1,
170,17,10,7,30,14,16,34,14,20,29,12,17,16,10,6,4,3,1,
175,18,10,8,30,14,16,34,14,20,30,13,17,16,10,6,4,3,1,
180,19,10,9,32,16,16,37,15,22,31,14,17,17,10,7,4,3,1,
185,19,10,9,33,16,17,37,15,22,32,15,17,17,10,7,5,4,1,
190,20,10,10,33,16,17,38,16,22,33,16,17,19,10,9,5,4,1,
195,20,10,10,34,16,18,39,16,23,34,17,17,20,11,9,5,4,1,
200,20,10,10,35,17,18,40,16,24,35,18,17,20,11,9,5,4,1,
205,20,10,10,36,18,18,40,16,24,35,18,17,20,11,9,5,4,1,
210,21,11,10,37,19,18,42,17,25,36,18,18,20,11,9,5,4,1,
215,22,11,11,37,19,18,42,17,25,37,18,19,20,11,9,5,4,1,
220,23,12,11,39,20,19,45,19,26,38,19,19,21,11,10,5,4,1,
225,23,12,11,40,20,20,45,19,26,39,20,19,21,11,10,6,5,1,
230,24,13,11,40,20,20,46,19,27,40,21,19,23,13,10,6,5,1,
235,24,13,11,41,21,20,47,19,28,41,21,20,24,14,10,6,5,1,
240,24,13,11,42,22,20,48,19,29,42,21,21,24,14,10,6,5,1,
245,24,13,11,43,22,21,48,19,29,42,21,21,24,14,10,6,5,1,
250,25,13,12,44,23,21,50,19,31,43,22,21,24,14,10,6,5,1,
255,26,13,13,44,23,21,50,19,31,44,22,22,24,14,10,6,5,1,
260,27,13,14,46,24,22,53,21,32,45,23,22,25,15,10,6,5,1,
265,27,13,14,47,25,22,53,21,32,46,23,23,25,15,10,7,6,1,
270,28,14,14,47,25,22,54,22,32,47,23,24,27,16,11,7,6,1,
275,28,14,14,48,25,23,55,22,33,48,23,25,28,16,12,7,6,1,
280,28,14,14,49,25,24,56,23,33,49,23,26,28,16,12,7,6,1,
285,28,14,14,50,26,24,56,23,33,49,23,26,28,16,12,7,6,1,
290,29,14,15,51,26,25,58,24,34,50,24,26,28,16,12,7,6,1,
295,30,14,16,51,26,25,58,24,34,51,24,27,28,16,12,7,6,1,
300,31,14,17,53,27,26,61,24,37,52,25,27,29,17,12,7,6,1,
305,31,14,17,54,27,27,61,24,37,53,26,27,29,17,12,8,7,1,
310,32,14,18,54,27,27,62,25,37,54,26,28,31,18,13,8,7,1,
315,32,14,18,55,28,27,63,25,38,55,26,29,32,19,13,8,7,1,
320,32,14,18,56,28,28,64,26,38,56,26,30,32,19,13,8,7,1,
325,32,14,18,57,29,28,64,26,38,56,26,30,32,19,13,8,7,1,
330,33,14,19,58,30,28,66,27,39,57,27,30,32,19,13,8,7,1,
335,34,14,20,58,30,28,66,27,39,58,27,31,32,19,13,8,7,1,
340,35,15,20,60,31,29,69,30,39,59,28,31,33,20,13,8,7,1,
345,35,15,20,61,31,30,69,30,39,60,28,32,33,20,13,9,8,1,
350,36,15,21,61,31,30,70,31,39,61,28,33,35,20,15,9,8,1,
355,36,15,21,62,32,30,71,32,39,62,29,33,36,20,16,9,8,1,
360,36,15,21,63,33,30,72,32,40,63,29,34,36,20,16,9,8,1,
365,36,15,21,64,33,31,72,32,40,63,29,34,36,20,16,9,8,1,
370,37,15,22,65,34,31,74,33,41,64,29,35,36,20,16,9,8,1,
375,38,15,23,65,34,31,74,33,41,65,30,35,36,20,16,9,8,1,
380,39,15,24,67,36,31,77,35,42,66,30,36,37,20,17,9,8,1,
385,39,15,24,68,36,32,77,35,42,67,30,37,37,20,17,10,8,2,
390,40,16,24,68,36,32,78,35,43,68,31,37,39,22,17,10,8,2,
395,40,16,24,69,36,33,79,35,44,69,32,37,40,23,17,10,8,2,
400,40,16,24,70,36,34,80,36,44,70,33,37,40,23,17,10,8,2,
405,40,16,24,71,36,35,80,36,44,70,33,37,40,23,17,10,8,2,
410,41,17,24,72,37,35,82,38,44,71,34,37,40,23,17,10,8,2,
415,42,17,25,72,37,35,82,38,44,72,34,38,40,23,17,10,8,2,
420,43,17,26,74,39,35,85,39,46,73,34,39,41,24,17,10,8,2,
425,43,17,26,75,39,36,85,39,46,74,35,39,41,24,17,11,9,2,
430,44,18,26,75,39,36,86,39,47,75,35,40,43,25,18,11,9,2,
435,44,18,26,76,40,36,87,39,48,76,36,40,44,26,18,11,9,2,
440,44,18,26,77,41,36,88,40,48,77,37,40,44,26,18,11,9,2,
445,44,18,26,78,41,37,88,40,48,77,37,40,44,26,18,11,9,2,
450,45,18,27,79,41,38,90,41,49,78,37,41,44,26,18,11,9,2,
455,46,19,27,79,41,38,90,41,49,79,37,42,44,26,18,11,9,2,
460,47,19,28,81,42,39,93,43,50,80,38,42,45,26,19,11,9,2,
465,47,19,28,82,42,40,93,43,50,81,38,43,45,26,19,12,10,2,
470,48,20,28,82,42,40,94,44,50,82,38,44,47,27,20,12,10,2,
475,48,20,28,83,42,41,95,45,50,83,38,45,48,27,21,12,10,2,
480,48,20,28,84,42,42,96,46,50,84,39,45,48,27,21,12,10,2,
485,48,20,28,85,43,42,96,46,50,84,39,45,48,27,21,12,10,2,
490,49,21,28,86,43,43,98,46,52,85,39,46,48,27,21,12,10,2,
495,50,22,28,86,43,43,98,46,52,86,40,46,48,27,21,12,10,2,
500,51,22,29,88,44,44,101,49,52,87,41,46,49,27,22,12,10,2,
505,51,22,29,89,44,45,101,49,52,88,42,46,49,27,22,13,10,3,
510,52,23,29,89,44,45,102,49,53,89,43,46,51,28,23,13,10,3,
515,52,23,29,90,45,45,103,49,54,90,43,47,52,29,23,13,10,3,
520,52,23,29,91,46,45,104,49,55,91,43,48,52,29,23,13,10,3,
525,52,23,29,92,46,46,104,49,55,91,43,48,52,29,23,13,10,3,
530,53,23,30,93,47,46,106,49,57,92,43,49,52,29,23,13,10,3,
535,54,24,30,93,47,46,106,49,57,93,43,50,52,29,23,13,10,3,
540,55,24,31,95,48,47,109,49,60,94,44,50,53,30,23,13,10,3,
545,55,24,31,96,48,48,109,49,60,95,44,51,53,30,23,14,11,3,
550,56,25,31,96,48,48,110,49,61,96,44,52,55,30,25,14,11,3,
555,56,25,31,97,49,48,111,49,62,97,45,52,56,30,26,14,11,3,
560,56,25,31,98,50,48,112,49,63,98,45,53,56,30,26,14,11,3,
565,56,25,31,99,51,48,112,49,63,98,45,53,56,30,26,14,11,3,
570,57,25,32,100,52,48,114,49,65,99,46,53,56,30,26,14,11,3,
575,58,25,33,100,52,48,114,49,65,100,46,54,56,30,26,14,11,3,
580,59,25,34,102,54,48,117,50,67,101,47,54,57,31,26,14,11,3,
585,59,25,34,103,55,48,117,50,67,102,48,54,57,31,26,15,12,3,
590,60,26,34,103,55,48,118,50,68,103,48,55,59,31,28,15,12,3,
595,60,26,34,104,55,49,119,50,69,104,48,56,60,32,28,15,12,3,
600,60,26,34,105,55,50,120,50,70,105,48,57,60,32,28,15,12,3,
605,60,26,34,106,56,50,120,50,70,105,48,57,60,32,28,15,12,3,
610,61,26,35,107,56,51,122,51,71,106,48,58,60,32,28,15,12,3,
615,62,26,36,107,56,51,122,51,71,107,49,58,60,32,28,15,12,3,
620,63,26,37,109,57,52,125,51,74,108,49,59,61,32,29,15,12,3,
625,63,26,37,110,58,52,125,51,74,109,49,60,61,32,29,16,12,4,
630,64,27,37,110,58,52,126,51,75,110,49,61,63,33,30,16,12,4,
635,64,27,37,111,58,53,127,51,76,111,49,62,64,34,30,16,12,4,
640,64,27,37,112,58,54,128,51,77,112,49,63,64,34,30,16,12,4,
645,64,27,37,113,58,55,128,51,77,112,49,63,64,34,30,16,12,4,
650,65,28,37,114,59,55,130,52,78,113,50,63,64,34,30,16,12,4,
655,66,29,37,114,59,55,130,52,78,114,50,64,64,34,30,16,12,4,
660,67,30,37,116,60,56,133,53,80,115,51,64,65,35,30,16,12,4,
665,67,30,37,117,60,57,133,53,80,116,51,65,65,35,30,17,13,4,
670,68,30,38,117,60,57,134,53,81,117,51,66,67,35,32,17,13,4,
675,68,30,38,118,61,57,135,54,81,118,51,67,68,35,33,17,13,4,
680,68,30,38,119,61,58,136,55,81,119,51,68,68,35,33,17,13,4,
685,68,30,38,120,61,59,136,55,81,119,51,68,68,35,33,17,13,4,
690,69,30,39,121,61,60,138,57,81,120,51,69,68,35,33,17,13,4,
695,70,31,39,121,61,60,138,57,81,121,52,69,68,35,33,17,13,4,
700,71,32,39,123,61,62,141,57,84,122,53,69,69,36,33,17,13,4,
705,71,32,39,124,62,62,141,57,84,123,53,70,69,36,33,18,13,5,
710,72,32,40,124,62,62,142,58,84,124,53,71,71,36,35,18,13,5,
715,72,32,40,125,62,63,143,59,84,125,53,72,72,36,36,18,13,5,
720,72,32,40,126,62,64,144,59,85,126,54,72,72,36,36,18,13,5,
725,72,32,40,127,62,65,144,59,85,126,54,72,72,36,36,18,13,5,
730,73,32,41,128,62,66,146,60,86,127,54,73,72,36,36,18,13,5,
735,74,33,41,128,62,66,146,60,86,128,55,73,72,36,36,18,13,5,
740,75,33,42,130,62,68,149,62,87,129,55,74,73,36,37,18,13,5,
745,75,33,42,131,62,69,149,62,87,130,56,74,73,36,37,19,14,5,
750,76,34,42,131,62,69,150,62,88,131,57,74,75,38,37,19,14,5,
755,76,34,42,132,62,70,151,62,89,132,58,74,76,39,37,19,14,5,
760,76,34,42,133,62,71,152,63,89,133,59,74,76,39,37,19,14,5,
765,76,34,42,134,62,72,152,63,89,133,59,74,76,39,37,19,14,5,
770,77,35,42,135,63,72,154,64,90,134,60,74,76,39,37,19,14,5,
775,78,36,42,135,63,72,154,64,90,135,61,74,76,39,37,19,14,5,
780,79,37,42,137,64,73,157,66,91,136,61,75,77,39,38,19,14,5,
785,79,37,42,138,64,74,157,66,91,137,62,75,77,39,38,20,14,6,
790,80,37,43,138,64,74,158,66,92,138,62,76,79,40,39,20,14,6,
795,80,37,43,139,65,74,159,67,92,139,62,77,80,41,39,20,14,6,
800,80,37,43,140,65,75,160,67,93,140,62,78,80,41,39,20,14,6,
805,80,37,43,141,66,75,160,67,93,140,62,78,80,41,39,20,14,6,
810,81,38,43,142,67,75,162,69,93,141,62,79,80,41,39,20,14,6,
815,82,38,44,142,67,75,162,69,93,142,62,80,80,41,39,20,14,6,
820,83,39,44,144,67,77,165,72,93,143,63,80,81,41,40,20,14,6,
825,83,39,44,145,68,77,165,72,93,144,63,81,81,41,40,21,14,7,
830,84,40,44,145,68,77,166,73,93,145,63,82,83,41,42,21,14,7,
835,84,40,44,146,68,78,167,74,93,146,63,83,84,41,43,21,14,7,
840,84,40,44,147,69,78,168,75,93,147,63,84,84,41,43,21,14,7,
845,84,40,44,148,70,78,168,75,93,147,63,84,84,41,43,21,14,7,
850,85,40,45,149,71,78,170,77,93,148,64,84,84,41,43,21,14,7,
855,86,41,45,149,71,78,170,77,93,149,65,84,84,41,43,21,14,7,
860,87,42,45,151,72,79,173,77,96,150,66,84,85,41,44,21,14,7,
865,87,42,45,152,73,79,173,77,96,151,66,85,85,41,44,22,15,7,
870,88,43,45,152,73,79,174,78,96,152,67,85,87,42,45,22,15,7,
875,88,43,45,153,74,79,175,79,96,153,68,85,88,42,46,22,15,7,
880,88,43,45,154,74,80,176,80,96,154,68,86,88,42,46,22,15,7,
885,88,43,45,155,75,80,176,80,96,154,68,86,88,42,46,22,15,7,
890,89,43,46,156,76,80,178,81,97,155,69,86,88,42,46,22,15,7,
895,90,44,46,156,76,80,178,81,97,156,70,86,88,42,46,22,15,7,
900,91,45,46,158,77,81,181,82,99,157,71,86,89,43,46,22,15,7,
905,91,45,46,159,77,82,181,82,99,158,71,87,89,43,46,23,16,7,
910,92,45,47,159,77,82,182,83,99,159,71,88,91,44,47,23,16,7,
915,92,45,47,160,78,82,183,84,99,160,71,89,92,45,47,23,16,7,
920,92,45,47,161,78,83,184,85,99,161,72,89,92,45,47,23,16,7,
925,92,45,47,162,79,83,184,85,99,161,72,89,92,45,47,23,16,7,
930,93,46,47,163,80,83,186,86,100,162,72,90,92,45,47,23,16,7,
935,94,46,48,163,80,83,186,86,100,163,73,90,92,45,47,23,16,7,
940,95,47,48,165,80,85,189,87,102,164,74,90,93,46,47,23,16,7,
945,95,47,48,166,81,85,189,87,102,165,75,90,93,46,47,24,17,7,
950,96,47,49,166,81,85,190,88,102,166,76,90,95,47,48,24,17,7,
955,96,47,49,167,81,86,191,88,103,167,76,91,96,47,49,24,17,7,
960,96,47,49,168,82,86,192,88,104,168,76,92,96,47,49,24,17,7,
965,96,47,49,169,83,86,192,88,104,168,76,92,96,47,49,24,17,7,
970,97,48,49,170,84,86,194,88,106,169,77,92,96,47,49,24,17,7,
975,98,49,49,170,84,86,194,88,106,170,77,93,96,47,49,24,17,7,
980,99,50,49,172,84,88,197,89,108,171,77,94,97,48,49,24,17,7,
985,99,50,49,173,84,89,197,89,108,172,78,94,97,48,49,25,18,7,
990,100,51,49,173,84,89,198,90,108,173,78,95,99,50,49,25,18,7,
995,100,51,49,174,84,90,199,91,108,174,79,95,100,50,50,25,18,7,
1000,100,51,49,175,85,90,200,91,109,175,79,96,100,50,50,25,18,7,
1005,100,51,49,176,85,91,200,91,109,175,79,96,100,50,50,25,18,7,
1010,101,51,50,177,86,91,202,92,110,176,79,97,100,50,50,25,18,7,
1015,102,51,51,177,86,91,202,92,110,177,79,98,100,50,50,25,18,7,
1020,103,52,51,179,87,92,205,94,111,178,79,99,101,50,51,25,18,7,
1025,103,52,51,180,87,93,205,94,111,179,80,99,101,50,51,26,18,8,
1030,104,52,52,180,87,93,206,94,112,180,81,99,103,50,53,26,18,8,
1035,104,52,52,181,87,94,207,95,112,181,81,100,104,50,54,26,18,8,
1040,104,52,52,182,87,95,208,96,112,182,81,101,104,50,54,26,18,8,
1045,104,52,52,183,88,95,208,96,112,182,81,101,104,50,54,26,18,8,
1050,105,52,53,184,88,96,210,96,114,183,81,102,104,50,54,26,18,8,
1055,106,52,54,184,88,96,210,96,114,184,81,103,104,50,54,26,18,8,
1060,107,52,55,186,89,97,213,98,115,185,82,103,105,50,55,26,18,8,
1065,107,52,55,187,89,98,213,98,115,186,82,104,105,50,55,27,19,8,
1070,108,53,55,187,89,98,214,98,116,187,82,105,107,50,57,27,19,8,
1075,108,53,55,188,89,99,215,98,117,188,82,106,108,51,57,27,19,8,
1080,108,53,55,189,89,100,216,98,118,189,83,106,108,51,57,27,19,8,
1085,108,53,55,190,90,100,216,98,118,189,83,106,108,51,57,27,19,8,
1090,109,53,56,191,90,101,218,100,118,190,83,107,108,51,57,27,19,8,
1095,110,54,56,191,90,101,218,100,118,191,83,108,108,51,57,27,19,8,
1100,111,55,56,193,91,102,221,101,120,192,83,109,109,52,57,27,19,8,
1105,111,55,56,194,91,103,221,101,120,193,83,110,109,52,57,28,20,8,
1110,112,56,56,194,91,103,222,102,120,194,84,110,111,53,58,28,20,8,
1115,112,56,56,195,91,104,223,102,121,195,85,110,112,53,59,28,20,8,
1120,112,56,56,196,91,105,224,102,122,196,85,111,112,53,59,28,20,8,
1125,112,56,56,197,91,106,224,102,122,196,85,111,112,53,59,28,20,8,
1130,113,57,56,198,92,106,226,103,123,197,86,111,112,53,59,28,20,8,
1135,114,57,57,198,92,106,226,103,123,198,86,112,112,53,59,28,20,8,
1140,115,58,57,200,94,106,229,104,125,199,87,112,113,54,59,28,20,8,
1145,115,58,57,201,94,107,229,104,125,200,88,112,113,54,59,29,20,9,
1150,116,59,57,201,94,107,230,104,126,201,88,113,115,54,61,29,20,9,
1155,116,59,57,202,95,107,231,105,126,202,88,114,116,54,62,29,20,9,
1160,116,59,57,203,96,107,232,105,127,203,88,115,116,54,62,29,20,9,
1165,116,59,57,204,97,107,232,105,127,203,88,115,116,54,62,29,20,9,
1170,117,60,57,205,97,108,234,105,129,204,89,115,116,54,62,29,20,9,
1175,118,61,57,205,97,108,234,105,129,205,90,115,116,54,62,29,20,9,
1180,119,61,58,207,98,109,237,107,130,206,91,115,117,54,63,29,20,9,
1185,119,61,58,208,98,110,237,107,130,207,92,115,117,54,63,30,20,10,
1190,120,61,59,208,98,110,238,108,130,208,93,115,119,55,64,30,20,10,
1195,120,61,59,209,98,111,239,109,130,209,94,115,120,55,65,30,20,10,
1200,120,61,59,210,98,112,240,109,131,210,95,115,120,55,65,30,20,10,
1205,120,61,59,211,98,113,240,109,131,210,95,115,120,55,65,30,20,10,
1210,121,62,59,212,99,113,242,110,132,211,95,116,120,55,65,30,20,10,
1215,122,63,59,212,99,113,242,110,132,212,95,117,120,55,65,30,20,10,
1220,123,63,60,214,101,113,245,112,133,213,95,118,121,55,66,30,20,10,
1225,123,63,60,215,102,113,245,112,133,214,95,119,121,55,66,31,20,11,
1230,124,63,61,215,102,113,246,113,133,215,96,119,123,56,67,31,20,11,
1235,124,63,61,216,103,113,247,114,133,216,97,119,124,56,68,31,20,11,
1240,124,63,61,217,103,114,248,115,133,217,98,119,124,56,68,31,20,11,
1245,124,63,61,218,104,114,248,115,133,217,98,119,124,56,68,31,20,11,
1250,125,64,61,219,104,115,250,116,134,218,98,120,124,56,68,31,20,11,
1255,126,65,61,219,104,115,250,116,134,219,99,120,124,56,68,31,20,11,
1260,127,65,62,221,104,117,253,116,137,220,99,121,125,57,68,31,20,11,
1265,127,65,62,222,104,118,253,116,137,221,99,122,125,57,68,32,20,12,
1270,128,65,63,222,104,118,254,116,138,222,100,122,127,59,68,32,20,12,
1275,128,65,63,223,105,118,255,116,139,223,101,122,128,60,68,32,20,12,
1280,128,65,63,224,105,119,256,116,140,224,102,122,128,60,68,32,20,12,
1285,128,65,63,225,106,119,256,116,140,224,102,122,128,60,68,32,20,12,
1290,129,65,64,226,106,120,258,117,141,225,103,122,128,60,68,32,20,12,
1295,130,66,64,226,106,120,258,117,141,226,103,123,128,60,68,32,20,12,
1300,131,67,64,228,108,120,261,118,143,227,104,123,129,61,68,32,20,12,
1305,131,67,64,229,108,121,261,118,143,228,104,124,129,61,68,33,20,13,
1310,132,67,65,229,108,121,262,118,144,229,105,124,131,63,68,33,20,13,
1315,132,67,65,230,108,122,263,118,145,230,106,124,132,63,69,33,20,13,
1320,132,67,65,231,109,122,264,118,146,231,107,124,132,63,69,33,20,13,
1325,132,67,65,232,109,123,264,118,146,231,107,124,132,63,69,33,20,13,
1330,133,67,66,233,109,124,266,119,147,232,108,124,132,63,69,33,20,13,
1335,134,68,66,233,109,124,266,119,147,233,109,124,132,63,69,33,20,13,
1340,135,68,67,235,110,125,269,122,147,234,109,125,133,63,70,33,20,13,
1345,135,68,67,236,110,126,269,122,147,235,110,125,133,63,70,34,20,14,
1350,136,69,67,236,110,126,270,122,148,236,110,126,135,64,71,34,20,14,
1355,136,69,67,237,110,127,271,122,149,237,111,126,136,65,71,34,20,14,
1360,136,69,67,238,110,128,272,122,150,238,112,126,136,65,71,34,20,14,
1365,136,69,67,239,110,129,272,122,150,238,112,126,136,65,71,34,20,14,
1370,137,69,68,240,111,129,274,124,150,239,113,126,136,65,71,34,20,14,
1375,138,70,68,240,111,129,274,124,150,240,114,126,136,65,71,34,20,14,
1380,139,71,68,242,112,130,277,126,151,241,115,126,137,65,72,34,20,14,
1385,139,71,68,243,112,131,277,126,151,242,116,126,137,65,72,35,20,15,
1390,140,72,68,243,112,131,278,126,152,243,116,127,139,66,73,35,20,15,
1395,140,72,68,244,113,131,279,127,152,244,117,127,140,66,74,35,20,15,
1400,140,72,68,245,113,132,280,127,153,245,117,128,140,66,74,35,20,15,
1405,140,72,68,246,113,133,280,127,153,245,117,128,140,66,74,35,20,15,
1410,141,72,69,247,114,133,282,127,155,246,117,129,140,66,74,35,20,15,
1415,142,72,70,247,114,133,282,127,155,247,118,129,140,66,74,35,20,15,
1420,143,73,70,249,115,134,285,128,157,248,118,130,141,66,75,35,20,15,
1425,143,73,70,250,116,134,285,128,157,249,119,130,141,66,75,36,21,15,
1430,144,73,71,250,116,134,286,128,158,250,120,130,143,66,77,36,21,15,
1435,144,73,71,251,116,135,287,128,159,251,121,130,144,67,77,36,21,15,
1440,144,73,71,252,116,136,288,129,159,252,122,130,144,67,77,36,21,15,
1445,144,73,71,253,117,136,288,129,159,252,122,130,144,67,77,36,21,15,
1450,145,74,71,254,117,137,290,131,159,253,123,130,144,67,77,36,21,15,
1455,146,75,71,254,117,137,290,131,159,254,124,130,144,67,77,36,21,15,
1460,147,76,71,256,118,138,293,133,160,255,124,131,145,67,78,36,21,15,
1465,147,76,71,257,119,138,293,133,160,256,125,131,145,67,78,37,22,15,
1470,148,77,71,257,119,138,294,134,160,257,125,132,147,68,79,37,22,15,
1475,148,77,71,258,120,138,295,134,161,258,126,132,148,69,79,37,22,15,
1480,148,77,71,259,120,139,296,134,162,259,127,132,148,69,79,37,22,15,
1485,148,77,71,260,120,140,296,134,162,259,127,132,148,69,79,37,22,15,
1490,149,77,72,261,120,141,298,135,163,260,128,132,148,69,79,37,22,15,
1495,150,77,73,261,120,141,298,135,163,261,128,133,148,69,79,37,22,15,
1500,151,78,73,263,121,142,301,137,164,262,129,133,149,69,80,37,22,15,
1505,151,78,73,264,122,142,301,137,164,263,130,133,149,69,80,38,23,15,
1510,152,78,74,264,122,142,302,138,164,264,131,133,151,70,81,38,23,15,
1515,152,78,74,265,123,142,303,139,164,265,132,133,152,70,82,38,23,15,
1520,152,78,74,266,123,143,304,139,165,266,132,134,152,70,82,38,23,15,
1525,152,78,74,267,124,143,304,139,165,266,132,134,152,70,82,38,23,15,
1530,153,79,74,268,125,143,306,139,167,267,132,135,152,70,82,38,23,15,
1535,154,79,75,268,125,143,306,139,167,268,133,135,152,70,82,38,23,15,
1540,155,79,76,270,126,144,309,140,169,269,133,136,153,70,83,38,23,15,
1545,155,79,76,271,127,144,309,140,169,270,133,137,153,70,83,39,24,15,
1550,156,79,77,271,127,144,310,140,170,271,134,137,155,71,84,39,24,15,
1555,156,79,77,272,128,144,311,141,170,272,134,138,156,72,84,39,24,15,
1560,156,79,77,273,128,145,312,142,170,273,134,139,156,72,84,39,24,15,
1565,156,79,77,274,128,146,312,142,170,273,134,139,156,72,84,39,24,15,
1570,157,79,78,275,129,146,314,143,171,274,135,139,156,72,84,39,24,15,
1575,158,79,79,275,129,146,314,143,171,275,136,139,156,72,84,39,24,15,
1580,159,79,80,277,130,147,317,143,174,276,137,139,157,72,85,39,24,15,
1585,159,79,80,278,131,147,317,143,174,277,138,139,157,72,85,40,24,16,
1590,160,80,80,278,131,147,318,144,174,278,139,139,159,73,86,40,24,16,
1595,160,80,80,279,131,148,319,144,175,279,139,140,160,73,87,40,24,16,
1600,160,80,80,280,132,148,320,145,175,280,139,141,160,73,87,40,24,16,
1605,160,80,80,281,132,149,320,145,175,280,139,141,160,73,87,40,24,16,
1610,161,80,81,282,132,150,322,146,176,281,139,142,160,73,87,40,24,16,
1615,162,81,81,282,132,150,322,146,176,282,139,143,160,73,87,40,24,16,
1620,163,82,81,284,133,151,325,146,179,283,139,144,161,74,87,40,24,16,
1625,163,82,81,285,134,151,325,146,179,284,139,145,161,74,87,41,25,16,
1630,164,83,81,285,134,151,326,147,179,285,140,145,163,75,88,41,25,16,
1635,164,83,81,286,134,152,327,148,179,286,140,146,164,76,88,41,25,16,
1640,164,83,81,287,134,153,328,149,179,287,140,147,164,76,88,41,25,16,
1645,164,83,81,288,134,154,328,149,179,287,140,147,164,76,88,41,25,16,
1650,165,84,81,289,135,154,330,150,180,288,140,148,164,76,88,41,25,16,
1655,166,85,81,289,135,154,330,150,180,289,140,149,164,76,88,41,25,16,
1660,167,86,81,291,136,155,333,151,182,290,141,149,165,76,89,41,25,16,
1665,167,86,81,292,136,156,333,151,182,291,141,150,165,76,89,42,25,17,
1670,168,87,81,292,136,156,334,151,183,292,141,151,167,77,90,42,25,17,
1675,168,87,81,293,137,156,335,151,184,293,141,152,168,77,91,42,25,17,
1680,168,87,81,294,137,157,336,152,184,294,141,153,168,77,91,42,25,17,
1685,168,87,81,295,137,158,336,152,184,294,141,153,168,77,91,42,25,17,
1690,169,88,81,296,138,158,338,153,185,295,142,153,168,77,91,42,25,17,
1695,170,89,81,296,138,158,338,153,185,296,142,154,168,77,91,42,25,17,
1700,171,89,82,298,138,160,341,155,186,297,143,154,169,77,92,42,25,17,
1705,171,89,82,299,138,161,341,155,186,298,143,155,169,77,92,43,26,17,
1710,172,89,83,299,138,161,342,155,187,299,144,155,171,77,94,43,26,17,
1715,172,89,83,300,139,161,343,155,188,300,144,156,172,77,95,43,26,17,
1720,172,89,83,301,139,162,344,156,188,301,144,157,172,77,95,43,26,17,
1725,172,89,83,302,140,162,344,156,188,301,144,157,172,77,95,43,26,17,
1730,173,90,83,303,140,163,346,157,189,302,144,158,172,77,95,43,26,17,
1735,174,91,83,303,140,163,346,157,189,303,144,159,172,77,95,43,26,17,
1740,175,91,84,305,140,165,349,159,190,304,145,159,173,78,95,43,26,17,
1745,175,91,84,306,140,166,349,159,190,305,145,160,173,78,95,44,26,18,
1750,176,92,84,306,140,166,350,160,190,306,146,160,175,80,95,44,26,18,
1755,176,92,84,307,140,167,351,161,190,307,147,160,176,80,96,44,26,18,
1760,176,92,84,308,141,167,352,162,190,308,147,161,176,80,96,44,26,18,
1765,176,92,84,309,142,167,352,162,190,308,147,161,176,80,96,44,26,18,
1770,177,92,85,310,143,167,354,162,192,309,148,161,176,80,96,44,26,18,
1775,178,93,85,310,143,167,354,162,192,310,149,161,176,80,96,44,26,18,
1780,179,93,86,312,143,169,357,164,193,311,150,161,177,80,97,44,26,18,
1785,179,93,86,313,143,170,357,164,193,312,151,161,177,80,97,45,27,18,
1790,180,93,87,313,143,170,358,164,194,313,151,162,179,81,98,45,27,18,
1795,180,93,87,314,143,171,359,165,194,314,152,162,180,81,99,45,27,18,
1800,180,93,87,315,144,171,360,165,195,315,153,162,180,81,99,45,27,18,
1805,180,93,87,316,145,171,360,165,195,315,153,162,180,81,99,45,27,18,
1810,181,93,88,317,146,171,362,165,197,316,154,162,180,81,99,45,27,18,
1815,182,93,89,317,146,171,362,165,197,317,155,162,180,81,99,45,27,18,
1820,183,94,89,319,148,171,365,166,199,318,155,163,181,81,100,45,27,18,
1825,183,94,89,320,148,172,365,166,199,319,156,163,181,81,100,46,28,18,
1830,184,94,90,320,148,172,366,167,199,320,157,163,183,82,101,46,28,18,
1835,184,94,90,321,148,173,367,168,199,321,157,164,184,82,102,46,28,18,
1840,184,94,90,322,148,174,368,169,199,322,157,165,184,82,102,46,28,18,
1845,184,94,90,323,149,174,368,169,199,322,157,165,184,82,102,46,28,18,
1850,185,95,90,324,149,175,370,170,200,323,158,165,184,82,102,46,28,18,
1855,186,95,91,324,149,175,370,170,200,324,159,165,184,82,102,46,28,18,
1860,187,96,91,326,150,176,373,171,202,325,159,166,185,83,102,46,28,18,
1865,187,96,91,327,150,177,373,171,202,326,160,166,185,83,102,47,28,19,
1870,188,96,92,327,150,177,374,171,203,327,160,167,187,85,102,47,28,19,
1875,188,96,92,328,150,178,375,171,204,328,161,167,188,85,103,47,28,19,
1880,188,96,92,329,151,178,376,172,204,329,161,168,188,85,103,47,28,19,
1885,188,96,92,330,152,178,376,172,204,329,161,168,188,85,103,47,28,19,
1890,189,97,92,331,152,179,378,174,204,330,161,169,188,85,103,47,28,19,
1895,190,97,93,331,152,179,378,174,204,331,162,169,188,85,103,47,28,19,
1900,191,98,93,333,153,180,381,175,206,332,162,170,189,85,104,47,28,19,
1905,191,98,93,334,153,181,381,175,206,333,162,171,189,85,104,48,28,20,
1910,192,98,94,334,153,181,382,175,207,334,163,171,191,85,106,48,28,20,
1915,192,98,94,335,154,181,383,175,208,335,164,171,192,86,106,48,28,20,
1920,192,98,94,336,154,182,384,176,208,336,165,171,192,86,106,48,28,20,
1925,192,98,94,337,154,183,384,176,208,336,165,171,192,86,106,48,28,20,
1930,193,99,94,338,155,183,386,177,209,337,166,171,192,86,106,48,28,20,
1935,194,100,94,338,155,183,386,177,209,338,167,171,192,86,106,48,28,20,
1940,195,100,95,340,156,184,389,178,211,339,168,171,193,87,106,48,28,20,
1945,195,100,95,341,157,184,389,178,211,340,169,171,193,87,106,49,29,20,
1950,196,101,95,341,157,184,390,179,211,341,170,171,195,88,107,49,29,20,
1955,196,101,95,342,157,185,391,179,212,342,171,171,196,89,107,49,29,20,
1960,196,101,95,343,157,186,392,179,213,343,171,172,196,89,107,49,29,20,
1965,196,101,95,344,157,187,392,179,213,343,171,172,196,89,107,49,29,20,
1970,197,101,96,345,157,188,394,180,214,344,171,173,196,89,107,49,29,20,
1975,198,102,96,345,157,188,394,180,214,345,172,173,196,89,107,49,29,20,
1980,199,103,96,347,158,189,397,181,216,346,172,174,197,89,108,49,29,20,
1985,199,103,96,348,159,189,397,181,216,347,173,174,197,89,108,50,30,20,
1990,200,103,97,348,159,189,398,182,216,348,174,174,199,89,110,50,30,20,
1995,200,103,97,349,159,190,399,183,216,349,175,174,200,89,111,50,30,20,
2000,200,103,97,350,159,191,400,184,216,350,176,174,200,89,111,50,30,20,
2005,200,103,97,351,160,191,400,184,216,350,176,174,200,89,111,50,30,20,
2010,201,103,98,352,160,192,402,185,217,351,176,175,200,89,111,50,30,20,
2015,202,103,99,352,160,192,402,185,217,352,176,176,200,89,111,50,30,20,
2020,203,104,99,354,162,192,405,185,220,353,177,176,201,89,112,50,30,20,
2025,203,104,99,355,163,192,405,185,220,354,178,176,201,89,112,51,31,20,
2030,204,104,100,355,163,192,406,186,220,355,178,177,203,89,114,51,31,20,
2035,204,104,100,356,163,193,407,186,221,356,178,178,204,90,114,51,31,20,
2040,204,104,100,357,163,194,408,186,222,357,178,179,204,90,114,51,31,20,
2045,204,104,100,358,163,195,408,186,222,357,178,179,204,90,114,51,31,20,
2050,205,105,100,359,164,195,410,187,223,358,178,180,204,90,114,51,31,20,
2055,206,105,101,359,164,195,410,187,223,359,179,180,204,90,114,51,31,20,
2060,207,105,102,361,165,196,413,189,224,360,180,180,205,90,115,51,31,20,
2065,207,105,102,362,166,196,413,189,224,361,181,180,205,90,115,52,31,21,
2070,208,105,103,362,166,196,414,190,224,362,181,181,207,92,115,52,31,21,
2075,208,105,103,363,166,197,415,191,224,363,181,182,208,92,116,52,31,21,
2080,208,105,103,364,166,198,416,191,225,364,181,183,208,92,116,52,31,21,
2085,208,105,103,365,166,199,416,191,225,364,181,183,208,92,116,52,31,21,
2090,209,106,103,366,167,199,418,193,225,365,181,184,208,92,116,52,31,21,
2095,210,106,104,366,167,199,418,193,225,366,182,184,208,92,116,52,31,21,
2100,211,107,104,368,168,200,421,194,227,367,182,185,209,92,117,52,31,21,
2105,211,107,104,369,169,200,421,194,227,368,183,185,209,92,117,53,32,21,
2110,212,107,105,369,169,200,422,194,228,369,183,186,211,92,119,53,32,21,
2115,212,107,105,370,169,201,423,195,228,370,184,186,212,93,119,53,32,21,
2120,212,107,105,371,170,201,424,195,229,371,185,186,212,93,119,53,32,21,
2125,212,107,105,372,171,201,424,195,229,371,185,186,212,93,119,53,32,21,
2130,213,108,105,373,171,202,426,196,230,372,185,187,212,93,119,53,32,21,
2135,214,108,106,373,171,202,426,196,230,373,186,187,212,93,119,53,32,21,
2140,215,108,107,375,173,202,429,199,230,374,187,187,213,93,120,53,32,21,
2145,215,108,107,376,174,202,429,199,230,375,187,188,213,93,120,54,32,22,
2150,216,108,108,376,174,202,430,200,230,376,187,189,215,95,120,54,32,22,
2155,216,108,108,377,174,203,431,201,230,377,187,190,216,95,121,54,32,22,
2160,216,108,108,378,175,203,432,202,230,378,188,190,216,95,121,54,32,22,
2165,216,108,108,379,176,203,432,202,230,378,188,190,216,95,121,54,32,22,
2170,217,108,109,380,176,204,434,204,230,379,188,191,216,95,121,54,32,22,
2175,218,109,109,380,176,204,434,204,230,380,189,191,216,95,121,54,32,22,
2180,219,110,109,382,177,205,437,205,232,381,189,192,217,96,121,54,32,22,
2185,219,110,109,383,177,206,437,205,232,382,189,193,217,96,121,55,32,23,
2190,220,111,109,383,177,206,438,205,233,383,190,193,219,96,123,55,32,23,
2195,220,111,109,384,177,207,439,206,233,384,191,193,220,96,124,55,32,23,
2200,220,111,109,385,177,208,440,206,234,385,191,194,220,96,124,55,32,23,
2205,220,111,109,386,177,209,440,206,234,385,191,194,220,96,124,55,32,23,
2210,221,112,109,387,178,209,442,207,235,386,192,194,220,96,124,55,32,23,
2215,222,112,110,387,178,209,442,207,235,387,193,194,220,96,124,55,32,23,
2220,223,113,110,389,179,210,445,208,237,388,194,194,221,96,125,55,32,23,
2225,223,113,110,390,179,211,445,208,237,389,195,194,221,96,125,56,33,23,
2230,224,113,111,390,179,211,446,209,237,390,195,195,223,97,126,56,33,23,
2235,224,113,111,391,179,212,447,209,238,391,195,196,224,98,126,56,33,23,
2240,224,113,111,392,180,212,448,210,238,392,195,197,224,98,126,56,33,23,
2245,224,113,111,393,181,212,448,210,238,392,195,197,224,98,126,56,33,23,
2250,225,113,112,394,181,213,450,212,238,393,195,198,224,98,126,56,33,23,
2255,226,113,113,394,181,213,450,212,238,394,196,198,224,98,126,56,33,23,
2260,227,113,114,396,182,214,453,215,238,395,196,199,225,99,126,56,33,23,
2265,227,113,114,397,182,215,453,215,238,396,196,200,225,99,126,57,33,24,
2270,228,114,114,397,182,215,454,215,239,397,196,201,227,100,127,57,33,24,
2275,228,114,114,398,182,216,455,216,239,398,197,201,228,101,127,57,33,24,
2280,228,114,114,399,182,217,456,216,240,399,197,202,228,101,127,57,33,24,
2285,228,114,114,400,182,218,456,216,240,399,197,202,228,101,127,57,33,24,
2290,229,115,114,401,182,219,458,216,242,400,197,203,228,101,127,57,33,24,
2295,230,115,115,401,182,219,458,216,242,401,197,204,228,101,127,57,33,24,
2300,231,116,115,403,182,221,461,216,245,402,197,205,229,102,127,57,33,24,
2305,231,116,115,404,182,222,461,216,245,403,197,206,229,102,127,58,33,25,
2310,232,117,115,404,182,222,462,217,245,404,197,207,231,103,128,58,33,25,
2315,232,117,115,405,183,222,463,218,245,405,198,207,232,104,128,58,33,25,
2320,232,117,115,406,183,223,464,218,246,406,199,207,232,104,128,58,33,25,
2325,232,117,115,407,183,224,464,218,246,406,199,207,232,104,128,58,33,25,
2330,233,117,116,408,184,224,466,220,246,407,199,208,232,104,128,58,33,25,
2335,234,117,117,408,184,224,466,220,246,408,200,208,232,104,128,58,33,25,
2340,235,118,117,410,185,225,469,220,249,409,200,209,233,104,129,58,33,25,
2345,235,118,117,411,186,225,469,220,249,410,201,209,233,104,129,59,34,25,
2350,236,119,117,411,186,225,470,221,249,411,201,210,235,106,129,59,34,25,
2355,236,119,117,412,187,225,471,222,249,412,202,210,236,106,130,59,34,25,
2360,236,119,117,413,187,226,472,222,250,413,203,210,236,106,130,59,34,25,
2365,236,119,117,414,188,226,472,222,250,413,203,210,236,106,130,59,34,25,
2370,237,119,118,415,188,227,474,223,251,414,204,210,236,106,130,59,34,25,
2375,238,120,118,415,188,227,474,223,251,415,204,211,236,106,130,59,34,25,
2380,239,120,119,417,188,229,477,224,253,416,204,212,237,106,131,59,34,25,
2385,239,120,119,418,188,230,477,224,253,417,205,212,237,106,131,60,35,25,
2390,240,120,120,418,188,230,478,224,254,418,206,212,239,108,131,60,35,25,
2395,240,120,120,419,188,231,479,225,254,419,207,212,240,109,131,60,35,25,
2400,240,120,120,420,189,231,480,226,254,420,207,213,240,109,131,60,35,25,
2405,240,120,120,421,189,232,480,226,254,420,207,213,240,109,131,60,35,25,
2410,241,120,121,422,190,232,482,227,255,421,208,213,240,109,131,60,35,25,
2415,242,121,121,422,190,232,482,227,255,422,208,214,240,109,131,60,35,25,
2420,243,122,121,424,192,232,485,228,257,423,209,214,241,109,132,60,35,25,
2425,243,122,121,425,192,233,485,228,257,424,209,215,241,109,132,61,35,26,
2430,244,123,121,425,192,233,486,228,258,425,209,216,243,110,133,61,35,26,
2435,244,123,121,426,193,233,487,228,259,426,209,217,244,111,133,61,35,26,
2440,244,123,121,427,193,234,488,229,259,427,209,218,244,111,133,61,35,26,
2445,244,123,121,428,193,235,488,229,259,427,209,218,244,111,133,61,35,26,
2450,245,123,122,429,194,235,490,230,260,428,210,218,244,111,133,61,35,26,
2455,246,123,123,429,194,235,490,230,260,429,211,218,244,111,133,61,35,26,
2460,247,124,123,431,196,235,493,233,260,430,212,218,245,111,134,61,35,26,
2465,247,124,123,432,197,235,493,233,260,431,212,219,245,111,134,62,36,26,
2470,248,125,123,432,197,235,494,233,261,432,212,220,247,112,135,62,36,26,
2475,248,125,123,433,197,236,495,234,261,433,213,220,248,113,135,62,36,26,
2480,248,125,123,434,198,236,496,235,261,434,214,220,248,113,135,62,36,26,
2485,248,125,123,435,199,236,496,235,261,434,214,220,248,113,135,62,36,26,
2490,249,126,123,436,200,236,498,237,261,435,214,221,248,113,135,62,36,26,
2495,250,126,124,436,200,236,498,237,261,436,214,222,248,113,135,62,36,26,
2500,251,127,124,438,200,238,501,238,263,437,215,222,249,113,136,62,36,26,
2505,251,127,124,439,201,238,501,238,263,438,215,223,249,113,136,63,37,26,
2510,252,127,125,439,201,238,502,239,263,439,216,223,251,115,136,63,37,26,
2515,252,127,125,440,201,239,503,240,263,440,216,224,252,115,137,63,37,26,
2520,252,127,125,441,202,239,504,240,264,441,216,225,252,115,137,63,37,26,
2525,252,127,125,442,202,240,504,240,264,441,216,225,252,115,137,63,37,26,
2530,253,128,125,443,202,241,506,241,265,442,217,225,252,115,137,63,37,26,
2535,254,129,125,443,202,241,506,241,265,443,217,226,252,115,137,63,37,26,
2540,255,130,125,445,202,243,509,244,265,444,218,226,253,115,138,63,37,26,
2545,255,130,125,446,202,244,509,244,265,445,219,226,253,115,138,64,37,27,
2550,256,131,125,446,202,244,510,245,265,446,220,226,255,116,139,64,37,27,
2555,256,131,125,447,202,245,511,245,266,447,220,227,256,116,140,64,37,27,
2560,256,131,125,448,202,246,512,245,267,448,220,228,256,116,140,64,37,27,
2565,256,131,125,449,202,247,512,245,267,448,220,228,256,116,140,64,37,27,
2570,257,132,125,450,202,248,514,245,269,449,221,228,256,116,140,64,37,27,
2575,258,132,126,450,202,248,514,245,269,450,221,229,256,116,140,64,37,27,
2580,259,133,126,452,202,250,517,246,271,451,222,229,257,116,141,64,37,27,
2585,259,133,126,453,202,251,517,246,271,452,223,229,257,116,141,65,37,28,
2590,260,133,127,453,202,251,518,247,271,453,223,230,259,117,142,65,37,28,
2595,260,133,127,454,202,252,519,247,272,454,223,231,260,117,143,65,37,28,
2600,260,133,127,455,202,253,520,248,272,455,224,231,260,117,143,65,37,28,
2605,260,133,127,456,203,253,520,248,272,455,224,231,260,117,143,65,37,28,
2610,261,133,128,457,204,253,522,248,274,456,225,231,260,117,143,65,37,28,
2615,262,134,128,457,204,253,522,248,274,457,226,231,260,117,143,65,37,28,
2620,263,135,128,459,206,253,525,249,276,458,227,231,261,118,143,65,37,28,
2625,263,135,128,460,206,254,525,249,276,459,227,232,261,118,143,66,37,29,
2630,264,136,128,460,206,254,526,250,276,460,227,233,263,119,144,66,37,29,
2635,264,136,128,461,207,254,527,250,277,461,228,233,264,120,144,66,37,29,
2640,264,136,128,462,208,254,528,251,277,462,228,234,264,120,144,66,37,29,
2645,264,136,128,463,209,254,528,251,277,462,228,234,264,120,144,66,37,29,
2650,265,137,128,464,209,255,530,252,278,463,228,235,264,120,144,66,37,29,
2655,266,138,128,464,209,255,530,252,278,464,229,235,264,120,144,66,37,29,
2660,267,139,128,466,209,257,533,253,280,465,230,235,265,121,144,66,37,29,
2665,267,139,128,467,209,258,533,253,280,466,231,235,265,121,144,67,38,29,
2670,268,140,128,467,209,258,534,254,280,467,232,235,267,121,146,67,38,29,
2675,268,140,128,468,209,259,535,254,281,468,232,236,268,121,147,67,38,29,
2680,268,140,128,469,209,260,536,254,282,469,232,237,268,121,147,67,38,29,
2685,268,140,128,470,210,260,536,254,282,469,232,237,268,121,147,67,38,29,
2690,269,140,129,471,211,260,538,256,282,470,233,237,268,121,147,67,38,29,
2695,270,141,129,471,211,260,538,256,282,471,233,238,268,121,147,67,38,29,
2700,271,142,129,473,212,261,541,258,283,472,234,238,269,122,147,67,38,29,
2705,271,142,129,474,213,261,541,258,283,473,235,238,269,122,147,68,39,29,
2710,272,142,130,474,213,261,542,259,283,474,236,238,271,123,148,68,39,29,
2715,272,142,130,475,214,261,543,260,283,475,236,239,272,123,149,68,39,29,
2720,272,142,130,476,214,262,544,260,284,476,237,239,272,123,149,68,39,29,
2725,272,142,130,477,214,263,544,260,284,476,237,239,272,123,149,68,39,29,
2730,273,142,131,478,214,264,546,261,285,477,237,240,272,123,149,68,39,29,
2735,274,142,132,478,214,264,546,261,285,478,237,241,272,123,149,68,39,29,
2740,275,143,132,480,216,264,549,263,286,479,237,242,273,124,149,68,39,29,
2745,275,143,132,481,217,264,549,263,286,480,238,242,273,124,149,69,39,30,
2750,276,143,133,481,217,264,550,264,286,481,238,243,275,125,150,69,39,30,
2755,276,143,133,482,217,265,551,264,287,482,238,244,276,125,151,69,39,30,
2760,276,143,133,483,217,266,552,265,287,483,239,244,276,125,151,69,39,30,
2765,276,143,133,484,217,267,552,265,287,483,239,244,276,125,151,69,39,30,
2770,277,143,134,485,217,268,554,267,287,484,239,245,276,125,151,69,39,30,
2775,278,144,134,485,217,268,554,267,287,485,240,245,276,125,151,69,39,30,
2780,279,145,134,487,217,270,557,268,289,486,240,246,277,125,152,69,39,30,
2785,279,145,134,488,218,270,557,268,289,487,240,247,277,125,152,70,40,30,
2790,280,145,135,488,218,270,558,268,290,488,241,247,279,126,153,70,40,30,
2795,280,145,135,489,219,270,559,269,290,489,242,247,280,127,153,70,40,30,
2800,280,145,135,490,219,271,560,270,290,490,242,248,280,127,153,70,40,30,
2805,280,145,135,491,220,271,560,270,290,490,242,248,280,127,153,70,40,30,
2810,281,146,135,492,221,271,562,271,291,491,243,248,280,127,153,70,40,30,
2815,282,147,135,492,221,271,562,271,291,492,243,249,280,127,153,70,40,30,
2820,283,147,136,494,221,273,565,272,293,493,243,250,281,128,153,70,40,30,
2825,283,147,136,495,221,274,565,272,293,494,243,251,281,128,153,71,40,31,
2830,284,148,136,495,221,274,566,273,293,495,244,251,283,129,154,71,40,31,
2835,284,148,136,496,222,274,567,274,293,496,245,251,284,130,154,71,40,31,
2840,284,148,136,497,222,275,568,275,293,497,246,251,284,130,154,71,40,31,
2845,284,148,136,498,222,276,568,275,293,497,246,251,284,130,154,71,40,31,
2850,285,149,136,499,223,276,570,277,293,498,246,252,284,130,154,71,40,31,
2855,286,149,137,499,223,276,570,277,293,499,246,253,284,130,154,71,40,31,
2860,287,149,138,501,224,277,573,279,294,500,247,253,285,130,155,71,40,31,
2865,287,149,138,502,225,277,573,279,294,501,248,253,285,130,155,72,40,32,
2870,288,150,138,502,225,277,574,279,295,502,248,254,287,131,156,72,40,32,
2875,288,150,138,503,226,277,575,279,296,503,248,255,288,132,156,72,40,32,
2880,288,150,138,504,227,277,576,280,296,504,248,256,288,132,156,72,40,32,
2885,288,150,138,505,227,278,576,280,296,504,248,256,288,132,156,72,40,32,
2890,289,150,139,506,227,279,578,280,298,505,248,257,288,132,156,72,40,32,
2895,290,151,139,506,227,279,578,280,298,506,249,257,288,132,156,72,40,32,
2900,291,152,139,508,229,279,581,283,298,507,249,258,289,133,156,72,40,32,
2905,291,152,139,509,230,279,581,283,298,508,250,258,289,133,156,73,41,32,
2910,292,152,140,509,230,279,582,284,298,509,251,258,291,134,157,73,41,32,
2915,292,152,140,510,230,280,583,284,299,510,251,259,292,134,158,73,41,32,
2920,292,152,140,511,231,280,584,284,300,511,251,260,292,134,158,73,41,32,
2925,292,152,140,512,232,280,584,284,300,511,251,260,292,134,158,73,41,32,
2930,293,153,140,513,232,281,586,285,301,512,251,261,292,134,158,73,41,32,
2935,294,154,140,513,232,281,586,285,301,513,251,262,292,134,158,73,41,32,
2940,295,154,141,515,234,281,589,286,303,514,251,263,293,134,159,73,41,32,
2945,295,154,141,516,235,281,589,286,303,515,251,264,293,134,159,74,42,32,
2950,296,155,141,516,235,281,590,286,304,516,251,265,295,135,160,74,42,32,
2955,296,155,141,517,235,282,591,286,305,517,251,266,296,136,160,74,42,32,
2960,296,155,141,518,236,282,592,287,305,518,252,266,296,136,160,74,42,32,
2965,296,155,141,519,237,282,592,287,305,518,252,266,296,136,160,74,42,32,
2970,297,155,142,520,237,283,594,287,307,519,253,266,296,136,160,74,42,32,
2975,298,156,142,520,237,283,594,287,307,520,253,267,296,136,160,74,42,32,
2980,299,156,143,522,239,283,597,287,310,521,254,267,297,136,161,74,42,32,
2985,299,156,143,523,239,284,597,287,310,522,255,267,297,136,161,75,42,33,
2990,300,157,143,523,239,284,598,287,311,523,255,268,299,137,162,75,42,33,
2995,300,157,143,524,239,285,599,287,312,524,255,269,300,138,162,75,42,33,
3000,300,157,143,525,239,286,600,287,313,525,256,269,300,138,162,75,42,33,
3005,300,157,143,526,239,287,600,287,313,525,256,269,300,138,162,75,42,33,
3010,301,158,143,527,240,287,602,288,314,526,256,270,300,138,162,75,42,33,
3015,302,158,144,527,240,287,602,288,314,527,257,270,300,138,162,75,42,33,
3020,303,158,145,529,241,288,605,290,315,528,258,270,301,139,162,75,42,33,
3025,303,158,145,530,242,288,605,290,315,529,259,270,301,139,162,76,43,33,
3030,304,158,146,530,242,288,606,291,315,530,259,271,303,140,163,76,43,33,
3035,304,158,146,531,242,289,607,291,316,531,259,272,304,140,164,76,43,33,
3040,304,158,146,532,243,289,608,291,317,532,259,273,304,140,164,76,43,33,
3045,304,158,146,533,243,290,608,291,317,532,259,273,304,140,164,76,43,33,
3050,305,158,147,534,244,290,610,293,317,533,260,273,304,140,164,76,43,33,
3055,306,159,147,534,244,290,610,293,317,534,260,274,304,140,164,76,43,33,
3060,307,159,148,536,245,291,613,295,318,535,260,275,305,141,164,76,43,33,
3065,307,159,148,537,246,291,613,295,318,536,261,275,305,141,164,77,43,34,
3070,308,159,149,537,246,291,614,296,318,537,262,275,307,142,165,77,43,34,
3075,308,159,149,538,247,291,615,297,318,538,263,275,308,142,166,77,43,34,
3080,308,159,149,539,248,291,616,298,318,539,263,276,308,142,166,77,43,34,
3085,308,159,149,540,248,292,616,298,318,539,263,276,308,142,166,77,43,34,
3090,309,159,150,541,249,292,618,299,319,540,263,277,308,142,166,77,43,34,
3095,310,160,150,541,249,292,618,299,319,541,263,278,308,142,166,77,43,34,
3100,311,161,150,543,250,293,621,300,321,542,264,278,309,143,166,77,43,34,
3105,311,161,150,544,251,293,621,300,321,543,264,279,309,143,166,78,43,35,
3110,312,161,151,544,251,293,622,301,321,544,265,279,311,144,167,78,43,35,
3115,312,161,151,545,251,294,623,302,321,545,266,279,312,145,167,78,43,35,
3120,312,161,151,546,251,295,624,303,321,546,266,280,312,145,167,78,43,35,
3125,312,161,151,547,251,296,624,303,321,546,266,280,312,145,167,78,43,35,
3130,313,162,151,548,252,296,626,305,321,547,267,280,312,145,167,78,43,35,
3135,314,162,152,548,252,296,626,305,321,548,267,281,312,145,167,78,43,35,
3140,315,163,152,550,253,297,629,307,322,549,267,282,313,146,167,78,43,35,
3145,315,163,152,551,254,297,629,307,322,550,267,283,313,146,167,79,43,36,
3150,316,164,152,551,254,297,630,307,323,551,267,284,315,146,169,79,43,36,
3155,316,164,152,552,254,298,631,307,324,552,267,285,316,146,170,79,43,36,
3160,316,164,152,553,254,299,632,307,325,553,267,286,316,146,170,79,43,36,
3165,316,164,152,554,254,300,632,307,325,553,267,286,316,146,170,79,43,36,
3170,317,165,152,555,254,301,634,308,326,554,268,286,316,146,170,79,43,36,
3175,318,165,153,555,254,301,634,308,326,555,269,286,316,146,170,79,43,36,
3180,319,166,153,557,254,303,637,310,327,556,269,287,317,146,171,79,43,36,
3185,319,166,153,558,255,303,637,310,327,557,269,288,317,146,171,80,44,36,
3190,320,166,154,558,255,303,638,310,328,558,270,288,319,146,173,80,44,36,
3195,320,166,154,559,255,304,639,310,329,559,270,289,320,146,174,80,44,36,
3200,320,166,154,560,255,305,640,311,329,560,271,289,320,146,174,80,44,36,
3205,320,166,154,561,255,306,640,311,329,560,271,289,320,146,174,80,44,36,
3210,321,167,154,562,255,307,642,312,330,561,271,290,320,146,174,80,44,36,
3215,322,167,155,562,255,307,642,312,330,562,272,290,320,146,174,80,44,36,
3220,323,168,155,564,255,309,645,313,332,563,273,290,321,147,174,80,44,36,
3225,323,168,155,565,256,309,645,313,332,564,274,290,321,147,174,81,45,36,
3230,324,168,156,565,256,309,646,314,332,565,274,291,323,148,175,81,45,36,
3235,324,168,156,566,257,309,647,315,332,566,274,292,324,149,175,81,45,36,
3240,324,168,156,567,258,309,648,316,332,567,274,293,324,149,175,81,45,36,
3245,324,168,156,568,258,310,648,316,332,567,274,293,324,149,175,81,45,36,
3250,325,169,156,569,259,310,650,317,333,568,275,293,324,149,175,81,45,36,
3255,326,170,156,569,259,310,650,317,333,569,275,294,324,149,175,81,45,36,
3260,327,170,157,571,259,312,653,317,336,570,275,295,325,150,175,81,45,36,
3265,327,170,157,572,259,313,653,317,336,571,275,296,325,150,175,82,46,36,
3270,328,170,158,572,259,313,654,318,336,572,276,296,327,151,176,82,46,36,
3275,328,170,158,573,259,314,655,319,336,573,276,297,328,151,177,82,46,36,
3280,328,170,158,574,259,315,656,319,337,574,276,298,328,151,177,82,46,36,
3285,328,170,158,575,260,315,656,319,337,574,276,298,328,151,177,82,46,36,
3290,329,171,158,576,260,316,658,320,338,575,276,299,328,151,177,82,46,36,
3295,330,172,158,576,260,316,658,320,338,576,276,300,328,151,177,82,46,36,
3300,331,173,158,578,261,317,661,322,339,577,276,301,329,152,177,82,46,36,
3305,331,173,158,579,261,318,661,322,339,578,277,301,329,152,177,83,47,36,
3310,332,173,159,579,261,318,662,323,339,579,278,301,331,154,177,83,47,36,
3315,332,173,159,580,261,319,663,324,339,580,279,301,332,155,177,83,47,36,
3320,332,173,159,581,261,320,664,324,340,581,279,302,332,155,177,83,47,36,
3325,332,173,159,582,261,321,664,324,340,581,279,302,332,155,177,83,47,36,
3330,333,174,159,583,261,322,666,325,341,582,280,302,332,155,177,83,47,36,
3335,334,175,159,583,261,322,666,325,341,583,281,302,332,155,177,83,47,36,
3340,335,176,159,585,263,322,669,326,343,584,281,303,333,155,178,83,47,36,
3345,335,176,159,586,263,323,669,326,343,585,281,304,333,155,178,84,47,37,
3350,336,177,159,586,263,323,670,327,343,586,281,305,335,156,179,84,47,37,
3355,336,177,159,587,264,323,671,327,344,587,281,306,336,157,179,84,47,37,
3360,336,177,159,588,264,324,672,327,345,588,281,307,336,157,179,84,47,37,
3365,336,177,159,589,264,325,672,327,345,588,281,307,336,157,179,84,47,37,
3370,337,178,159,590,264,326,674,329,345,589,281,308,336,157,179,84,47,37,
3375,338,178,160,590,264,326,674,329,345,590,282,308,336,157,179,84,47,37,
3380,339,179,160,592,266,326,677,331,346,591,283,308,337,157,180,84,47,37,
3385,339,179,160,593,266,327,677,331,346,592,284,308,337,157,180,85,47,38,
3390,340,179,161,593,266,327,678,332,346,593,285,308,339,158,181,85,47,38,
3395,340,179,161,594,267,327,679,332,347,594,286,308,340,159,181,85,47,38,
3400,340,179,161,595,268,327,680,332,348,595,287,308,340,159,181,85,47,38,
3405,340,179,161,596,268,328,680,332,348,595,287,308,340,159,181,85,47,38,
3410,341,179,162,597,268,329,682,333,349,596,287,309,340,159,181,85,47,38,
3415,342,180,162,597,268,329,682,333,349,597,288,309,340,159,181,85,47,38,
3420,343,181,162,599,269,330,685,335,350,598,289,309,341,159,182,85,47,38,
3425,343,181,162,600,270,330,685,335,350,599,289,310,341,159,182,86,48,38,
3430,344,181,163,600,270,330,686,335,351,600,289,311,343,159,184,86,48,38,
3435,344,181,163,601,270,331,687,335,352,601,289,312,344,159,185,86,48,38,
3440,344,181,163,602,271,331,688,336,352,602,289,313,344,159,185,86,48,38,
3445,344,181,163,603,271,332,688,336,352,602,289,313,344,159,185,86,48,38,
3450,345,182,163,604,272,332,690,336,354,603,290,313,344,159,185,86,48,38,
3455,346,183,163,604,272,332,690,336,354,604,291,313,344,159,185,86,48,38,
3460,347,183,164,606,273,333,693,336,357,605,291,314,345,159,186,86,48,38,
3465,347,183,164,607,274,333,693,336,357,606,292,314,345,159,186,87,49,38,
3470,348,183,165,607,274,333,694,336,358,607,292,315,347,159,188,87,49,38,
3475,348,183,165,608,275,333,695,336,359,608,293,315,348,160,188,87,49,38,
3480,348,183,165,609,276,333,696,336,360,609,293,316,348,160,188,87,49,38,
3485,348,183,165,610,276,334,696,336,360,609,293,316,348,160,188,87,49,38,
3490,349,184,165,611,277,334,698,336,362,610,294,316,348,160,188,87,49,38,
3495,350,185,165,611,277,334,698,336,362,611,295,316,348,160,188,87,49,38,
3500,351,185,166,613,278,335,701,336,365,612,295,317,349,160,189,87,49,38,
3505,351,185,166,614,278,336,701,336,365,613,296,317,349,160,189,88,49,39,
3510,352,186,166,614,278,336,702,337,365,614,297,317,351,161,190,88,49,39,
3515,352,186,166,615,279,336,703,338,365,615,297,318,352,161,191,88,49,39,
3520,352,186,166,616,279,337,704,338,366,616,297,319,352,161,191,88,49,39,
3525,352,186,166,617,279,338,704,338,366,616,297,319,352,161,191,88,49,39,
3530,353,187,166,618,279,339,706,340,366,617,297,320,352,161,191,88,49,39,
3535,354,188,166,618,279,339,706,340,366,618,298,320,352,161,191,88,49,39,
3540,355,189,166,620,279,341,709,341,368,619,299,320,353,162,191,88,49,39,
3545,355,189,166,621,280,341,709,341,368,620,300,320,353,162,191,89,50,39,
3550,356,190,166,621,280,341,710,341,369,621,300,321,355,162,193,89,50,39,
3555,356,190,166,622,280,342,711,341,370,622,300,322,356,162,194,89,50,39,
3560,356,190,166,623,281,342,712,342,370,623,301,322,356,162,194,89,50,39,
3565,356,190,166,624,281,343,712,342,370,623,301,322,356,162,194,89,50,39,
3570,357,191,166,625,281,344,714,343,371,624,301,323,356,162,194,89,50,39,
3575,358,191,167,625,281,344,714,343,371,625,302,323,356,162,194,89,50,39,
3580,359,191,168,627,283,344,717,346,371,626,302,324,357,162,195,89,50,39,
3585,359,191,168,628,283,345,717,346,371,627,303,324,357,162,195,90,51,39,
3590,360,191,169,628,283,345,718,347,371,628,304,324,359,163,196,90,51,39,
3595,360,191,169,629,284,345,719,348,371,629,305,324,360,163,197,90,51,39,
3600,360,191,169,630,285,345,720,348,372,630,306,324,360,163,197,90,51,39,
3605,360,191,169,631,285,346,720,348,372,630,306,324,360,163,197,90,51,39,
3610,361,192,169,632,286,346,722,350,372,631,306,325,360,163,197,90,51,39,
3615,362,193,169,632,286,346,722,350,372,632,306,326,360,163,197,90,51,39,
3620,363,194,169,634,287,347,725,351,374,633,306,327,361,163,198,90,51,39,
3625,363,194,169,635,287,348,725,351,374,634,306,328,361,163,198,91,52,39,
3630,364,195,169,635,287,348,726,351,375,635,307,328,363,163,200,91,52,39,
3635,364,195,169,636,288,348,727,352,375,636,307,329,364,163,201,91,52,39,
3640,364,195,169,637,288,349,728,353,375,637,308,329,364,163,201,91,52,39,
3645,364,195,169,638,288,350,728,353,375,637,308,329,364,163,201,91,52,39,
3650,365,195,170,639,289,350,730,355,375,638,308,330,364,163,201,91,52,39,
3655,366,196,170,639,289,350,730,355,375,639,308,331,364,163,201,91,52,39,
3660,367,196,171,641,290,351,733,357,376,640,309,331,365,163,202,91,52,39,
3665,367,196,171,642,291,351,733,357,376,641,309,332,365,163,202,92,52,40,
3670,368,196,172,642,291,351,734,357,377,642,310,332,367,165,202,92,52,40,
3675,368,196,172,643,292,351,735,358,377,643,311,332,368,166,202,92,52,40,
3680,368,196,172,644,293,351,736,358,378,644,312,332,368,166,202,92,52,40,
3685,368,196,172,645,293,352,736,358,378,644,312,332,368,166,202,92,52,40,
3690,369,196,173,646,293,353,738,359,379,645,312,333,368,166,202,92,52,40,
3695,370,197,173,646,293,353,738,359,379,646,313,333,368,166,202,92,52,40,
3700,371,197,174,648,294,354,741,359,382,647,313,334,369,167,202,92,52,40,
3705,371,197,174,649,294,355,741,359,382,648,314,334,369,167,202,93,52,41,
3710,372,198,174,649,294,355,742,360,382,649,314,335,371,169,202,93,52,41,
3715,372,198,174,650,295,355,743,361,382,650,315,335,372,170,202,93,52,41,
3720,372,198,174,651,295,356,744,361,383,651,315,336,372,170,202,93,52,41,
3725,372,198,174,652,295,357,744,361,383,651,315,336,372,170,202,93,52,41,
3730,373,199,174,653,295,358,746,362,384,652,315,337,372,170,202,93,52,41,
3735,374,200,174,653,295,358,746,362,384,653,316,337,372,170,202,93,52,41,
3740,375,200,175,655,296,359,749,364,385,654,316,338,373,171,202,93,52,41,
3745,375,200,175,656,296,360,749,364,385,655,317,338,373,171,202,94,53,41,
3750,376,200,176,656,296,360,750,365,385,656,317,339,375,171,204,94,53,41,
3755,376,200,176,657,296,361,751,365,386,657,318,339,376,172,204,94,53,41,
3760,376,200,176,658,296,362,752,365,387,658,319,339,376,172,204,94,53,41,
3765,376,200,176,659,296,363,752,365,387,658,319,339,376,172,204,94,53,41,
3770,377,201,176,660,297,363,754,366,388,659,319,340,376,172,204,94,53,41,
3775,378,201,177,660,297,363,754,366,388,660,319,341,376,172,204,94,53,41,
3780,379,202,177,662,298,364,757,368,389,661,319,342,377,173,204,94,53,41,
3785,379,202,177,663,299,364,757,368,389,662,319,343,377,173,204,95,53,42,
3790,380,202,178,663,299,364,758,368,390,663,319,344,379,174,205,95,53,42,
3795,380,202,178,664,299,365,759,368,391,664,319,345,380,174,206,95,53,42,
3800,380,202,178,665,299,366,760,369,391,665,319,346,380,174,206,95,53,42,
3805,380,202,178,666,300,366,760,369,391,665,319,346,380,174,206,95,53,42,
3810,381,203,178,667,301,366,762,371,391,666,319,347,380,174,206,95,53,42,
3815,382,203,179,667,301,366,762,371,391,667,319,348,380,174,206,95,53,42,
3820,383,203,180,669,302,367,765,372,393,668,319,349,381,175,206,95,53,42,
3825,383,203,180,670,303,367,765,372,393,669,320,349,381,175,206,96,53,43,
3830,384,203,181,670,303,367,766,373,393,670,321,349,383,176,207,96,53,43,
3835,384,203,181,671,304,367,767,373,394,671,322,349,384,177,207,96,53,43,
3840,384,203,181,672,305,367,768,374,394,672,322,350,384,177,207,96,53,43,
3845,384,203,181,673,305,368,768,374,394,672,322,350,384,177,207,96,53,43,
3850,385,204,181,674,305,369,770,375,395,673,323,350,384,177,207,96,53,43,
3855,386,204,182,674,305,369,770,375,395,674,323,351,384,177,207,96,53,43,
3860,387,205,182,676,307,369,773,377,396,675,324,351,385,177,208,96,53,43,
3865,387,205,182,677,308,369,773,377,396,676,324,352,385,177,208,97,53,44,
3870,388,206,182,677,308,369,774,377,397,677,324,353,387,179,208,97,53,44,
3875,388,206,182,678,309,369,775,378,397,678,325,353,388,179,209,97,53,44,
3880,388,206,182,679,309,370,776,378,398,679,326,353,388,179,209,97,53,44,
3885,388,206,182,680,309,371,776,378,398,679,326,353,388,179,209,97,53,44,
3890,389,207,182,681,309,372,778,379,399,680,327,353,388,179,209,97,53,44,
3895,390,207,183,681,309,372,778,379,399,681,327,354,388,179,209,97,53,44,
3900,391,207,184,683,311,372,781,380,401,682,327,355,389,180,209,97,53,44,
3905,391,207,184,684,311,373,781,380,401,683,327,356,389,180,209,98,53,45,
3910,392,207,185,684,311,373,782,380,402,684,327,357,391,180,211,98,53,45,
3915,392,207,185,685,312,373,783,380,403,685,328,357,392,181,211,98,53,45,
3920,392,207,185,686,312,374,784,380,404,686,328,358,392,181,211,98,53,45,
3925,392,207,185,687,312,375,784,380,404,686,328,358,392,181,211,98,53,45,
3930,393,207,186,688,313,375,786,381,405,687,328,359,392,181,211,98,53,45,
3935,394,207,187,688,313,375,786,381,405,688,328,360,392,181,211,98,53,45,
3940,395,208,187,690,313,377,789,382,407,689,329,360,393,181,212,98,53,45,
3945,395,208,187,691,314,377,789,382,407,690,329,361,393,181,212,99,54,45,
3950,396,209,187,691,314,377,790,383,407,691,329,362,395,182,213,99,54,45,
3955,396,209,187,692,314,378,791,383,408,692,330,362,396,182,214,99,54,45,
3960,396,209,187,693,314,379,792,383,409,693,331,362,396,182,214,99,54,45,
3965,396,209,187,694,314,380,792,383,409,693,331,362,396,182,214,99,54,45,
3970,397,210,187,695,314,381,794,384,410,694,331,363,396,182,214,99,54,45,
3975,398,210,188,695,314,381,794,384,410,695,332,363,396,182,214,99,54,45,
3980,399,211,188,697,314,383,797,385,412,696,332,364,397,182,215,99,54,45,
3985,399,211,188,698,315,383,797,385,412,697,333,364,397,182,215,100,54,46,
3990,400,212,188,698,315,383,798,385,413,698,334,364,399,184,215,100,54,46,
3995,400,212,188,699,315,384,799,385,414,699,335,364,400,185,215,100,54,46,
4000,400,212,188,700,315,385,800,386,414,700,335,365,400,185,215,100,54,46,
4005,400,212,188,701,316,385,800,386,414,700,335,365,400,185,215,100,54,46,
4010,401,212,189,702,316,386,802,387,415,701,336,365,400,185,215,100,54,46,
4015,402,212,190,702,316,386,802,387,415,702,336,366,400,185,215,100,54,46,
4020,403,213,190,704,318,386,805,389,416,703,337,366,401,186,215,100,54,46,
4025,403,213,190,705,319,386,805,389,416,704,338,366,401,186,215,101,54,47,
4030,404,213,191,705,319,386,806,390,416,705,338,367,403,187,216,101,54,47,
4035,404,213,191,706,319,387,807,390,417,706,338,368,404,187,217,101,54,47,
4040,404,213,191,707,319,388,808,391,417,707,339,368,404,187,217,101,54,47,
4045,404,213,191,708,320,388,808,391,417,707,339,368,404,187,217,101,54,47,
4050,405,214,191,709,320,389,810,391,419,708,339,369,404,187,217,101,54,47,
4055,406,215,191,709,320,389,810,391,419,709,340,369,404,187,217,101,54,47,
4060,407,215,192,711,320,391,813,392,421,710,341,369,405,188,217,101,54,47,
4065,407,215,192,712,320,392,813,392,421,711,341,370,405,188,217,102,54,48,
4070,408,215,193,712,320,392,814,392,422,712,342,370,407,188,219,102,54,48,
4075,408,215,193,713,320,393,815,392,423,713,342,371,408,189,219,102,54,48,
4080,408,215,193,714,320,394,816,393,423,714,343,371,408,189,219,102,54,48,
4085,408,215,193,715,320,395,816,393,423,714,343,371,408,189,219,102,54,48,
4090,409,216,193,716,320,396,818,394,424,715,344,371,408,189,219,102,54,48,
4095,410,216,194,716,320,396,818,394,424,716,344,372,408,189,219,102,54,48,
4100,411,216,195,718,321,397,821,394,427,717,344,373,409,189,220,102,54,48,
4105,411,216,195,719,322,397,821,394,427,718,345,373,409,189,220,103,55,48,
4110,412,217,195,719,322,397,822,395,427,719,346,373,411,189,222,103,55,48,
4115,412,217,195,720,322,398,823,396,427,720,346,374,412,190,222,103,55,48,
4120,412,217,195,721,323,398,824,396,428,721,346,375,412,190,222,103,55,48,
4125,412,217,195,722,324,398,824,396,428,721,346,375,412,190,222,103,55,48,
4130,413,217,196,723,324,399,826,397,429,722,347,375,412,190,222,103,55,48,
4135,414,217,197,723,324,399,826,397,429,723,347,376,412,190,222,103,55,48,
4140,415,217,198,725,324,401,829,397,432,724,348,376,413,191,222,103,55,48,
4145,415,217,198,726,325,401,829,397,432,725,349,376,413,191,222,104,56,48,
4150,416,217,199,726,325,401,830,398,432,726,349,377,415,192,223,104,56,48,
4155,416,217,199,727,326,401,831,398,433,727,350,377,416,193,223,104,56,48,
4160,416,217,199,728,326,402,832,399,433,728,350,378,416,193,223,104,56,48,
4165,416,217,199,729,327,402,832,399,433,728,350,378,416,193,223,104,56,48,
4170,417,218,199,730,328,402,834,401,433,729,350,379,416,193,223,104,56,48,
4175,418,219,199,730,328,402,834,401,433,730,350,380,416,193,223,104,56,48,
4180,419,219,200,732,329,403,837,403,434,731,351,380,417,193,224,104,56,48,
4185,419,219,200,733,330,403,837,403,434,732,351,381,417,193,224,105,57,48,
4190,420,220,200,733,330,403,838,404,434,733,351,382,419,195,224,105,57,48,
4195,420,220,200,734,330,404,839,405,434,734,351,383,420,196,224,105,57,48,
4200,420,220,200,735,331,404,840,405,435,735,352,383,420,196,224,105,57,48,
4205,420,220,200,736,332,404,840,405,435,735,352,383,420,196,224,105,57,48,
4210,421,221,200,737,333,404,842,406,436,736,352,384,420,196,224,105,57,48,
4215,422,221,201,737,333,404,842,406,436,737,352,385,420,196,224,105,57,48,
4220,423,221,202,739,334,405,845,408,437,738,353,385,421,197,224,105,57,48,
4225,423,221,202,740,334,406,845,408,437,739,354,385,421,197,224,106,58,48,
4230,424,221,203,740,334,406,846,408,438,740,354,386,423,198,225,106,58,48,
4235,424,221,203,741,335,406,847,408,439,741,355,386,424,199,225,106,58,48,
4240,424,221,203,742,335,407,848,409,439,742,355,387,424,199,225,106,58,48,
4245,424,221,203,743,335,408,848,409,439,742,355,387,424,199,225,106,58,48,
4250,425,222,203,744,335,409,850,409,441,743,356,387,424,199,225,106,58,48,
4255,426,223,203,744,335,409,850,409,441,744,357,387,424,199,225,106,58,48,
4260,427,223,204,746,336,410,853,410,443,745,357,388,425,200,225,106,58,48,
4265,427,223,204,747,337,410,853,410,443,746,358,388,425,200,225,107,59,48,
4270,428,223,205,747,337,410,854,411,443,747,359,388,427,201,226,107,59,48,
4275,428,223,205,748,338,410,855,412,443,748,360,388,428,202,226,107,59,48,
4280,428,223,205,749,338,411,856,412,444,749,361,388,428,202,226,107,59,48,
4285,428,223,205,750,338,412,856,412,444,749,361,388,428,202,226,107,59,48,
4290,429,224,205,751,338,413,858,414,444,750,362,388,428,202,226,107,59,48,
4295,430,225,205,751,338,413,858,414,444,751,363,388,428,202,226,107,59,48,
4300,431,226,205,753,338,415,861,416,445,752,363,389,429,203,226,107,59,48,
4305,431,226,205,754,339,415,861,416,445,753,364,389,429,203,226,108,59,49,
4310,432,227,205,754,339,415,862,417,445,754,364,390,431,203,228,108,59,49,
4315,432,227,205,755,340,415,863,418,445,755,364,391,432,204,228,108,59,49,
4320,432,227,205,756,340,416,864,419,445,756,364,392,432,204,228,108,59,49,
4325,432,227,205,757,340,417,864,419,445,756,364,392,432,204,228,108,59,49,
4330,433,227,206,758,341,417,866,420,446,757,365,392,432,204,228,108,59,49,
4335,434,228,206,758,341,417,866,420,446,758,366,392,432,204,228,108,59,49,
4340,435,228,207,760,343,417,869,423,446,759,366,393,433,204,229,108,59,49,
4345,435,228,207,761,344,417,869,423,446,760,366,394,433,204,229,109,59,50,
4350,436,229,207,761,344,417,870,424,446,761,367,394,435,205,230,109,59,50,
4355,436,229,207,762,345,417,871,425,446,762,368,394,436,206,230,109,59,50,
4360,436,229,207,763,346,417,872,426,446,763,369,394,436,206,230,109,59,50,
4365,436,229,207,764,347,417,872,426,446,763,369,394,436,206,230,109,59,50,
4370,437,230,207,765,348,417,874,428,446,764,370,394,436,206,230,109,59,50,
4375,438,230,208,765,348,417,874,428,446,765,371,394,436,206,230,109,59,50,
4380,439,230,209,767,349,418,877,431,446,766,371,395,437,206,231,109,59,50,
4385,439,230,209,768,350,418,877,431,446,767,371,396,437,206,231,110,60,50,
4390,440,231,209,768,350,418,878,431,447,768,372,396,439,207,232,110,60,50,
4395,440,231,209,769,351,418,879,432,447,769,372,397,440,208,232,110,60,50,
4400,440,231,209,770,351,419,880,432,448,770,373,397,440,208,232,110,60,50,
4405,440,231,209,771,351,420,880,432,448,770,373,397,440,208,232,110,60,50,
4410,441,232,209,772,351,421,882,434,448,771,373,398,440,208,232,110,60,50,
4415,442,233,209,772,351,421,882,434,448,772,373,399,440,208,232,110,60,50,
4420,443,234,209,774,351,423,885,435,450,773,374,399,441,209,232,110,60,50,
4425,443,234,209,775,352,423,885,435,450,774,375,399,441,209,232,111,60,51,
4430,444,234,210,775,352,423,886,435,451,775,375,400,443,211,232,111,60,51,
4435,444,234,210,776,353,423,887,435,452,776,376,400,444,211,233,111,60,51,
4440,444,234,210,777,353,424,888,435,453,777,376,401,444,211,233,111,60,51,
4445,444,234,210,778,353,425,888,435,453,777,376,401,444,211,233,111,60,51,
4450,445,235,210,779,354,425,890,435,455,778,377,401,444,211,233,111,60,51,
4455,446,235,211,779,354,425,890,435,455,779,378,401,444,211,233,111,60,51,
4460,447,235,212,781,354,427,893,436,457,780,379,401,445,212,233,111,60,51,
4465,447,235,212,782,354,428,893,436,457,781,380,401,445,212,233,112,60,52,
4470,448,235,213,782,354,428,894,437,457,782,380,402,447,212,235,112,60,52,
4475,448,235,213,783,354,429,895,437,458,783,380,403,448,213,235,112,60,52,
4480,448,235,213,784,354,430,896,437,459,784,381,403,448,213,235,112,60,52,
4485,448,235,213,785,355,430,896,437,459,784,381,403,448,213,235,112,60,52,
4490,449,236,213,786,355,431,898,437,461,785,382,403,448,213,235,112,60,52,
4495,450,237,213,786,355,431,898,437,461,786,383,403,448,213,235,112,60,52,
4500,451,238,213,788,356,432,901,438,463,787,383,404,449,214,235,112,60,52,
4505,451,238,213,789,356,433,901,438,463,788,383,405,449,214,235,113,60,53,
4510,452,238,214,789,356,433,902,439,463,789,383,406,451,215,236,113,60,53,
4515,452,238,214,790,356,434,903,439,464,790,384,406,452,215,237,113,60,53,
4520,452,238,214,791,357,434,904,439,465,791,385,406,452,215,237,113,60,53,
4525,452,238,214,792,358,434,904,439,465,791,385,406,452,215,237,113,60,53,
4530,453,238,215,793,358,435,906,439,467,792,385,407,452,215,237,113,60,53,
4535,454,239,215,793,358,435,906,439,467,793,385,408,452,215,237,113,60,53,
4540,455,239,216,795,359,436,909,442,467,794,386,408,453,215,238,113,60,53,
4545,455,239,216,796,360,436,909,442,467,795,386,409,453,215,238,114,61,53,
4550,456,240,216,796,360,436,910,442,468,796,386,410,455,216,239,114,61,53,
4555,456,240,216,797,360,437,911,442,469,797,386,411,456,216,240,114,61,53,
4560,456,240,216,798,360,438,912,442,470,798,386,412,456,216,240,114,61,53,
4565,456,240,216,799,360,439,912,442,470,798,386,412,456,216,240,114,61,53,
4570,457,241,216,800,360,440,914,443,471,799,387,412,456,216,240,114,61,53,
4575,458,242,216,800,360,440,914,443,471,800,388,412,456,216,240,114,61,53,
4580,459,243,216,802,360,442,917,444,473,801,388,413,457,217,240,114,61,53,
4585,459,243,216,803,361,442,917,444,473,802,388,414,457,217,240,115,61,54,
4590,460,243,217,803,361,442,918,444,474,803,388,415,459,217,242,115,61,54,
4595,460,243,217,804,361,443,919,445,474,804,388,416,460,217,243,115,61,54,
4600,460,243,217,805,362,443,920,445,475,805,389,416,460,217,243,115,61,54,
4605,460,243,217,806,362,444,920,445,475,805,389,416,460,217,243,115,61,54,
4610,461,244,217,807,363,444,922,445,477,806,389,417,460,217,243,115,61,54,
4615,462,244,218,807,363,444,922,445,477,807,390,417,460,217,243,115,61,54,
4620,463,244,219,809,363,446,925,446,479,808,391,417,461,218,243,115,61,54,
4625,463,244,219,810,363,447,925,446,479,809,392,417,461,218,243,116,62,54,
4630,464,244,220,810,363,447,926,446,480,810,392,418,463,220,243,116,62,54,
4635,464,244,220,811,364,447,927,446,481,811,392,419,464,220,244,116,62,54,
4640,464,244,220,812,364,448,928,446,482,812,393,419,464,220,244,116,62,54,
4645,464,244,220,813,364,449,928,446,482,812,393,419,464,220,244,116,62,54,
4650,465,244,221,814,365,449,930,447,483,813,394,419,464,220,244,116,62,54,
4655,466,244,222,814,365,449,930,447,483,814,395,419,464,220,244,116,62,54,
4660,467,244,223,816,366,450,933,449,484,815,395,420,465,221,244,116,62,54,
4665,467,244,223,817,366,451,933,449,484,816,395,421,465,221,244,117,63,54,
4670,468,244,224,817,366,451,934,449,485,817,395,422,467,222,245,117,63,54,
4675,468,244,224,818,367,451,935,450,485,818,395,423,468,223,245,117,63,54,
4680,468,244,224,819,367,452,936,451,485,819,395,424,468,223,245,117,63,54,
4685,468,244,224,820,368,452,936,451,485,819,395,424,468,223,245,117,63,54,
4690,469,244,225,821,369,452,938,451,487,820,396,424,468,223,245,117,63,54,
4695,470,245,225,821,369,452,938,451,487,821,396,425,468,223,245,117,63,54,
4700,471,246,225,823,370,453,941,453,488,822,396,426,469,223,246,117,63,54,
4705,471,246,225,824,371,453,941,453,488,823,396,427,469,223,246,118,64,54,
4710,472,246,226,824,371,453,942,453,489,824,397,427,471,224,247,118,64,54,
4715,472,246,226,825,371,454,943,454,489,825,398,427,472,224,248,118,64,54,
4720,472,246,226,826,371,455,944,455,489,826,399,427,472,224,248,118,64,54,
4725,472,246,226,827,372,455,944,455,489,826,399,427,472,224,248,118,64,54,
4730,473,246,227,828,373,455,946,456,490,827,399,428,472,224,248,118,64,54,
4735,474,246,228,828,373,455,946,456,490,828,400,428,472,224,248,118,64,54,
4740,475,246,229,830,375,455,949,457,492,829,401,428,473,224,249,118,64,54,
4745,475,246,229,831,376,455,949,457,492,830,402,428,473,224,249,119,65,54,
4750,476,246,230,831,376,455,950,457,493,831,403,428,475,225,250,119,65,54,
4755,476,246,230,832,377,455,951,457,494,832,404,428,476,225,251,119,65,54,
4760,476,246,230,833,378,455,952,457,495,833,404,429,476,225,251,119,65,54,
4765,476,246,230,834,378,456,952,457,495,833,404,429,476,225,251,119,65,54,
4770,477,247,230,835,379,456,954,457,497,834,404,430,476,225,251,119,65,54,
4775,478,248,230,835,379,456,954,457,497,835,404,431,476,225,251,119,65,54,
4780,479,249,230,837,380,457,957,458,499,836,404,432,477,225,252,119,65,54,
4785,479,249,230,838,381,457,957,458,499,837,404,433,477,225,252,120,65,55,
4790,480,250,230,838,381,457,958,459,499,838,405,433,479,226,253,120,65,55,
4795,480,250,230,839,381,458,959,460,499,839,405,434,480,226,254,120,65,55,
4800,480,250,230,840,382,458,960,460,500,840,405,435,480,226,254,120,65,55,
4805,480,250,230,841,383,458,960,460,500,840,405,435,480,226,254,120,65,55,
4810,481,251,230,842,383,459,962,462,500,841,405,436,480,226,254,120,65,55,
4815,482,251,231,842,383,459,962,462,500,842,406,436,480,226,254,120,65,55,
4820,483,252,231,844,385,459,965,463,502,843,406,437,481,226,255,120,65,55,
4825,483,252,231,845,386,459,965,463,502,844,406,438,481,226,255,121,66,55,
4830,484,252,232,845,386,459,966,463,503,845,407,438,483,226,257,121,66,55,
4835,484,252,232,846,386,460,967,464,503,846,407,439,484,226,258,121,66,55,
4840,484,252,232,847,386,461,968,464,504,847,408,439,484,226,258,121,66,55,
4845,484,252,232,848,386,462,968,464,504,847,408,439,484,226,258,121,66,55,
4850,485,253,232,849,386,463,970,465,505,848,409,439,484,226,258,121,66,55,
4855,486,253,233,849,386,463,970,465,505,849,409,440,484,226,258,121,66,55,
4860,487,254,233,851,386,465,973,467,506,850,410,440,485,226,259,121,66,55,
4865,487,254,233,852,386,466,973,467,506,851,411,440,485,226,259,122,67,55,
4870,488,254,234,852,386,466,974,467,507,852,411,441,487,227,260,122,67,55,
4875,488,254,234,853,387,466,975,467,508,853,412,441,488,228,260,122,67,55,
4880,488,254,234,854,388,466,976,467,509,854,413,441,488,228,260,122,67,55,
4885,488,254,234,855,388,467,976,467,509,854,413,441,488,228,260,122,67,55,
4890,489,254,235,856,389,467,978,467,511,855,413,442,488,228,260,122,67,55,
4895,490,255,235,856,389,467,978,467,511,856,413,443,488,228,260,122,67,55,
4900,491,256,235,858,390,468,981,468,513,857,414,443,489,228,261,122,67,55,
4905,491,256,235,859,390,469,981,468,513,858,415,443,489,228,261,123,67,56,
4910,492,257,235,859,390,469,982,469,513,859,416,443,491,229,262,123,67,56,
4915,492,257,235,860,391,469,983,470,513,860,417,443,492,230,262,123,67,56,
4920,492,257,235,861,391,470,984,470,514,861,418,443,492,230,262,123,67,56,
4925,492,257,235,862,391,471,984,470,514,861,418,443,492,230,262,123,67,56,
4930,493,258,235,863,391,472,986,470,516,862,419,443,492,230,262,123,67,56,
4935,494,258,236,863,391,472,986,470,516,863,420,443,492,230,262,123,67,56,
4940,495,258,237,865,392,473,989,473,516,864,421,443,493,231,262,123,67,56,
4945,495,258,237,866,392,474,989,473,516,865,421,444,493,231,262,124,68,56,
4950,496,258,238,866,392,474,990,474,516,866,422,444,495,232,263,124,68,56,
4955,496,258,238,867,393,474,991,475,516,867,422,445,496,233,263,124,68,56,
4960,496,258,238,868,394,474,992,476,516,868,422,446,496,233,263,124,68,56,
4965,496,258,238,869,394,475,992,476,516,868,422,446,496,233,263,124,68,56,
4970,497,259,238,870,395,475,994,478,516,869,423,446,496,233,263,124,68,56,
4975,498,259,239,870,395,475,994,478,516,870,423,447,496,233,263,124,68,56,
4980,499,259,240,872,397,475,997,480,517,871,424,447,497,234,263,124,68,56,
4985,499,259,240,873,397,476,997,480,517,872,425,447,497,234,263,125,69,56,
4990,500,260,240,873,397,476,998,480,518,873,426,447,499,235,264,125,69,56,
4995,500,260,240,874,398,476,999,480,519,874,426,448,500,235,265,125,69,56,
5000,500,260,240,875,399,476,1000,481,519,875,427,448,500,235,265,125,69,56,
5005,500,260,240,876,400,476,1000,481,519,875,427,448,500,235,265,125,69,56,
5010,501,261,240,877,401,476,1002,482,520,876,427,449,500,235,265,125,69,56,
5015,502,262,240,877,401,476,1002,482,520,877,428,449,500,235,265,125,69,56,
5020,503,263,240,879,401,478,1005,484,521,878,428,450,501,235,266,125,69,56,
5025,503,263,240,880,402,478,1005,484,521,879,429,450,501,235,266,126,70,56,
5030,504,263,241,880,402,478,1006,484,522,880,429,451,503,235,268,126,70,56,
5035,504,263,241,881,402,479,1007,485,522,881,429,452,504,235,269,126,70,56,
5040,504,263,241,882,403,479,1008,485,523,882,430,452,504,235,269,126,70,56,
5045,504,263,241,883,403,480,1008,485,523,882,430,452,504,235,269,126,70,56,
5050,505,264,241,884,403,481,1010,486,524,883,431,452,504,235,269,126,70,56,
5055,506,265,241,884,403,481,1010,486,524,884,431,453,504,235,269,126,70,56,
5060,507,265,242,886,404,482,1013,487,526,885,432,453,505,236,269,126,70,56,
5065,507,265,242,887,404,483,1013,487,526,886,432,454,505,236,269,127,70,57,
5070,508,265,243,887,404,483,1014,487,527,887,432,455,507,236,271,127,70,57,
5075,508,265,243,888,405,483,1015,487,528,888,432,456,508,236,272,127,70,57,
5080,508,265,243,889,406,483,1016,487,529,889,433,456,508,236,272,127,70,57,
5085,508,265,243,890,407,483,1016,487,529,889,433,456,508,236,272,127,70,57,
5090,509,266,243,891,407,484,1018,487,531,890,433,457,508,236,272,127,70,57,
5095,510,266,244,891,407,484,1018,487,531,891,434,457,508,236,272,127,70,57,
5100,511,267,244,893,408,485,1021,489,532,892,435,457,509,237,272,127,70,57,
5105,511,267,244,894,409,485,1021,489,532,893,436,457,509,237,272,128,70,58,
5110,512,267,245,894,409,485,1022,490,532,894,437,457,511,238,273,128,70,58,
5115,512,267,245,895,410,485,1023,491,532,895,438,457,512,238,274,128,70,58,
5120,512,267,245,896,410,486,1024,491,533,896,438,458,512,238,274,128,70,58,
5125,512,267,245,897,411,486,1024,491,533,896,438,458,512,238,274,128,70,58,
5130,513,267,246,898,411,487,1026,492,534,897,438,459,512,238,274,128,70,58,
5135,514,268,246,898,411,487,1026,492,534,898,439,459,512,238,274,128,70,58,
5140,515,269,246,900,411,489,1029,493,536,899,439,460,513,239,274,128,70,58,
5145,515,269,246,901,412,489,1029,493,536,900,439,461,513,239,274,129,71,58,
5150,516,269,247,901,412,489,1030,493,537,901,440,461,515,240,275,129,71,58,
5155,516,269,247,902,412,490,1031,494,537,902,440,462,516,240,276,129,71,58,
5160,516,269,247,903,413,490,1032,495,537,903,440,463,516,240,276,129,71,58,
5165,516,269,247,904,414,490,1032,495,537,903,440,463,516,240,276,129,71,58,
5170,517,270,247,905,415,490,1034,497,537,904,441,463,516,240,276,129,71,58,
5175,518,271,247,905,415,490,1034,497,537,905,441,464,516,240,276,129,71,58,
5180,519,272,247,907,416,491,1037,498,539,906,441,465,517,240,277,129,71,58,
5185,519,272,247,908,416,492,1037,498,539,907,442,465,517,240,277,130,72,58,
5190,520,273,247,908,416,492,1038,499,539,908,442,466,519,241,278,130,72,58,
5195,520,273,247,909,417,492,1039,500,539,909,442,467,520,242,278,130,72,58,
5200,520,273,247,910,418,492,1040,501,539,910,442,468,520,242,278,130,72,58,
5205,520,273,247,911,418,493,1040,501,539,910,442,468,520,242,278,130,72,58,
5210,521,274,247,912,419,493,1042,502,540,911,442,469,520,242,278,130,72,58,
5215,522,275,247,912,419,493,1042,502,540,912,443,469,520,242,278,130,72,58,
5220,523,276,247,914,421,493,1045,502,543,913,443,470,521,242,279,130,72,58,
5225,523,276,247,915,422,493,1045,502,543,914,444,470,521,242,279,131,73,58,
5230,524,276,248,915,422,493,1046,502,544,915,445,470,523,243,280,131,73,58,
5235,524,276,248,916,422,494,1047,502,545,916,445,471,524,243,281,131,73,58,
5240,524,276,248,917,423,494,1048,502,546,917,445,472,524,243,281,131,73,58,
5245,524,276,248,918,424,494,1048,502,546,917,445,472,524,243,281,131,73,58,
5250,525,276,249,919,425,494,1050,502,548,918,446,472,524,243,281,131,73,58,
5255,526,277,249,919,425,494,1050,502,548,919,446,473,524,243,281,131,73,58,
5260,527,278,249,921,427,494,1053,503,550,920,447,473,525,243,282,131,73,58,
5265,527,278,249,922,428,494,1053,503,550,921,448,473,525,243,282,132,73,59,
5270,528,278,250,922,428,494,1054,504,550,922,449,473,527,244,283,132,73,59,
5275,528,278,250,923,428,495,1055,504,551,923,449,474,528,244,284,132,73,59,
5280,528,278,250,924,428,496,1056,504,552,924,449,475,528,244,284,132,73,59,
5285,528,278,250,925,428,497,1056,504,552,924,449,475,528,244,284,132,73,59,
5290,529,279,250,926,428,498,1058,505,553,925,450,475,528,244,284,132,73,59,
5295,530,279,251,926,428,498,1058,505,553,926,451,475,528,244,284,132,73,59,
5300,531,279,252,928,429,499,1061,506,555,927,451,476,529,244,285,132,73,59,
5305,531,279,252,929,430,499,1061,506,555,928,452,476,529,244,285,133,73,60,
5310,532,279,253,929,430,499,1062,507,555,929,453,476,531,246,285,133,73,60,
5315,532,279,253,930,431,499,1063,508,555,930,453,477,532,246,286,133,73,60,
5320,532,279,253,931,431,500,1064,509,555,931,454,477,532,246,286,133,73,60,
5325,532,279,253,932,431,501,1064,509,555,931,454,477,532,246,286,133,73,60,
5330,533,279,254,933,432,501,1066,511,555,932,454,478,532,246,286,133,73,60,
5335,534,280,254,933,432,501,1066,511,555,933,454,479,532,246,286,133,73,60,
5340,535,281,254,935,432,503,1069,514,555,934,454,480,533,247,286,133,73,60,
5345,535,281,254,936,432,504,1069,514,555,935,455,480,533,247,286,134,74,60,
5350,536,281,255,936,432,504,1070,514,556,936,455,481,535,248,287,134,74,60,
5355,536,281,255,937,432,505,1071,514,557,937,456,481,536,248,288,134,74,60,
5360,536,281,255,938,433,505,1072,514,558,938,457,481,536,248,288,134,74,60,
5365,536,281,255,939,433,506,1072,514,558,938,457,481,536,248,288,134,74,60,
5370,537,281,256,940,434,506,1074,515,559,939,457,482,536,248,288,134,74,60,
5375,538,281,257,940,434,506,1074,515,559,940,457,483,536,248,288,134,74,60,
5380,539,281,258,942,435,507,1077,516,561,941,458,483,537,248,289,134,74,60,
5385,539,281,258,943,436,507,1077,516,561,942,459,483,537,248,289,135,75,60,
5390,540,282,258,943,436,507,1078,516,562,943,460,483,539,248,291,135,75,60,
5395,540,282,258,944,437,507,1079,516,563,944,460,484,540,249,291,135,75,60,
5400,540,282,258,945,438,507,1080,516,564,945,461,484,540,249,291,135,75,60,
5405,540,282,258,946,438,508,1080,516,564,945,461,484,540,249,291,135,75,60,
5410,541,283,258,947,439,508,1082,517,565,946,462,484,540,249,291,135,75,60,
5415,542,284,258,947,439,508,1082,517,565,947,462,485,540,249,291,135,75,60,
5420,543,284,259,949,441,508,1085,518,567,948,463,485,541,250,291,135,75,60,
5425,543,284,259,950,441,509,1085,518,567,949,464,485,541,250,291,136,75,61,
5430,544,284,260,950,441,509,1086,519,567,950,465,485,543,251,292,136,75,61,
5435,544,284,260,951,442,509,1087,519,568,951,465,486,544,251,293,136,75,61,
5440,544,284,260,952,443,509,1088,519,569,952,465,487,544,251,293,136,75,61,
5445,544,284,260,953,444,509,1088,519,569,952,465,487,544,251,293,136,75,61,
5450,545,284,261,954,445,509,1090,519,571,953,465,488,544,251,293,136,75,61,
5455,546,285,261,954,445,509,1090,519,571,954,465,489,544,251,293,136,75,61,
5460,547,285,262,956,447,509,1093,520,573,955,465,490,545,251,294,136,75,61,
5465,547,285,262,957,448,509,1093,520,573,956,466,490,545,251,294,137,75,62,
5470,548,285,263,957,448,509,1094,520,574,957,467,490,547,252,295,137,75,62,
5475,548,285,263,958,449,509,1095,521,574,958,468,490,548,252,296,137,75,62,
5480,548,285,263,959,449,510,1096,522,574,959,469,490,548,252,296,137,75,62,
5485,548,285,263,960,450,510,1096,522,574,959,469,490,548,252,296,137,75,62,
5490,549,285,264,961,450,511,1098,523,575,960,470,490,548,252,296,137,75,62,
5495,550,285,265,961,450,511,1098,523,575,961,471,490,548,252,296,137,75,62,
5500,551,286,265,963,450,513,1101,524,577,962,472,490,549,252,297,137,75,62,
5505,551,286,265,964,451,513,1101,524,577,963,472,491,549,252,297,138,76,62,
5510,552,286,266,964,451,513,1102,524,578,964,472,492,551,253,298,138,76,62,
5515,552,286,266,965,452,513,1103,525,578,965,473,492,552,254,298,138,76,62,
5520,552,286,266,966,453,513,1104,525,579,966,473,493,552,254,298,138,76,62,
5525,552,286,266,967,453,514,1104,525,579,966,473,493,552,254,298,138,76,62,
5530,553,287,266,968,454,514,1106,526,580,967,473,494,552,254,298,138,76,62,
5535,554,287,267,968,454,514,1106,526,580,968,474,494,552,254,298,138,76,62,
5540,555,287,268,970,456,514,1109,526,583,969,474,495,553,254,299,138,76,62,
5545,555,287,268,971,456,515,1109,526,583,970,475,495,553,254,299,139,76,63,
5550,556,288,268,971,456,515,1110,527,583,971,476,495,555,255,300,139,76,63,
5555,556,288,268,972,457,515,1111,528,583,972,477,495,556,256,300,139,76,63,
5560,556,288,268,973,457,516,1112,529,583,973,477,496,556,256,300,139,76,63,
5565,556,288,268,974,458,516,1112,529,583,973,477,496,556,256,300,139,76,63,
5570,557,288,269,975,458,517,1114,530,584,974,478,496,556,256,300,139,76,63,
5575,558,288,270,975,458,517,1114,530,584,975,479,496,556,256,300,139,76,63,
5580,559,288,271,977,460,517,1117,532,585,976,480,496,557,256,301,139,76,63,
5585,559,288,271,978,461,517,1117,532,585,977,481,496,557,256,301,140,77,63,
5590,560,288,272,978,461,517,1118,533,585,978,482,496,559,258,301,140,77,63,
5595,560,288,272,979,461,518,1119,534,585,979,482,497,560,258,302,140,77,63,
5600,560,288,272,980,461,519,1120,534,586,980,483,497,560,258,302,140,77,63,
5605,560,288,272,981,462,519,1120,534,586,980,483,497,560,258,302,140,77,63,
5610,561,289,272,982,463,519,1122,535,587,981,483,498,560,258,302,140,77,63,
5615,562,289,273,982,463,519,1122,535,587,982,483,499,560,258,302,140,77,63,
5620,563,289,274,984,465,519,1125,537,588,983,483,500,561,259,302,140,77,63,
5625,563,289,274,985,465,520,1125,537,588,984,484,500,561,259,302,141,77,64,
5630,564,289,275,985,465,520,1126,538,588,985,485,500,563,259,304,141,77,64,
5635,564,289,275,986,466,520,1127,539,588,986,485,501,564,259,305,141,77,64,
5640,564,289,275,987,466,521,1128,540,588,987,486,501,564,259,305,141,77,64,
5645,564,289,275,988,467,521,1128,540,588,987,486,501,564,259,305,141,77,64,
5650,565,289,276,989,468,521,1130,541,589,988,487,501,564,259,305,141,77,64,
5655,566,290,276,989,468,521,1130,541,589,989,488,501,564,259,305,141,77,64,
5660,567,290,277,991,469,522,1133,542,591,990,488,502,565,259,306,141,77,64,
5665,567,290,277,992,469,523,1133,542,591,991,489,502,565,259,306,142,77,65,
5670,568,290,278,992,469,523,1134,542,592,992,489,503,567,261,306,142,77,65,
5675,568,290,278,993,469,524,1135,543,592,993,489,504,568,262,306,142,77,65,
5680,568,290,278,994,469,525,1136,543,593,994,490,504,568,262,306,142,77,65,
5685,568,290,278,995,470,525,1136,543,593,994,490,504,568,262,306,142,77,65,
5690,569,291,278,996,470,526,1138,545,593,995,491,504,568,262,306,142,77,65,
5695,570,291,279,996,470,526,1138,545,593,996,492,504,568,262,306,142,77,65,
5700,571,292,279,998,470,528,1141,547,594,997,493,504,569,263,306,142,77,65,
5705,571,292,279,999,471,528,1141,547,594,998,493,505,569,263,306,143,77,66,
5710,572,292,280,999,471,528,1142,548,594,999,493,506,571,263,308,143,77,66,
5715,572,292,280,1000,471,529,1143,548,595,1000,493,507,572,263,309,143,77,66,
5720,572,292,280,1001,472,529,1144,548,596,1001,493,508,572,263,309,143,77,66,
5725,572,292,280,1002,473,529,1144,548,596,1001,493,508,572,263,309,143,77,66,
5730,573,292,281,1003,474,529,1146,549,597,1002,493,509,572,263,309,143,77,66,
5735,574,292,282,1003,474,529,1146,549,597,1003,494,509,572,263,309,143,77,66,
5740,575,293,282,1005,474,531,1149,552,597,1004,494,510,573,264,309,143,77,66,
5745,575,293,282,1006,475,531,1149,552,597,1005,495,510,573,264,309,144,78,66,
5750,576,294,282,1006,475,531,1150,553,597,1006,495,511,575,265,310,144,78,66,
5755,576,294,282,1007,476,531,1151,554,597,1007,495,512,576,265,311,144,78,66,
5760,576,294,282,1008,476,532,1152,555,597,1008,496,512,576,265,311,144,78,66,
5765,576,294,282,1009,476,533,1152,555,597,1008,496,512,576,265,311,144,78,66,
5770,577,295,282,1010,476,534,1154,555,599,1009,497,512,576,265,311,144,78,66,
5775,578,295,283,1010,476,534,1154,555,599,1010,497,513,576,265,311,144,78,66,
5780,579,296,283,1012,478,534,1157,555,602,1011,498,513,577,265,312,144,78,66,
5785,579,296,283,1013,478,535,1157,555,602,1012,498,514,577,265,312,145,78,67,
5790,580,296,284,1013,478,535,1158,556,602,1013,499,514,579,266,313,145,78,67,
5795,580,296,284,1014,479,535,1159,557,602,1014,500,514,580,267,313,145,78,67,
5800,580,296,284,1015,480,535,1160,557,603,1015,500,515,580,267,313,145,78,67,
5805,580,296,284,1016,481,535,1160,557,603,1015,500,515,580,267,313,145,78,67,
5810,581,297,284,1017,481,536,1162,557,605,1016,501,515,580,267,313,145,78,67,
5815,582,297,285,1017,481,536,1162,557,605,1017,502,515,580,267,313,145,78,67,
5820,583,297,286,1019,483,536,1165,560,605,1018,503,515,581,267,314,145,78,67,
5825,583,297,286,1020,484,536,1165,560,605,1019,503,516,581,267,314,146,78,68,
5830,584,298,286,1020,484,536,1166,560,606,1020,503,517,583,268,315,146,78,68,
5835,584,298,286,1021,484,537,1167,561,606,1021,504,517,584,269,315,146,78,68,
5840,584,298,286,1022,485,537,1168,561,607,1022,505,517,584,269,315,146,78,68,
5845,584,298,286,1023,485,538,1168,561,607,1022,505,517,584,269,315,146,78,68,
5850,585,298,287,1024,485,539,1170,563,607,1023,505,518,584,269,315,146,78,68,
5855,586,299,287,1024,485,539,1170,563,607,1024,505,519,584,269,315,146,78,68,
5860,587,300,287,1026,486,540,1173,564,609,1025,505,520,585,270,315,146,78,68,
5865,587,300,287,1027,487,540,1173,564,609,1026,505,521,585,270,315,147,78,69,
5870,588,301,287,1027,487,540,1174,564,610,1027,506,521,587,271,316,147,78,69,
5875,588,301,287,1028,488,540,1175,565,610,1028,507,521,588,272,316,147,78,69,
5880,588,301,287,1029,488,541,1176,566,610,1029,508,521,588,272,316,147,78,69,
5885,588,301,287,1030,489,541,1176,566,610,1029,508,521,588,272,316,147,78,69,
5890,589,302,287,1031,489,542,1178,567,611,1030,508,522,588,272,316,147,78,69,
5895,590,302,288,1031,489,542,1178,567,611,1031,509,522,588,272,316,147,78,69,
5900,591,302,289,1033,491,542,1181,568,613,1032,510,522,589,273,316,147,78,69,
5905,591,302,289,1034,491,543,1181,568,613,1033,511,522,589,273,316,148,78,70,
5910,592,303,289,1034,491,543,1182,568,614,1034,512,522,591,273,318,148,78,70,
5915,592,303,289,1035,492,543,1183,569,614,1035,512,523,592,273,319,148,78,70,
5920,592,303,289,1036,492,544,1184,569,615,1036,513,523,592,273,319,148,78,70,
5925,592,303,289,1037,493,544,1184,569,615,1036,513,523,592,273,319,148,78,70,
5930,593,303,290,1038,493,545,1186,570,616,1037,513,524,592,273,319,148,78,70,
5935,594,303,291,1038,493,545,1186,570,616,1038,514,524,592,273,319,148,78,70,
5940,595,304,291,1040,494,546,1189,572,617,1039,514,525,593,273,320,148,78,70,
5945,595,304,291,1041,494,547,1189,572,617,1040,515,525,593,273,320,149,78,71,
5950,596,305,291,1041,494,547,1190,572,618,1041,516,525,595,273,322,149,78,71,
5955,596,305,291,1042,494,548,1191,572,619,1042,516,526,596,273,323,149,78,71,
5960,596,305,291,1043,495,548,1192,573,619,1043,517,526,596,273,323,149,78,71,
5965,596,305,291,1044,496,548,1192,573,619,1043,517,526,596,273,323,149,78,71,
5970,597,305,292,1045,496,549,1194,573,621,1044,518,526,596,273,323,149,78,71,
5975,598,305,293,1045,496,549,1194,573,621,1045,519,526,596,273,323,149,78,71,
5980,599,305,294,1047,497,550,1197,575,622,1046,520,526,597,274,323,149,78,71,
5985,599,305,294,1048,497,551,1197,575,622,1047,520,527,597,274,323,150,78,72,
5990,600,306,294,1048,497,551,1198,576,622,1048,521,527,599,276,323,150,78,72,
5995,600,306,294,1049,497,552,1199,576,623,1049,522,527,600,276,324,150,78,72,
6000,600,306,294,1050,498,552,1200,576,624,1050,523,527,600,276,324,150,78,72,
6005,600,306,294,1051,498,553,1200,576,624,1050,523,527,600,276,324,150,78,72,
6010,601,306,295,1052,499,553,1202,578,624,1051,523,528,600,276,324,150,78,72,
6015,602,306,296,1052,499,553,1202,578,624,1052,524,528,600,276,324,150,78,72,
6020,603,307,296,1054,499,555,1205,579,626,1053,524,529,601,276,325,150,78,72,
6025,603,307,296,1055,499,556,1205,579,626,1054,524,530,601,276,325,151,79,72,
6030,604,308,296,1055,499,556,1206,579,627,1055,524,531,603,277,326,151,79,72,
6035,604,308,296,1056,499,557,1207,580,627,1056,524,532,604,278,326,151,79,72,
6040,604,308,296,1057,499,558,1208,581,627,1057,524,533,604,278,326,151,79,72,
6045,604,308,296,1058,499,559,1208,581,627,1057,524,533,604,278,326,151,79,72,
6050,605,309,296,1059,500,559,1210,582,628,1058,524,534,604,278,326,151,79,72,
6055,606,310,296,1059,500,559,1210,582,628,1059,525,534,604,278,326,151,79,72,
6060,607,310,297,1061,501,560,1213,584,629,1060,526,534,605,278,327,151,79,72,
6065,607,310,297,1062,502,560,1213,584,629,1061,526,535,605,278,327,152,80,72,
6070,608,310,298,1062,502,560,1214,584,630,1062,526,536,607,278,329,152,80,72,
6075,608,310,298,1063,503,560,1215,584,631,1063,526,537,608,279,329,152,80,72,
6080,608,310,298,1064,504,560,1216,585,631,1064,527,537,608,279,329,152,80,72,
6085,608,310,298,1065,504,561,1216,585,631,1064,527,537,608,279,329,152,80,72,
6090,609,310,299,1066,505,561,1218,586,632,1065,528,537,608,279,329,152,80,72,
6095,610,311,299,1066,505,561,1218,586,632,1066,528,538,608,279,329,152,80,72,
6100,611,312,299,1068,507,561,1221,588,633,1067,529,538,609,279,330,152,80,72,
6105,611,312,299,1069,508,561,1221,588,633,1068,529,539,609,279,330,153,80,73,
6110,612,312,300,1069,508,561,1222,588,634,1069,529,540,611,280,331,153,80,73,
6115,612,312,300,1070,509,561,1223,589,634,1070,529,541,612,281,331,153,80,73,
6120,612,312,300,1071,510,561,1224,590,634,1071,529,542,612,281,331,153,80,73,
6125,612,312,300,1072,511,561,1224,590,634,1071,529,542,612,281,331,153,80,73,
6130,613,312,301,1073,511,562,1226,592,634,1072,529,543,612,281,331,153,80,73,
6135,614,313,301,1073,511,562,1226,592,634,1073,530,543,612,281,331,153,80,73,
6140,615,313,302,1075,512,563,1229,593,636,1074,530,544,613,281,332,153,80,73,
6145,615,313,302,1076,512,564,1229,593,636,1075,530,545,613,281,332,154,81,73,
6150,616,314,302,1076,512,564,1230,593,637,1076,531,545,615,281,334,154,81,73,
6155,616,314,302,1077,512,565,1231,594,637,1077,531,546,616,281,335,154,81,73,
6160,616,314,302,1078,513,565,1232,595,637,1078,531,547,616,281,335,154,81,73,
6165,616,314,302,1079,513,566,1232,595,637,1078,531,547,616,281,335,154,81,73,
6170,617,315,302,1080,514,566,1234,597,637,1079,532,547,616,281,335,154,81,73,
6175,618,316,302,1080,514,566,1234,597,637,1080,532,548,616,281,335,154,81,73,
6180,619,316,303,1082,515,567,1237,599,638,1081,532,549,617,282,335,154,81,73,
6185,619,316,303,1083,516,567,1237,599,638,1082,532,550,617,282,335,155,81,74,
6190,620,316,304,1083,516,567,1238,600,638,1083,532,551,619,283,336,155,81,74,
6195,620,316,304,1084,516,568,1239,601,638,1084,532,552,620,283,337,155,81,74,
6200,620,316,304,1085,516,569,1240,601,639,1085,532,553,620,283,337,155,81,74,
6205,620,316,304,1086,517,569,1240,601,639,1085,532,553,620,283,337,155,81,74,
6210,621,316,305,1087,518,569,1242,603,639,1086,533,553,620,283,337,155,81,74,
6215,622,317,305,1087,518,569,1242,603,639,1087,534,553,620,283,337,155,81,74,
6220,623,318,305,1089,518,571,1245,604,641,1088,534,554,621,284,337,155,81,74,
6225,623,318,305,1090,518,572,1245,604,641,1089,534,555,621,284,337,156,81,75,
6230,624,319,305,1090,518,572,1246,604,642,1090,534,556,623,286,337,156,81,75,
6235,624,319,305,1091,519,572,1247,604,643,1091,535,556,624,287,337,156,81,75,
6240,624,319,305,1092,519,573,1248,605,643,1092,535,557,624,287,337,156,81,75,
6245,624,319,305,1093,520,573,1248,605,643,1092,535,557,624,287,337,156,81,75,
6250,625,319,306,1094,521,573,1250,606,644,1093,536,557,624,287,337,156,81,75,
6255,626,319,307,1094,521,573,1250,606,644,1094,536,558,624,287,337,156,81,75,
6260,627,319,308,1096,523,573,1253,609,644,1095,536,559,625,287,338,156,81,75,
6265,627,319,308,1097,523,574,1253,609,644,1096,537,559,625,287,338,157,81,76,
6270,628,319,309,1097,523,574,1254,609,645,1097,537,560,627,288,339,157,81,76,
6275,628,319,309,1098,523,575,1255,610,645,1098,538,560,628,289,339,157,81,76,
6280,628,319,309,1099,523,576,1256,610,646,1099,539,560,628,289,339,157,81,76,
6285,628,319,309,1100,523,577,1256,610,646,1099,539,560,628,289,339,157,81,76,
6290,629,319,310,1101,523,578,1258,611,647,1100,539,561,628,289,339,157,81,76,
6295,630,319,311,1101,523,578,1258,611,647,1101,539,562,628,289,339,157,81,76,
6300,631,319,312,1103,523,580,1261,612,649,1102,540,562,629,289,340,157,81,76,
6305,631,319,312,1104,524,580,1261,612,649,1103,541,562,629,289,340,158,82,76,
6310,632,320,312,1104,524,580,1262,613,649,1104,541,563,631,291,340,158,82,76,
6315,632,320,312,1105,524,581,1263,613,650,1105,541,564,632,292,340,158,82,76,
6320,632,320,312,1106,524,582,1264,614,650,1106,541,565,632,292,340,158,82,76,
6325,632,320,312,1107,525,582,1264,614,650,1106,541,565,632,292,340,158,82,76,
6330,633,321,312,1108,525,583,1266,616,650,1107,541,566,632,292,340,158,82,76,
6335,634,321,313,1108,525,583,1266,616,650,1108,541,567,632,292,340,158,82,76,
6340,635,322,313,1110,526,584,1269,618,651,1109,542,567,633,292,341,158,82,76,
6345,635,322,313,1111,526,585,1269,618,651,1110,543,567,633,292,341,159,83,76,
6350,636,323,313,1111,526,585,1270,618,652,1111,544,567,635,293,342,159,83,76,
6355,636,323,313,1112,527,585,1271,619,652,1112,544,568,636,293,343,159,83,76,
6360,636,323,313,1113,527,586,1272,620,652,1113,544,569,636,293,343,159,83,76,
6365,636,323,313,1114,528,586,1272,620,652,1113,544,569,636,293,343,159,83,76,
6370,637,324,313,1115,529,586,1274,621,653,1114,545,569,636,293,343,159,83,76,
6375,638,325,313,1115,529,586,1274,621,653,1115,546,569,636,293,343,159,83,76,
6380,639,326,313,1117,531,586,1277,622,655,1116,546,570,637,294,343,159,83,76,
6385,639,326,313,1118,531,587,1277,622,655,1117,546,571,637,294,343,160,83,77,
6390,640,326,314,1118,531,587,1278,622,656,1118,546,572,639,295,344,160,83,77,
6395,640,326,314,1119,531,588,1279,623,656,1119,546,573,640,295,345,160,83,77,
6400,640,326,314,1120,531,589,1280,623,657,1120,546,574,640,295,345,160,83,77,
6405,640,326,314,1121,532,589,1280,623,657,1120,546,574,640,295,345,160,83,77,
6410,641,326,315,1122,533,589,1282,625,657,1121,546,575,640,295,345,160,83,77,
6415,642,326,316,1122,533,589,1282,625,657,1122,547,575,640,295,345,160,83,77,
6420,643,326,317,1124,535,589,1285,625,660,1123,547,576,641,296,345,160,83,77,
6425,643,326,317,1125,535,590,1285,625,660,1124,547,577,641,296,345,161,83,78,
6430,644,326,318,1125,535,590,1286,625,661,1125,548,577,643,298,345,161,83,78,
6435,644,326,318,1126,535,591,1287,625,662,1126,549,577,644,299,345,161,83,78,
6440,644,326,318,1127,536,591,1288,625,663,1127,550,577,644,299,345,161,83,78,
6445,644,326,318,1128,537,591,1288,625,663,1127,550,577,644,299,345,161,83,78,
6450,645,326,319,1129,537,592,1290,627,663,1128,551,577,644,299,345,161,83,78,
6455,646,327,319,1129,537,592,1290,627,663,1129,552,577,644,299,345,161,83,78,
6460,647,328,319,1131,538,593,1293,627,666,1130,553,577,645,300,345,161,83,78,
6465,647,328,319,1132,539,593,1293,627,666,1131,554,577,645,300,345,162,84,78,
6470,648,329,319,1132,539,593,1294,627,667,1132,555,577,647,301,346,162,84,78,
6475,648,329,319,1133,540,593,1295,628,667,1133,556,577,648,301,347,162,84,78,
6480,648,329,319,1134,541,593,1296,629,667,1134,556,578,648,301,347,162,84,78,
6485,648,329,319,1135,541,594,1296,629,667,1134,556,578,648,301,347,162,84,78,
6490,649,330,319,1136,541,595,1298,629,669,1135,557,578,648,301,347,162,84,78,
6495,650,331,319,1136,541,595,1298,629,669,1136,557,579,648,301,347,162,84,78,
6500,651,331,320,1138,543,595,1301,631,670,1137,557,580,649,302,347,162,84,78,
6505,651,331,320,1139,544,595,1301,631,670,1138,557,581,649,302,347,163,84,79,
6510,652,331,321,1139,544,595,1302,631,671,1139,557,582,651,303,348,163,84,79,
6515,652,331,321,1140,544,596,1303,632,671,1140,557,583,652,304,348,163,84,79,
6520,652,331,321,1141,544,597,1304,633,671,1141,558,583,652,304,348,163,84,79,
6525,652,331,321,1142,545,597,1304,633,671,1141,558,583,652,304,348,163,84,79,
6530,653,332,321,1143,546,597,1306,634,672,1142,559,583,652,304,348,163,84,79,
6535,654,332,322,1143,546,597,1306,634,672,1143,559,584,652,304,348,163,84,79,
6540,655,333,322,1145,546,599,1309,636,673,1144,559,585,653,305,348,163,84,79,
6545,655,333,322,1146,546,600,1309,636,673,1145,560,585,653,305,348,164,85,79,
6550,656,334,322,1146,546,600,1310,636,674,1146,561,585,655,306,349,164,85,79,
6555,656,334,322,1147,546,601,1311,636,675,1147,562,585,656,306,350,164,85,79,
6560,656,334,322,1148,546,602,1312,636,676,1148,563,585,656,306,350,164,85,79,
6565,656,334,322,1149,547,602,1312,636,676,1148,563,585,656,306,350,164,85,79,
6570,657,334,323,1150,547,603,1314,637,677,1149,564,585,656,306,350,164,85,79,
6575,658,334,324,1150,547,603,1314,637,677,1150,564,586,656,306,350,164,85,79,
6580,659,334,325,1152,548,604,1317,638,679,1151,565,586,657,306,351,164,85,79,
6585,659,334,325,1153,548,605,1317,638,679,1152,566,586,657,306,351,165,86,79,
6590,660,335,325,1153,548,605,1318,639,679,1153,566,587,659,307,352,165,86,79,
6595,660,335,325,1154,549,605,1319,640,679,1154,566,588,660,307,353,165,86,79,
6600,660,335,325,1155,549,606,1320,640,680,1155,567,588,660,307,353,165,86,79,
6605,660,335,325,1156,550,606,1320,640,680,1155,567,588,660,307,353,165,86,79,
6610,661,336,325,1157,551,606,1322,641,681,1156,567,589,660,307,353,165,86,79,
6615,662,337,325,1157,551,606,1322,641,681,1157,567,590,660,307,353,165,86,79,
6620,663,337,326,1159,552,607,1325,641,684,1158,568,590,661,308,353,165,86,79,
6625,663,337,326,1160,552,608,1325,641,684,1159,569,590,661,308,353,166,87,79,
6630,664,337,327,1160,552,608,1326,642,684,1160,569,591,663,310,353,166,87,79,
6635,664,337,327,1161,553,608,1327,643,684,1161,570,591,664,310,354,166,87,79,
6640,664,337,327,1162,553,609,1328,644,684,1162,571,591,664,310,354,166,87,79,
6645,664,337,327,1163,553,610,1328,644,684,1162,571,591,664,310,354,166,87,79,
6650,665,338,327,1164,553,611,1330,646,684,1163,571,592,664,310,354,166,87,79,
6655,666,338,328,1164,553,611,1330,646,684,1164,572,592,664,310,354,166,87,79,
6660,667,338,329,1166,553,613,1333,649,684,1165,572,593,665,310,355,166,87,79,
6665,667,338,329,1167,554,613,1333,649,684,1166,573,593,665,310,355,167,88,79,
6670,668,339,329,1167,554,613,1334,649,685,1167,573,594,667,311,356,167,88,79,
6675,668,339,329,1168,555,613,1335,650,685,1168,574,594,668,312,356,167,88,79,
6680,668,339,329,1169,556,613,1336,651,685,1169,575,594,668,312,356,167,88,79,
6685,668,339,329,1170,556,614,1336,651,685,1169,575,594,668,312,356,167,88,79,
6690,669,340,329,1171,557,614,1338,652,686,1170,575,595,668,312,356,167,88,79,
6695,670,340,330,1171,557,614,1338,652,686,1171,576,595,668,312,356,167,88,79,
6700,671,340,331,1173,557,616,1341,653,688,1172,577,595,669,313,356,167,88,79,
6705,671,340,331,1174,558,616,1341,653,688,1173,578,595,669,313,356,168,88,80,
6710,672,341,331,1174,558,616,1342,653,689,1174,579,595,671,315,356,168,88,80,
6715,672,341,331,1175,558,617,1343,653,690,1175,579,596,672,315,357,168,88,80,
6720,672,341,331,1176,559,617,1344,653,691,1176,579,597,672,315,357,168,88,80,
6725,672,341,331,1177,560,617,1344,653,691,1176,579,597,672,315,357,168,88,80,
6730,673,342,331,1178,560,618,1346,654,692,1177,580,597,672,315,357,168,88,80,
6735,674,342,332,1178,560,618,1346,654,692,1178,581,597,672,315,357,168,88,80,
6740,675,342,333,1180,562,618,1349,654,695,1179,581,598,673,316,357,168,88,80,
6745,675,342,333,1181,562,619,1349,654,695,1180,582,598,673,316,357,169,88,81,
6750,676,342,334,1181,562,619,1350,654,696,1181,583,598,675,316,359,169,88,81,
6755,676,342,334,1182,563,619,1351,655,696,1182,584,598,676,316,360,169,88,81,
6760,676,342,334,1183,564,619,1352,655,697,1183,584,599,676,316,360,169,88,81,
6765,676,342,334,1184,564,620,1352,655,697,1183,584,599,676,316,360,169,88,81,
6770,677,342,335,1185,565,620,1354,655,699,1184,585,599,676,316,360,169,88,81,
6775,678,343,335,1185,565,620,1354,655,699,1185,586,599,676,316,360,169,88,81,
6780,679,343,336,1187,566,621,1357,657,700,1186,587,599,677,317,360,169,88,81,
6785,679,343,336,1188,567,621,1357,657,700,1187,587,600,677,317,360,170,88,82,
6790,680,344,336,1188,567,621,1358,658,700,1188,588,600,679,317,362,170,88,82,
6795,680,344,336,1189,568,621,1359,658,701,1189,589,600,680,318,362,170,88,82,
6800,680,344,336,1190,569,621,1360,658,702,1190,589,601,680,318,362,170,88,82,
6805,680,344,336,1191,570,621,1360,658,702,1190,589,601,680,318,362,170,88,82,
6810,681,345,336,1192,571,621,1362,658,704,1191,590,601,680,318,362,170,88,82,
6815,682,346,336,1192,571,621,1362,658,704,1192,591,601,680,318,362,170,88,82,
6820,683,346,337,1194,571,623,1365,659,706,1193,591,602,681,318,363,170,88,82,
6825,683,346,337,1195,571,624,1365,659,706,1194,592,602,681,318,363,171,89,82,
6830,684,347,337,1195,571,624,1366,659,707,1195,593,602,683,319,364,171,89,82,
6835,684,347,337,1196,571,625,1367,660,707,1196,594,602,684,319,365,171,89,82,
6840,684,347,337,1197,572,625,1368,661,707,1197,594,603,684,319,365,171,89,82,
6845,684,347,337,1198,573,625,1368,661,707,1197,594,603,684,319,365,171,89,82,
6850,685,347,338,1199,573,626,1370,662,708,1198,594,604,684,319,365,171,89,82,
6855,686,348,338,1199,573,626,1370,662,708,1199,594,605,684,319,365,171,89,82,
6860,687,349,338,1201,574,627,1373,663,710,1200,594,606,685,320,365,171,89,82,
6865,687,349,338,1202,575,627,1373,663,710,1201,594,607,685,320,365,172,89,83,
6870,688,350,338,1202,575,627,1374,664,710,1202,594,608,687,322,365,172,89,83,
6875,688,350,338,1203,575,628,1375,665,710,1203,595,608,688,322,366,172,89,83,
6880,688,350,338,1204,576,628,1376,666,710,1204,596,608,688,322,366,172,89,83,
6885,688,350,338,1205,576,629,1376,666,710,1204,596,608,688,322,366,172,89,83,
6890,689,351,338,1206,576,630,1378,667,711,1205,597,608,688,322,366,172,89,83,
6895,690,351,339,1206,576,630,1378,667,711,1206,598,608,688,322,366,172,89,83,
6900,691,352,339,1208,576,632,1381,669,712,1207,598,609,689,322,367,172,89,83,
6905,691,352,339,1209,576,633,1381,669,712,1208,598,610,689,322,367,173,90,83,
6910,692,352,340,1209,576,633,1382,669,713,1209,598,611,691,324,367,173,90,83,
6915,692,352,340,1210,577,633,1383,669,714,1210,598,612,692,325,367,173,90,83,
6920,692,352,340,1211,577,634,1384,670,714,1211,598,613,692,325,367,173,90,83,
6925,692,352,340,1212,577,635,1384,670,714,1211,598,613,692,325,367,173,90,83,
6930,693,353,340,1213,578,635,1386,670,716,1212,598,614,692,325,367,173,90,83,
6935,694,353,341,1213,578,635,1386,670,716,1213,598,615,692,325,367,173,90,83,
6940,695,354,341,1215,579,636,1389,670,719,1214,598,616,693,325,368,173,90,83,
6945,695,354,341,1216,580,636,1389,670,719,1215,599,616,693,325,368,174,90,84,
6950,696,354,342,1216,580,636,1390,670,720,1216,599,617,695,326,369,174,90,84,
6955,696,354,342,1217,580,637,1391,671,720,1217,600,617,696,326,370,174,90,84,
6960,696,354,342,1218,580,638,1392,672,720,1218,601,617,696,326,370,174,90,84,
6965,696,354,342,1219,580,639,1392,672,720,1218,601,617,696,326,370,174,90,84,
6970,697,354,343,1220,580,640,1394,673,721,1219,602,617,696,326,370,174,90,84,
6975,698,354,344,1220,580,640,1394,673,721,1220,603,617,696,326,370,174,90,84,
6980,699,355,344,1222,580,642,1397,673,724,1221,604,617,697,327,370,174,90,84,
6985,699,355,344,1223,580,643,1397,673,724,1222,604,618,697,327,370,175,90,85,
6990,700,356,344,1223,580,643,1398,674,724,1223,605,618,699,328,371,175,90,85,
6995,700,356,344,1224,580,644,1399,674,725,1224,606,618,700,329,371,175,90,85,
7000,700,356,344,1225,581,644,1400,675,725,1225,606,619,700,329,371,175,90,85,
7005,700,356,344,1226,582,644,1400,675,725,1225,606,619,700,329,371,175,90,85,
7010,701,357,344,1227,582,645,1402,675,727,1226,607,619,700,329,371,175,90,85,
7015,702,357,345,1227,582,645,1402,675,727,1227,607,620,700,329,371,175,90,85,
7020,703,357,346,1229,583,646,1405,677,728,1228,608,620,701,329,372,175,90,85,
7025,703,357,346,1230,584,646,1405,677,728,1229,609,620,701,329,372,176,91,85,
7030,704,358,346,1230,584,646,1406,678,728,1230,609,621,703,330,373,176,91,85,
7035,704,358,346,1231,584,647,1407,678,729,1231,609,622,704,330,374,176,91,85,
7040,704,358,346,1232,584,648,1408,679,729,1232,609,623,704,330,374,176,91,85,
7045,704,358,346,1233,585,648,1408,679,729,1232,609,623,704,330,374,176,91,85,
7050,705,359,346,1234,585,649,1410,679,731,1233,610,623,704,330,374,176,91,85,
7055,706,359,347,1234,585,649,1410,679,731,1234,610,624,704,330,374,176,91,85,
7060,707,360,347,1236,587,649,1413,679,734,1235,610,625,705,330,375,176,91,85,
7065,707,360,347,1237,587,650,1413,679,734,1236,610,626,705,330,375,177,91,86,
7070,708,360,348,1237,587,650,1414,679,735,1237,611,626,707,332,375,177,91,86,
7075,708,360,348,1238,588,650,1415,679,736,1238,611,627,708,333,375,177,91,86,
7080,708,360,348,1239,589,650,1416,680,736,1239,611,628,708,333,375,177,91,86,
7085,708,360,348,1240,589,651,1416,680,736,1239,611,628,708,333,375,177,91,86,
7090,709,361,348,1241,589,652,1418,682,736,1240,611,629,708,333,375,177,91,86,
7095,710,361,349,1241,589,652,1418,682,736,1241,612,629,708,333,375,177,91,86,
7100,711,361,350,1243,590,653,1421,684,737,1242,612,630,709,334,375,177,91,86,
7105,711,361,350,1244,591,653,1421,684,737,1243,612,631,709,334,375,178,91,87,
7110,712,361,351,1244,591,653,1422,685,737,1244,613,631,711,334,377,178,91,87,
7115,712,361,351,1245,591,654,1423,685,738,1245,613,632,712,335,377,178,91,87,
7120,712,361,351,1246,591,655,1424,685,739,1246,613,633,712,335,377,178,91,87,
7125,712,361,351,1247,592,655,1424,685,739,1246,613,633,712,335,377,178,91,87,
7130,713,361,352,1248,593,655,1426,686,740,1247,614,633,712,335,377,178,91,87,
7135,714,361,353,1248,593,655,1426,686,740,1248,615,633,712,335,377,178,91,87,
7140,715,361,354,1250,593,657,1429,688,741,1249,615,634,713,335,378,178,91,87,
7145,715,361,354,1251,594,657,1429,688,741,1250,616,634,713,335,378,179,92,87,
7150,716,362,354,1251,594,657,1430,689,741,1251,617,634,715,335,380,179,92,87,
7155,716,362,354,1252,594,658,1431,690,741,1252,617,635,716,336,380,179,92,87,
7160,716,362,354,1253,594,659,1432,690,742,1253,617,636,716,336,380,179,92,87,
7165,716,362,354,1254,595,659,1432,690,742,1253,617,636,716,336,380,179,92,87,
7170,717,362,355,1255,596,659,1434,690,744,1254,617,637,716,336,380,179,92,87,
7175,718,363,355,1255,596,659,1434,690,744,1255,618,637,716,336,380,179,92,87,
7180,719,364,355,1257,596,661,1437,691,746,1256,618,638,717,336,381,179,92,87,
7185,719,364,355,1258,597,661,1437,691,746,1257,619,638,717,336,381,180,92,88,
7190,720,365,355,1258,597,661,1438,691,747,1258,619,639,719,338,381,180,92,88,
7195,720,365,355,1259,598,661,1439,692,747,1259,620,639,720,339,381,180,92,88,
7200,720,365,355,1260,598,662,1440,693,747,1260,621,639,720,339,381,180,92,88,
7205,720,365,355,1261,598,663,1440,693,747,1260,621,639,720,339,381,180,92,88,
7210,721,366,355,1262,598,664,1442,693,749,1261,621,640,720,339,381,180,92,88,
7215,722,366,356,1262,598,664,1442,693,749,1262,621,641,720,339,381,180,92,88,
7220,723,367,356,1264,598,666,1445,694,751,1263,621,642,721,339,382,180,92,88,
7225,723,367,356,1265,599,666,1445,694,751,1264,622,642,721,339,382,181,93,88,
7230,724,368,356,1265,599,666,1446,694,752,1265,623,642,723,339,384,181,93,88,
7235,724,368,356,1266,599,667,1447,694,753,1266,623,643,724,340,384,181,93,88,
7240,724,368,356,1267,599,668,1448,694,754,1267,624,643,724,340,384,181,93,88,
7245,724,368,356,1268,599,669,1448,694,754,1267,624,643,724,340,384,181,93,88,
7250,725,369,356,1269,600,669,1450,696,754,1268,624,644,724,340,384,181,93,88,
7255,726,370,356,1269,600,669,1450,696,754,1269,624,645,724,340,384,181,93,88,
7260,727,370,357,1271,602,669,1453,699,754,1270,624,646,725,341,384,181,93,88,
7265,727,370,357,1272,603,669,1453,699,754,1271,624,647,725,341,384,182,94,88,
7270,728,370,358,1272,603,669,1454,700,754,1272,625,647,727,341,386,182,94,88,
7275,728,370,358,1273,604,669,1455,700,755,1273,625,648,728,341,387,182,94,88,
7280,728,370,358,1274,604,670,1456,700,756,1274,625,649,728,341,387,182,94,88,
7285,728,370,358,1275,604,671,1456,700,756,1274,625,649,728,341,387,182,94,88,
7290,729,370,359,1276,605,671,1458,701,757,1275,625,650,728,341,387,182,94,88,
7295,730,370,360,1276,605,671,1458,701,757,1276,626,650,728,341,387,182,94,88,
7300,731,370,361,1278,605,673,1461,703,758,1277,627,650,729,342,387,182,94,88,
7305,731,370,361,1279,605,674,1461,703,758,1278,627,651,729,342,387,183,95,88,
7310,732,371,361,1279,605,674,1462,703,759,1279,627,652,731,344,387,183,95,88,
7315,732,371,361,1280,605,675,1463,703,760,1280,627,653,732,345,387,183,95,88,
7320,732,371,361,1281,606,675,1464,704,760,1281,627,654,732,345,387,183,95,88,
7325,732,371,361,1282,607,675,1464,704,760,1281,627,654,732,345,387,183,95,88,
7330,733,371,362,1283,607,676,1466,705,761,1282,628,654,732,345,387,183,95,88,
7335,734,371,363,1283,607,676,1466,705,761,1283,628,655,732,345,387,183,95,88,
7340,735,371,364,1285,609,676,1469,707,762,1284,629,655,733,345,388,183,95,88,
7345,735,371,364,1286,609,677,1469,707,762,1285,629,656,733,345,388,184,95,89,
7350,736,371,365,1286,609,677,1470,707,763,1286,630,656,735,345,390,184,95,89,
7355,736,371,365,1287,610,677,1471,707,764,1287,630,657,736,346,390,184,95,89,
7360,736,371,365,1288,610,678,1472,708,764,1288,630,658,736,346,390,184,95,89,
7365,736,371,365,1289,610,679,1472,708,764,1288,630,658,736,346,390,184,95,89,
7370,737,371,366,1290,610,680,1474,709,765,1289,631,658,736,346,390,184,95,89,
7375,738,372,366,1290,610,680,1474,709,765,1290,632,658,736,346,390,184,95,89,
7380,739,372,367,1292,612,680,1477,709,768,1291,633,658,737,347,390,184,95,89,
7385,739,372,367,1293,612,681,1477,709,768,1292,633,659,737,347,390,185,95,90,
7390,740,373,367,1293,612,681,1478,709,769,1293,634,659,739,347,392,185,95,90,
7395,740,373,367,1294,613,681,1479,710,769,1294,635,659,740,348,392,185,95,90,
7400,740,373,367,1295,613,682,1480,710,770,1295,635,660,740,348,392,185,95,90,
7405,740,373,367,1296,614,682,1480,710,770,1295,635,660,740,348,392,185,95,90,
7410,741,373,368,1297,615,682,1482,711,771,1296,635,661,740,348,392,185,95,90,
7415,742,373,369,1297,615,682,1482,711,771,1297,636,661,740,348,392,185,95,90,
7420,743,373,370,1299,616,683,1485,712,773,1298,636,662,741,349,392,185,95,90,
7425,743,373,370,1300,616,684,1485,712,773,1299,636,663,741,349,392,186,96,90,
7430,744,373,371,1300,616,684,1486,713,773,1300,636,664,743,349,394,186,96,90,
7435,744,373,371,1301,617,684,1487,714,773,1301,637,664,744,349,395,186,96,90,
7440,744,373,371,1302,617,685,1488,715,773,1302,637,665,744,349,395,186,96,90,
7445,744,373,371,1303,618,685,1488,715,773,1302,637,665,744,349,395,186,96,90,
7450,745,374,371,1304,619,685,1490,716,774,1303,638,665,744,349,395,186,96,90,
7455,746,374,372,1304,619,685,1490,716,774,1304,638,666,744,349,395,186,96,90,
7460,747,374,373,1306,620,686,1493,718,775,1305,638,667,745,350,395,186,96,90,
7465,747,374,373,1307,621,686,1493,718,775,1306,639,667,745,350,395,187,97,90,
7470,748,374,374,1307,621,686,1494,719,775,1307,639,668,747,351,396,187,97,90,
7475,748,374,374,1308,621,687,1495,720,775,1308,639,669,748,351,397,187,97,90,
7480,748,374,374,1309,621,688,1496,721,775,1309,639,670,748,351,397,187,97,90,
7485,748,374,374,1310,621,689,1496,721,775,1309,639,670,748,351,397,187,97,90,
7490,749,375,374,1311,622,689,1498,723,775,1310,640,670,748,351,397,187,97,90,
7495,750,375,375,1311,622,689,1498,723,775,1311,640,671,748,351,397,187,97,90,
7500,751,376,375,1313,624,689,1501,724,777,1312,640,672,749,351,398,187,97,90,
7505,751,376,375,1314,625,689,1501,724,777,1313,640,673,749,351,398,188,98,90,
7510,752,376,376,1314,625,689,1502,725,777,1314,640,674,751,352,399,188,98,90,
7515,752,376,376,1315,626,689,1503,726,777,1315,641,674,752,352,400,188,98,90,
7520,752,376,376,1316,627,689,1504,727,777,1316,641,675,752,352,400,188,98,90,
7525,752,376,376,1317,628,689,1504,727,777,1316,641,675,752,352,400,188,98,90,
7530,753,376,377,1318,628,690,1506,728,778,1317,641,676,752,352,400,188,98,90,
7535,754,377,377,1318,628,690,1506,728,778,1318,641,677,752,352,400,188,98,90,
7540,755,378,377,1320,629,691,1509,730,779,1319,641,678,753,353,400,188,98,90,
7545,755,378,377,1321,630,691,1509,730,779,1320,641,679,753,353,400,189,99,90,
7550,756,378,378,1321,630,691,1510,731,779,1321,642,679,755,353,402,189,99,90,
7555,756,378,378,1322,631,691,1511,731,780,1322,643,679,756,354,402,189,99,90,
7560,756,378,378,1323,631,692,1512,731,781,1323,644,679,756,354,402,189,99,90,
7565,756,378,378,1324,632,692,1512,731,781,1323,644,679,756,354,402,189,99,90,
7570,757,378,379,1325,633,692,1514,732,782,1324,644,680,756,354,402,189,99,90,
7575,758,379,379,1325,633,692,1514,732,782,1325,645,680,756,354,402,189,99,90,
7580,759,380,379,1327,635,692,1517,735,782,1326,646,680,757,355,402,189,99,90,
7585,759,380,379,1328,635,693,1517,735,782,1327,646,681,757,355,402,190,100,90,
7590,760,380,380,1328,635,693,1518,736,782,1328,647,681,759,356,403,190,100,90,
7595,760,380,380,1329,635,694,1519,736,783,1329,648,681,760,357,403,190,100,90,
7600,760,380,380,1330,636,694,1520,736,784,1330,649,681,760,357,403,190,100,90,
7605,760,380,380,1331,636,695,1520,736,784,1330,649,681,760,357,403,190,100,90,
7610,761,380,381,1332,637,695,1522,737,785,1331,649,682,760,357,403,190,100,90,
7615,762,380,382,1332,637,695,1522,737,785,1332,649,683,760,357,403,190,100,90,
7620,763,381,382,1334,638,696,1525,737,788,1333,650,683,761,358,403,190,100,90,
7625,763,381,382,1335,639,696,1525,737,788,1334,651,683,761,358,403,191,101,90,
7630,764,381,383,1335,639,696,1526,738,788,1335,651,684,763,360,403,191,101,90,
7635,764,381,383,1336,639,697,1527,738,789,1336,651,685,764,360,404,191,101,90,
7640,764,381,383,1337,639,698,1528,738,790,1337,651,686,764,360,404,191,101,90,
7645,764,381,383,1338,639,699,1528,738,790,1337,651,686,764,360,404,191,101,90,
7650,765,382,383,1339,640,699,1530,739,791,1338,652,686,764,360,404,191,101,90,
7655,766,382,384,1339,640,699,1530,739,791,1339,652,687,764,360,404,191,101,90,
7660,767,383,384,1341,642,699,1533,739,794,1340,653,687,765,361,404,191,101,90,
7665,767,383,384,1342,642,700,1533,739,794,1341,653,688,765,361,404,192,101,91,
7670,768,384,384,1342,642,700,1534,739,795,1342,654,688,767,362,405,192,101,91,
7675,768,384,384,1343,643,700,1535,740,795,1343,655,688,768,362,406,192,101,91,
7680,768,384,384,1344,643,701,1536,740,796,1344,656,688,768,362,406,192,101,91,
7685,768,384,384,1345,643,702,1536,740,796,1344,656,688,768,362,406,192,101,91,
7690,769,384,385,1346,643,703,1538,741,797,1345,657,688,768,362,406,192,101,91,
7695,770,385,385,1346,643,703,1538,741,797,1346,658,688,768,362,406,192,101,91,
7700,771,385,386,1348,645,703,1541,744,797,1347,659,688,769,363,406,192,101,91,
7705,771,385,386,1349,645,704,1541,744,797,1348,659,689,769,363,406,193,101,92,
7710,772,386,386,1349,645,704,1542,745,797,1349,660,689,771,364,407,193,101,92,
7715,772,386,386,1350,645,705,1543,745,798,1350,660,690,772,364,408,193,101,92,
7720,772,386,386,1351,646,705,1544,746,798,1351,661,690,772,364,408,193,101,92,
7725,772,386,386,1352,647,705,1544,746,798,1351,661,690,772,364,408,193,101,92,
7730,773,387,386,1353,648,705,1546,747,799,1352,662,690,772,364,408,193,101,92,
7735,774,387,387,1353,648,705,1546,747,799,1353,663,690,772,364,408,193,101,92,
7740,775,388,387,1355,650,705,1549,749,800,1354,664,690,773,364,409,193,101,92,
7745,775,388,387,1356,650,706,1549,749,800,1355,664,691,773,364,409,194,102,92,
7750,776,388,388,1356,650,706,1550,749,801,1356,664,692,775,365,410,194,102,92,
7755,776,388,388,1357,650,707,1551,750,801,1357,665,692,776,365,411,194,102,92,
7760,776,388,388,1358,650,708,1552,751,801,1358,666,692,776,365,411,194,102,92,
7765,776,388,388,1359,651,708,1552,751,801,1358,666,692,776,365,411,194,102,92,
7770,777,388,389,1360,652,708,1554,752,802,1359,666,693,776,365,411,194,102,92,
7775,778,388,390,1360,652,708,1554,752,802,1360,667,693,776,365,411,194,102,92,
7780,779,388,391,1362,653,709,1557,752,805,1361,667,694,777,366,411,194,102,92,
7785,779,388,391,1363,654,709,1557,752,805,1362,668,694,777,366,411,195,102,93,
7790,780,388,392,1363,654,709,1558,752,806,1363,669,694,779,367,412,195,102,93,
7795,780,388,392,1364,654,710,1559,753,806,1364,669,695,780,367,413,195,102,93,
7800,780,388,392,1365,655,710,1560,753,807,1365,669,696,780,367,413,195,102,93,
7805,780,388,392,1366,656,710,1560,753,807,1365,669,696,780,367,413,195,102,93,
7810,781,388,393,1367,657,710,1562,754,808,1366,669,697,780,367,413,195,102,93,
7815,782,389,393,1367,657,710,1562,754,808,1367,670,697,780,367,413,195,102,93,
7820,783,389,394,1369,659,710,1565,756,809,1368,671,697,781,367,414,195,102,93,
7825,783,389,394,1370,659,711,1565,756,809,1369,671,698,781,367,414,196,102,94,
7830,784,390,394,1370,659,711,1566,757,809,1370,671,699,783,367,416,196,102,94,
7835,784,390,394,1371,660,711,1567,758,809,1371,672,699,784,367,417,196,102,94,
7840,784,390,394,1372,660,712,1568,759,809,1372,673,699,784,367,417,196,102,94,
7845,784,390,394,1373,661,712,1568,759,809,1372,673,699,784,367,417,196,102,94,
7850,785,390,395,1374,661,713,1570,760,810,1373,673,700,784,367,417,196,102,94,
7855,786,390,396,1374,661,713,1570,760,810,1374,673,701,784,367,417,196,102,94,
7860,787,390,397,1376,661,715,1573,761,812,1375,673,702,785,368,417,196,102,94,
7865,787,390,397,1377,661,716,1573,761,812,1376,674,702,785,368,417,197,103,94,
7870,788,390,398,1377,661,716,1574,761,813,1377,674,703,787,368,419,197,103,94,
7875,788,390,398,1378,661,717,1575,762,813,1378,675,703,788,368,420,197,103,94,
7880,788,390,398,1379,661,718,1576,763,813,1379,676,703,788,368,420,197,103,94,
7885,788,390,398,1380,661,719,1576,763,813,1379,676,703,788,368,420,197,103,94,
7890,789,390,399,1381,661,720,1578,765,813,1380,677,703,788,368,420,197,103,94,
7895,790,391,399,1381,661,720,1578,765,813,1381,677,704,788,368,420,197,103,94,
7900,791,391,400,1383,662,721,1581,766,815,1382,678,704,789,368,421,197,103,94,
7905,791,391,400,1384,663,721,1581,766,815,1383,678,705,789,368,421,198,104,94,
7910,792,392,400,1384,663,721,1582,766,816,1384,678,706,791,369,422,198,104,94,
7915,792,392,400,1385,664,721,1583,767,816,1385,679,706,792,370,422,198,104,94,
7920,792,392,400,1386,665,721,1584,768,816,1386,680,706,792,370,422,198,104,94,
7925,792,392,400,1387,665,722,1584,768,816,1386,680,706,792,370,422,198,104,94,
7930,793,393,400,1388,666,722,1586,770,816,1387,681,706,792,370,422,198,104,94,
7935,794,394,400,1388,666,722,1586,770,816,1388,681,707,792,370,422,198,104,94,
7940,795,395,400,1390,666,724,1589,771,818,1389,682,707,793,370,423,198,104,94,
7945,795,395,400,1391,666,725,1589,771,818,1390,682,708,793,370,423,199,105,94,
7950,796,396,400,1391,666,725,1590,772,818,1391,683,708,795,371,424,199,105,94,
7955,796,396,400,1392,667,725,1591,772,819,1392,683,709,796,372,424,199,105,94,
7960,796,396,400,1393,667,726,1592,773,819,1393,684,709,796,372,424,199,105,94,
7965,796,396,400,1394,667,727,1592,773,819,1393,684,709,796,372,424,199,105,94,
7970,797,396,401,1395,667,728,1594,775,819,1394,684,710,796,372,424,199,105,94,
7975,798,397,401,1395,667,728,1594,775,819,1395,685,710,796,372,424,199,105,94,
7980,799,398,401,1397,667,730,1597,777,820,1396,685,711,797,372,425,199,105,94,
7985,799,398,401,1398,667,731,1597,777,820,1397,685,712,797,372,425,200,105,95,
7990,800,399,401,1398,667,731,1598,778,820,1398,686,712,799,373,426,200,105,95,
7995,800,399,401,1399,668,731,1599,779,820,1399,686,713,800,374,426,200,105,95,
8000,800,399,401,1400,669,731,1600,780,820,1400,687,713,800,374,426,200,105,95,
8005,800,399,401,1401,669,732,1600,780,820,1400,687,713,800,374,426,200,105,95,
8010,801,399,402,1402,669,733,1602,780,822,1401,688,713,800,374,426,200,105,95,
8015,802,400,402,1402,669,733,1602,780,822,1402,689,713,800,374,426,200,105,95,
8020,803,400,403,1404,669,735,1605,782,823,1403,690,713,801,375,426,200,105,95,
8025,803,400,403,1405,670,735,1605,782,823,1404,690,714,801,375,426,201,106,95,
8030,804,401,403,1405,670,735,1606,783,823,1405,691,714,803,376,427,201,106,95,
8035,804,401,403,1406,670,736,1607,783,824,1406,691,715,804,377,427,201,106,95,
8040,804,401,403,1407,671,736,1608,783,825,1407,691,716,804,377,427,201,106,95,
8045,804,401,403,1408,671,737,1608,783,825,1407,691,716,804,377,427,201,106,95,
8050,805,401,404,1409,671,738,1610,783,827,1408,691,717,804,377,427,201,106,95,
8055,806,402,404,1409,671,738,1610,783,827,1409,692,717,804,377,427,201,106,95,
8060,807,403,404,1411,672,739,1613,785,828,1410,693,717,805,378,427,201,106,95,
8065,807,403,404,1412,672,740,1613,785,828,1411,693,718,805,378,427,202,107,95,
8070,808,404,404,1412,672,740,1614,785,829,1412,693,719,807,378,429,202,107,95,
8075,808,404,404,1413,672,741,1615,785,830,1413,693,720,808,379,429,202,107,95,
8080,808,404,404,1414,672,742,1616,785,831,1414,694,720,808,379,429,202,107,95,
8085,808,404,404,1415,673,742,1616,785,831,1414,694,720,808,379,429,202,107,95,
8090,809,405,404,1416,673,743,1618,787,831,1415,695,720,808,379,429,202,107,95,
8095,810,405,405,1416,673,743,1618,787,831,1416,695,721,808,379,429,202,107,95,
8100,811,406,405,1418,674,744,1621,790,831,1417,695,722,809,379,430,202,107,95,
8105,811,406,405,1419,675,744,1621,790,831,1418,696,722,809,379,430,203,107,96,
8110,812,406,406,1419,675,744,1622,790,832,1419,696,723,811,379,432,203,107,96,
8115,812,406,406,1420,676,744,1623,790,833,1420,696,724,812,379,433,203,107,96,
8120,812,406,406,1421,677,744,1624,790,834,1421,697,724,812,379,433,203,107,96,
8125,812,406,406,1422,678,744,1624,790,834,1421,697,724,812,379,433,203,107,96,
8130,813,406,407,1423,679,744,1626,791,835,1422,697,725,812,379,433,203,107,96,
8135,814,407,407,1423,679,744,1626,791,835,1423,697,726,812,379,433,203,107,96,
8140,815,407,408,1425,681,744,1629,793,836,1424,698,726,813,380,433,203,107,96,
8145,815,407,408,1426,682,744,1629,793,836,1425,699,726,813,380,433,204,107,97,
8150,816,408,408,1426,682,744,1630,793,837,1426,699,727,815,382,433,204,107,97,
8155,816,408,408,1427,683,744,1631,794,837,1427,700,727,816,382,434,204,107,97,
8160,816,408,408,1428,683,745,1632,795,837,1428,701,727,816,382,434,204,107,97,
8165,816,408,408,1429,683,746,1632,795,837,1428,701,727,816,382,434,204,107,97,
8170,817,409,408,1430,683,747,1634,797,837,1429,702,727,816,382,434,204,107,97,
8175,818,409,409,1430,683,747,1634,797,837,1430,702,728,816,382,434,204,107,97,
8180,819,410,409,1432,683,749,1637,797,840,1431,703,728,817,383,434,204,107,97,
8185,819,410,409,1433,684,749,1637,797,840,1432,704,728,817,383,434,205,107,98,
8190,820,411,409,1433,684,749,1638,797,841,1433,704,729,819,383,436,205,107,98,
8195,820,411,409,1434,685,749,1639,798,841,1434,705,729,820,383,437,205,107,98,
8200,820,411,409,1435,686,749,1640,799,841,1435,706,729,820,383,437,205,107,98,
8205,820,411,409,1436,687,749,1640,799,841,1435,706,729,820,383,437,205,107,98,
8210,821,412,409,1437,687,750,1642,801,841,1436,707,729,820,383,437,205,107,98,
8215,822,413,409,1437,687,750,1642,801,841,1437,708,729,820,383,437,205,107,98,
8220,823,414,409,1439,687,752,1645,802,843,1438,709,729,821,383,438,205,107,98,
8225,823,414,409,1440,687,753,1645,802,843,1439,710,729,821,383,438,206,107,99,
8230,824,414,410,1440,687,753,1646,802,844,1440,711,729,823,385,438,206,107,99,
8235,824,414,410,1441,687,754,1647,802,845,1441,711,730,824,386,438,206,107,99,
8240,824,414,410,1442,688,754,1648,802,846,1442,711,731,824,386,438,206,107,99,
8245,824,414,410,1443,688,755,1648,802,846,1442,711,731,824,386,438,206,107,99,
8250,825,415,410,1444,689,755,1650,803,847,1443,712,731,824,386,438,206,107,99,
8255,826,416,410,1444,689,755,1650,803,847,1444,713,731,824,386,438,206,107,99,
8260,827,416,411,1446,690,756,1653,804,849,1445,714,731,825,386,439,206,107,99,
8265,827,416,411,1447,691,756,1653,804,849,1446,714,732,825,386,439,207,108,99,
8270,828,416,412,1447,691,756,1654,805,849,1447,714,733,827,386,441,207,108,99,
8275,828,416,412,1448,691,757,1655,805,850,1448,715,733,828,387,441,207,108,99,
8280,828,416,412,1449,692,757,1656,805,851,1449,715,734,828,387,441,207,108,99,
8285,828,416,412,1450,693,757,1656,805,851,1449,715,734,828,387,441,207,108,99,
8290,829,416,413,1451,694,757,1658,806,852,1450,716,734,828,387,441,207,108,99,
8295,830,417,413,1451,694,757,1658,806,852,1451,716,735,828,387,441,207,108,99,
8300,831,417,414,1453,695,758,1661,807,854,1452,716,736,829,387,442,207,108,99,
8305,831,417,414,1454,696,758,1661,807,854,1453,717,736,829,387,442,208,108,100,
8310,832,418,414,1454,696,758,1662,807,855,1454,717,737,831,388,443,208,108,100,
8315,832,418,414,1455,696,759,1663,808,855,1455,717,738,832,389,443,208,108,100,
8320,832,418,414,1456,697,759,1664,808,856,1456,717,739,832,389,443,208,108,100,
8325,832,418,414,1457,697,760,1664,808,856,1456,717,739,832,389,443,208,108,100,
8330,833,418,415,1458,698,760,1666,808,858,1457,718,739,832,389,443,208,108,100,
8335,834,418,416,1458,698,760,1666,808,858,1458,718,740,832,389,443,208,108,100,
8340,835,418,417,1460,698,762,1669,809,860,1459,719,740,833,389,444,208,108,100,
8345,835,418,417,1461,698,763,1669,809,860,1460,720,740,833,389,444,209,108,101,
8350,836,419,417,1461,698,763,1670,810,860,1461,721,740,835,390,445,209,108,101,
8355,836,419,417,1462,698,764,1671,811,860,1462,721,741,836,390,446,209,108,101,
8360,836,419,417,1463,699,764,1672,812,860,1463,721,742,836,390,446,209,108,101,
8365,836,419,417,1464,699,765,1672,812,860,1463,721,742,836,390,446,209,108,101,
8370,837,420,417,1465,699,766,1674,812,862,1464,722,742,836,390,446,209,108,101,
8375,838,420,418,1465,699,766,1674,812,862,1465,722,743,836,390,446,209,108,101,
8380,839,421,418,1467,700,767,1677,814,863,1466,722,744,837,390,447,209,108,101,
8385,839,421,418,1468,701,767,1677,814,863,1467,723,744,837,390,447,210,109,101,
8390,840,422,418,1468,701,767,1678,815,863,1468,723,745,839,392,447,210,109,101,
8395,840,422,418,1469,701,768,1679,816,863,1469,724,745,840,393,447,210,109,101,
8400,840,422,418,1470,701,769,1680,817,863,1470,725,745,840,393,447,210,109,101,
8405,840,422,418,1471,701,770,1680,817,863,1470,725,745,840,393,447,210,109,101,
8410,841,422,419,1472,701,771,1682,819,863,1471,725,746,840,393,447,210,109,101,
8415,842,423,419,1472,701,771,1682,819,863,1472,725,747,840,393,447,210,109,101,
8420,843,424,419,1474,702,772,1685,821,864,1473,726,747,841,393,448,210,109,101,
8425,843,424,419,1475,702,773,1685,821,864,1474,726,748,841,393,448,211,110,101,
8430,844,424,420,1475,702,773,1686,821,865,1475,726,749,843,393,450,211,110,101,
8435,844,424,420,1476,702,774,1687,822,865,1476,726,750,844,394,450,211,110,101,
8440,844,424,420,1477,703,774,1688,822,866,1477,727,750,844,394,450,211,110,101,
8445,844,424,420,1478,703,775,1688,822,866,1477,727,750,844,394,450,211,110,101,
8450,845,424,421,1479,704,775,1690,822,868,1478,728,750,844,394,450,211,110,101,
8455,846,424,422,1479,704,775,1690,822,868,1479,728,751,844,394,450,211,110,101,
8460,847,424,423,1481,706,775,1693,824,869,1480,729,751,845,394,451,211,110,101,
8465,847,424,423,1482,706,776,1693,824,869,1481,730,751,845,394,451,212,111,101,
8470,848,424,424,1482,706,776,1694,824,870,1482,731,751,847,394,453,212,111,101,
8475,848,424,424,1483,706,777,1695,824,871,1483,732,751,848,394,454,212,111,101,
8480,848,424,424,1484,706,778,1696,824,872,1484,733,751,848,394,454,212,111,101,
8485,848,424,424,1485,707,778,1696,824,872,1484,733,751,848,394,454,212,111,101,
8490,849,425,424,1486,707,779,1698,825,873,1485,734,751,848,394,454,212,111,101,
8495,850,426,424,1486,707,779,1698,825,873,1486,735,751,848,394,454,212,111,101,
8500,851,427,424,1488,707,781,1701,827,874,1487,735,752,849,395,454,212,111,101,
8505,851,427,424,1489,707,782,1701,827,874,1488,735,753,849,395,454,213,112,101,
8510,852,428,424,1489,707,782,1702,828,874,1489,735,754,851,396,455,213,112,101,
8515,852,428,424,1490,707,783,1703,828,875,1490,735,755,852,397,455,213,112,101,
8520,852,428,424,1491,707,784,1704,829,875,1491,735,756,852,397,455,213,112,101,
8525,852,428,424,1492,707,785,1704,829,875,1491,735,756,852,397,455,213,112,101,
8530,853,428,425,1493,708,785,1706,829,877,1492,736,756,852,397,455,213,112,101,
8535,854,428,426,1493,708,785,1706,829,877,1493,737,756,852,397,455,213,112,101,
8540,855,428,427,1495,710,785,1709,831,878,1494,737,757,853,398,455,213,112,101,
8545,855,428,427,1496,711,785,1709,831,878,1495,738,757,853,398,455,214,113,101,
8550,856,428,428,1496,711,785,1710,831,879,1496,738,758,855,398,457,214,113,101,
8555,856,428,428,1497,712,785,1711,831,880,1497,738,759,856,398,458,214,113,101,
8560,856,428,428,1498,712,786,1712,831,881,1498,739,759,856,398,458,214,113,101,
8565,856,428,428,1499,713,786,1712,831,881,1498,739,759,856,398,458,214,113,101,
8570,857,428,429,1500,714,786,1714,832,882,1499,740,759,856,398,458,214,113,101,
8575,858,429,429,1500,714,786,1714,832,882,1500,740,760,856,398,458,214,113,101,
8580,859,429,430,1502,714,788,1717,834,883,1501,740,761,857,398,459,214,113,101,
8585,859,429,430,1503,714,789,1717,834,883,1502,741,761,857,398,459,215,113,102,
8590,860,430,430,1503,714,789,1718,834,884,1503,741,762,859,399,460,215,113,102,
8595,860,430,430,1504,714,790,1719,834,885,1504,741,763,860,400,460,215,113,102,
8600,860,430,430,1505,715,790,1720,835,885,1505,742,763,860,400,460,215,113,102,
8605,860,430,430,1506,715,791,1720,835,885,1505,742,763,860,400,460,215,113,102,
8610,861,430,431,1507,715,792,1722,836,886,1506,742,764,860,400,460,215,113,102,
8615,862,430,432,1507,715,792,1722,836,886,1507,742,765,860,400,460,215,113,102,
8620,863,431,432,1509,715,794,1725,837,888,1508,743,765,861,400,461,215,113,102,
8625,863,431,432,1510,716,794,1725,837,888,1509,744,765,861,400,461,216,113,103,
8630,864,432,432,1510,716,794,1726,838,888,1510,745,765,863,401,462,216,113,103,
8635,864,432,432,1511,717,794,1727,839,888,1511,746,765,864,401,463,216,113,103,
8640,864,432,432,1512,718,794,1728,839,889,1512,747,765,864,401,463,216,113,103,
8645,864,432,432,1513,718,795,1728,839,889,1512,747,765,864,401,463,216,113,103,
8650,865,433,432,1514,718,796,1730,839,891,1513,748,765,864,401,463,216,113,103,
8655,866,434,432,1514,718,796,1730,839,891,1514,749,765,864,401,463,216,113,103,
8660,867,434,433,1516,719,797,1733,839,894,1515,749,766,865,402,463,216,113,103,
8665,867,434,433,1517,720,797,1733,839,894,1516,749,767,865,402,463,217,113,104,
8670,868,435,433,1517,720,797,1734,839,895,1517,750,767,867,403,464,217,113,104,
8675,868,435,433,1518,720,798,1735,839,896,1518,750,768,868,403,465,217,113,104,
8680,868,435,433,1519,720,799,1736,840,896,1519,750,769,868,403,465,217,113,104,
8685,868,435,433,1520,721,799,1736,840,896,1519,750,769,868,403,465,217,113,104,
8690,869,435,434,1521,722,799,1738,842,896,1520,750,770,868,403,465,217,113,104,
8695,870,435,435,1521,722,799,1738,842,896,1521,750,771,868,403,465,217,113,104,
8700,871,435,436,1523,724,799,1741,843,898,1522,751,771,869,404,465,217,113,104,
8705,871,435,436,1524,724,800,1741,843,898,1523,751,772,869,404,465,218,114,104,
8710,872,436,436,1524,724,800,1742,843,899,1524,752,772,871,405,466,218,114,104,
8715,872,436,436,1525,725,800,1743,844,899,1525,753,772,872,405,467,218,114,104,
8720,872,436,436,1526,726,800,1744,845,899,1526,753,773,872,405,467,218,114,104,
8725,872,436,436,1527,726,801,1744,845,899,1526,753,773,872,405,467,218,114,104,
8730,873,437,436,1528,727,801,1746,846,900,1527,753,774,872,405,467,218,114,104,
8735,874,437,437,1528,727,801,1746,846,900,1528,753,775,872,405,467,218,114,104,
8740,875,437,438,1530,728,802,1749,847,902,1529,753,776,873,406,467,218,114,104,
8745,875,437,438,1531,729,802,1749,847,902,1530,753,777,873,406,467,219,115,104,
8750,876,437,439,1531,729,802,1750,848,902,1531,754,777,875,407,468,219,115,104,
8755,876,437,439,1532,730,802,1751,849,902,1532,755,777,876,407,469,219,115,104,
8760,876,437,439,1533,731,802,1752,850,902,1533,756,777,876,407,469,219,115,104,
8765,876,437,439,1534,732,802,1752,850,902,1533,756,777,876,407,469,219,115,104,
8770,877,437,440,1535,733,802,1754,852,902,1534,756,778,876,407,469,219,115,104,
8775,878,438,440,1535,733,802,1754,852,902,1535,756,779,876,407,469,219,115,104,
8780,879,438,441,1537,734,803,1757,855,902,1536,756,780,877,407,470,219,115,104,
8785,879,438,441,1538,734,804,1757,855,902,1537,756,781,877,407,470,220,115,105,
8790,880,439,441,1538,734,804,1758,856,902,1538,756,782,879,408,471,220,115,105,
8795,880,439,441,1539,735,804,1759,856,903,1539,756,783,880,409,471,220,115,105,
8800,880,439,441,1540,736,804,1760,857,903,1540,756,784,880,409,471,220,115,105,
8805,880,439,441,1541,736,805,1760,857,903,1540,756,784,880,409,471,220,115,105,
8810,881,440,441,1542,737,805,1762,858,904,1541,756,785,880,409,471,220,115,105,
8815,882,441,441,1542,737,805,1762,858,904,1542,757,785,880,409,471,220,115,105,
8820,883,442,441,1544,738,806,1765,859,906,1543,758,785,881,410,471,220,115,105,
8825,883,442,441,1545,739,806,1765,859,906,1544,758,786,881,410,471,221,115,106,
8830,884,442,442,1545,739,806,1766,860,906,1545,758,787,883,411,472,221,115,106,
8835,884,442,442,1546,739,807,1767,860,907,1546,758,788,884,412,472,221,115,106,
8840,884,442,442,1547,740,807,1768,861,907,1547,759,788,884,412,472,221,115,106,
8845,884,442,442,1548,741,807,1768,861,907,1547,759,788,884,412,472,221,115,106,
8850,885,442,443,1549,742,807,1770,861,909,1548,760,788,884,412,472,221,115,106,
8855,886,442,444,1549,742,807,1770,861,909,1549,760,789,884,412,472,221,115,106,
8860,887,443,444,1551,744,807,1773,863,910,1550,761,789,885,412,473,221,115,106,
8865,887,443,444,1552,745,807,1773,863,910,1551,761,790,885,412,473,222,115,107,
8870,888,443,445,1552,745,807,1774,863,911,1552,762,790,887,413,474,222,115,107,
8875,888,443,445,1553,745,808,1775,864,911,1553,763,790,888,413,475,222,115,107,
8880,888,443,445,1554,745,809,1776,864,912,1554,763,791,888,413,475,222,115,107,
8885,888,443,445,1555,745,810,1776,864,912,1554,763,791,888,413,475,222,115,107,
8890,889,443,446,1556,746,810,1778,866,912,1555,763,792,888,413,475,222,115,107,
8895,890,443,447,1556,746,810,1778,866,912,1556,763,793,888,413,475,222,115,107,
8900,891,444,447,1558,746,812,1781,868,913,1557,763,794,889,414,475,222,115,107,
8905,891,444,447,1559,746,813,1781,868,913,1558,764,794,889,414,475,223,116,107,
8910,892,444,448,1559,746,813,1782,869,913,1559,764,795,891,414,477,223,116,107,
8915,892,444,448,1560,747,813,1783,869,914,1560,764,796,892,415,477,223,116,107,
8920,892,444,448,1561,748,813,1784,869,915,1561,765,796,892,415,477,223,116,107,
8925,892,444,448,1562,748,814,1784,869,915,1561,765,796,892,415,477,223,116,107,
8930,893,444,449,1563,749,814,1786,869,917,1562,765,797,892,415,477,223,116,107,
8935,894,444,450,1563,749,814,1786,869,917,1563,765,798,892,415,477,223,116,107,
8940,895,445,450,1565,750,815,1789,871,918,1564,765,799,893,416,477,223,116,107,
8945,895,445,450,1566,751,815,1789,871,918,1565,766,799,893,416,477,224,117,107,
8950,896,445,451,1566,751,815,1790,872,918,1566,767,799,895,417,478,224,117,107,
8955,896,445,451,1567,752,815,1791,872,919,1567,767,800,896,417,479,224,117,107,
8960,896,445,451,1568,753,815,1792,873,919,1568,767,801,896,417,479,224,117,107,
8965,896,445,451,1569,753,816,1792,873,919,1568,767,801,896,417,479,224,117,107,
8970,897,445,452,1570,753,817,1794,874,920,1569,767,802,896,417,479,224,117,107,
8975,898,446,452,1570,753,817,1794,874,920,1570,768,802,896,417,479,224,117,107,
8980,899,446,453,1572,754,818,1797,875,922,1571,769,802,897,417,480,224,117,107,
8985,899,446,453,1573,754,819,1797,875,922,1572,770,802,897,417,480,225,117,108,
8990,900,447,453,1573,754,819,1798,875,923,1573,771,802,899,418,481,225,117,108,
8995,900,447,453,1574,755,819,1799,875,924,1574,771,803,900,419,481,225,117,108,
9000,900,447,453,1575,755,820,1800,875,925,1575,771,804,900,419,481,225,117,108,
9005,900,447,453,1576,756,820,1800,875,925,1575,771,804,900,419,481,225,117,108,
9010,901,448,453,1577,757,820,1802,876,926,1576,772,804,900,419,481,225,117,108,
9015,902,448,454,1577,757,820,1802,876,926,1577,772,805,900,419,481,225,117,108,
9020,903,449,454,1579,758,821,1805,878,927,1578,772,806,901,419,482,225,117,108,
9025,903,449,454,1580,758,822,1805,878,927,1579,773,806,901,419,482,226,118,108,
9030,904,450,454,1580,758,822,1806,878,928,1580,774,806,903,421,482,226,118,108,
9035,904,450,454,1581,759,822,1807,879,928,1581,774,807,904,421,483,226,118,108,
9040,904,450,454,1582,759,823,1808,879,929,1582,774,808,904,421,483,226,118,108,
9045,904,450,454,1583,760,823,1808,879,929,1582,774,808,904,421,483,226,118,108,
9050,905,450,455,1584,761,823,1810,879,931,1583,774,809,904,421,483,226,118,108,
9055,906,450,456,1584,761,823,1810,879,931,1584,774,810,904,421,483,226,118,108,
9060,907,450,457,1586,763,823,1813,882,931,1585,774,811,905,422,483,226,118,108,
9065,907,450,457,1587,763,824,1813,882,931,1586,774,812,905,422,483,227,119,108,
9070,908,451,457,1587,763,824,1814,882,932,1587,775,812,907,424,483,227,119,108,
9075,908,451,457,1588,764,824,1815,882,933,1588,775,813,908,424,484,227,119,108,
9080,908,451,457,1589,764,825,1816,882,934,1589,776,813,908,424,484,227,119,108,
9085,908,451,457,1590,765,825,1816,882,934,1589,776,813,908,424,484,227,119,108,
9090,909,451,458,1591,765,826,1818,884,934,1590,776,814,908,424,484,227,119,108,
9095,910,451,459,1591,765,826,1818,884,934,1591,776,815,908,424,484,227,119,108,
9100,911,451,460,1593,766,827,1821,885,936,1592,777,815,909,424,485,227,119,108,
9105,911,451,460,1594,767,827,1821,885,936,1593,778,815,909,424,485,228,119,109,
9110,912,451,461,1594,767,827,1822,886,936,1594,778,816,911,424,487,228,119,109,
9115,912,451,461,1595,767,828,1823,886,937,1595,779,816,912,424,488,228,119,109,
9120,912,451,461,1596,768,828,1824,886,938,1596,779,817,912,424,488,228,119,109,
9125,912,451,461,1597,769,828,1824,886,938,1596,779,817,912,424,488,228,119,109,
9130,913,451,462,1598,770,828,1826,887,939,1597,779,818,912,424,488,228,119,109,
9135,914,451,463,1598,770,828,1826,887,939,1598,779,819,912,424,488,228,119,109,
9140,915,452,463,1600,771,829,1829,887,942,1599,779,820,913,424,489,228,119,109,
9145,915,452,463,1601,771,830,1829,887,942,1600,779,821,913,424,489,229,120,109,
9150,916,453,463,1601,771,830,1830,887,943,1601,779,822,915,426,489,229,120,109,
9155,916,453,463,1602,772,830,1831,887,944,1602,780,822,916,426,490,229,120,109,
9160,916,453,463,1603,772,831,1832,888,944,1603,781,822,916,426,490,229,120,109,
9165,916,453,463,1604,773,831,1832,888,944,1603,781,822,916,426,490,229,120,109,
9170,917,454,463,1605,773,832,1834,889,945,1604,782,822,916,426,490,229,120,109,
9175,918,454,464,1605,773,832,1834,889,945,1605,782,823,916,426,490,229,120,109,
9180,919,454,465,1607,775,832,1837,892,945,1606,782,824,917,426,491,229,120,109,
9185,919,454,465,1608,775,833,1837,892,945,1607,782,825,917,426,491,230,121,109,
9190,920,454,466,1608,775,833,1838,893,945,1608,783,825,919,427,492,230,121,109,
9195,920,454,466,1609,776,833,1839,894,945,1609,783,826,920,427,493,230,121,109,
9200,920,454,466,1610,776,834,1840,895,945,1610,783,827,920,427,493,230,121,109,
9205,920,454,466,1611,777,834,1840,895,945,1610,783,827,920,427,493,230,121,109,
9210,921,454,467,1612,778,834,1842,896,946,1611,784,827,920,427,493,230,121,109,
9215,922,455,467,1612,778,834,1842,896,946,1612,784,828,920,427,493,230,121,109,
9220,923,456,467,1614,778,836,1845,898,947,1613,784,829,921,427,494,230,121,109,
9225,923,456,467,1615,779,836,1845,898,947,1614,784,830,921,427,494,231,122,109,
9230,924,456,468,1615,779,836,1846,898,948,1615,785,830,923,428,495,231,122,109,
9235,924,456,468,1616,780,836,1847,899,948,1616,785,831,924,429,495,231,122,109,
9240,924,456,468,1617,781,836,1848,899,949,1617,785,832,924,429,495,231,122,109,
9245,924,456,468,1618,782,836,1848,899,949,1617,785,832,924,429,495,231,122,109,
9250,925,457,468,1619,782,837,1850,901,949,1618,786,832,924,429,495,231,122,109,
9255,926,457,469,1619,782,837,1850,901,949,1619,786,833,924,429,495,231,122,109,
9260,927,457,470,1621,782,839,1853,903,950,1620,786,834,925,430,495,231,122,109,
9265,927,457,470,1622,783,839,1853,903,950,1621,786,835,925,430,495,232,123,109,
9270,928,458,470,1622,783,839,1854,904,950,1622,787,835,927,431,496,232,123,109,
9275,928,458,470,1623,783,840,1855,904,951,1623,787,836,928,432,496,232,123,109,
9280,928,458,470,1624,784,840,1856,904,952,1624,788,836,928,432,496,232,123,109,
9285,928,458,470,1625,785,840,1856,904,952,1624,788,836,928,432,496,232,123,109,
9290,929,459,470,1626,786,840,1858,906,952,1625,789,836,928,432,496,232,123,109,
9295,930,460,470,1626,786,840,1858,906,952,1626,790,836,928,432,496,232,123,109,
9300,931,460,471,1628,786,842,1861,908,953,1627,790,837,929,432,497,232,123,109,
9305,931,460,471,1629,786,843,1861,908,953,1628,790,838,929,432,497,233,124,109,
9310,932,460,472,1629,786,843,1862,909,953,1629,790,839,931,432,499,233,124,109,
9315,932,460,472,1630,786,844,1863,910,953,1630,791,839,932,432,500,233,124,109,
9320,932,460,472,1631,786,845,1864,910,954,1631,792,839,932,432,500,233,124,109,
9325,932,460,472,1632,786,846,1864,910,954,1631,792,839,932,432,500,233,124,109,
9330,933,460,473,1633,787,846,1866,911,955,1632,793,839,932,432,500,233,124,109,
9335,934,461,473,1633,787,846,1866,911,955,1633,793,840,932,432,500,233,124,109,
9340,935,461,474,1635,788,847,1869,912,957,1634,794,840,933,432,501,233,124,109,
9345,935,461,474,1636,789,847,1869,912,957,1635,794,841,933,432,501,234,125,109,
9350,936,462,474,1636,789,847,1870,913,957,1636,794,842,935,434,501,234,125,109,
9355,936,462,474,1637,790,847,1871,913,958,1637,794,843,936,435,501,234,125,109,
9360,936,462,474,1638,790,848,1872,913,959,1638,795,843,936,435,501,234,125,109,
9365,936,462,474,1639,790,849,1872,913,959,1638,795,843,936,435,501,234,125,109,
9370,937,463,474,1640,790,850,1874,913,961,1639,796,843,936,435,501,234,125,109,
9375,938,463,475,1640,790,850,1874,913,961,1640,796,844,936,435,501,234,125,109,
9380,939,464,475,1642,791,851,1877,914,963,1641,797,844,937,436,501,234,125,109,
9385,939,464,475,1643,792,851,1877,914,963,1642,797,845,937,436,501,235,125,110,
9390,940,464,476,1643,792,851,1878,915,963,1643,798,845,939,438,501,235,125,110,
9395,940,464,476,1644,793,851,1879,916,963,1644,799,845,940,438,502,235,125,110,
9400,940,464,476,1645,793,852,1880,917,963,1645,800,845,940,438,502,235,125,110,
9405,940,464,476,1646,794,852,1880,917,963,1645,800,845,940,438,502,235,125,110,
9410,941,465,476,1647,795,852,1882,919,963,1646,800,846,940,438,502,235,125,110,
9415,942,466,476,1647,795,852,1882,919,963,1647,800,847,940,438,502,235,125,110,
9420,943,466,477,1649,795,854,1885,921,964,1648,801,847,941,438,503,235,125,110,
9425,943,466,477,1650,795,855,1885,921,964,1649,801,848,941,438,503,236,125,111,
9430,944,466,478,1650,795,855,1886,922,964,1650,802,848,943,439,504,236,125,111,
9435,944,466,478,1651,796,855,1887,922,965,1651,803,848,944,440,504,236,125,111,
9440,944,466,478,1652,796,856,1888,922,966,1652,804,848,944,440,504,236,125,111,
9445,944,466,478,1653,796,857,1888,922,966,1652,804,848,944,440,504,236,125,111,
9450,945,467,478,1654,797,857,1890,924,966,1653,805,848,944,440,504,236,125,111,
9455,946,467,479,1654,797,857,1890,924,966,1654,805,849,944,440,504,236,125,111,
9460,947,467,480,1656,798,858,1893,926,967,1655,805,850,945,440,505,236,125,111,
9465,947,467,480,1657,799,858,1893,926,967,1656,806,850,945,440,505,237,126,111,
9470,948,467,481,1657,799,858,1894,927,967,1657,807,850,947,440,507,237,126,111,
9475,948,467,481,1658,799,859,1895,928,967,1658,808,850,948,440,508,237,126,111,
9480,948,467,481,1659,800,859,1896,929,967,1659,809,850,948,440,508,237,126,111,
9485,948,467,481,1660,801,859,1896,929,967,1659,809,850,948,440,508,237,126,111,
9490,949,468,481,1661,801,860,1898,931,967,1660,810,850,948,440,508,237,126,111,
9495,950,469,481,1661,801,860,1898,931,967,1661,810,851,948,440,508,237,126,111,
9500,951,470,481,1663,802,861,1901,934,967,1662,811,851,949,441,508,237,126,111,
9505,951,470,481,1664,803,861,1901,934,967,1663,812,851,949,441,508,238,126,112,
9510,952,470,482,1664,803,861,1902,934,968,1664,813,851,951,443,508,238,126,112,
9515,952,470,482,1665,803,862,1903,935,968,1665,814,851,952,444,508,238,126,112,
9520,952,470,482,1666,804,862,1904,935,969,1666,815,851,952,444,508,238,126,112,
9525,952,470,482,1667,805,862,1904,935,969,1666,815,851,952,444,508,238,126,112,
9530,953,471,482,1668,806,862,1906,937,969,1667,816,851,952,444,508,238,126,112,
9535,954,472,482,1668,806,862,1906,937,969,1668,817,851,952,444,508,238,126,112,
9540,955,472,483,1670,807,863,1909,939,970,1669,817,852,953,444,509,238,126,112,
9545,955,472,483,1671,808,863,1909,939,970,1670,817,853,953,444,509,239,126,113,
9550,956,472,484,1671,808,863,1910,940,970,1671,817,854,955,445,510,239,126,113,
9555,956,472,484,1672,809,863,1911,940,971,1672,818,854,956,446,510,239,126,113,
9560,956,472,484,1673,810,863,1912,940,972,1673,818,855,956,446,510,239,126,113,
9565,956,472,484,1674,810,864,1912,940,972,1673,818,855,956,446,510,239,126,113,
9570,957,472,485,1675,811,864,1914,941,973,1674,818,856,956,446,510,239,126,113,
9575,958,472,486,1675,811,864,1914,941,973,1675,819,856,956,446,510,239,126,113,
9580,959,473,486,1677,813,864,1917,944,973,1676,819,857,957,446,511,239,126,113,
9585,959,473,486,1678,814,864,1917,944,973,1677,819,858,957,446,511,240,126,114,
9590,960,474,486,1678,814,864,1918,945,973,1678,820,858,959,448,511,240,126,114,
9595,960,474,486,1679,814,865,1919,946,973,1679,821,858,960,449,511,240,126,114,
9600,960,474,486,1680,814,866,1920,947,973,1680,822,858,960,449,511,240,126,114,
9605,960,474,486,1681,814,867,1920,947,973,1680,822,858,960,449,511,240,126,114,
9610,961,475,486,1682,815,867,1922,948,974,1681,822,859,960,449,511,240,126,114,
9615,962,475,487,1682,815,867,1922,948,974,1682,823,859,960,449,511,240,126,114,
9620,963,475,488,1684,816,868,1925,949,976,1683,824,859,961,450,511,240,126,114,
9625,963,475,488,1685,816,869,1925,949,976,1684,825,859,961,450,511,241,127,114,
9630,964,476,488,1685,816,869,1926,949,977,1685,825,860,963,451,512,241,127,114,
9635,964,476,488,1686,817,869,1927,949,978,1686,825,861,964,452,512,241,127,114,
9640,964,476,488,1687,818,869,1928,950,978,1687,825,862,964,452,512,241,127,114,
9645,964,476,488,1688,819,869,1928,950,978,1687,825,862,964,452,512,241,127,114,
9650,965,477,488,1689,820,869,1930,952,978,1688,826,862,964,452,512,241,127,114,
9655,966,478,488,1689,820,869,1930,952,978,1689,826,863,964,452,512,241,127,114,
9660,967,479,488,1691,822,869,1933,953,980,1690,826,864,965,453,512,241,127,114,
9665,967,479,488,1692,823,869,1933,953,980,1691,826,865,965,453,512,242,127,115,
9670,968,480,488,1692,823,869,1934,953,981,1692,827,865,967,454,513,242,127,115,
9675,968,480,488,1693,823,870,1935,953,982,1693,827,866,968,455,513,242,127,115,
9680,968,480,488,1694,823,871,1936,953,983,1694,827,867,968,455,513,242,127,115,
9685,968,480,488,1695,824,871,1936,953,983,1694,827,867,968,455,513,242,127,115,
9690,969,481,488,1696,824,872,1938,953,985,1695,827,868,968,455,513,242,127,115,
9695,970,481,489,1696,824,872,1938,953,985,1696,828,868,968,455,513,242,127,115,
9700,971,481,490,1698,824,874,1941,956,985,1697,828,869,969,456,513,242,127,115,
9705,971,481,490,1699,825,874,1941,956,985,1698,828,870,969,456,513,243,128,115,
9710,972,481,491,1699,825,874,1942,956,986,1699,828,871,971,457,514,243,128,115,
9715,972,481,491,1700,826,874,1943,957,986,1700,828,872,972,457,515,243,128,115,
9720,972,481,491,1701,826,875,1944,957,987,1701,829,872,972,457,515,243,128,115,
9725,972,481,491,1702,826,876,1944,957,987,1701,829,872,972,457,515,243,128,115,
9730,973,481,492,1703,826,877,1946,958,988,1702,829,873,972,457,515,243,128,115,
9735,974,481,493,1703,826,877,1946,958,988,1703,829,874,972,457,515,243,128,115,
9740,975,481,494,1705,827,878,1949,958,991,1704,829,875,973,458,515,243,128,115,
9745,975,481,494,1706,827,879,1949,958,991,1705,829,876,973,458,515,244,128,116,
9750,976,481,495,1706,827,879,1950,958,992,1706,829,877,975,458,517,244,128,116,
9755,976,481,495,1707,827,880,1951,958,993,1707,829,878,976,459,517,244,128,116,
9760,976,481,495,1708,828,880,1952,959,993,1708,830,878,976,459,517,244,128,116,
9765,976,481,495,1709,829,880,1952,959,993,1708,830,878,976,459,517,244,128,116,
9770,977,482,495,1710,830,880,1954,959,995,1709,831,878,976,459,517,244,128,116,
9775,978,483,495,1710,830,880,1954,959,995,1710,831,879,976,459,517,244,128,116,
9780,979,483,496,1712,830,882,1957,961,996,1711,831,880,977,459,518,244,128,116,
9785,979,483,496,1713,830,883,1957,961,996,1712,832,880,977,459,518,245,129,116,
9790,980,483,497,1713,830,883,1958,962,996,1713,832,881,979,459,520,245,129,116,
9795,980,483,497,1714,831,883,1959,962,997,1714,832,882,980,459,521,245,129,116,
9800,980,483,497,1715,832,883,1960,962,998,1715,833,882,980,459,521,245,129,116,
9805,980,483,497,1716,833,883,1960,962,998,1715,833,882,980,459,521,245,129,116,
9810,981,484,497,1717,834,883,1962,963,999,1716,834,882,980,459,521,245,129,116,
9815,982,484,498,1717,834,883,1962,963,999,1717,835,882,980,459,521,245,129,116,
9820,983,485,498,1719,835,884,1965,964,1001,1718,835,883,981,460,521,245,129,116,
9825,983,485,498,1720,836,884,1965,964,1001,1719,835,884,981,460,521,246,130,116,
9830,984,485,499,1720,836,884,1966,965,1001,1720,836,884,983,460,523,246,130,116,
9835,984,485,499,1721,837,884,1967,966,1001,1721,837,884,984,460,524,246,130,116,
9840,984,485,499,1722,837,885,1968,966,1002,1722,837,885,984,460,524,246,130,116,
9845,984,485,499,1723,838,885,1968,966,1002,1722,837,885,984,460,524,246,130,116,
9850,985,485,500,1724,838,886,1970,966,1004,1723,837,886,984,460,524,246,130,116,
9855,986,486,500,1724,838,886,1970,966,1004,1724,838,886,984,460,524,246,130,116,
9860,987,487,500,1726,840,886,1973,967,1006,1725,838,887,985,461,524,246,130,116,
9865,987,487,500,1727,841,886,1973,967,1006,1726,838,888,985,461,524,247,131,116,
9870,988,488,500,1727,841,886,1974,967,1007,1727,838,889,987,461,526,247,131,116,
9875,988,488,500,1728,841,887,1975,967,1008,1728,839,889,988,461,527,247,131,116,
9880,988,488,500,1729,842,887,1976,967,1009,1729,839,890,988,461,527,247,131,116,
9885,988,488,500,1730,843,887,1976,967,1009,1729,839,890,988,461,527,247,131,116,
9890,989,489,500,1731,844,887,1978,967,1011,1730,840,890,988,461,527,247,131,116,
9895,990,489,501,1731,844,887,1978,967,1011,1731,840,891,988,461,527,247,131,116,
9900,991,489,502,1733,845,888,1981,969,1012,1732,841,891,989,461,528,247,131,116,
9905,991,489,502,1734,846,888,1981,969,1012,1733,842,891,989,461,528,248,132,116,
9910,992,490,502,1734,846,888,1982,970,1012,1734,842,892,991,463,528,248,132,116,
9915,992,490,502,1735,846,889,1983,970,1013,1735,842,893,992,464,528,248,132,116,
9920,992,490,502,1736,847,889,1984,971,1013,1736,843,893,992,464,528,248,132,116,
9925,992,490,502,1737,848,889,1984,971,1013,1736,843,893,992,464,528,248,132,116,
9930,993,491,502,1738,849,889,1986,972,1014,1737,843,894,992,464,528,248,132,116,
9935,994,492,502,1738,849,889,1986,972,1014,1738,844,894,992,464,528,248,132,116,
9940,995,493,502,1740,851,889,1989,975,1014,1739,845,894,993,464,529,248,132,116,
9945,995,493,502,1741,851,890,1989,975,1014,1740,846,894,993,464,529,249,133,116,
9950,996,493,503,1741,851,890,1990,976,1014,1741,846,895,995,466,529,249,133,116,
9955,996,493,503,1742,852,890,1991,976,1015,1742,847,895,996,467,529,249,133,116,
9960,996,493,503,1743,853,890,1992,977,1015,1743,847,896,996,467,529,249,133,116,
9965,996,493,503,1744,853,891,1992,977,1015,1743,847,896,996,467,529,249,133,116,
9970,997,494,503,1745,853,892,1994,978,1016,1744,847,897,996,467,529,249,133,116,
9975,998,495,503,1745,853,892,1994,978,1016,1745,848,897,996,467,529,249,133,116,
9980,999,496,503,1747,854,893,1997,979,1018,1746,848,898,997,468,529,249,133,116,
9985,999,496,503,1748,854,894,1997,979,1018,1747,848,899,997,468,529,250,133,117,
9990,1000,496,504,1748,854,894,1998,979,1019,1748,849,899,999,469,530,250,133,117,
9995,1000,496,504,1749,855,894,1999,980,1019,1749,850,899,1000,470,530,250,133,117,
10000,1000,496,504,1750,855,895,2000,980,1020,1750,850,900,1000,470,530,250,133,117,
10005,1000,496,504,1751,856,895,2000,980,1020,1750,850,900,1000,470,530,250,133,117,
10010,1001,496,505,1752,857,895,2002,980,1022,1751,851,900,1000,470,530,250,133,117,
10015,1002,496,506,1752,857,895,2002,980,1022,1752,852,900,1000,470,530,250,133,117,
10020,1003,497,506,1754,859,895,2005,981,1024,1753,853,900,1001,470,531,250,133,117,
10025,1003,497,506,1755,859,896,2005,981,1024,1754,853,901,1001,470,531,251,133,118,
10030,1004,497,507,1755,859,896,2006,981,1025,1755,854,901,1003,470,533,251,133,118,
10035,1004,497,507,1756,860,896,2007,981,1026,1756,855,901,1004,471,533,251,133,118,
10040,1004,497,507,1757,861,896,2008,981,1027,1757,855,902,1004,471,533,251,133,118,
10045,1004,497,507,1758,861,897,2008,981,1027,1757,855,902,1004,471,533,251,133,118,
10050,1005,497,508,1759,861,898,2010,981,1029,1758,855,903,1004,471,533,251,133,118,
10055,1006,497,509,1759,861,898,2010,981,1029,1759,856,903,1004,471,533,251,133,118,
10060,1007,498,509,1761,862,899,2013,981,1032,1760,857,903,1005,471,534,251,133,118,
10065,1007,498,509,1762,862,900,2013,981,1032,1761,857,904,1005,471,534,252,133,119,
10070,1008,498,510,1762,862,900,2014,981,1033,1762,857,905,1007,472,535,252,133,119,
10075,1008,498,510,1763,863,900,2015,982,1033,1763,858,905,1008,473,535,252,133,119,
10080,1008,498,510,1764,863,901,2016,982,1034,1764,859,905,1008,473,535,252,133,119,
10085,1008,498,510,1765,863,902,2016,982,1034,1764,859,905,1008,473,535,252,133,119,
10090,1009,499,510,1766,864,902,2018,982,1036,1765,860,905,1008,473,535,252,133,119,
10095,1010,500,510,1766,864,902,2018,982,1036,1766,861,905,1008,473,535,252,133,119,
10100,1011,500,511,1768,866,902,2021,984,1037,1767,862,905,1009,473,536,252,133,119,
10105,1011,500,511,1769,867,902,2021,984,1037,1768,863,905,1009,473,536,253,133,120,
10110,1012,500,512,1769,867,902,2022,984,1038,1769,863,906,1011,475,536,253,133,120,
10115,1012,500,512,1770,868,902,2023,985,1038,1770,863,907,1012,475,537,253,133,120,
10120,1012,500,512,1771,868,903,2024,985,1039,1771,864,907,1012,475,537,253,133,120,
10125,1012,500,512,1772,869,903,2024,985,1039,1771,864,907,1012,475,537,253,133,120,
10130,1013,500,513,1773,870,903,2026,987,1039,1772,865,907,1012,475,537,253,133,120,
10135,1014,501,513,1773,870,903,2026,987,1039,1773,866,907,1012,475,537,253,133,120,
10140,1015,502,513,1775,870,905,2029,989,1040,1774,867,907,1013,476,537,253,133,120,
10145,1015,502,513,1776,871,905,2029,989,1040,1775,868,907,1013,476,537,254,133,121,
10150,1016,502,514,1776,871,905,2030,990,1040,1776,868,908,1015,477,538,254,133,121,
10155,1016,502,514,1777,871,906,2031,990,1041,1777,868,909,1016,477,539,254,133,121,
10160,1016,502,514,1778,871,907,2032,991,1041,1778,868,910,1016,477,539,254,133,121,
10165,1016,502,514,1779,872,907,2032,991,1041,1778,868,910,1016,477,539,254,133,121,
10170,1017,502,515,1780,872,908,2034,992,1042,1779,868,911,1016,477,539,254,133,121,
10175,1018,502,516,1780,872,908,2034,992,1042,1780,868,912,1016,477,539,254,133,121,
10180,1019,503,516,1782,873,909,2037,994,1043,1781,869,912,1017,477,540,254,133,121,
10185,1019,503,516,1783,874,909,2037,994,1043,1782,870,912,1017,477,540,255,134,121,
10190,1020,504,516,1783,874,909,2038,995,1043,1783,871,912,1019,477,542,255,134,121,
10195,1020,504,516,1784,874,910,2039,996,1043,1784,871,913,1020,477,543,255,134,121,
10200,1020,504,516,1785,874,911,2040,997,1043,1785,872,913,1020,477,543,255,134,121,
10205,1020,504,516,1786,875,911,2040,997,1043,1785,872,913,1020,477,543,255,134,121,
10210,1021,505,516,1787,876,911,2042,999,1043,1786,872,914,1020,477,543,255,134,121,
10215,1022,505,517,1787,876,911,2042,999,1043,1787,873,914,1020,477,543,255,134,121,
10220,1023,505,518,1789,877,912,2045,999,1046,1788,873,915,1021,478,543,255,134,121,
10225,1023,505,518,1790,877,913,2045,999,1046,1789,873,916,1021,478,543,256,135,121,
10230,1024,505,519,1790,877,913,2046,1000,1046,1790,874,916,1023,479,544,256,135,121,
10235,1024,505,519,1791,877,914,2047,1001,1046,1791,874,917,1024,479,545,256,135,121,
10240,1024,505,519,1792,878,914,2048,1001,1047,1792,874,918,1024,479,545,256,135,121,
10245,1024,505,519,1793,879,914,2048,1001,1047,1792,874,918,1024,479,545,256,135,121,
10250,1025,506,519,1794,879,915,2050,1003,1047,1793,875,918,1024,479,545,256,135,121,
10255,1026,507,519,1794,879,915,2050,1003,1047,1794,876,918,1024,479,545,256,135,121,
10260,1027,507,520,1796,880,916,2053,1003,1050,1795,876,919,1025,480,545,256,135,121,
10265,1027,507,520,1797,881,916,2053,1003,1050,1796,876,920,1025,480,545,257,136,121,
10270,1028,507,521,1797,881,916,2054,1003,1051,1797,876,921,1027,481,546,257,136,121,
10275,1028,507,521,1798,882,916,2055,1004,1051,1798,876,922,1028,481,547,257,136,121,
10280,1028,507,521,1799,882,917,2056,1004,1052,1799,876,923,1028,481,547,257,136,121,
10285,1028,507,521,1800,883,917,2056,1004,1052,1799,876,923,1028,481,547,257,136,121,
10290,1029,507,522,1801,883,918,2058,1005,1053,1800,877,923,1028,481,547,257,136,121,
10295,1030,508,522,1801,883,918,2058,1005,1053,1801,878,923,1028,481,547,257,136,121,
10300,1031,508,523,1803,884,919,2061,1007,1054,1802,879,923,1029,481,548,257,136,121,
10305,1031,508,523,1804,884,920,2061,1007,1054,1803,879,924,1029,481,548,258,136,122,
10310,1032,509,523,1804,884,920,2062,1007,1055,1804,879,925,1031,482,549,258,136,122,
10315,1032,509,523,1805,885,920,2063,1008,1055,1805,879,926,1032,483,549,258,136,122,
10320,1032,509,523,1806,885,921,2064,1008,1056,1806,880,926,1032,483,549,258,136,122,
10325,1032,509,523,1807,886,921,2064,1008,1056,1806,880,926,1032,483,549,258,136,122,
10330,1033,509,524,1808,886,922,2066,1008,1058,1807,880,927,1032,483,549,258,136,122,
10335,1034,509,525,1808,886,922,2066,1008,1058,1808,880,928,1032,483,549,258,136,122,
10340,1035,509,526,1810,886,924,2069,1009,1060,1809,880,929,1033,484,549,258,136,122,
10345,1035,509,526,1811,886,925,2069,1009,1060,1810,881,929,1033,484,549,259,137,122,
10350,1036,510,526,1811,886,925,2070,1009,1061,1811,882,929,1035,484,551,259,137,122,
10355,1036,510,526,1812,886,926,2071,1010,1061,1812,882,930,1036,484,552,259,137,122,
10360,1036,510,526,1813,887,926,2072,1011,1061,1813,882,931,1036,484,552,259,137,122,
10365,1036,510,526,1814,888,926,2072,1011,1061,1813,882,931,1036,484,552,259,137,122,
10370,1037,510,527,1815,888,927,2074,1012,1062,1814,882,932,1036,484,552,259,137,122,
10375,1038,511,527,1815,888,927,2074,1012,1062,1815,882,933,1036,484,552,259,137,122,
10380,1039,511,528,1817,888,929,2077,1014,1063,1816,882,934,1037,485,552,259,137,122,
10385,1039,511,528,1818,889,929,2077,1014,1063,1817,883,934,1037,485,552,260,137,123,
10390,1040,512,528,1818,889,929,2078,1014,1064,1818,883,935,1039,485,554,260,137,123,
10395,1040,512,528,1819,889,930,2079,1014,1065,1819,883,936,1040,485,555,260,137,123,
10400,1040,512,528,1820,890,930,2080,1015,1065,1820,884,936,1040,485,555,260,137,123,
10405,1040,512,528,1821,890,931,2080,1015,1065,1820,884,936,1040,485,555,260,137,123,
10410,1041,513,528,1822,890,932,2082,1015,1067,1821,884,937,1040,485,555,260,137,123,
10415,1042,513,529,1822,890,932,2082,1015,1067,1822,885,937,1040,485,555,260,137,123,
10420,1043,514,529,1824,891,933,2085,1017,1068,1823,886,937,1041,486,555,260,137,123,
10425,1043,514,529,1825,891,934,2085,1017,1068,1824,887,937,1041,486,555,261,137,124,
10430,1044,515,529,1825,891,934,2086,1017,1069,1825,888,937,1043,486,557,261,137,124,
10435,1044,515,529,1826,891,935,2087,1017,1070,1826,888,938,1044,487,557,261,137,124,
10440,1044,515,529,1827,891,936,2088,1017,1071,1827,888,939,1044,487,557,261,137,124,
10445,1044,515,529,1828,891,937,2088,1017,1071,1827,888,939,1044,487,557,261,137,124,
10450,1045,515,530,1829,891,938,2090,1019,1071,1828,888,940,1044,487,557,261,137,124,
10455,1046,515,531,1829,891,938,2090,1019,1071,1829,889,940,1044,487,557,261,137,124,
10460,1047,516,531,1831,893,938,2093,1021,1072,1830,890,940,1045,488,557,261,137,124,
10465,1047,516,531,1832,894,938,2093,1021,1072,1831,890,941,1045,488,557,262,137,125,
10470,1048,517,531,1832,894,938,2094,1022,1072,1832,890,942,1047,490,557,262,137,125,
10475,1048,517,531,1833,895,938,2095,1022,1073,1833,891,942,1048,491,557,262,137,125,
10480,1048,517,531,1834,895,939,2096,1022,1074,1834,892,942,1048,491,557,262,137,125,
10485,1048,517,531,1835,896,939,2096,1022,1074,1834,892,942,1048,491,557,262,137,125,
10490,1049,517,532,1836,896,940,2098,1024,1074,1835,892,943,1048,491,557,262,137,125,
10495,1050,518,532,1836,896,940,2098,1024,1074,1836,892,944,1048,491,557,262,137,125,
10500,1051,518,533,1838,898,940,2101,1025,1076,1837,893,944,1049,492,557,262,137,125,
10505,1051,518,533,1839,898,941,2101,1025,1076,1838,893,945,1049,492,557,263,137,126,
10510,1052,518,534,1839,898,941,2102,1025,1077,1839,894,945,1051,494,557,263,137,126,
10515,1052,518,534,1840,899,941,2103,1026,1077,1840,895,945,1052,494,558,263,137,126,
10520,1052,518,534,1841,900,941,2104,1026,1078,1841,896,945,1052,494,558,263,137,126,
10525,1052,518,534,1842,901,941,2104,1026,1078,1841,896,945,1052,494,558,263,137,126,
10530,1053,519,534,1843,901,942,2106,1027,1079,1842,897,945,1052,494,558,263,137,126,
10535,1054,520,534,1843,901,942,2106,1027,1079,1843,897,946,1052,494,558,263,137,126,
10540,1055,520,535,1845,903,942,2109,1029,1080,1844,897,947,1053,495,558,263,137,126,
10545,1055,520,535,1846,904,942,2109,1029,1080,1845,897,948,1053,495,558,264,137,127,
10550,1056,520,536,1846,904,942,2110,1030,1080,1846,898,948,1055,497,558,264,137,127,
10555,1056,520,536,1847,905,942,2111,1030,1081,1847,898,949,1056,497,559,264,137,127,
10560,1056,520,536,1848,906,942,2112,1030,1082,1848,898,950,1056,497,559,264,137,127,
10565,1056,520,536,1849,906,943,2112,1030,1082,1848,898,950,1056,497,559,264,137,127,
10570,1057,520,537,1850,907,943,2114,1031,1083,1849,898,951,1056,497,559,264,137,127,
10575,1058,520,538,1850,907,943,2114,1031,1083,1850,899,951,1056,497,559,264,137,127,
10580,1059,520,539,1852,907,945,2117,1033,1084,1851,900,951,1057,497,560,264,137,127,
10585,1059,520,539,1853,907,946,2117,1033,1084,1852,901,951,1057,497,560,265,138,127,
10590,1060,521,539,1853,907,946,2118,1034,1084,1853,901,952,1059,499,560,265,138,127,
10595,1060,521,539,1854,908,946,2119,1034,1085,1854,902,952,1060,500,560,265,138,127,
10600,1060,521,539,1855,908,947,2120,1034,1086,1855,902,953,1060,500,560,265,138,127,
10605,1060,521,539,1856,908,948,2120,1034,1086,1855,902,953,1060,500,560,265,138,127,
10610,1061,521,540,1857,908,949,2122,1035,1087,1856,903,953,1060,500,560,265,138,127,
10615,1062,522,540,1857,908,949,2122,1035,1087,1857,904,953,1060,500,560,265,138,127,
10620,1063,522,541,1859,908,951,2125,1037,1088,1858,904,954,1061,500,561,265,138,127,
10625,1063,522,541,1860,909,951,2125,1037,1088,1859,904,955,1061,500,561,266,138,128,
10630,1064,522,542,1860,909,951,2126,1038,1088,1860,905,955,1063,501,562,266,138,128,
10635,1064,522,542,1861,909,952,2127,1038,1089,1861,905,956,1064,501,563,266,138,128,
10640,1064,522,542,1862,909,953,2128,1039,1089,1862,905,957,1064,501,563,266,138,128,
10645,1064,522,542,1863,910,953,2128,1039,1089,1862,905,957,1064,501,563,266,138,128,
10650,1065,522,543,1864,911,953,2130,1039,1091,1863,905,958,1064,501,563,266,138,128,
10655,1066,522,544,1864,911,953,2130,1039,1091,1864,906,958,1064,501,563,266,138,128,
10660,1067,523,544,1866,912,954,2133,1041,1092,1865,906,959,1065,502,563,266,138,128,
10665,1067,523,544,1867,912,955,2133,1041,1092,1866,906,960,1065,502,563,267,139,128,
10670,1068,523,545,1867,912,955,2134,1041,1093,1867,906,961,1067,502,565,267,139,128,
10675,1068,523,545,1868,913,955,2135,1041,1094,1868,907,961,1068,503,565,267,139,128,
10680,1068,523,545,1869,914,955,2136,1042,1094,1869,908,961,1068,503,565,267,139,128,
10685,1068,523,545,1870,915,955,2136,1042,1094,1869,908,961,1068,503,565,267,139,128,
10690,1069,523,546,1871,915,956,2138,1043,1095,1870,908,962,1068,503,565,267,139,128,
10695,1070,524,546,1871,915,956,2138,1043,1095,1871,908,963,1068,503,565,267,139,128,
10700,1071,525,546,1873,915,958,2141,1044,1097,1872,908,964,1069,504,565,267,139,128,
10705,1071,525,546,1874,916,958,2141,1044,1097,1873,908,965,1069,504,565,268,140,128,
10710,1072,526,546,1874,916,958,2142,1045,1097,1874,909,965,1071,505,566,268,140,128,
10715,1072,526,546,1875,917,958,2143,1045,1098,1875,909,966,1072,506,566,268,140,128,
10720,1072,526,546,1876,918,958,2144,1045,1099,1876,910,966,1072,506,566,268,140,128,
10725,1072,526,546,1877,919,958,2144,1045,1099,1876,910,966,1072,506,566,268,140,128,
10730,1073,526,547,1878,920,958,2146,1046,1100,1877,911,966,1072,506,566,268,140,128,
10735,1074,527,547,1878,920,958,2146,1046,1100,1878,912,966,1072,506,566,268,140,128,
10740,1075,527,548,1880,921,959,2149,1046,1103,1879,912,967,1073,506,567,268,140,128,
10745,1075,527,548,1881,922,959,2149,1046,1103,1880,912,968,1073,506,567,269,140,129,
10750,1076,528,548,1881,922,959,2150,1047,1103,1881,912,969,1075,506,569,269,140,129,
10755,1076,528,548,1882,922,960,2151,1047,1104,1882,912,970,1076,506,570,269,140,129,
10760,1076,528,548,1883,922,961,2152,1048,1104,1883,913,970,1076,506,570,269,140,129,
10765,1076,528,548,1884,922,962,2152,1048,1104,1883,913,970,1076,506,570,269,140,129,
10770,1077,529,548,1885,923,962,2154,1049,1105,1884,914,970,1076,506,570,269,140,129,
10775,1078,529,549,1885,923,962,2154,1049,1105,1885,915,970,1076,506,570,269,140,129,
10780,1079,529,550,1887,924,963,2157,1050,1107,1886,915,971,1077,507,570,269,140,129,
10785,1079,529,550,1888,924,964,2157,1050,1107,1887,916,971,1077,507,570,270,141,129,
10790,1080,529,551,1888,924,964,2158,1051,1107,1888,917,971,1079,507,572,270,141,129,
10795,1080,529,551,1889,924,965,2159,1051,1108,1889,917,972,1080,507,573,270,141,129,
10800,1080,529,551,1890,925,965,2160,1051,1109,1890,918,972,1080,507,573,270,141,129,
10805,1080,529,551,1891,926,965,2160,1051,1109,1890,918,972,1080,507,573,270,141,129,
10810,1081,529,552,1892,927,965,2162,1051,1111,1891,919,972,1080,507,573,270,141,129,
10815,1082,530,552,1892,927,965,2162,1051,1111,1892,919,973,1080,507,573,270,141,129,
10820,1083,531,552,1894,928,966,2165,1053,1112,1893,919,974,1081,507,574,270,141,129,
10825,1083,531,552,1895,929,966,2165,1053,1112,1894,920,974,1081,507,574,271,142,129,
10830,1084,531,553,1895,929,966,2166,1054,1112,1895,920,975,1083,508,575,271,142,129,
10835,1084,531,553,1896,930,966,2167,1054,1113,1896,921,975,1084,508,576,271,142,129,
10840,1084,531,553,1897,930,967,2168,1055,1113,1897,921,976,1084,508,576,271,142,129,
10845,1084,531,553,1898,930,968,2168,1055,1113,1897,921,976,1084,508,576,271,142,129,
10850,1085,531,554,1899,931,968,2170,1057,1113,1898,921,977,1084,508,576,271,142,129,
10855,1086,532,554,1899,931,968,2170,1057,1113,1899,921,978,1084,508,576,271,142,129,
10860,1087,532,555,1901,932,969,2173,1058,1115,1900,921,979,1085,509,576,271,142,129,
10865,1087,532,555,1902,933,969,2173,1058,1115,1901,922,979,1085,509,576,272,143,129,
10870,1088,532,556,1902,933,969,2174,1059,1115,1902,922,980,1087,511,576,272,143,129,
10875,1088,532,556,1903,934,969,2175,1059,1116,1903,922,981,1088,512,576,272,143,129,
10880,1088,532,556,1904,935,969,2176,1060,1116,1904,923,981,1088,512,576,272,143,129,
10885,1088,532,556,1905,935,970,2176,1060,1116,1904,923,981,1088,512,576,272,143,129,
10890,1089,533,556,1906,935,971,2178,1060,1118,1905,924,981,1088,512,576,272,143,129,
10895,1090,533,557,1906,935,971,2178,1060,1118,1906,924,982,1088,512,576,272,143,129,
10900,1091,534,557,1908,936,972,2181,1061,1120,1907,925,982,1089,513,576,272,143,129,
10905,1091,534,557,1909,936,973,2181,1061,1120,1908,926,982,1089,513,576,273,143,130,
10910,1092,535,557,1909,936,973,2182,1061,1121,1909,927,982,1091,515,576,273,143,130,
10915,1092,535,557,1910,937,973,2183,1061,1122,1910,927,983,1092,515,577,273,143,130,
10920,1092,535,557,1911,938,973,2184,1061,1123,1911,927,984,1092,515,577,273,143,130,
10925,1092,535,557,1912,938,974,2184,1061,1123,1911,927,984,1092,515,577,273,143,130,
10930,1093,535,558,1913,938,975,2186,1061,1125,1912,927,985,1092,515,577,273,143,130,
10935,1094,535,559,1913,938,975,2186,1061,1125,1913,928,985,1092,515,577,273,143,130,
10940,1095,536,559,1915,938,977,2189,1063,1126,1914,928,986,1093,516,577,273,143,130,
10945,1095,536,559,1916,939,977,2189,1063,1126,1915,929,986,1093,516,577,274,144,130,
10950,1096,537,559,1916,939,977,2190,1064,1126,1916,929,987,1095,517,578,274,144,130,
10955,1096,537,559,1917,940,977,2191,1065,1126,1917,930,987,1096,517,579,274,144,130,
10960,1096,537,559,1918,940,978,2192,1066,1126,1918,930,988,1096,517,579,274,144,130,
10965,1096,537,559,1919,941,978,2192,1066,1126,1918,930,988,1096,517,579,274,144,130,
10970,1097,537,560,1920,941,979,2194,1068,1126,1919,931,988,1096,517,579,274,144,130,
10975,1098,538,560,1920,941,979,2194,1068,1126,1920,931,989,1096,517,579,274,144,130,
10980,1099,539,560,1922,942,980,2197,1069,1128,1921,931,990,1097,518,579,274,144,130,
10985,1099,539,560,1923,943,980,2197,1069,1128,1922,932,990,1097,518,579,275,145,130,
10990,1100,540,560,1923,943,980,2198,1069,1129,1923,932,991,1099,518,581,275,145,130,
10995,1100,540,560,1924,944,980,2199,1070,1129,1924,932,992,1100,518,582,275,145,130,
11000,1100,540,560,1925,944,981,2200,1071,1129,1925,932,993,1100,518,582,275,145,130,
11005,1100,540,560,1926,945,981,2200,1071,1129,1925,932,993,1100,518,582,275,145,130,
11010,1101,541,560,1927,945,982,2202,1072,1130,1926,932,994,1100,518,582,275,145,130,
11015,1102,541,561,1927,945,982,2202,1072,1130,1927,933,994,1100,518,582,275,145,130,
11020,1103,542,561,1929,946,983,2205,1073,1132,1928,934,994,1101,519,582,275,145,130,
11025,1103,542,561,1930,947,983,2205,1073,1132,1929,934,995,1101,519,582,276,145,131,
11030,1104,542,562,1930,947,983,2206,1073,1133,1930,935,995,1103,519,584,276,145,131,
11035,1104,542,562,1931,948,983,2207,1073,1134,1931,935,996,1104,520,584,276,145,131,
11040,1104,542,562,1932,949,983,2208,1074,1134,1932,936,996,1104,520,584,276,145,131,
11045,1104,542,562,1933,950,983,2208,1074,1134,1932,936,996,1104,520,584,276,145,131,
11050,1105,543,562,1934,951,983,2210,1075,1135,1933,936,997,1104,520,584,276,145,131,
11055,1106,544,562,1934,951,983,2210,1075,1135,1934,936,998,1104,520,584,276,145,131,
11060,1107,545,562,1936,952,984,2213,1077,1136,1935,936,999,1105,520,585,276,145,131,
11065,1107,545,562,1937,953,984,2213,1077,1136,1936,936,1000,1105,520,585,277,145,132,
11070,1108,546,562,1937,953,984,2214,1077,1137,1937,937,1000,1107,521,586,277,145,132,
11075,1108,546,562,1938,953,985,2215,1077,1138,1938,938,1000,1108,522,586,277,145,132,
11080,1108,546,562,1939,953,986,2216,1078,1138,1939,939,1000,1108,522,586,277,145,132,
11085,1108,546,562,1940,953,987,2216,1078,1138,1939,939,1000,1108,522,586,277,145,132,
11090,1109,547,562,1941,954,987,2218,1080,1138,1940,939,1001,1108,522,586,277,145,132,
11095,1110,548,562,1941,954,987,2218,1080,1138,1941,939,1002,1108,522,586,277,145,132,
11100,1111,549,562,1943,955,988,2221,1083,1138,1942,939,1003,1109,523,586,277,145,132,
11105,1111,549,562,1944,955,989,2221,1083,1138,1943,940,1003,1109,523,586,278,146,132,
11110,1112,550,562,1944,955,989,2222,1083,1139,1944,940,1004,1111,524,587,278,146,132,
11115,1112,550,562,1945,955,990,2223,1084,1139,1945,941,1004,1112,524,588,278,146,132,
11120,1112,550,562,1946,956,990,2224,1084,1140,1946,941,1005,1112,524,588,278,146,132,
11125,1112,550,562,1947,957,990,2224,1084,1140,1946,941,1005,1112,524,588,278,146,132,
11130,1113,550,563,1948,958,990,2226,1085,1141,1947,941,1006,1112,524,588,278,146,132,
11135,1114,551,563,1948,958,990,2226,1085,1141,1948,941,1007,1112,524,588,278,146,132,
11140,1115,552,563,1950,959,991,2229,1088,1141,1949,942,1007,1113,525,588,278,146,132,
11145,1115,552,563,1951,960,991,2229,1088,1141,1950,942,1008,1113,525,588,279,147,132,
11150,1116,553,563,1951,960,991,2230,1089,1141,1951,942,1009,1115,525,590,279,147,132,
11155,1116,553,563,1952,960,992,2231,1089,1142,1952,942,1010,1116,526,590,279,147,132,
11160,1116,553,563,1953,960,993,2232,1090,1142,1953,943,1010,1116,526,590,279,147,132,
11165,1116,553,563,1954,960,994,2232,1090,1142,1953,943,1010,1116,526,590,279,147,132,
11170,1117,554,563,1955,961,994,2234,1090,1144,1954,943,1011,1116,526,590,279,147,132,
11175,1118,554,564,1955,961,994,2234,1090,1144,1955,944,1011,1116,526,590,279,147,132,
11180,1119,555,564,1957,962,995,2237,1091,1146,1956,945,1011,1117,526,591,279,147,132,
11185,1119,555,564,1958,962,996,2237,1091,1146,1957,946,1011,1117,526,591,280,147,133,
11190,1120,556,564,1958,962,996,2238,1092,1146,1958,946,1012,1119,528,591,280,147,133,
11195,1120,556,564,1959,963,996,2239,1092,1147,1959,946,1013,1120,529,591,280,147,133,
11200,1120,556,564,1960,964,996,2240,1093,1147,1960,946,1014,1120,529,591,280,147,133,
11205,1120,556,564,1961,964,997,2240,1093,1147,1960,946,1014,1120,529,591,280,147,133,
11210,1121,556,565,1962,964,998,2242,1093,1149,1961,947,1014,1120,529,591,280,147,133,
11215,1122,557,565,1962,964,998,2242,1093,1149,1962,948,1014,1120,529,591,280,147,133,
11220,1123,558,565,1964,966,998,2245,1093,1152,1963,949,1014,1121,529,592,280,147,133,
11225,1123,558,565,1965,966,999,2245,1093,1152,1964,950,1014,1121,529,592,281,148,133,
11230,1124,558,566,1965,966,999,2246,1094,1152,1965,951,1014,1123,530,593,281,148,133,
11235,1124,558,566,1966,967,999,2247,1095,1152,1966,951,1015,1124,530,594,281,148,133,
11240,1124,558,566,1967,967,1000,2248,1095,1153,1967,952,1015,1124,530,594,281,148,133,
11245,1124,558,566,1968,967,1001,2248,1095,1153,1967,952,1015,1124,530,594,281,148,133,
11250,1125,558,567,1969,967,1002,2250,1095,1155,1968,952,1016,1124,530,594,281,148,133,
11255,1126,558,568,1969,967,1002,2250,1095,1155,1969,953,1016,1124,530,594,281,148,133,
11260,1127,558,569,1971,967,1004,2253,1096,1157,1970,953,1017,1125,530,595,281,148,133,
11265,1127,558,569,1972,968,1004,2253,1096,1157,1971,953,1018,1125,530,595,282,148,134,
11270,1128,559,569,1972,968,1004,2254,1097,1157,1972,953,1019,1127,531,596,282,148,134,
11275,1128,559,569,1973,969,1004,2255,1097,1158,1973,953,1020,1128,531,597,282,148,134,
11280,1128,559,569,1974,969,1005,2256,1098,1158,1974,953,1021,1128,531,597,282,148,134,
11285,1128,559,569,1975,969,1006,2256,1098,1158,1974,953,1021,1128,531,597,282,148,134,
11290,1129,560,569,1976,970,1006,2258,1098,1160,1975,953,1022,1128,531,597,282,148,134,
11295,1130,560,570,1976,970,1006,2258,1098,1160,1976,954,1022,1128,531,597,282,148,134,
11300,1131,560,571,1978,972,1006,2261,1099,1162,1977,955,1022,1129,532,597,282,148,134,
11305,1131,560,571,1979,972,1007,2261,1099,1162,1978,955,1023,1129,532,597,283,149,134,
11310,1132,560,572,1979,972,1007,2262,1100,1162,1979,955,1024,1131,533,598,283,149,134,
11315,1132,560,572,1980,972,1008,2263,1100,1163,1980,955,1025,1132,534,598,283,149,134,
11320,1132,560,572,1981,973,1008,2264,1101,1163,1981,956,1025,1132,534,598,283,149,134,
11325,1132,560,572,1982,973,1009,2264,1101,1163,1981,956,1025,1132,534,598,283,149,134,
11330,1133,561,572,1983,974,1009,2266,1103,1163,1982,957,1025,1132,534,598,283,149,134,
11335,1134,562,572,1983,974,1009,2266,1103,1163,1983,958,1025,1132,534,598,283,149,134,
11340,1135,562,573,1985,974,1011,2269,1105,1164,1984,958,1026,1133,534,599,283,149,134,
11345,1135,562,573,1986,975,1011,2269,1105,1164,1985,958,1027,1133,534,599,284,149,135,
11350,1136,563,573,1986,975,1011,2270,1105,1165,1986,959,1027,1135,535,600,284,149,135,
11355,1136,563,573,1987,976,1011,2271,1105,1166,1987,960,1027,1136,535,601,284,149,135,
11360,1136,563,573,1988,976,1012,2272,1105,1167,1988,960,1028,1136,535,601,284,149,135,
11365,1136,563,573,1989,977,1012,2272,1105,1167,1988,960,1028,1136,535,601,284,149,135,
11370,1137,563,574,1990,978,1012,2274,1106,1168,1989,961,1028,1136,535,601,284,149,135,
11375,1138,564,574,1990,978,1012,2274,1106,1168,1990,962,1028,1136,535,601,284,149,135,
11380,1139,564,575,1992,979,1013,2277,1108,1169,1991,963,1028,1137,535,602,284,149,135,
11385,1139,564,575,1993,979,1014,2277,1108,1169,1992,963,1029,1137,535,602,285,150,135,
11390,1140,565,575,1993,979,1014,2278,1108,1170,1993,964,1029,1139,536,603,285,150,135,
11395,1140,565,575,1994,980,1014,2279,1109,1170,1994,964,1030,1140,536,604,285,150,135,
11400,1140,565,575,1995,980,1015,2280,1110,1170,1995,964,1031,1140,536,604,285,150,135,
11405,1140,565,575,1996,980,1016,2280,1110,1170,1995,964,1031,1140,536,604,285,150,135,
11410,1141,565,576,1997,980,1017,2282,1110,1172,1996,964,1032,1140,536,604,285,150,135,
11415,1142,565,577,1997,980,1017,2282,1110,1172,1997,965,1032,1140,536,604,285,150,135,
11420,1143,566,577,1999,980,1019,2285,1113,1172,1998,965,1033,1141,537,604,285,150,135,
11425,1143,566,577,2000,980,1020,2285,1113,1172,1999,966,1033,1141,537,604,286,150,136,
11430,1144,566,578,2000,980,1020,2286,1114,1172,2000,966,1034,1143,537,606,286,150,136,
11435,1144,566,578,2001,980,1021,2287,1114,1173,2001,966,1035,1144,537,607,286,150,136,
11440,1144,566,578,2002,981,1021,2288,1114,1174,2002,966,1036,1144,537,607,286,150,136,
11445,1144,566,578,2003,981,1022,2288,1114,1174,2002,966,1036,1144,537,607,286,150,136,
11450,1145,566,579,2004,981,1023,2290,1116,1174,2003,966,1037,1144,537,607,286,150,136,
11455,1146,566,580,2004,981,1023,2290,1116,1174,2004,967,1037,1144,537,607,286,150,136,
11460,1147,567,580,2006,982,1024,2293,1118,1175,2005,967,1038,1145,538,607,286,150,136,
11465,1147,567,580,2007,982,1025,2293,1118,1175,2006,967,1039,1145,538,607,287,151,136,
11470,1148,567,581,2007,982,1025,2294,1119,1175,2007,968,1039,1147,539,608,287,151,136,
11475,1148,567,581,2008,982,1026,2295,1119,1176,2008,968,1040,1148,539,609,287,151,136,
11480,1148,567,581,2009,982,1027,2296,1120,1176,2009,968,1041,1148,539,609,287,151,136,
11485,1148,567,581,2010,983,1027,2296,1120,1176,2009,968,1041,1148,539,609,287,151,136,
11490,1149,567,582,2011,984,1027,2298,1122,1176,2010,968,1042,1148,539,609,287,151,136,
11495,1150,567,583,2011,984,1027,2298,1122,1176,2011,968,1043,1148,539,609,287,151,136,
11500,1151,568,583,2013,985,1028,2301,1124,1177,2012,968,1044,1149,539,610,287,151,136,
11505,1151,568,583,2014,986,1028,2301,1124,1177,2013,969,1044,1149,539,610,288,152,136,
11510,1152,569,583,2014,986,1028,2302,1124,1178,2014,970,1044,1151,541,610,288,152,136,
11515,1152,569,583,2015,986,1029,2303,1124,1179,2015,971,1044,1152,542,610,288,152,136,
11520,1152,569,583,2016,987,1029,2304,1124,1180,2016,972,1044,1152,542,610,288,152,136,
11525,1152,569,583,2017,988,1029,2304,1124,1180,2016,972,1044,1152,542,610,288,152,136,
11530,1153,570,583,2018,988,1030,2306,1125,1181,2017,973,1044,1152,542,610,288,152,136,
11535,1154,570,584,2018,988,1030,2306,1125,1181,2018,974,1044,1152,542,610,288,152,136,
11540,1155,570,585,2020,989,1031,2309,1126,1183,2019,974,1045,1153,542,611,288,152,136,
11545,1155,570,585,2021,989,1032,2309,1126,1183,2020,974,1046,1153,542,611,289,152,137,
11550,1156,570,586,2021,989,1032,2310,1127,1183,2021,975,1046,1155,543,612,289,152,137,
11555,1156,570,586,2022,990,1032,2311,1128,1183,2022,976,1046,1156,543,613,289,152,137,
11560,1156,570,586,2023,990,1033,2312,1128,1184,2023,977,1046,1156,543,613,289,152,137,
11565,1156,570,586,2024,990,1034,2312,1128,1184,2023,977,1046,1156,543,613,289,152,137,
11570,1157,570,587,2025,990,1035,2314,1129,1185,2024,977,1047,1156,543,613,289,152,137,
11575,1158,571,587,2025,990,1035,2314,1129,1185,2025,977,1048,1156,543,613,289,152,137,
11580,1159,571,588,2027,991,1036,2317,1129,1188,2026,978,1048,1157,544,613,289,152,137,
11585,1159,571,588,2028,991,1037,2317,1129,1188,2027,978,1049,1157,544,613,290,152,138,
11590,1160,572,588,2028,991,1037,2318,1130,1188,2028,978,1050,1159,544,615,290,152,138,
11595,1160,572,588,2029,991,1038,2319,1130,1189,2029,979,1050,1160,544,616,290,152,138,
11600,1160,572,588,2030,992,1038,2320,1130,1190,2030,979,1051,1160,544,616,290,152,138,
11605,1160,572,588,2031,992,1039,2320,1130,1190,2030,979,1051,1160,544,616,290,152,138,
11610,1161,572,589,2032,993,1039,2322,1130,1192,2031,980,1051,1160,544,616,290,152,138,
11615,1162,572,590,2032,993,1039,2322,1130,1192,2032,981,1051,1160,544,616,290,152,138,
11620,1163,573,590,2034,994,1040,2325,1133,1192,2033,981,1052,1161,544,617,290,152,138,
11625,1163,573,590,2035,994,1041,2325,1133,1192,2034,981,1053,1161,544,617,291,153,138,
11630,1164,573,591,2035,994,1041,2326,1133,1193,2035,981,1054,1163,545,618,291,153,138,
11635,1164,573,591,2036,995,1041,2327,1133,1194,2036,981,1055,1164,546,618,291,153,138,
11640,1164,573,591,2037,996,1041,2328,1134,1194,2037,982,1055,1164,546,618,291,153,138,
11645,1164,573,591,2038,997,1041,2328,1134,1194,2037,982,1055,1164,546,618,291,153,138,
11650,1165,573,592,2039,998,1041,2330,1135,1195,2038,983,1055,1164,546,618,291,153,138,
11655,1166,573,593,2039,998,1041,2330,1135,1195,2039,983,1056,1164,546,618,291,153,138,
11660,1167,574,593,2041,998,1043,2333,1136,1197,2040,983,1057,1165,547,618,291,153,138,
11665,1167,574,593,2042,999,1043,2333,1136,1197,2041,984,1057,1165,547,618,292,154,138,
11670,1168,574,594,2042,999,1043,2334,1136,1198,2042,985,1057,1167,549,618,292,154,138,
11675,1168,574,594,2043,999,1044,2335,1136,1199,2043,986,1057,1168,550,618,292,154,138,
11680,1168,574,594,2044,1000,1044,2336,1137,1199,2044,986,1058,1168,550,618,292,154,138,
11685,1168,574,594,2045,1001,1044,2336,1137,1199,2044,986,1058,1168,550,618,292,154,138,
11690,1169,575,594,2046,1001,1045,2338,1138,1200,2045,987,1058,1168,550,618,292,154,138,
11695,1170,576,594,2046,1001,1045,2338,1138,1200,2046,987,1059,1168,550,618,292,154,138,
11700,1171,577,594,2048,1002,1046,2341,1140,1201,2047,987,1060,1169,550,619,292,154,138,
11705,1171,577,594,2049,1002,1047,2341,1140,1201,2048,988,1060,1169,550,619,293,155,138,
11710,1172,577,595,2049,1002,1047,2342,1141,1201,2049,989,1060,1171,551,620,293,155,138,
11715,1172,577,595,2050,1003,1047,2343,1142,1201,2050,989,1061,1172,552,620,293,155,138,
11720,1172,577,595,2051,1004,1047,2344,1143,1201,2051,990,1061,1172,552,620,293,155,138,
11725,1172,577,595,2052,1005,1047,2344,1143,1201,2051,990,1061,1172,552,620,293,155,138,
11730,1173,578,595,2053,1006,1047,2346,1145,1201,2052,991,1061,1172,552,620,293,155,138,
11735,1174,578,596,2053,1006,1047,2346,1145,1201,2053,991,1062,1172,552,620,293,155,138,
11740,1175,578,597,2055,1007,1048,2349,1146,1203,2054,991,1063,1173,553,620,293,155,138,
11745,1175,578,597,2056,1008,1048,2349,1146,1203,2055,992,1063,1173,553,620,294,155,139,
11750,1176,578,598,2056,1008,1048,2350,1147,1203,2056,993,1063,1175,554,621,294,155,139,
11755,1176,578,598,2057,1009,1048,2351,1147,1204,2057,994,1063,1176,554,622,294,155,139,
11760,1176,578,598,2058,1010,1048,2352,1148,1204,2058,994,1064,1176,554,622,294,155,139,
11765,1176,578,598,2059,1011,1048,2352,1148,1204,2058,994,1064,1176,554,622,294,155,139,
11770,1177,578,599,2060,1012,1048,2354,1149,1205,2059,995,1064,1176,554,622,294,155,139,
11775,1178,579,599,2060,1012,1048,2354,1149,1205,2060,996,1064,1176,554,622,294,155,139,
11780,1179,580,599,2062,1012,1050,2357,1152,1205,2061,996,1065,1177,555,622,294,155,139,
11785,1179,580,599,2063,1013,1050,2357,1152,1205,2062,997,1065,1177,555,622,295,156,139,
11790,1180,580,600,2063,1013,1050,2358,1152,1206,2063,997,1066,1179,555,624,295,156,139,
11795,1180,580,600,2064,1013,1051,2359,1153,1206,2064,997,1067,1180,556,624,295,156,139,
11800,1180,580,600,2065,1013,1052,2360,1154,1206,2065,997,1068,1180,556,624,295,156,139,
11805,1180,580,600,2066,1013,1053,2360,1154,1206,2065,997,1068,1180,556,624,295,156,139,
11810,1181,581,600,2067,1013,1054,2362,1154,1208,2066,997,1069,1180,556,624,295,156,139,
11815,1182,582,600,2067,1013,1054,2362,1154,1208,2067,997,1070,1180,556,624,295,156,139,
11820,1183,583,600,2069,1014,1055,2365,1156,1209,2068,997,1071,1181,557,624,295,156,139,
11825,1183,583,600,2070,1015,1055,2365,1156,1209,2069,997,1072,1181,557,624,296,156,140,
11830,1184,583,601,2070,1015,1055,2366,1156,1210,2070,997,1073,1183,558,625,296,156,140,
11835,1184,583,601,2071,1016,1055,2367,1156,1211,2071,997,1074,1184,559,625,296,156,140,
11840,1184,583,601,2072,1017,1055,2368,1157,1211,2072,997,1075,1184,559,625,296,156,140,
11845,1184,583,601,2073,1018,1055,2368,1157,1211,2072,997,1075,1184,559,625,296,156,140,
11850,1185,583,602,2074,1018,1056,2370,1159,1211,2073,998,1075,1184,559,625,296,156,140,
11855,1186,583,603,2074,1018,1056,2370,1159,1211,2074,999,1075,1184,559,625,296,156,140,
11860,1187,583,604,2076,1019,1057,2373,1160,1213,2075,999,1076,1185,560,625,296,156,140,
11865,1187,583,604,2077,1019,1058,2373,1160,1213,2076,1000,1076,1185,560,625,297,157,140,
11870,1188,584,604,2077,1019,1058,2374,1160,1214,2077,1000,1077,1187,561,626,297,157,140,
11875,1188,584,604,2078,1019,1059,2375,1160,1215,2078,1000,1078,1188,561,627,297,157,140,
11880,1188,584,604,2079,1020,1059,2376,1161,1215,2079,1001,1078,1188,561,627,297,157,140,
11885,1188,584,604,2080,1020,1060,2376,1161,1215,2079,1001,1078,1188,561,627,297,157,140,
11890,1189,585,604,2081,1021,1060,2378,1162,1216,2080,1002,1078,1188,561,627,297,157,140,
11895,1190,585,605,2081,1021,1060,2378,1162,1216,2081,1003,1078,1188,561,627,297,157,140,
11900,1191,585,606,2083,1022,1061,2381,1163,1218,2082,1003,1079,1189,561,628,297,157,140,
11905,1191,585,606,2084,1023,1061,2381,1163,1218,2083,1004,1079,1189,561,628,298,158,140,
11910,1192,586,606,2084,1023,1061,2382,1163,1219,2084,1004,1080,1191,563,628,298,158,140,
11915,1192,586,606,2085,1023,1062,2383,1163,1220,2085,1004,1081,1192,564,628,298,158,140,
11920,1192,586,606,2086,1024,1062,2384,1164,1220,2086,1005,1081,1192,564,628,298,158,140,
11925,1192,586,606,2087,1025,1062,2384,1164,1220,2086,1005,1081,1192,564,628,298,158,140,
11930,1193,587,606,2088,1026,1062,2386,1165,1221,2087,1005,1082,1192,564,628,298,158,140,
11935,1194,587,607,2088,1026,1062,2386,1165,1221,2088,1006,1082,1192,564,628,298,158,140,
11940,1195,587,608,2090,1027,1063,2389,1167,1222,2089,1007,1082,1193,565,628,298,158,140,
11945,1195,587,608,2091,1028,1063,2389,1167,1222,2090,1008,1082,1193,565,628,299,158,141,
11950,1196,588,608,2091,1028,1063,2390,1167,1223,2091,1008,1083,1195,566,629,299,158,141,
11955,1196,588,608,2092,1028,1064,2391,1167,1224,2092,1009,1083,1196,566,630,299,158,141,
11960,1196,588,608,2093,1028,1065,2392,1168,1224,2093,1010,1083,1196,566,630,299,158,141,
11965,1196,588,608,2094,1028,1066,2392,1168,1224,2093,1010,1083,1196,566,630,299,158,141,
11970,1197,588,609,2095,1029,1066,2394,1168,1226,2094,1011,1083,1196,566,630,299,158,141,
11975,1198,589,609,2095,1029,1066,2394,1168,1226,2095,1012,1083,1196,566,630,299,158,141,
11980,1199,590,609,2097,1029,1068,2397,1169,1228,2096,1012,1084,1197,567,630,299,158,141,
11985,1199,590,609,2098,1029,1069,2397,1169,1228,2097,1012,1085,1197,567,630,300,158,142,
11990,1200,590,610,2098,1029,1069,2398,1169,1229,2098,1012,1086,1199,567,632,300,158,142,
11995,1200,590,610,2099,1029,1070,2399,1170,1229,2099,1013,1086,1200,567,633,300,158,142,
12000,1200,590,610,2100,1029,1071,2400,1171,1229,2100,1014,1086,1200,567,633,300,158,142,
12005,1200,590,610,2101,1030,1071,2400,1171,1229,2100,1014,1086,1200,567,633,300,158,142,
12010,1201,591,610,2102,1031,1071,2402,1171,1231,2101,1014,1087,1200,567,633,300,158,142,
12015,1202,591,611,2102,1031,1071,2402,1171,1231,2102,1014,1088,1200,567,633,300,158,142,
12020,1203,592,611,2104,1033,1071,2405,1172,1233,2103,1014,1089,1201,568,633,300,158,142,
12025,1203,592,611,2105,1033,1072,2405,1172,1233,2104,1014,1090,1201,568,633,301,158,143,
12030,1204,593,611,2105,1033,1072,2406,1172,1234,2105,1015,1090,1203,570,633,301,158,143,
12035,1204,593,611,2106,1033,1073,2407,1172,1235,2106,1016,1090,1204,570,634,301,158,143,
12040,1204,593,611,2107,1033,1074,2408,1172,1236,2107,1017,1090,1204,570,634,301,158,143,
12045,1204,593,611,2108,1033,1075,2408,1172,1236,2107,1017,1090,1204,570,634,301,158,143,
12050,1205,594,611,2109,1033,1076,2410,1173,1237,2108,1017,1091,1204,570,634,301,158,143,
12055,1206,594,612,2109,1033,1076,2410,1173,1237,2109,1017,1092,1204,570,634,301,158,143,
12060,1207,595,612,2111,1034,1077,2413,1175,1238,2110,1018,1092,1205,570,635,301,158,143,
12065,1207,595,612,2112,1034,1078,2413,1175,1238,2111,1019,1092,1205,570,635,302,158,144,
12070,1208,595,613,2112,1034,1078,2414,1176,1238,2112,1020,1092,1207,570,637,302,158,144,
12075,1208,595,613,2113,1035,1078,2415,1176,1239,2113,1020,1093,1208,571,637,302,158,144,
12080,1208,595,613,2114,1035,1079,2416,1177,1239,2114,1020,1094,1208,571,637,302,158,144,
12085,1208,595,613,2115,1036,1079,2416,1177,1239,2114,1020,1094,1208,571,637,302,158,144,
12090,1209,595,614,2116,1037,1079,2418,1177,1241,2115,1021,1094,1208,571,637,302,158,144,
12095,1210,595,615,2116,1037,1079,2418,1177,1241,2116,1021,1095,1208,571,637,302,158,144,
12100,1211,596,615,2118,1039,1079,2421,1177,1244,2117,1021,1096,1209,571,638,302,158,144,
12105,1211,596,615,2119,1040,1079,2421,1177,1244,2118,1021,1097,1209,571,638,303,159,144,
12110,1212,597,615,2119,1040,1079,2422,1178,1244,2119,1021,1098,1211,573,638,303,159,144,
12115,1212,597,615,2120,1041,1079,2423,1178,1245,2120,1021,1099,1212,573,639,303,159,144,
12120,1212,597,615,2121,1042,1079,2424,1178,1246,2121,1021,1100,1212,573,639,303,159,144,
12125,1212,597,615,2122,1042,1080,2424,1178,1246,2121,1021,1100,1212,573,639,303,159,144,
12130,1213,598,615,2123,1042,1081,2426,1180,1246,2122,1022,1100,1212,573,639,303,159,144,
12135,1214,598,616,2123,1042,1081,2426,1180,1246,2123,1022,1101,1212,573,639,303,159,144,
12140,1215,598,617,2125,1043,1082,2429,1182,1247,2124,1022,1102,1213,574,639,303,159,144,
12145,1215,598,617,2126,1044,1082,2429,1182,1247,2125,1022,1103,1213,574,639,304,160,144,
12150,1216,598,618,2126,1044,1082,2430,1182,1248,2126,1022,1104,1215,575,640,304,160,144,
12155,1216,598,618,2127,1045,1082,2431,1182,1249,2127,1022,1105,1216,575,641,304,160,144,
12160,1216,598,618,2128,1046,1082,2432,1183,1249,2128,1023,1105,1216,575,641,304,160,144,
12165,1216,598,618,2129,1047,1082,2432,1183,1249,2128,1023,1105,1216,575,641,304,160,144,
12170,1217,599,618,2130,1047,1083,2434,1184,1250,2129,1023,1106,1216,575,641,304,160,144,
12175,1218,599,619,2130,1047,1083,2434,1184,1250,2130,1023,1107,1216,575,641,304,160,144,
12180,1219,600,619,2132,1049,1083,2437,1187,1250,2131,1024,1107,1217,575,642,304,160,144,
12185,1219,600,619,2133,1050,1083,2437,1187,1250,2132,1024,1108,1217,575,642,305,161,144,
12190,1220,601,619,2133,1050,1083,2438,1188,1250,2133,1024,1109,1219,576,643,305,161,144,
12195,1220,601,619,2134,1051,1083,2439,1189,1250,2134,1025,1109,1220,577,643,305,161,144,
12200,1220,601,619,2135,1051,1084,2440,1189,1251,2135,1026,1109,1220,577,643,305,161,144,
12205,1220,601,619,2136,1051,1085,2440,1189,1251,2135,1026,1109,1220,577,643,305,161,144,
12210,1221,601,620,2137,1052,1085,2442,1191,1251,2136,1027,1109,1220,577,643,305,161,144,
12215,1222,602,620,2137,1052,1085,2442,1191,1251,2137,1028,1109,1220,577,643,305,161,144,
12220,1223,603,620,2139,1053,1086,2445,1192,1253,2138,1029,1109,1221,577,644,305,161,144,
12225,1223,603,620,2140,1054,1086,2445,1192,1253,2139,1029,1110,1221,577,644,306,161,145,
12230,1224,604,620,2140,1054,1086,2446,1193,1253,2140,1030,1110,1223,579,644,306,161,145,
12235,1224,604,620,2141,1055,1086,2447,1193,1254,2141,1030,1111,1224,579,645,306,161,145,
12240,1224,604,620,2142,1055,1087,2448,1193,1255,2142,1031,1111,1224,579,645,306,161,145,
12245,1224,604,620,2143,1056,1087,2448,1193,1255,2142,1031,1111,1224,579,645,306,161,145,
12250,1225,605,620,2144,1056,1088,2450,1195,1255,2143,1032,1111,1224,579,645,306,161,145,
12255,1226,606,620,2144,1056,1088,2450,1195,1255,2144,1032,1112,1224,579,645,306,161,145,
12260,1227,607,620,2146,1057,1089,2453,1198,1255,2145,1032,1113,1225,579,646,306,161,145,
12265,1227,607,620,2147,1057,1090,2453,1198,1255,2146,1033,1113,1225,579,646,307,161,146,
12270,1228,607,621,2147,1057,1090,2454,1199,1255,2147,1033,1114,1227,580,647,307,161,146,
12275,1228,607,621,2148,1058,1090,2455,1200,1255,2148,1033,1115,1228,580,648,307,161,146,
12280,1228,607,621,2149,1058,1091,2456,1201,1255,2149,1034,1115,1228,580,648,307,161,146,
12285,1228,607,621,2150,1059,1091,2456,1201,1255,2149,1034,1115,1228,580,648,307,161,146,
12290,1229,608,621,2151,1060,1091,2458,1203,1255,2150,1034,1116,1228,580,648,307,161,146,
12295,1230,609,621,2151,1060,1091,2458,1203,1255,2151,1034,1117,1228,580,648,307,161,146,
12300,1231,610,621,2153,1061,1092,2461,1205,1256,2152,1035,1117,1229,580,649,307,161,146,
12305,1231,610,621,2154,1061,1093,2461,1205,1256,2153,1036,1117,1229,580,649,308,161,147,
12310,1232,610,622,2154,1061,1093,2462,1205,1257,2154,1036,1118,1231,581,650,308,161,147,
12315,1232,610,622,2155,1061,1094,2463,1206,1257,2155,1037,1118,1232,581,651,308,161,147,
12320,1232,610,622,2156,1062,1094,2464,1206,1258,2156,1037,1119,1232,581,651,308,161,147,
12325,1232,610,622,2157,1063,1094,2464,1206,1258,2156,1037,1119,1232,581,651,308,161,147,
12330,1233,610,623,2158,1064,1094,2466,1207,1259,2157,1037,1120,1232,581,651,308,161,147,
12335,1234,610,624,2158,1064,1094,2466,1207,1259,2158,1038,1120,1232,581,651,308,161,147,
12340,1235,611,624,2160,1065,1095,2469,1209,1260,2159,1038,1121,1233,582,651,308,161,147,
12345,1235,611,624,2161,1066,1095,2469,1209,1260,2160,1038,1122,1233,582,651,309,161,148,
12350,1236,611,625,2161,1066,1095,2470,1210,1260,2161,1039,1122,1235,582,653,309,161,148,
12355,1236,611,625,2162,1066,1096,2471,1210,1261,2162,1040,1122,1236,582,654,309,161,148,
12360,1236,611,625,2163,1067,1096,2472,1211,1261,2163,1040,1123,1236,582,654,309,161,148,
12365,1236,611,625,2164,1067,1097,2472,1211,1261,2163,1040,1123,1236,582,654,309,161,148,
12370,1237,611,626,2165,1068,1097,2474,1213,1261,2164,1041,1123,1236,582,654,309,161,148,
12375,1238,612,626,2165,1068,1097,2474,1213,1261,2165,1042,1123,1236,582,654,309,161,148,
12380,1239,613,626,2167,1069,1098,2477,1216,1261,2166,1043,1123,1237,582,655,309,161,148,
12385,1239,613,626,2168,1070,1098,2477,1216,1261,2167,1043,1124,1237,582,655,310,161,149,
12390,1240,614,626,2168,1070,1098,2478,1217,1261,2168,1044,1124,1239,584,655,310,161,149,
12395,1240,614,626,2169,1071,1098,2479,1217,1262,2169,1044,1125,1240,584,656,310,161,149,
12400,1240,614,626,2170,1072,1098,2480,1218,1262,2170,1045,1125,1240,584,656,310,161,149,
12405,1240,614,626,2171,1073,1098,2480,1218,1262,2170,1045,1125,1240,584,656,310,161,149,
12410,1241,615,626,2172,1073,1099,2482,1219,1263,2171,1045,1126,1240,584,656,310,161,149,
12415,1242,615,627,2172,1073,1099,2482,1219,1263,2172,1046,1126,1240,584,656,310,161,149,
12420,1243,616,627,2174,1074,1100,2485,1221,1264,2173,1046,1127,1241,584,657,310,161,149,
12425,1243,616,627,2175,1074,1101,2485,1221,1264,2174,1047,1127,1241,584,657,311,162,149,
12430,1244,617,627,2175,1074,1101,2486,1222,1264,2175,1048,1127,1243,585,658,311,162,149,
12435,1244,617,627,2176,1075,1101,2487,1222,1265,2176,1048,1128,1244,586,658,311,162,149,
12440,1244,617,627,2177,1075,1102,2488,1222,1266,2177,1048,1129,1244,586,658,311,162,149,
12445,1244,617,627,2178,1076,1102,2488,1222,1266,2177,1048,1129,1244,586,658,311,162,149,
12450,1245,617,628,2179,1077,1102,2490,1223,1267,2178,1049,1129,1244,586,658,311,162,149,
12455,1246,617,629,2179,1077,1102,2490,1223,1267,2179,1049,1130,1244,586,658,311,162,149,
12460,1247,618,629,2181,1078,1103,2493,1226,1267,2180,1050,1130,1245,587,658,311,162,149,
12465,1247,618,629,2182,1079,1103,2493,1226,1267,2181,1051,1130,1245,587,658,312,162,150,
12470,1248,618,630,2182,1079,1103,2494,1227,1267,2182,1052,1130,1247,588,659,312,162,150,
12475,1248,618,630,2183,1080,1103,2495,1227,1268,2183,1052,1131,1248,589,659,312,162,150,
12480,1248,618,630,2184,1081,1103,2496,1228,1268,2184,1052,1132,1248,589,659,312,162,150,
12485,1248,618,630,2185,1081,1104,2496,1228,1268,2184,1052,1132,1248,589,659,312,162,150,
12490,1249,618,631,2186,1082,1104,2498,1228,1270,2185,1053,1132,1248,589,659,312,162,150,
12495,1250,618,632,2186,1082,1104,2498,1228,1270,2186,1054,1132,1248,589,659,312,162,150,
12500,1251,618,633,2188,1083,1105,2501,1229,1272,2187,1054,1133,1249,590,659,312,162,150,
12505,1251,618,633,2189,1084,1105,2501,1229,1272,2188,1054,1134,1249,590,659,313,162,151,
12510,1252,618,634,2189,1084,1105,2502,1230,1272,2189,1055,1134,1251,591,660,313,162,151,
12515,1252,618,634,2190,1084,1106,2503,1231,1272,2190,1055,1135,1252,592,660,313,162,151,
12520,1252,618,634,2191,1085,1106,2504,1231,1273,2191,1055,1136,1252,592,660,313,162,151,
12525,1252,618,634,2192,1086,1106,2504,1231,1273,2191,1055,1136,1252,592,660,313,162,151,
12530,1253,618,635,2193,1087,1106,2506,1231,1275,2192,1055,1137,1252,592,660,313,162,151,
12535,1254,618,636,2193,1087,1106,2506,1231,1275,2193,1056,1137,1252,592,660,313,162,151,
12540,1255,619,636,2195,1089,1106,2509,1233,1276,2194,1056,1138,1253,592,661,313,162,151,
12545,1255,619,636,2196,1089,1107,2509,1233,1276,2195,1056,1139,1253,592,661,314,163,151,
12550,1256,619,637,2196,1089,1107,2510,1233,1277,2196,1057,1139,1255,593,662,314,163,151,
12555,1256,619,637,2197,1090,1107,2511,1234,1277,2197,1057,1140,1256,593,663,314,163,151,
12560,1256,619,637,2198,1091,1107,2512,1235,1277,2198,1058,1140,1256,593,663,314,163,151,
12565,1256,619,637,2199,1091,1108,2512,1235,1277,2198,1058,1140,1256,593,663,314,163,151,
12570,1257,620,637,2200,1092,1108,2514,1235,1279,2199,1059,1140,1256,593,663,314,163,151,
12575,1258,620,638,2200,1092,1108,2514,1235,1279,2200,1059,1141,1256,593,663,314,163,151,
12580,1259,621,638,2202,1094,1108,2517,1237,1280,2201,1060,1141,1257,594,663,314,163,151,
12585,1259,621,638,2203,1095,1108,2517,1237,1280,2202,1060,1142,1257,594,663,315,164,151,
12590,1260,621,639,2203,1095,1108,2518,1237,1281,2203,1060,1143,1259,595,664,315,164,151,
12595,1260,621,639,2204,1095,1109,2519,1238,1281,2204,1060,1144,1260,596,664,315,164,151,
12600,1260,621,639,2205,1096,1109,2520,1239,1281,2205,1060,1145,1260,596,664,315,164,151,
12605,1260,621,639,2206,1097,1109,2520,1239,1281,2205,1060,1145,1260,596,664,315,164,151,
12610,1261,621,640,2207,1097,1110,2522,1240,1282,2206,1061,1145,1260,596,664,315,164,151,
12615,1262,621,641,2207,1097,1110,2522,1240,1282,2207,1062,1145,1260,596,664,315,164,151,
12620,1263,621,642,2209,1098,1111,2525,1241,1284,2208,1063,1145,1261,596,665,315,164,151,
12625,1263,621,642,2210,1098,1112,2525,1241,1284,2209,1063,1146,1261,596,665,316,165,151,
12630,1264,621,643,2210,1098,1112,2526,1242,1284,2210,1064,1146,1263,597,666,316,165,151,
12635,1264,621,643,2211,1098,1113,2527,1243,1284,2211,1064,1147,1264,598,666,316,165,151,
12640,1264,621,643,2212,1098,1114,2528,1244,1284,2212,1064,1148,1264,598,666,316,165,151,
12645,1264,621,643,2213,1099,1114,2528,1244,1284,2212,1064,1148,1264,598,666,316,165,151,
12650,1265,621,644,2214,1099,1115,2530,1246,1284,2213,1064,1149,1264,598,666,316,165,151,
12655,1266,621,645,2214,1099,1115,2530,1246,1284,2214,1064,1150,1264,598,666,316,165,151,
12660,1267,622,645,2216,1099,1117,2533,1247,1286,2215,1064,1151,1265,598,667,316,165,151,
12665,1267,622,645,2217,1100,1117,2533,1247,1286,2216,1064,1152,1265,598,667,317,165,152,
12670,1268,622,646,2217,1100,1117,2534,1247,1287,2217,1064,1153,1267,598,669,317,165,152,
12675,1268,622,646,2218,1100,1118,2535,1248,1287,2218,1065,1153,1268,598,670,317,165,152,
12680,1268,622,646,2219,1100,1119,2536,1249,1287,2219,1065,1154,1268,598,670,317,165,152,
12685,1268,622,646,2220,1101,1119,2536,1249,1287,2219,1065,1154,1268,598,670,317,165,152,
12690,1269,622,647,2221,1102,1119,2538,1251,1287,2220,1066,1154,1268,598,670,317,165,152,
12695,1270,623,647,2221,1102,1119,2538,1251,1287,2221,1066,1155,1268,598,670,317,165,152,
12700,1271,623,648,2223,1103,1120,2541,1253,1288,2222,1066,1156,1269,599,670,317,165,152,
12705,1271,623,648,2224,1103,1121,2541,1253,1288,2223,1066,1157,1269,599,670,318,166,152,
12710,1272,623,649,2224,1103,1121,2542,1253,1289,2224,1066,1158,1271,600,671,318,166,152,
12715,1272,623,649,2225,1104,1121,2543,1254,1289,2225,1067,1158,1272,600,672,318,166,152,
12720,1272,623,649,2226,1104,1122,2544,1255,1289,2226,1068,1158,1272,600,672,318,166,152,
12725,1272,623,649,2227,1105,1122,2544,1255,1289,2226,1068,1158,1272,600,672,318,166,152,
12730,1273,624,649,2228,1106,1122,2546,1255,1291,2227,1068,1159,1272,600,672,318,166,152,
12735,1274,625,649,2228,1106,1122,2546,1255,1291,2228,1069,1159,1272,600,672,318,166,152,
12740,1275,625,650,2230,1107,1123,2549,1256,1293,2229,1070,1159,1273,601,672,318,166,152,
12745,1275,625,650,2231,1107,1124,2549,1256,1293,2230,1071,1159,1273,601,672,319,167,152,
12750,1276,626,650,2231,1107,1124,2550,1257,1293,2231,1072,1159,1275,601,674,319,167,152,
12755,1276,626,650,2232,1108,1124,2551,1258,1293,2232,1072,1160,1276,602,674,319,167,152,
12760,1276,626,650,2233,1109,1124,2552,1258,1294,2233,1072,1161,1276,602,674,319,167,152,
12765,1276,626,650,2234,1110,1124,2552,1258,1294,2233,1072,1161,1276,602,674,319,167,152,
12770,1277,626,651,2235,1110,1125,2554,1260,1294,2234,1072,1162,1276,602,674,319,167,152,
12775,1278,627,651,2235,1110,1125,2554,1260,1294,2235,1072,1163,1276,602,674,319,167,152,
12780,1279,628,651,2237,1111,1126,2557,1262,1295,2236,1073,1163,1277,602,675,319,167,152,
12785,1279,628,651,2238,1111,1127,2557,1262,1295,2237,1074,1163,1277,602,675,320,168,152,
12790,1280,629,651,2238,1111,1127,2558,1263,1295,2238,1075,1163,1279,602,677,320,168,152,
12795,1280,629,651,2239,1111,1128,2559,1264,1295,2239,1075,1164,1280,603,677,320,168,152,
12800,1280,629,651,2240,1111,1129,2560,1265,1295,2240,1076,1164,1280,603,677,320,168,152,
12805,1280,629,651,2241,1111,1130,2560,1265,1295,2240,1076,1164,1280,603,677,320,168,152,
12810,1281,629,652,2242,1112,1130,2562,1266,1296,2241,1076,1165,1280,603,677,320,168,152,
12815,1282,629,653,2242,1112,1130,2562,1266,1296,2242,1077,1165,1280,603,677,320,168,152,
12820,1283,630,653,2244,1113,1131,2565,1267,1298,2243,1077,1166,1281,604,677,320,168,152,
12825,1283,630,653,2245,1113,1132,2565,1267,1298,2244,1078,1166,1281,604,677,321,169,152,
12830,1284,630,654,2245,1113,1132,2566,1267,1299,2245,1078,1167,1283,605,678,321,169,152,
12835,1284,630,654,2246,1113,1133,2567,1267,1300,2246,1079,1167,1284,605,679,321,169,152,
12840,1284,630,654,2247,1114,1133,2568,1268,1300,2247,1079,1168,1284,605,679,321,169,152,
12845,1284,630,654,2248,1114,1134,2568,1268,1300,2247,1079,1168,1284,605,679,321,169,152,
12850,1285,631,654,2249,1114,1135,2570,1268,1302,2248,1080,1168,1284,605,679,321,169,152,
12855,1286,632,654,2249,1114,1135,2570,1268,1302,2249,1080,1169,1284,605,679,321,169,152,
12860,1287,632,655,2251,1115,1136,2573,1269,1304,2250,1081,1169,1285,605,680,321,169,152,
12865,1287,632,655,2252,1116,1136,2573,1269,1304,2251,1081,1170,1285,605,680,322,169,153,
12870,1288,632,656,2252,1116,1136,2574,1269,1305,2252,1082,1170,1287,605,682,322,169,153,
12875,1288,632,656,2253,1116,1137,2575,1269,1306,2253,1083,1170,1288,605,683,322,169,153,
12880,1288,632,656,2254,1117,1137,2576,1269,1307,2254,1084,1170,1288,605,683,322,169,153,
12885,1288,632,656,2255,1117,1138,2576,1269,1307,2254,1084,1170,1288,605,683,322,169,153,
12890,1289,632,657,2256,1118,1138,2578,1269,1309,2255,1085,1170,1288,605,683,322,169,153,
12895,1290,632,658,2256,1118,1138,2578,1269,1309,2256,1085,1171,1288,605,683,322,169,153,
12900,1291,632,659,2258,1119,1139,2581,1269,1312,2257,1085,1172,1289,605,684,322,169,153,
12905,1291,632,659,2259,1119,1140,2581,1269,1312,2258,1085,1173,1289,605,684,323,170,153,
12910,1292,632,660,2259,1119,1140,2582,1269,1313,2259,1086,1173,1291,606,685,323,170,153,
12915,1292,632,660,2260,1119,1141,2583,1270,1313,2260,1087,1173,1292,606,686,323,170,153,
12920,1292,632,660,2261,1120,1141,2584,1270,1314,2261,1087,1174,1292,606,686,323,170,153,
12925,1292,632,660,2262,1121,1141,2584,1270,1314,2261,1087,1174,1292,606,686,323,170,153,
12930,1293,633,660,2263,1121,1142,2586,1271,1315,2262,1088,1174,1292,606,686,323,170,153,
12935,1294,634,660,2263,1121,1142,2586,1271,1315,2263,1089,1174,1292,606,686,323,170,153,
12940,1295,635,660,2265,1121,1144,2589,1273,1316,2264,1090,1174,1293,607,686,323,170,153,
12945,1295,635,660,2266,1122,1144,2589,1273,1316,2265,1091,1174,1293,607,686,324,170,154,
12950,1296,635,661,2266,1122,1144,2590,1273,1317,2266,1092,1174,1295,608,687,324,170,154,
12955,1296,635,661,2267,1123,1144,2591,1273,1318,2267,1092,1175,1296,608,688,324,170,154,
12960,1296,635,661,2268,1123,1145,2592,1273,1319,2268,1092,1176,1296,608,688,324,170,154,
12965,1296,635,661,2269,1123,1146,2592,1273,1319,2268,1092,1176,1296,608,688,324,170,154,
12970,1297,635,662,2270,1124,1146,2594,1275,1319,2269,1092,1177,1296,608,688,324,170,154,
12975,1298,636,662,2270,1124,1146,2594,1275,1319,2270,1093,1177,1296,608,688,324,170,154,
12980,1299,636,663,2272,1125,1147,2597,1276,1321,2271,1093,1178,1297,609,688,324,170,154,
12985,1299,636,663,2273,1126,1147,2597,1276,1321,2272,1093,1179,1297,609,688,325,171,154,
12990,1300,636,664,2273,1126,1147,2598,1277,1321,2273,1094,1179,1299,611,688,325,171,154,
12995,1300,636,664,2274,1126,1148,2599,1278,1321,2274,1094,1180,1300,611,689,325,171,154,
13000,1300,636,664,2275,1126,1149,2600,1278,1322,2275,1094,1181,1300,611,689,325,171,154,
13005,1300,636,664,2276,1127,1149,2600,1278,1322,2275,1094,1181,1300,611,689,325,171,154,
13010,1301,636,665,2277,1128,1149,2602,1280,1322,2276,1094,1182,1300,611,689,325,171,154,
13015,1302,637,665,2277,1128,1149,2602,1280,1322,2277,1095,1182,1300,611,689,325,171,154,
13020,1303,637,666,2279,1130,1149,2605,1281,1324,2278,1096,1182,1301,611,690,325,171,154,
13025,1303,637,666,2280,1130,1150,2605,1281,1324,2279,1096,1183,1301,611,690,326,171,155,
13030,1304,637,667,2280,1130,1150,2606,1282,1324,2280,1096,1184,1303,611,692,326,171,155,
13035,1304,637,667,2281,1130,1151,2607,1282,1325,2281,1097,1184,1304,611,693,326,171,155,
13040,1304,637,667,2282,1131,1151,2608,1282,1326,2282,1097,1185,1304,611,693,326,171,155,
13045,1304,637,667,2283,1131,1152,2608,1282,1326,2282,1097,1185,1304,611,693,326,171,155,
13050,1305,638,667,2284,1132,1152,2610,1283,1327,2283,1097,1186,1304,611,693,326,171,155,
13055,1306,639,667,2284,1132,1152,2610,1283,1327,2284,1098,1186,1304,611,693,326,171,155,
13060,1307,639,668,2286,1134,1152,2613,1285,1328,2285,1099,1186,1305,612,693,326,171,155,
13065,1307,639,668,2287,1135,1152,2613,1285,1328,2286,1099,1187,1305,612,693,327,172,155,
13070,1308,640,668,2287,1135,1152,2614,1286,1328,2287,1099,1188,1307,614,693,327,172,155,
13075,1308,640,668,2288,1135,1153,2615,1286,1329,2288,1100,1188,1308,615,693,327,172,155,
13080,1308,640,668,2289,1136,1153,2616,1287,1329,2289,1101,1188,1308,615,693,327,172,155,
13085,1308,640,668,2290,1136,1154,2616,1287,1329,2289,1101,1188,1308,615,693,327,172,155,
13090,1309,640,669,2291,1136,1155,2618,1287,1331,2290,1102,1188,1308,615,693,327,172,155,
13095,1310,640,670,2291,1136,1155,2618,1287,1331,2291,1103,1188,1308,615,693,327,172,155,
13100,1311,641,670,2293,1137,1156,2621,1289,1332,2292,1103,1189,1309,615,694,327,172,155,
13105,1311,641,670,2294,1137,1157,2621,1289,1332,2293,1104,1189,1309,615,694,328,173,155,
13110,1312,641,671,2294,1137,1157,2622,1289,1333,2294,1104,1190,1311,616,695,328,173,155,
13115,1312,641,671,2295,1137,1158,2623,1290,1333,2295,1105,1190,1312,616,696,328,173,155,
13120,1312,641,671,2296,1138,1158,2624,1291,1333,2296,1105,1191,1312,616,696,328,173,155,
13125,1312,641,671,2297,1139,1158,2624,1291,1333,2296,1105,1191,1312,616,696,328,173,155,
13130,1313,642,671,2298,1140,1158,2626,1292,1334,2297,1106,1191,1312,616,696,328,173,155,
13135,1314,643,671,2298,1140,1158,2626,1292,1334,2298,1106,1192,1312,616,696,328,173,155,
13140,1315,643,672,2300,1141,1159,2629,1292,1337,2299,1106,1193,1313,616,697,328,173,155,
13145,1315,643,672,2301,1142,1159,2629,1292,1337,2300,1106,1194,1313,616,697,329,174,155,
13150,1316,643,673,2301,1142,1159,2630,1293,1337,2301,1107,1194,1315,617,698,329,174,155,
13155,1316,643,673,2302,1142,1160,2631,1294,1337,2302,1107,1195,1316,618,698,329,174,155,
13160,1316,643,673,2303,1142,1161,2632,1294,1338,2303,1108,1195,1316,618,698,329,174,155,
13165,1316,643,673,2304,1142,1162,2632,1294,1338,2303,1108,1195,1316,618,698,329,174,155,
13170,1317,643,674,2305,1143,1162,2634,1295,1339,2304,1108,1196,1316,618,698,329,174,155,
13175,1318,643,675,2305,1143,1162,2634,1295,1339,2305,1108,1197,1316,618,698,329,174,155,
13180,1319,643,676,2307,1144,1163,2637,1297,1340,2306,1109,1197,1317,618,699,329,174,155,
13185,1319,643,676,2308,1144,1164,2637,1297,1340,2307,1110,1197,1317,618,699,330,174,156,
13190,1320,644,676,2308,1144,1164,2638,1297,1341,2308,1110,1198,1319,620,699,330,174,156,
13195,1320,644,676,2309,1144,1165,2639,1298,1341,2309,1110,1199,1320,620,700,330,174,156,
13200,1320,644,676,2310,1145,1165,2640,1298,1342,2310,1111,1199,1320,620,700,330,174,156,
13205,1320,644,676,2311,1145,1166,2640,1298,1342,2310,1111,1199,1320,620,700,330,174,156,
13210,1321,644,677,2312,1146,1166,2642,1299,1343,2311,1111,1200,1320,620,700,330,174,156,
13215,1322,645,677,2312,1146,1166,2642,1299,1343,2312,1111,1201,1320,620,700,330,174,156,
13220,1323,646,677,2314,1148,1166,2645,1300,1345,2313,1112,1201,1321,621,700,330,174,156,
13225,1323,646,677,2315,1149,1166,2645,1300,1345,2314,1113,1201,1321,621,700,331,174,157,
13230,1324,647,677,2315,1149,1166,2646,1300,1346,2315,1113,1202,1323,622,701,331,174,157,
13235,1324,647,677,2316,1149,1167,2647,1300,1347,2316,1114,1202,1324,622,702,331,174,157,
13240,1324,647,677,2317,1149,1168,2648,1301,1347,2317,1114,1203,1324,622,702,331,174,157,
13245,1324,647,677,2318,1149,1169,2648,1301,1347,2317,1114,1203,1324,622,702,331,174,157,
13250,1325,647,678,2319,1150,1169,2650,1301,1349,2318,1114,1204,1324,622,702,331,174,157,
13255,1326,648,678,2319,1150,1169,2650,1301,1349,2319,1115,1204,1324,622,702,331,174,157,
13260,1327,648,679,2321,1151,1170,2653,1301,1352,2320,1116,1204,1325,623,702,331,174,157,
13265,1327,648,679,2322,1151,1171,2653,1301,1352,2321,1116,1205,1325,623,702,332,174,158,
13270,1328,648,680,2322,1151,1171,2654,1302,1352,2322,1116,1206,1327,624,703,332,174,158,
13275,1328,648,680,2323,1152,1171,2655,1302,1353,2323,1117,1206,1328,625,703,332,174,158,
13280,1328,648,680,2324,1153,1171,2656,1302,1354,2324,1117,1207,1328,625,703,332,174,158,
13285,1328,648,680,2325,1154,1171,2656,1302,1354,2324,1117,1207,1328,625,703,332,174,158,
13290,1329,648,681,2326,1154,1172,2658,1303,1355,2325,1117,1208,1328,625,703,332,174,158,
13295,1330,649,681,2326,1154,1172,2658,1303,1355,2326,1117,1209,1328,625,703,332,174,158,
13300,1331,650,681,2328,1155,1173,2661,1304,1357,2327,1117,1210,1329,626,703,332,174,158,
13305,1331,650,681,2329,1155,1174,2661,1304,1357,2328,1117,1211,1329,626,703,333,175,158,
13310,1332,651,681,2329,1155,1174,2662,1305,1357,2329,1118,1211,1331,628,703,333,175,158,
13315,1332,651,681,2330,1156,1174,2663,1305,1358,2330,1119,1211,1332,629,703,333,175,158,
13320,1332,651,681,2331,1157,1174,2664,1306,1358,2331,1120,1211,1332,629,703,333,175,158,
13325,1332,651,681,2332,1158,1174,2664,1306,1358,2331,1120,1211,1332,629,703,333,175,158,
13330,1333,651,682,2333,1159,1174,2666,1307,1359,2332,1120,1212,1332,629,703,333,175,158,
13335,1334,652,682,2333,1159,1174,2666,1307,1359,2333,1121,1212,1332,629,703,333,175,158,
13340,1335,652,683,2335,1160,1175,2669,1307,1362,2334,1121,1213,1333,630,703,333,175,158,
13345,1335,652,683,2336,1161,1175,2669,1307,1362,2335,1122,1213,1333,630,703,334,175,159,
13350,1336,653,683,2336,1161,1175,2670,1307,1363,2336,1123,1213,1335,632,703,334,175,159,
13355,1336,653,683,2337,1162,1175,2671,1307,1364,2337,1124,1213,1336,632,704,334,175,159,
13360,1336,653,683,2338,1162,1176,2672,1307,1365,2338,1125,1213,1336,632,704,334,175,159,
13365,1336,653,683,2339,1162,1177,2672,1307,1365,2338,1125,1213,1336,632,704,334,175,159,
13370,1337,653,684,2340,1163,1177,2674,1307,1367,2339,1126,1213,1336,632,704,334,175,159,
13375,1338,654,684,2340,1163,1177,2674,1307,1367,2340,1126,1214,1336,632,704,334,175,159,
13380,1339,655,684,2342,1163,1179,2677,1309,1368,2341,1126,1215,1337,632,705,334,175,159,
13385,1339,655,684,2343,1164,1179,2677,1309,1368,2342,1126,1216,1337,632,705,335,176,159,
13390,1340,656,684,2343,1164,1179,2678,1310,1368,2343,1127,1216,1339,634,705,335,176,159,
13395,1340,656,684,2344,1164,1180,2679,1311,1368,2344,1128,1216,1340,635,705,335,176,159,
13400,1340,656,684,2345,1165,1180,2680,1312,1368,2345,1129,1216,1340,635,705,335,176,159,
13405,1340,656,684,2346,1166,1180,2680,1312,1368,2345,1129,1216,1340,635,705,335,176,159,
13410,1341,657,684,2347,1167,1180,2682,1313,1369,2346,1130,1216,1340,635,705,335,176,159,
13415,1342,658,684,2347,1167,1180,2682,1313,1369,2347,1130,1217,1340,635,705,335,176,159,
13420,1343,659,684,2349,1168,1181,2685,1316,1369,2348,1131,1217,1341,635,706,335,176,159,
13425,1343,659,684,2350,1168,1182,2685,1316,1369,2349,1131,1218,1341,635,706,336,176,160,
13430,1344,660,684,2350,1168,1182,2686,1317,1369,2350,1131,1219,1343,637,706,336,176,160,
13435,1344,660,684,2351,1168,1183,2687,1318,1369,2351,1131,1220,1344,638,706,336,176,160,
13440,1344,660,684,2352,1168,1184,2688,1318,1370,2352,1132,1220,1344,638,706,336,176,160,
13445,1344,660,684,2353,1169,1184,2688,1318,1370,2352,1132,1220,1344,638,706,336,176,160,
13450,1345,661,684,2354,1170,1184,2690,1318,1372,2353,1133,1220,1344,638,706,336,176,160,
13455,1346,662,684,2354,1170,1184,2690,1318,1372,2354,1134,1220,1344,638,706,336,176,160,
13460,1347,663,684,2356,1170,1186,2693,1320,1373,2355,1135,1220,1345,638,707,336,176,160,
13465,1347,663,684,2357,1171,1186,2693,1320,1373,2356,1135,1221,1345,638,707,337,176,161,
13470,1348,663,685,2357,1171,1186,2694,1320,1374,2357,1136,1221,1347,639,708,337,176,161,
13475,1348,663,685,2358,1171,1187,2695,1320,1375,2358,1136,1222,1348,639,709,337,176,161,
13480,1348,663,685,2359,1171,1188,2696,1321,1375,2359,1136,1223,1348,639,709,337,176,161,
13485,1348,663,685,2360,1172,1188,2696,1321,1375,2359,1136,1223,1348,639,709,337,176,161,
13490,1349,663,686,2361,1173,1188,2698,1321,1377,2360,1136,1224,1348,639,709,337,176,161,
13495,1350,663,687,2361,1173,1188,2698,1321,1377,2361,1137,1224,1348,639,709,337,176,161,
13500,1351,663,688,2363,1174,1189,2701,1323,1378,2362,1138,1224,1349,639,710,337,176,161,
13505,1351,663,688,2364,1174,1190,2701,1323,1378,2363,1139,1224,1349,639,710,338,176,162,
13510,1352,663,689,2364,1174,1190,2702,1323,1379,2364,1140,1224,1351,639,712,338,176,162,
13515,1352,663,689,2365,1175,1190,2703,1324,1379,2365,1141,1224,1352,639,713,338,176,162,
13520,1352,663,689,2366,1176,1190,2704,1324,1380,2366,1142,1224,1352,639,713,338,176,162,
13525,1352,663,689,2367,1177,1190,2704,1324,1380,2366,1142,1224,1352,639,713,338,176,162,
13530,1353,663,690,2368,1177,1191,2706,1324,1382,2367,1142,1225,1352,639,713,338,176,162,
13535,1354,664,690,2368,1177,1191,2706,1324,1382,2368,1143,1225,1352,639,713,338,176,162,
13540,1355,664,691,2370,1178,1192,2709,1325,1384,2369,1144,1225,1353,639,714,338,176,162,
13545,1355,664,691,2371,1179,1192,2709,1325,1384,2370,1144,1226,1353,639,714,339,176,163,
13550,1356,664,692,2371,1179,1192,2710,1325,1385,2371,1145,1226,1355,640,715,339,176,163,
13555,1356,664,692,2372,1180,1192,2711,1325,1386,2372,1146,1226,1356,640,716,339,176,163,
13560,1356,664,692,2373,1181,1192,2712,1326,1386,2373,1147,1226,1356,640,716,339,176,163,
13565,1356,664,692,2374,1182,1192,2712,1326,1386,2373,1147,1226,1356,640,716,339,176,163,
13570,1357,664,693,2375,1183,1192,2714,1327,1387,2374,1147,1227,1356,640,716,339,176,163,
13575,1358,664,694,2375,1183,1192,2714,1327,1387,2375,1147,1228,1356,640,716,339,176,163,
13580,1359,664,695,2377,1185,1192,2717,1328,1389,2376,1147,1229,1357,640,717,339,176,163,
13585,1359,664,695,2378,1186,1192,2717,1328,1389,2377,1148,1229,1357,640,717,340,177,163,
13590,1360,665,695,2378,1186,1192,2718,1328,1390,2378,1148,1230,1359,641,718,340,177,163,
13595,1360,665,695,2379,1186,1193,2719,1329,1390,2379,1149,1230,1360,642,718,340,177,163,
13600,1360,665,695,2380,1187,1193,2720,1329,1391,2380,1150,1230,1360,642,718,340,177,163,
13605,1360,665,695,2381,1188,1193,2720,1329,1391,2380,1150,1230,1360,642,718,340,177,163,
13610,1361,666,695,2382,1189,1193,2722,1331,1391,2381,1150,1231,1360,642,718,340,177,163,
13615,1362,666,696,2382,1189,1193,2722,1331,1391,2382,1151,1231,1360,642,718,340,177,163,
13620,1363,667,696,2384,1190,1194,2725,1332,1393,2383,1152,1231,1361,643,718,340,177,163,
13625,1363,667,696,2385,1191,1194,2725,1332,1393,2384,1153,1231,1361,643,718,341,178,163,
13630,1364,667,697,2385,1191,1194,2726,1333,1393,2385,1153,1232,1363,644,719,341,178,163,
13635,1364,667,697,2386,1191,1195,2727,1333,1394,2386,1154,1232,1364,645,719,341,178,163,
13640,1364,667,697,2387,1191,1196,2728,1333,1395,2387,1154,1233,1364,645,719,341,178,163,
13645,1364,667,697,2388,1191,1197,2728,1333,1395,2387,1154,1233,1364,645,719,341,178,163,
13650,1365,667,698,2389,1192,1197,2730,1335,1395,2388,1155,1233,1364,645,719,341,178,163,
13655,1366,667,699,2389,1192,1197,2730,1335,1395,2389,1156,1233,1364,645,719,341,178,163,
13660,1367,667,700,2391,1193,1198,2733,1336,1397,2390,1156,1234,1365,646,719,341,178,163,
13665,1367,667,700,2392,1193,1199,2733,1336,1397,2391,1156,1235,1365,646,719,342,178,164,
13670,1368,668,700,2392,1193,1199,2734,1336,1398,2392,1156,1236,1367,646,721,342,178,164,
13675,1368,668,700,2393,1193,1200,2735,1336,1399,2393,1156,1237,1368,646,722,342,178,164,
13680,1368,668,700,2394,1193,1201,2736,1337,1399,2394,1157,1237,1368,646,722,342,178,164,
13685,1368,668,700,2395,1194,1201,2736,1337,1399,2394,1157,1237,1368,646,722,342,178,164,
13690,1369,669,700,2396,1194,1202,2738,1338,1400,2395,1157,1238,1368,646,722,342,178,164,
13695,1370,670,700,2396,1194,1202,2738,1338,1400,2396,1158,1238,1368,646,722,342,178,164,
13700,1371,671,700,2398,1196,1202,2741,1338,1403,2397,1159,1238,1369,646,723,342,178,164,
13705,1371,671,700,2399,1197,1202,2741,1338,1403,2398,1160,1238,1369,646,723,343,179,164,
13710,1372,672,700,2399,1197,1202,2742,1339,1403,2399,1160,1239,1371,647,724,343,179,164,
13715,1372,672,700,2400,1198,1202,2743,1340,1403,2400,1161,1239,1372,647,725,343,179,164,
13720,1372,672,700,2401,1199,1202,2744,1341,1403,2401,1162,1239,1372,647,725,343,179,164,
13725,1372,672,700,2402,1199,1203,2744,1341,1403,2401,1162,1239,1372,647,725,343,179,164,
13730,1373,672,701,2403,1199,1204,2746,1343,1403,2402,1162,1240,1372,647,725,343,179,164,
13735,1374,672,702,2403,1199,1204,2746,1343,1403,2403,1162,1241,1372,647,725,343,179,164,
13740,1375,673,702,2405,1199,1206,2749,1344,1405,2404,1162,1242,1373,647,726,343,179,164,
13745,1375,673,702,2406,1199,1207,2749,1344,1405,2405,1162,1243,1373,647,726,344,180,164,
13750,1376,674,702,2406,1199,1207,2750,1344,1406,2406,1162,1244,1375,647,728,344,180,164,
13755,1376,674,702,2407,1200,1207,2751,1345,1406,2407,1162,1245,1376,647,729,344,180,164,
13760,1376,674,702,2408,1200,1208,2752,1346,1406,2408,1163,1245,1376,647,729,344,180,164,
13765,1376,674,702,2409,1200,1209,2752,1346,1406,2408,1163,1245,1376,647,729,344,180,164,
13770,1377,675,702,2410,1200,1210,2754,1347,1407,2409,1164,1245,1376,647,729,344,180,164,
13775,1378,676,702,2410,1200,1210,2754,1347,1407,2410,1165,1245,1376,647,729,344,180,164,
13780,1379,676,703,2412,1201,1211,2757,1348,1409,2411,1166,1245,1377,647,730,344,180,164,
13785,1379,676,703,2413,1201,1212,2757,1348,1409,2412,1166,1246,1377,647,730,345,181,164,
13790,1380,677,703,2413,1201,1212,2758,1349,1409,2413,1166,1247,1379,648,731,345,181,164,
13795,1380,677,703,2414,1201,1213,2759,1349,1410,2414,1167,1247,1380,648,732,345,181,164,
13800,1380,677,703,2415,1201,1214,2760,1350,1410,2415,1167,1248,1380,648,732,345,181,164,
13805,1380,677,703,2416,1202,1214,2760,1350,1410,2415,1167,1248,1380,648,732,345,181,164,
13810,1381,678,703,2417,1203,1214,2762,1351,1411,2416,1167,1249,1380,648,732,345,181,164,
13815,1382,679,703,2417,1203,1214,2762,1351,1411,2417,1168,1249,1380,648,732,345,181,164,
13820,1383,680,703,2419,1203,1216,2765,1353,1412,2418,1169,1249,1381,648,733,345,181,164,
13825,1383,680,703,2420,1203,1217,2765,1353,1412,2419,1169,1250,1381,648,733,346,181,165,
13830,1384,680,704,2420,1203,1217,2766,1353,1413,2420,1169,1251,1383,650,733,346,181,165,
13835,1384,680,704,2421,1204,1217,2767,1354,1413,2421,1169,1252,1384,650,734,346,181,165,
13840,1384,680,704,2422,1205,1217,2768,1355,1413,2422,1170,1252,1384,650,734,346,181,165,
13845,1384,680,704,2423,1206,1217,2768,1355,1413,2422,1170,1252,1384,650,734,346,181,165,
13850,1385,681,704,2424,1206,1218,2770,1356,1414,2423,1171,1252,1384,650,734,346,181,165,
13855,1386,681,705,2424,1206,1218,2770,1356,1414,2424,1172,1252,1384,650,734,346,181,165,
13860,1387,682,705,2426,1206,1220,2773,1358,1415,2425,1172,1253,1385,651,734,346,181,165,
13865,1387,682,705,2427,1206,1221,2773,1358,1415,2426,1173,1253,1385,651,734,347,182,165,
13870,1388,683,705,2427,1206,1221,2774,1358,1416,2427,1173,1254,1387,651,736,347,182,165,
13875,1388,683,705,2428,1206,1222,2775,1358,1417,2428,1174,1254,1388,651,737,347,182,165,
13880,1388,683,705,2429,1207,1222,2776,1358,1418,2429,1175,1254,1388,651,737,347,182,165,
13885,1388,683,705,2430,1207,1223,2776,1358,1418,2429,1175,1254,1388,651,737,347,182,165,
13890,1389,684,705,2431,1207,1224,2778,1359,1419,2430,1176,1254,1388,651,737,347,182,165,
13895,1390,684,706,2431,1207,1224,2778,1359,1419,2431,1177,1254,1388,651,737,347,182,165,
13900,1391,685,706,2433,1208,1225,2781,1360,1421,2432,1177,1255,1389,652,737,347,182,165,
13905,1391,685,706,2434,1208,1226,2781,1360,1421,2433,1178,1255,1389,652,737,348,182,166,
13910,1392,686,706,2434,1208,1226,2782,1360,1422,2434,1179,1255,1391,652,739,348,182,166,
13915,1392,686,706,2435,1209,1226,2783,1361,1422,2435,1180,1255,1392,653,739,348,182,166,
13920,1392,686,706,2436,1210,1226,2784,1361,1423,2436,1181,1255,1392,653,739,348,182,166,
13925,1392,686,706,2437,1211,1226,2784,1361,1423,2436,1181,1255,1392,653,739,348,182,166,
13930,1393,686,707,2438,1212,1226,2786,1362,1424,2437,1181,1256,1392,653,739,348,182,166,
13935,1394,687,707,2438,1212,1226,2786,1362,1424,2438,1182,1256,1392,653,739,348,182,166,
13940,1395,687,708,2440,1213,1227,2789,1364,1425,2439,1183,1256,1393,653,740,348,182,166,
13945,1395,687,708,2441,1214,1227,2789,1364,1425,2440,1183,1257,1393,653,740,349,183,166,
13950,1396,688,708,2441,1214,1227,2790,1364,1426,2441,1184,1257,1395,654,741,349,183,166,
13955,1396,688,708,2442,1214,1228,2791,1365,1426,2442,1185,1257,1396,655,741,349,183,166,
13960,1396,688,708,2443,1214,1229,2792,1366,1426,2443,1185,1258,1396,655,741,349,183,166,
13965,1396,688,708,2444,1215,1229,2792,1366,1426,2443,1185,1258,1396,655,741,349,183,166,
13970,1397,689,708,2445,1215,1230,2794,1367,1427,2444,1185,1259,1396,655,741,349,183,166,
13975,1398,689,709,2445,1215,1230,2794,1367,1427,2445,1186,1259,1396,655,741,349,183,166,
13980,1399,689,710,2447,1217,1230,2797,1369,1428,2446,1186,1260,1397,656,741,349,183,166,
13985,1399,689,710,2448,1217,1231,2797,1369,1428,2447,1187,1260,1397,656,741,350,183,167,
13990,1400,689,711,2448,1217,1231,2798,1369,1429,2448,1188,1260,1399,657,742,350,183,167,
13995,1400,689,711,2449,1217,1232,2799,1369,1430,2449,1188,1261,1400,657,743,350,183,167,
14000,1400,689,711,2450,1217,1233,2800,1369,1431,2450,1188,1262,1400,657,743,350,183,167,
14005,1400,689,711,2451,1217,1234,2800,1369,1431,2450,1188,1262,1400,657,743,350,183,167,
14010,1401,690,711,2452,1217,1235,2802,1369,1433,2451,1188,1263,1400,657,743,350,183,167,
14015,1402,691,711,2452,1217,1235,2802,1369,1433,2452,1188,1264,1400,657,743,350,183,167,
14020,1403,691,712,2454,1219,1235,2805,1371,1434,2453,1189,1264,1401,658,743,350,183,167,
14025,1403,691,712,2455,1219,1236,2805,1371,1434,2454,1190,1264,1401,658,743,351,183,168,
14030,1404,691,713,2455,1219,1236,2806,1372,1434,2455,1190,1265,1403,660,743,351,183,168,
14035,1404,691,713,2456,1219,1237,2807,1373,1434,2456,1191,1265,1404,660,744,351,183,168,
14040,1404,691,713,2457,1219,1238,2808,1373,1435,2457,1192,1265,1404,660,744,351,183,168,
14045,1404,691,713,2458,1220,1238,2808,1373,1435,2457,1192,1265,1404,660,744,351,183,168,
14050,1405,692,713,2459,1221,1238,2810,1374,1436,2458,1192,1266,1404,660,744,351,183,168,
14055,1406,692,714,2459,1221,1238,2810,1374,1436,2459,1193,1266,1404,660,744,351,183,168,
14060,1407,692,715,2461,1223,1238,2813,1377,1436,2460,1193,1267,1405,660,745,351,183,168,
14065,1407,692,715,2462,1224,1238,2813,1377,1436,2461,1194,1267,1405,660,745,352,184,168,
14070,1408,692,716,2462,1224,1238,2814,1378,1436,2462,1195,1267,1407,661,746,352,184,168,
14075,1408,692,716,2463,1225,1238,2815,1378,1437,2463,1195,1268,1408,662,746,352,184,168,
14080,1408,692,716,2464,1225,1239,2816,1378,1438,2464,1195,1269,1408,662,746,352,184,168,
14085,1408,692,716,2465,1226,1239,2816,1378,1438,2464,1195,1269,1408,662,746,352,184,168,
14090,1409,692,717,2466,1227,1239,2818,1379,1439,2465,1196,1269,1408,662,746,352,184,168,
14095,1410,692,718,2466,1227,1239,2818,1379,1439,2466,1197,1269,1408,662,746,352,184,168,
14100,1411,693,718,2468,1229,1239,2821,1381,1440,2467,1197,1270,1409,662,747,352,184,168,
14105,1411,693,718,2469,1229,1240,2821,1381,1440,2468,1198,1270,1409,662,747,353,184,169,
14110,1412,694,718,2469,1229,1240,2822,1381,1441,2469,1199,1270,1411,664,747,353,184,169,
14115,1412,694,718,2470,1230,1240,2823,1381,1442,2470,1199,1271,1412,664,748,353,184,169,
14120,1412,694,718,2471,1231,1240,2824,1382,1442,2471,1199,1272,1412,664,748,353,184,169,
14125,1412,694,718,2472,1232,1240,2824,1382,1442,2471,1199,1272,1412,664,748,353,184,169,
14130,1413,694,719,2473,1233,1240,2826,1384,1442,2472,1200,1272,1412,664,748,353,184,169,
14135,1414,695,719,2473,1233,1240,2826,1384,1442,2473,1201,1272,1412,664,748,353,184,169,
14140,1415,695,720,2475,1235,1240,2829,1386,1443,2474,1202,1272,1413,665,748,353,184,169,
14145,1415,695,720,2476,1236,1240,2829,1386,1443,2475,1202,1273,1413,665,748,354,184,170,
14150,1416,696,720,2476,1236,1240,2830,1386,1444,2476,1202,1274,1415,665,750,354,184,170,
14155,1416,696,720,2477,1237,1240,2831,1387,1444,2477,1203,1274,1416,665,751,354,184,170,
14160,1416,696,720,2478,1238,1240,2832,1387,1445,2478,1203,1275,1416,665,751,354,184,170,
14165,1416,696,720,2479,1239,1240,2832,1387,1445,2478,1203,1275,1416,665,751,354,184,170,
14170,1417,697,720,2480,1240,1240,2834,1387,1447,2479,1204,1275,1416,665,751,354,184,170,
14175,1418,698,720,2480,1240,1240,2834,1387,1447,2480,1204,1276,1416,665,751,354,184,170,
14180,1419,698,721,2482,1241,1241,2837,1389,1448,2481,1204,1277,1417,665,752,354,184,170,
14185,1419,698,721,2483,1242,1241,2837,1389,1448,2482,1205,1277,1417,665,752,355,185,170,
14190,1420,699,721,2483,1242,1241,2838,1389,1449,2483,1205,1278,1419,667,752,355,185,170,
14195,1420,699,721,2484,1242,1242,2839,1390,1449,2484,1206,1278,1420,668,752,355,185,170,
14200,1420,699,721,2485,1243,1242,2840,1391,1449,2485,1207,1278,1420,668,752,355,185,170,
14205,1420,699,721,2486,1243,1243,2840,1391,1449,2485,1207,1278,1420,668,752,355,185,170,
14210,1421,700,721,2487,1244,1243,2842,1391,1451,2486,1208,1278,1420,668,752,355,185,170,
14215,1422,701,721,2487,1244,1243,2842,1391,1451,2487,1208,1279,1420,668,752,355,185,170,
14220,1423,702,721,2489,1244,1245,2845,1392,1453,2488,1209,1279,1421,669,752,355,185,170,
14225,1423,702,721,2490,1244,1246,2845,1392,1453,2489,1210,1279,1421,669,752,356,185,171,
14230,1424,702,722,2490,1244,1246,2846,1393,1453,2490,1211,1279,1423,670,753,356,185,171,
14235,1424,702,722,2491,1245,1246,2847,1394,1453,2491,1212,1279,1424,671,753,356,185,171,
14240,1424,702,722,2492,1245,1247,2848,1394,1454,2492,1212,1280,1424,671,753,356,185,171,
14245,1424,702,722,2493,1246,1247,2848,1394,1454,2492,1212,1280,1424,671,753,356,185,171,
14250,1425,702,723,2494,1246,1248,2850,1394,1456,2493,1212,1281,1424,671,753,356,185,171,
14255,1426,703,723,2494,1246,1248,2850,1394,1456,2494,1212,1282,1424,671,753,356,185,171,
14260,1427,704,723,2496,1247,1249,2853,1396,1457,2495,1212,1283,1425,671,754,356,185,171,
14265,1427,704,723,2497,1247,1250,2853,1396,1457,2496,1213,1283,1425,671,754,357,185,172,
14270,1428,704,724,2497,1247,1250,2854,1397,1457,2497,1213,1284,1427,673,754,357,185,172,
14275,1428,704,724,2498,1247,1251,2855,1398,1457,2498,1213,1285,1428,674,754,357,185,172,
14280,1428,704,724,2499,1247,1252,2856,1399,1457,2499,1213,1286,1428,674,754,357,185,172,
14285,1428,704,724,2500,1247,1253,2856,1399,1457,2499,1213,1286,1428,674,754,357,185,172,
14290,1429,704,725,2501,1247,1254,2858,1401,1457,2500,1214,1286,1428,674,754,357,185,172,
14295,1430,704,726,2501,1247,1254,2858,1401,1457,2501,1215,1286,1428,674,754,357,185,172,
14300,1431,704,727,2503,1249,1254,2861,1401,1460,2502,1216,1286,1429,674,755,357,185,172,
14305,1431,704,727,2504,1250,1254,2861,1401,1460,2503,1217,1286,1429,674,755,358,185,173,
14310,1432,704,728,2504,1250,1254,2862,1401,1461,2504,1217,1287,1431,675,756,358,185,173,
14315,1432,704,728,2505,1250,1255,2863,1402,1461,2505,1218,1287,1432,675,757,358,185,173,
14320,1432,704,728,2506,1251,1255,2864,1403,1461,2506,1219,1287,1432,675,757,358,185,173,
14325,1432,704,728,2507,1252,1255,2864,1403,1461,2506,1219,1287,1432,675,757,358,185,173,
14330,1433,705,728,2508,1253,1255,2866,1403,1463,2507,1219,1288,1432,675,757,358,185,173,
14335,1434,705,729,2508,1253,1255,2866,1403,1463,2508,1219,1289,1432,675,757,358,185,173,
14340,1435,705,730,2510,1254,1256,2869,1406,1463,2509,1219,1290,1433,675,758,358,185,173,
14345,1435,705,730,2511,1255,1256,2869,1406,1463,2510,1220,1290,1433,675,758,359,185,174,
14350,1436,706,730,2511,1255,1256,2870,1406,1464,2511,1221,1290,1435,676,759,359,185,174,
14355,1436,706,730,2512,1256,1256,2871,1406,1465,2512,1221,1291,1436,676,760,359,185,174,
14360,1436,706,730,2513,1257,1256,2872,1407,1465,2513,1222,1291,1436,676,760,359,185,174,
14365,1436,706,730,2514,1258,1256,2872,1407,1465,2513,1222,1291,1436,676,760,359,185,174,
14370,1437,706,731,2515,1259,1256,2874,1408,1466,2514,1222,1292,1436,676,760,359,185,174,
14375,1438,706,732,2515,1259,1256,2874,1408,1466,2515,1222,1293,1436,676,760,359,185,174,
14380,1439,706,733,2517,1260,1257,2877,1411,1466,2516,1223,1293,1437,676,761,359,185,174,
14385,1439,706,733,2518,1261,1257,2877,1411,1466,2517,1223,1294,1437,676,761,360,185,175,
14390,1440,706,734,2518,1261,1257,2878,1412,1466,2518,1224,1294,1439,678,761,360,185,175,
14395,1440,706,734,2519,1261,1258,2879,1412,1467,2519,1224,1295,1440,678,762,360,185,175,
14400,1440,706,734,2520,1262,1258,2880,1412,1468,2520,1225,1295,1440,678,762,360,185,175,
14405,1440,706,734,2521,1263,1258,2880,1412,1468,2520,1225,1295,1440,678,762,360,185,175,
14410,1441,707,734,2522,1263,1259,2882,1412,1470,2521,1226,1295,1440,678,762,360,185,175,
14415,1442,707,735,2522,1263,1259,2882,1412,1470,2522,1227,1295,1440,678,762,360,185,175,
14420,1443,708,735,2524,1264,1260,2885,1412,1473,2523,1227,1296,1441,678,763,360,185,175,
14425,1443,708,735,2525,1264,1261,2885,1412,1473,2524,1228,1296,1441,678,763,361,185,176,
14430,1444,708,736,2525,1264,1261,2886,1413,1473,2525,1229,1296,1443,678,765,361,185,176,
14435,1444,708,736,2526,1265,1261,2887,1414,1473,2526,1229,1297,1444,678,766,361,185,176,
14440,1444,708,736,2527,1266,1261,2888,1414,1474,2527,1229,1298,1444,678,766,361,185,176,
14445,1444,708,736,2528,1267,1261,2888,1414,1474,2527,1229,1298,1444,678,766,361,185,176,
14450,1445,708,737,2529,1268,1261,2890,1416,1474,2528,1230,1298,1444,678,766,361,185,176,
14455,1446,708,738,2529,1268,1261,2890,1416,1474,2529,1231,1298,1444,678,766,361,185,176,
14460,1447,708,739,2531,1270,1261,2893,1417,1476,2530,1231,1299,1445,678,767,361,185,176,
14465,1447,708,739,2532,1271,1261,2893,1417,1476,2531,1232,1299,1445,678,767,362,186,176,
14470,1448,709,739,2532,1271,1261,2894,1418,1476,2532,1232,1300,1447,678,769,362,186,176,
14475,1448,709,739,2533,1272,1261,2895,1419,1476,2533,1232,1301,1448,679,769,362,186,176,
14480,1448,709,739,2534,1273,1261,2896,1420,1476,2534,1232,1302,1448,679,769,362,186,176,
14485,1448,709,739,2535,1273,1262,2896,1420,1476,2534,1232,1302,1448,679,769,362,186,176,
14490,1449,710,739,2536,1274,1262,2898,1421,1477,2535,1233,1302,1448,679,769,362,186,176,
14495,1450,710,740,2536,1274,1262,2898,1421,1477,2536,1233,1303,1448,679,769,362,186,176,
14500,1451,710,741,2538,1276,1262,2901,1424,1477,2537,1234,1303,1449,679,770,362,186,176,
14505,1451,710,741,2539,1276,1263,2901,1424,1477,2538,1235,1303,1449,679,770,363,187,176,
14510,1452,710,742,2539,1276,1263,2902,1425,1477,2539,1235,1304,1451,680,771,363,187,176,
14515,1452,710,742,2540,1276,1264,2903,1426,1477,2540,1236,1304,1452,680,772,363,187,176,
14520,1452,710,742,2541,1277,1264,2904,1427,1477,2541,1237,1304,1452,680,772,363,187,176,
14525,1452,710,742,2542,1278,1264,2904,1427,1477,2541,1237,1304,1452,680,772,363,187,176,
14530,1453,710,743,2543,1279,1264,2906,1429,1477,2542,1238,1304,1452,680,772,363,187,176,
14535,1454,710,744,2543,1279,1264,2906,1429,1477,2543,1239,1304,1452,680,772,363,187,176,
14540,1455,710,745,2545,1280,1265,2909,1431,1478,2544,1240,1304,1453,681,772,363,187,176,
14545,1455,710,745,2546,1280,1266,2909,1431,1478,2545,1240,1305,1453,681,772,364,188,176,
14550,1456,711,745,2546,1280,1266,2910,1432,1478,2546,1240,1306,1455,681,774,364,188,176,
14555,1456,711,745,2547,1280,1267,2911,1432,1479,2547,1241,1306,1456,681,775,364,188,176,
14560,1456,711,745,2548,1281,1267,2912,1433,1479,2548,1242,1306,1456,681,775,364,188,176,
14565,1456,711,745,2549,1282,1267,2912,1433,1479,2548,1242,1306,1456,681,775,364,188,176,
14570,1457,711,746,2550,1282,1268,2914,1433,1481,2549,1243,1306,1456,681,775,364,188,176,
14575,1458,712,746,2550,1282,1268,2914,1433,1481,2550,1243,1307,1456,681,775,364,188,176,
14580,1459,713,746,2552,1282,1270,2917,1434,1483,2551,1243,1308,1457,682,775,364,188,176,
14585,1459,713,746,2553,1282,1271,2917,1434,1483,2552,1244,1308,1457,682,775,365,188,177,
14590,1460,713,747,2553,1282,1271,2918,1434,1484,2553,1244,1309,1459,683,776,365,188,177,
14595,1460,713,747,2554,1283,1271,2919,1435,1484,2554,1245,1309,1460,683,777,365,188,177,
14600,1460,713,747,2555,1284,1271,2920,1436,1484,2555,1246,1309,1460,683,777,365,188,177,
14605,1460,713,747,2556,1285,1271,2920,1436,1484,2555,1246,1309,1460,683,777,365,188,177,
14610,1461,713,748,2557,1285,1272,2922,1437,1485,2556,1247,1309,1460,683,777,365,188,177,
14615,1462,713,749,2557,1285,1272,2922,1437,1485,2557,1247,1310,1460,683,777,365,188,177,
14620,1463,714,749,2559,1286,1273,2925,1438,1487,2558,1247,1311,1461,684,777,365,188,177,
14625,1463,714,749,2560,1286,1274,2925,1438,1487,2559,1248,1311,1461,684,777,366,189,177,
14630,1464,714,750,2560,1286,1274,2926,1438,1488,2560,1248,1312,1463,686,777,366,189,177,
14635,1464,714,750,2561,1287,1274,2927,1439,1488,2561,1248,1313,1464,686,778,366,189,177,
14640,1464,714,750,2562,1287,1275,2928,1439,1489,2562,1248,1314,1464,686,778,366,189,177,
14645,1464,714,750,2563,1287,1276,2928,1439,1489,2562,1248,1314,1464,686,778,366,189,177,
14650,1465,714,751,2564,1288,1276,2930,1440,1490,2563,1248,1315,1464,686,778,366,189,177,
14655,1466,714,752,2564,1288,1276,2930,1440,1490,2564,1249,1315,1464,686,778,366,189,177,
14660,1467,714,753,2566,1288,1278,2933,1441,1492,2565,1249,1316,1465,686,779,366,189,177,
14665,1467,714,753,2567,1289,1278,2933,1441,1492,2566,1249,1317,1465,686,779,367,190,177,
14670,1468,715,753,2567,1289,1278,2934,1442,1492,2567,1249,1318,1467,686,781,367,190,177,
14675,1468,715,753,2568,1289,1279,2935,1443,1492,2568,1250,1318,1468,686,782,367,190,177,
14680,1468,715,753,2569,1289,1280,2936,1443,1493,2569,1251,1318,1468,686,782,367,190,177,
14685,1468,715,753,2570,1289,1281,2936,1443,1493,2569,1251,1318,1468,686,782,367,190,177,
14690,1469,716,753,2571,1289,1282,2938,1443,1495,2570,1252,1318,1468,686,782,367,190,177,
14695,1470,716,754,2571,1289,1282,2938,1443,1495,2571,1253,1318,1468,686,782,367,190,177,
14700,1471,716,755,2573,1291,1282,2941,1444,1497,2572,1253,1319,1469,687,782,367,190,177,
14705,1471,716,755,2574,1291,1283,2941,1444,1497,2573,1254,1319,1469,687,782,368,191,177,
14710,1472,717,755,2574,1291,1283,2942,1444,1498,2574,1254,1320,1471,687,784,368,191,177,
14715,1472,717,755,2575,1291,1284,2943,1444,1499,2575,1255,1320,1472,687,785,368,191,177,
14720,1472,717,755,2576,1291,1285,2944,1445,1499,2576,1256,1320,1472,687,785,368,191,177,
14725,1472,717,755,2577,1292,1285,2944,1445,1499,2576,1256,1320,1472,687,785,368,191,177,
14730,1473,717,756,2578,1293,1285,2946,1445,1501,2577,1257,1320,1472,687,785,368,191,177,
14735,1474,717,757,2578,1293,1285,2946,1445,1501,2578,1258,1320,1472,687,785,368,191,177,
14740,1475,718,757,2580,1294,1286,2949,1445,1504,2579,1258,1321,1473,687,786,368,191,177,
14745,1475,718,757,2581,1294,1287,2949,1445,1504,2580,1258,1322,1473,687,786,369,192,177,
14750,1476,718,758,2581,1294,1287,2950,1445,1505,2581,1259,1322,1475,688,787,369,192,177,
14755,1476,718,758,2582,1295,1287,2951,1445,1506,2582,1259,1323,1476,688,788,369,192,177,
14760,1476,718,758,2583,1296,1287,2952,1446,1506,2583,1259,1324,1476,688,788,369,192,177,
14765,1476,718,758,2584,1297,1287,2952,1446,1506,2583,1259,1324,1476,688,788,369,192,177,
14770,1477,719,758,2585,1297,1288,2954,1448,1506,2584,1260,1324,1476,688,788,369,192,177,
14775,1478,720,758,2585,1297,1288,2954,1448,1506,2585,1260,1325,1476,688,788,369,192,177,
14780,1479,721,758,2587,1297,1290,2957,1448,1509,2586,1261,1325,1477,688,789,369,192,177,
14785,1479,721,758,2588,1297,1291,2957,1448,1509,2587,1261,1326,1477,688,789,370,193,177,
14790,1480,722,758,2588,1297,1291,2958,1448,1510,2588,1261,1327,1479,690,789,370,193,177,
14795,1480,722,758,2589,1298,1291,2959,1449,1510,2589,1262,1327,1480,690,790,370,193,177,
14800,1480,722,758,2590,1299,1291,2960,1450,1510,2590,1262,1328,1480,690,790,370,193,177,
14805,1480,722,758,2591,1299,1292,2960,1450,1510,2590,1262,1328,1480,690,790,370,193,177,
14810,1481,723,758,2592,1300,1292,2962,1451,1511,2591,1262,1329,1480,690,790,370,193,177,
14815,1482,724,758,2592,1300,1292,2962,1451,1511,2592,1262,1330,1480,690,790,370,193,177,
14820,1483,725,758,2594,1301,1293,2965,1451,1514,2593,1263,1330,1481,690,791,370,193,177,
14825,1483,725,758,2595,1302,1293,2965,1451,1514,2594,1264,1330,1481,690,791,371,194,177,
14830,1484,726,758,2595,1302,1293,2966,1451,1515,2595,1265,1330,1483,691,792,371,194,177,
14835,1484,726,758,2596,1302,1294,2967,1451,1516,2596,1265,1331,1484,691,793,371,194,177,
14840,1484,726,758,2597,1303,1294,2968,1451,1517,2597,1266,1331,1484,691,793,371,194,177,
14845,1484,726,758,2598,1303,1295,2968,1451,1517,2597,1266,1331,1484,691,793,371,194,177,
14850,1485,727,758,2599,1303,1296,2970,1452,1518,2598,1266,1332,1484,691,793,371,194,177,
14855,1486,728,758,2599,1303,1296,2970,1452,1518,2599,1267,1332,1484,691,793,371,194,177,
14860,1487,728,759,2601,1304,1297,2973,1452,1521,2600,1267,1333,1485,691,794,371,194,177,
14865,1487,728,759,2602,1304,1298,2973,1452,1521,2601,1268,1333,1485,691,794,372,194,178,
14870,1488,728,760,2602,1304,1298,2974,1452,1522,2602,1269,1333,1487,692,795,372,194,178,
14875,1488,728,760,2603,1304,1299,2975,1452,1523,2603,1270,1333,1488,693,795,372,194,178,
14880,1488,728,760,2604,1304,1300,2976,1452,1524,2604,1270,1334,1488,693,795,372,194,178,
14885,1488,728,760,2605,1304,1301,2976,1452,1524,2604,1270,1334,1488,693,795,372,194,178,
14890,1489,728,761,2606,1304,1302,2978,1454,1524,2605,1270,1335,1488,693,795,372,194,178,
14895,1490,729,761,2606,1304,1302,2978,1454,1524,2606,1270,1336,1488,693,795,372,194,178,
14900,1491,729,762,2608,1304,1304,2981,1454,1527,2607,1270,1337,1489,693,796,372,194,178,
14905,1491,729,762,2609,1305,1304,2981,1454,1527,2608,1270,1338,1489,693,796,373,194,179,
14910,1492,730,762,2609,1305,1304,2982,1455,1527,2609,1270,1339,1491,695,796,373,194,179,
14915,1492,730,762,2610,1306,1304,2983,1455,1528,2610,1270,1340,1492,695,797,373,194,179,
14920,1492,730,762,2611,1306,1305,2984,1456,1528,2611,1271,1340,1492,695,797,373,194,179,
14925,1492,730,762,2612,1306,1306,2984,1456,1528,2611,1271,1340,1492,695,797,373,194,179,
14930,1493,730,763,2613,1306,1307,2986,1456,1530,2612,1272,1340,1492,695,797,373,194,179,
14935,1494,730,764,2613,1306,1307,2986,1456,1530,2613,1272,1341,1492,695,797,373,194,179,
14940,1495,730,765,2615,1307,1308,2989,1457,1532,2614,1272,1342,1493,696,797,373,194,179,
14945,1495,730,765,2616,1307,1309,2989,1457,1532,2615,1272,1343,1493,696,797,374,194,180,
14950,1496,730,766,2616,1307,1309,2990,1458,1532,2616,1272,1344,1495,697,798,374,194,180,
14955,1496,730,766,2617,1307,1310,2991,1459,1532,2617,1272,1345,1496,697,799,374,194,180,
14960,1496,730,766,2618,1307,1311,2992,1460,1532,2618,1273,1345,1496,697,799,374,194,180,
14965,1496,730,766,2619,1307,1312,2992,1460,1532,2618,1273,1345,1496,697,799,374,194,180,
14970,1497,731,766,2620,1307,1313,2994,1461,1533,2619,1273,1346,1496,697,799,374,194,180,
14975,1498,732,766,2620,1307,1313,2994,1461,1533,2620,1274,1346,1496,697,799,374,194,180,
14980,1499,733,766,2622,1308,1314,2997,1461,1536,2621,1274,1347,1497,698,799,374,194,180,
14985,1499,733,766,2623,1309,1314,2997,1461,1536,2622,1274,1348,1497,698,799,375,195,180,
14990,1500,733,767,2623,1309,1314,2998,1462,1536,2623,1274,1349,1499,700,799,375,195,180,
14995,1500,733,767,2624,1310,1314,2999,1462,1537,2624,1274,1350,1500,701,799,375,195,180,
15000,1500,733,767,2625,1310,1315,3000,1462,1538,2625,1274,1351,1500,701,799,375,195,180,
15005,1500,733,767,2626,1311,1315,3000,1462,1538,2625,1274,1351,1500,701,799,375,195,180,
15010,1501,733,768,2627,1312,1315,3002,1463,1539,2626,1274,1352,1500,701,799,375,195,180,
15015,1502,733,769,2627,1312,1315,3002,1463,1539,2627,1275,1352,1500,701,799,375,195,180,
15020,1503,734,769,2629,1312,1317,3005,1466,1539,2628,1275,1353,1501,701,800,375,195,180,
15025,1503,734,769,2630,1312,1318,3005,1466,1539,2629,1275,1354,1501,701,800,376,196,180,
15030,1504,735,769,2630,1312,1318,3006,1467,1539,2630,1275,1355,1503,702,801,376,196,180,
15035,1504,735,769,2631,1313,1318,3007,1467,1540,2631,1275,1356,1504,703,801,376,196,180,
15040,1504,735,769,2632,1314,1318,3008,1467,1541,2632,1276,1356,1504,703,801,376,196,180,
15045,1504,735,769,2633,1314,1319,3008,1467,1541,2632,1276,1356,1504,703,801,376,196,180,
15050,1505,735,770,2634,1314,1320,3010,1467,1543,2633,1276,1357,1504,703,801,376,196,180,
15055,1506,735,771,2634,1314,1320,3010,1467,1543,2634,1277,1357,1504,703,801,376,196,180,
15060,1507,736,771,2636,1316,1320,3013,1467,1546,2635,1278,1357,1505,704,801,376,196,180,
15065,1507,736,771,2637,1316,1321,3013,1467,1546,2636,1278,1358,1505,704,801,377,197,180,
15070,1508,737,771,2637,1316,1321,3014,1467,1547,2637,1278,1359,1507,705,802,377,197,180,
15075,1508,737,771,2638,1317,1321,3015,1468,1547,2638,1279,1359,1508,705,803,377,197,180,
15080,1508,737,771,2639,1318,1321,3016,1468,1548,2639,1279,1360,1508,705,803,377,197,180,
15085,1508,737,771,2640,1318,1322,3016,1468,1548,2639,1279,1360,1508,705,803,377,197,180,
15090,1509,737,772,2641,1318,1323,3018,1469,1549,2640,1279,1361,1508,705,803,377,197,180,
15095,1510,737,773,2641,1318,1323,3018,1469,1549,2641,1279,1362,1508,705,803,377,197,180,
15100,1511,737,774,2643,1318,1325,3021,1471,1550,2642,1279,1363,1509,705,804,377,197,180,
15105,1511,737,774,2644,1318,1326,3021,1471,1550,2643,1280,1363,1509,705,804,378,198,180,
15110,1512,737,775,2644,1318,1326,3022,1472,1550,2644,1281,1363,1511,707,804,378,198,180,
15115,1512,737,775,2645,1319,1326,3023,1473,1550,2645,1282,1363,1512,708,804,378,198,180,
15120,1512,737,775,2646,1319,1327,3024,1474,1550,2646,1282,1364,1512,708,804,378,198,180,
15125,1512,737,775,2647,1320,1327,3024,1474,1550,2646,1282,1364,1512,708,804,378,198,180,
15130,1513,737,776,2648,1320,1328,3026,1475,1551,2647,1282,1365,1512,708,804,378,198,180,
15135,1514,737,777,2648,1320,1328,3026,1475,1551,2648,1282,1366,1512,708,804,378,198,180,
15140,1515,738,777,2650,1321,1329,3029,1476,1553,2649,1283,1366,1513,709,804,378,198,180,
15145,1515,738,777,2651,1322,1329,3029,1476,1553,2650,1284,1366,1513,709,804,379,199,180,
15150,1516,738,778,2651,1322,1329,3030,1477,1553,2651,1285,1366,1515,710,805,379,199,180,
15155,1516,738,778,2652,1323,1329,3031,1477,1554,2652,1285,1367,1516,711,805,379,199,180,
15160,1516,738,778,2653,1324,1329,3032,1477,1555,2653,1286,1367,1516,711,805,379,199,180,
15165,1516,738,778,2654,1325,1329,3032,1477,1555,2653,1286,1367,1516,711,805,379,199,180,
15170,1517,739,778,2655,1326,1329,3034,1478,1556,2654,1286,1368,1516,711,805,379,199,180,
15175,1518,740,778,2655,1326,1329,3034,1478,1556,2655,1286,1369,1516,711,805,379,199,180,
15180,1519,741,778,2657,1328,1329,3037,1478,1559,2656,1286,1370,1517,712,805,379,199,180,
15185,1519,741,778,2658,1328,1330,3037,1478,1559,2657,1286,1371,1517,712,805,380,200,180,
15190,1520,742,778,2658,1328,1330,3038,1478,1560,2658,1286,1372,1519,713,806,380,200,180,
15195,1520,742,778,2659,1329,1330,3039,1478,1561,2659,1287,1372,1520,713,807,380,200,180,
15200,1520,742,778,2660,1329,1331,3040,1478,1562,2660,1288,1372,1520,713,807,380,200,180,
15205,1520,742,778,2661,1329,1332,3040,1478,1562,2660,1288,1372,1520,713,807,380,200,180,
15210,1521,742,779,2662,1330,1332,3042,1479,1563,2661,1289,1372,1520,713,807,380,200,180,
15215,1522,742,780,2662,1330,1332,3042,1479,1563,2662,1289,1373,1520,713,807,380,200,180,
15220,1523,743,780,2664,1331,1333,3045,1479,1566,2663,1289,1374,1521,714,807,380,200,180,
15225,1523,743,780,2665,1332,1333,3045,1479,1566,2664,1290,1374,1521,714,807,381,200,181,
15230,1524,743,781,2665,1332,1333,3046,1479,1567,2665,1291,1374,1523,714,809,381,200,181,
15235,1524,743,781,2666,1332,1334,3047,1479,1568,2666,1291,1375,1524,714,810,381,200,181,
15240,1524,743,781,2667,1332,1335,3048,1479,1569,2667,1292,1375,1524,714,810,381,200,181,
15245,1524,743,781,2668,1332,1336,3048,1479,1569,2667,1292,1375,1524,714,810,381,200,181,
15250,1525,744,781,2669,1332,1337,3050,1480,1570,2668,1292,1376,1524,714,810,381,200,181,
15255,1526,745,781,2669,1332,1337,3050,1480,1570,2669,1293,1376,1524,714,810,381,200,181,
15260,1527,746,781,2671,1332,1339,3053,1481,1572,2670,1294,1376,1525,715,810,381,200,181,
15265,1527,746,781,2672,1333,1339,3053,1481,1572,2671,1295,1376,1525,715,810,382,201,181,
15270,1528,747,781,2672,1333,1339,3054,1482,1572,2672,1296,1376,1527,716,811,382,201,181,
15275,1528,747,781,2673,1333,1340,3055,1482,1573,2673,1296,1377,1528,716,812,382,201,181,
15280,1528,747,781,2674,1333,1341,3056,1483,1573,2674,1297,1377,1528,716,812,382,201,181,
15285,1528,747,781,2675,1333,1342,3056,1483,1573,2674,1297,1377,1528,716,812,382,201,181,
15290,1529,747,782,2676,1334,1342,3058,1484,1574,2675,1297,1378,1528,716,812,382,201,181,
15295,1530,747,783,2676,1334,1342,3058,1484,1574,2676,1298,1378,1528,716,812,382,201,181,
15300,1531,747,784,2678,1335,1343,3061,1486,1575,2677,1298,1379,1529,716,813,382,201,181,
15305,1531,747,784,2679,1336,1343,3061,1486,1575,2678,1299,1379,1529,716,813,383,202,181,
15310,1532,748,784,2679,1336,1343,3062,1487,1575,2679,1299,1380,1531,718,813,383,202,181,
15315,1532,748,784,2680,1337,1343,3063,1488,1575,2680,1300,1380,1532,718,814,383,202,181,
15320,1532,748,784,2681,1337,1344,3064,1488,1576,2681,1300,1381,1532,718,814,383,202,181,
15325,1532,748,784,2682,1337,1345,3064,1488,1576,2681,1300,1381,1532,718,814,383,202,181,
15330,1533,748,785,2683,1338,1345,3066,1490,1576,2682,1301,1381,1532,718,814,383,202,181,
15335,1534,749,785,2683,1338,1345,3066,1490,1576,2683,1301,1382,1532,718,814,383,202,181,
15340,1535,750,785,2685,1338,1347,3069,1492,1577,2684,1302,1382,1533,719,814,383,202,181,
15345,1535,750,785,2686,1338,1348,3069,1492,1577,2685,1303,1382,1533,719,814,384,203,181,
15350,1536,751,785,2686,1338,1348,3070,1492,1578,2686,1304,1382,1535,720,815,384,203,181,
15355,1536,751,785,2687,1339,1348,3071,1493,1578,2687,1304,1383,1536,721,815,384,203,181,
15360,1536,751,785,2688,1340,1348,3072,1494,1578,2688,1304,1384,1536,721,815,384,203,181,
15365,1536,751,785,2689,1340,1349,3072,1494,1578,2688,1304,1384,1536,721,815,384,203,181,
15370,1537,751,786,2690,1341,1349,3074,1494,1580,2689,1305,1384,1536,721,815,384,203,181,
15375,1538,751,787,2690,1341,1349,3074,1494,1580,2690,1306,1384,1536,721,815,384,203,181,
15380,1539,752,787,2692,1342,1350,3077,1497,1580,2691,1307,1384,1537,722,815,384,203,181,
15385,1539,752,787,2693,1342,1351,3077,1497,1580,2692,1308,1384,1537,722,815,385,204,181,
15390,1540,752,788,2693,1342,1351,3078,1498,1580,2693,1309,1384,1539,722,817,385,204,181,
15395,1540,752,788,2694,1343,1351,3079,1498,1581,2694,1310,1384,1540,722,818,385,204,181,
15400,1540,752,788,2695,1343,1352,3080,1499,1581,2695,1310,1385,1540,722,818,385,204,181,
15405,1540,752,788,2696,1344,1352,3080,1499,1581,2695,1310,1385,1540,722,818,385,204,181,
15410,1541,753,788,2697,1344,1353,3082,1499,1583,2696,1310,1386,1540,722,818,385,204,181,
15415,1542,753,789,2697,1344,1353,3082,1499,1583,2697,1310,1387,1540,722,818,385,204,181,
15420,1543,754,789,2699,1346,1353,3085,1500,1585,2698,1310,1388,1541,723,818,385,204,181,
15425,1543,754,789,2700,1346,1354,3085,1500,1585,2699,1311,1388,1541,723,818,386,204,182,
15430,1544,755,789,2700,1346,1354,3086,1500,1586,2700,1312,1388,1543,724,819,386,204,182,
15435,1544,755,789,2701,1347,1354,3087,1501,1586,2701,1312,1389,1544,724,820,386,204,182,
15440,1544,755,789,2702,1348,1354,3088,1502,1586,2702,1312,1390,1544,724,820,386,204,182,
15445,1544,755,789,2703,1349,1354,3088,1502,1586,2702,1312,1390,1544,724,820,386,204,182,
15450,1545,755,790,2704,1349,1355,3090,1502,1588,2703,1312,1391,1544,724,820,386,204,182,
15455,1546,755,791,2704,1349,1355,3090,1502,1588,2704,1313,1391,1544,724,820,386,204,182,
15460,1547,755,792,2706,1350,1356,3093,1503,1590,2705,1314,1391,1545,725,820,386,204,182,
15465,1547,755,792,2707,1350,1357,3093,1503,1590,2706,1315,1391,1545,725,820,387,205,182,
15470,1548,756,792,2707,1350,1357,3094,1504,1590,2707,1316,1391,1547,725,822,387,205,182,
15475,1548,756,792,2708,1350,1358,3095,1504,1591,2708,1317,1391,1548,725,823,387,205,182,
15480,1548,756,792,2709,1350,1359,3096,1504,1592,2709,1317,1392,1548,725,823,387,205,182,
15485,1548,756,792,2710,1350,1360,3096,1504,1592,2709,1317,1392,1548,725,823,387,205,182,
15490,1549,757,792,2711,1350,1361,3098,1505,1593,2710,1318,1392,1548,725,823,387,205,182,
15495,1550,758,792,2711,1350,1361,3098,1505,1593,2711,1319,1392,1548,725,823,387,205,182,
15500,1551,758,793,2713,1352,1361,3101,1507,1594,2712,1319,1393,1549,725,824,387,205,182,
15505,1551,758,793,2714,1352,1362,3101,1507,1594,2713,1320,1393,1549,725,824,388,206,182,
15510,1552,759,793,2714,1352,1362,3102,1507,1595,2714,1321,1393,1551,725,826,388,206,182,
15515,1552,759,793,2715,1353,1362,3103,1508,1595,2715,1321,1394,1552,726,826,388,206,182,
15520,1552,759,793,2716,1353,1363,3104,1509,1595,2716,1322,1394,1552,726,826,388,206,182,
15525,1552,759,793,2717,1354,1363,3104,1509,1595,2716,1322,1394,1552,726,826,388,206,182,
15530,1553,759,794,2718,1355,1363,3106,1509,1597,2717,1323,1394,1552,726,826,388,206,182,
15535,1554,760,794,2718,1355,1363,3106,1509,1597,2718,1323,1395,1552,726,826,388,206,182,
15540,1555,761,794,2720,1355,1365,3109,1510,1599,2719,1324,1395,1553,727,826,388,206,182,
15545,1555,761,794,2721,1356,1365,3109,1510,1599,2720,1324,1396,1553,727,826,389,207,182,
15550,1556,761,795,2721,1356,1365,3110,1510,1600,2721,1324,1397,1555,727,828,389,207,182,
15555,1556,761,795,2722,1356,1366,3111,1510,1601,2722,1325,1397,1556,728,828,389,207,182,
15560,1556,761,795,2723,1357,1366,3112,1511,1601,2723,1326,1397,1556,728,828,389,207,182,
15565,1556,761,795,2724,1358,1366,3112,1511,1601,2723,1326,1397,1556,728,828,389,207,182,
15570,1557,762,795,2725,1358,1367,3114,1512,1602,2724,1327,1397,1556,728,828,389,207,182,
15575,1558,763,795,2725,1358,1367,3114,1512,1602,2725,1327,1398,1556,728,828,389,207,182,
15580,1559,763,796,2727,1358,1369,3117,1514,1603,2726,1328,1398,1557,729,828,389,207,182,
15585,1559,763,796,2728,1358,1370,3117,1514,1603,2727,1329,1398,1557,729,828,390,208,182,
15590,1560,764,796,2728,1358,1370,3118,1515,1603,2728,1329,1399,1559,730,829,390,208,182,
15595,1560,764,796,2729,1358,1371,3119,1515,1604,2729,1329,1400,1560,731,829,390,208,182,
15600,1560,764,796,2730,1359,1371,3120,1516,1604,2730,1330,1400,1560,731,829,390,208,182,
15605,1560,764,796,2731,1360,1371,3120,1516,1604,2730,1330,1400,1560,731,829,390,208,182,
15610,1561,765,796,2732,1361,1371,3122,1518,1604,2731,1331,1400,1560,731,829,390,208,182,
15615,1562,765,797,2732,1361,1371,3122,1518,1604,2732,1331,1401,1560,731,829,390,208,182,
15620,1563,765,798,2734,1361,1373,3125,1519,1606,2733,1332,1401,1561,732,829,390,208,182,
15625,1563,765,798,2735,1362,1373,3125,1519,1606,2734,1332,1402,1561,732,829,391,208,183,
15630,1564,765,799,2735,1362,1373,3126,1519,1607,2735,1333,1402,1563,732,831,391,208,183,
15635,1564,765,799,2736,1363,1373,3127,1519,1608,2736,1333,1403,1564,733,831,391,208,183,
15640,1564,765,799,2737,1364,1373,3128,1520,1608,2737,1334,1403,1564,733,831,391,208,183,
15645,1564,765,799,2738,1365,1373,3128,1520,1608,2737,1334,1403,1564,733,831,391,208,183,
15650,1565,766,799,2739,1366,1373,3130,1521,1609,2738,1335,1403,1564,733,831,391,208,183,
15655,1566,766,800,2739,1366,1373,3130,1521,1609,2739,1336,1403,1564,733,831,391,208,183,
15660,1567,766,801,2741,1367,1374,3133,1524,1609,2740,1337,1403,1565,734,831,391,208,183,
15665,1567,766,801,2742,1367,1375,3133,1524,1609,2741,1338,1403,1565,734,831,392,208,184,
15670,1568,767,801,2742,1367,1375,3134,1525,1609,2742,1338,1404,1567,734,833,392,208,184,
15675,1568,767,801,2743,1367,1376,3135,1525,1610,2743,1338,1405,1568,734,834,392,208,184,
15680,1568,767,801,2744,1368,1376,3136,1525,1611,2744,1339,1405,1568,734,834,392,208,184,
15685,1568,767,801,2745,1368,1377,3136,1525,1611,2744,1339,1405,1568,734,834,392,208,184,
15690,1569,768,801,2746,1368,1378,3138,1527,1611,2745,1339,1406,1568,734,834,392,208,184,
15695,1570,768,802,2746,1368,1378,3138,1527,1611,2746,1339,1407,1568,734,834,392,208,184,
15700,1571,768,803,2748,1370,1378,3141,1529,1612,2747,1339,1408,1569,735,834,392,208,184,
15705,1571,768,803,2749,1371,1378,3141,1529,1612,2748,1339,1409,1569,735,834,393,209,184,
15710,1572,769,803,2749,1371,1378,3142,1529,1613,2749,1339,1410,1571,736,835,393,209,184,
15715,1572,769,803,2750,1371,1379,3143,1530,1613,2750,1339,1411,1572,737,835,393,209,184,
15720,1572,769,803,2751,1371,1380,3144,1530,1614,2751,1340,1411,1572,737,835,393,209,184,
15725,1572,769,803,2752,1372,1380,3144,1530,1614,2751,1340,1411,1572,737,835,393,209,184,
15730,1573,769,804,2753,1373,1380,3146,1531,1615,2752,1340,1412,1572,737,835,393,209,184,
15735,1574,769,805,2753,1373,1380,3146,1531,1615,2753,1340,1413,1572,737,835,393,209,184,
15740,1575,769,806,2755,1374,1381,3149,1531,1618,2754,1340,1414,1573,737,836,393,209,184,
15745,1575,769,806,2756,1374,1382,3149,1531,1618,2755,1341,1414,1573,737,836,394,209,185,
15750,1576,770,806,2756,1374,1382,3150,1532,1618,2756,1342,1414,1575,739,836,394,209,185,
15755,1576,770,806,2757,1374,1383,3151,1532,1619,2757,1342,1415,1576,739,837,394,209,185,
15760,1576,770,806,2758,1374,1384,3152,1532,1620,2758,1343,1415,1576,739,837,394,209,185,
15765,1576,770,806,2759,1375,1384,3152,1532,1620,2758,1343,1415,1576,739,837,394,209,185,
15770,1577,771,806,2760,1376,1384,3154,1533,1621,2759,1344,1415,1576,739,837,394,209,185,
15775,1578,771,807,2760,1376,1384,3154,1533,1621,2760,1345,1415,1576,739,837,394,209,185,
15780,1579,772,807,2762,1378,1384,3157,1534,1623,2761,1345,1416,1577,740,837,394,209,185,
15785,1579,772,807,2763,1378,1385,3157,1534,1623,2762,1345,1417,1577,740,837,395,209,186,
15790,1580,773,807,2763,1378,1385,3158,1535,1623,2763,1346,1417,1579,740,839,395,209,186,
15795,1580,773,807,2764,1379,1385,3159,1536,1623,2764,1347,1417,1580,740,840,395,209,186,
15800,1580,773,807,2765,1380,1385,3160,1537,1623,2765,1347,1418,1580,740,840,395,209,186,
15805,1580,773,807,2766,1381,1385,3160,1537,1623,2765,1347,1418,1580,740,840,395,209,186,
15810,1581,773,808,2767,1381,1386,3162,1537,1625,2766,1347,1419,1580,740,840,395,209,186,
15815,1582,774,808,2767,1381,1386,3162,1537,1625,2767,1348,1419,1580,740,840,395,209,186,
15820,1583,774,809,2769,1382,1387,3165,1539,1626,2768,1348,1420,1581,740,841,395,209,186,
15825,1583,774,809,2770,1382,1388,3165,1539,1626,2769,1348,1421,1581,740,841,396,209,187,
15830,1584,774,810,2770,1382,1388,3166,1539,1627,2770,1348,1422,1583,740,843,396,209,187,
15835,1584,774,810,2771,1382,1389,3167,1539,1628,2771,1348,1423,1584,741,843,396,209,187,
15840,1584,774,810,2772,1383,1389,3168,1539,1629,2772,1349,1423,1584,741,843,396,209,187,
15845,1584,774,810,2773,1383,1390,3168,1539,1629,2772,1349,1423,1584,741,843,396,209,187,
15850,1585,774,811,2774,1383,1391,3170,1540,1630,2773,1349,1424,1584,741,843,396,209,187,
15855,1586,774,812,2774,1383,1391,3170,1540,1630,2774,1349,1425,1584,741,843,396,209,187,
15860,1587,775,812,2776,1384,1392,3173,1542,1631,2775,1350,1425,1585,741,844,396,209,187,
15865,1587,775,812,2777,1384,1393,3173,1542,1631,2776,1351,1425,1585,741,844,397,209,188,
15870,1588,775,813,2777,1384,1393,3174,1542,1632,2777,1351,1426,1587,742,845,397,209,188,
15875,1588,775,813,2778,1384,1394,3175,1542,1633,2778,1351,1427,1588,743,845,397,209,188,
15880,1588,775,813,2779,1385,1394,3176,1542,1634,2779,1351,1428,1588,743,845,397,209,188,
15885,1588,775,813,2780,1385,1395,3176,1542,1634,2779,1351,1428,1588,743,845,397,209,188,
15890,1589,775,814,2781,1386,1395,3178,1542,1636,2780,1351,1429,1588,743,845,397,209,188,
15895,1590,775,815,2781,1386,1395,3178,1542,1636,2781,1351,1430,1588,743,845,397,209,188,
15900,1591,776,815,2783,1387,1396,3181,1544,1637,2782,1351,1431,1589,743,846,397,209,188,
15905,1591,776,815,2784,1388,1396,3181,1544,1637,2783,1352,1431,1589,743,846,398,209,189,
15910,1592,776,816,2784,1388,1396,3182,1545,1637,2784,1353,1431,1591,744,847,398,209,189,
15915,1592,776,816,2785,1388,1397,3183,1546,1637,2785,1353,1432,1592,744,848,398,209,189,
15920,1592,776,816,2786,1389,1397,3184,1546,1638,2786,1354,1432,1592,744,848,398,209,189,
15925,1592,776,816,2787,1389,1398,3184,1546,1638,2786,1354,1432,1592,744,848,398,209,189,
15930,1593,776,817,2788,1389,1399,3186,1548,1638,2787,1354,1433,1592,744,848,398,209,189,
15935,1594,777,817,2788,1389,1399,3186,1548,1638,2788,1355,1433,1592,744,848,398,209,189,
15940,1595,777,818,2790,1390,1400,3189,1549,1640,2789,1355,1434,1593,744,849,398,209,189,
15945,1595,777,818,2791,1390,1401,3189,1549,1640,2790,1355,1435,1593,744,849,399,209,190,
15950,1596,778,818,2791,1390,1401,3190,1549,1641,2791,1355,1436,1595,744,851,399,209,190,
15955,1596,778,818,2792,1391,1401,3191,1549,1642,2792,1355,1437,1596,744,852,399,209,190,
15960,1596,778,818,2793,1392,1401,3192,1550,1642,2793,1355,1438,1596,744,852,399,209,190,
15965,1596,778,818,2794,1392,1402,3192,1550,1642,2793,1355,1438,1596,744,852,399,209,190,
15970,1597,779,818,2795,1392,1403,3194,1552,1642,2794,1355,1439,1596,744,852,399,209,190,
15975,1598,779,819,2795,1392,1403,3194,1552,1642,2795,1355,1440,1596,744,852,399,209,190,
15980,1599,779,820,2797,1392,1405,3197,1553,1644,2796,1355,1441,1597,744,853,399,209,190,
15985,1599,779,820,2798,1392,1406,3197,1553,1644,2797,1355,1442,1597,744,853,400,209,191,
15990,1600,780,820,2798,1392,1406,3198,1553,1645,2798,1355,1443,1599,744,855,400,209,191,
15995,1600,780,820,2799,1392,1407,3199,1554,1645,2799,1356,1443,1600,745,855,400,209,191,
16000,1600,780,820,2800,1392,1408,3200,1554,1646,2800,1356,1444,1600,745,855,400,209,191,
16005,1600,780,820,2801,1392,1409,3200,1554,1646,2800,1356,1444,1600,745,855,400,209,191,
16010,1601,780,821,2802,1393,1409,3202,1554,1648,2801,1357,1444,1600,745,855,400,209,191,
16015,1602,781,821,2802,1393,1409,3202,1554,1648,2802,1358,1444,1600,745,855,400,209,191,
16020,1603,781,822,2804,1394,1410,3205,1554,1651,2803,1358,1445,1601,746,855,400,209,191,
16025,1603,781,822,2805,1395,1410,3205,1554,1651,2804,1359,1445,1601,746,855,401,209,192,
16030,1604,781,823,2805,1395,1410,3206,1555,1651,2805,1359,1446,1603,746,857,401,209,192,
16035,1604,781,823,2806,1396,1410,3207,1555,1652,2806,1359,1447,1604,746,858,401,209,192,
16040,1604,781,823,2807,1397,1410,3208,1556,1652,2807,1359,1448,1604,746,858,401,209,192,
16045,1604,781,823,2808,1397,1411,3208,1556,1652,2807,1359,1448,1604,746,858,401,209,192,
16050,1605,782,823,2809,1398,1411,3210,1556,1654,2808,1359,1449,1604,746,858,401,209,192,
16055,1606,783,823,2809,1398,1411,3210,1556,1654,2809,1359,1450,1604,746,858,401,209,192,
16060,1607,783,824,2811,1400,1411,3213,1557,1656,2810,1359,1451,1605,746,859,401,209,192,
16065,1607,783,824,2812,1400,1412,3213,1557,1656,2811,1359,1452,1605,746,859,402,210,192,
16070,1608,784,824,2812,1400,1412,3214,1558,1656,2812,1360,1452,1607,748,859,402,210,192,
16075,1608,784,824,2813,1401,1412,3215,1558,1657,2813,1361,1452,1608,749,859,402,210,192,
16080,1608,784,824,2814,1401,1413,3216,1559,1657,2814,1362,1452,1608,749,859,402,210,192,
16085,1608,784,824,2815,1401,1414,3216,1559,1657,2814,1362,1452,1608,749,859,402,210,192,
16090,1609,784,825,2816,1401,1415,3218,1559,1659,2815,1362,1453,1608,749,859,402,210,192,
16095,1610,784,826,2816,1401,1415,3218,1559,1659,2816,1362,1454,1608,749,859,402,210,192,
16100,1611,784,827,2818,1402,1416,3221,1559,1662,2817,1362,1455,1609,749,860,402,210,192,
16105,1611,784,827,2819,1403,1416,3221,1559,1662,2818,1363,1455,1609,749,860,403,210,193,
16110,1612,785,827,2819,1403,1416,3222,1560,1662,2819,1364,1455,1611,750,861,403,210,193,
16115,1612,785,827,2820,1403,1417,3223,1560,1663,2820,1365,1455,1612,751,861,403,210,193,
16120,1612,785,827,2821,1404,1417,3224,1560,1664,2821,1366,1455,1612,751,861,403,210,193,
16125,1612,785,827,2822,1404,1418,3224,1560,1664,2821,1366,1455,1612,751,861,403,210,193,
16130,1613,785,828,2823,1404,1419,3226,1561,1665,2822,1367,1455,1612,751,861,403,210,193,
16135,1614,786,828,2823,1404,1419,3226,1561,1665,2823,1368,1455,1612,751,861,403,210,193,
16140,1615,786,829,2825,1406,1419,3229,1561,1668,2824,1369,1455,1613,751,862,403,210,193,
16145,1615,786,829,2826,1406,1420,3229,1561,1668,2825,1370,1455,1613,751,862,404,210,194,
16150,1616,786,830,2826,1406,1420,3230,1561,1669,2826,1370,1456,1615,751,864,404,210,194,
16155,1616,786,830,2827,1407,1420,3231,1561,1670,2827,1370,1457,1616,751,865,404,210,194,
16160,1616,786,830,2828,1408,1420,3232,1562,1670,2828,1371,1457,1616,751,865,404,210,194,
16165,1616,786,830,2829,1408,1421,3232,1562,1670,2828,1371,1457,1616,751,865,404,210,194,
16170,1617,786,831,2830,1409,1421,3234,1564,1670,2829,1371,1458,1616,751,865,404,210,194,
16175,1618,787,831,2830,1409,1421,3234,1564,1670,2830,1371,1459,1616,751,865,404,210,194,
16180,1619,787,832,2832,1410,1422,3237,1566,1671,2831,1371,1460,1617,752,865,404,210,194,
16185,1619,787,832,2833,1410,1423,3237,1566,1671,2832,1372,1460,1617,752,865,405,210,195,
16190,1620,788,832,2833,1410,1423,3238,1567,1671,2833,1373,1460,1619,753,866,405,210,195,
16195,1620,788,832,2834,1411,1423,3239,1567,1672,2834,1373,1461,1620,753,867,405,210,195,
16200,1620,788,832,2835,1411,1424,3240,1567,1673,2835,1373,1462,1620,753,867,405,210,195,
16205,1620,788,832,2836,1411,1425,3240,1567,1673,2835,1373,1462,1620,753,867,405,210,195,
16210,1621,788,833,2837,1412,1425,3242,1567,1675,2836,1374,1462,1620,753,867,405,210,195,
16215,1622,789,833,2837,1412,1425,3242,1567,1675,2837,1375,1462,1620,753,867,405,210,195,
16220,1623,789,834,2839,1413,1426,3245,1568,1677,2838,1375,1463,1621,754,867,405,210,195,
16225,1623,789,834,2840,1413,1427,3245,1568,1677,2839,1375,1464,1621,754,867,406,211,195,
16230,1624,790,834,2840,1413,1427,3246,1568,1678,2840,1376,1464,1623,755,868,406,211,195,
16235,1624,790,834,2841,1414,1427,3247,1569,1678,2841,1376,1465,1624,756,868,406,211,195,
16240,1624,790,834,2842,1414,1428,3248,1570,1678,2842,1376,1466,1624,756,868,406,211,195,
16245,1624,790,834,2843,1415,1428,3248,1570,1678,2842,1376,1466,1624,756,868,406,211,195,
16250,1625,790,835,2844,1415,1429,3250,1570,1680,2843,1377,1466,1624,756,868,406,211,195,
16255,1626,790,836,2844,1415,1429,3250,1570,1680,2844,1378,1466,1624,756,868,406,211,195,
16260,1627,791,836,2846,1415,1431,3253,1572,1681,2845,1379,1466,1625,757,868,406,211,195,
16265,1627,791,836,2847,1416,1431,3253,1572,1681,2846,1380,1466,1625,757,868,407,211,196,
16270,1628,792,836,2847,1416,1431,3254,1573,1681,2847,1380,1467,1627,758,869,407,211,196,
16275,1628,792,836,2848,1417,1431,3255,1574,1681,2848,1380,1468,1628,758,870,407,211,196,
16280,1628,792,836,2849,1418,1431,3256,1574,1682,2849,1381,1468,1628,758,870,407,211,196,
16285,1628,792,836,2850,1418,1432,3256,1574,1682,2849,1381,1468,1628,758,870,407,211,196,
16290,1629,792,837,2851,1418,1433,3258,1575,1683,2850,1382,1468,1628,758,870,407,211,196,
16295,1630,793,837,2851,1418,1433,3258,1575,1683,2851,1383,1468,1628,758,870,407,211,196,
16300,1631,793,838,2853,1419,1434,3261,1577,1684,2852,1384,1468,1629,759,870,407,211,196,
16305,1631,793,838,2854,1420,1434,3261,1577,1684,2853,1384,1469,1629,759,870,408,211,197,
16310,1632,794,838,2854,1420,1434,3262,1577,1685,2854,1384,1470,1631,761,870,408,211,197,
16315,1632,794,838,2855,1420,1435,3263,1578,1685,2855,1384,1471,1632,761,871,408,211,197,
16320,1632,794,838,2856,1421,1435,3264,1578,1686,2856,1384,1472,1632,761,871,408,211,197,
16325,1632,794,838,2857,1421,1436,3264,1578,1686,2856,1384,1472,1632,761,871,408,211,197,
16330,1633,795,838,2858,1421,1437,3266,1579,1687,2857,1385,1472,1632,761,871,408,211,197,
16335,1634,795,839,2858,1421,1437,3266,1579,1687,2858,1385,1473,1632,761,871,408,211,197,
16340,1635,796,839,2860,1421,1439,3269,1580,1689,2859,1385,1474,1633,762,871,408,211,197,
16345,1635,796,839,2861,1422,1439,3269,1580,1689,2860,1386,1474,1633,762,871,409,212,197,
16350,1636,796,840,2861,1422,1439,3270,1580,1690,2861,1386,1475,1635,763,872,409,212,197,
16355,1636,796,840,2862,1423,1439,3271,1580,1691,2862,1387,1475,1636,764,872,409,212,197,
16360,1636,796,840,2863,1423,1440,3272,1581,1691,2863,1387,1476,1636,764,872,409,212,197,
16365,1636,796,840,2864,1424,1440,3272,1581,1691,2863,1387,1476,1636,764,872,409,212,197,
16370,1637,797,840,2865,1425,1440,3274,1581,1693,2864,1388,1476,1636,764,872,409,212,197,
16375,1638,798,840,2865,1425,1440,3274,1581,1693,2865,1388,1477,1636,764,872,409,212,197,
16380,1639,798,841,2867,1425,1442,3277,1583,1694,2866,1388,1478,1637,765,872,409,212,197,
16385,1639,798,841,2868,1426,1442,3277,1583,1694,2867,1389,1478,1637,765,872,410,213,197,
16390,1640,798,842,2868,1426,1442,3278,1583,1695,2868,1389,1479,1639,766,873,410,213,197,
16395,1640,798,842,2869,1426,1443,3279,1583,1696,2869,1389,1480,1640,766,874,410,213,197,
16400,1640,798,842,2870,1427,1443,3280,1583,1697,2870,1390,1480,1640,766,874,410,213,197,
16405,1640,798,842,2871,1427,1444,3280,1583,1697,2870,1390,1480,1640,766,874,410,213,197,
16410,1641,799,842,2872,1427,1445,3282,1583,1699,2871,1391,1480,1640,766,874,410,213,197,
16415,1642,799,843,2872,1427,1445,3282,1583,1699,2872,1391,1481,1640,766,874,410,213,197,
16420,1643,799,844,2874,1428,1446,3285,1583,1702,2873,1391,1482,1641,767,874,410,213,197,
16425,1643,799,844,2875,1429,1446,3285,1583,1702,2874,1392,1482,1641,767,874,411,213,198,
16430,1644,800,844,2875,1429,1446,3286,1583,1703,2875,1392,1483,1643,769,874,411,213,198,
16435,1644,800,844,2876,1430,1446,3287,1584,1703,2876,1392,1484,1644,769,875,411,213,198,
16440,1644,800,844,2877,1430,1447,3288,1584,1704,2877,1392,1485,1644,769,875,411,213,198,
16445,1644,800,844,2878,1431,1447,3288,1584,1704,2877,1392,1485,1644,769,875,411,213,198,
16450,1645,800,845,2879,1431,1448,3290,1584,1706,2878,1392,1486,1644,769,875,411,213,198,
16455,1646,800,846,2879,1431,1448,3290,1584,1706,2879,1392,1487,1644,769,875,411,213,198,
16460,1647,800,847,2881,1432,1449,3293,1584,1709,2880,1392,1488,1645,769,876,411,213,198,
16465,1647,800,847,2882,1432,1450,3293,1584,1709,2881,1393,1488,1645,769,876,412,214,198,
16470,1648,801,847,2882,1432,1450,3294,1585,1709,2882,1394,1488,1647,769,878,412,214,198,
16475,1648,801,847,2883,1432,1451,3295,1586,1709,2883,1394,1489,1648,770,878,412,214,198,
16480,1648,801,847,2884,1433,1451,3296,1586,1710,2884,1394,1490,1648,770,878,412,214,198,
16485,1648,801,847,2885,1434,1451,3296,1586,1710,2884,1394,1490,1648,770,878,412,214,198,
16490,1649,801,848,2886,1434,1452,3298,1586,1712,2885,1395,1490,1648,770,878,412,214,198,
16495,1650,801,849,2886,1434,1452,3298,1586,1712,2886,1396,1490,1648,770,878,412,214,198,
16500,1651,802,849,2888,1435,1453,3301,1587,1714,2887,1397,1490,1649,771,878,412,214,198,
16505,1651,802,849,2889,1435,1454,3301,1587,1714,2888,1398,1490,1649,771,878,413,214,199,
16510,1652,802,850,2889,1435,1454,3302,1587,1715,2889,1399,1490,1651,773,878,413,214,199,
16515,1652,802,850,2890,1436,1454,3303,1588,1715,2890,1399,1491,1652,774,878,413,214,199,
16520,1652,802,850,2891,1436,1455,3304,1588,1716,2891,1400,1491,1652,774,878,413,214,199,
16525,1652,802,850,2892,1436,1456,3304,1588,1716,2891,1400,1491,1652,774,878,413,214,199,
16530,1653,803,850,2893,1436,1457,3306,1589,1717,2892,1400,1492,1652,774,878,413,214,199,
16535,1654,803,851,2893,1436,1457,3306,1589,1717,2893,1401,1492,1652,774,878,413,214,199,
16540,1655,804,851,2895,1436,1459,3309,1591,1718,2894,1401,1493,1653,774,879,413,214,199,
16545,1655,804,851,2896,1437,1459,3309,1591,1718,2895,1401,1494,1653,774,879,414,215,199,
16550,1656,805,851,2896,1437,1459,3310,1592,1718,2896,1401,1495,1655,776,879,414,215,199,
16555,1656,805,851,2897,1438,1459,3311,1592,1719,2897,1402,1495,1656,776,880,414,215,199,
16560,1656,805,851,2898,1439,1459,3312,1593,1719,2898,1402,1496,1656,776,880,414,215,199,
16565,1656,805,851,2899,1439,1460,3312,1593,1719,2898,1402,1496,1656,776,880,414,215,199,
16570,1657,806,851,2900,1440,1460,3314,1593,1721,2899,1402,1497,1656,776,880,414,215,199,
16575,1658,807,851,2900,1440,1460,3314,1593,1721,2900,1403,1497,1656,776,880,414,215,199,
16580,1659,807,852,2902,1442,1460,3317,1595,1722,2901,1403,1498,1657,777,880,414,215,199,
16585,1659,807,852,2903,1443,1460,3317,1595,1722,2902,1403,1499,1657,777,880,415,216,199,
16590,1660,808,852,2903,1443,1460,3318,1595,1723,2903,1403,1500,1659,778,881,415,216,199,
16595,1660,808,852,2904,1443,1461,3319,1595,1724,2904,1403,1501,1660,779,881,415,216,199,
16600,1660,808,852,2905,1444,1461,3320,1596,1724,2905,1404,1501,1660,779,881,415,216,199,
16605,1660,808,852,2906,1444,1462,3320,1596,1724,2905,1404,1501,1660,779,881,415,216,199,
16610,1661,808,853,2907,1445,1462,3322,1598,1724,2906,1405,1501,1660,779,881,415,216,199,
16615,1662,808,854,2907,1445,1462,3322,1598,1724,2907,1406,1501,1660,779,881,415,216,199,
16620,1663,809,854,2909,1447,1462,3325,1598,1727,2908,1407,1501,1661,779,882,415,216,199,
16625,1663,809,854,2910,1448,1462,3325,1598,1727,2909,1408,1501,1661,779,882,416,216,200,
16630,1664,809,855,2910,1448,1462,3326,1598,1728,2910,1408,1502,1663,781,882,416,216,200,
16635,1664,809,855,2911,1449,1462,3327,1599,1728,2911,1408,1503,1664,781,883,416,216,200,
16640,1664,809,855,2912,1449,1463,3328,1599,1729,2912,1409,1503,1664,781,883,416,216,200,
16645,1664,809,855,2913,1450,1463,3328,1599,1729,2912,1409,1503,1664,781,883,416,216,200,
16650,1665,810,855,2914,1450,1464,3330,1599,1731,2913,1410,1503,1664,781,883,416,216,200,
16655,1666,811,855,2914,1450,1464,3330,1599,1731,2914,1410,1504,1664,781,883,416,216,200,
16660,1667,811,856,2916,1451,1465,3333,1600,1733,2915,1411,1504,1665,782,883,416,216,200,
16665,1667,811,856,2917,1452,1465,3333,1600,1733,2916,1411,1505,1665,782,883,417,216,201,
16670,1668,811,857,2917,1452,1465,3334,1600,1734,2917,1411,1506,1667,783,884,417,216,201,
16675,1668,811,857,2918,1453,1465,3335,1600,1735,2918,1412,1506,1668,783,885,417,216,201,
16680,1668,811,857,2919,1453,1466,3336,1600,1736,2919,1412,1507,1668,783,885,417,216,201,
16685,1668,811,857,2920,1453,1467,3336,1600,1736,2919,1412,1507,1668,783,885,417,216,201,
16690,1669,812,857,2921,1454,1467,3338,1601,1737,2920,1412,1508,1668,783,885,417,216,201,
16695,1670,813,857,2921,1454,1467,3338,1601,1737,2921,1413,1508,1668,783,885,417,216,201,
16700,1671,813,858,2923,1454,1469,3341,1603,1738,2922,1413,1509,1669,784,885,417,216,201,
16705,1671,813,858,2924,1455,1469,3341,1603,1738,2923,1414,1509,1669,784,885,418,216,202,
16710,1672,813,859,2924,1455,1469,3342,1604,1738,2924,1414,1510,1671,785,886,418,216,202,
16715,1672,813,859,2925,1456,1469,3343,1605,1738,2925,1414,1511,1672,786,886,418,216,202,
16720,1672,813,859,2926,1457,1469,3344,1605,1739,2926,1415,1511,1672,786,886,418,216,202,
16725,1672,813,859,2927,1457,1470,3344,1605,1739,2926,1415,1511,1672,786,886,418,216,202,
16730,1673,813,860,2928,1458,1470,3346,1606,1740,2927,1415,1512,1672,786,886,418,216,202,
16735,1674,814,860,2928,1458,1470,3346,1606,1740,2928,1416,1512,1672,786,886,418,216,202,
16740,1675,814,861,2930,1459,1471,3349,1608,1741,2929,1417,1512,1673,787,886,418,216,202,
16745,1675,814,861,2931,1460,1471,3349,1608,1741,2930,1418,1512,1673,787,886,419,216,203,
16750,1676,815,861,2931,1460,1471,3350,1609,1741,2931,1419,1512,1675,788,887,419,216,203,
16755,1676,815,861,2932,1461,1471,3351,1609,1742,2932,1420,1512,1676,789,887,419,216,203,
16760,1676,815,861,2933,1461,1472,3352,1609,1743,2933,1421,1512,1676,789,887,419,216,203,
16765,1676,815,861,2934,1462,1472,3352,1609,1743,2933,1421,1512,1676,789,887,419,216,203,
16770,1677,816,861,2935,1463,1472,3354,1609,1745,2934,1422,1512,1676,789,887,419,216,203,
16775,1678,817,861,2935,1463,1472,3354,1609,1745,2935,1423,1512,1676,789,887,419,216,203,
16780,1679,817,862,2937,1464,1473,3357,1611,1746,2936,1424,1512,1677,789,888,419,216,203,
16785,1679,817,862,2938,1465,1473,3357,1611,1746,2937,1425,1512,1677,789,888,420,216,204,
16790,1680,817,863,2938,1465,1473,3358,1612,1746,2938,1425,1513,1679,790,889,420,216,204,
16795,1680,817,863,2939,1466,1473,3359,1613,1746,2939,1426,1513,1680,790,890,420,216,204,
16800,1680,817,863,2940,1466,1474,3360,1613,1747,2940,1426,1514,1680,790,890,420,216,204,
16805,1680,817,863,2941,1467,1474,3360,1613,1747,2940,1426,1514,1680,790,890,420,216,204,
16810,1681,818,863,2942,1468,1474,3362,1614,1748,2941,1426,1515,1680,790,890,420,216,204,
16815,1682,819,863,2942,1468,1474,3362,1614,1748,2942,1427,1515,1680,790,890,420,216,204,
16820,1683,819,864,2944,1470,1474,3365,1615,1750,2943,1428,1515,1681,791,890,420,216,204,
16825,1683,819,864,2945,1471,1474,3365,1615,1750,2944,1428,1516,1681,791,890,421,217,204,
16830,1684,820,864,2945,1471,1474,3366,1615,1751,2945,1428,1517,1683,793,890,421,217,204,
16835,1684,820,864,2946,1471,1475,3367,1616,1751,2946,1428,1518,1684,794,890,421,217,204,
16840,1684,820,864,2947,1471,1476,3368,1617,1751,2947,1429,1518,1684,794,890,421,217,204,
16845,1684,820,864,2948,1472,1476,3368,1617,1751,2947,1429,1518,1684,794,890,421,217,204,
16850,1685,821,864,2949,1473,1476,3370,1618,1752,2948,1429,1519,1684,794,890,421,217,204,
16855,1686,822,864,2949,1473,1476,3370,1618,1752,2949,1429,1520,1684,794,890,421,217,204,
16860,1687,823,864,2951,1474,1477,3373,1620,1753,2950,1430,1520,1685,794,891,421,217,204,
16865,1687,823,864,2952,1474,1478,3373,1620,1753,2951,1430,1521,1685,794,891,422,217,205,
16870,1688,823,865,2952,1474,1478,3374,1621,1753,2952,1430,1522,1687,796,891,422,217,205,
16875,1688,823,865,2953,1474,1479,3375,1622,1753,2953,1430,1523,1688,797,891,422,217,205,
16880,1688,823,865,2954,1474,1480,3376,1622,1754,2954,1431,1523,1688,797,891,422,217,205,
16885,1688,823,865,2955,1474,1481,3376,1622,1754,2954,1431,1523,1688,797,891,422,217,205,
16890,1689,824,865,2956,1474,1482,3378,1623,1755,2955,1431,1524,1688,797,891,422,217,205,
16895,1690,824,866,2956,1474,1482,3378,1623,1755,2956,1432,1524,1688,797,891,422,217,205,
16900,1691,824,867,2958,1474,1484,3381,1624,1757,2957,1432,1525,1689,797,892,422,217,205,
16905,1691,824,867,2959,1474,1485,3381,1624,1757,2958,1432,1526,1689,797,892,423,217,206,
16910,1692,824,868,2959,1474,1485,3382,1625,1757,2959,1433,1526,1691,798,893,423,217,206,
16915,1692,824,868,2960,1475,1485,3383,1625,1758,2960,1433,1527,1692,799,893,423,217,206,
16920,1692,824,868,2961,1475,1486,3384,1625,1759,2961,1433,1528,1692,799,893,423,217,206,
16925,1692,824,868,2962,1475,1487,3384,1625,1759,2961,1433,1528,1692,799,893,423,217,206,
16930,1693,824,869,2963,1475,1488,3386,1627,1759,2962,1434,1528,1692,799,893,423,217,206,
16935,1694,825,869,2963,1475,1488,3386,1627,1759,2963,1434,1529,1692,799,893,423,217,206,
16940,1695,826,869,2965,1477,1488,3389,1629,1760,2964,1434,1530,1693,799,894,423,217,206,
16945,1695,826,869,2966,1478,1488,3389,1629,1760,2965,1435,1530,1693,799,894,424,217,207,
16950,1696,827,869,2966,1478,1488,3390,1629,1761,2966,1435,1531,1695,800,895,424,217,207,
16955,1696,827,869,2967,1478,1489,3391,1629,1762,2967,1435,1532,1696,801,895,424,217,207,
16960,1696,827,869,2968,1478,1490,3392,1629,1763,2968,1435,1533,1696,801,895,424,217,207,
16965,1696,827,869,2969,1478,1491,3392,1629,1763,2968,1435,1533,1696,801,895,424,217,207,
16970,1697,828,869,2970,1478,1492,3394,1629,1765,2969,1436,1533,1696,801,895,424,217,207,
16975,1698,829,869,2970,1478,1492,3394,1629,1765,2970,1436,1534,1696,801,895,424,217,207,
16980,1699,830,869,2972,1479,1493,3397,1630,1767,2971,1436,1535,1697,802,895,424,217,207,
16985,1699,830,869,2973,1480,1493,3397,1630,1767,2972,1436,1536,1697,802,895,425,217,208,
16990,1700,831,869,2973,1480,1493,3398,1631,1767,2973,1436,1537,1699,803,896,425,217,208,
16995,1700,831,869,2974,1481,1493,3399,1631,1768,2974,1436,1538,1700,803,897,425,217,208,
17000,1700,831,869,2975,1482,1493,3400,1632,1768,2975,1437,1538,1700,803,897,425,217,208,
17005,1700,831,869,2976,1482,1494,3400,1632,1768,2975,1437,1538,1700,803,897,425,217,208,
17010,1701,831,870,2977,1483,1494,3402,1633,1769,2976,1438,1538,1700,803,897,425,217,208,
17015,1702,832,870,2977,1483,1494,3402,1633,1769,2977,1439,1538,1700,803,897,425,217,208,
17020,1703,833,870,2979,1484,1495,3405,1634,1771,2978,1439,1539,1701,803,898,425,217,208,
17025,1703,833,870,2980,1485,1495,3405,1634,1771,2979,1440,1539,1701,803,898,426,218,208,
17030,1704,834,870,2980,1485,1495,3406,1634,1772,2980,1440,1540,1703,803,900,426,218,208,
17035,1704,834,870,2981,1485,1496,3407,1634,1773,2981,1441,1540,1704,804,900,426,218,208,
17040,1704,834,870,2982,1485,1497,3408,1634,1774,2982,1442,1540,1704,804,900,426,218,208,
17045,1704,834,870,2983,1485,1498,3408,1634,1774,2982,1442,1540,1704,804,900,426,218,208,
17050,1705,835,870,2984,1486,1498,3410,1635,1775,2983,1442,1541,1704,804,900,426,218,208,
17055,1706,836,870,2984,1486,1498,3410,1635,1775,2984,1442,1542,1704,804,900,426,218,208,
17060,1707,836,871,2986,1486,1500,3413,1636,1777,2985,1442,1543,1705,805,900,426,218,208,
17065,1707,836,871,2987,1487,1500,3413,1636,1777,2986,1442,1544,1705,805,900,427,218,209,
17070,1708,837,871,2987,1487,1500,3414,1636,1778,2987,1442,1545,1707,807,900,427,218,209,
17075,1708,837,871,2988,1488,1500,3415,1637,1778,2988,1443,1545,1708,807,901,427,218,209,
17080,1708,837,871,2989,1489,1500,3416,1638,1778,2989,1443,1546,1708,807,901,427,218,209,
17085,1708,837,871,2990,1489,1501,3416,1638,1778,2989,1443,1546,1708,807,901,427,218,209,
17090,1709,837,872,2991,1489,1502,3418,1639,1779,2990,1443,1547,1708,807,901,427,218,209,
17095,1710,838,872,2991,1489,1502,3418,1639,1779,2991,1443,1548,1708,807,901,427,218,209,
17100,1711,839,872,2993,1490,1503,3421,1642,1779,2992,1443,1549,1709,808,901,427,218,209,
17105,1711,839,872,2994,1490,1504,3421,1642,1779,2993,1444,1549,1709,808,901,428,219,209,
17110,1712,840,872,2994,1490,1504,3422,1642,1780,2994,1444,1550,1711,808,903,428,219,209,
17115,1712,840,872,2995,1490,1505,3423,1643,1780,2995,1445,1550,1712,808,904,428,219,209,
17120,1712,840,872,2996,1490,1506,3424,1643,1781,2996,1445,1551,1712,808,904,428,219,209,
17125,1712,840,872,2997,1490,1507,3424,1643,1781,2996,1445,1551,1712,808,904,428,219,209,
17130,1713,840,873,2998,1491,1507,3426,1643,1783,2997,1445,1552,1712,808,904,428,219,209,
17135,1714,840,874,2998,1491,1507,3426,1643,1783,2998,1445,1553,1712,808,904,428,219,209,
17140,1715,840,875,3000,1491,1509,3429,1644,1785,2999,1446,1553,1713,809,904,428,219,209,
17145,1715,840,875,3001,1492,1509,3429,1644,1785,3000,1447,1553,1713,809,904,429,219,210,
17150,1716,840,876,3001,1492,1509,3430,1644,1786,3001,1447,1554,1715,811,904,429,219,210,
17155,1716,840,876,3002,1492,1510,3431,1645,1786,3002,1447,1555,1716,812,904,429,219,210,
17160,1716,840,876,3003,1493,1510,3432,1645,1787,3003,1448,1555,1716,812,904,429,219,210,
17165,1716,840,876,3004,1494,1510,3432,1645,1787,3003,1448,1555,1716,812,904,429,219,210,
17170,1717,841,876,3005,1495,1510,3434,1646,1788,3004,1449,1555,1716,812,904,429,219,210,
17175,1718,841,877,3005,1495,1510,3434,1646,1788,3005,1450,1555,1716,812,904,429,219,210,
17180,1719,842,877,3007,1495,1512,3437,1646,1791,3006,1450,1556,1717,813,904,429,219,210,
17185,1719,842,877,3008,1496,1512,3437,1646,1791,3007,1450,1557,1717,813,904,430,219,211,
17190,1720,842,878,3008,1496,1512,3438,1646,1792,3008,1451,1557,1719,814,905,430,219,211,
17195,1720,842,878,3009,1497,1512,3439,1647,1792,3009,1452,1557,1720,815,905,430,219,211,
17200,1720,842,878,3010,1498,1512,3440,1648,1792,3010,1452,1558,1720,815,905,430,219,211,
17205,1720,842,878,3011,1499,1512,3440,1648,1792,3010,1452,1558,1720,815,905,430,219,211,
17210,1721,843,878,3012,1500,1512,3442,1650,1792,3011,1452,1559,1720,815,905,430,219,211,
17215,1722,843,879,3012,1500,1512,3442,1650,1792,3012,1453,1559,1720,815,905,430,219,211,
17220,1723,844,879,3014,1502,1512,3445,1652,1793,3013,1454,1559,1721,815,906,430,219,211,
17225,1723,844,879,3015,1503,1512,3445,1652,1793,3014,1454,1560,1721,815,906,431,220,211,
17230,1724,845,879,3015,1503,1512,3446,1652,1794,3015,1454,1561,1723,816,907,431,220,211,
17235,1724,845,879,3016,1503,1513,3447,1652,1795,3016,1454,1562,1724,816,908,431,220,211,
17240,1724,845,879,3017,1504,1513,3448,1652,1796,3017,1454,1563,1724,816,908,431,220,211,
17245,1724,845,879,3018,1505,1513,3448,1652,1796,3017,1454,1563,1724,816,908,431,220,211,
17250,1725,846,879,3019,1505,1514,3450,1654,1796,3018,1454,1564,1724,816,908,431,220,211,
17255,1726,846,880,3019,1505,1514,3450,1654,1796,3019,1455,1564,1724,816,908,431,220,211,
17260,1727,847,880,3021,1507,1514,3453,1656,1797,3020,1455,1565,1725,816,909,431,220,211,
17265,1727,847,880,3022,1507,1515,3453,1656,1797,3021,1455,1566,1725,816,909,432,221,211,
17270,1728,847,881,3022,1507,1515,3454,1656,1798,3022,1455,1567,1727,817,910,432,221,211,
17275,1728,847,881,3023,1507,1516,3455,1656,1799,3023,1456,1567,1728,817,911,432,221,211,
17280,1728,847,881,3024,1508,1516,3456,1657,1799,3024,1457,1567,1728,817,911,432,221,211,
17285,1728,847,881,3025,1508,1517,3456,1657,1799,3024,1457,1567,1728,817,911,432,221,211,
17290,1729,848,881,3026,1508,1518,3458,1659,1799,3025,1458,1567,1728,817,911,432,221,211,
17295,1730,849,881,3026,1508,1518,3458,1659,1799,3026,1459,1567,1728,817,911,432,221,211,
17300,1731,849,882,3028,1508,1520,3461,1661,1800,3027,1460,1567,1729,818,911,432,221,211,
17305,1731,849,882,3029,1508,1521,3461,1661,1800,3028,1461,1567,1729,818,911,433,222,211,
17310,1732,850,882,3029,1508,1521,3462,1662,1800,3029,1462,1567,1731,819,912,433,222,211,
17315,1732,850,882,3030,1509,1521,3463,1662,1801,3030,1463,1567,1732,820,912,433,222,211,
17320,1732,850,882,3031,1510,1521,3464,1663,1801,3031,1463,1568,1732,820,912,433,222,211,
17325,1732,850,882,3032,1511,1521,3464,1663,1801,3031,1463,1568,1732,820,912,433,222,211,
17330,1733,850,883,3033,1511,1522,3466,1664,1802,3032,1463,1569,1732,820,912,433,222,211,
17335,1734,851,883,3033,1511,1522,3466,1664,1802,3033,1463,1570,1732,820,912,433,222,211,
17340,1735,851,884,3035,1512,1523,3469,1667,1802,3034,1464,1570,1733,820,913,433,222,211,
17345,1735,851,884,3036,1513,1523,3469,1667,1802,3035,1464,1571,1733,820,913,434,223,211,
17350,1736,851,885,3036,1513,1523,3470,1667,1803,3036,1464,1572,1735,820,915,434,223,211,
17355,1736,851,885,3037,1513,1524,3471,1668,1803,3037,1465,1572,1736,821,915,434,223,211,
17360,1736,851,885,3038,1513,1525,3472,1668,1804,3038,1465,1573,1736,821,915,434,223,211,
17365,1736,851,885,3039,1513,1526,3472,1668,1804,3038,1465,1573,1736,821,915,434,223,211,
17370,1737,851,886,3040,1514,1526,3474,1669,1805,3039,1466,1573,1736,821,915,434,223,211,
17375,1738,852,886,3040,1514,1526,3474,1669,1805,3040,1466,1574,1736,821,915,434,223,211,
17380,1739,853,886,3042,1516,1526,3477,1670,1807,3041,1466,1575,1737,822,915,434,223,211,
17385,1739,853,886,3043,1517,1526,3477,1670,1807,3042,1467,1575,1737,822,915,435,224,211,
17390,1740,854,886,3043,1517,1526,3478,1670,1808,3043,1467,1576,1739,823,916,435,224,211,
17395,1740,854,886,3044,1517,1527,3479,1670,1809,3044,1467,1577,1740,824,916,435,224,211,
17400,1740,854,886,3045,1517,1528,3480,1670,1810,3045,1467,1578,1740,824,916,435,224,211,
17405,1740,854,886,3046,1517,1529,3480,1670,1810,3045,1467,1578,1740,824,916,435,224,211,
17410,1741,854,887,3047,1517,1530,3482,1671,1811,3046,1468,1578,1740,824,916,435,224,211,
17415,1742,855,887,3047,1517,1530,3482,1671,1811,3047,1469,1578,1740,824,916,435,224,211,
17420,1743,855,888,3049,1518,1531,3485,1672,1813,3048,1470,1578,1741,824,917,435,224,211,
17425,1743,855,888,3050,1519,1531,3485,1672,1813,3049,1471,1578,1741,824,917,436,225,211,
17430,1744,855,889,3050,1519,1531,3486,1672,1814,3050,1472,1578,1743,825,918,436,225,211,
17435,1744,855,889,3051,1520,1531,3487,1672,1815,3051,1472,1579,1744,826,918,436,225,211,
17440,1744,855,889,3052,1521,1531,3488,1672,1816,3052,1473,1579,1744,826,918,436,225,211,
17445,1744,855,889,3053,1522,1531,3488,1672,1816,3052,1473,1579,1744,826,918,436,225,211,
17450,1745,855,890,3054,1522,1532,3490,1673,1817,3053,1474,1579,1744,826,918,436,225,211,
17455,1746,856,890,3054,1522,1532,3490,1673,1817,3054,1475,1579,1744,826,918,436,225,211,
17460,1747,856,891,3056,1524,1532,3493,1675,1818,3055,1475,1580,1745,827,918,436,225,211,
17465,1747,856,891,3057,1525,1532,3493,1675,1818,3056,1476,1580,1745,827,918,437,226,211,
17470,1748,856,892,3057,1525,1532,3494,1676,1818,3057,1477,1580,1747,829,918,437,226,211,
17475,1748,856,892,3058,1525,1533,3495,1677,1818,3058,1477,1581,1748,829,919,437,226,211,
17480,1748,856,892,3059,1525,1534,3496,1677,1819,3059,1477,1582,1748,829,919,437,226,211,
17485,1748,856,892,3060,1526,1534,3496,1677,1819,3059,1477,1582,1748,829,919,437,226,211,
17490,1749,857,892,3061,1526,1535,3498,1677,1821,3060,1477,1583,1748,829,919,437,226,211,
17495,1750,858,892,3061,1526,1535,3498,1677,1821,3061,1478,1583,1748,829,919,437,226,211,
17500,1751,858,893,3063,1527,1536,3501,1679,1822,3062,1479,1583,1749,829,920,437,226,211,
17505,1751,858,893,3064,1527,1537,3501,1679,1822,3063,1480,1583,1749,829,920,438,227,211,
17510,1752,858,894,3064,1527,1537,3502,1680,1822,3064,1481,1583,1751,830,921,438,227,211,
17515,1752,858,894,3065,1527,1538,3503,1681,1822,3065,1482,1583,1752,830,922,438,227,211,
17520,1752,858,894,3066,1527,1539,3504,1682,1822,3066,1483,1583,1752,830,922,438,227,211,
17525,1752,858,894,3067,1528,1539,3504,1682,1822,3066,1483,1583,1752,830,922,438,227,211,
17530,1753,859,894,3068,1529,1539,3506,1683,1823,3067,1484,1583,1752,830,922,438,227,211,
17535,1754,860,894,3068,1529,1539,3506,1683,1823,3068,1484,1584,1752,830,922,438,227,211,
17540,1755,861,894,3070,1529,1541,3509,1684,1825,3069,1485,1584,1753,830,923,438,227,211,
17545,1755,861,894,3071,1529,1542,3509,1684,1825,3070,1486,1584,1753,830,923,439,228,211,
17550,1756,861,895,3071,1529,1542,3510,1685,1825,3071,1487,1584,1755,831,924,439,228,211,
17555,1756,861,895,3072,1529,1543,3511,1685,1826,3072,1488,1584,1756,831,925,439,228,211,
17560,1756,861,895,3073,1530,1543,3512,1685,1827,3073,1488,1585,1756,831,925,439,228,211,
17565,1756,861,895,3074,1530,1544,3512,1685,1827,3073,1488,1585,1756,831,925,439,228,211,
17570,1757,862,895,3075,1530,1545,3514,1685,1829,3074,1488,1586,1756,831,925,439,228,211,
17575,1758,863,895,3075,1530,1545,3514,1685,1829,3075,1489,1586,1756,831,925,439,228,211,
17580,1759,863,896,3077,1531,1546,3517,1685,1832,3076,1490,1586,1757,831,926,439,228,211,
17585,1759,863,896,3078,1532,1546,3517,1685,1832,3077,1491,1586,1757,831,926,440,229,211,
17590,1760,863,897,3078,1532,1546,3518,1686,1832,3078,1491,1587,1759,833,926,440,229,211,
17595,1760,863,897,3079,1532,1547,3519,1686,1833,3079,1491,1588,1760,833,927,440,229,211,
17600,1760,863,897,3080,1532,1548,3520,1686,1834,3080,1492,1588,1760,833,927,440,229,211,
17605,1760,863,897,3081,1532,1549,3520,1686,1834,3080,1492,1588,1760,833,927,440,229,211,
17610,1761,863,898,3082,1533,1549,3522,1687,1835,3081,1493,1588,1760,833,927,440,229,211,
17615,1762,864,898,3082,1533,1549,3522,1687,1835,3082,1493,1589,1760,833,927,440,229,211,
17620,1763,864,899,3084,1534,1550,3525,1689,1836,3083,1493,1590,1761,833,928,440,229,211,
17625,1763,864,899,3085,1535,1550,3525,1689,1836,3084,1493,1591,1761,833,928,441,229,212,
17630,1764,864,900,3085,1535,1550,3526,1690,1836,3085,1494,1591,1763,835,928,441,229,212,
17635,1764,864,900,3086,1535,1551,3527,1690,1837,3086,1494,1592,1764,835,929,441,229,212,
17640,1764,864,900,3087,1536,1551,3528,1691,1837,3087,1494,1593,1764,835,929,441,229,212,
17645,1764,864,900,3088,1537,1551,3528,1691,1837,3087,1494,1593,1764,835,929,441,229,212,
17650,1765,864,901,3089,1537,1552,3530,1692,1838,3088,1495,1593,1764,835,929,441,229,212,
17655,1766,864,902,3089,1537,1552,3530,1692,1838,3089,1496,1593,1764,835,929,441,229,212,
17660,1767,864,903,3091,1538,1553,3533,1694,1839,3090,1497,1593,1765,836,929,441,229,212,
17665,1767,864,903,3092,1538,1554,3533,1694,1839,3091,1498,1593,1765,836,929,442,229,213,
17670,1768,864,904,3092,1538,1554,3534,1694,1840,3092,1499,1593,1767,837,930,442,229,213,
17675,1768,864,904,3093,1538,1555,3535,1695,1840,3093,1500,1593,1768,838,930,442,229,213,
17680,1768,864,904,3094,1538,1556,3536,1695,1841,3094,1500,1594,1768,838,930,442,229,213,
17685,1768,864,904,3095,1539,1556,3536,1695,1841,3094,1500,1594,1768,838,930,442,229,213,
17690,1769,865,904,3096,1539,1557,3538,1696,1842,3095,1500,1595,1768,838,930,442,229,213,
17695,1770,865,905,3096,1539,1557,3538,1696,1842,3096,1500,1596,1768,838,930,442,229,213,
17700,1771,866,905,3098,1539,1559,3541,1697,1844,3097,1500,1597,1769,838,931,442,229,213,
17705,1771,866,905,3099,1539,1560,3541,1697,1844,3098,1501,1597,1769,838,931,443,230,213,
17710,1772,866,906,3099,1539,1560,3542,1697,1845,3099,1502,1597,1771,839,932,443,230,213,
17715,1772,866,906,3100,1539,1561,3543,1697,1846,3100,1502,1598,1772,839,933,443,230,213,
17720,1772,866,906,3101,1539,1562,3544,1697,1847,3101,1503,1598,1772,839,933,443,230,213,
17725,1772,866,906,3102,1539,1563,3544,1697,1847,3101,1503,1598,1772,839,933,443,230,213,
17730,1773,867,906,3103,1539,1564,3546,1698,1848,3102,1504,1598,1772,839,933,443,230,213,
17735,1774,867,907,3103,1539,1564,3546,1698,1848,3103,1504,1599,1772,839,933,443,230,213,
17740,1775,867,908,3105,1541,1564,3549,1700,1849,3104,1505,1599,1773,840,933,443,230,213,
17745,1775,867,908,3106,1541,1565,3549,1700,1849,3105,1505,1600,1773,840,933,444,230,214,
17750,1776,867,909,3106,1541,1565,3550,1700,1850,3106,1505,1601,1775,841,934,444,230,214,
17755,1776,867,909,3107,1542,1565,3551,1700,1851,3107,1505,1602,1776,841,935,444,230,214,
17760,1776,867,909,3108,1542,1566,3552,1701,1851,3108,1506,1602,1776,841,935,444,230,214,
17765,1776,867,909,3109,1542,1567,3552,1701,1851,3108,1506,1602,1776,841,935,444,230,214,
17770,1777,867,910,3110,1542,1568,3554,1701,1853,3109,1507,1602,1776,841,935,444,230,214,
17775,1778,867,911,3110,1542,1568,3554,1701,1853,3110,1507,1603,1776,841,935,444,230,214,
17780,1779,867,912,3112,1543,1569,3557,1703,1854,3111,1508,1603,1777,842,935,444,230,214,
17785,1779,867,912,3113,1544,1569,3557,1703,1854,3112,1508,1604,1777,842,935,445,231,214,
17790,1780,868,912,3113,1544,1569,3558,1704,1854,3113,1508,1605,1779,843,936,445,231,214,
17795,1780,868,912,3114,1544,1570,3559,1704,1855,3114,1509,1605,1780,844,936,445,231,214,
17800,1780,868,912,3115,1545,1570,3560,1704,1856,3115,1509,1606,1780,844,936,445,231,214,
17805,1780,868,912,3116,1545,1571,3560,1704,1856,3115,1509,1606,1780,844,936,445,231,214,
17810,1781,869,912,3117,1546,1571,3562,1706,1856,3116,1509,1607,1780,844,936,445,231,214,
17815,1782,870,912,3117,1546,1571,3562,1706,1856,3117,1510,1607,1780,844,936,445,231,214,
17820,1783,871,912,3119,1547,1572,3565,1706,1859,3118,1510,1608,1781,845,936,445,231,214,
17825,1783,871,912,3120,1548,1572,3565,1706,1859,3119,1511,1608,1781,845,936,446,232,214,
17830,1784,872,912,3120,1548,1572,3566,1706,1860,3120,1512,1608,1783,845,938,446,232,214,
17835,1784,872,912,3121,1548,1573,3567,1707,1860,3121,1513,1608,1784,846,938,446,232,214,
17840,1784,872,912,3122,1548,1574,3568,1708,1860,3122,1513,1609,1784,846,938,446,232,214,
17845,1784,872,912,3123,1549,1574,3568,1708,1860,3122,1513,1609,1784,846,938,446,232,214,
17850,1785,873,912,3124,1549,1575,3570,1708,1862,3123,1513,1610,1784,846,938,446,232,214,
17855,1786,874,912,3124,1549,1575,3570,1708,1862,3124,1513,1611,1784,846,938,446,232,214,
17860,1787,875,912,3126,1549,1577,3573,1711,1862,3125,1514,1611,1785,846,939,446,232,214,
17865,1787,875,912,3127,1549,1578,3573,1711,1862,3126,1515,1611,1785,846,939,447,232,215,
17870,1788,875,913,3127,1549,1578,3574,1711,1863,3127,1515,1612,1787,847,940,447,232,215,
17875,1788,875,913,3128,1549,1579,3575,1711,1864,3128,1515,1613,1788,848,940,447,232,215,
17880,1788,875,913,3129,1549,1580,3576,1712,1864,3129,1516,1613,1788,848,940,447,232,215,
17885,1788,875,913,3130,1549,1581,3576,1712,1864,3129,1516,1613,1788,848,940,447,232,215,
17890,1789,875,914,3131,1550,1581,3578,1712,1866,3130,1516,1614,1788,848,940,447,232,215,
17895,1790,876,914,3131,1550,1581,3578,1712,1866,3131,1516,1615,1788,848,940,447,232,215,
17900,1791,876,915,3133,1552,1581,3581,1712,1869,3132,1516,1616,1789,848,941,447,232,215,
17905,1791,876,915,3134,1552,1582,3581,1712,1869,3133,1517,1616,1789,848,941,448,232,216,
17910,1792,877,915,3134,1552,1582,3582,1712,1870,3134,1517,1617,1791,849,942,448,232,216,
17915,1792,877,915,3135,1552,1583,3583,1712,1871,3135,1518,1617,1792,850,942,448,232,216,
17920,1792,877,915,3136,1552,1584,3584,1712,1872,3136,1518,1618,1792,850,942,448,232,216,
17925,1792,877,915,3137,1552,1585,3584,1712,1872,3136,1518,1618,1792,850,942,448,232,216,
17930,1793,877,916,3138,1552,1586,3586,1713,1873,3137,1519,1618,1792,850,942,448,232,216,
17935,1794,877,917,3138,1552,1586,3586,1713,1873,3138,1520,1618,1792,850,942,448,232,216,
17940,1795,877,918,3140,1553,1587,3589,1713,1876,3139,1521,1618,1793,850,943,448,232,216,
17945,1795,877,918,3141,1554,1587,3589,1713,1876,3140,1521,1619,1793,850,943,449,232,217,
17950,1796,878,918,3141,1554,1587,3590,1714,1876,3141,1522,1619,1795,851,944,449,232,217,
17955,1796,878,918,3142,1554,1588,3591,1715,1876,3142,1522,1620,1796,852,944,449,232,217,
17960,1796,878,918,3143,1554,1589,3592,1715,1877,3143,1522,1621,1796,852,944,449,232,217,
17965,1796,878,918,3144,1555,1589,3592,1715,1877,3143,1522,1621,1796,852,944,449,232,217,
17970,1797,878,919,3145,1555,1590,3594,1715,1879,3144,1522,1622,1796,852,944,449,232,217,
17975,1798,878,920,3145,1555,1590,3594,1715,1879,3145,1523,1622,1796,852,944,449,232,217,
17980,1799,879,920,3147,1555,1592,3597,1716,1881,3146,1523,1623,1797,853,944,449,232,217,
17985,1799,879,920,3148,1556,1592,3597,1716,1881,3147,1523,1624,1797,853,944,450,232,218,
17990,1800,880,920,3148,1556,1592,3598,1716,1882,3148,1523,1625,1799,855,944,450,232,218,
17995,1800,880,920,3149,1557,1592,3599,1717,1882,3149,1524,1625,1800,855,945,450,232,218,
18000,1800,880,920,3150,1558,1592,3600,1717,1883,3150,1524,1626,1800,855,945,450,232,218,
18005,1800,880,920,3151,1559,1592,3600,1717,1883,3150,1524,1626,1800,855,945,450,232,218,
18010,1801,880,921,3152,1559,1593,3602,1718,1884,3151,1525,1626,1800,855,945,450,232,218,
18015,1802,880,922,3152,1559,1593,3602,1718,1884,3152,1526,1626,1800,855,945,450,232,218,
18020,1803,880,923,3154,1559,1595,3605,1719,1886,3153,1526,1627,1801,856,945,450,232,218,
18025,1803,880,923,3155,1560,1595,3605,1719,1886,3154,1526,1628,1801,856,945,451,232,219,
18030,1804,880,924,3155,1560,1595,3606,1719,1887,3155,1526,1629,1803,857,946,451,232,219,
18035,1804,880,924,3156,1560,1596,3607,1720,1887,3156,1527,1629,1804,858,946,451,232,219,
18040,1804,880,924,3157,1560,1597,3608,1720,1888,3157,1528,1629,1804,858,946,451,232,219,
18045,1804,880,924,3158,1560,1598,3608,1720,1888,3157,1528,1629,1804,858,946,451,232,219,
18050,1805,880,925,3159,1561,1598,3610,1722,1888,3158,1529,1629,1804,858,946,451,232,219,
18055,1806,881,925,3159,1561,1598,3610,1722,1888,3159,1529,1630,1804,858,946,451,232,219,
18060,1807,882,925,3161,1562,1599,3613,1723,1890,3160,1529,1631,1805,859,946,451,232,219,
18065,1807,882,925,3162,1562,1600,3613,1723,1890,3161,1529,1632,1805,859,946,452,232,220,
18070,1808,882,926,3162,1562,1600,3614,1724,1890,3162,1529,1633,1807,860,947,452,232,220,
18075,1808,882,926,3163,1562,1601,3615,1724,1891,3163,1530,1633,1808,860,948,452,232,220,
18080,1808,882,926,3164,1562,1602,3616,1725,1891,3164,1530,1634,1808,860,948,452,232,220,
18085,1808,882,926,3165,1562,1603,3616,1725,1891,3164,1530,1634,1808,860,948,452,232,220,
18090,1809,883,926,3166,1563,1603,3618,1726,1892,3165,1531,1634,1808,860,948,452,232,220,
18095,1810,884,926,3166,1563,1603,3618,1726,1892,3166,1531,1635,1808,860,948,452,232,220,
18100,1811,885,926,3168,1563,1605,3621,1727,1894,3167,1532,1635,1809,860,949,452,232,220,
18105,1811,885,926,3169,1563,1606,3621,1727,1894,3168,1532,1636,1809,860,949,453,232,221,
18110,1812,886,926,3169,1563,1606,3622,1727,1895,3169,1532,1637,1811,861,950,453,232,221,
18115,1812,886,926,3170,1564,1606,3623,1727,1896,3170,1532,1638,1812,861,951,453,232,221,
18120,1812,886,926,3171,1564,1607,3624,1727,1897,3171,1532,1639,1812,861,951,453,232,221,
18125,1812,886,926,3172,1564,1608,3624,1727,1897,3171,1532,1639,1812,861,951,453,232,221,
18130,1813,887,926,3173,1565,1608,3626,1728,1898,3172,1532,1640,1812,861,951,453,232,221,
18135,1814,888,926,3173,1565,1608,3626,1728,1898,3173,1532,1641,1812,861,951,453,232,221,
18140,1815,889,926,3175,1565,1610,3629,1730,1899,3174,1532,1642,1813,862,951,453,232,221,
18145,1815,889,926,3176,1566,1610,3629,1730,1899,3175,1532,1643,1813,862,951,454,233,221,
18150,1816,890,926,3176,1566,1610,3630,1730,1900,3176,1533,1643,1815,863,952,454,233,221,
18155,1816,890,926,3177,1567,1610,3631,1730,1901,3177,1534,1643,1816,864,952,454,233,221,
18160,1816,890,926,3178,1568,1610,3632,1731,1901,3178,1534,1644,1816,864,952,454,233,221,
18165,1816,890,926,3179,1568,1611,3632,1731,1901,3178,1534,1644,1816,864,952,454,233,221,
18170,1817,890,927,3180,1569,1611,3634,1732,1902,3179,1534,1645,1816,864,952,454,233,221,
18175,1818,891,927,3180,1569,1611,3634,1732,1902,3180,1534,1646,1816,864,952,454,233,221,
18180,1819,891,928,3182,1571,1611,3637,1734,1903,3181,1535,1646,1817,865,952,454,233,221,
18185,1819,891,928,3183,1572,1611,3637,1734,1903,3182,1536,1646,1817,865,952,455,234,221,
18190,1820,891,929,3183,1572,1611,3638,1734,1904,3183,1537,1646,1819,866,953,455,234,221,
18195,1820,891,929,3184,1572,1612,3639,1734,1905,3184,1537,1647,1820,866,954,455,234,221,
18200,1820,891,929,3185,1573,1612,3640,1735,1905,3185,1538,1647,1820,866,954,455,234,221,
18205,1820,891,929,3186,1574,1612,3640,1735,1905,3185,1538,1647,1820,866,954,455,234,221,
18210,1821,891,930,3187,1574,1613,3642,1735,1907,3186,1538,1648,1820,866,954,455,234,221,
18215,1822,891,931,3187,1574,1613,3642,1735,1907,3187,1538,1649,1820,866,954,455,234,221,
18220,1823,891,932,3189,1575,1614,3645,1737,1908,3188,1539,1649,1821,867,954,455,234,221,
18225,1823,891,932,3190,1575,1615,3645,1737,1908,3189,1539,1650,1821,867,954,456,234,222,
18230,1824,892,932,3190,1575,1615,3646,1737,1909,3190,1540,1650,1823,867,956,456,234,222,
18235,1824,892,932,3191,1575,1616,3647,1738,1909,3191,1541,1650,1824,867,957,456,234,222,
18240,1824,892,932,3192,1575,1617,3648,1739,1909,3192,1542,1650,1824,867,957,456,234,222,
18245,1824,892,932,3193,1576,1617,3648,1739,1909,3192,1542,1650,1824,867,957,456,234,222,
18250,1825,893,932,3194,1576,1618,3650,1741,1909,3193,1542,1651,1824,867,957,456,234,222,
18255,1826,893,933,3194,1576,1618,3650,1741,1909,3194,1542,1652,1824,867,957,456,234,222,
18260,1827,894,933,3196,1577,1619,3653,1741,1912,3195,1543,1652,1825,867,958,456,234,222,
18265,1827,894,933,3197,1577,1620,3653,1741,1912,3196,1543,1653,1825,867,958,457,234,223,
18270,1828,895,933,3197,1577,1620,3654,1742,1912,3197,1543,1654,1827,867,960,457,234,223,
18275,1828,895,933,3198,1578,1620,3655,1742,1913,3198,1544,1654,1828,867,961,457,234,223,
18280,1828,895,933,3199,1579,1620,3656,1743,1913,3199,1545,1654,1828,867,961,457,234,223,
18285,1828,895,933,3200,1579,1621,3656,1743,1913,3199,1545,1654,1828,867,961,457,234,223,
18290,1829,895,934,3201,1579,1622,3658,1744,1914,3200,1545,1655,1828,867,961,457,234,223,
18295,1830,895,935,3201,1579,1622,3658,1744,1914,3201,1545,1656,1828,867,961,457,234,223,
18300,1831,896,935,3203,1580,1623,3661,1746,1915,3202,1545,1657,1829,867,962,457,234,223,
18305,1831,896,935,3204,1580,1624,3661,1746,1915,3203,1545,1658,1829,867,962,458,234,224,
18310,1832,896,936,3204,1580,1624,3662,1747,1915,3204,1546,1658,1831,867,964,458,234,224,
18315,1832,896,936,3205,1581,1624,3663,1747,1916,3205,1546,1659,1832,868,964,458,234,224,
18320,1832,896,936,3206,1582,1624,3664,1747,1917,3206,1546,1660,1832,868,964,458,234,224,
18325,1832,896,936,3207,1582,1625,3664,1747,1917,3206,1546,1660,1832,868,964,458,234,224,
18330,1833,896,937,3208,1582,1626,3666,1748,1918,3207,1546,1661,1832,868,964,458,234,224,
18335,1834,897,937,3208,1582,1626,3666,1748,1918,3208,1547,1661,1832,868,964,458,234,224,
18340,1835,898,937,3210,1582,1628,3669,1749,1920,3209,1547,1662,1833,868,965,458,234,224,
18345,1835,898,937,3211,1583,1628,3669,1749,1920,3210,1548,1662,1833,868,965,459,234,225,
18350,1836,899,937,3211,1583,1628,3670,1750,1920,3211,1548,1663,1835,869,966,459,234,225,
18355,1836,899,937,3212,1583,1629,3671,1751,1920,3212,1549,1663,1836,870,966,459,234,225,
18360,1836,899,937,3213,1583,1630,3672,1751,1921,3213,1549,1664,1836,870,966,459,234,225,
18365,1836,899,937,3214,1583,1631,3672,1751,1921,3213,1549,1664,1836,870,966,459,234,225,
18370,1837,900,937,3215,1583,1632,3674,1751,1923,3214,1549,1665,1836,870,966,459,234,225,
18375,1838,901,937,3215,1583,1632,3674,1751,1923,3215,1550,1665,1836,870,966,459,234,225,
18380,1839,902,937,3217,1584,1633,3677,1754,1923,3216,1551,1665,1837,870,967,459,234,225,
18385,1839,902,937,3218,1585,1633,3677,1754,1923,3217,1552,1665,1837,870,967,460,234,226,
18390,1840,903,937,3218,1585,1633,3678,1754,1924,3218,1552,1666,1839,871,968,460,234,226,
18395,1840,903,937,3219,1586,1633,3679,1754,1925,3219,1552,1667,1840,872,968,460,234,226,
18400,1840,903,937,3220,1587,1633,3680,1754,1926,3220,1553,1667,1840,872,968,460,234,226,
18405,1840,903,937,3221,1588,1633,3680,1754,1926,3220,1553,1667,1840,872,968,460,234,226,
18410,1841,904,937,3222,1589,1633,3682,1756,1926,3221,1554,1667,1840,872,968,460,234,226,
18415,1842,905,937,3222,1589,1633,3682,1756,1926,3222,1555,1667,1840,872,968,460,234,226,
18420,1843,905,938,3224,1589,1635,3685,1758,1927,3223,1556,1667,1841,872,969,460,234,226,
18425,1843,905,938,3225,1590,1635,3685,1758,1927,3224,1557,1667,1841,872,969,461,234,227,
18430,1844,905,939,3225,1590,1635,3686,1759,1927,3225,1558,1667,1843,874,969,461,234,227,
18435,1844,905,939,3226,1590,1636,3687,1759,1928,3226,1559,1667,1844,875,969,461,234,227,
18440,1844,905,939,3227,1591,1636,3688,1760,1928,3227,1559,1668,1844,875,969,461,234,227,
18445,1844,905,939,3228,1591,1637,3688,1760,1928,3227,1559,1668,1844,875,969,461,234,227,
18450,1845,905,940,3229,1591,1638,3690,1761,1929,3228,1560,1668,1844,875,969,461,234,227,
18455,1846,905,941,3229,1591,1638,3690,1761,1929,3229,1561,1668,1844,875,969,461,234,227,
18460,1847,906,941,3231,1591,1640,3693,1762,1931,3230,1561,1669,1845,876,969,461,234,227,
18465,1847,906,941,3232,1592,1640,3693,1762,1931,3231,1561,1670,1845,876,969,462,234,228,
18470,1848,906,942,3232,1592,1640,3694,1763,1931,3232,1562,1670,1847,876,971,462,234,228,
18475,1848,906,942,3233,1593,1640,3695,1764,1931,3233,1562,1671,1848,876,972,462,234,228,
18480,1848,906,942,3234,1594,1640,3696,1765,1931,3234,1562,1672,1848,876,972,462,234,228,
18485,1848,906,942,3235,1595,1640,3696,1765,1931,3234,1562,1672,1848,876,972,462,234,228,
18490,1849,907,942,3236,1596,1640,3698,1766,1932,3235,1563,1672,1848,876,972,462,234,228,
18495,1850,908,942,3236,1596,1640,3698,1766,1932,3236,1564,1672,1848,876,972,462,234,228,
18500,1851,908,943,3238,1597,1641,3701,1767,1934,3237,1564,1673,1849,877,972,462,234,228,
18505,1851,908,943,3239,1598,1641,3701,1767,1934,3238,1564,1674,1849,877,972,463,234,229,
18510,1852,908,944,3239,1598,1641,3702,1767,1935,3239,1565,1674,1851,878,973,463,234,229,
18515,1852,908,944,3240,1598,1642,3703,1768,1935,3240,1566,1674,1852,879,973,463,234,229,
18520,1852,908,944,3241,1598,1643,3704,1768,1936,3241,1566,1675,1852,879,973,463,234,229,
18525,1852,908,944,3242,1598,1644,3704,1768,1936,3241,1566,1675,1852,879,973,463,234,229,
18530,1853,908,945,3243,1598,1645,3706,1770,1936,3242,1566,1676,1852,879,973,463,234,229,
18535,1854,908,946,3243,1598,1645,3706,1770,1936,3243,1566,1677,1852,879,973,463,234,229,
18540,1855,908,947,3245,1599,1646,3709,1770,1939,3244,1566,1678,1853,879,974,463,234,229,
18545,1855,908,947,3246,1600,1646,3709,1770,1939,3245,1566,1679,1853,879,974,464,235,229,
18550,1856,908,948,3246,1600,1646,3710,1770,1940,3246,1566,1680,1855,879,976,464,235,229,
18555,1856,908,948,3247,1601,1646,3711,1771,1940,3247,1567,1680,1856,880,976,464,235,229,
18560,1856,908,948,3248,1602,1646,3712,1772,1940,3248,1568,1680,1856,880,976,464,235,229,
18565,1856,908,948,3249,1603,1646,3712,1772,1940,3248,1568,1680,1856,880,976,464,235,229,
18570,1857,908,949,3250,1603,1647,3714,1772,1942,3249,1569,1680,1856,880,976,464,235,229,
18575,1858,908,950,3250,1603,1647,3714,1772,1942,3250,1569,1681,1856,880,976,464,235,229,
18580,1859,909,950,3252,1604,1648,3717,1773,1944,3251,1570,1681,1857,881,976,464,235,229,
18585,1859,909,950,3253,1605,1648,3717,1773,1944,3252,1571,1681,1857,881,976,465,235,230,
18590,1860,909,951,3253,1605,1648,3718,1774,1944,3253,1571,1682,1859,882,977,465,235,230,
18595,1860,909,951,3254,1605,1649,3719,1774,1945,3254,1571,1683,1860,882,978,465,235,230,
18600,1860,909,951,3255,1605,1650,3720,1775,1945,3255,1571,1684,1860,882,978,465,235,230,
18605,1860,909,951,3256,1606,1650,3720,1775,1945,3255,1571,1684,1860,882,978,465,235,230,
18610,1861,909,952,3257,1607,1650,3722,1775,1947,3256,1571,1685,1860,882,978,465,235,230,
18615,1862,909,953,3257,1607,1650,3722,1775,1947,3257,1572,1685,1860,882,978,465,235,230,
18620,1863,909,954,3259,1608,1651,3725,1777,1948,3258,1573,1685,1861,883,978,465,235,230,
18625,1863,909,954,3260,1608,1652,3725,1777,1948,3259,1574,1685,1861,883,978,466,235,231,
18630,1864,909,955,3260,1608,1652,3726,1777,1949,3260,1575,1685,1863,884,979,466,235,231,
18635,1864,909,955,3261,1609,1652,3727,1777,1950,3261,1576,1685,1864,885,979,466,235,231,
18640,1864,909,955,3262,1610,1652,3728,1777,1951,3262,1577,1685,1864,885,979,466,235,231,
18645,1864,909,955,3263,1611,1652,3728,1777,1951,3262,1577,1685,1864,885,979,466,235,231,
18650,1865,910,955,3264,1612,1652,3730,1777,1953,3263,1577,1686,1864,885,979,466,235,231,
18655,1866,911,955,3264,1612,1652,3730,1777,1953,3264,1578,1686,1864,885,979,466,235,231,
18660,1867,912,955,3266,1612,1654,3733,1778,1955,3265,1579,1686,1865,885,980,466,235,231,
18665,1867,912,955,3267,1613,1654,3733,1778,1955,3266,1580,1686,1865,885,980,467,235,232,
18670,1868,913,955,3267,1613,1654,3734,1779,1955,3267,1580,1687,1867,886,981,467,235,232,
18675,1868,913,955,3268,1614,1654,3735,1780,1955,3268,1581,1687,1868,886,982,467,235,232,
18680,1868,913,955,3269,1614,1655,3736,1781,1955,3269,1581,1688,1868,886,982,467,235,232,
18685,1868,913,955,3270,1615,1655,3736,1781,1955,3269,1581,1688,1868,886,982,467,235,232,
18690,1869,913,956,3271,1615,1656,3738,1782,1956,3270,1581,1689,1868,886,982,467,235,232,
18695,1870,913,957,3271,1615,1656,3738,1782,1956,3271,1582,1689,1868,886,982,467,235,232,
18700,1871,913,958,3273,1616,1657,3741,1783,1958,3272,1582,1690,1869,886,983,467,235,232,
18705,1871,913,958,3274,1617,1657,3741,1783,1958,3273,1582,1691,1869,886,983,468,235,233,
18710,1872,914,958,3274,1617,1657,3742,1784,1958,3274,1583,1691,1871,886,985,468,235,233,
18715,1872,914,958,3275,1617,1658,3743,1784,1959,3275,1583,1692,1872,887,985,468,235,233,
18720,1872,914,958,3276,1618,1658,3744,1784,1960,3276,1583,1693,1872,887,985,468,235,233,
18725,1872,914,958,3277,1618,1659,3744,1784,1960,3276,1583,1693,1872,887,985,468,235,233,
18730,1873,914,959,3278,1619,1659,3746,1785,1961,3277,1584,1693,1872,887,985,468,235,233,
18735,1874,914,960,3278,1619,1659,3746,1785,1961,3278,1584,1694,1872,887,985,468,235,233,
18740,1875,915,960,3280,1620,1660,3749,1787,1962,3279,1584,1695,1873,887,986,468,235,233,
18745,1875,915,960,3281,1621,1660,3749,1787,1962,3280,1584,1696,1873,887,986,469,235,234,
18750,1876,915,961,3281,1621,1660,3750,1788,1962,3281,1584,1697,1875,888,987,469,235,234,
18755,1876,915,961,3282,1621,1661,3751,1788,1963,3282,1585,1697,1876,889,987,469,235,234,
18760,1876,915,961,3283,1622,1661,3752,1788,1964,3283,1586,1697,1876,889,987,469,235,234,
18765,1876,915,961,3284,1622,1662,3752,1788,1964,3283,1586,1697,1876,889,987,469,235,234,
18770,1877,915,962,3285,1623,1662,3754,1790,1964,3284,1586,1698,1876,889,987,469,235,234,
18775,1878,916,962,3285,1623,1662,3754,1790,1964,3285,1586,1699,1876,889,987,469,235,234,
18780,1879,917,962,3287,1624,1663,3757,1793,1964,3286,1586,1700,1877,889,988,469,235,234,
18785,1879,917,962,3288,1625,1663,3757,1793,1964,3287,1587,1700,1877,889,988,470,235,235,
18790,1880,918,962,3288,1625,1663,3758,1793,1965,3288,1587,1701,1879,891,988,470,235,235,
18795,1880,918,962,3289,1626,1663,3759,1793,1966,3289,1587,1702,1880,891,989,470,235,235,
18800,1880,918,962,3290,1626,1664,3760,1794,1966,3290,1588,1702,1880,891,989,470,235,235,
18805,1880,918,962,3291,1626,1665,3760,1794,1966,3290,1588,1702,1880,891,989,470,235,235,
18810,1881,918,963,3292,1627,1665,3762,1796,1966,3291,1589,1702,1880,891,989,470,235,235,
18815,1882,919,963,3292,1627,1665,3762,1796,1966,3292,1589,1703,1880,891,989,470,235,235,
18820,1883,920,963,3294,1629,1665,3765,1798,1967,3293,1589,1704,1881,891,990,470,235,235,
18825,1883,920,963,3295,1630,1665,3765,1798,1967,3294,1590,1704,1881,891,990,471,236,235,
18830,1884,921,963,3295,1630,1665,3766,1799,1967,3295,1591,1704,1883,893,990,471,236,235,
18835,1884,921,963,3296,1630,1666,3767,1799,1968,3296,1591,1705,1884,893,991,471,236,235,
18840,1884,921,963,3297,1631,1666,3768,1799,1969,3297,1592,1705,1884,893,991,471,236,235,
18845,1884,921,963,3298,1632,1666,3768,1799,1969,3297,1592,1705,1884,893,991,471,236,235,
18850,1885,921,964,3299,1632,1667,3770,1801,1969,3298,1593,1705,1884,893,991,471,236,235,
18855,1886,921,965,3299,1632,1667,3770,1801,1969,3299,1593,1706,1884,893,991,471,236,235,
18860,1887,921,966,3301,1634,1667,3773,1802,1971,3300,1593,1707,1885,893,992,471,236,235,
18865,1887,921,966,3302,1634,1668,3773,1802,1971,3301,1593,1708,1885,893,992,472,236,236,
18870,1888,921,967,3302,1634,1668,3774,1803,1971,3302,1593,1709,1887,894,993,472,236,236,
18875,1888,921,967,3303,1635,1668,3775,1803,1972,3303,1593,1710,1888,894,994,472,236,236,
18880,1888,921,967,3304,1635,1669,3776,1804,1972,3304,1593,1711,1888,894,994,472,236,236,
18885,1888,921,967,3305,1636,1669,3776,1804,1972,3304,1593,1711,1888,894,994,472,236,236,
18890,1889,921,968,3306,1637,1669,3778,1805,1973,3305,1593,1712,1888,894,994,472,236,236,
18895,1890,921,969,3306,1637,1669,3778,1805,1973,3306,1594,1712,1888,894,994,472,236,236,
18900,1891,921,970,3308,1638,1670,3781,1806,1975,3307,1595,1712,1889,894,995,472,236,236,
18905,1891,921,970,3309,1638,1671,3781,1806,1975,3308,1596,1712,1889,894,995,473,236,237,
18910,1892,922,970,3309,1638,1671,3782,1807,1975,3309,1597,1712,1891,895,996,473,236,237,
18915,1892,922,970,3310,1638,1672,3783,1808,1975,3310,1597,1713,1892,895,997,473,236,237,
18920,1892,922,970,3311,1639,1672,3784,1808,1976,3311,1597,1714,1892,895,997,473,236,237,
18925,1892,922,970,3312,1639,1673,3784,1808,1976,3311,1597,1714,1892,895,997,473,236,237,
18930,1893,923,970,3313,1639,1674,3786,1809,1977,3312,1597,1715,1892,895,997,473,236,237,
18935,1894,924,970,3313,1639,1674,3786,1809,1977,3313,1598,1715,1892,895,997,473,236,237,
18940,1895,924,971,3315,1640,1675,3789,1809,1980,3314,1599,1715,1893,895,998,473,236,237,
18945,1895,924,971,3316,1641,1675,3789,1809,1980,3315,1600,1715,1893,895,998,474,236,238,
18950,1896,925,971,3316,1641,1675,3790,1809,1981,3316,1601,1715,1895,895,1000,474,236,238,
18955,1896,925,971,3317,1641,1676,3791,1809,1982,3317,1602,1715,1896,896,1000,474,236,238,
18960,1896,925,971,3318,1641,1677,3792,1809,1983,3318,1602,1716,1896,896,1000,474,236,238,
18965,1896,925,971,3319,1642,1677,3792,1809,1983,3318,1602,1716,1896,896,1000,474,236,238,
18970,1897,925,972,3320,1642,1678,3794,1810,1984,3319,1602,1717,1896,896,1000,474,236,238,
18975,1898,926,972,3320,1642,1678,3794,1810,1984,3320,1603,1717,1896,896,1000,474,236,238,
18980,1899,926,973,3322,1644,1678,3797,1812,1985,3321,1604,1717,1897,897,1000,474,236,238,
18985,1899,926,973,3323,1644,1679,3797,1812,1985,3322,1604,1718,1897,897,1000,475,237,238,
18990,1900,926,974,3323,1644,1679,3798,1812,1986,3323,1604,1719,1899,898,1001,475,237,238,
18995,1900,926,974,3324,1645,1679,3799,1812,1987,3324,1604,1720,1900,898,1002,475,237,238,
19000,1900,926,974,3325,1646,1679,3800,1813,1987,3325,1604,1721,1900,898,1002,475,237,238,
19005,1900,926,974,3326,1646,1680,3800,1813,1987,3325,1604,1721,1900,898,1002,475,237,238,
19010,1901,927,974,3327,1647,1680,3802,1815,1987,3326,1604,1722,1900,898,1002,475,237,238,
19015,1902,928,974,3327,1647,1680,3802,1815,1987,3327,1604,1723,1900,898,1002,475,237,238,
19020,1903,929,974,3329,1648,1681,3805,1816,1989,3328,1605,1723,1901,899,1002,475,237,238,
19025,1903,929,974,3330,1648,1682,3805,1816,1989,3329,1605,1724,1901,899,1002,476,237,239,
19030,1904,929,975,3330,1648,1682,3806,1817,1989,3330,1605,1725,1903,900,1003,476,237,239,
19035,1904,929,975,3331,1648,1683,3807,1817,1990,3331,1606,1725,1904,901,1003,476,237,239,
19040,1904,929,975,3332,1649,1683,3808,1818,1990,3332,1607,1725,1904,901,1003,476,237,239,
19045,1904,929,975,3333,1649,1684,3808,1818,1990,3332,1607,1725,1904,901,1003,476,237,239,
19050,1905,930,975,3334,1650,1684,3810,1819,1991,3333,1608,1725,1904,901,1003,476,237,239,
19055,1906,931,975,3334,1650,1684,3810,1819,1991,3334,1608,1726,1904,901,1003,476,237,239,
19060,1907,931,976,3336,1651,1685,3813,1821,1992,3335,1609,1726,1905,901,1004,476,237,239,
19065,1907,931,976,3337,1652,1685,3813,1821,1992,3336,1610,1726,1905,901,1004,477,238,239,
19070,1908,932,976,3337,1652,1685,3814,1822,1992,3337,1610,1727,1907,903,1004,477,238,239,
19075,1908,932,976,3338,1652,1686,3815,1823,1992,3338,1611,1727,1908,903,1005,477,238,239,
19080,1908,932,976,3339,1653,1686,3816,1824,1992,3339,1611,1728,1908,903,1005,477,238,239,
19085,1908,932,976,3340,1654,1686,3816,1824,1992,3339,1611,1728,1908,903,1005,477,238,239,
19090,1909,932,977,3341,1655,1686,3818,1824,1994,3340,1612,1728,1908,903,1005,477,238,239,
19095,1910,933,977,3341,1655,1686,3818,1824,1994,3341,1613,1728,1908,903,1005,477,238,239,
19100,1911,934,977,3343,1656,1687,3821,1824,1997,3342,1614,1728,1909,904,1005,477,238,239,
19105,1911,934,977,3344,1657,1687,3821,1824,1997,3343,1614,1729,1909,904,1005,478,239,239,
19110,1912,934,978,3344,1657,1687,3822,1824,1998,3344,1614,1730,1911,905,1006,478,239,239,
19115,1912,934,978,3345,1658,1687,3823,1825,1998,3345,1614,1731,1912,906,1006,478,239,239,
19120,1912,934,978,3346,1659,1687,3824,1825,1999,3346,1614,1732,1912,906,1006,478,239,239,
19125,1912,934,978,3347,1659,1688,3824,1825,1999,3346,1614,1732,1912,906,1006,478,239,239,
19130,1913,934,979,3348,1660,1688,3826,1827,1999,3347,1615,1732,1912,906,1006,478,239,239,
19135,1914,935,979,3348,1660,1688,3826,1827,1999,3348,1615,1733,1912,906,1006,478,239,239,
19140,1915,935,980,3350,1660,1690,3829,1829,2000,3349,1615,1734,1913,907,1006,478,239,239,
19145,1915,935,980,3351,1660,1691,3829,1829,2000,3350,1615,1735,1913,907,1006,479,240,239,
19150,1916,935,981,3351,1660,1691,3830,1829,2001,3351,1615,1736,1915,907,1008,479,240,239,
19155,1916,935,981,3352,1661,1691,3831,1829,2002,3352,1615,1737,1916,907,1009,479,240,239,
19160,1916,935,981,3353,1662,1691,3832,1829,2003,3353,1616,1737,1916,907,1009,479,240,239,
19165,1916,935,981,3354,1662,1692,3832,1829,2003,3353,1616,1737,1916,907,1009,479,240,239,
19170,1917,936,981,3355,1662,1693,3834,1831,2003,3354,1616,1738,1916,907,1009,479,240,239,
19175,1918,937,981,3355,1662,1693,3834,1831,2003,3355,1617,1738,1916,907,1009,479,240,239,
19180,1919,938,981,3357,1662,1695,3837,1833,2004,3356,1617,1739,1917,908,1009,479,240,239,
19185,1919,938,981,3358,1663,1695,3837,1833,2004,3357,1617,1740,1917,908,1009,480,241,239,
19190,1920,938,982,3358,1663,1695,3838,1833,2005,3358,1617,1741,1919,908,1011,480,241,239,
19195,1920,938,982,3359,1663,1696,3839,1833,2006,3359,1618,1741,1920,908,1012,480,241,239,
19200,1920,938,982,3360,1663,1697,3840,1833,2007,3360,1618,1742,1920,908,1012,480,241,239,
19205,1920,938,982,3361,1663,1698,3840,1833,2007,3360,1618,1742,1920,908,1012,480,241,239,
19210,1921,939,982,3362,1664,1698,3842,1833,2009,3361,1618,1743,1920,908,1012,480,241,239,
19215,1922,940,982,3362,1664,1698,3842,1833,2009,3362,1619,1743,1920,908,1012,480,241,239,
19220,1923,941,982,3364,1665,1699,3845,1835,2010,3363,1619,1744,1921,908,1013,480,241,239,
19225,1923,941,982,3365,1665,1700,3845,1835,2010,3364,1620,1744,1921,908,1013,481,242,239,
19230,1924,942,982,3365,1665,1700,3846,1835,2011,3365,1621,1744,1923,909,1014,481,242,239,
19235,1924,942,982,3366,1666,1700,3847,1836,2011,3366,1621,1745,1924,909,1015,481,242,239,
19240,1924,942,982,3367,1666,1701,3848,1836,2012,3367,1622,1745,1924,909,1015,481,242,239,
19245,1924,942,982,3368,1666,1702,3848,1836,2012,3367,1622,1745,1924,909,1015,481,242,239,
19250,1925,942,983,3369,1666,1703,3850,1836,2014,3368,1623,1745,1924,909,1015,481,242,239,
19255,1926,942,984,3369,1666,1703,3850,1836,2014,3369,1624,1745,1924,909,1015,481,242,239,
19260,1927,943,984,3371,1666,1705,3853,1836,2017,3370,1624,1746,1925,909,1016,481,242,239,
19265,1927,943,984,3372,1667,1705,3853,1836,2017,3371,1624,1747,1925,909,1016,482,243,239,
19270,1928,943,985,3372,1667,1705,3854,1837,2017,3372,1625,1747,1927,910,1017,482,243,239,
19275,1928,943,985,3373,1668,1705,3855,1837,2018,3373,1626,1747,1928,910,1018,482,243,239,
19280,1928,943,985,3374,1669,1705,3856,1837,2019,3374,1627,1747,1928,910,1018,482,243,239,
19285,1928,943,985,3375,1670,1705,3856,1837,2019,3374,1627,1747,1928,910,1018,482,243,239,
19290,1929,943,986,3376,1671,1705,3858,1839,2019,3375,1627,1748,1928,910,1018,482,243,239,
19295,1930,943,987,3376,1671,1705,3858,1839,2019,3376,1627,1749,1928,910,1018,482,243,239,
19300,1931,944,987,3378,1672,1706,3861,1840,2021,3377,1627,1750,1929,911,1018,482,243,239,
19305,1931,944,987,3379,1673,1706,3861,1840,2021,3378,1627,1751,1929,911,1018,483,244,239,
19310,1932,944,988,3379,1673,1706,3862,1841,2021,3379,1627,1752,1931,911,1020,483,244,239,
19315,1932,944,988,3380,1673,1707,3863,1842,2021,3380,1628,1752,1932,911,1021,483,244,239,
19320,1932,944,988,3381,1673,1708,3864,1843,2021,3381,1629,1752,1932,911,1021,483,244,239,
19325,1932,944,988,3382,1674,1708,3864,1843,2021,3381,1629,1752,1932,911,1021,483,244,239,
19330,1933,945,988,3383,1675,1708,3866,1844,2022,3382,1629,1753,1932,911,1021,483,244,239,
19335,1934,946,988,3383,1675,1708,3866,1844,2022,3383,1630,1753,1932,911,1021,483,244,239,
19340,1935,946,989,3385,1676,1709,3869,1845,2024,3384,1631,1753,1933,911,1022,483,244,239,
19345,1935,946,989,3386,1676,1710,3869,1845,2024,3385,1632,1753,1933,911,1022,484,244,240,
19350,1936,947,989,3386,1676,1710,3870,1845,2025,3386,1632,1754,1935,911,1024,484,244,240,
19355,1936,947,989,3387,1676,1711,3871,1845,2026,3387,1632,1755,1936,912,1024,484,244,240,
19360,1936,947,989,3388,1676,1712,3872,1845,2027,3388,1632,1756,1936,912,1024,484,244,240,
19365,1936,947,989,3389,1677,1712,3872,1845,2027,3388,1632,1756,1936,912,1024,484,244,240,
19370,1937,947,990,3390,1678,1712,3874,1846,2028,3389,1632,1757,1936,912,1024,484,244,240,
19375,1938,948,990,3390,1678,1712,3874,1846,2028,3390,1632,1758,1936,912,1024,484,244,240,
19380,1939,949,990,3392,1678,1714,3877,1848,2029,3391,1632,1759,1937,912,1025,484,244,240,
19385,1939,949,990,3393,1679,1714,3877,1848,2029,3392,1632,1760,1937,912,1025,485,245,240,
19390,1940,949,991,3393,1679,1714,3878,1849,2029,3393,1632,1761,1939,914,1025,485,245,240,
19395,1940,949,991,3394,1680,1714,3879,1850,2029,3394,1632,1762,1940,914,1026,485,245,240,
19400,1940,949,991,3395,1680,1715,3880,1851,2029,3395,1632,1763,1940,914,1026,485,245,240,
19405,1940,949,991,3396,1681,1715,3880,1851,2029,3395,1632,1763,1940,914,1026,485,245,240,
19410,1941,949,992,3397,1681,1716,3882,1852,2030,3396,1633,1763,1940,914,1026,485,245,240,
19415,1942,949,993,3397,1681,1716,3882,1852,2030,3397,1633,1764,1940,914,1026,485,245,240,
19420,1943,950,993,3399,1683,1716,3885,1854,2031,3398,1634,1764,1941,914,1027,485,245,240,
19425,1943,950,993,3400,1684,1716,3885,1854,2031,3399,1635,1764,1941,914,1027,486,246,240,
19430,1944,951,993,3400,1684,1716,3886,1854,2032,3400,1635,1765,1943,915,1028,486,246,240,
19435,1944,951,993,3401,1685,1716,3887,1854,2033,3401,1635,1766,1944,915,1029,486,246,240,
19440,1944,951,993,3402,1686,1716,3888,1855,2033,3402,1636,1766,1944,915,1029,486,246,240,
19445,1944,951,993,3403,1687,1716,3888,1855,2033,3402,1636,1766,1944,915,1029,486,246,240,
19450,1945,951,994,3404,1688,1716,3890,1857,2033,3403,1636,1767,1944,915,1029,486,246,240,
19455,1946,952,994,3404,1688,1716,3890,1857,2033,3404,1637,1767,1944,915,1029,486,246,240,
19460,1947,952,995,3406,1689,1717,3893,1858,2035,3405,1637,1768,1945,916,1029,486,246,240,
19465,1947,952,995,3407,1689,1718,3893,1858,2035,3406,1638,1768,1945,916,1029,487,246,241,
19470,1948,952,996,3407,1689,1718,3894,1859,2035,3407,1638,1769,1947,916,1031,487,246,241,
19475,1948,952,996,3408,1690,1718,3895,1859,2036,3408,1639,1769,1948,917,1031,487,246,241,
19480,1948,952,996,3409,1690,1719,3896,1859,2037,3409,1640,1769,1948,917,1031,487,246,241,
19485,1948,952,996,3410,1690,1720,3896,1859,2037,3409,1640,1769,1948,917,1031,487,246,241,
19490,1949,953,996,3411,1690,1721,3898,1860,2038,3410,1640,1770,1948,917,1031,487,246,241,
19495,1950,954,996,3411,1690,1721,3898,1860,2038,3411,1640,1771,1948,917,1031,487,246,241,
19500,1951,955,996,3413,1691,1722,3901,1863,2038,3412,1641,1771,1949,917,1032,487,246,241,
19505,1951,955,996,3414,1692,1722,3901,1863,2038,3413,1641,1772,1949,917,1032,488,246,242,
19510,1952,955,997,3414,1692,1722,3902,1864,2038,3414,1641,1773,1951,919,1032,488,246,242,
19515,1952,955,997,3415,1693,1722,3903,1864,2039,3415,1641,1774,1952,920,1032,488,246,242,
19520,1952,955,997,3416,1694,1722,3904,1865,2039,3416,1641,1775,1952,920,1032,488,246,242,
19525,1952,955,997,3417,1695,1722,3904,1865,2039,3416,1641,1775,1952,920,1032,488,246,242,
19530,1953,956,997,3418,1695,1723,3906,1866,2040,3417,1641,1776,1952,920,1032,488,246,242,
19535,1954,956,998,3418,1695,1723,3906,1866,2040,3418,1641,1777,1952,920,1032,488,246,242,
19540,1955,957,998,3420,1697,1723,3909,1868,2041,3419,1642,1777,1953,921,1032,488,246,242,
19545,1955,957,998,3421,1698,1723,3909,1868,2041,3420,1642,1778,1953,921,1032,489,247,242,
19550,1956,958,998,3421,1698,1723,3910,1869,2041,3421,1643,1778,1955,921,1034,489,247,242,
19555,1956,958,998,3422,1698,1724,3911,1869,2042,3422,1644,1778,1956,922,1034,489,247,242,
19560,1956,958,998,3423,1699,1724,3912,1869,2043,3423,1645,1778,1956,922,1034,489,247,242,
19565,1956,958,998,3424,1700,1724,3912,1869,2043,3423,1645,1778,1956,922,1034,489,247,242,
19570,1957,959,998,3425,1701,1724,3914,1870,2044,3424,1645,1779,1956,922,1034,489,247,242,
19575,1958,960,998,3425,1701,1724,3914,1870,2044,3425,1646,1779,1956,922,1034,489,247,242,
19580,1959,961,998,3427,1701,1726,3917,1871,2046,3426,1647,1779,1957,922,1035,489,247,242,
19585,1959,961,998,3428,1701,1727,3917,1871,2046,3427,1647,1780,1957,922,1035,490,247,243,
19590,1960,961,999,3428,1701,1727,3918,1871,2047,3428,1648,1780,1959,923,1036,490,247,243,
19595,1960,961,999,3429,1702,1727,3919,1871,2048,3429,1649,1780,1960,923,1037,490,247,243,
19600,1960,961,999,3430,1702,1728,3920,1871,2049,3430,1650,1780,1960,923,1037,490,247,243,
19605,1960,961,999,3431,1703,1728,3920,1871,2049,3430,1650,1780,1960,923,1037,490,247,243,
19610,1961,961,1000,3432,1704,1728,3922,1871,2051,3431,1650,1781,1960,923,1037,490,247,243,
19615,1962,961,1001,3432,1704,1728,3922,1871,2051,3432,1650,1782,1960,923,1037,490,247,243,
19620,1963,961,1002,3434,1704,1730,3925,1871,2054,3433,1650,1783,1961,923,1038,490,247,243,
19625,1963,961,1002,3435,1705,1730,3925,1871,2054,3434,1650,1784,1961,923,1038,491,248,243,
19630,1964,962,1002,3435,1705,1730,3926,1872,2054,3435,1651,1784,1963,924,1039,491,248,243,
19635,1964,962,1002,3436,1706,1730,3927,1872,2055,3436,1652,1784,1964,925,1039,491,248,243,
19640,1964,962,1002,3437,1707,1730,3928,1872,2056,3437,1653,1784,1964,925,1039,491,248,243,
19645,1964,962,1002,3438,1708,1730,3928,1872,2056,3437,1653,1784,1964,925,1039,491,248,243,
19650,1965,962,1003,3439,1709,1730,3930,1873,2057,3438,1653,1785,1964,925,1039,491,248,243,
19655,1966,963,1003,3439,1709,1730,3930,1873,2057,3439,1654,1785,1964,925,1039,491,248,243,
19660,1967,963,1004,3441,1709,1732,3933,1874,2059,3440,1654,1786,1965,925,1040,491,248,243,
19665,1967,963,1004,3442,1709,1733,3933,1874,2059,3441,1654,1787,1965,925,1040,492,248,244,
19670,1968,963,1005,3442,1709,1733,3934,1874,2060,3442,1655,1787,1967,926,1041,492,248,244,
19675,1968,963,1005,3443,1710,1733,3935,1875,2060,3443,1655,1788,1968,927,1041,492,248,244,
19680,1968,963,1005,3444,1711,1733,3936,1876,2060,3444,1656,1788,1968,927,1041,492,248,244,
19685,1968,963,1005,3445,1712,1733,3936,1876,2060,3444,1656,1788,1968,927,1041,492,248,244,
19690,1969,963,1006,3446,1713,1733,3938,1876,2062,3445,1657,1788,1968,927,1041,492,248,244,
19695,1970,963,1007,3446,1713,1733,3938,1876,2062,3446,1657,1789,1968,927,1041,492,248,244,
19700,1971,963,1008,3448,1713,1735,3941,1877,2064,3447,1658,1789,1969,927,1042,492,248,244,
19705,1971,963,1008,3449,1713,1736,3941,1877,2064,3448,1659,1789,1969,927,1042,493,248,245,
19710,1972,963,1009,3449,1713,1736,3942,1877,2065,3449,1660,1789,1971,928,1043,493,248,245,
19715,1972,963,1009,3450,1714,1736,3943,1877,2066,3450,1661,1789,1972,928,1044,493,248,245,
19720,1972,963,1009,3451,1714,1737,3944,1877,2067,3451,1661,1790,1972,928,1044,493,248,245,
19725,1972,963,1009,3452,1714,1738,3944,1877,2067,3451,1661,1790,1972,928,1044,493,248,245,
19730,1973,963,1010,3453,1714,1739,3946,1877,2069,3452,1662,1790,1972,928,1044,493,248,245,
19735,1974,963,1011,3453,1714,1739,3946,1877,2069,3453,1662,1791,1972,928,1044,493,248,245,
19740,1975,964,1011,3455,1715,1740,3949,1878,2071,3454,1662,1792,1973,928,1045,493,248,245,
19745,1975,964,1011,3456,1716,1740,3949,1878,2071,3455,1662,1793,1973,928,1045,494,248,246,
19750,1976,964,1012,3456,1716,1740,3950,1879,2071,3456,1662,1794,1975,930,1045,494,248,246,
19755,1976,964,1012,3457,1716,1741,3951,1880,2071,3457,1663,1794,1976,931,1045,494,248,246,
19760,1976,964,1012,3458,1717,1741,3952,1881,2071,3458,1664,1794,1976,931,1045,494,248,246,
19765,1976,964,1012,3459,1717,1742,3952,1881,2071,3458,1664,1794,1976,931,1045,494,248,246,
19770,1977,964,1013,3460,1717,1743,3954,1883,2071,3459,1664,1795,1976,931,1045,494,248,246,
19775,1978,965,1013,3460,1717,1743,3954,1883,2071,3460,1665,1795,1976,931,1045,494,248,246,
19780,1979,965,1014,3462,1719,1743,3957,1884,2073,3461,1666,1795,1977,931,1046,494,248,246,
19785,1979,965,1014,3463,1720,1743,3957,1884,2073,3462,1667,1795,1977,931,1046,495,248,247,
19790,1980,966,1014,3463,1720,1743,3958,1885,2073,3463,1667,1796,1979,931,1048,495,248,247,
19795,1980,966,1014,3464,1720,1744,3959,1885,2074,3464,1667,1797,1980,932,1048,495,248,247,
19800,1980,966,1014,3465,1721,1744,3960,1886,2074,3465,1668,1797,1980,932,1048,495,248,247,
19805,1980,966,1014,3466,1721,1745,3960,1886,2074,3465,1668,1797,1980,932,1048,495,248,247,
19810,1981,967,1014,3467,1722,1745,3962,1888,2074,3466,1668,1798,1980,932,1048,495,248,247,
19815,1982,967,1015,3467,1722,1745,3962,1888,2074,3467,1668,1799,1980,932,1048,495,248,247,
19820,1983,967,1016,3469,1724,1745,3965,1891,2074,3468,1668,1800,1981,933,1048,495,248,247,
19825,1983,967,1016,3470,1725,1745,3965,1891,2074,3469,1669,1800,1981,933,1048,496,249,247,
19830,1984,967,1017,3470,1725,1745,3966,1891,2075,3470,1670,1800,1983,934,1049,496,249,247,
19835,1984,967,1017,3471,1725,1746,3967,1891,2076,3471,1671,1800,1984,935,1049,496,249,247,
19840,1984,967,1017,3472,1726,1746,3968,1891,2077,3472,1671,1801,1984,935,1049,496,249,247,
19845,1984,967,1017,3473,1727,1746,3968,1891,2077,3472,1671,1801,1984,935,1049,496,249,247,
19850,1985,967,1018,3474,1728,1746,3970,1892,2078,3473,1672,1801,1984,935,1049,496,249,247,
19855,1986,967,1019,3474,1728,1746,3970,1892,2078,3474,1672,1802,1984,935,1049,496,249,247,
19860,1987,968,1019,3476,1729,1747,3973,1894,2079,3475,1673,1802,1985,935,1050,496,249,247,
19865,1987,968,1019,3477,1729,1748,3973,1894,2079,3476,1673,1803,1985,935,1050,497,249,248,
19870,1988,969,1019,3477,1729,1748,3974,1895,2079,3477,1674,1803,1987,935,1052,497,249,248,
19875,1988,969,1019,3478,1729,1749,3975,1896,2079,3478,1674,1804,1988,935,1053,497,249,248,
19880,1988,969,1019,3479,1730,1749,3976,1897,2079,3479,1674,1805,1988,935,1053,497,249,248,
19885,1988,969,1019,3480,1731,1749,3976,1897,2079,3479,1674,1805,1988,935,1053,497,249,248,
19890,1989,970,1019,3481,1731,1750,3978,1897,2081,3480,1675,1805,1988,935,1053,497,249,248,
19895,1990,970,1020,3481,1731,1750,3978,1897,2081,3481,1675,1806,1988,935,1053,497,249,248,
19900,1991,970,1021,3483,1731,1752,3981,1898,2083,3482,1675,1807,1989,936,1053,497,249,248,
19905,1991,970,1021,3484,1732,1752,3981,1898,2083,3483,1676,1807,1989,936,1053,498,249,249,
19910,1992,970,1022,3484,1732,1752,3982,1899,2083,3484,1676,1808,1991,936,1055,498,249,249,
19915,1992,970,1022,3485,1732,1753,3983,1899,2084,3485,1677,1808,1992,936,1056,498,249,249,
19920,1992,970,1022,3486,1732,1754,3984,1900,2084,3486,1678,1808,1992,936,1056,498,249,249,
19925,1992,970,1022,3487,1732,1755,3984,1900,2084,3486,1678,1808,1992,936,1056,498,249,249,
19930,1993,971,1022,3488,1732,1756,3986,1902,2084,3487,1679,1808,1992,936,1056,498,249,249,
19935,1994,971,1023,3488,1732,1756,3986,1902,2084,3488,1680,1808,1992,936,1056,498,249,249,
19940,1995,972,1023,3490,1733,1757,3989,1902,2087,3489,1681,1808,1993,936,1057,498,249,249,
19945,1995,972,1023,3491,1733,1758,3989,1902,2087,3490,1682,1808,1993,936,1057,499,249,250,
19950,1996,972,1024,3491,1733,1758,3990,1903,2087,3491,1683,1808,1995,936,1059,499,249,250,
19955,1996,972,1024,3492,1734,1758,3991,1903,2088,3492,1683,1809,1996,937,1059,499,249,250,
19960,1996,972,1024,3493,1734,1759,3992,1903,2089,3493,1683,1810,1996,937,1059,499,249,250,
19965,1996,972,1024,3494,1735,1759,3992,1903,2089,3493,1683,1810,1996,937,1059,499,249,250,
19970,1997,973,1024,3495,1735,1760,3994,1904,2090,3494,1683,1811,1996,937,1059,499,249,250,
19975,1998,974,1024,3495,1735,1760,3994,1904,2090,3495,1684,1811,1996,937,1059,499,249,250,
19980,1999,975,1024,3497,1737,1760,3997,1905,2092,3496,1685,1811,1997,937,1060,499,249,250,
19985,1999,975,1024,3498,1738,1760,3997,1905,2092,3497,1685,1812,1997,937,1060,500,249,251,
19990,2000,975,1025,3498,1738,1760,3998,1906,2092,3498,1686,1812,1999,939,1060,500,249,251,
19995,2000,975,1025,3499,1738,1761,3999,1906,2093,3499,1687,1812,2000,940,1060,500,249,251,
20000,2000,975,1025,3500,1738,1762,4000,1906,2094,3500,1688,1812,2000,940,1060,500,249,251,
20005,2000,975,1025,3501,1738,1763,4000,1906,2094,3500,1688,1812,2000,940,1060,500,249,251,
20010,2001,975,1026,3502,1738,1764,4002,1907,2095,3501,1689,1812,2000,940,1060,500,249,251,
20015,2002,976,1026,3502,1738,1764,4002,1907,2095,3502,1690,1812,2000,940,1060,500,249,251,
20020,2003,976,1027,3504,1740,1764,4005,1909,2096,3503,1690,1813,2001,940,1061,500,249,251,
20025,2003,976,1027,3505,1740,1765,4005,1909,2096,3504,1691,1813,2001,940,1061,501,250,251,
20030,2004,976,1028,3505,1740,1765,4006,1909,2097,3505,1691,1814,2003,942,1061,501,250,251,
20035,2004,976,1028,3506,1740,1766,4007,1910,2097,3506,1692,1814,2004,942,1062,501,250,251,
20040,2004,976,1028,3507,1741,1766,4008,1910,2098,3507,1692,1815,2004,942,1062,501,250,251,
20045,2004,976,1028,3508,1742,1766,4008,1910,2098,3507,1692,1815,2004,942,1062,501,250,251,
20050,2005,976,1029,3509,1742,1767,4010,1912,2098,3508,1692,1816,2004,942,1062,501,250,251,
20055,2006,976,1030,3509,1742,1767,4010,1912,2098,3509,1693,1816,2004,942,1062,501,250,251,
20060,2007,976,1031,3511,1744,1767,4013,1914,2099,3510,1694,1816,2005,942,1063,501,250,251,
20065,2007,976,1031,3512,1744,1768,4013,1914,2099,3511,1695,1816,2005,942,1063,502,251,251,
20070,2008,977,1031,3512,1744,1768,4014,1914,2100,3512,1695,1817,2007,943,1064,502,251,251,
20075,2008,977,1031,3513,1744,1769,4015,1914,2101,3513,1696,1817,2008,944,1064,502,251,251,
20080,2008,977,1031,3514,1745,1769,4016,1914,2102,3514,1697,1817,2008,944,1064,502,251,251,
20085,2008,977,1031,3515,1746,1769,4016,1914,2102,3514,1697,1817,2008,944,1064,502,251,251,
20090,2009,977,1032,3516,1747,1769,4018,1915,2103,3515,1697,1818,2008,944,1064,502,251,251,
20095,2010,977,1033,3516,1747,1769,4018,1915,2103,3516,1698,1818,2008,944,1064,502,251,251,
20100,2011,977,1034,3518,1748,1770,4021,1917,2104,3517,1699,1818,2009,945,1064,502,251,251,
20105,2011,977,1034,3519,1748,1771,4021,1917,2104,3518,1700,1818,2009,945,1064,503,251,252,
20110,2012,977,1035,3519,1748,1771,4022,1918,2104,3519,1700,1819,2011,947,1064,503,251,252,
20115,2012,977,1035,3520,1749,1771,4023,1918,2105,3520,1701,1819,2012,948,1064,503,251,252,
20120,2012,977,1035,3521,1749,1772,4024,1918,2106,3521,1701,1820,2012,948,1064,503,251,252,
20125,2012,977,1035,3522,1750,1772,4024,1918,2106,3521,1701,1820,2012,948,1064,503,251,252,
20130,2013,978,1035,3523,1751,1772,4026,1918,2108,3522,1702,1820,2012,948,1064,503,251,252,
20135,2014,979,1035,3523,1751,1772,4026,1918,2108,3523,1703,1820,2012,948,1064,503,251,252,
20140,2015,979,1036,3525,1753,1772,4029,1920,2109,3524,1703,1821,2013,948,1065,503,251,252,
20145,2015,979,1036,3526,1754,1772,4029,1920,2109,3525,1704,1821,2013,948,1065,504,251,253,
20150,2016,980,1036,3526,1754,1772,4030,1921,2109,3526,1704,1822,2015,950,1065,504,251,253,
20155,2016,980,1036,3527,1754,1773,4031,1921,2110,3527,1704,1823,2016,951,1065,504,251,253,
20160,2016,980,1036,3528,1755,1773,4032,1922,2110,3528,1705,1823,2016,951,1065,504,251,253,
20165,2016,980,1036,3529,1755,1774,4032,1922,2110,3528,1705,1823,2016,951,1065,504,251,253,
20170,2017,981,1036,3530,1755,1775,4034,1924,2110,3529,1706,1823,2016,951,1065,504,251,253,
20175,2018,982,1036,3530,1755,1775,4034,1924,2110,3530,1706,1824,2016,951,1065,504,251,253,
20180,2019,983,1036,3532,1757,1775,4037,1927,2110,3531,1707,1824,2017,951,1066,504,251,253,
20185,2019,983,1036,3533,1757,1776,4037,1927,2110,3532,1707,1825,2017,951,1066,505,252,253,
20190,2020,984,1036,3533,1757,1776,4038,1927,2111,3533,1708,1825,2019,952,1067,505,252,253,
20195,2020,984,1036,3534,1757,1777,4039,1928,2111,3534,1709,1825,2020,952,1068,505,252,253,
20200,2020,984,1036,3535,1758,1777,4040,1928,2112,3535,1710,1825,2020,952,1068,505,252,253,
20205,2020,984,1036,3536,1758,1778,4040,1928,2112,3535,1710,1825,2020,952,1068,505,252,253,
20210,2021,985,1036,3537,1758,1779,4042,1929,2113,3536,1710,1826,2020,952,1068,505,252,253,
20215,2022,986,1036,3537,1758,1779,4042,1929,2113,3537,1711,1826,2020,952,1068,505,252,253,
20220,2023,987,1036,3539,1760,1779,4045,1931,2114,3538,1711,1827,2021,953,1068,505,252,253,
20225,2023,987,1036,3540,1761,1779,4045,1931,2114,3539,1712,1827,2021,953,1068,506,253,253,
20230,2024,988,1036,3540,1761,1779,4046,1931,2115,3540,1713,1827,2023,955,1068,506,253,253,
20235,2024,988,1036,3541,1761,1780,4047,1931,2116,3541,1713,1828,2024,955,1069,506,253,253,
20240,2024,988,1036,3542,1762,1780,4048,1932,2116,3542,1714,1828,2024,955,1069,506,253,253,
20245,2024,988,1036,3543,1763,1780,4048,1932,2116,3542,1714,1828,2024,955,1069,506,253,253,
20250,2025,989,1036,3544,1763,1781,4050,1933,2117,3543,1714,1829,2024,955,1069,506,253,253,
20255,2026,989,1037,3544,1763,1781,4050,1933,2117,3544,1714,1830,2024,955,1069,506,253,253,
20260,2027,990,1037,3546,1764,1782,4053,1934,2119,3545,1714,1831,2025,955,1070,506,253,253,
20265,2027,990,1037,3547,1764,1783,4053,1934,2119,3546,1714,1832,2025,955,1070,507,254,253,
20270,2028,991,1037,3547,1764,1783,4054,1935,2119,3547,1714,1833,2027,956,1071,507,254,253,
20275,2028,991,1037,3548,1764,1784,4055,1936,2119,3548,1714,1834,2028,956,1072,507,254,253,
20280,2028,991,1037,3549,1765,1784,4056,1936,2120,3549,1715,1834,2028,956,1072,507,254,253,
20285,2028,991,1037,3550,1766,1784,4056,1936,2120,3549,1715,1834,2028,956,1072,507,254,253,
20290,2029,991,1038,3551,1767,1784,4058,1937,2121,3550,1716,1834,2028,956,1072,507,254,253,
20295,2030,992,1038,3551,1767,1784,4058,1937,2121,3551,1717,1834,2028,956,1072,507,254,253,
20300,2031,992,1039,3553,1768,1785,4061,1939,2122,3552,1717,1835,2029,956,1073,507,254,253,
20305,2031,992,1039,3554,1769,1785,4061,1939,2122,3553,1717,1836,2029,956,1073,508,254,254,
20310,2032,992,1040,3554,1769,1785,4062,1940,2122,3554,1718,1836,2031,958,1073,508,254,254,
20315,2032,992,1040,3555,1770,1785,4063,1940,2123,3555,1718,1837,2032,958,1074,508,254,254,
20320,2032,992,1040,3556,1770,1786,4064,1941,2123,3556,1719,1837,2032,958,1074,508,254,254,
20325,2032,992,1040,3557,1771,1786,4064,1941,2123,3556,1719,1837,2032,958,1074,508,254,254,
20330,2033,993,1040,3558,1772,1786,4066,1942,2124,3557,1720,1837,2032,958,1074,508,254,254,
20335,2034,993,1041,3558,1772,1786,4066,1942,2124,3558,1720,1838,2032,958,1074,508,254,254,
20340,2035,993,1042,3560,1772,1788,4069,1944,2125,3559,1721,1838,2033,959,1074,508,254,254,
20345,2035,993,1042,3561,1772,1789,4069,1944,2125,3560,1721,1839,2033,959,1074,509,254,255,
20350,2036,994,1042,3561,1772,1789,4070,1945,2125,3561,1721,1840,2035,960,1075,509,254,255,
20355,2036,994,1042,3562,1773,1789,4071,1946,2125,3562,1721,1841,2036,960,1076,509,254,255,
20360,2036,994,1042,3563,1773,1790,4072,1947,2125,3563,1722,1841,2036,960,1076,509,254,255,
20365,2036,994,1042,3564,1773,1791,4072,1947,2125,3563,1722,1841,2036,960,1076,509,254,255,
20370,2037,995,1042,3565,1774,1791,4074,1949,2125,3564,1722,1842,2036,960,1076,509,254,255,
20375,2038,995,1043,3565,1774,1791,4074,1949,2125,3565,1722,1843,2036,960,1076,509,254,255,
20380,2039,995,1044,3567,1775,1792,4077,1951,2126,3566,1723,1843,2037,960,1077,509,254,255,
20385,2039,995,1044,3568,1776,1792,4077,1951,2126,3567,1723,1844,2037,960,1077,510,254,256,
20390,2040,995,1045,3568,1776,1792,4078,1951,2127,3568,1724,1844,2039,961,1078,510,254,256,
20395,2040,995,1045,3569,1776,1793,4079,1951,2128,3569,1724,1845,2040,961,1079,510,254,256,
20400,2040,995,1045,3570,1776,1794,4080,1951,2129,3570,1724,1846,2040,961,1079,510,254,256,
20405,2040,995,1045,3571,1777,1794,4080,1951,2129,3570,1724,1846,2040,961,1079,510,254,256,
20410,2041,995,1046,3572,1778,1794,4082,1952,2130,3571,1725,1846,2040,961,1079,510,254,256,
20415,2042,996,1046,3572,1778,1794,4082,1952,2130,3572,1725,1847,2040,961,1079,510,254,256,
20420,2043,997,1046,3574,1780,1794,4085,1955,2130,3573,1725,1848,2041,962,1079,510,254,256,
20425,2043,997,1046,3575,1780,1795,4085,1955,2130,3574,1726,1848,2041,962,1079,511,255,256,
20430,2044,998,1046,3575,1780,1795,4086,1955,2131,3575,1727,1848,2043,962,1081,511,255,256,
20435,2044,998,1046,3576,1781,1795,4087,1955,2132,3576,1728,1848,2044,962,1082,511,255,256,
20440,2044,998,1046,3577,1782,1795,4088,1955,2133,3577,1728,1849,2044,962,1082,511,255,256,
20445,2044,998,1046,3578,1782,1796,4088,1955,2133,3577,1728,1849,2044,962,1082,511,255,256,
20450,2045,999,1046,3579,1783,1796,4090,1956,2134,3578,1729,1849,2044,962,1082,511,255,256,
20455,2046,1000,1046,3579,1783,1796,4090,1956,2134,3579,1729,1850,2044,962,1082,511,255,256,
20460,2047,1001,1046,3581,1784,1797,4093,1957,2136,3580,1730,1850,2045,962,1083,511,255,256,
20465,2047,1001,1046,3582,1785,1797,4093,1957,2136,3581,1731,1850,2045,962,1083,512,256,256,
20470,2048,1002,1046,3582,1785,1797,4094,1957,2137,3582,1731,1851,2047,962,1085,512,256,256,
20475,2048,1002,1046,3583,1786,1797,4095,1958,2137,3583,1732,1851,2048,963,1085,512,256,256,
20480,2048,1002,1046,3584,1787,1797,4096,1959,2137,3584,1732,1852,2048,963,1085,512,256,256,
20485,2048,1002,1046,3585,1787,1798,4096,1959,2137,3584,1732,1852,2048,963,1085,512,256,256,
20490,2049,1002,1047,3586,1787,1799,4098,1961,2137,3585,1733,1852,2048,963,1085,512,256,256,
20495,2050,1002,1048,3586,1787,1799,4098,1961,2137,3586,1734,1852,2048,963,1085,512,256,256,
20500,2051,1002,1049,3588,1788,1800,4101,1962,2139,3587,1734,1853,2049,963,1086,512,256,256,
20505,2051,1002,1049,3589,1788,1801,4101,1962,2139,3588,1734,1854,2049,963,1086,513,257,256,
20510,2052,1002,1050,3589,1788,1801,4102,1963,2139,3589,1735,1854,2051,963,1088,513,257,256,
20515,2052,1002,1050,3590,1788,1802,4103,1964,2139,3590,1735,1855,2052,963,1089,513,257,256,
20520,2052,1002,1050,3591,1788,1803,4104,1965,2139,3591,1736,1855,2052,963,1089,513,257,256,
20525,2052,1002,1050,3592,1788,1804,4104,1965,2139,3591,1736,1855,2052,963,1089,513,257,256,
20530,2053,1003,1050,3593,1788,1805,4106,1966,2140,3592,1737,1855,2052,963,1089,513,257,256,
20535,2054,1004,1050,3593,1788,1805,4106,1966,2140,3593,1737,1856,2052,963,1089,513,257,256,
20540,2055,1004,1051,3595,1789,1806,4109,1966,2143,3594,1738,1856,2053,964,1089,513,257,256,
20545,2055,1004,1051,3596,1789,1807,4109,1966,2143,3595,1738,1857,2053,964,1089,514,258,256,
20550,2056,1004,1052,3596,1789,1807,4110,1966,2144,3596,1738,1858,2055,965,1090,514,258,256,
20555,2056,1004,1052,3597,1789,1808,4111,1966,2145,3597,1738,1859,2056,965,1091,514,258,256,
20560,2056,1004,1052,3598,1790,1808,4112,1967,2145,3598,1738,1860,2056,965,1091,514,258,256,
20565,2056,1004,1052,3599,1790,1809,4112,1967,2145,3598,1738,1860,2056,965,1091,514,258,256,
20570,2057,1005,1052,3600,1790,1810,4114,1968,2146,3599,1739,1860,2056,965,1091,514,258,256,
20575,2058,1005,1053,3600,1790,1810,4114,1968,2146,3600,1739,1861,2056,965,1091,514,258,256,
20580,2059,1005,1054,3602,1792,1810,4117,1970,2147,3601,1739,1862,2057,966,1091,514,258,256,
20585,2059,1005,1054,3603,1792,1811,4117,1970,2147,3602,1739,1863,2057,966,1091,515,258,257,
20590,2060,1005,1055,3603,1792,1811,4118,1970,2148,3603,1740,1863,2059,967,1092,515,258,257,
20595,2060,1005,1055,3604,1792,1812,4119,1971,2148,3604,1741,1863,2060,968,1092,515,258,257,
20600,2060,1005,1055,3605,1793,1812,4120,1971,2149,3605,1741,1864,2060,968,1092,515,258,257,
20605,2060,1005,1055,3606,1794,1812,4120,1971,2149,3605,1741,1864,2060,968,1092,515,258,257,
20610,2061,1006,1055,3607,1795,1812,4122,1972,2150,3606,1741,1865,2060,968,1092,515,258,257,
20615,2062,1007,1055,3607,1795,1812,4122,1972,2150,3607,1742,1865,2060,968,1092,515,258,257,
20620,2063,1007,1056,3609,1796,1813,4125,1974,2151,3608,1743,1865,2061,969,1092,515,258,257,
20625,2063,1007,1056,3610,1797,1813,4125,1974,2151,3609,1744,1865,2061,969,1092,516,258,258,
20630,2064,1008,1056,3610,1797,1813,4126,1975,2151,3610,1745,1865,2063,971,1092,516,258,258,
20635,2064,1008,1056,3611,1797,1814,4127,1976,2151,3611,1746,1865,2064,972,1092,516,258,258,
20640,2064,1008,1056,3612,1798,1814,4128,1976,2152,3612,1746,1866,2064,972,1092,516,258,258,
20645,2064,1008,1056,3613,1798,1815,4128,1976,2152,3612,1746,1866,2064,972,1092,516,258,258,
20650,2065,1008,1057,3614,1799,1815,4130,1977,2153,3613,1746,1867,2064,972,1092,516,258,258,
20655,2066,1009,1057,3614,1799,1815,4130,1977,2153,3614,1747,1867,2064,972,1092,516,258,258,
20660,2067,1009,1058,3616,1801,1815,4133,1979,2154,3615,1747,1868,2065,973,1092,516,258,258,
20665,2067,1009,1058,3617,1802,1815,4133,1979,2154,3616,1747,1869,2065,973,1092,517,258,259,
20670,2068,1010,1058,3617,1802,1815,4134,1979,2155,3617,1747,1870,2067,975,1092,517,258,259,
20675,2068,1010,1058,3618,1803,1815,4135,1980,2155,3618,1748,1870,2068,976,1092,517,258,259,
20680,2068,1010,1058,3619,1803,1816,4136,1981,2155,3619,1749,1870,2068,976,1092,517,258,259,
20685,2068,1010,1058,3620,1803,1817,4136,1981,2155,3619,1749,1870,2068,976,1092,517,258,259,
20690,2069,1010,1059,3621,1804,1817,4138,1982,2156,3620,1750,1870,2068,976,1092,517,258,259,
20695,2070,1010,1060,3621,1804,1817,4138,1982,2156,3621,1750,1871,2068,976,1092,517,258,259,
20700,2071,1011,1060,3623,1804,1819,4141,1983,2158,3622,1751,1871,2069,976,1093,517,258,259,
20705,2071,1011,1060,3624,1805,1819,4141,1983,2158,3623,1752,1871,2069,976,1093,518,258,260,
20710,2072,1012,1060,3624,1805,1819,4142,1984,2158,3624,1753,1871,2071,978,1093,518,258,260,
20715,2072,1012,1060,3625,1805,1820,4143,1984,2159,3625,1754,1871,2072,979,1093,518,258,260,
20720,2072,1012,1060,3626,1805,1821,4144,1985,2159,3626,1754,1872,2072,979,1093,518,258,260,
20725,2072,1012,1060,3627,1806,1821,4144,1985,2159,3626,1754,1872,2072,979,1093,518,258,260,
20730,2073,1013,1060,3628,1807,1821,4146,1985,2161,3627,1754,1873,2072,979,1093,518,258,260,
20735,2074,1014,1060,3628,1807,1821,4146,1985,2161,3628,1755,1873,2072,979,1093,518,258,260,
20740,2075,1014,1061,3630,1807,1823,4149,1986,2163,3629,1755,1874,2073,980,1093,518,258,260,
20745,2075,1014,1061,3631,1808,1823,4149,1986,2163,3630,1755,1875,2073,980,1093,519,258,261,
20750,2076,1015,1061,3631,1808,1823,4150,1987,2163,3631,1755,1876,2075,980,1095,519,258,261,
20755,2076,1015,1061,3632,1809,1823,4151,1988,2163,3632,1756,1876,2076,980,1096,519,258,261,
20760,2076,1015,1061,3633,1810,1823,4152,1989,2163,3633,1757,1876,2076,980,1096,519,258,261,
20765,2076,1015,1061,3634,1810,1824,4152,1989,2163,3633,1757,1876,2076,980,1096,519,258,261,
20770,2077,1016,1061,3635,1810,1825,4154,1990,2164,3634,1758,1876,2076,980,1096,519,258,261,
20775,2078,1016,1062,3635,1810,1825,4154,1990,2164,3635,1758,1877,2076,980,1096,519,258,261,
20780,2079,1017,1062,3637,1812,1825,4157,1992,2165,3636,1759,1877,2077,980,1097,519,258,261,
20785,2079,1017,1062,3638,1813,1825,4157,1992,2165,3637,1759,1878,2077,980,1097,520,259,261,
20790,2080,1018,1062,3638,1813,1825,4158,1992,2166,3638,1759,1879,2079,982,1097,520,259,261,
20795,2080,1018,1062,3639,1813,1826,4159,1992,2167,3639,1760,1879,2080,982,1098,520,259,261,
20800,2080,1018,1062,3640,1814,1826,4160,1992,2168,3640,1761,1879,2080,982,1098,520,259,261,
20805,2080,1018,1062,3641,1815,1826,4160,1992,2168,3640,1761,1879,2080,982,1098,520,259,261,
20810,2081,1018,1063,3642,1816,1826,4162,1994,2168,3641,1761,1880,2080,982,1098,520,259,261,
20815,2082,1019,1063,3642,1816,1826,4162,1994,2168,3642,1762,1880,2080,982,1098,520,259,261,
20820,2083,1020,1063,3644,1818,1826,4165,1997,2168,3643,1762,1881,2081,983,1098,520,259,261,
20825,2083,1020,1063,3645,1819,1826,4165,1997,2168,3644,1762,1882,2081,983,1098,521,260,261,
20830,2084,1021,1063,3645,1819,1826,4166,1997,2169,3645,1763,1882,2083,983,1100,521,260,261,
20835,2084,1021,1063,3646,1820,1826,4167,1998,2169,3646,1764,1882,2084,984,1100,521,260,261,
20840,2084,1021,1063,3647,1820,1827,4168,1998,2170,3647,1765,1882,2084,984,1100,521,260,261,
20845,2084,1021,1063,3648,1821,1827,4168,1998,2170,3647,1765,1882,2084,984,1100,521,260,261,
20850,2085,1021,1064,3649,1821,1828,4170,2000,2170,3648,1766,1882,2084,984,1100,521,260,261,
20855,2086,1022,1064,3649,1821,1828,4170,2000,2170,3649,1766,1883,2084,984,1100,521,260,261,
20860,2087,1022,1065,3651,1822,1829,4173,2002,2171,3650,1767,1883,2085,984,1101,521,260,261,
20865,2087,1022,1065,3652,1822,1830,4173,2002,2171,3651,1767,1884,2085,984,1101,522,260,262,
20870,2088,1022,1066,3652,1822,1830,4174,2002,2172,3652,1768,1884,2087,985,1102,522,260,262,
20875,2088,1022,1066,3653,1822,1831,4175,2002,2173,3653,1769,1884,2088,985,1103,522,260,262,
20880,2088,1022,1066,3654,1823,1831,4176,2002,2174,3654,1769,1885,2088,985,1103,522,260,262,
20885,2088,1022,1066,3655,1823,1832,4176,2002,2174,3654,1769,1885,2088,985,1103,522,260,262,
20890,2089,1023,1066,3656,1824,1832,4178,2002,2176,3655,1770,1885,2088,985,1103,522,260,262,
20895,2090,1023,1067,3656,1824,1832,4178,2002,2176,3656,1770,1886,2088,985,1103,522,260,262,
20900,2091,1023,1068,3658,1824,1834,4181,2004,2177,3657,1770,1887,2089,985,1104,522,260,262,
20905,2091,1023,1068,3659,1825,1834,4181,2004,2177,3658,1771,1887,2089,985,1104,523,260,263,
20910,2092,1023,1069,3659,1825,1834,4182,2005,2177,3659,1772,1887,2091,985,1106,523,260,263,
20915,2092,1023,1069,3660,1826,1834,4183,2006,2177,3660,1773,1887,2092,985,1107,523,260,263,
20920,2092,1023,1069,3661,1826,1835,4184,2006,2178,3661,1774,1887,2092,985,1107,523,260,263,
20925,2092,1023,1069,3662,1827,1835,4184,2006,2178,3661,1774,1887,2092,985,1107,523,260,263,
20930,2093,1024,1069,3663,1827,1836,4186,2008,2178,3662,1775,1887,2092,985,1107,523,260,263,
20935,2094,1025,1069,3663,1827,1836,4186,2008,2178,3663,1776,1887,2092,985,1107,523,260,263,
20940,2095,1025,1070,3665,1828,1837,4189,2009,2180,3664,1777,1887,2093,985,1108,523,260,263,
20945,2095,1025,1070,3666,1828,1838,4189,2009,2180,3665,1778,1887,2093,985,1108,524,261,263,
20950,2096,1025,1071,3666,1828,1838,4190,2009,2181,3666,1779,1887,2095,985,1110,524,261,263,
20955,2096,1025,1071,3667,1829,1838,4191,2010,2181,3667,1779,1888,2096,985,1111,524,261,263,
20960,2096,1025,1071,3668,1830,1838,4192,2010,2182,3668,1780,1888,2096,985,1111,524,261,263,
20965,2096,1025,1071,3669,1830,1839,4192,2010,2182,3668,1780,1888,2096,985,1111,524,261,263,
20970,2097,1026,1071,3670,1830,1840,4194,2011,2183,3669,1780,1889,2096,985,1111,524,261,263,
20975,2098,1027,1071,3670,1830,1840,4194,2011,2183,3670,1780,1890,2096,985,1111,524,261,263,
20980,2099,1027,1072,3672,1831,1841,4197,2013,2184,3671,1781,1890,2097,986,1111,524,261,263,
20985,2099,1027,1072,3673,1831,1842,4197,2013,2184,3672,1782,1890,2097,986,1111,525,262,263,
20990,2100,1027,1073,3673,1831,1842,4198,2013,2185,3673,1783,1890,2099,986,1113,525,262,263,
20995,2100,1027,1073,3674,1831,1843,4199,2014,2185,3674,1783,1891,2100,987,1113,525,262,263,
21000,2100,1027,1073,3675,1831,1844,4200,2014,2186,3675,1783,1892,2100,987,1113,525,262,263,
21005,2100,1027,1073,3676,1832,1844,4200,2014,2186,3675,1783,1892,2100,987,1113,525,262,263,
21010,2101,1027,1074,3677,1832,1845,4202,2015,2187,3676,1784,1892,2100,987,1113,525,262,263,
21015,2102,1028,1074,3677,1832,1845,4202,2015,2187,3677,1784,1893,2100,987,1113,525,262,263,
21020,2103,1029,1074,3679,1833,1846,4205,2017,2188,3678,1784,1894,2101,987,1114,525,262,263,
21025,2103,1029,1074,3680,1834,1846,4205,2017,2188,3679,1785,1894,2101,987,1114,526,263,263,
21030,2104,1030,1074,3680,1834,1846,4206,2018,2188,3680,1786,1894,2103,987,1116,526,263,263,
21035,2104,1030,1074,3681,1835,1846,4207,2018,2189,3681,1786,1895,2104,987,1117,526,263,263,
21040,2104,1030,1074,3682,1835,1847,4208,2019,2189,3682,1787,1895,2104,987,1117,526,263,263,
21045,2104,1030,1074,3683,1836,1847,4208,2019,2189,3682,1787,1895,2104,987,1117,526,263,263,
21050,2105,1030,1075,3684,1837,1847,4210,2020,2190,3683,1787,1896,2104,987,1117,526,263,263,
21055,2106,1031,1075,3684,1837,1847,4210,2020,2190,3684,1788,1896,2104,987,1117,526,263,263,
21060,2107,1031,1076,3686,1839,1847,4213,2021,2192,3685,1789,1896,2105,987,1118,526,263,263,
21065,2107,1031,1076,3687,1840,1847,4213,2021,2192,3686,1789,1897,2105,987,1118,527,263,264,
21070,2108,1032,1076,3687,1840,1847,4214,2022,2192,3687,1789,1898,2107,988,1119,527,263,264,
21075,2108,1032,1076,3688,1840,1848,4215,2023,2192,3688,1790,1898,2108,989,1119,527,263,264,
21080,2108,1032,1076,3689,1840,1849,4216,2023,2193,3689,1791,1898,2108,989,1119,527,263,264,
21085,2108,1032,1076,3690,1841,1849,4216,2023,2193,3689,1791,1898,2108,989,1119,527,263,264,
21090,2109,1032,1077,3691,1841,1850,4218,2024,2194,3690,1792,1898,2108,989,1119,527,263,264,
21095,2110,1032,1078,3691,1841,1850,4218,2024,2194,3691,1792,1899,2108,989,1119,527,263,264,
21100,2111,1032,1079,3693,1843,1850,4221,2025,2196,3692,1792,1900,2109,989,1120,527,263,264,
21105,2111,1032,1079,3694,1843,1851,4221,2025,2196,3693,1792,1901,2109,989,1120,528,264,264,
21110,2112,1032,1080,3694,1843,1851,4222,2025,2197,3694,1793,1901,2111,990,1121,528,264,264,
21115,2112,1032,1080,3695,1843,1852,4223,2026,2197,3695,1794,1901,2112,991,1121,528,264,264,
21120,2112,1032,1080,3696,1843,1853,4224,2027,2197,3696,1795,1901,2112,991,1121,528,264,264,
21125,2112,1032,1080,3697,1843,1854,4224,2027,2197,3696,1795,1901,2112,991,1121,528,264,264,
21130,2113,1032,1081,3698,1843,1855,4226,2029,2197,3697,1795,1902,2112,991,1121,528,264,264,
21135,2114,1033,1081,3698,1843,1855,4226,2029,2197,3698,1796,1902,2112,991,1121,528,264,264,
21140,2115,1034,1081,3700,1844,1856,4229,2029,2200,3699,1796,1903,2113,992,1121,528,264,264,
21145,2115,1034,1081,3701,1845,1856,4229,2029,2200,3700,1797,1903,2113,992,1121,529,264,265,
21150,2116,1034,1082,3701,1845,1856,4230,2030,2200,3701,1797,1904,2115,993,1122,529,264,265,
21155,2116,1034,1082,3702,1845,1857,4231,2031,2200,3702,1798,1904,2116,994,1122,529,264,265,
21160,2116,1034,1082,3703,1846,1857,4232,2031,2201,3703,1799,1904,2116,994,1122,529,264,265,
21165,2116,1034,1082,3704,1847,1857,4232,2031,2201,3703,1799,1904,2116,994,1122,529,264,265,
21170,2117,1035,1082,3705,1847,1858,4234,2032,2202,3704,1799,1905,2116,994,1122,529,264,265,
21175,2118,1036,1082,3705,1847,1858,4234,2032,2202,3705,1799,1906,2116,994,1122,529,264,265,
21180,2119,1037,1082,3707,1848,1859,4237,2034,2203,3706,1800,1906,2117,994,1123,529,264,265,
21185,2119,1037,1082,3708,1848,1860,4237,2034,2203,3707,1801,1906,2117,994,1123,530,264,266,
21190,2120,1038,1082,3708,1848,1860,4238,2034,2204,3708,1801,1907,2119,995,1124,530,264,266,
21195,2120,1038,1082,3709,1849,1860,4239,2035,2204,3709,1802,1907,2120,996,1124,530,264,266,
21200,2120,1038,1082,3710,1850,1860,4240,2035,2205,3710,1803,1907,2120,996,1124,530,264,266,
21205,2120,1038,1082,3711,1850,1861,4240,2035,2205,3710,1803,1907,2120,996,1124,530,264,266,
21210,2121,1038,1083,3712,1850,1862,4242,2035,2207,3711,1803,1908,2120,996,1124,530,264,266,
21215,2122,1039,1083,3712,1850,1862,4242,2035,2207,3712,1803,1909,2120,996,1124,530,264,266,
21220,2123,1039,1084,3714,1850,1864,4245,2037,2208,3713,1803,1910,2121,997,1124,530,264,266,
21225,2123,1039,1084,3715,1851,1864,4245,2037,2208,3714,1804,1910,2121,997,1124,531,265,266,
21230,2124,1039,1085,3715,1851,1864,4246,2038,2208,3715,1804,1911,2123,999,1124,531,265,266,
21235,2124,1039,1085,3716,1852,1864,4247,2038,2209,3716,1804,1912,2124,999,1125,531,265,266,
21240,2124,1039,1085,3717,1853,1864,4248,2038,2210,3717,1804,1913,2124,999,1125,531,265,266,
21245,2124,1039,1085,3718,1854,1864,4248,2038,2210,3717,1804,1913,2124,999,1125,531,265,266,
21250,2125,1040,1085,3719,1854,1865,4250,2039,2211,3718,1804,1914,2124,999,1125,531,265,266,
21255,2126,1041,1085,3719,1854,1865,4250,2039,2211,3719,1804,1915,2124,999,1125,531,265,266,
21260,2127,1042,1085,3721,1855,1866,4253,2041,2212,3720,1805,1915,2125,999,1126,531,265,266,
21265,2127,1042,1085,3722,1855,1867,4253,2041,2212,3721,1806,1915,2125,999,1126,532,266,266,
21270,2128,1043,1085,3722,1855,1867,4254,2042,2212,3722,1806,1916,2127,1000,1127,532,266,266,
21275,2128,1043,1085,3723,1855,1868,4255,2042,2213,3723,1806,1917,2128,1000,1128,532,266,266,
21280,2128,1043,1085,3724,1855,1869,4256,2043,2213,3724,1806,1918,2128,1000,1128,532,266,266,
21285,2128,1043,1085,3725,1855,1870,4256,2043,2213,3724,1806,1918,2128,1000,1128,532,266,266,
21290,2129,1043,1086,3726,1855,1871,4258,2044,2214,3725,1807,1918,2128,1000,1128,532,266,266,
21295,2130,1043,1087,3726,1855,1871,4258,2044,2214,3726,1807,1919,2128,1000,1128,532,266,266,
21300,2131,1044,1087,3728,1855,1873,4261,2046,2215,3727,1807,1920,2129,1001,1128,532,266,266,
21305,2131,1044,1087,3729,1855,1874,4261,2046,2215,3728,1808,1920,2129,1001,1128,533,266,267,
21310,2132,1045,1087,3729,1855,1874,4262,2047,2215,3729,1808,1921,2131,1002,1129,533,266,267,
21315,2132,1045,1087,3730,1855,1875,4263,2048,2215,3730,1808,1922,2132,1003,1129,533,266,267,
21320,2132,1045,1087,3731,1856,1875,4264,2049,2215,3731,1808,1923,2132,1003,1129,533,266,267,
21325,2132,1045,1087,3732,1856,1876,4264,2049,2215,3731,1808,1923,2132,1003,1129,533,266,267,
21330,2133,1046,1087,3733,1856,1877,4266,2049,2217,3732,1808,1924,2132,1003,1129,533,266,267,
21335,2134,1046,1088,3733,1856,1877,4266,2049,2217,3733,1808,1925,2132,1003,1129,533,266,267,
21340,2135,1046,1089,3735,1857,1878,4269,2051,2218,3734,1809,1925,2133,1003,1130,533,266,267,
21345,2135,1046,1089,3736,1857,1879,4269,2051,2218,3735,1809,1926,2133,1003,1130,534,266,268,
21350,2136,1047,1089,3736,1857,1879,4270,2052,2218,3736,1810,1926,2135,1005,1130,534,266,268,
21355,2136,1047,1089,3737,1857,1880,4271,2053,2218,3737,1811,1926,2136,1006,1130,534,266,268,
21360,2136,1047,1089,3738,1857,1881,4272,2053,2219,3738,1812,1926,2136,1006,1130,534,266,268,
21365,2136,1047,1089,3739,1857,1882,4272,2053,2219,3738,1812,1926,2136,1006,1130,534,266,268,
21370,2137,1048,1089,3740,1857,1883,4274,2054,2220,3739,1813,1926,2136,1006,1130,534,266,268,
21375,2138,1049,1089,3740,1857,1883,4274,2054,2220,3740,1814,1926,2136,1006,1130,534,266,268,
21380,2139,1049,1090,3742,1857,1885,4277,2054,2223,3741,1815,1926,2137,1007,1130,534,266,268,
21385,2139,1049,1090,3743,1858,1885,4277,2054,2223,3742,1816,1926,2137,1007,1130,535,267,268,
21390,2140,1050,1090,3743,1858,1885,4278,2054,2224,3743,1816,1927,2139,1008,1131,535,267,268,
21395,2140,1050,1090,3744,1858,1886,4279,2055,2224,3744,1816,1928,2140,1008,1132,535,267,268,
21400,2140,1050,1090,3745,1858,1887,4280,2055,2225,3745,1816,1929,2140,1008,1132,535,267,268,
21405,2140,1050,1090,3746,1859,1887,4280,2055,2225,3745,1816,1929,2140,1008,1132,535,267,268,
21410,2141,1051,1090,3747,1859,1888,4282,2056,2226,3746,1817,1929,2140,1008,1132,535,267,268,
21415,2142,1051,1091,3747,1859,1888,4282,2056,2226,3747,1817,1930,2140,1008,1132,535,267,268,
21420,2143,1051,1092,3749,1859,1890,4285,2057,2228,3748,1817,1931,2141,1009,1132,535,267,268,
21425,2143,1051,1092,3750,1859,1891,4285,2057,2228,3749,1818,1931,2141,1009,1132,536,268,268,
21430,2144,1051,1093,3750,1859,1891,4286,2057,2229,3750,1818,1932,2143,1011,1132,536,268,268,
21435,2144,1051,1093,3751,1860,1891,4287,2058,2229,3751,1819,1932,2144,1011,1133,536,268,268,
21440,2144,1051,1093,3752,1860,1892,4288,2059,2229,3752,1820,1932,2144,1011,1133,536,268,268,
21445,2144,1051,1093,3753,1860,1893,4288,2059,2229,3752,1820,1932,2144,1011,1133,536,268,268,
21450,2145,1051,1094,3754,1860,1894,4290,2060,2230,3753,1820,1933,2144,1011,1133,536,268,268,
21455,2146,1052,1094,3754,1860,1894,4290,2060,2230,3754,1821,1933,2144,1011,1133,536,268,268,
21460,2147,1052,1095,3756,1861,1895,4293,2062,2231,3755,1821,1934,2145,1011,1134,536,268,268,
21465,2147,1052,1095,3757,1862,1895,4293,2062,2231,3756,1821,1935,2145,1011,1134,537,268,269,
21470,2148,1052,1096,3757,1862,1895,4294,2063,2231,3757,1822,1935,2147,1011,1136,537,268,269,
21475,2148,1052,1096,3758,1862,1896,4295,2064,2231,3758,1823,1935,2148,1011,1137,537,268,269,
21480,2148,1052,1096,3759,1863,1896,4296,2065,2231,3759,1823,1936,2148,1011,1137,537,268,269,
21485,2148,1052,1096,3760,1863,1897,4296,2065,2231,3759,1823,1936,2148,1011,1137,537,268,269,
21490,2149,1052,1097,3761,1863,1898,4298,2066,2232,3760,1824,1936,2148,1011,1137,537,268,269,
21495,2150,1052,1098,3761,1863,1898,4298,2066,2232,3761,1825,1936,2148,1011,1137,537,268,269,
21500,2151,1053,1098,3763,1865,1898,4301,2068,2233,3762,1825,1937,2149,1011,1138,537,268,269,
21505,2151,1053,1098,3764,1865,1899,4301,2068,2233,3763,1826,1937,2149,1011,1138,538,268,270,
21510,2152,1053,1099,3764,1865,1899,4302,2068,2234,3764,1826,1938,2151,1012,1139,538,268,270,
21515,2152,1053,1099,3765,1866,1899,4303,2069,2234,3765,1826,1939,2152,1013,1139,538,268,270,
21520,2152,1053,1099,3766,1867,1899,4304,2069,2235,3766,1826,1940,2152,1013,1139,538,268,270,
21525,2152,1053,1099,3767,1868,1899,4304,2069,2235,3766,1826,1940,2152,1013,1139,538,268,270,
21530,2153,1053,1100,3768,1868,1900,4306,2071,2235,3767,1827,1940,2152,1013,1139,538,268,270,
21535,2154,1054,1100,3768,1868,1900,4306,2071,2235,3768,1828,1940,2152,1013,1139,538,268,270,
21540,2155,1055,1100,3770,1868,1902,4309,2073,2236,3769,1828,1941,2153,1013,1140,538,268,270,
21545,2155,1055,1100,3771,1868,1903,4309,2073,2236,3770,1828,1942,2153,1013,1140,539,268,271,
21550,2156,1055,1101,3771,1868,1903,4310,2074,2236,3771,1829,1942,2155,1013,1142,539,268,271,
21555,2156,1055,1101,3772,1868,1904,4311,2074,2237,3772,1829,1943,2156,1014,1142,539,268,271,
21560,2156,1055,1101,3773,1868,1905,4312,2074,2238,3773,1829,1944,2156,1014,1142,539,268,271,
21565,2156,1055,1101,3774,1869,1905,4312,2074,2238,3773,1829,1944,2156,1014,1142,539,268,271,
21570,2157,1056,1101,3775,1869,1906,4314,2075,2239,3774,1829,1945,2156,1014,1142,539,268,271,
21575,2158,1056,1102,3775,1869,1906,4314,2075,2239,3775,1830,1945,2156,1014,1142,539,268,271,
21580,2159,1056,1103,3777,1869,1908,4317,2077,2240,3776,1830,1946,2157,1014,1143,539,268,271,
21585,2159,1056,1103,3778,1869,1909,4317,2077,2240,3777,1830,1947,2157,1014,1143,540,268,272,
21590,2160,1057,1103,3778,1869,1909,4318,2078,2240,3778,1831,1947,2159,1014,1145,540,268,272,
21595,2160,1057,1103,3779,1869,1910,4319,2079,2240,3779,1831,1948,2160,1014,1146,540,268,272,
21600,2160,1057,1103,3780,1869,1911,4320,2079,2241,3780,1831,1949,2160,1014,1146,540,268,272,
21605,2160,1057,1103,3781,1869,1912,4320,2079,2241,3780,1831,1949,2160,1014,1146,540,268,272,
21610,2161,1058,1103,3782,1869,1913,4322,2079,2243,3781,1832,1949,2160,1014,1146,540,268,272,
21615,2162,1058,1104,3782,1869,1913,4322,2079,2243,3782,1832,1950,2160,1014,1146,540,268,272,
21620,2163,1059,1104,3784,1871,1913,4325,2081,2244,3783,1832,1951,2161,1014,1147,540,268,272,
21625,2163,1059,1104,3785,1872,1913,4325,2081,2244,3784,1833,1951,2161,1014,1147,541,269,272,
21630,2164,1059,1105,3785,1872,1913,4326,2081,2245,3785,1834,1951,2163,1015,1148,541,269,272,
21635,2164,1059,1105,3786,1872,1914,4327,2082,2245,3786,1834,1952,2164,1015,1149,541,269,272,
21640,2164,1059,1105,3787,1872,1915,4328,2082,2246,3787,1834,1953,2164,1015,1149,541,269,272,
21645,2164,1059,1105,3788,1873,1915,4328,2082,2246,3787,1834,1953,2164,1015,1149,541,269,272,
21650,2165,1060,1105,3789,1873,1916,4330,2083,2247,3788,1834,1954,2164,1015,1149,541,269,272,
21655,2166,1061,1105,3789,1873,1916,4330,2083,2247,3789,1835,1954,2164,1015,1149,541,269,272,
21660,2167,1061,1106,3791,1874,1917,4333,2085,2248,3790,1835,1955,2165,1015,1150,541,269,272,
21665,2167,1061,1106,3792,1874,1918,4333,2085,2248,3791,1835,1956,2165,1015,1150,542,270,272,
21670,2168,1061,1107,3792,1874,1918,4334,2086,2248,3792,1836,1956,2167,1015,1152,542,270,272,
21675,2168,1061,1107,3793,1875,1918,4335,2086,2249,3793,1836,1957,2168,1015,1153,542,270,272,
21680,2168,1061,1107,3794,1876,1918,4336,2087,2249,3794,1836,1958,2168,1015,1153,542,270,272,
21685,2168,1061,1107,3795,1877,1918,4336,2087,2249,3794,1836,1958,2168,1015,1153,542,270,272,
21690,2169,1061,1108,3796,1877,1919,4338,2088,2250,3795,1837,1958,2168,1015,1153,542,270,272,
21695,2170,1062,1108,3796,1877,1919,4338,2088,2250,3796,1838,1958,2168,1015,1153,542,270,272,
21700,2171,1062,1109,3798,1879,1919,4341,2089,2252,3797,1838,1959,2169,1016,1153,542,270,272,
21705,2171,1062,1109,3799,1879,1920,4341,2089,2252,3798,1839,1959,2169,1016,1153,543,271,272,
21710,2172,1063,1109,3799,1879,1920,4342,2089,2253,3799,1840,1959,2171,1017,1154,543,271,272,
21715,2172,1063,1109,3800,1879,1921,4343,2090,2253,3800,1841,1959,2172,1018,1154,543,271,272,
21720,2172,1063,1109,3801,1879,1922,4344,2090,2254,3801,1841,1960,2172,1018,1154,543,271,272,
21725,2172,1063,1109,3802,1880,1922,4344,2090,2254,3801,1841,1960,2172,1018,1154,543,271,272,
21730,2173,1063,1110,3803,1881,1922,4346,2091,2255,3802,1842,1960,2172,1018,1154,543,271,272,
21735,2174,1063,1111,3803,1881,1922,4346,2091,2255,3803,1843,1960,2172,1018,1154,543,271,272,
21740,2175,1063,1112,3805,1882,1923,4349,2092,2257,3804,1843,1961,2173,1018,1155,543,271,272,
21745,2175,1063,1112,3806,1883,1923,4349,2092,2257,3805,1844,1961,2173,1018,1155,544,272,272,
21750,2176,1064,1112,3806,1883,1923,4350,2093,2257,3806,1844,1962,2175,1018,1157,544,272,272,
21755,2176,1064,1112,3807,1883,1924,4351,2094,2257,3807,1844,1963,2176,1018,1158,544,272,272,
21760,2176,1064,1112,3808,1883,1925,4352,2094,2258,3808,1845,1963,2176,1018,1158,544,272,272,
21765,2176,1064,1112,3809,1884,1925,4352,2094,2258,3808,1845,1963,2176,1018,1158,544,272,272,
21770,2177,1064,1113,3810,1884,1926,4354,2094,2260,3809,1846,1963,2176,1018,1158,544,272,272,
21775,2178,1065,1113,3810,1884,1926,4354,2094,2260,3810,1846,1964,2176,1018,1158,544,272,272,
21780,2179,1065,1114,3812,1885,1927,4357,2096,2261,3811,1847,1964,2177,1018,1159,544,272,272,
21785,2179,1065,1114,3813,1885,1928,4357,2096,2261,3812,1848,1964,2177,1018,1159,545,272,273,
21790,2180,1066,1114,3813,1885,1928,4358,2096,2262,3813,1848,1965,2179,1020,1159,545,272,273,
21795,2180,1066,1114,3814,1886,1928,4359,2096,2263,3814,1849,1965,2180,1021,1159,545,272,273,
21800,2180,1066,1114,3815,1887,1928,4360,2096,2264,3815,1849,1966,2180,1021,1159,545,272,273,
21805,2180,1066,1114,3816,1887,1929,4360,2096,2264,3815,1849,1966,2180,1021,1159,545,272,273,
21810,2181,1067,1114,3817,1887,1930,4362,2097,2265,3816,1849,1967,2180,1021,1159,545,272,273,
21815,2182,1068,1114,3817,1887,1930,4362,2097,2265,3817,1850,1967,2180,1021,1159,545,272,273,
21820,2183,1069,1114,3819,1888,1931,4365,2098,2267,3818,1851,1967,2181,1022,1159,545,272,273,
21825,2183,1069,1114,3820,1888,1932,4365,2098,2267,3819,1852,1967,2181,1022,1159,546,273,273,
21830,2184,1069,1115,3820,1888,1932,4366,2098,2268,3820,1853,1967,2183,1024,1159,546,273,273,
21835,2184,1069,1115,3821,1888,1933,4367,2098,2269,3821,1854,1967,2184,1024,1160,546,273,273,
21840,2184,1069,1115,3822,1889,1933,4368,2099,2269,3822,1855,1967,2184,1024,1160,546,273,273,
21845,2184,1069,1115,3823,1889,1934,4368,2099,2269,3822,1855,1967,2184,1024,1160,546,273,273,
21850,2185,1069,1116,3824,1889,1935,4370,2101,2269,3823,1855,1968,2184,1024,1160,546,273,273,
21855,2186,1069,1117,3824,1889,1935,4370,2101,2269,3824,1856,1968,2184,1024,1160,546,273,273,
21860,2187,1069,1118,3826,1889,1937,4373,2103,2270,3825,1857,1968,2185,1024,1161,546,273,273,
21865,2187,1069,1118,3827,1889,1938,4373,2103,2270,3826,1858,1968,2185,1024,1161,547,273,274,
21870,2188,1069,1119,3827,1889,1938,4374,2104,2270,3827,1858,1969,2187,1024,1163,547,273,274,
21875,2188,1069,1119,3828,1890,1938,4375,2105,2270,3828,1859,1969,2188,1024,1164,547,273,274,
21880,2188,1069,1119,3829,1891,1938,4376,2105,2271,3829,1859,1970,2188,1024,1164,547,273,274,
21885,2188,1069,1119,3830,1892,1938,4376,2105,2271,3829,1859,1970,2188,1024,1164,547,273,274,
21890,2189,1070,1119,3831,1892,1939,4378,2107,2271,3830,1859,1971,2188,1024,1164,547,273,274,
21895,2190,1070,1120,3831,1892,1939,4378,2107,2271,3831,1860,1971,2188,1024,1164,547,273,274,
21900,2191,1070,1121,3833,1894,1939,4381,2107,2274,3832,1860,1972,2189,1025,1164,547,273,274,
21905,2191,1070,1121,3834,1894,1940,4381,2107,2274,3833,1861,1972,2189,1025,1164,548,274,274,
21910,2192,1071,1121,3834,1894,1940,4382,2107,2275,3834,1862,1972,2191,1025,1166,548,274,274,
21915,2192,1071,1121,3835,1894,1941,4383,2108,2275,3835,1863,1972,2192,1025,1167,548,274,274,
21920,2192,1071,1121,3836,1895,1941,4384,2108,2276,3836,1864,1972,2192,1025,1167,548,274,274,
21925,2192,1071,1121,3837,1896,1941,4384,2108,2276,3836,1864,1972,2192,1025,1167,548,274,274,
21930,2193,1071,1122,3838,1897,1941,4386,2109,2277,3837,1864,1973,2192,1025,1167,548,274,274,
21935,2194,1071,1123,3838,1897,1941,4386,2109,2277,3838,1864,1974,2192,1025,1167,548,274,274,
21940,2195,1072,1123,3840,1897,1943,4389,2110,2279,3839,1865,1974,2193,1026,1167,548,274,274,
21945,2195,1072,1123,3841,1897,1944,4389,2110,2279,3840,1866,1974,2193,1026,1167,549,275,274,
21950,2196,1073,1123,3841,1897,1944,4390,2111,2279,3841,1867,1974,2195,1026,1169,549,275,274,
21955,2196,1073,1123,3842,1897,1945,4391,2111,2280,3842,1868,1974,2196,1027,1169,549,275,274,
21960,2196,1073,1123,3843,1897,1946,4392,2111,2281,3843,1868,1975,2196,1027,1169,549,275,274,
21965,2196,1073,1123,3844,1897,1947,4392,2111,2281,3843,1868,1975,2196,1027,1169,549,275,274,
21970,2197,1074,1123,3845,1897,1948,4394,2111,2283,3844,1869,1975,2196,1027,1169,549,275,274,
21975,2198,1075,1123,3845,1897,1948,4394,2111,2283,3845,1869,1976,2196,1027,1169,549,275,274,
21980,2199,1076,1123,3847,1897,1950,4397,2113,2284,3846,1870,1976,2197,1027,1170,549,275,274,
21985,2199,1076,1123,3848,1897,1951,4397,2113,2284,3847,1870,1977,2197,1027,1170,550,276,274,
21990,2200,1076,1124,3848,1897,1951,4398,2113,2285,3848,1871,1977,2199,1029,1170,550,276,274,
21995,2200,1076,1124,3849,1898,1951,4399,2114,2285,3849,1872,1977,2200,1030,1170,550,276,274,
22000,2200,1076,1124,3850,1898,1952,4400,2114,2286,3850,1873,1977,2200,1030,1170,550,276,274,
22005,2200,1076,1124,3851,1898,1953,4400,2114,2286,3850,1873,1977,2200,1030,1170,550,276,274,
22010,2201,1077,1124,3852,1899,1953,4402,2115,2287,3851,1873,1978,2200,1030,1170,550,276,274,
22015,2202,1078,1124,3852,1899,1953,4402,2115,2287,3852,1874,1978,2200,1030,1170,550,276,274,
22020,2203,1078,1125,3854,1899,1955,4405,2117,2288,3853,1875,1978,2201,1031,1170,550,276,274,
22025,2203,1078,1125,3855,1899,1956,4405,2117,2288,3854,1875,1979,2201,1031,1170,551,277,274,
22030,2204,1078,1126,3855,1899,1956,4406,2118,2288,3855,1876,1979,2203,1033,1170,551,277,274,
22035,2204,1078,1126,3856,1899,1957,4407,2118,2289,3856,1877,1979,2204,1033,1171,551,277,274,
22040,2204,1078,1126,3857,1900,1957,4408,2119,2289,3857,1878,1979,2204,1033,1171,551,277,274,
22045,2204,1078,1126,3858,1900,1958,4408,2119,2289,3857,1878,1979,2204,1033,1171,551,277,274,
22050,2205,1078,1127,3859,1901,1958,4410,2121,2289,3858,1878,1980,2204,1033,1171,551,277,274,
22055,2206,1079,1127,3859,1901,1958,4410,2121,2289,3859,1879,1980,2204,1033,1171,551,277,274,
22060,2207,1080,1127,3861,1902,1959,4413,2121,2292,3860,1880,1980,2205,1033,1172,551,277,274,
22065,2207,1080,1127,3862,1903,1959,4413,2121,2292,3861,1880,1981,2205,1033,1172,552,278,274,
22070,2208,1081,1127,3862,1903,1959,4414,2122,2292,3862,1880,1982,2207,1034,1173,552,278,274,
22075,2208,1081,1127,3863,1903,1960,4415,2122,2293,3863,1881,1982,2208,1035,1173,552,278,274,
22080,2208,1081,1127,3864,1904,1960,4416,2123,2293,3864,1882,1982,2208,1035,1173,552,278,274,
22085,2208,1081,1127,3865,1904,1961,4416,2123,2293,3864,1882,1982,2208,1035,1173,552,278,274,
22090,2209,1082,1127,3866,1905,1961,4418,2123,2295,3865,1883,1982,2208,1035,1173,552,278,274,
22095,2210,1082,1128,3866,1905,1961,4418,2123,2295,3866,1884,1982,2208,1035,1173,552,278,274,
22100,2211,1083,1128,3868,1906,1962,4421,2124,2297,3867,1884,1983,2209,1035,1174,552,278,274,
22105,2211,1083,1128,3869,1906,1963,4421,2124,2297,3868,1885,1983,2209,1035,1174,553,278,275,
22110,2212,1083,1129,3869,1906,1963,4422,2124,2298,3869,1886,1983,2211,1035,1176,553,278,275,
22115,2212,1083,1129,3870,1907,1963,4423,2125,2298,3870,1887,1983,2212,1035,1177,553,278,275,
22120,2212,1083,1129,3871,1907,1964,4424,2125,2299,3871,1887,1984,2212,1035,1177,553,278,275,
22125,2212,1083,1129,3872,1907,1965,4424,2125,2299,3871,1887,1984,2212,1035,1177,553,278,275,
22130,2213,1084,1129,3873,1908,1965,4426,2127,2299,3872,1887,1985,2212,1035,1177,553,278,275,
22135,2214,1084,1130,3873,1908,1965,4426,2127,2299,3873,1887,1986,2212,1035,1177,553,278,275,
22140,2215,1084,1131,3875,1909,1966,4429,2128,2301,3874,1887,1987,2213,1036,1177,553,278,275,
22145,2215,1084,1131,3876,1910,1966,4429,2128,2301,3875,1888,1987,2213,1036,1177,554,279,275,
22150,2216,1084,1132,3876,1910,1966,4430,2129,2301,3876,1889,1987,2215,1038,1177,554,279,275,
22155,2216,1084,1132,3877,1911,1966,4431,2130,2301,3877,1889,1988,2216,1039,1177,554,279,275,
22160,2216,1084,1132,3878,1911,1967,4432,2131,2301,3878,1890,1988,2216,1039,1177,554,279,275,
22165,2216,1084,1132,3879,1912,1967,4432,2131,2301,3878,1890,1988,2216,1039,1177,554,279,275,
22170,2217,1085,1132,3880,1912,1968,4434,2132,2302,3879,1891,1988,2216,1039,1177,554,279,275,
22175,2218,1085,1133,3880,1912,1968,4434,2132,2302,3880,1892,1988,2216,1039,1177,554,279,275,
22180,2219,1086,1133,3882,1912,1970,4437,2135,2302,3881,1892,1989,2217,1039,1178,554,279,275,
22185,2219,1086,1133,3883,1913,1970,4437,2135,2302,3882,1893,1989,2217,1039,1178,555,280,275,
22190,2220,1086,1134,3883,1913,1970,4438,2135,2303,3883,1893,1990,2219,1040,1179,555,280,275,
22195,2220,1086,1134,3884,1913,1971,4439,2136,2303,3884,1894,1990,2220,1040,1180,555,280,275,
22200,2220,1086,1134,3885,1914,1971,4440,2136,2304,3885,1895,1990,2220,1040,1180,555,280,275,
22205,2220,1086,1134,3886,1915,1971,4440,2136,2304,3885,1895,1990,2220,1040,1180,555,280,275,
22210,2221,1086,1135,3887,1915,1972,4442,2136,2306,3886,1896,1990,2220,1040,1180,555,280,275,
22215,2222,1086,1136,3887,1915,1972,4442,2136,2306,3887,1897,1990,2220,1040,1180,555,280,275,
22220,2223,1087,1136,3889,1916,1973,4445,2136,2309,3888,1897,1991,2221,1040,1181,555,280,275,
22225,2223,1087,1136,3890,1916,1974,4445,2136,2309,3889,1898,1991,2221,1040,1181,556,280,276,
22230,2224,1088,1136,3890,1916,1974,4446,2136,2310,3890,1899,1991,2223,1040,1183,556,280,276,
22235,2224,1088,1136,3891,1916,1975,4447,2136,2311,3891,1900,1991,2224,1041,1183,556,280,276,
22240,2224,1088,1136,3892,1917,1975,4448,2136,2312,3892,1901,1991,2224,1041,1183,556,280,276,
22245,2224,1088,1136,3893,1917,1976,4448,2136,2312,3892,1901,1991,2224,1041,1183,556,280,276,
22250,2225,1088,1137,3894,1917,1977,4450,2137,2313,3893,1901,1992,2224,1041,1183,556,280,276,
22255,2226,1088,1138,3894,1917,1977,4450,2137,2313,3894,1902,1992,2224,1041,1183,556,280,276,
22260,2227,1089,1138,3896,1918,1978,4453,2138,2315,3895,1902,1993,2225,1042,1183,556,280,276,
22265,2227,1089,1138,3897,1919,1978,4453,2138,2315,3896,1902,1994,2225,1042,1183,557,280,277,
22270,2228,1089,1139,3897,1919,1978,4454,2138,2316,3897,1902,1995,2227,1043,1184,557,280,277,
22275,2228,1089,1139,3898,1919,1979,4455,2138,2317,3898,1902,1996,2228,1043,1185,557,280,277,
22280,2228,1089,1139,3899,1920,1979,4456,2138,2318,3899,1903,1996,2228,1043,1185,557,280,277,
22285,2228,1089,1139,3900,1921,1979,4456,2138,2318,3899,1903,1996,2228,1043,1185,557,280,277,
22290,2229,1089,1140,3901,1922,1979,4458,2139,2319,3900,1904,1996,2228,1043,1185,557,280,277,
22295,2230,1090,1140,3901,1922,1979,4458,2139,2319,3901,1905,1996,2228,1043,1185,557,280,277,
22300,2231,1090,1141,3903,1922,1981,4461,2139,2322,3902,1906,1996,2229,1043,1186,557,280,277,
22305,2231,1090,1141,3904,1923,1981,4461,2139,2322,3903,1906,1997,2229,1043,1186,558,280,278,
22310,2232,1090,1142,3904,1923,1981,4462,2139,2323,3904,1907,1997,2231,1043,1188,558,280,278,
22315,2232,1090,1142,3905,1924,1981,4463,2139,2324,3905,1908,1997,2232,1044,1188,558,280,278,
22320,2232,1090,1142,3906,1924,1982,4464,2140,2324,3906,1908,1998,2232,1044,1188,558,280,278,
22325,2232,1090,1142,3907,1924,1983,4464,2140,2324,3906,1908,1998,2232,1044,1188,558,280,278,
22330,2233,1091,1142,3908,1924,1984,4466,2141,2325,3907,1909,1998,2232,1044,1188,558,280,278,
22335,2234,1091,1143,3908,1924,1984,4466,2141,2325,3908,1910,1998,2232,1044,1188,558,280,278,
22340,2235,1091,1144,3910,1924,1986,4469,2144,2325,3909,1910,1999,2233,1045,1188,558,280,278,
22345,2235,1091,1144,3911,1925,1986,4469,2144,2325,3910,1911,1999,2233,1045,1188,559,281,278,
22350,2236,1091,1145,3911,1925,1986,4470,2145,2325,3911,1912,1999,2235,1047,1188,559,281,278,
22355,2236,1091,1145,3912,1926,1986,4471,2145,2326,3912,1912,2000,2236,1048,1188,559,281,278,
22360,2236,1091,1145,3913,1926,1987,4472,2146,2326,3913,1912,2001,2236,1048,1188,559,281,278,
22365,2236,1091,1145,3914,1927,1987,4472,2146,2326,3913,1912,2001,2236,1048,1188,559,281,278,
22370,2237,1092,1145,3915,1927,1988,4474,2147,2327,3914,1912,2002,2236,1048,1188,559,281,278,
22375,2238,1093,1145,3915,1927,1988,4474,2147,2327,3915,1913,2002,2236,1048,1188,559,281,278,
22380,2239,1093,1146,3917,1928,1989,4477,2148,2329,3916,1913,2003,2237,1048,1189,559,281,278,
22385,2239,1093,1146,3918,1928,1990,4477,2148,2329,3917,1914,2003,2237,1048,1189,560,281,279,
22390,2240,1094,1146,3918,1928,1990,4478,2149,2329,3918,1915,2003,2239,1049,1190,560,281,279,
22395,2240,1094,1146,3919,1928,1991,4479,2150,2329,3919,1915,2004,2240,1049,1191,560,281,279,
22400,2240,1094,1146,3920,1928,1992,4480,2150,2330,3920,1916,2004,2240,1049,1191,560,281,279,
22405,2240,1094,1146,3921,1928,1993,4480,2150,2330,3920,1916,2004,2240,1049,1191,560,281,279,
22410,2241,1094,1147,3922,1928,1994,4482,2150,2332,3921,1916,2005,2240,1049,1191,560,281,279,
22415,2242,1094,1148,3922,1928,1994,4482,2150,2332,3922,1916,2006,2240,1049,1191,560,281,279,
22420,2243,1095,1148,3924,1930,1994,4485,2150,2335,3923,1916,2007,2241,1049,1192,560,281,279,
22425,2243,1095,1148,3925,1930,1995,4485,2150,2335,3924,1916,2008,2241,1049,1192,561,281,280,
22430,2244,1095,1149,3925,1930,1995,4486,2151,2335,3925,1916,2009,2243,1051,1192,561,281,280,
22435,2244,1095,1149,3926,1930,1996,4487,2152,2335,3926,1916,2010,2244,1051,1193,561,281,280,
22440,2244,1095,1149,3927,1930,1997,4488,2152,2336,3927,1916,2011,2244,1051,1193,561,281,280,
22445,2244,1095,1149,3928,1930,1998,4488,2152,2336,3927,1916,2011,2244,1051,1193,561,281,280,
22450,2245,1096,1149,3929,1931,1998,4490,2152,2338,3928,1916,2012,2244,1051,1193,561,281,280,
22455,2246,1097,1149,3929,1931,1998,4490,2152,2338,3929,1917,2012,2244,1051,1193,561,281,280,
22460,2247,1097,1150,3931,1932,1999,4493,2154,2339,3930,1917,2013,2245,1051,1194,561,281,280,
22465,2247,1097,1150,3932,1932,2000,4493,2154,2339,3931,1917,2014,2245,1051,1194,562,282,280,
22470,2248,1097,1151,3932,1932,2000,4494,2155,2339,3932,1917,2015,2247,1053,1194,562,282,280,
22475,2248,1097,1151,3933,1933,2000,4495,2155,2340,3933,1918,2015,2248,1054,1194,562,282,280,
22480,2248,1097,1151,3934,1934,2000,4496,2156,2340,3934,1918,2016,2248,1054,1194,562,282,280,
22485,2248,1097,1151,3935,1934,2001,4496,2156,2340,3934,1918,2016,2248,1054,1194,562,282,280,
22490,2249,1097,1152,3936,1935,2001,4498,2157,2341,3935,1918,2017,2248,1054,1194,562,282,280,
22495,2250,1098,1152,3936,1935,2001,4498,2157,2341,3936,1918,2018,2248,1054,1194,562,282,280,
22500,2251,1098,1153,3938,1935,2003,4501,2159,2342,3937,1919,2018,2249,1055,1194,562,282,280,
22505,2251,1098,1153,3939,1936,2003,4501,2159,2342,3938,1919,2019,2249,1055,1194,563,283,280,
22510,2252,1098,1154,3939,1936,2003,4502,2160,2342,3939,1919,2020,2251,1056,1195,563,283,280,
22515,2252,1098,1154,3940,1937,2003,4503,2161,2342,3940,1920,2020,2252,1056,1196,563,283,280,
22520,2252,1098,1154,3941,1937,2004,4504,2161,2343,3941,1920,2021,2252,1056,1196,563,283,280,
22525,2252,1098,1154,3942,1937,2005,4504,2161,2343,3941,1920,2021,2252,1056,1196,563,283,280,
22530,2253,1098,1155,3943,1937,2006,4506,2162,2344,3942,1921,2021,2252,1056,1196,563,283,280,
22535,2254,1099,1155,3943,1937,2006,4506,2162,2344,3943,1921,2022,2252,1056,1196,563,283,280,
22540,2255,1099,1156,3945,1938,2007,4509,2163,2346,3944,1922,2022,2253,1056,1197,563,283,280,
22545,2255,1099,1156,3946,1938,2008,4509,2163,2346,3945,1923,2022,2253,1056,1197,564,283,281,
22550,2256,1100,1156,3946,1938,2008,4510,2163,2347,3946,1924,2022,2255,1056,1199,564,283,281,
22555,2256,1100,1156,3947,1938,2009,4511,2164,2347,3947,1925,2022,2256,1057,1199,564,283,281,
22560,2256,1100,1156,3948,1939,2009,4512,2165,2347,3948,1926,2022,2256,1057,1199,564,283,281,
22565,2256,1100,1156,3949,1940,2009,4512,2165,2347,3948,1926,2022,2256,1057,1199,564,283,281,
22570,2257,1101,1156,3950,1940,2010,4514,2166,2348,3949,1926,2023,2256,1057,1199,564,283,281,
22575,2258,1102,1156,3950,1940,2010,4514,2166,2348,3950,1926,2024,2256,1057,1199,564,283,281,
22580,2259,1103,1156,3952,1940,2012,4517,2167,2350,3951,1926,2025,2257,1057,1200,564,283,281,
22585,2259,1103,1156,3953,1941,2012,4517,2167,2350,3952,1927,2025,2257,1057,1200,565,284,281,
22590,2260,1104,1156,3953,1941,2012,4518,2168,2350,3953,1927,2026,2259,1057,1202,565,284,281,
22595,2260,1104,1156,3954,1942,2012,4519,2168,2351,3954,1928,2026,2260,1057,1203,565,284,281,
22600,2260,1104,1156,3955,1943,2012,4520,2169,2351,3955,1929,2026,2260,1057,1203,565,284,281,
22605,2260,1104,1156,3956,1943,2013,4520,2169,2351,3955,1929,2026,2260,1057,1203,565,284,281,
22610,2261,1104,1157,3957,1943,2014,4522,2170,2352,3956,1929,2027,2260,1057,1203,565,284,281,
22615,2262,1104,1158,3957,1943,2014,4522,2170,2352,3957,1930,2027,2260,1057,1203,565,284,281,
22620,2263,1105,1158,3959,1943,2016,4525,2171,2354,3958,1930,2028,2261,1057,1204,565,284,281,
22625,2263,1105,1158,3960,1944,2016,4525,2171,2354,3959,1931,2028,2261,1057,1204,566,285,281,
22630,2264,1105,1159,3960,1944,2016,4526,2172,2354,3960,1931,2029,2263,1059,1204,566,285,281,
22635,2264,1105,1159,3961,1944,2017,4527,2172,2355,3961,1932,2029,2264,1060,1204,566,285,281,
22640,2264,1105,1159,3962,1944,2018,4528,2173,2355,3962,1933,2029,2264,1060,1204,566,285,281,
22645,2264,1105,1159,3963,1945,2018,4528,2173,2355,3962,1933,2029,2264,1060,1204,566,285,281,
22650,2265,1105,1160,3964,1946,2018,4530,2173,2357,3963,1934,2029,2264,1060,1204,566,285,281,
22655,2266,1105,1161,3964,1946,2018,4530,2173,2357,3964,1934,2030,2264,1060,1204,566,285,281,
22660,2267,1105,1162,3966,1946,2020,4533,2175,2358,3965,1934,2031,2265,1061,1204,566,285,281,
22665,2267,1105,1162,3967,1947,2020,4533,2175,2358,3966,1935,2031,2265,1061,1204,567,286,281,
22670,2268,1106,1162,3967,1947,2020,4534,2176,2358,3967,1936,2031,2267,1061,1206,567,286,281,
22675,2268,1106,1162,3968,1947,2021,4535,2177,2358,3968,1936,2032,2268,1061,1207,567,286,281,
22680,2268,1106,1162,3969,1948,2021,4536,2178,2358,3969,1937,2032,2268,1061,1207,567,286,281,
22685,2268,1106,1162,3970,1948,2022,4536,2178,2358,3969,1937,2032,2268,1061,1207,567,286,281,
22690,2269,1106,1163,3971,1949,2022,4538,2180,2358,3970,1938,2032,2268,1061,1207,567,286,281,
22695,2270,1106,1164,3971,1949,2022,4538,2180,2358,3971,1939,2032,2268,1061,1207,567,286,281,
22700,2271,1107,1164,3973,1950,2023,4541,2180,2361,3972,1939,2033,2269,1061,1208,567,286,281,
22705,2271,1107,1164,3974,1951,2023,4541,2180,2361,3973,1939,2034,2269,1061,1208,568,286,282,
22710,2272,1107,1165,3974,1951,2023,4542,2180,2362,3974,1940,2034,2271,1063,1208,568,286,282,
22715,2272,1107,1165,3975,1951,2024,4543,2181,2362,3975,1941,2034,2272,1064,1208,568,286,282,
22720,2272,1107,1165,3976,1952,2024,4544,2182,2362,3976,1942,2034,2272,1064,1208,568,286,282,
22725,2272,1107,1165,3977,1953,2024,4544,2182,2362,3976,1942,2034,2272,1064,1208,568,286,282,
22730,2273,1108,1165,3978,1953,2025,4546,2183,2363,3977,1942,2035,2272,1064,1208,568,286,282,
22735,2274,1109,1165,3978,1953,2025,4546,2183,2363,3978,1942,2036,2272,1064,1208,568,286,282,
22740,2275,1109,1166,3980,1953,2027,4549,2184,2365,3979,1942,2037,2273,1065,1208,568,286,282,
22745,2275,1109,1166,3981,1953,2028,4549,2184,2365,3980,1942,2038,2273,1065,1208,569,287,282,
22750,2276,1110,1166,3981,1953,2028,4550,2184,2366,3981,1942,2039,2275,1065,1210,569,287,282,
22755,2276,1110,1166,3982,1953,2029,4551,2185,2366,3982,1942,2040,2276,1066,1210,569,287,282,
22760,2276,1110,1166,3983,1954,2029,4552,2186,2366,3983,1943,2040,2276,1066,1210,569,287,282,
22765,2276,1110,1166,3984,1955,2029,4552,2186,2366,3983,1943,2040,2276,1066,1210,569,287,282,
22770,2277,1110,1167,3985,1955,2030,4554,2187,2367,3984,1943,2041,2276,1066,1210,569,287,282,
22775,2278,1111,1167,3985,1955,2030,4554,2187,2367,3985,1944,2041,2276,1066,1210,569,287,282,
22780,2279,1111,1168,3987,1957,2030,4557,2190,2367,3986,1945,2041,2277,1066,1211,569,287,282,
22785,2279,1111,1168,3988,1957,2031,4557,2190,2367,3987,1946,2041,2277,1066,1211,570,287,283,
22790,2280,1112,1168,3988,1957,2031,4558,2190,2368,3988,1947,2041,2279,1068,1211,570,287,283,
22795,2280,1112,1168,3989,1957,2032,4559,2191,2368,3989,1947,2042,2280,1068,1212,570,287,283,
22800,2280,1112,1168,3990,1957,2033,4560,2191,2369,3990,1947,2043,2280,1068,1212,570,287,283,
22805,2280,1112,1168,3991,1958,2033,4560,2191,2369,3990,1947,2043,2280,1068,1212,570,287,283,
22810,2281,1113,1168,3992,1959,2033,4562,2192,2370,3991,1947,2044,2280,1068,1212,570,287,283,
22815,2282,1113,1169,3992,1959,2033,4562,2192,2370,3992,1948,2044,2280,1068,1212,570,287,283,
22820,2283,1114,1169,3994,1960,2034,4565,2193,2372,3993,1949,2044,2281,1068,1213,570,287,283,
22825,2283,1114,1169,3995,1960,2035,4565,2193,2372,3994,1949,2045,2281,1068,1213,571,287,284,
22830,2284,1114,1170,3995,1960,2035,4566,2193,2373,3995,1949,2046,2283,1068,1215,571,287,284,
22835,2284,1114,1170,3996,1961,2035,4567,2193,2374,3996,1949,2047,2284,1069,1215,571,287,284,
22840,2284,1114,1170,3997,1962,2035,4568,2193,2375,3997,1950,2047,2284,1069,1215,571,287,284,
22845,2284,1114,1170,3998,1962,2036,4568,2193,2375,3997,1950,2047,2284,1069,1215,571,287,284,
22850,2285,1114,1171,3999,1962,2037,4570,2195,2375,3998,1951,2047,2284,1069,1215,571,287,284,
22855,2286,1115,1171,3999,1962,2037,4570,2195,2375,3999,1951,2048,2284,1069,1215,571,287,284,
22860,2287,1116,1171,4001,1962,2039,4573,2197,2376,4000,1952,2048,2285,1069,1216,571,287,284,
22865,2287,1116,1171,4002,1962,2040,4573,2197,2376,4001,1952,2049,2285,1069,1216,572,288,284,
22870,2288,1117,1171,4002,1962,2040,4574,2197,2377,4002,1953,2049,2287,1070,1217,572,288,284,
22875,2288,1117,1171,4003,1963,2040,4575,2197,2378,4003,1954,2049,2288,1070,1218,572,288,284,
22880,2288,1117,1171,4004,1964,2040,4576,2197,2379,4004,1954,2050,2288,1070,1218,572,288,284,
22885,2288,1117,1171,4005,1965,2040,4576,2197,2379,4004,1954,2050,2288,1070,1218,572,288,284,
22890,2289,1118,1171,4006,1965,2041,4578,2197,2381,4005,1955,2050,2288,1070,1218,572,288,284,
22895,2290,1118,1172,4006,1965,2041,4578,2197,2381,4006,1956,2050,2288,1070,1218,572,288,284,
22900,2291,1118,1173,4008,1965,2043,4581,2199,2382,4007,1957,2050,2289,1070,1219,572,288,284,
22905,2291,1118,1173,4009,1965,2044,4581,2199,2382,4008,1957,2051,2289,1070,1219,573,288,285,
22910,2292,1119,1173,4009,1965,2044,4582,2200,2382,4009,1958,2051,2291,1072,1219,573,288,285,
22915,2292,1119,1173,4010,1965,2045,4583,2200,2383,4010,1958,2052,2292,1072,1220,573,288,285,
22920,2292,1119,1173,4011,1966,2045,4584,2200,2384,4011,1958,2053,2292,1072,1220,573,288,285,
22925,2292,1119,1173,4012,1966,2046,4584,2200,2384,4011,1958,2053,2292,1072,1220,573,288,285,
22930,2293,1119,1174,4013,1966,2047,4586,2202,2384,4012,1959,2053,2292,1072,1220,573,288,285,
22935,2294,1120,1174,4013,1966,2047,4586,2202,2384,4013,1959,2054,2292,1072,1220,573,288,285,
22940,2295,1120,1175,4015,1967,2048,4589,2203,2386,4014,1960,2054,2293,1073,1220,573,288,285,
22945,2295,1120,1175,4016,1967,2049,4589,2203,2386,4015,1960,2055,2293,1073,1220,574,288,286,
22950,2296,1121,1175,4016,1967,2049,4590,2203,2387,4016,1960,2056,2295,1075,1220,574,288,286,
22955,2296,1121,1175,4017,1967,2050,4591,2203,2388,4017,1961,2056,2296,1076,1220,574,288,286,
22960,2296,1121,1175,4018,1967,2051,4592,2204,2388,4018,1961,2057,2296,1076,1220,574,288,286,
22965,2296,1121,1175,4019,1967,2052,4592,2204,2388,4018,1961,2057,2296,1076,1220,574,288,286,
22970,2297,1121,1176,4020,1968,2052,4594,2204,2390,4019,1962,2057,2296,1076,1220,574,288,286,
22975,2298,1121,1177,4020,1968,2052,4594,2204,2390,4020,1962,2058,2296,1076,1220,574,288,286,
22980,2299,1122,1177,4022,1970,2052,4597,2205,2392,4021,1962,2059,2297,1077,1220,574,288,286,
22985,2299,1122,1177,4023,1970,2053,4597,2205,2392,4022,1963,2059,2297,1077,1220,575,289,286,
22990,2300,1122,1178,4023,1970,2053,4598,2205,2393,4023,1963,2060,2299,1079,1220,575,289,286,
22995,2300,1122,1178,4024,1970,2054,4599,2206,2393,4024,1964,2060,2300,1079,1221,575,289,286,
23000,2300,1122,1178,4025,1970,2055,4600,2207,2393,4025,1964,2061,2300,1079,1221,575,289,286,
23005,2300,1122,1178,4026,1971,2055,4600,2207,2393,4025,1964,2061,2300,1079,1221,575,289,286,
23010,2301,1122,1179,4027,1971,2056,4602,2207,2395,4026,1965,2061,2300,1079,1221,575,289,286,
23015,2302,1123,1179,4027,1971,2056,4602,2207,2395,4027,1965,2062,2300,1079,1221,575,289,286,
23020,2303,1123,1180,4029,1973,2056,4605,2208,2397,4028,1965,2063,2301,1080,1221,575,289,286,
23025,2303,1123,1180,4030,1974,2056,4605,2208,2397,4029,1966,2063,2301,1080,1221,576,290,286,
23030,2304,1123,1181,4030,1974,2056,4606,2209,2397,4030,1966,2064,2303,1081,1222,576,290,286,
23035,2304,1123,1181,4031,1974,2057,4607,2210,2397,4031,1967,2064,2304,1081,1223,576,290,286,
23040,2304,1123,1181,4032,1974,2058,4608,2211,2397,4032,1967,2065,2304,1081,1223,576,290,286,
23045,2304,1123,1181,4033,1975,2058,4608,2211,2397,4032,1967,2065,2304,1081,1223,576,290,286,
23050,2305,1124,1181,4034,1975,2059,4610,2213,2397,4033,1967,2066,2304,1081,1223,576,290,286,
23055,2306,1124,1182,4034,1975,2059,4610,2213,2397,4034,1968,2066,2304,1081,1223,576,290,286,
23060,2307,1125,1182,4036,1976,2060,4613,2214,2399,4035,1968,2067,2305,1082,1223,576,290,286,
23065,2307,1125,1182,4037,1976,2061,4613,2214,2399,4036,1968,2068,2305,1082,1223,577,291,286,
23070,2308,1126,1182,4037,1976,2061,4614,2214,2400,4037,1969,2068,2307,1083,1224,577,291,286,
23075,2308,1126,1182,4038,1977,2061,4615,2215,2400,4038,1970,2068,2308,1083,1225,577,291,286,
23080,2308,1126,1182,4039,1977,2062,4616,2216,2400,4039,1971,2068,2308,1083,1225,577,291,286,
23085,2308,1126,1182,4040,1978,2062,4616,2216,2400,4039,1971,2068,2308,1083,1225,577,291,286,
23090,2309,1126,1183,4041,1978,2063,4618,2217,2401,4040,1972,2068,2308,1083,1225,577,291,286,
23095,2310,1126,1184,4041,1978,2063,4618,2217,2401,4041,1973,2068,2308,1083,1225,577,291,286,
23100,2311,1127,1184,4043,1979,2064,4621,2219,2402,4042,1974,2068,2309,1084,1225,577,291,286,
23105,2311,1127,1184,4044,1979,2065,4621,2219,2402,4043,1974,2069,2309,1084,1225,578,291,287,
23110,2312,1128,1184,4044,1979,2065,4622,2220,2402,4044,1975,2069,2311,1084,1227,578,291,287,
23115,2312,1128,1184,4045,1979,2066,4623,2220,2403,4045,1976,2069,2312,1084,1228,578,291,287,
23120,2312,1128,1184,4046,1979,2067,4624,2220,2404,4046,1977,2069,2312,1084,1228,578,291,287,
23125,2312,1128,1184,4047,1979,2068,4624,2220,2404,4046,1977,2069,2312,1084,1228,578,291,287,
23130,2313,1128,1185,4048,1979,2069,4626,2221,2405,4047,1978,2069,2312,1084,1228,578,291,287,
23135,2314,1129,1185,4048,1979,2069,4626,2221,2405,4048,1978,2070,2312,1084,1228,578,291,287,
23140,2315,1130,1185,4050,1980,2070,4629,2224,2405,4049,1978,2071,2313,1085,1228,578,291,287,
23145,2315,1130,1185,4051,1980,2071,4629,2224,2405,4050,1979,2071,2313,1085,1228,579,292,287,
23150,2316,1131,1185,4051,1980,2071,4630,2224,2406,4051,1979,2072,2315,1086,1229,579,292,287,
23155,2316,1131,1185,4052,1980,2072,4631,2224,2407,4052,1979,2073,2316,1087,1229,579,292,287,
23160,2316,1131,1185,4053,1981,2072,4632,2225,2407,4053,1980,2073,2316,1087,1229,579,292,287,
23165,2316,1131,1185,4054,1982,2072,4632,2225,2407,4053,1980,2073,2316,1087,1229,579,292,287,
23170,2317,1131,1186,4055,1983,2072,4634,2226,2408,4054,1980,2074,2316,1087,1229,579,292,287,
23175,2318,1131,1187,4055,1983,2072,4634,2226,2408,4055,1980,2075,2316,1087,1229,579,292,287,
23180,2319,1132,1187,4057,1984,2073,4637,2228,2409,4056,1981,2075,2317,1088,1229,579,292,287,
23185,2319,1132,1187,4058,1985,2073,4637,2228,2409,4057,1981,2076,2317,1088,1229,580,293,287,
23190,2320,1132,1188,4058,1985,2073,4638,2229,2409,4058,1982,2076,2319,1089,1230,580,293,287,
23195,2320,1132,1188,4059,1985,2074,4639,2230,2409,4059,1983,2076,2320,1089,1231,580,293,287,
23200,2320,1132,1188,4060,1985,2075,4640,2231,2409,4060,1984,2076,2320,1089,1231,580,293,287,
23205,2320,1132,1188,4061,1985,2076,4640,2231,2409,4060,1984,2076,2320,1089,1231,580,293,287,
23210,2321,1133,1188,4062,1985,2077,4642,2231,2411,4061,1985,2076,2320,1089,1231,580,293,287,
23215,2322,1134,1188,4062,1985,2077,4642,2231,2411,4062,1986,2076,2320,1089,1231,580,293,287,
23220,2323,1135,1188,4064,1986,2078,4645,2233,2412,4063,1987,2076,2321,1089,1232,580,293,287,
23225,2323,1135,1188,4065,1987,2078,4645,2233,2412,4064,1987,2077,2321,1089,1232,581,293,288,
23230,2324,1136,1188,4065,1987,2078,4646,2233,2413,4065,1988,2077,2323,1090,1233,581,293,288,
23235,2324,1136,1188,4066,1988,2078,4647,2233,2414,4066,1988,2078,2324,1091,1233,581,293,288,
23240,2324,1136,1188,4067,1989,2078,4648,2233,2415,4067,1989,2078,2324,1091,1233,581,293,288,
23245,2324,1136,1188,4068,1990,2078,4648,2233,2415,4067,1989,2078,2324,1091,1233,581,293,288,
23250,2325,1136,1189,4069,1990,2079,4650,2235,2415,4068,1990,2078,2324,1091,1233,581,293,288,
23255,2326,1136,1190,4069,1990,2079,4650,2235,2415,4069,1991,2078,2324,1091,1233,581,293,288,
23260,2327,1137,1190,4071,1992,2079,4653,2238,2415,4070,1991,2079,2325,1092,1233,581,293,288,
23265,2327,1137,1190,4072,1992,2080,4653,2238,2415,4071,1992,2079,2325,1092,1233,582,293,289,
23270,2328,1137,1191,4072,1992,2080,4654,2239,2415,4072,1993,2079,2327,1093,1234,582,293,289,
23275,2328,1137,1191,4073,1992,2081,4655,2239,2416,4073,1993,2080,2328,1094,1234,582,293,289,
23280,2328,1137,1191,4074,1993,2081,4656,2240,2416,4074,1993,2081,2328,1094,1234,582,293,289,
23285,2328,1137,1191,4075,1993,2082,4656,2240,2416,4074,1993,2081,2328,1094,1234,582,293,289,
23290,2329,1138,1191,4076,1994,2082,4658,2242,2416,4075,1994,2081,2328,1094,1234,582,293,289,
23295,2330,1138,1192,4076,1994,2082,4658,2242,2416,4076,1994,2082,2328,1094,1234,582,293,289,
23300,2331,1139,1192,4078,1994,2084,4661,2244,2417,4077,1995,2082,2329,1094,1235,582,293,289,
23305,2331,1139,1192,4079,1995,2084,4661,2244,2417,4078,1996,2082,2329,1094,1235,583,294,289,
23310,2332,1139,1193,4079,1995,2084,4662,2245,2417,4079,1997,2082,2331,1094,1237,583,294,289,
23315,2332,1139,1193,4080,1996,2084,4663,2246,2417,4080,1998,2082,2332,1095,1237,583,294,289,
23320,2332,1139,1193,4081,1996,2085,4664,2247,2417,4081,1999,2082,2332,1095,1237,583,294,289,
23325,2332,1139,1193,4082,1997,2085,4664,2247,2417,4081,1999,2082,2332,1095,1237,583,294,289,
23330,2333,1139,1194,4083,1997,2086,4666,2247,2419,4082,2000,2082,2332,1095,1237,583,294,289,
23335,2334,1139,1195,4083,1997,2086,4666,2247,2419,4083,2000,2083,2332,1095,1237,583,294,289,
23340,2335,1139,1196,4085,1997,2088,4669,2249,2420,4084,2000,2084,2333,1095,1238,583,294,289,
23345,2335,1139,1196,4086,1997,2089,4669,2249,2420,4085,2000,2085,2333,1095,1238,584,294,290,
23350,2336,1140,1196,4086,1997,2089,4670,2249,2421,4086,2000,2086,2335,1096,1239,584,294,290,
23355,2336,1140,1196,4087,1997,2090,4671,2249,2422,4087,2000,2087,2336,1097,1239,584,294,290,
23360,2336,1140,1196,4088,1997,2091,4672,2249,2423,4088,2001,2087,2336,1097,1239,584,294,290,
23365,2336,1140,1196,4089,1998,2091,4672,2249,2423,4088,2001,2087,2336,1097,1239,584,294,290,
23370,2337,1141,1196,4090,1998,2092,4674,2250,2424,4089,2002,2087,2336,1097,1239,584,294,290,
23375,2338,1142,1196,4090,1998,2092,4674,2250,2424,4090,2002,2088,2336,1097,1239,584,294,290,
23380,2339,1143,1196,4092,1999,2093,4677,2250,2427,4091,2002,2089,2337,1098,1239,584,294,290,
23385,2339,1143,1196,4093,2000,2093,4677,2250,2427,4092,2002,2090,2337,1098,1239,585,295,290,
23390,2340,1144,1196,4093,2000,2093,4678,2251,2427,4093,2002,2091,2339,1099,1240,585,295,290,
23395,2340,1144,1196,4094,2000,2094,4679,2251,2428,4094,2003,2091,2340,1099,1241,585,295,290,
23400,2340,1144,1196,4095,2000,2095,4680,2252,2428,4095,2003,2092,2340,1099,1241,585,295,290,
23405,2340,1144,1196,4096,2001,2095,4680,2252,2428,4095,2003,2092,2340,1099,1241,585,295,290,
23410,2341,1145,1196,4097,2001,2096,4682,2254,2428,4096,2003,2093,2340,1099,1241,585,295,290,
23415,2342,1146,1196,4097,2001,2096,4682,2254,2428,4097,2004,2093,2340,1099,1241,585,295,290,
23420,2343,1146,1197,4099,2001,2098,4685,2255,2430,4098,2005,2093,2341,1100,1241,585,295,290,
23425,2343,1146,1197,4100,2002,2098,4685,2255,2430,4099,2006,2093,2341,1100,1241,586,296,290,
23430,2344,1147,1197,4100,2002,2098,4686,2255,2431,4100,2006,2094,2343,1102,1241,586,296,290,
23435,2344,1147,1197,4101,2003,2098,4687,2255,2432,4101,2006,2095,2344,1102,1242,586,296,290,
23440,2344,1147,1197,4102,2003,2099,4688,2255,2433,4102,2006,2096,2344,1102,1242,586,296,290,
23445,2344,1147,1197,4103,2003,2100,4688,2255,2433,4102,2006,2096,2344,1102,1242,586,296,290,
23450,2345,1147,1198,4104,2004,2100,4690,2255,2435,4103,2006,2097,2344,1102,1242,586,296,290,
23455,2346,1147,1199,4104,2004,2100,4690,2255,2435,4104,2007,2097,2344,1102,1242,586,296,290,
23460,2347,1147,1200,4106,2006,2100,4693,2256,2437,4105,2007,2098,2345,1103,1242,586,296,290,
23465,2347,1147,1200,4107,2007,2100,4693,2256,2437,4106,2007,2099,2345,1103,1242,587,296,291,
23470,2348,1148,1200,4107,2007,2100,4694,2257,2437,4107,2007,2100,2347,1105,1242,587,296,291,
23475,2348,1148,1200,4108,2008,2100,4695,2258,2437,4108,2007,2101,2348,1106,1242,587,296,291,
23480,2348,1148,1200,4109,2008,2101,4696,2258,2438,4109,2008,2101,2348,1106,1242,587,296,291,
23485,2348,1148,1200,4110,2009,2101,4696,2258,2438,4109,2008,2101,2348,1106,1242,587,296,291,
23490,2349,1149,1200,4111,2010,2101,4698,2260,2438,4110,2008,2102,2348,1106,1242,587,296,291,
23495,2350,1149,1201,4111,2010,2101,4698,2260,2438,4111,2009,2102,2348,1106,1242,587,296,291,
23500,2351,1149,1202,4113,2011,2102,4701,2260,2441,4112,2010,2102,2349,1106,1243,587,296,291,
23505,2351,1149,1202,4114,2011,2103,4701,2260,2441,4113,2011,2102,2349,1106,1243,588,296,292,
23510,2352,1150,1202,4114,2011,2103,4702,2260,2442,4114,2011,2103,2351,1108,1243,588,296,292,
23515,2352,1150,1202,4115,2012,2103,4703,2261,2442,4115,2012,2103,2352,1108,1244,588,296,292,
23520,2352,1150,1202,4116,2012,2104,4704,2262,2442,4116,2013,2103,2352,1108,1244,588,296,292,
23525,2352,1150,1202,4117,2013,2104,4704,2262,2442,4116,2013,2103,2352,1108,1244,588,296,292,
23530,2353,1151,1202,4118,2013,2105,4706,2263,2443,4117,2014,2103,2352,1108,1244,588,296,292,
23535,2354,1151,1203,4118,2013,2105,4706,2263,2443,4118,2014,2104,2352,1108,1244,588,296,292,
23540,2355,1152,1203,4120,2014,2106,4709,2264,2445,4119,2015,2104,2353,1109,1244,588,296,292,
23545,2355,1152,1203,4121,2015,2106,4709,2264,2445,4120,2016,2104,2353,1109,1244,589,297,292,
23550,2356,1153,1203,4121,2015,2106,4710,2265,2445,4121,2016,2105,2355,1109,1246,589,297,292,
23555,2356,1153,1203,4122,2015,2107,4711,2266,2445,4122,2017,2105,2356,1109,1247,589,297,292,
23560,2356,1153,1203,4123,2015,2108,4712,2267,2445,4123,2017,2106,2356,1109,1247,589,297,292,
23565,2356,1153,1203,4124,2016,2108,4712,2267,2445,4123,2017,2106,2356,1109,1247,589,297,292,
23570,2357,1153,1204,4125,2016,2109,4714,2268,2446,4124,2017,2107,2356,1109,1247,589,297,292,
23575,2358,1154,1204,4125,2016,2109,4714,2268,2446,4125,2017,2108,2356,1109,1247,589,297,292,
23580,2359,1154,1205,4127,2017,2110,4717,2271,2446,4126,2018,2108,2357,1110,1247,589,297,292,
23585,2359,1154,1205,4128,2018,2110,4717,2271,2446,4127,2018,2109,2357,1110,1247,590,297,293,
23590,2360,1155,1205,4128,2018,2110,4718,2271,2447,4128,2018,2110,2359,1112,1247,590,297,293,
23595,2360,1155,1205,4129,2018,2111,4719,2271,2448,4129,2018,2111,2360,1113,1247,590,297,293,
23600,2360,1155,1205,4130,2018,2112,4720,2271,2449,4130,2019,2111,2360,1113,1247,590,297,293,
23605,2360,1155,1205,4131,2018,2113,4720,2271,2449,4130,2019,2111,2360,1113,1247,590,297,293,
23610,2361,1155,1206,4132,2018,2114,4722,2271,2451,4131,2019,2112,2360,1113,1247,590,297,293,
23615,2362,1155,1207,4132,2018,2114,4722,2271,2451,4132,2019,2113,2360,1113,1247,590,297,293,
23620,2363,1156,1207,4134,2019,2115,4725,2273,2452,4133,2020,2113,2361,1113,1248,590,297,293,
23625,2363,1156,1207,4135,2019,2116,4725,2273,2452,4134,2020,2114,2361,1113,1248,591,297,294,
23630,2364,1157,1207,4135,2019,2116,4726,2273,2453,4135,2021,2114,2363,1114,1249,591,297,294,
23635,2364,1157,1207,4136,2020,2116,4727,2273,2454,4136,2021,2115,2364,1115,1249,591,297,294,
23640,2364,1157,1207,4137,2021,2116,4728,2273,2455,4137,2022,2115,2364,1115,1249,591,297,294,
23645,2364,1157,1207,4138,2021,2117,4728,2273,2455,4137,2022,2115,2364,1115,1249,591,297,294,
23650,2365,1157,1208,4139,2021,2118,4730,2275,2455,4138,2023,2115,2364,1115,1249,591,297,294,
23655,2366,1158,1208,4139,2021,2118,4730,2275,2455,4139,2023,2116,2364,1115,1249,591,297,294,
23660,2367,1158,1209,4141,2023,2118,4733,2276,2457,4140,2023,2117,2365,1116,1249,591,297,294,
23665,2367,1158,1209,4142,2024,2118,4733,2276,2457,4141,2024,2117,2365,1116,1249,592,297,295,
23670,2368,1158,1210,4142,2024,2118,4734,2277,2457,4142,2024,2118,2367,1118,1249,592,297,295,
23675,2368,1158,1210,4143,2025,2118,4735,2277,2458,4143,2024,2119,2368,1118,1250,592,297,295,
23680,2368,1158,1210,4144,2026,2118,4736,2277,2459,4144,2025,2119,2368,1118,1250,592,297,295,
23685,2368,1158,1210,4145,2026,2119,4736,2277,2459,4144,2025,2119,2368,1118,1250,592,297,295,
23690,2369,1158,1211,4146,2026,2120,4738,2279,2459,4145,2026,2119,2368,1118,1250,592,297,295,
23695,2370,1159,1211,4146,2026,2120,4738,2279,2459,4146,2026,2120,2368,1118,1250,592,297,295,
23700,2371,1159,1212,4148,2027,2121,4741,2282,2459,4147,2027,2120,2369,1118,1251,592,297,295,
23705,2371,1159,1212,4149,2028,2121,4741,2282,2459,4148,2027,2121,2369,1118,1251,593,298,295,
23710,2372,1159,1213,4149,2028,2121,4742,2282,2460,4149,2028,2121,2371,1119,1252,593,298,295,
23715,2372,1159,1213,4150,2029,2121,4743,2282,2461,4150,2029,2121,2372,1120,1252,593,298,295,
23720,2372,1159,1213,4151,2030,2121,4744,2282,2462,4151,2030,2121,2372,1120,1252,593,298,295,
23725,2372,1159,1213,4152,2031,2121,4744,2282,2462,4151,2030,2121,2372,1120,1252,593,298,295,
23730,2373,1159,1214,4153,2031,2122,4746,2284,2462,4152,2031,2121,2372,1120,1252,593,298,295,
23735,2374,1160,1214,4153,2031,2122,4746,2284,2462,4153,2032,2121,2372,1120,1252,593,298,295,
23740,2375,1160,1215,4155,2033,2122,4749,2286,2463,4154,2032,2122,2373,1121,1252,593,298,295,
23745,2375,1160,1215,4156,2034,2122,4749,2286,2463,4155,2032,2123,2373,1121,1252,594,298,296,
23750,2376,1160,1216,4156,2034,2122,4750,2287,2463,4156,2033,2123,2375,1122,1253,594,298,296,
23755,2376,1160,1216,4157,2035,2122,4751,2287,2464,4157,2034,2123,2376,1123,1253,594,298,296,
23760,2376,1160,1216,4158,2035,2123,4752,2288,2464,4158,2035,2123,2376,1123,1253,594,298,296,
23765,2376,1160,1216,4159,2036,2123,4752,2288,2464,4158,2035,2123,2376,1123,1253,594,298,296,
23770,2377,1160,1217,4160,2037,2123,4754,2290,2464,4159,2036,2123,2376,1123,1253,594,298,296,
23775,2378,1160,1218,4160,2037,2123,4754,2290,2464,4160,2036,2124,2376,1123,1253,594,298,296,
23780,2379,1161,1218,4162,2039,2123,4757,2292,2465,4161,2036,2125,2377,1124,1253,594,298,296,
23785,2379,1161,1218,4163,2040,2123,4757,2292,2465,4162,2036,2126,2377,1124,1253,595,298,297,
23790,2380,1161,1219,4163,2040,2123,4758,2293,2465,4163,2036,2127,2379,1125,1254,595,298,297,
23795,2380,1161,1219,4164,2041,2123,4759,2293,2466,4164,2037,2127,2380,1125,1255,595,298,297,
23800,2380,1161,1219,4165,2042,2123,4760,2293,2467,4165,2037,2128,2380,1125,1255,595,298,297,
23805,2380,1161,1219,4166,2042,2124,4760,2293,2467,4165,2037,2128,2380,1125,1255,595,298,297,
23810,2381,1162,1219,4167,2043,2124,4762,2295,2467,4166,2038,2128,2380,1125,1255,595,298,297,
23815,2382,1162,1220,4167,2043,2124,4762,2295,2467,4167,2039,2128,2380,1125,1255,595,298,297,
23820,2383,1163,1220,4169,2043,2126,4765,2298,2467,4168,2039,2129,2381,1126,1255,595,298,297,
23825,2383,1163,1220,4170,2044,2126,4765,2298,2467,4169,2039,2130,2381,1126,1255,596,298,298,
23830,2384,1164,1220,4170,2044,2126,4766,2299,2467,4170,2040,2130,2383,1126,1257,596,298,298,
23835,2384,1164,1220,4171,2044,2127,4767,2299,2468,4171,2040,2131,2384,1126,1258,596,298,298,
23840,2384,1164,1220,4172,2044,2128,4768,2299,2469,4172,2041,2131,2384,1126,1258,596,298,298,
23845,2384,1164,1220,4173,2044,2129,4768,2299,2469,4172,2041,2131,2384,1126,1258,596,298,298,
23850,2385,1165,1220,4174,2044,2130,4770,2300,2470,4173,2041,2132,2384,1126,1258,596,298,298,
23855,2386,1166,1220,4174,2044,2130,4770,2300,2470,4174,2042,2132,2384,1126,1258,596,298,298,
23860,2387,1166,1221,4176,2046,2130,4773,2300,2473,4175,2042,2133,2385,1126,1259,596,298,298,
23865,2387,1166,1221,4177,2047,2130,4773,2300,2473,4176,2042,2134,2385,1126,1259,597,299,298,
23870,2388,1166,1222,4177,2047,2130,4774,2300,2474,4177,2042,2135,2387,1126,1261,597,299,298,
23875,2388,1166,1222,4178,2048,2130,4775,2301,2474,4178,2043,2135,2388,1127,1261,597,299,298,
23880,2388,1166,1222,4179,2048,2131,4776,2302,2474,4179,2044,2135,2388,1127,1261,597,299,298,
23885,2388,1166,1222,4180,2049,2131,4776,2302,2474,4179,2044,2135,2388,1127,1261,597,299,298,
23890,2389,1166,1223,4181,2049,2132,4778,2303,2475,4180,2045,2135,2388,1127,1261,597,299,298,
23895,2390,1167,1223,4181,2049,2132,4778,2303,2475,4181,2045,2136,2388,1127,1261,597,299,298,
23900,2391,1167,1224,4183,2050,2133,4781,2305,2476,4182,2045,2137,2389,1127,1262,597,299,298,
23905,2391,1167,1224,4184,2050,2134,4781,2305,2476,4183,2045,2138,2389,1127,1262,598,300,298,
23910,2392,1168,1224,4184,2050,2134,4782,2306,2476,4184,2046,2138,2391,1127,1264,598,300,298,
23915,2392,1168,1224,4185,2050,2135,4783,2306,2477,4185,2046,2139,2392,1128,1264,598,300,298,
23920,2392,1168,1224,4186,2051,2135,4784,2306,2478,4186,2046,2140,2392,1128,1264,598,300,298,
23925,2392,1168,1224,4187,2052,2135,4784,2306,2478,4186,2046,2140,2392,1128,1264,598,300,298,
23930,2393,1169,1224,4188,2052,2136,4786,2306,2480,4187,2046,2141,2392,1128,1264,598,300,298,
23935,2394,1169,1225,4188,2052,2136,4786,2306,2480,4188,2046,2142,2392,1128,1264,598,300,298,
23940,2395,1170,1225,4190,2053,2137,4789,2307,2482,4189,2046,2143,2393,1129,1264,598,300,298,
23945,2395,1170,1225,4191,2053,2138,4789,2307,2482,4190,2047,2143,2393,1129,1264,599,300,299,
23950,2396,1171,1225,4191,2053,2138,4790,2308,2482,4191,2048,2143,2395,1131,1264,599,300,299,
23955,2396,1171,1225,4192,2054,2138,4791,2309,2482,4192,2048,2144,2396,1131,1265,599,300,299,
23960,2396,1171,1225,4193,2054,2139,4792,2310,2482,4193,2049,2144,2396,1131,1265,599,300,299,
23965,2396,1171,1225,4194,2055,2139,4792,2310,2482,4193,2049,2144,2396,1131,1265,599,300,299,
23970,2397,1172,1225,4195,2056,2139,4794,2311,2483,4194,2050,2144,2396,1131,1265,599,300,299,
23975,2398,1172,1226,4195,2056,2139,4794,2311,2483,4195,2051,2144,2396,1131,1265,599,300,299,
23980,2399,1173,1226,4197,2057,2140,4797,2312,2485,4196,2052,2144,2397,1131,1266,599,300,299,
23985,2399,1173,1226,4198,2058,2140,4797,2312,2485,4197,2052,2145,2397,1131,1266,600,300,300,
23990,2400,1174,1226,4198,2058,2140,4798,2312,2486,4198,2053,2145,2399,1132,1267,600,300,300,
23995,2400,1174,1226,4199,2058,2141,4799,2313,2486,4199,2054,2145,2400,1133,1267,600,300,300,
24000,2400,1174,1226,4200,2058,2142,4800,2313,2487,4200,2054,2146,2400,1133,1267,600,300,300,
24005,2400,1174,1226,4201,2059,2142,4800,2313,2487,4200,2054,2146,2400,1133,1267,600,300,300,
24010,2401,1175,1226,4202,2060,2142,4802,2313,2489,4201,2054,2147,2400,1133,1267,600,300,300,
24015,2402,1175,1227,4202,2060,2142,4802,2313,2489,4202,2054,2148,2400,1133,1267,600,300,300,
24020,2403,1176,1227,4204,2060,2144,4805,2315,2490,4203,2054,2149,2401,1133,1268,600,300,300,
24025,2403,1176,1227,4205,2060,2145,4805,2315,2490,4204,2055,2149,2401,1133,1268,601,301,300,
24030,2404,1177,1227,4205,2060,2145,4806,2315,2491,4205,2055,2150,2403,1134,1269,601,301,300,
24035,2404,1177,1227,4206,2060,2146,4807,2315,2492,4206,2055,2151,2404,1135,1269,601,301,300,
24040,2404,1177,1227,4207,2061,2146,4808,2315,2493,4207,2056,2151,2404,1135,1269,601,301,300,
24045,2404,1177,1227,4208,2062,2146,4808,2315,2493,4207,2056,2151,2404,1135,1269,601,301,300,
24050,2405,1177,1228,4209,2062,2147,4810,2315,2495,4208,2056,2152,2404,1135,1269,601,301,300,
24055,2406,1177,1229,4209,2062,2147,4810,2315,2495,4209,2056,2153,2404,1135,1269,601,301,300,
24060,2407,1178,1229,4211,2063,2148,4813,2318,2495,4210,2057,2153,2405,1136,1269,601,301,300,
24065,2407,1178,1229,4212,2064,2148,4813,2318,2495,4211,2057,2154,2405,1136,1269,602,302,300,
24070,2408,1178,1230,4212,2064,2148,4814,2319,2495,4212,2058,2154,2407,1138,1269,602,302,300,
24075,2408,1178,1230,4213,2065,2148,4815,2319,2496,4213,2058,2155,2408,1138,1270,602,302,300,
24080,2408,1178,1230,4214,2065,2149,4816,2319,2497,4214,2059,2155,2408,1138,1270,602,302,300,
24085,2408,1178,1230,4215,2065,2150,4816,2319,2497,4214,2059,2155,2408,1138,1270,602,302,300,
24090,2409,1178,1231,4216,2066,2150,4818,2321,2497,4215,2060,2155,2408,1138,1270,602,302,300,
24095,2410,1178,1232,4216,2066,2150,4818,2321,2497,4216,2061,2155,2408,1138,1270,602,302,300,
24100,2411,1179,1232,4218,2068,2150,4821,2322,2499,4217,2062,2155,2409,1139,1270,602,302,300,
24105,2411,1179,1232,4219,2068,2151,4821,2322,2499,4218,2062,2156,2409,1139,1270,603,302,301,
24110,2412,1180,1232,4219,2068,2151,4822,2323,2499,4219,2062,2157,2411,1139,1272,603,302,301,
24115,2412,1180,1232,4220,2069,2151,4823,2323,2500,4220,2063,2157,2412,1139,1273,603,302,301,
24120,2412,1180,1232,4221,2069,2152,4824,2323,2501,4221,2063,2158,2412,1139,1273,603,302,301,
24125,2412,1180,1232,4222,2069,2153,4824,2323,2501,4221,2063,2158,2412,1139,1273,603,302,301,
24130,2413,1181,1232,4223,2069,2154,4826,2323,2503,4222,2064,2158,2412,1139,1273,603,302,301,
24135,2414,1181,1233,4223,2069,2154,4826,2323,2503,4223,2064,2159,2412,1139,1273,603,302,301,
24140,2415,1182,1233,4225,2069,2156,4829,2325,2504,4224,2064,2160,2413,1140,1273,603,302,301,
24145,2415,1182,1233,4226,2069,2157,4829,2325,2504,4225,2064,2161,2413,1140,1273,604,302,302,
24150,2416,1182,1234,4226,2069,2157,4830,2326,2504,4226,2065,2161,2415,1141,1274,604,302,302,
24155,2416,1182,1234,4227,2070,2157,4831,2326,2505,4227,2065,2162,2416,1142,1274,604,302,302,
24160,2416,1182,1234,4228,2070,2158,4832,2327,2505,4228,2066,2162,2416,1142,1274,604,302,302,
24165,2416,1182,1234,4229,2070,2159,4832,2327,2505,4228,2066,2162,2416,1142,1274,604,302,302,
24170,2417,1183,1234,4230,2071,2159,4834,2329,2505,4229,2067,2162,2416,1142,1274,604,302,302,
24175,2418,1184,1234,4230,2071,2159,4834,2329,2505,4230,2068,2162,2416,1142,1274,604,302,302,
24180,2419,1185,1234,4232,2072,2160,4837,2331,2506,4231,2068,2163,2417,1143,1274,604,302,302,
24185,2419,1185,1234,4233,2073,2160,4837,2331,2506,4232,2069,2163,2417,1143,1274,605,303,302,
24190,2420,1185,1235,4233,2073,2160,4838,2331,2507,4233,2070,2163,2419,1144,1275,605,303,302,
24195,2420,1185,1235,4234,2074,2160,4839,2332,2507,4234,2070,2164,2420,1145,1275,605,303,302,
24200,2420,1185,1235,4235,2074,2161,4840,2332,2508,4235,2070,2165,2420,1145,1275,605,303,302,
24205,2420,1185,1235,4236,2074,2162,4840,2332,2508,4235,2070,2165,2420,1145,1275,605,303,302,
24210,2421,1186,1235,4237,2074,2163,4842,2334,2508,4236,2071,2165,2420,1145,1275,605,303,302,
24215,2422,1186,1236,4237,2074,2163,4842,2334,2508,4237,2071,2166,2420,1145,1275,605,303,302,
24220,2423,1186,1237,4239,2075,2164,4845,2335,2510,4238,2071,2167,2421,1145,1276,605,303,302,
24225,2423,1186,1237,4240,2076,2164,4845,2335,2510,4239,2072,2167,2421,1145,1276,606,303,303,
24230,2424,1187,1237,4240,2076,2164,4846,2335,2511,4240,2072,2168,2423,1145,1278,606,303,303,
24235,2424,1187,1237,4241,2076,2165,4847,2335,2512,4241,2072,2169,2424,1145,1279,606,303,303,
24240,2424,1187,1237,4242,2076,2166,4848,2336,2512,4242,2073,2169,2424,1145,1279,606,303,303,
24245,2424,1187,1237,4243,2077,2166,4848,2336,2512,4242,2073,2169,2424,1145,1279,606,303,303,
24250,2425,1187,1238,4244,2077,2167,4850,2337,2513,4243,2074,2169,2424,1145,1279,606,303,303,
24255,2426,1188,1238,4244,2077,2167,4850,2337,2513,4244,2075,2169,2424,1145,1279,606,303,303,
24260,2427,1189,1238,4246,2078,2168,4853,2340,2513,4245,2076,2169,2425,1146,1279,606,303,303,
24265,2427,1189,1238,4247,2078,2169,4853,2340,2513,4246,2076,2170,2425,1146,1279,607,303,304,
24270,2428,1190,1238,4247,2078,2169,4854,2341,2513,4247,2076,2171,2427,1147,1280,607,303,304,
24275,2428,1190,1238,4248,2078,2170,4855,2341,2514,4248,2076,2172,2428,1148,1280,607,303,304,
24280,2428,1190,1238,4249,2079,2170,4856,2341,2515,4249,2076,2173,2428,1148,1280,607,303,304,
24285,2428,1190,1238,4250,2079,2171,4856,2341,2515,4249,2076,2173,2428,1148,1280,607,303,304,
24290,2429,1190,1239,4251,2079,2172,4858,2342,2516,4250,2077,2173,2428,1148,1280,607,303,304,
24295,2430,1190,1240,4251,2079,2172,4858,2342,2516,4251,2077,2174,2428,1148,1280,607,303,304,
24300,2431,1191,1240,4253,2079,2174,4861,2344,2517,4252,2077,2175,2429,1148,1281,607,303,304,
24305,2431,1191,1240,4254,2079,2175,4861,2344,2517,4253,2078,2175,2429,1148,1281,608,304,304,
24310,2432,1192,1240,4254,2079,2175,4862,2345,2517,4254,2079,2175,2431,1149,1282,608,304,304,
24315,2432,1192,1240,4255,2079,2176,4863,2346,2517,4255,2080,2175,2432,1150,1282,608,304,304,
24320,2432,1192,1240,4256,2079,2177,4864,2347,2517,4256,2081,2175,2432,1150,1282,608,304,304,
24325,2432,1192,1240,4257,2080,2177,4864,2347,2517,4256,2081,2175,2432,1150,1282,608,304,304,
24330,2433,1193,1240,4258,2080,2178,4866,2348,2518,4257,2081,2176,2432,1150,1282,608,304,304,
24335,2434,1194,1240,4258,2080,2178,4866,2348,2518,4258,2082,2176,2432,1150,1282,608,304,304,
24340,2435,1194,1241,4260,2081,2179,4869,2350,2519,4259,2082,2177,2433,1151,1282,608,304,304,
24345,2435,1194,1241,4261,2082,2179,4869,2350,2519,4260,2083,2177,2433,1151,1282,609,304,305,
24350,2436,1195,1241,4261,2082,2179,4870,2351,2519,4261,2083,2178,2435,1152,1283,609,304,305,
24355,2436,1195,1241,4262,2083,2179,4871,2351,2520,4262,2084,2178,2436,1153,1283,609,304,305,
24360,2436,1195,1241,4263,2084,2179,4872,2352,2520,4263,2085,2178,2436,1153,1283,609,304,305,
24365,2436,1195,1241,4264,2084,2180,4872,2352,2520,4263,2085,2178,2436,1153,1283,609,304,305,
24370,2437,1196,1241,4265,2084,2181,4874,2354,2520,4264,2085,2179,2436,1153,1283,609,304,305,
24375,2438,1197,1241,4265,2084,2181,4874,2354,2520,4265,2086,2179,2436,1153,1283,609,304,305,
24380,2439,1197,1242,4267,2084,2183,4877,2355,2522,4266,2086,2180,2437,1153,1284,609,304,305,
24385,2439,1197,1242,4268,2084,2184,4877,2355,2522,4267,2087,2180,2437,1153,1284,610,304,306,
24390,2440,1198,1242,4268,2084,2184,4878,2356,2522,4268,2088,2180,2439,1155,1284,610,304,306,
24395,2440,1198,1242,4269,2085,2184,4879,2356,2523,4269,2089,2180,2440,1156,1284,610,304,306,
24400,2440,1198,1242,4270,2086,2184,4880,2356,2524,4270,2089,2181,2440,1156,1284,610,304,306,
24405,2440,1198,1242,4271,2086,2185,4880,2356,2524,4270,2089,2181,2440,1156,1284,610,304,306,
24410,2441,1198,1243,4272,2086,2186,4882,2357,2525,4271,2090,2181,2440,1156,1284,610,304,306,
24415,2442,1199,1243,4272,2086,2186,4882,2357,2525,4272,2090,2182,2440,1156,1284,610,304,306,
24420,2443,1199,1244,4274,2087,2187,4885,2358,2527,4273,2090,2183,2441,1157,1284,610,304,306,
24425,2443,1199,1244,4275,2088,2187,4885,2358,2527,4274,2090,2184,2441,1157,1284,611,305,306,
24430,2444,1199,1245,4275,2088,2187,4886,2359,2527,4275,2090,2185,2443,1158,1285,611,305,306,
24435,2444,1199,1245,4276,2089,2187,4887,2359,2528,4276,2090,2186,2444,1159,1285,611,305,306,
24440,2444,1199,1245,4277,2089,2188,4888,2359,2529,4277,2090,2187,2444,1159,1285,611,305,306,
24445,2444,1199,1245,4278,2090,2188,4888,2359,2529,4277,2090,2187,2444,1159,1285,611,305,306,
24450,2445,1200,1245,4279,2090,2189,4890,2361,2529,4278,2091,2187,2444,1159,1285,611,305,306,
24455,2446,1200,1246,4279,2090,2189,4890,2361,2529,4279,2092,2187,2444,1159,1285,611,305,306,
24460,2447,1201,1246,4281,2090,2191,4893,2361,2532,4280,2093,2187,2445,1159,1286,611,305,306,
24465,2447,1201,1246,4282,2091,2191,4893,2361,2532,4281,2093,2188,2445,1159,1286,612,305,307,
24470,2448,1202,1246,4282,2091,2191,4894,2361,2533,4282,2093,2189,2447,1159,1288,612,305,307,
24475,2448,1202,1246,4283,2092,2191,4895,2362,2533,4283,2094,2189,2448,1160,1288,612,305,307,
24480,2448,1202,1246,4284,2093,2191,4896,2363,2533,4284,2094,2190,2448,1160,1288,612,305,307,
24485,2448,1202,1246,4285,2093,2192,4896,2363,2533,4284,2094,2190,2448,1160,1288,612,305,307,
24490,2449,1203,1246,4286,2094,2192,4898,2364,2534,4285,2095,2190,2448,1160,1288,612,305,307,
24495,2450,1204,1246,4286,2094,2192,4898,2364,2534,4286,2095,2191,2448,1160,1288,612,305,307,
24500,2451,1205,1246,4288,2096,2192,4901,2365,2536,4287,2095,2192,2449,1160,1289,612,305,307,
24505,2451,1205,1246,4289,2096,2193,4901,2365,2536,4288,2095,2193,2449,1160,1289,613,306,307,
24510,2452,1205,1247,4289,2096,2193,4902,2365,2537,4289,2095,2194,2451,1161,1290,613,306,307,
24515,2452,1205,1247,4290,2096,2194,4903,2365,2538,4290,2096,2194,2452,1161,1291,613,306,307,
24520,2452,1205,1247,4291,2096,2195,4904,2366,2538,4291,2096,2195,2452,1161,1291,613,306,307,
24525,2452,1205,1247,4292,2096,2196,4904,2366,2538,4291,2096,2195,2452,1161,1291,613,306,307,
24530,2453,1205,1248,4293,2097,2196,4906,2367,2539,4292,2096,2196,2452,1161,1291,613,306,307,
24535,2454,1205,1249,4293,2097,2196,4906,2367,2539,4293,2096,2197,2452,1161,1291,613,306,307,
24540,2455,1205,1250,4295,2099,2196,4909,2368,2541,4294,2097,2197,2453,1161,1292,613,306,307,
24545,2455,1205,1250,4296,2100,2196,4909,2368,2541,4295,2097,2198,2453,1161,1292,614,307,307,
24550,2456,1205,1251,4296,2100,2196,4910,2369,2541,4296,2097,2199,2455,1162,1293,614,307,307,
24555,2456,1205,1251,4297,2100,2197,4911,2370,2541,4297,2097,2200,2456,1162,1294,614,307,307,
24560,2456,1205,1251,4298,2101,2197,4912,2371,2541,4298,2098,2200,2456,1162,1294,614,307,307,
24565,2456,1205,1251,4299,2102,2197,4912,2371,2541,4298,2098,2200,2456,1162,1294,614,307,307,
24570,2457,1205,1252,4300,2103,2197,4914,2371,2543,4299,2099,2200,2456,1162,1294,614,307,307,
24575,2458,1205,1253,4300,2103,2197,4914,2371,2543,4300,2100,2200,2456,1162,1294,614,307,307,
24580,2459,1205,1254,4302,2105,2197,4917,2373,2544,4301,2100,2201,2457,1162,1295,614,307,307,
24585,2459,1205,1254,4303,2105,2198,4917,2373,2544,4302,2101,2201,2457,1162,1295,615,308,307,
24590,2460,1205,1255,4303,2105,2198,4918,2373,2545,4303,2101,2202,2459,1162,1297,615,308,307,
24595,2460,1205,1255,4304,2106,2198,4919,2374,2545,4304,2101,2203,2460,1162,1298,615,308,307,
24600,2460,1205,1255,4305,2106,2199,4920,2374,2546,4305,2101,2204,2460,1162,1298,615,308,307,
24605,2460,1205,1255,4306,2107,2199,4920,2374,2546,4305,2101,2204,2460,1162,1298,615,308,307,
24610,2461,1205,1256,4307,2107,2200,4922,2376,2546,4306,2101,2205,2460,1162,1298,615,308,307,
24615,2462,1206,1256,4307,2107,2200,4922,2376,2546,4307,2102,2205,2460,1162,1298,615,308,307,
24620,2463,1206,1257,4309,2108,2201,4925,2379,2546,4308,2103,2205,2461,1162,1299,615,308,307,
24625,2463,1206,1257,4310,2108,2202,4925,2379,2546,4309,2103,2206,2461,1162,1299,616,308,308,
24630,2464,1207,1257,4310,2108,2202,4926,2380,2546,4310,2103,2207,2463,1164,1299,616,308,308,
24635,2464,1207,1257,4311,2109,2202,4927,2381,2546,4311,2104,2207,2464,1165,1299,616,308,308,
24640,2464,1207,1257,4312,2110,2202,4928,2382,2546,4312,2104,2208,2464,1165,1299,616,308,308,
24645,2464,1207,1257,4313,2111,2202,4928,2382,2546,4312,2104,2208,2464,1165,1299,616,308,308,
24650,2465,1208,1257,4314,2111,2203,4930,2383,2547,4313,2104,2209,2464,1165,1299,616,308,308,
24655,2466,1209,1257,4314,2111,2203,4930,2383,2547,4314,2104,2210,2464,1165,1299,616,308,308,
24660,2467,1209,1258,4316,2111,2205,4933,2385,2548,4315,2105,2210,2465,1165,1300,616,308,308,
24665,2467,1209,1258,4317,2111,2206,4933,2385,2548,4316,2105,2211,2465,1165,1300,617,308,309,
24670,2468,1210,1258,4317,2111,2206,4934,2386,2548,4317,2106,2211,2467,1166,1301,617,308,309,
24675,2468,1210,1258,4318,2112,2206,4935,2386,2549,4318,2107,2211,2468,1167,1301,617,308,309,
24680,2468,1210,1258,4319,2113,2206,4936,2387,2549,4319,2107,2212,2468,1167,1301,617,308,309,
24685,2468,1210,1258,4320,2114,2206,4936,2387,2549,4319,2107,2212,2468,1167,1301,617,308,309,
24690,2469,1211,1258,4321,2115,2206,4938,2387,2551,4320,2108,2212,2468,1167,1301,617,308,309,
24695,2470,1212,1258,4321,2115,2206,4938,2387,2551,4321,2108,2213,2468,1167,1301,617,308,309,
24700,2471,1213,1258,4323,2116,2207,4941,2389,2552,4322,2108,2214,2469,1168,1301,617,308,309,
24705,2471,1213,1258,4324,2116,2208,4941,2389,2552,4323,2108,2215,2469,1168,1301,618,309,309,
24710,2472,1214,1258,4324,2116,2208,4942,2389,2553,4324,2108,2216,2471,1168,1303,618,309,309,
24715,2472,1214,1258,4325,2116,2209,4943,2389,2554,4325,2108,2217,2472,1169,1303,618,309,309,
24720,2472,1214,1258,4326,2116,2210,4944,2390,2554,4326,2108,2218,2472,1169,1303,618,309,309,
24725,2472,1214,1258,4327,2116,2211,4944,2390,2554,4326,2108,2218,2472,1169,1303,618,309,309,
24730,2473,1214,1259,4328,2116,2212,4946,2392,2554,4327,2109,2218,2472,1169,1303,618,309,309,
24735,2474,1215,1259,4328,2116,2212,4946,2392,2554,4328,2109,2219,2472,1169,1303,618,309,309,
24740,2475,1215,1260,4330,2116,2214,4949,2393,2556,4329,2109,2220,2473,1170,1303,618,309,309,
24745,2475,1215,1260,4331,2117,2214,4949,2393,2556,4330,2110,2220,2473,1170,1303,619,309,310,
24750,2476,1216,1260,4331,2117,2214,4950,2394,2556,4331,2111,2220,2475,1170,1305,619,309,310,
24755,2476,1216,1260,4332,2117,2215,4951,2394,2557,4332,2112,2220,2476,1171,1305,619,309,310,
24760,2476,1216,1260,4333,2118,2215,4952,2395,2557,4333,2112,2221,2476,1171,1305,619,309,310,
24765,2476,1216,1260,4334,2119,2215,4952,2395,2557,4333,2112,2221,2476,1171,1305,619,309,310,
24770,2477,1217,1260,4335,2119,2216,4954,2397,2557,4334,2113,2221,2476,1171,1305,619,309,310,
24775,2478,1218,1260,4335,2119,2216,4954,2397,2557,4335,2114,2221,2476,1171,1305,619,309,310,
24780,2479,1219,1260,4337,2119,2218,4957,2400,2557,4336,2115,2221,2477,1171,1306,619,309,310,
24785,2479,1219,1260,4338,2119,2219,4957,2400,2557,4337,2116,2221,2477,1171,1306,620,309,311,
24790,2480,1219,1261,4338,2119,2219,4958,2401,2557,4338,2117,2221,2479,1171,1308,620,309,311,
24795,2480,1219,1261,4339,2119,2220,4959,2402,2557,4339,2117,2222,2480,1171,1309,620,309,311,
24800,2480,1219,1261,4340,2120,2220,4960,2403,2557,4340,2118,2222,2480,1171,1309,620,309,311,
24805,2480,1219,1261,4341,2120,2221,4960,2403,2557,4340,2118,2222,2480,1171,1309,620,309,311,
24810,2481,1220,1261,4342,2120,2222,4962,2404,2558,4341,2118,2223,2480,1171,1309,620,309,311,
24815,2482,1220,1262,4342,2120,2222,4962,2404,2558,4342,2118,2224,2480,1171,1309,620,309,311,
24820,2483,1220,1263,4344,2121,2223,4965,2406,2559,4343,2119,2224,2481,1171,1310,620,309,311,
24825,2483,1220,1263,4345,2121,2224,4965,2406,2559,4344,2119,2225,2481,1171,1310,621,309,312,
24830,2484,1220,1264,4345,2121,2224,4966,2407,2559,4345,2119,2226,2483,1172,1311,621,309,312,
24835,2484,1220,1264,4346,2121,2225,4967,2408,2559,4346,2120,2226,2484,1172,1312,621,309,312,
24840,2484,1220,1264,4347,2121,2226,4968,2408,2560,4347,2120,2227,2484,1172,1312,621,309,312,
24845,2484,1220,1264,4348,2122,2226,4968,2408,2560,4347,2120,2227,2484,1172,1312,621,309,312,
24850,2485,1220,1265,4349,2122,2227,4970,2409,2561,4348,2121,2227,2484,1172,1312,621,309,312,
24855,2486,1221,1265,4349,2122,2227,4970,2409,2561,4349,2122,2227,2484,1172,1312,621,309,312,
24860,2487,1222,1265,4351,2124,2227,4973,2409,2564,4350,2122,2228,2485,1172,1313,621,309,312,
24865,2487,1222,1265,4352,2124,2228,4973,2409,2564,4351,2123,2228,2485,1172,1313,622,310,312,
24870,2488,1222,1266,4352,2124,2228,4974,2410,2564,4352,2124,2228,2487,1173,1314,622,310,312,
24875,2488,1222,1266,4353,2125,2228,4975,2410,2565,4353,2125,2228,2488,1173,1315,622,310,312,
24880,2488,1222,1266,4354,2125,2229,4976,2410,2566,4354,2126,2228,2488,1173,1315,622,310,312,
24885,2488,1222,1266,4355,2125,2230,4976,2410,2566,4354,2126,2228,2488,1173,1315,622,310,312,
24890,2489,1222,1267,4356,2125,2231,4978,2411,2567,4355,2127,2228,2488,1173,1315,622,310,312,
24895,2490,1222,1268,4356,2125,2231,4978,2411,2567,4356,2127,2229,2488,1173,1315,622,310,312,
24900,2491,1223,1268,4358,2126,2232,4981,2412,2569,4357,2127,2230,2489,1173,1316,622,310,312,
24905,2491,1223,1268,4359,2127,2232,4981,2412,2569,4358,2128,2230,2489,1173,1316,623,310,313,
24910,2492,1224,1268,4359,2127,2232,4982,2412,2570,4359,2128,2231,2491,1173,1318,623,310,313,
24915,2492,1224,1268,4360,2127,2233,4983,2413,2570,4360,2128,2232,2492,1174,1318,623,310,313,
24920,2492,1224,1268,4361,2127,2234,4984,2414,2570,4361,2128,2233,2492,1174,1318,623,310,313,
24925,2492,1224,1268,4362,2127,2235,4984,2414,2570,4361,2128,2233,2492,1174,1318,623,310,313,
24930,2493,1225,1268,4363,2127,2236,4986,2416,2570,4362,2128,2234,2492,1174,1318,623,310,313,
24935,2494,1225,1269,4363,2127,2236,4986,2416,2570,4363,2129,2234,2492,1174,1318,623,310,313,
24940,2495,1226,1269,4365,2128,2237,4989,2417,2572,4364,2129,2235,2493,1175,1318,623,310,313,
24945,2495,1226,1269,4366,2128,2238,4989,2417,2572,4365,2130,2235,2493,1175,1318,624,311,313,
24950,2496,1227,1269,4366,2128,2238,4990,2417,2573,4366,2131,2235,2495,1177,1318,624,311,313,
24955,2496,1227,1269,4367,2128,2239,4991,2417,2574,4367,2131,2236,2496,1178,1318,624,311,313,
24960,2496,1227,1269,4368,2129,2239,4992,2418,2574,4368,2131,2237,2496,1178,1318,624,311,313,
24965,2496,1227,1269,4369,2129,2240,4992,2418,2574,4368,2131,2237,2496,1178,1318,624,311,313,
24970,2497,1228,1269,4370,2129,2241,4994,2419,2575,4369,2132,2237,2496,1178,1318,624,311,313,
24975,2498,1229,1269,4370,2129,2241,4994,2419,2575,4370,2132,2238,2496,1178,1318,624,311,313,
24980,2499,1230,1269,4372,2130,2242,4997,2419,2578,4371,2133,2238,2497,1179,1318,624,311,313,
24985,2499,1230,1269,4373,2130,2243,4997,2419,2578,4372,2133,2239,2497,1179,1318,625,311,314,
24990,2500,1231,1269,4373,2130,2243,4998,2420,2578,4373,2134,2239,2499,1180,1319,625,311,314,
24995,2500,1231,1269,4374,2131,2243,4999,2421,2578,4374,2135,2239,2500,1180,1320,625,311,314,
25000,2500,1231,1269,4375,2131,2244,5000,2421,2579,4375,2135,2240,2500,1180,1320,625,311,314,
25005,2500,1231,1269,4376,2131,2245,5000,2421,2579,4375,2135,2240,2500,1180,1320,625,311,314,
25010,2501,1231,1270,4377,2132,2245,5002,2423,2579,4376,2136,2240,2500,1180,1320,625,311,314,
25015,2502,1232,1270,4377,2132,2245,5002,2423,2579,4377,2136,2241,2500,1180,1320,625,311,314,
25020,2503,1233,1270,4379,2132,2247,5005,2424,2581,4378,2136,2242,2501,1181,1320,625,311,314,
25025,2503,1233,1270,4380,2132,2248,5005,2424,2581,4379,2136,2243,2501,1181,1320,626,311,315,
25030,2504,1233,1271,4380,2132,2248,5006,2425,2581,4380,2136,2244,2503,1183,1320,626,311,315,
25035,2504,1233,1271,4381,2133,2248,5007,2425,2582,4381,2137,2244,2504,1183,1321,626,311,315,
25040,2504,1233,1271,4382,2134,2248,5008,2425,2583,4382,2137,2245,2504,1183,1321,626,311,315,
25045,2504,1233,1271,4383,2135,2248,5008,2425,2583,4382,2137,2245,2504,1183,1321,626,311,315,
25050,2505,1233,1272,4384,2135,2249,5010,2426,2584,4383,2138,2245,2504,1183,1321,626,311,315,
25055,2506,1234,1272,4384,2135,2249,5010,2426,2584,4384,2139,2245,2504,1183,1321,626,311,315,
25060,2507,1235,1272,4386,2136,2250,5013,2429,2584,4385,2139,2246,2505,1183,1322,626,311,315,
25065,2507,1235,1272,4387,2137,2250,5013,2429,2584,4386,2139,2247,2505,1183,1322,627,311,316,
25070,2508,1236,1272,4387,2137,2250,5014,2429,2585,4387,2139,2248,2507,1183,1324,627,311,316,
25075,2508,1236,1272,4388,2138,2250,5015,2430,2585,4388,2140,2248,2508,1184,1324,627,311,316,
25080,2508,1236,1272,4389,2138,2251,5016,2430,2586,4389,2141,2248,2508,1184,1324,627,311,316,
25085,2508,1236,1272,4390,2138,2252,5016,2430,2586,4389,2141,2248,2508,1184,1324,627,311,316,
25090,2509,1237,1272,4391,2138,2253,5018,2431,2587,4390,2142,2248,2508,1184,1324,627,311,316,
25095,2510,1238,1272,4391,2138,2253,5018,2431,2587,4391,2142,2249,2508,1184,1324,627,311,316,
25100,2511,1239,1272,4393,2140,2253,5021,2432,2589,4392,2143,2249,2509,1184,1325,627,311,316,
25105,2511,1239,1272,4394,2140,2254,5021,2432,2589,4393,2144,2249,2509,1184,1325,628,312,316,
25110,2512,1239,1273,4394,2140,2254,5022,2433,2589,4394,2145,2249,2511,1185,1326,628,312,316,
25115,2512,1239,1273,4395,2141,2254,5023,2433,2590,4395,2145,2250,2512,1185,1327,628,312,316,
25120,2512,1239,1273,4396,2141,2255,5024,2434,2590,4396,2145,2251,2512,1185,1327,628,312,316,
25125,2512,1239,1273,4397,2142,2255,5024,2434,2590,4396,2145,2251,2512,1185,1327,628,312,316,
25130,2513,1240,1273,4398,2142,2256,5026,2435,2591,4397,2146,2251,2512,1185,1327,628,312,316,
25135,2514,1240,1274,4398,2142,2256,5026,2435,2591,4398,2146,2252,2512,1185,1327,628,312,316,
25140,2515,1240,1275,4400,2144,2256,5029,2435,2594,4399,2147,2252,2513,1186,1327,628,312,316,
25145,2515,1240,1275,4401,2145,2256,5029,2435,2594,4400,2147,2253,2513,1186,1327,629,313,316,
25150,2516,1240,1276,4401,2145,2256,5030,2436,2594,4401,2148,2253,2515,1188,1327,629,313,316,
25155,2516,1240,1276,4402,2145,2257,5031,2436,2595,4402,2149,2253,2516,1188,1328,629,313,316,
25160,2516,1240,1276,4403,2146,2257,5032,2436,2596,4403,2149,2254,2516,1188,1328,629,313,316,
25165,2516,1240,1276,4404,2146,2258,5032,2436,2596,4403,2149,2254,2516,1188,1328,629,313,316,
25170,2517,1240,1277,4405,2146,2259,5034,2437,2597,4404,2149,2255,2516,1188,1328,629,313,316,
25175,2518,1241,1277,4405,2146,2259,5034,2437,2597,4405,2150,2255,2516,1188,1328,629,313,316,
25180,2519,1241,1278,4407,2147,2260,5037,2439,2598,4406,2150,2256,2517,1188,1329,629,313,316,
25185,2519,1241,1278,4408,2148,2260,5037,2439,2598,4407,2151,2256,2517,1188,1329,630,313,317,
25190,2520,1241,1279,4408,2148,2260,5038,2440,2598,4408,2152,2256,2519,1190,1329,630,313,317,
25195,2520,1241,1279,4409,2149,2260,5039,2440,2599,4409,2153,2256,2520,1190,1330,630,313,317,
25200,2520,1241,1279,4410,2149,2261,5040,2441,2599,4410,2154,2256,2520,1190,1330,630,313,317,
25205,2520,1241,1279,4411,2150,2261,5040,2441,2599,4410,2154,2256,2520,1190,1330,630,313,317,
25210,2521,1242,1279,4412,2150,2262,5042,2441,2601,4411,2154,2257,2520,1190,1330,630,313,317,
25215,2522,1242,1280,4412,2150,2262,5042,2441,2601,4412,2154,2258,2520,1190,1330,630,313,317,
25220,2523,1243,1280,4414,2152,2262,5045,2443,2602,4413,2155,2258,2521,1190,1331,630,313,317,
25225,2523,1243,1280,4415,2153,2262,5045,2443,2602,4414,2156,2258,2521,1190,1331,631,314,317,
25230,2524,1243,1281,4415,2153,2262,5046,2444,2602,4415,2156,2259,2523,1190,1333,631,314,317,
25235,2524,1243,1281,4416,2153,2263,5047,2444,2603,4416,2156,2260,2524,1191,1333,631,314,317,
25240,2524,1243,1281,4417,2154,2263,5048,2444,2604,4417,2156,2261,2524,1191,1333,631,314,317,
25245,2524,1243,1281,4418,2155,2263,5048,2444,2604,4417,2156,2261,2524,1191,1333,631,314,317,
25250,2525,1243,1282,4419,2155,2264,5050,2446,2604,4418,2156,2262,2524,1191,1333,631,314,317,
25255,2526,1244,1282,4419,2155,2264,5050,2446,2604,4419,2156,2263,2524,1191,1333,631,314,317,
25260,2527,1245,1282,4421,2156,2265,5053,2447,2606,4420,2156,2264,2525,1192,1333,631,314,317,
25265,2527,1245,1282,4422,2157,2265,5053,2447,2606,4421,2156,2265,2525,1192,1333,632,315,317,
25270,2528,1245,1283,4422,2157,2265,5054,2447,2607,4422,2156,2266,2527,1194,1333,632,315,317,
25275,2528,1245,1283,4423,2158,2265,5055,2448,2607,4423,2157,2266,2528,1194,1334,632,315,317,
25280,2528,1245,1283,4424,2158,2266,5056,2448,2608,4424,2157,2267,2528,1194,1334,632,315,317,
25285,2528,1245,1283,4425,2159,2266,5056,2448,2608,4424,2157,2267,2528,1194,1334,632,315,317,
25290,2529,1245,1284,4426,2160,2266,5058,2449,2609,4425,2158,2267,2528,1194,1334,632,315,317,
25295,2530,1246,1284,4426,2160,2266,5058,2449,2609,4426,2159,2267,2528,1194,1334,632,315,317,
25300,2531,1246,1285,4428,2161,2267,5061,2449,2612,4427,2159,2268,2529,1195,1334,632,315,317,
25305,2531,1246,1285,4429,2161,2268,5061,2449,2612,4428,2159,2269,2529,1195,1334,633,316,317,
25310,2532,1246,1286,4429,2161,2268,5062,2450,2612,4429,2159,2270,2531,1196,1335,633,316,317,
25315,2532,1246,1286,4430,2161,2269,5063,2450,2613,4430,2159,2271,2532,1197,1335,633,316,317,
25320,2532,1246,1286,4431,2161,2270,5064,2450,2614,4431,2160,2271,2532,1197,1335,633,316,317,
25325,2532,1246,1286,4432,2162,2270,5064,2450,2614,4431,2160,2271,2532,1197,1335,633,316,317,
25330,2533,1247,1286,4433,2162,2271,5066,2451,2615,4432,2160,2272,2532,1197,1335,633,316,317,
25335,2534,1247,1287,4433,2162,2271,5066,2451,2615,4433,2161,2272,2532,1197,1335,633,316,317,
25340,2535,1248,1287,4435,2163,2272,5069,2454,2615,4434,2161,2273,2533,1198,1335,633,316,317,
25345,2535,1248,1287,4436,2164,2272,5069,2454,2615,4435,2161,2274,2533,1198,1335,634,316,318,
25350,2536,1249,1287,4436,2164,2272,5070,2454,2616,4436,2161,2275,2535,1198,1337,634,316,318,
25355,2536,1249,1287,4437,2165,2272,5071,2454,2617,4437,2161,2276,2536,1198,1338,634,316,318,
25360,2536,1249,1287,4438,2166,2272,5072,2454,2618,4438,2161,2277,2536,1198,1338,634,316,318,
25365,2536,1249,1287,4439,2167,2272,5072,2454,2618,4438,2161,2277,2536,1198,1338,634,316,318,
25370,2537,1250,1287,4440,2168,2272,5074,2455,2619,4439,2162,2277,2536,1198,1338,634,316,318,
25375,2538,1250,1288,4440,2168,2272,5074,2455,2619,4440,2162,2278,2536,1198,1338,634,316,318,
25380,2539,1251,1288,4442,2169,2273,5077,2457,2620,4441,2162,2279,2537,1199,1338,634,316,318,
25385,2539,1251,1288,4443,2170,2273,5077,2457,2620,4442,2162,2280,2537,1199,1338,635,316,319,
25390,2540,1251,1289,4443,2170,2273,5078,2457,2621,4443,2162,2281,2539,1201,1338,635,316,319,
25395,2540,1251,1289,4444,2170,2274,5079,2458,2621,4444,2163,2281,2540,1201,1339,635,316,319,
25400,2540,1251,1289,4445,2170,2275,5080,2458,2622,4445,2164,2281,2540,1201,1339,635,316,319,
25405,2540,1251,1289,4446,2171,2275,5080,2458,2622,4445,2164,2281,2540,1201,1339,635,316,319,
25410,2541,1251,1290,4447,2172,2275,5082,2459,2623,4446,2165,2281,2540,1201,1339,635,316,319,
25415,2542,1251,1291,4447,2172,2275,5082,2459,2623,4447,2166,2281,2540,1201,1339,635,316,319,
25420,2543,1252,1291,4449,2174,2275,5085,2459,2626,4448,2167,2281,2541,1202,1339,635,316,319,
25425,2543,1252,1291,4450,2174,2276,5085,2459,2626,4449,2167,2282,2541,1202,1339,636,317,319,
25430,2544,1252,1292,4450,2174,2276,5086,2460,2626,4450,2167,2283,2543,1203,1340,636,317,319,
25435,2544,1252,1292,4451,2174,2277,5087,2461,2626,4451,2167,2284,2544,1204,1340,636,317,319,
25440,2544,1252,1292,4452,2175,2277,5088,2462,2626,4452,2167,2285,2544,1204,1340,636,317,319,
25445,2544,1252,1292,4453,2175,2278,5088,2462,2626,4452,2167,2285,2544,1204,1340,636,317,319,
25450,2545,1253,1292,4454,2175,2279,5090,2462,2628,4453,2167,2286,2544,1204,1340,636,317,319,
25455,2546,1253,1293,4454,2175,2279,5090,2462,2628,4454,2168,2286,2544,1204,1340,636,317,319,
25460,2547,1253,1294,4456,2177,2279,5093,2464,2629,4455,2169,2286,2545,1205,1340,636,317,319,
25465,2547,1253,1294,4457,2178,2279,5093,2464,2629,4456,2169,2287,2545,1205,1340,637,318,319,
25470,2548,1254,1294,4457,2178,2279,5094,2465,2629,4457,2170,2287,2547,1205,1342,637,318,319,
25475,2548,1254,1294,4458,2179,2279,5095,2466,2629,4458,2171,2287,2548,1206,1342,637,318,319,
25480,2548,1254,1294,4459,2180,2279,5096,2466,2630,4459,2172,2287,2548,1206,1342,637,318,319,
25485,2548,1254,1294,4460,2181,2279,5096,2466,2630,4459,2172,2287,2548,1206,1342,637,318,319,
25490,2549,1255,1294,4461,2181,2280,5098,2467,2631,4460,2172,2288,2548,1206,1342,637,318,319,
25495,2550,1256,1294,4461,2181,2280,5098,2467,2631,4461,2172,2289,2548,1206,1342,637,318,319,
25500,2551,1256,1295,4463,2183,2280,5101,2469,2632,4462,2172,2290,2549,1206,1343,637,318,319,
25505,2551,1256,1295,4464,2183,2281,5101,2469,2632,4463,2172,2291,2549,1206,1343,638,318,320,
25510,2552,1256,1296,4464,2183,2281,5102,2470,2632,4464,2173,2291,2551,1207,1344,638,318,320,
25515,2552,1256,1296,4465,2183,2282,5103,2470,2633,4465,2174,2291,2552,1207,1345,638,318,320,
25520,2552,1256,1296,4466,2184,2282,5104,2471,2633,4466,2175,2291,2552,1207,1345,638,318,320,
25525,2552,1256,1296,4467,2185,2282,5104,2471,2633,4466,2175,2291,2552,1207,1345,638,318,320,
25530,2553,1256,1297,4468,2185,2283,5106,2471,2635,4467,2176,2291,2552,1207,1345,638,318,320,
25535,2554,1256,1298,4468,2185,2283,5106,2471,2635,4468,2177,2291,2552,1207,1345,638,318,320,
25540,2555,1256,1299,4470,2185,2285,5109,2473,2636,4469,2177,2292,2553,1208,1345,638,318,320,
25545,2555,1256,1299,4471,2185,2286,5109,2473,2636,4470,2178,2292,2553,1208,1345,639,319,320,
25550,2556,1257,1299,4471,2185,2286,5110,2473,2637,4471,2178,2293,2555,1209,1346,639,319,320,
25555,2556,1257,1299,4472,2186,2286,5111,2474,2637,4472,2179,2293,2556,1210,1346,639,319,320,
25560,2556,1257,1299,4473,2187,2286,5112,2475,2637,4473,2180,2293,2556,1210,1346,639,319,320,
25565,2556,1257,1299,4474,2187,2287,5112,2475,2637,4473,2180,2293,2556,1210,1346,639,319,320,
25570,2557,1258,1299,4475,2187,2288,5114,2476,2638,4474,2180,2294,2556,1210,1346,639,319,320,
25575,2558,1259,1299,4475,2187,2288,5114,2476,2638,4475,2180,2295,2556,1210,1346,639,319,320,
25580,2559,1259,1300,4477,2188,2289,5117,2478,2639,4476,2180,2296,2557,1210,1347,639,319,320,
25585,2559,1259,1300,4478,2188,2290,5117,2478,2639,4477,2181,2296,2557,1210,1347,640,320,320,
25590,2560,1259,1301,4478,2188,2290,5118,2479,2639,4478,2181,2297,2559,1210,1349,640,320,320,
25595,2560,1259,1301,4479,2189,2290,5119,2480,2639,4479,2181,2298,2560,1211,1349,640,320,320,
25600,2560,1259,1301,4480,2190,2290,5120,2480,2640,4480,2181,2299,2560,1211,1349,640,320,320,
25605,2560,1259,1301,4481,2191,2290,5120,2480,2640,4480,2181,2299,2560,1211,1349,640,320,320,
25610,2561,1260,1301,4482,2192,2290,5122,2482,2640,4481,2181,2300,2560,1211,1349,640,320,320,
25615,2562,1260,1302,4482,2192,2290,5122,2482,2640,4482,2181,2301,2560,1211,1349,640,320,320,
25620,2563,1260,1303,4484,2194,2290,5125,2483,2642,4483,2182,2301,2561,1212,1349,640,320,320,
25625,2563,1260,1303,4485,2194,2291,5125,2483,2642,4484,2183,2301,2561,1212,1349,641,320,321,
25630,2564,1261,1303,4485,2194,2291,5126,2484,2642,4485,2184,2301,2563,1214,1349,641,320,321,
25635,2564,1261,1303,4486,2195,2291,5127,2484,2643,4486,2184,2302,2564,1214,1350,641,320,321,
25640,2564,1261,1303,4487,2196,2291,5128,2484,2644,4487,2185,2302,2564,1214,1350,641,320,321,
25645,2564,1261,1303,4488,2197,2291,5128,2484,2644,4487,2185,2302,2564,1214,1350,641,320,321,
25650,2565,1262,1303,4489,2198,2291,5130,2484,2646,4488,2185,2303,2564,1214,1350,641,320,321,
25655,2566,1262,1304,4489,2198,2291,5130,2484,2646,4489,2185,2304,2564,1214,1350,641,320,321,
25660,2567,1262,1305,4491,2198,2293,5133,2486,2647,4490,2186,2304,2565,1214,1351,641,320,321,
25665,2567,1262,1305,4492,2199,2293,5133,2486,2647,4491,2187,2304,2565,1214,1351,642,320,322,
25670,2568,1262,1306,4492,2199,2293,5134,2486,2648,4492,2187,2305,2567,1216,1351,642,320,322,
25675,2568,1262,1306,4493,2200,2293,5135,2487,2648,4493,2187,2306,2568,1217,1351,642,320,322,
25680,2568,1262,1306,4494,2201,2293,5136,2487,2649,4494,2187,2307,2568,1217,1351,642,320,322,
25685,2568,1262,1306,4495,2201,2294,5136,2487,2649,4494,2187,2307,2568,1217,1351,642,320,322,
25690,2569,1263,1306,4496,2201,2295,5138,2488,2650,4495,2187,2308,2568,1217,1351,642,320,322,
25695,2570,1264,1306,4496,2201,2295,5138,2488,2650,4496,2187,2309,2568,1217,1351,642,320,322,
25700,2571,1264,1307,4498,2201,2297,5141,2489,2652,4497,2188,2309,2569,1218,1351,642,320,322,
25705,2571,1264,1307,4499,2202,2297,5141,2489,2652,4498,2189,2309,2569,1218,1351,643,320,323,
25710,2572,1264,1308,4499,2202,2297,5142,2489,2653,4499,2190,2309,2571,1219,1352,643,320,323,
25715,2572,1264,1308,4500,2202,2298,5143,2490,2653,4500,2190,2310,2572,1220,1352,643,320,323,
25720,2572,1264,1308,4501,2202,2299,5144,2490,2654,4501,2191,2310,2572,1220,1352,643,320,323,
25725,2572,1264,1308,4502,2203,2299,5144,2490,2654,4501,2191,2310,2572,1220,1352,643,320,323,
25730,2573,1264,1309,4503,2204,2299,5146,2491,2655,4502,2191,2311,2572,1220,1352,643,320,323,
25735,2574,1265,1309,4503,2204,2299,5146,2491,2655,4503,2191,2312,2572,1220,1352,643,320,323,
25740,2575,1266,1309,4505,2204,2301,5149,2492,2657,4504,2191,2313,2573,1220,1353,643,320,323,
25745,2575,1266,1309,4506,2205,2301,5149,2492,2657,4505,2191,2314,2573,1220,1353,644,321,323,
25750,2576,1266,1310,4506,2205,2301,5150,2493,2657,4506,2191,2315,2575,1221,1354,644,321,323,
25755,2576,1266,1310,4507,2205,2302,5151,2493,2658,4507,2191,2316,2576,1221,1355,644,321,323,
25760,2576,1266,1310,4508,2205,2303,5152,2494,2658,4508,2192,2316,2576,1221,1355,644,321,323,
25765,2576,1266,1310,4509,2205,2304,5152,2494,2658,4508,2192,2316,2576,1221,1355,644,321,323,
25770,2577,1266,1311,4510,2206,2304,5154,2495,2659,4509,2193,2316,2576,1221,1355,644,321,323,
25775,2578,1267,1311,4510,2206,2304,5154,2495,2659,4510,2193,2317,2576,1221,1355,644,321,323,
25780,2579,1267,1312,4512,2207,2305,5157,2496,2661,4511,2194,2317,2577,1222,1355,644,321,323,
25785,2579,1267,1312,4513,2207,2306,5157,2496,2661,4512,2194,2318,2577,1222,1355,645,322,323,
25790,2580,1267,1313,4513,2207,2306,5158,2496,2662,4513,2194,2319,2579,1223,1356,645,322,323,
25795,2580,1267,1313,4514,2207,2307,5159,2497,2662,4514,2194,2320,2580,1223,1357,645,322,323,
25800,2580,1267,1313,4515,2207,2308,5160,2498,2662,4515,2195,2320,2580,1223,1357,645,322,323,
25805,2580,1267,1313,4516,2208,2308,5160,2498,2662,4515,2195,2320,2580,1223,1357,645,322,323,
25810,2581,1267,1314,4517,2209,2308,5162,2499,2663,4516,2195,2321,2580,1223,1357,645,322,323,
25815,2582,1268,1314,4517,2209,2308,5162,2499,2663,4517,2195,2322,2580,1223,1357,645,322,323,
25820,2583,1268,1315,4519,2211,2308,5165,2500,2665,4518,2195,2323,2581,1224,1357,645,322,323,
25825,2583,1268,1315,4520,2212,2308,5165,2500,2665,4519,2195,2324,2581,1224,1357,646,322,324,
25830,2584,1269,1315,4520,2212,2308,5166,2501,2665,4520,2196,2324,2583,1225,1358,646,322,324,
25835,2584,1269,1315,4521,2212,2309,5167,2502,2665,4521,2197,2324,2584,1226,1358,646,322,324,
25840,2584,1269,1315,4522,2212,2310,5168,2502,2666,4522,2198,2324,2584,1226,1358,646,322,324,
25845,2584,1269,1315,4523,2212,2311,5168,2502,2666,4522,2198,2324,2584,1226,1358,646,322,324,
25850,2585,1269,1316,4524,2212,2312,5170,2503,2667,4523,2198,2325,2584,1226,1358,646,322,324,
25855,2586,1270,1316,4524,2212,2312,5170,2503,2667,4524,2198,2326,2584,1226,1358,646,322,324,
25860,2587,1271,1316,4526,2212,2314,5173,2506,2667,4525,2198,2327,2585,1226,1359,646,322,324,
25865,2587,1271,1316,4527,2212,2315,5173,2506,2667,4526,2198,2328,2585,1226,1359,647,323,324,
25870,2588,1271,1317,4527,2212,2315,5174,2506,2668,4527,2199,2328,2587,1227,1360,647,323,324,
25875,2588,1271,1317,4528,2213,2315,5175,2507,2668,4528,2199,2329,2588,1228,1360,647,323,324,
25880,2588,1271,1317,4529,2214,2315,5176,2508,2668,4529,2199,2330,2588,1228,1360,647,323,324,
25885,2588,1271,1317,4530,2215,2315,5176,2508,2668,4529,2199,2330,2588,1228,1360,647,323,324,
25890,2589,1272,1317,4531,2216,2315,5178,2510,2668,4530,2200,2330,2588,1228,1360,647,323,324,
25895,2590,1272,1318,4531,2216,2315,5178,2510,2668,4531,2200,2331,2588,1228,1360,647,323,324,
25900,2591,1273,1318,4533,2217,2316,5181,2511,2670,4532,2201,2331,2589,1229,1360,647,323,324,
25905,2591,1273,1318,4534,2218,2316,5181,2511,2670,4533,2201,2332,2589,1229,1360,648,324,324,
25910,2592,1274,1318,4534,2218,2316,5182,2512,2670,4534,2201,2333,2591,1229,1362,648,324,324,
25915,2592,1274,1318,4535,2218,2317,5183,2513,2670,4535,2202,2333,2592,1229,1363,648,324,324,
25920,2592,1274,1318,4536,2219,2317,5184,2514,2670,4536,2202,2334,2592,1229,1363,648,324,324,
25925,2592,1274,1318,4537,2219,2318,5184,2514,2670,4536,2202,2334,2592,1229,1363,648,324,324,
25930,2593,1274,1319,4538,2219,2319,5186,2516,2670,4537,2203,2334,2592,1229,1363,648,324,324,
25935,2594,1275,1319,4538,2219,2319,5186,2516,2670,4538,2204,2334,2592,1229,1363,648,324,324,
25940,2595,1276,1319,4540,2220,2320,5189,2518,2671,4539,2205,2334,2593,1229,1364,648,324,324,
25945,2595,1276,1319,4541,2221,2320,5189,2518,2671,4540,2205,2335,2593,1229,1364,649,324,325,
25950,2596,1276,1320,4541,2221,2320,5190,2519,2671,4541,2205,2336,2595,1229,1366,649,324,325,
25955,2596,1276,1320,4542,2221,2321,5191,2519,2672,4542,2205,2337,2596,1229,1367,649,324,325,
25960,2596,1276,1320,4543,2221,2322,5192,2519,2673,4543,2206,2337,2596,1229,1367,649,324,325,
25965,2596,1276,1320,4544,2222,2322,5192,2519,2673,4543,2206,2337,2596,1229,1367,649,324,325,
25970,2597,1276,1321,4545,2222,2323,5194,2519,2675,4544,2207,2337,2596,1229,1367,649,324,325,
25975,2598,1276,1322,4545,2222,2323,5194,2519,2675,4545,2207,2338,2596,1229,1367,649,324,325,
25980,2599,1276,1323,4547,2223,2324,5197,2521,2676,4546,2208,2338,2597,1229,1368,649,324,325,
25985,2599,1276,1323,4548,2224,2324,5197,2521,2676,4547,2209,2338,2597,1229,1368,650,324,326,
25990,2600,1277,1323,4548,2224,2324,5198,2521,2677,4548,2209,2339,2599,1231,1368,650,324,326,
25995,2600,1277,1323,4549,2224,2325,5199,2521,2678,4549,2209,2340,2600,1232,1368,650,324,326,
26000,2600,1277,1323,4550,2224,2326,5200,2521,2679,4550,2210,2340,2600,1232,1368,650,324,326,
26005,2600,1277,1323,4551,2224,2327,5200,2521,2679,4550,2210,2340,2600,1232,1368,650,324,326,
26010,2601,1278,1323,4552,2224,2328,5202,2521,2681,4551,2211,2340,2600,1232,1368,650,324,326,
26015,2602,1279,1323,4552,2224,2328,5202,2521,2681,4552,2211,2341,2600,1232,1368,650,324,326,
26020,2603,1280,1323,4554,2224,2330,5205,2522,2683,4553,2211,2342,2601,1233,1368,650,324,326,
26025,2603,1280,1323,4555,2224,2331,5205,2522,2683,4554,2211,2343,2601,1233,1368,651,324,327,
26030,2604,1280,1324,4555,2224,2331,5206,2522,2684,4555,2211,2344,2603,1234,1369,651,324,327,
26035,2604,1280,1324,4556,2225,2331,5207,2523,2684,4556,2212,2344,2604,1234,1370,651,324,327,
26040,2604,1280,1324,4557,2226,2331,5208,2523,2685,4557,2213,2344,2604,1234,1370,651,324,327,
26045,2604,1280,1324,4558,2227,2331,5208,2523,2685,4557,2213,2344,2604,1234,1370,651,324,327,
26050,2605,1281,1324,4559,2227,2332,5210,2523,2687,4558,2213,2345,2604,1234,1370,651,324,327,
26055,2606,1282,1324,4559,2227,2332,5210,2523,2687,4559,2213,2346,2604,1234,1370,651,324,327,
26060,2607,1282,1325,4561,2228,2333,5213,2526,2687,4560,2213,2347,2605,1235,1370,651,324,327,
26065,2607,1282,1325,4562,2229,2333,5213,2526,2687,4561,2213,2348,2605,1235,1370,652,325,327,
26070,2608,1282,1326,4562,2229,2333,5214,2527,2687,4562,2213,2349,2607,1235,1372,652,325,327,
26075,2608,1282,1326,4563,2230,2333,5215,2527,2688,4563,2213,2350,2608,1236,1372,652,325,327,
26080,2608,1282,1326,4564,2231,2333,5216,2527,2689,4564,2214,2350,2608,1236,1372,652,325,327,
26085,2608,1282,1326,4565,2232,2333,5216,2527,2689,4564,2214,2350,2608,1236,1372,652,325,327,
26090,2609,1282,1327,4566,2233,2333,5218,2528,2690,4565,2215,2350,2608,1236,1372,652,325,327,
26095,2610,1283,1327,4566,2233,2333,5218,2528,2690,4566,2215,2351,2608,1236,1372,652,325,327,
26100,2611,1284,1327,4568,2234,2334,5221,2528,2693,4567,2215,2352,2609,1236,1373,652,325,327,
26105,2611,1284,1327,4569,2234,2335,5221,2528,2693,4568,2216,2352,2609,1236,1373,653,325,328,
26110,2612,1285,1327,4569,2234,2335,5222,2529,2693,4569,2216,2353,2611,1238,1373,653,325,328,
26115,2612,1285,1327,4570,2234,2336,5223,2529,2694,4570,2217,2353,2612,1239,1373,653,325,328,
26120,2612,1285,1327,4571,2234,2337,5224,2529,2695,4571,2217,2354,2612,1239,1373,653,325,328,
26125,2612,1285,1327,4572,2235,2337,5224,2529,2695,4571,2217,2354,2612,1239,1373,653,325,328,
26130,2613,1285,1328,4573,2235,2338,5226,2529,2697,4572,2218,2354,2612,1239,1373,653,325,328,
26135,2614,1286,1328,4573,2235,2338,5226,2529,2697,4573,2219,2354,2612,1239,1373,653,325,328,
26140,2615,1286,1329,4575,2236,2339,5229,2531,2698,4574,2219,2355,2613,1239,1374,653,325,328,
26145,2615,1286,1329,4576,2236,2340,5229,2531,2698,4575,2219,2356,2613,1239,1374,654,325,329,
26150,2616,1287,1329,4576,2236,2340,5230,2531,2699,4576,2220,2356,2615,1240,1375,654,325,329,
26155,2616,1287,1329,4577,2237,2340,5231,2531,2700,4577,2220,2357,2616,1241,1375,654,325,329,
26160,2616,1287,1329,4578,2237,2341,5232,2531,2701,4578,2221,2357,2616,1241,1375,654,325,329,
26165,2616,1287,1329,4579,2238,2341,5232,2531,2701,4578,2221,2357,2616,1241,1375,654,325,329,
26170,2617,1287,1330,4580,2239,2341,5234,2532,2702,4579,2221,2358,2616,1241,1375,654,325,329,
26175,2618,1287,1331,4580,2239,2341,5234,2532,2702,4580,2221,2359,2616,1241,1375,654,325,329,
26180,2619,1287,1332,4582,2239,2343,5237,2533,2704,4581,2221,2360,2617,1241,1376,654,325,329,
26185,2619,1287,1332,4583,2239,2344,5237,2533,2704,4582,2221,2361,2617,1241,1376,655,325,330,
26190,2620,1287,1333,4583,2239,2344,5238,2533,2705,4583,2222,2361,2619,1242,1377,655,325,330,
26195,2620,1287,1333,4584,2240,2344,5239,2533,2706,4584,2222,2362,2620,1243,1377,655,325,330,
26200,2620,1287,1333,4585,2240,2345,5240,2534,2706,4585,2223,2362,2620,1243,1377,655,325,330,
26205,2620,1287,1333,4586,2241,2345,5240,2534,2706,4585,2223,2362,2620,1243,1377,655,325,330,
26210,2621,1288,1333,4587,2241,2346,5242,2535,2707,4586,2223,2363,2620,1243,1377,655,325,330,
26215,2622,1288,1334,4587,2241,2346,5242,2535,2707,4587,2224,2363,2620,1243,1377,655,325,330,
26220,2623,1288,1335,4589,2242,2347,5245,2536,2709,4588,2224,2364,2621,1243,1378,655,325,330,
26225,2623,1288,1335,4590,2243,2347,5245,2536,2709,4589,2224,2365,2621,1243,1378,656,326,330,
26230,2624,1288,1336,4590,2243,2347,5246,2537,2709,4590,2225,2365,2623,1244,1379,656,326,330,
26235,2624,1288,1336,4591,2244,2347,5247,2537,2710,4591,2226,2365,2624,1245,1379,656,326,330,
26240,2624,1288,1336,4592,2245,2347,5248,2537,2711,4592,2226,2366,2624,1245,1379,656,326,330,
26245,2624,1288,1336,4593,2246,2347,5248,2537,2711,4592,2226,2366,2624,1245,1379,656,326,330,
26250,2625,1289,1336,4594,2247,2347,5250,2537,2713,4593,2226,2367,2624,1245,1379,656,326,330,
26255,2626,1289,1337,4594,2247,2347,5250,2537,2713,4594,2226,2368,2624,1245,1379,656,326,330,
26260,2627,1289,1338,4596,2247,2349,5253,2540,2713,4595,2226,2369,2625,1245,1380,656,326,330,
26265,2627,1289,1338,4597,2247,2350,5253,2540,2713,4596,2227,2369,2625,1245,1380,657,326,331,
26270,2628,1289,1339,4597,2247,2350,5254,2540,2714,4597,2228,2369,2627,1245,1382,657,326,331,
26275,2628,1289,1339,4598,2248,2350,5255,2540,2715,4598,2229,2369,2628,1246,1382,657,326,331,
26280,2628,1289,1339,4599,2248,2351,5256,2541,2715,4599,2230,2369,2628,1246,1382,657,326,331,
26285,2628,1289,1339,4600,2249,2351,5256,2541,2715,4599,2230,2369,2628,1246,1382,657,326,331,
26290,2629,1290,1339,4601,2249,2352,5258,2541,2717,4600,2231,2369,2628,1246,1382,657,326,331,
26295,2630,1291,1339,4601,2249,2352,5258,2541,2717,4601,2231,2370,2628,1246,1382,657,326,331,
26300,2631,1292,1339,4603,2251,2352,5261,2544,2717,4602,2231,2371,2629,1246,1383,657,326,331,
26305,2631,1292,1339,4604,2252,2352,5261,2544,2717,4603,2232,2371,2629,1246,1383,658,326,332,
26310,2632,1293,1339,4604,2252,2352,5262,2544,2718,4604,2232,2372,2631,1247,1384,658,326,332,
26315,2632,1293,1339,4605,2253,2352,5263,2544,2719,4605,2233,2372,2632,1248,1384,658,326,332,
26320,2632,1293,1339,4606,2254,2352,5264,2545,2719,4606,2233,2373,2632,1248,1384,658,326,332,
26325,2632,1293,1339,4607,2254,2353,5264,2545,2719,4606,2233,2373,2632,1248,1384,658,326,332,
26330,2633,1294,1339,4608,2254,2354,5266,2545,2721,4607,2233,2374,2632,1248,1384,658,326,332,
26335,2634,1294,1340,4608,2254,2354,5266,2545,2721,4608,2233,2375,2632,1248,1384,658,326,332,
26340,2635,1295,1340,4610,2256,2354,5269,2548,2721,4609,2233,2376,2633,1248,1385,658,326,332,
26345,2635,1295,1340,4611,2257,2354,5269,2548,2721,4610,2233,2377,2633,1248,1385,659,326,333,
26350,2636,1295,1341,4611,2257,2354,5270,2549,2721,4611,2233,2378,2635,1249,1386,659,326,333,
26355,2636,1295,1341,4612,2258,2354,5271,2550,2721,4612,2233,2379,2636,1249,1387,659,326,333,
26360,2636,1295,1341,4613,2259,2354,5272,2550,2722,4613,2233,2380,2636,1249,1387,659,326,333,
26365,2636,1295,1341,4614,2259,2355,5272,2550,2722,4613,2233,2380,2636,1249,1387,659,326,333,
26370,2637,1296,1341,4615,2259,2356,5274,2551,2723,4614,2234,2380,2636,1249,1387,659,326,333,
26375,2638,1296,1342,4615,2259,2356,5274,2551,2723,4615,2234,2381,2636,1249,1387,659,326,333,
26380,2639,1297,1342,4617,2260,2357,5277,2553,2724,4616,2235,2381,2637,1249,1388,659,326,333,
26385,2639,1297,1342,4618,2260,2358,5277,2553,2724,4617,2236,2381,2637,1249,1388,660,327,333,
26390,2640,1298,1342,4618,2260,2358,5278,2553,2725,4618,2236,2382,2639,1250,1389,660,327,333,
26395,2640,1298,1342,4619,2260,2359,5279,2553,2726,4619,2236,2383,2640,1250,1390,660,327,333,
26400,2640,1298,1342,4620,2260,2360,5280,2553,2727,4620,2236,2384,2640,1250,1390,660,327,333,
26405,2640,1298,1342,4621,2261,2360,5280,2553,2727,4620,2236,2384,2640,1250,1390,660,327,333,
26410,2641,1299,1342,4622,2262,2360,5282,2555,2727,4621,2237,2384,2640,1250,1390,660,327,333,
26415,2642,1300,1342,4622,2262,2360,5282,2555,2727,4622,2238,2384,2640,1250,1390,660,327,333,
26420,2643,1300,1343,4624,2263,2361,5285,2555,2730,4623,2239,2384,2641,1250,1391,660,327,333,
26425,2643,1300,1343,4625,2263,2362,5285,2555,2730,4624,2240,2384,2641,1250,1391,661,328,333,
26430,2644,1301,1343,4625,2263,2362,5286,2556,2730,4625,2241,2384,2643,1250,1393,661,328,333,
26435,2644,1301,1343,4626,2263,2363,5287,2557,2730,4626,2241,2385,2644,1250,1394,661,328,333,
26440,2644,1301,1343,4627,2264,2363,5288,2557,2731,4627,2242,2385,2644,1250,1394,661,328,333,
26445,2644,1301,1343,4628,2265,2363,5288,2557,2731,4627,2242,2385,2644,1250,1394,661,328,333,
26450,2645,1302,1343,4629,2265,2364,5290,2558,2732,4628,2243,2385,2644,1250,1394,661,328,333,
26455,2646,1303,1343,4629,2265,2364,5290,2558,2732,4629,2243,2386,2644,1250,1394,661,328,333,
26460,2647,1303,1344,4631,2266,2365,5293,2560,2733,4630,2243,2387,2645,1251,1394,661,328,333,
26465,2647,1303,1344,4632,2266,2366,5293,2560,2733,4631,2244,2387,2645,1251,1394,662,328,334,
26470,2648,1304,1344,4632,2266,2366,5294,2561,2733,4632,2245,2387,2647,1252,1395,662,328,334,
26475,2648,1304,1344,4633,2267,2366,5295,2562,2733,4633,2245,2388,2648,1252,1396,662,328,334,
26480,2648,1304,1344,4634,2267,2367,5296,2562,2734,4634,2246,2388,2648,1252,1396,662,328,334,
26485,2648,1304,1344,4635,2268,2367,5296,2562,2734,4634,2246,2388,2648,1252,1396,662,328,334,
26490,2649,1305,1344,4636,2268,2368,5298,2563,2735,4635,2246,2389,2648,1252,1396,662,328,334,
26495,2650,1305,1345,4636,2268,2368,5298,2563,2735,4636,2247,2389,2648,1252,1396,662,328,334,
26500,2651,1305,1346,4638,2268,2370,5301,2563,2738,4637,2248,2389,2649,1252,1397,662,328,334,
26505,2651,1305,1346,4639,2269,2370,5301,2563,2738,4638,2248,2390,2649,1252,1397,663,329,334,
26510,2652,1305,1347,4639,2269,2370,5302,2564,2738,4639,2248,2391,2651,1253,1398,663,329,334,
26515,2652,1305,1347,4640,2270,2370,5303,2565,2738,4640,2248,2392,2652,1253,1399,663,329,334,
26520,2652,1305,1347,4641,2271,2370,5304,2566,2738,4641,2248,2393,2652,1253,1399,663,329,334,
26525,2652,1305,1347,4642,2271,2371,5304,2566,2738,4641,2248,2393,2652,1253,1399,663,329,334,
26530,2653,1306,1347,4643,2272,2371,5306,2566,2740,4642,2248,2394,2652,1253,1399,663,329,334,
26535,2654,1306,1348,4643,2272,2371,5306,2566,2740,4643,2248,2395,2652,1253,1399,663,329,334,
26540,2655,1307,1348,4645,2274,2371,5309,2567,2742,4644,2248,2396,2653,1253,1400,663,329,334,
26545,2655,1307,1348,4646,2275,2371,5309,2567,2742,4645,2248,2397,2653,1253,1400,664,329,335,
26550,2656,1307,1349,4646,2275,2371,5310,2568,2742,4646,2248,2398,2655,1255,1400,664,329,335,
26555,2656,1307,1349,4647,2276,2371,5311,2568,2743,4647,2248,2399,2656,1256,1400,664,329,335,
26560,2656,1307,1349,4648,2276,2372,5312,2568,2744,4648,2248,2400,2656,1256,1400,664,329,335,
26565,2656,1307,1349,4649,2277,2372,5312,2568,2744,4648,2248,2400,2656,1256,1400,664,329,335,
26570,2657,1307,1350,4650,2278,2372,5314,2568,2746,4649,2248,2401,2656,1256,1400,664,329,335,
26575,2658,1308,1350,4650,2278,2372,5314,2568,2746,4650,2249,2401,2656,1256,1400,664,329,335,
26580,2659,1308,1351,4652,2279,2373,5317,2570,2747,4651,2249,2402,2657,1257,1400,664,329,335,
26585,2659,1308,1351,4653,2280,2373,5317,2570,2747,4652,2250,2402,2657,1257,1400,665,329,336,
26590,2660,1309,1351,4653,2280,2373,5318,2571,2747,4653,2251,2402,2659,1259,1400,665,329,336,
26595,2660,1309,1351,4654,2281,2373,5319,2572,2747,4654,2252,2402,2660,1260,1400,665,329,336,
26600,2660,1309,1351,4655,2282,2373,5320,2573,2747,4655,2253,2402,2660,1260,1400,665,329,336,
26605,2660,1309,1351,4656,2282,2374,5320,2573,2747,4655,2253,2402,2660,1260,1400,665,329,336,
26610,2661,1310,1351,4657,2283,2374,5322,2574,2748,4656,2254,2402,2660,1260,1400,665,329,336,
26615,2662,1311,1351,4657,2283,2374,5322,2574,2748,4657,2254,2403,2660,1260,1400,665,329,336,
26620,2663,1312,1351,4659,2284,2375,5325,2576,2749,4658,2255,2403,2661,1260,1401,665,329,336,
26625,2663,1312,1351,4660,2284,2376,5325,2576,2749,4659,2256,2403,2661,1260,1401,666,329,337,
26630,2664,1312,1352,4660,2284,2376,5326,2576,2750,4660,2257,2403,2663,1261,1402,666,329,337,
26635,2664,1312,1352,4661,2284,2377,5327,2577,2750,4661,2257,2404,2664,1262,1402,666,329,337,
26640,2664,1312,1352,4662,2284,2378,5328,2577,2751,4662,2258,2404,2664,1262,1402,666,329,337,
26645,2664,1312,1352,4663,2284,2379,5328,2577,2751,4662,2258,2404,2664,1262,1402,666,329,337,
26650,2665,1313,1352,4664,2285,2379,5330,2577,2753,4663,2258,2405,2664,1262,1402,666,329,337,
26655,2666,1313,1353,4664,2285,2379,5330,2577,2753,4664,2259,2405,2664,1262,1402,666,329,337,
26660,2667,1314,1353,4666,2285,2381,5333,2579,2754,4665,2259,2406,2665,1263,1402,666,329,337,
26665,2667,1314,1353,4667,2285,2382,5333,2579,2754,4666,2259,2407,2665,1263,1402,667,330,337,
26670,2668,1315,1353,4667,2285,2382,5334,2579,2755,4667,2259,2408,2667,1265,1402,667,330,337,
26675,2668,1315,1353,4668,2286,2382,5335,2580,2755,4668,2260,2408,2668,1265,1403,667,330,337,
26680,2668,1315,1353,4669,2286,2383,5336,2580,2756,4669,2260,2409,2668,1265,1403,667,330,337,
26685,2668,1315,1353,4670,2287,2383,5336,2580,2756,4669,2260,2409,2668,1265,1403,667,330,337,
26690,2669,1315,1354,4671,2287,2384,5338,2581,2757,4670,2261,2409,2668,1265,1403,667,330,337,
26695,2670,1316,1354,4671,2287,2384,5338,2581,2757,4671,2261,2410,2668,1265,1403,667,330,337,
26700,2671,1317,1354,4673,2287,2386,5341,2583,2758,4672,2261,2411,2669,1265,1404,667,330,337,
26705,2671,1317,1354,4674,2287,2387,5341,2583,2758,4673,2262,2411,2669,1265,1404,668,330,338,
26710,2672,1318,1354,4674,2287,2387,5342,2583,2759,4674,2263,2411,2671,1266,1405,668,330,338,
26715,2672,1318,1354,4675,2287,2388,5343,2584,2759,4675,2263,2412,2672,1267,1405,668,330,338,
26720,2672,1318,1354,4676,2287,2389,5344,2584,2760,4676,2263,2413,2672,1267,1405,668,330,338,
26725,2672,1318,1354,4677,2287,2390,5344,2584,2760,4676,2263,2413,2672,1267,1405,668,330,338,
26730,2673,1318,1355,4678,2288,2390,5346,2585,2761,4677,2263,2414,2672,1267,1405,668,330,338,
26735,2674,1318,1356,4678,2288,2390,5346,2585,2761,4678,2263,2415,2672,1267,1405,668,330,338,
26740,2675,1319,1356,4680,2288,2392,5349,2586,2763,4679,2263,2416,2673,1268,1405,668,330,338,
26745,2675,1319,1356,4681,2288,2393,5349,2586,2763,4680,2263,2417,2673,1268,1405,669,331,338,
26750,2676,1320,1356,4681,2288,2393,5350,2586,2764,4681,2264,2417,2675,1269,1406,669,331,338,
26755,2676,1320,1356,4682,2289,2393,5351,2587,2764,4682,2265,2417,2676,1269,1407,669,331,338,
26760,2676,1320,1356,4683,2290,2393,5352,2587,2765,4683,2266,2417,2676,1269,1407,669,331,338,
26765,2676,1320,1356,4684,2291,2393,5352,2587,2765,4683,2266,2417,2676,1269,1407,669,331,338,
26770,2677,1321,1356,4685,2292,2393,5354,2588,2766,4684,2267,2417,2676,1269,1407,669,331,338,
26775,2678,1321,1357,4685,2292,2393,5354,2588,2766,4685,2267,2418,2676,1269,1407,669,331,338,
26780,2679,1321,1358,4687,2293,2394,5357,2589,2768,4686,2267,2419,2677,1269,1408,669,331,338,
26785,2679,1321,1358,4688,2294,2394,5357,2589,2768,4687,2267,2420,2677,1269,1408,670,332,338,
26790,2680,1322,1358,4688,2294,2394,5358,2590,2768,4688,2268,2420,2679,1270,1409,670,332,338,
26795,2680,1322,1358,4689,2294,2395,5359,2591,2768,4689,2268,2421,2680,1270,1410,670,332,338,
26800,2680,1322,1358,4690,2294,2396,5360,2592,2768,4690,2268,2422,2680,1270,1410,670,332,338,
26805,2680,1322,1358,4691,2294,2397,5360,2592,2768,4690,2268,2422,2680,1270,1410,670,332,338,
26810,2681,1323,1358,4692,2294,2398,5362,2592,2770,4691,2268,2423,2680,1270,1410,670,332,338,
26815,2682,1323,1359,4692,2294,2398,5362,2592,2770,4692,2269,2423,2680,1270,1410,670,332,338,
26820,2683,1323,1360,4694,2295,2399,5365,2593,2772,4693,2269,2424,2681,1271,1410,670,332,338,
26825,2683,1323,1360,4695,2296,2399,5365,2593,2772,4694,2269,2425,2681,1271,1410,671,332,339,
26830,2684,1324,1360,4695,2296,2399,5366,2594,2772,4695,2269,2426,2683,1272,1411,671,332,339,
26835,2684,1324,1360,4696,2297,2399,5367,2594,2773,4696,2270,2426,2684,1272,1412,671,332,339,
26840,2684,1324,1360,4697,2298,2399,5368,2595,2773,4697,2271,2426,2684,1272,1412,671,332,339,
26845,2684,1324,1360,4698,2298,2400,5368,2595,2773,4697,2271,2426,2684,1272,1412,671,332,339,
26850,2685,1324,1361,4699,2299,2400,5370,2596,2774,4698,2272,2426,2684,1272,1412,671,332,339,
26855,2686,1324,1362,4699,2299,2400,5370,2596,2774,4699,2273,2426,2684,1272,1412,671,332,339,
26860,2687,1324,1363,4701,2301,2400,5373,2597,2776,4700,2274,2426,2685,1273,1412,671,332,339,
26865,2687,1324,1363,4702,2301,2401,5373,2597,2776,4701,2274,2427,2685,1273,1412,672,333,339,
26870,2688,1325,1363,4702,2301,2401,5374,2597,2777,4702,2274,2428,2687,1275,1412,672,333,339,
26875,2688,1325,1363,4703,2301,2402,5375,2597,2778,4703,2274,2429,2688,1276,1412,672,333,339,
26880,2688,1325,1363,4704,2302,2402,5376,2598,2778,4704,2275,2429,2688,1276,1412,672,333,339,
26885,2688,1325,1363,4705,2302,2403,5376,2598,2778,4704,2275,2429,2688,1276,1412,672,333,339,
26890,2689,1326,1363,4706,2303,2403,5378,2599,2779,4705,2276,2429,2688,1276,1412,672,333,339,
26895,2690,1326,1364,4706,2303,2403,5378,2599,2779,4706,2276,2430,2688,1276,1412,672,333,339,
26900,2691,1326,1365,4708,2305,2403,5381,2601,2780,4707,2277,2430,2689,1277,1412,672,333,339,
26905,2691,1326,1365,4709,2306,2403,5381,2601,2780,4708,2277,2431,2689,1277,1412,673,333,340,
26910,2692,1327,1365,4709,2306,2403,5382,2602,2780,4709,2277,2432,2691,1279,1412,673,333,340,
26915,2692,1327,1365,4710,2306,2404,5383,2602,2781,4710,2277,2433,2692,1279,1413,673,333,340,
26920,2692,1327,1365,4711,2307,2404,5384,2603,2781,4711,2278,2433,2692,1279,1413,673,333,340,
26925,2692,1327,1365,4712,2308,2404,5384,2603,2781,4711,2278,2433,2692,1279,1413,673,333,340,
26930,2693,1327,1366,4713,2309,2404,5386,2604,2782,4712,2278,2434,2692,1279,1413,673,333,340,
26935,2694,1327,1367,4713,2309,2404,5386,2604,2782,4713,2278,2435,2692,1279,1413,673,333,340,
26940,2695,1327,1368,4715,2309,2406,5389,2606,2783,4714,2279,2435,2693,1279,1414,673,333,340,
26945,2695,1327,1368,4716,2310,2406,5389,2606,2783,4715,2279,2436,2693,1279,1414,674,333,341,
26950,2696,1327,1369,4716,2310,2406,5390,2607,2783,4716,2280,2436,2695,1279,1416,674,333,341,
26955,2696,1327,1369,4717,2311,2406,5391,2607,2784,4717,2280,2437,2696,1280,1416,674,333,341,
26960,2696,1327,1369,4718,2311,2407,5392,2607,2785,4718,2280,2438,2696,1280,1416,674,333,341,
26965,2696,1327,1369,4719,2312,2407,5392,2607,2785,4718,2280,2438,2696,1280,1416,674,333,341,
26970,2697,1327,1370,4720,2313,2407,5394,2609,2785,4719,2280,2439,2696,1280,1416,674,333,341,
26975,2698,1328,1370,4720,2313,2407,5394,2609,2785,4720,2281,2439,2696,1280,1416,674,333,341,
26980,2699,1329,1370,4722,2314,2408,5397,2611,2786,4721,2282,2439,2697,1280,1417,674,333,341,
26985,2699,1329,1370,4723,2315,2408,5397,2611,2786,4722,2282,2440,2697,1280,1417,675,334,341,
26990,2700,1329,1371,4723,2315,2408,5398,2611,2787,4723,2282,2441,2699,1281,1418,675,334,341,
26995,2700,1329,1371,4724,2316,2408,5399,2611,2788,4724,2282,2442,2700,1282,1418,675,334,341,
27000,2700,1329,1371,4725,2317,2408,5400,2611,2789,4725,2282,2443,2700,1282,1418,675,334,341,
27005,2700,1329,1371,4726,2318,2408,5400,2611,2789,4725,2282,2443,2700,1282,1418,675,334,341,
27010,2701,1329,1372,4727,2319,2408,5402,2612,2790,4726,2282,2444,2700,1282,1418,675,334,341,
27015,2702,1330,1372,4727,2319,2408,5402,2612,2790,4727,2283,2444,2700,1282,1418,675,334,341,
27020,2703,1331,1372,4729,2319,2410,5405,2613,2792,4728,2283,2445,2701,1283,1418,675,334,341,
27025,2703,1331,1372,4730,2319,2411,5405,2613,2792,4729,2283,2446,2701,1283,1418,676,334,342,
27030,2704,1331,1373,4730,2319,2411,5406,2614,2792,4730,2283,2447,2703,1283,1420,676,334,342,
27035,2704,1331,1373,4731,2320,2411,5407,2614,2793,4731,2284,2447,2704,1283,1421,676,334,342,
27040,2704,1331,1373,4732,2321,2411,5408,2615,2793,4732,2284,2448,2704,1283,1421,676,334,342,
27045,2704,1331,1373,4733,2321,2412,5408,2615,2793,4732,2284,2448,2704,1283,1421,676,334,342,
27050,2705,1331,1374,4734,2321,2413,5410,2615,2795,4733,2285,2448,2704,1283,1421,676,334,342,
27055,2706,1331,1375,4734,2321,2413,5410,2615,2795,4734,2285,2449,2704,1283,1421,676,334,342,
27060,2707,1332,1375,4736,2323,2413,5413,2616,2797,4735,2286,2449,2705,1284,1421,676,334,342,
27065,2707,1332,1375,4737,2323,2414,5413,2616,2797,4736,2287,2449,2705,1284,1421,677,334,343,
27070,2708,1332,1376,4737,2323,2414,5414,2616,2798,4737,2287,2450,2707,1286,1421,677,334,343,
27075,2708,1332,1376,4738,2324,2414,5415,2617,2798,4738,2288,2450,2708,1286,1422,677,334,343,
27080,2708,1332,1376,4739,2324,2415,5416,2617,2799,4739,2288,2451,2708,1286,1422,677,334,343,
27085,2708,1332,1376,4740,2325,2415,5416,2617,2799,4739,2288,2451,2708,1286,1422,677,334,343,
27090,2709,1332,1377,4741,2326,2415,5418,2618,2800,4740,2289,2451,2708,1286,1422,677,334,343,
27095,2710,1332,1378,4741,2326,2415,5418,2618,2800,4741,2290,2451,2708,1286,1422,677,334,343,
27100,2711,1333,1378,4743,2327,2416,5421,2619,2802,4742,2290,2452,2709,1286,1423,677,334,343,
27105,2711,1333,1378,4744,2328,2416,5421,2619,2802,4743,2291,2452,2709,1286,1423,678,335,343,
27110,2712,1333,1379,4744,2328,2416,5422,2620,2802,4744,2291,2453,2711,1286,1425,678,335,343,
27115,2712,1333,1379,4745,2328,2417,5423,2620,2803,4745,2291,2454,2712,1286,1426,678,335,343,
27120,2712,1333,1379,4746,2328,2418,5424,2620,2804,4746,2291,2455,2712,1286,1426,678,335,343,
27125,2712,1333,1379,4747,2328,2419,5424,2620,2804,4746,2291,2455,2712,1286,1426,678,335,343,
27130,2713,1334,1379,4748,2328,2420,5426,2622,2804,4747,2291,2456,2712,1286,1426,678,335,343,
27135,2714,1334,1380,4748,2328,2420,5426,2622,2804,4748,2292,2456,2712,1286,1426,678,335,343,
27140,2715,1334,1381,4750,2329,2421,5429,2623,2806,4749,2293,2456,2713,1286,1427,678,335,343,
27145,2715,1334,1381,4751,2330,2421,5429,2623,2806,4750,2293,2457,2713,1286,1427,679,335,344,
27150,2716,1334,1382,4751,2330,2421,5430,2624,2806,4751,2294,2457,2715,1286,1429,679,335,344,
27155,2716,1334,1382,4752,2330,2422,5431,2624,2807,4752,2295,2457,2716,1287,1429,679,335,344,
27160,2716,1334,1382,4753,2331,2422,5432,2625,2807,4753,2296,2457,2716,1287,1429,679,335,344,
27165,2716,1334,1382,4754,2331,2423,5432,2625,2807,4753,2296,2457,2716,1287,1429,679,335,344,
27170,2717,1335,1382,4755,2332,2423,5434,2626,2808,4754,2297,2457,2716,1287,1429,679,335,344,
27175,2718,1335,1383,4755,2332,2423,5434,2626,2808,4755,2297,2458,2716,1287,1429,679,335,344,
27180,2719,1335,1384,4757,2333,2424,5437,2627,2810,4756,2298,2458,2717,1288,1429,679,335,344,
27185,2719,1335,1384,4758,2333,2425,5437,2627,2810,4757,2298,2459,2717,1288,1429,680,335,345,
27190,2720,1336,1384,4758,2333,2425,5438,2627,2811,4758,2299,2459,2719,1288,1431,680,335,345,
27195,2720,1336,1384,4759,2333,2426,5439,2628,2811,4759,2299,2460,2720,1289,1431,680,335,345,
27200,2720,1336,1384,4760,2333,2427,5440,2629,2811,4760,2299,2461,2720,1289,1431,680,335,345,
27205,2720,1336,1384,4761,2333,2428,5440,2629,2811,4760,2299,2461,2720,1289,1431,680,335,345,
27210,2721,1337,1384,4762,2334,2428,5442,2631,2811,4761,2300,2461,2720,1289,1431,680,335,345,
27215,2722,1338,1384,4762,2334,2428,5442,2631,2811,4762,2300,2462,2720,1289,1431,680,335,345,
27220,2723,1339,1384,4764,2335,2429,5445,2632,2813,4763,2300,2463,2721,1289,1432,680,335,345,
27225,2723,1339,1384,4765,2335,2430,5445,2632,2813,4764,2300,2464,2721,1289,1432,681,335,346,
27230,2724,1340,1384,4765,2335,2430,5446,2633,2813,4765,2300,2465,2723,1291,1432,681,335,346,
27235,2724,1340,1384,4766,2335,2431,5447,2633,2814,4766,2300,2466,2724,1291,1433,681,335,346,
27240,2724,1340,1384,4767,2335,2432,5448,2634,2814,4767,2301,2466,2724,1291,1433,681,335,346,
27245,2724,1340,1384,4768,2336,2432,5448,2634,2814,4767,2301,2466,2724,1291,1433,681,335,346,
27250,2725,1341,1384,4769,2336,2433,5450,2634,2816,4768,2302,2466,2724,1291,1433,681,335,346,
27255,2726,1341,1385,4769,2336,2433,5450,2634,2816,4769,2302,2467,2724,1291,1433,681,335,346,
27260,2727,1342,1385,4771,2338,2433,5453,2636,2817,4770,2302,2468,2725,1291,1434,681,335,346,
27265,2727,1342,1385,4772,2339,2433,5453,2636,2817,4771,2303,2468,2725,1291,1434,682,336,346,
27270,2728,1342,1386,4772,2339,2433,5454,2637,2817,4772,2304,2468,2727,1292,1435,682,336,346,
27275,2728,1342,1386,4773,2340,2433,5455,2638,2817,4773,2304,2469,2728,1292,1436,682,336,346,
27280,2728,1342,1386,4774,2340,2434,5456,2638,2818,4774,2304,2470,2728,1292,1436,682,336,346,
27285,2728,1342,1386,4775,2340,2435,5456,2638,2818,4774,2304,2470,2728,1292,1436,682,336,346,
27290,2729,1342,1387,4776,2341,2435,5458,2638,2820,4775,2305,2470,2728,1292,1436,682,336,346,
27295,2730,1342,1388,4776,2341,2435,5458,2638,2820,4776,2306,2470,2728,1292,1436,682,336,346,
27300,2731,1343,1388,4778,2341,2437,5461,2640,2821,4777,2307,2470,2729,1292,1437,682,336,346,
27305,2731,1343,1388,4779,2342,2437,5461,2640,2821,4778,2307,2471,2729,1292,1437,683,336,347,
27310,2732,1343,1389,4779,2342,2437,5462,2641,2821,4779,2307,2472,2731,1293,1438,683,336,347,
27315,2732,1343,1389,4780,2342,2438,5463,2641,2822,4780,2307,2473,2732,1294,1438,683,336,347,
27320,2732,1343,1389,4781,2342,2439,5464,2641,2823,4781,2307,2474,2732,1294,1438,683,336,347,
27325,2732,1343,1389,4782,2342,2440,5464,2641,2823,4781,2307,2474,2732,1294,1438,683,336,347,
27330,2733,1344,1389,4783,2343,2440,5466,2642,2824,4782,2308,2474,2732,1294,1438,683,336,347,
27335,2734,1345,1389,4783,2343,2440,5466,2642,2824,4783,2308,2475,2732,1294,1438,683,336,347,
27340,2735,1345,1390,4785,2343,2442,5469,2644,2825,4784,2309,2475,2733,1295,1438,683,336,347,
27345,2735,1345,1390,4786,2343,2443,5469,2644,2825,4785,2309,2476,2733,1295,1438,684,336,348,
27350,2736,1345,1391,4786,2343,2443,5470,2645,2825,4786,2309,2477,2735,1295,1440,684,336,348,
27355,2736,1345,1391,4787,2344,2443,5471,2646,2825,4787,2309,2478,2736,1296,1440,684,336,348,
27360,2736,1345,1391,4788,2344,2444,5472,2646,2826,4788,2310,2478,2736,1296,1440,684,336,348,
27365,2736,1345,1391,4789,2344,2445,5472,2646,2826,4788,2310,2478,2736,1296,1440,684,336,348,
27370,2737,1346,1391,4790,2344,2446,5474,2647,2827,4789,2310,2479,2736,1296,1440,684,336,348,
27375,2738,1347,1391,4790,2344,2446,5474,2647,2827,4790,2311,2479,2736,1296,1440,684,336,348,
27380,2739,1348,1391,4792,2344,2448,5477,2650,2827,4791,2312,2479,2737,1296,1441,684,336,348,
27385,2739,1348,1391,4793,2345,2448,5477,2650,2827,4792,2312,2480,2737,1296,1441,685,337,348,
27390,2740,1349,1391,4793,2345,2448,5478,2651,2827,4793,2313,2480,2739,1297,1442,685,337,348,
27395,2740,1349,1391,4794,2345,2449,5479,2652,2827,4794,2314,2480,2740,1297,1443,685,337,348,
27400,2740,1349,1391,4795,2346,2449,5480,2653,2827,4795,2315,2480,2740,1297,1443,685,337,348,
27405,2740,1349,1391,4796,2347,2449,5480,2653,2827,4795,2315,2480,2740,1297,1443,685,337,348,
27410,2741,1349,1392,4797,2348,2449,5482,2653,2829,4796,2316,2480,2740,1297,1443,685,337,348,
27415,2742,1350,1392,4797,2348,2449,5482,2653,2829,4797,2316,2481,2740,1297,1443,685,337,348,
27420,2743,1350,1393,4799,2350,2449,5485,2655,2830,4798,2317,2481,2741,1297,1444,685,337,348,
27425,2743,1350,1393,4800,2351,2449,5485,2655,2830,4799,2317,2482,2741,1297,1444,686,338,348,
27430,2744,1351,1393,4800,2351,2449,5486,2656,2830,4800,2318,2482,2743,1298,1445,686,338,348,
27435,2744,1351,1393,4801,2351,2450,5487,2656,2831,4801,2318,2483,2744,1298,1446,686,338,348,
27440,2744,1351,1393,4802,2352,2450,5488,2657,2831,4802,2318,2484,2744,1298,1446,686,338,348,
27445,2744,1351,1393,4803,2352,2451,5488,2657,2831,4802,2318,2484,2744,1298,1446,686,338,348,
27450,2745,1352,1393,4804,2352,2452,5490,2658,2832,4803,2318,2485,2744,1298,1446,686,338,348,
27455,2746,1352,1394,4804,2352,2452,5490,2658,2832,4804,2318,2486,2744,1298,1446,686,338,348,
27460,2747,1352,1395,4806,2352,2454,5493,2659,2834,4805,2318,2487,2745,1298,1447,686,338,348,
27465,2747,1352,1395,4807,2352,2455,5493,2659,2834,4806,2319,2487,2745,1298,1447,687,339,348,
27470,2748,1353,1395,4807,2352,2455,5494,2660,2834,4807,2319,2488,2747,1300,1447,687,339,348,
27475,2748,1353,1395,4808,2352,2456,5495,2661,2834,4808,2320,2488,2748,1300,1448,687,339,348,
27480,2748,1353,1395,4809,2353,2456,5496,2662,2834,4809,2320,2489,2748,1300,1448,687,339,348,
27485,2748,1353,1395,4810,2353,2457,5496,2662,2834,4809,2320,2489,2748,1300,1448,687,339,348,
27490,2749,1353,1396,4811,2354,2457,5498,2662,2836,4810,2320,2490,2748,1300,1448,687,339,348,
27495,2750,1354,1396,4811,2354,2457,5498,2662,2836,4811,2320,2491,2748,1300,1448,687,339,348,
27500,2751,1355,1396,4813,2355,2458,5501,2664,2837,4812,2320,2492,2749,1300,1449,687,339,348,
27505,2751,1355,1396,4814,2355,2459,5501,2664,2837,4813,2320,2493,2749,1300,1449,688,339,349,
27510,2752,1355,1397,4814,2355,2459,5502,2664,2838,4814,2320,2494,2751,1300,1451,688,339,349,
27515,2752,1355,1397,4815,2355,2460,5503,2665,2838,4815,2321,2494,2752,1300,1452,688,339,349,
27520,2752,1355,1397,4816,2355,2461,5504,2665,2839,4816,2322,2494,2752,1300,1452,688,339,349,
27525,2752,1355,1397,4817,2355,2462,5504,2665,2839,4816,2322,2494,2752,1300,1452,688,339,349,
27530,2753,1355,1398,4818,2355,2463,5506,2667,2839,4817,2323,2494,2752,1300,1452,688,339,349,
27535,2754,1356,1398,4818,2355,2463,5506,2667,2839,4818,2324,2494,2752,1300,1452,688,339,349,
27540,2755,1357,1398,4820,2357,2463,5509,2668,2841,4819,2324,2495,2753,1301,1452,688,339,349,
27545,2755,1357,1398,4821,2357,2464,5509,2668,2841,4820,2325,2495,2753,1301,1452,689,340,349,
27550,2756,1358,1398,4821,2357,2464,5510,2668,2842,4821,2326,2495,2755,1301,1454,689,340,349,
27555,2756,1358,1398,4822,2357,2465,5511,2668,2843,4822,2326,2496,2756,1301,1455,689,340,349,
27560,2756,1358,1398,4823,2358,2465,5512,2668,2844,4823,2327,2496,2756,1301,1455,689,340,349,
27565,2756,1358,1398,4824,2359,2465,5512,2668,2844,4823,2327,2496,2756,1301,1455,689,340,349,
27570,2757,1359,1398,4825,2359,2466,5514,2668,2846,4824,2328,2496,2756,1301,1455,689,340,349,
27575,2758,1360,1398,4825,2359,2466,5514,2668,2846,4825,2328,2497,2756,1301,1455,689,340,349,
27580,2759,1360,1399,4827,2361,2466,5517,2669,2848,4826,2328,2498,2757,1302,1455,689,340,349,
27585,2759,1360,1399,4828,2361,2467,5517,2669,2848,4827,2329,2498,2757,1302,1455,690,340,350,
27590,2760,1361,1399,4828,2361,2467,5518,2669,2849,4828,2330,2498,2759,1304,1455,690,340,350,
27595,2760,1361,1399,4829,2362,2467,5519,2669,2850,4829,2330,2499,2760,1305,1455,690,340,350,
27600,2760,1361,1399,4830,2362,2468,5520,2669,2851,4830,2331,2499,2760,1305,1455,690,340,350,
27605,2760,1361,1399,4831,2363,2468,5520,2669,2851,4830,2331,2499,2760,1305,1455,690,340,350,
27610,2761,1361,1400,4832,2363,2469,5522,2670,2852,4831,2332,2499,2760,1305,1455,690,340,350,
27615,2762,1362,1400,4832,2363,2469,5522,2670,2852,4832,2333,2499,2760,1305,1455,690,340,350,
27620,2763,1363,1400,4834,2363,2471,5525,2672,2853,4833,2334,2499,2761,1305,1456,690,340,350,
27625,2763,1363,1400,4835,2363,2472,5525,2672,2853,4834,2334,2500,2761,1305,1456,691,340,351,
27630,2764,1363,1401,4835,2363,2472,5526,2673,2853,4835,2335,2500,2763,1306,1457,691,340,351,
27635,2764,1363,1401,4836,2363,2473,5527,2673,2854,4836,2336,2500,2764,1306,1458,691,340,351,
27640,2764,1363,1401,4837,2363,2474,5528,2674,2854,4837,2336,2501,2764,1306,1458,691,340,351,
27645,2764,1363,1401,4838,2363,2475,5528,2674,2854,4837,2336,2501,2764,1306,1458,691,340,351,
27650,2765,1363,1402,4839,2363,2476,5530,2674,2856,4838,2337,2501,2764,1306,1458,691,340,351,
27655,2766,1364,1402,4839,2363,2476,5530,2674,2856,4839,2338,2501,2764,1306,1458,691,340,351,
27660,2767,1365,1402,4841,2364,2477,5533,2676,2857,4840,2339,2501,2765,1307,1458,691,340,351,
27665,2767,1365,1402,4842,2364,2478,5533,2676,2857,4841,2339,2502,2765,1307,1458,692,340,352,
27670,2768,1365,1403,4842,2364,2478,5534,2677,2857,4842,2340,2502,2767,1307,1460,692,340,352,
27675,2768,1365,1403,4843,2365,2478,5535,2678,2857,4843,2341,2502,2768,1307,1461,692,340,352,
27680,2768,1365,1403,4844,2366,2478,5536,2679,2857,4844,2342,2502,2768,1307,1461,692,340,352,
27685,2768,1365,1403,4845,2367,2478,5536,2679,2857,4844,2342,2502,2768,1307,1461,692,340,352,
27690,2769,1366,1403,4846,2367,2479,5538,2679,2859,4845,2342,2503,2768,1307,1461,692,340,352,
27695,2770,1367,1403,4846,2367,2479,5538,2679,2859,4846,2343,2503,2768,1307,1461,692,340,352,
27700,2771,1368,1403,4848,2369,2479,5541,2681,2860,4847,2343,2504,2769,1308,1461,692,340,352,
27705,2771,1368,1403,4849,2369,2480,5541,2681,2860,4848,2344,2504,2769,1308,1461,693,341,352,
27710,2772,1369,1403,4849,2369,2480,5542,2682,2860,4849,2345,2504,2771,1310,1461,693,341,352,
27715,2772,1369,1403,4850,2370,2480,5543,2682,2861,4850,2346,2504,2772,1310,1462,693,341,352,
27720,2772,1369,1403,4851,2371,2480,5544,2682,2862,4851,2347,2504,2772,1310,1462,693,341,352,
27725,2772,1369,1403,4852,2372,2480,5544,2682,2862,4851,2347,2504,2772,1310,1462,693,341,352,
27730,2773,1369,1404,4853,2372,2481,5546,2682,2864,4852,2347,2505,2772,1310,1462,693,341,352,
27735,2774,1370,1404,4853,2372,2481,5546,2682,2864,4853,2347,2506,2772,1310,1462,693,341,352,
27740,2775,1371,1404,4855,2372,2483,5549,2683,2866,4854,2347,2507,2773,1310,1463,693,341,352,
27745,2775,1371,1404,4856,2372,2484,5549,2683,2866,4855,2348,2507,2773,1310,1463,694,342,352,
27750,2776,1371,1405,4856,2372,2484,5550,2683,2867,4856,2348,2508,2775,1311,1464,694,342,352,
27755,2776,1371,1405,4857,2373,2484,5551,2683,2868,4857,2348,2509,2776,1312,1464,694,342,352,
27760,2776,1371,1405,4858,2373,2485,5552,2683,2869,4858,2348,2510,2776,1312,1464,694,342,352,
27765,2776,1371,1405,4859,2373,2486,5552,2683,2869,4858,2348,2510,2776,1312,1464,694,342,352,
27770,2777,1371,1406,4860,2374,2486,5554,2684,2870,4859,2349,2510,2776,1312,1464,694,342,352,
27775,2778,1371,1407,4860,2374,2486,5554,2684,2870,4860,2350,2510,2776,1312,1464,694,342,352,
27780,2779,1371,1408,4862,2376,2486,5557,2686,2871,4861,2350,2511,2777,1313,1464,694,342,352,
27785,2779,1371,1408,4863,2376,2487,5557,2686,2871,4862,2351,2511,2777,1313,1464,695,342,353,
27790,2780,1371,1409,4863,2376,2487,5558,2686,2872,4863,2351,2512,2779,1314,1465,695,342,353,
27795,2780,1371,1409,4864,2377,2487,5559,2687,2872,4864,2351,2513,2780,1315,1465,695,342,353,
27800,2780,1371,1409,4865,2377,2488,5560,2687,2873,4865,2352,2513,2780,1315,1465,695,342,353,
27805,2780,1371,1409,4866,2377,2489,5560,2687,2873,4865,2352,2513,2780,1315,1465,695,342,353,
27810,2781,1371,1410,4867,2377,2490,5562,2689,2873,4866,2353,2513,2780,1315,1465,695,342,353,
27815,2782,1372,1410,4867,2377,2490,5562,2689,2873,4867,2354,2513,2780,1315,1465,695,342,353,
27820,2783,1372,1411,4869,2378,2491,5565,2691,2874,4868,2354,2514,2781,1315,1466,695,342,353,
27825,2783,1372,1411,4870,2378,2492,5565,2691,2874,4869,2354,2515,2781,1315,1466,696,343,353,
27830,2784,1373,1411,4870,2378,2492,5566,2692,2874,4870,2355,2515,2783,1317,1466,696,343,353,
27835,2784,1373,1411,4871,2379,2492,5567,2692,2875,4871,2356,2515,2784,1318,1466,696,343,353,
27840,2784,1373,1411,4872,2380,2492,5568,2692,2876,4872,2357,2515,2784,1318,1466,696,343,353,
27845,2784,1373,1411,4873,2380,2493,5568,2692,2876,4872,2357,2515,2784,1318,1466,696,343,353,
27850,2785,1373,1412,4874,2381,2493,5570,2693,2877,4873,2358,2515,2784,1318,1466,696,343,353,
27855,2786,1374,1412,4874,2381,2493,5570,2693,2877,4874,2359,2515,2784,1318,1466,696,343,353,
27860,2787,1375,1412,4876,2382,2494,5573,2693,2880,4875,2360,2515,2785,1319,1466,696,343,353,
27865,2787,1375,1412,4877,2382,2495,5573,2693,2880,4876,2360,2516,2785,1319,1466,697,343,354,
27870,2788,1376,1412,4877,2382,2495,5574,2693,2881,4877,2360,2517,2787,1321,1466,697,343,354,
27875,2788,1376,1412,4878,2382,2496,5575,2694,2881,4878,2360,2518,2788,1322,1466,697,343,354,
27880,2788,1376,1412,4879,2383,2496,5576,2695,2881,4879,2361,2518,2788,1322,1466,697,343,354,
27885,2788,1376,1412,4880,2384,2496,5576,2695,2881,4879,2361,2518,2788,1322,1466,697,343,354,
27890,2789,1377,1412,4881,2385,2496,5578,2697,2881,4880,2361,2519,2788,1322,1466,697,343,354,
27895,2790,1378,1412,4881,2385,2496,5578,2697,2881,4881,2362,2519,2788,1322,1466,697,343,354,
27900,2791,1379,1412,4883,2386,2497,5581,2697,2884,4882,2363,2519,2789,1322,1467,697,343,354,
27905,2791,1379,1412,4884,2386,2498,5581,2697,2884,4883,2363,2520,2789,1322,1467,698,343,355,
27910,2792,1379,1413,4884,2386,2498,5582,2698,2884,4884,2364,2520,2791,1324,1467,698,343,355,
27915,2792,1379,1413,4885,2386,2499,5583,2698,2885,4885,2364,2521,2792,1324,1468,698,343,355,
27920,2792,1379,1413,4886,2386,2500,5584,2698,2886,4886,2365,2521,2792,1324,1468,698,343,355,
27925,2792,1379,1413,4887,2387,2500,5584,2698,2886,4886,2365,2521,2792,1324,1468,698,343,355,
27930,2793,1380,1413,4888,2388,2500,5586,2700,2886,4887,2365,2522,2792,1324,1468,698,343,355,
27935,2794,1381,1413,4888,2388,2500,5586,2700,2886,4888,2365,2523,2792,1324,1468,698,343,355,
27940,2795,1382,1413,4890,2388,2502,5589,2703,2886,4889,2365,2524,2793,1325,1468,698,343,355,
27945,2795,1382,1413,4891,2389,2502,5589,2703,2886,4890,2365,2525,2793,1325,1468,699,343,356,
27950,2796,1383,1413,4891,2389,2502,5590,2704,2886,4891,2366,2525,2795,1326,1469,699,343,356,
27955,2796,1383,1413,4892,2390,2502,5591,2704,2887,4892,2366,2526,2796,1327,1469,699,343,356,
27960,2796,1383,1413,4893,2391,2502,5592,2704,2888,4893,2367,2526,2796,1327,1469,699,343,356,
27965,2796,1383,1413,4894,2392,2502,5592,2704,2888,4893,2367,2526,2796,1327,1469,699,343,356,
27970,2797,1383,1414,4895,2392,2503,5594,2704,2890,4894,2367,2527,2796,1327,1469,699,343,356,
27975,2798,1383,1415,4895,2392,2503,5594,2704,2890,4895,2368,2527,2796,1327,1469,699,343,356,
27980,2799,1383,1416,4897,2392,2505,5597,2706,2891,4896,2369,2527,2797,1328,1469,699,343,356,
27985,2799,1383,1416,4898,2393,2505,5597,2706,2891,4897,2369,2528,2797,1328,1469,700,344,356,
27990,2800,1384,1416,4898,2393,2505,5598,2706,2892,4898,2369,2529,2799,1330,1469,700,344,356,
27995,2800,1384,1416,4899,2393,2506,5599,2706,2893,4899,2370,2529,2800,1330,1470,700,344,356,
28000,2800,1384,1416,4900,2394,2506,5600,2706,2894,4900,2371,2529,2800,1330,1470,700,344,356,
28005,2800,1384,1416,4901,2395,2506,5600,2706,2894,4900,2371,2529,2800,1330,1470,700,344,356,
28010,2801,1385,1416,4902,2396,2506,5602,2707,2895,4901,2372,2529,2800,1330,1470,700,344,356,
28015,2802,1386,1416,4902,2396,2506,5602,2707,2895,4902,2372,2530,2800,1330,1470,700,344,356,
28020,2803,1386,1417,4904,2396,2508,5605,2708,2897,4903,2372,2531,2801,1331,1470,700,344,356,
28025,2803,1386,1417,4905,2397,2508,5605,2708,2897,4904,2373,2531,2801,1331,1470,701,344,357,
28030,2804,1386,1418,4905,2397,2508,5606,2708,2898,4905,2373,2532,2803,1333,1470,701,344,357,
28035,2804,1386,1418,4906,2398,2508,5607,2708,2899,4906,2373,2533,2804,1333,1471,701,344,357,
28040,2804,1386,1418,4907,2399,2508,5608,2708,2900,4907,2373,2534,2804,1333,1471,701,344,357,
28045,2804,1386,1418,4908,2399,2509,5608,2708,2900,4907,2373,2534,2804,1333,1471,701,344,357,
28050,2805,1386,1419,4909,2399,2510,5610,2709,2901,4908,2374,2534,2804,1333,1471,701,344,357,
28055,2806,1387,1419,4909,2399,2510,5610,2709,2901,4909,2374,2535,2804,1333,1471,701,344,357,
28060,2807,1388,1419,4911,2399,2512,5613,2711,2902,4910,2375,2535,2805,1333,1472,701,344,357,
28065,2807,1388,1419,4912,2399,2513,5613,2711,2902,4911,2375,2536,2805,1333,1472,702,344,358,
28070,2808,1389,1419,4912,2399,2513,5614,2711,2903,4912,2376,2536,2807,1334,1473,702,344,358,
28075,2808,1389,1419,4913,2400,2513,5615,2711,2904,4913,2376,2537,2808,1335,1473,702,344,358,
28080,2808,1389,1419,4914,2401,2513,5616,2711,2905,4914,2377,2537,2808,1335,1473,702,344,358,
28085,2808,1389,1419,4915,2402,2513,5616,2711,2905,4914,2377,2537,2808,1335,1473,702,344,358,
28090,2809,1389,1420,4916,2403,2513,5618,2712,2906,4915,2377,2538,2808,1335,1473,702,344,358,
28095,2810,1390,1420,4916,2403,2513,5618,2712,2906,4916,2377,2539,2808,1335,1473,702,344,358,
28100,2811,1391,1420,4918,2404,2514,5621,2714,2907,4917,2377,2540,2809,1335,1474,702,344,358,
28105,2811,1391,1420,4919,2404,2515,5621,2714,2907,4918,2378,2540,2809,1335,1474,703,344,359,
28110,2812,1391,1421,4919,2404,2515,5622,2714,2908,4919,2379,2540,2811,1336,1475,703,344,359,
28115,2812,1391,1421,4920,2404,2516,5623,2715,2908,4920,2380,2540,2812,1336,1476,703,344,359,
28120,2812,1391,1421,4921,2404,2517,5624,2715,2909,4921,2381,2540,2812,1336,1476,703,344,359,
28125,2812,1391,1421,4922,2404,2518,5624,2715,2909,4921,2381,2540,2812,1336,1476,703,344,359,
28130,2813,1391,1422,4923,2404,2519,5626,2715,2911,4922,2382,2540,2812,1336,1476,703,344,359,
28135,2814,1391,1423,4923,2404,2519,5626,2715,2911,4923,2382,2541,2812,1336,1476,703,344,359,
28140,2815,1392,1423,4925,2405,2520,5629,2716,2913,4924,2382,2542,2813,1336,1477,703,344,359,
28145,2815,1392,1423,4926,2405,2521,5629,2716,2913,4925,2382,2543,2813,1336,1477,704,344,360,
28150,2816,1393,1423,4926,2405,2521,5630,2717,2913,4926,2383,2543,2815,1336,1479,704,344,360,
28155,2816,1393,1423,4927,2406,2521,5631,2718,2913,4927,2384,2543,2816,1336,1480,704,344,360,
28160,2816,1393,1423,4928,2406,2522,5632,2718,2914,4928,2385,2543,2816,1336,1480,704,344,360,
28165,2816,1393,1423,4929,2406,2523,5632,2718,2914,4928,2385,2543,2816,1336,1480,704,344,360,
28170,2817,1394,1423,4930,2407,2523,5634,2720,2914,4929,2385,2544,2816,1336,1480,704,344,360,
28175,2818,1394,1424,4930,2407,2523,5634,2720,2914,4930,2386,2544,2816,1336,1480,704,344,360,
28180,2819,1395,1424,4932,2409,2523,5637,2722,2915,4931,2387,2544,2817,1336,1481,704,344,360,
28185,2819,1395,1424,4933,2410,2523,5637,2722,2915,4932,2388,2544,2817,1336,1481,705,345,360,
28190,2820,1396,1424,4933,2410,2523,5638,2723,2915,4933,2389,2544,2819,1337,1482,705,345,360,
28195,2820,1396,1424,4934,2410,2524,5639,2724,2915,4934,2389,2545,2820,1337,1483,705,345,360,
28200,2820,1396,1424,4935,2411,2524,5640,2725,2915,4935,2389,2546,2820,1337,1483,705,345,360,
28205,2820,1396,1424,4936,2411,2525,5640,2725,2915,4935,2389,2546,2820,1337,1483,705,345,360,
28210,2821,1396,1425,4937,2411,2526,5642,2727,2915,4936,2390,2546,2820,1337,1483,705,345,360,
28215,2822,1396,1426,4937,2411,2526,5642,2727,2915,4937,2391,2546,2820,1337,1483,705,345,360,
28220,2823,1397,1426,4939,2413,2526,5645,2728,2917,4938,2391,2547,2821,1338,1483,705,345,360,
28225,2823,1397,1426,4940,2413,2527,5645,2728,2917,4939,2391,2548,2821,1338,1483,706,345,361,
28230,2824,1398,1426,4940,2413,2527,5646,2729,2917,4940,2391,2549,2823,1339,1484,706,345,361,
28235,2824,1398,1426,4941,2414,2527,5647,2730,2917,4941,2391,2550,2824,1340,1484,706,345,361,
28240,2824,1398,1426,4942,2414,2528,5648,2731,2917,4942,2391,2551,2824,1340,1484,706,345,361,
28245,2824,1398,1426,4943,2414,2529,5648,2731,2917,4942,2391,2551,2824,1340,1484,706,345,361,
28250,2825,1399,1426,4944,2415,2529,5650,2733,2917,4943,2392,2551,2824,1340,1484,706,345,361,
28255,2826,1400,1426,4944,2415,2529,5650,2733,2917,4944,2392,2552,2824,1340,1484,706,345,361,
28260,2827,1401,1426,4946,2416,2530,5653,2733,2920,4945,2393,2552,2825,1341,1484,706,345,361,
28265,2827,1401,1426,4947,2416,2531,5653,2733,2920,4946,2393,2553,2825,1341,1484,707,345,362,
28270,2828,1401,1427,4947,2416,2531,5654,2733,2921,4947,2393,2554,2827,1342,1485,707,345,362,
28275,2828,1401,1427,4948,2417,2531,5655,2733,2922,4948,2394,2554,2828,1343,1485,707,345,362,
28280,2828,1401,1427,4949,2418,2531,5656,2734,2922,4949,2395,2554,2828,1343,1485,707,345,362,
28285,2828,1401,1427,4950,2419,2531,5656,2734,2922,4949,2395,2554,2828,1343,1485,707,345,362,
28290,2829,1401,1428,4951,2420,2531,5658,2735,2923,4950,2396,2554,2828,1343,1485,707,345,362,
28295,2830,1401,1429,4951,2420,2531,5658,2735,2923,4951,2396,2555,2828,1343,1485,707,345,362,
28300,2831,1402,1429,4953,2422,2531,5661,2735,2926,4952,2397,2555,2829,1344,1485,707,345,362,
28305,2831,1402,1429,4954,2423,2531,5661,2735,2926,4953,2398,2555,2829,1344,1485,708,346,362,
28310,2832,1403,1429,4954,2423,2531,5662,2735,2927,4954,2398,2556,2831,1345,1486,708,346,362,
28315,2832,1403,1429,4955,2424,2531,5663,2735,2928,4955,2399,2556,2832,1346,1486,708,346,362,
28320,2832,1403,1429,4956,2424,2532,5664,2735,2929,4956,2400,2556,2832,1346,1486,708,346,362,
28325,2832,1403,1429,4957,2424,2533,5664,2735,2929,4956,2400,2556,2832,1346,1486,708,346,362,
28330,2833,1404,1429,4958,2424,2534,5666,2736,2930,4957,2401,2556,2832,1346,1486,708,346,362,
28335,2834,1404,1430,4958,2424,2534,5666,2736,2930,4958,2402,2556,2832,1346,1486,708,346,362,
28340,2835,1405,1430,4960,2425,2535,5669,2737,2932,4959,2402,2557,2833,1346,1487,708,346,362,
28345,2835,1405,1430,4961,2426,2535,5669,2737,2932,4960,2402,2558,2833,1346,1487,709,347,362,
28350,2836,1405,1431,4961,2426,2535,5670,2738,2932,4961,2403,2558,2835,1346,1489,709,347,362,
28355,2836,1405,1431,4962,2426,2536,5671,2739,2932,4962,2403,2559,2836,1346,1490,709,347,362,
28360,2836,1405,1431,4963,2427,2536,5672,2739,2933,4963,2404,2559,2836,1346,1490,709,347,362,
28365,2836,1405,1431,4964,2428,2536,5672,2739,2933,4963,2404,2559,2836,1346,1490,709,347,362,
28370,2837,1405,1432,4965,2429,2536,5674,2741,2933,4964,2404,2560,2836,1346,1490,709,347,362,
28375,2838,1405,1433,4965,2429,2536,5674,2741,2933,4965,2405,2560,2836,1346,1490,709,347,362,
28380,2839,1405,1434,4967,2429,2538,5677,2742,2935,4966,2405,2561,2837,1347,1490,709,347,362,
28385,2839,1405,1434,4968,2429,2539,5677,2742,2935,4967,2405,2562,2837,1347,1490,710,347,363,
28390,2840,1406,1434,4968,2429,2539,5678,2742,2936,4968,2405,2563,2839,1349,1490,710,347,363,
28395,2840,1406,1434,4969,2429,2540,5679,2743,2936,4969,2405,2564,2840,1350,1490,710,347,363,
28400,2840,1406,1434,4970,2430,2540,5680,2743,2937,4970,2405,2565,2840,1350,1490,710,347,363,
28405,2840,1406,1434,4971,2430,2541,5680,2743,2937,4970,2405,2565,2840,1350,1490,710,347,363,
28410,2841,1407,1434,4972,2430,2542,5682,2745,2937,4971,2406,2565,2840,1350,1490,710,347,363,
28415,2842,1408,1434,4972,2430,2542,5682,2745,2937,4972,2406,2566,2840,1350,1490,710,347,363,
28420,2843,1408,1435,4974,2431,2543,5685,2746,2939,4973,2407,2566,2841,1350,1491,710,347,363,
28425,2843,1408,1435,4975,2432,2543,5685,2746,2939,4974,2408,2566,2841,1350,1491,711,347,364,
28430,2844,1409,1435,4975,2432,2543,5686,2747,2939,4975,2408,2567,2843,1350,1493,711,347,364,
28435,2844,1409,1435,4976,2433,2543,5687,2747,2940,4976,2408,2568,2844,1350,1494,711,347,364,
28440,2844,1409,1435,4977,2433,2544,5688,2748,2940,4977,2408,2569,2844,1350,1494,711,347,364,
28445,2844,1409,1435,4978,2433,2545,5688,2748,2940,4977,2408,2569,2844,1350,1494,711,347,364,
28450,2845,1409,1436,4979,2433,2546,5690,2749,2941,4978,2409,2569,2844,1350,1494,711,347,364,
28455,2846,1410,1436,4979,2433,2546,5690,2749,2941,4979,2410,2569,2844,1350,1494,711,347,364,
28460,2847,1410,1437,4981,2435,2546,5693,2750,2943,4980,2411,2569,2845,1350,1495,711,347,364,
28465,2847,1410,1437,4982,2436,2546,5693,2750,2943,4981,2412,2569,2845,1350,1495,712,347,365,
28470,2848,1411,1437,4982,2436,2546,5694,2750,2944,4982,2412,2570,2847,1351,1496,712,347,365,
28475,2848,1411,1437,4983,2437,2546,5695,2750,2945,4983,2412,2571,2848,1351,1497,712,347,365,
28480,2848,1411,1437,4984,2437,2547,5696,2751,2945,4984,2412,2572,2848,1351,1497,712,347,365,
28485,2848,1411,1437,4985,2437,2548,5696,2751,2945,4984,2412,2572,2848,1351,1497,712,347,365,
28490,2849,1411,1438,4986,2437,2549,5698,2751,2947,4985,2413,2572,2848,1351,1497,712,347,365,
28495,2850,1412,1438,4986,2437,2549,5698,2751,2947,4986,2413,2573,2848,1351,1497,712,347,365,
28500,2851,1413,1438,4988,2438,2550,5701,2751,2950,4987,2414,2573,2849,1352,1497,712,347,365,
28505,2851,1413,1438,4989,2439,2550,5701,2751,2950,4988,2414,2574,2849,1352,1497,713,348,365,
28510,2852,1413,1439,4989,2439,2550,5702,2751,2951,4989,2415,2574,2851,1354,1497,713,348,365,
28515,2852,1413,1439,4990,2440,2550,5703,2751,2952,4990,2415,2575,2852,1354,1498,713,348,365,
28520,2852,1413,1439,4991,2440,2551,5704,2751,2953,4991,2416,2575,2852,1354,1498,713,348,365,
28525,2852,1413,1439,4992,2441,2551,5704,2751,2953,4991,2416,2575,2852,1354,1498,713,348,365,
28530,2853,1413,1440,4993,2441,2552,5706,2751,2955,4992,2417,2575,2852,1354,1498,713,348,365,
28535,2854,1414,1440,4993,2441,2552,5706,2751,2955,4993,2418,2575,2852,1354,1498,713,348,365,
28540,2855,1414,1441,4995,2442,2553,5709,2754,2955,4994,2418,2576,2853,1355,1498,713,348,365,
28545,2855,1414,1441,4996,2443,2553,5709,2754,2955,4995,2418,2577,2853,1355,1498,714,348,366,
28550,2856,1414,1442,4996,2443,2553,5710,2754,2956,4996,2418,2578,2855,1356,1499,714,348,366,
28555,2856,1414,1442,4997,2443,2554,5711,2754,2957,4997,2419,2578,2856,1357,1499,714,348,366,
28560,2856,1414,1442,4998,2444,2554,5712,2754,2958,4998,2419,2579,2856,1357,1499,714,348,366,
28565,2856,1414,1442,4999,2445,2554,5712,2754,2958,4998,2419,2579,2856,1357,1499,714,348,366,
28570,2857,1414,1443,5000,2445,2555,5714,2755,2959,4999,2419,2580,2856,1357,1499,714,348,366,
28575,2858,1414,1444,5000,2445,2555,5714,2755,2959,5000,2419,2581,2856,1357,1499,714,348,366,
28580,2859,1415,1444,5002,2445,2557,5717,2756,2961,5001,2420,2581,2857,1357,1500,714,348,366,
28585,2859,1415,1444,5003,2446,2557,5717,2756,2961,5002,2420,2582,2857,1357,1500,715,348,367,
28590,2860,1416,1444,5003,2446,2557,5718,2757,2961,5003,2420,2583,2859,1358,1501,715,348,367,
28595,2860,1416,1444,5004,2446,2558,5719,2757,2962,5004,2421,2583,2860,1358,1502,715,348,367,
28600,2860,1416,1444,5005,2446,2559,5720,2758,2962,5005,2421,2584,2860,1358,1502,715,348,367,
28605,2860,1416,1444,5006,2446,2560,5720,2758,2962,5005,2421,2584,2860,1358,1502,715,348,367,
28610,2861,1417,1444,5007,2446,2561,5722,2758,2964,5006,2422,2584,2860,1358,1502,715,348,367,
28615,2862,1417,1445,5007,2446,2561,5722,2758,2964,5007,2423,2584,2860,1358,1502,715,348,367,
28620,2863,1417,1446,5009,2448,2561,5725,2759,2966,5008,2424,2584,2861,1358,1503,715,348,367,
28625,2863,1417,1446,5010,2449,2561,5725,2759,2966,5009,2424,2585,2861,1358,1503,716,349,367,
28630,2864,1418,1446,5010,2449,2561,5726,2759,2967,5010,2424,2586,2863,1358,1505,716,349,367,
28635,2864,1418,1446,5011,2450,2561,5727,2760,2967,5011,2424,2587,2864,1358,1506,716,349,367,
28640,2864,1418,1446,5012,2450,2562,5728,2760,2968,5012,2424,2588,2864,1358,1506,716,349,367,
28645,2864,1418,1446,5013,2450,2563,5728,2760,2968,5012,2424,2588,2864,1358,1506,716,349,367,
28650,2865,1418,1447,5014,2450,2564,5730,2761,2969,5013,2425,2588,2864,1358,1506,716,349,367,
28655,2866,1419,1447,5014,2450,2564,5730,2761,2969,5014,2426,2588,2864,1358,1506,716,349,367,
28660,2867,1420,1447,5016,2451,2565,5733,2762,2971,5015,2427,2588,2865,1359,1506,716,349,367,
28665,2867,1420,1447,5017,2451,2566,5733,2762,2971,5016,2427,2589,2865,1359,1506,717,349,368,
28670,2868,1420,1448,5017,2451,2566,5734,2763,2971,5017,2428,2589,2867,1359,1508,717,349,368,
28675,2868,1420,1448,5018,2451,2567,5735,2763,2972,5018,2429,2589,2868,1360,1508,717,349,368,
28680,2868,1420,1448,5019,2451,2568,5736,2763,2973,5019,2430,2589,2868,1360,1508,717,349,368,
28685,2868,1420,1448,5020,2451,2569,5736,2763,2973,5019,2430,2589,2868,1360,1508,717,349,368,
28690,2869,1421,1448,5021,2451,2570,5738,2764,2974,5020,2431,2589,2868,1360,1508,717,349,368,
28695,2870,1421,1449,5021,2451,2570,5738,2764,2974,5021,2432,2589,2868,1360,1508,717,349,368,
28700,2871,1421,1450,5023,2451,2572,5741,2766,2975,5022,2432,2590,2869,1360,1509,717,349,368,
28705,2871,1421,1450,5024,2452,2572,5741,2766,2975,5023,2433,2590,2869,1360,1509,718,349,369,
28710,2872,1422,1450,5024,2452,2572,5742,2766,2976,5024,2433,2591,2871,1360,1511,718,349,369,
28715,2872,1422,1450,5025,2453,2572,5743,2766,2977,5025,2434,2591,2872,1360,1512,718,349,369,
28720,2872,1422,1450,5026,2454,2572,5744,2766,2978,5026,2434,2592,2872,1360,1512,718,349,369,
28725,2872,1422,1450,5027,2454,2573,5744,2766,2978,5026,2434,2592,2872,1360,1512,718,349,369,
28730,2873,1422,1451,5028,2455,2573,5746,2767,2979,5027,2435,2592,2872,1360,1512,718,349,369,
28735,2874,1423,1451,5028,2455,2573,5746,2767,2979,5028,2435,2593,2872,1360,1512,718,349,369,
28740,2875,1423,1452,5030,2455,2575,5749,2770,2979,5029,2436,2593,2873,1360,1513,718,349,369,
28745,2875,1423,1452,5031,2455,2576,5749,2770,2979,5030,2437,2593,2873,1360,1513,719,350,369,
28750,2876,1424,1452,5031,2455,2576,5750,2770,2980,5031,2438,2593,2875,1361,1514,719,350,369,
28755,2876,1424,1452,5032,2455,2577,5751,2770,2981,5032,2438,2594,2876,1362,1514,719,350,369,
28760,2876,1424,1452,5033,2456,2577,5752,2771,2981,5033,2438,2595,2876,1362,1514,719,350,369,
28765,2876,1424,1452,5034,2456,2578,5752,2771,2981,5033,2438,2595,2876,1362,1514,719,350,369,
28770,2877,1424,1453,5035,2457,2578,5754,2771,2983,5034,2438,2596,2876,1362,1514,719,350,369,
28775,2878,1424,1454,5035,2457,2578,5754,2771,2983,5035,2438,2597,2876,1362,1514,719,350,369,
28780,2879,1425,1454,5037,2458,2579,5757,2772,2985,5036,2438,2598,2877,1362,1515,719,350,369,
28785,2879,1425,1454,5038,2459,2579,5757,2772,2985,5037,2439,2598,2877,1362,1515,720,350,370,
28790,2880,1425,1455,5038,2459,2579,5758,2772,2986,5038,2439,2599,2879,1363,1516,720,350,370,
28795,2880,1425,1455,5039,2459,2580,5759,2773,2986,5039,2440,2599,2880,1364,1516,720,350,370,
28800,2880,1425,1455,5040,2459,2581,5760,2774,2986,5040,2441,2599,2880,1364,1516,720,350,370,
28805,2880,1425,1455,5041,2460,2581,5760,2774,2986,5040,2441,2599,2880,1364,1516,720,350,370,
28810,2881,1426,1455,5042,2460,2582,5762,2775,2987,5041,2441,2600,2880,1364,1516,720,350,370,
28815,2882,1426,1456,5042,2460,2582,5762,2775,2987,5042,2442,2600,2880,1364,1516,720,350,370,
28820,2883,1427,1456,5044,2461,2583,5765,2777,2988,5043,2442,2601,2881,1364,1517,720,350,370,
28825,2883,1427,1456,5045,2461,2584,5765,2777,2988,5044,2442,2602,2881,1364,1517,721,350,371,
28830,2884,1427,1457,5045,2461,2584,5766,2778,2988,5045,2442,2603,2883,1366,1517,721,350,371,
28835,2884,1427,1457,5046,2461,2585,5767,2779,2988,5046,2443,2603,2884,1366,1518,721,350,371,
28840,2884,1427,1457,5047,2461,2586,5768,2779,2989,5047,2444,2603,2884,1366,1518,721,350,371,
28845,2884,1427,1457,5048,2461,2587,5768,2779,2989,5047,2444,2603,2884,1366,1518,721,350,371,
28850,2885,1427,1458,5049,2462,2587,5770,2780,2990,5048,2444,2604,2884,1366,1518,721,350,371,
28855,2886,1427,1459,5049,2462,2587,5770,2780,2990,5049,2444,2605,2884,1366,1518,721,350,371,
28860,2887,1427,1460,5051,2463,2588,5773,2781,2992,5050,2444,2606,2885,1367,1518,721,350,371,
28865,2887,1427,1460,5052,2463,2589,5773,2781,2992,5051,2445,2606,2885,1367,1518,722,351,371,
28870,2888,1428,1460,5052,2463,2589,5774,2782,2992,5052,2445,2607,2887,1368,1519,722,351,371,
28875,2888,1428,1460,5053,2464,2589,5775,2782,2993,5053,2446,2607,2888,1368,1520,722,351,371,
28880,2888,1428,1460,5054,2465,2589,5776,2783,2993,5054,2446,2608,2888,1368,1520,722,351,371,
28885,2888,1428,1460,5055,2465,2590,5776,2783,2993,5054,2446,2608,2888,1368,1520,722,351,371,
28890,2889,1429,1460,5056,2466,2590,5778,2784,2994,5055,2447,2608,2888,1368,1520,722,351,371,
28895,2890,1430,1460,5056,2466,2590,5778,2784,2994,5056,2448,2608,2888,1368,1520,722,351,371,
28900,2891,1430,1461,5058,2468,2590,5781,2786,2995,5057,2448,2609,2889,1369,1520,722,351,371,
28905,2891,1430,1461,5059,2469,2590,5781,2786,2995,5058,2448,2610,2889,1369,1520,723,352,371,
28910,2892,1430,1462,5059,2469,2590,5782,2786,2996,5059,2448,2611,2891,1370,1521,723,352,371,
28915,2892,1430,1462,5060,2469,2591,5783,2787,2996,5060,2449,2611,2892,1371,1521,723,352,371,
28920,2892,1430,1462,5061,2469,2592,5784,2788,2996,5061,2449,2612,2892,1371,1521,723,352,371,
28925,2892,1430,1462,5062,2470,2592,5784,2788,2996,5061,2449,2612,2892,1371,1521,723,352,371,
28930,2893,1430,1463,5063,2471,2592,5786,2788,2998,5062,2450,2612,2892,1371,1521,723,352,371,
28935,2894,1431,1463,5063,2471,2592,5786,2788,2998,5063,2450,2613,2892,1371,1521,723,352,371,
28940,2895,1432,1463,5065,2472,2593,5789,2790,2999,5064,2450,2614,2893,1371,1522,723,352,371,
28945,2895,1432,1463,5066,2472,2594,5789,2790,2999,5065,2450,2615,2893,1371,1522,724,353,371,
28950,2896,1433,1463,5066,2472,2594,5790,2791,2999,5066,2450,2616,2895,1372,1523,724,353,371,
28955,2896,1433,1463,5067,2472,2595,5791,2791,3000,5067,2451,2616,2896,1372,1524,724,353,371,
28960,2896,1433,1463,5068,2472,2596,5792,2792,3000,5068,2452,2616,2896,1372,1524,724,353,371,
28965,2896,1433,1463,5069,2473,2596,5792,2792,3000,5068,2452,2616,2896,1372,1524,724,353,371,
28970,2897,1434,1463,5070,2473,2597,5794,2793,3001,5069,2452,2617,2896,1372,1524,724,353,371,
28975,2898,1435,1463,5070,2473,2597,5794,2793,3001,5070,2452,2618,2896,1372,1524,724,353,371,
28980,2899,1436,1463,5072,2474,2598,5797,2795,3002,5071,2452,2619,2897,1372,1525,724,353,371,
28985,2899,1436,1463,5073,2474,2599,5797,2795,3002,5072,2453,2619,2897,1372,1525,725,353,372,
28990,2900,1437,1463,5073,2474,2599,5798,2796,3002,5073,2454,2619,2899,1372,1527,725,353,372,
28995,2900,1437,1463,5074,2474,2600,5799,2796,3003,5074,2455,2619,2900,1372,1528,725,353,372,
29000,2900,1437,1463,5075,2474,2601,5800,2797,3003,5075,2455,2620,2900,1372,1528,725,353,372,
29005,2900,1437,1463,5076,2475,2601,5800,2797,3003,5075,2455,2620,2900,1372,1528,725,353,372,
29010,2901,1437,1464,5077,2475,2602,5802,2797,3005,5076,2456,2620,2900,1372,1528,725,353,372,
29015,2902,1437,1465,5077,2475,2602,5802,2797,3005,5077,2456,2621,2900,1372,1528,725,353,372,
29020,2903,1437,1466,5079,2476,2603,5805,2798,3007,5078,2457,2621,2901,1373,1528,725,353,372,
29025,2903,1437,1466,5080,2476,2604,5805,2798,3007,5079,2458,2621,2901,1373,1528,726,353,373,
29030,2904,1438,1466,5080,2476,2604,5806,2799,3007,5080,2458,2622,2903,1373,1530,726,353,373,
29035,2904,1438,1466,5081,2476,2605,5807,2800,3007,5081,2459,2622,2904,1373,1531,726,353,373,
29040,2904,1438,1466,5082,2476,2606,5808,2800,3008,5082,2459,2623,2904,1373,1531,726,353,373,
29045,2904,1438,1466,5083,2477,2606,5808,2800,3008,5082,2459,2623,2904,1373,1531,726,353,373,
29050,2905,1439,1466,5084,2477,2607,5810,2801,3009,5083,2460,2623,2904,1373,1531,726,353,373,
29055,2906,1439,1467,5084,2477,2607,5810,2801,3009,5084,2461,2623,2904,1373,1531,726,353,373,
29060,2907,1439,1468,5086,2479,2607,5813,2803,3010,5085,2461,2624,2905,1373,1532,726,353,373,
29065,2907,1439,1468,5087,2479,2608,5813,2803,3010,5086,2461,2625,2905,1373,1532,727,353,374,
29070,2908,1439,1469,5087,2479,2608,5814,2803,3011,5087,2462,2625,2907,1373,1534,727,353,374,
29075,2908,1439,1469,5088,2479,2609,5815,2804,3011,5088,2462,2626,2908,1374,1534,727,353,374,
29080,2908,1439,1469,5089,2479,2610,5816,2805,3011,5089,2463,2626,2908,1374,1534,727,353,374,
29085,2908,1439,1469,5090,2480,2610,5816,2805,3011,5089,2463,2626,2908,1374,1534,727,353,374,
29090,2909,1440,1469,5091,2481,2610,5818,2806,3012,5090,2464,2626,2908,1374,1534,727,353,374,
29095,2910,1440,1470,5091,2481,2610,5818,2806,3012,5091,2465,2626,2908,1374,1534,727,353,374,
29100,2911,1441,1470,5093,2482,2611,5821,2807,3014,5092,2466,2626,2909,1374,1535,727,353,374,
29105,2911,1441,1470,5094,2482,2612,5821,2807,3014,5093,2466,2627,2909,1374,1535,728,353,375,
29110,2912,1442,1470,5094,2482,2612,5822,2807,3015,5094,2466,2628,2911,1376,1535,728,353,375,
29115,2912,1442,1470,5095,2483,2612,5823,2808,3015,5095,2467,2628,2912,1376,1536,728,353,375,
29120,2912,1442,1470,5096,2484,2612,5824,2808,3016,5096,2467,2629,2912,1376,1536,728,353,375,
29125,2912,1442,1470,5097,2484,2613,5824,2808,3016,5096,2467,2629,2912,1376,1536,728,353,375,
29130,2913,1443,1470,5098,2485,2613,5826,2810,3016,5097,2468,2629,2912,1376,1536,728,353,375,
29135,2914,1443,1471,5098,2485,2613,5826,2810,3016,5098,2468,2630,2912,1376,1536,728,353,375,
29140,2915,1443,1472,5100,2487,2613,5829,2812,3017,5099,2469,2630,2913,1376,1537,728,353,375,
29145,2915,1443,1472,5101,2488,2613,5829,2812,3017,5100,2470,2630,2913,1376,1537,729,354,375,
29150,2916,1443,1473,5101,2488,2613,5830,2812,3018,5101,2471,2630,2915,1377,1538,729,354,375,
29155,2916,1443,1473,5102,2489,2613,5831,2812,3019,5102,2472,2630,2916,1377,1539,729,354,375,
29160,2916,1443,1473,5103,2489,2614,5832,2812,3020,5103,2473,2630,2916,1377,1539,729,354,375,
29165,2916,1443,1473,5104,2489,2615,5832,2812,3020,5103,2473,2630,2916,1377,1539,729,354,375,
29170,2917,1444,1473,5105,2489,2616,5834,2813,3021,5104,2473,2631,2916,1377,1539,729,354,375,
29175,2918,1444,1474,5105,2489,2616,5834,2813,3021,5105,2474,2631,2916,1377,1539,729,354,375,
29180,2919,1444,1475,5107,2489,2618,5837,2814,3023,5106,2474,2632,2917,1378,1539,729,354,375,
29185,2919,1444,1475,5108,2490,2618,5837,2814,3023,5107,2475,2632,2917,1378,1539,730,354,376,
29190,2920,1445,1475,5108,2490,2618,5838,2815,3023,5108,2475,2633,2919,1379,1540,730,354,376,
29195,2920,1445,1475,5109,2490,2619,5839,2816,3023,5109,2476,2633,2920,1380,1540,730,354,376,
29200,2920,1445,1475,5110,2490,2620,5840,2817,3023,5110,2477,2633,2920,1380,1540,730,354,376,
29205,2920,1445,1475,5111,2490,2621,5840,2817,3023,5110,2477,2633,2920,1380,1540,730,354,376,
29210,2921,1445,1476,5112,2490,2622,5842,2819,3023,5111,2478,2633,2920,1380,1540,730,354,376,
29215,2922,1446,1476,5112,2490,2622,5842,2819,3023,5112,2479,2633,2920,1380,1540,730,354,376,
29220,2923,1446,1477,5114,2492,2622,5845,2821,3024,5113,2479,2634,2921,1380,1541,730,354,376,
29225,2923,1446,1477,5115,2493,2622,5845,2821,3024,5114,2479,2635,2921,1380,1541,731,355,376,
29230,2924,1447,1477,5115,2493,2622,5846,2821,3025,5115,2479,2636,2923,1380,1543,731,355,376,
29235,2924,1447,1477,5116,2493,2623,5847,2821,3026,5116,2480,2636,2924,1380,1544,731,355,376,
29240,2924,1447,1477,5117,2493,2624,5848,2821,3027,5117,2481,2636,2924,1380,1544,731,355,376,
29245,2924,1447,1477,5118,2493,2625,5848,2821,3027,5117,2481,2636,2924,1380,1544,731,355,376,
29250,2925,1448,1477,5119,2494,2625,5850,2823,3027,5118,2482,2636,2924,1380,1544,731,355,376,
29255,2926,1448,1478,5119,2494,2625,5850,2823,3027,5119,2482,2637,2924,1380,1544,731,355,376,
29260,2927,1449,1478,5121,2495,2626,5853,2825,3028,5120,2483,2637,2925,1380,1545,731,355,376,
29265,2927,1449,1478,5122,2495,2627,5853,2825,3028,5121,2483,2638,2925,1380,1545,732,355,377,
29270,2928,1450,1478,5122,2495,2627,5854,2826,3028,5122,2484,2638,2927,1382,1545,732,355,377,
29275,2928,1450,1478,5123,2495,2628,5855,2826,3029,5123,2484,2639,2928,1382,1546,732,355,377,
29280,2928,1450,1478,5124,2495,2629,5856,2827,3029,5124,2484,2640,2928,1382,1546,732,355,377,
29285,2928,1450,1478,5125,2495,2630,5856,2827,3029,5124,2484,2640,2928,1382,1546,732,355,377,
29290,2929,1450,1479,5126,2496,2630,5858,2828,3030,5125,2485,2640,2928,1382,1546,732,355,377,
29295,2930,1450,1480,5126,2496,2630,5858,2828,3030,5126,2486,2640,2928,1382,1546,732,355,377,
29300,2931,1451,1480,5128,2496,2632,5861,2829,3032,5127,2487,2640,2929,1383,1546,732,355,377,
29305,2931,1451,1480,5129,2496,2633,5861,2829,3032,5128,2488,2640,2929,1383,1546,733,355,378,
29310,2932,1452,1480,5129,2496,2633,5862,2829,3033,5129,2489,2640,2931,1384,1547,733,355,378,
29315,2932,1452,1480,5130,2497,2633,5863,2830,3033,5130,2489,2641,2932,1384,1548,733,355,378,
29320,2932,1452,1480,5131,2497,2634,5864,2830,3034,5131,2490,2641,2932,1384,1548,733,355,378,
29325,2932,1452,1480,5132,2497,2635,5864,2830,3034,5131,2490,2641,2932,1384,1548,733,355,378,
29330,2933,1452,1481,5133,2497,2636,5866,2831,3035,5132,2490,2642,2932,1384,1548,733,355,378,
29335,2934,1453,1481,5133,2497,2636,5866,2831,3035,5133,2491,2642,2932,1384,1548,733,355,378,
29340,2935,1453,1482,5135,2498,2637,5869,2832,3037,5134,2492,2642,2933,1385,1548,733,355,378,
29345,2935,1453,1482,5136,2499,2637,5869,2832,3037,5135,2493,2642,2933,1385,1548,734,355,379,
29350,2936,1454,1482,5136,2499,2637,5870,2832,3038,5136,2493,2643,2935,1386,1549,734,355,379,
29355,2936,1454,1482,5137,2499,2638,5871,2833,3038,5137,2493,2644,2936,1386,1550,734,355,379,
29360,2936,1454,1482,5138,2500,2638,5872,2834,3038,5138,2494,2644,2936,1386,1550,734,355,379,
29365,2936,1454,1482,5139,2500,2639,5872,2834,3038,5138,2494,2644,2936,1386,1550,734,355,379,
29370,2937,1455,1482,5140,2500,2640,5874,2835,3039,5139,2495,2644,2936,1386,1550,734,355,379,
29375,2938,1455,1483,5140,2500,2640,5874,2835,3039,5140,2495,2645,2936,1386,1550,734,355,379,
29380,2939,1455,1484,5142,2502,2640,5877,2838,3039,5141,2496,2645,2937,1386,1551,734,355,379,
29385,2939,1455,1484,5143,2502,2641,5877,2838,3039,5142,2496,2646,2937,1386,1551,735,356,379,
29390,2940,1456,1484,5143,2502,2641,5878,2839,3039,5143,2497,2646,2939,1386,1553,735,356,379,
29395,2940,1456,1484,5144,2502,2642,5879,2839,3040,5144,2497,2647,2940,1386,1554,735,356,379,
29400,2940,1456,1484,5145,2503,2642,5880,2839,3041,5145,2498,2647,2940,1386,1554,735,356,379,
29405,2940,1456,1484,5146,2503,2643,5880,2839,3041,5145,2498,2647,2940,1386,1554,735,356,379,
29410,2941,1457,1484,5147,2504,2643,5882,2840,3042,5146,2498,2648,2940,1386,1554,735,356,379,
29415,2942,1457,1485,5147,2504,2643,5882,2840,3042,5147,2498,2649,2940,1386,1554,735,356,379,
29420,2943,1458,1485,5149,2506,2643,5885,2841,3044,5148,2499,2649,2941,1386,1555,735,356,379,
29425,2943,1458,1485,5150,2507,2643,5885,2841,3044,5149,2499,2650,2941,1386,1555,736,356,380,
29430,2944,1458,1486,5150,2507,2643,5886,2841,3045,5150,2499,2651,2943,1388,1555,736,356,380,
29435,2944,1458,1486,5151,2508,2643,5887,2842,3045,5151,2500,2651,2944,1389,1555,736,356,380,
29440,2944,1458,1486,5152,2508,2644,5888,2842,3046,5152,2500,2652,2944,1389,1555,736,356,380,
29445,2944,1458,1486,5153,2508,2645,5888,2842,3046,5152,2500,2652,2944,1389,1555,736,356,380,
29450,2945,1459,1486,5154,2508,2646,5890,2843,3047,5153,2501,2652,2944,1389,1555,736,356,380,
29455,2946,1459,1487,5154,2508,2646,5890,2843,3047,5154,2502,2652,2944,1389,1555,736,356,380,
29460,2947,1459,1488,5156,2510,2646,5893,2844,3049,5155,2503,2652,2945,1390,1555,736,356,380,
29465,2947,1459,1488,5157,2511,2646,5893,2844,3049,5156,2504,2652,2945,1390,1555,737,357,380,
29470,2948,1459,1489,5157,2511,2646,5894,2844,3050,5157,2505,2652,2947,1390,1557,737,357,380,
29475,2948,1459,1489,5158,2511,2647,5895,2844,3051,5158,2505,2653,2948,1391,1557,737,357,380,
29480,2948,1459,1489,5159,2511,2648,5896,2844,3052,5159,2505,2654,2948,1391,1557,737,357,380,
29485,2948,1459,1489,5160,2512,2648,5896,2844,3052,5159,2505,2654,2948,1391,1557,737,357,380,
29490,2949,1460,1489,5161,2513,2648,5898,2846,3052,5160,2505,2655,2948,1391,1557,737,357,380,
29495,2950,1460,1490,5161,2513,2648,5898,2846,3052,5161,2506,2655,2948,1391,1557,737,357,380,
29500,2951,1461,1490,5163,2514,2649,5901,2848,3053,5162,2507,2655,2949,1391,1558,737,357,380,
29505,2951,1461,1490,5164,2514,2650,5901,2848,3053,5163,2508,2655,2949,1391,1558,738,357,381,
29510,2952,1461,1491,5164,2514,2650,5902,2849,3053,5164,2509,2655,2951,1393,1558,738,357,381,
29515,2952,1461,1491,5165,2514,2651,5903,2850,3053,5165,2509,2656,2952,1394,1558,738,357,381,
29520,2952,1461,1491,5166,2515,2651,5904,2850,3054,5166,2510,2656,2952,1394,1558,738,357,381,
29525,2952,1461,1491,5167,2516,2651,5904,2850,3054,5166,2510,2656,2952,1394,1558,738,357,381,
29530,2953,1461,1492,5168,2517,2651,5906,2852,3054,5167,2511,2656,2952,1394,1558,738,357,381,
29535,2954,1461,1493,5168,2517,2651,5906,2852,3054,5168,2512,2656,2952,1394,1558,738,357,381,
29540,2955,1461,1494,5170,2517,2653,5909,2854,3055,5169,2512,2657,2953,1395,1558,738,357,381,
29545,2955,1461,1494,5171,2518,2653,5909,2854,3055,5170,2512,2658,2953,1395,1558,739,358,381,
29550,2956,1461,1495,5171,2518,2653,5910,2855,3055,5171,2513,2658,2955,1396,1559,739,358,381,
29555,2956,1461,1495,5172,2518,2654,5911,2855,3056,5172,2513,2659,2956,1397,1559,739,358,381,
29560,2956,1461,1495,5173,2519,2654,5912,2856,3056,5173,2513,2660,2956,1397,1559,739,358,381,
29565,2956,1461,1495,5174,2520,2654,5912,2856,3056,5173,2513,2660,2956,1397,1559,739,358,381,
29570,2957,1462,1495,5175,2521,2654,5914,2856,3058,5174,2513,2661,2956,1397,1559,739,358,381,
29575,2958,1462,1496,5175,2521,2654,5914,2856,3058,5175,2513,2662,2956,1397,1559,739,358,381,
29580,2959,1463,1496,5177,2523,2654,5917,2858,3059,5176,2513,2663,2957,1397,1560,739,358,381,
29585,2959,1463,1496,5178,2524,2654,5917,2858,3059,5177,2513,2664,2957,1397,1560,740,359,381,
29590,2960,1463,1497,5178,2524,2654,5918,2858,3060,5178,2514,2664,2959,1397,1562,740,359,381,
29595,2960,1463,1497,5179,2524,2655,5919,2859,3060,5179,2515,2664,2960,1398,1562,740,359,381,
29600,2960,1463,1497,5180,2525,2655,5920,2860,3060,5180,2516,2664,2960,1398,1562,740,359,381,
29605,2960,1463,1497,5181,2526,2655,5920,2860,3060,5180,2516,2664,2960,1398,1562,740,359,381,
29610,2961,1463,1498,5182,2526,2656,5922,2861,3061,5181,2517,2664,2960,1398,1562,740,359,381,
29615,2962,1464,1498,5182,2526,2656,5922,2861,3061,5182,2518,2664,2960,1398,1562,740,359,381,
29620,2963,1464,1499,5184,2528,2656,5925,2863,3062,5183,2519,2664,2961,1398,1563,740,359,381,
29625,2963,1464,1499,5185,2529,2656,5925,2863,3062,5184,2520,2664,2961,1398,1563,741,359,382,
29630,2964,1464,1500,5185,2529,2656,5926,2863,3063,5185,2520,2665,2963,1398,1565,741,359,382,
29635,2964,1464,1500,5186,2529,2657,5927,2863,3064,5186,2520,2666,2964,1398,1566,741,359,382,
29640,2964,1464,1500,5187,2530,2657,5928,2864,3064,5187,2521,2666,2964,1398,1566,741,359,382,
29645,2964,1464,1500,5188,2530,2658,5928,2864,3064,5187,2521,2666,2964,1398,1566,741,359,382,
29650,2965,1465,1500,5189,2531,2658,5930,2865,3065,5188,2521,2667,2964,1398,1566,741,359,382,
29655,2966,1466,1500,5189,2531,2658,5930,2865,3065,5189,2521,2668,2964,1398,1566,741,359,382,
29660,2967,1466,1501,5191,2532,2659,5933,2868,3065,5190,2521,2669,2965,1399,1566,741,359,382,
29665,2967,1466,1501,5192,2533,2659,5933,2868,3065,5191,2522,2669,2965,1399,1566,742,359,383,
29670,2968,1467,1501,5192,2533,2659,5934,2869,3065,5192,2523,2669,2967,1400,1567,742,359,383,
29675,2968,1467,1501,5193,2533,2660,5935,2869,3066,5193,2523,2670,2968,1400,1568,742,359,383,
29680,2968,1467,1501,5194,2533,2661,5936,2869,3067,5194,2524,2670,2968,1400,1568,742,359,383,
29685,2968,1467,1501,5195,2533,2662,5936,2869,3067,5194,2524,2670,2968,1400,1568,742,359,383,
29690,2969,1467,1502,5196,2534,2662,5938,2870,3068,5195,2524,2671,2968,1400,1568,742,359,383,
29695,2970,1468,1502,5196,2534,2662,5938,2870,3068,5196,2525,2671,2968,1400,1568,742,359,383,
29700,2971,1469,1502,5198,2535,2663,5941,2871,3070,5197,2526,2671,2969,1401,1568,742,359,383,
29705,2971,1469,1502,5199,2536,2663,5941,2871,3070,5198,2527,2671,2969,1401,1568,743,359,384,
29710,2972,1470,1502,5199,2536,2663,5942,2872,3070,5199,2528,2671,2971,1402,1569,743,359,384,
29715,2972,1470,1502,5200,2536,2664,5943,2873,3070,5200,2528,2672,2972,1402,1570,743,359,384,
29720,2972,1470,1502,5201,2536,2665,5944,2873,3071,5201,2529,2672,2972,1402,1570,743,359,384,
29725,2972,1470,1502,5202,2536,2666,5944,2873,3071,5201,2529,2672,2972,1402,1570,743,359,384,
29730,2973,1470,1503,5203,2537,2666,5946,2874,3072,5202,2530,2672,2972,1402,1570,743,359,384,
29735,2974,1471,1503,5203,2537,2666,5946,2874,3072,5203,2530,2673,2972,1402,1570,743,359,384,
29740,2975,1471,1504,5205,2537,2668,5949,2875,3074,5204,2531,2673,2973,1402,1571,743,359,384,
29745,2975,1471,1504,5206,2538,2668,5949,2875,3074,5205,2531,2674,2973,1402,1571,744,360,384,
29750,2976,1472,1504,5206,2538,2668,5950,2876,3074,5206,2532,2674,2975,1402,1573,744,360,384,
29755,2976,1472,1504,5207,2539,2668,5951,2876,3075,5207,2532,2675,2976,1403,1573,744,360,384,
29760,2976,1472,1504,5208,2539,2669,5952,2876,3076,5208,2532,2676,2976,1403,1573,744,360,384,
29765,2976,1472,1504,5209,2539,2670,5952,2876,3076,5208,2532,2676,2976,1403,1573,744,360,384,
29770,2977,1473,1504,5210,2540,2670,5954,2877,3077,5209,2532,2677,2976,1403,1573,744,360,384,
29775,2978,1474,1504,5210,2540,2670,5954,2877,3077,5210,2532,2678,2976,1403,1573,744,360,384,
29780,2979,1475,1504,5212,2541,2671,5957,2878,3079,5211,2532,2679,2977,1404,1573,744,360,384,
29785,2979,1475,1504,5213,2541,2672,5957,2878,3079,5212,2532,2680,2977,1404,1573,745,360,385,
29790,2980,1476,1504,5213,2541,2672,5958,2878,3080,5213,2532,2681,2979,1405,1574,745,360,385,
29795,2980,1476,1504,5214,2541,2673,5959,2879,3080,5214,2533,2681,2980,1406,1574,745,360,385,
29800,2980,1476,1504,5215,2541,2674,5960,2880,3080,5215,2533,2682,2980,1406,1574,745,360,385,
29805,2980,1476,1504,5216,2542,2674,5960,2880,3080,5215,2533,2682,2980,1406,1574,745,360,385,
29810,2981,1476,1505,5217,2542,2675,5962,2881,3081,5216,2534,2682,2980,1406,1574,745,360,385,
29815,2982,1477,1505,5217,2542,2675,5962,2881,3081,5217,2535,2682,2980,1406,1574,745,360,385,
29820,2983,1478,1505,5219,2544,2675,5965,2882,3083,5218,2536,2682,2981,1407,1574,745,360,385,
29825,2983,1478,1505,5220,2544,2676,5965,2882,3083,5219,2536,2683,2981,1407,1574,746,361,385,
29830,2984,1478,1506,5220,2544,2676,5966,2882,3084,5220,2536,2684,2983,1408,1575,746,361,385,
29835,2984,1478,1506,5221,2545,2676,5967,2883,3084,5221,2537,2684,2984,1408,1576,746,361,385,
29840,2984,1478,1506,5222,2545,2677,5968,2884,3084,5222,2537,2685,2984,1408,1576,746,361,385,
29845,2984,1478,1506,5223,2545,2678,5968,2884,3084,5222,2537,2685,2984,1408,1576,746,361,385,
29850,2985,1479,1506,5224,2546,2678,5970,2884,3086,5223,2537,2686,2984,1408,1576,746,361,385,
29855,2986,1480,1506,5224,2546,2678,5970,2884,3086,5224,2538,2686,2984,1408,1576,746,361,385,
29860,2987,1480,1507,5226,2546,2680,5973,2886,3087,5225,2538,2687,2985,1408,1577,746,361,385,
29865,2987,1480,1507,5227,2546,2681,5973,2886,3087,5226,2539,2687,2985,1408,1577,747,361,386,
29870,2988,1480,1508,5227,2546,2681,5974,2886,3088,5227,2540,2687,2987,1410,1577,747,361,386,
29875,2988,1480,1508,5228,2546,2682,5975,2886,3089,5228,2541,2687,2988,1411,1577,747,361,386,
29880,2988,1480,1508,5229,2546,2683,5976,2887,3089,5229,2541,2688,2988,1411,1577,747,361,386,
29885,2988,1480,1508,5230,2547,2683,5976,2887,3089,5229,2541,2688,2988,1411,1577,747,361,386,
29890,2989,1481,1508,5231,2548,2683,5978,2888,3090,5230,2542,2688,2988,1411,1577,747,361,386,
29895,2990,1482,1508,5231,2548,2683,5978,2888,3090,5231,2542,2689,2988,1411,1577,747,361,386,
29900,2991,1483,1508,5233,2548,2685,5981,2889,3092,5232,2542,2690,2989,1411,1578,747,361,386,
29905,2991,1483,1508,5234,2548,2686,5981,2889,3092,5233,2543,2690,2989,1411,1578,748,361,387,
29910,2992,1484,1508,5234,2548,2686,5982,2889,3093,5234,2544,2690,2991,1412,1579,748,361,387,
29915,2992,1484,1508,5235,2548,2687,5983,2889,3094,5235,2544,2691,2992,1412,1580,748,361,387,
29920,2992,1484,1508,5236,2548,2688,5984,2889,3095,5236,2545,2691,2992,1412,1580,748,361,387,
29925,2992,1484,1508,5237,2548,2689,5984,2889,3095,5236,2545,2691,2992,1412,1580,748,361,387,
29930,2993,1484,1509,5238,2549,2689,5986,2890,3096,5237,2545,2692,2992,1412,1580,748,361,387,
29935,2994,1484,1510,5238,2549,2689,5986,2890,3096,5238,2545,2693,2992,1412,1580,748,361,387,
29940,2995,1484,1511,5240,2549,2691,5989,2891,3098,5239,2545,2694,2993,1413,1580,748,361,387,
29945,2995,1484,1511,5241,2550,2691,5989,2891,3098,5240,2545,2695,2993,1413,1580,749,362,387,
29950,2996,1485,1511,5241,2550,2691,5990,2892,3098,5241,2546,2695,2995,1413,1582,749,362,387,
29955,2996,1485,1511,5242,2551,2691,5991,2893,3098,5242,2547,2695,2996,1413,1583,749,362,387,
29960,2996,1485,1511,5243,2552,2691,5992,2893,3099,5243,2547,2696,2996,1413,1583,749,362,387,
29965,2996,1485,1511,5244,2553,2691,5992,2893,3099,5243,2547,2696,2996,1413,1583,749,362,387,
29970,2997,1486,1511,5245,2554,2691,5994,2895,3099,5244,2547,2697,2996,1413,1583,749,362,387,
29975,2998,1486,1512,5245,2554,2691,5994,2895,3099,5245,2547,2698,2996,1413,1583,749,362,387,
29980,2999,1487,1512,5247,2554,2693,5997,2895,3102,5246,2547,2699,2997,1414,1583,749,362,387,
29985,2999,1487,1512,5248,2554,2694,5997,2895,3102,5247,2547,2700,2997,1414,1583,750,362,388,
29990,3000,1487,1513,5248,2554,2694,5998,2895,3103,5248,2547,2701,2999,1414,1585,750,362,388,
29995,3000,1487,1513,5249,2555,2694,5999,2895,3104,5249,2547,2702,3000,1415,1585,750,362,388,
30000,3000,1487,1513,5250,2555,2695,6000,2895,3105,5250,2548,2702,3000,1415,1585,750,362,388,
30005,3000,1487,1513,5251,2556,2695,6000,2895,3105,5250,2548,2702,3000,1415,1585,750,362,388,
30010,3001,1488,1513,5252,2556,2696,6002,2896,3106,5251,2548,2703,3000,1415,1585,750,362,388,
30015,3002,1489,1513,5252,2556,2696,6002,2896,3106,5252,2548,2704,3000,1415,1585,750,362,388,
30020,3003,1490,1513,5254,2558,2696,6005,2899,3106,5253,2549,2704,3001,1415,1586,750,362,388,
30025,3003,1490,1513,5255,2558,2697,6005,2899,3106,5254,2550,2704,3001,1415,1586,751,363,388,
30030,3004,1491,1513,5255,2558,2697,6006,2899,3107,5255,2551,2704,3003,1416,1587,751,363,388,
30035,3004,1491,1513,5256,2559,2697,6007,2899,3108,5256,2551,2705,3004,1417,1587,751,363,388,
30040,3004,1491,1513,5257,2560,2697,6008,2900,3108,5257,2551,2706,3004,1417,1587,751,363,388,
30045,3004,1491,1513,5258,2561,2697,6008,2900,3108,5257,2551,2706,3004,1417,1587,751,363,388,
30050,3005,1492,1513,5259,2562,2697,6010,2901,3109,5258,2552,2706,3004,1417,1587,751,363,388,
30055,3006,1492,1514,5259,2562,2697,6010,2901,3109,5259,2552,2707,3004,1417,1587,751,363,388,
30060,3007,1493,1514,5261,2563,2698,6013,2903,3110,5260,2552,2708,3005,1417,1588,751,363,388,
30065,3007,1493,1514,5262,2564,2698,6013,2903,3110,5261,2553,2708,3005,1417,1588,752,364,388,
30070,3008,1494,1514,5262,2564,2698,6014,2903,3111,5262,2553,2709,3007,1418,1589,752,364,388,
30075,3008,1494,1514,5263,2564,2699,6015,2903,3112,5263,2553,2710,3008,1418,1590,752,364,388,
30080,3008,1494,1514,5264,2564,2700,6016,2903,3113,5264,2553,2711,3008,1418,1590,752,364,388,
30085,3008,1494,1514,5265,2564,2701,6016,2903,3113,5264,2553,2711,3008,1418,1590,752,364,388,
30090,3009,1494,1515,5266,2565,2701,6018,2903,3115,5265,2554,2711,3008,1418,1590,752,364,388,
30095,3010,1494,1516,5266,2565,2701,6018,2903,3115,5266,2555,2711,3008,1418,1590,752,364,388,
30100,3011,1495,1516,5268,2566,2702,6021,2905,3116,5267,2556,2711,3009,1418,1591,752,364,388,
30105,3011,1495,1516,5269,2567,2702,6021,2905,3116,5268,2556,2712,3009,1418,1591,753,365,388,
30110,3012,1496,1516,5269,2567,2702,6022,2906,3116,5269,2557,2712,3011,1419,1592,753,365,388,
30115,3012,1496,1516,5270,2568,2702,6023,2906,3117,5270,2557,2713,3012,1419,1593,753,365,388,
30120,3012,1496,1516,5271,2568,2703,6024,2907,3117,5271,2557,2714,3012,1419,1593,753,365,388,
30125,3012,1496,1516,5272,2569,2703,6024,2907,3117,5271,2557,2714,3012,1419,1593,753,365,388,
30130,3013,1497,1516,5273,2569,2704,6026,2908,3118,5272,2557,2715,3012,1419,1593,753,365,388,
30135,3014,1497,1517,5273,2569,2704,6026,2908,3118,5273,2557,2716,3012,1419,1593,753,365,388,
30140,3015,1498,1517,5275,2570,2705,6029,2910,3119,5274,2557,2717,3013,1419,1594,753,365,388,
30145,3015,1498,1517,5276,2570,2706,6029,2910,3119,5275,2558,2717,3013,1419,1594,754,365,389,
30150,3016,1498,1518,5276,2570,2706,6030,2910,3120,5276,2559,2717,3015,1420,1595,754,365,389,
30155,3016,1498,1518,5277,2570,2707,6031,2910,3121,5277,2559,2718,3016,1421,1595,754,365,389,
30160,3016,1498,1518,5278,2570,2708,6032,2911,3121,5278,2559,2719,3016,1421,1595,754,365,389,
30165,3016,1498,1518,5279,2570,2709,6032,2911,3121,5278,2559,2719,3016,1421,1595,754,365,389,
30170,3017,1498,1519,5280,2570,2710,6034,2911,3123,5279,2560,2719,3016,1421,1595,754,365,389,
30175,3018,1499,1519,5280,2570,2710,6034,2911,3123,5280,2560,2720,3016,1421,1595,754,365,389,
30180,3019,1499,1520,5282,2571,2711,6037,2913,3124,5281,2561,2720,3017,1422,1595,754,365,389,
30185,3019,1499,1520,5283,2571,2712,6037,2913,3124,5282,2561,2721,3017,1422,1595,755,366,389,
30190,3020,1499,1521,5283,2571,2712,6038,2914,3124,5283,2561,2722,3019,1422,1597,755,366,389,
30195,3020,1499,1521,5284,2572,2712,6039,2914,3125,5284,2561,2723,3020,1422,1598,755,366,389,
30200,3020,1499,1521,5285,2573,2712,6040,2914,3126,5285,2562,2723,3020,1422,1598,755,366,389,
30205,3020,1499,1521,5286,2574,2712,6040,2914,3126,5285,2562,2723,3020,1422,1598,755,366,389,
30210,3021,1500,1521,5287,2574,2713,6042,2914,3128,5286,2562,2724,3020,1422,1598,755,366,389,
30215,3022,1500,1522,5287,2574,2713,6042,2914,3128,5287,2563,2724,3020,1422,1598,755,366,389,
30220,3023,1501,1522,5289,2574,2715,6045,2917,3128,5288,2564,2724,3021,1423,1598,755,366,389,
30225,3023,1501,1522,5290,2574,2716,6045,2917,3128,5289,2565,2724,3021,1423,1598,756,366,390,
30230,3024,1502,1522,5290,2574,2716,6046,2918,3128,5290,2566,2724,3023,1424,1599,756,366,390,
30235,3024,1502,1522,5291,2574,2717,6047,2919,3128,5291,2566,2725,3024,1424,1600,756,366,390,
30240,3024,1502,1522,5292,2575,2717,6048,2920,3128,5292,2566,2726,3024,1424,1600,756,366,390,
30245,3024,1502,1522,5293,2576,2717,6048,2920,3128,5292,2566,2726,3024,1424,1600,756,366,390,
30250,3025,1503,1522,5294,2576,2718,6050,2921,3129,5293,2567,2726,3024,1424,1600,756,366,390,
30255,3026,1504,1522,5294,2576,2718,6050,2921,3129,5294,2567,2727,3024,1424,1600,756,366,390,
30260,3027,1505,1522,5296,2577,2719,6053,2923,3130,5295,2568,2727,3025,1424,1601,756,366,390,
30265,3027,1505,1522,5297,2577,2720,6053,2923,3130,5296,2568,2728,3025,1424,1601,757,367,390,
30270,3028,1505,1523,5297,2577,2720,6054,2923,3131,5297,2568,2729,3027,1425,1602,757,367,390,
30275,3028,1505,1523,5298,2577,2721,6055,2923,3132,5298,2568,2730,3028,1426,1602,757,367,390,
30280,3028,1505,1523,5299,2577,2722,6056,2924,3132,5299,2569,2730,3028,1426,1602,757,367,390,
30285,3028,1505,1523,5300,2577,2723,6056,2924,3132,5299,2569,2730,3028,1426,1602,757,367,390,
30290,3029,1506,1523,5301,2578,2723,6058,2925,3133,5300,2569,2731,3028,1426,1602,757,367,390,
30295,3030,1506,1524,5301,2578,2723,6058,2925,3133,5301,2569,2732,3028,1426,1602,757,367,390,
30300,3031,1506,1525,5303,2580,2723,6061,2927,3134,5302,2570,2732,3029,1426,1603,757,367,390,
30305,3031,1506,1525,5304,2580,2724,6061,2927,3134,5303,2571,2732,3029,1426,1603,758,367,391,
30310,3032,1507,1525,5304,2580,2724,6062,2928,3134,5304,2571,2733,3031,1427,1604,758,367,391,
30315,3032,1507,1525,5305,2581,2724,6063,2929,3134,5305,2571,2734,3032,1428,1604,758,367,391,
30320,3032,1507,1525,5306,2581,2725,6064,2930,3134,5306,2572,2734,3032,1428,1604,758,367,391,
30325,3032,1507,1525,5307,2581,2726,6064,2930,3134,5306,2572,2734,3032,1428,1604,758,367,391,
30330,3033,1508,1525,5308,2582,2726,6066,2930,3136,5307,2572,2735,3032,1428,1604,758,367,391,
30335,3034,1508,1526,5308,2582,2726,6066,2930,3136,5308,2572,2736,3032,1428,1604,758,367,391,
30340,3035,1509,1526,5310,2582,2728,6069,2932,3137,5309,2573,2736,3033,1429,1604,758,367,391,
30345,3035,1509,1526,5311,2583,2728,6069,2932,3137,5310,2574,2736,3033,1429,1604,759,368,391,
30350,3036,1510,1526,5311,2583,2728,6070,2932,3138,5311,2574,2737,3035,1429,1606,759,368,391,
30355,3036,1510,1526,5312,2584,2728,6071,2933,3138,5312,2575,2737,3036,1430,1606,759,368,391,
30360,3036,1510,1526,5313,2584,2729,6072,2933,3139,5313,2575,2738,3036,1430,1606,759,368,391,
30365,3036,1510,1526,5314,2585,2729,6072,2933,3139,5313,2575,2738,3036,1430,1606,759,368,391,
30370,3037,1511,1526,5315,2586,2729,6074,2934,3140,5314,2575,2739,3036,1430,1606,759,368,391,
30375,3038,1511,1527,5315,2586,2729,6074,2934,3140,5315,2575,2740,3036,1430,1606,759,368,391,
30380,3039,1511,1528,5317,2588,2729,6077,2936,3141,5316,2575,2741,3037,1431,1606,759,368,391,
30385,3039,1511,1528,5318,2589,2729,6077,2936,3141,5317,2576,2741,3037,1431,1606,760,368,392,
30390,3040,1512,1528,5318,2589,2729,6078,2936,3142,5318,2576,2742,3039,1432,1607,760,368,392,
30395,3040,1512,1528,5319,2590,2729,6079,2937,3142,5319,2576,2743,3040,1433,1607,760,368,392,
30400,3040,1512,1528,5320,2591,2729,6080,2938,3142,5320,2576,2744,3040,1433,1607,760,368,392,
30405,3040,1512,1528,5321,2591,2730,6080,2938,3142,5320,2576,2744,3040,1433,1607,760,368,392,
30410,3041,1512,1529,5322,2591,2731,6082,2940,3142,5321,2577,2744,3040,1433,1607,760,368,392,
30415,3042,1512,1530,5322,2591,2731,6082,2940,3142,5322,2577,2745,3040,1433,1607,760,368,392,
30420,3043,1512,1531,5324,2592,2732,6085,2941,3144,5323,2577,2746,3041,1434,1607,760,368,392,
30425,3043,1512,1531,5325,2592,2733,6085,2941,3144,5324,2578,2746,3041,1434,1607,761,368,393,
30430,3044,1513,1531,5325,2592,2733,6086,2941,3145,5325,2578,2747,3043,1435,1608,761,368,393,
30435,3044,1513,1531,5326,2592,2734,6087,2941,3146,5326,2578,2748,3044,1436,1608,761,368,393,
30440,3044,1513,1531,5327,2593,2734,6088,2942,3146,5327,2579,2748,3044,1436,1608,761,368,393,
30445,3044,1513,1531,5328,2594,2734,6088,2942,3146,5327,2579,2748,3044,1436,1608,761,368,393,
30450,3045,1514,1531,5329,2595,2734,6090,2944,3146,5328,2579,2749,3044,1436,1608,761,368,393,
30455,3046,1514,1532,5329,2595,2734,6090,2944,3146,5329,2579,2750,3044,1436,1608,761,368,393,
30460,3047,1514,1533,5331,2597,2734,6093,2945,3148,5330,2579,2751,3045,1436,1609,761,368,393,
30465,3047,1514,1533,5332,2597,2735,6093,2945,3148,5331,2579,2752,3045,1436,1609,762,369,393,
30470,3048,1514,1534,5332,2597,2735,6094,2946,3148,5332,2579,2753,3047,1437,1610,762,369,393,
30475,3048,1514,1534,5333,2598,2735,6095,2946,3149,5333,2580,2753,3048,1438,1610,762,369,393,
30480,3048,1514,1534,5334,2598,2736,6096,2947,3149,5334,2580,2754,3048,1438,1610,762,369,393,
30485,3048,1514,1534,5335,2599,2736,6096,2947,3149,5334,2580,2754,3048,1438,1610,762,369,393,
30490,3049,1515,1534,5336,2599,2737,6098,2947,3151,5335,2580,2755,3048,1438,1610,762,369,393,
30495,3050,1516,1534,5336,2599,2737,6098,2947,3151,5336,2581,2755,3048,1438,1610,762,369,393,
30500,3051,1516,1535,5338,2600,2738,6101,2948,3153,5337,2582,2755,3049,1439,1610,762,369,393,
30505,3051,1516,1535,5339,2601,2738,6101,2948,3153,5338,2583,2755,3049,1439,1610,763,370,393,
30510,3052,1516,1536,5339,2601,2738,6102,2948,3154,5339,2584,2755,3051,1440,1611,763,370,393,
30515,3052,1516,1536,5340,2602,2738,6103,2948,3155,5340,2585,2755,3052,1440,1612,763,370,393,
30520,3052,1516,1536,5341,2602,2739,6104,2949,3155,5341,2586,2755,3052,1440,1612,763,370,393,
30525,3052,1516,1536,5342,2602,2740,6104,2949,3155,5341,2586,2755,3052,1440,1612,763,370,393,
30530,3053,1516,1537,5343,2602,2741,6106,2949,3157,5342,2586,2756,3052,1440,1612,763,370,393,
30535,3054,1516,1538,5343,2602,2741,6106,2949,3157,5343,2587,2756,3052,1440,1612,763,370,393,
30540,3055,1516,1539,5345,2604,2741,6109,2951,3158,5344,2587,2757,3053,1440,1613,763,370,393,
30545,3055,1516,1539,5346,2605,2741,6109,2951,3158,5345,2588,2757,3053,1440,1613,764,370,394,
30550,3056,1517,1539,5346,2605,2741,6110,2951,3159,5346,2588,2758,3055,1441,1614,764,370,394,
30555,3056,1517,1539,5347,2605,2742,6111,2951,3160,5347,2589,2758,3056,1441,1615,764,370,394,
30560,3056,1517,1539,5348,2605,2743,6112,2951,3161,5348,2590,2758,3056,1441,1615,764,370,394,
30565,3056,1517,1539,5349,2606,2743,6112,2951,3161,5348,2590,2758,3056,1441,1615,764,370,394,
30570,3057,1517,1540,5350,2607,2743,6114,2951,3163,5349,2590,2759,3056,1441,1615,764,370,394,
30575,3058,1517,1541,5350,2607,2743,6114,2951,3163,5350,2591,2759,3056,1441,1615,764,370,394,
30580,3059,1517,1542,5352,2608,2744,6117,2953,3164,5351,2592,2759,3057,1441,1616,764,370,394,
30585,3059,1517,1542,5353,2608,2745,6117,2953,3164,5352,2592,2760,3057,1441,1616,765,371,394,
30590,3060,1518,1542,5353,2608,2745,6118,2953,3165,5353,2593,2760,3059,1442,1617,765,371,394,
30595,3060,1518,1542,5354,2609,2745,6119,2954,3165,5354,2593,2761,3060,1442,1618,765,371,394,
30600,3060,1518,1542,5355,2609,2746,6120,2955,3165,5355,2593,2762,3060,1442,1618,765,371,394,
30605,3060,1518,1542,5356,2610,2746,6120,2955,3165,5355,2593,2762,3060,1442,1618,765,371,394,
30610,3061,1519,1542,5357,2611,2746,6122,2956,3166,5356,2593,2763,3060,1442,1618,765,371,394,
30615,3062,1519,1543,5357,2611,2746,6122,2956,3166,5357,2594,2763,3060,1442,1618,765,371,394,
30620,3063,1519,1544,5359,2612,2747,6125,2956,3169,5358,2595,2763,3061,1442,1619,765,371,394,
30625,3063,1519,1544,5360,2612,2748,6125,2956,3169,5359,2595,2764,3061,1442,1619,766,371,395,
30630,3064,1520,1544,5360,2612,2748,6126,2957,3169,5360,2596,2764,3063,1442,1621,766,371,395,
30635,3064,1520,1544,5361,2612,2749,6127,2957,3170,5361,2597,2764,3064,1443,1621,766,371,395,
30640,3064,1520,1544,5362,2612,2750,6128,2957,3171,5362,2597,2765,3064,1443,1621,766,371,395,
30645,3064,1520,1544,5363,2612,2751,6128,2957,3171,5362,2597,2765,3064,1443,1621,766,371,395,
30650,3065,1521,1544,5364,2613,2751,6130,2958,3172,5363,2597,2766,3064,1443,1621,766,371,395,
30655,3066,1521,1545,5364,2613,2751,6130,2958,3172,5364,2597,2767,3064,1443,1621,766,371,395,
30660,3067,1521,1546,5366,2614,2752,6133,2958,3175,5365,2598,2767,3065,1444,1621,766,371,395,
30665,3067,1521,1546,5367,2614,2753,6133,2958,3175,5366,2598,2768,3065,1444,1621,767,372,395,
30670,3068,1521,1547,5367,2614,2753,6134,2958,3176,5367,2598,2769,3067,1444,1623,767,372,395,
30675,3068,1521,1547,5368,2614,2754,6135,2958,3177,5368,2599,2769,3068,1444,1624,767,372,395,
30680,3068,1521,1547,5369,2614,2755,6136,2958,3178,5369,2599,2770,3068,1444,1624,767,372,395,
30685,3068,1521,1547,5370,2614,2756,6136,2958,3178,5369,2599,2770,3068,1444,1624,767,372,395,
30690,3069,1522,1547,5371,2615,2756,6138,2959,3179,5370,2599,2771,3068,1444,1624,767,372,395,
30695,3070,1522,1548,5371,2615,2756,6138,2959,3179,5371,2599,2772,3068,1444,1624,767,372,395,
30700,3071,1523,1548,5373,2615,2758,6141,2960,3181,5372,2599,2773,3069,1445,1624,767,372,395,
30705,3071,1523,1548,5374,2616,2758,6141,2960,3181,5373,2600,2773,3069,1445,1624,768,372,396,
30710,3072,1523,1549,5374,2616,2758,6142,2961,3181,5374,2600,2774,3071,1446,1625,768,372,396,
30715,3072,1523,1549,5375,2617,2758,6143,2962,3181,5375,2601,2774,3072,1446,1626,768,372,396,
30720,3072,1523,1549,5376,2617,2759,6144,2962,3182,5376,2602,2774,3072,1446,1626,768,372,396,
30725,3072,1523,1549,5377,2618,2759,6144,2962,3182,5376,2602,2774,3072,1446,1626,768,372,396,
30730,3073,1523,1550,5378,2619,2759,6146,2964,3182,5377,2603,2774,3072,1446,1626,768,372,396,
30735,3074,1524,1550,5378,2619,2759,6146,2964,3182,5378,2604,2774,3072,1446,1626,768,372,396,
30740,3075,1524,1551,5380,2621,2759,6149,2965,3184,5379,2605,2774,3073,1447,1626,768,372,396,
30745,3075,1524,1551,5381,2622,2759,6149,2965,3184,5380,2605,2775,3073,1447,1626,769,372,397,
30750,3076,1525,1551,5381,2622,2759,6150,2965,3185,5381,2605,2776,3075,1448,1627,769,372,397,
30755,3076,1525,1551,5382,2623,2759,6151,2966,3185,5382,2606,2776,3076,1449,1627,769,372,397,
30760,3076,1525,1551,5383,2624,2759,6152,2967,3185,5383,2607,2776,3076,1449,1627,769,372,397,
30765,3076,1525,1551,5384,2624,2760,6152,2967,3185,5383,2607,2776,3076,1449,1627,769,372,397,
30770,3077,1525,1552,5385,2625,2760,6154,2968,3186,5384,2607,2777,3076,1449,1627,769,372,397,
30775,3078,1525,1553,5385,2625,2760,6154,2968,3186,5385,2607,2778,3076,1449,1627,769,372,397,
30780,3079,1526,1553,5387,2626,2761,6157,2970,3187,5386,2607,2779,3077,1450,1627,769,372,397,
30785,3079,1526,1553,5388,2626,2762,6157,2970,3187,5387,2608,2779,3077,1450,1627,770,372,398,
30790,3080,1527,1553,5388,2626,2762,6158,2971,3187,5388,2609,2779,3079,1451,1628,770,372,398,
30795,3080,1527,1553,5389,2627,2762,6159,2971,3188,5389,2609,2780,3080,1452,1628,770,372,398,
30800,3080,1527,1553,5390,2628,2762,6160,2971,3189,5390,2610,2780,3080,1452,1628,770,372,398,
30805,3080,1527,1553,5391,2628,2763,6160,2971,3189,5390,2610,2780,3080,1452,1628,770,372,398,
30810,3081,1528,1553,5392,2628,2764,6162,2973,3189,5391,2611,2780,3080,1452,1628,770,372,398,
30815,3082,1529,1553,5392,2628,2764,6162,2973,3189,5392,2612,2780,3080,1452,1628,770,372,398,
30820,3083,1529,1554,5394,2630,2764,6165,2976,3189,5393,2612,2781,3081,1452,1629,770,372,398,
30825,3083,1529,1554,5395,2630,2765,6165,2976,3189,5394,2612,2782,3081,1452,1629,771,372,399,
30830,3084,1529,1555,5395,2630,2765,6166,2976,3190,5395,2613,2782,3083,1452,1631,771,372,399,
30835,3084,1529,1555,5396,2630,2766,6167,2977,3190,5396,2614,2782,3084,1452,1632,771,372,399,
30840,3084,1529,1555,5397,2630,2767,6168,2978,3190,5397,2615,2782,3084,1452,1632,771,372,399,
30845,3084,1529,1555,5398,2631,2767,6168,2978,3190,5397,2615,2782,3084,1452,1632,771,372,399,
30850,3085,1530,1555,5399,2632,2767,6170,2979,3191,5398,2616,2782,3084,1452,1632,771,372,399,
30855,3086,1531,1555,5399,2632,2767,6170,2979,3191,5399,2617,2782,3084,1452,1632,771,372,399,
30860,3087,1532,1555,5401,2633,2768,6173,2980,3193,5400,2617,2783,3085,1452,1633,771,372,399,
30865,3087,1532,1555,5402,2634,2768,6173,2980,3193,5401,2617,2784,3085,1452,1633,772,373,399,
30870,3088,1533,1555,5402,2634,2768,6174,2981,3193,5402,2617,2785,3087,1454,1633,772,373,399,
30875,3088,1533,1555,5403,2634,2769,6175,2982,3193,5403,2617,2786,3088,1454,1634,772,373,399,
30880,3088,1533,1555,5404,2635,2769,6176,2982,3194,5404,2618,2786,3088,1454,1634,772,373,399,
30885,3088,1533,1555,5405,2635,2770,6176,2982,3194,5404,2618,2786,3088,1454,1634,772,373,399,
30890,3089,1534,1555,5406,2636,2770,6178,2984,3194,5405,2618,2787,3088,1454,1634,772,373,399,
30895,3090,1535,1555,5406,2636,2770,6178,2984,3194,5406,2618,2788,3088,1454,1634,772,373,399,
30900,3091,1535,1556,5408,2637,2771,6181,2987,3194,5407,2618,2789,3089,1454,1635,772,373,399,
30905,3091,1535,1556,5409,2637,2772,6181,2987,3194,5408,2618,2790,3089,1454,1635,773,374,399,
30910,3092,1536,1556,5409,2637,2772,6182,2987,3195,5409,2618,2791,3091,1455,1636,773,374,399,
30915,3092,1536,1556,5410,2637,2773,6183,2988,3195,5410,2618,2792,3092,1456,1636,773,374,399,
30920,3092,1536,1556,5411,2637,2774,6184,2988,3196,5411,2618,2793,3092,1456,1636,773,374,399,
30925,3092,1536,1556,5412,2638,2774,6184,2988,3196,5411,2618,2793,3092,1456,1636,773,374,399,
30930,3093,1536,1557,5413,2639,2774,6186,2989,3197,5412,2618,2794,3092,1456,1636,773,374,399,
30935,3094,1536,1558,5413,2639,2774,6186,2989,3197,5413,2618,2795,3092,1456,1636,773,374,399,
30940,3095,1536,1559,5415,2640,2775,6189,2990,3199,5414,2619,2795,3093,1456,1637,773,374,399,
30945,3095,1536,1559,5416,2640,2776,6189,2990,3199,5415,2620,2795,3093,1456,1637,774,375,399,
30950,3096,1537,1559,5416,2640,2776,6190,2991,3199,5416,2621,2795,3095,1458,1637,774,375,399,
30955,3096,1537,1559,5417,2641,2776,6191,2991,3200,5417,2622,2795,3096,1459,1637,774,375,399,
30960,3096,1537,1559,5418,2641,2777,6192,2992,3200,5418,2623,2795,3096,1459,1637,774,375,399,
30965,3096,1537,1559,5419,2641,2778,6192,2992,3200,5418,2623,2795,3096,1459,1637,774,375,399,
30970,3097,1538,1559,5420,2642,2778,6194,2994,3200,5419,2623,2796,3096,1459,1637,774,375,399,
30975,3098,1538,1560,5420,2642,2778,6194,2994,3200,5420,2623,2797,3096,1459,1637,774,375,399,
30980,3099,1539,1560,5422,2643,2779,6197,2995,3202,5421,2623,2798,3097,1459,1638,774,375,399,
30985,3099,1539,1560,5423,2643,2780,6197,2995,3202,5422,2623,2799,3097,1459,1638,775,375,400,
30990,3100,1539,1561,5423,2643,2780,6198,2996,3202,5423,2623,2800,3099,1461,1638,775,375,400,
30995,3100,1539,1561,5424,2644,2780,6199,2996,3203,5424,2624,2800,3100,1462,1638,775,375,400,
31000,3100,1539,1561,5425,2645,2780,6200,2996,3204,5425,2624,2801,3100,1462,1638,775,375,400,
31005,3100,1539,1561,5426,2646,2780,6200,2996,3204,5425,2624,2801,3100,1462,1638,775,375,400,
31010,3101,1540,1561,5427,2646,2781,6202,2998,3204,5426,2624,2802,3100,1462,1638,775,375,400,
31015,3102,1541,1561,5427,2646,2781,6202,2998,3204,5427,2625,2802,3100,1462,1638,775,375,400,
31020,3103,1542,1561,5429,2648,2781,6205,2999,3206,5428,2626,2802,3101,1463,1638,775,375,400,
31025,3103,1542,1561,5430,2649,2781,6205,2999,3206,5429,2627,2802,3101,1463,1638,776,376,400,
31030,3104,1542,1562,5430,2649,2781,6206,2999,3207,5430,2627,2803,3103,1464,1639,776,376,400,
31035,3104,1542,1562,5431,2650,2781,6207,3000,3207,5431,2627,2804,3104,1464,1640,776,376,400,
31040,3104,1542,1562,5432,2650,2782,6208,3000,3208,5432,2628,2804,3104,1464,1640,776,376,400,
31045,3104,1542,1562,5433,2650,2783,6208,3000,3208,5432,2628,2804,3104,1464,1640,776,376,400,
31050,3105,1542,1563,5434,2650,2784,6210,3000,3210,5433,2628,2805,3104,1464,1640,776,376,400,
31055,3106,1543,1563,5434,2650,2784,6210,3000,3210,5434,2628,2806,3104,1464,1640,776,376,400,
31060,3107,1544,1563,5436,2650,2786,6213,3001,3212,5435,2629,2806,3105,1464,1641,776,376,400,
31065,3107,1544,1563,5437,2650,2787,6213,3001,3212,5436,2630,2806,3105,1464,1641,777,376,401,
31070,3108,1545,1563,5437,2650,2787,6214,3001,3213,5437,2630,2807,3107,1464,1643,777,376,401,
31075,3108,1545,1563,5438,2651,2787,6215,3001,3214,5438,2631,2807,3108,1465,1643,777,376,401,
31080,3108,1545,1563,5439,2651,2788,6216,3002,3214,5439,2631,2808,3108,1465,1643,777,376,401,
31085,3108,1545,1563,5440,2651,2789,6216,3002,3214,5439,2631,2808,3108,1465,1643,777,376,401,
31090,3109,1545,1564,5441,2652,2789,6218,3003,3215,5440,2631,2809,3108,1465,1643,777,376,401,
31095,3110,1546,1564,5441,2652,2789,6218,3003,3215,5441,2632,2809,3108,1465,1643,777,376,401,
31100,3111,1547,1564,5443,2654,2789,6221,3003,3218,5442,2632,2810,3109,1465,1644,777,376,401,
31105,3111,1547,1564,5444,2654,2790,6221,3003,3218,5443,2633,2810,3109,1465,1644,778,376,402,
31110,3112,1548,1564,5444,2654,2790,6222,3003,3219,5444,2633,2811,3111,1467,1644,778,376,402,
31115,3112,1548,1564,5445,2654,2791,6223,3004,3219,5445,2633,2812,3112,1467,1645,778,376,402,
31120,3112,1548,1564,5446,2655,2791,6224,3005,3219,5446,2633,2813,3112,1467,1645,778,376,402,
31125,3112,1548,1564,5447,2655,2792,6224,3005,3219,5446,2633,2813,3112,1467,1645,778,376,402,
31130,3113,1548,1565,5448,2655,2793,6226,3005,3221,5447,2634,2813,3112,1467,1645,778,376,402,
31135,3114,1549,1565,5448,2655,2793,6226,3005,3221,5448,2634,2814,3112,1467,1645,778,376,402,
31140,3115,1550,1565,5450,2656,2794,6229,3006,3223,5449,2634,2815,3113,1468,1645,778,376,402,
31145,3115,1550,1565,5451,2656,2795,6229,3006,3223,5450,2634,2816,3113,1468,1645,779,376,403,
31150,3116,1550,1566,5451,2656,2795,6230,3007,3223,5451,2635,2816,3115,1469,1646,779,376,403,
31155,3116,1550,1566,5452,2656,2796,6231,3007,3224,5452,2635,2817,3116,1470,1646,779,376,403,
31160,3116,1550,1566,5453,2656,2797,6232,3008,3224,5453,2636,2817,3116,1470,1646,779,376,403,
31165,3116,1550,1566,5454,2656,2798,6232,3008,3224,5453,2636,2817,3116,1470,1646,779,376,403,
31170,3117,1550,1567,5455,2656,2799,6234,3009,3225,5454,2636,2818,3116,1470,1646,779,376,403,
31175,3118,1551,1567,5455,2656,2799,6234,3009,3225,5455,2636,2819,3116,1470,1646,779,376,403,
31180,3119,1551,1568,5457,2656,2801,6237,3010,3227,5456,2637,2819,3117,1470,1647,779,376,403,
31185,3119,1551,1568,5458,2656,2802,6237,3010,3227,5457,2637,2820,3117,1470,1647,780,376,404,
31190,3120,1552,1568,5458,2656,2802,6238,3010,3228,5458,2638,2820,3119,1470,1649,780,376,404,
31195,3120,1552,1568,5459,2657,2802,6239,3010,3229,5459,2639,2820,3120,1471,1649,780,376,404,
31200,3120,1552,1568,5460,2658,2802,6240,3011,3229,5460,2639,2821,3120,1471,1649,780,376,404,
31205,3120,1552,1568,5461,2658,2803,6240,3011,3229,5460,2639,2821,3120,1471,1649,780,376,404,
31210,3121,1552,1569,5462,2659,2803,6242,3011,3231,5461,2639,2822,3120,1471,1649,780,376,404,
31215,3122,1553,1569,5462,2659,2803,6242,3011,3231,5462,2640,2822,3120,1471,1649,780,376,404,
31220,3123,1553,1570,5464,2661,2803,6245,3013,3232,5463,2641,2822,3121,1471,1650,780,376,404,
31225,3123,1553,1570,5465,2661,2804,6245,3013,3232,5464,2642,2822,3121,1471,1650,781,376,405,
31230,3124,1553,1571,5465,2661,2804,6246,3013,3233,5465,2642,2823,3123,1471,1652,781,376,405,
31235,3124,1553,1571,5466,2661,2805,6247,3014,3233,5466,2643,2823,3124,1471,1653,781,376,405,
31240,3124,1553,1571,5467,2662,2805,6248,3015,3233,5467,2644,2823,3124,1471,1653,781,376,405,
31245,3124,1553,1571,5468,2662,2806,6248,3015,3233,5467,2644,2823,3124,1471,1653,781,376,405,
31250,3125,1553,1572,5469,2663,2806,6250,3016,3234,5468,2645,2823,3124,1471,1653,781,376,405,
31255,3126,1553,1573,5469,2663,2806,6250,3016,3234,5469,2646,2823,3124,1471,1653,781,376,405,
31260,3127,1553,1574,5471,2663,2808,6253,3017,3236,5470,2647,2823,3125,1472,1653,781,376,405,
31265,3127,1553,1574,5472,2663,2809,6253,3017,3236,5471,2648,2823,3125,1472,1653,782,376,406,
31270,3128,1553,1575,5472,2663,2809,6254,3017,3237,5472,2648,2824,3127,1472,1655,782,376,406,
31275,3128,1553,1575,5473,2664,2809,6255,3018,3237,5473,2648,2825,3128,1473,1655,782,376,406,
31280,3128,1553,1575,5474,2664,2810,6256,3018,3238,5474,2648,2826,3128,1473,1655,782,376,406,
31285,3128,1553,1575,5475,2665,2810,6256,3018,3238,5474,2648,2826,3128,1473,1655,782,376,406,
31290,3129,1554,1575,5476,2666,2810,6258,3019,3239,5475,2648,2827,3128,1473,1655,782,376,406,
31295,3130,1555,1575,5476,2666,2810,6258,3019,3239,5476,2648,2828,3128,1473,1655,782,376,406,
31300,3131,1556,1575,5478,2666,2812,6261,3020,3241,5477,2649,2828,3129,1474,1655,782,376,406,
31305,3131,1556,1575,5479,2666,2813,6261,3020,3241,5478,2649,2829,3129,1474,1655,783,377,406,
31310,3132,1557,1575,5479,2666,2813,6262,3020,3242,5479,2649,2830,3131,1475,1656,783,377,406,
31315,3132,1557,1575,5480,2667,2813,6263,3021,3242,5480,2650,2830,3132,1476,1656,783,377,406,
31320,3132,1557,1575,5481,2667,2814,6264,3021,3243,5481,2650,2831,3132,1476,1656,783,377,406,
31325,3132,1557,1575,5482,2667,2815,6264,3021,3243,5481,2650,2831,3132,1476,1656,783,377,406,
31330,3133,1558,1575,5483,2668,2815,6266,3022,3244,5482,2650,2832,3132,1476,1656,783,377,406,
31335,3134,1558,1576,5483,2668,2815,6266,3022,3244,5483,2650,2833,3132,1476,1656,783,377,406,
31340,3135,1558,1577,5485,2668,2817,6269,3025,3244,5484,2650,2834,3133,1476,1657,783,377,406,
31345,3135,1558,1577,5486,2668,2818,6269,3025,3244,5485,2650,2835,3133,1476,1657,784,377,407,
31350,3136,1559,1577,5486,2668,2818,6270,3025,3245,5486,2651,2835,3135,1478,1657,784,377,407,
31355,3136,1559,1577,5487,2668,2819,6271,3026,3245,5487,2652,2835,3136,1479,1657,784,377,407,
31360,3136,1559,1577,5488,2669,2819,6272,3027,3245,5488,2652,2836,3136,1479,1657,784,377,407,
31365,3136,1559,1577,5489,2670,2819,6272,3027,3245,5488,2652,2836,3136,1479,1657,784,377,407,
31370,3137,1560,1577,5490,2670,2820,6274,3029,3245,5489,2652,2837,3136,1479,1657,784,377,407,
31375,3138,1560,1578,5490,2670,2820,6274,3029,3245,5490,2652,2838,3136,1479,1657,784,377,407,
31380,3139,1560,1579,5492,2671,2821,6277,3031,3246,5491,2653,2838,3137,1479,1658,784,377,407,
31385,3139,1560,1579,5493,2672,2821,6277,3031,3246,5492,2653,2839,3137,1479,1658,785,378,407,
31390,3140,1560,1580,5493,2672,2821,6278,3032,3246,5493,2653,2840,3139,1481,1658,785,378,407,
31395,3140,1560,1580,5494,2673,2821,6279,3033,3246,5494,2653,2841,3140,1482,1658,785,378,407,
31400,3140,1560,1580,5495,2674,2821,6280,3034,3246,5495,2654,2841,3140,1482,1658,785,378,407,
31405,3140,1560,1580,5496,2674,2822,6280,3034,3246,5495,2654,2841,3140,1482,1658,785,378,407,
31410,3141,1560,1581,5497,2675,2822,6282,3035,3247,5496,2654,2842,3140,1482,1658,785,378,407,
31415,3142,1560,1582,5497,2675,2822,6282,3035,3247,5497,2655,2842,3140,1482,1658,785,378,407,
31420,3143,1560,1583,5499,2676,2823,6285,3035,3250,5498,2656,2842,3141,1483,1658,785,378,407,
31425,3143,1560,1583,5500,2676,2824,6285,3035,3250,5499,2656,2843,3141,1483,1658,786,378,408,
31430,3144,1560,1584,5500,2676,2824,6286,3036,3250,5500,2657,2843,3143,1484,1659,786,378,408,
31435,3144,1560,1584,5501,2676,2825,6287,3037,3250,5501,2658,2843,3144,1484,1660,786,378,408,
31440,3144,1560,1584,5502,2677,2825,6288,3037,3251,5502,2659,2843,3144,1484,1660,786,378,408,
31445,3144,1560,1584,5503,2678,2825,6288,3037,3251,5502,2659,2843,3144,1484,1660,786,378,408,
31450,3145,1561,1584,5504,2679,2825,6290,3038,3252,5503,2659,2844,3144,1484,1660,786,378,408,
31455,3146,1562,1584,5504,2679,2825,6290,3038,3252,5504,2659,2845,3144,1484,1660,786,378,408,
31460,3147,1563,1584,5506,2680,2826,6293,3040,3253,5505,2660,2845,3145,1485,1660,786,378,408,
31465,3147,1563,1584,5507,2681,2826,6293,3040,3253,5506,2660,2846,3145,1485,1660,787,379,408,
31470,3148,1564,1584,5507,2681,2826,6294,3040,3254,5507,2660,2847,3147,1486,1661,787,379,408,
31475,3148,1564,1584,5508,2681,2827,6295,3041,3254,5508,2660,2848,3148,1487,1661,787,379,408,
31480,3148,1564,1584,5509,2682,2827,6296,3042,3254,5509,2661,2848,3148,1487,1661,787,379,408,
31485,3148,1564,1584,5510,2683,2827,6296,3042,3254,5509,2661,2848,3148,1487,1661,787,379,408,
31490,3149,1564,1585,5511,2684,2827,6298,3043,3255,5510,2661,2849,3148,1487,1661,787,379,408,
31495,3150,1564,1586,5511,2684,2827,6298,3043,3255,5511,2661,2850,3148,1487,1661,787,379,408,
31500,3151,1564,1587,5513,2685,2828,6301,3043,3258,5512,2661,2851,3149,1487,1662,787,379,408,
31505,3151,1564,1587,5514,2686,2828,6301,3043,3258,5513,2661,2852,3149,1487,1662,788,380,408,
31510,3152,1564,1588,5514,2686,2828,6302,3043,3259,5514,2661,2853,3151,1488,1663,788,380,408,
31515,3152,1564,1588,5515,2686,2829,6303,3044,3259,5515,2661,2854,3152,1489,1663,788,380,408,
31520,3152,1564,1588,5516,2686,2830,6304,3044,3260,5516,2661,2855,3152,1489,1663,788,380,408,
31525,3152,1564,1588,5517,2686,2831,6304,3044,3260,5516,2661,2855,3152,1489,1663,788,380,408,
31530,3153,1565,1588,5518,2687,2831,6306,3044,3262,5517,2662,2855,3152,1489,1663,788,380,408,
31535,3154,1565,1589,5518,2687,2831,6306,3044,3262,5518,2662,2856,3152,1489,1663,788,380,408,
31540,3155,1566,1589,5520,2688,2832,6309,3045,3264,5519,2663,2856,3153,1489,1664,788,380,408,
31545,3155,1566,1589,5521,2688,2833,6309,3045,3264,5520,2664,2856,3153,1489,1664,789,380,409,
31550,3156,1566,1590,5521,2688,2833,6310,3045,3265,5521,2664,2857,3155,1491,1664,789,380,409,
31555,3156,1566,1590,5522,2689,2833,6311,3045,3266,5522,2665,2857,3156,1491,1665,789,380,409,
31560,3156,1566,1590,5523,2689,2834,6312,3045,3267,5523,2666,2857,3156,1491,1665,789,380,409,
31565,3156,1566,1590,5524,2690,2834,6312,3045,3267,5523,2666,2857,3156,1491,1665,789,380,409,
31570,3157,1566,1591,5525,2691,2834,6314,3046,3268,5524,2666,2858,3156,1491,1665,789,380,409,
31575,3158,1567,1591,5525,2691,2834,6314,3046,3268,5525,2666,2859,3156,1491,1665,789,380,409,
31580,3159,1568,1591,5527,2692,2835,6317,3048,3269,5526,2666,2860,3157,1492,1665,789,380,409,
31585,3159,1568,1591,5528,2692,2836,6317,3048,3269,5527,2666,2861,3157,1492,1665,790,380,410,
31590,3160,1568,1592,5528,2692,2836,6318,3048,3270,5528,2666,2862,3159,1493,1666,790,380,410,
31595,3160,1568,1592,5529,2693,2836,6319,3048,3271,5529,2666,2863,3160,1493,1667,790,380,410,
31600,3160,1568,1592,5530,2694,2836,6320,3049,3271,5530,2667,2863,3160,1493,1667,790,380,410,
31605,3160,1568,1592,5531,2695,2836,6320,3049,3271,5530,2667,2863,3160,1493,1667,790,380,410,
31610,3161,1569,1592,5532,2695,2837,6322,3051,3271,5531,2667,2864,3160,1493,1667,790,380,410,
31615,3162,1569,1593,5532,2695,2837,6322,3051,3271,5532,2668,2864,3160,1493,1667,790,380,410,
31620,3163,1570,1593,5534,2697,2837,6325,3053,3272,5533,2669,2864,3161,1494,1667,790,380,410,
31625,3163,1570,1593,5535,2697,2838,6325,3053,3272,5534,2670,2864,3161,1494,1667,791,380,411,
31630,3164,1570,1594,5535,2697,2838,6326,3053,3273,5535,2671,2864,3163,1495,1668,791,380,411,
31635,3164,1570,1594,5536,2698,2838,6327,3054,3273,5536,2671,2865,3164,1496,1668,791,380,411,
31640,3164,1570,1594,5537,2698,2839,6328,3054,3274,5537,2671,2866,3164,1496,1668,791,380,411,
31645,3164,1570,1594,5538,2698,2840,6328,3054,3274,5537,2671,2866,3164,1496,1668,791,380,411,
31650,3165,1571,1594,5539,2698,2841,6330,3056,3274,5538,2672,2866,3164,1496,1668,791,380,411,
31655,3166,1572,1594,5539,2698,2841,6330,3056,3274,5539,2672,2867,3164,1496,1668,791,380,411,
31660,3167,1572,1595,5541,2699,2842,6333,3058,3275,5540,2672,2868,3165,1497,1668,791,380,411,
31665,3167,1572,1595,5542,2700,2842,6333,3058,3275,5541,2673,2868,3165,1497,1668,792,380,412,
31670,3168,1573,1595,5542,2700,2842,6334,3058,3276,5542,2674,2868,3167,1498,1669,792,380,412,
31675,3168,1573,1595,5543,2701,2842,6335,3058,3277,5543,2675,2868,3168,1499,1669,792,380,412,
31680,3168,1573,1595,5544,2701,2843,6336,3058,3278,5544,2675,2869,3168,1499,1669,792,380,412,
31685,3168,1573,1595,5545,2701,2844,6336,3058,3278,5544,2675,2869,3168,1499,1669,792,380,412,
31690,3169,1574,1595,5546,2702,2844,6338,3059,3279,5545,2676,2869,3168,1499,1669,792,380,412,
31695,3170,1574,1596,5546,2702,2844,6338,3059,3279,5546,2677,2869,3168,1499,1669,792,380,412,
31700,3171,1575,1596,5548,2702,2846,6341,3059,3282,5547,2677,2870,3169,1499,1670,792,380,412,
31705,3171,1575,1596,5549,2703,2846,6341,3059,3282,5548,2677,2871,3169,1499,1670,793,381,412,
31710,3172,1576,1596,5549,2703,2846,6342,3059,3283,5549,2677,2872,3171,1500,1671,793,381,412,
31715,3172,1576,1596,5550,2704,2846,6343,3059,3284,5550,2678,2872,3172,1500,1672,793,381,412,
31720,3172,1576,1596,5551,2705,2846,6344,3059,3285,5551,2678,2873,3172,1500,1672,793,381,412,
31725,3172,1576,1596,5552,2706,2846,6344,3059,3285,5551,2678,2873,3172,1500,1672,793,381,412,
31730,3173,1577,1596,5553,2707,2846,6346,3059,3287,5552,2678,2874,3172,1500,1672,793,381,412,
31735,3174,1577,1597,5553,2707,2846,6346,3059,3287,5553,2679,2874,3172,1500,1672,793,381,412,
31740,3175,1577,1598,5555,2707,2848,6349,3060,3289,5554,2679,2875,3173,1501,1672,793,381,412,
31745,3175,1577,1598,5556,2708,2848,6349,3060,3289,5555,2679,2876,3173,1501,1672,794,382,412,
31750,3176,1577,1599,5556,2708,2848,6350,3060,3290,5556,2679,2877,3175,1501,1674,794,382,412,
31755,3176,1577,1599,5557,2709,2848,6351,3060,3291,5557,2680,2877,3176,1502,1674,794,382,412,
31760,3176,1577,1599,5558,2710,2848,6352,3060,3292,5558,2681,2877,3176,1502,1674,794,382,412,
31765,3176,1577,1599,5559,2710,2849,6352,3060,3292,5558,2681,2877,3176,1502,1674,794,382,412,
31770,3177,1577,1600,5560,2710,2850,6354,3061,3293,5559,2682,2877,3176,1502,1674,794,382,412,
31775,3178,1578,1600,5560,2710,2850,6354,3061,3293,5560,2682,2878,3176,1502,1674,794,382,412,
31780,3179,1579,1600,5562,2711,2851,6357,3062,3295,5561,2682,2879,3177,1502,1675,794,382,412,
31785,3179,1579,1600,5563,2711,2852,6357,3062,3295,5562,2682,2880,3177,1502,1675,795,382,413,
31790,3180,1580,1600,5563,2711,2852,6358,3062,3296,5563,2682,2881,3179,1502,1677,795,382,413,
31795,3180,1580,1600,5564,2711,2853,6359,3063,3296,5564,2683,2881,3180,1502,1678,795,382,413,
31800,3180,1580,1600,5565,2711,2854,6360,3064,3296,5565,2684,2881,3180,1502,1678,795,382,413,
31805,3180,1580,1600,5566,2711,2855,6360,3064,3296,5565,2684,2881,3180,1502,1678,795,382,413,
31810,3181,1581,1600,5567,2711,2856,6362,3066,3296,5566,2685,2881,3180,1502,1678,795,382,413,
31815,3182,1582,1600,5567,2711,2856,6362,3066,3296,5567,2685,2882,3180,1502,1678,795,382,413,
31820,3183,1583,1600,5569,2712,2857,6365,3067,3298,5568,2685,2883,3181,1502,1679,795,382,413,
31825,3183,1583,1600,5570,2712,2858,6365,3067,3298,5569,2685,2884,3181,1502,1679,796,382,414,
31830,3184,1584,1600,5570,2712,2858,6366,3067,3299,5570,2685,2885,3183,1502,1681,796,382,414,
31835,3184,1584,1600,5571,2712,2859,6367,3068,3299,5571,2686,2885,3184,1503,1681,796,382,414,
31840,3184,1584,1600,5572,2712,2860,6368,3068,3300,5572,2686,2886,3184,1503,1681,796,382,414,
31845,3184,1584,1600,5573,2712,2861,6368,3068,3300,5572,2686,2886,3184,1503,1681,796,382,414,
31850,3185,1584,1601,5574,2712,2862,6370,3070,3300,5573,2686,2887,3184,1503,1681,796,382,414,
31855,3186,1584,1602,5574,2712,2862,6370,3070,3300,5574,2687,2887,3184,1503,1681,796,382,414,
31860,3187,1584,1603,5576,2714,2862,6373,3071,3302,5575,2687,2888,3185,1503,1682,796,382,414,
31865,3187,1584,1603,5577,2715,2862,6373,3071,3302,5576,2687,2889,3185,1503,1682,797,383,414,
31870,3188,1585,1603,5577,2715,2862,6374,3072,3302,5577,2688,2889,3187,1505,1682,797,383,414,
31875,3188,1585,1603,5578,2716,2862,6375,3073,3302,5578,2689,2889,3188,1505,1683,797,383,414,
31880,3188,1585,1603,5579,2716,2863,6376,3073,3303,5579,2690,2889,3188,1505,1683,797,383,414,
31885,3188,1585,1603,5580,2717,2863,6376,3073,3303,5579,2690,2889,3188,1505,1683,797,383,414,
31890,3189,1585,1604,5581,2718,2863,6378,3074,3304,5580,2690,2890,3188,1505,1683,797,383,414,
31895,3190,1585,1605,5581,2718,2863,6378,3074,3304,5581,2691,2890,3188,1505,1683,797,383,414,
31900,3191,1586,1605,5583,2720,2863,6381,3076,3305,5582,2691,2891,3189,1505,1684,797,383,414,
31905,3191,1586,1605,5584,2720,2864,6381,3076,3305,5583,2692,2891,3189,1505,1684,798,383,415,
31910,3192,1587,1605,5584,2720,2864,6382,3077,3305,5584,2692,2892,3191,1506,1685,798,383,415,
31915,3192,1587,1605,5585,2720,2865,6383,3077,3306,5585,2693,2892,3192,1507,1685,798,383,415,
31920,3192,1587,1605,5586,2721,2865,6384,3077,3307,5586,2694,2892,3192,1507,1685,798,383,415,
31925,3192,1587,1605,5587,2721,2866,6384,3077,3307,5586,2694,2892,3192,1507,1685,798,383,415,
31930,3193,1588,1605,5588,2721,2867,6386,3077,3309,5587,2694,2893,3192,1507,1685,798,383,415,
31935,3194,1589,1605,5588,2721,2867,6386,3077,3309,5588,2694,2894,3192,1507,1685,798,383,415,
31940,3195,1590,1605,5590,2722,2868,6389,3080,3309,5589,2695,2894,3193,1507,1686,798,383,415,
31945,3195,1590,1605,5591,2723,2868,6389,3080,3309,5590,2695,2895,3193,1507,1686,799,384,415,
31950,3196,1590,1606,5591,2723,2868,6390,3080,3310,5591,2696,2895,3195,1508,1687,799,384,415,
31955,3196,1590,1606,5592,2723,2869,6391,3081,3310,5592,2696,2896,3196,1508,1688,799,384,415,
31960,3196,1590,1606,5593,2723,2870,6392,3081,3311,5593,2696,2897,3196,1508,1688,799,384,415,
31965,3196,1590,1606,5594,2723,2871,6392,3081,3311,5593,2696,2897,3196,1508,1688,799,384,415,
31970,3197,1590,1607,5595,2723,2872,6394,3083,3311,5594,2696,2898,3196,1508,1688,799,384,415,
31975,3198,1591,1607,5595,2723,2872,6394,3083,3311,5595,2697,2898,3196,1508,1688,799,384,415,
31980,3199,1592,1607,5597,2724,2873,6397,3085,3312,5596,2697,2899,3197,1509,1688,799,384,415,
31985,3199,1592,1607,5598,2725,2873,6397,3085,3312,5597,2698,2899,3197,1509,1688,800,385,415,
31990,3200,1592,1608,5598,2725,2873,6398,3086,3312,5598,2699,2899,3199,1510,1689,800,385,415,
31995,3200,1592,1608,5599,2726,2873,6399,3086,3313,5599,2700,2899,3200,1510,1690,800,385,415,
32000,3200,1592,1608,5600,2726,2874,6400,3086,3314,5600,2701,2899,3200,1510,1690,800,385,415,
32005,3200,1592,1608,5601,2727,2874,6400,3086,3314,5600,2701,2899,3200,1510,1690,800,385,415,
32010,3201,1592,1609,5602,2728,2874,6402,3087,3315,5601,2701,2900,3200,1510,1690,800,385,415,
32015,3202,1593,1609,5602,2728,2874,6402,3087,3315,5602,2701,2901,3200,1510,1690,800,385,415,
32020,3203,1594,1609,5604,2730,2874,6405,3088,3317,5603,2702,2901,3201,1510,1691,800,385,415,
32025,3203,1594,1609,5605,2730,2875,6405,3088,3317,5604,2703,2901,3201,1510,1691,801,386,415,
32030,3204,1594,1610,5605,2730,2875,6406,3089,3317,5605,2703,2902,3203,1511,1692,801,386,415,
32035,3204,1594,1610,5606,2730,2876,6407,3090,3317,5606,2704,2902,3204,1511,1693,801,386,415,
32040,3204,1594,1610,5607,2731,2876,6408,3091,3317,5607,2705,2902,3204,1511,1693,801,386,415,
32045,3204,1594,1610,5608,2731,2877,6408,3091,3317,5607,2705,2902,3204,1511,1693,801,386,415,
32050,3205,1594,1611,5609,2731,2878,6410,3093,3317,5608,2706,2902,3204,1511,1693,801,386,415,
32055,3206,1595,1611,5609,2731,2878,6410,3093,3317,5609,2706,2903,3204,1511,1693,801,386,415,
32060,3207,1595,1612,5611,2732,2879,6413,3095,3318,5610,2707,2903,3205,1511,1694,801,386,415,
32065,3207,1595,1612,5612,2733,2879,6413,3095,3318,5611,2708,2903,3205,1511,1694,802,387,415,
32070,3208,1595,1613,5612,2733,2879,6414,3095,3319,5612,2708,2904,3207,1513,1694,802,387,415,
32075,3208,1595,1613,5613,2733,2880,6415,3095,3320,5613,2708,2905,3208,1513,1695,802,387,415,
32080,3208,1595,1613,5614,2734,2880,6416,3096,3320,5614,2708,2906,3208,1513,1695,802,387,415,
32085,3208,1595,1613,5615,2735,2880,6416,3096,3320,5614,2708,2906,3208,1513,1695,802,387,415,
32090,3209,1595,1614,5616,2736,2880,6418,3098,3320,5615,2709,2906,3208,1513,1695,802,387,415,
32095,3210,1596,1614,5616,2736,2880,6418,3098,3320,5616,2709,2907,3208,1513,1695,802,387,415,
32100,3211,1596,1615,5618,2737,2881,6421,3099,3322,5617,2709,2908,3209,1513,1696,802,387,415,
32105,3211,1596,1615,5619,2737,2882,6421,3099,3322,5618,2709,2909,3209,1513,1696,803,387,416,
32110,3212,1596,1616,5619,2737,2882,6422,3099,3323,5619,2709,2910,3211,1514,1697,803,387,416,
32115,3212,1596,1616,5620,2738,2882,6423,3100,3323,5620,2709,2911,3212,1515,1697,803,387,416,
32120,3212,1596,1616,5621,2739,2882,6424,3100,3324,5621,2709,2912,3212,1515,1697,803,387,416,
32125,3212,1596,1616,5622,2739,2883,6424,3100,3324,5621,2709,2912,3212,1515,1697,803,387,416,
32130,3213,1596,1617,5623,2740,2883,6426,3100,3326,5622,2709,2913,3212,1515,1697,803,387,416,
32135,3214,1596,1618,5623,2740,2883,6426,3100,3326,5623,2710,2913,3212,1515,1697,803,387,416,
32140,3215,1597,1618,5625,2741,2884,6429,3102,3327,5624,2711,2913,3213,1516,1697,803,387,416,
32145,3215,1597,1618,5626,2741,2885,6429,3102,3327,5625,2711,2914,3213,1516,1697,804,388,416,
32150,3216,1597,1619,5626,2741,2885,6430,3102,3328,5626,2712,2914,3215,1517,1698,804,388,416,
32155,3216,1597,1619,5627,2741,2886,6431,3102,3329,5627,2713,2914,3216,1518,1698,804,388,416,
32160,3216,1597,1619,5628,2741,2887,6432,3102,3330,5628,2714,2914,3216,1518,1698,804,388,416,
32165,3216,1597,1619,5629,2741,2888,6432,3102,3330,5628,2714,2914,3216,1518,1698,804,388,416,
32170,3217,1597,1620,5630,2742,2888,6434,3102,3332,5629,2715,2914,3216,1518,1698,804,388,416,
32175,3218,1597,1621,5630,2742,2888,6434,3102,3332,5630,2715,2915,3216,1518,1698,804,388,416,
32180,3219,1598,1621,5632,2743,2889,6437,3104,3333,5631,2715,2916,3217,1518,1699,804,388,416,
32185,3219,1598,1621,5633,2743,2890,6437,3104,3333,5632,2715,2917,3217,1518,1699,805,389,416,
32190,3220,1598,1622,5633,2743,2890,6438,3104,3334,5633,2716,2917,3219,1519,1700,805,389,416,
32195,3220,1598,1622,5634,2744,2890,6439,3105,3334,5634,2716,2918,3220,1519,1701,805,389,416,
32200,3220,1598,1622,5635,2745,2890,6440,3106,3334,5635,2717,2918,3220,1519,1701,805,389,416,
32205,3220,1598,1622,5636,2745,2891,6440,3106,3334,5635,2717,2918,3220,1519,1701,805,389,416,
32210,3221,1599,1622,5637,2746,2891,6442,3107,3335,5636,2717,2919,3220,1519,1701,805,389,416,
32215,3222,1599,1623,5637,2746,2891,6442,3107,3335,5637,2717,2920,3220,1519,1701,805,389,416,
32220,3223,1599,1624,5639,2747,2892,6445,3110,3335,5638,2717,2921,3221,1519,1702,805,389,416,
32225,3223,1599,1624,5640,2747,2893,6445,3110,3335,5639,2718,2921,3221,1519,1702,806,389,417,
32230,3224,1600,1624,5640,2747,2893,6446,3110,3336,5640,2718,2922,3223,1519,1704,806,389,417,
32235,3224,1600,1624,5641,2747,2894,6447,3110,3337,5641,2718,2923,3224,1520,1704,806,389,417,
32240,3224,1600,1624,5642,2747,2895,6448,3110,3338,5642,2719,2923,3224,1520,1704,806,389,417,
32245,3224,1600,1624,5643,2748,2895,6448,3110,3338,5642,2719,2923,3224,1520,1704,806,389,417,
32250,3225,1600,1625,5644,2748,2896,6450,3110,3340,5643,2720,2923,3224,1520,1704,806,389,417,
32255,3226,1600,1626,5644,2748,2896,6450,3110,3340,5644,2720,2924,3224,1520,1704,806,389,417,
32260,3227,1600,1627,5646,2749,2897,6453,3110,3343,5645,2720,2925,3225,1521,1704,806,389,417,
32265,3227,1600,1627,5647,2750,2897,6453,3110,3343,5646,2720,2926,3225,1521,1704,807,389,418,
32270,3228,1600,1628,5647,2750,2897,6454,3110,3344,5647,2720,2927,3227,1521,1706,807,389,418,
32275,3228,1600,1628,5648,2750,2898,6455,3110,3345,5648,2720,2928,3228,1522,1706,807,389,418,
32280,3228,1600,1628,5649,2750,2899,6456,3110,3346,5649,2721,2928,3228,1522,1706,807,389,418,
32285,3228,1600,1628,5650,2750,2900,6456,3110,3346,5649,2721,2928,3228,1522,1706,807,389,418,
32290,3229,1601,1628,5651,2751,2900,6458,3110,3348,5650,2721,2929,3228,1522,1706,807,389,418,
32295,3230,1602,1628,5651,2751,2900,6458,3110,3348,5651,2721,2930,3228,1522,1706,807,389,418,
32300,3231,1602,1629,5653,2752,2901,6461,3110,3351,5652,2722,2930,3229,1523,1706,807,389,418,
32305,3231,1602,1629,5654,2753,2901,6461,3110,3351,5653,2722,2931,3229,1523,1706,808,389,419,
32310,3232,1602,1630,5654,2753,2901,6462,3111,3351,5654,2722,2932,3231,1525,1706,808,389,419,
32315,3232,1602,1630,5655,2754,2901,6463,3111,3352,5655,2723,2932,3232,1525,1707,808,389,419,
32320,3232,1602,1630,5656,2755,2901,6464,3112,3352,5656,2724,2932,3232,1525,1707,808,389,419,
32325,3232,1602,1630,5657,2755,2902,6464,3112,3352,5656,2724,2932,3232,1525,1707,808,389,419,
32330,3233,1602,1631,5658,2756,2902,6466,3113,3353,5657,2724,2933,3232,1525,1707,808,389,419,
32335,3234,1603,1631,5658,2756,2902,6466,3113,3353,5658,2725,2933,3232,1525,1707,808,389,419,
32340,3235,1603,1632,5660,2756,2904,6469,3113,3356,5659,2726,2933,3233,1526,1707,808,389,419,
32345,3235,1603,1632,5661,2756,2905,6469,3113,3356,5660,2727,2933,3233,1526,1707,809,389,420,
32350,3236,1604,1632,5661,2756,2905,6470,3114,3356,5661,2727,2934,3235,1526,1709,809,389,420,
32355,3236,1604,1632,5662,2756,2906,6471,3114,3357,5662,2727,2935,3236,1527,1709,809,389,420,
32360,3236,1604,1632,5663,2757,2906,6472,3115,3357,5663,2728,2935,3236,1527,1709,809,389,420,
32365,3236,1604,1632,5664,2757,2907,6472,3115,3357,5663,2728,2935,3236,1527,1709,809,389,420,
32370,3237,1605,1632,5665,2757,2908,6474,3116,3358,5664,2729,2935,3236,1527,1709,809,389,420,
32375,3238,1605,1633,5665,2757,2908,6474,3116,3358,5665,2729,2936,3236,1527,1709,809,389,420,
32380,3239,1606,1633,5667,2759,2908,6477,3118,3359,5666,2729,2937,3237,1527,1710,809,389,420,
32385,3239,1606,1633,5668,2759,2909,6477,3118,3359,5667,2729,2938,3237,1527,1710,810,390,420,
32390,3240,1607,1633,5668,2759,2909,6478,3118,3360,5668,2729,2939,3239,1528,1711,810,390,420,
32395,3240,1607,1633,5669,2759,2910,6479,3119,3360,5669,2729,2940,3240,1529,1711,810,390,420,
32400,3240,1607,1633,5670,2760,2910,6480,3120,3360,5670,2730,2940,3240,1529,1711,810,390,420,
32405,3240,1607,1633,5671,2761,2910,6480,3120,3360,5670,2730,2940,3240,1529,1711,810,390,420,
32410,3241,1607,1634,5672,2762,2910,6482,3120,3362,5671,2731,2940,3240,1529,1711,810,390,420,
32415,3242,1608,1634,5672,2762,2910,6482,3120,3362,5672,2732,2940,3240,1529,1711,810,390,420,
32420,3243,1609,1634,5674,2763,2911,6485,3122,3363,5673,2732,2941,3241,1530,1711,810,390,420,
32425,3243,1609,1634,5675,2763,2912,6485,3122,3363,5674,2733,2941,3241,1530,1711,811,390,421,
32430,3244,1609,1635,5675,2763,2912,6486,3122,3364,5675,2734,2941,3243,1531,1712,811,390,421,
32435,3244,1609,1635,5676,2763,2913,6487,3122,3365,5676,2735,2941,3244,1531,1713,811,390,421,
32440,3244,1609,1635,5677,2763,2914,6488,3123,3365,5677,2735,2942,3244,1531,1713,811,390,421,
32445,3244,1609,1635,5678,2763,2915,6488,3123,3365,5677,2735,2942,3244,1531,1713,811,390,421,
32450,3245,1610,1635,5679,2763,2916,6490,3124,3366,5678,2736,2942,3244,1531,1713,811,390,421,
32455,3246,1611,1635,5679,2763,2916,6490,3124,3366,5679,2736,2943,3244,1531,1713,811,390,421,
32460,3247,1611,1636,5681,2765,2916,6493,3126,3367,5680,2736,2944,3245,1531,1714,811,390,421,
32465,3247,1611,1636,5682,2766,2916,6493,3126,3367,5681,2737,2944,3245,1531,1714,812,390,422,
32470,3248,1612,1636,5682,2766,2916,6494,3127,3367,5682,2737,2945,3247,1533,1714,812,390,422,
32475,3248,1612,1636,5683,2766,2917,6495,3127,3368,5683,2738,2945,3248,1534,1714,812,390,422,
32480,3248,1612,1636,5684,2767,2917,6496,3127,3369,5684,2738,2946,3248,1534,1714,812,390,422,
32485,3248,1612,1636,5685,2768,2917,6496,3127,3369,5684,2738,2946,3248,1534,1714,812,390,422,
32490,3249,1613,1636,5686,2769,2917,6498,3128,3370,5685,2739,2946,3248,1534,1714,812,390,422,
32495,3250,1613,1637,5686,2769,2917,6498,3128,3370,5686,2739,2947,3248,1534,1714,812,390,422,
32500,3251,1613,1638,5688,2770,2918,6501,3128,3373,5687,2740,2947,3249,1535,1714,812,390,422,
32505,3251,1613,1638,5689,2770,2919,6501,3128,3373,5688,2740,2948,3249,1535,1714,813,391,422,
32510,3252,1613,1639,5689,2770,2919,6502,3128,3374,5689,2741,2948,3251,1535,1716,813,391,422,
32515,3252,1613,1639,5690,2771,2919,6503,3128,3375,5690,2741,2949,3252,1536,1716,813,391,422,
32520,3252,1613,1639,5691,2772,2919,6504,3128,3376,5691,2742,2949,3252,1536,1716,813,391,422,
32525,3252,1613,1639,5692,2773,2919,6504,3128,3376,5691,2742,2949,3252,1536,1716,813,391,422,
32530,3253,1613,1640,5693,2774,2919,6506,3129,3377,5692,2742,2950,3252,1536,1716,813,391,422,
32535,3254,1613,1641,5693,2774,2919,6506,3129,3377,5693,2742,2951,3252,1536,1716,813,391,422,
32540,3255,1614,1641,5695,2775,2920,6509,3131,3378,5694,2742,2952,3253,1536,1717,813,391,422,
32545,3255,1614,1641,5696,2776,2920,6509,3131,3378,5695,2743,2952,3253,1536,1717,814,391,423,
32550,3256,1614,1642,5696,2776,2920,6510,3132,3378,5696,2744,2952,3255,1537,1718,814,391,423,
32555,3256,1614,1642,5697,2776,2921,6511,3133,3378,5697,2745,2952,3256,1537,1719,814,391,423,
32560,3256,1614,1642,5698,2777,2921,6512,3133,3379,5698,2745,2953,3256,1537,1719,814,391,423,
32565,3256,1614,1642,5699,2777,2922,6512,3133,3379,5698,2745,2953,3256,1537,1719,814,391,423,
32570,3257,1614,1643,5700,2778,2922,6514,3134,3380,5699,2745,2954,3256,1537,1719,814,391,423,
32575,3258,1614,1644,5700,2778,2922,6514,3134,3380,5700,2746,2954,3256,1537,1719,814,391,423,
32580,3259,1615,1644,5702,2778,2924,6517,3136,3381,5701,2747,2954,3257,1538,1719,814,391,423,
32585,3259,1615,1644,5703,2778,2925,6517,3136,3381,5702,2748,2954,3257,1538,1719,815,391,424,
32590,3260,1615,1645,5703,2778,2925,6518,3136,3382,5703,2749,2954,3259,1539,1720,815,391,424,
32595,3260,1615,1645,5704,2778,2926,6519,3136,3383,5704,2749,2955,3260,1540,1720,815,391,424,
32600,3260,1615,1645,5705,2779,2926,6520,3137,3383,5705,2749,2956,3260,1540,1720,815,391,424,
32605,3260,1615,1645,5706,2779,2927,6520,3137,3383,5705,2749,2956,3260,1540,1720,815,391,424,
32610,3261,1616,1645,5707,2779,2928,6522,3138,3384,5706,2749,2957,3260,1540,1720,815,391,424,
32615,3262,1617,1645,5707,2779,2928,6522,3138,3384,5707,2749,2958,3260,1540,1720,815,391,424,
32620,3263,1618,1645,5709,2780,2929,6525,3140,3385,5708,2750,2958,3261,1540,1721,815,391,424,
32625,3263,1618,1645,5710,2780,2930,6525,3140,3385,5709,2750,2959,3261,1540,1721,816,391,425,
32630,3264,1618,1646,5710,2780,2930,6526,3140,3386,5710,2750,2960,3263,1540,1723,816,391,425,
32635,3264,1618,1646,5711,2780,2931,6527,3140,3387,5711,2751,2960,3264,1541,1723,816,391,425,
32640,3264,1618,1646,5712,2780,2932,6528,3141,3387,5712,2751,2961,3264,1541,1723,816,391,425,
32645,3264,1618,1646,5713,2781,2932,6528,3141,3387,5712,2751,2961,3264,1541,1723,816,391,425,
32650,3265,1618,1647,5714,2782,2932,6530,3141,3389,5713,2751,2962,3264,1541,1723,816,391,425,
32655,3266,1619,1647,5714,2782,2932,6530,3141,3389,5714,2751,2963,3264,1541,1723,816,391,425,
32660,3267,1619,1648,5716,2783,2933,6533,3142,3391,5715,2751,2964,3265,1541,1724,816,391,425,
32665,3267,1619,1648,5717,2784,2933,6533,3142,3391,5716,2752,2964,3265,1541,1724,817,392,425,
32670,3268,1619,1649,5717,2784,2933,6534,3142,3392,5717,2753,2964,3267,1542,1725,817,392,425,
32675,3268,1619,1649,5718,2785,2933,6535,3142,3393,5718,2753,2965,3268,1542,1726,817,392,425,
32680,3268,1619,1649,5719,2785,2934,6536,3143,3393,5719,2754,2965,3268,1542,1726,817,392,425,
32685,3268,1619,1649,5720,2785,2935,6536,3143,3393,5719,2754,2965,3268,1542,1726,817,392,425,
32690,3269,1619,1650,5721,2785,2936,6538,3143,3395,5720,2755,2965,3268,1542,1726,817,392,425,
32695,3270,1619,1651,5721,2785,2936,6538,3143,3395,5721,2756,2965,3268,1542,1726,817,392,425,
32700,3271,1620,1651,5723,2786,2937,6541,3145,3396,5722,2757,2965,3269,1543,1726,817,392,425,
32705,3271,1620,1651,5724,2786,2938,6541,3145,3396,5723,2757,2966,3269,1543,1726,818,392,426,
32710,3272,1620,1652,5724,2786,2938,6542,3146,3396,5724,2758,2966,3271,1543,1728,818,392,426,
32715,3272,1620,1652,5725,2787,2938,6543,3146,3397,5725,2759,2966,3272,1543,1729,818,392,426,
32720,3272,1620,1652,5726,2788,2938,6544,3147,3397,5726,2759,2967,3272,1543,1729,818,392,426,
32725,3272,1620,1652,5727,2789,2938,6544,3147,3397,5726,2759,2967,3272,1543,1729,818,392,426,
32730,3273,1621,1652,5728,2789,2939,6546,3147,3399,5727,2759,2968,3272,1543,1729,818,392,426,
32735,3274,1622,1652,5728,2789,2939,6546,3147,3399,5728,2759,2969,3272,1543,1729,818,392,426,
32740,3275,1623,1652,5730,2789,2941,6549,3149,3400,5729,2759,2970,3273,1544,1729,818,392,426,
32745,3275,1623,1652,5731,2789,2942,6549,3149,3400,5730,2759,2971,3273,1544,1729,819,392,427,
32750,3276,1624,1652,5731,2789,2942,6550,3149,3401,5731,2760,2971,3275,1545,1730,819,392,427,
32755,3276,1624,1652,5732,2789,2943,6551,3149,3402,5732,2760,2972,3276,1546,1730,819,392,427,
32760,3276,1624,1652,5733,2789,2944,6552,3150,3402,5733,2761,2972,3276,1546,1730,819,392,427,
32765,3276,1624,1652,5734,2789,2945,6552,3150,3402,5733,2761,2972,3276,1546,1730,819,392,427,
32770,3277,1624,1653,5735,2789,2946,6554,3150,3404,5734,2762,2972,3276,1546,1730,819,392,427,
32775,3278,1624,1654,5735,2789,2946,6554,3150,3404,5735,2762,2973,3276,1546,1730,819,392,427,
32780,3279,1624,1655,5737,2791,2946,6557,3152,3405,5736,2762,2974,3277,1547,1730,819,392,427,
32785,3279,1624,1655,5738,2792,2946,6557,3152,3405,5737,2762,2975,3277,1547,1730,820,393,427,
32790,3280,1624,1656,5738,2792,2946,6558,3153,3405,5738,2762,2976,3279,1549,1730,820,393,427,
32795,3280,1624,1656,5739,2793,2946,6559,3153,3406,5739,2762,2977,3280,1549,1731,820,393,427,
32800,3280,1624,1656,5740,2793,2947,6560,3153,3407,5740,2762,2978,3280,1549,1731,820,393,427,
32805,3280,1624,1656,5741,2793,2948,6560,3153,3407,5740,2762,2978,3280,1549,1731,820,393,427,
32810,3281,1625,1656,5742,2793,2949,6562,3153,3409,5741,2762,2979,3280,1549,1731,820,393,427,
32815,3282,1626,1656,5742,2793,2949,6562,3153,3409,5742,2763,2979,3280,1549,1731,820,393,427,
32820,3283,1627,1656,5744,2793,2951,6565,3155,3410,5743,2763,2980,3281,1549,1732,820,393,427,
32825,3283,1627,1656,5745,2793,2952,6565,3155,3410,5744,2763,2981,3281,1549,1732,821,393,428,
32830,3284,1627,1657,5745,2793,2952,6566,3155,3411,5745,2764,2981,3283,1550,1733,821,393,428,
32835,3284,1627,1657,5746,2794,2952,6567,3155,3412,5746,2764,2982,3284,1550,1734,821,393,428,
32840,3284,1627,1657,5747,2794,2953,6568,3156,3412,5747,2765,2982,3284,1550,1734,821,393,428,
32845,3284,1627,1657,5748,2794,2954,6568,3156,3412,5747,2765,2982,3284,1550,1734,821,393,428,
32850,3285,1628,1657,5749,2794,2955,6570,3157,3413,5748,2765,2983,3284,1550,1734,821,393,428,
32855,3286,1629,1657,5749,2794,2955,6570,3157,3413,5749,2765,2984,3284,1550,1734,821,393,428,
32860,3287,1629,1658,5751,2794,2957,6573,3159,3414,5750,2765,2985,3285,1550,1735,821,393,428,
32865,3287,1629,1658,5752,2795,2957,6573,3159,3414,5751,2766,2985,3285,1550,1735,822,394,428,
32870,3288,1629,1659,5752,2795,2957,6574,3160,3414,5752,2767,2985,3287,1551,1736,822,394,428,
32875,3288,1629,1659,5753,2796,2957,6575,3161,3414,5753,2768,2985,3288,1552,1736,822,394,428,
32880,3288,1629,1659,5754,2796,2958,6576,3161,3415,5754,2768,2986,3288,1552,1736,822,394,428,
32885,3288,1629,1659,5755,2796,2959,6576,3161,3415,5754,2768,2986,3288,1552,1736,822,394,428,
32890,3289,1629,1660,5756,2797,2959,6578,3161,3417,5755,2768,2987,3288,1552,1736,822,394,428,
32895,3290,1629,1661,5756,2797,2959,6578,3161,3417,5756,2768,2988,3288,1552,1736,822,394,428,
32900,3291,1630,1661,5758,2798,2960,6581,3162,3419,5757,2768,2989,3289,1553,1736,822,394,428,
32905,3291,1630,1661,5759,2799,2960,6581,3162,3419,5758,2768,2990,3289,1553,1736,823,394,429,
32910,3292,1631,1661,5759,2799,2960,6582,3163,3419,5759,2768,2991,3291,1553,1738,823,394,429,
32915,3292,1631,1661,5760,2799,2961,6583,3164,3419,5760,2769,2991,3292,1554,1738,823,394,429,
32920,3292,1631,1661,5761,2799,2962,6584,3165,3419,5761,2769,2992,3292,1554,1738,823,394,429,
32925,3292,1631,1661,5762,2800,2962,6584,3165,3419,5761,2769,2992,3292,1554,1738,823,394,429,
32930,3293,1631,1662,5763,2800,2963,6586,3166,3420,5762,2769,2993,3292,1554,1738,823,394,429,
32935,3294,1631,1663,5763,2800,2963,6586,3166,3420,5763,2770,2993,3292,1554,1738,823,394,429,
32940,3295,1631,1664,5765,2802,2963,6589,3167,3422,5764,2771,2993,3293,1554,1739,823,394,429,
32945,3295,1631,1664,5766,2803,2963,6589,3167,3422,5765,2771,2994,3293,1554,1739,824,395,429,
32950,3296,1631,1665,5766,2803,2963,6590,3167,3423,5766,2772,2994,3295,1555,1740,824,395,429,
32955,3296,1631,1665,5767,2804,2963,6591,3168,3423,5767,2772,2995,3296,1556,1740,824,395,429,
32960,3296,1631,1665,5768,2804,2964,6592,3168,3424,5768,2772,2996,3296,1556,1740,824,395,429,
32965,3296,1631,1665,5769,2805,2964,6592,3168,3424,5768,2772,2996,3296,1556,1740,824,395,429,
32970,3297,1632,1665,5770,2805,2965,6594,3168,3426,5769,2772,2997,3296,1556,1740,824,395,429,
32975,3298,1632,1666,5770,2805,2965,6594,3168,3426,5770,2773,2997,3296,1556,1740,824,395,429,
32980,3299,1633,1666,5772,2807,2965,6597,3169,3428,5771,2773,2998,3297,1556,1741,824,395,429,
32985,3299,1633,1666,5773,2807,2966,6597,3169,3428,5772,2774,2998,3297,1556,1741,825,395,430,
32990,3300,1634,1666,5773,2807,2966,6598,3170,3428,5773,2774,2999,3299,1556,1743,825,395,430,
32995,3300,1634,1666,5774,2808,2966,6599,3170,3429,5774,2774,3000,3300,1556,1744,825,395,430,
33000,3300,1634,1666,5775,2809,2966,6600,3170,3430,5775,2774,3001,3300,1556,1744,825,395,430,
33005,3300,1634,1666,5776,2810,2966,6600,3170,3430,5775,2774,3001,3300,1556,1744,825,395,430,
33010,3301,1634,1667,5777,2811,2966,6602,3170,3432,5776,2774,3002,3300,1556,1744,825,395,430,
33015,3302,1635,1667,5777,2811,2966,6602,3170,3432,5777,2775,3002,3300,1556,1744,825,395,430,
33020,3303,1636,1667,5779,2812,2967,6605,3172,3433,5778,2776,3002,3301,1556,1745,825,395,430,
33025,3303,1636,1667,5780,2813,2967,6605,3172,3433,5779,2777,3002,3301,1556,1745,826,395,431,
33030,3304,1636,1668,5780,2813,2967,6606,3173,3433,5780,2778,3002,3303,1556,1747,826,395,431,
33035,3304,1636,1668,5781,2813,2968,6607,3173,3434,5781,2778,3003,3304,1557,1747,826,395,431,
33040,3304,1636,1668,5782,2813,2969,6608,3174,3434,5782,2779,3003,3304,1557,1747,826,395,431,
33045,3304,1636,1668,5783,2814,2969,6608,3174,3434,5782,2779,3003,3304,1557,1747,826,395,431,
33050,3305,1637,1668,5784,2815,2969,6610,3175,3435,5783,2779,3004,3304,1557,1747,826,395,431,
33055,3306,1638,1668,5784,2815,2969,6610,3175,3435,5784,2779,3005,3304,1557,1747,826,395,431,
33060,3307,1639,1668,5786,2815,2971,6613,3177,3436,5785,2779,3006,3305,1557,1748,826,395,431,
33065,3307,1639,1668,5787,2815,2972,6613,3177,3436,5786,2780,3006,3305,1557,1748,827,395,432,
33070,3308,1640,1668,5787,2815,2972,6614,3178,3436,5787,2781,3006,3307,1559,1748,827,395,432,
33075,3308,1640,1668,5788,2815,2973,6615,3179,3436,5788,2782,3006,3308,1559,1749,827,395,432,
33080,3308,1640,1668,5789,2816,2973,6616,3179,3437,5789,2783,3006,3308,1559,1749,827,395,432,
33085,3308,1640,1668,5790,2817,2973,6616,3179,3437,5789,2783,3006,3308,1559,1749,827,395,432,
33090,3309,1640,1669,5791,2817,2974,6618,3180,3438,5790,2784,3006,3308,1559,1749,827,395,432,
33095,3310,1641,1669,5791,2817,2974,6618,3180,3438,5791,2784,3007,3308,1559,1749,827,395,432,
33100,3311,1641,1670,5793,2819,2974,6621,3183,3438,5792,2784,3008,3309,1559,1750,827,395,432,
33105,3311,1641,1670,5794,2819,2975,6621,3183,3438,5793,2785,3008,3309,1559,1750,828,396,432,
33110,3312,1642,1670,5794,2819,2975,6622,3183,3439,5794,2785,3009,3311,1561,1750,828,396,432,
33115,3312,1642,1670,5795,2819,2976,6623,3183,3440,5795,2786,3009,3312,1562,1750,828,396,432,
33120,3312,1642,1670,5796,2819,2977,6624,3184,3440,5796,2787,3009,3312,1562,1750,828,396,432,
33125,3312,1642,1670,5797,2820,2977,6624,3184,3440,5796,2787,3009,3312,1562,1750,828,396,432,
33130,3313,1642,1671,5798,2821,2977,6626,3185,3441,5797,2787,3010,3312,1562,1750,828,396,432,
33135,3314,1643,1671,5798,2821,2977,6626,3185,3441,5798,2787,3011,3312,1562,1750,828,396,432,
33140,3315,1643,1672,5800,2823,2977,6629,3187,3442,5799,2788,3011,3313,1563,1750,828,396,432,
33145,3315,1643,1672,5801,2823,2978,6629,3187,3442,5800,2789,3011,3313,1563,1750,829,397,432,
33150,3316,1644,1672,5801,2823,2978,6630,3187,3443,5801,2789,3012,3315,1564,1751,829,397,432,
33155,3316,1644,1672,5802,2824,2978,6631,3188,3443,5802,2789,3013,3316,1565,1751,829,397,432,
33160,3316,1644,1672,5803,2824,2979,6632,3188,3444,5803,2790,3013,3316,1565,1751,829,397,432,
33165,3316,1644,1672,5804,2825,2979,6632,3188,3444,5803,2790,3013,3316,1565,1751,829,397,432,
33170,3317,1644,1673,5805,2826,2979,6634,3189,3445,5804,2791,3013,3316,1565,1751,829,397,432,
33175,3318,1645,1673,5805,2826,2979,6634,3189,3445,5805,2791,3014,3316,1565,1751,829,397,432,
33180,3319,1646,1673,5807,2827,2980,6637,3191,3446,5806,2792,3014,3317,1565,1752,829,397,432,
33185,3319,1646,1673,5808,2827,2981,6637,3191,3446,5807,2792,3015,3317,1565,1752,830,397,433,
33190,3320,1646,1674,5808,2827,2981,6638,3192,3446,5808,2792,3016,3319,1566,1753,830,397,433,
33195,3320,1646,1674,5809,2828,2981,6639,3193,3446,5809,2792,3017,3320,1567,1753,830,397,433,
33200,3320,1646,1674,5810,2828,2982,6640,3194,3446,5810,2793,3017,3320,1567,1753,830,397,433,
33205,3320,1646,1674,5811,2828,2983,6640,3194,3446,5810,2793,3017,3320,1567,1753,830,397,433,
33210,3321,1646,1675,5812,2828,2984,6642,3195,3447,5811,2794,3017,3320,1567,1753,830,397,433,
33215,3322,1646,1676,5812,2828,2984,6642,3195,3447,5812,2794,3018,3320,1567,1753,830,397,433,
33220,3323,1646,1677,5814,2828,2986,6645,3195,3450,5813,2794,3019,3321,1568,1753,830,397,433,
33225,3323,1646,1677,5815,2828,2987,6645,3195,3450,5814,2794,3020,3321,1568,1753,831,398,433,
33230,3324,1647,1677,5815,2828,2987,6646,3195,3451,5815,2794,3021,3323,1569,1754,831,398,433,
33235,3324,1647,1677,5816,2828,2988,6647,3195,3452,5816,2795,3021,3324,1570,1754,831,398,433,
33240,3324,1647,1677,5817,2828,2989,6648,3195,3453,5817,2796,3021,3324,1570,1754,831,398,433,
33245,3324,1647,1677,5818,2829,2989,6648,3195,3453,5817,2796,3021,3324,1570,1754,831,398,433,
33250,3325,1648,1677,5819,2830,2989,6650,3195,3455,5818,2796,3022,3324,1570,1754,831,398,433,
33255,3326,1649,1677,5819,2830,2989,6650,3195,3455,5819,2796,3023,3324,1570,1754,831,398,433,
33260,3327,1650,1677,5821,2831,2990,6653,3195,3458,5820,2796,3024,3325,1571,1754,831,398,433,
33265,3327,1650,1677,5822,2831,2991,6653,3195,3458,5821,2797,3024,3325,1571,1754,832,399,433,
33270,3328,1651,1677,5822,2831,2991,6654,3196,3458,5822,2797,3025,3327,1573,1754,832,399,433,
33275,3328,1651,1677,5823,2832,2991,6655,3197,3458,5823,2797,3026,3328,1573,1755,832,399,433,
33280,3328,1651,1677,5824,2833,2991,6656,3198,3458,5824,2797,3027,3328,1573,1755,832,399,433,
33285,3328,1651,1677,5825,2833,2992,6656,3198,3458,5824,2797,3027,3328,1573,1755,832,399,433,
33290,3329,1651,1678,5826,2834,2992,6658,3200,3458,5825,2798,3027,3328,1573,1755,832,399,433,
33295,3330,1651,1679,5826,2834,2992,6658,3200,3458,5826,2798,3028,3328,1573,1755,832,399,433,
33300,3331,1652,1679,5828,2836,2992,6661,3203,3458,5827,2799,3028,3329,1573,1756,832,399,433,
33305,3331,1652,1679,5829,2836,2993,6661,3203,3458,5828,2800,3028,3329,1573,1756,833,400,433,
33310,3332,1653,1679,5829,2836,2993,6662,3203,3459,5829,2800,3029,3331,1574,1757,833,400,433,
33315,3332,1653,1679,5830,2836,2994,6663,3203,3460,5830,2800,3030,3332,1575,1757,833,400,433,
33320,3332,1653,1679,5831,2836,2995,6664,3204,3460,5831,2800,3031,3332,1575,1757,833,400,433,
33325,3332,1653,1679,5832,2836,2996,6664,3204,3460,5831,2800,3031,3332,1575,1757,833,400,433,
33330,3333,1653,1680,5833,2836,2997,6666,3206,3460,5832,2800,3032,3332,1575,1757,833,400,433,
33335,3334,1654,1680,5833,2836,2997,6666,3206,3460,5833,2801,3032,3332,1575,1757,833,400,433,
33340,3335,1655,1680,5835,2837,2998,6669,3207,3462,5834,2802,3032,3333,1576,1757,833,400,433,
33345,3335,1655,1680,5836,2837,2999,6669,3207,3462,5835,2802,3033,3333,1576,1757,834,400,434,
33350,3336,1656,1680,5836,2837,2999,6670,3208,3462,5836,2802,3034,3335,1577,1758,834,400,434,
33355,3336,1656,1680,5837,2837,3000,6671,3208,3463,5837,2803,3034,3336,1578,1758,834,400,434,
33360,3336,1656,1680,5838,2837,3001,6672,3209,3463,5838,2803,3035,3336,1578,1758,834,400,434,
33365,3336,1656,1680,5839,2838,3001,6672,3209,3463,5838,2803,3035,3336,1578,1758,834,400,434,
33370,3337,1656,1681,5840,2839,3001,6674,3211,3463,5839,2803,3036,3336,1578,1758,834,400,434,
33375,3338,1656,1682,5840,2839,3001,6674,3211,3463,5840,2803,3037,3336,1578,1758,834,400,434,
33380,3339,1657,1682,5842,2840,3002,6677,3211,3466,5841,2803,3038,3337,1579,1758,834,400,434,
33385,3339,1657,1682,5843,2841,3002,6677,3211,3466,5842,2803,3039,3337,1579,1758,835,400,435,
33390,3340,1658,1682,5843,2841,3002,6678,3212,3466,5843,2803,3040,3339,1580,1759,835,400,435,
33395,3340,1658,1682,5844,2841,3003,6679,3212,3467,5844,2803,3041,3340,1580,1760,835,400,435,
33400,3340,1658,1682,5845,2841,3004,6680,3212,3468,5845,2803,3042,3340,1580,1760,835,400,435,
33405,3340,1658,1682,5846,2842,3004,6680,3212,3468,5845,2803,3042,3340,1580,1760,835,400,435,
33410,3341,1658,1683,5847,2842,3005,6682,3213,3469,5846,2804,3042,3340,1580,1760,835,400,435,
33415,3342,1659,1683,5847,2842,3005,6682,3213,3469,5847,2804,3043,3340,1580,1760,835,400,435,
33420,3343,1659,1684,5849,2843,3006,6685,3215,3470,5848,2804,3044,3341,1581,1760,835,400,435,
33425,3343,1659,1684,5850,2844,3006,6685,3215,3470,5849,2804,3045,3341,1581,1760,836,400,436,
33430,3344,1660,1684,5850,2844,3006,6686,3215,3471,5850,2804,3046,3343,1582,1761,836,400,436,
33435,3344,1660,1684,5851,2845,3006,6687,3215,3472,5851,2805,3046,3344,1582,1762,836,400,436,
33440,3344,1660,1684,5852,2845,3007,6688,3216,3472,5852,2805,3047,3344,1582,1762,836,400,436,
33445,3344,1660,1684,5853,2846,3007,6688,3216,3472,5852,2805,3047,3344,1582,1762,836,400,436,
33450,3345,1661,1684,5854,2846,3008,6690,3217,3473,5853,2806,3047,3344,1582,1762,836,400,436,
33455,3346,1662,1684,5854,2846,3008,6690,3217,3473,5854,2807,3047,3344,1582,1762,836,400,436,
33460,3347,1662,1685,5856,2847,3009,6693,3218,3475,5855,2808,3047,3345,1583,1762,836,400,436,
33465,3347,1662,1685,5857,2847,3010,6693,3218,3475,5856,2808,3048,3345,1583,1762,837,401,436,
33470,3348,1662,1686,5857,2847,3010,6694,3218,3476,5857,2808,3049,3347,1584,1763,837,401,436,
33475,3348,1662,1686,5858,2847,3011,6695,3219,3476,5858,2809,3049,3348,1585,1763,837,401,436,
33480,3348,1662,1686,5859,2847,3012,6696,3219,3477,5859,2810,3049,3348,1585,1763,837,401,436,
33485,3348,1662,1686,5860,2848,3012,6696,3219,3477,5859,2810,3049,3348,1585,1763,837,401,436,
33490,3349,1663,1686,5861,2849,3012,6698,3219,3479,5860,2810,3050,3348,1585,1763,837,401,436,
33495,3350,1664,1686,5861,2849,3012,6698,3219,3479,5861,2811,3050,3348,1585,1763,837,401,436,
33500,3351,1664,1687,5863,2849,3014,6701,3220,3481,5862,2812,3050,3349,1586,1763,837,401,436,
33505,3351,1664,1687,5864,2850,3014,6701,3220,3481,5863,2812,3051,3349,1586,1763,838,401,437,
33510,3352,1664,1688,5864,2850,3014,6702,3220,3482,5864,2813,3051,3351,1588,1763,838,401,437,
33515,3352,1664,1688,5865,2850,3015,6703,3220,3483,5865,2813,3052,3352,1589,1763,838,401,437,
33520,3352,1664,1688,5866,2851,3015,6704,3220,3484,5866,2814,3052,3352,1589,1763,838,401,437,
33525,3352,1664,1688,5867,2852,3015,6704,3220,3484,5866,2814,3052,3352,1589,1763,838,401,437,
33530,3353,1664,1689,5868,2852,3016,6706,3221,3485,5867,2815,3052,3352,1589,1763,838,401,437,
33535,3354,1664,1690,5868,2852,3016,6706,3221,3485,5868,2815,3053,3352,1589,1763,838,401,437,
33540,3355,1665,1690,5870,2853,3017,6709,3222,3487,5869,2816,3053,3353,1589,1764,838,401,437,
33545,3355,1665,1690,5871,2854,3017,6709,3222,3487,5870,2817,3053,3353,1589,1764,839,402,437,
33550,3356,1665,1691,5871,2854,3017,6710,3222,3488,5871,2817,3054,3355,1591,1764,839,402,437,
33555,3356,1665,1691,5872,2854,3018,6711,3222,3489,5872,2818,3054,3356,1591,1765,839,402,437,
33560,3356,1665,1691,5873,2855,3018,6712,3222,3490,5873,2819,3054,3356,1591,1765,839,402,437,
33565,3356,1665,1691,5874,2856,3018,6712,3222,3490,5873,2819,3054,3356,1591,1765,839,402,437,
33570,3357,1666,1691,5875,2856,3019,6714,3223,3491,5874,2820,3054,3356,1591,1765,839,402,437,
33575,3358,1667,1691,5875,2856,3019,6714,3223,3491,5875,2821,3054,3356,1591,1765,839,402,437,
33580,3359,1668,1691,5877,2857,3020,6717,3225,3492,5876,2821,3055,3357,1591,1766,839,402,437,
33585,3359,1668,1691,5878,2857,3021,6717,3225,3492,5877,2821,3056,3357,1591,1766,840,403,437,
33590,3360,1669,1691,5878,2857,3021,6718,3226,3492,5878,2822,3056,3359,1592,1767,840,403,437,
33595,3360,1669,1691,5879,2857,3022,6719,3226,3493,5879,2822,3057,3360,1593,1767,840,403,437,
33600,3360,1669,1691,5880,2857,3023,6720,3227,3493,5880,2823,3057,3360,1593,1767,840,403,437,
33605,3360,1669,1691,5881,2858,3023,6720,3227,3493,5880,2823,3057,3360,1593,1767,840,403,437,
33610,3361,1669,1692,5882,2859,3023,6722,3229,3493,5881,2823,3058,3360,1593,1767,840,403,437,
33615,3362,1670,1692,5882,2859,3023,6722,3229,3493,5882,2824,3058,3360,1593,1767,840,403,437,
33620,3363,1670,1693,5884,2861,3023,6725,3231,3494,5883,2824,3059,3361,1593,1768,840,403,437,
33625,3363,1670,1693,5885,2861,3024,6725,3231,3494,5884,2824,3060,3361,1593,1768,841,403,438,
33630,3364,1670,1694,5885,2861,3024,6726,3231,3495,5885,2824,3061,3363,1595,1768,841,403,438,
33635,3364,1670,1694,5886,2861,3025,6727,3232,3495,5886,2825,3061,3364,1595,1769,841,403,438,
33640,3364,1670,1694,5887,2861,3026,6728,3233,3495,5887,2826,3061,3364,1595,1769,841,403,438,
33645,3364,1670,1694,5888,2862,3026,6728,3233,3495,5887,2826,3061,3364,1595,1769,841,403,438,
33650,3365,1671,1694,5889,2862,3027,6730,3233,3497,5888,2826,3062,3364,1595,1769,841,403,438,
33655,3366,1672,1694,5889,2862,3027,6730,3233,3497,5889,2826,3063,3364,1595,1769,841,403,438,
33660,3367,1673,1694,5891,2862,3029,6733,3235,3498,5890,2826,3064,3365,1595,1770,841,403,438,
33665,3367,1673,1694,5892,2863,3029,6733,3235,3498,5891,2827,3064,3365,1595,1770,842,403,439,
33670,3368,1674,1694,5892,2863,3029,6734,3236,3498,5892,2827,3065,3367,1596,1771,842,403,439,
33675,3368,1674,1694,5893,2864,3029,6735,3236,3499,5893,2828,3065,3368,1596,1772,842,403,439,
33680,3368,1674,1694,5894,2864,3030,6736,3236,3500,5894,2829,3065,3368,1596,1772,842,403,439,
33685,3368,1674,1694,5895,2864,3031,6736,3236,3500,5894,2829,3065,3368,1596,1772,842,403,439,
33690,3369,1674,1695,5896,2865,3031,6738,3237,3501,5895,2830,3065,3368,1596,1772,842,403,439,
33695,3370,1675,1695,5896,2865,3031,6738,3237,3501,5896,2830,3066,3368,1596,1772,842,403,439,
33700,3371,1675,1696,5898,2865,3033,6741,3238,3503,5897,2831,3066,3369,1596,1773,842,403,439,
33705,3371,1675,1696,5899,2865,3034,6741,3238,3503,5898,2832,3066,3369,1596,1773,843,403,440,
33710,3372,1676,1696,5899,2865,3034,6742,3238,3504,5899,2832,3067,3371,1597,1774,843,403,440,
33715,3372,1676,1696,5900,2866,3034,6743,3238,3505,5900,2832,3068,3372,1598,1774,843,403,440,
33720,3372,1676,1696,5901,2866,3035,6744,3238,3506,5901,2832,3069,3372,1598,1774,843,403,440,
33725,3372,1676,1696,5902,2866,3036,6744,3238,3506,5901,2832,3069,3372,1598,1774,843,403,440,
33730,3373,1676,1697,5903,2866,3037,6746,3239,3507,5902,2832,3070,3372,1598,1774,843,403,440,
33735,3374,1676,1698,5903,2866,3037,6746,3239,3507,5903,2833,3070,3372,1598,1774,843,403,440,
33740,3375,1677,1698,5905,2868,3037,6749,3239,3510,5904,2834,3070,3373,1598,1775,843,403,440,
33745,3375,1677,1698,5906,2869,3037,6749,3239,3510,5905,2834,3071,3373,1598,1775,844,403,441,
33750,3376,1678,1698,5906,2869,3037,6750,3240,3510,5906,2834,3072,3375,1600,1775,844,403,441,
33755,3376,1678,1698,5907,2869,3038,6751,3240,3511,5907,2834,3073,3376,1600,1776,844,403,441,
33760,3376,1678,1698,5908,2870,3038,6752,3240,3512,5908,2834,3074,3376,1600,1776,844,403,441,
33765,3376,1678,1698,5909,2870,3039,6752,3240,3512,5908,2834,3074,3376,1600,1776,844,403,441,
33770,3377,1678,1699,5910,2870,3040,6754,3241,3513,5909,2835,3074,3376,1600,1776,844,403,441,
33775,3378,1678,1700,5910,2870,3040,6754,3241,3513,5910,2835,3075,3376,1600,1776,844,403,441,
33780,3379,1678,1701,5912,2872,3040,6757,3243,3514,5911,2836,3075,3377,1601,1776,844,403,441,
33785,3379,1678,1701,5913,2872,3041,6757,3243,3514,5912,2836,3076,3377,1601,1776,845,404,441,
33790,3380,1679,1701,5913,2872,3041,6758,3244,3514,5913,2836,3077,3379,1603,1776,845,404,441,
33795,3380,1679,1701,5914,2873,3041,6759,3245,3514,5914,2836,3078,3380,1603,1777,845,404,441,
33800,3380,1679,1701,5915,2873,3042,6760,3246,3514,5915,2837,3078,3380,1603,1777,845,404,441,
33805,3380,1679,1701,5916,2874,3042,6760,3246,3514,5915,2837,3078,3380,1603,1777,845,404,441,
33810,3381,1679,1702,5917,2875,3042,6762,3248,3514,5916,2838,3078,3380,1603,1777,845,404,441,
33815,3382,1679,1703,5917,2875,3042,6762,3248,3514,5917,2839,3078,3380,1603,1777,845,404,441,
33820,3383,1679,1704,5919,2877,3042,6765,3248,3517,5918,2840,3078,3381,1604,1777,845,404,441,
33825,3383,1679,1704,5920,2878,3042,6765,3248,3517,5919,2841,3078,3381,1604,1777,846,405,441,
33830,3384,1680,1704,5920,2878,3042,6766,3248,3518,5920,2842,3078,3383,1605,1778,846,405,441,
33835,3384,1680,1704,5921,2878,3043,6767,3249,3518,5921,2843,3078,3384,1605,1779,846,405,441,
33840,3384,1680,1704,5922,2878,3044,6768,3250,3518,5922,2843,3079,3384,1605,1779,846,405,441,
33845,3384,1680,1704,5923,2879,3044,6768,3250,3518,5922,2843,3079,3384,1605,1779,846,405,441,
33850,3385,1680,1705,5924,2879,3045,6770,3251,3519,5923,2844,3079,3384,1605,1779,846,405,441,
33855,3386,1681,1705,5924,2879,3045,6770,3251,3519,5924,2845,3079,3384,1605,1779,846,405,441,
33860,3387,1681,1706,5926,2880,3046,6773,3254,3519,5925,2845,3080,3385,1606,1779,846,405,441,
33865,3387,1681,1706,5927,2880,3047,6773,3254,3519,5926,2846,3080,3385,1606,1779,847,405,442,
33870,3388,1681,1707,5927,2880,3047,6774,3254,3520,5927,2847,3080,3387,1607,1780,847,405,442,
33875,3388,1681,1707,5928,2881,3047,6775,3254,3521,5928,2848,3080,3388,1607,1781,847,405,442,
33880,3388,1681,1707,5929,2882,3047,6776,3254,3522,5929,2849,3080,3388,1607,1781,847,405,442,
33885,3388,1681,1707,5930,2882,3048,6776,3254,3522,5929,2849,3080,3388,1607,1781,847,405,442,
33890,3389,1681,1708,5931,2883,3048,6778,3256,3522,5930,2849,3081,3388,1607,1781,847,405,442,
33895,3390,1682,1708,5931,2883,3048,6778,3256,3522,5931,2850,3081,3388,1607,1781,847,405,442,
33900,3391,1683,1708,5933,2884,3049,6781,3258,3523,5932,2850,3082,3389,1607,1782,847,405,442,
33905,3391,1683,1708,5934,2885,3049,6781,3258,3523,5933,2850,3083,3389,1607,1782,848,405,443,
33910,3392,1684,1708,5934,2885,3049,6782,3259,3523,5934,2850,3084,3391,1608,1783,848,405,443,
33915,3392,1684,1708,5935,2886,3049,6783,3260,3523,5935,2850,3085,3392,1608,1784,848,405,443,
33920,3392,1684,1708,5936,2886,3050,6784,3260,3524,5936,2850,3086,3392,1608,1784,848,405,443,
33925,3392,1684,1708,5937,2887,3050,6784,3260,3524,5936,2850,3086,3392,1608,1784,848,405,443,
33930,3393,1684,1709,5938,2888,3050,6786,3261,3525,5937,2851,3086,3392,1608,1784,848,405,443,
33935,3394,1685,1709,5938,2888,3050,6786,3261,3525,5938,2852,3086,3392,1608,1784,848,405,443,
33940,3395,1686,1709,5940,2890,3050,6789,3261,3528,5939,2852,3087,3393,1609,1784,848,405,443,
33945,3395,1686,1709,5941,2890,3051,6789,3261,3528,5940,2852,3088,3393,1609,1784,849,406,443,
33950,3396,1687,1709,5941,2890,3051,6790,3262,3528,5941,2853,3088,3395,1609,1786,849,406,443,
33955,3396,1687,1709,5942,2890,3052,6791,3263,3528,5942,2854,3088,3396,1609,1787,849,406,443,
33960,3396,1687,1709,5943,2890,3053,6792,3263,3529,5943,2855,3088,3396,1609,1787,849,406,443,
33965,3396,1687,1709,5944,2891,3053,6792,3263,3529,5943,2855,3088,3396,1609,1787,849,406,443,
33970,3397,1687,1710,5945,2892,3053,6794,3263,3531,5944,2855,3089,3396,1609,1787,849,406,443,
33975,3398,1688,1710,5945,2892,3053,6794,3263,3531,5945,2855,3090,3396,1609,1787,849,406,443,
33980,3399,1689,1710,5947,2893,3054,6797,3265,3532,5946,2855,3091,3397,1610,1787,849,406,443,
33985,3399,1689,1710,5948,2893,3055,6797,3265,3532,5947,2856,3091,3397,1610,1787,850,407,443,
33990,3400,1690,1710,5948,2893,3055,6798,3266,3532,5948,2856,3092,3399,1611,1788,850,407,443,
33995,3400,1690,1710,5949,2893,3056,6799,3266,3533,5949,2857,3092,3400,1611,1789,850,407,443,
34000,3400,1690,1710,5950,2893,3057,6800,3267,3533,5950,2858,3092,3400,1611,1789,850,407,443,
34005,3400,1690,1710,5951,2894,3057,6800,3267,3533,5950,2858,3092,3400,1611,1789,850,407,443,
34010,3401,1691,1710,5952,2894,3058,6802,3268,3534,5951,2858,3093,3400,1611,1789,850,407,443,
34015,3402,1692,1710,5952,2894,3058,6802,3268,3534,5952,2858,3094,3400,1611,1789,850,407,443,
34020,3403,1693,1710,5954,2895,3059,6805,3269,3536,5953,2858,3095,3401,1611,1790,850,407,443,
34025,3403,1693,1710,5955,2896,3059,6805,3269,3536,5954,2858,3096,3401,1611,1790,851,408,443,
34030,3404,1693,1711,5955,2896,3059,6806,3269,3537,5955,2859,3096,3403,1611,1792,851,408,443,
34035,3404,1693,1711,5956,2897,3059,6807,3270,3537,5956,2859,3097,3404,1611,1793,851,408,443,
34040,3404,1693,1711,5957,2897,3060,6808,3271,3537,5957,2860,3097,3404,1611,1793,851,408,443,
34045,3404,1693,1711,5958,2897,3061,6808,3271,3537,5957,2860,3097,3404,1611,1793,851,408,443,
34050,3405,1694,1711,5959,2898,3061,6810,3271,3539,5958,2860,3098,3404,1611,1793,851,408,443,
34055,3406,1694,1712,5959,2898,3061,6810,3271,3539,5959,2860,3099,3404,1611,1793,851,408,443,
34060,3407,1694,1713,5961,2900,3061,6813,3271,3542,5960,2861,3099,3405,1612,1793,851,408,443,
34065,3407,1694,1713,5962,2901,3061,6813,3271,3542,5961,2862,3099,3405,1612,1793,852,409,443,
34070,3408,1694,1714,5962,2901,3061,6814,3272,3542,5962,2863,3099,3407,1613,1794,852,409,443,
34075,3408,1694,1714,5963,2902,3061,6815,3273,3542,5963,2863,3100,3408,1614,1794,852,409,443,
34080,3408,1694,1714,5964,2902,3062,6816,3273,3543,5964,2863,3101,3408,1614,1794,852,409,443,
34085,3408,1694,1714,5965,2903,3062,6816,3273,3543,5964,2863,3101,3408,1614,1794,852,409,443,
34090,3409,1694,1715,5966,2903,3063,6818,3274,3544,5965,2864,3101,3408,1614,1794,852,409,443,
34095,3410,1695,1715,5966,2903,3063,6818,3274,3544,5966,2865,3101,3408,1614,1794,852,409,443,
34100,3411,1696,1715,5968,2904,3064,6821,3277,3544,5967,2865,3102,3409,1614,1795,852,409,443,
34105,3411,1696,1715,5969,2905,3064,6821,3277,3544,5968,2865,3103,3409,1614,1795,853,410,443,
34110,3412,1696,1716,5969,2905,3064,6822,3277,3545,5969,2866,3103,3411,1616,1795,853,410,443,
34115,3412,1696,1716,5970,2905,3065,6823,3277,3546,5970,2867,3103,3412,1616,1796,853,410,443,
34120,3412,1696,1716,5971,2905,3066,6824,3277,3547,5971,2867,3104,3412,1616,1796,853,410,443,
34125,3412,1696,1716,5972,2906,3066,6824,3277,3547,5971,2867,3104,3412,1616,1796,853,410,443,
34130,3413,1696,1717,5973,2906,3067,6826,3279,3547,5972,2867,3105,3412,1616,1796,853,410,443,
34135,3414,1697,1717,5973,2906,3067,6826,3279,3547,5973,2867,3106,3412,1616,1796,853,410,443,
34140,3415,1698,1717,5975,2907,3068,6829,3281,3548,5974,2868,3106,3413,1617,1796,853,410,443,
34145,3415,1698,1717,5976,2907,3069,6829,3281,3548,5975,2868,3107,3413,1617,1796,854,410,444,
34150,3416,1699,1717,5976,2907,3069,6830,3281,3549,5976,2868,3108,3415,1617,1798,854,410,444,
34155,3416,1699,1717,5977,2908,3069,6831,3281,3550,5977,2869,3108,3416,1617,1799,854,410,444,
34160,3416,1699,1717,5978,2909,3069,6832,3281,3551,5978,2869,3109,3416,1617,1799,854,410,444,
34165,3416,1699,1717,5979,2910,3069,6832,3281,3551,5978,2869,3109,3416,1617,1799,854,410,444,
34170,3417,1700,1717,5980,2911,3069,6834,3283,3551,5979,2869,3110,3416,1617,1799,854,410,444,
34175,3418,1700,1718,5980,2911,3069,6834,3283,3551,5980,2870,3110,3416,1617,1799,854,410,444,
34180,3419,1700,1719,5982,2912,3070,6837,3284,3553,5981,2871,3110,3417,1618,1799,854,410,444,
34185,3419,1700,1719,5983,2913,3070,6837,3284,3553,5982,2871,3111,3417,1618,1799,855,411,444,
34190,3420,1701,1719,5983,2913,3070,6838,3285,3553,5983,2872,3111,3419,1619,1800,855,411,444,
34195,3420,1701,1719,5984,2913,3071,6839,3286,3553,5984,2872,3112,3420,1619,1801,855,411,444,
34200,3420,1701,1719,5985,2913,3072,6840,3286,3554,5985,2873,3112,3420,1619,1801,855,411,444,
34205,3420,1701,1719,5986,2914,3072,6840,3286,3554,5985,2873,3112,3420,1619,1801,855,411,444,
34210,3421,1702,1719,5987,2914,3073,6842,3287,3555,5986,2873,3113,3420,1619,1801,855,411,444,
34215,3422,1703,1719,5987,2914,3073,6842,3287,3555,5987,2873,3114,3420,1619,1801,855,411,444,
34220,3423,1704,1719,5989,2915,3074,6845,3287,3558,5988,2873,3115,3421,1619,1802,855,411,444,
34225,3423,1704,1719,5990,2916,3074,6845,3287,3558,5989,2874,3115,3421,1619,1802,856,411,445,
34230,3424,1705,1719,5990,2916,3074,6846,3288,3558,5990,2875,3115,3423,1620,1803,856,411,445,
34235,3424,1705,1719,5991,2917,3074,6847,3289,3558,5991,2876,3115,3424,1620,1804,856,411,445,
34240,3424,1705,1719,5992,2918,3074,6848,3289,3559,5992,2876,3116,3424,1620,1804,856,411,445,
34245,3424,1705,1719,5993,2918,3075,6848,3289,3559,5992,2876,3116,3424,1620,1804,856,411,445,
34250,3425,1706,1719,5994,2919,3075,6850,3289,3561,5993,2876,3117,3424,1620,1804,856,411,445,
34255,3426,1707,1719,5994,2919,3075,6850,3289,3561,5994,2877,3117,3424,1620,1804,856,411,445,
34260,3427,1708,1719,5996,2921,3075,6853,3290,3563,5995,2878,3117,3425,1620,1805,856,411,445,
34265,3427,1708,1719,5997,2921,3076,6853,3290,3563,5996,2878,3118,3425,1620,1805,857,411,446,
34270,3428,1708,1720,5997,2921,3076,6854,3291,3563,5997,2878,3119,3427,1621,1806,857,411,446,
34275,3428,1708,1720,5998,2922,3076,6855,3291,3564,5998,2878,3120,3428,1621,1807,857,411,446,
34280,3428,1708,1720,5999,2922,3077,6856,3292,3564,5999,2879,3120,3428,1621,1807,857,411,446,
34285,3428,1708,1720,6000,2923,3077,6856,3292,3564,5999,2879,3120,3428,1621,1807,857,411,446,
34290,3429,1708,1721,6001,2924,3077,6858,3292,3566,6000,2880,3120,3428,1621,1807,857,411,446,
34295,3430,1708,1722,6001,2924,3077,6858,3292,3566,6001,2880,3121,3428,1621,1807,857,411,446,
34300,3431,1708,1723,6003,2925,3078,6861,3293,3568,6002,2880,3122,3429,1622,1807,857,411,446,
34305,3431,1708,1723,6004,2926,3078,6861,3293,3568,6003,2881,3122,3429,1622,1807,858,411,447,
34310,3432,1709,1723,6004,2926,3078,6862,3294,3568,6004,2882,3122,3431,1623,1808,858,411,447,
34315,3432,1709,1723,6005,2926,3079,6863,3295,3568,6005,2882,3123,3432,1623,1809,858,411,447,
34320,3432,1709,1723,6006,2926,3080,6864,3296,3568,6006,2882,3124,3432,1623,1809,858,411,447,
34325,3432,1709,1723,6007,2926,3081,6864,3296,3568,6006,2882,3124,3432,1623,1809,858,411,447,
34330,3433,1710,1723,6008,2927,3081,6866,3297,3569,6007,2882,3125,3432,1623,1809,858,411,447,
34335,3434,1711,1723,6008,2927,3081,6866,3297,3569,6008,2882,3126,3432,1623,1809,858,411,447,
34340,3435,1712,1723,6010,2928,3082,6869,3298,3571,6009,2882,3127,3433,1623,1810,858,411,447,
34345,3435,1712,1723,6011,2929,3082,6869,3298,3571,6010,2882,3128,3433,1623,1810,859,412,447,
34350,3436,1713,1723,6011,2929,3082,6870,3299,3571,6011,2882,3129,3435,1624,1811,859,412,447,
34355,3436,1713,1723,6012,2930,3082,6871,3300,3571,6012,2883,3129,3436,1624,1812,859,412,447,
34360,3436,1713,1723,6013,2930,3083,6872,3301,3571,6013,2884,3129,3436,1624,1812,859,412,447,
34365,3436,1713,1723,6014,2930,3084,6872,3301,3571,6013,2884,3129,3436,1624,1812,859,412,447,
34370,3437,1713,1724,6015,2931,3084,6874,3301,3573,6014,2884,3130,3436,1624,1812,859,412,447,
34375,3438,1714,1724,6015,2931,3084,6874,3301,3573,6015,2884,3131,3436,1624,1812,859,412,447,
34380,3439,1715,1724,6017,2932,3085,6877,3302,3575,6016,2884,3132,3437,1625,1812,859,412,447,
34385,3439,1715,1724,6018,2932,3086,6877,3302,3575,6017,2885,3132,3437,1625,1812,860,412,448,
34390,3440,1716,1724,6018,2932,3086,6878,3303,3575,6018,2885,3133,3439,1627,1812,860,412,448,
34395,3440,1716,1724,6019,2932,3087,6879,3303,3576,6019,2885,3134,3440,1627,1813,860,412,448,
34400,3440,1716,1724,6020,2933,3087,6880,3303,3577,6020,2885,3135,3440,1627,1813,860,412,448,
34405,3440,1716,1724,6021,2934,3087,6880,3303,3577,6020,2885,3135,3440,1627,1813,860,412,448,
34410,3441,1717,1724,6022,2934,3088,6882,3304,3578,6021,2885,3136,3440,1627,1813,860,412,448,
34415,3442,1717,1725,6022,2934,3088,6882,3304,3578,6022,2886,3136,3440,1627,1813,860,412,448,
34420,3443,1718,1725,6024,2935,3089,6885,3306,3579,6023,2886,3137,3441,1628,1813,860,412,448,
34425,3443,1718,1725,6025,2936,3089,6885,3306,3579,6024,2886,3138,3441,1628,1813,861,413,448,
34430,3444,1718,1726,6025,2936,3089,6886,3306,3580,6025,2887,3138,3443,1630,1813,861,413,448,
34435,3444,1718,1726,6026,2936,3090,6887,3306,3581,6026,2887,3139,3444,1631,1813,861,413,448,
34440,3444,1718,1726,6027,2936,3091,6888,3307,3581,6027,2887,3140,3444,1631,1813,861,413,448,
34445,3444,1718,1726,6028,2937,3091,6888,3307,3581,6027,2887,3140,3444,1631,1813,861,413,448,
34450,3445,1719,1726,6029,2938,3091,6890,3307,3583,6028,2887,3141,3444,1631,1813,861,413,448,
34455,3446,1720,1726,6029,2938,3091,6890,3307,3583,6029,2888,3141,3444,1631,1813,861,413,448,
34460,3447,1721,1726,6031,2939,3092,6893,3307,3586,6030,2888,3142,3445,1632,1813,861,413,448,
34465,3447,1721,1726,6032,2939,3093,6893,3307,3586,6031,2888,3143,3445,1632,1813,862,414,448,
34470,3448,1721,1727,6032,2939,3093,6894,3308,3586,6032,2889,3143,3447,1633,1814,862,414,448,
34475,3448,1721,1727,6033,2939,3094,6895,3309,3586,6033,2889,3144,3448,1633,1815,862,414,448,
34480,3448,1721,1727,6034,2940,3094,6896,3310,3586,6034,2889,3145,3448,1633,1815,862,414,448,
34485,3448,1721,1727,6035,2940,3095,6896,3310,3586,6034,2889,3145,3448,1633,1815,862,414,448,
34490,3449,1721,1728,6036,2941,3095,6898,3311,3587,6035,2890,3145,3448,1633,1815,862,414,448,
34495,3450,1721,1729,6036,2941,3095,6898,3311,3587,6036,2891,3145,3448,1633,1815,862,414,448,
34500,3451,1722,1729,6038,2943,3095,6901,3312,3589,6037,2891,3146,3449,1633,1816,862,414,448,
34505,3451,1722,1729,6039,2944,3095,6901,3312,3589,6038,2891,3147,3449,1633,1816,863,415,448,
34510,3452,1722,1730,6039,2944,3095,6902,3313,3589,6039,2891,3148,3451,1634,1817,863,415,448,
34515,3452,1722,1730,6040,2945,3095,6903,3314,3589,6040,2892,3148,3452,1634,1818,863,415,448,
34520,3452,1722,1730,6041,2945,3096,6904,3315,3589,6041,2892,3149,3452,1634,1818,863,415,448,
34525,3452,1722,1730,6042,2945,3097,6904,3315,3589,6041,2892,3149,3452,1634,1818,863,415,448,
34530,3453,1723,1730,6043,2946,3097,6906,3316,3590,6042,2892,3150,3452,1634,1818,863,415,448,
34535,3454,1724,1730,6043,2946,3097,6906,3316,3590,6043,2893,3150,3452,1634,1818,863,415,448,
34540,3455,1725,1730,6045,2947,3098,6909,3318,3591,6044,2894,3150,3453,1635,1818,863,415,448,
34545,3455,1725,1730,6046,2948,3098,6909,3318,3591,6045,2895,3150,3453,1635,1818,864,415,449,
34550,3456,1725,1731,6046,2948,3098,6910,3318,3592,6046,2895,3151,3455,1637,1818,864,415,449,
34555,3456,1725,1731,6047,2949,3098,6911,3319,3592,6047,2895,3152,3456,1638,1818,864,415,449,
34560,3456,1725,1731,6048,2949,3099,6912,3320,3592,6048,2896,3152,3456,1638,1818,864,415,449,
34565,3456,1725,1731,6049,2949,3100,6912,3320,3592,6048,2896,3152,3456,1638,1818,864,415,449,
34570,3457,1725,1732,6050,2949,3101,6914,3320,3594,6049,2897,3152,3456,1638,1818,864,415,449,
34575,3458,1726,1732,6050,2949,3101,6914,3320,3594,6050,2897,3153,3456,1638,1818,864,415,449,
34580,3459,1727,1732,6052,2951,3101,6917,3323,3594,6051,2897,3154,3457,1639,1818,864,415,449,
34585,3459,1727,1732,6053,2952,3101,6917,3323,3594,6052,2898,3154,3457,1639,1818,865,415,450,
34590,3460,1727,1733,6053,2952,3101,6918,3324,3594,6053,2899,3154,3459,1640,1819,865,415,450,
34595,3460,1727,1733,6054,2952,3102,6919,3325,3594,6054,2899,3155,3460,1640,1820,865,415,450,
34600,3460,1727,1733,6055,2953,3102,6920,3326,3594,6055,2899,3156,3460,1640,1820,865,415,450,
34605,3460,1727,1733,6056,2953,3103,6920,3326,3594,6055,2899,3156,3460,1640,1820,865,415,450,
34610,3461,1727,1734,6057,2954,3103,6922,3326,3596,6056,2899,3157,3460,1640,1820,865,415,450,
34615,3462,1728,1734,6057,2954,3103,6922,3326,3596,6057,2899,3158,3460,1640,1820,865,415,450,
34620,3463,1728,1735,6059,2956,3103,6925,3329,3596,6058,2899,3159,3461,1640,1821,865,415,450,
34625,3463,1728,1735,6060,2957,3103,6925,3329,3596,6059,2899,3160,3461,1640,1821,866,416,450,
34630,3464,1729,1735,6060,2957,3103,6926,3330,3596,6060,2899,3161,3463,1642,1821,866,416,450,
34635,3464,1729,1735,6061,2958,3103,6927,3331,3596,6061,2900,3161,3464,1643,1821,866,416,450,
34640,3464,1729,1735,6062,2959,3103,6928,3332,3596,6062,2901,3161,3464,1643,1821,866,416,450,
34645,3464,1729,1735,6063,2960,3103,6928,3332,3596,6062,2901,3161,3464,1643,1821,866,416,450,
34650,3465,1730,1735,6064,2961,3103,6930,3334,3596,6063,2901,3162,3464,1643,1821,866,416,450,
34655,3466,1731,1735,6064,2961,3103,6930,3334,3596,6064,2902,3162,3464,1643,1821,866,416,450,
34660,3467,1731,1736,6066,2962,3104,6933,3336,3597,6065,2902,3163,3465,1644,1821,866,416,450,
34665,3467,1731,1736,6067,2962,3105,6933,3336,3597,6066,2902,3164,3465,1644,1821,867,417,450,
34670,3468,1732,1736,6067,2962,3105,6934,3336,3598,6067,2903,3164,3467,1645,1822,867,417,450,
34675,3468,1732,1736,6068,2962,3106,6935,3336,3599,6068,2904,3164,3468,1645,1823,867,417,450,
34680,3468,1732,1736,6069,2963,3106,6936,3336,3600,6069,2904,3165,3468,1645,1823,867,417,450,
34685,3468,1732,1736,6070,2963,3107,6936,3336,3600,6069,2904,3165,3468,1645,1823,867,417,450,
34690,3469,1732,1737,6071,2963,3108,6938,3337,3601,6070,2905,3165,3468,1645,1823,867,417,450,
34695,3470,1732,1738,6071,2963,3108,6938,3337,3601,6071,2905,3166,3468,1645,1823,867,417,450,
34700,3471,1733,1738,6073,2965,3108,6941,3337,3604,6072,2905,3167,3469,1645,1824,867,417,450,
34705,3471,1733,1738,6074,2965,3109,6941,3337,3604,6073,2905,3168,3469,1645,1824,868,417,451,
34710,3472,1734,1738,6074,2965,3109,6942,3338,3604,6074,2905,3169,3471,1647,1824,868,417,451,
34715,3472,1734,1738,6075,2965,3110,6943,3338,3605,6075,2906,3169,3472,1648,1824,868,417,451,
34720,3472,1734,1738,6076,2965,3111,6944,3339,3605,6076,2907,3169,3472,1648,1824,868,417,451,
34725,3472,1734,1738,6077,2965,3112,6944,3339,3605,6076,2907,3169,3472,1648,1824,868,417,451,
34730,3473,1734,1739,6078,2965,3113,6946,3341,3605,6077,2907,3170,3472,1648,1824,868,417,451,
34735,3474,1734,1740,6078,2965,3113,6946,3341,3605,6078,2907,3171,3472,1648,1824,868,417,451,
34740,3475,1735,1740,6080,2966,3114,6949,3342,3607,6079,2908,3171,3473,1649,1824,868,417,451,
34745,3475,1735,1740,6081,2966,3115,6949,3342,3607,6080,2909,3171,3473,1649,1824,869,417,452,
34750,3476,1736,1740,6081,2966,3115,6950,3343,3607,6081,2909,3172,3475,1650,1825,869,417,452,
34755,3476,1736,1740,6082,2967,3115,6951,3343,3608,6082,2910,3172,3476,1650,1826,869,417,452,
34760,3476,1736,1740,6083,2968,3115,6952,3343,3609,6083,2911,3172,3476,1650,1826,869,417,452,
34765,3476,1736,1740,6084,2968,3116,6952,3343,3609,6083,2911,3172,3476,1650,1826,869,417,452,
34770,3477,1736,1741,6085,2968,3117,6954,3344,3610,6084,2911,3173,3476,1650,1826,869,417,452,
34775,3478,1737,1741,6085,2968,3117,6954,3344,3610,6085,2912,3173,3476,1650,1826,869,417,452,
34780,3479,1738,1741,6087,2969,3118,6957,3346,3611,6086,2913,3173,3477,1651,1826,869,417,452,
34785,3479,1738,1741,6088,2970,3118,6957,3346,3611,6087,2913,3174,3477,1651,1826,870,418,452,
34790,3480,1738,1742,6088,2970,3118,6958,3347,3611,6088,2913,3175,3479,1651,1828,870,418,452,
34795,3480,1738,1742,6089,2971,3118,6959,3347,3612,6089,2914,3175,3480,1651,1829,870,418,452,
34800,3480,1738,1742,6090,2972,3118,6960,3348,3612,6090,2914,3176,3480,1651,1829,870,418,452,
34805,3480,1738,1742,6091,2972,3119,6960,3348,3612,6090,2914,3176,3480,1651,1829,870,418,452,
34810,3481,1739,1742,6092,2973,3119,6962,3349,3613,6091,2914,3177,3480,1651,1829,870,418,452,
34815,3482,1739,1743,6092,2973,3119,6962,3349,3613,6092,2915,3177,3480,1651,1829,870,418,452,
34820,3483,1740,1743,6094,2974,3120,6965,3350,3615,6093,2916,3177,3481,1651,1830,870,418,452,
34825,3483,1740,1743,6095,2975,3120,6965,3350,3615,6094,2916,3178,3481,1651,1830,871,419,452,
34830,3484,1740,1744,6095,2975,3120,6966,3350,3616,6095,2916,3179,3483,1652,1831,871,419,452,
34835,3484,1740,1744,6096,2975,3121,6967,3350,3617,6096,2917,3179,3484,1653,1831,871,419,452,
34840,3484,1740,1744,6097,2976,3121,6968,3351,3617,6097,2918,3179,3484,1653,1831,871,419,452,
34845,3484,1740,1744,6098,2977,3121,6968,3351,3617,6097,2918,3179,3484,1653,1831,871,419,452,
34850,3485,1740,1745,6099,2977,3122,6970,3352,3618,6098,2919,3179,3484,1653,1831,871,419,452,
34855,3486,1740,1746,6099,2977,3122,6970,3352,3618,6099,2920,3179,3484,1653,1831,871,419,452,
34860,3487,1741,1746,6101,2978,3123,6973,3353,3620,6100,2920,3180,3485,1654,1831,871,419,452,
34865,3487,1741,1746,6102,2979,3123,6973,3353,3620,6101,2920,3181,3485,1654,1831,872,420,452,
34870,3488,1741,1747,6102,2979,3123,6974,3353,3621,6102,2921,3181,3487,1655,1832,872,420,452,
34875,3488,1741,1747,6103,2979,3124,6975,3354,3621,6103,2921,3182,3488,1655,1833,872,420,452,
34880,3488,1741,1747,6104,2979,3125,6976,3355,3621,6104,2922,3182,3488,1655,1833,872,420,452,
34885,3488,1741,1747,6105,2980,3125,6976,3355,3621,6104,2922,3182,3488,1655,1833,872,420,452,
34890,3489,1742,1747,6106,2981,3125,6978,3356,3622,6105,2923,3182,3488,1655,1833,872,420,452,
34895,3490,1742,1748,6106,2981,3125,6978,3356,3622,6106,2924,3182,3488,1655,1833,872,420,452,
34900,3491,1743,1748,6108,2982,3126,6981,3359,3622,6107,2924,3183,3489,1656,1833,872,420,452,
34905,3491,1743,1748,6109,2983,3126,6981,3359,3622,6108,2924,3184,3489,1656,1833,873,420,453,
34910,3492,1744,1748,6109,2983,3126,6982,3360,3622,6109,2925,3184,3491,1657,1834,873,420,453,
34915,3492,1744,1748,6110,2983,3127,6983,3361,3622,6110,2926,3184,3492,1658,1834,873,420,453,
34920,3492,1744,1748,6111,2983,3128,6984,3362,3622,6111,2926,3185,3492,1658,1834,873,420,453,
34925,3492,1744,1748,6112,2984,3128,6984,3362,3622,6111,2926,3185,3492,1658,1834,873,420,453,
34930,3493,1745,1748,6113,2984,3129,6986,3362,3624,6112,2927,3185,3492,1658,1834,873,420,453,
34935,3494,1746,1748,6113,2984,3129,6986,3362,3624,6113,2928,3185,3492,1658,1834,873,420,453,
34940,3495,1747,1748,6115,2986,3129,6989,3363,3626,6114,2929,3185,3493,1658,1835,873,420,453,
34945,3495,1747,1748,6116,2986,3130,6989,3363,3626,6115,2930,3185,3493,1658,1835,874,420,454,
34950,3496,1747,1749,6116,2986,3130,6990,3364,3626,6116,2930,3186,3495,1659,1836,874,420,454,
34955,3496,1747,1749,6117,2987,3130,6991,3364,3627,6117,2930,3187,3496,1660,1836,874,420,454,
34960,3496,1747,1749,6118,2987,3131,6992,3364,3628,6118,2931,3187,3496,1660,1836,874,420,454,
34965,3496,1747,1749,6119,2988,3131,6992,3364,3628,6118,2931,3187,3496,1660,1836,874,420,454,
34970,3497,1748,1749,6120,2988,3132,6994,3366,3628,6119,2931,3188,3496,1660,1836,874,420,454,
34975,3498,1749,1749,6120,2988,3132,6994,3366,3628,6120,2932,3188,3496,1660,1836,874,420,454,
34980,3499,1749,1750,6122,2989,3133,6997,3369,3628,6121,2933,3188,3497,1660,1837,874,420,454,
34985,3499,1749,1750,6123,2990,3133,6997,3369,3628,6122,2934,3188,3497,1660,1837,875,421,454,
34990,3500,1749,1751,6123,2990,3133,6998,3369,3629,6123,2935,3188,3499,1660,1839,875,421,454,
34995,3500,1749,1751,6124,2991,3133,6999,3369,3630,6124,2936,3188,3500,1661,1839,875,421,454,
35000,3500,1749,1751,6125,2991,3134,7000,3370,3630,6125,2937,3188,3500,1661,1839,875,421,454,
35005,3500,1749,1751,6126,2991,3135,7000,3370,3630,6125,2937,3188,3500,1661,1839,875,421,454,
35010,3501,1750,1751,6127,2992,3135,7002,3370,3632,6126,2938,3188,3500,1661,1839,875,421,454,
35015,3502,1751,1751,6127,2992,3135,7002,3370,3632,6127,2938,3189,3500,1661,1839,875,421,454,
35020,3503,1751,1752,6129,2993,3136,7005,3373,3632,6128,2938,3190,3501,1662,1839,875,421,454,
35025,3503,1751,1752,6130,2993,3137,7005,3373,3632,6129,2938,3191,3501,1662,1839,876,421,455,
35030,3504,1752,1752,6130,2993,3137,7006,3373,3633,6130,2938,3192,3503,1663,1840,876,421,455,
35035,3504,1752,1752,6131,2994,3137,7007,3374,3633,6131,2938,3193,3504,1664,1840,876,421,455,
35040,3504,1752,1752,6132,2995,3137,7008,3374,3634,6132,2938,3194,3504,1664,1840,876,421,455,
35045,3504,1752,1752,6133,2996,3137,7008,3374,3634,6132,2938,3194,3504,1664,1840,876,421,455,
35050,3505,1752,1753,6134,2997,3137,7010,3375,3635,6133,2938,3195,3504,1664,1840,876,421,455,
35055,3506,1753,1753,6134,2997,3137,7010,3375,3635,6134,2939,3195,3504,1664,1840,876,421,455,
35060,3507,1754,1753,6136,2998,3138,7013,3377,3636,6135,2939,3196,3505,1665,1840,876,421,455,
35065,3507,1754,1753,6137,2999,3138,7013,3377,3636,6136,2940,3196,3505,1665,1840,877,422,455,
35070,3508,1754,1754,6137,2999,3138,7014,3377,3637,6137,2940,3197,3507,1666,1841,877,422,455,
35075,3508,1754,1754,6138,2999,3139,7015,3377,3638,6138,2940,3198,3508,1666,1842,877,422,455,
35080,3508,1754,1754,6139,2999,3140,7016,3377,3639,6139,2941,3198,3508,1666,1842,877,422,455,
35085,3508,1754,1754,6140,2999,3141,7016,3377,3639,6139,2941,3198,3508,1666,1842,877,422,455,
35090,3509,1754,1755,6141,3000,3141,7018,3378,3640,6140,2941,3199,3508,1666,1842,877,422,455,
35095,3510,1754,1756,6141,3000,3141,7018,3378,3640,6141,2942,3199,3508,1666,1842,877,422,455,
35100,3511,1754,1757,6143,3000,3143,7021,3379,3642,6142,2942,3200,3509,1666,1843,877,422,455,
35105,3511,1754,1757,6144,3001,3143,7021,3379,3642,6143,2943,3200,3509,1666,1843,878,423,455,
35110,3512,1755,1757,6144,3001,3143,7022,3379,3643,6144,2944,3200,3511,1667,1844,878,423,455,
35115,3512,1755,1757,6145,3002,3143,7023,3380,3643,6145,2944,3201,3512,1667,1845,878,423,455,
35120,3512,1755,1757,6146,3002,3144,7024,3381,3643,6146,2944,3202,3512,1667,1845,878,423,455,
35125,3512,1755,1757,6147,3002,3145,7024,3381,3643,6146,2944,3202,3512,1667,1845,878,423,455,
35130,3513,1755,1758,6148,3003,3145,7026,3382,3644,6147,2944,3203,3512,1667,1845,878,423,455,
35135,3514,1756,1758,6148,3003,3145,7026,3382,3644,6148,2944,3204,3512,1667,1845,878,423,455,
35140,3515,1756,1759,6150,3005,3145,7029,3385,3644,6149,2945,3204,3513,1668,1845,878,423,455,
35145,3515,1756,1759,6151,3005,3146,7029,3385,3644,6150,2946,3204,3513,1668,1845,879,423,456,
35150,3516,1757,1759,6151,3005,3146,7030,3385,3645,6151,2947,3204,3515,1669,1846,879,423,456,
35155,3516,1757,1759,6152,3005,3147,7031,3385,3646,6152,2948,3204,3516,1670,1846,879,423,456,
35160,3516,1757,1759,6153,3005,3148,7032,3386,3646,6153,2948,3205,3516,1670,1846,879,423,456,
35165,3516,1757,1759,6154,3005,3149,7032,3386,3646,6153,2948,3205,3516,1670,1846,879,423,456,
35170,3517,1758,1759,6155,3006,3149,7034,3387,3647,6154,2949,3205,3516,1670,1846,879,423,456,
35175,3518,1759,1759,6155,3006,3149,7034,3387,3647,6155,2949,3206,3516,1670,1846,879,423,456,
35180,3519,1760,1759,6157,3006,3151,7037,3390,3647,6156,2949,3207,3517,1671,1846,879,423,456,
35185,3519,1760,1759,6158,3007,3151,7037,3390,3647,6157,2949,3208,3517,1671,1846,880,424,456,
35190,3520,1760,1760,6158,3007,3151,7038,3390,3648,6158,2950,3208,3519,1671,1848,880,424,456,
35195,3520,1760,1760,6159,3008,3151,7039,3391,3648,6159,2951,3208,3520,1672,1848,880,424,456,
35200,3520,1760,1760,6160,3008,3152,7040,3392,3648,6160,2952,3208,3520,1672,1848,880,424,456,
35205,3520,1760,1760,6161,3009,3152,7040,3392,3648,6160,2952,3208,3520,1672,1848,880,424,456,
35210,3521,1761,1760,6162,3010,3152,7042,3393,3649,6161,2953,3208,3520,1672,1848,880,424,456,
35215,3522,1761,1761,6162,3010,3152,7042,3393,3649,6162,2953,3209,3520,1672,1848,880,424,456,
35220,3523,1761,1762,6164,3010,3154,7045,3395,3650,6163,2953,3210,3521,1672,1849,880,424,456,
35225,3523,1761,1762,6165,3011,3154,7045,3395,3650,6164,2954,3210,3521,1672,1849,881,424,457,
35230,3524,1762,1762,6165,3011,3154,7046,3396,3650,6165,2954,3211,3523,1673,1850,881,424,457,
35235,3524,1762,1762,6166,3011,3155,7047,3396,3651,6166,2954,3212,3524,1674,1850,881,424,457,
35240,3524,1762,1762,6167,3012,3155,7048,3397,3651,6167,2954,3213,3524,1674,1850,881,424,457,
35245,3524,1762,1762,6168,3013,3155,7048,3397,3651,6167,2954,3213,3524,1674,1850,881,424,457,
35250,3525,1762,1763,6169,3014,3155,7050,3398,3652,6168,2954,3214,3524,1674,1850,881,424,457,
35255,3526,1763,1763,6169,3014,3155,7050,3398,3652,6169,2955,3214,3524,1674,1850,881,424,457,
35260,3527,1764,1763,6171,3014,3157,7053,3398,3655,6170,2955,3215,3525,1674,1851,881,424,457,
35265,3527,1764,1763,6172,3015,3157,7053,3398,3655,6171,2955,3216,3525,1674,1851,882,424,458,
35270,3528,1764,1764,6172,3015,3157,7054,3398,3656,6172,2955,3217,3527,1675,1852,882,424,458,
35275,3528,1764,1764,6173,3016,3157,7055,3399,3656,6173,2956,3217,3528,1675,1853,882,424,458,
35280,3528,1764,1764,6174,3017,3157,7056,3399,3657,6174,2957,3217,3528,1675,1853,882,424,458,
35285,3528,1764,1764,6175,3017,3158,7056,3399,3657,6174,2957,3217,3528,1675,1853,882,424,458,
35290,3529,1764,1765,6176,3017,3159,7058,3400,3658,6175,2957,3218,3528,1675,1853,882,424,458,
35295,3530,1765,1765,6176,3017,3159,7058,3400,3658,6176,2957,3219,3528,1675,1853,882,424,458,
35300,3531,1766,1765,6178,3018,3160,7061,3401,3660,6177,2957,3220,3529,1676,1853,882,424,458,
35305,3531,1766,1765,6179,3018,3161,7061,3401,3660,6178,2958,3220,3529,1676,1853,883,425,458,
35310,3532,1766,1766,6179,3018,3161,7062,3402,3660,6179,2959,3220,3531,1677,1854,883,425,458,
35315,3532,1766,1766,6180,3019,3161,7063,3402,3661,6180,2960,3220,3532,1677,1855,883,425,458,
35320,3532,1766,1766,6181,3019,3162,7064,3402,3662,6181,2961,3220,3532,1677,1855,883,425,458,
35325,3532,1766,1766,6182,3019,3163,7064,3402,3662,6181,2961,3220,3532,1677,1855,883,425,458,
35330,3533,1767,1766,6183,3020,3163,7066,3404,3662,6182,2962,3220,3532,1677,1855,883,425,458,
35335,3534,1767,1767,6183,3020,3163,7066,3404,3662,6183,2963,3220,3532,1677,1855,883,425,458,
35340,3535,1768,1767,6185,3020,3165,7069,3404,3665,6184,2964,3220,3533,1677,1856,883,425,458,
35345,3535,1768,1767,6186,3021,3165,7069,3404,3665,6185,2964,3221,3533,1677,1856,884,425,459,
35350,3536,1769,1767,6186,3021,3165,7070,3404,3666,6186,2965,3221,3535,1678,1857,884,425,459,
35355,3536,1769,1767,6187,3021,3166,7071,3404,3667,6187,2966,3221,3536,1678,1858,884,425,459,
35360,3536,1769,1767,6188,3022,3166,7072,3404,3668,6188,2967,3221,3536,1678,1858,884,425,459,
35365,3536,1769,1767,6189,3022,3167,7072,3404,3668,6188,2967,3221,3536,1678,1858,884,425,459,
35370,3537,1769,1768,6190,3023,3167,7074,3406,3668,6189,2967,3222,3536,1678,1858,884,425,459,
35375,3538,1769,1769,6190,3023,3167,7074,3406,3668,6190,2967,3223,3536,1678,1858,884,425,459,
35380,3539,1770,1769,6192,3023,3169,7077,3406,3671,6191,2967,3224,3537,1678,1859,884,425,459,
35385,3539,1770,1769,6193,3024,3169,7077,3406,3671,6192,2967,3225,3537,1678,1859,885,425,460,
35390,3540,1770,1770,6193,3024,3169,7078,3407,3671,6193,2968,3225,3539,1678,1861,885,425,460,
35395,3540,1770,1770,6194,3024,3170,7079,3408,3671,6194,2969,3225,3540,1679,1861,885,425,460,
35400,3540,1770,1770,6195,3024,3171,7080,3408,3672,6195,2969,3226,3540,1679,1861,885,425,460,
35405,3540,1770,1770,6196,3025,3171,7080,3408,3672,6195,2969,3226,3540,1679,1861,885,425,460,
35410,3541,1771,1770,6197,3025,3172,7082,3410,3672,6196,2969,3227,3540,1679,1861,885,425,460,
35415,3542,1771,1771,6197,3025,3172,7082,3410,3672,6197,2970,3227,3540,1679,1861,885,425,460,
35420,3543,1771,1772,6199,3026,3173,7085,3412,3673,6198,2970,3228,3541,1679,1862,885,425,460,
35425,3543,1771,1772,6200,3026,3174,7085,3412,3673,6199,2970,3229,3541,1679,1862,886,426,460,
35430,3544,1772,1772,6200,3026,3174,7086,3413,3673,6200,2970,3230,3543,1679,1864,886,426,460,
35435,3544,1772,1772,6201,3026,3175,7087,3413,3674,6201,2970,3231,3544,1679,1865,886,426,460,
35440,3544,1772,1772,6202,3026,3176,7088,3413,3675,6202,2971,3231,3544,1679,1865,886,426,460,
35445,3544,1772,1772,6203,3027,3176,7088,3413,3675,6202,2971,3231,3544,1679,1865,886,426,460,
35450,3545,1772,1773,6204,3027,3177,7090,3414,3676,6203,2972,3231,3544,1679,1865,886,426,460,
35455,3546,1772,1774,6204,3027,3177,7090,3414,3676,6204,2973,3231,3544,1679,1865,886,426,460,
35460,3547,1772,1775,6206,3028,3178,7093,3415,3678,6205,2973,3232,3545,1680,1865,886,426,460,
35465,3547,1772,1775,6207,3029,3178,7093,3415,3678,6206,2973,3233,3545,1680,1865,887,426,461,
35470,3548,1772,1776,6207,3029,3178,7094,3416,3678,6207,2974,3233,3547,1681,1866,887,426,461,
35475,3548,1772,1776,6208,3029,3179,7095,3417,3678,6208,2974,3234,3548,1682,1866,887,426,461,
35480,3548,1772,1776,6209,3029,3180,7096,3418,3678,6209,2974,3235,3548,1682,1866,887,426,461,
35485,3548,1772,1776,6210,3030,3180,7096,3418,3678,6209,2974,3235,3548,1682,1866,887,426,461,
35490,3549,1773,1776,6211,3030,3181,7098,3419,3679,6210,2974,3236,3548,1682,1866,887,426,461,
35495,3550,1774,1776,6211,3030,3181,7098,3419,3679,6211,2974,3237,3548,1682,1866,887,426,461,
35500,3551,1774,1777,6213,3031,3182,7101,3422,3679,6212,2974,3238,3549,1683,1866,887,426,461,
35505,3551,1774,1777,6214,3031,3183,7101,3422,3679,6213,2975,3238,3549,1683,1866,888,427,461,
35510,3552,1774,1778,6214,3031,3183,7102,3422,3680,6214,2976,3238,3551,1684,1867,888,427,461,
35515,3552,1774,1778,6215,3031,3184,7103,3422,3681,6215,2977,3238,3552,1685,1867,888,427,461,
35520,3552,1774,1778,6216,3031,3185,7104,3422,3682,6216,2977,3239,3552,1685,1867,888,427,461,
35525,3552,1774,1778,6217,3032,3185,7104,3422,3682,6216,2977,3239,3552,1685,1867,888,427,461,
35530,3553,1774,1779,6218,3032,3186,7106,3422,3684,6217,2978,3239,3552,1685,1867,888,427,461,
35535,3554,1774,1780,6218,3032,3186,7106,3422,3684,6218,2978,3240,3552,1685,1867,888,427,461,
35540,3555,1774,1781,6220,3034,3186,7109,3424,3685,6219,2978,3241,3553,1685,1868,888,427,461,
35545,3555,1774,1781,6221,3035,3186,7109,3424,3685,6220,2978,3242,3553,1685,1868,889,427,462,
35550,3556,1775,1781,6221,3035,3186,7110,3424,3686,6221,2978,3243,3555,1687,1868,889,427,462,
35555,3556,1775,1781,6222,3035,3187,7111,3425,3686,6222,2979,3243,3556,1687,1869,889,427,462,
35560,3556,1775,1781,6223,3035,3188,7112,3426,3686,6223,2979,3244,3556,1687,1869,889,427,462,
35565,3556,1775,1781,6224,3035,3189,7112,3426,3686,6223,2979,3244,3556,1687,1869,889,427,462,
35570,3557,1776,1781,6225,3036,3189,7114,3427,3687,6224,2980,3244,3556,1687,1869,889,427,462,
35575,3558,1776,1782,6225,3036,3189,7114,3427,3687,6225,2980,3245,3556,1687,1869,889,427,462,
35580,3559,1776,1783,6227,3036,3191,7117,3427,3690,6226,2980,3246,3557,1688,1869,889,427,462,
35585,3559,1776,1783,6228,3036,3192,7117,3427,3690,6227,2980,3247,3557,1688,1869,890,427,463,
35590,3560,1776,1784,6228,3036,3192,7118,3427,3691,6228,2980,3248,3559,1690,1869,890,427,463,
35595,3560,1776,1784,6229,3037,3192,7119,3428,3691,6229,2981,3248,3560,1691,1869,890,427,463,
35600,3560,1776,1784,6230,3037,3193,7120,3428,3692,6230,2981,3249,3560,1691,1869,890,427,463,
35605,3560,1776,1784,6231,3038,3193,7120,3428,3692,6230,2981,3249,3560,1691,1869,890,427,463,
35610,3561,1776,1785,6232,3039,3193,7122,3429,3693,6231,2981,3250,3560,1691,1869,890,427,463,
35615,3562,1777,1785,6232,3039,3193,7122,3429,3693,6232,2981,3251,3560,1691,1869,890,427,463,
35620,3563,1778,1785,6234,3039,3195,7125,3431,3694,6233,2981,3252,3561,1691,1870,890,427,463,
35625,3563,1778,1785,6235,3039,3196,7125,3431,3694,6234,2981,3253,3561,1691,1870,891,427,464,
35630,3564,1778,1786,6235,3039,3196,7126,3431,3695,6235,2982,3253,3563,1691,1872,891,427,464,
35635,3564,1778,1786,6236,3039,3197,7127,3432,3695,6236,2982,3254,3564,1692,1872,891,427,464,
35640,3564,1778,1786,6237,3040,3197,7128,3432,3696,6237,2983,3254,3564,1692,1872,891,427,464,
35645,3564,1778,1786,6238,3041,3197,7128,3432,3696,6237,2983,3254,3564,1692,1872,891,427,464,
35650,3565,1778,1787,6239,3042,3197,7130,3432,3698,6238,2983,3255,3564,1692,1872,891,427,464,
35655,3566,1778,1788,6239,3042,3197,7130,3432,3698,6239,2983,3256,3564,1692,1872,891,427,464,
35660,3567,1779,1788,6241,3042,3199,7133,3432,3701,6240,2983,3257,3565,1692,1873,891,427,464,
35665,3567,1779,1788,6242,3042,3200,7133,3432,3701,6241,2984,3257,3565,1692,1873,892,427,465,
35670,3568,1779,1789,6242,3042,3200,7134,3433,3701,6242,2985,3257,3567,1692,1875,892,427,465,
35675,3568,1779,1789,6243,3042,3201,7135,3434,3701,6243,2986,3257,3568,1693,1875,892,427,465,
35680,3568,1779,1789,6244,3043,3201,7136,3434,3702,6244,2987,3257,3568,1693,1875,892,427,465,
35685,3568,1779,1789,6245,3043,3202,7136,3434,3702,6244,2987,3257,3568,1693,1875,892,427,465,
35690,3569,1779,1790,6246,3043,3203,7138,3435,3703,6245,2988,3257,3568,1693,1875,892,427,465,
35695,3570,1780,1790,6246,3043,3203,7138,3435,3703,6246,2988,3258,3568,1693,1875,892,427,465,
35700,3571,1781,1790,6248,3045,3203,7141,3435,3706,6247,2989,3258,3569,1693,1876,892,427,465,
35705,3571,1781,1790,6249,3046,3203,7141,3435,3706,6248,2990,3258,3569,1693,1876,893,428,465,
35710,3572,1782,1790,6249,3046,3203,7142,3435,3707,6249,2990,3259,3571,1694,1877,893,428,465,
35715,3572,1782,1790,6250,3046,3204,7143,3435,3708,6250,2990,3260,3572,1695,1877,893,428,465,
35720,3572,1782,1790,6251,3047,3204,7144,3436,3708,6251,2991,3260,3572,1695,1877,893,428,465,
35725,3572,1782,1790,6252,3048,3204,7144,3436,3708,6251,2991,3260,3572,1695,1877,893,428,465,
35730,3573,1783,1790,6253,3048,3205,7146,3438,3708,6252,2992,3260,3572,1695,1877,893,428,465,
35735,3574,1783,1791,6253,3048,3205,7146,3438,3708,6253,2992,3261,3572,1695,1877,893,428,465,
35740,3575,1783,1792,6255,3049,3206,7149,3439,3710,6254,2992,3262,3573,1696,1877,893,428,465,
35745,3575,1783,1792,6256,3049,3207,7149,3439,3710,6255,2993,3262,3573,1696,1877,894,428,466,
35750,3576,1783,1793,6256,3049,3207,7150,3439,3711,6256,2994,3262,3575,1697,1878,894,428,466,
35755,3576,1783,1793,6257,3050,3207,7151,3439,3712,6257,2994,3263,3576,1697,1879,894,428,466,
35760,3576,1783,1793,6258,3050,3208,7152,3440,3712,6258,2994,3264,3576,1697,1879,894,428,466,
35765,3576,1783,1793,6259,3051,3208,7152,3440,3712,6258,2994,3264,3576,1697,1879,894,428,466,
35770,3577,1784,1793,6260,3051,3209,7154,3440,3714,6259,2994,3265,3576,1697,1879,894,428,466,
35775,3578,1784,1794,6260,3051,3209,7154,3440,3714,6260,2995,3265,3576,1697,1879,894,428,466,
35780,3579,1784,1795,6262,3052,3210,7157,3440,3717,6261,2995,3266,3577,1697,1880,894,428,466,
35785,3579,1784,1795,6263,3053,3210,7157,3440,3717,6262,2995,3267,3577,1697,1880,895,429,466,
35790,3580,1784,1796,6263,3053,3210,7158,3440,3718,6263,2995,3268,3579,1698,1881,895,429,466,
35795,3580,1784,1796,6264,3053,3211,7159,3440,3719,6264,2996,3268,3580,1699,1881,895,429,466,
35800,3580,1784,1796,6265,3054,3211,7160,3440,3720,6265,2996,3269,3580,1699,1881,895,429,466,
35805,3580,1784,1796,6266,3055,3211,7160,3440,3720,6265,2996,3269,3580,1699,1881,895,429,466,
35810,3581,1784,1797,6267,3055,3212,7162,3442,3720,6266,2997,3269,3580,1699,1881,895,429,466,
35815,3582,1784,1798,6267,3055,3212,7162,3442,3720,6267,2997,3270,3580,1699,1881,895,429,466,
35820,3583,1784,1799,6269,3055,3214,7165,3443,3722,6268,2997,3271,3581,1700,1881,895,429,466,
35825,3583,1784,1799,6270,3055,3215,7165,3443,3722,6269,2998,3271,3581,1700,1881,896,430,466,
35830,3584,1785,1799,6270,3055,3215,7166,3444,3722,6270,2999,3271,3583,1702,1881,896,430,466,
35835,3584,1785,1799,6271,3056,3215,7167,3445,3722,6271,3000,3271,3584,1703,1881,896,430,466,
35840,3584,1785,1799,6272,3056,3216,7168,3446,3722,6272,3001,3271,3584,1703,1881,896,430,466,
35845,3584,1785,1799,6273,3057,3216,7168,3446,3722,6272,3001,3271,3584,1703,1881,896,430,466,
35850,3585,1786,1799,6274,3057,3217,7170,3448,3722,6273,3001,3272,3584,1703,1881,896,430,466,
35855,3586,1787,1799,6274,3057,3217,7170,3448,3722,6274,3001,3273,3584,1703,1881,896,430,466,
35860,3587,1788,1799,6276,3057,3219,7173,3448,3725,6275,3001,3274,3585,1703,1882,896,430,466,
35865,3587,1788,1799,6277,3057,3220,7173,3448,3725,6276,3002,3274,3585,1703,1882,897,431,466,
35870,3588,1788,1800,6277,3057,3220,7174,3448,3726,6277,3002,3275,3587,1704,1883,897,431,466,
35875,3588,1788,1800,6278,3057,3221,7175,3448,3727,6278,3002,3276,3588,1704,1884,897,431,466,
35880,3588,1788,1800,6279,3057,3222,7176,3449,3727,6279,3003,3276,3588,1704,1884,897,431,466,
35885,3588,1788,1800,6280,3057,3223,7176,3449,3727,6279,3003,3276,3588,1704,1884,897,431,466,
35890,3589,1788,1801,6281,3057,3224,7178,3451,3727,6280,3003,3277,3588,1704,1884,897,431,466,
35895,3590,1789,1801,6281,3057,3224,7178,3451,3727,6281,3004,3277,3588,1704,1884,897,431,466,
35900,3591,1789,1802,6283,3058,3225,7181,3452,3729,6282,3004,3278,3589,1705,1884,897,431,466,
35905,3591,1789,1802,6284,3058,3226,7181,3452,3729,6283,3004,3279,3589,1705,1884,898,432,466,
35910,3592,1789,1803,6284,3058,3226,7182,3453,3729,6284,3004,3280,3591,1706,1885,898,432,466,
35915,3592,1789,1803,6285,3059,3226,7183,3454,3729,6285,3004,3281,3592,1707,1885,898,432,466,
35920,3592,1789,1803,6286,3060,3226,7184,3455,3729,6286,3004,3282,3592,1707,1885,898,432,466,
35925,3592,1789,1803,6287,3061,3226,7184,3455,3729,6286,3004,3282,3592,1707,1885,898,432,466,
35930,3593,1790,1803,6288,3062,3226,7186,3455,3731,6287,3004,3283,3592,1707,1885,898,432,466,
35935,3594,1790,1804,6288,3062,3226,7186,3455,3731,6288,3004,3284,3592,1707,1885,898,432,466,
35940,3595,1791,1804,6290,3063,3227,7189,3457,3732,6289,3004,3285,3593,1707,1886,898,432,466,
35945,3595,1791,1804,6291,3063,3228,7189,3457,3732,6290,3004,3286,3593,1707,1886,899,433,466,
35950,3596,1791,1805,6291,3063,3228,7190,3458,3732,6291,3004,3287,3595,1708,1887,899,433,466,
35955,3596,1791,1805,6292,3064,3228,7191,3459,3732,6292,3004,3288,3596,1708,1888,899,433,466,
35960,3596,1791,1805,6293,3065,3228,7192,3459,3733,6293,3005,3288,3596,1708,1888,899,433,466,
35965,3596,1791,1805,6294,3065,3229,7192,3459,3733,6293,3005,3288,3596,1708,1888,899,433,466,
35970,3597,1791,1806,6295,3065,3230,7194,3460,3734,6294,3005,3289,3596,1708,1888,899,433,466,
35975,3598,1792,1806,6295,3065,3230,7194,3460,3734,6295,3006,3289,3596,1708,1888,899,433,466,
35980,3599,1793,1806,6297,3066,3231,7197,3461,3736,6296,3007,3289,3597,1709,1888,899,433,466,
35985,3599,1793,1806,6298,3066,3232,7197,3461,3736,6297,3008,3289,3597,1709,1888,900,434,466,
35990,3600,1794,1806,6298,3066,3232,7198,3462,3736,6298,3009,3289,3599,1709,1890,900,434,466,
35995,3600,1794,1806,6299,3067,3232,7199,3463,3736,6299,3010,3289,3600,1710,1890,900,434,466,
36000,3600,1794,1806,6300,3067,3233,7200,3464,3736,6300,3010,3290,3600,1710,1890,900,434,466,
36005,3600,1794,1806,6301,3068,3233,7200,3464,3736,6300,3010,3290,3600,1710,1890,900,434,466,
36010,3601,1794,1807,6302,3068,3234,7202,3465,3737,6301,3010,3291,3600,1710,1890,900,434,466,
36015,3602,1795,1807,6302,3068,3234,7202,3465,3737,6302,3011,3291,3600,1710,1890,900,434,466,
36020,3603,1796,1807,6304,3069,3235,7205,3467,3738,6303,3011,3292,3601,1711,1890,900,434,466,
36025,3603,1796,1807,6305,3069,3236,7205,3467,3738,6304,3012,3292,3601,1711,1890,901,434,467,
36030,3604,1796,1808,6305,3069,3236,7206,3467,3739,6305,3012,3293,3603,1712,1891,901,434,467,
36035,3604,1796,1808,6306,3070,3236,7207,3468,3739,6306,3013,3293,3604,1713,1891,901,434,467,
36040,3604,1796,1808,6307,3070,3237,7208,3468,3740,6307,3013,3294,3604,1713,1891,901,434,467,
36045,3604,1796,1808,6308,3071,3237,7208,3468,3740,6307,3013,3294,3604,1713,1891,901,434,467,
36050,3605,1797,1808,6309,3072,3237,7210,3469,3741,6308,3014,3294,3604,1713,1891,901,434,467,
36055,3606,1797,1809,6309,3072,3237,7210,3469,3741,6309,3015,3294,3604,1713,1891,901,434,467,
36060,3607,1797,1810,6311,3074,3237,7213,3470,3743,6310,3015,3295,3605,1713,1892,901,434,467,
36065,3607,1797,1810,6312,3075,3237,7213,3470,3743,6311,3015,3296,3605,1713,1892,902,435,467,
36070,3608,1798,1810,6312,3075,3237,7214,3471,3743,6312,3016,3296,3607,1713,1894,902,435,467,
36075,3608,1798,1810,6313,3076,3237,7215,3471,3744,6313,3016,3297,3608,1713,1895,902,435,467,
36080,3608,1798,1810,6314,3077,3237,7216,3471,3745,6314,3017,3297,3608,1713,1895,902,435,467,
36085,3608,1798,1810,6315,3078,3237,7216,3471,3745,6314,3017,3297,3608,1713,1895,902,435,467,
36090,3609,1798,1811,6316,3079,3237,7218,3472,3746,6315,3017,3298,3608,1713,1895,902,435,467,
36095,3610,1798,1812,6316,3079,3237,7218,3472,3746,6316,3018,3298,3608,1713,1895,902,435,467,
36100,3611,1798,1813,6318,3079,3239,7221,3475,3746,6317,3019,3298,3609,1714,1895,902,435,467,
36105,3611,1798,1813,6319,3079,3240,7221,3475,3746,6318,3020,3298,3609,1714,1895,903,435,468,
36110,3612,1798,1814,6319,3079,3240,7222,3475,3747,6319,3021,3298,3611,1714,1897,903,435,468,
36115,3612,1798,1814,6320,3079,3241,7223,3476,3747,6320,3021,3299,3612,1715,1897,903,435,468,
36120,3612,1798,1814,6321,3079,3242,7224,3477,3747,6321,3021,3300,3612,1715,1897,903,435,468,
36125,3612,1798,1814,6322,3079,3243,7224,3477,3747,6321,3021,3300,3612,1715,1897,903,435,468,
36130,3613,1798,1815,6323,3079,3244,7226,3477,3749,6322,3022,3300,3612,1715,1897,903,435,468,
36135,3614,1799,1815,6323,3079,3244,7226,3477,3749,6323,3022,3301,3612,1715,1897,903,435,468,
36140,3615,1800,1815,6325,3080,3245,7229,3479,3750,6324,3022,3302,3613,1715,1898,903,435,468,
36145,3615,1800,1815,6326,3081,3245,7229,3479,3750,6325,3022,3303,3613,1715,1898,904,435,469,
36150,3616,1801,1815,6326,3081,3245,7230,3480,3750,6326,3023,3303,3615,1716,1899,904,435,469,
36155,3616,1801,1815,6327,3081,3246,7231,3480,3751,6327,3023,3304,3616,1717,1899,904,435,469,
36160,3616,1801,1815,6328,3081,3247,7232,3481,3751,6328,3023,3305,3616,1717,1899,904,435,469,
36165,3616,1801,1815,6329,3082,3247,7232,3481,3751,6328,3023,3305,3616,1717,1899,904,435,469,
36170,3617,1801,1816,6330,3083,3247,7234,3482,3752,6329,3023,3306,3616,1717,1899,904,435,469,
36175,3618,1802,1816,6330,3083,3247,7234,3482,3752,6330,3023,3307,3616,1717,1899,904,435,469,
36180,3619,1802,1817,6332,3084,3248,7237,3483,3754,6331,3023,3308,3617,1718,1899,904,435,469,
36185,3619,1802,1817,6333,3085,3248,7237,3483,3754,6332,3024,3308,3617,1718,1899,905,436,469,
36190,3620,1803,1817,6333,3085,3248,7238,3484,3754,6333,3024,3309,3619,1719,1900,905,436,469,
36195,3620,1803,1817,6334,3086,3248,7239,3485,3754,6334,3025,3309,3620,1719,1901,905,436,469,
36200,3620,1803,1817,6335,3087,3248,7240,3485,3755,6335,3026,3309,3620,1719,1901,905,436,469,
36205,3620,1803,1817,6336,3087,3249,7240,3485,3755,6335,3026,3309,3620,1719,1901,905,436,469,
36210,3621,1804,1817,6337,3088,3249,7242,3485,3757,6336,3026,3310,3620,1719,1901,905,436,469,
36215,3622,1805,1817,6337,3088,3249,7242,3485,3757,6337,3026,3311,3620,1719,1901,905,436,469,
36220,3623,1805,1818,6339,3089,3250,7245,3486,3759,6338,3026,3312,3621,1719,1902,905,436,469,
36225,3623,1805,1818,6340,3089,3251,7245,3486,3759,6339,3027,3312,3621,1719,1902,906,436,470,
36230,3624,1805,1819,6340,3089,3251,7246,3486,3760,6340,3028,3312,3623,1720,1903,906,436,470,
36235,3624,1805,1819,6341,3089,3252,7247,3486,3761,6341,3028,3313,3624,1720,1904,906,436,470,
36240,3624,1805,1819,6342,3090,3252,7248,3486,3762,6342,3028,3314,3624,1720,1904,906,436,470,
36245,3624,1805,1819,6343,3091,3252,7248,3486,3762,6342,3028,3314,3624,1720,1904,906,436,470,
36250,3625,1806,1819,6344,3092,3252,7250,3487,3763,6343,3028,3315,3624,1720,1904,906,436,470,
36255,3626,1807,1819,6344,3092,3252,7250,3487,3763,6344,3028,3316,3624,1720,1904,906,436,470,
36260,3627,1807,1820,6346,3093,3253,7253,3490,3763,6345,3028,3317,3625,1720,1905,906,436,470,
36265,3627,1807,1820,6347,3094,3253,7253,3490,3763,6346,3028,3318,3625,1720,1905,907,437,470,
36270,3628,1807,1821,6347,3094,3253,7254,3491,3763,6347,3028,3319,3627,1720,1907,907,437,470,
36275,3628,1807,1821,6348,3094,3254,7255,3491,3764,6348,3028,3320,3628,1721,1907,907,437,470,
36280,3628,1807,1821,6349,3094,3255,7256,3491,3765,6349,3028,3321,3628,1721,1907,907,437,470,
36285,3628,1807,1821,6350,3095,3255,7256,3491,3765,6349,3028,3321,3628,1721,1907,907,437,470,
36290,3629,1807,1822,6351,3096,3255,7258,3491,3767,6350,3028,3322,3628,1721,1907,907,437,470,
36295,3630,1807,1823,6351,3096,3255,7258,3491,3767,6351,3028,3323,3628,1721,1907,907,437,470,
36300,3631,1807,1824,6353,3097,3256,7261,3494,3767,6352,3028,3324,3629,1721,1908,907,437,470,
36305,3631,1807,1824,6354,3098,3256,7261,3494,3767,6353,3029,3324,3629,1721,1908,908,437,471,
36310,3632,1808,1824,6354,3098,3256,7262,3494,3768,6354,3029,3325,3631,1722,1909,908,437,471,
36315,3632,1808,1824,6355,3099,3256,7263,3494,3769,6355,3029,3326,3632,1722,1910,908,437,471,
36320,3632,1808,1824,6356,3100,3256,7264,3495,3769,6356,3029,3327,3632,1722,1910,908,437,471,
36325,3632,1808,1824,6357,3101,3256,7264,3495,3769,6356,3029,3327,3632,1722,1910,908,437,471,
36330,3633,1808,1825,6358,3101,3257,7266,3496,3770,6357,3030,3327,3632,1722,1910,908,437,471,
36335,3634,1809,1825,6358,3101,3257,7266,3496,3770,6358,3030,3328,3632,1722,1910,908,437,471,
36340,3635,1809,1826,6360,3103,3257,7269,3496,3773,6359,3031,3328,3633,1723,1910,908,437,471,
36345,3635,1809,1826,6361,3103,3258,7269,3496,3773,6360,3031,3329,3633,1723,1910,909,437,472,
36350,3636,1810,1826,6361,3103,3258,7270,3497,3773,6361,3031,3330,3635,1724,1911,909,437,472,
36355,3636,1810,1826,6362,3104,3258,7271,3497,3774,6362,3031,3331,3636,1724,1912,909,437,472,
36360,3636,1810,1826,6363,3105,3258,7272,3497,3775,6363,3031,3332,3636,1724,1912,909,437,472,
36365,3636,1810,1826,6364,3105,3259,7272,3497,3775,6363,3031,3332,3636,1724,1912,909,437,472,
36370,3637,1810,1827,6365,3106,3259,7274,3499,3775,6364,3031,3333,3636,1724,1912,909,437,472,
36375,3638,1811,1827,6365,3106,3259,7274,3499,3775,6365,3032,3333,3636,1724,1912,909,437,472,
36380,3639,1812,1827,6367,3108,3259,7277,3502,3775,6366,3033,3333,3637,1725,1912,909,437,472,
36385,3639,1812,1827,6368,3109,3259,7277,3502,3775,6367,3034,3333,3637,1725,1912,910,437,473,
36390,3640,1813,1827,6368,3109,3259,7278,3503,3775,6368,3034,3334,3639,1725,1914,910,437,473,
36395,3640,1813,1827,6369,3109,3260,7279,3504,3775,6369,3034,3335,3640,1726,1914,910,437,473,
36400,3640,1813,1827,6370,3109,3261,7280,3505,3775,6370,3034,3336,3640,1726,1914,910,437,473,
36405,3640,1813,1827,6371,3109,3262,7280,3505,3775,6370,3034,3336,3640,1726,1914,910,437,473,
36410,3641,1813,1828,6372,3110,3262,7282,3506,3776,6371,3034,3337,3640,1726,1914,910,437,473,
36415,3642,1813,1829,6372,3110,3262,7282,3506,3776,6372,3034,3338,3640,1726,1914,910,437,473,
36420,3643,1813,1830,6374,3110,3264,7285,3508,3777,6373,3034,3339,3641,1726,1915,910,437,473,
36425,3643,1813,1830,6375,3110,3265,7285,3508,3777,6374,3035,3339,3641,1726,1915,911,437,474,
36430,3644,1814,1830,6375,3110,3265,7286,3509,3777,6375,3036,3339,3643,1727,1916,911,437,474,
36435,3644,1814,1830,6376,3111,3265,7287,3509,3778,6376,3037,3339,3644,1727,1917,911,437,474,
36440,3644,1814,1830,6377,3112,3265,7288,3509,3779,6377,3038,3339,3644,1727,1917,911,437,474,
36445,3644,1814,1830,6378,3113,3265,7288,3509,3779,6377,3038,3339,3644,1727,1917,911,437,474,
36450,3645,1814,1831,6379,3114,3265,7290,3511,3779,6378,3039,3339,3644,1727,1917,911,437,474,
36455,3646,1814,1832,6379,3114,3265,7290,3511,3779,6379,3040,3339,3644,1727,1917,911,437,474,
36460,3647,1814,1833,6381,3115,3266,7293,3511,3782,6380,3041,3339,3645,1727,1918,911,437,474,
36465,3647,1814,1833,6382,3115,3267,7293,3511,3782,6381,3041,3340,3645,1727,1918,912,437,475,
36470,3648,1815,1833,6382,3115,3267,7294,3511,3783,6382,3042,3340,3647,1727,1920,912,437,475,
36475,3648,1815,1833,6383,3116,3267,7295,3511,3784,6383,3042,3341,3648,1727,1921,912,437,475,
36480,3648,1815,1833,6384,3116,3268,7296,3512,3784,6384,3042,3342,3648,1727,1921,912,437,475,
36485,3648,1815,1833,6385,3117,3268,7296,3512,3784,6384,3042,3342,3648,1727,1921,912,437,475,
36490,3649,1816,1833,6386,3118,3268,7298,3513,3785,6385,3043,3342,3648,1727,1921,912,437,475,
36495,3650,1816,1834,6386,3118,3268,7298,3513,3785,6386,3043,3343,3648,1727,1921,912,437,475,
36500,3651,1817,1834,6388,3120,3268,7301,3515,3786,6387,3044,3343,3649,1727,1922,912,437,475,
36505,3651,1817,1834,6389,3120,3269,7301,3515,3786,6388,3045,3343,3649,1727,1922,913,437,476,
36510,3652,1818,1834,6389,3120,3269,7302,3516,3786,6389,3046,3343,3651,1728,1923,913,437,476,
36515,3652,1818,1834,6390,3120,3270,7303,3517,3786,6390,3046,3344,3652,1729,1923,913,437,476,
36520,3652,1818,1834,6391,3121,3270,7304,3517,3787,6391,3047,3344,3652,1729,1923,913,437,476,
36525,3652,1818,1834,6392,3121,3271,7304,3517,3787,6391,3047,3344,3652,1729,1923,913,437,476,
36530,3653,1819,1834,6393,3121,3272,7306,3518,3788,6392,3047,3345,3652,1729,1923,913,437,476,
36535,3654,1820,1834,6393,3121,3272,7306,3518,3788,6393,3047,3346,3652,1729,1923,913,437,476,
36540,3655,1821,1834,6395,3122,3273,7309,3518,3791,6394,3047,3347,3653,1729,1924,913,437,476,
36545,3655,1821,1834,6396,3123,3273,7309,3518,3791,6395,3048,3347,3653,1729,1924,914,437,477,
36550,3656,1822,1834,6396,3123,3273,7310,3518,3792,6396,3048,3348,3655,1729,1926,914,437,477,
36555,3656,1822,1834,6397,3123,3274,7311,3518,3793,6397,3048,3349,3656,1729,1927,914,437,477,
36560,3656,1822,1834,6398,3124,3274,7312,3519,3793,6398,3048,3350,3656,1729,1927,914,437,477,
36565,3656,1822,1834,6399,3124,3275,7312,3519,3793,6398,3048,3350,3656,1729,1927,914,437,477,
36570,3657,1822,1835,6400,3124,3276,7314,3519,3795,6399,3048,3351,3656,1729,1927,914,437,477,
36575,3658,1822,1836,6400,3124,3276,7314,3519,3795,6400,3048,3352,3656,1729,1927,914,437,477,
36580,3659,1823,1836,6402,3126,3276,7317,3519,3798,6401,3048,3353,3657,1730,1927,914,437,477,
36585,3659,1823,1836,6403,3126,3277,7317,3519,3798,6402,3049,3353,3657,1730,1927,915,437,478,
36590,3660,1823,1837,6403,3126,3277,7318,3520,3798,6403,3050,3353,3659,1731,1928,915,437,478,
36595,3660,1823,1837,6404,3126,3278,7319,3521,3798,6404,3050,3354,3660,1731,1929,915,437,478,
36600,3660,1823,1837,6405,3126,3279,7320,3521,3799,6405,3050,3355,3660,1731,1929,915,437,478,
36605,3660,1823,1837,6406,3126,3280,7320,3521,3799,6405,3050,3355,3660,1731,1929,915,437,478,
36610,3661,1824,1837,6407,3126,3281,7322,3522,3800,6406,3050,3356,3660,1731,1929,915,437,478,
36615,3662,1825,1837,6407,3126,3281,7322,3522,3800,6407,3051,3356,3660,1731,1929,915,437,478,
36620,3663,1826,1837,6409,3128,3281,7325,3522,3803,6408,3051,3357,3661,1732,1929,915,437,478,
36625,3663,1826,1837,6410,3128,3282,7325,3522,3803,6409,3051,3358,3661,1732,1929,916,438,478,
36630,3664,1826,1838,6410,3128,3282,7326,3523,3803,6410,3052,3358,3663,1733,1930,916,438,478,
36635,3664,1826,1838,6411,3128,3283,7327,3523,3804,6411,3052,3359,3664,1733,1931,916,438,478,
36640,3664,1826,1838,6412,3128,3284,7328,3523,3805,6412,3052,3360,3664,1733,1931,916,438,478,
36645,3664,1826,1838,6413,3128,3285,7328,3523,3805,6412,3052,3360,3664,1733,1931,916,438,478,
36650,3665,1827,1838,6414,3128,3286,7330,3525,3805,6413,3052,3361,3664,1733,1931,916,438,478,
36655,3666,1828,1838,6414,3128,3286,7330,3525,3805,6414,3053,3361,3664,1733,1931,916,438,478,
36660,3667,1828,1839,6416,3129,3287,7333,3526,3807,6415,3054,3361,3665,1733,1932,916,438,478,
36665,3667,1828,1839,6417,3129,3288,7333,3526,3807,6416,3055,3361,3665,1733,1932,917,439,478,
36670,3668,1828,1840,6417,3129,3288,7334,3526,3808,6417,3056,3361,3667,1733,1934,917,439,478,
36675,3668,1828,1840,6418,3129,3289,7335,3527,3808,6418,3056,3362,3668,1733,1935,917,439,478,
36680,3668,1828,1840,6419,3130,3289,7336,3528,3808,6419,3057,3362,3668,1733,1935,917,439,478,
36685,3668,1828,1840,6420,3130,3290,7336,3528,3808,6419,3057,3362,3668,1733,1935,917,439,478,
36690,3669,1829,1840,6421,3130,3291,7338,3528,3810,6420,3058,3362,3668,1733,1935,917,439,478,
36695,3670,1830,1840,6421,3130,3291,7338,3528,3810,6421,3059,3362,3668,1733,1935,917,439,478,
36700,3671,1830,1841,6423,3130,3293,7341,3531,3810,6422,3060,3362,3669,1733,1936,917,439,478,
36705,3671,1830,1841,6424,3130,3294,7341,3531,3810,6423,3061,3362,3669,1733,1936,918,440,478,
36710,3672,1830,1842,6424,3130,3294,7342,3531,3811,6424,3062,3362,3671,1733,1938,918,440,478,
36715,3672,1830,1842,6425,3130,3295,7343,3532,3811,6425,3063,3362,3672,1734,1938,918,440,478,
36720,3672,1830,1842,6426,3131,3295,7344,3533,3811,6426,3063,3363,3672,1734,1938,918,440,478,
36725,3672,1830,1842,6427,3132,3295,7344,3533,3811,6426,3063,3363,3672,1734,1938,918,440,478,
36730,3673,1831,1842,6428,3132,3296,7346,3534,3812,6427,3063,3364,3672,1734,1938,918,440,478,
36735,3674,1832,1842,6428,3132,3296,7346,3534,3812,6428,3063,3365,3672,1734,1938,918,440,478,
36740,3675,1833,1842,6430,3133,3297,7349,3535,3814,6429,3064,3365,3673,1735,1938,918,440,478,
36745,3675,1833,1842,6431,3133,3298,7349,3535,3814,6430,3064,3366,3673,1735,1938,919,441,478,
36750,3676,1833,1843,6431,3133,3298,7350,3535,3815,6431,3064,3367,3675,1737,1938,919,441,478,
36755,3676,1833,1843,6432,3133,3299,7351,3535,3816,6432,3065,3367,3676,1737,1939,919,441,478,
36760,3676,1833,1843,6433,3134,3299,7352,3535,3817,6433,3065,3368,3676,1737,1939,919,441,478,
36765,3676,1833,1843,6434,3135,3299,7352,3535,3817,6433,3065,3368,3676,1737,1939,919,441,478,
36770,3677,1834,1843,6435,3136,3299,7354,3536,3818,6434,3065,3369,3676,1737,1939,919,441,478,
36775,3678,1835,1843,6435,3136,3299,7354,3536,3818,6435,3066,3369,3676,1737,1939,919,441,478,
36780,3679,1835,1844,6437,3137,3300,7357,3537,3820,6436,3066,3370,3677,1738,1939,919,441,478,
36785,3679,1835,1844,6438,3138,3300,7357,3537,3820,6437,3066,3371,3677,1738,1939,920,442,478,
36790,3680,1836,1844,6438,3138,3300,7358,3538,3820,6438,3067,3371,3679,1738,1941,920,442,478,
36795,3680,1836,1844,6439,3139,3300,7359,3538,3821,6439,3068,3371,3680,1739,1941,920,442,478,
36800,3680,1836,1844,6440,3140,3300,7360,3538,3822,6440,3069,3371,3680,1739,1941,920,442,478,
36805,3680,1836,1844,6441,3141,3300,7360,3538,3822,6440,3069,3371,3680,1739,1941,920,442,478,
36810,3681,1836,1845,6442,3142,3300,7362,3539,3823,6441,3069,3372,3680,1739,1941,920,442,478,
36815,3682,1837,1845,6442,3142,3300,7362,3539,3823,6442,3070,3372,3680,1739,1941,920,442,478,
36820,3683,1838,1845,6444,3143,3301,7365,3541,3824,6443,3070,3373,3681,1739,1942,920,442,478,
36825,3683,1838,1845,6445,3144,3301,7365,3541,3824,6444,3071,3373,3681,1739,1942,921,442,479,
36830,3684,1839,1845,6445,3144,3301,7366,3541,3825,6445,3072,3373,3683,1740,1943,921,442,479,
36835,3684,1839,1845,6446,3144,3302,7367,3542,3825,6446,3072,3374,3684,1740,1944,921,442,479,
36840,3684,1839,1845,6447,3144,3303,7368,3542,3826,6447,3073,3374,3684,1740,1944,921,442,479,
36845,3684,1839,1845,6448,3144,3304,7368,3542,3826,6447,3073,3374,3684,1740,1944,921,442,479,
36850,3685,1839,1846,6449,3144,3305,7370,3544,3826,6448,3074,3374,3684,1740,1944,921,442,479,
36855,3686,1839,1847,6449,3144,3305,7370,3544,3826,6449,3075,3374,3684,1740,1944,921,442,479,
36860,3687,1839,1848,6451,3145,3306,7373,3544,3829,6450,3076,3374,3685,1741,1944,921,442,479,
36865,3687,1839,1848,6452,3145,3307,7373,3544,3829,6451,3076,3375,3685,1741,1944,922,442,480,
36870,3688,1839,1849,6452,3145,3307,7374,3544,3830,6452,3076,3376,3687,1743,1944,922,442,480,
36875,3688,1839,1849,6453,3145,3308,7375,3544,3831,6453,3077,3376,3688,1743,1945,922,442,480,
36880,3688,1839,1849,6454,3146,3308,7376,3544,3832,6454,3078,3376,3688,1743,1945,922,442,480,
36885,3688,1839,1849,6455,3146,3309,7376,3544,3832,6454,3078,3376,3688,1743,1945,922,442,480,
36890,3689,1839,1850,6456,3147,3309,7378,3545,3833,6455,3078,3377,3688,1743,1945,922,442,480,
36895,3690,1839,1851,6456,3147,3309,7378,3545,3833,6456,3079,3377,3688,1743,1945,922,442,480,
36900,3691,1840,1851,6458,3147,3311,7381,3546,3835,6457,3079,3378,3689,1744,1945,922,442,480,
36905,3691,1840,1851,6459,3147,3312,7381,3546,3835,6458,3080,3378,3689,1744,1945,923,443,480,
36910,3692,1841,1851,6459,3147,3312,7382,3547,3835,6459,3080,3379,3691,1746,1945,923,443,480,
36915,3692,1841,1851,6460,3147,3313,7383,3548,3835,6460,3080,3380,3692,1747,1945,923,443,480,
36920,3692,1841,1851,6461,3147,3314,7384,3549,3835,6461,3081,3380,3692,1747,1945,923,443,480,
36925,3692,1841,1851,6462,3148,3314,7384,3549,3835,6461,3081,3380,3692,1747,1945,923,443,480,
36930,3693,1841,1852,6463,3149,3314,7386,3551,3835,6462,3081,3381,3692,1747,1945,923,443,480,
36935,3694,1842,1852,6463,3149,3314,7386,3551,3835,6463,3082,3381,3692,1747,1945,923,443,480,
36940,3695,1843,1852,6465,3149,3316,7389,3552,3837,6464,3082,3382,3693,1747,1946,923,443,480,
36945,3695,1843,1852,6466,3149,3317,7389,3552,3837,6465,3083,3382,3693,1747,1946,924,443,481,
36950,3696,1844,1852,6466,3149,3317,7390,3552,3838,6466,3084,3382,3695,1747,1948,924,443,481,
36955,3696,1844,1852,6467,3149,3318,7391,3553,3838,6467,3084,3383,3696,1747,1949,924,443,481,
36960,3696,1844,1852,6468,3149,3319,7392,3553,3839,6468,3084,3384,3696,1747,1949,924,443,481,
36965,3696,1844,1852,6469,3149,3320,7392,3553,3839,6468,3084,3384,3696,1747,1949,924,443,481,
36970,3697,1845,1852,6470,3149,3321,7394,3554,3840,6469,3085,3384,3696,1747,1949,924,443,481,
36975,3698,1845,1853,6470,3149,3321,7394,3554,3840,6470,3085,3385,3696,1747,1949,924,443,481,
36980,3699,1846,1853,6472,3149,3323,7397,3554,3843,6471,3085,3386,3697,1748,1949,924,443,481,
36985,3699,1846,1853,6473,3150,3323,7397,3554,3843,6472,3085,3387,3697,1748,1949,925,444,481,
36990,3700,1846,1854,6473,3150,3323,7398,3554,3844,6473,3086,3387,3699,1749,1950,925,444,481,
36995,3700,1846,1854,6474,3151,3323,7399,3554,3845,6474,3087,3387,3700,1749,1951,925,444,481,
37000,3700,1846,1854,6475,3151,3324,7400,3554,3846,6475,3087,3388,3700,1749,1951,925,444,481,
37005,3700,1846,1854,6476,3151,3325,7400,3554,3846,6475,3087,3388,3700,1749,1951,925,444,481,
37010,3701,1847,1854,6477,3152,3325,7402,3556,3846,6476,3088,3388,3700,1749,1951,925,444,481,
37015,3702,1847,1855,6477,3152,3325,7402,3556,3846,6477,3088,3389,3700,1749,1951,925,444,481,
37020,3703,1848,1855,6479,3153,3326,7405,3557,3848,6478,3089,3389,3701,1749,1952,925,444,481,
37025,3703,1848,1855,6480,3154,3326,7405,3557,3848,6479,3089,3390,3701,1749,1952,926,444,482,
37030,3704,1849,1855,6480,3154,3326,7406,3557,3849,6480,3090,3390,3703,1751,1952,926,444,482,
37035,3704,1849,1855,6481,3154,3327,7407,3557,3850,6481,3090,3391,3704,1752,1952,926,444,482,
37040,3704,1849,1855,6482,3155,3327,7408,3557,3851,6482,3090,3392,3704,1752,1952,926,444,482,
37045,3704,1849,1855,6483,3156,3327,7408,3557,3851,6482,3090,3392,3704,1752,1952,926,444,482,
37050,3705,1850,1855,6484,3157,3327,7410,3558,3852,6483,3091,3392,3704,1752,1952,926,444,482,
37055,3706,1851,1855,6484,3157,3327,7410,3558,3852,6484,3091,3393,3704,1752,1952,926,444,482,
37060,3707,1851,1856,6486,3159,3327,7413,3558,3855,6485,3092,3393,3705,1753,1952,926,444,482,
37065,3707,1851,1856,6487,3160,3327,7413,3558,3855,6486,3093,3393,3705,1753,1952,927,445,482,
37070,3708,1851,1857,6487,3160,3327,7414,3559,3855,6487,3094,3393,3707,1754,1953,927,445,482,
37075,3708,1851,1857,6488,3160,3328,7415,3560,3855,6488,3095,3393,3708,1754,1954,927,445,482,
37080,3708,1851,1857,6489,3161,3328,7416,3561,3855,6489,3096,3393,3708,1754,1954,927,445,482,
37085,3708,1851,1857,6490,3161,3329,7416,3561,3855,6489,3096,3393,3708,1754,1954,927,445,482,
37090,3709,1852,1857,6491,3161,3330,7418,3561,3857,6490,3097,3393,3708,1754,1954,927,445,482,
37095,3710,1853,1857,6491,3161,3330,7418,3561,3857,6491,3097,3394,3708,1754,1954,927,445,482,
37100,3711,1854,1857,6493,3162,3331,7421,3562,3859,6492,3097,3395,3709,1754,1955,927,445,482,
37105,3711,1854,1857,6494,3163,3331,7421,3562,3859,6493,3098,3395,3709,1754,1955,928,446,482,
37110,3712,1855,1857,6494,3163,3331,7422,3562,3860,6494,3098,3396,3711,1755,1956,928,446,482,
37115,3712,1855,1857,6495,3163,3332,7423,3563,3860,6495,3099,3396,3712,1755,1957,928,446,482,
37120,3712,1855,1857,6496,3163,3333,7424,3564,3860,6496,3100,3396,3712,1755,1957,928,446,482,
37125,3712,1855,1857,6497,3163,3334,7424,3564,3860,6496,3100,3396,3712,1755,1957,928,446,482,
37130,3713,1856,1857,6498,3163,3335,7426,3565,3861,6497,3100,3397,3712,1755,1957,928,446,482,
37135,3714,1857,1857,6498,3163,3335,7426,3565,3861,6498,3101,3397,3712,1755,1957,928,446,482,
37140,3715,1857,1858,6500,3163,3337,7429,3567,3862,6499,3101,3398,3713,1756,1957,928,446,482,
37145,3715,1857,1858,6501,3164,3337,7429,3567,3862,6500,3102,3398,3713,1756,1957,929,446,483,
37150,3716,1858,1858,6501,3164,3337,7430,3567,3863,6501,3103,3398,3715,1758,1957,929,446,483,
37155,3716,1858,1858,6502,3164,3338,7431,3568,3863,6502,3103,3399,3716,1759,1957,929,446,483,
37160,3716,1858,1858,6503,3165,3338,7432,3568,3864,6503,3104,3399,3716,1759,1957,929,446,483,
37165,3716,1858,1858,6504,3166,3338,7432,3568,3864,6503,3104,3399,3716,1759,1957,929,446,483,
37170,3717,1858,1859,6505,3166,3339,7434,3568,3866,6504,3105,3399,3716,1759,1957,929,446,483,
37175,3718,1858,1860,6505,3166,3339,7434,3568,3866,6505,3105,3400,3716,1759,1957,929,446,483,
37180,3719,1858,1861,6507,3168,3339,7437,3569,3868,6506,3105,3401,3717,1760,1957,929,446,483,
37185,3719,1858,1861,6508,3169,3339,7437,3569,3868,6507,3105,3402,3717,1760,1957,930,446,484,
37190,3720,1859,1861,6508,3169,3339,7438,3569,3869,6508,3106,3402,3719,1760,1959,930,446,484,
37195,3720,1859,1861,6509,3170,3339,7439,3570,3869,6509,3106,3403,3720,1761,1959,930,446,484,
37200,3720,1859,1861,6510,3170,3340,7440,3571,3869,6510,3106,3404,3720,1761,1959,930,446,484,
37205,3720,1859,1861,6511,3171,3340,7440,3571,3869,6510,3106,3404,3720,1761,1959,930,446,484,
37210,3721,1860,1861,6512,3171,3341,7442,3571,3871,6511,3106,3405,3720,1761,1959,930,446,484,
37215,3722,1860,1862,6512,3171,3341,7442,3571,3871,6512,3106,3406,3720,1761,1959,930,446,484,
37220,3723,1860,1863,6514,3171,3343,7445,3572,3873,6513,3107,3406,3721,1762,1959,930,446,484,
37225,3723,1860,1863,6515,3171,3344,7445,3572,3873,6514,3108,3406,3721,1762,1959,931,447,484,
37230,3724,1860,1864,6515,3171,3344,7446,3572,3874,6515,3109,3406,3723,1763,1960,931,447,484,
37235,3724,1860,1864,6516,3171,3345,7447,3572,3875,6516,3109,3407,3724,1763,1961,931,447,484,
37240,3724,1860,1864,6517,3172,3345,7448,3572,3876,6517,3110,3407,3724,1763,1961,931,447,484,
37245,3724,1860,1864,6518,3173,3345,7448,3572,3876,6517,3110,3407,3724,1763,1961,931,447,484,
37250,3725,1861,1864,6519,3173,3346,7450,3573,3877,6518,3111,3407,3724,1763,1961,931,447,484,
37255,3726,1862,1864,6519,3173,3346,7450,3573,3877,6519,3111,3408,3724,1763,1961,931,447,484,
37260,3727,1863,1864,6521,3174,3347,7453,3576,3877,6520,3112,3408,3725,1763,1962,931,447,484,
37265,3727,1863,1864,6522,3174,3348,7453,3576,3877,6521,3112,3409,3725,1763,1962,932,447,485,
37270,3728,1864,1864,6522,3174,3348,7454,3576,3878,6522,3112,3410,3727,1764,1963,932,447,485,
37275,3728,1864,1864,6523,3175,3348,7455,3576,3879,6523,3112,3411,3728,1764,1964,932,447,485,
37280,3728,1864,1864,6524,3175,3349,7456,3577,3879,6524,3112,3412,3728,1764,1964,932,447,485,
37285,3728,1864,1864,6525,3175,3350,7456,3577,3879,6524,3112,3412,3728,1764,1964,932,447,485,
37290,3729,1864,1865,6526,3175,3351,7458,3578,3880,6525,3112,3413,3728,1764,1964,932,447,485,
37295,3730,1865,1865,6526,3175,3351,7458,3578,3880,6526,3112,3414,3728,1764,1964,932,447,485,
37300,3731,1865,1866,6528,3175,3353,7461,3580,3881,6527,3113,3414,3729,1765,1964,932,447,485,
37305,3731,1865,1866,6529,3175,3354,7461,3580,3881,6528,3114,3414,3729,1765,1964,933,448,485,
37310,3732,1865,1867,6529,3175,3354,7462,3580,3882,6529,3114,3415,3731,1766,1965,933,448,485,
37315,3732,1865,1867,6530,3175,3355,7463,3581,3882,6530,3115,3415,3732,1766,1966,933,448,485,
37320,3732,1865,1867,6531,3176,3355,7464,3581,3883,6531,3115,3416,3732,1766,1966,933,448,485,
37325,3732,1865,1867,6532,3177,3355,7464,3581,3883,6531,3115,3416,3732,1766,1966,933,448,485,
37330,3733,1865,1868,6533,3177,3356,7466,3582,3884,6532,3116,3416,3732,1766,1966,933,448,485,
37335,3734,1866,1868,6533,3177,3356,7466,3582,3884,6533,3116,3417,3732,1766,1966,933,448,485,
37340,3735,1867,1868,6535,3179,3356,7469,3583,3886,6534,3116,3418,3733,1767,1966,933,448,485,
37345,3735,1867,1868,6536,3179,3357,7469,3583,3886,6535,3116,3419,3733,1767,1966,934,449,485,
37350,3736,1867,1869,6536,3179,3357,7470,3583,3887,6536,3117,3419,3735,1768,1967,934,449,485,
37355,3736,1867,1869,6537,3180,3357,7471,3584,3887,6537,3118,3419,3736,1768,1968,934,449,485,
37360,3736,1867,1869,6538,3181,3357,7472,3585,3887,6538,3119,3419,3736,1768,1968,934,449,485,
37365,3736,1867,1869,6539,3181,3358,7472,3585,3887,6538,3119,3419,3736,1768,1968,934,449,485,
37370,3737,1867,1870,6540,3182,3358,7474,3586,3888,6539,3120,3419,3736,1768,1968,934,449,485,
37375,3738,1867,1871,6540,3182,3358,7474,3586,3888,6540,3120,3420,3736,1768,1968,934,449,485,
37380,3739,1868,1871,6542,3184,3358,7477,3587,3890,6541,3120,3421,3737,1768,1969,934,449,485,
37385,3739,1868,1871,6543,3184,3359,7477,3587,3890,6542,3121,3421,3737,1768,1969,935,449,486,
37390,3740,1868,1872,6543,3184,3359,7478,3587,3891,6543,3121,3422,3739,1768,1971,935,449,486,
37395,3740,1868,1872,6544,3185,3359,7479,3587,3892,6544,3121,3423,3740,1769,1971,935,449,486,
37400,3740,1868,1872,6545,3185,3360,7480,3587,3893,6545,3121,3424,3740,1769,1971,935,449,486,
37405,3740,1868,1872,6546,3186,3360,7480,3587,3893,6545,3121,3424,3740,1769,1971,935,449,486,
37410,3741,1868,1873,6547,3187,3360,7482,3589,3893,6546,3122,3424,3740,1769,1971,935,449,486,
37415,3742,1868,1874,6547,3187,3360,7482,3589,3893,6547,3123,3424,3740,1769,1971,935,449,486,
37420,3743,1868,1875,6549,3187,3362,7485,3590,3895,6548,3123,3425,3741,1769,1972,935,449,486,
37425,3743,1868,1875,6550,3187,3363,7485,3590,3895,6549,3123,3426,3741,1769,1972,936,449,487,
37430,3744,1868,1876,6550,3187,3363,7486,3591,3895,6550,3123,3427,3743,1771,1972,936,449,487,
37435,3744,1868,1876,6551,3188,3363,7487,3591,3896,6551,3123,3428,3744,1771,1973,936,449,487,
37440,3744,1868,1876,6552,3188,3364,7488,3591,3897,6552,3123,3429,3744,1771,1973,936,449,487,
37445,3744,1868,1876,6553,3188,3365,7488,3591,3897,6552,3123,3429,3744,1771,1973,936,449,487,
37450,3745,1868,1877,6554,3188,3366,7490,3593,3897,6553,3123,3430,3744,1771,1973,936,449,487,
37455,3746,1869,1877,6554,3188,3366,7490,3593,3897,6554,3123,3431,3744,1771,1973,936,449,487,
37460,3747,1869,1878,6556,3189,3367,7493,3593,3900,6555,3123,3432,3745,1772,1973,936,449,487,
37465,3747,1869,1878,6557,3189,3368,7493,3593,3900,6556,3123,3433,3745,1772,1973,937,449,488,
37470,3748,1869,1879,6557,3189,3368,7494,3593,3901,6557,3123,3434,3747,1773,1974,937,449,488,
37475,3748,1869,1879,6558,3189,3369,7495,3593,3902,6558,3123,3435,3748,1774,1974,937,449,488,
37480,3748,1869,1879,6559,3189,3370,7496,3594,3902,6559,3123,3436,3748,1774,1974,937,449,488,
37485,3748,1869,1879,6560,3190,3370,7496,3594,3902,6559,3123,3436,3748,1774,1974,937,449,488,
37490,3749,1870,1879,6561,3191,3370,7498,3596,3902,6560,3124,3436,3748,1774,1974,937,449,488,
37495,3750,1870,1880,6561,3191,3370,7498,3596,3902,6561,3125,3436,3748,1774,1974,937,449,488,
37500,3751,1871,1880,6563,3193,3370,7501,3597,3904,6562,3125,3437,3749,1775,1974,937,449,488,
37505,3751,1871,1880,6564,3194,3370,7501,3597,3904,6563,3126,3437,3749,1775,1974,938,449,489,
37510,3752,1871,1881,6564,3194,3370,7502,3598,3904,6564,3127,3437,3751,1775,1976,938,449,489,
37515,3752,1871,1881,6565,3195,3370,7503,3599,3904,6565,3127,3438,3752,1775,1977,938,449,489,
37520,3752,1871,1881,6566,3195,3371,7504,3600,3904,6566,3127,3439,3752,1775,1977,938,449,489,
37525,3752,1871,1881,6567,3195,3372,7504,3600,3904,6566,3127,3439,3752,1775,1977,938,449,489,
37530,3753,1872,1881,6568,3196,3372,7506,3601,3905,6567,3127,3440,3752,1775,1977,938,449,489,
37535,3754,1873,1881,6568,3196,3372,7506,3601,3905,6568,3128,3440,3752,1775,1977,938,449,489,
37540,3755,1873,1882,6570,3196,3374,7509,3602,3907,6569,3128,3441,3753,1776,1977,938,449,489,
37545,3755,1873,1882,6571,3196,3375,7509,3602,3907,6570,3128,3442,3753,1776,1977,939,449,490,
37550,3756,1873,1883,6571,3196,3375,7510,3603,3907,6571,3129,3442,3755,1777,1978,939,449,490,
37555,3756,1873,1883,6572,3196,3376,7511,3604,3907,6572,3129,3443,3756,1778,1978,939,449,490,
37560,3756,1873,1883,6573,3196,3377,7512,3605,3907,6573,3130,3443,3756,1778,1978,939,449,490,
37565,3756,1873,1883,6574,3197,3377,7512,3605,3907,6573,3130,3443,3756,1778,1978,939,449,490,
37570,3757,1873,1884,6575,3198,3377,7514,3607,3907,6574,3131,3443,3756,1778,1978,939,449,490,
37575,3758,1874,1884,6575,3198,3377,7514,3607,3907,6575,3131,3444,3756,1778,1978,939,449,490,
37580,3759,1875,1884,6577,3198,3379,7517,3609,3908,6576,3132,3444,3757,1778,1979,939,449,490,
37585,3759,1875,1884,6578,3199,3379,7517,3609,3908,6577,3132,3445,3757,1778,1979,940,450,490,
37590,3760,1876,1884,6578,3199,3379,7518,3609,3909,6578,3133,3445,3759,1780,1979,940,450,490,
37595,3760,1876,1884,6579,3199,3380,7519,3609,3910,6579,3134,3445,3760,1780,1980,940,450,490,
37600,3760,1876,1884,6580,3199,3381,7520,3609,3911,6580,3135,3445,3760,1780,1980,940,450,490,
37605,3760,1876,1884,6581,3199,3382,7520,3609,3911,6580,3135,3445,3760,1780,1980,940,450,490,
37610,3761,1876,1885,6582,3199,3383,7522,3611,3911,6581,3135,3446,3760,1780,1980,940,450,490,
37615,3762,1877,1885,6582,3199,3383,7522,3611,3911,6582,3135,3447,3760,1780,1980,940,450,490,
37620,3763,1878,1885,6584,3200,3384,7525,3611,3914,6583,3135,3448,3761,1780,1981,940,450,490,
37625,3763,1878,1885,6585,3201,3384,7525,3611,3914,6584,3136,3448,3761,1780,1981,941,451,490,
37630,3764,1878,1886,6585,3201,3384,7526,3612,3914,6585,3137,3448,3763,1781,1982,941,451,490,
37635,3764,1878,1886,6586,3201,3385,7527,3613,3914,6586,3138,3448,3764,1781,1983,941,451,490,
37640,3764,1878,1886,6587,3201,3386,7528,3613,3915,6587,3139,3448,3764,1781,1983,941,451,490,
37645,3764,1878,1886,6588,3202,3386,7528,3613,3915,6587,3139,3448,3764,1781,1983,941,451,490,
37650,3765,1879,1886,6589,3202,3387,7530,3614,3916,6588,3140,3448,3764,1781,1983,941,451,490,
37655,3766,1880,1886,6589,3202,3387,7530,3614,3916,6589,3141,3448,3764,1781,1983,941,451,490,
37660,3767,1880,1887,6591,3202,3389,7533,3616,3917,6590,3142,3448,3765,1781,1984,941,451,490,
37665,3767,1880,1887,6592,3202,3390,7533,3616,3917,6591,3142,3449,3765,1781,1984,942,451,491,
37670,3768,1881,1887,6592,3202,3390,7534,3616,3918,6592,3143,3449,3767,1782,1985,942,451,491,
37675,3768,1881,1887,6593,3203,3390,7535,3617,3918,6593,3144,3449,3768,1782,1986,942,451,491,
37680,3768,1881,1887,6594,3204,3390,7536,3618,3918,6594,3144,3450,3768,1782,1986,942,451,491,
37685,3768,1881,1887,6595,3204,3391,7536,3618,3918,6594,3144,3450,3768,1782,1986,942,451,491,
37690,3769,1881,1888,6596,3205,3391,7538,3619,3919,6595,3144,3451,3768,1782,1986,942,451,491,
37695,3770,1882,1888,6596,3205,3391,7538,3619,3919,6596,3145,3451,3768,1782,1986,942,451,491,
37700,3771,1883,1888,6598,3207,3391,7541,3622,3919,6597,3146,3451,3769,1782,1987,942,451,491,
37705,3771,1883,1888,6599,3208,3391,7541,3622,3919,6598,3146,3452,3769,1782,1987,943,451,492,
37710,3772,1883,1889,6599,3208,3391,7542,3623,3919,6599,3147,3452,3771,1784,1987,943,451,492,
37715,3772,1883,1889,6600,3208,3392,7543,3624,3919,6600,3148,3452,3772,1785,1987,943,451,492,
37720,3772,1883,1889,6601,3208,3393,7544,3625,3919,6601,3148,3453,3772,1785,1987,943,451,492,
37725,3772,1883,1889,6602,3209,3393,7544,3625,3919,6601,3148,3453,3772,1785,1987,943,451,492,
37730,3773,1884,1889,6603,3209,3394,7546,3625,3921,6602,3149,3453,3772,1785,1987,943,451,492,
37735,3774,1885,1889,6603,3209,3394,7546,3625,3921,6603,3150,3453,3772,1785,1987,943,451,492,
37740,3775,1886,1889,6605,3211,3394,7549,3625,3924,6604,3150,3454,3773,1785,1988,943,451,492,
37745,3775,1886,1889,6606,3212,3394,7549,3625,3924,6605,3151,3454,3773,1785,1988,944,452,492,
37750,3776,1886,1890,6606,3212,3394,7550,3626,3924,6606,3151,3455,3775,1786,1989,944,452,492,
37755,3776,1886,1890,6607,3213,3394,7551,3627,3924,6607,3151,3456,3776,1786,1990,944,452,492,
37760,3776,1886,1890,6608,3213,3395,7552,3627,3925,6608,3152,3456,3776,1786,1990,944,452,492,
37765,3776,1886,1890,6609,3214,3395,7552,3627,3925,6608,3152,3456,3776,1786,1990,944,452,492,
37770,3777,1886,1891,6610,3215,3395,7554,3628,3926,6609,3152,3457,3776,1786,1990,944,452,492,
37775,3778,1887,1891,6610,3215,3395,7554,3628,3926,6610,3153,3457,3776,1786,1990,944,452,492,
37780,3779,1888,1891,6612,3217,3395,7557,3629,3928,6611,3153,3458,3777,1786,1991,944,452,492,
37785,3779,1888,1891,6613,3217,3396,7557,3629,3928,6612,3154,3458,3777,1786,1991,945,453,492,
37790,3780,1889,1891,6613,3217,3396,7558,3629,3929,6613,3155,3458,3779,1787,1992,945,453,492,
37795,3780,1889,1891,6614,3218,3396,7559,3629,3930,6614,3155,3459,3780,1787,1993,945,453,492,
37800,3780,1889,1891,6615,3218,3397,7560,3629,3931,6615,3156,3459,3780,1787,1993,945,453,492,
37805,3780,1889,1891,6616,3219,3397,7560,3629,3931,6615,3156,3459,3780,1787,1993,945,453,492,
37810,3781,1889,1892,6617,3220,3397,7562,3630,3932,6616,3157,3459,3780,1787,1993,945,453,492,
37815,3782,1889,1893,6617,3220,3397,7562,3630,3932,6617,3157,3460,3780,1787,1993,945,453,492,
37820,3783,1889,1894,6619,3221,3398,7565,3631,3934,6618,3157,3461,3781,1788,1993,945,453,492,
37825,3783,1889,1894,6620,3222,3398,7565,3631,3934,6619,3157,3462,3781,1788,1993,946,453,493,
37830,3784,1889,1895,6620,3222,3398,7566,3632,3934,6620,3157,3463,3783,1788,1995,946,453,493,
37835,3784,1889,1895,6621,3223,3398,7567,3632,3935,6621,3158,3463,3784,1788,1996,946,453,493,
37840,3784,1889,1895,6622,3224,3398,7568,3633,3935,6622,3159,3463,3784,1788,1996,946,453,493,
37845,3784,1889,1895,6623,3224,3399,7568,3633,3935,6622,3159,3463,3784,1788,1996,946,453,493,
37850,3785,1890,1895,6624,3224,3400,7570,3634,3936,6623,3159,3464,3784,1788,1996,946,453,493,
37855,3786,1890,1896,6624,3224,3400,7570,3634,3936,6624,3159,3465,3784,1788,1996,946,453,493,
37860,3787,1890,1897,6626,3225,3401,7573,3635,3938,6625,3160,3465,3785,1789,1996,946,453,493,
37865,3787,1890,1897,6627,3226,3401,7573,3635,3938,6626,3160,3466,3785,1789,1996,947,453,494,
37870,3788,1890,1898,6627,3226,3401,7574,3635,3939,6627,3161,3466,3787,1790,1997,947,453,494,
37875,3788,1890,1898,6628,3227,3401,7575,3635,3940,6628,3161,3467,3788,1790,1998,947,453,494,
37880,3788,1890,1898,6629,3227,3402,7576,3636,3940,6629,3161,3468,3788,1790,1998,947,453,494,
37885,3788,1890,1898,6630,3228,3402,7576,3636,3940,6629,3161,3468,3788,1790,1998,947,453,494,
37890,3789,1890,1899,6631,3229,3402,7578,3636,3942,6630,3162,3468,3788,1790,1998,947,453,494,
37895,3790,1890,1900,6631,3229,3402,7578,3636,3942,6631,3163,3468,3788,1790,1998,947,453,494,
37900,3791,1890,1901,6633,3231,3402,7581,3639,3942,6632,3163,3469,3789,1791,1998,947,453,494,
37905,3791,1890,1901,6634,3231,3403,7581,3639,3942,6633,3163,3470,3789,1791,1998,948,453,495,
37910,3792,1890,1902,6634,3231,3403,7582,3639,3943,6634,3163,3471,3791,1792,1999,948,453,495,
37915,3792,1890,1902,6635,3231,3404,7583,3640,3943,6635,3164,3471,3792,1792,2000,948,453,495,
37920,3792,1890,1902,6636,3232,3404,7584,3640,3944,6636,3164,3472,3792,1792,2000,948,453,495,
37925,3792,1890,1902,6637,3233,3404,7584,3640,3944,6636,3164,3472,3792,1792,2000,948,453,495,
37930,3793,1890,1903,6638,3233,3405,7586,3641,3945,6637,3165,3472,3792,1792,2000,948,453,495,
37935,3794,1890,1904,6638,3233,3405,7586,3641,3945,6638,3165,3473,3792,1792,2000,948,453,495,
37940,3795,1891,1904,6640,3234,3406,7589,3643,3946,6639,3165,3474,3793,1793,2000,948,453,495,
37945,3795,1891,1904,6641,3234,3407,7589,3643,3946,6640,3165,3475,3793,1793,2000,949,453,496,
37950,3796,1891,1905,6641,3234,3407,7590,3644,3946,6641,3165,3476,3795,1794,2001,949,453,496,
37955,3796,1891,1905,6642,3234,3408,7591,3645,3946,6642,3165,3477,3796,1794,2002,949,453,496,
37960,3796,1891,1905,6643,3235,3408,7592,3646,3946,6643,3165,3478,3796,1794,2002,949,453,496,
37965,3796,1891,1905,6644,3236,3408,7592,3646,3946,6643,3165,3478,3796,1794,2002,949,453,496,
37970,3797,1891,1906,6645,3236,3409,7594,3647,3947,6644,3166,3478,3796,1794,2002,949,453,496,
37975,3798,1892,1906,6645,3236,3409,7594,3647,3947,6645,3166,3479,3796,1794,2002,949,453,496,
37980,3799,1893,1906,6647,3237,3410,7597,3649,3948,6646,3167,3479,3797,1795,2002,949,453,496,
37985,3799,1893,1906,6648,3237,3411,7597,3649,3948,6647,3168,3479,3797,1795,2002,950,454,496,
37990,3800,1893,1907,6648,3237,3411,7598,3650,3948,6648,3169,3479,3799,1796,2003,950,454,496,
37995,3800,1893,1907,6649,3237,3412,7599,3650,3949,6649,3170,3479,3800,1796,2004,950,454,496,
38000,3800,1893,1907,6650,3238,3412,7600,3651,3949,6650,3171,3479,3800,1796,2004,950,454,496,
38005,3800,1893,1907,6651,3238,3413,7600,3651,3949,6650,3171,3479,3800,1796,2004,950,454,496,
38010,3801,1894,1907,6652,3238,3414,7602,3652,3950,6651,3172,3479,3800,1796,2004,950,454,496,
38015,3802,1895,1907,6652,3238,3414,7602,3652,3950,6652,3173,3479,3800,1796,2004,950,454,496,
38020,3803,1896,1907,6654,3239,3415,7605,3654,3951,6653,3173,3480,3801,1797,2004,950,454,496,
38025,3803,1896,1907,6655,3239,3416,7605,3654,3951,6654,3173,3481,3801,1797,2004,951,455,496,
38030,3804,1897,1907,6655,3239,3416,7606,3654,3952,6655,3173,3482,3803,1798,2005,951,455,496,
38035,3804,1897,1907,6656,3239,3417,7607,3655,3952,6656,3173,3483,3804,1799,2005,951,455,496,
38040,3804,1897,1907,6657,3239,3418,7608,3656,3952,6657,3174,3483,3804,1799,2005,951,455,496,
38045,3804,1897,1907,6658,3239,3419,7608,3656,3952,6657,3174,3483,3804,1799,2005,951,455,496,
38050,3805,1897,1908,6659,3239,3420,7610,3657,3953,6658,3175,3483,3804,1799,2005,951,455,496,
38055,3806,1898,1908,6659,3239,3420,7610,3657,3953,6659,3175,3484,3804,1799,2005,951,455,496,
38060,3807,1898,1909,6661,3240,3421,7613,3660,3953,6660,3175,3485,3805,1799,2006,951,455,496,
38065,3807,1898,1909,6662,3241,3421,7613,3660,3953,6661,3175,3486,3805,1799,2006,952,456,496,
38070,3808,1898,1910,6662,3241,3421,7614,3661,3953,6662,3176,3486,3807,1800,2007,952,456,496,
38075,3808,1898,1910,6663,3242,3421,7615,3662,3953,6663,3176,3487,3808,1801,2007,952,456,496,
38080,3808,1898,1910,6664,3243,3421,7616,3662,3954,6664,3176,3488,3808,1801,2007,952,456,496,
38085,3808,1898,1910,6665,3243,3422,7616,3662,3954,6664,3176,3488,3808,1801,2007,952,456,496,
38090,3809,1898,1911,6666,3244,3422,7618,3663,3955,6665,3177,3488,3808,1801,2007,952,456,496,
38095,3810,1899,1911,6666,3244,3422,7618,3663,3955,6666,3178,3488,3808,1801,2007,952,456,496,
38100,3811,1900,1911,6668,3246,3422,7621,3665,3956,6667,3179,3488,3809,1802,2007,952,456,496,
38105,3811,1900,1911,6669,3247,3422,7621,3665,3956,6668,3180,3488,3809,1802,2007,953,456,497,
38110,3812,1901,1911,6669,3247,3422,7622,3666,3956,6669,3180,3489,3811,1804,2007,953,456,497,
38115,3812,1901,1911,6670,3247,3423,7623,3666,3957,6670,3181,3489,3812,1805,2007,953,456,497,
38120,3812,1901,1911,6671,3248,3423,7624,3666,3958,6671,3181,3490,3812,1805,2007,953,456,497,
38125,3812,1901,1911,6672,3248,3424,7624,3666,3958,6671,3181,3490,3812,1805,2007,953,456,497,
38130,3813,1901,1912,6673,3249,3424,7626,3666,3960,6672,3181,3491,3812,1805,2007,953,456,497,
38135,3814,1902,1912,6673,3249,3424,7626,3666,3960,6673,3182,3491,3812,1805,2007,953,456,497,
38140,3815,1902,1913,6675,3250,3425,7629,3668,3961,6674,3183,3491,3813,1806,2007,953,456,497,
38145,3815,1902,1913,6676,3250,3426,7629,3668,3961,6675,3183,3492,3813,1806,2007,954,457,497,
38150,3816,1903,1913,6676,3250,3426,7630,3669,3961,6676,3183,3493,3815,1806,2009,954,457,497,
38155,3816,1903,1913,6677,3250,3427,7631,3669,3962,6677,3183,3494,3816,1806,2010,954,457,497,
38160,3816,1903,1913,6678,3251,3427,7632,3670,3962,6678,3183,3495,3816,1806,2010,954,457,497,
38165,3816,1903,1913,6679,3252,3427,7632,3670,3962,6678,3183,3495,3816,1806,2010,954,457,497,
38170,3817,1904,1913,6680,3253,3427,7634,3670,3964,6679,3184,3495,3816,1806,2010,954,457,497,
38175,3818,1905,1913,6680,3253,3427,7634,3670,3964,6680,3184,3496,3816,1806,2010,954,457,497,
38180,3819,1905,1914,6682,3255,3427,7637,3670,3967,6681,3184,3497,3817,1806,2011,954,457,497,
38185,3819,1905,1914,6683,3255,3428,7637,3670,3967,6682,3184,3498,3817,1806,2011,955,458,497,
38190,3820,1905,1915,6683,3255,3428,7638,3670,3968,6683,3185,3498,3819,1808,2011,955,458,497,
38195,3820,1905,1915,6684,3256,3428,7639,3670,3969,6684,3186,3498,3820,1808,2012,955,458,497,
38200,3820,1905,1915,6685,3256,3429,7640,3671,3969,6685,3186,3499,3820,1808,2012,955,458,497,
38205,3820,1905,1915,6686,3257,3429,7640,3671,3969,6685,3186,3499,3820,1808,2012,955,458,497,
38210,3821,1906,1915,6687,3257,3430,7642,3672,3970,6686,3187,3499,3820,1808,2012,955,458,497,
38215,3822,1906,1916,6687,3257,3430,7642,3672,3970,6687,3187,3500,3820,1808,2012,955,458,497,
38220,3823,1906,1917,6689,3259,3430,7645,3674,3971,6688,3187,3501,3821,1808,2013,955,458,497,
38225,3823,1906,1917,6690,3260,3430,7645,3674,3971,6689,3187,3502,3821,1808,2013,956,458,498,
38230,3824,1907,1917,6690,3260,3430,7646,3675,3971,6690,3187,3503,3823,1809,2014,956,458,498,
38235,3824,1907,1917,6691,3261,3430,7647,3675,3972,6691,3188,3503,3824,1810,2014,956,458,498,
38240,3824,1907,1917,6692,3261,3431,7648,3675,3973,6692,3189,3503,3824,1810,2014,956,458,498,
38245,3824,1907,1917,6693,3262,3431,7648,3675,3973,6692,3189,3503,3824,1810,2014,956,458,498,
38250,3825,1907,1918,6694,3262,3432,7650,3677,3973,6693,3189,3504,3824,1810,2014,956,458,498,
38255,3826,1908,1918,6694,3262,3432,7650,3677,3973,6694,3190,3504,3824,1810,2014,956,458,498,
38260,3827,1909,1918,6696,3264,3432,7653,3678,3975,6695,3190,3505,3825,1810,2015,956,458,498,
38265,3827,1909,1918,6697,3265,3432,7653,3678,3975,6696,3191,3505,3825,1810,2015,957,459,498,
38270,3828,1909,1919,6697,3265,3432,7654,3679,3975,6697,3191,3506,3827,1812,2015,957,459,498,
38275,3828,1909,1919,6698,3266,3432,7655,3679,3976,6698,3192,3506,3828,1813,2015,957,459,498,
38280,3828,1909,1919,6699,3267,3432,7656,3680,3976,6699,3193,3506,3828,1813,2015,957,459,498,
38285,3828,1909,1919,6700,3268,3432,7656,3680,3976,6699,3193,3506,3828,1813,2015,957,459,498,
38290,3829,1909,1920,6701,3268,3433,7658,3682,3976,6700,3193,3507,3828,1813,2015,957,459,498,
38295,3830,1910,1920,6701,3268,3433,7658,3682,3976,6701,3194,3507,3828,1813,2015,957,459,498,
38300,3831,1910,1921,6703,3269,3434,7661,3683,3978,6702,3195,3507,3829,1814,2015,957,459,498,
38305,3831,1910,1921,6704,3269,3435,7661,3683,3978,6703,3195,3508,3829,1814,2015,958,459,499,
38310,3832,1910,1922,6704,3269,3435,7662,3683,3979,6704,3196,3508,3831,1814,2017,958,459,499,
38315,3832,1910,1922,6705,3270,3435,7663,3684,3979,6705,3197,3508,3832,1814,2018,958,459,499,
38320,3832,1910,1922,6706,3271,3435,7664,3685,3979,6706,3198,3508,3832,1814,2018,958,459,499,
38325,3832,1910,1922,6707,3271,3436,7664,3685,3979,6706,3198,3508,3832,1814,2018,958,459,499,
38330,3833,1911,1922,6708,3271,3437,7666,3686,3980,6707,3198,3509,3832,1814,2018,958,459,499,
38335,3834,1912,1922,6708,3271,3437,7666,3686,3980,6708,3198,3510,3832,1814,2018,958,459,499,
38340,3835,1913,1922,6710,3271,3439,7669,3687,3982,6709,3199,3510,3833,1814,2019,958,459,499,
38345,3835,1913,1922,6711,3272,3439,7669,3687,3982,6710,3199,3511,3833,1814,2019,959,460,499,
38350,3836,1913,1923,6711,3272,3439,7670,3687,3983,6711,3199,3512,3835,1815,2020,959,460,499,
38355,3836,1913,1923,6712,3272,3440,7671,3688,3983,6712,3200,3512,3836,1816,2020,959,460,499,
38360,3836,1913,1923,6713,3273,3440,7672,3688,3984,6713,3200,3513,3836,1816,2020,959,460,499,
38365,3836,1913,1923,6714,3273,3441,7672,3688,3984,6713,3200,3513,3836,1816,2020,959,460,499,
38370,3837,1913,1924,6715,3274,3441,7674,3689,3985,6714,3201,3513,3836,1816,2020,959,460,499,
38375,3838,1914,1924,6715,3274,3441,7674,3689,3985,6715,3201,3514,3836,1816,2020,959,460,499,
38380,3839,1915,1924,6717,3276,3441,7677,3690,3987,6716,3202,3514,3837,1816,2021,959,460,499,
38385,3839,1915,1924,6718,3276,3442,7677,3690,3987,6717,3202,3515,3837,1816,2021,960,460,500,
38390,3840,1916,1924,6718,3276,3442,7678,3690,3988,6718,3203,3515,3839,1817,2022,960,460,500,
38395,3840,1916,1924,6719,3277,3442,7679,3691,3988,6719,3203,3516,3840,1818,2022,960,460,500,
38400,3840,1916,1924,6720,3278,3442,7680,3692,3988,6720,3203,3517,3840,1818,2022,960,460,500,
38405,3840,1916,1924,6721,3279,3442,7680,3692,3988,6720,3203,3517,3840,1818,2022,960,460,500,
38410,3841,1916,1925,6722,3279,3443,7682,3694,3988,6721,3203,3518,3840,1818,2022,960,460,500,
38415,3842,1916,1926,6722,3279,3443,7682,3694,3988,6722,3204,3518,3840,1818,2022,960,460,500,
38420,3843,1916,1927,6724,3280,3444,7685,3697,3988,6723,3205,3518,3841,1818,2023,960,460,500,
38425,3843,1916,1927,6725,3281,3444,7685,3697,3988,6724,3206,3518,3841,1818,2023,961,461,500,
38430,3844,1916,1928,6725,3281,3444,7686,3697,3989,6725,3207,3518,3843,1820,2023,961,461,500,
38435,3844,1916,1928,6726,3281,3445,7687,3698,3989,6726,3208,3518,3844,1821,2023,961,461,500,
38440,3844,1916,1928,6727,3282,3445,7688,3698,3990,6727,3209,3518,3844,1821,2023,961,461,500,
38445,3844,1916,1928,6728,3282,3446,7688,3698,3990,6727,3209,3518,3844,1821,2023,961,461,500,
38450,3845,1916,1929,6729,3283,3446,7690,3700,3990,6728,3209,3519,3844,1821,2023,961,461,500,
38455,3846,1917,1929,6729,3283,3446,7690,3700,3990,6729,3209,3520,3844,1821,2023,961,461,500,
38460,3847,1918,1929,6731,3284,3447,7693,3702,3991,6730,3210,3520,3845,1821,2024,961,461,500,
38465,3847,1918,1929,6732,3284,3448,7693,3702,3991,6731,3210,3521,3845,1821,2024,962,461,501,
38470,3848,1919,1929,6732,3284,3448,7694,3703,3991,6732,3210,3522,3847,1821,2026,962,461,501,
38475,3848,1919,1929,6733,3284,3449,7695,3704,3991,6733,3210,3523,3848,1822,2026,962,461,501,
38480,3848,1919,1929,6734,3285,3449,7696,3704,3992,6734,3210,3524,3848,1822,2026,962,461,501,
38485,3848,1919,1929,6735,3285,3450,7696,3704,3992,6734,3210,3524,3848,1822,2026,962,461,501,
38490,3849,1920,1929,6736,3286,3450,7698,3705,3993,6735,3211,3524,3848,1822,2026,962,461,501,
38495,3850,1921,1929,6736,3286,3450,7698,3705,3993,6736,3211,3525,3848,1822,2026,962,461,501,
38500,3851,1922,1929,6738,3286,3452,7701,3707,3994,6737,3212,3525,3849,1823,2026,962,461,501,
38505,3851,1922,1929,6739,3287,3452,7701,3707,3994,6738,3213,3525,3849,1823,2026,963,462,501,
38510,3852,1922,1930,6739,3287,3452,7702,3708,3994,6739,3213,3526,3851,1825,2026,963,462,501,
38515,3852,1922,1930,6740,3287,3453,7703,3708,3995,6740,3214,3526,3852,1826,2026,963,462,501,
38520,3852,1922,1930,6741,3287,3454,7704,3708,3996,6741,3214,3527,3852,1826,2026,963,462,501,
38525,3852,1922,1930,6742,3288,3454,7704,3708,3996,6741,3214,3527,3852,1826,2026,963,462,501,
38530,3853,1923,1930,6743,3288,3455,7706,3708,3998,6742,3214,3528,3852,1826,2026,963,462,501,
38535,3854,1924,1930,6743,3288,3455,7706,3708,3998,6743,3215,3528,3852,1826,2026,963,462,501,
38540,3855,1924,1931,6745,3289,3456,7709,3709,4000,6744,3215,3529,3853,1827,2026,963,462,501,
38545,3855,1924,1931,6746,3290,3456,7709,3709,4000,6745,3215,3530,3853,1827,2026,964,463,501,
38550,3856,1924,1932,6746,3290,3456,7710,3709,4001,6746,3215,3531,3855,1828,2027,964,463,501,
38555,3856,1924,1932,6747,3290,3457,7711,3710,4001,6747,3215,3532,3856,1828,2028,964,463,501,
38560,3856,1924,1932,6748,3290,3458,7712,3710,4002,6748,3215,3533,3856,1828,2028,964,463,501,
38565,3856,1924,1932,6749,3290,3459,7712,3710,4002,6748,3215,3533,3856,1828,2028,964,463,501,
38570,3857,1925,1932,6750,3290,3460,7714,3712,4002,6749,3216,3533,3856,1828,2028,964,463,501,
38575,3858,1926,1932,6750,3290,3460,7714,3712,4002,6750,3216,3534,3856,1828,2028,964,463,501,
38580,3859,1927,1932,6752,3292,3460,7717,3713,4004,6751,3217,3534,3857,1828,2029,964,463,501,
38585,3859,1927,1932,6753,3292,3461,7717,3713,4004,6752,3218,3534,3857,1828,2029,965,463,502,
38590,3860,1928,1932,6753,3292,3461,7718,3714,4004,6753,3219,3534,3859,1828,2031,965,463,502,
38595,3860,1928,1932,6754,3292,3462,7719,3715,4004,6754,3219,3535,3860,1829,2031,965,463,502,
38600,3860,1928,1932,6755,3293,3462,7720,3715,4005,6755,3220,3535,3860,1829,2031,965,463,502,
38605,3860,1928,1932,6756,3293,3463,7720,3715,4005,6755,3220,3535,3860,1829,2031,965,463,502,
38610,3861,1929,1932,6757,3293,3464,7722,3716,4006,6756,3221,3535,3860,1829,2031,965,463,502,
38615,3862,1930,1932,6757,3293,3464,7722,3716,4006,6757,3222,3535,3860,1829,2031,965,463,502,
38620,3863,1930,1933,6759,3295,3464,7725,3717,4008,6758,3222,3536,3861,1829,2032,965,463,502,
38625,3863,1930,1933,6760,3296,3464,7725,3717,4008,6759,3222,3537,3861,1829,2032,966,463,503,
38630,3864,1930,1934,6760,3296,3464,7726,3718,4008,6760,3222,3538,3863,1830,2033,966,463,503,
38635,3864,1930,1934,6761,3297,3464,7727,3718,4009,6761,3222,3539,3864,1830,2034,966,463,503,
38640,3864,1930,1934,6762,3298,3464,7728,3718,4010,6762,3222,3540,3864,1830,2034,966,463,503,
38645,3864,1930,1934,6763,3299,3464,7728,3718,4010,6762,3222,3540,3864,1830,2034,966,463,503,
38650,3865,1930,1935,6764,3300,3464,7730,3720,4010,6763,3222,3541,3864,1830,2034,966,463,503,
38655,3866,1931,1935,6764,3300,3464,7730,3720,4010,6764,3222,3542,3864,1830,2034,966,463,503,
38660,3867,1932,1935,6766,3301,3465,7733,3722,4011,6765,3223,3542,3865,1831,2034,966,463,503,
38665,3867,1932,1935,6767,3302,3465,7733,3722,4011,6766,3224,3542,3865,1831,2034,967,463,504,
38670,3868,1932,1936,6767,3302,3465,7734,3723,4011,6767,3224,3543,3867,1831,2036,967,463,504,
38675,3868,1932,1936,6768,3302,3466,7735,3724,4011,6768,3224,3544,3868,1831,2037,967,463,504,
38680,3868,1932,1936,6769,3303,3466,7736,3725,4011,6769,3225,3544,3868,1831,2037,967,463,504,
38685,3868,1932,1936,6770,3304,3466,7736,3725,4011,6769,3225,3544,3868,1831,2037,967,463,504,
38690,3869,1933,1936,6771,3305,3466,7738,3726,4012,6770,3225,3545,3868,1831,2037,967,463,504,
38695,3870,1933,1937,6771,3305,3466,7738,3726,4012,6771,3226,3545,3868,1831,2037,967,463,504,
38700,3871,1934,1937,6773,3306,3467,7741,3727,4014,6772,3226,3546,3869,1831,2038,967,463,504,
38705,3871,1934,1937,6774,3307,3467,7741,3727,4014,6773,3227,3546,3869,1831,2038,968,464,504,
38710,3872,1935,1937,6774,3307,3467,7742,3727,4015,6774,3227,3547,3871,1832,2039,968,464,504,
38715,3872,1935,1937,6775,3308,3467,7743,3727,4016,6775,3228,3547,3872,1833,2039,968,464,504,
38720,3872,1935,1937,6776,3308,3468,7744,3728,4016,6776,3228,3548,3872,1833,2039,968,464,504,
38725,3872,1935,1937,6777,3309,3468,7744,3728,4016,6776,3228,3548,3872,1833,2039,968,464,504,
38730,3873,1936,1937,6778,3309,3469,7746,3730,4016,6777,3228,3549,3872,1833,2039,968,464,504,
38735,3874,1936,1938,6778,3309,3469,7746,3730,4016,6778,3228,3550,3872,1833,2039,968,464,504,
38740,3875,1936,1939,6780,3311,3469,7749,3733,4016,6779,3229,3550,3873,1833,2040,968,464,504,
38745,3875,1936,1939,6781,3312,3469,7749,3733,4016,6780,3230,3550,3873,1833,2040,969,464,505,
38750,3876,1937,1939,6781,3312,3469,7750,3734,4016,6781,3231,3550,3875,1834,2041,969,464,505,
38755,3876,1937,1939,6782,3313,3469,7751,3735,4016,6782,3231,3551,3876,1835,2041,969,464,505,
38760,3876,1937,1939,6783,3313,3470,7752,3735,4017,6783,3231,3552,3876,1835,2041,969,464,505,
38765,3876,1937,1939,6784,3314,3470,7752,3735,4017,6783,3231,3552,3876,1835,2041,969,464,505,
38770,3877,1937,1940,6785,3314,3471,7754,3735,4019,6784,3231,3553,3876,1835,2041,969,464,505,
38775,3878,1938,1940,6785,3314,3471,7754,3735,4019,6785,3231,3554,3876,1835,2041,969,464,505,
38780,3879,1938,1941,6787,3314,3473,7757,3736,4021,6786,3231,3555,3877,1835,2042,969,464,505,
38785,3879,1938,1941,6788,3315,3473,7757,3736,4021,6787,3232,3555,3877,1835,2042,970,464,506,
38790,3880,1938,1942,6788,3315,3473,7758,3737,4021,6788,3233,3555,3879,1837,2042,970,464,506,
38795,3880,1938,1942,6789,3315,3474,7759,3738,4021,6789,3234,3555,3880,1837,2043,970,464,506,
38800,3880,1938,1942,6790,3315,3475,7760,3739,4021,6790,3235,3555,3880,1837,2043,970,464,506,
38805,3880,1938,1942,6791,3315,3476,7760,3739,4021,6790,3235,3555,3880,1837,2043,970,464,506,
38810,3881,1938,1943,6792,3315,3477,7762,3740,4022,6791,3235,3556,3880,1837,2043,970,464,506,
38815,3882,1938,1944,6792,3315,3477,7762,3740,4022,6792,3235,3557,3880,1837,2043,970,464,506,
38820,3883,1938,1945,6794,3316,3478,7765,3741,4024,6793,3236,3557,3881,1838,2043,970,464,506,
38825,3883,1938,1945,6795,3316,3479,7765,3741,4024,6794,3236,3558,3881,1838,2043,971,464,507,
38830,3884,1939,1945,6795,3316,3479,7766,3742,4024,6795,3237,3558,3883,1839,2044,971,464,507,
38835,3884,1939,1945,6796,3316,3480,7767,3743,4024,6796,3238,3558,3884,1839,2045,971,464,507,
38840,3884,1939,1945,6797,3317,3480,7768,3744,4024,6797,3239,3558,3884,1839,2045,971,464,507,
38845,3884,1939,1945,6798,3318,3480,7768,3744,4024,6797,3239,3558,3884,1839,2045,971,464,507,
38850,3885,1940,1945,6799,3318,3481,7770,3744,4026,6798,3240,3558,3884,1839,2045,971,464,507,
38855,3886,1941,1945,6799,3318,3481,7770,3744,4026,6799,3241,3558,3884,1839,2045,971,464,507,
38860,3887,1942,1945,6801,3320,3481,7773,3744,4029,6800,3242,3558,3885,1840,2045,971,464,507,
38865,3887,1942,1945,6802,3320,3482,7773,3744,4029,6801,3242,3559,3885,1840,2045,972,464,508,
38870,3888,1942,1946,6802,3320,3482,7774,3744,4030,6802,3242,3560,3887,1840,2047,972,464,508,
38875,3888,1942,1946,6803,3321,3482,7775,3744,4031,6803,3243,3560,3888,1841,2047,972,464,508,
38880,3888,1942,1946,6804,3321,3483,7776,3744,4032,6804,3244,3560,3888,1841,2047,972,464,508,
38885,3888,1942,1946,6805,3322,3483,7776,3744,4032,6804,3244,3560,3888,1841,2047,972,464,508,
38890,3889,1942,1947,6806,3322,3484,7778,3745,4033,6805,3244,3561,3888,1841,2047,972,464,508,
38895,3890,1942,1948,6806,3322,3484,7778,3745,4033,6806,3245,3561,3888,1841,2047,972,464,508,
38900,3891,1943,1948,6808,3323,3485,7781,3745,4036,6807,3246,3561,3889,1842,2047,972,464,508,
38905,3891,1943,1948,6809,3323,3486,7781,3745,4036,6808,3247,3561,3889,1842,2047,973,464,509,
38910,3892,1943,1949,6809,3323,3486,7782,3745,4037,6809,3247,3562,3891,1843,2048,973,464,509,
38915,3892,1943,1949,6810,3324,3486,7783,3745,4038,6810,3248,3562,3892,1843,2049,973,464,509,
38920,3892,1943,1949,6811,3324,3487,7784,3745,4039,6811,3248,3563,3892,1843,2049,973,464,509,
38925,3892,1943,1949,6812,3324,3488,7784,3745,4039,6811,3248,3563,3892,1843,2049,973,464,509,
38930,3893,1943,1950,6813,3324,3489,7786,3746,4040,6812,3249,3563,3892,1843,2049,973,464,509,
38935,3894,1944,1950,6813,3324,3489,7786,3746,4040,6813,3249,3564,3892,1843,2049,973,464,509,
38940,3895,1945,1950,6815,3325,3490,7789,3748,4041,6814,3249,3565,3893,1843,2050,973,464,509,
38945,3895,1945,1950,6816,3326,3490,7789,3748,4041,6815,3250,3565,3893,1843,2050,974,465,509,
38950,3896,1945,1951,6816,3326,3490,7790,3749,4041,6816,3251,3565,3895,1843,2052,974,465,509,
38955,3896,1945,1951,6817,3327,3490,7791,3750,4041,6817,3252,3565,3896,1843,2053,974,465,509,
38960,3896,1945,1951,6818,3327,3491,7792,3750,4042,6818,3253,3565,3896,1843,2053,974,465,509,
38965,3896,1945,1951,6819,3327,3492,7792,3750,4042,6818,3253,3565,3896,1843,2053,974,465,509,
38970,3897,1946,1951,6820,3327,3493,7794,3752,4042,6819,3253,3566,3896,1843,2053,974,465,509,
38975,3898,1946,1952,6820,3327,3493,7794,3752,4042,6820,3254,3566,3896,1843,2053,974,465,509,
38980,3899,1947,1952,6822,3328,3494,7797,3754,4043,6821,3254,3567,3897,1843,2054,974,465,509,
38985,3899,1947,1952,6823,3328,3495,7797,3754,4043,6822,3255,3567,3897,1843,2054,975,465,510,
38990,3900,1948,1952,6823,3328,3495,7798,3754,4044,6823,3255,3568,3899,1843,2056,975,465,510,
38995,3900,1948,1952,6824,3328,3496,7799,3754,4045,6824,3255,3569,3900,1844,2056,975,465,510,
39000,3900,1948,1952,6825,3328,3497,7800,3755,4045,6825,3255,3570,3900,1844,2056,975,465,510,
39005,3900,1948,1952,6826,3328,3498,7800,3755,4045,6825,3255,3570,3900,1844,2056,975,465,510,
39010,3901,1948,1953,6827,3329,3498,7802,3756,4046,6826,3256,3570,3900,1844,2056,975,465,510,
39015,3902,1949,1953,6827,3329,3498,7802,3756,4046,6827,3256,3571,3900,1844,2056,975,465,510,
39020,3903,1949,1954,6829,3331,3498,7805,3758,4047,6828,3257,3571,3901,1844,2057,975,465,510,
39025,3903,1949,1954,6830,3331,3499,7805,3758,4047,6829,3257,3572,3901,1844,2057,976,466,510,
39030,3904,1949,1955,6830,3331,3499,7806,3759,4047,6830,3257,3573,3903,1844,2059,976,466,510,
39035,3904,1949,1955,6831,3332,3499,7807,3760,4047,6831,3258,3573,3904,1844,2060,976,466,510,
39040,3904,1949,1955,6832,3333,3499,7808,3761,4047,6832,3258,3574,3904,1844,2060,976,466,510,
39045,3904,1949,1955,6833,3334,3499,7808,3761,4047,6832,3258,3574,3904,1844,2060,976,466,510,
39050,3905,1950,1955,6834,3335,3499,7810,3762,4048,6833,3258,3575,3904,1844,2060,976,466,510,
39055,3906,1951,1955,6834,3335,3499,7810,3762,4048,6834,3258,3576,3904,1844,2060,976,466,510,
39060,3907,1951,1956,6836,3335,3501,7813,3762,4051,6835,3258,3577,3905,1845,2060,976,466,510,
39065,3907,1951,1956,6837,3336,3501,7813,3762,4051,6836,3259,3577,3905,1845,2060,977,467,510,
39070,3908,1951,1957,6837,3336,3501,7814,3762,4052,6837,3259,3578,3907,1845,2062,977,467,510,
39075,3908,1951,1957,6838,3336,3502,7815,3762,4053,6838,3260,3578,3908,1846,2062,977,467,510,
39080,3908,1951,1957,6839,3337,3502,7816,3763,4053,6839,3260,3579,3908,1846,2062,977,467,510,
39085,3908,1951,1957,6840,3338,3502,7816,3763,4053,6839,3260,3579,3908,1846,2062,977,467,510,
39090,3909,1951,1958,6841,3339,3502,7818,3764,4054,6840,3261,3579,3908,1846,2062,977,467,510,
39095,3910,1951,1959,6841,3339,3502,7818,3764,4054,6841,3262,3579,3908,1846,2062,977,467,510,
39100,3911,1951,1960,6843,3340,3503,7821,3764,4057,6842,3263,3579,3909,1846,2063,977,467,510,
39105,3911,1951,1960,6844,3340,3504,7821,3764,4057,6843,3263,3580,3909,1846,2063,978,468,510,
39110,3912,1952,1960,6844,3340,3504,7822,3765,4057,6844,3263,3581,3911,1846,2065,978,468,510,
39115,3912,1952,1960,6845,3341,3504,7823,3765,4058,6845,3264,3581,3912,1846,2066,978,468,510,
39120,3912,1952,1960,6846,3342,3504,7824,3765,4059,6846,3264,3582,3912,1846,2066,978,468,510,
39125,3912,1952,1960,6847,3343,3504,7824,3765,4059,6846,3264,3582,3912,1846,2066,978,468,510,
39130,3913,1953,1960,6848,3344,3504,7826,3765,4061,6847,3265,3582,3912,1846,2066,978,468,510,
39135,3914,1953,1961,6848,3344,3504,7826,3765,4061,6848,3266,3582,3912,1846,2066,978,468,510,
39140,3915,1954,1961,6850,3345,3505,7829,3767,4062,6849,3266,3583,3913,1847,2066,978,468,510,
39145,3915,1954,1961,6851,3346,3505,7829,3767,4062,6850,3266,3584,3913,1847,2066,979,469,510,
39150,3916,1954,1962,6851,3346,3505,7830,3767,4063,6851,3266,3585,3915,1848,2067,979,469,510,
39155,3916,1954,1962,6852,3346,3506,7831,3768,4063,6852,3267,3585,3916,1848,2068,979,469,510,
39160,3916,1954,1962,6853,3346,3507,7832,3768,4064,6853,3267,3586,3916,1848,2068,979,469,510,
39165,3916,1954,1962,6854,3347,3507,7832,3768,4064,6853,3267,3586,3916,1848,2068,979,469,510,
39170,3917,1954,1963,6855,3348,3507,7834,3769,4065,6854,3268,3586,3916,1848,2068,979,469,510,
39175,3918,1955,1963,6855,3348,3507,7834,3769,4065,6855,3268,3587,3916,1848,2068,979,469,510,
39180,3919,1955,1964,6857,3350,3507,7837,3771,4066,6856,3268,3588,3917,1849,2068,979,469,510,
39185,3919,1955,1964,6858,3350,3508,7837,3771,4066,6857,3268,3589,3917,1849,2068,980,469,511,
39190,3920,1955,1965,6858,3350,3508,7838,3772,4066,6858,3269,3589,3919,1849,2070,980,469,511,
39195,3920,1955,1965,6859,3350,3509,7839,3773,4066,6859,3269,3590,3920,1850,2070,980,469,511,
39200,3920,1955,1965,6860,3351,3509,7840,3773,4067,6860,3269,3591,3920,1850,2070,980,469,511,
39205,3920,1955,1965,6861,3351,3510,7840,3773,4067,6860,3269,3591,3920,1850,2070,980,469,511,
39210,3921,1956,1965,6862,3351,3511,7842,3775,4067,6861,3269,3592,3920,1850,2070,980,469,511,
39215,3922,1957,1965,6862,3351,3511,7842,3775,4067,6862,3269,3593,3920,1850,2070,980,469,511,
39220,3923,1957,1966,6864,3353,3511,7845,3777,4068,6863,3269,3594,3921,1851,2070,980,469,511,
39225,3923,1957,1966,6865,3353,3512,7845,3777,4068,6864,3269,3595,3921,1851,2070,981,469,512,
39230,3924,1957,1967,6865,3353,3512,7846,3778,4068,6865,3269,3596,3923,1853,2070,981,469,512,
39235,3924,1957,1967,6866,3354,3512,7847,3779,4068,6866,3269,3597,3924,1854,2070,981,469,512,
39240,3924,1957,1967,6867,3354,3513,7848,3780,4068,6867,3270,3597,3924,1854,2070,981,469,512,
39245,3924,1957,1967,6868,3354,3514,7848,3780,4068,6867,3270,3597,3924,1854,2070,981,469,512,
39250,3925,1957,1968,6869,3355,3514,7850,3782,4068,6868,3270,3598,3924,1854,2070,981,469,512,
39255,3926,1957,1969,6869,3355,3514,7850,3782,4068,6869,3271,3598,3924,1854,2070,981,469,512,
39260,3927,1957,1970,6871,3356,3515,7853,3785,4068,6870,3271,3599,3925,1855,2070,981,469,512,
39265,3927,1957,1970,6872,3357,3515,7853,3785,4068,6871,3271,3600,3925,1855,2070,982,470,512,
39270,3928,1958,1970,6872,3357,3515,7854,3786,4068,6872,3271,3601,3927,1856,2071,982,470,512,
39275,3928,1958,1970,6873,3357,3516,7855,3786,4069,6873,3271,3602,3928,1857,2071,982,470,512,
39280,3928,1958,1970,6874,3358,3516,7856,3786,4070,6874,3271,3603,3928,1857,2071,982,470,512,
39285,3928,1958,1970,6875,3358,3517,7856,3786,4070,6874,3271,3603,3928,1857,2071,982,470,512,
39290,3929,1958,1971,6876,3358,3518,7858,3788,4070,6875,3271,3604,3928,1857,2071,982,470,512,
39295,3930,1959,1971,6876,3358,3518,7858,3788,4070,6876,3271,3605,3928,1857,2071,982,470,512,
39300,3931,1959,1972,6878,3359,3519,7861,3789,4072,6877,3272,3605,3929,1858,2071,982,470,512,
39305,3931,1959,1972,6879,3359,3520,7861,3789,4072,6878,3272,3606,3929,1858,2071,983,470,513,
39310,3932,1959,1973,6879,3359,3520,7862,3789,4073,6879,3272,3607,3931,1858,2073,983,470,513,
39315,3932,1959,1973,6880,3359,3521,7863,3790,4073,6880,3273,3607,3932,1858,2074,983,470,513,
39320,3932,1959,1973,6881,3360,3521,7864,3791,4073,6881,3273,3608,3932,1858,2074,983,470,513,
39325,3932,1959,1973,6882,3360,3522,7864,3791,4073,6881,3273,3608,3932,1858,2074,983,470,513,
39330,3933,1960,1973,6883,3361,3522,7866,3793,4073,6882,3273,3609,3932,1858,2074,983,470,513,
39335,3934,1960,1974,6883,3361,3522,7866,3793,4073,6883,3273,3610,3932,1858,2074,983,470,513,
39340,3935,1961,1974,6885,3362,3523,7869,3795,4074,6884,3274,3610,3933,1858,2075,983,470,513,
39345,3935,1961,1974,6886,3362,3524,7869,3795,4074,6885,3275,3610,3933,1858,2075,984,471,513,
39350,3936,1962,1974,6886,3362,3524,7870,3795,4075,6886,3275,3611,3935,1859,2076,984,471,513,
39355,3936,1962,1974,6887,3363,3524,7871,3796,4075,6887,3275,3612,3936,1860,2076,984,471,513,
39360,3936,1962,1974,6888,3363,3525,7872,3796,4076,6888,3276,3612,3936,1860,2076,984,471,513,
39365,3936,1962,1974,6889,3363,3526,7872,3796,4076,6888,3276,3612,3936,1860,2076,984,471,513,
39370,3937,1962,1975,6890,3363,3527,7874,3797,4077,6889,3277,3612,3936,1860,2076,984,471,513,
39375,3938,1962,1976,6890,3363,3527,7874,3797,4077,6890,3277,3613,3936,1860,2076,984,471,513,
39380,3939,1962,1977,6892,3363,3529,7877,3798,4079,6891,3278,3613,3937,1861,2076,984,471,513,
39385,3939,1962,1977,6893,3364,3529,7877,3798,4079,6892,3279,3613,3937,1861,2076,985,471,514,
39390,3940,1963,1977,6893,3364,3529,7878,3799,4079,6893,3280,3613,3939,1863,2076,985,471,514,
39395,3940,1963,1977,6894,3364,3530,7879,3800,4079,6894,3280,3614,3940,1863,2077,985,471,514,
39400,3940,1963,1977,6895,3365,3530,7880,3800,4080,6895,3281,3614,3940,1863,2077,985,471,514,
39405,3940,1963,1977,6896,3366,3530,7880,3800,4080,6895,3281,3614,3940,1863,2077,985,471,514,
39410,3941,1963,1978,6897,3366,3531,7882,3800,4082,6896,3281,3615,3940,1863,2077,985,471,514,
39415,3942,1964,1978,6897,3366,3531,7882,3800,4082,6897,3282,3615,3940,1863,2077,985,471,514,
39420,3943,1965,1978,6899,3366,3533,7885,3800,4085,6898,3282,3616,3941,1864,2077,985,471,514,
39425,3943,1965,1978,6900,3366,3534,7885,3800,4085,6899,3282,3617,3941,1864,2077,986,472,514,
39430,3944,1965,1979,6900,3366,3534,7886,3800,4086,6900,3283,3617,3943,1866,2077,986,472,514,
39435,3944,1965,1979,6901,3366,3535,7887,3801,4086,6901,3284,3617,3944,1866,2078,986,472,514,
39440,3944,1965,1979,6902,3367,3535,7888,3801,4087,6902,3285,3617,3944,1866,2078,986,472,514,
39445,3944,1965,1979,6903,3367,3536,7888,3801,4087,6902,3285,3617,3944,1866,2078,986,472,514,
39450,3945,1966,1979,6904,3368,3536,7890,3803,4087,6903,3286,3617,3944,1866,2078,986,472,514,
39455,3946,1967,1979,6904,3368,3536,7890,3803,4087,6904,3287,3617,3944,1866,2078,986,472,514,
39460,3947,1967,1980,6906,3369,3537,7893,3805,4088,6905,3288,3617,3945,1867,2078,986,472,514,
39465,3947,1967,1980,6907,3370,3537,7893,3805,4088,6906,3289,3617,3945,1867,2078,987,473,514,
39470,3948,1968,1980,6907,3370,3537,7894,3805,4089,6907,3290,3617,3947,1868,2079,987,473,514,
39475,3948,1968,1980,6908,3371,3537,7895,3806,4089,6908,3291,3617,3948,1868,2080,987,473,514,
39480,3948,1968,1980,6909,3372,3537,7896,3807,4089,6909,3291,3618,3948,1868,2080,987,473,514,
39485,3948,1968,1980,6910,3373,3537,7896,3807,4089,6909,3291,3618,3948,1868,2080,987,473,514,
39490,3949,1969,1980,6911,3374,3537,7898,3808,4090,6910,3292,3618,3948,1868,2080,987,473,514,
39495,3950,1969,1981,6911,3374,3537,7898,3808,4090,6911,3293,3618,3948,1868,2080,987,473,514,
39500,3951,1970,1981,6913,3375,3538,7901,3809,4092,6912,3293,3619,3949,1869,2080,987,473,514,
39505,3951,1970,1981,6914,3375,3539,7901,3809,4092,6913,3293,3620,3949,1869,2080,988,474,514,
39510,3952,1970,1982,6914,3375,3539,7902,3810,4092,6914,3293,3621,3951,1870,2081,988,474,514,
39515,3952,1970,1982,6915,3376,3539,7903,3810,4093,6915,3294,3621,3952,1871,2081,988,474,514,
39520,3952,1970,1982,6916,3376,3540,7904,3811,4093,6916,3294,3622,3952,1871,2081,988,474,514,
39525,3952,1970,1982,6917,3376,3541,7904,3811,4093,6916,3294,3622,3952,1871,2081,988,474,514,
39530,3953,1971,1982,6918,3377,3541,7906,3813,4093,6917,3294,3623,3952,1871,2081,988,474,514,
39535,3954,1972,1982,6918,3377,3541,7906,3813,4093,6918,3294,3624,3952,1871,2081,988,474,514,
39540,3955,1972,1983,6920,3378,3542,7909,3816,4093,6919,3294,3625,3953,1871,2082,988,474,514,
39545,3955,1972,1983,6921,3378,3543,7909,3816,4093,6920,3294,3626,3953,1871,2082,989,475,514,
39550,3956,1973,1983,6921,3378,3543,7910,3816,4094,6921,3294,3627,3955,1872,2083,989,475,514,
39555,3956,1973,1983,6922,3379,3543,7911,3817,4094,6922,3295,3627,3956,1873,2083,989,475,514,
39560,3956,1973,1983,6923,3379,3544,7912,3817,4095,6923,3295,3628,3956,1873,2083,989,475,514,
39565,3956,1973,1983,6924,3380,3544,7912,3817,4095,6923,3295,3628,3956,1873,2083,989,475,514,
39570,3957,1973,1984,6925,3381,3544,7914,3819,4095,6924,3296,3628,3956,1873,2083,989,475,514,
39575,3958,1974,1984,6925,3381,3544,7914,3819,4095,6925,3296,3629,3956,1873,2083,989,475,514,
39580,3959,1975,1984,6927,3382,3545,7917,3820,4097,6926,3297,3629,3957,1874,2083,989,475,514,
39585,3959,1975,1984,6928,3383,3545,7917,3820,4097,6927,3297,3630,3957,1874,2083,990,476,514,
39590,3960,1975,1985,6928,3383,3545,7918,3821,4097,6928,3297,3631,3959,1876,2083,990,476,514,
39595,3960,1975,1985,6929,3384,3545,7919,3821,4098,6929,3298,3631,3960,1877,2083,990,476,514,
39600,3960,1975,1985,6930,3384,3546,7920,3821,4099,6930,3299,3631,3960,1877,2083,990,476,514,
39605,3960,1975,1985,6931,3384,3547,7920,3821,4099,6930,3299,3631,3960,1877,2083,990,476,514,
39610,3961,1976,1985,6932,3384,3548,7922,3822,4100,6931,3300,3631,3960,1877,2083,990,476,514,
39615,3962,1977,1985,6932,3384,3548,7922,3822,4100,6932,3300,3632,3960,1877,2083,990,476,514,
39620,3963,1977,1986,6934,3385,3549,7925,3824,4101,6933,3301,3632,3961,1877,2084,990,476,514,
39625,3963,1977,1986,6935,3385,3550,7925,3824,4101,6934,3302,3632,3961,1877,2084,991,477,514,
39630,3964,1978,1986,6935,3385,3550,7926,3824,4102,6935,3302,3633,3963,1877,2086,991,477,514,
39635,3964,1978,1986,6936,3385,3551,7927,3824,4103,6936,3302,3634,3964,1877,2087,991,477,514,
39640,3964,1978,1986,6937,3385,3552,7928,3824,4104,6937,3303,3634,3964,1877,2087,991,477,514,
39645,3964,1978,1986,6938,3385,3553,7928,3824,4104,6937,3303,3634,3964,1877,2087,991,477,514,
39650,3965,1979,1986,6939,3386,3553,7930,3824,4106,6938,3303,3635,3964,1877,2087,991,477,514,
39655,3966,1980,1986,6939,3386,3553,7930,3824,4106,6939,3303,3636,3964,1877,2087,991,477,514,
39660,3967,1980,1987,6941,3387,3554,7933,3825,4108,6940,3304,3636,3965,1877,2088,991,477,514,
39665,3967,1980,1987,6942,3387,3555,7933,3825,4108,6941,3304,3637,3965,1877,2088,992,477,515,
39670,3968,1980,1988,6942,3387,3555,7934,3825,4109,6942,3304,3638,3967,1878,2089,992,477,515,
39675,3968,1980,1988,6943,3388,3555,7935,3825,4110,6943,3304,3639,3968,1878,2090,992,477,515,
39680,3968,1980,1988,6944,3389,3555,7936,3825,4111,6944,3305,3639,3968,1878,2090,992,477,515,
39685,3968,1980,1988,6945,3389,3556,7936,3825,4111,6944,3305,3639,3968,1878,2090,992,477,515,
39690,3969,1980,1989,6946,3390,3556,7938,3826,4112,6945,3306,3639,3968,1878,2090,992,477,515,
39695,3970,1981,1989,6946,3390,3556,7938,3826,4112,6946,3307,3639,3968,1878,2090,992,477,515,
39700,3971,1981,1990,6948,3392,3556,7941,3829,4112,6947,3308,3639,3969,1879,2090,992,477,515,
39705,3971,1981,1990,6949,3393,3556,7941,3829,4112,6948,3308,3640,3969,1879,2090,993,478,515,
39710,3972,1981,1991,6949,3393,3556,7942,3829,4113,6949,3308,3641,3971,1880,2091,993,478,515,
39715,3972,1981,1991,6950,3393,3557,7943,3829,4114,6950,3309,3641,3972,1880,2092,993,478,515,
39720,3972,1981,1991,6951,3394,3557,7944,3829,4115,6951,3310,3641,3972,1880,2092,993,478,515,
39725,3972,1981,1991,6952,3395,3557,7944,3829,4115,6951,3310,3641,3972,1880,2092,993,478,515,
39730,3973,1982,1991,6953,3395,3558,7946,3830,4116,6952,3311,3641,3972,1880,2092,993,478,515,
39735,3974,1983,1991,6953,3395,3558,7946,3830,4116,6953,3312,3641,3972,1880,2092,993,478,515,
39740,3975,1984,1991,6955,3396,3559,7949,3832,4117,6954,3312,3642,3973,1880,2093,993,478,515,
39745,3975,1984,1991,6956,3396,3560,7949,3832,4117,6955,3313,3642,3973,1880,2093,994,479,515,
39750,3976,1985,1991,6956,3396,3560,7950,3833,4117,6956,3313,3643,3975,1881,2094,994,479,515,
39755,3976,1985,1991,6957,3397,3560,7951,3833,4118,6957,3313,3644,3976,1881,2095,994,479,515,
39760,3976,1985,1991,6958,3398,3560,7952,3833,4119,6958,3313,3645,3976,1881,2095,994,479,515,
39765,3976,1985,1991,6959,3399,3560,7952,3833,4119,6958,3313,3645,3976,1881,2095,994,479,515,
39770,3977,1986,1991,6960,3399,3561,7954,3834,4120,6959,3314,3645,3976,1881,2095,994,479,515,
39775,3978,1986,1992,6960,3399,3561,7954,3834,4120,6960,3315,3645,3976,1881,2095,994,479,515,
39780,3979,1987,1992,6962,3400,3562,7957,3835,4122,6961,3316,3645,3977,1881,2096,994,479,515,
39785,3979,1987,1992,6963,3400,3563,7957,3835,4122,6962,3316,3646,3977,1881,2096,995,479,516,
39790,3980,1987,1993,6963,3400,3563,7958,3836,4122,6963,3317,3646,3979,1883,2096,995,479,516,
39795,3980,1987,1993,6964,3401,3563,7959,3836,4123,6964,3317,3647,3980,1883,2097,995,479,516,
39800,3980,1987,1993,6965,3401,3564,7960,3837,4123,6965,3318,3647,3980,1883,2097,995,479,516,
39805,3980,1987,1993,6966,3402,3564,7960,3837,4123,6965,3318,3647,3980,1883,2097,995,479,516,
39810,3981,1988,1993,6967,3402,3565,7962,3837,4125,6966,3318,3648,3980,1883,2097,995,479,516,
39815,3982,1988,1994,6967,3402,3565,7962,3837,4125,6967,3319,3648,3980,1883,2097,995,479,516,
39820,3983,1989,1994,6969,3402,3567,7965,3838,4127,6968,3320,3648,3981,1883,2098,995,479,516,
39825,3983,1989,1994,6970,3403,3567,7965,3838,4127,6969,3321,3648,3981,1883,2098,996,479,517,
39830,3984,1990,1994,6970,3403,3567,7966,3838,4128,6970,3321,3649,3983,1885,2098,996,479,517,
39835,3984,1990,1994,6971,3403,3568,7967,3838,4129,6971,3321,3650,3984,1886,2098,996,479,517,
39840,3984,1990,1994,6972,3404,3568,7968,3838,4130,6972,3321,3651,3984,1886,2098,996,479,517,
39845,3984,1990,1994,6973,3404,3569,7968,3838,4130,6972,3321,3651,3984,1886,2098,996,479,517,
39850,3985,1990,1995,6974,3405,3569,7970,3839,4131,6973,3322,3651,3984,1886,2098,996,479,517,
39855,3986,1990,1996,6974,3405,3569,7970,3839,4131,6974,3323,3651,3984,1886,2098,996,479,517,
39860,3987,1991,1996,6976,3405,3571,7973,3840,4133,6975,3323,3652,3985,1886,2099,996,479,517,
39865,3987,1991,1996,6977,3406,3571,7973,3840,4133,6976,3323,3653,3985,1886,2099,997,480,517,
39870,3988,1992,1996,6977,3406,3571,7974,3840,4134,6977,3323,3654,3987,1887,2100,997,480,517,
39875,3988,1992,1996,6978,3407,3571,7975,3840,4135,6978,3324,3654,3988,1888,2100,997,480,517,
39880,3988,1992,1996,6979,3408,3571,7976,3840,4136,6979,3325,3654,3988,1888,2100,997,480,517,
39885,3988,1992,1996,6980,3408,3572,7976,3840,4136,6979,3325,3654,3988,1888,2100,997,480,517,
39890,3989,1992,1997,6981,3409,3572,7978,3841,4137,6980,3325,3655,3988,1888,2100,997,480,517,
39895,3990,1993,1997,6981,3409,3572,7978,3841,4137,6981,3326,3655,3988,1888,2100,997,480,517,
39900,3991,1994,1997,6983,3410,3573,7981,3843,4138,6982,3327,3655,3989,1888,2101,997,480,517,
39905,3991,1994,1997,6984,3410,3574,7981,3843,4138,6983,3327,3656,3989,1888,2101,998,480,518,
39910,3992,1994,1998,6984,3410,3574,7982,3844,4138,6984,3328,3656,3991,1890,2101,998,480,518,
39915,3992,1994,1998,6985,3411,3574,7983,3845,4138,6985,3329,3656,3992,1890,2102,998,480,518,
39920,3992,1994,1998,6986,3411,3575,7984,3846,4138,6986,3330,3656,3992,1890,2102,998,480,518,
39925,3992,1994,1998,6987,3411,3576,7984,3846,4138,6986,3330,3656,3992,1890,2102,998,480,518,
39930,3993,1994,1999,6988,3412,3576,7986,3847,4139,6987,3331,3656,3992,1890,2102,998,480,518,
39935,3994,1994,2000,6988,3412,3576,7986,3847,4139,6988,3331,3657,3992,1890,2102,998,480,518,
39940,3995,1994,2001,6990,3412,3578,7989,3849,4140,6989,3331,3658,3993,1890,2103,998,480,518,
39945,3995,1994,2001,6991,3412,3579,7989,3849,4140,6990,3332,3658,3993,1890,2103,999,481,518,
39950,3996,1994,2002,6991,3412,3579,7990,3850,4140,6991,3332,3659,3995,1892,2103,999,481,518,
39955,3996,1994,2002,6992,3413,3579,7991,3850,4141,6992,3332,3660,3996,1892,2104,999,481,518,
39960,3996,1994,2002,6993,3413,3580,7992,3850,4142,6993,3332,3661,3996,1892,2104,999,481,518,
39965,3996,1994,2002,6994,3414,3580,7992,3850,4142,6993,3332,3661,3996,1892,2104,999,481,518,
39970,3997,1995,2002,6995,3414,3581,7994,3852,4142,6994,3332,3662,3996,1892,2104,999,481,518,
39975,3998,1996,2002,6995,3414,3581,7994,3852,4142,6995,3333,3662,3996,1892,2104,999,481,518,
39980,3999,1997,2002,6997,3415,3582,7997,3853,4144,6996,3333,3663,3997,1892,2105,999,481,518,
39985,3999,1997,2002,6998,3416,3582,7997,3853,4144,6997,3334,3663,3997,1892,2105,1000,482,518,
39990,4000,1998,2002,6998,3416,3582,7998,3853,4145,6998,3335,3663,3999,1894,2105,1000,482,518,
39995,4000,1998,2002,6999,3417,3582,7999,3854,4145,6999,3336,3663,4000,1894,2106,1000,482,518,
40000,4000,1998,2002,7000,3417,3583,8000,3855,4145,7000,3337,3663,4000,1894,2106,1000,482,518,
40005,4000,1998,2002,7001,3418,3583,8000,3855,4145,7000,3337,3663,4000,1894,2106,1000,482,518,
40010,4001,1998,2003,7002,3419,3583,8002,3856,4146,7001,3337,3664,4000,1894,2106,1000,482,518,
40015,4002,1999,2003,7002,3419,3583,8002,3856,4146,7002,3338,3664,4000,1894,2106,1000,482,518,
40020,4003,2000,2003,7004,3420,3584,8005,3858,4147,7003,3338,3665,4001,1895,2106,1000,482,518,
40025,4003,2000,2003,7005,3421,3584,8005,3858,4147,7004,3339,3665,4001,1895,2106,1001,483,518,
40030,4004,2001,2003,7005,3421,3584,8006,3858,4148,7005,3339,3666,4003,1895,2108,1001,483,518,
40035,4004,2001,2003,7006,3422,3584,8007,3859,4148,7006,3340,3666,4004,1895,2109,1001,483,518,
40040,4004,2001,2003,7007,3422,3585,8008,3859,4149,7007,3341,3666,4004,1895,2109,1001,483,518,
40045,4004,2001,2003,7008,3422,3586,8008,3859,4149,7007,3341,3666,4004,1895,2109,1001,483,518,
40050,4005,2001,2004,7009,3423,3586,8010,3860,4150,7008,3341,3667,4004,1895,2109,1001,483,518,
40055,4006,2001,2005,7009,3423,3586,8010,3860,4150,7009,3341,3668,4004,1895,2109,1001,483,518,
40060,4007,2001,2006,7011,3425,3586,8013,3862,4151,7010,3341,3669,4005,1895,2110,1001,483,518,
40065,4007,2001,2006,7012,3425,3587,8013,3862,4151,7011,3341,3670,4005,1895,2110,1002,483,519,
40070,4008,2001,2007,7012,3425,3587,8014,3863,4151,7012,3342,3670,4007,1896,2111,1002,483,519,
40075,4008,2001,2007,7013,3425,3588,8015,3864,4151,7013,3342,3671,4008,1897,2111,1002,483,519,
40080,4008,2001,2007,7014,3426,3588,8016,3864,4152,7014,3342,3672,4008,1897,2111,1002,483,519,
40085,4008,2001,2007,7015,3427,3588,8016,3864,4152,7014,3342,3672,4008,1897,2111,1002,483,519,
40090,4009,2002,2007,7016,3428,3588,8018,3866,4152,7015,3342,3673,4008,1897,2111,1002,483,519,
40095,4010,2003,2007,7016,3428,3588,8018,3866,4152,7016,3342,3674,4008,1897,2111,1002,483,519,
40100,4011,2003,2008,7018,3428,3590,8021,3867,4154,7017,3342,3675,4009,1897,2112,1002,483,519,
40105,4011,2003,2008,7019,3429,3590,8021,3867,4154,7018,3343,3675,4009,1897,2112,1003,483,520,
40110,4012,2003,2009,7019,3429,3590,8022,3867,4155,7019,3343,3676,4011,1899,2112,1003,483,520,
40115,4012,2003,2009,7020,3430,3590,8023,3867,4156,7020,3344,3676,4012,1899,2113,1003,483,520,
40120,4012,2003,2009,7021,3431,3590,8024,3867,4157,7021,3345,3676,4012,1899,2113,1003,483,520,
40125,4012,2003,2009,7022,3431,3591,8024,3867,4157,7021,3345,3676,4012,1899,2113,1003,483,520,
40130,4013,2003,2010,7023,3431,3592,8026,3867,4159,7022,3346,3676,4012,1899,2113,1003,483,520,
40135,4014,2004,2010,7023,3431,3592,8026,3867,4159,7023,3346,3677,4012,1899,2113,1003,483,520,
40140,4015,2004,2011,7025,3433,3592,8029,3868,4161,7024,3346,3678,4013,1900,2113,1003,483,520,
40145,4015,2004,2011,7026,3434,3592,8029,3868,4161,7025,3347,3678,4013,1900,2113,1004,483,521,
40150,4016,2004,2012,7026,3434,3592,8030,3869,4161,7026,3347,3679,4015,1901,2114,1004,483,521,
40155,4016,2004,2012,7027,3434,3593,8031,3870,4161,7027,3347,3680,4016,1902,2114,1004,483,521,
40160,4016,2004,2012,7028,3434,3594,8032,3870,4162,7028,3348,3680,4016,1902,2114,1004,483,521,
40165,4016,2004,2012,7029,3435,3594,8032,3870,4162,7028,3348,3680,4016,1902,2114,1004,483,521,
40170,4017,2004,2013,7030,3436,3594,8034,3871,4163,7029,3349,3680,4016,1902,2114,1004,483,521,
40175,4018,2005,2013,7030,3436,3594,8034,3871,4163,7030,3349,3681,4016,1902,2114,1004,483,521,
40180,4019,2005,2014,7032,3436,3596,8037,3872,4165,7031,3349,3682,4017,1903,2114,1004,483,521,
40185,4019,2005,2014,7033,3436,3597,8037,3872,4165,7032,3350,3682,4017,1903,2114,1005,483,522,
40190,4020,2005,2015,7033,3436,3597,8038,3873,4165,7033,3350,3683,4019,1904,2115,1005,483,522,
40195,4020,2005,2015,7034,3437,3597,8039,3873,4166,7034,3351,3683,4020,1904,2116,1005,483,522,
40200,4020,2005,2015,7035,3438,3597,8040,3873,4167,7035,3352,3683,4020,1904,2116,1005,483,522,
40205,4020,2005,2015,7036,3439,3597,8040,3873,4167,7035,3352,3683,4020,1904,2116,1005,483,522,
40210,4021,2005,2016,7037,3439,3598,8042,3874,4168,7036,3353,3683,4020,1904,2116,1005,483,522,
40215,4022,2005,2017,7037,3439,3598,8042,3874,4168,7037,3353,3684,4020,1904,2116,1005,483,522,
40220,4023,2005,2018,7039,3439,3600,8045,3876,4169,7038,3353,3685,4021,1904,2117,1005,483,522,
40225,4023,2005,2018,7040,3439,3601,8045,3876,4169,7039,3353,3686,4021,1904,2117,1006,483,523,
40230,4024,2005,2019,7040,3439,3601,8046,3877,4169,7040,3353,3687,4023,1905,2118,1006,483,523,
40235,4024,2005,2019,7041,3439,3602,8047,3877,4170,7041,3354,3687,4024,1906,2118,1006,483,523,
40240,4024,2005,2019,7042,3439,3603,8048,3877,4171,7042,3354,3688,4024,1906,2118,1006,483,523,
40245,4024,2005,2019,7043,3439,3604,8048,3877,4171,7042,3354,3688,4024,1906,2118,1006,483,523,
40250,4025,2005,2020,7044,3440,3604,8050,3878,4172,7043,3354,3689,4024,1906,2118,1006,483,523,
40255,4026,2006,2020,7044,3440,3604,8050,3878,4172,7044,3355,3689,4024,1906,2118,1006,483,523,
40260,4027,2007,2020,7046,3440,3606,8053,3879,4174,7045,3355,3690,4025,1907,2118,1006,483,523,
40265,4027,2007,2020,7047,3440,3607,8053,3879,4174,7046,3355,3691,4025,1907,2118,1007,483,524,
40270,4028,2007,2021,7047,3440,3607,8054,3880,4174,7047,3355,3692,4027,1908,2119,1007,483,524,
40275,4028,2007,2021,7048,3440,3608,8055,3880,4175,7048,3355,3693,4028,1908,2120,1007,483,524,
40280,4028,2007,2021,7049,3440,3609,8056,3880,4176,7049,3355,3694,4028,1908,2120,1007,483,524,
40285,4028,2007,2021,7050,3441,3609,8056,3880,4176,7049,3355,3694,4028,1908,2120,1007,483,524,
40290,4029,2007,2022,7051,3441,3610,8058,3880,4178,7050,3355,3695,4028,1908,2120,1007,483,524,
40295,4030,2008,2022,7051,3441,3610,8058,3880,4178,7051,3355,3696,4028,1908,2120,1007,483,524,
40300,4031,2008,2023,7053,3442,3611,8061,3882,4179,7052,3355,3697,4029,1909,2120,1007,483,524,
40305,4031,2008,2023,7054,3442,3612,8061,3882,4179,7053,3355,3698,4029,1909,2120,1008,483,525,
40310,4032,2009,2023,7054,3442,3612,8062,3883,4179,7054,3356,3698,4031,1910,2121,1008,483,525,
40315,4032,2009,2023,7055,3443,3612,8063,3883,4180,7055,3357,3698,4032,1911,2121,1008,483,525,
40320,4032,2009,2023,7056,3443,3613,8064,3884,4180,7056,3358,3698,4032,1911,2121,1008,483,525,
40325,4032,2009,2023,7057,3444,3613,8064,3884,4180,7056,3358,3698,4032,1911,2121,1008,483,525,
40330,4033,2009,2024,7058,3445,3613,8066,3885,4181,7057,3359,3698,4032,1911,2121,1008,483,525,
40335,4034,2009,2025,7058,3445,3613,8066,3885,4181,7058,3359,3699,4032,1911,2121,1008,483,525,
40340,4035,2009,2026,7060,3447,3613,8069,3887,4182,7059,3360,3699,4033,1912,2121,1008,483,525,
40345,4035,2009,2026,7061,3447,3614,8069,3887,4182,7060,3361,3699,4033,1912,2121,1009,484,525,
40350,4036,2009,2027,7061,3447,3614,8070,3887,4183,7061,3361,3700,4035,1913,2122,1009,484,525,
40355,4036,2009,2027,7062,3448,3614,8071,3888,4183,7062,3362,3700,4036,1913,2123,1009,484,525,
40360,4036,2009,2027,7063,3449,3614,8072,3889,4183,7063,3362,3701,4036,1913,2123,1009,484,525,
40365,4036,2009,2027,7064,3450,3614,8072,3889,4183,7063,3362,3701,4036,1913,2123,1009,484,525,
40370,4037,2009,2028,7065,3451,3614,8074,3891,4183,7064,3362,3702,4036,1913,2123,1009,484,525,
40375,4038,2010,2028,7065,3451,3614,8074,3891,4183,7065,3363,3702,4036,1913,2123,1009,484,525,
40380,4039,2010,2029,7067,3452,3615,8077,3893,4184,7066,3364,3702,4037,1914,2123,1009,484,525,
40385,4039,2010,2029,7068,3453,3615,8077,3893,4184,7067,3364,3703,4037,1914,2123,1010,484,526,
40390,4040,2011,2029,7068,3453,3615,8078,3893,4185,7068,3364,3704,4039,1915,2124,1010,484,526,
40395,4040,2011,2029,7069,3453,3616,8079,3893,4186,7069,3364,3705,4040,1916,2124,1010,484,526,
40400,4040,2011,2029,7070,3454,3616,8080,3894,4186,7070,3365,3705,4040,1916,2124,1010,484,526,
40405,4040,2011,2029,7071,3454,3617,8080,3894,4186,7070,3365,3705,4040,1916,2124,1010,484,526,
40410,4041,2011,2030,7072,3455,3617,8082,3895,4187,7071,3365,3706,4040,1916,2124,1010,484,526,
40415,4042,2011,2031,7072,3455,3617,8082,3895,4187,7072,3365,3707,4040,1916,2124,1010,484,526,
40420,4043,2011,2032,7074,3457,3617,8085,3896,4189,7073,3366,3707,4041,1917,2124,1010,484,526,
40425,4043,2011,2032,7075,3458,3617,8085,3896,4189,7074,3366,3708,4041,1917,2124,1011,484,527,
40430,4044,2012,2032,7075,3458,3617,8086,3897,4189,7075,3366,3709,4043,1918,2125,1011,484,527,
40435,4044,2012,2032,7076,3458,3618,8087,3897,4190,7076,3366,3710,4044,1919,2125,1011,484,527,
40440,4044,2012,2032,7077,3459,3618,8088,3898,4190,7077,3366,3711,4044,1919,2125,1011,484,527,
40445,4044,2012,2032,7078,3460,3618,8088,3898,4190,7077,3366,3711,4044,1919,2125,1011,484,527,
40450,4045,2012,2033,7079,3460,3619,8090,3898,4192,7078,3366,3712,4044,1919,2125,1011,484,527,
40455,4046,2012,2034,7079,3460,3619,8090,3898,4192,7079,3367,3712,4044,1919,2125,1011,484,527,
40460,4047,2013,2034,7081,3461,3620,8093,3900,4193,7080,3368,3712,4045,1919,2126,1011,484,527,
40465,4047,2013,2034,7082,3462,3620,8093,3900,4193,7081,3369,3712,4045,1919,2126,1012,484,528,
40470,4048,2013,2035,7082,3462,3620,8094,3901,4193,7082,3369,3713,4047,1920,2127,1012,484,528,
40475,4048,2013,2035,7083,3463,3620,8095,3902,4193,7083,3369,3714,4048,1920,2128,1012,484,528,
40480,4048,2013,2035,7084,3463,3621,8096,3903,4193,7084,3369,3715,4048,1920,2128,1012,484,528,
40485,4048,2013,2035,7085,3463,3622,8096,3903,4193,7084,3369,3715,4048,1920,2128,1012,484,528,
40490,4049,2014,2035,7086,3463,3623,8098,3904,4194,7085,3370,3715,4048,1920,2128,1012,484,528,
40495,4050,2014,2036,7086,3463,3623,8098,3904,4194,7086,3370,3716,4048,1920,2128,1012,484,528,
40500,4051,2014,2037,7088,3463,3625,8101,3906,4195,7087,3370,3717,4049,1920,2129,1012,484,528,
40505,4051,2014,2037,7089,3463,3626,8101,3906,4195,7088,3370,3718,4049,1920,2129,1013,485,528,
40510,4052,2015,2037,7089,3463,3626,8102,3907,4195,7089,3371,3718,4051,1922,2129,1013,485,528,
40515,4052,2015,2037,7090,3464,3626,8103,3908,4195,7090,3371,3719,4052,1922,2130,1013,485,528,
40520,4052,2015,2037,7091,3465,3626,8104,3908,4196,7091,3372,3719,4052,1922,2130,1013,485,528,
40525,4052,2015,2037,7092,3465,3627,8104,3908,4196,7091,3372,3719,4052,1922,2130,1013,485,528,
40530,4053,2016,2037,7093,3465,3628,8106,3909,4197,7092,3373,3719,4052,1922,2130,1013,485,528,
40535,4054,2016,2038,7093,3465,3628,8106,3909,4197,7093,3373,3720,4052,1922,2130,1013,485,528,
40540,4055,2016,2039,7095,3465,3630,8109,3911,4198,7094,3373,3721,4053,1923,2130,1013,485,528,
40545,4055,2016,2039,7096,3465,3631,8109,3911,4198,7095,3373,3722,4053,1923,2130,1014,485,529,
40550,4056,2016,2040,7096,3465,3631,8110,3912,4198,7096,3373,3723,4055,1924,2131,1014,485,529,
40555,4056,2016,2040,7097,3465,3632,8111,3913,4198,7097,3373,3724,4056,1924,2132,1014,485,529,
40560,4056,2016,2040,7098,3465,3633,8112,3914,4198,7098,3374,3724,4056,1924,2132,1014,485,529,
40565,4056,2016,2040,7099,3465,3634,8112,3914,4198,7098,3374,3724,4056,1924,2132,1014,485,529,
40570,4057,2017,2040,7100,3466,3634,8114,3914,4200,7099,3375,3724,4056,1924,2132,1014,485,529,
40575,4058,2018,2040,7100,3466,3634,8114,3914,4200,7100,3376,3724,4056,1924,2132,1014,485,529,
40580,4059,2018,2041,7102,3467,3635,8117,3915,4202,7101,3376,3725,4057,1925,2132,1014,485,529,
40585,4059,2018,2041,7103,3467,3636,8117,3915,4202,7102,3376,3726,4057,1925,2132,1015,486,529,
40590,4060,2018,2042,7103,3467,3636,8118,3915,4203,7103,3376,3727,4059,1926,2133,1015,486,529,
40595,4060,2018,2042,7104,3468,3636,8119,3916,4203,7104,3376,3728,4060,1927,2133,1015,486,529,
40600,4060,2018,2042,7105,3469,3636,8120,3917,4203,7105,3377,3728,4060,1927,2133,1015,486,529,
40605,4060,2018,2042,7106,3470,3636,8120,3917,4203,7105,3377,3728,4060,1927,2133,1015,486,529,
40610,4061,2019,2042,7107,3471,3636,8122,3919,4203,7106,3378,3728,4060,1927,2133,1015,486,529,
40615,4062,2020,2042,7107,3471,3636,8122,3919,4203,7107,3379,3728,4060,1927,2133,1015,486,529,
40620,4063,2020,2043,7109,3473,3636,8125,3921,4204,7108,3379,3729,4061,1927,2134,1015,486,529,
40625,4063,2020,2043,7110,3473,3637,8125,3921,4204,7109,3379,3730,4061,1927,2134,1016,486,530,
40630,4064,2020,2044,7110,3473,3637,8126,3921,4205,7110,3379,3731,4063,1928,2135,1016,486,530,
40635,4064,2020,2044,7111,3473,3638,8127,3922,4205,7111,3380,3731,4064,1928,2136,1016,486,530,
40640,4064,2020,2044,7112,3473,3639,8128,3923,4205,7112,3380,3732,4064,1928,2136,1016,486,530,
40645,4064,2020,2044,7113,3473,3640,8128,3923,4205,7112,3380,3732,4064,1928,2136,1016,486,530,
40650,4065,2021,2044,7114,3474,3640,8130,3925,4205,7113,3381,3732,4064,1928,2136,1016,486,530,
40655,4066,2022,2044,7114,3474,3640,8130,3925,4205,7114,3381,3733,4064,1928,2136,1016,486,530,
40660,4067,2022,2045,7116,3474,3642,8133,3926,4207,7115,3381,3734,4065,1929,2136,1016,486,530,
40665,4067,2022,2045,7117,3475,3642,8133,3926,4207,7116,3382,3734,4065,1929,2136,1017,486,531,
40670,4068,2023,2045,7117,3475,3642,8134,3926,4208,7117,3382,3735,4067,1929,2138,1017,486,531,
40675,4068,2023,2045,7118,3476,3642,8135,3927,4208,7118,3383,3735,4068,1929,2139,1017,486,531,
40680,4068,2023,2045,7119,3477,3642,8136,3927,4209,7119,3383,3736,4068,1929,2139,1017,486,531,
40685,4068,2023,2045,7120,3478,3642,8136,3927,4209,7119,3383,3736,4068,1929,2139,1017,486,531,
40690,4069,2023,2046,7121,3479,3642,8138,3928,4210,7120,3383,3737,4068,1929,2139,1017,486,531,
40695,4070,2024,2046,7121,3479,3642,8138,3928,4210,7121,3383,3738,4068,1929,2139,1017,486,531,
40700,4071,2024,2047,7123,3480,3643,8141,3929,4212,7122,3383,3739,4069,1930,2139,1017,486,531,
40705,4071,2024,2047,7124,3480,3644,8141,3929,4212,7123,3383,3740,4069,1930,2139,1018,486,532,
40710,4072,2024,2048,7124,3480,3644,8142,3929,4213,7124,3384,3740,4071,1932,2139,1018,486,532,
40715,4072,2024,2048,7125,3481,3644,8143,3929,4214,7125,3385,3740,4072,1933,2139,1018,486,532,
40720,4072,2024,2048,7126,3481,3645,8144,3929,4215,7126,3385,3741,4072,1933,2139,1018,486,532,
40725,4072,2024,2048,7127,3481,3646,8144,3929,4215,7126,3385,3741,4072,1933,2139,1018,486,532,
40730,4073,2024,2049,7128,3481,3647,8146,3931,4215,7127,3385,3742,4072,1933,2139,1018,486,532,
40735,4074,2024,2050,7128,3481,3647,8146,3931,4215,7128,3386,3742,4072,1933,2139,1018,486,532,
40740,4075,2025,2050,7130,3482,3648,8149,3931,4218,7129,3387,3742,4073,1933,2140,1018,486,532,
40745,4075,2025,2050,7131,3483,3648,8149,3931,4218,7130,3387,3743,4073,1933,2140,1019,486,533,
40750,4076,2026,2050,7131,3483,3648,8150,3932,4218,7131,3388,3743,4075,1933,2142,1019,486,533,
40755,4076,2026,2050,7132,3483,3649,8151,3932,4219,7132,3388,3744,4076,1933,2143,1019,486,533,
40760,4076,2026,2050,7133,3484,3649,8152,3933,4219,7133,3388,3745,4076,1933,2143,1019,486,533,
40765,4076,2026,2050,7134,3484,3650,8152,3933,4219,7133,3388,3745,4076,1933,2143,1019,486,533,
40770,4077,2027,2050,7135,3485,3650,8154,3935,4219,7134,3388,3746,4076,1933,2143,1019,486,533,
40775,4078,2028,2050,7135,3485,3650,8154,3935,4219,7135,3389,3746,4076,1933,2143,1019,486,533,
40780,4079,2029,2050,7137,3487,3650,8157,3937,4220,7136,3390,3746,4077,1933,2144,1019,486,533,
40785,4079,2029,2050,7138,3487,3651,8157,3937,4220,7137,3391,3746,4077,1933,2144,1020,487,533,
40790,4080,2030,2050,7138,3487,3651,8158,3937,4221,7138,3391,3747,4079,1934,2145,1020,487,533,
40795,4080,2030,2050,7139,3488,3651,8159,3937,4222,7139,3391,3748,4080,1935,2145,1020,487,533,
40800,4080,2030,2050,7140,3489,3651,8160,3937,4223,7140,3391,3749,4080,1935,2145,1020,487,533,
40805,4080,2030,2050,7141,3489,3652,8160,3937,4223,7140,3391,3749,4080,1935,2145,1020,487,533,
40810,4081,2030,2051,7142,3489,3653,8162,3939,4223,7141,3391,3750,4080,1935,2145,1020,487,533,
40815,4082,2031,2051,7142,3489,3653,8162,3939,4223,7142,3391,3751,4080,1935,2145,1020,487,533,
40820,4083,2032,2051,7144,3489,3655,8165,3940,4225,7143,3391,3752,4081,1935,2146,1020,487,533,
40825,4083,2032,2051,7145,3489,3656,8165,3940,4225,7144,3391,3753,4081,1935,2146,1021,487,534,
40830,4084,2033,2051,7145,3489,3656,8166,3940,4226,7145,3392,3753,4083,1936,2147,1021,487,534,
40835,4084,2033,2051,7146,3490,3656,8167,3940,4227,7146,3392,3754,4084,1936,2148,1021,487,534,
40840,4084,2033,2051,7147,3491,3656,8168,3940,4228,7147,3392,3755,4084,1936,2148,1021,487,534,
40845,4084,2033,2051,7148,3491,3657,8168,3940,4228,7147,3392,3755,4084,1936,2148,1021,487,534,
40850,4085,2033,2052,7149,3491,3658,8170,3941,4229,7148,3393,3755,4084,1936,2148,1021,487,534,
40855,4086,2034,2052,7149,3491,3658,8170,3941,4229,7149,3394,3755,4084,1936,2148,1021,487,534,
40860,4087,2035,2052,7151,3492,3659,8173,3942,4231,7150,3395,3755,4085,1936,2149,1021,487,534,
40865,4087,2035,2052,7152,3493,3659,8173,3942,4231,7151,3395,3756,4085,1936,2149,1022,488,534,
40870,4088,2036,2052,7152,3493,3659,8174,3942,4232,7152,3396,3756,4087,1937,2150,1022,488,534,
40875,4088,2036,2052,7153,3494,3659,8175,3942,4233,7153,3396,3757,4088,1938,2150,1022,488,534,
40880,4088,2036,2052,7154,3495,3659,8176,3942,4234,7154,3397,3757,4088,1938,2150,1022,488,534,
40885,4088,2036,2052,7155,3495,3660,8176,3942,4234,7154,3397,3757,4088,1938,2150,1022,488,534,
40890,4089,2036,2053,7156,3495,3661,8178,3942,4236,7155,3397,3758,4088,1938,2150,1022,488,534,
40895,4090,2036,2054,7156,3495,3661,8178,3942,4236,7156,3398,3758,4088,1938,2150,1022,488,534,
40900,4091,2037,2054,7158,3496,3662,8181,3943,4238,7157,3398,3759,4089,1938,2151,1022,488,534,
40905,4091,2037,2054,7159,3497,3662,8181,3943,4238,7158,3398,3760,4089,1938,2151,1023,488,535,
40910,4092,2037,2055,7159,3497,3662,8182,3944,4238,7159,3398,3761,4091,1939,2152,1023,488,535,
40915,4092,2037,2055,7160,3498,3662,8183,3945,4238,7160,3398,3762,4092,1940,2152,1023,488,535,
40920,4092,2037,2055,7161,3499,3662,8184,3946,4238,7161,3399,3762,4092,1940,2152,1023,488,535,
40925,4092,2037,2055,7162,3499,3663,8184,3946,4238,7161,3399,3762,4092,1940,2152,1023,488,535,
40930,4093,2038,2055,7163,3500,3663,8186,3947,4239,7162,3400,3762,4092,1940,2152,1023,488,535,
40935,4094,2039,2055,7163,3500,3663,8186,3947,4239,7163,3401,3762,4092,1940,2152,1023,488,535,
40940,4095,2040,2055,7165,3501,3664,8189,3950,4239,7164,3401,3763,4093,1940,2153,1023,488,535,
40945,4095,2040,2055,7166,3502,3664,8189,3950,4239,7165,3402,3763,4093,1940,2153,1024,488,536,
40950,4096,2041,2055,7166,3502,3664,8190,3950,4240,7166,3402,3764,4095,1941,2154,1024,488,536,
40955,4096,2041,2055,7167,3503,3664,8191,3950,4241,7167,3403,3764,4096,1941,2155,1024,488,536,
40960,4096,2041,2055,7168,3504,3664,8192,3951,4241,7168,3404,3764,4096,1941,2155,1024,488,536,
40965,4096,2041,2055,7169,3505,3664,8192,3951,4241,7168,3404,3764,4096,1941,2155,1024,488,536,
40970,4097,2041,2056,7170,3506,3664,8194,3952,4242,7169,3405,3764,4096,1941,2155,1024,488,536,
40975,4098,2041,2057,7170,3506,3664,8194,3952,4242,7170,3405,3765,4096,1941,2155,1024,488,536,
40980,4099,2042,2057,7172,3507,3665,8197,3952,4245,7171,3405,3766,4097,1942,2155,1024,488,536,
40985,4099,2042,2057,7173,3507,3666,8197,3952,4245,7172,3406,3766,4097,1942,2155,1025,488,537,
40990,4100,2043,2057,7173,3507,3666,8198,3953,4245,7173,3407,3766,4099,1943,2156,1025,488,537,
40995,4100,2043,2057,7174,3507,3667,8199,3954,4245,7174,3408,3766,4100,1943,2157,1025,488,537,
41000,4100,2043,2057,7175,3507,3668,8200,3955,4245,7175,3409,3766,4100,1943,2157,1025,488,537,
41005,4100,2043,2057,7176,3508,3668,8200,3955,4245,7175,3409,3766,4100,1943,2157,1025,488,537,
41010,4101,2044,2057,7177,3509,3668,8202,3956,4246,7176,3409,3767,4100,1943,2157,1025,488,537,
41015,4102,2044,2058,7177,3509,3668,8202,3956,4246,7177,3410,3767,4100,1943,2157,1025,488,537,
41020,4103,2045,2058,7179,3509,3670,8205,3956,4249,7178,3410,3768,4101,1943,2158,1025,488,537,
41025,4103,2045,2058,7180,3510,3670,8205,3956,4249,7179,3410,3769,4101,1943,2158,1026,488,538,
41030,4104,2045,2059,7180,3510,3670,8206,3956,4250,7180,3410,3770,4103,1944,2159,1026,488,538,
41035,4104,2045,2059,7181,3510,3671,8207,3957,4250,7181,3411,3770,4104,1944,2160,1026,488,538,
41040,4104,2045,2059,7182,3510,3672,8208,3957,4251,7182,3412,3770,4104,1944,2160,1026,488,538,
41045,4104,2045,2059,7183,3510,3673,8208,3957,4251,7182,3412,3770,4104,1944,2160,1026,488,538,
41050,4105,2045,2060,7184,3510,3674,8210,3959,4251,7183,3412,3771,4104,1944,2160,1026,488,538,
41055,4106,2046,2060,7184,3510,3674,8210,3959,4251,7184,3412,3772,4104,1944,2160,1026,488,538,
41060,4107,2046,2061,7186,3511,3675,8213,3960,4253,7185,3413,3772,4105,1945,2160,1026,488,538,
41065,4107,2046,2061,7187,3511,3676,8213,3960,4253,7186,3414,3772,4105,1945,2160,1027,488,539,
41070,4108,2047,2061,7187,3511,3676,8214,3961,4253,7187,3415,3772,4107,1946,2161,1027,488,539,
41075,4108,2047,2061,7188,3511,3677,8215,3962,4253,7188,3416,3772,4108,1946,2162,1027,488,539,
41080,4108,2047,2061,7189,3512,3677,8216,3962,4254,7189,3417,3772,4108,1946,2162,1027,488,539,
41085,4108,2047,2061,7190,3512,3678,8216,3962,4254,7189,3417,3772,4108,1946,2162,1027,488,539,
41090,4109,2048,2061,7191,3512,3679,8218,3963,4255,7190,3417,3773,4108,1946,2162,1027,488,539,
41095,4110,2049,2061,7191,3512,3679,8218,3963,4255,7191,3417,3774,4108,1946,2162,1027,488,539,
41100,4111,2050,2061,7193,3512,3681,8221,3965,4256,7192,3418,3774,4109,1947,2162,1027,488,539,
41105,4111,2050,2061,7194,3512,3682,8221,3965,4256,7193,3418,3775,4109,1947,2162,1028,488,540,
41110,4112,2050,2062,7194,3512,3682,8222,3966,4256,7194,3418,3776,4111,1947,2164,1028,488,540,
41115,4112,2050,2062,7195,3512,3683,8223,3967,4256,7195,3418,3777,4112,1947,2165,1028,488,540,
41120,4112,2050,2062,7196,3512,3684,8224,3967,4257,7196,3419,3777,4112,1947,2165,1028,488,540,
41125,4112,2050,2062,7197,3512,3685,8224,3967,4257,7196,3419,3777,4112,1947,2165,1028,488,540,
41130,4113,2051,2062,7198,3512,3686,8226,3969,4257,7197,3420,3777,4112,1947,2165,1028,488,540,
41135,4114,2052,2062,7198,3512,3686,8226,3969,4257,7198,3421,3777,4112,1947,2165,1028,488,540,
41140,4115,2052,2063,7200,3513,3687,8229,3970,4259,7199,3421,3778,4113,1947,2166,1028,488,540,
41145,4115,2052,2063,7201,3513,3688,8229,3970,4259,7200,3421,3779,4113,1947,2166,1029,489,540,
41150,4116,2052,2064,7201,3513,3688,8230,3970,4260,7201,3422,3779,4115,1949,2166,1029,489,540,
41155,4116,2052,2064,7202,3514,3688,8231,3971,4260,7202,3423,3779,4116,1949,2167,1029,489,540,
41160,4116,2052,2064,7203,3514,3689,8232,3972,4260,7203,3423,3780,4116,1949,2167,1029,489,540,
41165,4116,2052,2064,7204,3515,3689,8232,3972,4260,7203,3423,3780,4116,1949,2167,1029,489,540,
41170,4117,2052,2065,7205,3516,3689,8234,3973,4261,7204,3424,3780,4116,1949,2167,1029,489,540,
41175,4118,2053,2065,7205,3516,3689,8234,3973,4261,7205,3425,3780,4116,1949,2167,1029,489,540,
41180,4119,2054,2065,7207,3517,3690,8237,3974,4263,7206,3425,3781,4117,1950,2167,1029,489,540,
41185,4119,2054,2065,7208,3517,3691,8237,3974,4263,7207,3425,3782,4117,1950,2167,1030,490,540,
41190,4120,2054,2066,7208,3517,3691,8238,3975,4263,7208,3425,3783,4119,1951,2168,1030,490,540,
41195,4120,2054,2066,7209,3518,3691,8239,3976,4263,7209,3425,3784,4120,1952,2168,1030,490,540,
41200,4120,2054,2066,7210,3519,3691,8240,3976,4264,7210,3425,3785,4120,1952,2168,1030,490,540,
41205,4120,2054,2066,7211,3519,3692,8240,3976,4264,7210,3425,3785,4120,1952,2168,1030,490,540,
41210,4121,2055,2066,7212,3519,3693,8242,3977,4265,7211,3425,3786,4120,1952,2168,1030,490,540,
41215,4122,2055,2067,7212,3519,3693,8242,3977,4265,7212,3426,3786,4120,1952,2168,1030,490,540,
41220,4123,2056,2067,7214,3519,3695,8245,3980,4265,7213,3426,3787,4121,1953,2168,1030,490,540,
41225,4123,2056,2067,7215,3520,3695,8245,3980,4265,7214,3427,3787,4121,1953,2168,1031,491,540,
41230,4124,2056,2068,7215,3520,3695,8246,3980,4266,7215,3427,3788,4123,1955,2168,1031,491,540,
41235,4124,2056,2068,7216,3520,3696,8247,3980,4267,7216,3428,3788,4124,1956,2168,1031,491,540,
41240,4124,2056,2068,7217,3521,3696,8248,3981,4267,7217,3428,3789,4124,1956,2168,1031,491,540,
41245,4124,2056,2068,7218,3521,3697,8248,3981,4267,7217,3428,3789,4124,1956,2168,1031,491,540,
41250,4125,2056,2069,7219,3521,3698,8250,3982,4268,7218,3428,3790,4124,1956,2168,1031,491,540,
41255,4126,2057,2069,7219,3521,3698,8250,3982,4268,7219,3429,3790,4124,1956,2168,1031,491,540,
41260,4127,2058,2069,7221,3522,3699,8253,3984,4269,7220,3430,3790,4125,1957,2168,1031,491,540,
41265,4127,2058,2069,7222,3523,3699,8253,3984,4269,7221,3431,3790,4125,1957,2168,1032,491,541,
41270,4128,2059,2069,7222,3523,3699,8254,3984,4270,7222,3431,3791,4127,1957,2170,1032,491,541,
41275,4128,2059,2069,7223,3524,3699,8255,3984,4271,7223,3431,3792,4128,1958,2170,1032,491,541,
41280,4128,2059,2069,7224,3524,3700,8256,3985,4271,7224,3431,3793,4128,1958,2170,1032,491,541,
41285,4128,2059,2069,7225,3525,3700,8256,3985,4271,7224,3431,3793,4128,1958,2170,1032,491,541,
41290,4129,2060,2069,7226,3525,3701,8258,3986,4272,7225,3432,3793,4128,1958,2170,1032,491,541,
41295,4130,2060,2070,7226,3525,3701,8258,3986,4272,7226,3433,3793,4128,1958,2170,1032,491,541,
41300,4131,2061,2070,7228,3526,3702,8261,3987,4274,7227,3433,3794,4129,1959,2170,1032,491,541,
41305,4131,2061,2070,7229,3526,3703,8261,3987,4274,7228,3434,3794,4129,1959,2170,1033,491,542,
41310,4132,2061,2071,7229,3526,3703,8262,3987,4275,7229,3434,3795,4131,1959,2172,1033,491,542,
41315,4132,2061,2071,7230,3527,3703,8263,3988,4275,7230,3434,3796,4132,1960,2172,1033,491,542,
41320,4132,2061,2071,7231,3527,3704,8264,3988,4276,7231,3435,3796,4132,1960,2172,1033,491,542,
41325,4132,2061,2071,7232,3527,3705,8264,3988,4276,7231,3435,3796,4132,1960,2172,1033,491,542,
41330,4133,2061,2072,7233,3527,3706,8266,3990,4276,7232,3436,3796,4132,1960,2172,1033,491,542,
41335,4134,2061,2073,7233,3527,3706,8266,3990,4276,7233,3437,3796,4132,1960,2172,1033,491,542,
41340,4135,2062,2073,7235,3528,3707,8269,3991,4278,7234,3438,3796,4133,1961,2172,1033,491,542,
41345,4135,2062,2073,7236,3529,3707,8269,3991,4278,7235,3438,3797,4133,1961,2172,1034,491,543,
41350,4136,2062,2074,7236,3529,3707,8270,3992,4278,7236,3439,3797,4135,1962,2173,1034,491,543,
41355,4136,2062,2074,7237,3529,3708,8271,3992,4279,7237,3440,3797,4136,1962,2174,1034,491,543,
41360,4136,2062,2074,7238,3529,3709,8272,3993,4279,7238,3441,3797,4136,1962,2174,1034,491,543,
41365,4136,2062,2074,7239,3530,3709,8272,3993,4279,7238,3441,3797,4136,1962,2174,1034,491,543,
41370,4137,2062,2075,7240,3530,3710,8274,3994,4280,7239,3442,3797,4136,1962,2174,1034,491,543,
41375,4138,2063,2075,7240,3530,3710,8274,3994,4280,7240,3443,3797,4136,1962,2174,1034,491,543,
41380,4139,2063,2076,7242,3532,3710,8277,3996,4281,7241,3444,3797,4137,1963,2174,1034,491,543,
41385,4139,2063,2076,7243,3532,3711,8277,3996,4281,7242,3445,3797,4137,1963,2174,1035,492,543,
41390,4140,2063,2077,7243,3532,3711,8278,3997,4281,7243,3446,3797,4139,1964,2175,1035,492,543,
41395,4140,2063,2077,7244,3532,3712,8279,3997,4282,7244,3447,3797,4140,1964,2176,1035,492,543,
41400,4140,2063,2077,7245,3532,3713,8280,3997,4283,7245,3448,3797,4140,1964,2176,1035,492,543,
41405,4140,2063,2077,7246,3533,3713,8280,3997,4283,7245,3448,3797,4140,1964,2176,1035,492,543,
41410,4141,2064,2077,7247,3533,3714,8282,3998,4284,7246,3449,3797,4140,1964,2176,1035,492,543,
41415,4142,2064,2078,7247,3533,3714,8282,3998,4284,7247,3449,3798,4140,1964,2176,1035,492,543,
41420,4143,2064,2079,7249,3534,3715,8285,4000,4285,7248,3449,3799,4141,1965,2176,1035,492,543,
41425,4143,2064,2079,7250,3534,3716,8285,4000,4285,7249,3449,3800,4141,1965,2176,1036,493,543,
41430,4144,2065,2079,7250,3534,3716,8286,4001,4285,7250,3449,3801,4143,1966,2177,1036,493,543,
41435,4144,2065,2079,7251,3535,3716,8287,4002,4285,7251,3450,3801,4144,1966,2178,1036,493,543,
41440,4144,2065,2079,7252,3535,3717,8288,4002,4286,7252,3450,3802,4144,1966,2178,1036,493,543,
41445,4144,2065,2079,7253,3535,3718,8288,4002,4286,7252,3450,3802,4144,1966,2178,1036,493,543,
41450,4145,2065,2080,7254,3535,3719,8290,4003,4287,7253,3450,3803,4144,1966,2178,1036,493,543,
41455,4146,2065,2081,7254,3535,3719,8290,4003,4287,7254,3450,3804,4144,1966,2178,1036,493,543,
41460,4147,2066,2081,7256,3536,3720,8293,4003,4290,7255,3450,3805,4145,1967,2178,1036,493,543,
41465,4147,2066,2081,7257,3537,3720,8293,4003,4290,7256,3451,3805,4145,1967,2178,1037,493,544,
41470,4148,2066,2082,7257,3537,3720,8294,4004,4290,7257,3452,3805,4147,1967,2180,1037,493,544,
41475,4148,2066,2082,7258,3538,3720,8295,4005,4290,7258,3452,3806,4148,1968,2180,1037,493,544,
41480,4148,2066,2082,7259,3539,3720,8296,4006,4290,7259,3453,3806,4148,1968,2180,1037,493,544,
41485,4148,2066,2082,7260,3540,3720,8296,4006,4290,7259,3453,3806,4148,1968,2180,1037,493,544,
41490,4149,2067,2082,7261,3540,3721,8298,4008,4290,7260,3453,3807,4148,1968,2180,1037,493,544,
41495,4150,2067,2083,7261,3540,3721,8298,4008,4290,7261,3453,3808,4148,1968,2180,1037,493,544,
41500,4151,2067,2084,7263,3541,3722,8301,4009,4292,7262,3454,3808,4149,1969,2180,1037,493,544,
41505,4151,2067,2084,7264,3541,3723,8301,4009,4292,7263,3454,3809,4149,1969,2180,1038,493,545,
41510,4152,2067,2085,7264,3541,3723,8302,4010,4292,7264,3454,3810,4151,1970,2181,1038,493,545,
41515,4152,2067,2085,7265,3541,3724,8303,4011,4292,7265,3455,3810,4152,1971,2181,1038,493,545,
41520,4152,2067,2085,7266,3541,3725,8304,4011,4293,7266,3455,3811,4152,1971,2181,1038,493,545,
41525,4152,2067,2085,7267,3542,3725,8304,4011,4293,7266,3455,3811,4152,1971,2181,1038,493,545,
41530,4153,2068,2085,7268,3542,3726,8306,4011,4295,7267,3456,3811,4152,1971,2181,1038,493,545,
41535,4154,2069,2085,7268,3542,3726,8306,4011,4295,7268,3456,3812,4152,1971,2181,1038,493,545,
41540,4155,2069,2086,7270,3542,3728,8309,4013,4296,7269,3456,3813,4153,1972,2181,1038,493,545,
41545,4155,2069,2086,7271,3542,3729,8309,4013,4296,7270,3457,3813,4153,1972,2181,1039,494,545,
41550,4156,2070,2086,7271,3542,3729,8310,4013,4297,7271,3457,3814,4155,1973,2182,1039,494,545,
41555,4156,2070,2086,7272,3542,3730,8311,4013,4298,7272,3458,3814,4156,1974,2182,1039,494,545,
41560,4156,2070,2086,7273,3542,3731,8312,4014,4298,7273,3459,3814,4156,1974,2182,1039,494,545,
41565,4156,2070,2086,7274,3542,3732,8312,4014,4298,7273,3459,3814,4156,1974,2182,1039,494,545,
41570,4157,2071,2086,7275,3543,3732,8314,4015,4299,7274,3459,3815,4156,1974,2182,1039,494,545,
41575,4158,2071,2087,7275,3543,3732,8314,4015,4299,7275,3459,3816,4156,1974,2182,1039,494,545,
41580,4159,2072,2087,7277,3545,3732,8317,4016,4301,7276,3460,3816,4157,1974,2183,1039,494,545,
41585,4159,2072,2087,7278,3545,3733,8317,4016,4301,7277,3460,3817,4157,1974,2183,1040,494,546,
41590,4160,2072,2088,7278,3545,3733,8318,4017,4301,7278,3461,3817,4159,1974,2185,1040,494,546,
41595,4160,2072,2088,7279,3546,3733,8319,4017,4302,7279,3462,3817,4160,1974,2186,1040,494,546,
41600,4160,2072,2088,7280,3546,3734,8320,4018,4302,7280,3462,3818,4160,1974,2186,1040,494,546,
41605,4160,2072,2088,7281,3547,3734,8320,4018,4302,7280,3462,3818,4160,1974,2186,1040,494,546,
41610,4161,2073,2088,7282,3547,3735,8322,4020,4302,7281,3462,3819,4160,1974,2186,1040,494,546,
41615,4162,2074,2088,7282,3547,3735,8322,4020,4302,7282,3463,3819,4160,1974,2186,1040,494,546,
41620,4163,2075,2088,7284,3548,3736,8325,4022,4303,7283,3463,3820,4161,1974,2187,1040,494,546,
41625,4163,2075,2088,7285,3548,3737,8325,4022,4303,7284,3464,3820,4161,1974,2187,1041,495,546,
41630,4164,2076,2088,7285,3548,3737,8326,4023,4303,7285,3465,3820,4163,1975,2188,1041,495,546,
41635,4164,2076,2088,7286,3549,3737,8327,4024,4303,7286,3465,3821,4164,1976,2188,1041,495,546,
41640,4164,2076,2088,7287,3549,3738,8328,4025,4303,7287,3465,3822,4164,1976,2188,1041,495,546,
41645,4164,2076,2088,7288,3549,3739,8328,4025,4303,7287,3465,3822,4164,1976,2188,1041,495,546,
41650,4165,2076,2089,7289,3550,3739,8330,4026,4304,7288,3466,3822,4164,1976,2188,1041,495,546,
41655,4166,2077,2089,7289,3550,3739,8330,4026,4304,7289,3467,3822,4164,1976,2188,1041,495,546,
41660,4167,2078,2089,7291,3552,3739,8333,4026,4307,7290,3468,3822,4165,1977,2188,1041,495,546,
41665,4167,2078,2089,7292,3552,3740,8333,4026,4307,7291,3468,3823,4165,1977,2188,1042,495,547,
41670,4168,2078,2090,7292,3552,3740,8334,4027,4307,7292,3468,3824,4167,1979,2188,1042,495,547,
41675,4168,2078,2090,7293,3552,3741,8335,4027,4308,7293,3468,3825,4168,1980,2188,1042,495,547,
41680,4168,2078,2090,7294,3553,3741,8336,4028,4308,7294,3469,3825,4168,1980,2188,1042,495,547,
41685,4168,2078,2090,7295,3553,3742,8336,4028,4308,7294,3469,3825,4168,1980,2188,1042,495,547,
41690,4169,2079,2090,7296,3554,3742,8338,4028,4310,7295,3469,3826,4168,1980,2188,1042,495,547,
41695,4170,2079,2091,7296,3554,3742,8338,4028,4310,7296,3469,3827,4168,1980,2188,1042,495,547,
41700,4171,2079,2092,7298,3556,3742,8341,4028,4313,7297,3470,3827,4169,1981,2188,1042,495,547,
41705,4171,2079,2092,7299,3556,3743,8341,4028,4313,7298,3470,3828,4169,1981,2188,1043,495,548,
41710,4172,2080,2092,7299,3556,3743,8342,4029,4313,7299,3470,3829,4171,1981,2190,1043,495,548,
41715,4172,2080,2092,7300,3556,3744,8343,4029,4314,7300,3471,3829,4172,1982,2190,1043,495,548,
41720,4172,2080,2092,7301,3556,3745,8344,4029,4315,7301,3472,3829,4172,1982,2190,1043,495,548,
41725,4172,2080,2092,7302,3556,3746,8344,4029,4315,7301,3472,3829,4172,1982,2190,1043,495,548,
41730,4173,2080,2093,7303,3557,3746,8346,4030,4316,7302,3472,3830,4172,1982,2190,1043,495,548,
41735,4174,2080,2094,7303,3557,3746,8346,4030,4316,7303,3473,3830,4172,1982,2190,1043,495,548,
41740,4175,2081,2094,7305,3558,3747,8349,4031,4318,7304,3473,3831,4173,1982,2191,1043,495,548,
41745,4175,2081,2094,7306,3558,3748,8349,4031,4318,7305,3474,3831,4173,1982,2191,1044,496,548,
41750,4176,2081,2095,7306,3558,3748,8350,4031,4319,7306,3474,3832,4175,1983,2192,1044,496,548,
41755,4176,2081,2095,7307,3558,3749,8351,4031,4320,7307,3475,3832,4176,1984,2192,1044,496,548,
41760,4176,2081,2095,7308,3558,3750,8352,4032,4320,7308,3475,3833,4176,1984,2192,1044,496,548,
41765,4176,2081,2095,7309,3558,3751,8352,4032,4320,7308,3475,3833,4176,1984,2192,1044,496,548,
41770,4177,2081,2096,7310,3559,3751,8354,4033,4321,7309,3476,3833,4176,1984,2192,1044,496,548,
41775,4178,2081,2097,7310,3559,3751,8354,4033,4321,7310,3477,3833,4176,1984,2192,1044,496,548,
41780,4179,2081,2098,7312,3560,3752,8357,4034,4323,7311,3478,3833,4177,1984,2193,1044,496,548,
41785,4179,2081,2098,7313,3560,3753,8357,4034,4323,7312,3478,3834,4177,1984,2193,1045,497,548,
41790,4180,2082,2098,7313,3560,3753,8358,4035,4323,7313,3478,3835,4179,1984,2195,1045,497,548,
41795,4180,2082,2098,7314,3561,3753,8359,4035,4324,7314,3479,3835,4180,1985,2195,1045,497,548,
41800,4180,2082,2098,7315,3562,3753,8360,4036,4324,7315,3479,3836,4180,1985,2195,1045,497,548,
41805,4180,2082,2098,7316,3563,3753,8360,4036,4324,7315,3479,3836,4180,1985,2195,1045,497,548,
41810,4181,2082,2099,7317,3564,3753,8362,4038,4324,7316,3479,3837,4180,1985,2195,1045,497,548,
41815,4182,2082,2100,7317,3564,3753,8362,4038,4324,7317,3480,3837,4180,1985,2195,1045,497,548,
41820,4183,2083,2100,7319,3565,3754,8365,4040,4325,7318,3481,3837,4181,1986,2195,1045,497,548,
41825,4183,2083,2100,7320,3565,3755,8365,4040,4325,7319,3481,3838,4181,1986,2195,1046,498,548,
41830,4184,2084,2100,7320,3565,3755,8366,4040,4326,7320,3482,3838,4183,1988,2195,1046,498,548,
41835,4184,2084,2100,7321,3566,3755,8367,4041,4326,7321,3482,3839,4184,1989,2195,1046,498,548,
41840,4184,2084,2100,7322,3567,3755,8368,4041,4327,7322,3482,3840,4184,1989,2195,1046,498,548,
41845,4184,2084,2100,7323,3568,3755,8368,4041,4327,7322,3482,3840,4184,1989,2195,1046,498,548,
41850,4185,2084,2101,7324,3568,3756,8370,4042,4328,7323,3483,3840,4184,1989,2195,1046,498,548,
41855,4186,2084,2102,7324,3568,3756,8370,4042,4328,7324,3484,3840,4184,1989,2195,1046,498,548,
41860,4187,2085,2102,7326,3569,3757,8373,4042,4331,7325,3485,3840,4185,1989,2196,1046,498,548,
41865,4187,2085,2102,7327,3570,3757,8373,4042,4331,7326,3486,3840,4185,1989,2196,1047,498,549,
41870,4188,2086,2102,7327,3570,3757,8374,4043,4331,7327,3486,3841,4187,1990,2197,1047,498,549,
41875,4188,2086,2102,7328,3571,3757,8375,4044,4331,7328,3486,3842,4188,1990,2198,1047,498,549,
41880,4188,2086,2102,7329,3572,3757,8376,4045,4331,7329,3486,3843,4188,1990,2198,1047,498,549,
41885,4188,2086,2102,7330,3572,3758,8376,4045,4331,7329,3486,3843,4188,1990,2198,1047,498,549,
41890,4189,2086,2103,7331,3572,3759,8378,4047,4331,7330,3487,3843,4188,1990,2198,1047,498,549,
41895,4190,2086,2104,7331,3572,3759,8378,4047,4331,7331,3488,3843,4188,1990,2198,1047,498,549,
41900,4191,2087,2104,7333,3572,3761,8381,4050,4331,7332,3489,3843,4189,1991,2198,1047,498,549,
41905,4191,2087,2104,7334,3572,3762,8381,4050,4331,7333,3490,3843,4189,1991,2198,1048,499,549,
41910,4192,2088,2104,7334,3572,3762,8382,4050,4332,7334,3491,3843,4191,1992,2199,1048,499,549,
41915,4192,2088,2104,7335,3572,3763,8383,4050,4333,7335,3492,3843,4192,1992,2200,1048,499,549,
41920,4192,2088,2104,7336,3572,3764,8384,4051,4333,7336,3493,3843,4192,1992,2200,1048,499,549,
41925,4192,2088,2104,7337,3572,3765,8384,4051,4333,7336,3493,3843,4192,1992,2200,1048,499,549,
41930,4193,2089,2104,7338,3573,3765,8386,4052,4334,7337,3494,3843,4192,1992,2200,1048,499,549,
41935,4194,2090,2104,7338,3573,3765,8386,4052,4334,7338,3495,3843,4192,1992,2200,1048,499,549,
41940,4195,2091,2104,7340,3573,3767,8389,4054,4335,7339,3495,3844,4193,1993,2200,1048,499,549,
41945,4195,2091,2104,7341,3574,3767,8389,4054,4335,7340,3495,3845,4193,1993,2200,1049,500,549,
41950,4196,2092,2104,7341,3574,3767,8390,4055,4335,7341,3496,3845,4195,1994,2201,1049,500,549,
41955,4196,2092,2104,7342,3575,3767,8391,4056,4335,7342,3496,3846,4196,1995,2201,1049,500,549,
41960,4196,2092,2104,7343,3575,3768,8392,4057,4335,7343,3497,3846,4196,1995,2201,1049,500,549,
41965,4196,2092,2104,7344,3575,3769,8392,4057,4335,7343,3497,3846,4196,1995,2201,1049,500,549,
41970,4197,2092,2105,7345,3576,3769,8394,4058,4336,7344,3498,3846,4196,1995,2201,1049,500,549,
41975,4198,2093,2105,7345,3576,3769,8394,4058,4336,7345,3499,3846,4196,1995,2201,1049,500,549,
41980,4199,2094,2105,7347,3578,3769,8397,4060,4337,7346,3499,3847,4197,1996,2201,1049,500,549,
41985,4199,2094,2105,7348,3578,3770,8397,4060,4337,7347,3500,3847,4197,1996,2201,1050,500,550,
41990,4200,2095,2105,7348,3578,3770,8398,4061,4337,7348,3500,3848,4199,1997,2202,1050,500,550,
41995,4200,2095,2105,7349,3579,3770,8399,4061,4338,7349,3500,3849,4200,1998,2202,1050,500,550,
42000,4200,2095,2105,7350,3580,3770,8400,4062,4338,7350,3501,3849,4200,1998,2202,1050,500,550,
42005,4200,2095,2105,7351,3580,3771,8400,4062,4338,7350,3501,3849,4200,1998,2202,1050,500,550,
42010,4201,2096,2105,7352,3580,3772,8402,4064,4338,7351,3502,3849,4200,1998,2202,1050,500,550,
42015,4202,2096,2106,7352,3580,3772,8402,4064,4338,7352,3503,3849,4200,1998,2202,1050,500,550,
42020,4203,2096,2107,7354,3581,3773,8405,4066,4339,7353,3503,3850,4201,1998,2203,1050,500,550,
42025,4203,2096,2107,7355,3581,3774,8405,4066,4339,7354,3503,3851,4201,1998,2203,1051,501,550,
42030,4204,2096,2108,7355,3581,3774,8406,4067,4339,7355,3503,3852,4203,1998,2205,1051,501,550,
42035,4204,2096,2108,7356,3581,3775,8407,4067,4340,7356,3503,3853,4204,1998,2206,1051,501,550,
42040,4204,2096,2108,7357,3581,3776,8408,4067,4341,7357,3503,3854,4204,1998,2206,1051,501,550,
42045,4204,2096,2108,7358,3581,3777,8408,4067,4341,7357,3503,3854,4204,1998,2206,1051,501,550,
42050,4205,2096,2109,7359,3581,3778,8410,4067,4343,7358,3504,3854,4204,1998,2206,1051,501,550,
42055,4206,2096,2110,7359,3581,3778,8410,4067,4343,7359,3504,3855,4204,1998,2206,1051,501,550,
42060,4207,2097,2110,7361,3582,3779,8413,4069,4344,7360,3504,3856,4205,1998,2207,1051,501,550,
42065,4207,2097,2110,7362,3583,3779,8413,4069,4344,7361,3505,3856,4205,1998,2207,1052,501,551,
42070,4208,2098,2110,7362,3583,3779,8414,4070,4344,7362,3505,3857,4207,1998,2209,1052,501,551,
42075,4208,2098,2110,7363,3583,3780,8415,4070,4345,7363,3505,3858,4208,1999,2209,1052,501,551,
42080,4208,2098,2110,7364,3583,3781,8416,4070,4346,7364,3506,3858,4208,1999,2209,1052,501,551,
42085,4208,2098,2110,7365,3583,3782,8416,4070,4346,7364,3506,3858,4208,1999,2209,1052,501,551,
42090,4209,2098,2111,7366,3583,3783,8418,4072,4346,7365,3507,3858,4208,1999,2209,1052,501,551,
42095,4210,2098,2112,7366,3583,3783,8418,4072,4346,7366,3507,3859,4208,1999,2209,1052,501,551,
42100,4211,2099,2112,7368,3584,3784,8421,4073,4348,7367,3508,3859,4209,1999,2210,1052,501,551,
42105,4211,2099,2112,7369,3585,3784,8421,4073,4348,7368,3509,3859,4209,1999,2210,1053,501,552,
42110,4212,2099,2113,7369,3585,3784,8422,4073,4349,7369,3510,3859,4211,1999,2212,1053,501,552,
42115,4212,2099,2113,7370,3585,3785,8423,4074,4349,7370,3511,3859,4212,2000,2212,1053,501,552,
42120,4212,2099,2113,7371,3585,3786,8424,4075,4349,7371,3511,3860,4212,2000,2212,1053,501,552,
42125,4212,2099,2113,7372,3586,3786,8424,4075,4349,7371,3511,3860,4212,2000,2212,1053,501,552,
42130,4213,2100,2113,7373,3587,3786,8426,4075,4351,7372,3511,3861,4212,2000,2212,1053,501,552,
42135,4214,2100,2114,7373,3587,3786,8426,4075,4351,7373,3511,3862,4212,2000,2212,1053,501,552,
42140,4215,2100,2115,7375,3587,3788,8429,4077,4352,7374,3511,3863,4213,2001,2212,1053,501,552,
42145,4215,2100,2115,7376,3587,3789,8429,4077,4352,7375,3512,3863,4213,2001,2212,1054,502,552,
42150,4216,2101,2115,7376,3587,3789,8430,4077,4353,7376,3513,3863,4215,2001,2214,1054,502,552,
42155,4216,2101,2115,7377,3587,3790,8431,4077,4354,7377,3514,3863,4216,2001,2215,1054,502,552,
42160,4216,2101,2115,7378,3588,3790,8432,4077,4355,7378,3515,3863,4216,2001,2215,1054,502,552,
42165,4216,2101,2115,7379,3589,3790,8432,4077,4355,7378,3515,3863,4216,2001,2215,1054,502,552,
42170,4217,2101,2116,7380,3590,3790,8434,4078,4356,7379,3515,3864,4216,2001,2215,1054,502,552,
42175,4218,2101,2117,7380,3590,3790,8434,4078,4356,7380,3515,3865,4216,2001,2215,1054,502,552,
42180,4219,2101,2118,7382,3591,3791,8437,4080,4357,7381,3516,3865,4217,2001,2216,1054,502,552,
42185,4219,2101,2118,7383,3592,3791,8437,4080,4357,7382,3516,3866,4217,2001,2216,1055,502,553,
42190,4220,2101,2119,7383,3592,3791,8438,4080,4358,7383,3517,3866,4219,2002,2217,1055,502,553,
42195,4220,2101,2119,7384,3592,3792,8439,4080,4359,7384,3517,3867,4220,2002,2218,1055,502,553,
42200,4220,2101,2119,7385,3592,3793,8440,4081,4359,7385,3517,3868,4220,2002,2218,1055,502,553,
42205,4220,2101,2119,7386,3593,3793,8440,4081,4359,7385,3517,3868,4220,2002,2218,1055,502,553,
42210,4221,2101,2120,7387,3594,3793,8442,4081,4361,7386,3517,3869,4220,2002,2218,1055,502,553,
42215,4222,2101,2121,7387,3594,3793,8442,4081,4361,7387,3517,3870,4220,2002,2218,1055,502,553,
42220,4223,2102,2121,7389,3594,3795,8445,4084,4361,7388,3518,3870,4221,2002,2219,1055,502,553,
42225,4223,2102,2121,7390,3595,3795,8445,4084,4361,7389,3518,3871,4221,2002,2219,1056,503,553,
42230,4224,2103,2121,7390,3595,3795,8446,4085,4361,7390,3519,3871,4223,2004,2219,1056,503,553,
42235,4224,2103,2121,7391,3595,3796,8447,4086,4361,7391,3519,3872,4224,2005,2219,1056,503,553,
42240,4224,2103,2121,7392,3595,3797,8448,4086,4362,7392,3519,3873,4224,2005,2219,1056,503,553,
42245,4224,2103,2121,7393,3596,3797,8448,4086,4362,7392,3519,3873,4224,2005,2219,1056,503,553,
42250,4225,2103,2122,7394,3596,3798,8450,4086,4364,7393,3519,3874,4224,2005,2219,1056,503,553,
42255,4226,2104,2122,7394,3596,3798,8450,4086,4364,7394,3519,3875,4224,2005,2219,1056,503,553,
42260,4227,2105,2122,7396,3596,3800,8453,4087,4366,7395,3520,3875,4225,2005,2220,1056,503,553,
42265,4227,2105,2122,7397,3596,3801,8453,4087,4366,7396,3520,3876,4225,2005,2220,1057,504,553,
42270,4228,2105,2123,7397,3596,3801,8454,4088,4366,7397,3521,3876,4227,2006,2221,1057,504,553,
42275,4228,2105,2123,7398,3597,3801,8455,4089,4366,7398,3522,3876,4228,2007,2221,1057,504,553,
42280,4228,2105,2123,7399,3597,3802,8456,4089,4367,7399,3522,3877,4228,2007,2221,1057,504,553,
42285,4228,2105,2123,7400,3598,3802,8456,4089,4367,7399,3522,3877,4228,2007,2221,1057,504,553,
42290,4229,2106,2123,7401,3598,3803,8458,4090,4368,7400,3522,3878,4228,2007,2221,1057,504,553,
42295,4230,2107,2123,7401,3598,3803,8458,4090,4368,7401,3523,3878,4228,2007,2221,1057,504,553,
42300,4231,2107,2124,7403,3600,3803,8461,4090,4371,7402,3524,3878,4229,2007,2222,1057,504,553,
42305,4231,2107,2124,7404,3601,3803,8461,4090,4371,7403,3525,3878,4229,2007,2222,1058,504,554,
42310,4232,2107,2125,7404,3601,3803,8462,4091,4371,7404,3525,3879,4231,2008,2223,1058,504,554,
42315,4232,2107,2125,7405,3602,3803,8463,4092,4371,7405,3525,3880,4232,2009,2223,1058,504,554,
42320,4232,2107,2125,7406,3602,3804,8464,4092,4372,7406,3526,3880,4232,2009,2223,1058,504,554,
42325,4232,2107,2125,7407,3603,3804,8464,4092,4372,7406,3526,3880,4232,2009,2223,1058,504,554,
42330,4233,2107,2126,7408,3604,3804,8466,4094,4372,7407,3527,3880,4232,2009,2223,1058,504,554,
42335,4234,2107,2127,7408,3604,3804,8466,4094,4372,7408,3527,3881,4232,2009,2223,1058,504,554,
42340,4235,2108,2127,7410,3605,3805,8469,4097,4372,7409,3527,3882,4233,2009,2224,1058,504,554,
42345,4235,2108,2127,7411,3606,3805,8469,4097,4372,7410,3528,3882,4233,2009,2224,1059,504,555,
42350,4236,2108,2128,7411,3606,3805,8470,4097,4373,7411,3528,3883,4235,2010,2225,1059,504,555,
42355,4236,2108,2128,7412,3607,3805,8471,4098,4373,7412,3529,3883,4236,2010,2226,1059,504,555,
42360,4236,2108,2128,7413,3608,3805,8472,4098,4374,7413,3530,3883,4236,2010,2226,1059,504,555,
42365,4236,2108,2128,7414,3609,3805,8472,4098,4374,7413,3530,3883,4236,2010,2226,1059,504,555,
42370,4237,2109,2128,7415,3610,3805,8474,4099,4375,7414,3531,3883,4236,2010,2226,1059,504,555,
42375,4238,2110,2128,7415,3610,3805,8474,4099,4375,7415,3531,3884,4236,2010,2226,1059,504,555,
42380,4239,2111,2128,7417,3611,3806,8477,4100,4377,7416,3531,3885,4237,2010,2227,1059,504,555,
42385,4239,2111,2128,7418,3611,3807,8477,4100,4377,7417,3531,3886,4237,2010,2227,1060,505,555,
42390,4240,2111,2129,7418,3611,3807,8478,4100,4378,7418,3532,3886,4239,2012,2227,1060,505,555,
42395,4240,2111,2129,7419,3612,3807,8479,4100,4379,7419,3532,3887,4240,2012,2228,1060,505,555,
42400,4240,2111,2129,7420,3612,3808,8480,4100,4380,7420,3533,3887,4240,2012,2228,1060,505,555,
42405,4240,2111,2129,7421,3613,3808,8480,4100,4380,7420,3533,3887,4240,2012,2228,1060,505,555,
42410,4241,2111,2130,7422,3613,3809,8482,4101,4381,7421,3534,3887,4240,2012,2228,1060,505,555,
42415,4242,2112,2130,7422,3613,3809,8482,4101,4381,7422,3534,3888,4240,2012,2228,1060,505,555,
42420,4243,2112,2131,7424,3615,3809,8485,4102,4383,7423,3535,3888,4241,2013,2228,1060,505,555,
42425,4243,2112,2131,7425,3615,3810,8485,4102,4383,7424,3536,3888,4241,2013,2228,1061,505,556,
42430,4244,2112,2132,7425,3615,3810,8486,4103,4383,7425,3537,3888,4243,2014,2229,1061,505,556,
42435,4244,2112,2132,7426,3615,3811,8487,4104,4383,7426,3537,3889,4244,2014,2230,1061,505,556,
42440,4244,2112,2132,7427,3616,3811,8488,4105,4383,7427,3538,3889,4244,2014,2230,1061,505,556,
42445,4244,2112,2132,7428,3617,3811,8488,4105,4383,7427,3538,3889,4244,2014,2230,1061,505,556,
42450,4245,2113,2132,7429,3617,3812,8490,4105,4385,7428,3538,3890,4244,2014,2230,1061,505,556,
42455,4246,2113,2133,7429,3617,3812,8490,4105,4385,7429,3538,3891,4244,2014,2230,1061,505,556,
42460,4247,2114,2133,7431,3618,3813,8493,4106,4387,7430,3538,3892,4245,2015,2230,1061,505,556,
42465,4247,2114,2133,7432,3618,3814,8493,4106,4387,7431,3539,3892,4245,2015,2230,1062,505,557,
42470,4248,2114,2134,7432,3618,3814,8494,4106,4388,7432,3539,3893,4247,2015,2232,1062,505,557,
42475,4248,2114,2134,7433,3618,3815,8495,4107,4388,7433,3540,3893,4248,2016,2232,1062,505,557,
42480,4248,2114,2134,7434,3619,3815,8496,4107,4389,7434,3540,3894,4248,2016,2232,1062,505,557,
42485,4248,2114,2134,7435,3619,3816,8496,4107,4389,7434,3540,3894,4248,2016,2232,1062,505,557,
42490,4249,2114,2135,7436,3619,3817,8498,4108,4390,7435,3540,3895,4248,2016,2232,1062,505,557,
42495,4250,2115,2135,7436,3619,3817,8498,4108,4390,7436,3541,3895,4248,2016,2232,1062,505,557,
42500,4251,2116,2135,7438,3620,3818,8501,4110,4391,7437,3541,3896,4249,2017,2232,1062,505,557,
42505,4251,2116,2135,7439,3620,3819,8501,4110,4391,7438,3541,3897,4249,2017,2232,1063,505,558,
42510,4252,2116,2136,7439,3620,3819,8502,4111,4391,7439,3542,3897,4251,2019,2232,1063,505,558,
42515,4252,2116,2136,7440,3621,3819,8503,4112,4391,7440,3542,3898,4252,2020,2232,1063,505,558,
42520,4252,2116,2136,7441,3622,3819,8504,4113,4391,7441,3542,3899,4252,2020,2232,1063,505,558,
42525,4252,2116,2136,7442,3623,3819,8504,4113,4391,7441,3542,3899,4252,2020,2232,1063,505,558,
42530,4253,2116,2137,7443,3624,3819,8506,4115,4391,7442,3542,3900,4252,2020,2232,1063,505,558,
42535,4254,2116,2138,7443,3624,3819,8506,4115,4391,7443,3542,3901,4252,2020,2232,1063,505,558,
42540,4255,2117,2138,7445,3624,3821,8509,4116,4393,7444,3542,3902,4253,2021,2232,1063,505,558,
42545,4255,2117,2138,7446,3625,3821,8509,4116,4393,7445,3543,3902,4253,2021,2232,1064,506,558,
42550,4256,2117,2139,7446,3625,3821,8510,4117,4393,7446,3544,3902,4255,2023,2232,1064,506,558,
42555,4256,2117,2139,7447,3626,3821,8511,4118,4393,7447,3545,3902,4256,2024,2232,1064,506,558,
42560,4256,2117,2139,7448,3627,3821,8512,4119,4393,7448,3545,3903,4256,2024,2232,1064,506,558,
42565,4256,2117,2139,7449,3627,3822,8512,4119,4393,7448,3545,3903,4256,2024,2232,1064,506,558,
42570,4257,2117,2140,7450,3628,3822,8514,4119,4395,7449,3546,3903,4256,2024,2232,1064,506,558,
42575,4258,2118,2140,7450,3628,3822,8514,4119,4395,7450,3547,3903,4256,2024,2232,1064,506,558,
42580,4259,2118,2141,7452,3628,3824,8517,4120,4397,7451,3548,3903,4257,2025,2232,1064,506,558,
42585,4259,2118,2141,7453,3629,3824,8517,4120,4397,7452,3548,3904,4257,2025,2232,1065,507,558,
42590,4260,2119,2141,7453,3629,3824,8518,4120,4398,7453,3549,3904,4259,2025,2234,1065,507,558,
42595,4260,2119,2141,7454,3629,3825,8519,4120,4399,7454,3549,3905,4260,2025,2235,1065,507,558,
42600,4260,2119,2141,7455,3629,3826,8520,4120,4400,7455,3549,3906,4260,2025,2235,1065,507,558,
42605,4260,2119,2141,7456,3630,3826,8520,4120,4400,7455,3549,3906,4260,2025,2235,1065,507,558,
42610,4261,2119,2142,7457,3631,3826,8522,4120,4402,7456,3549,3907,4260,2025,2235,1065,507,558,
42615,4262,2119,2143,7457,3631,3826,8522,4120,4402,7457,3549,3908,4260,2025,2235,1065,507,558,
42620,4263,2119,2144,7459,3632,3827,8525,4122,4403,7458,3549,3909,4261,2026,2235,1065,507,558,
42625,4263,2119,2144,7460,3633,3827,8525,4122,4403,7459,3549,3910,4261,2026,2235,1066,508,558,
42630,4264,2119,2145,7460,3633,3827,8526,4122,4404,7460,3549,3911,4263,2028,2235,1066,508,558,
42635,4264,2119,2145,7461,3634,3827,8527,4122,4405,7461,3549,3912,4264,2028,2236,1066,508,558,
42640,4264,2119,2145,7462,3635,3827,8528,4123,4405,7462,3550,3912,4264,2028,2236,1066,508,558,
42645,4264,2119,2145,7463,3635,3828,8528,4123,4405,7462,3550,3912,4264,2028,2236,1066,508,558,
42650,4265,2120,2145,7464,3636,3828,8530,4124,4406,7463,3550,3913,4264,2028,2236,1066,508,558,
42655,4266,2121,2145,7464,3636,3828,8530,4124,4406,7464,3551,3913,4264,2028,2236,1066,508,558,
42660,4267,2122,2145,7466,3637,3829,8533,4126,4407,7465,3551,3914,4265,2029,2236,1066,508,558,
42665,4267,2122,2145,7467,3637,3830,8533,4126,4407,7466,3552,3914,4265,2029,2236,1067,508,559,
42670,4268,2123,2145,7467,3637,3830,8534,4127,4407,7467,3553,3914,4267,2029,2238,1067,508,559,
42675,4268,2123,2145,7468,3637,3831,8535,4128,4407,7468,3553,3915,4268,2030,2238,1067,508,559,
42680,4268,2123,2145,7469,3638,3831,8536,4128,4408,7469,3553,3916,4268,2030,2238,1067,508,559,
42685,4268,2123,2145,7470,3638,3832,8536,4128,4408,7469,3553,3916,4268,2030,2238,1067,508,559,
42690,4269,2123,2146,7471,3639,3832,8538,4130,4408,7470,3553,3917,4268,2030,2238,1067,508,559,
42695,4270,2123,2147,7471,3639,3832,8538,4130,4408,7471,3553,3918,4268,2030,2238,1067,508,559,
42700,4271,2123,2148,7473,3640,3833,8541,4132,4409,7472,3554,3918,4269,2030,2239,1067,508,559,
42705,4271,2123,2148,7474,3641,3833,8541,4132,4409,7473,3555,3918,4269,2030,2239,1068,508,560,
42710,4272,2124,2148,7474,3641,3833,8542,4132,4410,7474,3555,3919,4271,2031,2240,1068,508,560,
42715,4272,2124,2148,7475,3642,3833,8543,4133,4410,7475,3555,3920,4272,2032,2240,1068,508,560,
42720,4272,2124,2148,7476,3642,3834,8544,4133,4411,7476,3556,3920,4272,2032,2240,1068,508,560,
42725,4272,2124,2148,7477,3643,3834,8544,4133,4411,7476,3556,3920,4272,2032,2240,1068,508,560,
42730,4273,2125,2148,7478,3643,3835,8546,4134,4412,7477,3557,3920,4272,2032,2240,1068,508,560,
42735,4274,2126,2148,7478,3643,3835,8546,4134,4412,7478,3557,3921,4272,2032,2240,1068,508,560,
42740,4275,2126,2149,7480,3644,3836,8549,4135,4414,7479,3557,3922,4273,2033,2240,1068,508,560,
42745,4275,2126,2149,7481,3644,3837,8549,4135,4414,7480,3558,3922,4273,2033,2240,1069,508,561,
42750,4276,2126,2150,7481,3644,3837,8550,4135,4415,7481,3559,3922,4275,2035,2240,1069,508,561,
42755,4276,2126,2150,7482,3644,3838,8551,4135,4416,7482,3559,3923,4276,2036,2240,1069,508,561,
42760,4276,2126,2150,7483,3644,3839,8552,4136,4416,7483,3560,3923,4276,2036,2240,1069,508,561,
42765,4276,2126,2150,7484,3645,3839,8552,4136,4416,7483,3560,3923,4276,2036,2240,1069,508,561,
42770,4277,2127,2150,7485,3645,3840,8554,4138,4416,7484,3561,3923,4276,2036,2240,1069,508,561,
42775,4278,2127,2151,7485,3645,3840,8554,4138,4416,7485,3561,3924,4276,2036,2240,1069,508,561,
42780,4279,2128,2151,7487,3645,3842,8557,4139,4418,7486,3561,3925,4277,2036,2241,1069,508,561,
42785,4279,2128,2151,7488,3645,3843,8557,4139,4418,7487,3561,3926,4277,2036,2241,1070,509,561,
42790,4280,2128,2152,7488,3645,3843,8558,4139,4419,7488,3562,3926,4279,2037,2242,1070,509,561,
42795,4280,2128,2152,7489,3646,3843,8559,4139,4420,7489,3563,3926,4280,2037,2243,1070,509,561,
42800,4280,2128,2152,7490,3647,3843,8560,4140,4420,7490,3563,3927,4280,2037,2243,1070,509,561,
42805,4280,2128,2152,7491,3648,3843,8560,4140,4420,7490,3563,3927,4280,2037,2243,1070,509,561,
42810,4281,2128,2153,7492,3649,3843,8562,4140,4422,7491,3563,3928,4280,2037,2243,1070,509,561,
42815,4282,2128,2154,7492,3649,3843,8562,4140,4422,7492,3563,3929,4280,2037,2243,1070,509,561,
42820,4283,2128,2155,7494,3650,3844,8565,4141,4424,7493,3563,3930,4281,2037,2244,1070,509,561,
42825,4283,2128,2155,7495,3650,3845,8565,4141,4424,7494,3564,3930,4281,2037,2244,1071,510,561,
42830,4284,2129,2155,7495,3650,3845,8566,4142,4424,7495,3565,3930,4283,2037,2246,1071,510,561,
42835,4284,2129,2155,7496,3651,3845,8567,4142,4425,7496,3566,3930,4284,2038,2246,1071,510,561,
42840,4284,2129,2155,7497,3652,3845,8568,4142,4426,7497,3567,3930,4284,2038,2246,1071,510,561,
42845,4284,2129,2155,7498,3653,3845,8568,4142,4426,7497,3567,3930,4284,2038,2246,1071,510,561,
42850,4285,2130,2155,7499,3653,3846,8570,4143,4427,7498,3567,3931,4284,2038,2246,1071,510,561,
42855,4286,2130,2156,7499,3653,3846,8570,4143,4427,7499,3567,3932,4284,2038,2246,1071,510,561,
42860,4287,2130,2157,7501,3654,3847,8573,4145,4428,7500,3567,3933,4285,2039,2246,1071,510,561,
42865,4287,2130,2157,7502,3655,3847,8573,4145,4428,7501,3567,3934,4285,2039,2246,1072,511,561,
42870,4288,2131,2157,7502,3655,3847,8574,4146,4428,7502,3567,3935,4287,2039,2248,1072,511,561,
42875,4288,2131,2157,7503,3655,3848,8575,4147,4428,7503,3567,3936,4288,2039,2249,1072,511,561,
42880,4288,2131,2157,7504,3656,3848,8576,4147,4429,7504,3568,3936,4288,2039,2249,1072,511,561,
42885,4288,2131,2157,7505,3657,3848,8576,4147,4429,7504,3568,3936,4288,2039,2249,1072,511,561,
42890,4289,2132,2157,7506,3657,3849,8578,4148,4430,7505,3569,3936,4288,2039,2249,1072,511,561,
42895,4290,2133,2157,7506,3657,3849,8578,4148,4430,7506,3569,3937,4288,2039,2249,1072,511,561,
42900,4291,2134,2157,7508,3659,3849,8581,4148,4433,7507,3570,3937,4289,2039,2250,1072,511,561,
42905,4291,2134,2157,7509,3659,3850,8581,4148,4433,7508,3571,3937,4289,2039,2250,1073,511,562,
42910,4292,2135,2157,7509,3659,3850,8582,4148,4434,7509,3571,3938,4291,2039,2252,1073,511,562,
42915,4292,2135,2157,7510,3659,3851,8583,4148,4435,7510,3571,3939,4292,2039,2253,1073,511,562,
42920,4292,2135,2157,7511,3659,3852,8584,4149,4435,7511,3571,3940,4292,2039,2253,1073,511,562,
42925,4292,2135,2157,7512,3660,3852,8584,4149,4435,7511,3571,3940,4292,2039,2253,1073,511,562,
42930,4293,2136,2157,7513,3660,3853,8586,4149,4437,7512,3571,3941,4292,2039,2253,1073,511,562,
42935,4294,2137,2157,7513,3660,3853,8586,4149,4437,7513,3571,3942,4292,2039,2253,1073,511,562,
42940,4295,2138,2157,7515,3662,3853,8589,4150,4439,7514,3572,3942,4293,2040,2253,1073,511,562,
42945,4295,2138,2157,7516,3662,3854,8589,4150,4439,7515,3573,3942,4293,2040,2253,1074,512,562,
42950,4296,2138,2158,7516,3662,3854,8590,4151,4439,7516,3574,3942,4295,2041,2254,1074,512,562,
42955,4296,2138,2158,7517,3663,3854,8591,4151,4440,7517,3575,3942,4296,2041,2255,1074,512,562,
42960,4296,2138,2158,7518,3663,3855,8592,4151,4441,7518,3576,3942,4296,2041,2255,1074,512,562,
42965,4296,2138,2158,7519,3663,3856,8592,4151,4441,7518,3576,3942,4296,2041,2255,1074,512,562,
42970,4297,2139,2158,7520,3663,3857,8594,4153,4441,7519,3577,3942,4296,2041,2255,1074,512,562,
42975,4298,2139,2159,7520,3663,3857,8594,4153,4441,7520,3577,3943,4296,2041,2255,1074,512,562,
42980,4299,2140,2159,7522,3664,3858,8597,4155,4442,7521,3577,3944,4297,2042,2255,1074,512,562,
42985,4299,2140,2159,7523,3664,3859,8597,4155,4442,7522,3577,3945,4297,2042,2255,1075,513,562,
42990,4300,2141,2159,7523,3664,3859,8598,4155,4443,7523,3577,3946,4299,2044,2255,1075,513,562,
42995,4300,2141,2159,7524,3665,3859,8599,4155,4444,7524,3577,3947,4300,2045,2255,1075,513,562,
43000,4300,2141,2159,7525,3666,3859,8600,4155,4445,7525,3577,3948,4300,2045,2255,1075,513,562,
43005,4300,2141,2159,7526,3666,3860,8600,4155,4445,7525,3577,3948,4300,2045,2255,1075,513,562,
43010,4301,2142,2159,7527,3666,3861,8602,4156,4446,7526,3578,3948,4300,2045,2255,1075,513,562,
43015,4302,2143,2159,7527,3666,3861,8602,4156,4446,7527,3578,3949,4300,2045,2255,1075,513,562,
43020,4303,2144,2159,7529,3666,3863,8605,4157,4448,7528,3578,3950,4301,2045,2256,1075,513,562,
43025,4303,2144,2159,7530,3667,3863,8605,4157,4448,7529,3579,3950,4301,2045,2256,1076,513,563,
43030,4304,2145,2159,7530,3667,3863,8606,4158,4448,7530,3580,3950,4303,2047,2256,1076,513,563,
43035,4304,2145,2159,7531,3667,3864,8607,4159,4448,7531,3581,3950,4304,2047,2257,1076,513,563,
43040,4304,2145,2159,7532,3668,3864,8608,4159,4449,7532,3582,3950,4304,2047,2257,1076,513,563,
43045,4304,2145,2159,7533,3668,3865,8608,4159,4449,7532,3582,3950,4304,2047,2257,1076,513,563,
43050,4305,2145,2160,7534,3668,3866,8610,4160,4450,7533,3582,3951,4304,2047,2257,1076,513,563,
43055,4306,2146,2160,7534,3668,3866,8610,4160,4450,7534,3583,3951,4304,2047,2257,1076,513,563,
43060,4307,2147,2160,7536,3668,3868,8613,4160,4453,7535,3584,3951,4305,2047,2258,1076,513,563,
43065,4307,2147,2160,7537,3668,3869,8613,4160,4453,7536,3584,3952,4305,2047,2258,1077,514,563,
43070,4308,2148,2160,7537,3668,3869,8614,4160,4454,7537,3584,3953,4307,2049,2258,1077,514,563,
43075,4308,2148,2160,7538,3669,3869,8615,4161,4454,7538,3585,3953,4308,2050,2258,1077,514,563,
43080,4308,2148,2160,7539,3669,3870,8616,4161,4455,7539,3586,3953,4308,2050,2258,1077,514,563,
43085,4308,2148,2160,7540,3670,3870,8616,4161,4455,7539,3586,3953,4308,2050,2258,1077,514,563,
43090,4309,2148,2161,7541,3670,3871,8618,4162,4456,7540,3587,3953,4308,2050,2258,1077,514,563,
43095,4310,2149,2161,7541,3670,3871,8618,4162,4456,7541,3588,3953,4308,2050,2258,1077,514,563,
43100,4311,2149,2162,7543,3670,3873,8621,4164,4457,7542,3589,3953,4309,2050,2259,1077,514,563,
43105,4311,2149,2162,7544,3671,3873,8621,4164,4457,7543,3590,3953,4309,2050,2259,1078,515,563,
43110,4312,2150,2162,7544,3671,3873,8622,4165,4457,7544,3591,3953,4311,2051,2260,1078,515,563,
43115,4312,2150,2162,7545,3672,3873,8623,4165,4458,7545,3591,3954,4312,2052,2260,1078,515,563,
43120,4312,2150,2162,7546,3672,3874,8624,4166,4458,7546,3592,3954,4312,2052,2260,1078,515,563,
43125,4312,2150,2162,7547,3672,3875,8624,4166,4458,7546,3592,3954,4312,2052,2260,1078,515,563,
43130,4313,2151,2162,7548,3672,3876,8626,4166,4460,7547,3593,3954,4312,2052,2260,1078,515,563,
43135,4314,2152,2162,7548,3672,3876,8626,4166,4460,7548,3594,3954,4312,2052,2260,1078,515,563,
43140,4315,2153,2162,7550,3672,3878,8629,4167,4462,7549,3595,3954,4313,2053,2260,1078,515,563,
43145,4315,2153,2162,7551,3672,3879,8629,4167,4462,7550,3595,3955,4313,2053,2260,1079,516,563,
43150,4316,2153,2163,7551,3672,3879,8630,4168,4462,7551,3595,3956,4315,2054,2261,1079,516,563,
43155,4316,2153,2163,7552,3672,3880,8631,4169,4462,7552,3596,3956,4316,2055,2261,1079,516,563,
43160,4316,2153,2163,7553,3673,3880,8632,4169,4463,7553,3597,3956,4316,2055,2261,1079,516,563,
43165,4316,2153,2163,7554,3674,3880,8632,4169,4463,7553,3597,3956,4316,2055,2261,1079,516,563,
43170,4317,2153,2164,7555,3675,3880,8634,4170,4464,7554,3598,3956,4316,2055,2261,1079,516,563,
43175,4318,2153,2165,7555,3675,3880,8634,4170,4464,7555,3599,3956,4316,2055,2261,1079,516,563,
43180,4319,2153,2166,7557,3677,3880,8637,4173,4464,7556,3600,3956,4317,2056,2261,1079,516,563,
43185,4319,2153,2166,7558,3678,3880,8637,4173,4464,7557,3601,3956,4317,2056,2261,1080,517,563,
43190,4320,2154,2166,7558,3678,3880,8638,4173,4465,7558,3602,3956,4319,2058,2261,1080,517,563,
43195,4320,2154,2166,7559,3678,3881,8639,4174,4465,7559,3603,3956,4320,2058,2262,1080,517,563,
43200,4320,2154,2166,7560,3679,3881,8640,4175,4465,7560,3603,3957,4320,2058,2262,1080,517,563,
43205,4320,2154,2166,7561,3679,3882,8640,4175,4465,7560,3603,3957,4320,2058,2262,1080,517,563,
43210,4321,2155,2166,7562,3680,3882,8642,4176,4466,7561,3604,3957,4320,2058,2262,1080,517,563,
43215,4322,2156,2166,7562,3680,3882,8642,4176,4466,7562,3604,3958,4320,2058,2262,1080,517,563,
43220,4323,2157,2166,7564,3681,3883,8645,4177,4468,7563,3604,3959,4321,2059,2262,1080,517,563,
43225,4323,2157,2166,7565,3681,3884,8645,4177,4468,7564,3604,3960,4321,2059,2262,1081,517,564,
43230,4324,2157,2167,7565,3681,3884,8646,4178,4468,7565,3604,3961,4323,2061,2262,1081,517,564,
43235,4324,2157,2167,7566,3682,3884,8647,4179,4468,7566,3604,3962,4324,2061,2263,1081,517,564,
43240,4324,2157,2167,7567,3682,3885,8648,4180,4468,7567,3604,3963,4324,2061,2263,1081,517,564,
43245,4324,2157,2167,7568,3683,3885,8648,4180,4468,7567,3604,3963,4324,2061,2263,1081,517,564,
43250,4325,2158,2167,7569,3684,3885,8650,4180,4470,7568,3605,3963,4324,2061,2263,1081,517,564,
43255,4326,2159,2167,7569,3684,3885,8650,4180,4470,7569,3606,3963,4324,2061,2263,1081,517,564,
43260,4327,2160,2167,7571,3685,3886,8653,4182,4471,7570,3606,3964,4325,2062,2263,1081,517,564,
43265,4327,2160,2167,7572,3685,3887,8653,4182,4471,7571,3607,3964,4325,2062,2263,1082,518,564,
43270,4328,2161,2167,7572,3685,3887,8654,4183,4471,7572,3607,3965,4327,2064,2263,1082,518,564,
43275,4328,2161,2167,7573,3685,3888,8655,4183,4472,7573,3607,3966,4328,2064,2264,1082,518,564,
43280,4328,2161,2167,7574,3686,3888,8656,4184,4472,7574,3608,3966,4328,2064,2264,1082,518,564,
43285,4328,2161,2167,7575,3686,3889,8656,4184,4472,7574,3608,3966,4328,2064,2264,1082,518,564,
43290,4329,2161,2168,7576,3687,3889,8658,4185,4473,7575,3608,3967,4328,2064,2264,1082,518,564,
43295,4330,2161,2169,7576,3687,3889,8658,4185,4473,7576,3608,3968,4328,2064,2264,1082,518,564,
43300,4331,2161,2170,7578,3688,3890,8661,4185,4476,7577,3608,3969,4329,2064,2265,1082,518,564,
43305,4331,2161,2170,7579,3688,3891,8661,4185,4476,7578,3608,3970,4329,2064,2265,1083,518,565,
43310,4332,2162,2170,7579,3688,3891,8662,4186,4476,7579,3608,3971,4331,2066,2265,1083,518,565,
43315,4332,2162,2170,7580,3688,3892,8663,4187,4476,7580,3609,3971,4332,2066,2266,1083,518,565,
43320,4332,2162,2170,7581,3689,3892,8664,4188,4476,7581,3610,3971,4332,2066,2266,1083,518,565,
43325,4332,2162,2170,7582,3690,3892,8664,4188,4476,7581,3610,3971,4332,2066,2266,1083,518,565,
43330,4333,2162,2171,7583,3690,3893,8666,4189,4477,7582,3610,3972,4332,2066,2266,1083,518,565,
43335,4334,2162,2172,7583,3690,3893,8666,4189,4477,7583,3611,3972,4332,2066,2266,1083,518,565,
43340,4335,2162,2173,7585,3692,3893,8669,4189,4480,7584,3612,3972,4333,2067,2266,1083,518,565,
43345,4335,2162,2173,7586,3692,3894,8669,4189,4480,7585,3612,3973,4333,2067,2266,1084,518,566,
43350,4336,2163,2173,7586,3692,3894,8670,4190,4480,7586,3613,3973,4335,2069,2266,1084,518,566,
43355,4336,2163,2173,7587,3693,3894,8671,4191,4480,7587,3614,3973,4336,2070,2266,1084,518,566,
43360,4336,2163,2173,7588,3693,3895,8672,4192,4480,7588,3614,3974,4336,2070,2266,1084,518,566,
43365,4336,2163,2173,7589,3693,3896,8672,4192,4480,7588,3614,3974,4336,2070,2266,1084,518,566,
43370,4337,2164,2173,7590,3694,3896,8674,4193,4481,7589,3614,3975,4336,2070,2266,1084,518,566,
43375,4338,2165,2173,7590,3694,3896,8674,4193,4481,7590,3614,3976,4336,2070,2266,1084,518,566,
43380,4339,2166,2173,7592,3694,3898,8677,4194,4483,7591,3615,3976,4337,2070,2267,1084,518,566,
43385,4339,2166,2173,7593,3694,3899,8677,4194,4483,7592,3616,3976,4337,2070,2267,1085,518,567,
43390,4340,2167,2173,7593,3694,3899,8678,4195,4483,7593,3616,3977,4339,2071,2268,1085,518,567,
43395,4340,2167,2173,7594,3694,3900,8679,4195,4484,7594,3617,3977,4340,2071,2269,1085,518,567,
43400,4340,2167,2173,7595,3694,3901,8680,4196,4484,7595,3618,3977,4340,2071,2269,1085,518,567,
43405,4340,2167,2173,7596,3694,3902,8680,4196,4484,7595,3618,3977,4340,2071,2269,1085,518,567,
43410,4341,2168,2173,7597,3694,3903,8682,4197,4485,7596,3618,3978,4340,2071,2269,1085,518,567,
43415,4342,2169,2173,7597,3694,3903,8682,4197,4485,7597,3618,3979,4340,2071,2269,1085,518,567,
43420,4343,2170,2173,7599,3696,3903,8685,4197,4488,7598,3619,3979,4341,2071,2270,1085,518,567,
43425,4343,2170,2173,7600,3697,3903,8685,4197,4488,7599,3620,3979,4341,2071,2270,1086,518,568,
43430,4344,2171,2173,7600,3697,3903,8686,4198,4488,7600,3620,3980,4343,2073,2270,1086,518,568,
43435,4344,2171,2173,7601,3697,3904,8687,4198,4489,7601,3620,3981,4344,2074,2270,1086,518,568,
43440,4344,2171,2173,7602,3697,3905,8688,4199,4489,7602,3621,3981,4344,2074,2270,1086,518,568,
43445,4344,2171,2173,7603,3697,3906,8688,4199,4489,7602,3621,3981,4344,2074,2270,1086,518,568,
43450,4345,2171,2174,7604,3698,3906,8690,4200,4490,7603,3621,3982,4344,2074,2270,1086,518,568,
43455,4346,2171,2175,7604,3698,3906,8690,4200,4490,7604,3622,3982,4344,2074,2270,1086,518,568,
43460,4347,2171,2176,7606,3699,3907,8693,4202,4491,7605,3623,3982,4345,2074,2271,1086,518,568,
43465,4347,2171,2176,7607,3699,3908,8693,4202,4491,7606,3624,3982,4345,2074,2271,1087,519,568,
43470,4348,2172,2176,7607,3699,3908,8694,4202,4492,7607,3625,3982,4347,2076,2271,1087,519,568,
43475,4348,2172,2176,7608,3699,3909,8695,4202,4493,7608,3625,3983,4348,2077,2271,1087,519,568,
43480,4348,2172,2176,7609,3700,3909,8696,4203,4493,7609,3626,3983,4348,2077,2271,1087,519,568,
43485,4348,2172,2176,7610,3700,3910,8696,4203,4493,7609,3626,3983,4348,2077,2271,1087,519,568,
43490,4349,2173,2176,7611,3700,3911,8698,4203,4495,7610,3627,3983,4348,2077,2271,1087,519,568,
43495,4350,2173,2177,7611,3700,3911,8698,4203,4495,7611,3627,3984,4348,2077,2271,1087,519,568,
43500,4351,2173,2178,7613,3702,3911,8701,4205,4496,7612,3627,3985,4349,2078,2271,1087,519,568,
43505,4351,2173,2178,7614,3703,3911,8701,4205,4496,7613,3627,3986,4349,2078,2271,1088,519,569,
43510,4352,2174,2178,7614,3703,3911,8702,4205,4497,7614,3628,3986,4351,2079,2272,1088,519,569,
43515,4352,2174,2178,7615,3703,3912,8703,4205,4498,7615,3628,3987,4352,2079,2273,1088,519,569,
43520,4352,2174,2178,7616,3703,3913,8704,4205,4499,7616,3629,3987,4352,2079,2273,1088,519,569,
43525,4352,2174,2178,7617,3704,3913,8704,4205,4499,7616,3629,3987,4352,2079,2273,1088,519,569,
43530,4353,2175,2178,7618,3705,3913,8706,4206,4500,7617,3629,3988,4352,2079,2273,1088,519,569,
43535,4354,2176,2178,7618,3705,3913,8706,4206,4500,7618,3629,3989,4352,2079,2273,1088,519,569,
43540,4355,2176,2179,7620,3706,3914,8709,4208,4501,7619,3630,3989,4353,2080,2273,1088,519,569,
43545,4355,2176,2179,7621,3707,3914,8709,4208,4501,7620,3630,3990,4353,2080,2273,1089,520,569,
43550,4356,2176,2180,7621,3707,3914,8710,4209,4501,7621,3630,3991,4355,2080,2275,1089,520,569,
43555,4356,2176,2180,7622,3707,3915,8711,4209,4502,7622,3631,3991,4356,2080,2276,1089,520,569,
43560,4356,2176,2180,7623,3708,3915,8712,4210,4502,7623,3632,3991,4356,2080,2276,1089,520,569,
43565,4356,2176,2180,7624,3708,3916,8712,4210,4502,7623,3632,3991,4356,2080,2276,1089,520,569,
43570,4357,2176,2181,7625,3709,3916,8714,4210,4504,7624,3633,3991,4356,2080,2276,1089,520,569,
43575,4358,2177,2181,7625,3709,3916,8714,4210,4504,7625,3633,3992,4356,2080,2276,1089,520,569,
43580,4359,2177,2182,7627,3711,3916,8717,4212,4505,7626,3634,3992,4357,2081,2276,1089,520,569,
43585,4359,2177,2182,7628,3711,3917,8717,4212,4505,7627,3634,3993,4357,2081,2276,1090,521,569,
43590,4360,2177,2183,7628,3711,3917,8718,4212,4506,7628,3634,3994,4359,2081,2278,1090,521,569,
43595,4360,2177,2183,7629,3711,3918,8719,4213,4506,7629,3635,3994,4360,2081,2279,1090,521,569,
43600,4360,2177,2183,7630,3711,3919,8720,4214,4506,7630,3635,3995,4360,2081,2279,1090,521,569,
43605,4360,2177,2183,7631,3711,3920,8720,4214,4506,7630,3635,3995,4360,2081,2279,1090,521,569,
43610,4361,2177,2184,7632,3711,3921,8722,4216,4506,7631,3635,3996,4360,2081,2279,1090,521,569,
43615,4362,2177,2185,7632,3711,3921,8722,4216,4506,7632,3636,3996,4360,2081,2279,1090,521,569,
43620,4363,2178,2185,7634,3713,3921,8725,4218,4507,7633,3637,3996,4361,2081,2280,1090,521,569,
43625,4363,2178,2185,7635,3714,3921,8725,4218,4507,7634,3637,3997,4361,2081,2280,1091,522,569,
43630,4364,2178,2186,7635,3714,3921,8726,4219,4507,7635,3637,3998,4363,2082,2281,1091,522,569,
43635,4364,2178,2186,7636,3714,3922,8727,4220,4507,7636,3638,3998,4364,2083,2281,1091,522,569,
43640,4364,2178,2186,7637,3715,3922,8728,4221,4507,7637,3639,3998,4364,2083,2281,1091,522,569,
43645,4364,2178,2186,7638,3715,3923,8728,4221,4507,7637,3639,3998,4364,2083,2281,1091,522,569,
43650,4365,2178,2187,7639,3715,3924,8730,4221,4509,7638,3639,3999,4364,2083,2281,1091,522,569,
43655,4366,2178,2188,7639,3715,3924,8730,4221,4509,7639,3639,4000,4364,2083,2281,1091,522,569,
43660,4367,2179,2188,7641,3717,3924,8733,4224,4509,7640,3639,4001,4365,2083,2282,1091,522,569,
43665,4367,2179,2188,7642,3718,3924,8733,4224,4509,7641,3639,4002,4365,2083,2282,1092,523,569,
43670,4368,2179,2189,7642,3718,3924,8734,4225,4509,7642,3640,4002,4367,2085,2282,1092,523,569,
43675,4368,2179,2189,7643,3718,3925,8735,4226,4509,7643,3640,4003,4368,2085,2283,1092,523,569,
43680,4368,2179,2189,7644,3719,3925,8736,4227,4509,7644,3641,4003,4368,2085,2283,1092,523,569,
43685,4368,2179,2189,7645,3719,3926,8736,4227,4509,7644,3641,4003,4368,2085,2283,1092,523,569,
43690,4369,2180,2189,7646,3719,3927,8738,4228,4510,7645,3641,4004,4368,2085,2283,1092,523,569,
43695,4370,2181,2189,7646,3719,3927,8738,4228,4510,7646,3642,4004,4368,2085,2283,1092,523,569,
43700,4371,2182,2189,7648,3720,3928,8741,4230,4511,7647,3643,4004,4369,2085,2284,1092,523,569,
43705,4371,2182,2189,7649,3720,3929,8741,4230,4511,7648,3644,4004,4369,2085,2284,1093,523,570,
43710,4372,2183,2189,7649,3720,3929,8742,4231,4511,7649,3644,4005,4371,2086,2285,1093,523,570,
43715,4372,2183,2189,7650,3721,3929,8743,4231,4512,7650,3644,4006,4372,2086,2286,1093,523,570,
43720,4372,2183,2189,7651,3721,3930,8744,4231,4513,7651,3645,4006,4372,2086,2286,1093,523,570,
43725,4372,2183,2189,7652,3722,3930,8744,4231,4513,7651,3645,4006,4372,2086,2286,1093,523,570,
43730,4373,2183,2190,7653,3722,3931,8746,4231,4515,7652,3646,4006,4372,2086,2286,1093,523,570,
43735,4374,2183,2191,7653,3722,3931,8746,4231,4515,7653,3646,4007,4372,2086,2286,1093,523,570,
43740,4375,2184,2191,7655,3724,3931,8749,4233,4516,7654,3646,4008,4373,2086,2287,1093,523,570,
43745,4375,2184,2191,7656,3725,3931,8749,4233,4516,7655,3646,4009,4373,2086,2287,1094,523,571,
43750,4376,2184,2192,7656,3725,3931,8750,4233,4517,7656,3646,4010,4375,2087,2288,1094,523,571,
43755,4376,2184,2192,7657,3726,3931,8751,4234,4517,7657,3646,4011,4376,2088,2288,1094,523,571,
43760,4376,2184,2192,7658,3727,3931,8752,4234,4518,7658,3646,4012,4376,2088,2288,1094,523,571,
43765,4376,2184,2192,7659,3728,3931,8752,4234,4518,7658,3646,4012,4376,2088,2288,1094,523,571,
43770,4377,2185,2192,7660,3728,3932,8754,4235,4519,7659,3647,4012,4376,2088,2288,1094,523,571,
43775,4378,2186,2192,7660,3728,3932,8754,4235,4519,7660,3647,4013,4376,2088,2288,1094,523,571,
43780,4379,2186,2193,7662,3730,3932,8757,4237,4520,7661,3647,4014,4377,2088,2289,1094,523,571,
43785,4379,2186,2193,7663,3731,3932,8757,4237,4520,7662,3648,4014,4377,2088,2289,1095,523,572,
43790,4380,2186,2194,7663,3731,3932,8758,4238,4520,7663,3649,4014,4379,2089,2290,1095,523,572,
43795,4380,2186,2194,7664,3731,3933,8759,4238,4521,7664,3649,4015,4380,2090,2290,1095,523,572,
43800,4380,2186,2194,7665,3732,3933,8760,4239,4521,7665,3649,4016,4380,2090,2290,1095,523,572,
43805,4380,2186,2194,7666,3732,3934,8760,4239,4521,7665,3649,4016,4380,2090,2290,1095,523,572,
43810,4381,2187,2194,7667,3733,3934,8762,4239,4523,7666,3650,4016,4380,2090,2290,1095,523,572,
43815,4382,2187,2195,7667,3733,3934,8762,4239,4523,7667,3651,4016,4380,2090,2290,1095,523,572,
43820,4383,2187,2196,7669,3735,3934,8765,4241,4524,7668,3652,4016,4381,2091,2290,1095,523,572,
43825,4383,2187,2196,7670,3735,3935,8765,4241,4524,7669,3652,4017,4381,2091,2290,1096,524,572,
43830,4384,2188,2196,7670,3735,3935,8766,4241,4525,7670,3653,4017,4383,2092,2291,1096,524,572,
43835,4384,2188,2196,7671,3735,3936,8767,4241,4526,7671,3653,4018,4384,2093,2291,1096,524,572,
43840,4384,2188,2196,7672,3735,3937,8768,4241,4527,7672,3653,4019,4384,2093,2291,1096,524,572,
43845,4384,2188,2196,7673,3736,3937,8768,4241,4527,7672,3653,4019,4384,2093,2291,1096,524,572,
43850,4385,2188,2197,7674,3737,3937,8770,4241,4529,7673,3654,4019,4384,2093,2291,1096,524,572,
43855,4386,2189,2197,7674,3737,3937,8770,4241,4529,7674,3654,4020,4384,2093,2291,1096,524,572,
43860,4387,2189,2198,7676,3737,3939,8773,4243,4530,7675,3655,4020,4385,2094,2291,1096,524,572,
43865,4387,2189,2198,7677,3737,3940,8773,4243,4530,7676,3656,4020,4385,2094,2291,1097,525,572,
43870,4388,2190,2198,7677,3737,3940,8774,4244,4530,7677,3656,4021,4387,2095,2292,1097,525,572,
43875,4388,2190,2198,7678,3737,3941,8775,4244,4531,7678,3656,4022,4388,2096,2292,1097,525,572,
43880,4388,2190,2198,7679,3738,3941,8776,4244,4532,7679,3657,4022,4388,2096,2292,1097,525,572,
43885,4388,2190,2198,7680,3738,3942,8776,4244,4532,7679,3657,4022,4388,2096,2292,1097,525,572,
43890,4389,2190,2199,7681,3739,3942,8778,4246,4532,7680,3658,4022,4388,2096,2292,1097,525,572,
43895,4390,2190,2200,7681,3739,3942,8778,4246,4532,7681,3659,4022,4388,2096,2292,1097,525,572,
43900,4391,2191,2200,7683,3739,3944,8781,4246,4535,7682,3659,4023,4389,2097,2292,1097,525,572,
43905,4391,2191,2200,7684,3739,3945,8781,4246,4535,7683,3659,4024,4389,2097,2292,1098,525,573,
43910,4392,2191,2201,7684,3739,3945,8782,4247,4535,7684,3659,4025,4391,2098,2293,1098,525,573,
43915,4392,2191,2201,7685,3739,3946,8783,4247,4536,7685,3659,4026,4392,2099,2293,1098,525,573,
43920,4392,2191,2201,7686,3739,3947,8784,4248,4536,7686,3659,4027,4392,2099,2293,1098,525,573,
43925,4392,2191,2201,7687,3740,3947,8784,4248,4536,7686,3659,4027,4392,2099,2293,1098,525,573,
43930,4393,2192,2201,7688,3740,3948,8786,4248,4538,7687,3660,4027,4392,2099,2293,1098,525,573,
43935,4394,2192,2202,7688,3740,3948,8786,4248,4538,7688,3660,4028,4392,2099,2293,1098,525,573,
43940,4395,2192,2203,7690,3741,3949,8789,4249,4540,7689,3661,4028,4393,2100,2293,1098,525,573,
43945,4395,2192,2203,7691,3742,3949,8789,4249,4540,7690,3662,4028,4393,2100,2293,1099,525,574,
43950,4396,2192,2204,7691,3742,3949,8790,4249,4541,7691,3663,4028,4395,2101,2294,1099,525,574,
43955,4396,2192,2204,7692,3743,3949,8791,4250,4541,7692,3663,4029,4396,2102,2294,1099,525,574,
43960,4396,2192,2204,7693,3743,3950,8792,4251,4541,7693,3664,4029,4396,2102,2294,1099,525,574,
43965,4396,2192,2204,7694,3744,3950,8792,4251,4541,7693,3664,4029,4396,2102,2294,1099,525,574,
43970,4397,2193,2204,7695,3744,3951,8794,4251,4543,7694,3664,4030,4396,2102,2294,1099,525,574,
43975,4398,2193,2205,7695,3744,3951,8794,4251,4543,7695,3664,4031,4396,2102,2294,1099,525,574,
43980,4399,2193,2206,7697,3745,3952,8797,4253,4544,7696,3664,4032,4397,2102,2295,1099,525,574,
43985,4399,2193,2206,7698,3745,3953,8797,4253,4544,7697,3665,4032,4397,2102,2295,1100,526,574,
43990,4400,2193,2207,7698,3745,3953,8798,4253,4545,7698,3665,4033,4399,2102,2297,1100,526,574,
43995,4400,2193,2207,7699,3746,3953,8799,4254,4545,7699,3665,4034,4400,2103,2297,1100,526,574,
44000,4400,2193,2207,7700,3747,3953,8800,4255,4545,7700,3666,4034,4400,2103,2297,1100,526,574,
44005,4400,2193,2207,7701,3748,3953,8800,4255,4545,7700,3666,4034,4400,2103,2297,1100,526,574,
44010,4401,2194,2207,7702,3748,3954,8802,4256,4546,7701,3667,4034,4400,2103,2297,1100,526,574,
44015,4402,2195,2207,7702,3748,3954,8802,4256,4546,7702,3668,4034,4400,2103,2297,1100,526,574,
44020,4403,2196,2207,7704,3748,3956,8805,4258,4547,7703,3668,4035,4401,2103,2298,1100,526,574,
44025,4403,2196,2207,7705,3749,3956,8805,4258,4547,7704,3668,4036,4401,2103,2298,1101,527,574,
44030,4404,2197,2207,7705,3749,3956,8806,4258,4548,7705,3668,4037,4403,2103,2300,1101,527,574,
44035,4404,2197,2207,7706,3749,3957,8807,4258,4549,7706,3669,4037,4404,2103,2301,1101,527,574,
44040,4404,2197,2207,7707,3750,3957,8808,4259,4549,7707,3670,4037,4404,2103,2301,1101,527,574,
44045,4404,2197,2207,7708,3751,3957,8808,4259,4549,7707,3670,4037,4404,2103,2301,1101,527,574,
44050,4405,2198,2207,7709,3752,3957,8810,4261,4549,7708,3670,4038,4404,2103,2301,1101,527,574,
44055,4406,2199,2207,7709,3752,3957,8810,4261,4549,7709,3671,4038,4404,2103,2301,1101,527,574,
44060,4407,2199,2208,7711,3754,3957,8813,4263,4550,7710,3671,4039,4405,2104,2301,1101,527,574,
44065,4407,2199,2208,7712,3754,3958,8813,4263,4550,7711,3672,4039,4405,2104,2301,1102,528,574,
44070,4408,2200,2208,7712,3754,3958,8814,4264,4550,7712,3672,4040,4407,2106,2301,1102,528,574,
44075,4408,2200,2208,7713,3754,3959,8815,4264,4551,7713,3673,4040,4408,2106,2302,1102,528,574,
44080,4408,2200,2208,7714,3755,3959,8816,4264,4552,7714,3674,4040,4408,2106,2302,1102,528,574,
44085,4408,2200,2208,7715,3755,3960,8816,4264,4552,7714,3674,4040,4408,2106,2302,1102,528,574,
44090,4409,2200,2209,7716,3755,3961,8818,4266,4552,7715,3674,4041,4408,2106,2302,1102,528,574,
44095,4410,2200,2210,7716,3755,3961,8818,4266,4552,7716,3675,4041,4408,2106,2302,1102,528,574,
44100,4411,2201,2210,7718,3756,3962,8821,4268,4553,7717,3676,4041,4409,2106,2303,1102,528,574,
44105,4411,2201,2210,7719,3757,3962,8821,4268,4553,7718,3677,4041,4409,2106,2303,1103,528,575,
44110,4412,2201,2211,7719,3757,3962,8822,4268,4554,7719,3678,4041,4411,2108,2303,1103,528,575,
44115,4412,2201,2211,7720,3757,3963,8823,4269,4554,7720,3679,4041,4412,2109,2303,1103,528,575,
44120,4412,2201,2211,7721,3757,3964,8824,4269,4555,7721,3680,4041,4412,2109,2303,1103,528,575,
44125,4412,2201,2211,7722,3757,3965,8824,4269,4555,7721,3680,4041,4412,2109,2303,1103,528,575,
44130,4413,2202,2211,7723,3758,3965,8826,4270,4556,7722,3680,4042,4412,2109,2303,1103,528,575,
44135,4414,2202,2212,7723,3758,3965,8826,4270,4556,7723,3681,4042,4412,2109,2303,1103,528,575,
44140,4415,2202,2213,7725,3759,3966,8829,4271,4558,7724,3682,4042,4413,2109,2304,1103,528,575,
44145,4415,2202,2213,7726,3759,3967,8829,4271,4558,7725,3682,4043,4413,2109,2304,1104,528,576,
44150,4416,2203,2213,7726,3759,3967,8830,4272,4558,7726,3683,4043,4415,2110,2305,1104,528,576,
44155,4416,2203,2213,7727,3760,3967,8831,4273,4558,7727,3684,4043,4416,2111,2305,1104,528,576,
44160,4416,2203,2213,7728,3761,3967,8832,4273,4559,7728,3684,4044,4416,2111,2305,1104,528,576,
44165,4416,2203,2213,7729,3761,3968,8832,4273,4559,7728,3684,4044,4416,2111,2305,1104,528,576,
44170,4417,2204,2213,7730,3762,3968,8834,4274,4560,7729,3685,4044,4416,2111,2305,1104,528,576,
44175,4418,2204,2214,7730,3762,3968,8834,4274,4560,7730,3685,4045,4416,2111,2305,1104,528,576,
44180,4419,2205,2214,7732,3763,3969,8837,4276,4561,7731,3686,4045,4417,2112,2305,1104,528,576,
44185,4419,2205,2214,7733,3764,3969,8837,4276,4561,7732,3686,4046,4417,2112,2305,1105,528,577,
44190,4420,2205,2215,7733,3764,3969,8838,4277,4561,7733,3686,4047,4419,2114,2305,1105,528,577,
44195,4420,2205,2215,7734,3764,3970,8839,4278,4561,7734,3686,4048,4420,2115,2305,1105,528,577,
44200,4420,2205,2215,7735,3764,3971,8840,4279,4561,7735,3687,4048,4420,2115,2305,1105,528,577,
44205,4420,2205,2215,7736,3764,3972,8840,4279,4561,7735,3687,4048,4420,2115,2305,1105,528,577,
44210,4421,2205,2216,7737,3765,3972,8842,4280,4562,7736,3688,4048,4420,2115,2305,1105,528,577,
44215,4422,2205,2217,7737,3765,3972,8842,4280,4562,7737,3689,4048,4420,2115,2305,1105,528,577,
44220,4423,2206,2217,7739,3767,3972,8845,4282,4563,7738,3689,4049,4421,2116,2305,1105,528,577,
44225,4423,2206,2217,7740,3767,3973,8845,4282,4563,7739,3689,4050,4421,2116,2305,1106,529,577,
44230,4424,2206,2218,7740,3767,3973,8846,4283,4563,7740,3690,4050,4423,2116,2307,1106,529,577,
44235,4424,2206,2218,7741,3768,3973,8847,4283,4564,7741,3690,4051,4424,2117,2307,1106,529,577,
44240,4424,2206,2218,7742,3768,3974,8848,4284,4564,7742,3690,4052,4424,2117,2307,1106,529,577,
44245,4424,2206,2218,7743,3769,3974,8848,4284,4564,7742,3690,4052,4424,2117,2307,1106,529,577,
44250,4425,2206,2219,7744,3770,3974,8850,4284,4566,7743,3690,4053,4424,2117,2307,1106,529,577,
44255,4426,2206,2220,7744,3770,3974,8850,4284,4566,7744,3690,4054,4424,2117,2307,1106,529,577,
44260,4427,2206,2221,7746,3771,3975,8853,4287,4566,7745,3691,4054,4425,2117,2308,1106,529,577,
44265,4427,2206,2221,7747,3772,3975,8853,4287,4566,7746,3692,4054,4425,2117,2308,1107,530,577,
44270,4428,2206,2222,7747,3772,3975,8854,4287,4567,7747,3692,4055,4427,2118,2309,1107,530,577,
44275,4428,2206,2222,7748,3773,3975,8855,4287,4568,7748,3692,4056,4428,2118,2310,1107,530,577,
44280,4428,2206,2222,7749,3773,3976,8856,4287,4569,7749,3692,4057,4428,2118,2310,1107,530,577,
44285,4428,2206,2222,7750,3774,3976,8856,4287,4569,7749,3692,4057,4428,2118,2310,1107,530,577,
44290,4429,2206,2223,7751,3774,3977,8858,4288,4570,7750,3692,4058,4428,2118,2310,1107,530,577,
44295,4430,2206,2224,7751,3774,3977,8858,4288,4570,7751,3693,4058,4428,2118,2310,1107,530,577,
44300,4431,2206,2225,7753,3776,3977,8861,4290,4571,7752,3693,4059,4429,2118,2311,1107,530,577,
44305,4431,2206,2225,7754,3776,3978,8861,4290,4571,7753,3693,4060,4429,2118,2311,1108,531,577,
44310,4432,2207,2225,7754,3776,3978,8862,4291,4571,7754,3693,4061,4431,2119,2312,1108,531,577,
44315,4432,2207,2225,7755,3777,3978,8863,4292,4571,7755,3694,4061,4432,2120,2312,1108,531,577,
44320,4432,2207,2225,7756,3778,3978,8864,4293,4571,7756,3694,4062,4432,2120,2312,1108,531,577,
44325,4432,2207,2225,7757,3778,3979,8864,4293,4571,7756,3694,4062,4432,2120,2312,1108,531,577,
44330,4433,2208,2225,7758,3779,3979,8866,4294,4572,7757,3694,4063,4432,2120,2312,1108,531,577,
44335,4434,2208,2226,7758,3779,3979,8866,4294,4572,7758,3694,4064,4432,2120,2312,1108,531,577,
44340,4435,2208,2227,7760,3780,3980,8869,4296,4573,7759,3694,4065,4433,2120,2313,1108,531,577,
44345,4435,2208,2227,7761,3781,3980,8869,4296,4573,7760,3695,4065,4433,2120,2313,1109,531,578,
44350,4436,2208,2228,7761,3781,3980,8870,4296,4574,7761,3695,4066,4435,2121,2314,1109,531,578,
44355,4436,2208,2228,7762,3782,3980,8871,4297,4574,7762,3696,4066,4436,2121,2315,1109,531,578,
44360,4436,2208,2228,7763,3782,3981,8872,4297,4575,7763,3697,4066,4436,2121,2315,1109,531,578,
44365,4436,2208,2228,7764,3782,3982,8872,4297,4575,7763,3697,4066,4436,2121,2315,1109,531,578,
44370,4437,2209,2228,7765,3783,3982,8874,4298,4576,7764,3698,4066,4436,2121,2315,1109,531,578,
44375,4438,2210,2228,7765,3783,3982,8874,4298,4576,7765,3699,4066,4436,2121,2315,1109,531,578,
44380,4439,2210,2229,7767,3783,3984,8877,4300,4577,7766,3700,4066,4437,2121,2316,1109,531,578,
44385,4439,2210,2229,7768,3784,3984,8877,4300,4577,7767,3701,4066,4437,2121,2316,1110,532,578,
44390,4440,2210,2230,7768,3784,3984,8878,4300,4578,7768,3701,4067,4439,2121,2318,1110,532,578,
44395,4440,2210,2230,7769,3784,3985,8879,4300,4579,7769,3701,4068,4440,2121,2319,1110,532,578,
44400,4440,2210,2230,7770,3785,3985,8880,4301,4579,7770,3701,4069,4440,2121,2319,1110,532,578,
44405,4440,2210,2230,7771,3786,3985,8880,4301,4579,7770,3701,4069,4440,2121,2319,1110,532,578,
44410,4441,2211,2230,7772,3787,3985,8882,4302,4580,7771,3702,4069,4440,2121,2319,1110,532,578,
44415,4442,2211,2231,7772,3787,3985,8882,4302,4580,7772,3703,4069,4440,2121,2319,1110,532,578,
44420,4443,2212,2231,7774,3789,3985,8885,4303,4582,7773,3703,4070,4441,2121,2320,1110,532,578,
44425,4443,2212,2231,7775,3790,3985,8885,4303,4582,7774,3704,4070,4441,2121,2320,1111,532,579,
44430,4444,2213,2231,7775,3790,3985,8886,4304,4582,7775,3704,4071,4443,2122,2321,1111,532,579,
44435,4444,2213,2231,7776,3790,3986,8887,4305,4582,7776,3705,4071,4444,2123,2321,1111,532,579,
44440,4444,2213,2231,7777,3791,3986,8888,4306,4582,7777,3705,4072,4444,2123,2321,1111,532,579,
44445,4444,2213,2231,7778,3792,3986,8888,4306,4582,7777,3705,4072,4444,2123,2321,1111,532,579,
44450,4445,2213,2232,7779,3792,3987,8890,4306,4584,7778,3705,4073,4444,2123,2321,1111,532,579,
44455,4446,2214,2232,7779,3792,3987,8890,4306,4584,7779,3705,4074,4444,2123,2321,1111,532,579,
44460,4447,2215,2232,7781,3793,3988,8893,4308,4585,7780,3706,4074,4445,2123,2322,1111,532,579,
44465,4447,2215,2232,7782,3793,3989,8893,4308,4585,7781,3707,4074,4445,2123,2322,1112,533,579,
44470,4448,2215,2233,7782,3793,3989,8894,4309,4585,7782,3708,4074,4447,2124,2323,1112,533,579,
44475,4448,2215,2233,7783,3793,3990,8895,4310,4585,7783,3708,4075,4448,2124,2324,1112,533,579,
44480,4448,2215,2233,7784,3793,3991,8896,4311,4585,7784,3708,4076,4448,2124,2324,1112,533,579,
44485,4448,2215,2233,7785,3794,3991,8896,4311,4585,7784,3708,4076,4448,2124,2324,1112,533,579,
44490,4449,2215,2234,7786,3795,3991,8898,4313,4585,7785,3709,4076,4448,2124,2324,1112,533,579,
44495,4450,2216,2234,7786,3795,3991,8898,4313,4585,7786,3710,4076,4448,2124,2324,1112,533,579,
44500,4451,2216,2235,7788,3796,3992,8901,4315,4586,7787,3710,4077,4449,2125,2324,1112,533,579,
44505,4451,2216,2235,7789,3797,3992,8901,4315,4586,7788,3710,4078,4449,2125,2324,1113,534,579,
44510,4452,2216,2236,7789,3797,3992,8902,4316,4586,7789,3711,4078,4451,2126,2325,1113,534,579,
44515,4452,2216,2236,7790,3797,3993,8903,4316,4587,7790,3711,4079,4452,2127,2325,1113,534,579,
44520,4452,2216,2236,7791,3797,3994,8904,4316,4588,7791,3711,4080,4452,2127,2325,1113,534,579,
44525,4452,2216,2236,7792,3797,3995,8904,4316,4588,7791,3711,4080,4452,2127,2325,1113,534,579,
44530,4453,2217,2236,7793,3798,3995,8906,4318,4588,7792,3711,4081,4452,2127,2325,1113,534,579,
44535,4454,2217,2237,7793,3798,3995,8906,4318,4588,7793,3711,4082,4452,2127,2325,1113,534,579,
44540,4455,2217,2238,7795,3799,3996,8909,4320,4589,7794,3712,4082,4453,2128,2325,1113,534,579,
44545,4455,2217,2238,7796,3799,3997,8909,4320,4589,7795,3713,4082,4453,2128,2325,1114,534,580,
44550,4456,2218,2238,7796,3799,3997,8910,4320,4590,7796,3713,4083,4455,2129,2326,1114,534,580,
44555,4456,2218,2238,7797,3800,3997,8911,4320,4591,7797,3713,4084,4456,2129,2327,1114,534,580,
44560,4456,2218,2238,7798,3801,3997,8912,4321,4591,7798,3714,4084,4456,2129,2327,1114,534,580,
44565,4456,2218,2238,7799,3802,3997,8912,4321,4591,7798,3714,4084,4456,2129,2327,1114,534,580,
44570,4457,2219,2238,7800,3803,3997,8914,4322,4592,7799,3714,4085,4456,2129,2327,1114,534,580,
44575,4458,2220,2238,7800,3803,3997,8914,4322,4592,7800,3714,4086,4456,2129,2327,1114,534,580,
44580,4459,2220,2239,7802,3805,3997,8917,4322,4595,7801,3715,4086,4457,2130,2327,1114,534,580,
44585,4459,2220,2239,7803,3805,3998,8917,4322,4595,7802,3716,4086,4457,2130,2327,1115,534,581,
44590,4460,2220,2240,7803,3805,3998,8918,4323,4595,7803,3716,4087,4459,2130,2329,1115,534,581,
44595,4460,2220,2240,7804,3805,3999,8919,4323,4596,7804,3717,4087,4460,2131,2329,1115,534,581,
44600,4460,2220,2240,7805,3805,4000,8920,4324,4596,7805,3718,4087,4460,2131,2329,1115,534,581,
44605,4460,2220,2240,7806,3805,4001,8920,4324,4596,7805,3718,4087,4460,2131,2329,1115,534,581,
44610,4461,2220,2241,7807,3805,4002,8922,4325,4597,7806,3718,4088,4460,2131,2329,1115,534,581,
44615,4462,2220,2242,7807,3805,4002,8922,4325,4597,7807,3719,4088,4460,2131,2329,1115,534,581,
44620,4463,2220,2243,7809,3807,4002,8925,4326,4599,7808,3719,4089,4461,2132,2329,1115,534,581,
44625,4463,2220,2243,7810,3808,4002,8925,4326,4599,7809,3719,4090,4461,2132,2329,1116,534,582,
44630,4464,2220,2244,7810,3808,4002,8926,4327,4599,7810,3720,4090,4463,2134,2329,1116,534,582,
44635,4464,2220,2244,7811,3808,4003,8927,4328,4599,7811,3720,4091,4464,2134,2330,1116,534,582,
44640,4464,2220,2244,7812,3809,4003,8928,4328,4600,7812,3720,4092,4464,2134,2330,1116,534,582,
44645,4464,2220,2244,7813,3809,4004,8928,4328,4600,7812,3720,4092,4464,2134,2330,1116,534,582,
44650,4465,2220,2245,7814,3809,4005,8930,4329,4601,7813,3720,4093,4464,2134,2330,1116,534,582,
44655,4466,2221,2245,7814,3809,4005,8930,4329,4601,7814,3720,4094,4464,2134,2330,1116,534,582,
44660,4467,2222,2245,7816,3809,4007,8933,4330,4603,7815,3720,4095,4465,2135,2330,1116,534,582,
44665,4467,2222,2245,7817,3809,4008,8933,4330,4603,7816,3720,4096,4465,2135,2330,1117,535,582,
44670,4468,2222,2246,7817,3809,4008,8934,4331,4603,7817,3720,4097,4467,2137,2330,1117,535,582,
44675,4468,2222,2246,7818,3809,4009,8935,4332,4603,7818,3721,4097,4468,2137,2331,1117,535,582,
44680,4468,2222,2246,7819,3810,4009,8936,4333,4603,7819,3721,4098,4468,2137,2331,1117,535,582,
44685,4468,2222,2246,7820,3810,4010,8936,4333,4603,7819,3721,4098,4468,2137,2331,1117,535,582,
44690,4469,2222,2247,7821,3810,4011,8938,4335,4603,7820,3721,4099,4468,2137,2331,1117,535,582,
44695,4470,2223,2247,7821,3810,4011,8938,4335,4603,7821,3721,4100,4468,2137,2331,1117,535,582,
44700,4471,2223,2248,7823,3811,4012,8941,4337,4604,7822,3721,4101,4469,2138,2331,1117,535,582,
44705,4471,2223,2248,7824,3812,4012,8941,4337,4604,7823,3721,4102,4469,2138,2331,1118,536,582,
44710,4472,2224,2248,7824,3812,4012,8942,4337,4605,7824,3722,4102,4471,2140,2331,1118,536,582,
44715,4472,2224,2248,7825,3813,4012,8943,4337,4606,7825,3722,4103,4472,2141,2331,1118,536,582,
44720,4472,2224,2248,7826,3814,4012,8944,4338,4606,7826,3722,4104,4472,2141,2331,1118,536,582,
44725,4472,2224,2248,7827,3815,4012,8944,4338,4606,7826,3722,4104,4472,2141,2331,1118,536,582,
44730,4473,2225,2248,7828,3815,4013,8946,4339,4607,7827,3722,4105,4472,2141,2331,1118,536,582,
44735,4474,2225,2249,7828,3815,4013,8946,4339,4607,7828,3723,4105,4472,2141,2331,1118,536,582,
44740,4475,2226,2249,7830,3816,4014,8949,4341,4608,7829,3724,4105,4473,2141,2332,1118,536,582,
44745,4475,2226,2249,7831,3816,4015,8949,4341,4608,7830,3724,4106,4473,2141,2332,1119,536,583,
44750,4476,2226,2250,7831,3816,4015,8950,4341,4609,7831,3724,4107,4475,2143,2332,1119,536,583,
44755,4476,2226,2250,7832,3817,4015,8951,4341,4610,7832,3724,4108,4476,2144,2332,1119,536,583,
44760,4476,2226,2250,7833,3817,4016,8952,4342,4610,7833,3725,4108,4476,2144,2332,1119,536,583,
44765,4476,2226,2250,7834,3817,4017,8952,4342,4610,7833,3725,4108,4476,2144,2332,1119,536,583,
44770,4477,2226,2251,7835,3817,4018,8954,4343,4611,7834,3726,4108,4476,2144,2332,1119,536,583,
44775,4478,2226,2252,7835,3817,4018,8954,4343,4611,7835,3726,4109,4476,2144,2332,1119,536,583,
44780,4479,2226,2253,7837,3818,4019,8957,4345,4612,7836,3727,4109,4477,2145,2332,1119,536,583,
44785,4479,2226,2253,7838,3818,4020,8957,4345,4612,7837,3727,4110,4477,2145,2332,1120,537,583,
44790,4480,2226,2254,7838,3818,4020,8958,4345,4613,7838,3728,4110,4479,2147,2332,1120,537,583,
44795,4480,2226,2254,7839,3818,4021,8959,4345,4614,7839,3728,4111,4480,2148,2332,1120,537,583,
44800,4480,2226,2254,7840,3818,4022,8960,4346,4614,7840,3728,4112,4480,2148,2332,1120,537,583,
44805,4480,2226,2254,7841,3818,4023,8960,4346,4614,7840,3728,4112,4480,2148,2332,1120,537,583,
44810,4481,2227,2254,7842,3818,4024,8962,4347,4615,7841,3728,4113,4480,2148,2332,1120,537,583,
44815,4482,2227,2255,7842,3818,4024,8962,4347,4615,7842,3729,4113,4480,2148,2332,1120,537,583,
44820,4483,2228,2255,7844,3820,4024,8965,4348,4617,7843,3730,4113,4481,2148,2333,1120,537,583,
44825,4483,2228,2255,7845,3820,4025,8965,4348,4617,7844,3730,4114,4481,2148,2333,1121,538,583,
44830,4484,2228,2256,7845,3820,4025,8966,4348,4618,7845,3731,4114,4483,2148,2335,1121,538,583,
44835,4484,2228,2256,7846,3821,4025,8967,4349,4618,7846,3731,4115,4484,2149,2335,1121,538,583,
44840,4484,2228,2256,7847,3821,4026,8968,4349,4619,7847,3732,4115,4484,2149,2335,1121,538,583,
44845,4484,2228,2256,7848,3821,4027,8968,4349,4619,7847,3732,4115,4484,2149,2335,1121,538,583,
44850,4485,2229,2256,7849,3821,4028,8970,4349,4621,7848,3733,4115,4484,2149,2335,1121,538,583,
44855,4486,2229,2257,7849,3821,4028,8970,4349,4621,7849,3733,4116,4484,2149,2335,1121,538,583,
44860,4487,2229,2258,7851,3822,4029,8973,4352,4621,7850,3733,4117,4485,2149,2336,1121,538,583,
44865,4487,2229,2258,7852,3822,4030,8973,4352,4621,7851,3733,4118,4485,2149,2336,1122,538,584,
44870,4488,2230,2258,7852,3822,4030,8974,4353,4621,7852,3734,4118,4487,2151,2336,1122,538,584,
44875,4488,2230,2258,7853,3822,4031,8975,4353,4622,7853,3735,4118,4488,2152,2336,1122,538,584,
44880,4488,2230,2258,7854,3822,4032,8976,4353,4623,7854,3735,4119,4488,2152,2336,1122,538,584,
44885,4488,2230,2258,7855,3822,4033,8976,4353,4623,7854,3735,4119,4488,2152,2336,1122,538,584,
44890,4489,2231,2258,7856,3823,4033,8978,4353,4625,7855,3735,4120,4488,2152,2336,1122,538,584,
44895,4490,2232,2258,7856,3823,4033,8978,4353,4625,7856,3735,4121,4488,2152,2336,1122,538,584,
44900,4491,2233,2258,7858,3824,4034,8981,4354,4627,7857,3735,4122,4489,2152,2337,1122,538,584,
44905,4491,2233,2258,7859,3824,4035,8981,4354,4627,7858,3736,4122,4489,2152,2337,1123,539,584,
44910,4492,2233,2259,7859,3824,4035,8982,4354,4628,7859,3736,4123,4491,2153,2338,1123,539,584,
44915,4492,2233,2259,7860,3824,4036,8983,4354,4629,7860,3737,4123,4492,2154,2338,1123,539,584,
44920,4492,2233,2259,7861,3825,4036,8984,4355,4629,7861,3738,4123,4492,2154,2338,1123,539,584,
44925,4492,2233,2259,7862,3826,4036,8984,4355,4629,7861,3738,4123,4492,2154,2338,1123,539,584,
44930,4493,2234,2259,7863,3827,4036,8986,4356,4630,7862,3739,4123,4492,2154,2338,1123,539,584,
44935,4494,2235,2259,7863,3827,4036,8986,4356,4630,7863,3740,4123,4492,2154,2338,1123,539,584,
44940,4495,2235,2260,7865,3827,4038,8989,4357,4632,7864,3740,4124,4493,2155,2338,1123,539,584,
44945,4495,2235,2260,7866,3828,4038,8989,4357,4632,7865,3741,4124,4493,2155,2338,1124,540,584,
44950,4496,2236,2260,7866,3828,4038,8990,4358,4632,7866,3741,4125,4495,2156,2339,1124,540,584,
44955,4496,2236,2260,7867,3829,4038,8991,4359,4632,7867,3741,4126,4496,2157,2339,1124,540,584,
44960,4496,2236,2260,7868,3830,4038,8992,4359,4633,7868,3742,4126,4496,2157,2339,1124,540,584,
44965,4496,2236,2260,7869,3831,4038,8992,4359,4633,7868,3742,4126,4496,2157,2339,1124,540,584,
44970,4497,2236,2261,7870,3831,4039,8994,4359,4635,7869,3743,4126,4496,2157,2339,1124,540,584,
44975,4498,2236,2262,7870,3831,4039,8994,4359,4635,7870,3744,4126,4496,2157,2339,1124,540,584,
44980,4499,2237,2262,7872,3832,4040,8997,4360,4637,7871,3745,4126,4497,2158,2339,1124,540,584,
44985,4499,2237,2262,7873,3833,4040,8997,4360,4637,7872,3745,4127,4497,2158,2339,1125,541,584,
44990,4500,2237,2263,7873,3833,4040,8998,4361,4637,7873,3745,4128,4499,2159,2340,1125,541,584,
44995,4500,2237,2263,7874,3833,4041,8999,4361,4638,7874,3746,4128,4500,2159,2341,1125,541,584,
45000,4500,2237,2263,7875,3834,4041,9000,4361,4639,7875,3746,4129,4500,2159,2341,1125,541,584,
45005,4500,2237,2263,7876,3834,4042,9000,4361,4639,7875,3746,4129,4500,2159,2341,1125,541,584,
45010,4501,2237,2264,7877,3834,4043,9002,4361,4641,7876,3747,4129,4500,2159,2341,1125,541,584,
45015,4502,2237,2265,7877,3834,4043,9002,4361,4641,7877,3747,4130,4500,2159,2341,1125,541,584,
45020,4503,2238,2265,7879,3835,4044,9005,4362,4643,7878,3747,4131,4501,2159,2342,1125,541,584,
45025,4503,2238,2265,7880,3835,4045,9005,4362,4643,7879,3747,4132,4501,2159,2342,1126,542,584,
45030,4504,2239,2265,7880,3835,4045,9006,4362,4644,7880,3748,4132,4503,2159,2344,1126,542,584,
45035,4504,2239,2265,7881,3835,4046,9007,4363,4644,7881,3749,4132,4504,2160,2344,1126,542,584,
45040,4504,2239,2265,7882,3835,4047,9008,4363,4645,7882,3750,4132,4504,2160,2344,1126,542,584,
45045,4504,2239,2265,7883,3836,4047,9008,4363,4645,7882,3750,4132,4504,2160,2344,1126,542,584,
45050,4505,2240,2265,7884,3837,4047,9010,4364,4646,7883,3750,4133,4504,2160,2344,1126,542,584,
45055,4506,2240,2266,7884,3837,4047,9010,4364,4646,7884,3750,4134,4504,2160,2344,1126,542,584,
45060,4507,2241,2266,7886,3837,4049,9013,4365,4648,7885,3750,4135,4505,2161,2344,1126,542,584,
45065,4507,2241,2266,7887,3837,4050,9013,4365,4648,7886,3751,4135,4505,2161,2344,1127,542,585,
45070,4508,2242,2266,7887,3837,4050,9014,4365,4649,7887,3752,4135,4507,2162,2345,1127,542,585,
45075,4508,2242,2266,7888,3838,4050,9015,4366,4649,7888,3753,4135,4508,2162,2346,1127,542,585,
45080,4508,2242,2266,7889,3838,4051,9016,4367,4649,7889,3753,4136,4508,2162,2346,1127,542,585,
45085,4508,2242,2266,7890,3838,4052,9016,4367,4649,7889,3753,4136,4508,2162,2346,1127,542,585,
45090,4509,2243,2266,7891,3839,4052,9018,4368,4650,7890,3754,4136,4508,2162,2346,1127,542,585,
45095,4510,2243,2267,7891,3839,4052,9018,4368,4650,7891,3754,4137,4508,2162,2346,1127,542,585,
45100,4511,2243,2268,7893,3840,4053,9021,4369,4652,7892,3755,4137,4509,2162,2347,1127,542,585,
45105,4511,2243,2268,7894,3841,4053,9021,4369,4652,7893,3756,4137,4509,2162,2347,1128,542,586,
45110,4512,2243,2269,7894,3841,4053,9022,4369,4653,7894,3757,4137,4511,2164,2347,1128,542,586,
45115,4512,2243,2269,7895,3841,4054,9023,4370,4653,7895,3757,4138,4512,2164,2348,1128,542,586,
45120,4512,2243,2269,7896,3842,4054,9024,4370,4654,7896,3757,4139,4512,2164,2348,1128,542,586,
45125,4512,2243,2269,7897,3843,4054,9024,4370,4654,7896,3757,4139,4512,2164,2348,1128,542,586,
45130,4513,2243,2270,7898,3843,4055,9026,4370,4656,7897,3758,4139,4512,2164,2348,1128,542,586,
45135,4514,2243,2271,7898,3843,4055,9026,4370,4656,7898,3758,4140,4512,2164,2348,1128,542,586,
45140,4515,2243,2272,7900,3844,4056,9029,4371,4658,7899,3759,4140,4513,2164,2349,1128,542,586,
45145,4515,2243,2272,7901,3844,4057,9029,4371,4658,7900,3760,4140,4513,2164,2349,1129,543,586,
45150,4516,2244,2272,7901,3844,4057,9030,4372,4658,7901,3761,4140,4515,2165,2350,1129,543,586,
45155,4516,2244,2272,7902,3845,4057,9031,4372,4659,7902,3761,4141,4516,2165,2351,1129,543,586,
45160,4516,2244,2272,7903,3846,4057,9032,4372,4660,7903,3761,4142,4516,2165,2351,1129,543,586,
45165,4516,2244,2272,7904,3846,4058,9032,4372,4660,7903,3761,4142,4516,2165,2351,1129,543,586,
45170,4517,2245,2272,7905,3846,4059,9034,4373,4661,7904,3762,4142,4516,2165,2351,1129,543,586,
45175,4518,2246,2272,7905,3846,4059,9034,4373,4661,7905,3763,4142,4516,2165,2351,1129,543,586,
45180,4519,2246,2273,7907,3846,4061,9037,4374,4663,7906,3764,4142,4517,2166,2351,1129,543,586,
45185,4519,2246,2273,7908,3846,4062,9037,4374,4663,7907,3764,4143,4517,2166,2351,1130,543,587,
45190,4520,2247,2273,7908,3846,4062,9038,4374,4664,7908,3765,4143,4519,2168,2351,1130,543,587,
45195,4520,2247,2273,7909,3846,4063,9039,4375,4664,7909,3766,4143,4520,2168,2352,1130,543,587,
45200,4520,2247,2273,7910,3846,4064,9040,4376,4664,7910,3766,4144,4520,2168,2352,1130,543,587,
45205,4520,2247,2273,7911,3846,4065,9040,4376,4664,7910,3766,4144,4520,2168,2352,1130,543,587,
45210,4521,2247,2274,7912,3847,4065,9042,4378,4664,7911,3767,4144,4520,2168,2352,1130,543,587,
45215,4522,2248,2274,7912,3847,4065,9042,4378,4664,7912,3767,4145,4520,2168,2352,1130,543,587,
45220,4523,2249,2274,7914,3847,4067,9045,4379,4666,7913,3767,4146,4521,2168,2353,1130,543,587,
45225,4523,2249,2274,7915,3847,4068,9045,4379,4666,7914,3767,4147,4521,2168,2353,1131,544,587,
45230,4524,2249,2275,7915,3847,4068,9046,4379,4667,7915,3768,4147,4523,2168,2355,1131,544,587,
45235,4524,2249,2275,7916,3848,4068,9047,4379,4668,7916,3768,4148,4524,2169,2355,1131,544,587,
45240,4524,2249,2275,7917,3849,4068,9048,4379,4669,7917,3769,4148,4524,2169,2355,1131,544,587,
45245,4524,2249,2275,7918,3849,4069,9048,4379,4669,7917,3769,4148,4524,2169,2355,1131,544,587,
45250,4525,2249,2276,7919,3850,4069,9050,4380,4670,7918,3770,4148,4524,2169,2355,1131,544,587,
45255,4526,2250,2276,7919,3850,4069,9050,4380,4670,7919,3771,4148,4524,2169,2355,1131,544,587,
45260,4527,2251,2276,7921,3852,4069,9053,4383,4670,7920,3772,4148,4525,2170,2355,1131,544,587,
45265,4527,2251,2276,7922,3852,4070,9053,4383,4670,7921,3773,4148,4525,2170,2355,1132,545,587,
45270,4528,2251,2277,7922,3852,4070,9054,4384,4670,7922,3773,4149,4527,2172,2355,1132,545,587,
45275,4528,2251,2277,7923,3852,4071,9055,4384,4671,7923,3774,4149,4528,2172,2356,1132,545,587,
45280,4528,2251,2277,7924,3852,4072,9056,4384,4672,7924,3774,4150,4528,2172,2356,1132,545,587,
45285,4528,2251,2277,7925,3853,4072,9056,4384,4672,7924,3774,4150,4528,2172,2356,1132,545,587,
45290,4529,2252,2277,7926,3854,4072,9058,4385,4673,7925,3775,4150,4528,2172,2356,1132,545,587,
45295,4530,2253,2277,7926,3854,4072,9058,4385,4673,7926,3775,4151,4528,2172,2356,1132,545,587,
45300,4531,2254,2277,7928,3855,4073,9061,4386,4675,7927,3775,4152,4529,2172,2357,1132,545,587,
45305,4531,2254,2277,7929,3855,4074,9061,4386,4675,7928,3775,4153,4529,2172,2357,1133,545,588,
45310,4532,2254,2278,7929,3855,4074,9062,4387,4675,7929,3775,4154,4531,2173,2358,1133,545,588,
45315,4532,2254,2278,7930,3855,4075,9063,4387,4676,7930,3776,4154,4532,2173,2359,1133,545,588,
45320,4532,2254,2278,7931,3856,4075,9064,4387,4677,7931,3776,4155,4532,2173,2359,1133,545,588,
45325,4532,2254,2278,7932,3857,4075,9064,4387,4677,7931,3776,4155,4532,2173,2359,1133,545,588,
45330,4533,2254,2279,7933,3857,4076,9066,4389,4677,7932,3776,4156,4532,2173,2359,1133,545,588,
45335,4534,2254,2280,7933,3857,4076,9066,4389,4677,7933,3776,4157,4532,2173,2359,1133,545,588,
45340,4535,2254,2281,7935,3859,4076,9069,4390,4679,7934,3776,4158,4533,2174,2359,1133,545,588,
45345,4535,2254,2281,7936,3860,4076,9069,4390,4679,7935,3777,4158,4533,2174,2359,1134,546,588,
45350,4536,2254,2282,7936,3860,4076,9070,4390,4680,7936,3778,4158,4535,2175,2360,1134,546,588,
45355,4536,2254,2282,7937,3861,4076,9071,4391,4680,7937,3778,4159,4536,2175,2361,1134,546,588,
45360,4536,2254,2282,7938,3862,4076,9072,4391,4681,7938,3778,4160,4536,2175,2361,1134,546,588,
45365,4536,2254,2282,7939,3862,4077,9072,4391,4681,7938,3778,4160,4536,2175,2361,1134,546,588,
45370,4537,2255,2282,7940,3863,4077,9074,4393,4681,7939,3779,4160,4536,2175,2361,1134,546,588,
45375,4538,2256,2282,7940,3863,4077,9074,4393,4681,7940,3780,4160,4536,2175,2361,1134,546,588,
45380,4539,2256,2283,7942,3864,4078,9077,4395,4682,7941,3780,4161,4537,2176,2361,1134,546,588,
45385,4539,2256,2283,7943,3865,4078,9077,4395,4682,7942,3780,4162,4537,2176,2361,1135,547,588,
45390,4540,2256,2284,7943,3865,4078,9078,4395,4683,7943,3781,4162,4539,2177,2362,1135,547,588,
45395,4540,2256,2284,7944,3866,4078,9079,4395,4684,7944,3782,4162,4540,2178,2362,1135,547,588,
45400,4540,2256,2284,7945,3866,4079,9080,4395,4685,7945,3783,4162,4540,2178,2362,1135,547,588,
45405,4540,2256,2284,7946,3867,4079,9080,4395,4685,7945,3783,4162,4540,2178,2362,1135,547,588,
45410,4541,2256,2285,7947,3867,4080,9082,4396,4686,7946,3783,4163,4540,2178,2362,1135,547,588,
45415,4542,2257,2285,7947,3867,4080,9082,4396,4686,7947,3783,4164,4540,2178,2362,1135,547,588,
45420,4543,2258,2285,7949,3869,4080,9085,4398,4687,7948,3784,4164,4541,2179,2362,1135,547,588,
45425,4543,2258,2285,7950,3870,4080,9085,4398,4687,7949,3784,4165,4541,2179,2362,1136,548,588,
45430,4544,2258,2286,7950,3870,4080,9086,4399,4687,7950,3784,4166,4543,2179,2364,1136,548,588,
45435,4544,2258,2286,7951,3871,4080,9087,4400,4687,7951,3784,4167,4544,2179,2365,1136,548,588,
45440,4544,2258,2286,7952,3871,4081,9088,4400,4688,7952,3784,4168,4544,2179,2365,1136,548,588,
45445,4544,2258,2286,7953,3872,4081,9088,4400,4688,7952,3784,4168,4544,2179,2365,1136,548,588,
45450,4545,2258,2287,7954,3873,4081,9090,4400,4690,7953,3784,4169,4544,2179,2365,1136,548,588,
45455,4546,2259,2287,7954,3873,4081,9090,4400,4690,7954,3784,4170,4544,2179,2365,1136,548,588,
45460,4547,2259,2288,7956,3874,4082,9093,4402,4691,7955,3785,4170,4545,2179,2366,1136,548,588,
45465,4547,2259,2288,7957,3874,4083,9093,4402,4691,7956,3786,4170,4545,2179,2366,1137,548,589,
45470,4548,2260,2288,7957,3874,4083,9094,4402,4692,7957,3787,4170,4547,2180,2367,1137,548,589,
45475,4548,2260,2288,7958,3875,4083,9095,4402,4693,7958,3787,4171,4548,2181,2367,1137,548,589,
45480,4548,2260,2288,7959,3875,4084,9096,4403,4693,7959,3788,4171,4548,2181,2367,1137,548,589,
45485,4548,2260,2288,7960,3876,4084,9096,4403,4693,7959,3788,4171,4548,2181,2367,1137,548,589,
45490,4549,2260,2289,7961,3877,4084,9098,4405,4693,7960,3789,4171,4548,2181,2367,1137,548,589,
45495,4550,2260,2290,7961,3877,4084,9098,4405,4693,7961,3789,4172,4548,2181,2367,1137,548,589,
45500,4551,2261,2290,7963,3877,4086,9101,4405,4696,7962,3790,4172,4549,2181,2368,1137,548,589,
45505,4551,2261,2290,7964,3877,4087,9101,4405,4696,7963,3791,4172,4549,2181,2368,1138,549,589,
45510,4552,2262,2290,7964,3877,4087,9102,4406,4696,7964,3791,4173,4551,2183,2368,1138,549,589,
45515,4552,2262,2290,7965,3877,4088,9103,4406,4697,7965,3791,4174,4552,2183,2369,1138,549,589,
45520,4552,2262,2290,7966,3878,4088,9104,4406,4698,7966,3791,4175,4552,2183,2369,1138,549,589,
45525,4552,2262,2290,7967,3878,4089,9104,4406,4698,7966,3791,4175,4552,2183,2369,1138,549,589,
45530,4553,2262,2291,7968,3878,4090,9106,4406,4700,7967,3792,4175,4552,2183,2369,1138,549,589,
45535,4554,2263,2291,7968,3878,4090,9106,4406,4700,7968,3793,4175,4552,2183,2369,1138,549,589,
45540,4555,2264,2291,7970,3878,4092,9109,4407,4702,7969,3794,4175,4553,2184,2369,1138,549,589,
45545,4555,2264,2291,7971,3878,4093,9109,4407,4702,7970,3794,4176,4553,2184,2369,1139,549,590,
45550,4556,2264,2292,7971,3878,4093,9110,4408,4702,7971,3794,4177,4555,2185,2370,1139,549,590,
45555,4556,2264,2292,7972,3878,4094,9111,4408,4703,7972,3795,4177,4556,2186,2370,1139,549,590,
45560,4556,2264,2292,7973,3878,4095,9112,4409,4703,7973,3796,4177,4556,2186,2370,1139,549,590,
45565,4556,2264,2292,7974,3878,4096,9112,4409,4703,7973,3796,4177,4556,2186,2370,1139,549,590,
45570,4557,2265,2292,7975,3878,4097,9114,4411,4703,7974,3796,4178,4556,2186,2370,1139,549,590,
45575,4558,2266,2292,7975,3878,4097,9114,4411,4703,7975,3797,4178,4556,2186,2370,1139,549,590,
45580,4559,2267,2292,7977,3878,4099,9117,4413,4704,7976,3798,4178,4557,2186,2371,1139,549,590,
45585,4559,2267,2292,7978,3878,4100,9117,4413,4704,7977,3798,4179,4557,2186,2371,1140,549,591,
45590,4560,2268,2292,7978,3878,4100,9118,4413,4705,7978,3799,4179,4559,2186,2373,1140,549,591,
45595,4560,2268,2292,7979,3878,4101,9119,4414,4705,7979,3800,4179,4560,2186,2374,1140,549,591,
45600,4560,2268,2292,7980,3879,4101,9120,4414,4706,7980,3801,4179,4560,2186,2374,1140,549,591,
45605,4560,2268,2292,7981,3880,4101,9120,4414,4706,7980,3801,4179,4560,2186,2374,1140,549,591,
45610,4561,2268,2293,7982,3880,4102,9122,4414,4708,7981,3801,4180,4560,2186,2374,1140,549,591,
45615,4562,2268,2294,7982,3880,4102,9122,4414,4708,7982,3801,4181,4560,2186,2374,1140,549,591,
45620,4563,2268,2295,7984,3880,4104,9125,4415,4710,7983,3801,4182,4561,2186,2375,1140,549,591,
45625,4563,2268,2295,7985,3880,4105,9125,4415,4710,7984,3802,4182,4561,2186,2375,1141,549,592,
45630,4564,2269,2295,7985,3880,4105,9126,4416,4710,7985,3803,4182,4563,2187,2376,1141,549,592,
45635,4564,2269,2295,7986,3881,4105,9127,4417,4710,7986,3804,4182,4564,2188,2376,1141,549,592,
45640,4564,2269,2295,7987,3881,4106,9128,4418,4710,7987,3805,4182,4564,2188,2376,1141,549,592,
45645,4564,2269,2295,7988,3882,4106,9128,4418,4710,7987,3805,4182,4564,2188,2376,1141,549,592,
45650,4565,2269,2296,7989,3883,4106,9130,4419,4711,7988,3805,4183,4564,2188,2376,1141,549,592,
45655,4566,2269,2297,7989,3883,4106,9130,4419,4711,7989,3806,4183,4564,2188,2376,1141,549,592,
45660,4567,2269,2298,7991,3884,4107,9133,4420,4713,7990,3807,4183,4565,2188,2377,1141,549,592,
45665,4567,2269,2298,7992,3885,4107,9133,4420,4713,7991,3807,4184,4565,2188,2377,1142,549,593,
45670,4568,2269,2299,7992,3885,4107,9134,4421,4713,7992,3808,4184,4567,2190,2377,1142,549,593,
45675,4568,2269,2299,7993,3885,4108,9135,4422,4713,7993,3809,4184,4568,2190,2378,1142,549,593,
45680,4568,2269,2299,7994,3886,4108,9136,4422,4714,7994,3810,4184,4568,2190,2378,1142,549,593,
45685,4568,2269,2299,7995,3887,4108,9136,4422,4714,7994,3810,4184,4568,2190,2378,1142,549,593,
45690,4569,2270,2299,7996,3888,4108,9138,4423,4715,7995,3810,4185,4568,2190,2378,1142,549,593,
45695,4570,2271,2299,7996,3888,4108,9138,4423,4715,7996,3810,4186,4568,2190,2378,1142,549,593,
45700,4571,2271,2300,7998,3889,4109,9141,4425,4716,7997,3810,4187,4569,2190,2379,1142,549,593,
45705,4571,2271,2300,7999,3890,4109,9141,4425,4716,7998,3811,4187,4569,2190,2379,1143,550,593,
45710,4572,2271,2301,7999,3890,4109,9142,4425,4717,7999,3812,4187,4571,2191,2380,1143,550,593,
45715,4572,2271,2301,8000,3890,4110,9143,4425,4718,8000,3812,4188,4572,2192,2380,1143,550,593,
45720,4572,2271,2301,8001,3891,4110,9144,4425,4719,8001,3812,4189,4572,2192,2380,1143,550,593,
45725,4572,2271,2301,8002,3891,4111,9144,4425,4719,8001,3812,4189,4572,2192,2380,1143,550,593,
45730,4573,2272,2301,8003,3891,4112,9146,4427,4719,8002,3812,4190,4572,2192,2380,1143,550,593,
45735,4574,2273,2301,8003,3891,4112,9146,4427,4719,8003,3812,4191,4572,2192,2380,1143,550,593,
45740,4575,2273,2302,8005,3891,4114,9149,4429,4720,8004,3812,4192,4573,2193,2380,1143,550,593,
45745,4575,2273,2302,8006,3891,4115,9149,4429,4720,8005,3812,4193,4573,2193,2380,1144,550,594,
45750,4576,2274,2302,8006,3891,4115,9150,4430,4720,8006,3813,4193,4575,2194,2381,1144,550,594,
45755,4576,2274,2302,8007,3892,4115,9151,4430,4721,8007,3813,4194,4576,2194,2382,1144,550,594,
45760,4576,2274,2302,8008,3892,4116,9152,4430,4722,8008,3814,4194,4576,2194,2382,1144,550,594,
45765,4576,2274,2302,8009,3892,4117,9152,4430,4722,8008,3814,4194,4576,2194,2382,1144,550,594,
45770,4577,2275,2302,8010,3893,4117,9154,4431,4723,8009,3814,4195,4576,2194,2382,1144,550,594,
45775,4578,2276,2302,8010,3893,4117,9154,4431,4723,8010,3815,4195,4576,2194,2382,1144,550,594,
45780,4579,2277,2302,8012,3894,4118,9157,4433,4724,8011,3816,4195,4577,2194,2383,1144,550,594,
45785,4579,2277,2302,8013,3895,4118,9157,4433,4724,8012,3816,4196,4577,2194,2383,1145,550,595,
45790,4580,2278,2302,8013,3895,4118,9158,4433,4725,8013,3816,4197,4579,2195,2384,1145,550,595,
45795,4580,2278,2302,8014,3895,4119,9159,4433,4726,8014,3817,4197,4580,2195,2385,1145,550,595,
45800,4580,2278,2302,8015,3895,4120,9160,4434,4726,8015,3817,4198,4580,2195,2385,1145,550,595,
45805,4580,2278,2302,8016,3896,4120,9160,4434,4726,8015,3817,4198,4580,2195,2385,1145,550,595,
45810,4581,2279,2302,8017,3897,4120,9162,4436,4726,8016,3818,4198,4580,2195,2385,1145,550,595,
45815,4582,2280,2302,8017,3897,4120,9162,4436,4726,8017,3819,4198,4580,2195,2385,1145,550,595,
45820,4583,2280,2303,8019,3898,4121,9165,4438,4727,8018,3820,4198,4581,2196,2385,1145,550,595,
45825,4583,2280,2303,8020,3898,4122,9165,4438,4727,8019,3821,4198,4581,2196,2385,1146,550,596,
45830,4584,2280,2304,8020,3898,4122,9166,4438,4728,8020,3821,4199,4583,2198,2385,1146,550,596,
45835,4584,2280,2304,8021,3899,4122,9167,4438,4729,8021,3822,4199,4584,2198,2386,1146,550,596,
45840,4584,2280,2304,8022,3899,4123,9168,4438,4730,8022,3822,4200,4584,2198,2386,1146,550,596,
45845,4584,2280,2304,8023,3899,4124,9168,4438,4730,8022,3822,4200,4584,2198,2386,1146,550,596,
45850,4585,2281,2304,8024,3900,4124,9170,4439,4731,8023,3823,4200,4584,2198,2386,1146,550,596,
45855,4586,2282,2304,8024,3900,4124,9170,4439,4731,8024,3823,4201,4584,2198,2386,1146,550,596,
45860,4587,2283,2304,8026,3901,4125,9173,4440,4733,8025,3823,4202,4585,2198,2387,1146,550,596,
45865,4587,2283,2304,8027,3901,4126,9173,4440,4733,8026,3823,4203,4585,2198,2387,1147,551,596,
45870,4588,2283,2305,8027,3901,4126,9174,4441,4733,8027,3823,4204,4587,2200,2387,1147,551,596,
45875,4588,2283,2305,8028,3901,4127,9175,4441,4734,8028,3824,4204,4588,2201,2387,1147,551,596,
45880,4588,2283,2305,8029,3902,4127,9176,4441,4735,8029,3824,4205,4588,2201,2387,1147,551,596,
45885,4588,2283,2305,8030,3902,4128,9176,4441,4735,8029,3824,4205,4588,2201,2387,1147,551,596,
45890,4589,2284,2305,8031,3903,4128,9178,4442,4736,8030,3825,4205,4588,2201,2387,1147,551,596,
45895,4590,2285,2305,8031,3903,4128,9178,4442,4736,8031,3825,4206,4588,2201,2387,1147,551,596,
45900,4591,2285,2306,8033,3904,4129,9181,4443,4738,8032,3826,4206,4589,2202,2387,1147,551,596,
45905,4591,2285,2306,8034,3904,4130,9181,4443,4738,8033,3826,4207,4589,2202,2387,1148,551,597,
45910,4592,2286,2306,8034,3904,4130,9182,4443,4739,8034,3827,4207,4591,2202,2389,1148,551,597,
45915,4592,2286,2306,8035,3904,4131,9183,4444,4739,8035,3828,4207,4592,2203,2389,1148,551,597,
45920,4592,2286,2306,8036,3904,4132,9184,4445,4739,8036,3828,4208,4592,2203,2389,1148,551,597,
45925,4592,2286,2306,8037,3904,4133,9184,4445,4739,8036,3828,4208,4592,2203,2389,1148,551,597,
45930,4593,2287,2306,8038,3904,4134,9186,4447,4739,8037,3829,4208,4592,2203,2389,1148,551,597,
45935,4594,2288,2306,8038,3904,4134,9186,4447,4739,8038,3830,4208,4592,2203,2389,1148,551,597,
45940,4595,2289,2306,8040,3905,4135,9189,4449,4740,8039,3830,4209,4593,2203,2390,1148,551,597,
45945,4595,2289,2306,8041,3905,4136,9189,4449,4740,8040,3831,4209,4593,2203,2390,1149,552,597,
45950,4596,2289,2307,8041,3905,4136,9190,4449,4741,8041,3832,4209,4595,2203,2392,1149,552,597,
45955,4596,2289,2307,8042,3906,4136,9191,4450,4741,8042,3832,4210,4596,2204,2392,1149,552,597,
45960,4596,2289,2307,8043,3907,4136,9192,4451,4741,8043,3832,4211,4596,2204,2392,1149,552,597,
45965,4596,2289,2307,8044,3908,4136,9192,4451,4741,8043,3832,4211,4596,2204,2392,1149,552,597,
45970,4597,2289,2308,8045,3908,4137,9194,4452,4742,8044,3833,4211,4596,2204,2392,1149,552,597,
45975,4598,2289,2309,8045,3908,4137,9194,4452,4742,8045,3833,4212,4596,2204,2392,1149,552,597,
45980,4599,2289,2310,8047,3908,4139,9197,4454,4743,8046,3833,4213,4597,2204,2393,1149,552,597,
45985,4599,2289,2310,8048,3908,4140,9197,4454,4743,8047,3834,4213,4597,2204,2393,1150,553,597,
45990,4600,2290,2310,8048,3908,4140,9198,4454,4744,8048,3834,4214,4599,2205,2394,1150,553,597,
45995,4600,2290,2310,8049,3908,4141,9199,4454,4745,8049,3835,4214,4600,2206,2394,1150,553,597,
46000,4600,2290,2310,8050,3908,4142,9200,4455,4745,8050,3835,4215,4600,2206,2394,1150,553,597,
46005,4600,2290,2310,8051,3908,4143,9200,4455,4745,8050,3835,4215,4600,2206,2394,1150,553,597,
46010,4601,2290,2311,8052,3908,4144,9202,4456,4746,8051,3836,4215,4600,2206,2394,1150,553,597,
46015,4602,2290,2312,8052,3908,4144,9202,4456,4746,8052,3837,4215,4600,2206,2394,1150,553,597,
46020,4603,2291,2312,8054,3910,4144,9205,4457,4748,8053,3838,4215,4601,2207,2394,1150,553,597,
46025,4603,2291,2312,8055,3910,4145,9205,4457,4748,8054,3838,4216,4601,2207,2394,1151,554,597,
46030,4604,2291,2313,8055,3910,4145,9206,4457,4749,8055,3839,4216,4603,2208,2395,1151,554,597,
46035,4604,2291,2313,8056,3911,4145,9207,4457,4750,8056,3840,4216,4604,2209,2395,1151,554,597,
46040,4604,2291,2313,8057,3911,4146,9208,4457,4751,8057,3840,4217,4604,2209,2395,1151,554,597,
46045,4604,2291,2313,8058,3911,4147,9208,4457,4751,8057,3840,4217,4604,2209,2395,1151,554,597,
46050,4605,2291,2314,8059,3912,4147,9210,4457,4753,8058,3841,4217,4604,2209,2395,1151,554,597,
46055,4606,2291,2315,8059,3912,4147,9210,4457,4753,8059,3841,4218,4604,2209,2395,1151,554,597,
46060,4607,2291,2316,8061,3914,4147,9213,4459,4754,8060,3842,4218,4605,2210,2395,1151,554,597,
46065,4607,2291,2316,8062,3914,4148,9213,4459,4754,8061,3842,4219,4605,2210,2395,1152,554,598,
46070,4608,2291,2317,8062,3914,4148,9214,4460,4754,8062,3842,4220,4607,2210,2397,1152,554,598,
46075,4608,2291,2317,8063,3915,4148,9215,4461,4754,8063,3843,4220,4608,2210,2398,1152,554,598,
46080,4608,2291,2317,8064,3915,4149,9216,4461,4755,8064,3843,4221,4608,2210,2398,1152,554,598,
46085,4608,2291,2317,8065,3916,4149,9216,4461,4755,8064,3843,4221,4608,2210,2398,1152,554,598,
46090,4609,2292,2317,8066,3917,4149,9218,4461,4757,8065,3844,4221,4608,2210,2398,1152,554,598,
46095,4610,2292,2318,8066,3917,4149,9218,4461,4757,8066,3844,4222,4608,2210,2398,1152,554,598,
46100,4611,2293,2318,8068,3917,4151,9221,4463,4758,8067,3844,4223,4609,2211,2398,1152,554,598,
46105,4611,2293,2318,8069,3918,4151,9221,4463,4758,8068,3844,4224,4609,2211,2398,1153,554,599,
46110,4612,2294,2318,8069,3918,4151,9222,4464,4758,8069,3844,4225,4611,2212,2399,1153,554,599,
46115,4612,2294,2318,8070,3918,4152,9223,4465,4758,8070,3845,4225,4612,2212,2400,1153,554,599,
46120,4612,2294,2318,8071,3919,4152,9224,4466,4758,8071,3846,4225,4612,2212,2400,1153,554,599,
46125,4612,2294,2318,8072,3920,4152,9224,4466,4758,8071,3846,4225,4612,2212,2400,1153,554,599,
46130,4613,2294,2319,8073,3921,4152,9226,4468,4758,8072,3847,4225,4612,2212,2400,1153,554,599,
46135,4614,2294,2320,8073,3921,4152,9226,4468,4758,8073,3847,4226,4612,2212,2400,1153,554,599,
46140,4615,2295,2320,8075,3922,4153,9229,4470,4759,8074,3847,4227,4613,2213,2400,1153,554,599,
46145,4615,2295,2320,8076,3922,4154,9229,4470,4759,8075,3847,4228,4613,2213,2400,1154,555,599,
46150,4616,2296,2320,8076,3922,4154,9230,4470,4760,8076,3847,4229,4615,2213,2402,1154,555,599,
46155,4616,2296,2320,8077,3922,4155,9231,4471,4760,8077,3847,4230,4616,2213,2403,1154,555,599,
46160,4616,2296,2320,8078,3923,4155,9232,4471,4761,8078,3847,4231,4616,2213,2403,1154,555,599,
46165,4616,2296,2320,8079,3924,4155,9232,4471,4761,8078,3847,4231,4616,2213,2403,1154,555,599,
46170,4617,2297,2320,8080,3925,4155,9234,4473,4761,8079,3848,4231,4616,2213,2403,1154,555,599,
46175,4618,2298,2320,8080,3925,4155,9234,4473,4761,8080,3848,4232,4616,2213,2403,1154,555,599,
46180,4619,2298,2321,8082,3927,4155,9237,4475,4762,8081,3848,4233,4617,2214,2403,1154,555,599,
46185,4619,2298,2321,8083,3927,4156,9237,4475,4762,8082,3849,4233,4617,2214,2403,1155,556,599,
46190,4620,2299,2321,8083,3927,4156,9238,4475,4763,8083,3850,4233,4619,2216,2403,1155,556,599,
46195,4620,2299,2321,8084,3927,4157,9239,4476,4763,8084,3851,4233,4620,2217,2403,1155,556,599,
46200,4620,2299,2321,8085,3927,4158,9240,4476,4764,8085,3851,4234,4620,2217,2403,1155,556,599,
46205,4620,2299,2321,8086,3927,4159,9240,4476,4764,8085,3851,4234,4620,2217,2403,1155,556,599,
46210,4621,2299,2322,8087,3927,4160,9242,4476,4766,8086,3851,4235,4620,2217,2403,1155,556,599,
46215,4622,2300,2322,8087,3927,4160,9242,4476,4766,8087,3851,4236,4620,2217,2403,1155,556,599,
46220,4623,2300,2323,8089,3927,4162,9245,4477,4768,8088,3852,4236,4621,2218,2403,1155,556,599,
46225,4623,2300,2323,8090,3928,4162,9245,4477,4768,8089,3852,4237,4621,2218,2403,1156,556,600,
46230,4624,2301,2323,8090,3928,4162,9246,4478,4768,8090,3853,4237,4623,2219,2404,1156,556,600,
46235,4624,2301,2323,8091,3928,4163,9247,4479,4768,8091,3853,4238,4624,2219,2405,1156,556,600,
46240,4624,2301,2323,8092,3929,4163,9248,4480,4768,8092,3854,4238,4624,2219,2405,1156,556,600,
46245,4624,2301,2323,8093,3929,4164,9248,4480,4768,8092,3854,4238,4624,2219,2405,1156,556,600,
46250,4625,2301,2324,8094,3929,4165,9250,4481,4769,8093,3855,4238,4624,2219,2405,1156,556,600,
46255,4626,2301,2325,8094,3929,4165,9250,4481,4769,8094,3855,4239,4624,2219,2405,1156,556,600,
46260,4627,2301,2326,8096,3930,4166,9253,4484,4769,8095,3855,4240,4625,2220,2405,1156,556,600,
46265,4627,2301,2326,8097,3930,4167,9253,4484,4769,8096,3856,4240,4625,2220,2405,1157,556,601,
46270,4628,2302,2326,8097,3930,4167,9254,4484,4770,8097,3857,4240,4627,2221,2406,1157,556,601,
46275,4628,2302,2326,8098,3930,4168,9255,4484,4771,8098,3858,4240,4628,2222,2406,1157,556,601,
46280,4628,2302,2326,8099,3931,4168,9256,4484,4772,8099,3859,4240,4628,2222,2406,1157,556,601,
46285,4628,2302,2326,8100,3932,4168,9256,4484,4772,8099,3859,4240,4628,2222,2406,1157,556,601,
46290,4629,2303,2326,8101,3932,4169,9258,4485,4773,8100,3860,4240,4628,2222,2406,1157,556,601,
46295,4630,2304,2326,8101,3932,4169,9258,4485,4773,8101,3861,4240,4628,2222,2406,1157,556,601,
46300,4631,2304,2327,8103,3934,4169,9261,4486,4775,8102,3861,4241,4629,2222,2407,1157,556,601,
46305,4631,2304,2327,8104,3934,4170,9261,4486,4775,8103,3862,4241,4629,2222,2407,1158,557,601,
46310,4632,2305,2327,8104,3934,4170,9262,4487,4775,8104,3863,4241,4631,2223,2408,1158,557,601,
46315,4632,2305,2327,8105,3935,4170,9263,4487,4776,8105,3863,4242,4632,2223,2409,1158,557,601,
46320,4632,2305,2327,8106,3936,4170,9264,4488,4776,8106,3863,4243,4632,2223,2409,1158,557,601,
46325,4632,2305,2327,8107,3937,4170,9264,4488,4776,8106,3863,4243,4632,2223,2409,1158,557,601,
46330,4633,2306,2327,8108,3937,4171,9266,4490,4776,8107,3863,4244,4632,2223,2409,1158,557,601,
46335,4634,2306,2328,8108,3937,4171,9266,4490,4776,8108,3863,4245,4632,2223,2409,1158,557,601,
46340,4635,2306,2329,8110,3938,4172,9269,4492,4777,8109,3864,4245,4633,2223,2410,1158,557,601,
46345,4635,2306,2329,8111,3939,4172,9269,4492,4777,8110,3864,4246,4633,2223,2410,1159,557,602,
46350,4636,2306,2330,8111,3939,4172,9270,4492,4778,8111,3864,4247,4635,2224,2411,1159,557,602,
46355,4636,2306,2330,8112,3939,4173,9271,4493,4778,8112,3864,4248,4636,2224,2412,1159,557,602,
46360,4636,2306,2330,8113,3940,4173,9272,4493,4779,8113,3864,4249,4636,2224,2412,1159,557,602,
46365,4636,2306,2330,8114,3941,4173,9272,4493,4779,8113,3864,4249,4636,2224,2412,1159,557,602,
46370,4637,2307,2330,8115,3941,4174,9274,4494,4780,8114,3865,4249,4636,2224,2412,1159,557,602,
46375,4638,2308,2330,8115,3941,4174,9274,4494,4780,8115,3866,4249,4636,2224,2412,1159,557,602,
46380,4639,2308,2331,8117,3942,4175,9277,4497,4780,8116,3867,4249,4637,2224,2413,1159,557,602,
46385,4639,2308,2331,8118,3942,4176,9277,4497,4780,8117,3867,4250,4637,2224,2413,1160,557,603,
46390,4640,2309,2331,8118,3942,4176,9278,4498,4780,8118,3868,4250,4639,2226,2413,1160,557,603,
46395,4640,2309,2331,8119,3942,4177,9279,4498,4781,8119,3869,4250,4640,2226,2414,1160,557,603,
46400,4640,2309,2331,8120,3943,4177,9280,4499,4781,8120,3870,4250,4640,2226,2414,1160,557,603,
46405,4640,2309,2331,8121,3944,4177,9280,4499,4781,8120,3870,4250,4640,2226,2414,1160,557,603,
46410,4641,2310,2331,8122,3945,4177,9282,4499,4783,8121,3871,4250,4640,2226,2414,1160,557,603,
46415,4642,2311,2331,8122,3945,4177,9282,4499,4783,8122,3871,4251,4640,2226,2414,1160,557,603,
46420,4643,2312,2331,8124,3946,4178,9285,4500,4785,8123,3871,4252,4641,2227,2414,1160,557,603,
46425,4643,2312,2331,8125,3947,4178,9285,4500,4785,8124,3872,4252,4641,2227,2414,1161,558,603,
46430,4644,2312,2332,8125,3947,4178,9286,4501,4785,8125,3872,4253,4643,2227,2416,1161,558,603,
46435,4644,2312,2332,8126,3948,4178,9287,4501,4786,8126,3873,4253,4644,2228,2416,1161,558,603,
46440,4644,2312,2332,8127,3948,4179,9288,4502,4786,8127,3873,4254,4644,2228,2416,1161,558,603,
46445,4644,2312,2332,8128,3949,4179,9288,4502,4786,8127,3873,4254,4644,2228,2416,1161,558,603,
46450,4645,2312,2333,8129,3950,4179,9290,4504,4786,8128,3873,4255,4644,2228,2416,1161,558,603,
46455,4646,2312,2334,8129,3950,4179,9290,4504,4786,8129,3874,4255,4644,2228,2416,1161,558,603,
46460,4647,2313,2334,8131,3952,4179,9293,4505,4788,8130,3874,4256,4645,2228,2417,1161,558,603,
46465,4647,2313,2334,8132,3952,4180,9293,4505,4788,8131,3875,4256,4645,2228,2417,1162,559,603,
46470,4648,2313,2335,8132,3952,4180,9294,4505,4789,8132,3875,4257,4647,2230,2417,1162,559,603,
46475,4648,2313,2335,8133,3952,4181,9295,4505,4790,8133,3876,4257,4648,2230,2418,1162,559,603,
46480,4648,2313,2335,8134,3953,4181,9296,4505,4791,8134,3876,4258,4648,2230,2418,1162,559,603,
46485,4648,2313,2335,8135,3953,4182,9296,4505,4791,8134,3876,4258,4648,2230,2418,1162,559,603,
46490,4649,2314,2335,8136,3954,4182,9298,4506,4792,8135,3877,4258,4648,2230,2418,1162,559,603,
46495,4650,2314,2336,8136,3954,4182,9298,4506,4792,8136,3877,4259,4648,2230,2418,1162,559,603,
46500,4651,2314,2337,8138,3955,4183,9301,4508,4793,8137,3877,4260,4649,2231,2418,1162,559,603,
46505,4651,2314,2337,8139,3956,4183,9301,4508,4793,8138,3877,4261,4649,2231,2418,1163,560,603,
46510,4652,2314,2338,8139,3956,4183,9302,4509,4793,8139,3878,4261,4651,2231,2420,1163,560,603,
46515,4652,2314,2338,8140,3957,4183,9303,4510,4793,8140,3878,4262,4652,2231,2421,1163,560,603,
46520,4652,2314,2338,8141,3957,4184,9304,4511,4793,8141,3879,4262,4652,2231,2421,1163,560,603,
46525,4652,2314,2338,8142,3957,4185,9304,4511,4793,8141,3879,4262,4652,2231,2421,1163,560,603,
46530,4653,2315,2338,8143,3958,4185,9306,4512,4794,8142,3880,4262,4652,2231,2421,1163,560,603,
46535,4654,2315,2339,8143,3958,4185,9306,4512,4794,8143,3880,4263,4652,2231,2421,1163,560,603,
46540,4655,2316,2339,8145,3960,4185,9309,4512,4797,8144,3881,4263,4653,2231,2422,1163,560,603,
46545,4655,2316,2339,8146,3961,4185,9309,4512,4797,8145,3882,4263,4653,2231,2422,1164,561,603,
46550,4656,2317,2339,8146,3961,4185,9310,4512,4798,8146,3882,4264,4655,2232,2423,1164,561,603,
46555,4656,2317,2339,8147,3961,4186,9311,4513,4798,8147,3883,4264,4656,2232,2424,1164,561,603,
46560,4656,2317,2339,8148,3962,4186,9312,4514,4798,8148,3884,4264,4656,2232,2424,1164,561,603,
46565,4656,2317,2339,8149,3963,4186,9312,4514,4798,8148,3884,4264,4656,2232,2424,1164,561,603,
46570,4657,2317,2340,8150,3963,4187,9314,4515,4799,8149,3885,4264,4656,2232,2424,1164,561,603,
46575,4658,2318,2340,8150,3963,4187,9314,4515,4799,8150,3886,4264,4656,2232,2424,1164,561,603,
46580,4659,2319,2340,8152,3964,4188,9317,4516,4801,8151,3886,4265,4657,2233,2424,1164,561,603,
46585,4659,2319,2340,8153,3964,4189,9317,4516,4801,8152,3887,4265,4657,2233,2424,1165,561,604,
46590,4660,2320,2340,8153,3964,4189,9318,4517,4801,8153,3888,4265,4659,2234,2425,1165,561,604,
46595,4660,2320,2340,8154,3964,4190,9319,4518,4801,8154,3889,4265,4660,2235,2425,1165,561,604,
46600,4660,2320,2340,8155,3965,4190,9320,4518,4802,8155,3889,4266,4660,2235,2425,1165,561,604,
46605,4660,2320,2340,8156,3965,4191,9320,4518,4802,8155,3889,4266,4660,2235,2425,1165,561,604,
46610,4661,2321,2340,8157,3965,4192,9322,4519,4803,8156,3890,4266,4660,2235,2425,1165,561,604,
46615,4662,2322,2340,8157,3965,4192,9322,4519,4803,8157,3891,4266,4660,2235,2425,1165,561,604,
46620,4663,2322,2341,8159,3967,4192,9325,4520,4805,8158,3891,4267,4661,2235,2426,1165,561,604,
46625,4663,2322,2341,8160,3968,4192,9325,4520,4805,8159,3891,4268,4661,2235,2426,1166,562,604,
46630,4664,2323,2341,8160,3968,4192,9326,4520,4806,8160,3891,4269,4663,2237,2426,1166,562,604,
46635,4664,2323,2341,8161,3969,4192,9327,4520,4807,8161,3892,4269,4664,2238,2426,1166,562,604,
46640,4664,2323,2341,8162,3969,4193,9328,4521,4807,8162,3893,4269,4664,2238,2426,1166,562,604,
46645,4664,2323,2341,8163,3969,4194,9328,4521,4807,8162,3893,4269,4664,2238,2426,1166,562,604,
46650,4665,2323,2342,8164,3970,4194,9330,4522,4808,8163,3894,4269,4664,2238,2426,1166,562,604,
46655,4666,2324,2342,8164,3970,4194,9330,4522,4808,8164,3895,4269,4664,2238,2426,1166,562,604,
46660,4667,2324,2343,8166,3971,4195,9333,4524,4809,8165,3895,4270,4665,2238,2427,1166,562,604,
46665,4667,2324,2343,8167,3972,4195,9333,4524,4809,8166,3895,4271,4665,2238,2427,1167,562,605,
46670,4668,2325,2343,8167,3972,4195,9334,4524,4810,8167,3895,4272,4667,2238,2429,1167,562,605,
46675,4668,2325,2343,8168,3972,4196,9335,4525,4810,8168,3895,4273,4668,2238,2430,1167,562,605,
46680,4668,2325,2343,8169,3972,4197,9336,4525,4811,8169,3895,4274,4668,2238,2430,1167,562,605,
46685,4668,2325,2343,8170,3972,4198,9336,4525,4811,8169,3895,4274,4668,2238,2430,1167,562,605,
46690,4669,2325,2344,8171,3973,4198,9338,4525,4813,8170,3895,4275,4668,2238,2430,1167,562,605,
46695,4670,2326,2344,8171,3973,4198,9338,4525,4813,8171,3896,4275,4668,2238,2430,1167,562,605,
46700,4671,2326,2345,8173,3973,4200,9341,4527,4814,8172,3896,4276,4669,2239,2430,1167,562,605,
46705,4671,2326,2345,8174,3974,4200,9341,4527,4814,8173,3897,4276,4669,2239,2430,1168,563,605,
46710,4672,2326,2346,8174,3974,4200,9342,4527,4815,8174,3897,4277,4671,2240,2431,1168,563,605,
46715,4672,2326,2346,8175,3975,4200,9343,4528,4815,8175,3897,4278,4672,2240,2432,1168,563,605,
46720,4672,2326,2346,8176,3975,4201,9344,4529,4815,8176,3898,4278,4672,2240,2432,1168,563,605,
46725,4672,2326,2346,8177,3976,4201,9344,4529,4815,8176,3898,4278,4672,2240,2432,1168,563,605,
46730,4673,2327,2346,8178,3977,4201,9346,4529,4817,8177,3899,4278,4672,2240,2432,1168,563,605,
46735,4674,2327,2347,8178,3977,4201,9346,4529,4817,8178,3900,4278,4672,2240,2432,1168,563,605,
46740,4675,2327,2348,8180,3979,4201,9349,4530,4819,8179,3901,4278,4673,2241,2432,1168,563,605,
46745,4675,2327,2348,8181,3979,4202,9349,4530,4819,8180,3901,4279,4673,2241,2432,1169,564,605,
46750,4676,2328,2348,8181,3979,4202,9350,4531,4819,8181,3901,4280,4675,2242,2433,1169,564,605,
46755,4676,2328,2348,8182,3979,4203,9351,4532,4819,8182,3902,4280,4676,2243,2433,1169,564,605,
46760,4676,2328,2348,8183,3979,4204,9352,4532,4820,8183,3903,4280,4676,2243,2433,1169,564,605,
46765,4676,2328,2348,8184,3980,4204,9352,4532,4820,8183,3903,4280,4676,2243,2433,1169,564,605,
46770,4677,2329,2348,8185,3980,4205,9354,4533,4821,8184,3903,4281,4676,2243,2433,1169,564,605,
46775,4678,2329,2349,8185,3980,4205,9354,4533,4821,8185,3904,4281,4676,2243,2433,1169,564,605,
46780,4679,2329,2350,8187,3982,4205,9357,4534,4823,8186,3904,4282,4677,2244,2433,1169,564,605,
46785,4679,2329,2350,8188,3983,4205,9357,4534,4823,8187,3904,4283,4677,2244,2433,1170,564,606,
46790,4680,2329,2351,8188,3983,4205,9358,4535,4823,8188,3905,4283,4679,2245,2434,1170,564,606,
46795,4680,2329,2351,8189,3984,4205,9359,4536,4823,8189,3906,4283,4680,2246,2434,1170,564,606,
46800,4680,2329,2351,8190,3985,4205,9360,4536,4824,8190,3906,4284,4680,2246,2434,1170,564,606,
46805,4680,2329,2351,8191,3986,4205,9360,4536,4824,8190,3906,4284,4680,2246,2434,1170,564,606,
46810,4681,2329,2352,8192,3987,4205,9362,4537,4825,8191,3907,4284,4680,2246,2434,1170,564,606,
46815,4682,2330,2352,8192,3987,4205,9362,4537,4825,8192,3908,4284,4680,2246,2434,1170,564,606,
46820,4683,2331,2352,8194,3989,4205,9365,4537,4828,8193,3909,4284,4681,2247,2434,1170,564,606,
46825,4683,2331,2352,8195,3989,4206,9365,4537,4828,8194,3910,4284,4681,2247,2434,1171,565,606,
46830,4684,2331,2353,8195,3989,4206,9366,4537,4829,8195,3910,4285,4683,2249,2434,1171,565,606,
46835,4684,2331,2353,8196,3990,4206,9367,4537,4830,8196,3910,4286,4684,2249,2435,1171,565,606,
46840,4684,2331,2353,8197,3990,4207,9368,4538,4830,8197,3910,4287,4684,2249,2435,1171,565,606,
46845,4684,2331,2353,8198,3991,4207,9368,4538,4830,8197,3910,4287,4684,2249,2435,1171,565,606,
46850,4685,2332,2353,8199,3992,4207,9370,4540,4830,8198,3911,4287,4684,2249,2435,1171,565,606,
46855,4686,2332,2354,8199,3992,4207,9370,4540,4830,8199,3911,4288,4684,2249,2435,1171,565,606,
46860,4687,2332,2355,8201,3992,4209,9373,4541,4832,8200,3911,4289,4685,2249,2436,1171,565,606,
46865,4687,2332,2355,8202,3992,4210,9373,4541,4832,8201,3912,4289,4685,2249,2436,1172,566,606,
46870,4688,2333,2355,8202,3992,4210,9374,4541,4833,8202,3912,4290,4687,2249,2438,1172,566,606,
46875,4688,2333,2355,8203,3993,4210,9375,4542,4833,8203,3913,4290,4688,2249,2439,1172,566,606,
46880,4688,2333,2355,8204,3993,4211,9376,4543,4833,8204,3913,4291,4688,2249,2439,1172,566,606,
46885,4688,2333,2355,8205,3994,4211,9376,4543,4833,8204,3913,4291,4688,2249,2439,1172,566,606,
46890,4689,2334,2355,8206,3994,4212,9378,4544,4834,8205,3913,4292,4688,2249,2439,1172,566,606,
46895,4690,2334,2356,8206,3994,4212,9378,4544,4834,8206,3913,4293,4688,2249,2439,1172,566,606,
46900,4691,2334,2357,8208,3994,4214,9381,4545,4836,8207,3913,4294,4689,2250,2439,1172,566,606,
46905,4691,2334,2357,8209,3995,4214,9381,4545,4836,8208,3914,4294,4689,2250,2439,1173,566,607,
46910,4692,2335,2357,8209,3995,4214,9382,4545,4837,8209,3914,4295,4691,2251,2440,1173,566,607,
46915,4692,2335,2357,8210,3995,4215,9383,4546,4837,8210,3914,4296,4692,2252,2440,1173,566,607,
46920,4692,2335,2357,8211,3995,4216,9384,4547,4837,8211,3914,4297,4692,2252,2440,1173,566,607,
46925,4692,2335,2357,8212,3995,4217,9384,4547,4837,8211,3914,4297,4692,2252,2440,1173,566,607,
46930,4693,2335,2358,8213,3996,4217,9386,4549,4837,8212,3915,4297,4692,2252,2440,1173,566,607,
46935,4694,2335,2359,8213,3996,4217,9386,4549,4837,8213,3916,4297,4692,2252,2440,1173,566,607,
46940,4695,2335,2360,8215,3997,4218,9389,4550,4839,8214,3917,4297,4693,2253,2440,1173,566,607,
46945,4695,2335,2360,8216,3998,4218,9389,4550,4839,8215,3918,4297,4693,2253,2440,1174,566,608,
46950,4696,2335,2361,8216,3998,4218,9390,4551,4839,8216,3919,4297,4695,2255,2440,1174,566,608,
46955,4696,2335,2361,8217,3999,4218,9391,4552,4839,8217,3919,4298,4696,2256,2440,1174,566,608,
46960,4696,2335,2361,8218,3999,4219,9392,4553,4839,8218,3919,4299,4696,2256,2440,1174,566,608,
46965,4696,2335,2361,8219,3999,4220,9392,4553,4839,8218,3919,4299,4696,2256,2440,1174,566,608,
46970,4697,2335,2362,8220,3999,4221,9394,4554,4840,8219,3919,4300,4696,2256,2440,1174,566,608,
46975,4698,2335,2363,8220,3999,4221,9394,4554,4840,8220,3919,4301,4696,2256,2440,1174,566,608,
46980,4699,2336,2363,8222,4000,4222,9397,4555,4842,8221,3920,4301,4697,2257,2440,1174,566,608,
46985,4699,2336,2363,8223,4001,4222,9397,4555,4842,8222,3920,4302,4697,2257,2440,1175,566,609,
46990,4700,2337,2363,8223,4001,4222,9398,4555,4843,8223,3921,4302,4699,2259,2440,1175,566,609,
46995,4700,2337,2363,8224,4002,4222,9399,4555,4844,8224,3921,4303,4700,2260,2440,1175,566,609,
47000,4700,2337,2363,8225,4002,4223,9400,4556,4844,8225,3921,4304,4700,2260,2440,1175,566,609,
47005,4700,2337,2363,8226,4003,4223,9400,4556,4844,8225,3921,4304,4700,2260,2440,1175,566,609,
47010,4701,2338,2363,8227,4003,4224,9402,4557,4845,8226,3922,4304,4700,2260,2440,1175,566,609,
47015,4702,2338,2364,8227,4003,4224,9402,4557,4845,8227,3923,4304,4700,2260,2440,1175,566,609,
47020,4703,2338,2365,8229,4004,4225,9405,4558,4847,8228,3923,4305,4701,2261,2440,1175,566,609,
47025,4703,2338,2365,8230,4004,4226,9405,4558,4847,8229,3923,4306,4701,2261,2440,1176,567,609,
47030,4704,2338,2366,8230,4004,4226,9406,4558,4848,8230,3923,4307,4703,2261,2442,1176,567,609,
47035,4704,2338,2366,8231,4005,4226,9407,4558,4849,8231,3923,4308,4704,2261,2443,1176,567,609,
47040,4704,2338,2366,8232,4006,4226,9408,4558,4850,8232,3923,4309,4704,2261,2443,1176,567,609,
47045,4704,2338,2366,8233,4006,4227,9408,4558,4850,8232,3923,4309,4704,2261,2443,1176,567,609,
47050,4705,2338,2367,8234,4007,4227,9410,4559,4851,8233,3923,4310,4704,2261,2443,1176,567,609,
47055,4706,2339,2367,8234,4007,4227,9410,4559,4851,8234,3924,4310,4704,2261,2443,1176,567,609,
47060,4707,2340,2367,8236,4007,4229,9413,4560,4853,8235,3925,4310,4705,2261,2444,1176,567,609,
47065,4707,2340,2367,8237,4007,4230,9413,4560,4853,8236,3926,4310,4705,2261,2444,1177,568,609,
47070,4708,2340,2368,8237,4007,4230,9414,4561,4853,8237,3926,4311,4707,2261,2446,1177,568,609,
47075,4708,2340,2368,8238,4008,4230,9415,4561,4854,8238,3926,4312,4708,2262,2446,1177,568,609,
47080,4708,2340,2368,8239,4009,4230,9416,4561,4855,8239,3926,4313,4708,2262,2446,1177,568,609,
47085,4708,2340,2368,8240,4010,4230,9416,4561,4855,8239,3926,4313,4708,2262,2446,1177,568,609,
47090,4709,2341,2368,8241,4011,4230,9418,4562,4856,8240,3926,4314,4708,2262,2446,1177,568,609,
47095,4710,2342,2368,8241,4011,4230,9418,4562,4856,8241,3926,4315,4708,2262,2446,1177,568,609,
47100,4711,2342,2369,8243,4013,4230,9421,4563,4858,8242,3926,4316,4709,2262,2447,1177,568,609,
47105,4711,2342,2369,8244,4014,4230,9421,4563,4858,8243,3927,4316,4709,2262,2447,1178,568,610,
47110,4712,2342,2370,8244,4014,4230,9422,4563,4859,8244,3928,4316,4711,2263,2448,1178,568,610,
47115,4712,2342,2370,8245,4015,4230,9423,4564,4859,8245,3928,4317,4712,2263,2449,1178,568,610,
47120,4712,2342,2370,8246,4016,4230,9424,4565,4859,8246,3929,4317,4712,2263,2449,1178,568,610,
47125,4712,2342,2370,8247,4017,4230,9424,4565,4859,8246,3929,4317,4712,2263,2449,1178,568,610,
47130,4713,2342,2371,8248,4017,4231,9426,4567,4859,8247,3929,4318,4712,2263,2449,1178,568,610,
47135,4714,2342,2372,8248,4017,4231,9426,4567,4859,8248,3929,4319,4712,2263,2449,1178,568,610,
47140,4715,2343,2372,8250,4018,4232,9429,4568,4861,8249,3930,4319,4713,2264,2449,1178,568,610,
47145,4715,2343,2372,8251,4019,4232,9429,4568,4861,8250,3931,4319,4713,2264,2449,1179,568,611,
47150,4716,2344,2372,8251,4019,4232,9430,4568,4862,8251,3932,4319,4715,2264,2451,1179,568,611,
47155,4716,2344,2372,8252,4020,4232,9431,4568,4863,8252,3932,4320,4716,2264,2452,1179,568,611,
47160,4716,2344,2372,8253,4020,4233,9432,4568,4864,8253,3933,4320,4716,2264,2452,1179,568,611,
47165,4716,2344,2372,8254,4020,4234,9432,4568,4864,8253,3933,4320,4716,2264,2452,1179,568,611,
47170,4717,2345,2372,8255,4020,4235,9434,4569,4865,8254,3933,4321,4716,2264,2452,1179,568,611,
47175,4718,2346,2372,8255,4020,4235,9434,4569,4865,8255,3933,4322,4716,2264,2452,1179,568,611,
47180,4719,2346,2373,8257,4020,4237,9437,4572,4865,8256,3933,4323,4717,2265,2452,1179,568,611,
47185,4719,2346,2373,8258,4020,4238,9437,4572,4865,8257,3933,4324,4717,2265,2452,1180,568,612,
47190,4720,2347,2373,8258,4020,4238,9438,4573,4865,8258,3934,4324,4719,2265,2454,1180,568,612,
47195,4720,2347,2373,8259,4020,4239,9439,4573,4866,8259,3934,4325,4720,2265,2455,1180,568,612,
47200,4720,2347,2373,8260,4021,4239,9440,4574,4866,8260,3934,4326,4720,2265,2455,1180,568,612,
47205,4720,2347,2373,8261,4022,4239,9440,4574,4866,8260,3934,4326,4720,2265,2455,1180,568,612,
47210,4721,2347,2374,8262,4023,4239,9442,4574,4868,8261,3935,4326,4720,2265,2455,1180,568,612,
47215,4722,2347,2375,8262,4023,4239,9442,4574,4868,8262,3936,4326,4720,2265,2455,1180,568,612,
47220,4723,2347,2376,8264,4024,4240,9445,4575,4870,8263,3937,4326,4721,2266,2455,1180,568,612,
47225,4723,2347,2376,8265,4025,4240,9445,4575,4870,8264,3938,4326,4721,2266,2455,1181,568,613,
47230,4724,2348,2376,8265,4025,4240,9446,4575,4871,8265,3939,4326,4723,2267,2456,1181,568,613,
47235,4724,2348,2376,8266,4025,4241,9447,4575,4872,8266,3939,4327,4724,2268,2456,1181,568,613,
47240,4724,2348,2376,8267,4026,4241,9448,4575,4873,8267,3940,4327,4724,2268,2456,1181,568,613,
47245,4724,2348,2376,8268,4027,4241,9448,4575,4873,8267,3940,4327,4724,2268,2456,1181,568,613,
47250,4725,2348,2377,8269,4027,4242,9450,4576,4874,8268,3940,4328,4724,2268,2456,1181,568,613,
47255,4726,2348,2378,8269,4027,4242,9450,4576,4874,8269,3940,4329,4724,2268,2456,1181,568,613,
47260,4727,2349,2378,8271,4027,4244,9453,4577,4876,8270,3941,4329,4725,2268,2457,1181,568,613,
47265,4727,2349,2378,8272,4028,4244,9453,4577,4876,8271,3941,4330,4725,2268,2457,1182,568,614,
47270,4728,2349,2379,8272,4028,4244,9454,4577,4877,8272,3942,4330,4727,2268,2459,1182,568,614,
47275,4728,2349,2379,8273,4028,4245,9455,4578,4877,8273,3942,4331,4728,2268,2460,1182,568,614,
47280,4728,2349,2379,8274,4028,4246,9456,4578,4878,8274,3943,4331,4728,2268,2460,1182,568,614,
47285,4728,2349,2379,8275,4029,4246,9456,4578,4878,8274,3943,4331,4728,2268,2460,1182,568,614,
47290,4729,2349,2380,8276,4030,4246,9458,4580,4878,8275,3943,4332,4728,2268,2460,1182,568,614,
47295,4730,2349,2381,8276,4030,4246,9458,4580,4878,8276,3944,4332,4728,2268,2460,1182,568,614,
47300,4731,2350,2381,8278,4031,4247,9461,4582,4879,8277,3944,4333,4729,2268,2461,1182,568,614,
47305,4731,2350,2381,8279,4031,4248,9461,4582,4879,8278,3945,4333,4729,2268,2461,1183,568,615,
47310,4732,2351,2381,8279,4031,4248,9462,4583,4879,8279,3946,4333,4731,2269,2462,1183,568,615,
47315,4732,2351,2381,8280,4031,4249,9463,4583,4880,8280,3946,4334,4732,2269,2463,1183,568,615,
47320,4732,2351,2381,8281,4031,4250,9464,4583,4881,8281,3947,4334,4732,2269,2463,1183,568,615,
47325,4732,2351,2381,8282,4032,4250,9464,4583,4881,8281,3947,4334,4732,2269,2463,1183,568,615,
47330,4733,2352,2381,8283,4032,4251,9466,4583,4883,8282,3947,4335,4732,2269,2463,1183,568,615,
47335,4734,2353,2381,8283,4032,4251,9466,4583,4883,8283,3948,4335,4732,2269,2463,1183,568,615,
47340,4735,2353,2382,8285,4032,4253,9469,4586,4883,8284,3949,4335,4733,2270,2463,1183,568,615,
47345,4735,2353,2382,8286,4032,4254,9469,4586,4883,8285,3949,4336,4733,2270,2463,1184,568,616,
47350,4736,2354,2382,8286,4032,4254,9470,4587,4883,8286,3950,4336,4735,2271,2464,1184,568,616,
47355,4736,2354,2382,8287,4033,4254,9471,4588,4883,8287,3951,4336,4736,2271,2465,1184,568,616,
47360,4736,2354,2382,8288,4033,4255,9472,4588,4884,8288,3952,4336,4736,2271,2465,1184,568,616,
47365,4736,2354,2382,8289,4033,4256,9472,4588,4884,8288,3952,4336,4736,2271,2465,1184,568,616,
47370,4737,2355,2382,8290,4033,4257,9474,4589,4885,8289,3952,4337,4736,2271,2465,1184,568,616,
47375,4738,2355,2383,8290,4033,4257,9474,4589,4885,8290,3952,4338,4736,2271,2465,1184,568,616,
47380,4739,2356,2383,8292,4034,4258,9477,4589,4888,8291,3952,4339,4737,2272,2465,1184,568,616,
47385,4739,2356,2383,8293,4034,4259,9477,4589,4888,8292,3952,4340,4737,2272,2465,1185,568,617,
47390,4740,2356,2384,8293,4034,4259,9478,4590,4888,8293,3952,4341,4739,2273,2466,1185,568,617,
47395,4740,2356,2384,8294,4035,4259,9479,4591,4888,8294,3953,4341,4740,2273,2467,1185,568,617,
47400,4740,2356,2384,8295,4036,4259,9480,4591,4889,8295,3954,4341,4740,2273,2467,1185,568,617,
47405,4740,2356,2384,8296,4036,4260,9480,4591,4889,8295,3954,4341,4740,2273,2467,1185,568,617,
47410,4741,2357,2384,8297,4037,4260,9482,4591,4891,8296,3954,4342,4740,2273,2467,1185,568,617,
47415,4742,2358,2384,8297,4037,4260,9482,4591,4891,8297,3955,4342,4740,2273,2467,1185,568,617,
47420,4743,2358,2385,8299,4039,4260,9485,4591,4894,8298,3956,4342,4741,2274,2467,1185,568,617,
47425,4743,2358,2385,8300,4039,4261,9485,4591,4894,8299,3956,4343,4741,2274,2467,1186,569,617,
47430,4744,2358,2386,8300,4039,4261,9486,4592,4894,8300,3956,4344,4743,2275,2468,1186,569,617,
47435,4744,2358,2386,8301,4040,4261,9487,4592,4895,8301,3957,4344,4744,2275,2469,1186,569,617,
47440,4744,2358,2386,8302,4040,4262,9488,4593,4895,8302,3958,4344,4744,2275,2469,1186,569,617,
47445,4744,2358,2386,8303,4040,4263,9488,4593,4895,8302,3958,4344,4744,2275,2469,1186,569,617,
47450,4745,2358,2387,8304,4040,4264,9490,4595,4895,8303,3958,4345,4744,2275,2469,1186,569,617,
47455,4746,2358,2388,8304,4040,4264,9490,4595,4895,8304,3959,4345,4744,2275,2469,1186,569,617,
47460,4747,2359,2388,8306,4042,4264,9493,4595,4898,8305,3959,4346,4745,2275,2470,1186,569,617,
47465,4747,2359,2388,8307,4043,4264,9493,4595,4898,8306,3960,4346,4745,2275,2470,1187,570,617,
47470,4748,2359,2389,8307,4043,4264,9494,4596,4898,8307,3961,4346,4747,2277,2470,1187,570,617,
47475,4748,2359,2389,8308,4043,4265,9495,4597,4898,8308,3962,4346,4748,2278,2470,1187,570,617,
47480,4748,2359,2389,8309,4044,4265,9496,4597,4899,8309,3962,4347,4748,2278,2470,1187,570,617,
47485,4748,2359,2389,8310,4044,4266,9496,4597,4899,8309,3962,4347,4748,2278,2470,1187,570,617,
47490,4749,2360,2389,8311,4044,4267,9498,4599,4899,8310,3963,4347,4748,2278,2470,1187,570,617,
47495,4750,2360,2390,8311,4044,4267,9498,4599,4899,8311,3963,4348,4748,2278,2470,1187,570,617,
47500,4751,2361,2390,8313,4046,4267,9501,4599,4902,8312,3963,4349,4749,2278,2471,1187,570,617,
47505,4751,2361,2390,8314,4047,4267,9501,4599,4902,8313,3963,4350,4749,2278,2471,1188,571,617,
47510,4752,2361,2391,8314,4047,4267,9502,4599,4903,8314,3964,4350,4751,2280,2471,1188,571,617,
47515,4752,2361,2391,8315,4047,4268,9503,4600,4903,8315,3964,4351,4752,2280,2472,1188,571,617,
47520,4752,2361,2391,8316,4048,4268,9504,4600,4904,8316,3964,4352,4752,2280,2472,1188,571,617,
47525,4752,2361,2391,8317,4048,4269,9504,4600,4904,8316,3964,4352,4752,2280,2472,1188,571,617,
47530,4753,2361,2392,8318,4048,4270,9506,4602,4904,8317,3964,4353,4752,2280,2472,1188,571,617,
47535,4754,2361,2393,8318,4048,4270,9506,4602,4904,8318,3964,4354,4752,2280,2472,1188,571,617,
47540,4755,2361,2394,8320,4049,4271,9509,4604,4905,8319,3964,4355,4753,2280,2473,1188,571,617,
47545,4755,2361,2394,8321,4049,4272,9509,4604,4905,8320,3964,4356,4753,2280,2473,1189,572,617,
47550,4756,2361,2395,8321,4049,4272,9510,4604,4906,8321,3965,4356,4755,2281,2474,1189,572,617,
47555,4756,2361,2395,8322,4050,4272,9511,4605,4906,8322,3966,4356,4756,2281,2475,1189,572,617,
47560,4756,2361,2395,8323,4051,4272,9512,4606,4906,8323,3967,4356,4756,2281,2475,1189,572,617,
47565,4756,2361,2395,8324,4051,4273,9512,4606,4906,8323,3967,4356,4756,2281,2475,1189,572,617,
47570,4757,2362,2395,8325,4051,4274,9514,4606,4908,8324,3967,4357,4756,2281,2475,1189,572,617,
47575,4758,2363,2395,8325,4051,4274,9514,4606,4908,8325,3967,4358,4756,2281,2475,1189,572,617,
47580,4759,2363,2396,8327,4053,4274,9517,4607,4910,8326,3968,4358,4757,2281,2476,1189,572,617,
47585,4759,2363,2396,8328,4053,4275,9517,4607,4910,8327,3969,4358,4757,2281,2476,1190,572,618,
47590,4760,2364,2396,8328,4053,4275,9518,4608,4910,8328,3970,4358,4759,2281,2478,1190,572,618,
47595,4760,2364,2396,8329,4054,4275,9519,4608,4911,8329,3970,4359,4760,2281,2479,1190,572,618,
47600,4760,2364,2396,8330,4054,4276,9520,4608,4912,8330,3970,4360,4760,2281,2479,1190,572,618,
47605,4760,2364,2396,8331,4055,4276,9520,4608,4912,8330,3970,4360,4760,2281,2479,1190,572,618,
47610,4761,2364,2397,8332,4055,4277,9522,4610,4912,8331,3971,4360,4760,2281,2479,1190,572,618,
47615,4762,2365,2397,8332,4055,4277,9522,4610,4912,8332,3971,4361,4760,2281,2479,1190,572,618,
47620,4763,2366,2397,8334,4056,4278,9525,4612,4913,8333,3971,4362,4761,2282,2479,1190,572,618,
47625,4763,2366,2397,8335,4056,4279,9525,4612,4913,8334,3971,4363,4761,2282,2479,1191,572,619,
47630,4764,2367,2397,8335,4056,4279,9526,4612,4914,8335,3972,4363,4763,2284,2479,1191,572,619,
47635,4764,2367,2397,8336,4056,4280,9527,4613,4914,8336,3972,4364,4764,2284,2480,1191,572,619,
47640,4764,2367,2397,8337,4057,4280,9528,4614,4914,8337,3972,4365,4764,2284,2480,1191,572,619,
47645,4764,2367,2397,8338,4057,4281,9528,4614,4914,8337,3972,4365,4764,2284,2480,1191,572,619,
47650,4765,2367,2398,8339,4057,4282,9530,4616,4914,8338,3973,4365,4764,2284,2480,1191,572,619,
47655,4766,2367,2399,8339,4057,4282,9530,4616,4914,8339,3973,4366,4764,2284,2480,1191,572,619,
47660,4767,2367,2400,8341,4057,4284,9533,4617,4916,8340,3973,4367,4765,2285,2480,1191,572,619,
47665,4767,2367,2400,8342,4057,4285,9533,4617,4916,8341,3973,4368,4765,2285,2480,1192,572,620,
47670,4768,2368,2400,8342,4057,4285,9534,4618,4916,8342,3974,4368,4767,2285,2482,1192,572,620,
47675,4768,2368,2400,8343,4057,4286,9535,4618,4917,8343,3975,4368,4768,2285,2483,1192,572,620,
47680,4768,2368,2400,8344,4058,4286,9536,4618,4918,8344,3976,4368,4768,2285,2483,1192,572,620,
47685,4768,2368,2400,8345,4059,4286,9536,4618,4918,8344,3976,4368,4768,2285,2483,1192,572,620,
47690,4769,2368,2401,8346,4060,4286,9538,4619,4919,8345,3976,4369,4768,2285,2483,1192,572,620,
47695,4770,2369,2401,8346,4060,4286,9538,4619,4919,8346,3977,4369,4768,2285,2483,1192,572,620,
47700,4771,2370,2401,8348,4061,4287,9541,4620,4921,8347,3977,4370,4769,2285,2484,1192,572,620,
47705,4771,2370,2401,8349,4062,4287,9541,4620,4921,8348,3977,4371,4769,2285,2484,1193,573,620,
47710,4772,2370,2402,8349,4062,4287,9542,4620,4922,8349,3978,4371,4771,2286,2485,1193,573,620,
47715,4772,2370,2402,8350,4062,4288,9543,4620,4923,8350,3978,4372,4772,2286,2486,1193,573,620,
47720,4772,2370,2402,8351,4063,4288,9544,4620,4924,8351,3978,4373,4772,2286,2486,1193,573,620,
47725,4772,2370,2402,8352,4064,4288,9544,4620,4924,8351,3978,4373,4772,2286,2486,1193,573,620,
47730,4773,2370,2403,8353,4065,4288,9546,4621,4925,8352,3978,4374,4772,2286,2486,1193,573,620,
47735,4774,2370,2404,8353,4065,4288,9546,4621,4925,8353,3979,4374,4772,2286,2486,1193,573,620,
47740,4775,2371,2404,8355,4065,4290,9549,4622,4927,8354,3979,4375,4773,2287,2486,1193,573,620,
47745,4775,2371,2404,8356,4066,4290,9549,4622,4927,8355,3979,4376,4773,2287,2486,1194,573,621,
47750,4776,2372,2404,8356,4066,4290,9550,4623,4927,8356,3980,4376,4775,2288,2487,1194,573,621,
47755,4776,2372,2404,8357,4066,4291,9551,4624,4927,8357,3981,4376,4776,2288,2488,1194,573,621,
47760,4776,2372,2404,8358,4066,4292,9552,4625,4927,8358,3981,4377,4776,2288,2488,1194,573,621,
47765,4776,2372,2404,8359,4066,4293,9552,4625,4927,8358,3981,4377,4776,2288,2488,1194,573,621,
47770,4777,2373,2404,8360,4067,4293,9554,4625,4929,8359,3982,4377,4776,2288,2488,1194,573,621,
47775,4778,2373,2405,8360,4067,4293,9554,4625,4929,8360,3982,4378,4776,2288,2488,1194,573,621,
47780,4779,2374,2405,8362,4069,4293,9557,4627,4930,8361,3982,4379,4777,2289,2488,1194,573,621,
47785,4779,2374,2405,8363,4070,4293,9557,4627,4930,8362,3983,4379,4777,2289,2488,1195,574,621,
47790,4780,2374,2406,8363,4070,4293,9558,4627,4931,8363,3984,4379,4779,2290,2489,1195,574,621,
47795,4780,2374,2406,8364,4070,4294,9559,4627,4932,8364,3984,4380,4780,2291,2489,1195,574,621,
47800,4780,2374,2406,8365,4070,4295,9560,4627,4933,8365,3984,4381,4780,2291,2489,1195,574,621,
47805,4780,2374,2406,8366,4070,4296,9560,4627,4933,8365,3984,4381,4780,2291,2489,1195,574,621,
47810,4781,2374,2407,8367,4070,4297,9562,4629,4933,8366,3985,4381,4780,2291,2489,1195,574,621,
47815,4782,2375,2407,8367,4070,4297,9562,4629,4933,8367,3986,4381,4780,2291,2489,1195,574,621,
47820,4783,2376,2407,8369,4071,4298,9565,4631,4934,8368,3987,4381,4781,2291,2490,1195,574,621,
47825,4783,2376,2407,8370,4072,4298,9565,4631,4934,8369,3988,4381,4781,2291,2490,1196,575,621,
47830,4784,2376,2408,8370,4072,4298,9566,4631,4935,8370,3989,4381,4783,2292,2491,1196,575,621,
47835,4784,2376,2408,8371,4073,4298,9567,4631,4936,8371,3990,4381,4784,2293,2491,1196,575,621,
47840,4784,2376,2408,8372,4074,4298,9568,4632,4936,8372,3991,4381,4784,2293,2491,1196,575,621,
47845,4784,2376,2408,8373,4074,4299,9568,4632,4936,8372,3991,4381,4784,2293,2491,1196,575,621,
47850,4785,2376,2409,8374,4074,4300,9570,4633,4937,8373,3991,4382,4784,2293,2491,1196,575,621,
47855,4786,2377,2409,8374,4074,4300,9570,4633,4937,8374,3992,4382,4784,2293,2491,1196,575,621,
47860,4787,2377,2410,8376,4075,4301,9573,4634,4939,8375,3992,4383,4785,2294,2491,1196,575,621,
47865,4787,2377,2410,8377,4075,4302,9573,4634,4939,8376,3993,4383,4785,2294,2491,1197,575,622,
47870,4788,2378,2410,8377,4075,4302,9574,4635,4939,8377,3993,4384,4787,2295,2492,1197,575,622,
47875,4788,2378,2410,8378,4075,4303,9575,4636,4939,8378,3993,4385,4788,2295,2493,1197,575,622,
47880,4788,2378,2410,8379,4076,4303,9576,4637,4939,8379,3993,4386,4788,2295,2493,1197,575,622,
47885,4788,2378,2410,8380,4077,4303,9576,4637,4939,8379,3993,4386,4788,2295,2493,1197,575,622,
47890,4789,2378,2411,8381,4078,4303,9578,4637,4941,8380,3993,4387,4788,2295,2493,1197,575,622,
47895,4790,2379,2411,8381,4078,4303,9578,4637,4941,8381,3994,4387,4788,2295,2493,1197,575,622,
47900,4791,2380,2411,8383,4079,4304,9581,4639,4942,8382,3994,4388,4789,2295,2494,1197,575,622,
47905,4791,2380,2411,8384,4079,4305,9581,4639,4942,8383,3994,4389,4789,2295,2494,1198,575,623,
47910,4792,2381,2411,8384,4079,4305,9582,4639,4943,8384,3994,4390,4791,2295,2496,1198,575,623,
47915,4792,2381,2411,8385,4079,4306,9583,4639,4944,8385,3995,4390,4792,2295,2497,1198,575,623,
47920,4792,2381,2411,8386,4080,4306,9584,4640,4944,8386,3996,4390,4792,2295,2497,1198,575,623,
47925,4792,2381,2411,8387,4080,4307,9584,4640,4944,8386,3996,4390,4792,2295,2497,1198,575,623,
47930,4793,2382,2411,8388,4080,4308,9586,4640,4946,8387,3997,4390,4792,2295,2497,1198,575,623,
47935,4794,2382,2412,8388,4080,4308,9586,4640,4946,8388,3998,4390,4792,2295,2497,1198,575,623,
47940,4795,2383,2412,8390,4081,4309,9589,4643,4946,8389,3998,4391,4793,2296,2497,1198,575,623,
47945,4795,2383,2412,8391,4081,4310,9589,4643,4946,8390,3998,4392,4793,2296,2497,1199,576,623,
47950,4796,2384,2412,8391,4081,4310,9590,4643,4947,8391,3999,4392,4795,2296,2499,1199,576,623,
47955,4796,2384,2412,8392,4082,4310,9591,4643,4948,8392,3999,4393,4796,2296,2500,1199,576,623,
47960,4796,2384,2412,8393,4082,4311,9592,4643,4949,8393,4000,4393,4796,2296,2500,1199,576,623,
47965,4796,2384,2412,8394,4082,4312,9592,4643,4949,8393,4000,4393,4796,2296,2500,1199,576,623,
47970,4797,2384,2413,8395,4083,4312,9594,4644,4950,8394,4000,4394,4796,2296,2500,1199,576,623,
47975,4798,2384,2414,8395,4083,4312,9594,4644,4950,8395,4000,4395,4796,2296,2500,1199,576,623,
47980,4799,2384,2415,8397,4084,4313,9597,4646,4951,8396,4000,4396,4797,2296,2501,1199,576,623,
47985,4799,2384,2415,8398,4085,4313,9597,4646,4951,8397,4001,4396,4797,2296,2501,1200,576,624,
47990,4800,2384,2416,8398,4085,4313,9598,4646,4952,8398,4002,4396,4799,2296,2503,1200,576,624,
47995,4800,2384,2416,8399,4085,4314,9599,4646,4953,8399,4003,4396,4800,2296,2504,1200,576,624,
48000,4800,2384,2416,8400,4086,4314,9600,4646,4954,8400,4004,4396,4800,2296,2504,1200,576,624,
48005,4800,2384,2416,8401,4086,4315,9600,4646,4954,8400,4004,4396,4800,2296,2504,1200,576,624,
48010,4801,2384,2417,8402,4086,4316,9602,4647,4955,8401,4004,4397,4800,2296,2504,1200,576,624,
48015,4802,2384,2418,8402,4086,4316,9602,4647,4955,8402,4004,4398,4800,2296,2504,1200,576,624,
48020,4803,2384,2419,8404,4086,4318,9605,4648,4957,8403,4005,4398,4801,2297,2504,1200,576,624,
48025,4803,2384,2419,8405,4086,4319,9605,4648,4957,8404,4005,4399,4801,2297,2504,1201,576,625,
48030,4804,2385,2419,8405,4086,4319,9606,4648,4958,8405,4006,4399,4803,2298,2505,1201,576,625,
48035,4804,2385,2419,8406,4086,4320,9607,4648,4959,8406,4006,4400,4804,2299,2505,1201,576,625,
48040,4804,2385,2419,8407,4087,4320,9608,4648,4960,8407,4007,4400,4804,2299,2505,1201,576,625,
48045,4804,2385,2419,8408,4088,4320,9608,4648,4960,8407,4007,4400,4804,2299,2505,1201,576,625,
48050,4805,2385,2420,8409,4089,4320,9610,4649,4961,8408,4008,4400,4804,2299,2505,1201,576,625,
48055,4806,2385,2421,8409,4089,4320,9610,4649,4961,8409,4008,4401,4804,2299,2505,1201,576,625,
48060,4807,2386,2421,8411,4090,4321,9613,4650,4963,8410,4009,4401,4805,2300,2505,1201,576,625,
48065,4807,2386,2421,8412,4090,4322,9613,4650,4963,8411,4009,4402,4805,2300,2505,1202,577,625,
48070,4808,2386,2422,8412,4090,4322,9614,4650,4964,8412,4009,4403,4807,2301,2506,1202,577,625,
48075,4808,2386,2422,8413,4091,4322,9615,4651,4964,8413,4009,4404,4808,2302,2506,1202,577,625,
48080,4808,2386,2422,8414,4091,4323,9616,4651,4965,8414,4009,4405,4808,2302,2506,1202,577,625,
48085,4808,2386,2422,8415,4092,4323,9616,4651,4965,8414,4009,4405,4808,2302,2506,1202,577,625,
48090,4809,2387,2422,8416,4092,4324,9618,4652,4966,8415,4010,4405,4808,2302,2506,1202,577,625,
48095,4810,2388,2422,8416,4092,4324,9618,4652,4966,8416,4011,4405,4808,2302,2506,1202,577,625,
48100,4811,2388,2423,8418,4094,4324,9621,4653,4968,8417,4011,4406,4809,2302,2507,1202,577,625,
48105,4811,2388,2423,8419,4095,4324,9621,4653,4968,8418,4011,4407,4809,2302,2507,1203,578,625,
48110,4812,2389,2423,8419,4095,4324,9622,4653,4969,8419,4012,4407,4811,2304,2507,1203,578,625,
48115,4812,2389,2423,8420,4095,4325,9623,4653,4970,8420,4013,4407,4812,2304,2508,1203,578,625,
48120,4812,2389,2423,8421,4096,4325,9624,4653,4971,8421,4014,4407,4812,2304,2508,1203,578,625,
48125,4812,2389,2423,8422,4097,4325,9624,4653,4971,8421,4014,4407,4812,2304,2508,1203,578,625,
48130,4813,2390,2423,8423,4098,4325,9626,4654,4972,8422,4014,4408,4812,2304,2508,1203,578,625,
48135,4814,2390,2424,8423,4098,4325,9626,4654,4972,8423,4015,4408,4812,2304,2508,1203,578,625,
48140,4815,2390,2425,8425,4100,4325,9629,4656,4973,8424,4016,4408,4813,2305,2508,1203,578,625,
48145,4815,2390,2425,8426,4100,4326,9629,4656,4973,8425,4016,4409,4813,2305,2508,1204,579,625,
48150,4816,2391,2425,8426,4100,4326,9630,4657,4973,8426,4016,4410,4815,2306,2509,1204,579,625,
48155,4816,2391,2425,8427,4100,4327,9631,4657,4974,8427,4017,4410,4816,2307,2509,1204,579,625,
48160,4816,2391,2425,8428,4101,4327,9632,4658,4974,8428,4018,4410,4816,2307,2509,1204,579,625,
48165,4816,2391,2425,8429,4101,4328,9632,4658,4974,8428,4018,4410,4816,2307,2509,1204,579,625,
48170,4817,2391,2426,8430,4101,4329,9634,4658,4976,8429,4019,4410,4816,2307,2509,1204,579,625,
48175,4818,2392,2426,8430,4101,4329,9634,4658,4976,8430,4019,4411,4816,2307,2509,1204,579,625,
48180,4819,2392,2427,8432,4103,4329,9637,4660,4977,8431,4020,4411,4817,2307,2510,1204,579,625,
48185,4819,2392,2427,8433,4104,4329,9637,4660,4977,8432,4021,4411,4817,2307,2510,1205,580,625,
48190,4820,2392,2428,8433,4104,4329,9638,4660,4978,8433,4022,4411,4819,2309,2510,1205,580,625,
48195,4820,2392,2428,8434,4105,4329,9639,4661,4978,8434,4022,4412,4820,2310,2510,1205,580,625,
48200,4820,2392,2428,8435,4106,4329,9640,4661,4979,8435,4023,4412,4820,2310,2510,1205,580,625,
48205,4820,2392,2428,8436,4106,4330,9640,4661,4979,8435,4023,4412,4820,2310,2510,1205,580,625,
48210,4821,2392,2429,8437,4107,4330,9642,4662,4980,8436,4024,4412,4820,2310,2510,1205,580,625,
48215,4822,2393,2429,8437,4107,4330,9642,4662,4980,8437,4025,4412,4820,2310,2510,1205,580,625,
48220,4823,2394,2429,8439,4108,4331,9645,4663,4982,8438,4026,4412,4821,2310,2511,1205,580,625,
48225,4823,2394,2429,8440,4109,4331,9645,4663,4982,8439,4027,4412,4821,2310,2511,1206,580,626,
48230,4824,2394,2430,8440,4109,4331,9646,4663,4983,8440,4028,4412,4823,2312,2511,1206,580,626,
48235,4824,2394,2430,8441,4110,4331,9647,4664,4983,8441,4029,4412,4824,2312,2512,1206,580,626,
48240,4824,2394,2430,8442,4111,4331,9648,4665,4983,8442,4029,4413,4824,2312,2512,1206,580,626,
48245,4824,2394,2430,8443,4111,4332,9648,4665,4983,8442,4029,4413,4824,2312,2512,1206,580,626,
48250,4825,2394,2431,8444,4112,4332,9650,4665,4985,8443,4029,4414,4824,2312,2512,1206,580,626,
48255,4826,2395,2431,8444,4112,4332,9650,4665,4985,8444,4029,4415,4824,2312,2512,1206,580,626,
48260,4827,2395,2432,8446,4114,4332,9653,4667,4986,8445,4030,4415,4825,2313,2512,1206,580,626,
48265,4827,2395,2432,8447,4115,4332,9653,4667,4986,8446,4030,4416,4825,2313,2512,1207,580,627,
48270,4828,2395,2433,8447,4115,4332,9654,4667,4987,8447,4031,4416,4827,2314,2513,1207,580,627,
48275,4828,2395,2433,8448,4116,4332,9655,4668,4987,8448,4032,4416,4828,2314,2514,1207,580,627,
48280,4828,2395,2433,8449,4116,4333,9656,4669,4987,8449,4032,4417,4828,2314,2514,1207,580,627,
48285,4828,2395,2433,8450,4116,4334,9656,4669,4987,8449,4032,4417,4828,2314,2514,1207,580,627,
48290,4829,2395,2434,8451,4117,4334,9658,4670,4988,8450,4032,4418,4828,2314,2514,1207,580,627,
48295,4830,2395,2435,8451,4117,4334,9658,4670,4988,8451,4033,4418,4828,2314,2514,1207,580,627,
48300,4831,2395,2436,8453,4119,4334,9661,4672,4989,8452,4034,4418,4829,2314,2515,1207,580,627,
48305,4831,2395,2436,8454,4119,4335,9661,4672,4989,8453,4035,4418,4829,2314,2515,1208,581,627,
48310,4832,2396,2436,8454,4119,4335,9662,4672,4990,8454,4036,4418,4831,2314,2517,1208,581,627,
48315,4832,2396,2436,8455,4119,4336,9663,4672,4991,8455,4037,4418,4832,2315,2517,1208,581,627,
48320,4832,2396,2436,8456,4119,4337,9664,4672,4992,8456,4038,4418,4832,2315,2517,1208,581,627,
48325,4832,2396,2436,8457,4119,4338,9664,4672,4992,8456,4038,4418,4832,2315,2517,1208,581,627,
48330,4833,2397,2436,8458,4120,4338,9666,4674,4992,8457,4038,4419,4832,2315,2517,1208,581,627,
48335,4834,2397,2437,8458,4120,4338,9666,4674,4992,8458,4039,4419,4832,2315,2517,1208,581,627,
48340,4835,2397,2438,8460,4121,4339,9669,4675,4994,8459,4040,4419,4833,2315,2518,1208,581,627,
48345,4835,2397,2438,8461,4121,4340,9669,4675,4994,8460,4040,4420,4833,2315,2518,1209,581,628,
48350,4836,2398,2438,8461,4121,4340,9670,4675,4995,8461,4040,4421,4835,2316,2519,1209,581,628,
48355,4836,2398,2438,8462,4121,4341,9671,4675,4996,8462,4041,4421,4836,2316,2520,1209,581,628,
48360,4836,2398,2438,8463,4121,4342,9672,4676,4996,8463,4041,4422,4836,2316,2520,1209,581,628,
48365,4836,2398,2438,8464,4121,4343,9672,4676,4996,8463,4041,4422,4836,2316,2520,1209,581,628,
48370,4837,2398,2439,8465,4121,4344,9674,4678,4996,8464,4041,4423,4836,2316,2520,1209,581,628,
48375,4838,2398,2440,8465,4121,4344,9674,4678,4996,8465,4041,4424,4836,2316,2520,1209,581,628,
48380,4839,2399,2440,8467,4121,4346,9677,4679,4998,8466,4041,4425,4837,2316,2521,1209,581,628,
48385,4839,2399,2440,8468,4121,4347,9677,4679,4998,8467,4042,4425,4837,2316,2521,1210,581,629,
48390,4840,2399,2441,8468,4121,4347,9678,4679,4999,8468,4043,4425,4839,2316,2523,1210,581,629,
48395,4840,2399,2441,8469,4121,4348,9679,4679,5000,8469,4043,4426,4840,2316,2524,1210,581,629,
48400,4840,2399,2441,8470,4122,4348,9680,4679,5001,8470,4043,4427,4840,2316,2524,1210,581,629,
48405,4840,2399,2441,8471,4122,4349,9680,4679,5001,8470,4043,4427,4840,2316,2524,1210,581,629,
48410,4841,2400,2441,8472,4122,4350,9682,4679,5003,8471,4044,4427,4840,2316,2524,1210,581,629,
48415,4842,2400,2442,8472,4122,4350,9682,4679,5003,8472,4045,4427,4840,2316,2524,1210,581,629,
48420,4843,2400,2443,8474,4124,4350,9685,4680,5005,8473,4045,4428,4841,2317,2524,1210,581,629,
48425,4843,2400,2443,8475,4124,4351,9685,4680,5005,8474,4045,4429,4841,2317,2524,1211,581,630,
48430,4844,2401,2443,8475,4124,4351,9686,4681,5005,8475,4045,4430,4843,2319,2524,1211,581,630,
48435,4844,2401,2443,8476,4124,4352,9687,4682,5005,8476,4045,4431,4844,2320,2524,1211,581,630,
48440,4844,2401,2443,8477,4124,4353,9688,4683,5005,8477,4046,4431,4844,2320,2524,1211,581,630,
48445,4844,2401,2443,8478,4124,4354,9688,4683,5005,8477,4046,4431,4844,2320,2524,1211,581,630,
48450,4845,2402,2443,8479,4125,4354,9690,4685,5005,8478,4046,4432,4844,2320,2524,1211,581,630,
48455,4846,2403,2443,8479,4125,4354,9690,4685,5005,8479,4046,4433,4844,2320,2524,1211,581,630,
48460,4847,2404,2443,8481,4126,4355,9693,4687,5006,8480,4047,4433,4845,2320,2525,1211,581,630,
48465,4847,2404,2443,8482,4127,4355,9693,4687,5006,8481,4048,4433,4845,2320,2525,1212,582,630,
48470,4848,2404,2444,8482,4127,4355,9694,4687,5007,8482,4048,4434,4847,2322,2525,1212,582,630,
48475,4848,2404,2444,8483,4127,4356,9695,4687,5008,8483,4048,4435,4848,2322,2526,1212,582,630,
48480,4848,2404,2444,8484,4128,4356,9696,4688,5008,8484,4048,4436,4848,2322,2526,1212,582,630,
48485,4848,2404,2444,8485,4129,4356,9696,4688,5008,8484,4048,4436,4848,2322,2526,1212,582,630,
48490,4849,2404,2445,8486,4130,4356,9698,4689,5009,8485,4049,4436,4848,2322,2526,1212,582,630,
48495,4850,2405,2445,8486,4130,4356,9698,4689,5009,8486,4050,4436,4848,2322,2526,1212,582,630,
48500,4851,2406,2445,8488,4131,4357,9701,4690,5011,8487,4051,4436,4849,2322,2527,1212,582,630,
48505,4851,2406,2445,8489,4132,4357,9701,4690,5011,8488,4052,4436,4849,2322,2527,1213,583,630,
48510,4852,2407,2445,8489,4132,4357,9702,4691,5011,8489,4052,4437,4851,2323,2528,1213,583,630,
48515,4852,2407,2445,8490,4132,4358,9703,4691,5012,8490,4052,4438,4852,2324,2528,1213,583,630,
48520,4852,2407,2445,8491,4132,4359,9704,4692,5012,8491,4052,4439,4852,2324,2528,1213,583,630,
48525,4852,2407,2445,8492,4133,4359,9704,4692,5012,8491,4052,4439,4852,2324,2528,1213,583,630,
48530,4853,2407,2446,8493,4134,4359,9706,4694,5012,8492,4052,4440,4852,2324,2528,1213,583,630,
48535,4854,2407,2447,8493,4134,4359,9706,4694,5012,8493,4052,4441,4852,2324,2528,1213,583,630,
48540,4855,2407,2448,8495,4135,4360,9709,4695,5014,8494,4053,4441,4853,2324,2529,1213,583,630,
48545,4855,2407,2448,8496,4136,4360,9709,4695,5014,8495,4054,4441,4853,2324,2529,1214,583,631,
48550,4856,2407,2449,8496,4136,4360,9710,4696,5014,8496,4054,4442,4855,2324,2531,1214,583,631,
48555,4856,2407,2449,8497,4136,4361,9711,4697,5014,8497,4055,4442,4856,2325,2531,1214,583,631,
48560,4856,2407,2449,8498,4136,4362,9712,4697,5015,8498,4056,4442,4856,2325,2531,1214,583,631,
48565,4856,2407,2449,8499,4137,4362,9712,4697,5015,8498,4056,4442,4856,2325,2531,1214,583,631,
48570,4857,2407,2450,8500,4138,4362,9714,4698,5016,8499,4056,4443,4856,2325,2531,1214,583,631,
48575,4858,2407,2451,8500,4138,4362,9714,4698,5016,8500,4056,4444,4856,2325,2531,1214,583,631,
48580,4859,2407,2452,8502,4138,4364,9717,4699,5018,8501,4056,4445,4857,2326,2531,1214,583,631,
48585,4859,2407,2452,8503,4138,4365,9717,4699,5018,8502,4057,4445,4857,2326,2531,1215,584,631,
48590,4860,2407,2453,8503,4138,4365,9718,4700,5018,8503,4058,4445,4859,2327,2532,1215,584,631,
48595,4860,2407,2453,8504,4139,4365,9719,4700,5019,8504,4059,4445,4860,2328,2532,1215,584,631,
48600,4860,2407,2453,8505,4140,4365,9720,4701,5019,8505,4060,4445,4860,2328,2532,1215,584,631,
48605,4860,2407,2453,8506,4140,4366,9720,4701,5019,8505,4060,4445,4860,2328,2532,1215,584,631,
48610,4861,2407,2454,8507,4141,4366,9722,4701,5021,8506,4060,4446,4860,2328,2532,1215,584,631,
48615,4862,2407,2455,8507,4141,4366,9722,4701,5021,8507,4061,4446,4860,2328,2532,1215,584,631,
48620,4863,2408,2455,8509,4143,4366,9725,4703,5022,8508,4061,4447,4861,2328,2533,1215,584,631,
48625,4863,2408,2455,8510,4143,4367,9725,4703,5022,8509,4061,4448,4861,2328,2533,1216,584,632,
48630,4864,2409,2455,8510,4143,4367,9726,4704,5022,8510,4062,4448,4863,2329,2534,1216,584,632,
48635,4864,2409,2455,8511,4143,4368,9727,4705,5022,8511,4063,4448,4864,2329,2535,1216,584,632,
48640,4864,2409,2455,8512,4143,4369,9728,4705,5023,8512,4063,4449,4864,2329,2535,1216,584,632,
48645,4864,2409,2455,8513,4144,4369,9728,4705,5023,8512,4063,4449,4864,2329,2535,1216,584,632,
48650,4865,2409,2456,8514,4144,4370,9730,4707,5023,8513,4063,4450,4864,2329,2535,1216,584,632,
48655,4866,2409,2457,8514,4144,4370,9730,4707,5023,8514,4063,4451,4864,2329,2535,1216,584,632,
48660,4867,2409,2458,8516,4145,4371,9733,4708,5025,8515,4063,4452,4865,2330,2535,1216,584,632,
48665,4867,2409,2458,8517,4146,4371,9733,4708,5025,8516,4063,4453,4865,2330,2535,1217,584,633,
48670,4868,2410,2458,8517,4146,4371,9734,4708,5026,8517,4063,4454,4867,2331,2536,1217,584,633,
48675,4868,2410,2458,8518,4147,4371,9735,4709,5026,8518,4064,4454,4868,2331,2537,1217,584,633,
48680,4868,2410,2458,8519,4148,4371,9736,4710,5026,8519,4064,4455,4868,2331,2537,1217,584,633,
48685,4868,2410,2458,8520,4149,4371,9736,4710,5026,8519,4064,4455,4868,2331,2537,1217,584,633,
48690,4869,2410,2459,8521,4149,4372,9738,4711,5027,8520,4065,4455,4868,2331,2537,1217,584,633,
48695,4870,2411,2459,8521,4149,4372,9738,4711,5027,8521,4066,4455,4868,2331,2537,1217,584,633,
48700,4871,2412,2459,8523,4151,4372,9741,4713,5028,8522,4066,4456,4869,2331,2538,1217,584,633,
48705,4871,2412,2459,8524,4152,4372,9741,4713,5028,8523,4066,4457,4869,2331,2538,1218,584,634,
48710,4872,2413,2459,8524,4152,4372,9742,4713,5029,8524,4067,4457,4871,2332,2539,1218,584,634,
48715,4872,2413,2459,8525,4153,4372,9743,4713,5030,8525,4068,4457,4872,2332,2540,1218,584,634,
48720,4872,2413,2459,8526,4153,4373,9744,4714,5030,8526,4068,4458,4872,2332,2540,1218,584,634,
48725,4872,2413,2459,8527,4154,4373,9744,4714,5030,8526,4068,4458,4872,2332,2540,1218,584,634,
48730,4873,2413,2460,8528,4155,4373,9746,4714,5032,8527,4068,4459,4872,2332,2540,1218,584,634,
48735,4874,2413,2461,8528,4155,4373,9746,4714,5032,8528,4069,4459,4872,2332,2540,1218,584,634,
48740,4875,2414,2461,8530,4156,4374,9749,4716,5033,8529,4070,4459,4873,2332,2541,1218,584,634,
48745,4875,2414,2461,8531,4157,4374,9749,4716,5033,8530,4071,4459,4873,2332,2541,1219,585,634,
48750,4876,2414,2462,8531,4157,4374,9750,4717,5033,8531,4071,4460,4875,2334,2541,1219,585,634,
48755,4876,2414,2462,8532,4157,4375,9751,4718,5033,8532,4072,4460,4876,2334,2542,1219,585,634,
48760,4876,2414,2462,8533,4157,4376,9752,4718,5034,8533,4072,4461,4876,2334,2542,1219,585,634,
48765,4876,2414,2462,8534,4158,4376,9752,4718,5034,8533,4072,4461,4876,2334,2542,1219,585,634,
48770,4877,2415,2462,8535,4158,4377,9754,4719,5035,8534,4073,4461,4876,2334,2542,1219,585,634,
48775,4878,2415,2463,8535,4158,4377,9754,4719,5035,8535,4073,4462,4876,2334,2542,1219,585,634,
48780,4879,2415,2464,8537,4159,4378,9757,4721,5036,8536,4073,4463,4877,2335,2542,1219,585,634,
48785,4879,2415,2464,8538,4160,4378,9757,4721,5036,8537,4073,4464,4877,2335,2542,1220,585,635,
48790,4880,2416,2464,8538,4160,4378,9758,4722,5036,8538,4073,4465,4879,2336,2543,1220,585,635,
48795,4880,2416,2464,8539,4160,4379,9759,4722,5037,8539,4073,4466,4880,2336,2544,1220,585,635,
48800,4880,2416,2464,8540,4160,4380,9760,4723,5037,8540,4073,4467,4880,2336,2544,1220,585,635,
48805,4880,2416,2464,8541,4161,4380,9760,4723,5037,8540,4073,4467,4880,2336,2544,1220,585,635,
48810,4881,2416,2465,8542,4162,4380,9762,4724,5038,8541,4074,4467,4880,2336,2544,1220,585,635,
48815,4882,2417,2465,8542,4162,4380,9762,4724,5038,8542,4074,4468,4880,2336,2544,1220,585,635,
48820,4883,2418,2465,8544,4163,4381,9765,4726,5039,8543,4075,4468,4881,2337,2544,1220,585,635,
48825,4883,2418,2465,8545,4164,4381,9765,4726,5039,8544,4075,4469,4881,2337,2544,1221,585,636,
48830,4884,2419,2465,8545,4164,4381,9766,4726,5040,8545,4076,4469,4883,2337,2546,1221,585,636,
48835,4884,2419,2465,8546,4164,4382,9767,4727,5040,8546,4076,4470,4884,2337,2547,1221,585,636,
48840,4884,2419,2465,8547,4165,4382,9768,4728,5040,8547,4076,4471,4884,2337,2547,1221,585,636,
48845,4884,2419,2465,8548,4165,4383,9768,4728,5040,8547,4076,4471,4884,2337,2547,1221,585,636,
48850,4885,2419,2466,8549,4165,4384,9770,4730,5040,8548,4077,4471,4884,2337,2547,1221,585,636,
48855,4886,2419,2467,8549,4165,4384,9770,4730,5040,8549,4078,4471,4884,2337,2547,1221,585,636,
48860,4887,2419,2468,8551,4165,4386,9773,4731,5042,8550,4078,4472,4885,2338,2547,1221,585,636,
48865,4887,2419,2468,8552,4166,4386,9773,4731,5042,8551,4078,4473,4885,2338,2547,1222,586,636,
48870,4888,2420,2468,8552,4166,4386,9774,4731,5043,8552,4079,4473,4887,2339,2548,1222,586,636,
48875,4888,2420,2468,8553,4166,4387,9775,4731,5044,8553,4080,4473,4888,2339,2549,1222,586,636,
48880,4888,2420,2468,8554,4167,4387,9776,4732,5044,8554,4081,4473,4888,2339,2549,1222,586,636,
48885,4888,2420,2468,8555,4167,4388,9776,4732,5044,8554,4081,4473,4888,2339,2549,1222,586,636,
48890,4889,2420,2469,8556,4167,4389,9778,4733,5045,8555,4082,4473,4888,2339,2549,1222,586,636,
48895,4890,2420,2470,8556,4167,4389,9778,4733,5045,8556,4082,4474,4888,2339,2549,1222,586,636,
48900,4891,2421,2470,8558,4167,4391,9781,4735,5046,8557,4082,4475,4889,2340,2549,1222,586,636,
48905,4891,2421,2470,8559,4167,4392,9781,4735,5046,8558,4083,4475,4889,2340,2549,1223,587,636,
48910,4892,2421,2471,8559,4167,4392,9782,4736,5046,8559,4083,4476,4891,2340,2551,1223,587,636,
48915,4892,2421,2471,8560,4168,4392,9783,4737,5046,8560,4084,4476,4892,2340,2552,1223,587,636,
48920,4892,2421,2471,8561,4168,4393,9784,4738,5046,8561,4085,4476,4892,2340,2552,1223,587,636,
48925,4892,2421,2471,8562,4169,4393,9784,4738,5046,8561,4085,4476,4892,2340,2552,1223,587,636,
48930,4893,2422,2471,8563,4169,4394,9786,4739,5047,8562,4085,4477,4892,2340,2552,1223,587,636,
48935,4894,2422,2472,8563,4169,4394,9786,4739,5047,8563,4085,4478,4892,2340,2552,1223,587,636,
48940,4895,2423,2472,8565,4171,4394,9789,4741,5048,8564,4085,4479,4893,2341,2552,1223,587,636,
48945,4895,2423,2472,8566,4171,4395,9789,4741,5048,8565,4085,4480,4893,2341,2552,1224,587,637,
48950,4896,2424,2472,8566,4171,4395,9790,4741,5049,8566,4085,4481,4895,2342,2553,1224,587,637,
48955,4896,2424,2472,8567,4172,4395,9791,4741,5050,8567,4086,4481,4896,2343,2553,1224,587,637,
48960,4896,2424,2472,8568,4173,4395,9792,4741,5051,8568,4086,4482,4896,2343,2553,1224,587,637,
48965,4896,2424,2472,8569,4174,4395,9792,4741,5051,8568,4086,4482,4896,2343,2553,1224,587,637,
48970,4897,2424,2473,8570,4174,4396,9794,4741,5053,8569,4087,4482,4896,2343,2553,1224,587,637,
48975,4898,2425,2473,8570,4174,4396,9794,4741,5053,8570,4087,4483,4896,2343,2553,1224,587,637,
48980,4899,2425,2474,8572,4175,4397,9797,4743,5054,8571,4087,4484,4897,2344,2553,1224,587,637,
48985,4899,2425,2474,8573,4176,4397,9797,4743,5054,8572,4087,4485,4897,2344,2553,1225,588,637,
48990,4900,2426,2474,8573,4176,4397,9798,4744,5054,8573,4087,4486,4899,2344,2555,1225,588,637,
48995,4900,2426,2474,8574,4176,4398,9799,4744,5055,8574,4088,4486,4900,2345,2555,1225,588,637,
49000,4900,2426,2474,8575,4177,4398,9800,4744,5056,8575,4088,4487,4900,2345,2555,1225,588,637,
49005,4900,2426,2474,8576,4178,4398,9800,4744,5056,8575,4088,4487,4900,2345,2555,1225,588,637,
49010,4901,2426,2475,8577,4178,4399,9802,4745,5057,8576,4089,4487,4900,2345,2555,1225,588,637,
49015,4902,2426,2476,8577,4178,4399,9802,4745,5057,8577,4089,4488,4900,2345,2555,1225,588,637,
49020,4903,2427,2476,8579,4179,4400,9805,4748,5057,8578,4090,4488,4901,2346,2555,1225,588,637,
49025,4903,2427,2476,8580,4179,4401,9805,4748,5057,8579,4090,4489,4901,2346,2555,1226,588,638,
49030,4904,2428,2476,8580,4179,4401,9806,4749,5057,8580,4090,4490,4903,2347,2556,1226,588,638,
49035,4904,2428,2476,8581,4179,4402,9807,4750,5057,8581,4090,4491,4904,2348,2556,1226,588,638,
49040,4904,2428,2476,8582,4180,4402,9808,4750,5058,8582,4090,4492,4904,2348,2556,1226,588,638,
49045,4904,2428,2476,8583,4181,4402,9808,4750,5058,8582,4090,4492,4904,2348,2556,1226,588,638,
49050,4905,2428,2477,8584,4182,4402,9810,4750,5060,8583,4091,4492,4904,2348,2556,1226,588,638,
49055,4906,2429,2477,8584,4182,4402,9810,4750,5060,8584,4091,4493,4904,2348,2556,1226,588,638,
49060,4907,2430,2477,8586,4183,4403,9813,4751,5062,8585,4091,4494,4905,2349,2556,1226,588,638,
49065,4907,2430,2477,8587,4184,4403,9813,4751,5062,8586,4092,4494,4905,2349,2556,1227,589,638,
49070,4908,2431,2477,8587,4184,4403,9814,4752,5062,8587,4093,4494,4907,2351,2556,1227,589,638,
49075,4908,2431,2477,8588,4184,4404,9815,4753,5062,8588,4093,4495,4908,2351,2557,1227,589,638,
49080,4908,2431,2477,8589,4185,4404,9816,4754,5062,8589,4094,4495,4908,2351,2557,1227,589,638,
49085,4908,2431,2477,8590,4185,4405,9816,4754,5062,8589,4094,4495,4908,2351,2557,1227,589,638,
49090,4909,2432,2477,8591,4186,4405,9818,4756,5062,8590,4094,4496,4908,2351,2557,1227,589,638,
49095,4910,2433,2477,8591,4186,4405,9818,4756,5062,8591,4094,4497,4908,2351,2557,1227,589,638,
49100,4911,2433,2478,8593,4187,4406,9821,4756,5065,8592,4094,4498,4909,2352,2557,1227,589,638,
49105,4911,2433,2478,8594,4188,4406,9821,4756,5065,8593,4095,4498,4909,2352,2557,1228,590,638,
49110,4912,2434,2478,8594,4188,4406,9822,4756,5066,8594,4095,4499,4911,2354,2557,1228,590,638,
49115,4912,2434,2478,8595,4189,4406,9823,4757,5066,8595,4095,4500,4912,2354,2558,1228,590,638,
49120,4912,2434,2478,8596,4189,4407,9824,4757,5067,8596,4095,4501,4912,2354,2558,1228,590,638,
49125,4912,2434,2478,8597,4189,4408,9824,4757,5067,8596,4095,4501,4912,2354,2558,1228,590,638,
49130,4913,2434,2479,8598,4190,4408,9826,4758,5068,8597,4095,4502,4912,2354,2558,1228,590,638,
49135,4914,2435,2479,8598,4190,4408,9826,4758,5068,8598,4096,4502,4912,2354,2558,1228,590,638,
49140,4915,2436,2479,8600,4192,4408,9829,4760,5069,8599,4097,4502,4913,2354,2559,1228,590,638,
49145,4915,2436,2479,8601,4193,4408,9829,4760,5069,8600,4098,4502,4913,2354,2559,1229,591,638,
49150,4916,2437,2479,8601,4193,4408,9830,4760,5070,8601,4098,4503,4915,2354,2561,1229,591,638,
49155,4916,2437,2479,8602,4193,4409,9831,4761,5070,8602,4099,4503,4916,2354,2562,1229,591,638,
49160,4916,2437,2479,8603,4193,4410,9832,4762,5070,8603,4099,4504,4916,2354,2562,1229,591,638,
49165,4916,2437,2479,8604,4193,4411,9832,4762,5070,8603,4099,4504,4916,2354,2562,1229,591,638,
49170,4917,2437,2480,8605,4194,4411,9834,4763,5071,8604,4100,4504,4916,2354,2562,1229,591,638,
49175,4918,2437,2481,8605,4194,4411,9834,4763,5071,8605,4101,4504,4916,2354,2562,1229,591,638,
49180,4919,2438,2481,8607,4195,4412,9837,4765,5072,8606,4102,4504,4917,2355,2562,1229,591,638,
49185,4919,2438,2481,8608,4196,4412,9837,4765,5072,8607,4102,4505,4917,2355,2562,1230,591,639,
49190,4920,2439,2481,8608,4196,4412,9838,4766,5072,8608,4102,4506,4919,2356,2563,1230,591,639,
49195,4920,2439,2481,8609,4196,4413,9839,4767,5072,8609,4103,4506,4920,2356,2564,1230,591,639,
49200,4920,2439,2481,8610,4197,4413,9840,4767,5073,8610,4103,4507,4920,2356,2564,1230,591,639,
49205,4920,2439,2481,8611,4197,4414,9840,4767,5073,8610,4103,4507,4920,2356,2564,1230,591,639,
49210,4921,2439,2482,8612,4197,4415,9842,4768,5074,8611,4104,4507,4920,2356,2564,1230,591,639,
49215,4922,2440,2482,8612,4197,4415,9842,4768,5074,8612,4104,4508,4920,2356,2564,1230,591,639,
49220,4923,2441,2482,8614,4198,4416,9845,4768,5077,8613,4105,4508,4921,2357,2564,1230,591,639,
49225,4923,2441,2482,8615,4198,4417,9845,4768,5077,8614,4106,4508,4921,2357,2564,1231,592,639,
49230,4924,2441,2483,8615,4198,4417,9846,4768,5078,8615,4106,4509,4923,2358,2565,1231,592,639,
49235,4924,2441,2483,8616,4198,4418,9847,4769,5078,8616,4106,4510,4924,2359,2565,1231,592,639,
49240,4924,2441,2483,8617,4199,4418,9848,4769,5079,8617,4107,4510,4924,2359,2565,1231,592,639,
49245,4924,2441,2483,8618,4200,4418,9848,4769,5079,8617,4107,4510,4924,2359,2565,1231,592,639,
49250,4925,2442,2483,8619,4200,4419,9850,4771,5079,8618,4108,4510,4924,2359,2565,1231,592,639,
49255,4926,2443,2483,8619,4200,4419,9850,4771,5079,8619,4108,4511,4924,2359,2565,1231,592,639,
49260,4927,2444,2483,8621,4201,4420,9853,4772,5081,8620,4109,4511,4925,2359,2566,1231,592,639,
49265,4927,2444,2483,8622,4201,4421,9853,4772,5081,8621,4109,4512,4925,2359,2566,1232,592,640,
49270,4928,2445,2483,8622,4201,4421,9854,4773,5081,8622,4110,4512,4927,2360,2567,1232,592,640,
49275,4928,2445,2483,8623,4201,4422,9855,4773,5082,8623,4110,4513,4928,2360,2568,1232,592,640,
49280,4928,2445,2483,8624,4202,4422,9856,4773,5083,8624,4110,4514,4928,2360,2568,1232,592,640,
49285,4928,2445,2483,8625,4203,4422,9856,4773,5083,8624,4110,4514,4928,2360,2568,1232,592,640,
49290,4929,2445,2484,8626,4203,4423,9858,4774,5084,8625,4110,4515,4928,2360,2568,1232,592,640,
49295,4930,2445,2485,8626,4203,4423,9858,4774,5084,8626,4111,4515,4928,2360,2568,1232,592,640,
49300,4931,2446,2485,8628,4204,4424,9861,4776,5085,8627,4111,4516,4929,2360,2569,1232,592,640,
49305,4931,2446,2485,8629,4204,4425,9861,4776,5085,8628,4111,4517,4929,2360,2569,1233,593,640,
49310,4932,2446,2486,8629,4204,4425,9862,4777,5085,8629,4112,4517,4931,2360,2571,1233,593,640,
49315,4932,2446,2486,8630,4205,4425,9863,4777,5086,8630,4112,4518,4932,2360,2572,1233,593,640,
49320,4932,2446,2486,8631,4206,4425,9864,4777,5087,8631,4113,4518,4932,2360,2572,1233,593,640,
49325,4932,2446,2486,8632,4206,4426,9864,4777,5087,8631,4113,4518,4932,2360,2572,1233,593,640,
49330,4933,2447,2486,8633,4207,4426,9866,4777,5089,8632,4114,4518,4932,2360,2572,1233,593,640,
49335,4934,2447,2487,8633,4207,4426,9866,4777,5089,8633,4114,4519,4932,2360,2572,1233,593,640,
49340,4935,2448,2487,8635,4209,4426,9869,4778,5091,8634,4115,4519,4933,2360,2573,1233,593,640,
49345,4935,2448,2487,8636,4210,4426,9869,4778,5091,8635,4115,4520,4933,2360,2573,1234,594,640,
49350,4936,2448,2488,8636,4210,4426,9870,4779,5091,8636,4115,4521,4935,2361,2574,1234,594,640,
49355,4936,2448,2488,8637,4210,4427,9871,4780,5091,8637,4115,4522,4936,2361,2575,1234,594,640,
49360,4936,2448,2488,8638,4211,4427,9872,4781,5091,8638,4116,4522,4936,2361,2575,1234,594,640,
49365,4936,2448,2488,8639,4212,4427,9872,4781,5091,8638,4116,4522,4936,2361,2575,1234,594,640,
49370,4937,2449,2488,8640,4213,4427,9874,4781,5093,8639,4117,4522,4936,2361,2575,1234,594,640,
49375,4938,2450,2488,8640,4213,4427,9874,4781,5093,8640,4117,4523,4936,2361,2575,1234,594,640,
49380,4939,2450,2489,8642,4214,4428,9877,4782,5095,8641,4117,4524,4937,2361,2576,1234,594,640,
49385,4939,2450,2489,8643,4214,4429,9877,4782,5095,8642,4118,4524,4937,2361,2576,1235,594,641,
49390,4940,2451,2489,8643,4214,4429,9878,4783,5095,8643,4119,4524,4939,2362,2577,1235,594,641,
49395,4940,2451,2489,8644,4215,4429,9879,4784,5095,8644,4120,4524,4940,2362,2578,1235,594,641,
49400,4940,2451,2489,8645,4215,4430,9880,4784,5096,8645,4120,4525,4940,2362,2578,1235,594,641,
49405,4940,2451,2489,8646,4216,4430,9880,4784,5096,8645,4120,4525,4940,2362,2578,1235,594,641,
49410,4941,2452,2489,8647,4216,4431,9882,4784,5098,8646,4120,4526,4940,2362,2578,1235,594,641,
49415,4942,2452,2490,8647,4216,4431,9882,4784,5098,8647,4120,4527,4940,2362,2578,1235,594,641,
49420,4943,2452,2491,8649,4217,4432,9885,4786,5099,8648,4121,4527,4941,2363,2578,1235,594,641,
49425,4943,2452,2491,8650,4217,4433,9885,4786,5099,8649,4121,4528,4941,2363,2578,1236,594,642,
49430,4944,2453,2491,8650,4217,4433,9886,4787,5099,8650,4121,4529,4943,2363,2580,1236,594,642,
49435,4944,2453,2491,8651,4218,4433,9887,4788,5099,8651,4122,4529,4944,2364,2580,1236,594,642,
49440,4944,2453,2491,8652,4218,4434,9888,4788,5100,8652,4122,4530,4944,2364,2580,1236,594,642,
49445,4944,2453,2491,8653,4218,4435,9888,4788,5100,8652,4122,4530,4944,2364,2580,1236,594,642,
49450,4945,2453,2492,8654,4219,4435,9890,4790,5100,8653,4123,4530,4944,2364,2580,1236,594,642,
49455,4946,2454,2492,8654,4219,4435,9890,4790,5100,8654,4123,4531,4944,2364,2580,1236,594,642,
49460,4947,2454,2493,8656,4220,4436,9893,4790,5103,8655,4124,4531,4945,2365,2580,1236,594,642,
49465,4947,2454,2493,8657,4221,4436,9893,4790,5103,8656,4124,4532,4945,2365,2580,1237,594,643,
49470,4948,2455,2493,8657,4221,4436,9894,4791,5103,8657,4124,4533,4947,2366,2581,1237,594,643,
49475,4948,2455,2493,8658,4221,4437,9895,4792,5103,8658,4125,4533,4948,2366,2582,1237,594,643,
49480,4948,2455,2493,8659,4222,4437,9896,4792,5104,8659,4126,4533,4948,2366,2582,1237,594,643,
49485,4948,2455,2493,8660,4222,4438,9896,4792,5104,8659,4126,4533,4948,2366,2582,1237,594,643,
49490,4949,2456,2493,8661,4222,4439,9898,4793,5105,8660,4126,4534,4948,2366,2582,1237,594,643,
49495,4950,2456,2494,8661,4222,4439,9898,4793,5105,8661,4127,4534,4948,2366,2582,1237,594,643,
49500,4951,2456,2495,8663,4224,4439,9901,4794,5107,8662,4127,4535,4949,2366,2583,1237,594,643,
49505,4951,2456,2495,8664,4225,4439,9901,4794,5107,8663,4127,4536,4949,2366,2583,1238,595,643,
49510,4952,2456,2496,8664,4225,4439,9902,4795,5107,8664,4127,4537,4951,2367,2584,1238,595,643,
49515,4952,2456,2496,8665,4225,4440,9903,4795,5108,8665,4128,4537,4952,2368,2584,1238,595,643,
49520,4952,2456,2496,8666,4226,4440,9904,4795,5109,8666,4129,4537,4952,2368,2584,1238,595,643,
49525,4952,2456,2496,8667,4227,4440,9904,4795,5109,8666,4129,4537,4952,2368,2584,1238,595,643,
49530,4953,2457,2496,8668,4227,4441,9906,4796,5110,8667,4129,4538,4952,2368,2584,1238,595,643,
49535,4954,2457,2497,8668,4227,4441,9906,4796,5110,8668,4130,4538,4952,2368,2584,1238,595,643,
49540,4955,2457,2498,8670,4228,4442,9909,4798,5111,8669,4130,4539,4953,2369,2584,1238,595,643,
49545,4955,2457,2498,8671,4228,4443,9909,4798,5111,8670,4130,4540,4953,2369,2584,1239,596,643,
49550,4956,2458,2498,8671,4228,4443,9910,4798,5112,8671,4131,4540,4955,2370,2585,1239,596,643,
49555,4956,2458,2498,8672,4228,4444,9911,4798,5113,8672,4131,4541,4956,2370,2586,1239,596,643,
49560,4956,2458,2498,8673,4229,4444,9912,4799,5113,8673,4132,4541,4956,2370,2586,1239,596,643,
49565,4956,2458,2498,8674,4229,4445,9912,4799,5113,8673,4132,4541,4956,2370,2586,1239,596,643,
49570,4957,2459,2498,8675,4230,4445,9914,4799,5115,8674,4132,4542,4956,2370,2586,1239,596,643,
49575,4958,2459,2499,8675,4230,4445,9914,4799,5115,8675,4133,4542,4956,2370,2586,1239,596,643,
49580,4959,2459,2500,8677,4231,4446,9917,4801,5116,8676,4133,4543,4957,2371,2586,1239,596,643,
49585,4959,2459,2500,8678,4232,4446,9917,4801,5116,8677,4133,4544,4957,2371,2586,1240,596,644,
49590,4960,2460,2500,8678,4232,4446,9918,4801,5117,8678,4133,4545,4959,2372,2587,1240,596,644,
49595,4960,2460,2500,8679,4232,4447,9919,4801,5118,8679,4134,4545,4960,2372,2588,1240,596,644,
49600,4960,2460,2500,8680,4233,4447,9920,4802,5118,8680,4134,4546,4960,2372,2588,1240,596,644,
49605,4960,2460,2500,8681,4234,4447,9920,4802,5118,8680,4134,4546,4960,2372,2588,1240,596,644,
49610,4961,2461,2500,8682,4235,4447,9922,4803,5119,8681,4135,4546,4960,2372,2588,1240,596,644,
49615,4962,2462,2500,8682,4235,4447,9922,4803,5119,8682,4136,4546,4960,2372,2588,1240,596,644,
49620,4963,2463,2500,8684,4237,4447,9925,4804,5121,8683,4136,4547,4961,2372,2589,1240,596,644,
49625,4963,2463,2500,8685,4237,4448,9925,4804,5121,8684,4136,4548,4961,2372,2589,1241,596,645,
49630,4964,2464,2500,8685,4237,4448,9926,4804,5122,8685,4136,4549,4963,2372,2591,1241,596,645,
49635,4964,2464,2500,8686,4237,4449,9927,4805,5122,8686,4136,4550,4964,2372,2592,1241,596,645,
49640,4964,2464,2500,8687,4237,4450,9928,4806,5122,8687,4137,4550,4964,2372,2592,1241,596,645,
49645,4964,2464,2500,8688,4237,4451,9928,4806,5122,8687,4137,4550,4964,2372,2592,1241,596,645,
49650,4965,2464,2501,8689,4237,4452,9930,4806,5124,8688,4137,4551,4964,2372,2592,1241,596,645,
49655,4966,2465,2501,8689,4237,4452,9930,4806,5124,8689,4137,4552,4964,2372,2592,1241,596,645,
49660,4967,2465,2502,8691,4237,4454,9933,4807,5126,8690,4137,4553,4965,2372,2593,1241,596,645,
49665,4967,2465,2502,8692,4237,4455,9933,4807,5126,8691,4137,4554,4965,2372,2593,1242,596,646,
49670,4968,2466,2502,8692,4237,4455,9934,4807,5127,8692,4137,4555,4967,2373,2594,1242,596,646,
49675,4968,2466,2502,8693,4238,4455,9935,4808,5127,8693,4138,4555,4968,2374,2594,1242,596,646,
49680,4968,2466,2502,8694,4239,4455,9936,4808,5128,8694,4138,4556,4968,2374,2594,1242,596,646,
49685,4968,2466,2502,8695,4239,4456,9936,4808,5128,8694,4138,4556,4968,2374,2594,1242,596,646,
49690,4969,2467,2502,8696,4239,4457,9938,4808,5130,8695,4139,4556,4968,2374,2594,1242,596,646,
49695,4970,2468,2502,8696,4239,4457,9938,4808,5130,8696,4140,4556,4968,2374,2594,1242,596,646,
49700,4971,2468,2503,8698,4240,4458,9941,4810,5131,8697,4141,4556,4969,2374,2595,1242,596,646,
49705,4971,2468,2503,8699,4241,4458,9941,4810,5131,8698,4142,4556,4969,2374,2595,1243,596,647,
49710,4972,2468,2504,8699,4241,4458,9942,4811,5131,8699,4143,4556,4971,2375,2596,1243,596,647,
49715,4972,2468,2504,8700,4241,4459,9943,4811,5132,8700,4144,4556,4972,2375,2597,1243,596,647,
49720,4972,2468,2504,8701,4241,4460,9944,4812,5132,8701,4145,4556,4972,2375,2597,1243,596,647,
49725,4972,2468,2504,8702,4241,4461,9944,4812,5132,8701,4145,4556,4972,2375,2597,1243,596,647,
49730,4973,2468,2505,8703,4242,4461,9946,4813,5133,8702,4145,4557,4972,2375,2597,1243,596,647,
49735,4974,2468,2506,8703,4242,4461,9946,4813,5133,8703,4145,4558,4972,2375,2597,1243,596,647,
49740,4975,2468,2507,8705,4244,4461,9949,4814,5135,8704,4145,4559,4973,2375,2598,1243,596,647,
49745,4975,2468,2507,8706,4244,4462,9949,4814,5135,8705,4146,4559,4973,2375,2598,1244,597,647,
49750,4976,2469,2507,8706,4244,4462,9950,4814,5136,8706,4146,4560,4975,2376,2599,1244,597,647,
49755,4976,2469,2507,8707,4244,4463,9951,4814,5137,8707,4147,4560,4976,2377,2599,1244,597,647,
49760,4976,2469,2507,8708,4245,4463,9952,4815,5137,8708,4147,4561,4976,2377,2599,1244,597,647,
49765,4976,2469,2507,8709,4246,4463,9952,4815,5137,8708,4147,4561,4976,2377,2599,1244,597,647,
49770,4977,2470,2507,8710,4247,4463,9954,4816,5138,8709,4147,4562,4976,2377,2599,1244,597,647,
49775,4978,2470,2508,8710,4247,4463,9954,4816,5138,8710,4148,4562,4976,2377,2599,1244,597,647,
49780,4979,2470,2509,8712,4248,4464,9957,4818,5139,8711,4148,4563,4977,2377,2600,1244,597,647,
49785,4979,2470,2509,8713,4248,4465,9957,4818,5139,8712,4149,4563,4977,2377,2600,1245,597,648,
49790,4980,2471,2509,8713,4248,4465,9958,4819,5139,8713,4150,4563,4979,2377,2602,1245,597,648,
49795,4980,2471,2509,8714,4249,4465,9959,4819,5140,8714,4150,4564,4980,2377,2603,1245,597,648,
49800,4980,2471,2509,8715,4250,4465,9960,4819,5141,8715,4151,4564,4980,2377,2603,1245,597,648,
49805,4980,2471,2509,8716,4251,4465,9960,4819,5141,8715,4151,4564,4980,2377,2603,1245,597,648,
49810,4981,2471,2510,8717,4252,4465,9962,4821,5141,8716,4151,4565,4980,2377,2603,1245,597,648,
49815,4982,2472,2510,8717,4252,4465,9962,4821,5141,8717,4151,4566,4980,2377,2603,1245,597,648,
49820,4983,2472,2511,8719,4252,4467,9965,4821,5144,8718,4151,4567,4981,2378,2603,1245,597,648,
49825,4983,2472,2511,8720,4253,4467,9965,4821,5144,8719,4151,4568,4981,2378,2603,1246,598,648,
49830,4984,2473,2511,8720,4253,4467,9966,4821,5145,8720,4151,4569,4983,2379,2604,1246,598,648,
49835,4984,2473,2511,8721,4254,4467,9967,4822,5145,8721,4152,4569,4984,2380,2604,1246,598,648,
49840,4984,2473,2511,8722,4255,4467,9968,4822,5146,8722,4152,4570,4984,2380,2604,1246,598,648,
49845,4984,2473,2511,8723,4255,4468,9968,4822,5146,8722,4152,4570,4984,2380,2604,1246,598,648,
49850,4985,2474,2511,8724,4255,4469,9970,4823,5147,8723,4152,4571,4984,2380,2604,1246,598,648,
49855,4986,2474,2512,8724,4255,4469,9970,4823,5147,8724,4153,4571,4984,2380,2604,1246,598,648,
49860,4987,2474,2513,8726,4256,4470,9973,4825,5148,8725,4153,4572,4985,2381,2604,1246,598,648,
49865,4987,2474,2513,8727,4256,4471,9973,4825,5148,8726,4153,4573,4985,2381,2604,1247,598,649,
49870,4988,2475,2513,8727,4256,4471,9974,4826,5148,8727,4153,4574,4987,2381,2606,1247,598,649,
49875,4988,2475,2513,8728,4257,4471,9975,4827,5148,8728,4153,4575,4988,2382,2606,1247,598,649,
49880,4988,2475,2513,8729,4257,4472,9976,4828,5148,8729,4154,4575,4988,2382,2606,1247,598,649,
49885,4988,2475,2513,8730,4258,4472,9976,4828,5148,8729,4154,4575,4988,2382,2606,1247,598,649,
49890,4989,2476,2513,8731,4258,4473,9978,4828,5150,8730,4155,4575,4988,2382,2606,1247,598,649,
49895,4990,2476,2514,8731,4258,4473,9978,4828,5150,8731,4155,4576,4988,2382,2606,1247,598,649,
49900,4991,2476,2515,8733,4259,4474,9981,4829,5152,8732,4155,4577,4989,2383,2606,1247,598,649,
49905,4991,2476,2515,8734,4260,4474,9981,4829,5152,8733,4156,4577,4989,2383,2606,1248,598,650,
49910,4992,2476,2516,8734,4260,4474,9982,4829,5153,8734,4157,4577,4991,2384,2607,1248,598,650,
49915,4992,2476,2516,8735,4260,4475,9983,4829,5154,8735,4157,4578,4992,2385,2607,1248,598,650,
49920,4992,2476,2516,8736,4260,4476,9984,4829,5155,8736,4157,4579,4992,2385,2607,1248,598,650,
49925,4992,2476,2516,8737,4260,4477,9984,4829,5155,8736,4157,4579,4992,2385,2607,1248,598,650,
49930,4993,2476,2517,8738,4261,4477,9986,4831,5155,8737,4157,4580,4992,2385,2607,1248,598,650,
49935,4994,2477,2517,8738,4261,4477,9986,4831,5155,8738,4157,4581,4992,2385,2607,1248,598,650,
49940,4995,2478,2517,8740,4261,4479,9989,4832,5157,8739,4157,4582,4993,2385,2608,1248,598,650,
49945,4995,2478,2517,8741,4261,4480,9989,4832,5157,8740,4158,4582,4993,2385,2608,1249,598,651,
49950,4996,2479,2517,8741,4261,4480,9990,4832,5158,8741,4158,4583,4995,2386,2609,1249,598,651,
49955,4996,2479,2517,8742,4262,4480,9991,4832,5159,8742,4159,4583,4996,2386,2610,1249,598,651,
49960,4996,2479,2517,8743,4263,4480,9992,4832,5160,8743,4160,4583,4996,2386,2610,1249,598,651,
49965,4996,2479,2517,8744,4264,4480,9992,4832,5160,8743,4160,4583,4996,2386,2610,1249,598,651,
49970,4997,2480,2517,8745,4265,4480,9994,4833,5161,8744,4161,4583,4996,2386,2610,1249,598,651,
49975,4998,2481,2517,8745,4265,4480,9994,4833,5161,8745,4161,4584,4996,2386,2610,1249,598,651,
49980,4999,2482,2517,8747,4267,4480,9997,4835,5162,8746,4161,4585,4997,2387,2610,1249,598,651,
49985,4999,2482,2517,8748,4267,4481,9997,4835,5162,8747,4161,4586,4997,2387,2610,1250,599,651,
49990,5000,2483,2517,8748,4267,4481,9998,4836,5162,8748,4162,4586,4999,2389,2610,1250,599,651,
49995,5000,2483,2517,8749,4268,4481,9999,4837,5162,8749,4162,4587,5000,2389,2611,1250,599,651,
50000,5000,2483,2517,8750,4268,4482,10000,4837,5163,8750,4162,4588,5000,2389,2611,1250,599,651,
50005,5000,2483,2517,8751,4268,4483,10000,4837,5163,8750,4162,4588,5000,2389,2611,1250,599,651,
50010,5001,2484,2517,8752,4269,4483,10002,4838,5164,8751,4163,4588,5000,2389,2611,1250,599,651,
50015,5002,2485,2517,8752,4269,4483,10002,4838,5164,8752,4164,4588,5000,2389,2611,1250,599,651,
50020,5003,2486,2517,8754,4271,4483,10005,4840,5165,8753,4164,4589,5001,2389,2612,1250,599,651,
50025,5003,2486,2517,8755,4271,4484,10005,4840,5165,8754,4165,4589,5001,2389,2612,1251,600,651,
50030,5004,2486,2518,8755,4271,4484,10006,4841,5165,8755,4165,4590,5003,2390,2613,1251,600,651,
50035,5004,2486,2518,8756,4271,4485,10007,4841,5166,8756,4166,4590,5004,2391,2613,1251,600,651,
50040,5004,2486,2518,8757,4271,4486,10008,4842,5166,8757,4166,4591,5004,2391,2613,1251,600,651,
50045,5004,2486,2518,8758,4271,4487,10008,4842,5166,8757,4166,4591,5004,2391,2613,1251,600,651,
50050,5005,2486,2519,8759,4272,4487,10010,4844,5166,8758,4166,4592,5004,2391,2613,1251,600,651,
50055,5006,2486,2520,8759,4272,4487,10010,4844,5166,8759,4166,4593,5004,2391,2613,1251,600,651,
50060,5007,2486,2521,8761,4272,4489,10013,4844,5169,8760,4167,4593,5005,2391,2614,1251,600,651,
50065,5007,2486,2521,8762,4272,4490,10013,4844,5169,8761,4168,4593,5005,2391,2614,1252,600,652,
50070,5008,2487,2521,8762,4272,4490,10014,4844,5170,8762,4168,4594,5007,2392,2615,1252,600,652,
50075,5008,2487,2521,8763,4273,4490,10015,4844,5171,8763,4168,4595,5008,2393,2615,1252,600,652,
50080,5008,2487,2521,8764,4274,4490,10016,4844,5172,8764,4169,4595,5008,2393,2615,1252,600,652,
50085,5008,2487,2521,8765,4274,4491,10016,4844,5172,8764,4169,4595,5008,2393,2615,1252,600,652,
50090,5009,2488,2521,8766,4274,4492,10018,4845,5173,8765,4170,4595,5008,2393,2615,1252,600,652,
50095,5010,2489,2521,8766,4274,4492,10018,4845,5173,8766,4170,4596,5008,2393,2615,1252,600,652,
50100,5011,2489,2522,8768,4274,4494,10021,4847,5174,8767,4171,4596,5009,2393,2616,1252,600,652,
50105,5011,2489,2522,8769,4275,4494,10021,4847,5174,8768,4172,4596,5009,2393,2616,1253,601,652,
50110,5012,2489,2523,8769,4275,4494,10022,4847,5175,8769,4173,4596,5011,2394,2617,1253,601,652,
50115,5012,2489,2523,8770,4276,4494,10023,4848,5175,8770,4174,4596,5012,2395,2617,1253,601,652,
50120,5012,2489,2523,8771,4276,4495,10024,4848,5176,8771,4174,4597,5012,2395,2617,1253,601,652,
50125,5012,2489,2523,8772,4276,4496,10024,4848,5176,8771,4174,4597,5012,2395,2617,1253,601,652,
50130,5013,2489,2524,8773,4277,4496,10026,4850,5176,8772,4175,4597,5012,2395,2617,1253,601,652,
50135,5014,2490,2524,8773,4277,4496,10026,4850,5176,8773,4175,4598,5012,2395,2617,1253,601,652,
50140,5015,2491,2524,8775,4278,4497,10029,4853,5176,8774,4176,4598,5013,2395,2618,1253,601,652,
50145,5015,2491,2524,8776,4279,4497,10029,4853,5176,8775,4176,4599,5013,2395,2618,1254,601,653,
50150,5016,2492,2524,8776,4279,4497,10030,4854,5176,8776,4177,4599,5015,2397,2618,1254,601,653,
50155,5016,2492,2524,8777,4280,4497,10031,4855,5176,8777,4178,4599,5016,2397,2619,1254,601,653,
50160,5016,2492,2524,8778,4280,4498,10032,4856,5176,8778,4178,4600,5016,2397,2619,1254,601,653,
50165,5016,2492,2524,8779,4281,4498,10032,4856,5176,8778,4178,4600,5016,2397,2619,1254,601,653,
50170,5017,2492,2525,8780,4282,4498,10034,4857,5177,8779,4179,4600,5016,2397,2619,1254,601,653,
50175,5018,2492,2526,8780,4282,4498,10034,4857,5177,8780,4180,4600,5016,2397,2619,1254,601,653,
50180,5019,2492,2527,8782,4284,4498,10037,4859,5178,8781,4180,4601,5017,2397,2620,1254,601,653,
50185,5019,2492,2527,8783,4284,4499,10037,4859,5178,8782,4181,4601,5017,2397,2620,1255,602,653,
50190,5020,2493,2527,8783,4284,4499,10038,4860,5178,8783,4181,4602,5019,2399,2620,1255,602,653,
50195,5020,2493,2527,8784,4285,4499,10039,4860,5179,8784,4182,4602,5020,2399,2621,1255,602,653,
50200,5020,2493,2527,8785,4285,4500,10040,4861,5179,8785,4182,4603,5020,2399,2621,1255,602,653,
50205,5020,2493,2527,8786,4285,4501,10040,4861,5179,8785,4182,4603,5020,2399,2621,1255,602,653,
50210,5021,2493,2528,8787,4285,4502,10042,4861,5181,8786,4182,4604,5020,2399,2621,1255,602,653,
50215,5022,2493,2529,8787,4285,4502,10042,4861,5181,8787,4182,4605,5020,2399,2621,1255,602,653,
50220,5023,2494,2529,8789,4286,4503,10045,4863,5182,8788,4183,4605,5021,2399,2622,1255,602,653,
50225,5023,2494,2529,8790,4287,4503,10045,4863,5182,8789,4183,4606,5021,2399,2622,1256,602,654,
50230,5024,2495,2529,8790,4287,4503,10046,4864,5182,8790,4183,4607,5023,2400,2623,1256,602,654,
50235,5024,2495,2529,8791,4288,4503,10047,4865,5182,8791,4183,4608,5024,2401,2623,1256,602,654,
50240,5024,2495,2529,8792,4288,4504,10048,4865,5183,8792,4184,4608,5024,2401,2623,1256,602,654,
50245,5024,2495,2529,8793,4288,4505,10048,4865,5183,8792,4184,4608,5024,2401,2623,1256,602,654,
50250,5025,2496,2529,8794,4288,4506,10050,4866,5184,8793,4184,4609,5024,2401,2623,1256,602,654,
50255,5026,2497,2529,8794,4288,4506,10050,4866,5184,8794,4185,4609,5024,2401,2623,1256,602,654,
50260,5027,2498,2529,8796,4290,4506,10053,4867,5186,8795,4186,4609,5025,2402,2623,1256,602,654,
50265,5027,2498,2529,8797,4290,4507,10053,4867,5186,8796,4187,4609,5025,2402,2623,1257,602,655,
50270,5028,2499,2529,8797,4290,4507,10054,4868,5186,8797,4187,4610,5027,2402,2625,1257,602,655,
50275,5028,2499,2529,8798,4291,4507,10055,4868,5187,8798,4188,4610,5028,2402,2626,1257,602,655,
50280,5028,2499,2529,8799,4291,4508,10056,4869,5187,8799,4189,4610,5028,2402,2626,1257,602,655,
50285,5028,2499,2529,8800,4292,4508,10056,4869,5187,8799,4189,4610,5028,2402,2626,1257,602,655,
50290,5029,2499,2530,8801,4293,4508,10058,4870,5188,8800,4190,4610,5028,2402,2626,1257,602,655,
50295,5030,2499,2531,8801,4293,4508,10058,4870,5188,8801,4190,4611,5028,2402,2626,1257,602,655,
50300,5031,2499,2532,8803,4293,4510,10061,4872,5189,8802,4190,4612,5029,2403,2626,1257,602,655,
50305,5031,2499,2532,8804,4294,4510,10061,4872,5189,8803,4190,4613,5029,2403,2626,1258,602,656,
50310,5032,2500,2532,8804,4294,4510,10062,4873,5189,8804,4190,4614,5031,2405,2626,1258,602,656,
50315,5032,2500,2532,8805,4295,4510,10063,4873,5190,8805,4191,4614,5032,2406,2626,1258,602,656,
50320,5032,2500,2532,8806,4296,4510,10064,4873,5191,8806,4191,4615,5032,2406,2626,1258,602,656,
50325,5032,2500,2532,8807,4296,4511,10064,4873,5191,8806,4191,4615,5032,2406,2626,1258,602,656,
50330,5033,2501,2532,8808,4297,4511,10066,4873,5193,8807,4192,4615,5032,2406,2626,1258,602,656,
50335,5034,2501,2533,8808,4297,4511,10066,4873,5193,8808,4192,4616,5032,2406,2626,1258,602,656,
50340,5035,2501,2534,8810,4297,4513,10069,4873,5196,8809,4192,4617,5033,2407,2626,1258,602,656,
50345,5035,2501,2534,8811,4298,4513,10069,4873,5196,8810,4193,4617,5033,2407,2626,1259,603,656,
50350,5036,2502,2534,8811,4298,4513,10070,4873,5197,8811,4194,4617,5035,2408,2627,1259,603,656,
50355,5036,2502,2534,8812,4299,4513,10071,4874,5197,8812,4194,4618,5036,2408,2628,1259,603,656,
50360,5036,2502,2534,8813,4299,4514,10072,4875,5197,8813,4195,4618,5036,2408,2628,1259,603,656,
50365,5036,2502,2534,8814,4300,4514,10072,4875,5197,8813,4195,4618,5036,2408,2628,1259,603,656,
50370,5037,2502,2535,8815,4301,4514,10074,4877,5197,8814,4196,4618,5036,2408,2628,1259,603,656,
50375,5038,2502,2536,8815,4301,4514,10074,4877,5197,8815,4197,4618,5036,2408,2628,1259,603,656,
50380,5039,2503,2536,8817,4303,4514,10077,4880,5197,8816,4197,4619,5037,2409,2628,1259,603,656,
50385,5039,2503,2536,8818,4304,4514,10077,4880,5197,8817,4197,4620,5037,2409,2628,1260,603,657,
50390,5040,2503,2537,8818,4304,4514,10078,4880,5198,8818,4197,4621,5039,2409,2630,1260,603,657,
50395,5040,2503,2537,8819,4305,4514,10079,4881,5198,8819,4197,4622,5040,2410,2630,1260,603,657,
50400,5040,2503,2537,8820,4306,4514,10080,4881,5199,8820,4198,4622,5040,2410,2630,1260,603,657,
50405,5040,2503,2537,8821,4306,4515,10080,4881,5199,8820,4198,4622,5040,2410,2630,1260,603,657,
50410,5041,2504,2537,8822,4307,4515,10082,4881,5201,8821,4198,4623,5040,2410,2630,1260,603,657,
50415,5042,2505,2537,8822,4307,4515,10082,4881,5201,8822,4198,4624,5040,2410,2630,1260,603,657,
50420,5043,2505,2538,8824,4307,4517,10085,4883,5202,8823,4199,4624,5041,2411,2630,1260,603,657,
50425,5043,2505,2538,8825,4308,4517,10085,4883,5202,8824,4199,4625,5041,2411,2630,1261,604,657,
50430,5044,2506,2538,8825,4308,4517,10086,4883,5203,8825,4199,4626,5043,2413,2630,1261,604,657,
50435,5044,2506,2538,8826,4308,4518,10087,4883,5204,8826,4199,4627,5044,2414,2630,1261,604,657,
50440,5044,2506,2538,8827,4308,4519,10088,4884,5204,8827,4199,4628,5044,2414,2630,1261,604,657,
50445,5044,2506,2538,8828,4309,4519,10088,4884,5204,8827,4199,4628,5044,2414,2630,1261,604,657,
50450,5045,2507,2538,8829,4310,4519,10090,4885,5205,8828,4200,4628,5044,2414,2630,1261,604,657,
50455,5046,2507,2539,8829,4310,4519,10090,4885,5205,8829,4200,4629,5044,2414,2630,1261,604,657,
50460,5047,2507,2540,8831,4310,4521,10093,4887,5206,8830,4200,4630,5045,2415,2630,1261,604,657,
50465,5047,2507,2540,8832,4310,4522,10093,4887,5206,8831,4200,4631,5045,2415,2630,1262,605,657,
50470,5048,2507,2541,8832,4310,4522,10094,4888,5206,8832,4200,4632,5047,2416,2631,1262,605,657,
50475,5048,2507,2541,8833,4311,4522,10095,4889,5206,8833,4201,4632,5048,2416,2632,1262,605,657,
50480,5048,2507,2541,8834,4311,4523,10096,4889,5207,8834,4201,4633,5048,2416,2632,1262,605,657,
50485,5048,2507,2541,8835,4312,4523,10096,4889,5207,8834,4201,4633,5048,2416,2632,1262,605,657,
50490,5049,2507,2542,8836,4313,4523,10098,4889,5209,8835,4202,4633,5048,2416,2632,1262,605,657,
50495,5050,2507,2543,8836,4313,4523,10098,4889,5209,8836,4203,4633,5048,2416,2632,1262,605,657,
50500,5051,2507,2544,8838,4314,4524,10101,4891,5210,8837,4204,4633,5049,2417,2632,1262,605,657,
50505,5051,2507,2544,8839,4315,4524,10101,4891,5210,8838,4204,4634,5049,2417,2632,1263,605,658,
50510,5052,2508,2544,8839,4315,4524,10102,4892,5210,8839,4204,4635,5051,2418,2633,1263,605,658,
50515,5052,2508,2544,8840,4315,4525,10103,4892,5211,8840,4204,4636,5052,2418,2634,1263,605,658,
50520,5052,2508,2544,8841,4315,4526,10104,4892,5212,8841,4205,4636,5052,2418,2634,1263,605,658,
50525,5052,2508,2544,8842,4316,4526,10104,4892,5212,8841,4205,4636,5052,2418,2634,1263,605,658,
50530,5053,2509,2544,8843,4316,4527,10106,4893,5213,8842,4206,4636,5052,2418,2634,1263,605,658,
50535,5054,2510,2544,8843,4316,4527,10106,4893,5213,8843,4206,4637,5052,2418,2634,1263,605,658,
50540,5055,2511,2544,8845,4317,4528,10109,4895,5214,8844,4206,4638,5053,2419,2634,1263,605,658,
50545,5055,2511,2544,8846,4318,4528,10109,4895,5214,8845,4206,4639,5053,2419,2634,1264,605,659,
50550,5056,2511,2545,8846,4318,4528,10110,4896,5214,8846,4206,4640,5055,2421,2634,1264,605,659,
50555,5056,2511,2545,8847,4318,4529,10111,4897,5214,8847,4207,4640,5056,2422,2634,1264,605,659,
50560,5056,2511,2545,8848,4318,4530,10112,4898,5214,8848,4207,4641,5056,2422,2634,1264,605,659,
50565,5056,2511,2545,8849,4319,4530,10112,4898,5214,8848,4207,4641,5056,2422,2634,1264,605,659,
50570,5057,2511,2546,8850,4320,4530,10114,4899,5215,8849,4208,4641,5056,2422,2634,1264,605,659,
50575,5058,2511,2547,8850,4320,4530,10114,4899,5215,8850,4209,4641,5056,2422,2634,1264,605,659,
50580,5059,2511,2548,8852,4322,4530,10117,4900,5217,8851,4210,4641,5057,2423,2634,1264,605,659,
50585,5059,2511,2548,8853,4323,4530,10117,4900,5217,8852,4210,4642,5057,2423,2634,1265,606,659,
50590,5060,2511,2549,8853,4323,4530,10118,4901,5217,8853,4211,4642,5059,2423,2636,1265,606,659,
50595,5060,2511,2549,8854,4323,4531,10119,4902,5217,8854,4212,4642,5060,2423,2637,1265,606,659,
50600,5060,2511,2549,8855,4324,4531,10120,4903,5217,8855,4213,4642,5060,2423,2637,1265,606,659,
50605,5060,2511,2549,8856,4325,4531,10120,4903,5217,8855,4213,4642,5060,2423,2637,1265,606,659,
50610,5061,2511,2550,8857,4325,4532,10122,4905,5217,8856,4213,4643,5060,2423,2637,1265,606,659,
50615,5062,2512,2550,8857,4325,4532,10122,4905,5217,8857,4213,4644,5060,2423,2637,1265,606,659,
50620,5063,2512,2551,8859,4326,4533,10125,4906,5219,8858,4214,4644,5061,2424,2637,1265,606,659,
50625,5063,2512,2551,8860,4326,4534,10125,4906,5219,8859,4215,4644,5061,2424,2637,1266,606,660,
50630,5064,2512,2552,8860,4326,4534,10126,4907,5219,8860,4215,4645,5063,2425,2638,1266,606,660,
50635,5064,2512,2552,8861,4327,4534,10127,4907,5220,8861,4216,4645,5064,2425,2639,1266,606,660,
50640,5064,2512,2552,8862,4327,4535,10128,4908,5220,8862,4217,4645,5064,2425,2639,1266,606,660,
50645,5064,2512,2552,8863,4327,4536,10128,4908,5220,8862,4217,4645,5064,2425,2639,1266,606,660,
50650,5065,2512,2553,8864,4327,4537,10130,4909,5221,8863,4217,4646,5064,2425,2639,1266,606,660,
50655,5066,2512,2554,8864,4327,4537,10130,4909,5221,8864,4217,4647,5064,2425,2639,1266,606,660,
50660,5067,2512,2555,8866,4328,4538,10133,4911,5222,8865,4218,4647,5065,2425,2640,1266,606,660,
50665,5067,2512,2555,8867,4328,4539,10133,4911,5222,8866,4218,4648,5065,2425,2640,1267,606,661,
50670,5068,2513,2555,8867,4328,4539,10134,4912,5222,8867,4219,4648,5067,2426,2641,1267,606,661,
50675,5068,2513,2555,8868,4329,4539,10135,4912,5223,8868,4219,4649,5068,2427,2641,1267,606,661,
50680,5068,2513,2555,8869,4329,4540,10136,4913,5223,8869,4219,4650,5068,2427,2641,1267,606,661,
50685,5068,2513,2555,8870,4330,4540,10136,4913,5223,8869,4219,4650,5068,2427,2641,1267,606,661,
50690,5069,2513,2556,8871,4330,4541,10138,4914,5224,8870,4219,4651,5068,2427,2641,1267,606,661,
50695,5070,2514,2556,8871,4330,4541,10138,4914,5224,8871,4219,4652,5068,2427,2641,1267,606,661,
50700,5071,2515,2556,8873,4332,4541,10141,4915,5226,8872,4219,4653,5069,2428,2641,1267,606,661,
50705,5071,2515,2556,8874,4333,4541,10141,4915,5226,8873,4220,4653,5069,2428,2641,1268,607,661,
50710,5072,2515,2557,8874,4333,4541,10142,4916,5226,8874,4221,4653,5071,2428,2643,1268,607,661,
50715,5072,2515,2557,8875,4333,4542,10143,4917,5226,8875,4222,4653,5072,2428,2644,1268,607,661,
50720,5072,2515,2557,8876,4333,4543,10144,4918,5226,8876,4223,4653,5072,2428,2644,1268,607,661,
50725,5072,2515,2557,8877,4333,4544,10144,4918,5226,8876,4223,4653,5072,2428,2644,1268,607,661,
50730,5073,2516,2557,8878,4334,4544,10146,4919,5227,8877,4223,4654,5072,2428,2644,1268,607,661,
50735,5074,2517,2557,8878,4334,4544,10146,4919,5227,8878,4224,4654,5072,2428,2644,1268,607,661,
50740,5075,2517,2558,8880,4336,4544,10149,4920,5229,8879,4225,4654,5073,2428,2645,1268,607,661,
50745,5075,2517,2558,8881,4337,4544,10149,4920,5229,8880,4225,4655,5073,2428,2645,1269,608,661,
50750,5076,2517,2559,8881,4337,4544,10150,4921,5229,8881,4226,4655,5075,2429,2646,1269,608,661,
50755,5076,2517,2559,8882,4338,4544,10151,4921,5230,8882,4226,4656,5076,2430,2646,1269,608,661,
50760,5076,2517,2559,8883,4339,4544,10152,4922,5230,8883,4227,4656,5076,2430,2646,1269,608,661,
50765,5076,2517,2559,8884,4339,4545,10152,4922,5230,8883,4227,4656,5076,2430,2646,1269,608,661,
50770,5077,2518,2559,8885,4340,4545,10154,4923,5231,8884,4228,4656,5076,2430,2646,1269,608,661,
50775,5078,2519,2559,8885,4340,4545,10154,4923,5231,8885,4229,4656,5076,2430,2646,1269,608,661,
50780,5079,2519,2560,8887,4340,4547,10157,4926,5231,8886,4230,4656,5077,2431,2646,1269,608,661,
50785,5079,2519,2560,8888,4341,4547,10157,4926,5231,8887,4231,4656,5077,2431,2646,1270,609,661,
50790,5080,2520,2560,8888,4341,4547,10158,4927,5231,8888,4232,4656,5079,2432,2647,1270,609,661,
50795,5080,2520,2560,8889,4342,4547,10159,4928,5231,8889,4232,4657,5080,2432,2648,1270,609,661,
50800,5080,2520,2560,8890,4342,4548,10160,4928,5232,8890,4233,4657,5080,2432,2648,1270,609,661,
50805,5080,2520,2560,8891,4342,4549,10160,4928,5232,8890,4233,4657,5080,2432,2648,1270,609,661,
50810,5081,2521,2560,8892,4342,4550,10162,4929,5233,8891,4233,4658,5080,2432,2648,1270,609,661,
50815,5082,2521,2561,8892,4342,4550,10162,4929,5233,8892,4233,4659,5080,2432,2648,1270,609,661,
50820,5083,2522,2561,8894,4344,4550,10165,4929,5236,8893,4233,4660,5081,2433,2648,1270,609,661,
50825,5083,2522,2561,8895,4344,4551,10165,4929,5236,8894,4234,4660,5081,2433,2648,1271,610,661,
50830,5084,2523,2561,8895,4344,4551,10166,4930,5236,8895,4234,4661,5083,2433,2650,1271,610,661,
50835,5084,2523,2561,8896,4345,4551,10167,4930,5237,8896,4234,4662,5084,2433,2651,1271,610,661,
50840,5084,2523,2561,8897,4345,4552,10168,4930,5238,8897,4234,4663,5084,2433,2651,1271,610,661,
50845,5084,2523,2561,8898,4346,4552,10168,4930,5238,8897,4234,4663,5084,2433,2651,1271,610,661,
50850,5085,2524,2561,8899,4346,4553,10170,4932,5238,8898,4234,4664,5084,2433,2651,1271,610,661,
50855,5086,2525,2561,8899,4346,4553,10170,4932,5238,8899,4234,4665,5084,2433,2651,1271,610,661,
50860,5087,2526,2561,8901,4346,4555,10173,4934,5239,8900,4234,4666,5085,2433,2652,1271,610,661,
50865,5087,2526,2561,8902,4347,4555,10173,4934,5239,8901,4234,4667,5085,2433,2652,1272,611,661,
50870,5088,2526,2562,8902,4347,4555,10174,4934,5240,8902,4234,4668,5087,2434,2653,1272,611,661,
50875,5088,2526,2562,8903,4348,4555,10175,4935,5240,8903,4235,4668,5088,2434,2654,1272,611,661,
50880,5088,2526,2562,8904,4348,4556,10176,4936,5240,8904,4235,4669,5088,2434,2654,1272,611,661,
50885,5088,2526,2562,8905,4349,4556,10176,4936,5240,8904,4235,4669,5088,2434,2654,1272,611,661,
50890,5089,2526,2563,8906,4350,4556,10178,4937,5241,8905,4235,4670,5088,2434,2654,1272,611,661,
50895,5090,2527,2563,8906,4350,4556,10178,4937,5241,8906,4235,4671,5088,2434,2654,1272,611,661,
50900,5091,2528,2563,8908,4351,4557,10181,4937,5244,8907,4235,4672,5089,2434,2655,1272,611,661,
50905,5091,2528,2563,8909,4352,4557,10181,4937,5244,8908,4236,4672,5089,2434,2655,1273,611,662,
50910,5092,2529,2563,8909,4352,4557,10182,4937,5245,8909,4236,4673,5091,2434,2657,1273,611,662,
50915,5092,2529,2563,8910,4352,4558,10183,4938,5245,8910,4236,4674,5092,2434,2658,1273,611,662,
50920,5092,2529,2563,8911,4353,4558,10184,4939,5245,8911,4237,4674,5092,2434,2658,1273,611,662,
50925,5092,2529,2563,8912,4354,4558,10184,4939,5245,8911,4237,4674,5092,2434,2658,1273,611,662,
50930,5093,2530,2563,8913,4355,4558,10186,4941,5245,8912,4238,4674,5092,2434,2658,1273,611,662,
50935,5094,2530,2564,8913,4355,4558,10186,4941,5245,8913,4239,4674,5092,2434,2658,1273,611,662,
50940,5095,2530,2565,8915,4357,4558,10189,4942,5247,8914,4239,4675,5093,2434,2659,1273,611,662,
50945,5095,2530,2565,8916,4357,4559,10189,4942,5247,8915,4239,4676,5093,2434,2659,1274,612,662,
50950,5096,2531,2565,8916,4357,4559,10190,4943,5247,8916,4239,4677,5095,2435,2660,1274,612,662,
50955,5096,2531,2565,8917,4357,4560,10191,4943,5248,8917,4240,4677,5096,2435,2661,1274,612,662,
50960,5096,2531,2565,8918,4358,4560,10192,4944,5248,8918,4241,4677,5096,2435,2661,1274,612,662,
50965,5096,2531,2565,8919,4359,4560,10192,4944,5248,8918,4241,4677,5096,2435,2661,1274,612,662,
50970,5097,2532,2565,8920,4360,4560,10194,4945,5249,8919,4242,4677,5096,2435,2661,1274,612,662,
50975,5098,2532,2566,8920,4360,4560,10194,4945,5249,8920,4243,4677,5096,2435,2661,1274,612,662,
50980,5099,2533,2566,8922,4361,4561,10197,4948,5249,8921,4243,4678,5097,2436,2661,1274,612,662,
50985,5099,2533,2566,8923,4361,4562,10197,4948,5249,8922,4243,4679,5097,2436,2661,1275,613,662,
50990,5100,2533,2567,8923,4361,4562,10198,4949,5249,8923,4244,4679,5099,2436,2663,1275,613,662,
50995,5100,2533,2567,8924,4362,4562,10199,4949,5250,8924,4245,4679,5100,2437,2663,1275,613,662,
51000,5100,2533,2567,8925,4362,4563,10200,4949,5251,8925,4246,4679,5100,2437,2663,1275,613,662,
51005,5100,2533,2567,8926,4362,4564,10200,4949,5251,8925,4246,4679,5100,2437,2663,1275,613,662,
51010,5101,2534,2567,8927,4363,4564,10202,4951,5251,8926,4247,4679,5100,2437,2663,1275,613,662,
51015,5102,2535,2567,8927,4363,4564,10202,4951,5251,8927,4247,4680,5100,2437,2663,1275,613,662,
51020,5103,2536,2567,8929,4364,4565,10205,4952,5253,8928,4247,4681,5101,2438,2663,1275,613,662,
51025,5103,2536,2567,8930,4364,4566,10205,4952,5253,8929,4247,4682,5101,2438,2663,1276,614,662,
51030,5104,2536,2568,8930,4364,4566,10206,4953,5253,8930,4248,4682,5103,2439,2664,1276,614,662,
51035,5104,2536,2568,8931,4364,4567,10207,4954,5253,8931,4249,4682,5104,2440,2664,1276,614,662,
51040,5104,2536,2568,8932,4365,4567,10208,4954,5254,8932,4250,4682,5104,2440,2664,1276,614,662,
51045,5104,2536,2568,8933,4366,4567,10208,4954,5254,8932,4250,4682,5104,2440,2664,1276,614,662,
51050,5105,2537,2568,8934,4367,4567,10210,4955,5255,8933,4250,4683,5104,2440,2664,1276,614,662,
51055,5106,2537,2569,8934,4367,4567,10210,4955,5255,8934,4250,4684,5104,2440,2664,1276,614,662,
51060,5107,2537,2570,8936,4369,4567,10213,4955,5258,8935,4250,4685,5105,2440,2665,1276,614,662,
51065,5107,2537,2570,8937,4370,4567,10213,4955,5258,8936,4250,4686,5105,2440,2665,1277,614,663,
51070,5108,2537,2571,8937,4370,4567,10214,4956,5258,8937,4250,4687,5107,2442,2665,1277,614,663,
51075,5108,2537,2571,8938,4370,4568,10215,4956,5259,8938,4250,4688,5108,2442,2666,1277,614,663,
51080,5108,2537,2571,8939,4371,4568,10216,4956,5260,8939,4251,4688,5108,2442,2666,1277,614,663,
51085,5108,2537,2571,8940,4371,4569,10216,4956,5260,8939,4251,4688,5108,2442,2666,1277,614,663,
51090,5109,2538,2571,8941,4372,4569,10218,4956,5262,8940,4251,4689,5108,2442,2666,1277,614,663,
51095,5110,2538,2572,8941,4372,4569,10218,4956,5262,8941,4252,4689,5108,2442,2666,1277,614,663,
51100,5111,2538,2573,8943,4373,4570,10221,4957,5264,8942,4253,4689,5109,2442,2667,1277,614,663,
51105,5111,2538,2573,8944,4374,4570,10221,4957,5264,8943,4254,4689,5109,2442,2667,1278,614,664,
51110,5112,2539,2573,8944,4374,4570,10222,4958,5264,8944,4254,4690,5111,2443,2668,1278,614,664,
51115,5112,2539,2573,8945,4375,4570,10223,4959,5264,8945,4254,4691,5112,2443,2669,1278,614,664,
51120,5112,2539,2573,8946,4376,4570,10224,4960,5264,8946,4255,4691,5112,2443,2669,1278,614,664,
51125,5112,2539,2573,8947,4377,4570,10224,4960,5264,8946,4255,4691,5112,2443,2669,1278,614,664,
51130,5113,2540,2573,8948,4378,4570,10226,4961,5265,8947,4256,4691,5112,2443,2669,1278,614,664,
51135,5114,2540,2574,8948,4378,4570,10226,4961,5265,8948,4256,4692,5112,2443,2669,1278,614,664,
51140,5115,2540,2575,8950,4378,4572,10229,4961,5268,8949,4257,4692,5113,2444,2669,1278,614,664,
51145,5115,2540,2575,8951,4379,4572,10229,4961,5268,8950,4258,4692,5113,2444,2669,1279,614,665,
51150,5116,2541,2575,8951,4379,4572,10230,4962,5268,8951,4259,4692,5115,2445,2670,1279,614,665,
51155,5116,2541,2575,8952,4380,4572,10231,4963,5268,8952,4260,4692,5116,2445,2671,1279,614,665,
51160,5116,2541,2575,8953,4380,4573,10232,4963,5269,8953,4261,4692,5116,2445,2671,1279,614,665,
51165,5116,2541,2575,8954,4380,4574,10232,4963,5269,8953,4261,4692,5116,2445,2671,1279,614,665,
51170,5117,2541,2576,8955,4380,4575,10234,4964,5270,8954,4262,4692,5116,2445,2671,1279,614,665,
51175,5118,2541,2577,8955,4380,4575,10234,4964,5270,8955,4263,4692,5116,2445,2671,1279,614,665,
51180,5119,2542,2577,8957,4381,4576,10237,4966,5271,8956,4264,4692,5117,2446,2671,1279,614,665,
51185,5119,2542,2577,8958,4382,4576,10237,4966,5271,8957,4264,4693,5117,2446,2671,1280,614,666,
51190,5120,2542,2578,8958,4382,4576,10238,4966,5272,8958,4265,4693,5119,2447,2672,1280,614,666,
51195,5120,2542,2578,8959,4383,4576,10239,4966,5273,8959,4265,4694,5120,2447,2673,1280,614,666,
51200,5120,2542,2578,8960,4383,4577,10240,4966,5274,8960,4265,4695,5120,2447,2673,1280,614,666,
51205,5120,2542,2578,8961,4384,4577,10240,4966,5274,8960,4265,4695,5120,2447,2673,1280,614,666,
51210,5121,2542,2579,8962,4384,4578,10242,4968,5274,8961,4266,4695,5120,2447,2673,1280,614,666,
51215,5122,2543,2579,8962,4384,4578,10242,4968,5274,8962,4267,4695,5120,2447,2673,1280,614,666,
51220,5123,2544,2579,8964,4385,4579,10245,4969,5276,8963,4268,4695,5121,2447,2674,1280,614,666,
51225,5123,2544,2579,8965,4386,4579,10245,4969,5276,8964,4268,4696,5121,2447,2674,1281,614,667,
51230,5124,2544,2580,8965,4386,4579,10246,4969,5277,8965,4269,4696,5123,2449,2674,1281,614,667,
51235,5124,2544,2580,8966,4386,4580,10247,4970,5277,8966,4269,4697,5124,2450,2674,1281,614,667,
51240,5124,2544,2580,8967,4387,4580,10248,4971,5277,8967,4270,4697,5124,2450,2674,1281,614,667,
51245,5124,2544,2580,8968,4387,4581,10248,4971,5277,8967,4270,4697,5124,2450,2674,1281,614,667,
51250,5125,2544,2581,8969,4387,4582,10250,4972,5278,8968,4270,4698,5124,2450,2674,1281,614,667,
51255,5126,2545,2581,8969,4387,4582,10250,4972,5278,8969,4271,4698,5124,2450,2674,1281,614,667,
51260,5127,2545,2582,8971,4388,4583,10253,4974,5279,8970,4271,4699,5125,2451,2674,1281,614,667,
51265,5127,2545,2582,8972,4388,4584,10253,4974,5279,8971,4272,4699,5125,2451,2674,1282,615,667,
51270,5128,2545,2583,8972,4388,4584,10254,4975,5279,8972,4272,4700,5127,2453,2674,1282,615,667,
51275,5128,2545,2583,8973,4388,4585,10255,4976,5279,8973,4273,4700,5128,2454,2674,1282,615,667,
51280,5128,2545,2583,8974,4389,4585,10256,4976,5280,8974,4273,4701,5128,2454,2674,1282,615,667,
51285,5128,2545,2583,8975,4390,4585,10256,4976,5280,8974,4273,4701,5128,2454,2674,1282,615,667,
51290,5129,2545,2584,8976,4390,4586,10258,4977,5281,8975,4274,4701,5128,2454,2674,1282,615,667,
51295,5130,2545,2585,8976,4390,4586,10258,4977,5281,8976,4274,4702,5128,2454,2674,1282,615,667,
51300,5131,2545,2586,8978,4390,4588,10261,4980,5281,8977,4275,4702,5129,2454,2675,1282,615,667,
51305,5131,2545,2586,8979,4390,4589,10261,4980,5281,8978,4275,4703,5129,2454,2675,1283,615,668,
51310,5132,2545,2587,8979,4390,4589,10262,4980,5282,8979,4275,4704,5131,2455,2676,1283,615,668,
51315,5132,2545,2587,8980,4391,4589,10263,4980,5283,8980,4276,4704,5132,2455,2677,1283,615,668,
51320,5132,2545,2587,8981,4392,4589,10264,4980,5284,8981,4277,4704,5132,2455,2677,1283,615,668,
51325,5132,2545,2587,8982,4392,4590,10264,4980,5284,8981,4277,4704,5132,2455,2677,1283,615,668,
51330,5133,2545,2588,8983,4393,4590,10266,4980,5286,8982,4278,4704,5132,2455,2677,1283,615,668,
51335,5134,2545,2589,8983,4393,4590,10266,4980,5286,8983,4278,4705,5132,2455,2677,1283,615,668,
51340,5135,2545,2590,8985,4394,4591,10269,4980,5289,8984,4278,4706,5133,2455,2678,1283,615,668,
51345,5135,2545,2590,8986,4394,4592,10269,4980,5289,8985,4279,4706,5133,2455,2678,1284,615,669,
51350,5136,2546,2590,8986,4394,4592,10270,4981,5289,8986,4279,4707,5135,2456,2679,1284,615,669,
51355,5136,2546,2590,8987,4395,4592,10271,4982,5289,8987,4279,4708,5136,2456,2680,1284,615,669,
51360,5136,2546,2590,8988,4396,4592,10272,4983,5289,8988,4279,4709,5136,2456,2680,1284,615,669,
51365,5136,2546,2590,8989,4396,4593,10272,4983,5289,8988,4279,4709,5136,2456,2680,1284,615,669,
51370,5137,2547,2590,8990,4397,4593,10274,4984,5290,8989,4279,4710,5136,2456,2680,1284,615,669,
51375,5138,2547,2591,8990,4397,4593,10274,4984,5290,8990,4279,4711,5136,2456,2680,1284,615,669,
51380,5139,2548,2591,8992,4399,4593,10277,4987,5290,8991,4280,4711,5137,2457,2680,1284,615,669,
51385,5139,2548,2591,8993,4399,4594,10277,4987,5290,8992,4280,4712,5137,2457,2680,1285,615,670,
51390,5140,2549,2591,8993,4399,4594,10278,4988,5290,8993,4281,4712,5139,2458,2681,1285,615,670,
51395,5140,2549,2591,8994,4400,4594,10279,4989,5290,8994,4282,4712,5140,2459,2681,1285,615,670,
51400,5140,2549,2591,8995,4400,4595,10280,4990,5290,8995,4282,4713,5140,2459,2681,1285,615,670,
51405,5140,2549,2591,8996,4401,4595,10280,4990,5290,8995,4282,4713,5140,2459,2681,1285,615,670,
51410,5141,2550,2591,8997,4401,4596,10282,4990,5292,8996,4282,4714,5140,2459,2681,1285,615,670,
51415,5142,2551,2591,8997,4401,4596,10282,4990,5292,8997,4282,4715,5140,2459,2681,1285,615,670,
51420,5143,2551,2592,8999,4402,4597,10285,4991,5294,8998,4282,4716,5141,2459,2682,1285,615,670,
51425,5143,2551,2592,9000,4403,4597,10285,4991,5294,8999,4282,4717,5141,2459,2682,1286,616,670,
51430,5144,2552,2592,9000,4403,4597,10286,4991,5295,9000,4282,4718,5143,2459,2684,1286,616,670,
51435,5144,2552,2592,9001,4404,4597,10287,4992,5295,9001,4283,4718,5144,2459,2685,1286,616,670,
51440,5144,2552,2592,9002,4405,4597,10288,4992,5296,9002,4283,4719,5144,2459,2685,1286,616,670,
51445,5144,2552,2592,9003,4405,4598,10288,4992,5296,9002,4283,4719,5144,2459,2685,1286,616,670,
51450,5145,2552,2593,9004,4406,4598,10290,4992,5298,9003,4283,4720,5144,2459,2685,1286,616,670,
51455,5146,2552,2594,9004,4406,4598,10290,4992,5298,9004,4283,4721,5144,2459,2685,1286,616,670,
51460,5147,2553,2594,9006,4406,4600,10293,4994,5299,9005,4283,4722,5145,2459,2686,1286,616,670,
51465,5147,2553,2594,9007,4407,4600,10293,4994,5299,9006,4283,4723,5145,2459,2686,1287,617,670,
51470,5148,2553,2595,9007,4407,4600,10294,4995,5299,9007,4283,4724,5147,2460,2687,1287,617,670,
51475,5148,2553,2595,9008,4407,4601,10295,4996,5299,9008,4284,4724,5148,2461,2687,1287,617,670,
51480,5148,2553,2595,9009,4408,4601,10296,4997,5299,9009,4285,4724,5148,2461,2687,1287,617,670,
51485,5148,2553,2595,9010,4409,4601,10296,4997,5299,9009,4285,4724,5148,2461,2687,1287,617,670,
51490,5149,2554,2595,9011,4409,4602,10298,4998,5300,9010,4286,4724,5148,2461,2687,1287,617,670,
51495,5150,2554,2596,9011,4409,4602,10298,4998,5300,9011,4286,4725,5148,2461,2687,1287,617,670,
51500,5151,2554,2597,9013,4409,4604,10301,5000,5301,9012,4286,4726,5149,2461,2688,1287,617,670,
51505,5151,2554,2597,9014,4410,4604,10301,5000,5301,9013,4286,4727,5149,2461,2688,1288,618,670,
51510,5152,2554,2598,9014,4410,4604,10302,5000,5302,9014,4286,4728,5151,2461,2690,1288,618,670,
51515,5152,2554,2598,9015,4411,4604,10303,5001,5302,9015,4286,4729,5152,2461,2691,1288,618,670,
51520,5152,2554,2598,9016,4412,4604,10304,5001,5303,9016,4287,4729,5152,2461,2691,1288,618,670,
51525,5152,2554,2598,9017,4412,4605,10304,5001,5303,9016,4287,4729,5152,2461,2691,1288,618,670,
51530,5153,2554,2599,9018,4412,4606,10306,5003,5303,9017,4287,4730,5152,2461,2691,1288,618,670,
51535,5154,2554,2600,9018,4412,4606,10306,5003,5303,9018,4287,4731,5152,2461,2691,1288,618,670,
51540,5155,2555,2600,9020,4413,4607,10309,5004,5305,9019,4287,4732,5153,2461,2692,1288,618,670,
51545,5155,2555,2600,9021,4414,4607,10309,5004,5305,9020,4288,4732,5153,2461,2692,1289,618,671,
51550,5156,2556,2600,9021,4414,4607,10310,5004,5306,9021,4288,4733,5155,2462,2693,1289,618,671,
51555,5156,2556,2600,9022,4414,4608,10311,5004,5307,9022,4288,4734,5156,2462,2694,1289,618,671,
51560,5156,2556,2600,9023,4415,4608,10312,5004,5308,9023,4288,4735,5156,2462,2694,1289,618,671,
51565,5156,2556,2600,9024,4415,4609,10312,5004,5308,9023,4288,4735,5156,2462,2694,1289,618,671,
51570,5157,2557,2600,9025,4415,4610,10314,5005,5309,9024,4289,4735,5156,2462,2694,1289,618,671,
51575,5158,2557,2601,9025,4415,4610,10314,5005,5309,9025,4289,4736,5156,2462,2694,1289,618,671,
51580,5159,2558,2601,9027,4416,4611,10317,5006,5311,9026,4290,4736,5157,2462,2695,1289,618,671,
51585,5159,2558,2601,9028,4417,4611,10317,5006,5311,9027,4290,4737,5157,2462,2695,1290,618,672,
51590,5160,2558,2602,9028,4417,4611,10318,5006,5312,9028,4291,4737,5159,2464,2695,1290,618,672,
51595,5160,2558,2602,9029,4417,4612,10319,5006,5313,9029,4291,4738,5160,2464,2696,1290,618,672,
51600,5160,2558,2602,9030,4417,4613,10320,5006,5314,9030,4292,4738,5160,2464,2696,1290,618,672,
51605,5160,2558,2602,9031,4417,4614,10320,5006,5314,9030,4292,4738,5160,2464,2696,1290,618,672,
51610,5161,2558,2603,9032,4417,4615,10322,5007,5315,9031,4293,4738,5160,2464,2696,1290,618,672,
51615,5162,2558,2604,9032,4417,4615,10322,5007,5315,9032,4293,4739,5160,2464,2696,1290,618,672,
51620,5163,2559,2604,9034,4418,4616,10325,5008,5317,9033,4293,4740,5161,2465,2696,1290,618,672,
51625,5163,2559,2604,9035,4419,4616,10325,5008,5317,9034,4293,4741,5161,2465,2696,1291,619,672,
51630,5164,2559,2605,9035,4419,4616,10326,5009,5317,9035,4293,4742,5163,2466,2697,1291,619,672,
51635,5164,2559,2605,9036,4420,4616,10327,5010,5317,9036,4294,4742,5164,2466,2698,1291,619,672,
51640,5164,2559,2605,9037,4420,4617,10328,5010,5318,9037,4294,4743,5164,2466,2698,1291,619,672,
51645,5164,2559,2605,9038,4420,4618,10328,5010,5318,9037,4294,4743,5164,2466,2698,1291,619,672,
51650,5165,2559,2606,9039,4421,4618,10330,5011,5319,9038,4294,4744,5164,2466,2698,1291,619,672,
51655,5166,2559,2607,9039,4421,4618,10330,5011,5319,9039,4295,4744,5164,2466,2698,1291,619,672,
51660,5167,2559,2608,9041,4421,4620,10333,5013,5320,9040,4296,4744,5165,2467,2698,1291,619,672,
51665,5167,2559,2608,9042,4422,4620,10333,5013,5320,9041,4297,4744,5165,2467,2698,1292,620,672,
51670,5168,2559,2609,9042,4422,4620,10334,5013,5321,9042,4298,4744,5167,2468,2699,1292,620,672,
51675,5168,2559,2609,9043,4423,4620,10335,5014,5321,9043,4298,4745,5168,2469,2699,1292,620,672,
51680,5168,2559,2609,9044,4424,4620,10336,5015,5321,9044,4299,4745,5168,2469,2699,1292,620,672,
51685,5168,2559,2609,9045,4425,4620,10336,5015,5321,9044,4299,4745,5168,2469,2699,1292,620,672,
51690,5169,2560,2609,9046,4426,4620,10338,5017,5321,9045,4300,4745,5168,2469,2699,1292,620,672,
51695,5170,2561,2609,9046,4426,4620,10338,5017,5321,9046,4301,4745,5168,2469,2699,1292,620,672,
51700,5171,2562,2609,9048,4426,4622,10341,5019,5322,9047,4302,4745,5169,2470,2699,1292,620,672,
51705,5171,2562,2609,9049,4426,4623,10341,5019,5322,9048,4303,4745,5169,2470,2699,1293,621,672,
51710,5172,2562,2610,9049,4426,4623,10342,5019,5323,9049,4303,4746,5171,2471,2700,1293,621,672,
51715,5172,2562,2610,9050,4426,4624,10343,5020,5323,9050,4304,4746,5172,2471,2701,1293,621,672,
51720,5172,2562,2610,9051,4427,4624,10344,5021,5323,9051,4304,4747,5172,2471,2701,1293,621,672,
51725,5172,2562,2610,9052,4427,4625,10344,5021,5323,9051,4304,4747,5172,2471,2701,1293,621,672,
51730,5173,2562,2611,9053,4427,4626,10346,5021,5325,9052,4305,4747,5172,2471,2701,1293,621,672,
51735,5174,2562,2612,9053,4427,4626,10346,5021,5325,9053,4305,4748,5172,2471,2701,1293,621,672,
51740,5175,2562,2613,9055,4427,4628,10349,5021,5328,9054,4306,4748,5173,2472,2701,1293,621,672,
51745,5175,2562,2613,9056,4427,4629,10349,5021,5328,9055,4306,4749,5173,2472,2701,1294,622,672,
51750,5176,2562,2614,9056,4427,4629,10350,5022,5328,9056,4306,4750,5175,2474,2701,1294,622,672,
51755,5176,2562,2614,9057,4428,4629,10351,5022,5329,9057,4306,4751,5176,2474,2702,1294,622,672,
51760,5176,2562,2614,9058,4428,4630,10352,5023,5329,9058,4306,4752,5176,2474,2702,1294,622,672,
51765,5176,2562,2614,9059,4429,4630,10352,5023,5329,9058,4306,4752,5176,2474,2702,1294,622,672,
51770,5177,2562,2615,9060,4429,4631,10354,5025,5329,9059,4306,4753,5176,2474,2702,1294,622,672,
51775,5178,2563,2615,9060,4429,4631,10354,5025,5329,9060,4307,4753,5176,2474,2702,1294,622,672,
51780,5179,2563,2616,9062,4430,4632,10357,5027,5330,9061,4308,4753,5177,2475,2702,1294,622,672,
51785,5179,2563,2616,9063,4431,4632,10357,5027,5330,9062,4309,4753,5177,2475,2702,1295,623,672,
51790,5180,2564,2616,9063,4431,4632,10358,5028,5330,9063,4310,4753,5179,2476,2703,1295,623,672,
51795,5180,2564,2616,9064,4431,4633,10359,5028,5331,9064,4310,4754,5180,2476,2704,1295,623,672,
51800,5180,2564,2616,9065,4431,4634,10360,5029,5331,9065,4310,4755,5180,2476,2704,1295,623,672,
51805,5180,2564,2616,9066,4431,4635,10360,5029,5331,9065,4310,4755,5180,2476,2704,1295,623,672,
51810,5181,2565,2616,9067,4432,4635,10362,5030,5332,9066,4310,4756,5180,2476,2704,1295,623,672,
51815,5182,2565,2617,9067,4432,4635,10362,5030,5332,9067,4310,4757,5180,2476,2704,1295,623,672,
51820,5183,2566,2617,9069,4433,4636,10365,5032,5333,9068,4311,4757,5181,2476,2705,1295,623,672,
51825,5183,2566,2617,9070,4433,4637,10365,5032,5333,9069,4311,4758,5181,2476,2705,1296,624,672,
51830,5184,2567,2617,9070,4433,4637,10366,5033,5333,9070,4311,4759,5183,2476,2707,1296,624,672,
51835,5184,2567,2617,9071,4433,4638,10367,5034,5333,9071,4311,4760,5184,2476,2708,1296,624,672,
51840,5184,2567,2617,9072,4433,4639,10368,5035,5333,9072,4311,4761,5184,2476,2708,1296,624,672,
51845,5184,2567,2617,9073,4433,4640,10368,5035,5333,9072,4311,4761,5184,2476,2708,1296,624,672,
51850,5185,2567,2618,9074,4434,4640,10370,5037,5333,9073,4312,4761,5184,2476,2708,1296,624,672,
51855,5186,2567,2619,9074,4434,4640,10370,5037,5333,9074,4313,4761,5184,2476,2708,1296,624,672,
51860,5187,2567,2620,9076,4436,4640,10373,5039,5334,9075,4314,4761,5185,2476,2709,1296,624,672,
51865,5187,2567,2620,9077,4436,4641,10373,5039,5334,9076,4314,4762,5185,2476,2709,1297,624,673,
51870,5188,2567,2621,9077,4436,4641,10374,5039,5335,9077,4315,4762,5187,2476,2711,1297,624,673,
51875,5188,2567,2621,9078,4437,4641,10375,5039,5336,9078,4315,4763,5188,2476,2712,1297,624,673,
51880,5188,2567,2621,9079,4438,4641,10376,5039,5337,9079,4316,4763,5188,2476,2712,1297,624,673,
51885,5188,2567,2621,9080,4438,4642,10376,5039,5337,9079,4316,4763,5188,2476,2712,1297,624,673,
51890,5189,2567,2622,9081,4438,4643,10378,5041,5337,9080,4316,4764,5188,2476,2712,1297,624,673,
51895,5190,2567,2623,9081,4438,4643,10378,5041,5337,9081,4316,4765,5188,2476,2712,1297,624,673,
51900,5191,2567,2624,9083,4439,4644,10381,5041,5340,9082,4317,4765,5189,2476,2713,1297,624,673,
51905,5191,2567,2624,9084,4440,4644,10381,5041,5340,9083,4318,4765,5189,2476,2713,1298,625,673,
51910,5192,2567,2625,9084,4440,4644,10382,5042,5340,9084,4318,4766,5191,2476,2715,1298,625,673,
51915,5192,2567,2625,9085,4441,4644,10383,5042,5341,9085,4318,4767,5192,2477,2715,1298,625,673,
51920,5192,2567,2625,9086,4441,4645,10384,5042,5342,9086,4318,4768,5192,2477,2715,1298,625,673,
51925,5192,2567,2625,9087,4442,4645,10384,5042,5342,9086,4318,4768,5192,2477,2715,1298,625,673,
51930,5193,2568,2625,9088,4443,4645,10386,5043,5343,9087,4319,4768,5192,2477,2715,1298,625,673,
51935,5194,2569,2625,9088,4443,4645,10386,5043,5343,9088,4319,4769,5192,2477,2715,1298,625,673,
51940,5195,2570,2625,9090,4444,4646,10389,5045,5344,9089,4320,4769,5193,2477,2716,1298,625,673,
51945,5195,2570,2625,9091,4444,4647,10389,5045,5344,9090,4321,4769,5193,2477,2716,1299,625,674,
51950,5196,2571,2625,9091,4444,4647,10390,5045,5345,9091,4321,4770,5195,2478,2717,1299,625,674,
51955,5196,2571,2625,9092,4445,4647,10391,5046,5345,9092,4321,4771,5196,2479,2717,1299,625,674,
51960,5196,2571,2625,9093,4445,4648,10392,5046,5346,9093,4321,4772,5196,2479,2717,1299,625,674,
51965,5196,2571,2625,9094,4445,4649,10392,5046,5346,9093,4321,4772,5196,2479,2717,1299,625,674,
51970,5197,2571,2626,9095,4445,4650,10394,5048,5346,9094,4322,4772,5196,2479,2717,1299,625,674,
51975,5198,2571,2627,9095,4445,4650,10394,5048,5346,9095,4322,4773,5196,2479,2717,1299,625,674,
51980,5199,2572,2627,9097,4446,4651,10397,5050,5347,9096,4322,4774,5197,2479,2718,1299,625,674,
51985,5199,2572,2627,9098,4446,4652,10397,5050,5347,9097,4323,4774,5197,2479,2718,1300,625,675,
51990,5200,2572,2628,9098,4446,4652,10398,5050,5348,9098,4323,4775,5199,2480,2719,1300,625,675,
51995,5200,2572,2628,9099,4447,4652,10399,5050,5349,9099,4323,4776,5200,2480,2720,1300,625,675,
52000,5200,2572,2628,9100,4448,4652,10400,5051,5349,9100,4324,4776,5200,2480,2720,1300,625,675,
52005,5200,2572,2628,9101,4449,4652,10400,5051,5349,9100,4324,4776,5200,2480,2720,1300,625,675,
52010,5201,2573,2628,9102,4450,4652,10402,5052,5350,9101,4325,4776,5200,2480,2720,1300,625,675,
52015,5202,2574,2628,9102,4450,4652,10402,5052,5350,9102,4325,4777,5200,2480,2720,1300,625,675,
52020,5203,2574,2629,9104,4452,4652,10405,5054,5351,9103,4326,4777,5201,2480,2721,1300,625,675,
52025,5203,2574,2629,9105,4452,4653,10405,5054,5351,9104,4327,4777,5201,2480,2721,1301,625,676,
52030,5204,2574,2630,9105,4452,4653,10406,5055,5351,9105,4328,4777,5203,2480,2723,1301,625,676,
52035,5204,2574,2630,9106,4452,4654,10407,5056,5351,9106,4328,4778,5204,2481,2723,1301,625,676,
52040,5204,2574,2630,9107,4452,4655,10408,5057,5351,9107,4328,4779,5204,2481,2723,1301,625,676,
52045,5204,2574,2630,9108,4452,4656,10408,5057,5351,9107,4328,4779,5204,2481,2723,1301,625,676,
52050,5205,2574,2631,9109,4452,4657,10410,5059,5351,9108,4328,4780,5204,2481,2723,1301,625,676,
52055,5206,2574,2632,9109,4452,4657,10410,5059,5351,9109,4329,4780,5204,2481,2723,1301,625,676,
52060,5207,2574,2633,9111,4454,4657,10413,5061,5352,9110,4329,4781,5205,2481,2724,1301,625,676,
52065,5207,2574,2633,9112,4455,4657,10413,5061,5352,9111,4330,4781,5205,2481,2724,1302,626,676,
52070,5208,2575,2633,9112,4455,4657,10414,5061,5353,9112,4331,4781,5207,2483,2724,1302,626,676,
52075,5208,2575,2633,9113,4455,4658,10415,5062,5353,9113,4331,4782,5208,2484,2724,1302,626,676,
52080,5208,2575,2633,9114,4456,4658,10416,5063,5353,9114,4331,4783,5208,2484,2724,1302,626,676,
52085,5208,2575,2633,9115,4456,4659,10416,5063,5353,9114,4331,4783,5208,2484,2724,1302,626,676,
52090,5209,2575,2634,9116,4456,4660,10418,5065,5353,9115,4331,4784,5208,2484,2724,1302,626,676,
52095,5210,2575,2635,9116,4456,4660,10418,5065,5353,9116,4331,4785,5208,2484,2724,1302,626,676,
52100,5211,2575,2636,9118,4456,4662,10421,5066,5355,9117,4331,4786,5209,2484,2725,1302,626,676,
52105,5211,2575,2636,9119,4456,4663,10421,5066,5355,9118,4331,4787,5209,2484,2725,1303,626,677,
52110,5212,2576,2636,9119,4456,4663,10422,5066,5356,9119,4332,4787,5211,2485,2726,1303,626,677,
52115,5212,2576,2636,9120,4457,4663,10423,5067,5356,9120,4332,4788,5212,2485,2727,1303,626,677,
52120,5212,2576,2636,9121,4458,4663,10424,5067,5357,9121,4333,4788,5212,2485,2727,1303,626,677,
52125,5212,2576,2636,9122,4459,4663,10424,5067,5357,9121,4333,4788,5212,2485,2727,1303,626,677,
52130,5213,2576,2637,9123,4459,4664,10426,5068,5358,9122,4333,4789,5212,2485,2727,1303,626,677,
52135,5214,2577,2637,9123,4459,4664,10426,5068,5358,9123,4334,4789,5212,2485,2727,1303,626,677,
52140,5215,2578,2637,9125,4460,4665,10429,5069,5360,9124,4334,4790,5213,2486,2727,1303,626,677,
52145,5215,2578,2637,9126,4460,4666,10429,5069,5360,9125,4334,4791,5213,2486,2727,1304,627,677,
52150,5216,2579,2637,9126,4460,4666,10430,5069,5361,9126,4334,4792,5215,2487,2728,1304,627,677,
52155,5216,2579,2637,9127,4460,4667,10431,5069,5362,9127,4334,4793,5216,2487,2729,1304,627,677,
52160,5216,2579,2637,9128,4461,4667,10432,5069,5363,9128,4335,4793,5216,2487,2729,1304,627,677,
52165,5216,2579,2637,9129,4462,4667,10432,5069,5363,9128,4335,4793,5216,2487,2729,1304,627,677,
52170,5217,2579,2638,9130,4462,4668,10434,5069,5365,9129,4336,4793,5216,2487,2729,1304,627,677,
52175,5218,2579,2639,9130,4462,4668,10434,5069,5365,9130,4337,4793,5216,2487,2729,1304,627,677,
52180,5219,2579,2640,9132,4463,4669,10437,5070,5367,9131,4337,4794,5217,2487,2730,1304,627,677,
52185,5219,2579,2640,9133,4464,4669,10437,5070,5367,9132,4337,4795,5217,2487,2730,1305,627,678,
52190,5220,2579,2641,9133,4464,4669,10438,5071,5367,9133,4338,4795,5219,2487,2732,1305,627,678,
52195,5220,2579,2641,9134,4464,4670,10439,5071,5368,9134,4339,4795,5220,2488,2732,1305,627,678,
52200,5220,2579,2641,9135,4465,4670,10440,5072,5368,9135,4339,4796,5220,2488,2732,1305,627,678,
52205,5220,2579,2641,9136,4466,4670,10440,5072,5368,9135,4339,4796,5220,2488,2732,1305,627,678,
52210,5221,2580,2641,9137,4467,4670,10442,5072,5370,9136,4340,4796,5220,2488,2732,1305,627,678,
52215,5222,2580,2642,9137,4467,4670,10442,5072,5370,9137,4341,4796,5220,2488,2732,1305,627,678,
52220,5223,2580,2643,9139,4469,4670,10445,5075,5370,9138,4342,4796,5221,2489,2732,1305,627,678,
52225,5223,2580,2643,9140,4470,4670,10445,5075,5370,9139,4342,4797,5221,2489,2732,1306,627,679,
52230,5224,2580,2644,9140,4470,4670,10446,5076,5370,9140,4343,4797,5223,2490,2733,1306,627,679,
52235,5224,2580,2644,9141,4470,4671,10447,5076,5371,9141,4344,4797,5224,2490,2734,1306,627,679,
52240,5224,2580,2644,9142,4470,4672,10448,5076,5372,9142,4345,4797,5224,2490,2734,1306,627,679,
52245,5224,2580,2644,9143,4471,4672,10448,5076,5372,9142,4345,4797,5224,2490,2734,1306,627,679,
52250,5225,2581,2644,9144,4471,4673,10450,5078,5372,9143,4345,4798,5224,2490,2734,1306,627,679,
52255,5226,2581,2645,9144,4471,4673,10450,5078,5372,9144,4346,4798,5224,2490,2734,1306,627,679,
52260,5227,2581,2646,9146,4472,4674,10453,5081,5372,9145,4347,4798,5225,2490,2735,1306,627,679,
52265,5227,2581,2646,9147,4472,4675,10453,5081,5372,9146,4347,4799,5225,2490,2735,1307,627,680,
52270,5228,2581,2647,9147,4472,4675,10454,5082,5372,9147,4348,4799,5227,2491,2736,1307,627,680,
52275,5228,2581,2647,9148,4472,4676,10455,5083,5372,9148,4348,4800,5228,2491,2737,1307,627,680,
52280,5228,2581,2647,9149,4473,4676,10456,5083,5373,9149,4349,4800,5228,2491,2737,1307,627,680,
52285,5228,2581,2647,9150,4473,4677,10456,5083,5373,9149,4349,4800,5228,2491,2737,1307,627,680,
52290,5229,2581,2648,9151,4473,4678,10458,5084,5374,9150,4349,4801,5228,2491,2737,1307,627,680,
52295,5230,2582,2648,9151,4473,4678,10458,5084,5374,9151,4349,4802,5228,2491,2737,1307,627,680,
52300,5231,2582,2649,9153,4473,4680,10461,5086,5375,9152,4350,4802,5229,2491,2738,1307,627,680,
52305,5231,2582,2649,9154,4473,4681,10461,5086,5375,9153,4350,4803,5229,2491,2738,1308,628,680,
52310,5232,2582,2650,9154,4473,4681,10462,5086,5376,9154,4350,4804,5231,2491,2740,1308,628,680,
52315,5232,2582,2650,9155,4473,4682,10463,5086,5377,9155,4351,4804,5232,2491,2741,1308,628,680,
52320,5232,2582,2650,9156,4473,4683,10464,5086,5378,9156,4352,4804,5232,2491,2741,1308,628,680,
52325,5232,2582,2650,9157,4474,4683,10464,5086,5378,9156,4352,4804,5232,2491,2741,1308,628,680,
52330,5233,2582,2651,9158,4474,4684,10466,5088,5378,9157,4352,4805,5232,2491,2741,1308,628,680,
52335,5234,2582,2652,9158,4474,4684,10466,5088,5378,9158,4352,4806,5232,2491,2741,1308,628,680,
52340,5235,2582,2653,9160,4475,4685,10469,5090,5379,9159,4353,4806,5233,2491,2742,1308,628,680,
52345,5235,2582,2653,9161,4476,4685,10469,5090,5379,9160,4354,4806,5233,2491,2742,1309,628,681,
52350,5236,2583,2653,9161,4476,4685,10470,5091,5379,9161,4355,4806,5235,2492,2743,1309,628,681,
52355,5236,2583,2653,9162,4476,4686,10471,5092,5379,9162,4355,4807,5236,2492,2744,1309,628,681,
52360,5236,2583,2653,9163,4477,4686,10472,5093,5379,9163,4355,4808,5236,2492,2744,1309,628,681,
52365,5236,2583,2653,9164,4478,4686,10472,5093,5379,9163,4355,4808,5236,2492,2744,1309,628,681,
52370,5237,2584,2653,9165,4479,4686,10474,5094,5380,9164,4355,4809,5236,2492,2744,1309,628,681,
52375,5238,2584,2654,9165,4479,4686,10474,5094,5380,9165,4355,4810,5236,2492,2744,1309,628,681,
52380,5239,2584,2655,9167,4480,4687,10477,5095,5382,9166,4356,4810,5237,2492,2745,1309,628,681,
52385,5239,2584,2655,9168,4480,4688,10477,5095,5382,9167,4357,4810,5237,2492,2745,1310,629,681,
52390,5240,2585,2655,9168,4480,4688,10478,5095,5383,9168,4357,4811,5239,2492,2747,1310,629,681,
52395,5240,2585,2655,9169,4481,4688,10479,5096,5383,9169,4358,4811,5240,2492,2748,1310,629,681,
52400,5240,2585,2655,9170,4482,4688,10480,5096,5384,9170,4358,4812,5240,2492,2748,1310,629,681,
52405,5240,2585,2655,9171,4482,4689,10480,5096,5384,9170,4358,4812,5240,2492,2748,1310,629,681,
52410,5241,2586,2655,9172,4482,4690,10482,5097,5385,9171,4358,4813,5240,2492,2748,1310,629,681,
52415,5242,2587,2655,9172,4482,4690,10482,5097,5385,9172,4359,4813,5240,2492,2748,1310,629,681,
52420,5243,2588,2655,9174,4484,4690,10485,5098,5387,9173,4359,4814,5241,2492,2749,1310,629,681,
52425,5243,2588,2655,9175,4485,4690,10485,5098,5387,9174,4360,4814,5241,2492,2749,1311,630,681,
52430,5244,2588,2656,9175,4485,4690,10486,5099,5387,9175,4360,4815,5243,2492,2751,1311,630,681,
52435,5244,2588,2656,9176,4485,4691,10487,5099,5388,9176,4360,4816,5244,2492,2752,1311,630,681,
52440,5244,2588,2656,9177,4485,4692,10488,5100,5388,9177,4360,4817,5244,2492,2752,1311,630,681,
52445,5244,2588,2656,9178,4486,4692,10488,5100,5388,9177,4360,4817,5244,2492,2752,1311,630,681,
52450,5245,2588,2657,9179,4487,4692,10490,5100,5390,9178,4361,4817,5244,2492,2752,1311,630,681,
52455,5246,2589,2657,9179,4487,4692,10490,5100,5390,9179,4361,4818,5244,2492,2752,1311,630,681,
52460,5247,2589,2658,9181,4488,4693,10493,5103,5390,9180,4362,4818,5245,2492,2753,1311,630,681,
52465,5247,2589,2658,9182,4488,4694,10493,5103,5390,9181,4362,4819,5245,2492,2753,1312,630,682,
52470,5248,2589,2659,9182,4488,4694,10494,5103,5391,9182,4362,4820,5247,2493,2754,1312,630,682,
52475,5248,2589,2659,9183,4488,4695,10495,5104,5391,9183,4362,4821,5248,2494,2754,1312,630,682,
52480,5248,2589,2659,9184,4488,4696,10496,5104,5392,9184,4362,4822,5248,2494,2754,1312,630,682,
52485,5248,2589,2659,9185,4488,4697,10496,5104,5392,9184,4362,4822,5248,2494,2754,1312,630,682,
52490,5249,2590,2659,9186,4488,4698,10498,5104,5394,9185,4363,4822,5248,2494,2754,1312,630,682,
52495,5250,2590,2660,9186,4488,4698,10498,5104,5394,9186,4364,4822,5248,2494,2754,1312,630,682,
52500,5251,2590,2661,9188,4488,4700,10501,5105,5396,9187,4365,4822,5249,2494,2755,1312,630,682,
52505,5251,2590,2661,9189,4488,4701,10501,5105,5396,9188,4366,4822,5249,2494,2755,1313,631,682,
52510,5252,2591,2661,9189,4488,4701,10502,5105,5397,9189,4366,4823,5251,2496,2755,1313,631,682,
52515,5252,2591,2661,9190,4488,4702,10503,5106,5397,9190,4366,4824,5252,2496,2756,1313,631,682,
52520,5252,2591,2661,9191,4488,4703,10504,5107,5397,9191,4367,4824,5252,2496,2756,1313,631,682,
52525,5252,2591,2661,9192,4488,4704,10504,5107,5397,9191,4367,4824,5252,2496,2756,1313,631,682,
52530,5253,2591,2662,9193,4488,4705,10506,5107,5399,9192,4368,4824,5252,2496,2756,1313,631,682,
52535,5254,2591,2663,9193,4488,4705,10506,5107,5399,9193,4368,4825,5252,2496,2756,1313,631,682,
52540,5255,2591,2664,9195,4488,4707,10509,5108,5401,9194,4368,4826,5253,2497,2756,1313,631,682,
52545,5255,2591,2664,9196,4489,4707,10509,5108,5401,9195,4369,4826,5253,2497,2756,1314,632,682,
52550,5256,2592,2664,9196,4489,4707,10510,5108,5402,9196,4369,4827,5255,2498,2757,1314,632,682,
52555,5256,2592,2664,9197,4489,4708,10511,5109,5402,9197,4370,4827,5256,2499,2757,1314,632,682,
52560,5256,2592,2664,9198,4489,4709,10512,5109,5403,9198,4370,4828,5256,2499,2757,1314,632,682,
52565,5256,2592,2664,9199,4489,4710,10512,5109,5403,9198,4370,4828,5256,2499,2757,1314,632,682,
52570,5257,2592,2665,9200,4490,4710,10514,5110,5404,9199,4371,4828,5256,2499,2757,1314,632,682,
52575,5258,2593,2665,9200,4490,4710,10514,5110,5404,9200,4372,4828,5256,2499,2757,1314,632,682,
52580,5259,2593,2666,9202,4491,4711,10517,5111,5406,9201,4372,4829,5257,2500,2757,1314,632,682,
52585,5259,2593,2666,9203,4491,4712,10517,5111,5406,9202,4372,4830,5257,2500,2757,1315,632,683,
52590,5260,2593,2667,9203,4491,4712,10518,5112,5406,9203,4373,4830,5259,2501,2758,1315,632,683,
52595,5260,2593,2667,9204,4491,4713,10519,5113,5406,9204,4374,4830,5260,2501,2759,1315,632,683,
52600,5260,2593,2667,9205,4492,4713,10520,5113,5407,9205,4374,4831,5260,2501,2759,1315,632,683,
52605,5260,2593,2667,9206,4492,4714,10520,5113,5407,9205,4374,4831,5260,2501,2759,1315,632,683,
52610,5261,2593,2668,9207,4493,4714,10522,5115,5407,9206,4375,4831,5260,2501,2759,1315,632,683,
52615,5262,2594,2668,9207,4493,4714,10522,5115,5407,9207,4376,4831,5260,2501,2759,1315,632,683,
52620,5263,2595,2668,9209,4494,4715,10525,5116,5409,9208,4376,4832,5261,2501,2760,1315,632,683,
52625,5263,2595,2668,9210,4495,4715,10525,5116,5409,9209,4376,4833,5261,2501,2760,1316,633,683,
52630,5264,2596,2668,9210,4495,4715,10526,5117,5409,9210,4377,4833,5263,2502,2761,1316,633,683,
52635,5264,2596,2668,9211,4496,4715,10527,5118,5409,9211,4378,4833,5264,2503,2761,1316,633,683,
52640,5264,2596,2668,9212,4496,4716,10528,5119,5409,9212,4378,4834,5264,2503,2761,1316,633,683,
52645,5264,2596,2668,9213,4497,4716,10528,5119,5409,9212,4378,4834,5264,2503,2761,1316,633,683,
52650,5265,2597,2668,9214,4497,4717,10530,5119,5411,9213,4378,4835,5264,2503,2761,1316,633,683,
52655,5266,2598,2668,9214,4497,4717,10530,5119,5411,9214,4379,4835,5264,2503,2761,1316,633,683,
52660,5267,2598,2669,9216,4497,4719,10533,5119,5414,9215,4380,4835,5265,2503,2762,1316,633,683,
52665,5267,2598,2669,9217,4497,4720,10533,5119,5414,9216,4381,4835,5265,2503,2762,1317,634,683,
52670,5268,2598,2670,9217,4497,4720,10534,5119,5415,9217,4381,4836,5267,2504,2763,1317,634,683,
52675,5268,2598,2670,9218,4498,4720,10535,5119,5416,9218,4381,4837,5268,2504,2764,1317,634,683,
52680,5268,2598,2670,9219,4499,4720,10536,5120,5416,9219,4381,4838,5268,2504,2764,1317,634,683,
52685,5268,2598,2670,9220,4500,4720,10536,5120,5416,9219,4381,4838,5268,2504,2764,1317,634,683,
52690,5269,2598,2671,9221,4501,4720,10538,5120,5418,9220,4381,4839,5268,2504,2764,1317,634,683,
52695,5270,2598,2672,9221,4501,4720,10538,5120,5418,9221,4382,4839,5268,2504,2764,1317,634,683,
52700,5271,2598,2673,9223,4501,4722,10541,5122,5419,9222,4383,4839,5269,2504,2765,1317,634,683,
52705,5271,2598,2673,9224,4502,4722,10541,5122,5419,9223,4384,4839,5269,2504,2765,1318,635,683,
52710,5272,2599,2673,9224,4502,4722,10542,5122,5420,9224,4384,4840,5271,2506,2765,1318,635,683,
52715,5272,2599,2673,9225,4503,4722,10543,5123,5420,9225,4385,4840,5272,2506,2766,1318,635,683,
52720,5272,2599,2673,9226,4503,4723,10544,5124,5420,9226,4386,4840,5272,2506,2766,1318,635,683,
52725,5272,2599,2673,9227,4504,4723,10544,5124,5420,9226,4386,4840,5272,2506,2766,1318,635,683,
52730,5273,2599,2674,9228,4504,4724,10546,5126,5420,9227,4387,4840,5272,2506,2766,1318,635,683,
52735,5274,2599,2675,9228,4504,4724,10546,5126,5420,9228,4387,4841,5272,2506,2766,1318,635,683,
52740,5275,2599,2676,9230,4505,4725,10549,5127,5422,9229,4388,4841,5273,2507,2766,1318,635,683,
52745,5275,2599,2676,9231,4506,4725,10549,5127,5422,9230,4388,4842,5273,2507,2766,1319,636,683,
52750,5276,2599,2677,9231,4506,4725,10550,5128,5422,9231,4389,4842,5275,2507,2768,1319,636,683,
52755,5276,2599,2677,9232,4507,4725,10551,5128,5423,9232,4389,4843,5276,2508,2768,1319,636,683,
52760,5276,2599,2677,9233,4507,4726,10552,5129,5423,9233,4389,4844,5276,2508,2768,1319,636,683,
52765,5276,2599,2677,9234,4508,4726,10552,5129,5423,9233,4389,4844,5276,2508,2768,1319,636,683,
52770,5277,2600,2677,9235,4508,4727,10554,5130,5424,9234,4390,4844,5276,2508,2768,1319,636,683,
52775,5278,2601,2677,9235,4508,4727,10554,5130,5424,9235,4390,4845,5276,2508,2768,1319,636,683,
52780,5279,2601,2678,9237,4509,4728,10557,5131,5426,9236,4390,4846,5277,2509,2768,1319,636,683,
52785,5279,2601,2678,9238,4509,4729,10557,5131,5426,9237,4391,4846,5277,2509,2768,1320,637,683,
52790,5280,2601,2679,9238,4509,4729,10558,5132,5426,9238,4392,4846,5279,2510,2769,1320,637,683,
52795,5280,2601,2679,9239,4510,4729,10559,5133,5426,9239,4392,4847,5280,2510,2770,1320,637,683,
52800,5280,2601,2679,9240,4511,4729,10560,5133,5427,9240,4392,4848,5280,2510,2770,1320,637,683,
52805,5280,2601,2679,9241,4512,4729,10560,5133,5427,9240,4392,4848,5280,2510,2770,1320,637,683,
52810,5281,2601,2680,9242,4512,4730,10562,5135,5427,9241,4393,4848,5280,2510,2770,1320,637,683,
52815,5282,2602,2680,9242,4512,4730,10562,5135,5427,9242,4393,4849,5280,2510,2770,1320,637,683,
52820,5283,2603,2680,9244,4512,4732,10565,5136,5429,9243,4393,4850,5281,2511,2770,1320,637,683,
52825,5283,2603,2680,9245,4513,4732,10565,5136,5429,9244,4394,4850,5281,2511,2770,1321,638,683,
52830,5284,2604,2680,9245,4513,4732,10566,5137,5429,9245,4395,4850,5283,2512,2771,1321,638,683,
52835,5284,2604,2680,9246,4513,4733,10567,5137,5430,9246,4396,4850,5284,2513,2771,1321,638,683,
52840,5284,2604,2680,9247,4513,4734,10568,5138,5430,9247,4396,4851,5284,2513,2771,1321,638,683,
52845,5284,2604,2680,9248,4513,4735,10568,5138,5430,9247,4396,4851,5284,2513,2771,1321,638,683,
52850,5285,2605,2680,9249,4513,4736,10570,5139,5431,9248,4396,4852,5284,2513,2771,1321,638,683,
52855,5286,2605,2681,9249,4513,4736,10570,5139,5431,9249,4396,4853,5284,2513,2771,1321,638,683,
52860,5287,2605,2682,9251,4514,4737,10573,5140,5433,9250,4396,4854,5285,2514,2771,1321,638,683,
52865,5287,2605,2682,9252,4514,4738,10573,5140,5433,9251,4397,4854,5285,2514,2771,1322,638,684,
52870,5288,2606,2682,9252,4514,4738,10574,5141,5433,9252,4398,4854,5287,2514,2773,1322,638,684,
52875,5288,2606,2682,9253,4514,4739,10575,5141,5434,9253,4398,4855,5288,2515,2773,1322,638,684,
52880,5288,2606,2682,9254,4514,4740,10576,5141,5435,9254,4398,4856,5288,2515,2773,1322,638,684,
52885,5288,2606,2682,9255,4515,4740,10576,5141,5435,9254,4398,4856,5288,2515,2773,1322,638,684,
52890,5289,2606,2683,9256,4516,4740,10578,5143,5435,9255,4398,4857,5288,2515,2773,1322,638,684,
52895,5290,2607,2683,9256,4516,4740,10578,5143,5435,9256,4399,4857,5288,2515,2773,1322,638,684,
52900,5291,2607,2684,9258,4517,4741,10581,5144,5437,9257,4400,4857,5289,2516,2773,1322,638,684,
52905,5291,2607,2684,9259,4517,4742,10581,5144,5437,9258,4401,4857,5289,2516,2773,1323,638,685,
52910,5292,2608,2684,9259,4517,4742,10582,5145,5437,9259,4402,4857,5291,2517,2774,1323,638,685,
52915,5292,2608,2684,9260,4517,4743,10583,5145,5438,9260,4403,4857,5292,2518,2774,1323,638,685,
52920,5292,2608,2684,9261,4517,4744,10584,5145,5439,9261,4403,4858,5292,2518,2774,1323,638,685,
52925,5292,2608,2684,9262,4518,4744,10584,5145,5439,9261,4403,4858,5292,2518,2774,1323,638,685,
52930,5293,2608,2685,9263,4518,4745,10586,5146,5440,9262,4403,4859,5292,2518,2774,1323,638,685,
52935,5294,2609,2685,9263,4518,4745,10586,5146,5440,9263,4404,4859,5292,2518,2774,1323,638,685,
52940,5295,2610,2685,9265,4520,4745,10589,5148,5441,9264,4404,4860,5293,2519,2774,1323,638,685,
52945,5295,2610,2685,9266,4521,4745,10589,5148,5441,9265,4405,4860,5293,2519,2774,1324,638,686,
52950,5296,2611,2685,9266,4521,4745,10590,5149,5441,9266,4406,4860,5295,2521,2774,1324,638,686,
52955,5296,2611,2685,9267,4521,4746,10591,5149,5442,9267,4407,4860,5296,2521,2775,1324,638,686,
52960,5296,2611,2685,9268,4522,4746,10592,5150,5442,9268,4407,4861,5296,2521,2775,1324,638,686,
52965,5296,2611,2685,9269,4523,4746,10592,5150,5442,9268,4407,4861,5296,2521,2775,1324,638,686,
52970,5297,2612,2685,9270,4524,4746,10594,5151,5443,9269,4407,4862,5296,2521,2775,1324,638,686,
52975,5298,2612,2686,9270,4524,4746,10594,5151,5443,9270,4408,4862,5296,2521,2775,1324,638,686,
52980,5299,2613,2686,9272,4525,4747,10597,5152,5445,9271,4409,4862,5297,2522,2775,1324,638,686,
52985,5299,2613,2686,9273,4526,4747,10597,5152,5445,9272,4410,4862,5297,2522,2775,1325,639,686,
52990,5300,2613,2687,9273,4526,4747,10598,5152,5446,9273,4410,4863,5299,2524,2775,1325,639,686,
52995,5300,2613,2687,9274,4527,4747,10599,5152,5447,9274,4410,4864,5300,2524,2776,1325,639,686,
53000,5300,2613,2687,9275,4528,4747,10600,5153,5447,9275,4411,4864,5300,2524,2776,1325,639,686,
53005,5300,2613,2687,9276,4528,4748,10600,5153,5447,9275,4411,4864,5300,2524,2776,1325,639,686,
53010,5301,2614,2687,9277,4529,4748,10602,5154,5448,9276,4411,4865,5300,2524,2776,1325,639,686,
53015,5302,2614,2688,9277,4529,4748,10602,5154,5448,9277,4412,4865,5300,2524,2776,1325,639,686,
53020,5303,2614,2689,9279,4530,4749,10605,5156,5449,9278,4413,4865,5301,2525,2776,1325,639,686,
53025,5303,2614,2689,9280,4531,4749,10605,5156,5449,9279,4413,4866,5301,2525,2776,1326,640,686,
53030,5304,2614,2690,9280,4531,4749,10606,5157,5449,9280,4413,4867,5303,2526,2777,1326,640,686,
53035,5304,2614,2690,9281,4531,4750,10607,5158,5449,9281,4413,4868,5304,2526,2778,1326,640,686,
53040,5304,2614,2690,9282,4532,4750,10608,5158,5450,9282,4413,4869,5304,2526,2778,1326,640,686,
53045,5304,2614,2690,9283,4533,4750,10608,5158,5450,9282,4413,4869,5304,2526,2778,1326,640,686,
53050,5305,2615,2690,9284,4534,4750,10610,5159,5451,9283,4413,4870,5304,2526,2778,1326,640,686,
53055,5306,2616,2690,9284,4534,4750,10610,5159,5451,9284,4414,4870,5304,2526,2778,1326,640,686,
53060,5307,2617,2690,9286,4535,4751,10613,5161,5452,9285,4414,4871,5305,2527,2778,1326,640,686,
53065,5307,2617,2690,9287,4536,4751,10613,5161,5452,9286,4415,4871,5305,2527,2778,1327,640,687,
53070,5308,2618,2690,9287,4536,4751,10614,5161,5453,9287,4415,4872,5307,2529,2778,1327,640,687,
53075,5308,2618,2690,9288,4537,4751,10615,5161,5454,9288,4416,4872,5308,2529,2779,1327,640,687,
53080,5308,2618,2690,9289,4538,4751,10616,5161,5455,9289,4416,4873,5308,2529,2779,1327,640,687,
53085,5308,2618,2690,9290,4538,4752,10616,5161,5455,9289,4416,4873,5308,2529,2779,1327,640,687,
53090,5309,2619,2690,9291,4539,4752,10618,5162,5456,9290,4417,4873,5308,2529,2779,1327,640,687,
53095,5310,2620,2690,9291,4539,4752,10618,5162,5456,9291,4418,4873,5308,2529,2779,1327,640,687,
53100,5311,2620,2691,9293,4541,4752,10621,5163,5458,9292,4418,4874,5309,2529,2780,1327,640,687,
53105,5311,2620,2691,9294,4541,4753,10621,5163,5458,9293,4419,4874,5309,2529,2780,1328,640,688,
53110,5312,2621,2691,9294,4541,4753,10622,5164,5458,9294,4420,4874,5311,2529,2782,1328,640,688,
53115,5312,2621,2691,9295,4541,4754,10623,5165,5458,9295,4421,4874,5312,2529,2783,1328,640,688,
53120,5312,2621,2691,9296,4541,4755,10624,5166,5458,9296,4422,4874,5312,2529,2783,1328,640,688,
53125,5312,2621,2691,9297,4541,4756,10624,5166,5458,9296,4422,4874,5312,2529,2783,1328,640,688,
53130,5313,2622,2691,9298,4542,4756,10626,5168,5458,9297,4423,4874,5312,2529,2783,1328,640,688,
53135,5314,2623,2691,9298,4542,4756,10626,5168,5458,9298,4423,4875,5312,2529,2783,1328,640,688,
53140,5315,2624,2691,9300,4544,4756,10629,5170,5459,9299,4424,4875,5313,2530,2783,1328,640,688,
53145,5315,2624,2691,9301,4545,4756,10629,5170,5459,9300,4424,4876,5313,2530,2783,1329,641,688,
53150,5316,2625,2691,9301,4545,4756,10630,5171,5459,9301,4425,4876,5315,2531,2784,1329,641,688,
53155,5316,2625,2691,9302,4545,4757,10631,5172,5459,9302,4426,4876,5316,2532,2784,1329,641,688,
53160,5316,2625,2691,9303,4546,4757,10632,5173,5459,9303,4426,4877,5316,2532,2784,1329,641,688,
53165,5316,2625,2691,9304,4546,4758,10632,5173,5459,9303,4426,4877,5316,2532,2784,1329,641,688,
53170,5317,2626,2691,9305,4547,4758,10634,5173,5461,9304,4426,4878,5316,2532,2784,1329,641,688,
53175,5318,2627,2691,9305,4547,4758,10634,5173,5461,9305,4426,4879,5316,2532,2784,1329,641,688,
53180,5319,2627,2692,9307,4547,4760,10637,5174,5463,9306,4427,4879,5317,2532,2785,1329,641,688,
53185,5319,2627,2692,9308,4548,4760,10637,5174,5463,9307,4428,4879,5317,2532,2785,1330,641,689,
53190,5320,2628,2692,9308,4548,4760,10638,5175,5463,9308,4428,4880,5319,2534,2785,1330,641,689,
53195,5320,2628,2692,9309,4548,4761,10639,5175,5464,9309,4428,4881,5320,2534,2786,1330,641,689,
53200,5320,2628,2692,9310,4549,4761,10640,5176,5464,9310,4429,4881,5320,2534,2786,1330,641,689,
53205,5320,2628,2692,9311,4550,4761,10640,5176,5464,9310,4429,4881,5320,2534,2786,1330,641,689,
53210,5321,2629,2692,9312,4551,4761,10642,5177,5465,9311,4429,4882,5320,2534,2786,1330,641,689,
53215,5322,2629,2693,9312,4551,4761,10642,5177,5465,9312,4429,4883,5320,2534,2786,1330,641,689,
53220,5323,2630,2693,9314,4551,4763,10645,5177,5468,9313,4429,4884,5321,2535,2786,1330,641,689,
53225,5323,2630,2693,9315,4552,4763,10645,5177,5468,9314,4429,4885,5321,2535,2786,1331,641,690,
53230,5324,2630,2694,9315,4552,4763,10646,5178,5468,9315,4430,4885,5323,2536,2787,1331,641,690,
53235,5324,2630,2694,9316,4552,4764,10647,5179,5468,9316,4430,4886,5324,2536,2788,1331,641,690,
53240,5324,2630,2694,9317,4553,4764,10648,5180,5468,9317,4431,4886,5324,2536,2788,1331,641,690,
53245,5324,2630,2694,9318,4554,4764,10648,5180,5468,9317,4431,4886,5324,2536,2788,1331,641,690,
53250,5325,2630,2695,9319,4554,4765,10650,5181,5469,9318,4431,4887,5324,2536,2788,1331,641,690,
53255,5326,2631,2695,9319,4554,4765,10650,5181,5469,9319,4431,4888,5324,2536,2788,1331,641,690,
53260,5327,2632,2695,9321,4555,4766,10653,5183,5470,9320,4431,4889,5325,2537,2788,1331,641,690,
53265,5327,2632,2695,9322,4555,4767,10653,5183,5470,9321,4432,4889,5325,2537,2788,1332,641,691,
53270,5328,2633,2695,9322,4555,4767,10654,5183,5471,9322,4432,4890,5327,2538,2789,1332,641,691,
53275,5328,2633,2695,9323,4556,4767,10655,5184,5471,9323,4433,4890,5328,2538,2790,1332,641,691,
53280,5328,2633,2695,9324,4557,4767,10656,5185,5471,9324,4434,4890,5328,2538,2790,1332,641,691,
53285,5328,2633,2695,9325,4557,4768,10656,5185,5471,9324,4434,4890,5328,2538,2790,1332,641,691,
53290,5329,2634,2695,9326,4557,4769,10658,5185,5473,9325,4434,4891,5328,2538,2790,1332,641,691,
53295,5330,2634,2696,9326,4557,4769,10658,5185,5473,9326,4435,4891,5328,2538,2790,1332,641,691,
53300,5331,2634,2697,9328,4558,4770,10661,5186,5475,9327,4436,4891,5329,2538,2791,1332,641,691,
53305,5331,2634,2697,9329,4558,4771,10661,5186,5475,9328,4437,4891,5329,2538,2791,1333,641,692,
53310,5332,2634,2698,9329,4558,4771,10662,5186,5476,9329,4438,4891,5331,2539,2792,1333,641,692,
53315,5332,2634,2698,9330,4559,4771,10663,5186,5477,9330,4439,4891,5332,2539,2793,1333,641,692,
53320,5332,2634,2698,9331,4559,4772,10664,5186,5478,9331,4439,4892,5332,2539,2793,1333,641,692,
53325,5332,2634,2698,9332,4559,4773,10664,5186,5478,9331,4439,4892,5332,2539,2793,1333,641,692,
53330,5333,2635,2698,9333,4560,4773,10666,5187,5479,9332,4439,4893,5332,2539,2793,1333,641,692,
53335,5334,2636,2698,9333,4560,4773,10666,5187,5479,9333,4440,4893,5332,2539,2793,1333,641,692,
53340,5335,2637,2698,9335,4562,4773,10669,5188,5481,9334,4441,4893,5333,2540,2793,1333,641,692,
53345,5335,2637,2698,9336,4562,4774,10669,5188,5481,9335,4441,4894,5333,2540,2793,1334,642,692,
53350,5336,2637,2699,9336,4562,4774,10670,5189,5481,9336,4442,4894,5335,2542,2793,1334,642,692,
53355,5336,2637,2699,9337,4562,4775,10671,5189,5482,9337,4442,4895,5336,2543,2793,1334,642,692,
53360,5336,2637,2699,9338,4562,4776,10672,5189,5483,9338,4443,4895,5336,2543,2793,1334,642,692,
53365,5336,2637,2699,9339,4563,4776,10672,5189,5483,9338,4443,4895,5336,2543,2793,1334,642,692,
53370,5337,2638,2699,9340,4564,4776,10674,5189,5485,9339,4443,4896,5336,2543,2793,1334,642,692,
53375,5338,2639,2699,9340,4564,4776,10674,5189,5485,9340,4443,4897,5336,2543,2793,1334,642,692,
53380,5339,2640,2699,9342,4564,4778,10677,5190,5487,9341,4444,4897,5337,2544,2793,1334,642,692,
53385,5339,2640,2699,9343,4564,4779,10677,5190,5487,9342,4444,4898,5337,2544,2793,1335,643,692,
53390,5340,2641,2699,9343,4564,4779,10678,5190,5488,9343,4444,4899,5339,2545,2794,1335,643,692,
53395,5340,2641,2699,9344,4565,4779,10679,5191,5488,9344,4445,4899,5340,2546,2794,1335,643,692,
53400,5340,2641,2699,9345,4565,4780,10680,5192,5488,9345,4445,4900,5340,2546,2794,1335,643,692,
53405,5340,2641,2699,9346,4565,4781,10680,5192,5488,9345,4445,4900,5340,2546,2794,1335,643,692,
53410,5341,2641,2700,9347,4566,4781,10682,5192,5490,9346,4446,4900,5340,2546,2794,1335,643,692,
53415,5342,2641,2701,9347,4566,4781,10682,5192,5490,9347,4447,4900,5340,2546,2794,1335,643,692,
53420,5343,2641,2702,9349,4566,4783,10685,5193,5492,9348,4447,4901,5341,2546,2795,1335,643,692,
53425,5343,2641,2702,9350,4566,4784,10685,5193,5492,9349,4448,4901,5341,2546,2795,1336,643,693,
53430,5344,2641,2703,9350,4566,4784,10686,5193,5493,9350,4449,4901,5343,2546,2797,1336,643,693,
53435,5344,2641,2703,9351,4566,4785,10687,5193,5494,9351,4450,4901,5344,2547,2797,1336,643,693,
53440,5344,2641,2703,9352,4566,4786,10688,5193,5495,9352,4451,4901,5344,2547,2797,1336,643,693,
53445,5344,2641,2703,9353,4566,4787,10688,5193,5495,9352,4451,4901,5344,2547,2797,1336,643,693,
53450,5345,2642,2703,9354,4566,4788,10690,5195,5495,9353,4452,4901,5344,2547,2797,1336,643,693,
53455,5346,2643,2703,9354,4566,4788,10690,5195,5495,9354,4452,4902,5344,2547,2797,1336,643,693,
53460,5347,2643,2704,9356,4567,4789,10693,5196,5497,9355,4452,4903,5345,2547,2798,1336,643,693,
53465,5347,2643,2704,9357,4568,4789,10693,5196,5497,9356,4452,4904,5345,2547,2798,1337,644,693,
53470,5348,2643,2705,9357,4568,4789,10694,5197,5497,9357,4452,4905,5347,2547,2800,1337,644,693,
53475,5348,2643,2705,9358,4569,4789,10695,5197,5498,9358,4452,4906,5348,2547,2801,1337,644,693,
53480,5348,2643,2705,9359,4569,4790,10696,5197,5499,9359,4453,4906,5348,2547,2801,1337,644,693,
53485,5348,2643,2705,9360,4570,4790,10696,5197,5499,9359,4453,4906,5348,2547,2801,1337,644,693,
53490,5349,2644,2705,9361,4570,4791,10698,5198,5500,9360,4453,4907,5348,2547,2801,1337,644,693,
53495,5350,2644,2706,9361,4570,4791,10698,5198,5500,9361,4453,4908,5348,2547,2801,1337,644,693,
53500,5351,2645,2706,9363,4570,4793,10701,5199,5502,9362,4453,4909,5349,2547,2802,1337,644,693,
53505,5351,2645,2706,9364,4570,4794,10701,5199,5502,9363,4453,4910,5349,2547,2802,1338,644,694,
53510,5352,2646,2706,9364,4570,4794,10702,5200,5502,9364,4453,4911,5351,2547,2804,1338,644,694,
53515,5352,2646,2706,9365,4571,4794,10703,5200,5503,9365,4453,4912,5352,2547,2805,1338,644,694,
53520,5352,2646,2706,9366,4571,4795,10704,5200,5504,9366,4453,4913,5352,2547,2805,1338,644,694,
53525,5352,2646,2706,9367,4572,4795,10704,5200,5504,9366,4453,4913,5352,2547,2805,1338,644,694,
53530,5353,2647,2706,9368,4573,4795,10706,5201,5505,9367,4453,4914,5352,2547,2805,1338,644,694,
53535,5354,2647,2707,9368,4573,4795,10706,5201,5505,9368,4453,4915,5352,2547,2805,1338,644,694,
53540,5355,2647,2708,9370,4574,4796,10709,5202,5507,9369,4453,4916,5353,2547,2806,1338,644,694,
53545,5355,2647,2708,9371,4575,4796,10709,5202,5507,9370,4454,4916,5353,2547,2806,1339,644,695,
53550,5356,2648,2708,9371,4575,4796,10710,5202,5508,9371,4454,4917,5355,2549,2806,1339,644,695,
53555,5356,2648,2708,9372,4576,4796,10711,5203,5508,9372,4454,4918,5356,2550,2806,1339,644,695,
53560,5356,2648,2708,9373,4576,4797,10712,5204,5508,9373,4454,4919,5356,2550,2806,1339,644,695,
53565,5356,2648,2708,9374,4576,4798,10712,5204,5508,9373,4454,4919,5356,2550,2806,1339,644,695,
53570,5357,2649,2708,9375,4576,4799,10714,5204,5510,9374,4455,4919,5356,2550,2806,1339,644,695,
53575,5358,2650,2708,9375,4576,4799,10714,5204,5510,9375,4456,4919,5356,2550,2806,1339,644,695,
53580,5359,2650,2709,9377,4577,4800,10717,5206,5511,9376,4457,4919,5357,2550,2807,1339,644,695,
53585,5359,2650,2709,9378,4578,4800,10717,5206,5511,9377,4457,4920,5357,2550,2807,1340,644,696,
53590,5360,2651,2709,9378,4578,4800,10718,5207,5511,9378,4457,4921,5359,2552,2807,1340,644,696,
53595,5360,2651,2709,9379,4579,4800,10719,5208,5511,9379,4457,4922,5360,2552,2808,1340,644,696,
53600,5360,2651,2709,9380,4579,4801,10720,5208,5512,9380,4458,4922,5360,2552,2808,1340,644,696,
53605,5360,2651,2709,9381,4579,4802,10720,5208,5512,9380,4458,4922,5360,2552,2808,1340,644,696,
53610,5361,2651,2710,9382,4580,4802,10722,5209,5513,9381,4459,4922,5360,2552,2808,1340,644,696,
53615,5362,2651,2711,9382,4580,4802,10722,5209,5513,9382,4459,4923,5360,2552,2808,1340,644,696,
53620,5363,2651,2712,9384,4581,4803,10725,5210,5515,9383,4460,4923,5361,2553,2808,1340,644,696,
53625,5363,2651,2712,9385,4581,4804,10725,5210,5515,9384,4461,4923,5361,2553,2808,1341,645,696,
53630,5364,2652,2712,9385,4581,4804,10726,5210,5516,9385,4462,4923,5363,2555,2808,1341,645,696,
53635,5364,2652,2712,9386,4581,4805,10727,5210,5517,9386,4463,4923,5364,2555,2809,1341,645,696,
53640,5364,2652,2712,9387,4582,4805,10728,5210,5518,9387,4464,4923,5364,2555,2809,1341,645,696,
53645,5364,2652,2712,9388,4582,4806,10728,5210,5518,9387,4464,4923,5364,2555,2809,1341,645,696,
53650,5365,2652,2713,9389,4583,4806,10730,5210,5520,9388,4465,4923,5364,2555,2809,1341,645,696,
53655,5366,2652,2714,9389,4583,4806,10730,5210,5520,9389,4465,4924,5364,2555,2809,1341,645,696,
53660,5367,2653,2714,9391,4584,4807,10733,5213,5520,9390,4465,4925,5365,2556,2809,1341,645,696,
53665,5367,2653,2714,9392,4585,4807,10733,5213,5520,9391,4466,4925,5365,2556,2809,1342,646,696,
53670,5368,2653,2715,9392,4585,4807,10734,5214,5520,9392,4466,4926,5367,2558,2809,1342,646,696,
53675,5368,2653,2715,9393,4586,4807,10735,5214,5521,9393,4467,4926,5368,2559,2809,1342,646,696,
53680,5368,2653,2715,9394,4587,4807,10736,5215,5521,9394,4468,4926,5368,2559,2809,1342,646,696,
53685,5368,2653,2715,9395,4587,4808,10736,5215,5521,9394,4468,4926,5368,2559,2809,1342,646,696,
53690,5369,2654,2715,9396,4588,4808,10738,5216,5522,9395,4469,4926,5368,2559,2809,1342,646,696,
53695,5370,2655,2715,9396,4588,4808,10738,5216,5522,9396,4469,4927,5368,2559,2809,1342,646,696,
53700,5371,2655,2716,9398,4589,4809,10741,5218,5523,9397,4469,4928,5369,2560,2809,1342,646,696,
53705,5371,2655,2716,9399,4589,4810,10741,5218,5523,9398,4470,4928,5369,2560,2809,1343,647,696,
53710,5372,2655,2717,9399,4589,4810,10742,5219,5523,9399,4471,4928,5371,2561,2810,1343,647,696,
53715,5372,2655,2717,9400,4589,4811,10743,5220,5523,9400,4471,4929,5372,2561,2811,1343,647,696,
53720,5372,2655,2717,9401,4590,4811,10744,5220,5524,9401,4471,4930,5372,2561,2811,1343,647,696,
53725,5372,2655,2717,9402,4590,4812,10744,5220,5524,9401,4471,4930,5372,2561,2811,1343,647,696,
53730,5373,2655,2718,9403,4591,4812,10746,5221,5525,9402,4472,4930,5372,2561,2811,1343,647,696,
53735,5374,2656,2718,9403,4591,4812,10746,5221,5525,9403,4473,4930,5372,2561,2811,1343,647,696,
53740,5375,2657,2718,9405,4591,4814,10749,5221,5528,9404,4473,4931,5373,2562,2811,1343,647,696,
53745,5375,2657,2718,9406,4592,4814,10749,5221,5528,9405,4474,4931,5373,2562,2811,1344,647,697,
53750,5376,2658,2718,9406,4592,4814,10750,5221,5529,9406,4474,4932,5375,2562,2813,1344,647,697,
53755,5376,2658,2718,9407,4593,4814,10751,5221,5530,9407,4474,4933,5376,2563,2813,1344,647,697,
53760,5376,2658,2718,9408,4594,4814,10752,5222,5530,9408,4474,4934,5376,2563,2813,1344,647,697,
53765,5376,2658,2718,9409,4594,4815,10752,5222,5530,9408,4474,4934,5376,2563,2813,1344,647,697,
53770,5377,2658,2719,9410,4594,4816,10754,5223,5531,9409,4475,4934,5376,2563,2813,1344,647,697,
53775,5378,2659,2719,9410,4594,4816,10754,5223,5531,9410,4475,4935,5376,2563,2813,1344,647,697,
53780,5379,2660,2719,9412,4595,4817,10757,5225,5532,9411,4476,4935,5377,2564,2813,1344,647,697,
53785,5379,2660,2719,9413,4595,4818,10757,5225,5532,9412,4477,4935,5377,2564,2813,1345,647,698,
53790,5380,2661,2719,9413,4595,4818,10758,5225,5533,9413,4478,4935,5379,2565,2814,1345,647,698,
53795,5380,2661,2719,9414,4595,4819,10759,5225,5534,9414,4479,4935,5380,2566,2814,1345,647,698,
53800,5380,2661,2719,9415,4595,4820,10760,5225,5535,9415,4480,4935,5380,2566,2814,1345,647,698,
53805,5380,2661,2719,9416,4595,4821,10760,5225,5535,9415,4480,4935,5380,2566,2814,1345,647,698,
53810,5381,2661,2720,9417,4596,4821,10762,5226,5536,9416,4481,4935,5380,2566,2814,1345,647,698,
53815,5382,2662,2720,9417,4596,4821,10762,5226,5536,9417,4481,4936,5380,2566,2814,1345,647,698,
53820,5383,2663,2720,9419,4598,4821,10765,5227,5538,9418,4482,4936,5381,2567,2814,1345,647,698,
53825,5383,2663,2720,9420,4599,4821,10765,5227,5538,9419,4483,4936,5381,2567,2814,1346,647,699,
53830,5384,2664,2720,9420,4599,4821,10766,5227,5539,9420,4483,4937,5383,2568,2815,1346,647,699,
53835,5384,2664,2720,9421,4599,4822,10767,5228,5539,9421,4483,4938,5384,2569,2815,1346,647,699,
53840,5384,2664,2720,9422,4599,4823,10768,5229,5539,9422,4484,4938,5384,2569,2815,1346,647,699,
53845,5384,2664,2720,9423,4600,4823,10768,5229,5539,9422,4484,4938,5384,2569,2815,1346,647,699,
53850,5385,2665,2720,9424,4601,4823,10770,5229,5541,9423,4485,4938,5384,2569,2815,1346,647,699,
53855,5386,2665,2721,9424,4601,4823,10770,5229,5541,9424,4486,4938,5384,2569,2815,1346,647,699,
53860,5387,2666,2721,9426,4603,4823,10773,5230,5543,9425,4486,4939,5385,2570,2815,1346,647,699,
53865,5387,2666,2721,9427,4604,4823,10773,5230,5543,9426,4486,4940,5385,2570,2815,1347,647,700,
53870,5388,2667,2721,9427,4604,4823,10774,5230,5544,9427,4487,4940,5387,2571,2816,1347,647,700,
53875,5388,2667,2721,9428,4604,4824,10775,5230,5545,9428,4488,4940,5388,2572,2816,1347,647,700,
53880,5388,2667,2721,9429,4605,4824,10776,5230,5546,9429,4488,4941,5388,2572,2816,1347,647,700,
53885,5388,2667,2721,9430,4606,4824,10776,5230,5546,9429,4488,4941,5388,2572,2816,1347,647,700,
53890,5389,2668,2721,9431,4606,4825,10778,5231,5547,9430,4489,4941,5388,2572,2816,1347,647,700,
53895,5390,2669,2721,9431,4606,4825,10778,5231,5547,9431,4490,4941,5388,2572,2816,1347,647,700,
53900,5391,2669,2722,9433,4607,4826,10781,5231,5550,9432,4491,4941,5389,2573,2816,1347,647,700,
53905,5391,2669,2722,9434,4607,4827,10781,5231,5550,9433,4491,4942,5389,2573,2816,1348,648,700,
53910,5392,2670,2722,9434,4607,4827,10782,5231,5551,9434,4492,4942,5391,2573,2818,1348,648,700,
53915,5392,2670,2722,9435,4607,4828,10783,5232,5551,9435,4492,4943,5392,2573,2819,1348,648,700,
53920,5392,2670,2722,9436,4608,4828,10784,5232,5552,9436,4493,4943,5392,2573,2819,1348,648,700,
53925,5392,2670,2722,9437,4609,4828,10784,5232,5552,9436,4493,4943,5392,2573,2819,1348,648,700,
53930,5393,2670,2723,9438,4609,4829,10786,5233,5553,9437,4493,4944,5392,2573,2819,1348,648,700,
53935,5394,2670,2724,9438,4609,4829,10786,5233,5553,9438,4493,4945,5392,2573,2819,1348,648,700,
53940,5395,2670,2725,9440,4609,4831,10789,5233,5556,9439,4494,4945,5393,2574,2819,1348,648,700,
53945,5395,2670,2725,9441,4610,4831,10789,5233,5556,9440,4495,4945,5393,2574,2819,1349,649,700,
53950,5396,2670,2726,9441,4610,4831,10790,5234,5556,9441,4496,4945,5395,2575,2820,1349,649,700,
53955,5396,2670,2726,9442,4610,4832,10791,5235,5556,9442,4496,4946,5396,2575,2821,1349,649,700,
53960,5396,2670,2726,9443,4610,4833,10792,5236,5556,9443,4496,4947,5396,2575,2821,1349,649,700,
53965,5396,2670,2726,9444,4610,4834,10792,5236,5556,9443,4496,4947,5396,2575,2821,1349,649,700,
53970,5397,2670,2727,9445,4610,4835,10794,5238,5556,9444,4496,4948,5396,2575,2821,1349,649,700,
53975,5398,2671,2727,9445,4610,4835,10794,5238,5556,9445,4496,4949,5396,2575,2821,1349,649,700,
53980,5399,2672,2727,9447,4611,4836,10797,5239,5558,9446,4496,4950,5397,2576,2821,1349,649,700,
53985,5399,2672,2727,9448,4612,4836,10797,5239,5558,9447,4496,4951,5397,2576,2821,1350,650,700,
53990,5400,2672,2728,9448,4612,4836,10798,5240,5558,9448,4496,4952,5399,2578,2821,1350,650,700,
53995,5400,2672,2728,9449,4612,4837,10799,5240,5559,9449,4497,4952,5400,2579,2821,1350,650,700,
54000,5400,2672,2728,9450,4612,4838,10800,5240,5560,9450,4498,4952,5400,2579,2821,1350,650,700,
54005,5400,2672,2728,9451,4613,4838,10800,5240,5560,9450,4498,4952,5400,2579,2821,1350,650,700,
54010,5401,2672,2729,9452,4614,4838,10802,5241,5561,9451,4498,4953,5400,2579,2821,1350,650,700,
54015,5402,2672,2730,9452,4614,4838,10802,5241,5561,9452,4499,4953,5400,2579,2821,1350,650,700,
54020,5403,2672,2731,9454,4616,4838,10805,5242,5563,9453,4500,4953,5401,2579,2822,1350,650,700,
54025,5403,2672,2731,9455,4616,4839,10805,5242,5563,9454,4500,4954,5401,2579,2822,1351,651,700,
54030,5404,2672,2732,9455,4616,4839,10806,5243,5563,9455,4501,4954,5403,2580,2823,1351,651,700,
54035,5404,2672,2732,9456,4616,4840,10807,5243,5564,9456,4502,4954,5404,2581,2823,1351,651,700,
54040,5404,2672,2732,9457,4616,4841,10808,5243,5565,9457,4502,4955,5404,2581,2823,1351,651,700,
54045,5404,2672,2732,9458,4617,4841,10808,5243,5565,9457,4502,4955,5404,2581,2823,1351,651,700,
54050,5405,2672,2733,9459,4618,4841,10810,5244,5566,9458,4502,4956,5404,2581,2823,1351,651,700,
54055,5406,2672,2734,9459,4618,4841,10810,5244,5566,9459,4503,4956,5404,2581,2823,1351,651,700,
54060,5407,2673,2734,9461,4619,4842,10813,5246,5567,9460,4503,4957,5405,2582,2823,1351,651,700,
54065,5407,2673,2734,9462,4619,4843,10813,5246,5567,9461,4504,4957,5405,2582,2823,1352,651,701,
54070,5408,2673,2735,9462,4619,4843,10814,5247,5567,9462,4504,4958,5407,2582,2825,1352,651,701,
54075,5408,2673,2735,9463,4620,4843,10815,5247,5568,9463,4505,4958,5408,2582,2826,1352,651,701,
54080,5408,2673,2735,9464,4621,4843,10816,5248,5568,9464,4506,4958,5408,2582,2826,1352,651,701,
54085,5408,2673,2735,9465,4621,4844,10816,5248,5568,9464,4506,4958,5408,2582,2826,1352,651,701,
54090,5409,2673,2736,9466,4622,4844,10818,5249,5569,9465,4507,4958,5408,2582,2826,1352,651,701,
54095,5410,2674,2736,9466,4622,4844,10818,5249,5569,9466,4507,4959,5408,2582,2826,1352,651,701,
54100,5411,2674,2737,9468,4623,4845,10821,5251,5570,9467,4507,4960,5409,2583,2826,1352,651,701,
54105,5411,2674,2737,9469,4623,4846,10821,5251,5570,9468,4507,4961,5409,2583,2826,1353,652,701,
54110,5412,2674,2738,9469,4623,4846,10822,5251,5571,9469,4507,4962,5411,2584,2827,1353,652,701,
54115,5412,2674,2738,9470,4624,4846,10823,5252,5571,9470,4507,4963,5412,2585,2827,1353,652,701,
54120,5412,2674,2738,9471,4624,4847,10824,5253,5571,9471,4507,4964,5412,2585,2827,1353,652,701,
54125,5412,2674,2738,9472,4625,4847,10824,5253,5571,9471,4507,4964,5412,2585,2827,1353,652,701,
54130,5413,2674,2739,9473,4626,4847,10826,5254,5572,9472,4507,4965,5412,2585,2827,1353,652,701,
54135,5414,2674,2740,9473,4626,4847,10826,5254,5572,9473,4507,4966,5412,2585,2827,1353,652,701,
54140,5415,2675,2740,9475,4627,4848,10829,5254,5575,9474,4508,4966,5413,2585,2828,1353,652,701,
54145,5415,2675,2740,9476,4627,4849,10829,5254,5575,9475,4508,4967,5413,2585,2828,1354,652,702,
54150,5416,2675,2741,9476,4627,4849,10830,5254,5576,9476,4508,4968,5415,2587,2828,1354,652,702,
54155,5416,2675,2741,9477,4627,4850,10831,5254,5577,9477,4508,4969,5416,2588,2828,1354,652,702,
54160,5416,2675,2741,9478,4628,4850,10832,5255,5577,9478,4509,4969,5416,2588,2828,1354,652,702,
54165,5416,2675,2741,9479,4628,4851,10832,5255,5577,9478,4509,4969,5416,2588,2828,1354,652,702,
54170,5417,2675,2742,9480,4629,4851,10834,5256,5578,9479,4510,4969,5416,2588,2828,1354,652,702,
54175,5418,2675,2743,9480,4629,4851,10834,5256,5578,9480,4511,4969,5416,2588,2828,1354,652,702,
54180,5419,2675,2744,9482,4630,4852,10837,5258,5579,9481,4512,4969,5417,2589,2828,1354,652,702,
54185,5419,2675,2744,9483,4631,4852,10837,5258,5579,9482,4512,4970,5417,2589,2828,1355,652,703,
54190,5420,2676,2744,9483,4631,4852,10838,5259,5579,9483,4513,4970,5419,2590,2829,1355,652,703,
54195,5420,2676,2744,9484,4631,4853,10839,5259,5580,9484,4514,4970,5420,2590,2830,1355,652,703,
54200,5420,2676,2744,9485,4631,4854,10840,5260,5580,9485,4515,4970,5420,2590,2830,1355,652,703,
54205,5420,2676,2744,9486,4632,4854,10840,5260,5580,9485,4515,4970,5420,2590,2830,1355,652,703,
54210,5421,2676,2745,9487,4632,4855,10842,5261,5581,9486,4516,4970,5420,2590,2830,1355,652,703,
54215,5422,2676,2746,9487,4632,4855,10842,5261,5581,9487,4517,4970,5420,2590,2830,1355,652,703,
54220,5423,2676,2747,9489,4632,4857,10845,5263,5582,9488,4517,4971,5421,2590,2831,1355,652,703,
54225,5423,2676,2747,9490,4633,4857,10845,5263,5582,9489,4518,4971,5421,2590,2831,1356,652,704,
54230,5424,2676,2748,9490,4633,4857,10846,5263,5583,9490,4518,4972,5423,2591,2832,1356,652,704,
54235,5424,2676,2748,9491,4634,4857,10847,5263,5584,9491,4519,4972,5424,2591,2833,1356,652,704,
54240,5424,2676,2748,9492,4635,4857,10848,5263,5585,9492,4519,4973,5424,2591,2833,1356,652,704,
54245,5424,2676,2748,9493,4635,4858,10848,5263,5585,9492,4519,4973,5424,2591,2833,1356,652,704,
54250,5425,2676,2749,9494,4636,4858,10850,5264,5586,9493,4520,4973,5424,2591,2833,1356,652,704,
54255,5426,2677,2749,9494,4636,4858,10850,5264,5586,9494,4520,4974,5424,2591,2833,1356,652,704,
54260,5427,2677,2750,9496,4636,4860,10853,5266,5587,9495,4520,4975,5425,2592,2833,1356,652,704,
54265,5427,2677,2750,9497,4636,4861,10853,5266,5587,9496,4521,4975,5425,2592,2833,1357,652,705,
54270,5428,2677,2751,9497,4636,4861,10854,5266,5588,9497,4522,4975,5427,2593,2834,1357,652,705,
54275,5428,2677,2751,9498,4637,4861,10855,5266,5589,9498,4523,4975,5428,2594,2834,1357,652,705,
54280,5428,2677,2751,9499,4638,4861,10856,5267,5589,9499,4524,4975,5428,2594,2834,1357,652,705,
54285,5428,2677,2751,9500,4639,4861,10856,5267,5589,9499,4524,4975,5428,2594,2834,1357,652,705,
54290,5429,2677,2752,9501,4640,4861,10858,5268,5590,9500,4524,4976,5428,2594,2834,1357,652,705,
54295,5430,2677,2753,9501,4640,4861,10858,5268,5590,9501,4525,4976,5428,2594,2834,1357,652,705,
54300,5431,2678,2753,9503,4641,4862,10861,5268,5593,9502,4525,4977,5429,2594,2835,1357,652,705,
54305,5431,2678,2753,9504,4641,4863,10861,5268,5593,9503,4526,4977,5429,2594,2835,1358,652,706,
54310,5432,2678,2754,9504,4641,4863,10862,5269,5593,9504,4527,4977,5431,2594,2837,1358,652,706,
54315,5432,2678,2754,9505,4641,4864,10863,5269,5594,9505,4528,4977,5432,2595,2837,1358,652,706,
54320,5432,2678,2754,9506,4642,4864,10864,5269,5595,9506,4528,4978,5432,2595,2837,1358,652,706,
54325,5432,2678,2754,9507,4642,4865,10864,5269,5595,9506,4528,4978,5432,2595,2837,1358,652,706,
54330,5433,2678,2755,9508,4643,4865,10866,5271,5595,9507,4528,4979,5432,2595,2837,1358,652,706,
54335,5434,2678,2756,9508,4643,4865,10866,5271,5595,9508,4529,4979,5432,2595,2837,1358,652,706,
54340,5435,2679,2756,9510,4644,4866,10869,5271,5598,9509,4530,4979,5433,2596,2837,1358,652,706,
54345,5435,2679,2756,9511,4645,4866,10869,5271,5598,9510,4530,4980,5433,2596,2837,1359,652,707,
54350,5436,2679,2757,9511,4645,4866,10870,5271,5599,9511,4531,4980,5435,2598,2837,1359,652,707,
54355,5436,2679,2757,9512,4646,4866,10871,5271,5600,9512,4531,4981,5436,2598,2838,1359,652,707,
54360,5436,2679,2757,9513,4646,4867,10872,5271,5601,9513,4532,4981,5436,2598,2838,1359,652,707,
54365,5436,2679,2757,9514,4646,4868,10872,5271,5601,9513,4532,4981,5436,2598,2838,1359,652,707,
54370,5437,2680,2757,9515,4647,4868,10874,5272,5602,9514,4533,4981,5436,2598,2838,1359,652,707,
54375,5438,2681,2757,9515,4647,4868,10874,5272,5602,9515,4533,4982,5436,2598,2838,1359,652,707,
54380,5439,2681,2758,9517,4648,4869,10877,5274,5603,9516,4534,4982,5437,2598,2839,1359,652,707,
54385,5439,2681,2758,9518,4648,4870,10877,5274,5603,9517,4534,4983,5437,2598,2839,1360,652,708,
54390,5440,2681,2759,9518,4648,4870,10878,5275,5603,9518,4534,4984,5439,2600,2839,1360,652,708,
54395,5440,2681,2759,9519,4649,4870,10879,5276,5603,9519,4534,4985,5440,2600,2840,1360,652,708,
54400,5440,2681,2759,9520,4649,4871,10880,5277,5603,9520,4535,4985,5440,2600,2840,1360,652,708,
54405,5440,2681,2759,9521,4649,4872,10880,5277,5603,9520,4535,4985,5440,2600,2840,1360,652,708,
54410,5441,2681,2760,9522,4649,4873,10882,5278,5604,9521,4536,4985,5440,2600,2840,1360,652,708,
54415,5442,2682,2760,9522,4649,4873,10882,5278,5604,9522,4536,4986,5440,2600,2840,1360,652,708,
54420,5443,2682,2761,9524,4650,4874,10885,5280,5605,9523,4537,4986,5441,2601,2840,1360,652,708,
54425,5443,2682,2761,9525,4651,4874,10885,5280,5605,9524,4538,4986,5441,2601,2840,1361,653,708,
54430,5444,2683,2761,9525,4651,4874,10886,5280,5606,9525,4539,4986,5443,2602,2841,1361,653,708,
54435,5444,2683,2761,9526,4652,4874,10887,5280,5607,9526,4540,4986,5444,2603,2841,1361,653,708,
54440,5444,2683,2761,9527,4653,4874,10888,5281,5607,9527,4541,4986,5444,2603,2841,1361,653,708,
54445,5444,2683,2761,9528,4653,4875,10888,5281,5607,9527,4541,4986,5444,2603,2841,1361,653,708,
54450,5445,2684,2761,9529,4654,4875,10890,5281,5609,9528,4541,4987,5444,2603,2841,1361,653,708,
54455,5446,2684,2762,9529,4654,4875,10890,5281,5609,9529,4542,4987,5444,2603,2841,1361,653,708,
54460,5447,2684,2763,9531,4654,4877,10893,5284,5609,9530,4542,4988,5445,2603,2842,1361,653,708,
54465,5447,2684,2763,9532,4655,4877,10893,5284,5609,9531,4543,4988,5445,2603,2842,1362,654,708,
54470,5448,2685,2763,9532,4655,4877,10894,5285,5609,9532,4543,4989,5447,2605,2842,1362,654,708,
54475,5448,2685,2763,9533,4656,4877,10895,5285,5610,9533,4543,4990,5448,2606,2842,1362,654,708,
54480,5448,2685,2763,9534,4657,4877,10896,5285,5611,9534,4544,4990,5448,2606,2842,1362,654,708,
54485,5448,2685,2763,9535,4658,4877,10896,5285,5611,9534,4544,4990,5448,2606,2842,1362,654,708,
54490,5449,2685,2764,9536,4659,4877,10898,5285,5613,9535,4544,4991,5448,2606,2842,1362,654,708,
54495,5450,2686,2764,9536,4659,4877,10898,5285,5613,9536,4545,4991,5448,2606,2842,1362,654,708,
54500,5451,2687,2764,9538,4659,4879,10901,5287,5614,9537,4546,4991,5449,2607,2842,1362,654,708,
54505,5451,2687,2764,9539,4659,4880,10901,5287,5614,9538,4547,4991,5449,2607,2842,1363,655,708,
54510,5452,2688,2764,9539,4659,4880,10902,5287,5615,9539,4547,4992,5451,2609,2842,1363,655,708,
54515,5452,2688,2764,9540,4659,4881,10903,5287,5616,9540,4547,4993,5452,2610,2842,1363,655,708,
54520,5452,2688,2764,9541,4659,4882,10904,5288,5616,9541,4547,4994,5452,2610,2842,1363,655,708,
54525,5452,2688,2764,9542,4660,4882,10904,5288,5616,9541,4547,4994,5452,2610,2842,1363,655,708,
54530,5453,2688,2765,9543,4660,4883,10906,5289,5617,9542,4548,4994,5452,2610,2842,1363,655,708,
54535,5454,2688,2766,9543,4660,4883,10906,5289,5617,9543,4548,4995,5452,2610,2842,1363,655,708,
54540,5455,2688,2767,9545,4661,4884,10909,5289,5620,9544,4549,4995,5453,2610,2843,1363,655,708,
54545,5455,2688,2767,9546,4662,4884,10909,5289,5620,9545,4550,4995,5453,2610,2843,1364,656,708,
54550,5456,2689,2767,9546,4662,4884,10910,5289,5621,9546,4551,4995,5455,2611,2844,1364,656,708,
54555,5456,2689,2767,9547,4663,4884,10911,5289,5622,9547,4552,4995,5456,2612,2844,1364,656,708,
54560,5456,2689,2767,9548,4663,4885,10912,5289,5623,9548,4552,4996,5456,2612,2844,1364,656,708,
54565,5456,2689,2767,9549,4664,4885,10912,5289,5623,9548,4552,4996,5456,2612,2844,1364,656,708,
54570,5457,2689,2768,9550,4665,4885,10914,5290,5624,9549,4553,4996,5456,2612,2844,1364,656,708,
54575,5458,2690,2768,9550,4665,4885,10914,5290,5624,9550,4553,4997,5456,2612,2844,1364,656,708,
54580,5459,2690,2769,9552,4666,4886,10917,5291,5626,9551,4554,4997,5457,2613,2844,1364,656,708,
54585,5459,2690,2769,9553,4666,4887,10917,5291,5626,9552,4555,4997,5457,2613,2844,1365,656,709,
54590,5460,2690,2770,9553,4666,4887,10918,5291,5627,9553,4555,4998,5459,2613,2846,1365,656,709,
54595,5460,2690,2770,9554,4666,4888,10919,5292,5627,9554,4556,4998,5460,2614,2846,1365,656,709,
54600,5460,2690,2770,9555,4666,4889,10920,5293,5627,9555,4556,4999,5460,2614,2846,1365,656,709,
54605,5460,2690,2770,9556,4667,4889,10920,5293,5627,9555,4556,4999,5460,2614,2846,1365,656,709,
54610,5461,2690,2771,9557,4667,4890,10922,5294,5628,9556,4557,4999,5460,2614,2846,1365,656,709,
54615,5462,2691,2771,9557,4667,4890,10922,5294,5628,9557,4557,5000,5460,2614,2846,1365,656,709,
54620,5463,2692,2771,9559,4668,4891,10925,5296,5629,9558,4557,5001,5461,2615,2846,1365,656,709,
54625,5463,2692,2771,9560,4669,4891,10925,5296,5629,9559,4557,5002,5461,2615,2846,1366,657,709,
54630,5464,2692,2772,9560,4669,4891,10926,5297,5629,9560,4558,5002,5463,2616,2847,1366,657,709,
54635,5464,2692,2772,9561,4670,4891,10927,5298,5629,9561,4559,5002,5464,2616,2848,1366,657,709,
54640,5464,2692,2772,9562,4670,4892,10928,5299,5629,9562,4559,5003,5464,2616,2848,1366,657,709,
54645,5464,2692,2772,9563,4670,4893,10928,5299,5629,9562,4559,5003,5464,2616,2848,1366,657,709,
54650,5465,2693,2772,9564,4671,4893,10930,5299,5631,9563,4559,5004,5464,2616,2848,1366,657,709,
54655,5466,2693,2773,9564,4671,4893,10930,5299,5631,9564,4560,5004,5464,2616,2848,1366,657,709,
54660,5467,2694,2773,9566,4672,4894,10933,5300,5633,9565,4560,5005,5465,2616,2849,1366,657,709,
54665,5467,2694,2773,9567,4672,4895,10933,5300,5633,9566,4561,5005,5465,2616,2849,1367,657,710,
54670,5468,2694,2774,9567,4672,4895,10934,5300,5634,9567,4562,5005,5467,2618,2849,1367,657,710,
54675,5468,2694,2774,9568,4673,4895,10935,5300,5635,9568,4562,5006,5468,2618,2850,1367,657,710,
54680,5468,2694,2774,9569,4674,4895,10936,5300,5636,9569,4562,5007,5468,2618,2850,1367,657,710,
54685,5468,2694,2774,9570,4675,4895,10936,5300,5636,9569,4562,5007,5468,2618,2850,1367,657,710,
54690,5469,2694,2775,9571,4675,4896,10938,5302,5636,9570,4562,5008,5468,2618,2850,1367,657,710,
54695,5470,2695,2775,9571,4675,4896,10938,5302,5636,9571,4562,5009,5468,2618,2850,1367,657,710,
54700,5471,2696,2775,9573,4675,4898,10941,5303,5638,9572,4563,5009,5469,2618,2851,1367,657,710,
54705,5471,2696,2775,9574,4675,4899,10941,5303,5638,9573,4563,5010,5469,2618,2851,1368,657,711,
54710,5472,2696,2776,9574,4675,4899,10942,5303,5639,9574,4564,5010,5471,2620,2851,1368,657,711,
54715,5472,2696,2776,9575,4675,4900,10943,5304,5639,9575,4565,5010,5472,2620,2852,1368,657,711,
54720,5472,2696,2776,9576,4676,4900,10944,5305,5639,9576,4565,5011,5472,2620,2852,1368,657,711,
54725,5472,2696,2776,9577,4677,4900,10944,5305,5639,9576,4565,5011,5472,2620,2852,1368,657,711,
54730,5473,2697,2776,9578,4677,4901,10946,5306,5640,9577,4565,5012,5472,2620,2852,1368,657,711,
54735,5474,2697,2777,9578,4677,4901,10946,5306,5640,9578,4566,5012,5472,2620,2852,1368,657,711,
54740,5475,2698,2777,9580,4677,4903,10949,5308,5641,9579,4567,5012,5473,2620,2853,1368,657,711,
54745,5475,2698,2777,9581,4677,4904,10949,5308,5641,9580,4567,5013,5473,2620,2853,1369,657,712,
54750,5476,2699,2777,9581,4677,4904,10950,5309,5641,9581,4568,5013,5475,2620,2855,1369,657,712,
54755,5476,2699,2777,9582,4677,4905,10951,5309,5642,9582,4568,5014,5476,2620,2856,1369,657,712,
54760,5476,2699,2777,9583,4677,4906,10952,5310,5642,9583,4568,5015,5476,2620,2856,1369,657,712,
54765,5476,2699,2777,9584,4677,4907,10952,5310,5642,9583,4568,5015,5476,2620,2856,1369,657,712,
54770,5477,2699,2778,9585,4677,4908,10954,5312,5642,9584,4569,5015,5476,2620,2856,1369,657,712,
54775,5478,2700,2778,9585,4677,4908,10954,5312,5642,9585,4570,5015,5476,2620,2856,1369,657,712,
54780,5479,2701,2778,9587,4679,4908,10957,5315,5642,9586,4571,5015,5477,2620,2857,1369,657,712,
54785,5479,2701,2778,9588,4679,4909,10957,5315,5642,9587,4571,5016,5477,2620,2857,1370,658,712,
54790,5480,2701,2779,9588,4679,4909,10958,5315,5643,9588,4571,5017,5479,2621,2858,1370,658,712,
54795,5480,2701,2779,9589,4680,4909,10959,5315,5644,9589,4572,5017,5480,2622,2858,1370,658,712,
54800,5480,2701,2779,9590,4681,4909,10960,5316,5644,9590,4573,5017,5480,2622,2858,1370,658,712,
54805,5480,2701,2779,9591,4681,4910,10960,5316,5644,9590,4573,5017,5480,2622,2858,1370,658,712,
54810,5481,2701,2780,9592,4682,4910,10962,5317,5645,9591,4573,5018,5480,2622,2858,1370,658,712,
54815,5482,2702,2780,9592,4682,4910,10962,5317,5645,9592,4573,5019,5480,2622,2858,1370,658,712,
54820,5483,2702,2781,9594,4683,4911,10965,5317,5648,9593,4574,5019,5481,2622,2859,1370,658,712,
54825,5483,2702,2781,9595,4683,4912,10965,5317,5648,9594,4575,5019,5481,2622,2859,1371,658,713,
54830,5484,2702,2782,9595,4683,4912,10966,5318,5648,9595,4575,5020,5483,2623,2860,1371,658,713,
54835,5484,2702,2782,9596,4684,4912,10967,5319,5648,9596,4575,5021,5484,2623,2861,1371,658,713,
54840,5484,2702,2782,9597,4684,4913,10968,5320,5648,9597,4576,5021,5484,2623,2861,1371,658,713,
54845,5484,2702,2782,9598,4685,4913,10968,5320,5648,9597,4576,5021,5484,2623,2861,1371,658,713,
54850,5485,2702,2783,9599,4686,4913,10970,5321,5649,9598,4576,5022,5484,2623,2861,1371,658,713,
54855,5486,2702,2784,9599,4686,4913,10970,5321,5649,9599,4576,5023,5484,2623,2861,1371,658,713,
54860,5487,2703,2784,9601,4687,4914,10973,5323,5650,9600,4576,5024,5485,2623,2862,1371,658,713,
54865,5487,2703,2784,9602,4688,4914,10973,5323,5650,9601,4577,5024,5485,2623,2862,1372,658,714,
54870,5488,2703,2785,9602,4688,4914,10974,5323,5651,9602,4578,5024,5487,2624,2863,1372,658,714,
54875,5488,2703,2785,9603,4689,4914,10975,5323,5652,9603,4579,5024,5488,2625,2863,1372,658,714,
54880,5488,2703,2785,9604,4690,4914,10976,5324,5652,9604,4580,5024,5488,2625,2863,1372,658,714,
54885,5488,2703,2785,9605,4690,4915,10976,5324,5652,9604,4580,5024,5488,2625,2863,1372,658,714,
54890,5489,2704,2785,9606,4691,4915,10978,5326,5652,9605,4580,5025,5488,2625,2863,1372,658,714,
54895,5490,2704,2786,9606,4691,4915,10978,5326,5652,9606,4580,5026,5488,2625,2863,1372,658,714,
54900,5491,2705,2786,9608,4691,4917,10981,5329,5652,9607,4580,5027,5489,2626,2863,1372,658,714,
54905,5491,2705,2786,9609,4691,4918,10981,5329,5652,9608,4580,5028,5489,2626,2863,1373,659,714,
54910,5492,2706,2786,9609,4691,4918,10982,5329,5653,9609,4581,5028,5491,2628,2863,1373,659,714,
54915,5492,2706,2786,9610,4691,4919,10983,5329,5654,9610,4581,5029,5492,2628,2864,1373,659,714,
54920,5492,2706,2786,9611,4691,4920,10984,5329,5655,9611,4582,5029,5492,2628,2864,1373,659,714,
54925,5492,2706,2786,9612,4691,4921,10984,5329,5655,9611,4582,5029,5492,2628,2864,1373,659,714,
54930,5493,2707,2786,9613,4691,4922,10986,5330,5656,9612,4583,5029,5492,2628,2864,1373,659,714,
54935,5494,2707,2787,9613,4691,4922,10986,5330,5656,9613,4584,5029,5492,2628,2864,1373,659,714,
54940,5495,2707,2788,9615,4693,4922,10989,5332,5657,9614,4585,5029,5493,2629,2864,1373,659,714,
54945,5495,2707,2788,9616,4694,4922,10989,5332,5657,9615,4586,5029,5493,2629,2864,1374,659,715,
54950,5496,2707,2789,9616,4694,4922,10990,5332,5658,9616,4587,5029,5495,2631,2864,1374,659,715,
54955,5496,2707,2789,9617,4694,4923,10991,5333,5658,9617,4588,5029,5496,2631,2865,1374,659,715,
54960,5496,2707,2789,9618,4695,4923,10992,5334,5658,9618,4589,5029,5496,2631,2865,1374,659,715,
54965,5496,2707,2789,9619,4695,4924,10992,5334,5658,9618,4589,5029,5496,2631,2865,1374,659,715,
54970,5497,2708,2789,9620,4696,4924,10994,5336,5658,9619,4589,5030,5496,2631,2865,1374,659,715,
54975,5498,2708,2790,9620,4696,4924,10994,5336,5658,9620,4590,5030,5496,2631,2865,1374,659,715,
54980,5499,2708,2791,9622,4696,4926,10997,5336,5661,9621,4590,5031,5497,2631,2866,1374,659,715,
54985,5499,2708,2791,9623,4696,4927,10997,5336,5661,9622,4590,5032,5497,2631,2866,1375,659,716,
54990,5500,2708,2792,9623,4696,4927,10998,5336,5662,9623,4590,5033,5499,2633,2866,1375,659,716,
54995,5500,2708,2792,9624,4696,4928,10999,5336,5663,9624,4590,5034,5500,2634,2866,1375,659,716,
55000,5500,2708,2792,9625,4696,4929,11000,5336,5664,9625,4590,5035,5500,2634,2866,1375,659,716,
55005,5500,2708,2792,9626,4697,4929,11000,5336,5664,9625,4590,5035,5500,2634,2866,1375,659,716,
55010,5501,2708,2793,9627,4697,4930,11002,5337,5665,9626,4590,5036,5500,2634,2866,1375,659,716,
55015,5502,2708,2794,9627,4697,4930,11002,5337,5665,9627,4590,5037,5500,2634,2866,1375,659,716,
55020,5503,2709,2794,9629,4698,4931,11005,5340,5665,9628,4591,5037,5501,2635,2866,1375,659,716,
55025,5503,2709,2794,9630,4699,4931,11005,5340,5665,9629,4592,5037,5501,2635,2866,1376,660,716,
55030,5504,2709,2795,9630,4699,4931,11006,5340,5666,9630,4592,5038,5503,2635,2868,1376,660,716,
55035,5504,2709,2795,9631,4699,4932,11007,5340,5667,9631,4593,5038,5504,2636,2868,1376,660,716,
55040,5504,2709,2795,9632,4700,4932,11008,5341,5667,9632,4593,5039,5504,2636,2868,1376,660,716,
55045,5504,2709,2795,9633,4701,4932,11008,5341,5667,9632,4593,5039,5504,2636,2868,1376,660,716,
55050,5505,2709,2796,9634,4702,4932,11010,5343,5667,9633,4594,5039,5504,2636,2868,1376,660,716,
55055,5506,2710,2796,9634,4702,4932,11010,5343,5667,9634,4594,5040,5504,2636,2868,1376,660,716,
55060,5507,2710,2797,9636,4703,4933,11013,5345,5668,9635,4595,5040,5505,2636,2869,1376,660,716,
55065,5507,2710,2797,9637,4703,4934,11013,5345,5668,9636,4596,5040,5505,2636,2869,1377,661,716,
55070,5508,2710,2798,9637,4703,4934,11014,5345,5669,9637,4596,5041,5507,2636,2871,1377,661,716,
55075,5508,2710,2798,9638,4704,4934,11015,5345,5670,9638,4596,5042,5508,2637,2871,1377,661,716,
55080,5508,2710,2798,9639,4704,4935,11016,5345,5671,9639,4596,5043,5508,2637,2871,1377,661,716,
55085,5508,2710,2798,9640,4705,4935,11016,5345,5671,9639,4596,5043,5508,2637,2871,1377,661,716,
55090,5509,2710,2799,9641,4705,4936,11018,5346,5672,9640,4597,5043,5508,2637,2871,1377,661,716,
55095,5510,2711,2799,9641,4705,4936,11018,5346,5672,9641,4597,5044,5508,2637,2871,1377,661,716,
55100,5511,2711,2800,9643,4706,4937,11021,5346,5675,9642,4597,5045,5509,2638,2871,1377,661,716,
55105,5511,2711,2800,9644,4706,4938,11021,5346,5675,9643,4598,5045,5509,2638,2871,1378,662,716,
55110,5512,2712,2800,9644,4706,4938,11022,5346,5676,9644,4599,5045,5511,2640,2871,1378,662,716,
55115,5512,2712,2800,9645,4706,4939,11023,5347,5676,9645,4599,5046,5512,2641,2871,1378,662,716,
55120,5512,2712,2800,9646,4706,4940,11024,5348,5676,9646,4599,5047,5512,2641,2871,1378,662,716,
55125,5512,2712,2800,9647,4706,4941,11024,5348,5676,9646,4599,5047,5512,2641,2871,1378,662,716,
55130,5513,2712,2801,9648,4706,4942,11026,5348,5678,9647,4600,5047,5512,2641,2871,1378,662,716,
55135,5514,2713,2801,9648,4706,4942,11026,5348,5678,9648,4601,5047,5512,2641,2871,1378,662,716,
55140,5515,2714,2801,9650,4708,4942,11029,5349,5680,9649,4601,5048,5513,2642,2871,1378,662,716,
55145,5515,2714,2801,9651,4709,4942,11029,5349,5680,9650,4602,5048,5513,2642,2871,1379,662,717,
55150,5516,2715,2801,9651,4709,4942,11030,5349,5681,9651,4603,5048,5515,2643,2872,1379,662,717,
55155,5516,2715,2801,9652,4710,4942,11031,5349,5682,9652,4604,5048,5516,2644,2872,1379,662,717,
55160,5516,2715,2801,9653,4710,4943,11032,5350,5682,9653,4605,5048,5516,2644,2872,1379,662,717,
55165,5516,2715,2801,9654,4711,4943,11032,5350,5682,9653,4605,5048,5516,2644,2872,1379,662,717,
55170,5517,2715,2802,9655,4711,4944,11034,5350,5684,9654,4605,5049,5516,2644,2872,1379,662,717,
55175,5518,2715,2803,9655,4711,4944,11034,5350,5684,9655,4605,5050,5516,2644,2872,1379,662,717,
55180,5519,2715,2804,9657,4712,4945,11037,5352,5685,9656,4606,5050,5517,2644,2873,1379,662,717,
55185,5519,2715,2804,9658,4713,4945,11037,5352,5685,9657,4607,5050,5517,2644,2873,1380,662,718,
55190,5520,2715,2805,9658,4713,4945,11038,5352,5686,9658,4607,5051,5519,2645,2874,1380,662,718,
55195,5520,2715,2805,9659,4714,4945,11039,5353,5686,9659,4607,5052,5520,2646,2874,1380,662,718,
55200,5520,2715,2805,9660,4715,4945,11040,5353,5687,9660,4608,5052,5520,2646,2874,1380,662,718,
55205,5520,2715,2805,9661,4715,4946,11040,5353,5687,9660,4608,5052,5520,2646,2874,1380,662,718,
55210,5521,2715,2806,9662,4716,4946,11042,5354,5688,9661,4608,5053,5520,2646,2874,1380,662,718,
55215,5522,2716,2806,9662,4716,4946,11042,5354,5688,9662,4608,5054,5520,2646,2874,1380,662,718,
55220,5523,2717,2806,9664,4717,4947,11045,5355,5690,9663,4609,5054,5521,2647,2874,1380,662,718,
55225,5523,2717,2806,9665,4717,4948,11045,5355,5690,9664,4609,5055,5521,2647,2874,1381,663,718,
55230,5524,2717,2807,9665,4717,4948,11046,5356,5690,9665,4609,5056,5523,2647,2876,1381,663,718,
55235,5524,2717,2807,9666,4718,4948,11047,5356,5691,9666,4610,5056,5524,2648,2876,1381,663,718,
55240,5524,2717,2807,9667,4718,4949,11048,5356,5692,9667,4611,5056,5524,2648,2876,1381,663,718,
55245,5524,2717,2807,9668,4719,4949,11048,5356,5692,9667,4611,5056,5524,2648,2876,1381,663,718,
55250,5525,2718,2807,9669,4720,4949,11050,5358,5692,9668,4611,5057,5524,2648,2876,1381,663,718,
55255,5526,2718,2808,9669,4720,4949,11050,5358,5692,9669,4611,5058,5524,2648,2876,1381,663,718,
55260,5527,2719,2808,9671,4721,4950,11053,5360,5693,9670,4611,5059,5525,2649,2876,1381,663,718,
55265,5527,2719,2808,9672,4721,4951,11053,5360,5693,9671,4612,5059,5525,2649,2876,1382,663,719,
55270,5528,2720,2808,9672,4721,4951,11054,5360,5694,9672,4612,5060,5527,2650,2877,1382,663,719,
55275,5528,2720,2808,9673,4722,4951,11055,5360,5695,9673,4613,5060,5528,2651,2877,1382,663,719,
55280,5528,2720,2808,9674,4722,4952,11056,5360,5696,9674,4614,5060,5528,2651,2877,1382,663,719,
55285,5528,2720,2808,9675,4723,4952,11056,5360,5696,9674,4614,5060,5528,2651,2877,1382,663,719,
55290,5529,2720,2809,9676,4724,4952,11058,5361,5697,9675,4615,5060,5528,2651,2877,1382,663,719,
55295,5530,2721,2809,9676,4724,4952,11058,5361,5697,9676,4616,5060,5528,2651,2877,1382,663,719,
55300,5531,2722,2809,9678,4725,4953,11061,5363,5698,9677,4616,5061,5529,2652,2877,1382,663,719,
55305,5531,2722,2809,9679,4726,4953,11061,5363,5698,9678,4616,5062,5529,2652,2877,1383,663,720,
55310,5532,2723,2809,9679,4726,4953,11062,5363,5699,9679,4617,5062,5531,2653,2878,1383,663,720,
55315,5532,2723,2809,9680,4726,4954,11063,5364,5699,9680,4618,5062,5532,2654,2878,1383,663,720,
55320,5532,2723,2809,9681,4727,4954,11064,5365,5699,9681,4619,5062,5532,2654,2878,1383,663,720,
55325,5532,2723,2809,9682,4727,4955,11064,5365,5699,9681,4619,5062,5532,2654,2878,1383,663,720,
55330,5533,2723,2810,9683,4728,4955,11066,5366,5700,9682,4619,5063,5532,2654,2878,1383,663,720,
55335,5534,2723,2811,9683,4728,4955,11066,5366,5700,9683,4620,5063,5532,2654,2878,1383,663,720,
55340,5535,2723,2812,9685,4729,4956,11069,5367,5702,9684,4620,5064,5533,2655,2878,1383,663,720,
55345,5535,2723,2812,9686,4729,4957,11069,5367,5702,9685,4620,5065,5533,2655,2878,1384,663,721,
55350,5536,2724,2812,9686,4729,4957,11070,5367,5703,9686,4620,5066,5535,2656,2879,1384,663,721,
55355,5536,2724,2812,9687,4729,4958,11071,5368,5703,9687,4620,5067,5536,2656,2880,1384,663,721,
55360,5536,2724,2812,9688,4729,4959,11072,5368,5704,9688,4621,5067,5536,2656,2880,1384,663,721,
55365,5536,2724,2812,9689,4730,4959,11072,5368,5704,9688,4621,5067,5536,2656,2880,1384,663,721,
55370,5537,2724,2813,9690,4730,4960,11074,5368,5706,9689,4621,5068,5536,2656,2880,1384,663,721,
55375,5538,2725,2813,9690,4730,4960,11074,5368,5706,9690,4621,5069,5536,2656,2880,1384,663,721,
55380,5539,2725,2814,9692,4731,4961,11077,5370,5707,9691,4622,5069,5537,2656,2881,1384,663,721,
55385,5539,2725,2814,9693,4731,4962,11077,5370,5707,9692,4623,5069,5537,2656,2881,1385,663,722,
55390,5540,2726,2814,9693,4731,4962,11078,5371,5707,9693,4624,5069,5539,2656,2883,1385,663,722,
55395,5540,2726,2814,9694,4732,4962,11079,5372,5707,9694,4624,5070,5540,2657,2883,1385,663,722,
55400,5540,2726,2814,9695,4732,4963,11080,5372,5708,9695,4624,5071,5540,2657,2883,1385,663,722,
55405,5540,2726,2814,9696,4733,4963,11080,5372,5708,9695,4624,5071,5540,2657,2883,1385,663,722,
55410,5541,2726,2815,9697,4734,4963,11082,5372,5710,9696,4625,5071,5540,2657,2883,1385,663,722,
55415,5542,2726,2816,9697,4734,4963,11082,5372,5710,9697,4626,5071,5540,2657,2883,1385,663,722,
55420,5543,2727,2816,9699,4735,4964,11085,5373,5712,9698,4627,5071,5541,2657,2884,1385,663,722,
55425,5543,2727,2816,9700,4736,4964,11085,5373,5712,9699,4627,5072,5541,2657,2884,1386,664,722,
55430,5544,2728,2816,9700,4736,4964,11086,5374,5712,9700,4628,5072,5543,2657,2886,1386,664,722,
55435,5544,2728,2816,9701,4737,4964,11087,5374,5713,9701,4629,5072,5544,2658,2886,1386,664,722,
55440,5544,2728,2816,9702,4737,4965,11088,5374,5714,9702,4630,5072,5544,2658,2886,1386,664,722,
55445,5544,2728,2816,9703,4737,4966,11088,5374,5714,9702,4630,5072,5544,2658,2886,1386,664,722,
55450,5545,2728,2817,9704,4737,4967,11090,5374,5716,9703,4631,5072,5544,2658,2886,1386,664,722,
55455,5546,2728,2818,9704,4737,4967,11090,5374,5716,9704,4631,5073,5544,2658,2886,1386,664,722,
55460,5547,2728,2819,9706,4738,4968,11093,5375,5718,9705,4631,5074,5545,2658,2887,1386,664,722,
55465,5547,2728,2819,9707,4738,4969,11093,5375,5718,9706,4631,5075,5545,2658,2887,1387,664,723,
55470,5548,2728,2820,9707,4738,4969,11094,5375,5719,9707,4631,5076,5547,2658,2889,1387,664,723,
55475,5548,2728,2820,9708,4738,4970,11095,5375,5720,9708,4632,5076,5548,2659,2889,1387,664,723,
55480,5548,2728,2820,9709,4739,4970,11096,5375,5721,9709,4632,5077,5548,2659,2889,1387,664,723,
55485,5548,2728,2820,9710,4740,4970,11096,5375,5721,9709,4632,5077,5548,2659,2889,1387,664,723,
55490,5549,2729,2820,9711,4740,4971,11098,5376,5722,9710,4632,5078,5548,2659,2889,1387,664,723,
55495,5550,2729,2821,9711,4740,4971,11098,5376,5722,9711,4632,5079,5548,2659,2889,1387,664,723,
55500,5551,2729,2822,9713,4742,4971,11101,5379,5722,9712,4632,5080,5549,2659,2890,1387,664,723,
55505,5551,2729,2822,9714,4743,4971,11101,5379,5722,9713,4632,5081,5549,2659,2890,1388,665,723,
55510,5552,2730,2822,9714,4743,4971,11102,5380,5722,9714,4632,5082,5551,2659,2892,1388,665,723,
55515,5552,2730,2822,9715,4744,4971,11103,5381,5722,9715,4632,5083,5552,2660,2892,1388,665,723,
55520,5552,2730,2822,9716,4745,4971,11104,5382,5722,9716,4632,5084,5552,2660,2892,1388,665,723,
55525,5552,2730,2822,9717,4746,4971,11104,5382,5722,9716,4632,5084,5552,2660,2892,1388,665,723,
55530,5553,2730,2823,9718,4746,4972,11106,5383,5723,9717,4633,5084,5552,2660,2892,1388,665,723,
55535,5554,2730,2824,9718,4746,4972,11106,5383,5723,9718,4633,5085,5552,2660,2892,1388,665,723,
55540,5555,2731,2824,9720,4748,4972,11109,5385,5724,9719,4633,5086,5553,2661,2892,1388,665,723,
55545,5555,2731,2824,9721,4748,4973,11109,5385,5724,9720,4634,5086,5553,2661,2892,1389,665,724,
55550,5556,2731,2825,9721,4748,4973,11110,5385,5725,9721,4634,5087,5555,2662,2893,1389,665,724,
55555,5556,2731,2825,9722,4748,4974,11111,5386,5725,9722,4634,5088,5556,2663,2893,1389,665,724,
55560,5556,2731,2825,9723,4748,4975,11112,5386,5726,9723,4634,5089,5556,2663,2893,1389,665,724,
55565,5556,2731,2825,9724,4748,4976,11112,5386,5726,9723,4634,5089,5556,2663,2893,1389,665,724,
55570,5557,2732,2825,9725,4749,4976,11114,5386,5728,9724,4635,5089,5556,2663,2893,1389,665,724,
55575,5558,2733,2825,9725,4749,4976,11114,5386,5728,9725,4635,5090,5556,2663,2893,1389,665,724,
55580,5559,2733,2826,9727,4749,4978,11117,5386,5731,9726,4636,5090,5557,2664,2893,1389,665,724,
55585,5559,2733,2826,9728,4749,4979,11117,5386,5731,9727,4637,5090,5557,2664,2893,1390,666,724,
55590,5560,2734,2826,9728,4749,4979,11118,5386,5732,9728,4638,5090,5559,2665,2894,1390,666,724,
55595,5560,2734,2826,9729,4749,4980,11119,5386,5733,9729,4638,5091,5560,2666,2894,1390,666,724,
55600,5560,2734,2826,9730,4750,4980,11120,5387,5733,9730,4639,5091,5560,2666,2894,1390,666,724,
55605,5560,2734,2826,9731,4751,4980,11120,5387,5733,9730,4639,5091,5560,2666,2894,1390,666,724,
55610,5561,2735,2826,9732,4751,4981,11122,5387,5735,9731,4640,5091,5560,2666,2894,1390,666,724,
55615,5562,2735,2827,9732,4751,4981,11122,5387,5735,9732,4640,5092,5560,2666,2894,1390,666,724,
55620,5563,2735,2828,9734,4751,4983,11125,5389,5736,9733,4641,5092,5561,2666,2895,1390,666,724,
55625,5563,2735,2828,9735,4752,4983,11125,5389,5736,9734,4642,5092,5561,2666,2895,1391,667,724,
55630,5564,2735,2829,9735,4752,4983,11126,5390,5736,9735,4642,5093,5563,2667,2896,1391,667,724,
55635,5564,2735,2829,9736,4752,4984,11127,5390,5737,9736,4642,5094,5564,2667,2897,1391,667,724,
55640,5564,2735,2829,9737,4752,4985,11128,5390,5738,9737,4642,5095,5564,2667,2897,1391,667,724,
55645,5564,2735,2829,9738,4752,4986,11128,5390,5738,9737,4642,5095,5564,2667,2897,1391,667,724,
55650,5565,2735,2830,9739,4752,4987,11130,5390,5740,9738,4643,5095,5564,2667,2897,1391,667,724,
55655,5566,2735,2831,9739,4752,4987,11130,5390,5740,9739,4644,5095,5564,2667,2897,1391,667,724,
55660,5567,2736,2831,9741,4752,4989,11133,5391,5742,9740,4644,5096,5565,2668,2897,1391,667,724,
55665,5567,2736,2831,9742,4752,4990,11133,5391,5742,9741,4645,5096,5565,2668,2897,1392,667,725,
55670,5568,2736,2832,9742,4752,4990,11134,5392,5742,9742,4645,5097,5567,2669,2898,1392,667,725,
55675,5568,2736,2832,9743,4753,4990,11135,5392,5743,9743,4645,5098,5568,2670,2898,1392,667,725,
55680,5568,2736,2832,9744,4753,4991,11136,5393,5743,9744,4645,5099,5568,2670,2898,1392,667,725,
55685,5568,2736,2832,9745,4753,4992,11136,5393,5743,9744,4645,5099,5568,2670,2898,1392,667,725,
55690,5569,2737,2832,9746,4754,4992,11138,5394,5744,9745,4646,5099,5568,2670,2898,1392,667,725,
55695,5570,2737,2833,9746,4754,4992,11138,5394,5744,9746,4646,5100,5568,2670,2898,1392,667,725,
55700,5571,2737,2834,9748,4755,4993,11141,5394,5747,9747,4646,5101,5569,2670,2899,1392,667,725,
55705,5571,2737,2834,9749,4756,4993,11141,5394,5747,9748,4646,5102,5569,2670,2899,1393,668,725,
55710,5572,2738,2834,9749,4756,4993,11142,5394,5748,9749,4647,5102,5571,2671,2900,1393,668,725,
55715,5572,2738,2834,9750,4756,4994,11143,5395,5748,9750,4648,5102,5572,2672,2900,1393,668,725,
55720,5572,2738,2834,9751,4757,4994,11144,5396,5748,9751,4648,5103,5572,2672,2900,1393,668,725,
55725,5572,2738,2834,9752,4757,4995,11144,5396,5748,9751,4648,5103,5572,2672,2900,1393,668,725,
55730,5573,2739,2834,9753,4758,4995,11146,5396,5750,9752,4649,5103,5572,2672,2900,1393,668,725,
55735,5574,2739,2835,9753,4758,4995,11146,5396,5750,9753,4650,5103,5572,2672,2900,1393,668,725,
55740,5575,2740,2835,9755,4758,4997,11149,5397,5752,9754,4651,5103,5573,2673,2900,1393,668,725,
55745,5575,2740,2835,9756,4758,4998,11149,5397,5752,9755,4652,5103,5573,2673,2900,1394,669,725,
55750,5576,2741,2835,9756,4758,4998,11150,5398,5752,9756,4652,5104,5575,2673,2902,1394,669,725,
55755,5576,2741,2835,9757,4758,4999,11151,5399,5752,9757,4652,5105,5576,2674,2902,1394,669,725,
55760,5576,2741,2835,9758,4758,5000,11152,5400,5752,9758,4652,5106,5576,2674,2902,1394,669,725,
55765,5576,2741,2835,9759,4759,5000,11152,5400,5752,9758,4652,5106,5576,2674,2902,1394,669,725,
55770,5577,2742,2835,9760,4760,5000,11154,5402,5752,9759,4652,5107,5576,2674,2902,1394,669,725,
55775,5578,2742,2836,9760,4760,5000,11154,5402,5752,9760,4652,5108,5576,2674,2902,1394,669,725,
55780,5579,2742,2837,9762,4760,5002,11157,5403,5754,9761,4652,5109,5577,2674,2903,1394,669,725,
55785,5579,2742,2837,9763,4760,5003,11157,5403,5754,9762,4652,5110,5577,2674,2903,1395,669,726,
55790,5580,2742,2838,9763,4760,5003,11158,5403,5755,9763,4652,5111,5579,2676,2903,1395,669,726,
55795,5580,2742,2838,9764,4760,5004,11159,5403,5756,9764,4652,5112,5580,2677,2903,1395,669,726,
55800,5580,2742,2838,9765,4760,5005,11160,5403,5757,9765,4653,5112,5580,2677,2903,1395,669,726,
55805,5580,2742,2838,9766,4760,5006,11160,5403,5757,9765,4653,5112,5580,2677,2903,1395,669,726,
55810,5581,2742,2839,9767,4760,5007,11162,5403,5759,9766,4654,5112,5580,2677,2903,1395,669,726,
55815,5582,2742,2840,9767,4760,5007,11162,5403,5759,9767,4654,5113,5580,2677,2903,1395,669,726,
55820,5583,2743,2840,9769,4761,5008,11165,5405,5760,9768,4655,5113,5581,2678,2903,1395,669,726,
55825,5583,2743,2840,9770,4762,5008,11165,5405,5760,9769,4655,5114,5581,2678,2903,1396,670,726,
55830,5584,2743,2841,9770,4762,5008,11166,5405,5761,9770,4656,5114,5583,2678,2905,1396,670,726,
55835,5584,2743,2841,9771,4763,5008,11167,5406,5761,9771,4657,5114,5584,2679,2905,1396,670,726,
55840,5584,2743,2841,9772,4764,5008,11168,5406,5762,9772,4658,5114,5584,2679,2905,1396,670,726,
55845,5584,2743,2841,9773,4764,5009,11168,5406,5762,9772,4658,5114,5584,2679,2905,1396,670,726,
55850,5585,2744,2841,9774,4764,5010,11170,5408,5762,9773,4659,5114,5584,2679,2905,1396,670,726,
55855,5586,2744,2842,9774,4764,5010,11170,5408,5762,9774,4660,5114,5584,2679,2905,1396,670,726,
55860,5587,2745,2842,9776,4764,5012,11173,5409,5764,9775,4660,5115,5585,2680,2905,1396,670,726,
55865,5587,2745,2842,9777,4765,5012,11173,5409,5764,9776,4660,5116,5585,2680,2905,1397,671,726,
55870,5588,2746,2842,9777,4765,5012,11174,5410,5764,9777,4661,5116,5587,2681,2906,1397,671,726,
55875,5588,2746,2842,9778,4766,5012,11175,5411,5764,9778,4661,5117,5588,2682,2906,1397,671,726,
55880,5588,2746,2842,9779,4766,5013,11176,5412,5764,9779,4661,5118,5588,2682,2906,1397,671,726,
55885,5588,2746,2842,9780,4766,5014,11176,5412,5764,9779,4661,5118,5588,2682,2906,1397,671,726,
55890,5589,2747,2842,9781,4766,5015,11178,5412,5766,9780,4661,5119,5588,2682,2906,1397,671,726,
55895,5590,2748,2842,9781,4766,5015,11178,5412,5766,9781,4662,5119,5588,2682,2906,1397,671,726,
55900,5591,2748,2843,9783,4768,5015,11181,5413,5768,9782,4663,5119,5589,2682,2907,1397,671,726,
55905,5591,2748,2843,9784,4769,5015,11181,5413,5768,9783,4663,5120,5589,2682,2907,1398,671,727,
55910,5592,2748,2844,9784,4769,5015,11182,5414,5768,9784,4664,5120,5591,2682,2909,1398,671,727,
55915,5592,2748,2844,9785,4770,5015,11183,5414,5769,9785,4664,5121,5592,2682,2910,1398,671,727,
55920,5592,2748,2844,9786,4771,5015,11184,5415,5769,9786,4665,5121,5592,2682,2910,1398,671,727,
55925,5592,2748,2844,9787,4772,5015,11184,5415,5769,9786,4665,5121,5592,2682,2910,1398,671,727,
55930,5593,2748,2845,9788,4772,5016,11186,5416,5770,9787,4666,5121,5592,2682,2910,1398,671,727,
55935,5594,2748,2846,9788,4772,5016,11186,5416,5770,9788,4667,5121,5592,2682,2910,1398,671,727,
55940,5595,2748,2847,9790,4773,5017,11189,5417,5772,9789,4668,5121,5593,2683,2910,1398,671,727,
55945,5595,2748,2847,9791,4773,5018,11189,5417,5772,9790,4668,5122,5593,2683,2910,1399,672,727,
55950,5596,2748,2848,9791,4773,5018,11190,5418,5772,9791,4668,5123,5595,2684,2911,1399,672,727,
55955,5596,2748,2848,9792,4773,5019,11191,5418,5773,9792,4669,5123,5596,2684,2912,1399,672,727,
55960,5596,2748,2848,9793,4773,5020,11192,5418,5774,9793,4669,5124,5596,2684,2912,1399,672,727,
55965,5596,2748,2848,9794,4773,5021,11192,5418,5774,9793,4669,5124,5596,2684,2912,1399,672,727,
55970,5597,2749,2848,9795,4773,5022,11194,5418,5776,9794,4670,5124,5596,2684,2912,1399,672,727,
55975,5598,2750,2848,9795,4773,5022,11194,5418,5776,9795,4670,5125,5596,2684,2912,1399,672,727,
55980,5599,2751,2848,9797,4774,5023,11197,5420,5777,9796,4670,5126,5597,2685,2912,1399,672,727,
55985,5599,2751,2848,9798,4774,5024,11197,5420,5777,9797,4670,5127,5597,2685,2912,1400,672,728,
55990,5600,2751,2849,9798,4774,5024,11198,5420,5778,9798,4671,5127,5599,2685,2914,1400,672,728,
55995,5600,2751,2849,9799,4774,5025,11199,5420,5779,9799,4672,5127,5600,2685,2915,1400,672,728,
56000,5600,2751,2849,9800,4774,5026,11200,5421,5779,9800,4672,5128,5600,2685,2915,1400,672,728,
56005,5600,2751,2849,9801,4774,5027,11200,5421,5779,9800,4672,5128,5600,2685,2915,1400,672,728,
56010,5601,2751,2850,9802,4774,5028,11202,5422,5780,9801,4672,5129,5600,2685,2915,1400,672,728,
56015,5602,2751,2851,9802,4774,5028,11202,5422,5780,9802,4673,5129,5600,2685,2915,1400,672,728,
56020,5603,2751,2852,9804,4776,5028,11205,5424,5781,9803,4673,5130,5601,2686,2915,1400,672,728,
56025,5603,2751,2852,9805,4777,5028,11205,5424,5781,9804,4673,5131,5601,2686,2915,1401,672,729,
56030,5604,2751,2853,9805,4777,5028,11206,5425,5781,9805,4674,5131,5603,2687,2916,1401,672,729,
56035,5604,2751,2853,9806,4778,5028,11207,5426,5781,9806,4674,5132,5604,2687,2917,1401,672,729,
56040,5604,2751,2853,9807,4778,5029,11208,5427,5781,9807,4675,5132,5604,2687,2917,1401,672,729,
56045,5604,2751,2853,9808,4779,5029,11208,5427,5781,9807,4675,5132,5604,2687,2917,1401,672,729,
56050,5605,2752,2853,9809,4779,5030,11210,5429,5781,9808,4676,5132,5604,2687,2917,1401,672,729,
56055,5606,2752,2854,9809,4779,5030,11210,5429,5781,9809,4676,5133,5604,2687,2917,1401,672,729,
56060,5607,2752,2855,9811,4780,5031,11213,5432,5781,9810,4677,5133,5605,2687,2918,1401,672,729,
56065,5607,2752,2855,9812,4780,5032,11213,5432,5781,9811,4677,5134,5605,2687,2918,1402,673,729,
56070,5608,2753,2855,9812,4780,5032,11214,5433,5781,9812,4677,5135,5607,2689,2918,1402,673,729,
56075,5608,2753,2855,9813,4780,5033,11215,5433,5782,9813,4678,5135,5608,2689,2919,1402,673,729,
56080,5608,2753,2855,9814,4780,5034,11216,5434,5782,9814,4678,5136,5608,2689,2919,1402,673,729,
56085,5608,2753,2855,9815,4781,5034,11216,5434,5782,9814,4678,5136,5608,2689,2919,1402,673,729,
56090,5609,2754,2855,9816,4782,5034,11218,5434,5784,9815,4678,5137,5608,2689,2919,1402,673,729,
56095,5610,2755,2855,9816,4782,5034,11218,5434,5784,9816,4679,5137,5608,2689,2919,1402,673,729,
56100,5611,2756,2855,9818,4782,5036,11221,5435,5786,9817,4679,5138,5609,2689,2920,1402,673,729,
56105,5611,2756,2855,9819,4782,5037,11221,5435,5786,9818,4680,5138,5609,2689,2920,1403,673,730,
56110,5612,2756,2856,9819,4782,5037,11222,5435,5787,9819,4681,5138,5611,2689,2922,1403,673,730,
56115,5612,2756,2856,9820,4782,5038,11223,5436,5787,9820,4681,5139,5612,2689,2923,1403,673,730,
56120,5612,2756,2856,9821,4782,5039,11224,5437,5787,9821,4682,5139,5612,2689,2923,1403,673,730,
56125,5612,2756,2856,9822,4782,5040,11224,5437,5787,9821,4682,5139,5612,2689,2923,1403,673,730,
56130,5613,2756,2857,9823,4783,5040,11226,5437,5789,9822,4683,5139,5612,2689,2923,1403,673,730,
56135,5614,2756,2858,9823,4783,5040,11226,5437,5789,9823,4684,5139,5612,2689,2923,1403,673,730,
56140,5615,2757,2858,9825,4784,5041,11229,5440,5789,9824,4684,5140,5613,2690,2923,1403,673,730,
56145,5615,2757,2858,9826,4784,5042,11229,5440,5789,9825,4685,5140,5613,2690,2923,1404,674,730,
56150,5616,2758,2858,9826,4784,5042,11230,5441,5789,9826,4685,5141,5615,2691,2924,1404,674,730,
56155,5616,2758,2858,9827,4785,5042,11231,5441,5790,9827,4686,5141,5616,2691,2925,1404,674,730,
56160,5616,2758,2858,9828,4786,5042,11232,5442,5790,9828,4687,5141,5616,2691,2925,1404,674,730,
56165,5616,2758,2858,9829,4787,5042,11232,5442,5790,9828,4687,5141,5616,2691,2925,1404,674,730,
56170,5617,2759,2858,9830,4787,5043,11234,5443,5791,9829,4687,5142,5616,2691,2925,1404,674,730,
56175,5618,2759,2859,9830,4787,5043,11234,5443,5791,9830,4687,5143,5616,2691,2925,1404,674,730,
56180,5619,2760,2859,9832,4788,5044,11237,5444,5793,9831,4687,5144,5617,2692,2925,1404,674,730,
56185,5619,2760,2859,9833,4788,5045,11237,5444,5793,9832,4687,5145,5617,2692,2925,1405,675,730,
56190,5620,2760,2860,9833,4788,5045,11238,5444,5794,9833,4688,5145,5619,2693,2926,1405,675,730,
56195,5620,2760,2860,9834,4789,5045,11239,5444,5795,9834,4688,5146,5620,2694,2926,1405,675,730,
56200,5620,2760,2860,9835,4790,5045,11240,5444,5796,9835,4688,5147,5620,2694,2926,1405,675,730,
56205,5620,2760,2860,9836,4790,5046,11240,5444,5796,9835,4688,5147,5620,2694,2926,1405,675,730,
56210,5621,2761,2860,9837,4790,5047,11242,5446,5796,9836,4689,5147,5620,2694,2926,1405,675,730,
56215,5622,2762,2860,9837,4790,5047,11242,5446,5796,9837,4690,5147,5620,2694,2926,1405,675,730,
56220,5623,2763,2860,9839,4791,5048,11245,5448,5797,9838,4690,5148,5621,2695,2926,1405,675,730,
56225,5623,2763,2860,9840,4792,5048,11245,5448,5797,9839,4690,5149,5621,2695,2926,1406,676,730,
56230,5624,2763,2861,9840,4792,5048,11246,5448,5798,9840,4691,5149,5623,2696,2927,1406,676,730,
56235,5624,2763,2861,9841,4792,5049,11247,5449,5798,9841,4691,5150,5624,2697,2927,1406,676,730,
56240,5624,2763,2861,9842,4793,5049,11248,5450,5798,9842,4692,5150,5624,2697,2927,1406,676,730,
56245,5624,2763,2861,9843,4793,5050,11248,5450,5798,9842,4692,5150,5624,2697,2927,1406,676,730,
56250,5625,2763,2862,9844,4794,5050,11250,5450,5800,9843,4692,5151,5624,2697,2927,1406,676,730,
56255,5626,2764,2862,9844,4794,5050,11250,5450,5800,9844,4692,5152,5624,2697,2927,1406,676,730,
56260,5627,2764,2863,9846,4794,5052,11253,5451,5802,9845,4692,5153,5625,2697,2928,1406,676,730,
56265,5627,2764,2863,9847,4795,5052,11253,5451,5802,9846,4693,5153,5625,2697,2928,1407,677,730,
56270,5628,2764,2864,9847,4795,5052,11254,5452,5802,9847,4694,5153,5627,2697,2930,1407,677,730,
56275,5628,2764,2864,9848,4796,5052,11255,5453,5802,9848,4694,5154,5628,2697,2931,1407,677,730,
56280,5628,2764,2864,9849,4796,5053,11256,5454,5802,9849,4695,5154,5628,2697,2931,1407,677,730,
56285,5628,2764,2864,9850,4797,5053,11256,5454,5802,9849,4695,5154,5628,2697,2931,1407,677,730,
56290,5629,2765,2864,9851,4797,5054,11258,5454,5804,9850,4696,5154,5628,2697,2931,1407,677,730,
56295,5630,2766,2864,9851,4797,5054,11258,5454,5804,9851,4697,5154,5628,2697,2931,1407,677,730,
56300,5631,2767,2864,9853,4798,5055,11261,5457,5804,9852,4698,5154,5629,2697,2932,1407,677,730,
56305,5631,2767,2864,9854,4799,5055,11261,5457,5804,9853,4699,5154,5629,2697,2932,1408,677,731,
56310,5632,2768,2864,9854,4799,5055,11262,5458,5804,9854,4700,5154,5631,2698,2933,1408,677,731,
56315,5632,2768,2864,9855,4799,5056,11263,5459,5804,9855,4700,5155,5632,2698,2934,1408,677,731,
56320,5632,2768,2864,9856,4800,5056,11264,5459,5805,9856,4700,5156,5632,2698,2934,1408,677,731,
56325,5632,2768,2864,9857,4801,5056,11264,5459,5805,9856,4700,5156,5632,2698,2934,1408,677,731,
56330,5633,2769,2864,9858,4802,5056,11266,5461,5805,9857,4700,5157,5632,2698,2934,1408,677,731,
56335,5634,2770,2864,9858,4802,5056,11266,5461,5805,9858,4700,5158,5632,2698,2934,1408,677,731,
56340,5635,2771,2864,9860,4803,5057,11269,5463,5806,9859,4700,5159,5633,2699,2934,1408,677,731,
56345,5635,2771,2864,9861,4803,5058,11269,5463,5806,9860,4701,5159,5633,2699,2934,1409,678,731,
56350,5636,2771,2865,9861,4803,5058,11270,5464,5806,9861,4701,5160,5635,2699,2936,1409,678,731,
56355,5636,2771,2865,9862,4803,5059,11271,5465,5806,9862,4701,5161,5636,2699,2937,1409,678,731,
56360,5636,2771,2865,9863,4804,5059,11272,5466,5806,9863,4701,5162,5636,2699,2937,1409,678,731,
56365,5636,2771,2865,9864,4804,5060,11272,5466,5806,9863,4701,5162,5636,2699,2937,1409,678,731,
56370,5637,2771,2866,9865,4805,5060,11274,5467,5807,9864,4702,5162,5636,2699,2937,1409,678,731,
56375,5638,2771,2867,9865,4805,5060,11274,5467,5807,9865,4703,5162,5636,2699,2937,1409,678,731,
56380,5639,2772,2867,9867,4807,5060,11277,5469,5808,9866,4704,5162,5637,2699,2938,1409,678,731,
56385,5639,2772,2867,9868,4807,5061,11277,5469,5808,9867,4704,5163,5637,2699,2938,1410,679,731,
56390,5640,2773,2867,9868,4807,5061,11278,5470,5808,9868,4704,5164,5639,2699,2940,1410,679,731,
56395,5640,2773,2867,9869,4808,5061,11279,5470,5809,9869,4705,5164,5640,2699,2941,1410,679,731,
56400,5640,2773,2867,9870,4808,5062,11280,5471,5809,9870,4705,5165,5640,2699,2941,1410,679,731,
56405,5640,2773,2867,9871,4808,5063,11280,5471,5809,9870,4705,5165,5640,2699,2941,1410,679,731,
56410,5641,2773,2868,9872,4808,5064,11282,5471,5811,9871,4706,5165,5640,2699,2941,1410,679,731,
56415,5642,2773,2869,9872,4808,5064,11282,5471,5811,9872,4706,5166,5640,2699,2941,1410,679,731,
56420,5643,2773,2870,9874,4808,5066,11285,5473,5812,9873,4707,5166,5641,2700,2941,1410,679,731,
56425,5643,2773,2870,9875,4808,5067,11285,5473,5812,9874,4708,5166,5641,2700,2941,1411,679,732,
56430,5644,2774,2870,9875,4808,5067,11286,5474,5812,9875,4708,5167,5643,2700,2943,1411,679,732,
56435,5644,2774,2870,9876,4809,5067,11287,5474,5813,9876,4708,5168,5644,2700,2944,1411,679,732,
56440,5644,2774,2870,9877,4810,5067,11288,5474,5814,9877,4709,5168,5644,2700,2944,1411,679,732,
56445,5644,2774,2870,9878,4811,5067,11288,5474,5814,9877,4709,5168,5644,2700,2944,1411,679,732,
56450,5645,2775,2870,9879,4811,5068,11290,5475,5815,9878,4709,5169,5644,2700,2944,1411,679,732,
56455,5646,2776,2870,9879,4811,5068,11290,5475,5815,9879,4709,5170,5644,2700,2944,1411,679,732,
56460,5647,2777,2870,9881,4812,5069,11293,5476,5817,9880,4709,5171,5645,2701,2944,1411,679,732,
56465,5647,2777,2870,9882,4813,5069,11293,5476,5817,9881,4709,5172,5645,2701,2944,1412,680,732,
56470,5648,2778,2870,9882,4813,5069,11294,5477,5817,9882,4710,5172,5647,2703,2944,1412,680,732,
56475,5648,2778,2870,9883,4813,5070,11295,5477,5818,9883,4710,5173,5648,2703,2945,1412,680,732,
56480,5648,2778,2870,9884,4813,5071,11296,5477,5819,9884,4711,5173,5648,2703,2945,1412,680,732,
56485,5648,2778,2870,9885,4814,5071,11296,5477,5819,9884,4711,5173,5648,2703,2945,1412,680,732,
56490,5649,2778,2871,9886,4814,5072,11298,5478,5820,9885,4712,5173,5648,2703,2945,1412,680,732,
56495,5650,2778,2872,9886,4814,5072,11298,5478,5820,9886,4712,5174,5648,2703,2945,1412,680,732,
56500,5651,2779,2872,9888,4815,5073,11301,5479,5822,9887,4712,5175,5649,2704,2945,1412,680,732,
56505,5651,2779,2872,9889,4816,5073,11301,5479,5822,9888,4712,5176,5649,2704,2945,1413,681,732,
56510,5652,2779,2873,9889,4816,5073,11302,5480,5822,9889,4713,5176,5651,2705,2946,1413,681,732,
56515,5652,2779,2873,9890,4817,5073,11303,5481,5822,9890,4714,5176,5652,2706,2946,1413,681,732,
56520,5652,2779,2873,9891,4817,5074,11304,5481,5823,9891,4714,5177,5652,2706,2946,1413,681,732,
56525,5652,2779,2873,9892,4818,5074,11304,5481,5823,9891,4714,5177,5652,2706,2946,1413,681,732,
56530,5653,2779,2874,9893,4819,5074,11306,5482,5824,9892,4715,5177,5652,2706,2946,1413,681,732,
56535,5654,2780,2874,9893,4819,5074,11306,5482,5824,9893,4715,5178,5652,2706,2946,1413,681,732,
56540,5655,2780,2875,9895,4821,5074,11309,5483,5826,9894,4716,5178,5653,2707,2946,1413,681,732,
56545,5655,2780,2875,9896,4822,5074,11309,5483,5826,9895,4717,5178,5653,2707,2946,1414,681,733,
56550,5656,2780,2876,9896,4822,5074,11310,5484,5826,9896,4717,5179,5655,2708,2947,1414,681,733,
56555,5656,2780,2876,9897,4823,5074,11311,5484,5827,9897,4718,5179,5656,2708,2948,1414,681,733,
56560,5656,2780,2876,9898,4823,5075,11312,5485,5827,9898,4719,5179,5656,2708,2948,1414,681,733,
56565,5656,2780,2876,9899,4824,5075,11312,5485,5827,9898,4719,5179,5656,2708,2948,1414,681,733,
56570,5657,2780,2877,9900,4824,5076,11314,5485,5829,9899,4719,5180,5656,2708,2948,1414,681,733,
56575,5658,2781,2877,9900,4824,5076,11314,5485,5829,9900,4720,5180,5656,2708,2948,1414,681,733,
56580,5659,2781,2878,9902,4826,5076,11317,5486,5831,9901,4720,5181,5657,2709,2948,1414,681,733,
56585,5659,2781,2878,9903,4827,5076,11317,5486,5831,9902,4721,5181,5657,2709,2948,1415,681,734,
56590,5660,2782,2878,9903,4827,5076,11318,5487,5831,9903,4721,5182,5659,2709,2950,1415,681,734,
56595,5660,2782,2878,9904,4827,5077,11319,5487,5832,9904,4721,5183,5660,2710,2950,1415,681,734,
56600,5660,2782,2878,9905,4827,5078,11320,5487,5833,9905,4721,5184,5660,2710,2950,1415,681,734,
56605,5660,2782,2878,9906,4827,5079,11320,5487,5833,9905,4721,5184,5660,2710,2950,1415,681,734,
56610,5661,2783,2878,9907,4827,5080,11322,5487,5835,9906,4721,5185,5660,2710,2950,1415,681,734,
56615,5662,2783,2879,9907,4827,5080,11322,5487,5835,9907,4722,5185,5660,2710,2950,1415,681,734,
56620,5663,2784,2879,9909,4829,5080,11325,5489,5836,9908,4723,5185,5661,2710,2951,1415,681,734,
56625,5663,2784,2879,9910,4829,5081,11325,5489,5836,9909,4723,5186,5661,2710,2951,1416,682,734,
56630,5664,2785,2879,9910,4829,5081,11326,5489,5837,9910,4723,5187,5663,2711,2952,1416,682,734,
56635,5664,2785,2879,9911,4830,5081,11327,5490,5837,9911,4723,5188,5664,2712,2952,1416,682,734,
56640,5664,2785,2879,9912,4831,5081,11328,5490,5838,9912,4723,5189,5664,2712,2952,1416,682,734,
56645,5664,2785,2879,9913,4831,5082,11328,5490,5838,9912,4723,5189,5664,2712,2952,1416,682,734,
56650,5665,2786,2879,9914,4831,5083,11330,5491,5839,9913,4723,5190,5664,2712,2952,1416,682,734,
56655,5666,2786,2880,9914,4831,5083,11330,5491,5839,9914,4723,5191,5664,2712,2952,1416,682,734,
56660,5667,2786,2881,9916,4831,5085,11333,5493,5840,9915,4723,5192,5665,2712,2953,1416,682,734,
56665,5667,2786,2881,9917,4831,5086,11333,5493,5840,9916,4723,5193,5665,2712,2953,1417,682,735,
56670,5668,2786,2882,9917,4831,5086,11334,5494,5840,9917,4723,5194,5667,2713,2954,1417,682,735,
56675,5668,2786,2882,9918,4832,5086,11335,5494,5841,9918,4723,5195,5668,2713,2955,1417,682,735,
56680,5668,2786,2882,9919,4832,5087,11336,5495,5841,9919,4723,5196,5668,2713,2955,1417,682,735,
56685,5668,2786,2882,9920,4832,5088,11336,5495,5841,9919,4723,5196,5668,2713,2955,1417,682,735,
56690,5669,2786,2883,9921,4833,5088,11338,5496,5842,9920,4723,5197,5668,2713,2955,1417,682,735,
56695,5670,2786,2884,9921,4833,5088,11338,5496,5842,9921,4724,5197,5668,2713,2955,1417,682,735,
56700,5671,2786,2885,9923,4833,5090,11341,5497,5844,9922,4724,5198,5669,2713,2956,1417,682,735,
56705,5671,2786,2885,9924,4833,5091,11341,5497,5844,9923,4725,5198,5669,2713,2956,1418,682,736,
56710,5672,2786,2886,9924,4833,5091,11342,5497,5845,9924,4726,5198,5671,2714,2957,1418,682,736,
56715,5672,2786,2886,9925,4834,5091,11343,5497,5846,9925,4726,5199,5672,2715,2957,1418,682,736,
56720,5672,2786,2886,9926,4835,5091,11344,5497,5847,9926,4727,5199,5672,2715,2957,1418,682,736,
56725,5672,2786,2886,9927,4835,5092,11344,5497,5847,9926,4727,5199,5672,2715,2957,1418,682,736,
56730,5673,2786,2887,9928,4836,5092,11346,5498,5848,9927,4728,5199,5672,2715,2957,1418,682,736,
56735,5674,2786,2888,9928,4836,5092,11346,5498,5848,9928,4728,5200,5672,2715,2957,1418,682,736,
56740,5675,2786,2889,9930,4837,5093,11349,5499,5850,9929,4729,5200,5673,2716,2957,1418,682,736,
56745,5675,2786,2889,9931,4837,5094,11349,5499,5850,9930,4730,5200,5673,2716,2957,1419,682,737,
56750,5676,2786,2890,9931,4837,5094,11350,5500,5850,9931,4731,5200,5675,2716,2959,1419,682,737,
56755,5676,2786,2890,9932,4838,5094,11351,5501,5850,9932,4732,5200,5676,2717,2959,1419,682,737,
56760,5676,2786,2890,9933,4838,5095,11352,5502,5850,9933,4732,5201,5676,2717,2959,1419,682,737,
56765,5676,2786,2890,9934,4839,5095,11352,5502,5850,9933,4732,5201,5676,2717,2959,1419,682,737,
56770,5677,2786,2891,9935,4840,5095,11354,5504,5850,9934,4732,5202,5676,2717,2959,1419,682,737,
56775,5678,2786,2892,9935,4840,5095,11354,5504,5850,9935,4733,5202,5676,2717,2959,1419,682,737,
56780,5679,2786,2893,9937,4842,5095,11357,5505,5852,9936,4734,5202,5677,2717,2960,1419,682,737,
56785,5679,2786,2893,9938,4842,5096,11357,5505,5852,9937,4734,5203,5677,2717,2960,1420,682,738,
56790,5680,2786,2894,9938,4842,5096,11358,5506,5852,9938,4734,5204,5679,2718,2961,1420,682,738,
56795,5680,2786,2894,9939,4843,5096,11359,5507,5852,9939,4734,5205,5680,2718,2962,1420,682,738,
56800,5680,2786,2894,9940,4843,5097,11360,5508,5852,9940,4735,5205,5680,2718,2962,1420,682,738,
56805,5680,2786,2894,9941,4843,5098,11360,5508,5852,9940,4735,5205,5680,2718,2962,1420,682,738,
56810,5681,2787,2894,9942,4844,5098,11362,5508,5854,9941,4736,5205,5680,2718,2962,1420,682,738,
56815,5682,2788,2894,9942,4844,5098,11362,5508,5854,9942,4736,5206,5680,2718,2962,1420,682,738,
56820,5683,2789,2894,9944,4845,5099,11365,5510,5855,9943,4736,5207,5681,2718,2963,1420,682,738,
56825,5683,2789,2894,9945,4846,5099,11365,5510,5855,9944,4736,5208,5681,2718,2963,1421,682,739,
56830,5684,2790,2894,9945,4846,5099,11366,5511,5855,9945,4736,5209,5683,2720,2963,1421,682,739,
56835,5684,2790,2894,9946,4847,5099,11367,5511,5856,9946,4736,5210,5684,2720,2964,1421,682,739,
56840,5684,2790,2894,9947,4847,5100,11368,5512,5856,9947,4737,5210,5684,2720,2964,1421,682,739,
56845,5684,2790,2894,9948,4848,5100,11368,5512,5856,9947,4737,5210,5684,2720,2964,1421,682,739,
56850,5685,2790,2895,9949,4848,5101,11370,5513,5857,9948,4737,5211,5684,2720,2964,1421,682,739,
56855,5686,2790,2896,9949,4848,5101,11370,5513,5857,9949,4737,5212,5684,2720,2964,1421,682,739,
56860,5687,2790,2897,9951,4850,5101,11373,5514,5859,9950,4737,5213,5685,2721,2964,1421,682,739,
56865,5687,2790,2897,9952,4850,5102,11373,5514,5859,9951,4738,5213,5685,2721,2964,1422,683,739,
56870,5688,2791,2897,9952,4850,5102,11374,5515,5859,9952,4739,5213,5687,2722,2965,1422,683,739,
56875,5688,2791,2897,9953,4850,5103,11375,5515,5860,9953,4739,5214,5688,2723,2965,1422,683,739,
56880,5688,2791,2897,9954,4850,5104,11376,5515,5861,9954,4740,5214,5688,2723,2965,1422,683,739,
56885,5688,2791,2897,9955,4851,5104,11376,5515,5861,9954,4740,5214,5688,2723,2965,1422,683,739,
56890,5689,2791,2898,9956,4852,5104,11378,5515,5863,9955,4740,5215,5688,2723,2965,1422,683,739,
56895,5690,2791,2899,9956,4852,5104,11378,5515,5863,9956,4740,5216,5688,2723,2965,1422,683,739,
56900,5691,2792,2899,9958,4853,5105,11381,5515,5866,9957,4741,5216,5689,2723,2966,1422,683,739,
56905,5691,2792,2899,9959,4854,5105,11381,5515,5866,9958,4742,5216,5689,2723,2966,1423,684,739,
56910,5692,2792,2900,9959,4854,5105,11382,5515,5867,9959,4743,5216,5691,2725,2966,1423,684,739,
56915,5692,2792,2900,9960,4855,5105,11383,5516,5867,9960,4743,5217,5692,2725,2967,1423,684,739,
56920,5692,2792,2900,9961,4856,5105,11384,5516,5868,9961,4744,5217,5692,2725,2967,1423,684,739,
56925,5692,2792,2900,9962,4856,5106,11384,5516,5868,9961,4744,5217,5692,2725,2967,1423,684,739,
56930,5693,2793,2900,9963,4856,5107,11386,5517,5869,9962,4745,5217,5692,2725,2967,1423,684,739,
56935,5694,2794,2900,9963,4856,5107,11386,5517,5869,9963,4746,5217,5692,2725,2967,1423,684,739,
56940,5695,2794,2901,9965,4857,5108,11389,5519,5870,9964,4746,5218,5693,2725,2968,1423,684,739,
56945,5695,2794,2901,9966,4857,5109,11389,5519,5870,9965,4746,5219,5693,2725,2968,1424,685,739,
56950,5696,2795,2901,9966,4857,5109,11390,5519,5871,9966,4747,5219,5695,2726,2969,1424,685,739,
56955,5696,2795,2901,9967,4858,5109,11391,5519,5872,9967,4748,5219,5696,2727,2969,1424,685,739,
56960,5696,2795,2901,9968,4858,5110,11392,5520,5872,9968,4749,5219,5696,2727,2969,1424,685,739,
56965,5696,2795,2901,9969,4859,5110,11392,5520,5872,9968,4749,5219,5696,2727,2969,1424,685,739,
56970,5697,2796,2901,9970,4859,5111,11394,5520,5874,9969,4750,5219,5696,2727,2969,1424,685,739,
56975,5698,2797,2901,9970,4859,5111,11394,5520,5874,9970,4751,5219,5696,2727,2969,1424,685,739,
56980,5699,2797,2902,9972,4860,5112,11397,5521,5876,9971,4752,5219,5697,2728,2969,1424,685,739,
56985,5699,2797,2902,9973,4861,5112,11397,5521,5876,9972,4753,5219,5697,2728,2969,1425,686,739,
56990,5700,2797,2903,9973,4861,5112,11398,5522,5876,9973,4754,5219,5699,2730,2969,1425,686,739,
56995,5700,2797,2903,9974,4861,5113,11399,5523,5876,9974,4754,5220,5700,2731,2969,1425,686,739,
57000,5700,2797,2903,9975,4861,5114,11400,5524,5876,9975,4755,5220,5700,2731,2969,1425,686,739,
57005,5700,2797,2903,9976,4862,5114,11400,5524,5876,9975,4755,5220,5700,2731,2969,1425,686,739,
57010,5701,2797,2904,9977,4863,5114,11402,5524,5878,9976,4755,5221,5700,2731,2969,1425,686,739,
57015,5702,2798,2904,9977,4863,5114,11402,5524,5878,9977,4755,5222,5700,2731,2969,1425,686,739,
57020,5703,2799,2904,9979,4863,5116,11405,5527,5878,9978,4756,5222,5701,2731,2970,1425,686,739,
57025,5703,2799,2904,9980,4863,5117,11405,5527,5878,9979,4757,5222,5701,2731,2970,1426,687,739,
57030,5704,2800,2904,9980,4863,5117,11406,5528,5878,9980,4758,5222,5703,2731,2972,1426,687,739,
57035,5704,2800,2904,9981,4863,5118,11407,5528,5879,9981,4759,5222,5704,2732,2972,1426,687,739,
57040,5704,2800,2904,9982,4864,5118,11408,5528,5880,9982,4760,5222,5704,2732,2972,1426,687,739,
57045,5704,2800,2904,9983,4864,5119,11408,5528,5880,9982,4760,5222,5704,2732,2972,1426,687,739,
57050,5705,2801,2904,9984,4865,5119,11410,5529,5881,9983,4761,5222,5704,2732,2972,1426,687,739,
57055,5706,2801,2905,9984,4865,5119,11410,5529,5881,9984,4761,5223,5704,2732,2972,1426,687,739,
57060,5707,2802,2905,9986,4866,5120,11413,5531,5882,9985,4761,5224,5705,2732,2973,1426,687,739,
57065,5707,2802,2905,9987,4867,5120,11413,5531,5882,9986,4761,5225,5705,2732,2973,1427,687,740,
57070,5708,2802,2906,9987,4867,5120,11414,5532,5882,9987,4761,5226,5707,2733,2974,1427,687,740,
57075,5708,2802,2906,9988,4868,5120,11415,5532,5883,9988,4761,5227,5708,2733,2975,1427,687,740,
57080,5708,2802,2906,9989,4868,5121,11416,5532,5884,9989,4761,5228,5708,2733,2975,1427,687,740,
57085,5708,2802,2906,9990,4869,5121,11416,5532,5884,9989,4761,5228,5708,2733,2975,1427,687,740,
57090,5709,2803,2906,9991,4869,5122,11418,5533,5885,9990,4761,5229,5708,2733,2975,1427,687,740,
57095,5710,2803,2907,9991,4869,5122,11418,5533,5885,9991,4761,5230,5708,2733,2975,1427,687,740,
57100,5711,2803,2908,9993,4871,5122,11421,5534,5887,9992,4761,5231,5709,2734,2975,1427,687,740,
57105,5711,2803,2908,9994,4872,5122,11421,5534,5887,9993,4762,5231,5709,2734,2975,1428,688,740,
57110,5712,2803,2909,9994,4872,5122,11422,5535,5887,9994,4763,5231,5711,2736,2975,1428,688,740,
57115,5712,2803,2909,9995,4872,5123,11423,5536,5887,9995,4763,5232,5712,2737,2975,1428,688,740,
57120,5712,2803,2909,9996,4872,5124,11424,5537,5887,9996,4763,5233,5712,2737,2975,1428,688,740,
57125,5712,2803,2909,9997,4873,5124,11424,5537,5887,9996,4763,5233,5712,2737,2975,1428,688,740,
57130,5713,2803,2910,9998,4873,5125,11426,5538,5888,9997,4763,5234,5712,2737,2975,1428,688,740,
57135,5714,2804,2910,9998,4873,5125,11426,5538,5888,9998,4764,5234,5712,2737,2975,1428,688,740,
57140,5715,2805,2910,10000,4874,5126,11429,5540,5889,9999,4764,5235,5713,2738,2975,1428,688,740,
57145,5715,2805,2910,10001,4875,5126,11429,5540,5889,10000,4765,5235,5713,2738,2975,1429,689,740,
57150,5716,2805,2911,10001,4875,5126,11430,5541,5889,10001,4765,5236,5715,2739,2976,1429,689,740,
57155,5716,2805,2911,10002,4875,5127,11431,5541,5890,10002,4765,5237,5716,2739,2977,1429,689,740,
57160,5716,2805,2911,10003,4875,5128,11432,5541,5891,10003,4766,5237,5716,2739,2977,1429,689,740,
57165,5716,2805,2911,10004,4876,5128,11432,5541,5891,10003,4766,5237,5716,2739,2977,1429,689,740,
57170,5717,2805,2912,10005,4876,5129,11434,5543,5891,10004,4766,5238,5716,2739,2977,1429,689,740,
57175,5718,2806,2912,10005,4876,5129,11434,5543,5891,10005,4766,5239,5716,2739,2977,1429,689,740,
57180,5719,2806,2913,10007,4877,5130,11437,5544,5893,10006,4766,5240,5717,2739,2978,1429,689,740,
57185,5719,2806,2913,10008,4877,5131,11437,5544,5893,10007,4767,5240,5717,2739,2978,1430,690,740,
57190,5720,2807,2913,10008,4877,5131,11438,5544,5894,10008,4767,5241,5719,2741,2978,1430,690,740,
57195,5720,2807,2913,10009,4877,5132,11439,5544,5895,10009,4768,5241,5720,2741,2979,1430,690,740,
57200,5720,2807,2913,10010,4878,5132,11440,5545,5895,10010,4769,5241,5720,2741,2979,1430,690,740,
57205,5720,2807,2913,10011,4878,5133,11440,5545,5895,10010,4769,5241,5720,2741,2979,1430,690,740,
57210,5721,2807,2914,10012,4878,5134,11442,5546,5896,10011,4769,5242,5720,2741,2979,1430,690,740,
57215,5722,2808,2914,10012,4878,5134,11442,5546,5896,10012,4769,5243,5720,2741,2979,1430,690,740,
57220,5723,2808,2915,10014,4880,5134,11445,5546,5899,10013,4770,5243,5721,2742,2979,1430,690,740,
57225,5723,2808,2915,10015,4880,5135,11445,5546,5899,10014,4771,5243,5721,2742,2979,1431,691,740,
57230,5724,2809,2915,10015,4880,5135,11446,5546,5900,10015,4772,5243,5723,2744,2979,1431,691,740,
57235,5724,2809,2915,10016,4880,5136,11447,5547,5900,10016,4772,5244,5724,2745,2979,1431,691,740,
57240,5724,2809,2915,10017,4880,5137,11448,5547,5901,10017,4772,5245,5724,2745,2979,1431,691,740,
57245,5724,2809,2915,10018,4880,5138,11448,5547,5901,10017,4772,5245,5724,2745,2979,1431,691,740,
57250,5725,2810,2915,10019,4881,5138,11450,5549,5901,10018,4773,5245,5724,2745,2979,1431,691,740,
57255,5726,2811,2915,10019,4881,5138,11450,5549,5901,10019,4773,5246,5724,2745,2979,1431,691,740,
57260,5727,2811,2916,10021,4882,5139,11453,5551,5902,10020,4774,5246,5725,2746,2979,1431,691,740,
57265,5727,2811,2916,10022,4883,5139,11453,5551,5902,10021,4774,5247,5725,2746,2979,1432,692,740,
57270,5728,2811,2917,10022,4883,5139,11454,5552,5902,10022,4775,5247,5727,2748,2979,1432,692,740,
57275,5728,2811,2917,10023,4884,5139,11455,5553,5902,10023,4775,5248,5728,2749,2979,1432,692,740,
57280,5728,2811,2917,10024,4884,5140,11456,5554,5902,10024,4776,5248,5728,2749,2979,1432,692,740,
57285,5728,2811,2917,10025,4885,5140,11456,5554,5902,10024,4776,5248,5728,2749,2979,1432,692,740,
57290,5729,2811,2918,10026,4886,5140,11458,5556,5902,10025,4777,5248,5728,2749,2979,1432,692,740,
57295,5730,2812,2918,10026,4886,5140,11458,5556,5902,10026,4777,5249,5728,2749,2979,1432,692,740,
57300,5731,2813,2918,10028,4886,5142,11461,5559,5902,10027,4777,5250,5729,2750,2979,1432,692,740,
57305,5731,2813,2918,10029,4886,5143,11461,5559,5902,10028,4777,5251,5729,2750,2979,1433,693,740,
57310,5732,2814,2918,10029,4886,5143,11462,5559,5903,10029,4778,5251,5731,2751,2980,1433,693,740,
57315,5732,2814,2918,10030,4887,5143,11463,5559,5904,10030,4779,5251,5732,2751,2981,1433,693,740,
57320,5732,2814,2918,10031,4887,5144,11464,5560,5904,10031,4780,5251,5732,2751,2981,1433,693,740,
57325,5732,2814,2918,10032,4888,5144,11464,5560,5904,10031,4780,5251,5732,2751,2981,1433,693,740,
57330,5733,2814,2919,10033,4889,5144,11466,5560,5906,10032,4780,5252,5732,2751,2981,1433,693,740,
57335,5734,2814,2920,10033,4889,5144,11466,5560,5906,10033,4780,5253,5732,2751,2981,1433,693,740,
57340,5735,2814,2921,10035,4890,5145,11469,5561,5908,10034,4781,5253,5733,2751,2982,1433,693,740,
57345,5735,2814,2921,10036,4891,5145,11469,5561,5908,10035,4782,5253,5733,2751,2982,1434,694,740,
57350,5736,2815,2921,10036,4891,5145,11470,5562,5908,10036,4782,5254,5735,2752,2983,1434,694,740,
57355,5736,2815,2921,10037,4892,5145,11471,5562,5909,10037,4783,5254,5736,2752,2984,1434,694,740,
57360,5736,2815,2921,10038,4893,5145,11472,5563,5909,10038,4784,5254,5736,2752,2984,1434,694,740,
57365,5736,2815,2921,10039,4893,5146,11472,5563,5909,10038,4784,5254,5736,2752,2984,1434,694,740,
57370,5737,2816,2921,10040,4894,5146,11474,5564,5910,10039,4784,5255,5736,2752,2984,1434,694,740,
57375,5738,2816,2922,10040,4894,5146,11474,5564,5910,10040,4784,5256,5736,2752,2984,1434,694,740,
57380,5739,2817,2922,10042,4895,5147,11477,5565,5912,10041,4784,5257,5737,2753,2984,1434,694,740,
57385,5739,2817,2922,10043,4895,5148,11477,5565,5912,10042,4785,5257,5737,2753,2984,1435,694,741,
57390,5740,2818,2922,10043,4895,5148,11478,5566,5912,10043,4785,5258,5739,2754,2985,1435,694,741,
57395,5740,2818,2922,10044,4896,5148,11479,5566,5913,10044,4785,5259,5740,2754,2986,1435,694,741,
57400,5740,2818,2922,10045,4897,5148,11480,5566,5914,10045,4786,5259,5740,2754,2986,1435,694,741,
57405,5740,2818,2922,10046,4898,5148,11480,5566,5914,10045,4786,5259,5740,2754,2986,1435,694,741,
57410,5741,2818,2923,10047,4899,5148,11482,5566,5916,10046,4787,5259,5740,2754,2986,1435,694,741,
57415,5742,2818,2924,10047,4899,5148,11482,5566,5916,10047,4788,5259,5740,2754,2986,1435,694,741,
57420,5743,2818,2925,10049,4899,5150,11485,5567,5918,10048,4789,5259,5741,2754,2987,1435,694,741,
57425,5743,2818,2925,10050,4900,5150,11485,5567,5918,10049,4790,5259,5741,2754,2987,1436,694,742,
57430,5744,2818,2926,10050,4900,5150,11486,5568,5918,10050,4791,5259,5743,2756,2987,1436,694,742,
57435,5744,2818,2926,10051,4900,5151,11487,5569,5918,10051,4791,5260,5744,2757,2987,1436,694,742,
57440,5744,2818,2926,10052,4900,5152,11488,5569,5919,10052,4792,5260,5744,2757,2987,1436,694,742,
57445,5744,2818,2926,10053,4900,5153,11488,5569,5919,10052,4792,5260,5744,2757,2987,1436,694,742,
57450,5745,2819,2926,10054,4901,5153,11490,5571,5919,10053,4792,5261,5744,2757,2987,1436,694,742,
57455,5746,2819,2927,10054,4901,5153,11490,5571,5919,10054,4793,5261,5744,2757,2987,1436,694,742,
57460,5747,2820,2927,10056,4902,5154,11493,5573,5920,10055,4793,5262,5745,2758,2987,1436,694,742,
57465,5747,2820,2927,10057,4902,5155,11493,5573,5920,10056,4793,5263,5745,2758,2987,1437,695,742,
57470,5748,2820,2928,10057,4902,5155,11494,5573,5921,10057,4794,5263,5747,2759,2988,1437,695,742,
57475,5748,2820,2928,10058,4902,5156,11495,5573,5922,10058,4794,5264,5748,2759,2989,1437,695,742,
57480,5748,2820,2928,10059,4903,5156,11496,5574,5922,10059,4794,5265,5748,2759,2989,1437,695,742,
57485,5748,2820,2928,10060,4904,5156,11496,5574,5922,10059,4794,5265,5748,2759,2989,1437,695,742,
57490,5749,2820,2929,10061,4904,5157,11498,5575,5923,10060,4795,5265,5748,2759,2989,1437,695,742,
57495,5750,2821,2929,10061,4904,5157,11498,5575,5923,10061,4795,5266,5748,2759,2989,1437,695,742,
57500,5751,2822,2929,10063,4905,5158,11501,5575,5926,10062,4796,5266,5749,2759,2990,1437,695,742,
57505,5751,2822,2929,10064,4906,5158,11501,5575,5926,10063,4796,5267,5749,2759,2990,1438,695,743,
57510,5752,2822,2930,10064,4906,5158,11502,5575,5927,10064,4796,5268,5751,2759,2992,1438,695,743,
57515,5752,2822,2930,10065,4907,5158,11503,5576,5927,10065,4797,5268,5752,2760,2992,1438,695,743,
57520,5752,2822,2930,10066,4907,5159,11504,5576,5928,10066,4798,5268,5752,2760,2992,1438,695,743,
57525,5752,2822,2930,10067,4908,5159,11504,5576,5928,10066,4798,5268,5752,2760,2992,1438,695,743,
57530,5753,2822,2931,10068,4908,5160,11506,5576,5930,10067,4799,5268,5752,2760,2992,1438,695,743,
57535,5754,2822,2932,10068,4908,5160,11506,5576,5930,10068,4800,5268,5752,2760,2992,1438,695,743,
57540,5755,2823,2932,10070,4908,5162,11509,5578,5931,10069,4800,5269,5753,2761,2992,1438,695,743,
57545,5755,2823,2932,10071,4909,5162,11509,5578,5931,10070,4801,5269,5753,2761,2992,1439,696,743,
57550,5756,2824,2932,10071,4909,5162,11510,5578,5932,10071,4802,5269,5755,2762,2993,1439,696,743,
57555,5756,2824,2932,10072,4909,5163,11511,5579,5932,10072,4803,5269,5756,2763,2993,1439,696,743,
57560,5756,2824,2932,10073,4909,5164,11512,5580,5932,10073,4803,5270,5756,2763,2993,1439,696,743,
57565,5756,2824,2932,10074,4910,5164,11512,5580,5932,10073,4803,5270,5756,2763,2993,1439,696,743,
57570,5757,2825,2932,10075,4910,5165,11514,5580,5934,10074,4803,5271,5756,2763,2993,1439,696,743,
57575,5758,2825,2933,10075,4910,5165,11514,5580,5934,10075,4803,5272,5756,2763,2993,1439,696,743,
57580,5759,2825,2934,10077,4910,5167,11517,5580,5937,10076,4803,5273,5757,2763,2994,1439,696,743,
57585,5759,2825,2934,10078,4911,5167,11517,5580,5937,10077,4804,5273,5757,2763,2994,1440,697,743,
57590,5760,2826,2934,10078,4911,5167,11518,5581,5937,10078,4805,5273,5759,2764,2995,1440,697,743,
57595,5760,2826,2934,10079,4912,5167,11519,5582,5937,10079,4806,5273,5760,2764,2996,1440,697,743,
57600,5760,2826,2934,10080,4912,5168,11520,5582,5938,10080,4807,5273,5760,2764,2996,1440,697,743,
57605,5760,2826,2934,10081,4912,5169,11520,5582,5938,10080,4807,5273,5760,2764,2996,1440,697,743,
57610,5761,2827,2934,10082,4912,5170,11522,5582,5940,10081,4808,5273,5760,2764,2996,1440,697,743,
57615,5762,2828,2934,10082,4912,5170,11522,5582,5940,10082,4808,5274,5760,2764,2996,1440,697,743,
57620,5763,2828,2935,10084,4912,5172,11525,5584,5941,10083,4808,5275,5761,2764,2997,1440,697,743,
57625,5763,2828,2935,10085,4913,5172,11525,5584,5941,10084,4808,5276,5761,2764,2997,1441,697,744,
57630,5764,2829,2935,10085,4913,5172,11526,5584,5942,10085,4808,5277,5763,2766,2997,1441,697,744,
57635,5764,2829,2935,10086,4914,5172,11527,5584,5943,10086,4809,5277,5764,2766,2998,1441,697,744,
57640,5764,2829,2935,10087,4914,5173,11528,5584,5944,10087,4810,5277,5764,2766,2998,1441,697,744,
57645,5764,2829,2935,10088,4914,5174,11528,5584,5944,10087,4810,5277,5764,2766,2998,1441,697,744,
57650,5765,2829,2936,10089,4915,5174,11530,5585,5945,10088,4811,5277,5764,2766,2998,1441,697,744,
57655,5766,2829,2937,10089,4915,5174,11530,5585,5945,10089,4812,5277,5764,2766,2998,1441,697,744,
57660,5767,2829,2938,10091,4916,5175,11533,5585,5948,10090,4812,5278,5765,2766,2999,1441,697,744,
57665,5767,2829,2938,10092,4917,5175,11533,5585,5948,10091,4813,5278,5765,2766,2999,1442,697,745,
57670,5768,2829,2939,10092,4917,5175,11534,5585,5949,10092,4814,5278,5767,2768,2999,1442,697,745,
57675,5768,2829,2939,10093,4917,5176,11535,5586,5949,10093,4814,5279,5768,2768,3000,1442,697,745,
57680,5768,2829,2939,10094,4918,5176,11536,5586,5950,10094,4815,5279,5768,2768,3000,1442,697,745,
57685,5768,2829,2939,10095,4918,5177,11536,5586,5950,10094,4815,5279,5768,2768,3000,1442,697,745,
57690,5769,2830,2939,10096,4918,5178,11538,5587,5951,10095,4815,5280,5768,2768,3000,1442,697,745,
57695,5770,2831,2939,10096,4918,5178,11538,5587,5951,10096,4816,5280,5768,2768,3000,1442,697,745,
57700,5771,2831,2940,10098,4919,5179,11541,5588,5953,10097,4816,5281,5769,2769,3000,1442,697,745,
57705,5771,2831,2940,10099,4920,5179,11541,5588,5953,10098,4816,5282,5769,2769,3000,1443,697,746,
57710,5772,2832,2940,10099,4920,5179,11542,5589,5953,10099,4816,5283,5771,2769,3002,1443,697,746,
57715,5772,2832,2940,10100,4920,5180,11543,5589,5954,10100,4817,5283,5772,2770,3002,1443,697,746,
57720,5772,2832,2940,10101,4920,5181,11544,5590,5954,10101,4817,5284,5772,2770,3002,1443,697,746,
57725,5772,2832,2940,10102,4920,5182,11544,5590,5954,10101,4817,5284,5772,2770,3002,1443,697,746,
57730,5773,2833,2940,10103,4920,5183,11546,5592,5954,10102,4817,5285,5772,2770,3002,1443,697,746,
57735,5774,2833,2941,10103,4920,5183,11546,5592,5954,10103,4817,5286,5772,2770,3002,1443,697,746,
57740,5775,2833,2942,10105,4921,5184,11549,5594,5955,10104,4817,5287,5773,2770,3003,1443,697,746,
57745,5775,2833,2942,10106,4921,5185,11549,5594,5955,10105,4818,5287,5773,2770,3003,1444,697,747,
57750,5776,2833,2943,10106,4921,5185,11550,5594,5956,10106,4818,5288,5775,2771,3004,1444,697,747,
57755,5776,2833,2943,10107,4921,5186,11551,5595,5956,10107,4818,5289,5776,2771,3005,1444,697,747,
57760,5776,2833,2943,10108,4921,5187,11552,5595,5957,10108,4819,5289,5776,2771,3005,1444,697,747,
57765,5776,2833,2943,10109,4922,5187,11552,5595,5957,10108,4819,5289,5776,2771,3005,1444,697,747,
57770,5777,2833,2944,10110,4922,5188,11554,5597,5957,10109,4820,5289,5776,2771,3005,1444,697,747,
57775,5778,2833,2945,10110,4922,5188,11554,5597,5957,10110,4821,5289,5776,2771,3005,1444,697,747,
57780,5779,2833,2946,10112,4923,5189,11557,5597,5960,10111,4822,5289,5777,2772,3005,1444,697,747,
57785,5779,2833,2946,10113,4923,5190,11557,5597,5960,10112,4823,5289,5777,2772,3005,1445,697,748,
57790,5780,2833,2947,10113,4923,5190,11558,5597,5961,10113,4824,5289,5779,2773,3006,1445,697,748,
57795,5780,2833,2947,10114,4924,5190,11559,5597,5962,10114,4825,5289,5780,2773,3007,1445,697,748,
57800,5780,2833,2947,10115,4924,5191,11560,5597,5963,10115,4825,5290,5780,2773,3007,1445,697,748,
57805,5780,2833,2947,10116,4924,5192,11560,5597,5963,10115,4825,5290,5780,2773,3007,1445,697,748,
57810,5781,2833,2948,10117,4924,5193,11562,5598,5964,10116,4825,5291,5780,2773,3007,1445,697,748,
57815,5782,2834,2948,10117,4924,5193,11562,5598,5964,10117,4825,5292,5780,2773,3007,1445,697,748,
57820,5783,2834,2949,10119,4926,5193,11565,5599,5966,10118,4826,5292,5781,2774,3007,1445,697,748,
57825,5783,2834,2949,10120,4927,5193,11565,5599,5966,10119,4826,5293,5781,2774,3007,1446,697,749,
57830,5784,2834,2950,10120,4927,5193,11566,5599,5967,10120,4827,5293,5783,2774,3009,1446,697,749,
57835,5784,2834,2950,10121,4928,5193,11567,5600,5967,10121,4828,5293,5784,2774,3010,1446,697,749,
57840,5784,2834,2950,10122,4928,5194,11568,5600,5968,10122,4829,5293,5784,2774,3010,1446,697,749,
57845,5784,2834,2950,10123,4928,5195,11568,5600,5968,10122,4829,5293,5784,2774,3010,1446,697,749,
57850,5785,2835,2950,10124,4928,5196,11570,5600,5970,10123,4830,5293,5784,2774,3010,1446,697,749,
57855,5786,2835,2951,10124,4928,5196,11570,5600,5970,10124,4831,5293,5784,2774,3010,1446,697,749,
57860,5787,2836,2951,10126,4929,5197,11573,5601,5972,10125,4832,5293,5785,2774,3011,1446,697,749,
57865,5787,2836,2951,10127,4930,5197,11573,5601,5972,10126,4832,5294,5785,2774,3011,1447,698,749,
57870,5788,2836,2952,10127,4930,5197,11574,5602,5972,10127,4833,5294,5787,2774,3013,1447,698,749,
57875,5788,2836,2952,10128,4930,5198,11575,5602,5973,10128,4833,5295,5788,2774,3014,1447,698,749,
57880,5788,2836,2952,10129,4930,5199,11576,5602,5974,10129,4834,5295,5788,2774,3014,1447,698,749,
57885,5788,2836,2952,10130,4930,5200,11576,5602,5974,10129,4834,5295,5788,2774,3014,1447,698,749,
57890,5789,2836,2953,10131,4930,5201,11578,5602,5976,10130,4834,5296,5788,2774,3014,1447,698,749,
57895,5790,2836,2954,10131,4930,5201,11578,5602,5976,10131,4835,5296,5788,2774,3014,1447,698,749,
57900,5791,2836,2955,10133,4932,5201,11581,5605,5976,10132,4835,5297,5789,2774,3015,1447,698,749,
57905,5791,2836,2955,10134,4933,5201,11581,5605,5976,10133,4835,5298,5789,2774,3015,1448,699,749,
57910,5792,2836,2956,10134,4933,5201,11582,5606,5976,10134,4836,5298,5791,2775,3016,1448,699,749,
57915,5792,2836,2956,10135,4934,5201,11583,5607,5976,10135,4837,5298,5792,2775,3017,1448,699,749,
57920,5792,2836,2956,10136,4935,5201,11584,5607,5977,10136,4838,5298,5792,2775,3017,1448,699,749,
57925,5792,2836,2956,10137,4936,5201,11584,5607,5977,10136,4838,5298,5792,2775,3017,1448,699,749,
57930,5793,2836,2957,10138,4936,5202,11586,5607,5979,10137,4839,5298,5792,2775,3017,1448,699,749,
57935,5794,2836,2958,10138,4936,5202,11586,5607,5979,10138,4839,5299,5792,2775,3017,1448,699,749,
57940,5795,2837,2958,10140,4936,5204,11589,5609,5980,10139,4839,5300,5793,2776,3017,1448,699,749,
57945,5795,2837,2958,10141,4937,5204,11589,5609,5980,10140,4839,5301,5793,2776,3017,1449,699,750,
57950,5796,2838,2958,10141,4937,5204,11590,5609,5981,10141,4840,5301,5795,2776,3019,1449,699,750,
57955,5796,2838,2958,10142,4937,5205,11591,5610,5981,10142,4840,5302,5796,2776,3020,1449,699,750,
57960,5796,2838,2958,10143,4937,5206,11592,5611,5981,10143,4841,5302,5796,2776,3020,1449,699,750,
57965,5796,2838,2958,10144,4938,5206,11592,5611,5981,10143,4841,5302,5796,2776,3020,1449,699,750,
57970,5797,2838,2959,10145,4938,5207,11594,5613,5981,10144,4842,5302,5796,2776,3020,1449,699,750,
57975,5798,2839,2959,10145,4938,5207,11594,5613,5981,10145,4842,5303,5796,2776,3020,1449,699,750,
57980,5799,2839,2960,10147,4940,5207,11597,5614,5983,10146,4843,5303,5797,2776,3021,1449,699,750,
57985,5799,2839,2960,10148,4941,5207,11597,5614,5983,10147,4844,5303,5797,2776,3021,1450,700,750,
57990,5800,2840,2960,10148,4941,5207,11598,5615,5983,10148,4844,5304,5799,2777,3022,1450,700,750,
57995,5800,2840,2960,10149,4942,5207,11599,5615,5984,10149,4845,5304,5800,2778,3022,1450,700,750,
58000,5800,2840,2960,10150,4943,5207,11600,5615,5985,10150,4846,5304,5800,2778,3022,1450,700,750,
58005,5800,2840,2960,10151,4944,5207,11600,5615,5985,10150,4846,5304,5800,2778,3022,1450,700,750,
58010,5801,2841,2960,10152,4944,5208,11602,5616,5986,10151,4847,5304,5800,2778,3022,1450,700,750,
58015,5802,2842,2960,10152,4944,5208,11602,5616,5986,10152,4848,5304,5800,2778,3022,1450,700,750,
58020,5803,2842,2961,10154,4945,5209,11605,5617,5988,10153,4848,5305,5801,2778,3023,1450,700,750,
58025,5803,2842,2961,10155,4945,5210,11605,5617,5988,10154,4849,5305,5801,2778,3023,1451,701,750,
58030,5804,2842,2962,10155,4945,5210,11606,5618,5988,10155,4850,5305,5803,2779,3024,1451,701,750,
58035,5804,2842,2962,10156,4945,5211,11607,5619,5988,10156,4851,5305,5804,2780,3024,1451,701,750,
58040,5804,2842,2962,10157,4946,5211,11608,5620,5988,10157,4851,5306,5804,2780,3024,1451,701,750,
58045,5804,2842,2962,10158,4946,5212,11608,5620,5988,10157,4851,5306,5804,2780,3024,1451,701,750,
58050,5805,2843,2962,10159,4946,5213,11610,5621,5989,10158,4851,5307,5804,2780,3024,1451,701,750,
58055,5806,2844,2962,10159,4946,5213,11610,5621,5989,10159,4852,5307,5804,2780,3024,1451,701,750,
58060,5807,2845,2962,10161,4948,5213,11613,5623,5990,10160,4852,5308,5805,2781,3024,1451,701,750,
58065,5807,2845,2962,10162,4948,5214,11613,5623,5990,10161,4853,5308,5805,2781,3024,1452,701,751,
58070,5808,2846,2962,10162,4948,5214,11614,5624,5990,10162,4854,5308,5807,2782,3025,1452,701,751,
58075,5808,2846,2962,10163,4949,5214,11615,5625,5990,10163,4855,5308,5808,2782,3026,1452,701,751,
58080,5808,2846,2962,10164,4950,5214,11616,5625,5991,10164,4855,5309,5808,2782,3026,1452,701,751,
58085,5808,2846,2962,10165,4951,5214,11616,5625,5991,10164,4855,5309,5808,2782,3026,1452,701,751,
58090,5809,2847,2962,10166,4951,5215,11618,5627,5991,10165,4855,5310,5808,2782,3026,1452,701,751,
58095,5810,2847,2963,10166,4951,5215,11618,5627,5991,10166,4855,5311,5808,2782,3026,1452,701,751,
58100,5811,2848,2963,10168,4952,5216,11621,5628,5993,10167,4855,5312,5809,2782,3027,1452,701,751,
58105,5811,2848,2963,10169,4952,5217,11621,5628,5993,10168,4856,5312,5809,2782,3027,1453,701,752,
58110,5812,2849,2963,10169,4952,5217,11622,5628,5994,10169,4856,5313,5811,2782,3029,1453,701,752,
58115,5812,2849,2963,10170,4953,5217,11623,5628,5995,10170,4856,5314,5812,2783,3029,1453,701,752,
58120,5812,2849,2963,10171,4953,5218,11624,5629,5995,10171,4856,5315,5812,2783,3029,1453,701,752,
58125,5812,2849,2963,10172,4954,5218,11624,5629,5995,10171,4856,5315,5812,2783,3029,1453,701,752,
58130,5813,2849,2964,10173,4954,5219,11626,5631,5995,10172,4856,5316,5812,2783,3029,1453,701,752,
58135,5814,2849,2965,10173,4954,5219,11626,5631,5995,10173,4856,5317,5812,2783,3029,1453,701,752,
58140,5815,2850,2965,10175,4954,5221,11629,5632,5997,10174,4856,5318,5813,2784,3029,1453,701,752,
58145,5815,2850,2965,10176,4954,5222,11629,5632,5997,10175,4857,5318,5813,2784,3029,1454,701,753,
58150,5816,2850,2966,10176,4954,5222,11630,5632,5998,10176,4857,5319,5815,2784,3031,1454,701,753,
58155,5816,2850,2966,10177,4954,5223,11631,5633,5998,10177,4857,5320,5816,2785,3031,1454,701,753,
58160,5816,2850,2966,10178,4954,5224,11632,5634,5998,10178,4857,5321,5816,2785,3031,1454,701,753,
58165,5816,2850,2966,10179,4955,5224,11632,5634,5998,10178,4857,5321,5816,2785,3031,1454,701,753,
58170,5817,2851,2966,10180,4956,5224,11634,5634,6000,10179,4857,5322,5816,2785,3031,1454,701,753,
58175,5818,2852,2966,10180,4956,5224,11634,5634,6000,10180,4858,5322,5816,2785,3031,1454,701,753,
58180,5819,2852,2967,10182,4957,5225,11637,5636,6001,10181,4858,5323,5817,2785,3032,1454,701,753,
58185,5819,2852,2967,10183,4957,5226,11637,5636,6001,10182,4859,5323,5817,2785,3032,1455,701,754,
58190,5820,2852,2968,10183,4957,5226,11638,5637,6001,10183,4859,5324,5819,2786,3033,1455,701,754,
58195,5820,2852,2968,10184,4957,5227,11639,5638,6001,10184,4859,5325,5820,2787,3033,1455,701,754,
58200,5820,2852,2968,10185,4958,5227,11640,5639,6001,10185,4859,5326,5820,2787,3033,1455,701,754,
58205,5820,2852,2968,10186,4958,5228,11640,5639,6001,10185,4859,5326,5820,2787,3033,1455,701,754,
58210,5821,2853,2968,10187,4959,5228,11642,5640,6002,10186,4860,5326,5820,2787,3033,1455,701,754,
58215,5822,2853,2969,10187,4959,5228,11642,5640,6002,10187,4860,5327,5820,2787,3033,1455,701,754,
58220,5823,2853,2970,10189,4961,5228,11645,5642,6003,10188,4860,5328,5821,2787,3034,1455,701,754,
58225,5823,2853,2970,10190,4962,5228,11645,5642,6003,10189,4860,5329,5821,2787,3034,1456,701,755,
58230,5824,2854,2970,10190,4962,5228,11646,5643,6003,10190,4860,5330,5823,2789,3034,1456,701,755,
58235,5824,2854,2970,10191,4963,5228,11647,5644,6003,10191,4860,5331,5824,2789,3035,1456,701,755,
58240,5824,2854,2970,10192,4963,5229,11648,5644,6004,10192,4861,5331,5824,2789,3035,1456,701,755,
58245,5824,2854,2970,10193,4963,5230,11648,5644,6004,10192,4861,5331,5824,2789,3035,1456,701,755,
58250,5825,2854,2971,10194,4963,5231,11650,5644,6006,10193,4861,5332,5824,2789,3035,1456,701,755,
58255,5826,2854,2972,10194,4963,5231,11650,5644,6006,10194,4861,5333,5824,2789,3035,1456,701,755,
58260,5827,2855,2972,10196,4965,5231,11653,5645,6008,10195,4862,5333,5825,2789,3036,1456,701,755,
58265,5827,2855,2972,10197,4965,5232,11653,5645,6008,10196,4862,5334,5825,2789,3036,1457,701,756,
58270,5828,2856,2972,10197,4965,5232,11654,5645,6009,10197,4863,5334,5827,2789,3038,1457,701,756,
58275,5828,2856,2972,10198,4965,5233,11655,5645,6010,10198,4864,5334,5828,2790,3038,1457,701,756,
58280,5828,2856,2972,10199,4966,5233,11656,5645,6011,10199,4865,5334,5828,2790,3038,1457,701,756,
58285,5828,2856,2972,10200,4966,5234,11656,5645,6011,10199,4865,5334,5828,2790,3038,1457,701,756,
58290,5829,2856,2973,10201,4967,5234,11658,5646,6012,10200,4866,5334,5828,2790,3038,1457,701,756,
58295,5830,2857,2973,10201,4967,5234,11658,5646,6012,10201,4866,5335,5828,2790,3038,1457,701,756,
58300,5831,2858,2973,10203,4969,5234,11661,5647,6014,10202,4866,5336,5829,2791,3038,1457,701,756,
58305,5831,2858,2973,10204,4969,5235,11661,5647,6014,10203,4867,5336,5829,2791,3038,1458,702,756,
58310,5832,2858,2974,10204,4969,5235,11662,5647,6015,10204,4867,5337,5831,2793,3038,1458,702,756,
58315,5832,2858,2974,10205,4969,5236,11663,5647,6016,10205,4867,5338,5832,2793,3039,1458,702,756,
58320,5832,2858,2974,10206,4970,5236,11664,5647,6017,10206,4867,5339,5832,2793,3039,1458,702,756,
58325,5832,2858,2974,10207,4971,5236,11664,5647,6017,10206,4867,5339,5832,2793,3039,1458,702,756,
58330,5833,2859,2974,10208,4971,5237,11666,5647,6019,10207,4867,5340,5832,2793,3039,1458,702,756,
58335,5834,2860,2974,10208,4971,5237,11666,5647,6019,10208,4868,5340,5832,2793,3039,1458,702,756,
58340,5835,2860,2975,10210,4972,5238,11669,5650,6019,10209,4869,5340,5833,2793,3040,1458,702,756,
58345,5835,2860,2975,10211,4973,5238,11669,5650,6019,10210,4870,5340,5833,2793,3040,1459,702,757,
58350,5836,2860,2976,10211,4973,5238,11670,5651,6019,10211,4870,5341,5835,2795,3040,1459,702,757,
58355,5836,2860,2976,10212,4974,5238,11671,5651,6020,10212,4871,5341,5836,2796,3040,1459,702,757,
58360,5836,2860,2976,10213,4974,5239,11672,5651,6021,10213,4872,5341,5836,2796,3040,1459,702,757,
58365,5836,2860,2976,10214,4975,5239,11672,5651,6021,10213,4872,5341,5836,2796,3040,1459,702,757,
58370,5837,2860,2977,10215,4976,5239,11674,5652,6022,10214,4872,5342,5836,2796,3040,1459,702,757,
58375,5838,2861,2977,10215,4976,5239,11674,5652,6022,10215,4873,5342,5836,2796,3040,1459,702,757,
58380,5839,2861,2978,10217,4977,5240,11677,5654,6023,10216,4874,5342,5837,2796,3041,1459,702,757,
58385,5839,2861,2978,10218,4977,5241,11677,5654,6023,10217,4875,5342,5837,2796,3041,1460,702,758,
58390,5840,2861,2979,10218,4977,5241,11678,5654,6024,10218,4876,5342,5839,2797,3042,1460,702,758,
58395,5840,2861,2979,10219,4977,5242,11679,5654,6025,10219,4877,5342,5840,2797,3043,1460,702,758,
58400,5840,2861,2979,10220,4977,5243,11680,5654,6026,10220,4877,5343,5840,2797,3043,1460,702,758,
58405,5840,2861,2979,10221,4978,5243,11680,5654,6026,10220,4877,5343,5840,2797,3043,1460,702,758,
58410,5841,2862,2979,10222,4978,5244,11682,5654,6028,10221,4877,5344,5840,2797,3043,1460,702,758,
58415,5842,2863,2979,10222,4978,5244,11682,5654,6028,10222,4877,5345,5840,2797,3043,1460,702,758,
58420,5843,2864,2979,10224,4979,5245,11685,5656,6029,10223,4878,5345,5841,2798,3043,1460,702,758,
58425,5843,2864,2979,10225,4980,5245,11685,5656,6029,10224,4879,5345,5841,2798,3043,1461,703,758,
58430,5844,2864,2980,10225,4980,5245,11686,5656,6030,10225,4879,5346,5843,2798,3045,1461,703,758,
58435,5844,2864,2980,10226,4981,5245,11687,5656,6031,10226,4880,5346,5844,2799,3045,1461,703,758,
58440,5844,2864,2980,10227,4981,5246,11688,5656,6032,10227,4880,5347,5844,2799,3045,1461,703,758,
58445,5844,2864,2980,10228,4982,5246,11688,5656,6032,10227,4880,5347,5844,2799,3045,1461,703,758,
58450,5845,2864,2981,10229,4982,5247,11690,5656,6034,10228,4880,5348,5844,2799,3045,1461,703,758,
58455,5846,2865,2981,10229,4982,5247,11690,5656,6034,10229,4880,5349,5844,2799,3045,1461,703,758,
58460,5847,2866,2981,10231,4982,5249,11693,5658,6035,10230,4881,5349,5845,2799,3046,1461,703,758,
58465,5847,2866,2981,10232,4982,5250,11693,5658,6035,10231,4881,5350,5845,2799,3046,1462,703,759,
58470,5848,2866,2982,10232,4982,5250,11694,5658,6036,10232,4881,5351,5847,2800,3047,1462,703,759,
58475,5848,2866,2982,10233,4982,5251,11695,5659,6036,10233,4882,5351,5848,2801,3047,1462,703,759,
58480,5848,2866,2982,10234,4982,5252,11696,5659,6037,10234,4882,5352,5848,2801,3047,1462,703,759,
58485,5848,2866,2982,10235,4983,5252,11696,5659,6037,10234,4882,5352,5848,2801,3047,1462,703,759,
58490,5849,2866,2983,10236,4984,5252,11698,5661,6037,10235,4882,5353,5848,2801,3047,1462,703,759,
58495,5850,2866,2984,10236,4984,5252,11698,5661,6037,10236,4882,5354,5848,2801,3047,1462,703,759,
58500,5851,2867,2984,10238,4985,5253,11701,5663,6038,10237,4883,5354,5849,2802,3047,1462,703,759,
58505,5851,2867,2984,10239,4986,5253,11701,5663,6038,10238,4884,5354,5849,2802,3047,1463,703,760,
58510,5852,2868,2984,10239,4986,5253,11702,5664,6038,10239,4885,5354,5851,2803,3048,1463,703,760,
58515,5852,2868,2984,10240,4987,5253,11703,5665,6038,10240,4886,5354,5852,2804,3048,1463,703,760,
58520,5852,2868,2984,10241,4987,5254,11704,5666,6038,10241,4887,5354,5852,2804,3048,1463,703,760,
58525,5852,2868,2984,10242,4987,5255,11704,5666,6038,10241,4887,5354,5852,2804,3048,1463,703,760,
58530,5853,2869,2984,10243,4988,5255,11706,5668,6038,10242,4887,5355,5852,2804,3048,1463,703,760,
58535,5854,2870,2984,10243,4988,5255,11706,5668,6038,10243,4887,5356,5852,2804,3048,1463,703,760,
58540,5855,2870,2985,10245,4989,5256,11709,5668,6041,10244,4887,5357,5853,2804,3049,1463,703,760,
58545,5855,2870,2985,10246,4990,5256,11709,5668,6041,10245,4887,5358,5853,2804,3049,1464,704,760,
58550,5856,2871,2985,10246,4990,5256,11710,5669,6041,10246,4888,5358,5855,2805,3050,1464,704,760,
58555,5856,2871,2985,10247,4991,5256,11711,5669,6042,10247,4889,5358,5856,2805,3051,1464,704,760,
58560,5856,2871,2985,10248,4991,5257,11712,5669,6043,10248,4890,5358,5856,2805,3051,1464,704,760,
58565,5856,2871,2985,10249,4992,5257,11712,5669,6043,10248,4890,5358,5856,2805,3051,1464,704,760,
58570,5857,2871,2986,10250,4993,5257,11714,5669,6045,10249,4890,5359,5856,2805,3051,1464,704,760,
58575,5858,2872,2986,10250,4993,5257,11714,5669,6045,10250,4891,5359,5856,2805,3051,1464,704,760,
58580,5859,2872,2987,10252,4993,5259,11717,5671,6046,10251,4892,5359,5857,2805,3052,1464,704,760,
58585,5859,2872,2987,10253,4994,5259,11717,5671,6046,10252,4893,5359,5857,2805,3052,1465,704,761,
58590,5860,2873,2987,10253,4994,5259,11718,5672,6046,10253,4894,5359,5859,2805,3054,1465,704,761,
58595,5860,2873,2987,10254,4994,5260,11719,5672,6047,10254,4895,5359,5860,2806,3054,1465,704,761,
58600,5860,2873,2987,10255,4995,5260,11720,5673,6047,10255,4895,5360,5860,2806,3054,1465,704,761,
58605,5860,2873,2987,10256,4995,5261,11720,5673,6047,10255,4895,5360,5860,2806,3054,1465,704,761,
58610,5861,2873,2988,10257,4996,5261,11722,5675,6047,10256,4895,5361,5860,2806,3054,1465,704,761,
58615,5862,2874,2988,10257,4996,5261,11722,5675,6047,10257,4895,5362,5860,2806,3054,1465,704,761,
58620,5863,2875,2988,10259,4997,5262,11725,5677,6048,10258,4896,5362,5861,2806,3055,1465,704,761,
58625,5863,2875,2988,10260,4997,5263,11725,5677,6048,10259,4897,5362,5861,2806,3055,1466,705,761,
58630,5864,2875,2989,10260,4997,5263,11726,5677,6049,10260,4898,5362,5863,2807,3056,1466,705,761,
58635,5864,2875,2989,10261,4998,5263,11727,5677,6050,10261,4898,5363,5864,2807,3057,1466,705,761,
58640,5864,2875,2989,10262,4999,5263,11728,5677,6051,10262,4898,5364,5864,2807,3057,1466,705,761,
58645,5864,2875,2989,10263,4999,5264,11728,5677,6051,10262,4898,5364,5864,2807,3057,1466,705,761,
58650,5865,2876,2989,10264,4999,5265,11730,5678,6052,10263,4898,5365,5864,2807,3057,1466,705,761,
58655,5866,2876,2990,10264,4999,5265,11730,5678,6052,10264,4899,5365,5864,2807,3057,1466,705,761,
58660,5867,2877,2990,10266,5000,5266,11733,5678,6055,10265,4899,5366,5865,2808,3057,1466,705,761,
58665,5867,2877,2990,10267,5001,5266,11733,5678,6055,10266,4899,5367,5865,2808,3057,1467,705,762,
58670,5868,2877,2991,10267,5001,5266,11734,5679,6055,10267,4899,5368,5867,2810,3057,1467,705,762,
58675,5868,2877,2991,10268,5001,5267,11735,5680,6055,10268,4899,5369,5868,2810,3058,1467,705,762,
58680,5868,2877,2991,10269,5001,5268,11736,5680,6056,10269,4900,5369,5868,2810,3058,1467,705,762,
58685,5868,2877,2991,10270,5001,5269,11736,5680,6056,10269,4900,5369,5868,2810,3058,1467,705,762,
58690,5869,2877,2992,10271,5001,5270,11738,5680,6058,10270,4901,5369,5868,2810,3058,1467,705,762,
58695,5870,2878,2992,10271,5001,5270,11738,5680,6058,10271,4902,5369,5868,2810,3058,1467,705,762,
58700,5871,2878,2993,10273,5002,5271,11741,5682,6059,10272,4902,5370,5869,2811,3058,1467,705,762,
58705,5871,2878,2993,10274,5002,5272,11741,5682,6059,10273,4903,5370,5869,2811,3058,1468,706,762,
58710,5872,2878,2994,10274,5002,5272,11742,5683,6059,10274,4904,5370,5871,2812,3059,1468,706,762,
58715,5872,2878,2994,10275,5002,5273,11743,5683,6060,10275,4905,5370,5872,2813,3059,1468,706,762,
58720,5872,2878,2994,10276,5003,5273,11744,5683,6061,10276,4905,5371,5872,2813,3059,1468,706,762,
58725,5872,2878,2994,10277,5003,5274,11744,5683,6061,10276,4905,5371,5872,2813,3059,1468,706,762,
58730,5873,2878,2995,10278,5003,5275,11746,5684,6062,10277,4906,5371,5872,2813,3059,1468,706,762,
58735,5874,2879,2995,10278,5003,5275,11746,5684,6062,10278,4907,5371,5872,2813,3059,1468,706,762,
58740,5875,2879,2996,10280,5004,5276,11749,5686,6063,10279,4908,5371,5873,2813,3060,1468,706,762,
58745,5875,2879,2996,10281,5004,5277,11749,5686,6063,10280,4909,5371,5873,2813,3060,1469,706,763,
58750,5876,2880,2996,10281,5004,5277,11750,5686,6064,10281,4909,5372,5875,2813,3062,1469,706,763,
58755,5876,2880,2996,10282,5004,5278,11751,5686,6065,10282,4910,5372,5876,2814,3062,1469,706,763,
58760,5876,2880,2996,10283,5004,5279,11752,5687,6065,10283,4911,5372,5876,2814,3062,1469,706,763,
58765,5876,2880,2996,10284,5005,5279,11752,5687,6065,10283,4911,5372,5876,2814,3062,1469,706,763,
58770,5877,2881,2996,10285,5006,5279,11754,5688,6066,10284,4912,5372,5876,2814,3062,1469,706,763,
58775,5878,2881,2997,10285,5006,5279,11754,5688,6066,10285,4912,5373,5876,2814,3062,1469,706,763,
58780,5879,2882,2997,10287,5007,5280,11757,5689,6068,10286,4912,5374,5877,2815,3062,1469,706,763,
58785,5879,2882,2997,10288,5008,5280,11757,5689,6068,10287,4913,5374,5877,2815,3062,1470,707,763,
58790,5880,2882,2998,10288,5008,5280,11758,5689,6069,10288,4913,5375,5879,2815,3064,1470,707,763,
58795,5880,2882,2998,10289,5009,5280,11759,5690,6069,10289,4914,5375,5880,2816,3064,1470,707,763,
58800,5880,2882,2998,10290,5010,5280,11760,5690,6070,10290,4915,5375,5880,2816,3064,1470,707,763,
58805,5880,2882,2998,10291,5010,5281,11760,5690,6070,10290,4915,5375,5880,2816,3064,1470,707,763,
58810,5881,2883,2998,10292,5010,5282,11762,5692,6070,10291,4915,5376,5880,2816,3064,1470,707,763,
58815,5882,2883,2999,10292,5010,5282,11762,5692,6070,10292,4916,5376,5880,2816,3064,1470,707,763,
58820,5883,2884,2999,10294,5012,5282,11765,5694,6071,10293,4916,5377,5881,2817,3064,1470,707,763,
58825,5883,2884,2999,10295,5012,5283,11765,5694,6071,10294,4916,5378,5881,2817,3064,1471,708,763,
58830,5884,2885,2999,10295,5012,5283,11766,5694,6072,10295,4916,5379,5883,2819,3064,1471,708,763,
58835,5884,2885,2999,10296,5013,5283,11767,5695,6072,10296,4916,5380,5884,2820,3064,1471,708,763,
58840,5884,2885,2999,10297,5014,5283,11768,5695,6073,10297,4917,5380,5884,2820,3064,1471,708,763,
58845,5884,2885,2999,10298,5015,5283,11768,5695,6073,10297,4917,5380,5884,2820,3064,1471,708,763,
58850,5885,2886,2999,10299,5016,5283,11770,5696,6074,10298,4917,5381,5884,2820,3064,1471,708,763,
58855,5886,2886,3000,10299,5016,5283,11770,5696,6074,10299,4917,5382,5884,2820,3064,1471,708,763,
58860,5887,2887,3000,10301,5017,5284,11773,5698,6075,10300,4918,5382,5885,2820,3065,1471,708,763,
58865,5887,2887,3000,10302,5018,5284,11773,5698,6075,10301,4919,5382,5885,2820,3065,1472,708,764,
58870,5888,2888,3000,10302,5018,5284,11774,5699,6075,10302,4920,5382,5887,2821,3066,1472,708,764,
58875,5888,2888,3000,10303,5019,5284,11775,5699,6076,10303,4921,5382,5888,2821,3067,1472,708,764,
58880,5888,2888,3000,10304,5019,5285,11776,5699,6077,10304,4922,5382,5888,2821,3067,1472,708,764,
58885,5888,2888,3000,10305,5020,5285,11776,5699,6077,10304,4922,5382,5888,2821,3067,1472,708,764,
58890,5889,2888,3001,10306,5020,5286,11778,5700,6078,10305,4923,5382,5888,2821,3067,1472,708,764,
58895,5890,2888,3002,10306,5020,5286,11778,5700,6078,10306,4924,5382,5888,2821,3067,1472,708,764,
58900,5891,2889,3002,10308,5020,5288,11781,5703,6078,10307,4924,5383,5889,2821,3068,1472,708,764,
58905,5891,2889,3002,10309,5020,5289,11781,5703,6078,10308,4924,5384,5889,2821,3068,1473,708,765,
58910,5892,2890,3002,10309,5020,5289,11782,5703,6079,10309,4925,5384,5891,2821,3070,1473,708,765,
58915,5892,2890,3002,10310,5021,5289,11783,5704,6079,10310,4925,5385,5892,2821,3071,1473,708,765,
58920,5892,2890,3002,10311,5021,5290,11784,5704,6080,10311,4926,5385,5892,2821,3071,1473,708,765,
58925,5892,2890,3002,10312,5022,5290,11784,5704,6080,10311,4926,5385,5892,2821,3071,1473,708,765,
58930,5893,2891,3002,10313,5022,5291,11786,5705,6081,10312,4926,5386,5892,2821,3071,1473,708,765,
58935,5894,2891,3003,10313,5022,5291,11786,5705,6081,10313,4927,5386,5892,2821,3071,1473,708,765,
58940,5895,2891,3004,10315,5022,5293,11789,5705,6084,10314,4928,5386,5893,2822,3071,1473,708,765,
58945,5895,2891,3004,10316,5022,5294,11789,5705,6084,10315,4929,5386,5893,2822,3071,1474,708,766,
58950,5896,2891,3005,10316,5022,5294,11790,5706,6084,10316,4930,5386,5895,2822,3073,1474,708,766,
58955,5896,2891,3005,10317,5022,5295,11791,5706,6085,10317,4931,5386,5896,2823,3073,1474,708,766,
58960,5896,2891,3005,10318,5022,5296,11792,5706,6086,10318,4931,5387,5896,2823,3073,1474,708,766,
58965,5896,2891,3005,10319,5023,5296,11792,5706,6086,10318,4931,5387,5896,2823,3073,1474,708,766,
58970,5897,2892,3005,10320,5023,5297,11794,5707,6087,10319,4931,5388,5896,2823,3073,1474,708,766,
58975,5898,2892,3006,10320,5023,5297,11794,5707,6087,10320,4932,5388,5896,2823,3073,1474,708,766,
58980,5899,2892,3007,10322,5025,5297,11797,5707,6090,10321,4932,5389,5897,2824,3073,1474,708,766,
58985,5899,2892,3007,10323,5026,5297,11797,5707,6090,10322,4933,5389,5897,2824,3073,1475,709,766,
58990,5900,2893,3007,10323,5026,5297,11798,5708,6090,10323,4933,5390,5899,2825,3074,1475,709,766,
58995,5900,2893,3007,10324,5027,5297,11799,5709,6090,10324,4933,5391,5900,2825,3075,1475,709,766,
59000,5900,2893,3007,10325,5027,5298,11800,5709,6091,10325,4934,5391,5900,2825,3075,1475,709,766,
59005,5900,2893,3007,10326,5028,5298,11800,5709,6091,10325,4934,5391,5900,2825,3075,1475,709,766,
59010,5901,2893,3008,10327,5028,5299,11802,5710,6092,10326,4935,5391,5900,2825,3075,1475,709,766,
59015,5902,2893,3009,10327,5028,5299,11802,5710,6092,10327,4935,5392,5900,2825,3075,1475,709,766,
59020,5903,2893,3010,10329,5029,5300,11805,5712,6093,10328,4935,5393,5901,2825,3076,1475,709,766,
59025,5903,2893,3010,10330,5030,5300,11805,5712,6093,10329,4935,5394,5901,2825,3076,1476,710,766,
59030,5904,2893,3011,10330,5030,5300,11806,5712,6094,10330,4935,5395,5903,2827,3076,1476,710,766,
59035,5904,2893,3011,10331,5030,5301,11807,5712,6095,10331,4936,5395,5904,2827,3077,1476,710,766,
59040,5904,2893,3011,10332,5030,5302,11808,5712,6096,10332,4937,5395,5904,2827,3077,1476,710,766,
59045,5904,2893,3011,10333,5030,5303,11808,5712,6096,10332,4937,5395,5904,2827,3077,1476,710,766,
59050,5905,2894,3011,10334,5030,5304,11810,5712,6098,10333,4937,5396,5904,2827,3077,1476,710,766,
59055,5906,2895,3011,10334,5030,5304,11810,5712,6098,10334,4937,5397,5904,2827,3077,1476,710,766,
59060,5907,2896,3011,10336,5032,5304,11813,5713,6100,10335,4938,5397,5905,2828,3077,1476,710,766,
59065,5907,2896,3011,10337,5033,5304,11813,5713,6100,10336,4939,5397,5905,2828,3077,1477,711,766,
59070,5908,2896,3012,10337,5033,5304,11814,5714,6100,10337,4939,5398,5907,2829,3078,1477,711,766,
59075,5908,2896,3012,10338,5033,5305,11815,5714,6101,10338,4940,5398,5908,2830,3078,1477,711,766,
59080,5908,2896,3012,10339,5034,5305,11816,5715,6101,10339,4940,5399,5908,2830,3078,1477,711,766,
59085,5908,2896,3012,10340,5035,5305,11816,5715,6101,10339,4940,5399,5908,2830,3078,1477,711,766,
59090,5909,2897,3012,10341,5036,5305,11818,5717,6101,10340,4940,5400,5908,2830,3078,1477,711,766,
59095,5910,2897,3013,10341,5036,5305,11818,5717,6101,10341,4941,5400,5908,2830,3078,1477,711,766,
59100,5911,2897,3014,10343,5037,5306,11821,5718,6103,10342,4941,5401,5909,2831,3078,1477,711,766,
59105,5911,2897,3014,10344,5038,5306,11821,5718,6103,10343,4941,5402,5909,2831,3078,1478,712,766,
59110,5912,2897,3015,10344,5038,5306,11822,5718,6104,10344,4941,5403,5911,2832,3079,1478,712,766,
59115,5912,2897,3015,10345,5039,5306,11823,5718,6105,10345,4942,5403,5912,2833,3079,1478,712,766,
59120,5912,2897,3015,10346,5039,5307,11824,5719,6105,10346,4943,5403,5912,2833,3079,1478,712,766,
59125,5912,2897,3015,10347,5040,5307,11824,5719,6105,10346,4943,5403,5912,2833,3079,1478,712,766,
59130,5913,2898,3015,10348,5040,5308,11826,5720,6106,10347,4943,5404,5912,2833,3079,1478,712,766,
59135,5914,2898,3016,10348,5040,5308,11826,5720,6106,10348,4943,5405,5912,2833,3079,1478,712,766,
59140,5915,2899,3016,10350,5040,5310,11829,5722,6107,10349,4943,5406,5913,2833,3080,1478,712,766,
59145,5915,2899,3016,10351,5041,5310,11829,5722,6107,10350,4944,5406,5913,2833,3080,1479,713,766,
59150,5916,2899,3017,10351,5041,5310,11830,5722,6108,10351,4945,5406,5915,2834,3081,1479,713,766,
59155,5916,2899,3017,10352,5042,5310,11831,5723,6108,10352,4946,5406,5916,2835,3081,1479,713,766,
59160,5916,2899,3017,10353,5042,5311,11832,5724,6108,10353,4946,5407,5916,2835,3081,1479,713,766,
59165,5916,2899,3017,10354,5042,5312,11832,5724,6108,10353,4946,5407,5916,2835,3081,1479,713,766,
59170,5917,2900,3017,10355,5043,5312,11834,5725,6109,10354,4947,5407,5916,2835,3081,1479,713,766,
59175,5918,2901,3017,10355,5043,5312,11834,5725,6109,10355,4947,5408,5916,2835,3081,1479,713,766,
59180,5919,2901,3018,10357,5045,5312,11837,5726,6111,10356,4948,5408,5917,2836,3081,1479,713,766,
59185,5919,2901,3018,10358,5046,5312,11837,5726,6111,10357,4949,5408,5917,2836,3081,1480,713,767,
59190,5920,2902,3018,10358,5046,5312,11838,5727,6111,10358,4950,5408,5919,2837,3082,1480,713,767,
59195,5920,2902,3018,10359,5046,5313,11839,5728,6111,10359,4951,5408,5920,2838,3082,1480,713,767,
59200,5920,2902,3018,10360,5046,5314,11840,5728,6112,10360,4952,5408,5920,2838,3082,1480,713,767,
59205,5920,2902,3018,10361,5046,5315,11840,5728,6112,10360,4952,5408,5920,2838,3082,1480,713,767,
59210,5921,2903,3018,10362,5046,5316,11842,5729,6113,10361,4952,5409,5920,2838,3082,1480,713,767,
59215,5922,2904,3018,10362,5046,5316,11842,5729,6113,10362,4952,5410,5920,2838,3082,1480,713,767,
59220,5923,2905,3018,10364,5047,5317,11845,5731,6114,10363,4953,5410,5921,2839,3082,1480,713,767,
59225,5923,2905,3018,10365,5047,5318,11845,5731,6114,10364,4953,5411,5921,2839,3082,1481,714,767,
59230,5924,2905,3019,10365,5047,5318,11846,5731,6115,10365,4954,5411,5923,2841,3082,1481,714,767,
59235,5924,2905,3019,10366,5047,5319,11847,5732,6115,10366,4955,5411,5924,2842,3082,1481,714,767,
59240,5924,2905,3019,10367,5048,5319,11848,5733,6115,10367,4956,5411,5924,2842,3082,1481,714,767,
59245,5924,2905,3019,10368,5048,5320,11848,5733,6115,10367,4956,5411,5924,2842,3082,1481,714,767,
59250,5925,2905,3020,10369,5049,5320,11850,5734,6116,10368,4956,5412,5924,2842,3082,1481,714,767,
59255,5926,2905,3021,10369,5049,5320,11850,5734,6116,10369,4957,5412,5924,2842,3082,1481,714,767,
59260,5927,2905,3022,10371,5051,5320,11853,5736,6117,10370,4957,5413,5925,2843,3082,1481,714,767,
59265,5927,2905,3022,10372,5052,5320,11853,5736,6117,10371,4958,5413,5925,2843,3082,1482,714,768,
59270,5928,2906,3022,10372,5052,5320,11854,5736,6118,10372,4959,5413,5927,2843,3084,1482,714,768,
59275,5928,2906,3022,10373,5052,5321,11855,5736,6119,10373,4960,5413,5928,2843,3085,1482,714,768,
59280,5928,2906,3022,10374,5052,5322,11856,5737,6119,10374,4961,5413,5928,2843,3085,1482,714,768,
59285,5928,2906,3022,10375,5053,5322,11856,5737,6119,10374,4961,5413,5928,2843,3085,1482,714,768,
59290,5929,2907,3022,10376,5054,5322,11858,5738,6120,10375,4962,5413,5928,2843,3085,1482,714,768,
59295,5930,2907,3023,10376,5054,5322,11858,5738,6120,10376,4963,5413,5928,2843,3085,1482,714,768,
59300,5931,2908,3023,10378,5056,5322,11861,5739,6122,10377,4964,5413,5929,2844,3085,1482,714,768,
59305,5931,2908,3023,10379,5056,5323,11861,5739,6122,10378,4964,5414,5929,2844,3085,1483,714,769,
59310,5932,2908,3024,10379,5056,5323,11862,5740,6122,10379,4964,5415,5931,2844,3087,1483,714,769,
59315,5932,2908,3024,10380,5056,5324,11863,5741,6122,10380,4965,5415,5932,2844,3088,1483,714,769,
59320,5932,2908,3024,10381,5057,5324,11864,5741,6123,10381,4965,5416,5932,2844,3088,1483,714,769,
59325,5932,2908,3024,10382,5058,5324,11864,5741,6123,10381,4965,5416,5932,2844,3088,1483,714,769,
59330,5933,2908,3025,10383,5058,5325,11866,5742,6124,10382,4966,5416,5932,2844,3088,1483,714,769,
59335,5934,2909,3025,10383,5058,5325,11866,5742,6124,10383,4966,5417,5932,2844,3088,1483,714,769,
59340,5935,2910,3025,10385,5058,5327,11869,5744,6125,10384,4966,5418,5933,2844,3089,1483,714,769,
59345,5935,2910,3025,10386,5058,5328,11869,5744,6125,10385,4967,5418,5933,2844,3089,1484,715,769,
59350,5936,2911,3025,10386,5058,5328,11870,5744,6126,10386,4967,5419,5935,2845,3090,1484,715,769,
59355,5936,2911,3025,10387,5059,5328,11871,5745,6126,10387,4968,5419,5936,2846,3090,1484,715,769,
59360,5936,2911,3025,10388,5060,5328,11872,5745,6127,10388,4968,5420,5936,2846,3090,1484,715,769,
59365,5936,2911,3025,10389,5060,5329,11872,5745,6127,10388,4968,5420,5936,2846,3090,1484,715,769,
59370,5937,2911,3026,10390,5061,5329,11874,5745,6129,10389,4969,5420,5936,2846,3090,1484,715,769,
59375,5938,2911,3027,10390,5061,5329,11874,5745,6129,10390,4970,5420,5936,2846,3090,1484,715,769,
59380,5939,2912,3027,10392,5061,5331,11877,5746,6131,10391,4971,5420,5937,2846,3091,1484,715,769,
59385,5939,2912,3027,10393,5061,5332,11877,5746,6131,10392,4972,5420,5937,2846,3091,1485,716,769,
59390,5940,2913,3027,10393,5061,5332,11878,5747,6131,10393,4972,5421,5939,2848,3091,1485,716,769,
59395,5940,2913,3027,10394,5061,5333,11879,5748,6131,10394,4972,5422,5940,2849,3091,1485,716,769,
59400,5940,2913,3027,10395,5062,5333,11880,5748,6132,10395,4972,5423,5940,2849,3091,1485,716,769,
59405,5940,2913,3027,10396,5062,5334,11880,5748,6132,10395,4972,5423,5940,2849,3091,1485,716,769,
59410,5941,2913,3028,10397,5062,5335,11882,5749,6133,10396,4972,5424,5940,2849,3091,1485,716,769,
59415,5942,2914,3028,10397,5062,5335,11882,5749,6133,10397,4972,5425,5940,2849,3091,1485,716,769,
59420,5943,2915,3028,10399,5062,5337,11885,5751,6134,10398,4972,5426,5941,2850,3091,1485,716,769,
59425,5943,2915,3028,10400,5063,5337,11885,5751,6134,10399,4972,5427,5941,2850,3091,1486,716,770,
59430,5944,2916,3028,10400,5063,5337,11886,5752,6134,10400,4972,5428,5943,2850,3093,1486,716,770,
59435,5944,2916,3028,10401,5063,5338,11887,5752,6135,10401,4973,5428,5944,2850,3094,1486,716,770,
59440,5944,2916,3028,10402,5063,5339,11888,5753,6135,10402,4973,5429,5944,2850,3094,1486,716,770,
59445,5944,2916,3028,10403,5063,5340,11888,5753,6135,10402,4973,5429,5944,2850,3094,1486,716,770,
59450,5945,2917,3028,10404,5063,5341,11890,5755,6135,10403,4973,5430,5944,2850,3094,1486,716,770,
59455,5946,2917,3029,10404,5063,5341,11890,5755,6135,10404,4973,5431,5944,2850,3094,1486,716,770,
59460,5947,2917,3030,10406,5063,5343,11893,5757,6136,10405,4973,5432,5945,2850,3095,1486,716,770,
59465,5947,2917,3030,10407,5063,5344,11893,5757,6136,10406,4973,5433,5945,2850,3095,1487,717,770,
59470,5948,2917,3031,10407,5063,5344,11894,5757,6137,10407,4974,5433,5947,2852,3095,1487,717,770,
59475,5948,2917,3031,10408,5063,5345,11895,5758,6137,10408,4975,5433,5948,2852,3096,1487,717,770,
59480,5948,2917,3031,10409,5063,5346,11896,5759,6137,10409,4975,5434,5948,2852,3096,1487,717,770,
59485,5948,2917,3031,10410,5063,5347,11896,5759,6137,10409,4975,5434,5948,2852,3096,1487,717,770,
59490,5949,2918,3031,10411,5064,5347,11898,5760,6138,10410,4976,5434,5948,2852,3096,1487,717,770,
59495,5950,2919,3031,10411,5064,5347,11898,5760,6138,10411,4976,5435,5948,2852,3096,1487,717,770,
59500,5951,2919,3032,10413,5066,5347,11901,5762,6139,10412,4977,5435,5949,2853,3096,1487,717,770,
59505,5951,2919,3032,10414,5066,5348,11901,5762,6139,10413,4978,5435,5949,2853,3096,1488,718,770,
59510,5952,2919,3033,10414,5066,5348,11902,5762,6140,10414,4978,5436,5951,2855,3096,1488,718,770,
59515,5952,2919,3033,10415,5067,5348,11903,5762,6141,10415,4978,5437,5952,2855,3097,1488,718,770,
59520,5952,2919,3033,10416,5067,5349,11904,5762,6142,10416,4979,5437,5952,2855,3097,1488,718,770,
59525,5952,2919,3033,10417,5067,5350,11904,5762,6142,10416,4979,5437,5952,2855,3097,1488,718,770,
59530,5953,2920,3033,10418,5067,5351,11906,5764,6142,10417,4980,5437,5952,2855,3097,1488,718,770,
59535,5954,2920,3034,10418,5067,5351,11906,5764,6142,10418,4981,5437,5952,2855,3097,1488,718,770,
59540,5955,2920,3035,10420,5069,5351,11909,5765,6144,10419,4981,5438,5953,2855,3098,1488,718,770,
59545,5955,2920,3035,10421,5070,5351,11909,5765,6144,10420,4982,5438,5953,2855,3098,1489,718,771,
59550,5956,2920,3036,10421,5070,5351,11910,5765,6145,10421,4983,5438,5955,2856,3099,1489,718,771,
59555,5956,2920,3036,10422,5071,5351,11911,5765,6146,10422,4984,5438,5956,2856,3100,1489,718,771,
59560,5956,2920,3036,10423,5072,5351,11912,5765,6147,10423,4985,5438,5956,2856,3100,1489,718,771,
59565,5956,2920,3036,10424,5072,5352,11912,5765,6147,10423,4985,5438,5956,2856,3100,1489,718,771,
59570,5957,2920,3037,10425,5072,5353,11914,5767,6147,10424,4985,5439,5956,2856,3100,1489,718,771,
59575,5958,2921,3037,10425,5072,5353,11914,5767,6147,10425,4986,5439,5956,2856,3100,1489,718,771,
59580,5959,2921,3038,10427,5073,5354,11917,5767,6150,10426,4986,5440,5957,2856,3101,1489,718,771,
59585,5959,2921,3038,10428,5073,5355,11917,5767,6150,10427,4987,5440,5957,2856,3101,1490,719,771,
59590,5960,2921,3039,10428,5073,5355,11918,5768,6150,10428,4988,5440,5959,2858,3101,1490,719,771,
59595,5960,2921,3039,10429,5074,5355,11919,5768,6151,10429,4988,5441,5960,2858,3102,1490,719,771,
59600,5960,2921,3039,10430,5075,5355,11920,5769,6151,10430,4989,5441,5960,2858,3102,1490,719,771,
59605,5960,2921,3039,10431,5076,5355,11920,5769,6151,10430,4989,5441,5960,2858,3102,1490,719,771,
59610,5961,2921,3040,10432,5076,5356,11922,5771,6151,10431,4990,5441,5960,2858,3102,1490,719,771,
59615,5962,2922,3040,10432,5076,5356,11922,5771,6151,10432,4991,5441,5960,2858,3102,1490,719,771,
59620,5963,2923,3040,10434,5078,5356,11925,5772,6153,10433,4992,5441,5961,2859,3102,1490,719,771,
59625,5963,2923,3040,10435,5078,5357,11925,5772,6153,10434,4992,5442,5961,2859,3102,1491,720,771,
59630,5964,2924,3040,10435,5078,5357,11926,5772,6154,10435,4993,5442,5963,2860,3103,1491,720,771,
59635,5964,2924,3040,10436,5079,5357,11927,5772,6155,10436,4993,5443,5964,2861,3103,1491,720,771,
59640,5964,2924,3040,10437,5079,5358,11928,5772,6156,10437,4993,5444,5964,2861,3103,1491,720,771,
59645,5964,2924,3040,10438,5079,5359,11928,5772,6156,10437,4993,5444,5964,2861,3103,1491,720,771,
59650,5965,2925,3040,10439,5080,5359,11930,5772,6158,10438,4993,5445,5964,2861,3103,1491,720,771,
59655,5966,2926,3040,10439,5080,5359,11930,5772,6158,10439,4994,5445,5964,2861,3103,1491,720,771,
59660,5967,2926,3041,10441,5082,5359,11933,5773,6160,10440,4994,5446,5965,2862,3103,1491,720,771,
59665,5967,2926,3041,10442,5083,5359,11933,5773,6160,10441,4995,5446,5965,2862,3103,1492,721,771,
59670,5968,2926,3042,10442,5083,5359,11934,5774,6160,10442,4996,5446,5967,2863,3104,1492,721,771,
59675,5968,2926,3042,10443,5084,5359,11935,5775,6160,10443,4996,5447,5968,2863,3105,1492,721,771,
59680,5968,2926,3042,10444,5085,5359,11936,5775,6161,10444,4996,5448,5968,2863,3105,1492,721,771,
59685,5968,2926,3042,10445,5086,5359,11936,5775,6161,10444,4996,5448,5968,2863,3105,1492,721,771,
59690,5969,2927,3042,10446,5086,5360,11938,5775,6163,10445,4997,5448,5968,2863,3105,1492,721,771,
59695,5970,2927,3043,10446,5086,5360,11938,5775,6163,10446,4998,5448,5968,2863,3105,1492,721,771,
59700,5971,2927,3044,10448,5087,5361,11941,5776,6165,10447,4999,5448,5969,2864,3105,1492,721,771,
59705,5971,2927,3044,10449,5088,5361,11941,5776,6165,10448,4999,5449,5969,2864,3105,1493,722,771,
59710,5972,2928,3044,10449,5088,5361,11942,5776,6166,10449,4999,5450,5971,2865,3106,1493,722,771,
59715,5972,2928,3044,10450,5088,5362,11943,5777,6166,10450,4999,5451,5972,2865,3107,1493,722,771,
59720,5972,2928,3044,10451,5089,5362,11944,5778,6166,10451,5000,5451,5972,2865,3107,1493,722,771,
59725,5972,2928,3044,10452,5089,5363,11944,5778,6166,10451,5000,5451,5972,2865,3107,1493,722,771,
59730,5973,2929,3044,10453,5090,5363,11946,5779,6167,10452,5000,5452,5972,2865,3107,1493,722,771,
59735,5974,2930,3044,10453,5090,5363,11946,5779,6167,10453,5001,5452,5972,2865,3107,1493,722,771,
59740,5975,2931,3044,10455,5091,5364,11949,5779,6170,10454,5002,5452,5973,2866,3107,1493,722,771,
59745,5975,2931,3044,10456,5091,5365,11949,5779,6170,10455,5002,5453,5973,2866,3107,1494,723,771,
59750,5976,2931,3045,10456,5091,5365,11950,5780,6170,10456,5003,5453,5975,2867,3108,1494,723,771,
59755,5976,2931,3045,10457,5092,5365,11951,5780,6171,10457,5004,5453,5976,2868,3108,1494,723,771,
59760,5976,2931,3045,10458,5092,5366,11952,5780,6172,10458,5005,5453,5976,2868,3108,1494,723,771,
59765,5976,2931,3045,10459,5093,5366,11952,5780,6172,10458,5005,5453,5976,2868,3108,1494,723,771,
59770,5977,2931,3046,10460,5093,5367,11954,5781,6173,10459,5005,5454,5976,2868,3108,1494,723,771,
59775,5978,2932,3046,10460,5093,5367,11954,5781,6173,10460,5005,5455,5976,2868,3108,1494,723,771,
59780,5979,2933,3046,10462,5094,5368,11957,5784,6173,10461,5005,5456,5977,2869,3108,1494,723,771,
59785,5979,2933,3046,10463,5094,5369,11957,5784,6173,10462,5006,5456,5977,2869,3108,1495,724,771,
59790,5980,2934,3046,10463,5094,5369,11958,5784,6174,10463,5006,5457,5979,2870,3109,1495,724,771,
59795,5980,2934,3046,10464,5095,5369,11959,5785,6174,10464,5007,5457,5980,2871,3109,1495,724,771,
59800,5980,2934,3046,10465,5096,5369,11960,5785,6175,10465,5007,5458,5980,2871,3109,1495,724,771,
59805,5980,2934,3046,10466,5097,5369,11960,5785,6175,10465,5007,5458,5980,2871,3109,1495,724,771,
59810,5981,2934,3047,10467,5098,5369,11962,5785,6177,10466,5007,5459,5980,2871,3109,1495,724,771,
59815,5982,2935,3047,10467,5098,5369,11962,5785,6177,10467,5007,5460,5980,2871,3109,1495,724,771,
59820,5983,2936,3047,10469,5099,5370,11965,5785,6180,10468,5008,5460,5981,2872,3109,1495,724,771,
59825,5983,2936,3047,10470,5100,5370,11965,5785,6180,10469,5008,5461,5981,2872,3109,1496,725,771,
59830,5984,2936,3048,10470,5100,5370,11966,5786,6180,10470,5008,5462,5983,2873,3110,1496,725,771,
59835,5984,2936,3048,10471,5101,5370,11967,5786,6181,10471,5008,5463,5984,2874,3110,1496,725,771,
59840,5984,2936,3048,10472,5101,5371,11968,5786,6182,10472,5008,5464,5984,2874,3110,1496,725,771,
59845,5984,2936,3048,10473,5102,5371,11968,5786,6182,10472,5008,5464,5984,2874,3110,1496,725,771,
59850,5985,2936,3049,10474,5103,5371,11970,5787,6183,10473,5009,5464,5984,2874,3110,1496,725,771,
59855,5986,2936,3050,10474,5103,5371,11970,5787,6183,10474,5009,5465,5984,2874,3110,1496,725,771,
59860,5987,2937,3050,10476,5104,5372,11973,5788,6185,10475,5009,5466,5985,2874,3111,1496,725,771,
59865,5987,2937,3050,10477,5104,5373,11973,5788,6185,10476,5010,5466,5985,2874,3111,1497,726,771,
59870,5988,2938,3050,10477,5104,5373,11974,5789,6185,10477,5010,5467,5987,2876,3111,1497,726,771,
59875,5988,2938,3050,10478,5104,5374,11975,5789,6186,10478,5010,5468,5988,2877,3111,1497,726,771,
59880,5988,2938,3050,10479,5104,5375,11976,5789,6187,10479,5011,5468,5988,2877,3111,1497,726,771,
59885,5988,2938,3050,10480,5105,5375,11976,5789,6187,10479,5011,5468,5988,2877,3111,1497,726,771,
59890,5989,2938,3051,10481,5105,5376,11978,5789,6189,10480,5011,5469,5988,2877,3111,1497,726,771,
59895,5990,2938,3052,10481,5105,5376,11978,5789,6189,10481,5012,5469,5988,2877,3111,1497,726,771,
59900,5991,2939,3052,10483,5107,5376,11981,5789,6192,10482,5012,5470,5989,2878,3111,1497,726,771,
59905,5991,2939,3052,10484,5107,5377,11981,5789,6192,10483,5013,5470,5989,2878,3111,1498,726,772,
59910,5992,2940,3052,10484,5107,5377,11982,5790,6192,10484,5014,5470,5991,2880,3111,1498,726,772,
59915,5992,2940,3052,10485,5107,5378,11983,5791,6192,10485,5014,5471,5992,2880,3112,1498,726,772,
59920,5992,2940,3052,10486,5108,5378,11984,5792,6192,10486,5014,5472,5992,2880,3112,1498,726,772,
59925,5992,2940,3052,10487,5109,5378,11984,5792,6192,10486,5014,5472,5992,2880,3112,1498,726,772,
59930,5993,2941,3052,10488,5110,5378,11986,5793,6193,10487,5014,5473,5992,2880,3112,1498,726,772,
59935,5994,2942,3052,10488,5110,5378,11986,5793,6193,10488,5015,5473,5992,2880,3112,1498,726,772,
59940,5995,2943,3052,10490,5111,5379,11989,5796,6193,10489,5015,5474,5993,2881,3112,1498,726,772,
59945,5995,2943,3052,10491,5111,5380,11989,5796,6193,10490,5015,5475,5993,2881,3112,1499,726,773,
59950,5996,2943,3053,10491,5111,5380,11990,5797,6193,10491,5016,5475,5995,2881,3114,1499,726,773,
59955,5996,2943,3053,10492,5112,5380,11991,5797,6194,10492,5017,5475,5996,2881,3115,1499,726,773,
59960,5996,2943,3053,10493,5112,5381,11992,5797,6195,10493,5017,5476,5996,2881,3115,1499,726,773,
59965,5996,2943,3053,10494,5112,5382,11992,5797,6195,10493,5017,5476,5996,2881,3115,1499,726,773,
59970,5997,2944,3053,10495,5113,5382,11994,5797,6197,10494,5018,5476,5996,2881,3115,1499,726,773,
59975,5998,2944,3054,10495,5113,5382,11994,5797,6197,10495,5018,5477,5996,2881,3115,1499,726,773,
59980,5999,2944,3055,10497,5114,5383,11997,5797,6200,10496,5018,5478,5997,2881,3116,1499,726,773,
59985,5999,2944,3055,10498,5114,5384,11997,5797,6200,10497,5019,5478,5997,2881,3116,1500,727,773,
59990,6000,2945,3055,10498,5114,5384,11998,5797,6201,10498,5020,5478,5999,2883,3116,1500,727,773,
59995,6000,2945,3055,10499,5115,5384,11999,5797,6202,10499,5020,5479,6000,2884,3116,1500,727,773,
60000,6000,2945,3055,10500,5116,5384,12000,5797,6203,10500,5020,5480,6000,2884,3116,1500,727,773,
60005,6000,2945,3055,10501,5116,5385,12000,5797,6203,10500,5020,5480,6000,2884,3116,1500,727,773,
60010,6001,2945,3056,10502,5117,5385,12002,5798,6204,10501,5020,5481,6000,2884,3116,1500,727,773,
60015,6002,2946,3056,10502,5117,5385,12002,5798,6204,10502,5020,5482,6000,2884,3116,1500,727,773,
60020,6003,2946,3057,10504,5119,5385,12005,5799,6206,10503,5020,5483,6001,2885,3116,1500,727,773,
60025,6003,2946,3057,10505,5119,5386,12005,5799,6206,10504,5021,5483,6001,2885,3116,1501,727,774,
60030,6004,2947,3057,10505,5119,5386,12006,5800,6206,10505,5022,5483,6003,2886,3117,1501,727,774,
60035,6004,2947,3057,10506,5120,5386,12007,5800,6207,10506,5022,5484,6004,2887,3117,1501,727,774,
60040,6004,2947,3057,10507,5120,5387,12008,5800,6208,10507,5022,5485,6004,2887,3117,1501,727,774,
60045,6004,2947,3057,10508,5121,5387,12008,5800,6208,10507,5022,5485,6004,2887,3117,1501,727,774,
60050,6005,2947,3058,10509,5121,5388,12010,5801,6209,10508,5022,5486,6004,2887,3117,1501,727,774,
60055,6006,2947,3059,10509,5121,5388,12010,5801,6209,10509,5023,5486,6004,2887,3117,1501,727,774,
60060,6007,2948,3059,10511,5122,5389,12013,5802,6211,10510,5023,5487,6005,2887,3118,1501,727,774,
60065,6007,2948,3059,10512,5122,5390,12013,5802,6211,10511,5023,5488,6005,2887,3118,1502,728,774,
60070,6008,2949,3059,10512,5122,5390,12014,5802,6212,10512,5023,5489,6007,2887,3120,1502,728,774,
60075,6008,2949,3059,10513,5123,5390,12015,5803,6212,10513,5024,5489,6008,2888,3120,1502,728,774,
60080,6008,2949,3059,10514,5124,5390,12016,5804,6212,10514,5024,5490,6008,2888,3120,1502,728,774,
60085,6008,2949,3059,10515,5124,5391,12016,5804,6212,10514,5024,5490,6008,2888,3120,1502,728,774,
60090,6009,2949,3060,10516,5125,5391,12018,5806,6212,10515,5024,5491,6008,2888,3120,1502,728,774,
60095,6010,2949,3061,10516,5125,5391,12018,5806,6212,10516,5024,5492,6008,2888,3120,1502,728,774,
60100,6011,2950,3061,10518,5125,5393,12021,5808,6213,10517,5024,5493,6009,2889,3120,1502,728,774,
60105,6011,2950,3061,10519,5125,5394,12021,5808,6213,10518,5024,5494,6009,2889,3120,1503,729,774,
60110,6012,2951,3061,10519,5125,5394,12022,5808,6214,10519,5024,5495,6011,2891,3120,1503,729,774,
60115,6012,2951,3061,10520,5126,5394,12023,5809,6214,10520,5025,5495,6012,2892,3120,1503,729,774,
60120,6012,2951,3061,10521,5126,5395,12024,5810,6214,10521,5025,5496,6012,2892,3120,1503,729,774,
60125,6012,2951,3061,10522,5127,5395,12024,5810,6214,10521,5025,5496,6012,2892,3120,1503,729,774,
60130,6013,2951,3062,10523,5128,5395,12026,5811,6215,10522,5026,5496,6012,2892,3120,1503,729,774,
60135,6014,2951,3063,10523,5128,5395,12026,5811,6215,10523,5027,5496,6012,2892,3120,1503,729,774,
60140,6015,2952,3063,10525,5128,5397,12029,5812,6217,10524,5027,5497,6013,2892,3121,1503,729,774,
60145,6015,2952,3063,10526,5129,5397,12029,5812,6217,10525,5027,5498,6013,2892,3121,1504,730,774,
60150,6016,2952,3064,10526,5129,5397,12030,5813,6217,10526,5027,5499,6015,2893,3122,1504,730,774,
60155,6016,2952,3064,10527,5129,5398,12031,5814,6217,10527,5027,5500,6016,2893,3123,1504,730,774,
60160,6016,2952,3064,10528,5129,5399,12032,5814,6218,10528,5028,5500,6016,2893,3123,1504,730,774,
60165,6016,2952,3064,10529,5129,5400,12032,5814,6218,10528,5028,5500,6016,2893,3123,1504,730,774,
60170,6017,2953,3064,10530,5129,5401,12034,5815,6219,10529,5029,5500,6016,2893,3123,1504,730,774,
60175,6018,2954,3064,10530,5129,5401,12034,5815,6219,10530,5030,5500,6016,2893,3123,1504,730,774,
60180,6019,2954,3065,10532,5130,5402,12037,5815,6222,10531,5030,5501,6017,2894,3123,1504,730,774,
60185,6019,2954,3065,10533,5131,5402,12037,5815,6222,10532,5030,5502,6017,2894,3123,1505,730,775,
60190,6020,2955,3065,10533,5131,5402,12038,5815,6223,10533,5031,5502,6019,2896,3123,1505,730,775,
60195,6020,2955,3065,10534,5131,5403,12039,5815,6224,10534,5032,5502,6020,2897,3123,1505,730,775,
60200,6020,2955,3065,10535,5131,5404,12040,5816,6224,10535,5032,5503,6020,2897,3123,1505,730,775,
60205,6020,2955,3065,10536,5131,5405,12040,5816,6224,10535,5032,5503,6020,2897,3123,1505,730,775,
60210,6021,2955,3066,10537,5132,5405,12042,5817,6225,10536,5033,5503,6020,2897,3123,1505,730,775,
60215,6022,2955,3067,10537,5132,5405,12042,5817,6225,10537,5034,5503,6020,2897,3123,1505,730,775,
60220,6023,2956,3067,10539,5134,5405,12045,5820,6225,10538,5034,5504,6021,2897,3124,1505,730,775,
60225,6023,2956,3067,10540,5134,5406,12045,5820,6225,10539,5034,5505,6021,2897,3124,1506,730,776,
60230,6024,2956,3068,10540,5134,5406,12046,5820,6226,10540,5034,5506,6023,2899,3124,1506,730,776,
60235,6024,2956,3068,10541,5134,5407,12047,5820,6227,10541,5035,5506,6024,2900,3124,1506,730,776,
60240,6024,2956,3068,10542,5135,5407,12048,5821,6227,10542,5035,5507,6024,2900,3124,1506,730,776,
60245,6024,2956,3068,10543,5135,5408,12048,5821,6227,10542,5035,5507,6024,2900,3124,1506,730,776,
60250,6025,2956,3069,10544,5136,5408,12050,5823,6227,10543,5036,5507,6024,2900,3124,1506,730,776,
60255,6026,2956,3070,10544,5136,5408,12050,5823,6227,10544,5037,5507,6024,2900,3124,1506,730,776,
60260,6027,2957,3070,10546,5137,5409,12053,5825,6228,10545,5038,5507,6025,2900,3125,1506,730,776,
60265,6027,2957,3070,10547,5138,5409,12053,5825,6228,10546,5038,5508,6025,2900,3125,1507,730,777,
60270,6028,2957,3071,10547,5138,5409,12054,5825,6229,10547,5039,5508,6027,2901,3126,1507,730,777,
60275,6028,2957,3071,10548,5139,5409,12055,5825,6230,10548,5040,5508,6028,2902,3126,1507,730,777,
60280,6028,2957,3071,10549,5140,5409,12056,5826,6230,10549,5040,5509,6028,2902,3126,1507,730,777,
60285,6028,2957,3071,10550,5140,5410,12056,5826,6230,10549,5040,5509,6028,2902,3126,1507,730,777,
60290,6029,2958,3071,10551,5140,5411,12058,5827,6231,10550,5040,5510,6028,2902,3126,1507,730,777,
60295,6030,2958,3072,10551,5140,5411,12058,5827,6231,10551,5041,5510,6028,2902,3126,1507,730,777,
60300,6031,2959,3072,10553,5141,5412,12061,5829,6232,10552,5041,5511,6029,2902,3127,1507,730,777,
60305,6031,2959,3072,10554,5142,5412,12061,5829,6232,10553,5042,5511,6029,2902,3127,1508,731,777,
60310,6032,2959,3073,10554,5142,5412,12062,5829,6233,10554,5042,5512,6031,2903,3128,1508,731,777,
60315,6032,2959,3073,10555,5142,5413,12063,5830,6233,10555,5043,5512,6032,2903,3129,1508,731,777,
60320,6032,2959,3073,10556,5143,5413,12064,5831,6233,10556,5043,5513,6032,2903,3129,1508,731,777,
60325,6032,2959,3073,10557,5143,5414,12064,5831,6233,10556,5043,5513,6032,2903,3129,1508,731,777,
60330,6033,2960,3073,10558,5143,5415,12066,5832,6234,10557,5043,5514,6032,2903,3129,1508,731,777,
60335,6034,2961,3073,10558,5143,5415,12066,5832,6234,10558,5044,5514,6032,2903,3129,1508,731,777,
60340,6035,2961,3074,10560,5145,5415,12069,5833,6236,10559,5044,5515,6033,2903,3130,1508,731,777,
60345,6035,2961,3074,10561,5146,5415,12069,5833,6236,10560,5044,5516,6033,2903,3130,1509,731,778,
60350,6036,2962,3074,10561,5146,5415,12070,5834,6236,10561,5045,5516,6035,2905,3130,1509,731,778,
60355,6036,2962,3074,10562,5147,5415,12071,5835,6236,10562,5046,5516,6036,2906,3130,1509,731,778,
60360,6036,2962,3074,10563,5148,5415,12072,5835,6237,10563,5047,5516,6036,2906,3130,1509,731,778,
60365,6036,2962,3074,10564,5148,5416,12072,5835,6237,10563,5047,5516,6036,2906,3130,1509,731,778,
60370,6037,2962,3075,10565,5148,5417,12074,5836,6238,10564,5047,5517,6036,2906,3130,1509,731,778,
60375,6038,2963,3075,10565,5148,5417,12074,5836,6238,10565,5047,5518,6036,2906,3130,1509,731,778,
60380,6039,2964,3075,10567,5149,5418,12077,5838,6239,10566,5047,5519,6037,2907,3130,1509,731,778,
60385,6039,2964,3075,10568,5149,5419,12077,5838,6239,10567,5048,5519,6037,2907,3130,1510,731,779,
60390,6040,2965,3075,10568,5149,5419,12078,5839,6239,10568,5048,5520,6039,2907,3132,1510,731,779,
60395,6040,2965,3075,10569,5149,5420,12079,5839,6240,10569,5048,5521,6040,2907,3133,1510,731,779,
60400,6040,2965,3075,10570,5150,5420,12080,5839,6241,10570,5048,5522,6040,2907,3133,1510,731,779,
60405,6040,2965,3075,10571,5151,5420,12080,5839,6241,10570,5048,5522,6040,2907,3133,1510,731,779,
60410,6041,2965,3076,10572,5151,5421,12082,5839,6243,10571,5048,5523,6040,2907,3133,1510,731,779,
60415,6042,2965,3077,10572,5151,5421,12082,5839,6243,10572,5048,5524,6040,2907,3133,1510,731,779,
60420,6043,2965,3078,10574,5151,5423,12085,5840,6245,10573,5049,5524,6041,2908,3133,1510,731,779,
60425,6043,2965,3078,10575,5151,5424,12085,5840,6245,10574,5050,5524,6041,2908,3133,1511,731,780,
60430,6044,2965,3079,10575,5151,5424,12086,5841,6245,10575,5050,5525,6043,2909,3134,1511,731,780,
60435,6044,2965,3079,10576,5152,5424,12087,5841,6246,10576,5051,5525,6044,2909,3135,1511,731,780,
60440,6044,2965,3079,10577,5153,5424,12088,5842,6246,10577,5051,5526,6044,2909,3135,1511,731,780,
60445,6044,2965,3079,10578,5153,5425,12088,5842,6246,10577,5051,5526,6044,2909,3135,1511,731,780,
60450,6045,2966,3079,10579,5154,5425,12090,5842,6248,10578,5051,5527,6044,2909,3135,1511,731,780,
60455,6046,2966,3080,10579,5154,5425,12090,5842,6248,10579,5052,5527,6044,2909,3135,1511,731,780,
60460,6047,2967,3080,10581,5155,5426,12093,5844,6249,10580,5052,5528,6045,2910,3135,1511,731,780,
60465,6047,2967,3080,10582,5155,5427,12093,5844,6249,10581,5053,5528,6045,2910,3135,1512,732,780,
60470,6048,2968,3080,10582,5155,5427,12094,5844,6250,10582,5054,5528,6047,2911,3136,1512,732,780,
60475,6048,2968,3080,10583,5156,5427,12095,5844,6251,10583,5054,5529,6048,2911,3137,1512,732,780,
60480,6048,2968,3080,10584,5156,5428,12096,5845,6251,10584,5054,5530,6048,2911,3137,1512,732,780,
60485,6048,2968,3080,10585,5156,5429,12096,5845,6251,10584,5054,5530,6048,2911,3137,1512,732,780,
60490,6049,2969,3080,10586,5156,5430,12098,5846,6252,10585,5054,5531,6048,2911,3137,1512,732,780,
60495,6050,2970,3080,10586,5156,5430,12098,5846,6252,10586,5054,5532,6048,2911,3137,1512,732,780,
60500,6051,2970,3081,10588,5157,5431,12101,5849,6252,10587,5054,5533,6049,2911,3138,1512,732,780,
60505,6051,2970,3081,10589,5157,5432,12101,5849,6252,10588,5054,5534,6049,2911,3138,1513,733,780,
60510,6052,2971,3081,10589,5157,5432,12102,5849,6253,10589,5055,5534,6051,2912,3139,1513,733,780,
60515,6052,2971,3081,10590,5158,5432,12103,5849,6254,10590,5055,5535,6052,2912,3140,1513,733,780,
60520,6052,2971,3081,10591,5159,5432,12104,5850,6254,10591,5055,5536,6052,2912,3140,1513,733,780,
60525,6052,2971,3081,10592,5160,5432,12104,5850,6254,10591,5055,5536,6052,2912,3140,1513,733,780,
60530,6053,2972,3081,10593,5161,5432,12106,5852,6254,10592,5055,5537,6052,2912,3140,1513,733,780,
60535,6054,2972,3082,10593,5161,5432,12106,5852,6254,10593,5055,5538,6052,2912,3140,1513,733,780,
60540,6055,2973,3082,10595,5161,5434,12109,5853,6256,10594,5055,5539,6053,2913,3140,1513,733,780,
60545,6055,2973,3082,10596,5162,5434,12109,5853,6256,10595,5055,5540,6053,2913,3140,1514,734,780,
60550,6056,2973,3083,10596,5162,5434,12110,5854,6256,10596,5055,5541,6055,2915,3140,1514,734,780,
60555,6056,2973,3083,10597,5163,5434,12111,5855,6256,10597,5056,5541,6056,2915,3141,1514,734,780,
60560,6056,2973,3083,10598,5163,5435,12112,5856,6256,10598,5057,5541,6056,2915,3141,1514,734,780,
60565,6056,2973,3083,10599,5164,5435,12112,5856,6256,10598,5057,5541,6056,2915,3141,1514,734,780,
60570,6057,2974,3083,10600,5165,5435,12114,5857,6257,10599,5058,5541,6056,2915,3141,1514,734,780,
60575,6058,2974,3084,10600,5165,5435,12114,5857,6257,10600,5058,5542,6056,2915,3141,1514,734,780,
60580,6059,2975,3084,10602,5165,5437,12117,5858,6259,10601,5059,5542,6057,2915,3142,1514,734,780,
60585,6059,2975,3084,10603,5166,5437,12117,5858,6259,10602,5060,5542,6057,2915,3142,1515,735,780,
60590,6060,2975,3085,10603,5166,5437,12118,5859,6259,10603,5060,5543,6059,2916,3143,1515,735,780,
60595,6060,2975,3085,10604,5166,5438,12119,5859,6260,10604,5061,5543,6060,2917,3143,1515,735,780,
60600,6060,2975,3085,10605,5167,5438,12120,5860,6260,10605,5062,5543,6060,2917,3143,1515,735,780,
60605,6060,2975,3085,10606,5168,5438,12120,5860,6260,10605,5062,5543,6060,2917,3143,1515,735,780,
60610,6061,2975,3086,10607,5168,5439,12122,5862,6260,10606,5063,5543,6060,2917,3143,1515,735,780,
60615,6062,2976,3086,10607,5168,5439,12122,5862,6260,10607,5064,5543,6060,2917,3143,1515,735,780,
60620,6063,2976,3087,10609,5169,5440,12125,5863,6262,10608,5064,5544,6061,2918,3143,1515,735,780,
60625,6063,2976,3087,10610,5170,5440,12125,5863,6262,10609,5065,5544,6061,2918,3143,1516,736,780,
60630,6064,2976,3088,10610,5170,5440,12126,5863,6263,10610,5065,5545,6063,2919,3144,1516,736,780,
60635,6064,2976,3088,10611,5171,5440,12127,5863,6264,10611,5066,5545,6064,2920,3144,1516,736,780,
60640,6064,2976,3088,10612,5171,5441,12128,5863,6265,10612,5067,5545,6064,2920,3144,1516,736,780,
60645,6064,2976,3088,10613,5171,5442,12128,5863,6265,10612,5067,5545,6064,2920,3144,1516,736,780,
60650,6065,2977,3088,10614,5172,5442,12130,5865,6265,10613,5067,5546,6064,2920,3144,1516,736,780,
60655,6066,2977,3089,10614,5172,5442,12130,5865,6265,10614,5068,5546,6064,2920,3144,1516,736,780,
60660,6067,2978,3089,10616,5173,5443,12133,5865,6268,10615,5069,5546,6065,2921,3144,1516,736,780,
60665,6067,2978,3089,10617,5173,5444,12133,5865,6268,10616,5069,5547,6065,2921,3144,1517,736,781,
60670,6068,2978,3090,10617,5173,5444,12134,5866,6268,10617,5069,5548,6067,2921,3146,1517,736,781,
60675,6068,2978,3090,10618,5173,5445,12135,5867,6268,10618,5070,5548,6068,2921,3147,1517,736,781,
60680,6068,2978,3090,10619,5174,5445,12136,5868,6268,10619,5070,5549,6068,2921,3147,1517,736,781,
60685,6068,2978,3090,10620,5174,5446,12136,5868,6268,10619,5070,5549,6068,2921,3147,1517,736,781,
60690,6069,2978,3091,10621,5175,5446,12138,5868,6270,10620,5071,5549,6068,2921,3147,1517,736,781,
60695,6070,2978,3092,10621,5175,5446,12138,5868,6270,10621,5071,5550,6068,2921,3147,1517,736,781,
60700,6071,2978,3093,10623,5175,5448,12141,5869,6272,10622,5072,5550,6069,2921,3148,1517,736,781,
60705,6071,2978,3093,10624,5175,5449,12141,5869,6272,10623,5072,5551,6069,2921,3148,1518,736,782,
60710,6072,2978,3094,10624,5175,5449,12142,5870,6272,10624,5073,5551,6071,2923,3148,1518,736,782,
60715,6072,2978,3094,10625,5175,5450,12143,5871,6272,10625,5073,5552,6072,2923,3149,1518,736,782,
60720,6072,2978,3094,10626,5176,5450,12144,5872,6272,10626,5073,5553,6072,2923,3149,1518,736,782,
60725,6072,2978,3094,10627,5177,5450,12144,5872,6272,10626,5073,5553,6072,2923,3149,1518,736,782,
60730,6073,2979,3094,10628,5177,5451,12146,5873,6273,10627,5074,5553,6072,2923,3149,1518,736,782,
60735,6074,2979,3095,10628,5177,5451,12146,5873,6273,10628,5075,5553,6072,2923,3149,1518,736,782,
60740,6075,2980,3095,10630,5178,5452,12149,5874,6275,10629,5075,5554,6073,2924,3149,1518,736,782,
60745,6075,2980,3095,10631,5179,5452,12149,5874,6275,10630,5075,5555,6073,2924,3149,1519,736,783,
60750,6076,2980,3096,10631,5179,5452,12150,5874,6276,10631,5075,5556,6075,2925,3150,1519,736,783,
60755,6076,2980,3096,10632,5180,5452,12151,5875,6276,10632,5075,5557,6076,2926,3150,1519,736,783,
60760,6076,2980,3096,10633,5180,5453,12152,5876,6276,10633,5076,5557,6076,2926,3150,1519,736,783,
60765,6076,2980,3096,10634,5181,5453,12152,5876,6276,10633,5076,5557,6076,2926,3150,1519,736,783,
60770,6077,2981,3096,10635,5181,5454,12154,5877,6277,10634,5076,5558,6076,2926,3150,1519,736,783,
60775,6078,2982,3096,10635,5181,5454,12154,5877,6277,10635,5076,5559,6076,2926,3150,1519,736,783,
60780,6079,2983,3096,10637,5182,5455,12157,5878,6279,10636,5076,5560,6077,2926,3151,1519,736,783,
60785,6079,2983,3096,10638,5183,5455,12157,5878,6279,10637,5077,5560,6077,2926,3151,1520,737,783,
60790,6080,2983,3097,10638,5183,5455,12158,5879,6279,10638,5078,5560,6079,2927,3152,1520,737,783,
60795,6080,2983,3097,10639,5184,5455,12159,5879,6280,10639,5078,5561,6080,2927,3153,1520,737,783,
60800,6080,2983,3097,10640,5185,5455,12160,5880,6280,10640,5078,5562,6080,2927,3153,1520,737,783,
60805,6080,2983,3097,10641,5185,5456,12160,5880,6280,10640,5078,5562,6080,2927,3153,1520,737,783,
60810,6081,2983,3098,10642,5185,5457,12162,5882,6280,10641,5078,5563,6080,2927,3153,1520,737,783,
60815,6082,2984,3098,10642,5185,5457,12162,5882,6280,10642,5079,5563,6080,2927,3153,1520,737,783,
60820,6083,2984,3099,10644,5186,5458,12165,5883,6282,10643,5080,5563,6081,2927,3154,1520,737,783,
60825,6083,2984,3099,10645,5186,5459,12165,5883,6282,10644,5080,5564,6081,2927,3154,1521,737,784,
60830,6084,2985,3099,10645,5186,5459,12166,5884,6282,10645,5080,5565,6083,2927,3156,1521,737,784,
60835,6084,2985,3099,10646,5187,5459,12167,5885,6282,10646,5080,5566,6084,2927,3157,1521,737,784,
60840,6084,2985,3099,10647,5187,5460,12168,5886,6282,10647,5080,5567,6084,2927,3157,1521,737,784,
60845,6084,2985,3099,10648,5188,5460,12168,5886,6282,10647,5080,5567,6084,2927,3157,1521,737,784,
60850,6085,2985,3100,10649,5188,5461,12170,5887,6283,10648,5081,5567,6084,2927,3157,1521,737,784,
60855,6086,2985,3101,10649,5188,5461,12170,5887,6283,10649,5081,5568,6084,2927,3157,1521,737,784,
60860,6087,2985,3102,10651,5189,5462,12173,5888,6285,10650,5081,5569,6085,2927,3158,1521,737,784,
60865,6087,2985,3102,10652,5190,5462,12173,5888,6285,10651,5081,5570,6085,2927,3158,1522,737,785,
60870,6088,2985,3103,10652,5190,5462,12174,5889,6285,10652,5082,5570,6087,2928,3159,1522,737,785,
60875,6088,2985,3103,10653,5190,5463,12175,5889,6286,10653,5083,5570,6088,2928,3160,1522,737,785,
60880,6088,2985,3103,10654,5190,5464,12176,5889,6287,10654,5084,5570,6088,2928,3160,1522,737,785,
60885,6088,2985,3103,10655,5190,5465,12176,5889,6287,10654,5084,5570,6088,2928,3160,1522,737,785,
60890,6089,2985,3104,10656,5190,5466,12178,5889,6289,10655,5085,5570,6088,2928,3160,1522,737,785,
60895,6090,2986,3104,10656,5190,5466,12178,5889,6289,10656,5086,5570,6088,2928,3160,1522,737,785,
60900,6091,2986,3105,10658,5192,5466,12181,5889,6292,10657,5087,5570,6089,2929,3160,1522,737,785,
60905,6091,2986,3105,10659,5193,5466,12181,5889,6292,10658,5087,5571,6089,2929,3160,1523,737,786,
60910,6092,2987,3105,10659,5193,5466,12182,5890,6292,10659,5088,5571,6091,2930,3161,1523,737,786,
60915,6092,2987,3105,10660,5194,5466,12183,5891,6292,10660,5089,5571,6092,2930,3162,1523,737,786,
60920,6092,2987,3105,10661,5194,5467,12184,5891,6293,10661,5090,5571,6092,2930,3162,1523,737,786,
60925,6092,2987,3105,10662,5195,5467,12184,5891,6293,10661,5090,5571,6092,2930,3162,1523,737,786,
60930,6093,2988,3105,10663,5195,5468,12186,5893,6293,10662,5091,5571,6092,2930,3162,1523,737,786,
60935,6094,2988,3106,10663,5195,5468,12186,5893,6293,10663,5092,5571,6092,2930,3162,1523,737,786,
60940,6095,2988,3107,10665,5197,5468,12189,5895,6294,10664,5092,5572,6093,2930,3163,1523,737,786,
60945,6095,2988,3107,10666,5198,5468,12189,5895,6294,10665,5093,5572,6093,2930,3163,1524,737,787,
60950,6096,2989,3107,10666,5198,5468,12190,5895,6295,10666,5094,5572,6095,2930,3165,1524,737,787,
60955,6096,2989,3107,10667,5199,5468,12191,5896,6295,10667,5095,5572,6096,2931,3165,1524,737,787,
60960,6096,2989,3107,10668,5200,5468,12192,5897,6295,10668,5095,5573,6096,2931,3165,1524,737,787,
60965,6096,2989,3107,10669,5200,5469,12192,5897,6295,10668,5095,5573,6096,2931,3165,1524,737,787,
60970,6097,2990,3107,10670,5200,5470,12194,5897,6297,10669,5095,5574,6096,2931,3165,1524,737,787,
60975,6098,2990,3108,10670,5200,5470,12194,5897,6297,10670,5096,5574,6096,2931,3165,1524,737,787,
60980,6099,2990,3109,10672,5202,5470,12197,5898,6299,10671,5097,5574,6097,2931,3166,1524,737,787,
60985,6099,2990,3109,10673,5202,5471,12197,5898,6299,10672,5097,5575,6097,2931,3166,1525,737,788,
60990,6100,2990,3110,10673,5202,5471,12198,5898,6300,10673,5098,5575,6099,2932,3167,1525,737,788,
60995,6100,2990,3110,10674,5203,5471,12199,5898,6301,10674,5098,5576,6100,2932,3168,1525,737,788,
61000,6100,2990,3110,10675,5203,5472,12200,5899,6301,10675,5098,5577,6100,2932,3168,1525,737,788,
61005,6100,2990,3110,10676,5203,5473,12200,5899,6301,10675,5098,5577,6100,2932,3168,1525,737,788,
61010,6101,2990,3111,10677,5203,5474,12202,5900,6302,10676,5098,5578,6100,2932,3168,1525,737,788,
61015,6102,2991,3111,10677,5203,5474,12202,5900,6302,10677,5099,5578,6100,2932,3168,1525,737,788,
61020,6103,2991,3112,10679,5204,5475,12205,5902,6303,10678,5099,5579,6101,2933,3168,1525,737,788,
61025,6103,2991,3112,10680,5204,5476,12205,5902,6303,10679,5099,5580,6101,2933,3168,1526,738,788,
61030,6104,2992,3112,10680,5204,5476,12206,5903,6303,10680,5099,5581,6103,2934,3169,1526,738,788,
61035,6104,2992,3112,10681,5204,5477,12207,5903,6304,10681,5099,5582,6104,2935,3169,1526,738,788,
61040,6104,2992,3112,10682,5205,5477,12208,5903,6305,10682,5099,5583,6104,2935,3169,1526,738,788,
61045,6104,2992,3112,10683,5205,5478,12208,5903,6305,10682,5099,5583,6104,2935,3169,1526,738,788,
61050,6105,2992,3113,10684,5205,5479,12210,5905,6305,10683,5099,5584,6104,2935,3169,1526,738,788,
61055,6106,2993,3113,10684,5205,5479,12210,5905,6305,10684,5100,5584,6104,2935,3169,1526,738,788,
61060,6107,2993,3114,10686,5205,5481,12213,5907,6306,10685,5101,5584,6105,2935,3170,1526,738,788,
61065,6107,2993,3114,10687,5205,5482,12213,5907,6306,10686,5102,5584,6105,2935,3170,1527,739,788,
61070,6108,2993,3115,10687,5205,5482,12214,5907,6307,10687,5102,5585,6107,2936,3171,1527,739,788,
61075,6108,2993,3115,10688,5205,5483,12215,5908,6307,10688,5102,5586,6108,2937,3171,1527,739,788,
61080,6108,2993,3115,10689,5206,5483,12216,5909,6307,10689,5103,5586,6108,2937,3171,1527,739,788,
61085,6108,2993,3115,10690,5207,5483,12216,5909,6307,10689,5103,5586,6108,2937,3171,1527,739,788,
61090,6109,2993,3116,10691,5207,5484,12218,5910,6308,10690,5103,5587,6108,2937,3171,1527,739,788,
61095,6110,2994,3116,10691,5207,5484,12218,5910,6308,10691,5103,5588,6108,2937,3171,1527,739,788,
61100,6111,2994,3117,10693,5209,5484,12221,5910,6311,10692,5104,5588,6109,2938,3171,1527,739,788,
61105,6111,2994,3117,10694,5210,5484,12221,5910,6311,10693,5104,5589,6109,2938,3171,1528,739,789,
61110,6112,2995,3117,10694,5210,5484,12222,5910,6312,10694,5104,5590,6111,2939,3172,1528,739,789,
61115,6112,2995,3117,10695,5211,5484,12223,5910,6313,10695,5105,5590,6112,2940,3172,1528,739,789,
61120,6112,2995,3117,10696,5212,5484,12224,5910,6314,10696,5105,5591,6112,2940,3172,1528,739,789,
61125,6112,2995,3117,10697,5212,5485,12224,5910,6314,10696,5105,5591,6112,2940,3172,1528,739,789,
61130,6113,2995,3118,10698,5213,5485,12226,5911,6315,10697,5105,5592,6112,2940,3172,1528,739,789,
61135,6114,2995,3119,10698,5213,5485,12226,5911,6315,10698,5106,5592,6112,2940,3172,1528,739,789,
61140,6115,2995,3120,10700,5214,5486,12229,5912,6317,10699,5106,5593,6113,2941,3172,1528,739,789,
61145,6115,2995,3120,10701,5215,5486,12229,5912,6317,10700,5106,5594,6113,2941,3172,1529,739,790,
61150,6116,2996,3120,10701,5215,5486,12230,5912,6318,10701,5107,5594,6115,2942,3173,1529,739,790,
61155,6116,2996,3120,10702,5216,5486,12231,5912,6319,10702,5108,5594,6116,2943,3173,1529,739,790,
61160,6116,2996,3120,10703,5216,5487,12232,5913,6319,10703,5108,5595,6116,2943,3173,1529,739,790,
61165,6116,2996,3120,10704,5216,5488,12232,5913,6319,10703,5108,5595,6116,2943,3173,1529,739,790,
61170,6117,2996,3121,10705,5216,5489,12234,5913,6321,10704,5109,5595,6116,2943,3173,1529,739,790,
61175,6118,2997,3121,10705,5216,5489,12234,5913,6321,10705,5109,5596,6116,2943,3173,1529,739,790,
61180,6119,2997,3122,10707,5217,5490,12237,5915,6322,10706,5109,5597,6117,2943,3174,1529,739,790,
61185,6119,2997,3122,10708,5217,5491,12237,5915,6322,10707,5109,5598,6117,2943,3174,1530,740,790,
61190,6120,2998,3122,10708,5217,5491,12238,5915,6323,10708,5110,5598,6119,2943,3176,1530,740,790,
61195,6120,2998,3122,10709,5218,5491,12239,5916,6323,10709,5110,5599,6120,2943,3177,1530,740,790,
61200,6120,2998,3122,10710,5218,5492,12240,5916,6324,10710,5110,5600,6120,2943,3177,1530,740,790,
61205,6120,2998,3122,10711,5218,5493,12240,5916,6324,10710,5110,5600,6120,2943,3177,1530,740,790,
61210,6121,2998,3123,10712,5218,5494,12242,5916,6326,10711,5110,5601,6120,2943,3177,1530,740,790,
61215,6122,2999,3123,10712,5218,5494,12242,5916,6326,10712,5110,5602,6120,2943,3177,1530,740,790,
61220,6123,3000,3123,10714,5219,5495,12245,5917,6328,10713,5110,5603,6121,2943,3178,1530,740,790,
61225,6123,3000,3123,10715,5219,5496,12245,5917,6328,10714,5110,5604,6121,2943,3178,1531,740,791,
61230,6124,3000,3124,10715,5219,5496,12246,5918,6328,10715,5110,5605,6123,2944,3179,1531,740,791,
61235,6124,3000,3124,10716,5220,5496,12247,5918,6329,10716,5110,5606,6124,2945,3179,1531,740,791,
61240,6124,3000,3124,10717,5220,5497,12248,5919,6329,10717,5111,5606,6124,2945,3179,1531,740,791,
61245,6124,3000,3124,10718,5221,5497,12248,5919,6329,10717,5111,5606,6124,2945,3179,1531,740,791,
61250,6125,3000,3125,10719,5222,5497,12250,5921,6329,10718,5111,5607,6124,2945,3179,1531,740,791,
61255,6126,3000,3126,10719,5222,5497,12250,5921,6329,10719,5112,5607,6124,2945,3179,1531,740,791,
61260,6127,3000,3127,10721,5223,5498,12253,5921,6332,10720,5112,5608,6125,2946,3179,1531,740,791,
61265,6127,3000,3127,10722,5223,5499,12253,5921,6332,10721,5112,5609,6125,2946,3179,1532,741,791,
61270,6128,3001,3127,10722,5223,5499,12254,5922,6332,10722,5112,5610,6127,2947,3180,1532,741,791,
61275,6128,3001,3127,10723,5223,5500,12255,5923,6332,10723,5112,5611,6128,2947,3181,1532,741,791,
61280,6128,3001,3127,10724,5224,5500,12256,5924,6332,10724,5113,5611,6128,2947,3181,1532,741,791,
61285,6128,3001,3127,10725,5225,5500,12256,5924,6332,10724,5113,5611,6128,2947,3181,1532,741,791,
61290,6129,3001,3128,10726,5226,5500,12258,5926,6332,10725,5114,5611,6128,2947,3181,1532,741,791,
61295,6130,3002,3128,10726,5226,5500,12258,5926,6332,10726,5114,5612,6128,2947,3181,1532,741,791,
61300,6131,3002,3129,10728,5227,5501,12261,5928,6333,10727,5114,5613,6129,2947,3182,1532,741,791,
61305,6131,3002,3129,10729,5227,5502,12261,5928,6333,10728,5115,5613,6129,2947,3182,1533,741,792,
61310,6132,3002,3130,10729,5227,5502,12262,5928,6334,10729,5115,5614,6131,2948,3183,1533,741,792,
61315,6132,3002,3130,10730,5227,5503,12263,5928,6335,10730,5115,5615,6132,2948,3184,1533,741,792,
61320,6132,3002,3130,10731,5227,5504,12264,5928,6336,10731,5115,5616,6132,2948,3184,1533,741,792,
61325,6132,3002,3130,10732,5228,5504,12264,5928,6336,10731,5115,5616,6132,2948,3184,1533,741,792,
61330,6133,3002,3131,10733,5229,5504,12266,5928,6338,10732,5115,5617,6132,2948,3184,1533,741,792,
61335,6134,3002,3132,10733,5229,5504,12266,5928,6338,10733,5116,5617,6132,2948,3184,1533,741,792,
61340,6135,3003,3132,10735,5229,5506,12269,5928,6341,10734,5116,5618,6133,2948,3185,1533,741,792,
61345,6135,3003,3132,10736,5230,5506,12269,5928,6341,10735,5117,5618,6133,2948,3185,1534,742,792,
61350,6136,3003,3133,10736,5230,5506,12270,5928,6342,10736,5117,5619,6135,2948,3187,1534,742,792,
61355,6136,3003,3133,10737,5231,5506,12271,5928,6343,10737,5117,5620,6136,2949,3187,1534,742,792,
61360,6136,3003,3133,10738,5231,5507,12272,5928,6344,10738,5118,5620,6136,2949,3187,1534,742,792,
61365,6136,3003,3133,10739,5232,5507,12272,5928,6344,10738,5118,5620,6136,2949,3187,1534,742,792,
61370,6137,3003,3134,10740,5233,5507,12274,5929,6345,10739,5118,5621,6136,2949,3187,1534,742,792,
61375,6138,3003,3135,10740,5233,5507,12274,5929,6345,10740,5118,5622,6136,2949,3187,1534,742,792,
61380,6139,3004,3135,10742,5233,5509,12277,5929,6348,10741,5118,5623,6137,2950,3187,1534,742,792,
61385,6139,3004,3135,10743,5234,5509,12277,5929,6348,10742,5119,5623,6137,2950,3187,1535,742,793,
61390,6140,3005,3135,10743,5234,5509,12278,5930,6348,10743,5120,5623,6139,2951,3188,1535,742,793,
61395,6140,3005,3135,10744,5234,5510,12279,5930,6349,10744,5120,5624,6140,2952,3188,1535,742,793,
61400,6140,3005,3135,10745,5235,5510,12280,5931,6349,10745,5120,5625,6140,2952,3188,1535,742,793,
61405,6140,3005,3135,10746,5236,5510,12280,5931,6349,10745,5120,5625,6140,2952,3188,1535,742,793,
61410,6141,3005,3136,10747,5237,5510,12282,5932,6350,10746,5120,5626,6140,2952,3188,1535,742,793,
61415,6142,3005,3137,10747,5237,5510,12282,5932,6350,10747,5121,5626,6140,2952,3188,1535,742,793,
61420,6143,3006,3137,10749,5238,5511,12285,5934,6351,10748,5122,5626,6141,2952,3189,1535,742,793,
61425,6143,3006,3137,10750,5239,5511,12285,5934,6351,10749,5123,5626,6141,2952,3189,1536,743,793,
61430,6144,3007,3137,10750,5239,5511,12286,5935,6351,10750,5123,5627,6143,2952,3191,1536,743,793,
61435,6144,3007,3137,10751,5239,5512,12287,5935,6352,10751,5124,5627,6144,2953,3191,1536,743,793,
61440,6144,3007,3137,10752,5240,5512,12288,5936,6352,10752,5125,5627,6144,2953,3191,1536,743,793,
61445,6144,3007,3137,10753,5240,5513,12288,5936,6352,10752,5125,5627,6144,2953,3191,1536,743,793,
61450,6145,3008,3137,10754,5240,5514,12290,5936,6354,10753,5125,5628,6144,2953,3191,1536,743,793,
61455,6146,3009,3137,10754,5240,5514,12290,5936,6354,10754,5126,5628,6144,2953,3191,1536,743,793,
61460,6147,3010,3137,10756,5241,5515,12293,5938,6355,10755,5126,5629,6145,2953,3192,1536,743,793,
61465,6147,3010,3137,10757,5242,5515,12293,5938,6355,10756,5127,5629,6145,2953,3192,1537,744,793,
61470,6148,3011,3137,10757,5242,5515,12294,5939,6355,10757,5127,5630,6147,2954,3193,1537,744,793,
61475,6148,3011,3137,10758,5243,5515,12295,5939,6356,10758,5127,5631,6148,2954,3194,1537,744,793,
61480,6148,3011,3137,10759,5244,5515,12296,5939,6357,10759,5127,5632,6148,2954,3194,1537,744,793,
61485,6148,3011,3137,10760,5244,5516,12296,5939,6357,10759,5127,5632,6148,2954,3194,1537,744,793,
61490,6149,3012,3137,10761,5245,5516,12298,5940,6358,10760,5127,5633,6148,2954,3194,1537,744,793,
61495,6150,3013,3137,10761,5245,5516,12298,5940,6358,10761,5127,5634,6148,2954,3194,1537,744,793,
61500,6151,3013,3138,10763,5246,5517,12301,5941,6360,10762,5127,5635,6149,2955,3194,1537,744,793,
61505,6151,3013,3138,10764,5247,5517,12301,5941,6360,10763,5127,5636,6149,2955,3194,1538,745,793,
61510,6152,3013,3139,10764,5247,5517,12302,5942,6360,10764,5127,5637,6151,2955,3196,1538,745,793,
61515,6152,3013,3139,10765,5248,5517,12303,5943,6360,10765,5128,5637,6152,2955,3197,1538,745,793,
61520,6152,3013,3139,10766,5249,5517,12304,5944,6360,10766,5129,5637,6152,2955,3197,1538,745,793,
61525,6152,3013,3139,10767,5250,5517,12304,5944,6360,10766,5129,5637,6152,2955,3197,1538,745,793,
61530,6153,3014,3139,10768,5251,5517,12306,5945,6361,10767,5129,5638,6152,2955,3197,1538,745,793,
61535,6154,3014,3140,10768,5251,5517,12306,5945,6361,10768,5130,5638,6152,2955,3197,1538,745,793,
61540,6155,3015,3140,10770,5252,5518,12309,5946,6363,10769,5131,5638,6153,2955,3198,1538,745,793,
61545,6155,3015,3140,10771,5252,5519,12309,5946,6363,10770,5132,5638,6153,2955,3198,1539,745,794,
61550,6156,3015,3141,10771,5252,5519,12310,5947,6363,10771,5133,5638,6155,2956,3199,1539,745,794,
61555,6156,3015,3141,10772,5253,5519,12311,5947,6364,10772,5134,5638,6156,2957,3199,1539,745,794,
61560,6156,3015,3141,10773,5253,5520,12312,5948,6364,10773,5134,5639,6156,2957,3199,1539,745,794,
61565,6156,3015,3141,10774,5254,5520,12312,5948,6364,10773,5134,5639,6156,2957,3199,1539,745,794,
61570,6157,3016,3141,10775,5254,5521,12314,5950,6364,10774,5135,5639,6156,2957,3199,1539,745,794,
61575,6158,3016,3142,10775,5254,5521,12314,5950,6364,10775,5136,5639,6156,2957,3199,1539,745,794,
61580,6159,3017,3142,10777,5254,5523,12317,5952,6365,10776,5137,5639,6157,2957,3200,1539,745,794,
61585,6159,3017,3142,10778,5255,5523,12317,5952,6365,10777,5138,5639,6157,2957,3200,1540,746,794,
61590,6160,3017,3143,10778,5255,5523,12318,5953,6365,10778,5138,5640,6159,2959,3200,1540,746,794,
61595,6160,3017,3143,10779,5255,5524,12319,5954,6365,10779,5139,5640,6160,2959,3201,1540,746,794,
61600,6160,3017,3143,10780,5256,5524,12320,5954,6366,10780,5139,5641,6160,2959,3201,1540,746,794,
61605,6160,3017,3143,10781,5257,5524,12320,5954,6366,10780,5139,5641,6160,2959,3201,1540,746,794,
61610,6161,3017,3144,10782,5258,5524,12322,5956,6366,10781,5140,5641,6160,2959,3201,1540,746,794,
61615,6162,3018,3144,10782,5258,5524,12322,5956,6366,10782,5140,5642,6160,2959,3201,1540,746,794,
61620,6163,3018,3145,10784,5258,5526,12325,5958,6367,10783,5141,5642,6161,2960,3201,1540,746,794,
61625,6163,3018,3145,10785,5258,5527,12325,5958,6367,10784,5142,5642,6161,2960,3201,1541,747,794,
61630,6164,3018,3146,10785,5258,5527,12326,5959,6367,10785,5143,5642,6163,2961,3202,1541,747,794,
61635,6164,3018,3146,10786,5258,5528,12327,5959,6368,10786,5144,5642,6164,2961,3203,1541,747,794,
61640,6164,3018,3146,10787,5258,5529,12328,5960,6368,10787,5145,5642,6164,2961,3203,1541,747,794,
61645,6164,3018,3146,10788,5258,5530,12328,5960,6368,10787,5145,5642,6164,2961,3203,1541,747,794,
61650,6165,3019,3146,10789,5259,5530,12330,5960,6370,10788,5146,5642,6164,2961,3203,1541,747,794,
61655,6166,3020,3146,10789,5259,5530,12330,5960,6370,10789,5146,5643,6164,2961,3203,1541,747,794,
61660,6167,3020,3147,10791,5260,5531,12333,5961,6372,10790,5147,5643,6165,2961,3204,1541,747,794,
61665,6167,3020,3147,10792,5261,5531,12333,5961,6372,10791,5147,5644,6165,2961,3204,1542,747,795,
61670,6168,3021,3147,10792,5261,5531,12334,5961,6373,10792,5148,5644,6167,2963,3204,1542,747,795,
61675,6168,3021,3147,10793,5262,5531,12335,5962,6373,10793,5149,5644,6168,2963,3205,1542,747,795,
61680,6168,3021,3147,10794,5262,5532,12336,5962,6374,10794,5150,5644,6168,2963,3205,1542,747,795,
61685,6168,3021,3147,10795,5263,5532,12336,5962,6374,10794,5150,5644,6168,2963,3205,1542,747,795,
61690,6169,3022,3147,10796,5264,5532,12338,5962,6376,10795,5150,5645,6168,2963,3205,1542,747,795,
61695,6170,3023,3147,10796,5264,5532,12338,5962,6376,10796,5150,5646,6168,2963,3205,1542,747,795,
61700,6171,3024,3147,10798,5265,5533,12341,5962,6379,10797,5151,5646,6169,2963,3206,1542,747,795,
61705,6171,3024,3147,10799,5265,5534,12341,5962,6379,10798,5152,5646,6169,2963,3206,1543,748,795,
61710,6172,3025,3147,10799,5265,5534,12342,5962,6380,10799,5153,5646,6171,2964,3207,1543,748,795,
61715,6172,3025,3147,10800,5266,5534,12343,5962,6381,10800,5154,5646,6172,2965,3207,1543,748,795,
61720,6172,3025,3147,10801,5266,5535,12344,5963,6381,10801,5155,5646,6172,2965,3207,1543,748,795,
61725,6172,3025,3147,10802,5267,5535,12344,5963,6381,10801,5155,5646,6172,2965,3207,1543,748,795,
61730,6173,3025,3148,10803,5268,5535,12346,5963,6383,10802,5156,5646,6172,2965,3207,1543,748,795,
61735,6174,3026,3148,10803,5268,5535,12346,5963,6383,10803,5156,5647,6172,2965,3207,1543,748,795,
61740,6175,3027,3148,10805,5270,5535,12349,5963,6386,10804,5157,5647,6173,2965,3208,1543,748,795,
61745,6175,3027,3148,10806,5271,5535,12349,5963,6386,10805,5157,5648,6173,2965,3208,1544,748,796,
61750,6176,3027,3149,10806,5271,5535,12350,5964,6386,10806,5157,5649,6175,2966,3209,1544,748,796,
61755,6176,3027,3149,10807,5272,5535,12351,5964,6387,10807,5158,5649,6176,2966,3210,1544,748,796,
61760,6176,3027,3149,10808,5272,5536,12352,5965,6387,10808,5159,5649,6176,2966,3210,1544,748,796,
61765,6176,3027,3149,10809,5273,5536,12352,5965,6387,10808,5159,5649,6176,2966,3210,1544,748,796,
61770,6177,3027,3150,10810,5273,5537,12354,5965,6389,10809,5160,5649,6176,2966,3210,1544,748,796,
61775,6178,3027,3151,10810,5273,5537,12354,5965,6389,10810,5161,5649,6176,2966,3210,1544,748,796,
61780,6179,3027,3152,10812,5273,5539,12357,5966,6391,10811,5162,5649,6177,2967,3210,1544,748,796,
61785,6179,3027,3152,10813,5273,5540,12357,5966,6391,10812,5162,5650,6177,2967,3210,1545,748,797,
61790,6180,3028,3152,10813,5273,5540,12358,5966,6392,10813,5162,5651,6179,2967,3212,1545,748,797,
61795,6180,3028,3152,10814,5273,5541,12359,5967,6392,10814,5162,5652,6180,2967,3213,1545,748,797,
61800,6180,3028,3152,10815,5274,5541,12360,5967,6393,10815,5162,5653,6180,2967,3213,1545,748,797,
61805,6180,3028,3152,10816,5274,5542,12360,5967,6393,10815,5162,5653,6180,2967,3213,1545,748,797,
61810,6181,3028,3153,10817,5274,5543,12362,5969,6393,10816,5162,5654,6180,2967,3213,1545,748,797,
61815,6182,3029,3153,10817,5274,5543,12362,5969,6393,10817,5162,5655,6180,2967,3213,1545,748,797,
61820,6183,3029,3154,10819,5274,5545,12365,5969,6396,10818,5162,5656,6181,2967,3214,1545,748,797,
61825,6183,3029,3154,10820,5274,5546,12365,5969,6396,10819,5162,5657,6181,2967,3214,1546,749,797,
61830,6184,3030,3154,10820,5274,5546,12366,5969,6397,10820,5162,5658,6183,2969,3214,1546,749,797,
61835,6184,3030,3154,10821,5275,5546,12367,5969,6398,10821,5163,5658,6184,2970,3214,1546,749,797,
61840,6184,3030,3154,10822,5275,5547,12368,5969,6399,10822,5164,5658,6184,2970,3214,1546,749,797,
61845,6184,3030,3154,10823,5275,5548,12368,5969,6399,10822,5164,5658,6184,2970,3214,1546,749,797,
61850,6185,3031,3154,10824,5276,5548,12370,5969,6401,10823,5164,5659,6184,2970,3214,1546,749,797,
61855,6186,3031,3155,10824,5276,5548,12370,5969,6401,10824,5165,5659,6184,2970,3214,1546,749,797,
61860,6187,3032,3155,10826,5278,5548,12373,5970,6403,10825,5166,5659,6185,2971,3214,1546,749,797,
61865,6187,3032,3155,10827,5278,5549,12373,5970,6403,10826,5166,5660,6185,2971,3214,1547,750,797,
61870,6188,3033,3155,10827,5278,5549,12374,5970,6404,10827,5166,5661,6187,2973,3214,1547,750,797,
61875,6188,3033,3155,10828,5278,5550,12375,5970,6405,10828,5167,5661,6188,2974,3214,1547,750,797,
61880,6188,3033,3155,10829,5279,5550,12376,5971,6405,10829,5167,5662,6188,2974,3214,1547,750,797,
61885,6188,3033,3155,10830,5279,5551,12376,5971,6405,10829,5167,5662,6188,2974,3214,1547,750,797,
61890,6189,3033,3156,10831,5279,5552,12378,5973,6405,10830,5168,5662,6188,2974,3214,1547,750,797,
61895,6190,3033,3157,10831,5279,5552,12378,5973,6405,10831,5169,5662,6188,2974,3214,1547,750,797,
61900,6191,3033,3158,10833,5280,5553,12381,5974,6407,10832,5169,5663,6189,2974,3215,1547,750,797,
61905,6191,3033,3158,10834,5281,5553,12381,5974,6407,10833,5169,5664,6189,2974,3215,1548,750,798,
61910,6192,3033,3159,10834,5281,5553,12382,5974,6408,10834,5170,5664,6191,2976,3215,1548,750,798,
61915,6192,3033,3159,10835,5282,5553,12383,5975,6408,10835,5170,5665,6192,2976,3216,1548,750,798,
61920,6192,3033,3159,10836,5283,5553,12384,5976,6408,10836,5170,5666,6192,2976,3216,1548,750,798,
61925,6192,3033,3159,10837,5284,5553,12384,5976,6408,10836,5170,5666,6192,2976,3216,1548,750,798,
61930,6193,3034,3159,10838,5285,5553,12386,5977,6409,10837,5170,5667,6192,2976,3216,1548,750,798,
61935,6194,3034,3160,10838,5285,5553,12386,5977,6409,10838,5170,5668,6192,2976,3216,1548,750,798,
61940,6195,3034,3161,10840,5286,5554,12389,5979,6410,10839,5170,5669,6193,2976,3217,1548,750,798,
61945,6195,3034,3161,10841,5287,5554,12389,5979,6410,10840,5170,5670,6193,2976,3217,1549,750,799,
61950,6196,3034,3162,10841,5287,5554,12390,5980,6410,10841,5171,5670,6195,2978,3217,1549,750,799,
61955,6196,3034,3162,10842,5288,5554,12391,5981,6410,10842,5171,5671,6196,2978,3218,1549,750,799,
61960,6196,3034,3162,10843,5288,5555,12392,5981,6411,10843,5172,5671,6196,2978,3218,1549,750,799,
61965,6196,3034,3162,10844,5289,5555,12392,5981,6411,10843,5172,5671,6196,2978,3218,1549,750,799,
61970,6197,3035,3162,10845,5289,5556,12394,5981,6413,10844,5173,5671,6196,2978,3218,1549,750,799,
61975,6198,3035,3163,10845,5289,5556,12394,5981,6413,10845,5173,5672,6196,2978,3218,1549,750,799,
61980,6199,3035,3164,10847,5290,5557,12397,5982,6415,10846,5174,5672,6197,2978,3219,1549,750,799,
61985,6199,3035,3164,10848,5291,5557,12397,5982,6415,10847,5175,5672,6197,2978,3219,1550,751,799,
61990,6200,3036,3164,10848,5291,5557,12398,5982,6416,10848,5176,5672,6199,2980,3219,1550,751,799,
61995,6200,3036,3164,10849,5291,5558,12399,5982,6417,10849,5176,5673,6200,2981,3219,1550,751,799,
62000,6200,3036,3164,10850,5292,5558,12400,5983,6417,10850,5176,5674,6200,2981,3219,1550,751,799,
62005,6200,3036,3164,10851,5292,5559,12400,5983,6417,10850,5176,5674,6200,2981,3219,1550,751,799,
62010,6201,3037,3164,10852,5293,5559,12402,5984,6418,10851,5176,5675,6200,2981,3219,1550,751,799,
62015,6202,3038,3164,10852,5293,5559,12402,5984,6418,10852,5177,5675,6200,2981,3219,1550,751,799,
62020,6203,3038,3165,10854,5294,5560,12405,5984,6421,10853,5177,5676,6201,2982,3219,1550,751,799,
62025,6203,3038,3165,10855,5295,5560,12405,5984,6421,10854,5177,5677,6201,2982,3219,1551,752,799,
62030,6204,3038,3166,10855,5295,5560,12406,5985,6421,10855,5177,5678,6203,2984,3219,1551,752,799,
62035,6204,3038,3166,10856,5295,5561,12407,5985,6422,10856,5178,5678,6204,2984,3220,1551,752,799,
62040,6204,3038,3166,10857,5296,5561,12408,5986,6422,10857,5178,5679,6204,2984,3220,1551,752,799,
62045,6204,3038,3166,10858,5297,5561,12408,5986,6422,10857,5178,5679,6204,2984,3220,1551,752,799,
62050,6205,3038,3167,10859,5297,5562,12410,5986,6424,10858,5178,5680,6204,2984,3220,1551,752,799,
62055,6206,3038,3168,10859,5297,5562,12410,5986,6424,10859,5178,5681,6204,2984,3220,1551,752,799,
62060,6207,3039,3168,10861,5299,5562,12413,5988,6425,10860,5178,5682,6205,2985,3220,1551,752,799,
62065,6207,3039,3168,10862,5299,5563,12413,5988,6425,10861,5179,5682,6205,2985,3220,1552,753,799,
62070,6208,3040,3168,10862,5299,5563,12414,5989,6425,10862,5179,5683,6207,2986,3221,1552,753,799,
62075,6208,3040,3168,10863,5299,5564,12415,5989,6426,10863,5179,5684,6208,2986,3222,1552,753,799,
62080,6208,3040,3168,10864,5300,5564,12416,5990,6426,10864,5180,5684,6208,2986,3222,1552,753,799,
62085,6208,3040,3168,10865,5300,5565,12416,5990,6426,10864,5180,5684,6208,2986,3222,1552,753,799,
62090,6209,3041,3168,10866,5301,5565,12418,5991,6427,10865,5180,5685,6208,2986,3222,1552,753,799,
62095,6210,3042,3168,10866,5301,5565,12418,5991,6427,10866,5180,5686,6208,2986,3222,1552,753,799,
62100,6211,3043,3168,10868,5301,5567,12421,5993,6428,10867,5180,5687,6209,2986,3223,1552,753,799,
62105,6211,3043,3168,10869,5302,5567,12421,5993,6428,10868,5181,5687,6209,2986,3223,1553,754,799,
62110,6212,3044,3168,10869,5302,5567,12422,5994,6428,10869,5181,5688,6211,2987,3224,1553,754,799,
62115,6212,3044,3168,10870,5303,5567,12423,5995,6428,10870,5182,5688,6212,2987,3225,1553,754,799,
62120,6212,3044,3168,10871,5303,5568,12424,5995,6429,10871,5183,5688,6212,2987,3225,1553,754,799,
62125,6212,3044,3168,10872,5304,5568,12424,5995,6429,10871,5183,5688,6212,2987,3225,1553,754,799,
62130,6213,3045,3168,10873,5305,5568,12426,5997,6429,10872,5183,5689,6212,2987,3225,1553,754,799,
62135,6214,3045,3169,10873,5305,5568,12426,5997,6429,10873,5184,5689,6212,2987,3225,1553,754,799,
62140,6215,3046,3169,10875,5305,5570,12429,5999,6430,10874,5185,5689,6213,2988,3225,1553,754,799,
62145,6215,3046,3169,10876,5305,5571,12429,5999,6430,10875,5185,5690,6213,2988,3225,1554,754,800,
62150,6216,3047,3169,10876,5305,5571,12430,6000,6430,10876,5186,5690,6215,2989,3226,1554,754,800,
62155,6216,3047,3169,10877,5306,5571,12431,6001,6430,10877,5187,5690,6216,2990,3226,1554,754,800,
62160,6216,3047,3169,10878,5306,5572,12432,6002,6430,10878,5187,5691,6216,2990,3226,1554,754,800,
62165,6216,3047,3169,10879,5307,5572,12432,6002,6430,10878,5187,5691,6216,2990,3226,1554,754,800,
62170,6217,3047,3170,10880,5308,5572,12434,6002,6432,10879,5188,5691,6216,2990,3226,1554,754,800,
62175,6218,3048,3170,10880,5308,5572,12434,6002,6432,10880,5188,5692,6216,2990,3226,1554,754,800,
62180,6219,3048,3171,10882,5309,5573,12437,6002,6435,10881,5188,5693,6217,2990,3227,1554,754,800,
62185,6219,3048,3171,10883,5309,5574,12437,6002,6435,10882,5189,5693,6217,2990,3227,1555,755,800,
62190,6220,3049,3171,10883,5309,5574,12438,6002,6436,10883,5189,5694,6219,2991,3228,1555,755,800,
62195,6220,3049,3171,10884,5309,5575,12439,6003,6436,10884,5189,5695,6220,2991,3229,1555,755,800,
62200,6220,3049,3171,10885,5309,5576,12440,6003,6437,10885,5189,5696,6220,2991,3229,1555,755,800,
62205,6220,3049,3171,10886,5310,5576,12440,6003,6437,10885,5189,5696,6220,2991,3229,1555,755,800,
62210,6221,3049,3172,10887,5310,5577,12442,6003,6439,10886,5189,5697,6220,2991,3229,1555,755,800,
62215,6222,3050,3172,10887,5310,5577,12442,6003,6439,10887,5190,5697,6220,2991,3229,1555,755,800,
62220,6223,3051,3172,10889,5311,5578,12445,6004,6441,10888,5190,5698,6221,2991,3230,1555,755,800,
62225,6223,3051,3172,10890,5311,5579,12445,6004,6441,10889,5190,5699,6221,2991,3230,1556,755,801,
62230,6224,3052,3172,10890,5311,5579,12446,6004,6442,10890,5190,5700,6223,2992,3231,1556,755,801,
62235,6224,3052,3172,10891,5311,5580,12447,6004,6443,10891,5191,5700,6224,2993,3231,1556,755,801,
62240,6224,3052,3172,10892,5311,5581,12448,6005,6443,10892,5191,5701,6224,2993,3231,1556,755,801,
62245,6224,3052,3172,10893,5312,5581,12448,6005,6443,10892,5191,5701,6224,2993,3231,1556,755,801,
62250,6225,3053,3172,10894,5313,5581,12450,6007,6443,10893,5192,5701,6224,2993,3231,1556,755,801,
62255,6226,3054,3172,10894,5313,5581,12450,6007,6443,10894,5192,5702,6224,2993,3231,1556,755,801,
62260,6227,3054,3173,10896,5313,5583,12453,6009,6444,10895,5192,5703,6225,2994,3231,1556,755,801,
62265,6227,3054,3173,10897,5313,5584,12453,6009,6444,10896,5193,5703,6225,2994,3231,1557,755,802,
62270,6228,3055,3173,10897,5313,5584,12454,6010,6444,10897,5193,5704,6227,2996,3231,1557,755,802,
62275,6228,3055,3173,10898,5313,5585,12455,6010,6445,10898,5194,5704,6228,2996,3232,1557,755,802,
62280,6228,3055,3173,10899,5313,5586,12456,6010,6446,10899,5195,5704,6228,2996,3232,1557,755,802,
62285,6228,3055,3173,10900,5314,5586,12456,6010,6446,10899,5195,5704,6228,2996,3232,1557,755,802,
62290,6229,3056,3173,10901,5314,5587,12458,6012,6446,10900,5196,5704,6228,2996,3232,1557,755,802,
62295,6230,3056,3174,10901,5314,5587,12458,6012,6446,10901,5197,5704,6228,2996,3232,1557,755,802,
62300,6231,3057,3174,10903,5315,5588,12461,6013,6448,10902,5197,5705,6229,2996,3233,1557,755,802,
62305,6231,3057,3174,10904,5315,5589,12461,6013,6448,10903,5198,5705,6229,2996,3233,1558,756,802,
62310,6232,3058,3174,10904,5315,5589,12462,6013,6449,10904,5198,5706,6231,2997,3234,1558,756,802,
62315,6232,3058,3174,10905,5316,5589,12463,6013,6450,10905,5198,5707,6232,2997,3235,1558,756,802,
62320,6232,3058,3174,10906,5317,5589,12464,6013,6451,10906,5199,5707,6232,2997,3235,1558,756,802,
62325,6232,3058,3174,10907,5318,5589,12464,6013,6451,10906,5199,5707,6232,2997,3235,1558,756,802,
62330,6233,3058,3175,10908,5318,5590,12466,6014,6452,10907,5199,5708,6232,2997,3235,1558,756,802,
62335,6234,3059,3175,10908,5318,5590,12466,6014,6452,10908,5199,5709,6232,2997,3235,1558,756,802,
62340,6235,3059,3176,10910,5320,5590,12469,6016,6453,10909,5200,5709,6233,2997,3236,1558,756,802,
62345,6235,3059,3176,10911,5320,5591,12469,6016,6453,10910,5201,5709,6233,2997,3236,1559,757,802,
62350,6236,3060,3176,10911,5320,5591,12470,6017,6453,10911,5201,5710,6235,2997,3238,1559,757,802,
62355,6236,3060,3176,10912,5320,5592,12471,6017,6454,10912,5201,5711,6236,2998,3238,1559,757,802,
62360,6236,3060,3176,10913,5321,5592,12472,6017,6455,10913,5202,5711,6236,2998,3238,1559,757,802,
62365,6236,3060,3176,10914,5322,5592,12472,6017,6455,10913,5202,5711,6236,2998,3238,1559,757,802,
62370,6237,3060,3177,10915,5322,5593,12474,6018,6456,10914,5202,5712,6236,2998,3238,1559,757,802,
62375,6238,3060,3178,10915,5322,5593,12474,6018,6456,10915,5203,5712,6236,2998,3238,1559,757,802,
62380,6239,3061,3178,10917,5324,5593,12477,6020,6457,10916,5203,5713,6237,2999,3238,1559,757,802,
62385,6239,3061,3178,10918,5324,5594,12477,6020,6457,10917,5204,5713,6237,2999,3238,1560,757,803,
62390,6240,3062,3178,10918,5324,5594,12478,6020,6458,10918,5205,5713,6239,3001,3238,1560,757,803,
62395,6240,3062,3178,10919,5324,5595,12479,6021,6458,10919,5206,5713,6240,3001,3239,1560,757,803,
62400,6240,3062,3178,10920,5325,5595,12480,6021,6459,10920,5206,5714,6240,3001,3239,1560,757,803,
62405,6240,3062,3178,10921,5326,5595,12480,6021,6459,10920,5206,5714,6240,3001,3239,1560,757,803,
62410,6241,3062,3179,10922,5327,5595,12482,6021,6461,10921,5206,5715,6240,3001,3239,1560,757,803,
62415,6242,3062,3180,10922,5327,5595,12482,6021,6461,10922,5206,5716,6240,3001,3239,1560,757,803,
62420,6243,3062,3181,10924,5327,5597,12485,6023,6462,10923,5206,5717,6241,3001,3240,1560,757,803,
62425,6243,3062,3181,10925,5327,5598,12485,6023,6462,10924,5207,5717,6241,3001,3240,1561,757,804,
62430,6244,3063,3181,10925,5327,5598,12486,6023,6463,10925,5208,5717,6243,3002,3241,1561,757,804,
62435,6244,3063,3181,10926,5327,5599,12487,6024,6463,10926,5208,5718,6244,3002,3242,1561,757,804,
62440,6244,3063,3181,10927,5327,5600,12488,6025,6463,10927,5208,5719,6244,3002,3242,1561,757,804,
62445,6244,3063,3181,10928,5327,5601,12488,6025,6463,10927,5208,5719,6244,3002,3242,1561,757,804,
62450,6245,3063,3182,10929,5328,5601,12490,6026,6464,10928,5209,5719,6244,3002,3242,1561,757,804,
62455,6246,3063,3183,10929,5328,5601,12490,6026,6464,10929,5209,5720,6244,3002,3242,1561,757,804,
62460,6247,3063,3184,10931,5330,5601,12493,6027,6466,10930,5209,5721,6245,3003,3242,1561,757,804,
62465,6247,3063,3184,10932,5330,5602,12493,6027,6466,10931,5209,5722,6245,3003,3242,1562,757,805,
62470,6248,3063,3185,10932,5330,5602,12494,6027,6467,10932,5209,5723,6247,3004,3243,1562,757,805,
62475,6248,3063,3185,10933,5331,5602,12495,6028,6467,10933,5210,5723,6248,3005,3243,1562,757,805,
62480,6248,3063,3185,10934,5332,5602,12496,6029,6467,10934,5210,5724,6248,3005,3243,1562,757,805,
62485,6248,3063,3185,10935,5333,5602,12496,6029,6467,10934,5210,5724,6248,3005,3243,1562,757,805,
62490,6249,3063,3186,10936,5333,5603,12498,6030,6468,10935,5211,5724,6248,3005,3243,1562,757,805,
62495,6250,3063,3187,10936,5333,5603,12498,6030,6468,10936,5211,5725,6248,3005,3243,1562,757,805,
62500,6251,3064,3187,10938,5335,5603,12501,6031,6470,10937,5211,5726,6249,3006,3243,1562,757,805,
62505,6251,3064,3187,10939,5336,5603,12501,6031,6470,10938,5211,5727,6249,3006,3243,1563,757,806,
62510,6252,3065,3187,10939,5336,5603,12502,6032,6470,10939,5212,5727,6251,3006,3245,1563,757,806,
62515,6252,3065,3187,10940,5337,5603,12503,6033,6470,10940,5213,5727,6252,3006,3246,1563,757,806,
62520,6252,3065,3187,10941,5337,5604,12504,6033,6471,10941,5213,5728,6252,3006,3246,1563,757,806,
62525,6252,3065,3187,10942,5338,5604,12504,6033,6471,10941,5213,5728,6252,3006,3246,1563,757,806,
62530,6253,3066,3187,10943,5338,5605,12506,6034,6472,10942,5214,5728,6252,3006,3246,1563,757,806,
62535,6254,3067,3187,10943,5338,5605,12506,6034,6472,10943,5214,5729,6252,3006,3246,1563,757,806,
62540,6255,3068,3187,10945,5339,5606,12509,6035,6474,10944,5215,5729,6253,3006,3247,1563,757,806,
62545,6255,3068,3187,10946,5340,5606,12509,6035,6474,10945,5215,5730,6253,3006,3247,1564,758,806,
62550,6256,3069,3187,10946,5340,5606,12510,6036,6474,10946,5215,5731,6255,3006,3249,1564,758,806,
62555,6256,3069,3187,10947,5340,5607,12511,6037,6474,10947,5215,5732,6256,3007,3249,1564,758,806,
62560,6256,3069,3187,10948,5341,5607,12512,6037,6475,10948,5216,5732,6256,3007,3249,1564,758,806,
62565,6256,3069,3187,10949,5341,5608,12512,6037,6475,10948,5216,5732,6256,3007,3249,1564,758,806,
62570,6257,3070,3187,10950,5342,5608,12514,6037,6477,10949,5217,5732,6256,3007,3249,1564,758,806,
62575,6258,3071,3187,10950,5342,5608,12514,6037,6477,10950,5217,5733,6256,3007,3249,1564,758,806,
62580,6259,3071,3188,10952,5343,5609,12517,6038,6479,10951,5218,5733,6257,3008,3249,1564,758,806,
62585,6259,3071,3188,10953,5344,5609,12517,6038,6479,10952,5218,5734,6257,3008,3249,1565,758,807,
62590,6260,3071,3189,10953,5344,5609,12518,6038,6480,10953,5219,5734,6259,3009,3250,1565,758,807,
62595,6260,3071,3189,10954,5345,5609,12519,6039,6480,10954,5220,5734,6260,3009,3251,1565,758,807,
62600,6260,3071,3189,10955,5345,5610,12520,6039,6481,10955,5221,5734,6260,3009,3251,1565,758,807,
62605,6260,3071,3189,10956,5345,5611,12520,6039,6481,10955,5221,5734,6260,3009,3251,1565,758,807,
62610,6261,3072,3189,10957,5346,5611,12522,6039,6483,10956,5222,5734,6260,3009,3251,1565,758,807,
62615,6262,3073,3189,10957,5346,5611,12522,6039,6483,10957,5222,5735,6260,3009,3251,1565,758,807,
62620,6263,3074,3189,10959,5347,5612,12525,6039,6486,10958,5223,5735,6261,3010,3251,1565,758,807,
62625,6263,3074,3189,10960,5348,5612,12525,6039,6486,10959,5223,5736,6261,3010,3251,1566,759,807,
62630,6264,3074,3190,10960,5348,5612,12526,6040,6486,10960,5223,5737,6263,3012,3251,1566,759,807,
62635,6264,3074,3190,10961,5349,5612,12527,6040,6487,10961,5223,5738,6264,3013,3251,1566,759,807,
62640,6264,3074,3190,10962,5350,5612,12528,6040,6488,10962,5224,5738,6264,3013,3251,1566,759,807,
62645,6264,3074,3190,10963,5350,5613,12528,6040,6488,10962,5224,5738,6264,3013,3251,1566,759,807,
62650,6265,3075,3190,10964,5351,5613,12530,6040,6490,10963,5224,5739,6264,3013,3251,1566,759,807,
62655,6266,3076,3190,10964,5351,5613,12530,6040,6490,10964,5225,5739,6264,3013,3251,1566,759,807,
62660,6267,3076,3191,10966,5353,5613,12533,6040,6493,10965,5226,5739,6265,3013,3252,1566,759,807,
62665,6267,3076,3191,10967,5354,5613,12533,6040,6493,10966,5227,5739,6265,3013,3252,1567,760,807,
62670,6268,3077,3191,10967,5354,5613,12534,6040,6494,10967,5227,5740,6267,3013,3254,1567,760,807,
62675,6268,3077,3191,10968,5354,5614,12535,6040,6495,10968,5227,5741,6268,3013,3255,1567,760,807,
62680,6268,3077,3191,10969,5354,5615,12536,6041,6495,10969,5227,5742,6268,3013,3255,1567,760,807,
62685,6268,3077,3191,10970,5355,5615,12536,6041,6495,10969,5227,5742,6268,3013,3255,1567,760,807,
62690,6269,3077,3192,10971,5355,5616,12538,6041,6497,10970,5227,5743,6268,3013,3255,1567,760,807,
62695,6270,3077,3193,10971,5355,5616,12538,6041,6497,10971,5228,5743,6268,3013,3255,1567,760,807,
62700,6271,3078,3193,10973,5357,5616,12541,6041,6500,10972,5228,5744,6269,3013,3256,1567,760,807,
62705,6271,3078,3193,10974,5357,5617,12541,6041,6500,10973,5229,5744,6269,3013,3256,1568,761,807,
62710,6272,3078,3194,10974,5357,5617,12542,6042,6500,10974,5230,5744,6271,3014,3257,1568,761,807,
62715,6272,3078,3194,10975,5357,5618,12543,6042,6501,10975,5230,5745,6272,3014,3258,1568,761,807,
62720,6272,3078,3194,10976,5357,5619,12544,6042,6502,10976,5231,5745,6272,3014,3258,1568,761,807,
62725,6272,3078,3194,10977,5357,5620,12544,6042,6502,10976,5231,5745,6272,3014,3258,1568,761,807,
62730,6273,3079,3194,10978,5358,5620,12546,6043,6503,10977,5232,5745,6272,3014,3258,1568,761,807,
62735,6274,3080,3194,10978,5358,5620,12546,6043,6503,10978,5233,5745,6272,3014,3258,1568,761,807,
62740,6275,3081,3194,10980,5359,5621,12549,6044,6505,10979,5234,5745,6273,3014,3259,1568,761,807,
62745,6275,3081,3194,10981,5359,5622,12549,6044,6505,10980,5234,5746,6273,3014,3259,1569,762,807,
62750,6276,3081,3195,10981,5359,5622,12550,6044,6506,10981,5235,5746,6275,3015,3260,1569,762,807,
62755,6276,3081,3195,10982,5360,5622,12551,6045,6506,10982,5236,5746,6276,3016,3260,1569,762,807,
62760,6276,3081,3195,10983,5360,5623,12552,6046,6506,10983,5236,5747,6276,3016,3260,1569,762,807,
62765,6276,3081,3195,10984,5360,5624,12552,6046,6506,10983,5236,5747,6276,3016,3260,1569,762,807,
62770,6277,3081,3196,10985,5361,5624,12554,6048,6506,10984,5237,5747,6276,3016,3260,1569,762,807,
62775,6278,3081,3197,10985,5361,5624,12554,6048,6506,10985,5237,5748,6276,3016,3260,1569,762,807,
62780,6279,3081,3198,10987,5363,5624,12557,6050,6507,10986,5237,5749,6277,3016,3261,1569,762,807,
62785,6279,3081,3198,10988,5363,5625,12557,6050,6507,10987,5238,5749,6277,3016,3261,1570,763,807,
62790,6280,3081,3199,10988,5363,5625,12558,6051,6507,10988,5238,5750,6279,3017,3262,1570,763,807,
62795,6280,3081,3199,10989,5363,5626,12559,6051,6508,10989,5238,5751,6280,3018,3262,1570,763,807,
62800,6280,3081,3199,10990,5364,5626,12560,6051,6509,10990,5239,5751,6280,3018,3262,1570,763,807,
62805,6280,3081,3199,10991,5364,5627,12560,6051,6509,10990,5239,5751,6280,3018,3262,1570,763,807,
62810,6281,3082,3199,10992,5365,5627,12562,6052,6510,10991,5240,5751,6280,3018,3262,1570,763,807,
62815,6282,3083,3199,10992,5365,5627,12562,6052,6510,10992,5241,5751,6280,3018,3262,1570,763,807,
62820,6283,3084,3199,10994,5366,5628,12565,6054,6511,10993,5242,5751,6281,3018,3263,1570,763,807,
62825,6283,3084,3199,10995,5366,5629,12565,6054,6511,10994,5242,5752,6281,3018,3263,1571,763,808,
62830,6284,3084,3200,10995,5366,5629,12566,6054,6512,10995,5243,5752,6283,3020,3263,1571,763,808,
62835,6284,3084,3200,10996,5366,5630,12567,6055,6512,10996,5243,5753,6284,3020,3264,1571,763,808,
62840,6284,3084,3200,10997,5367,5630,12568,6056,6512,10997,5244,5753,6284,3020,3264,1571,763,808,
62845,6284,3084,3200,10998,5367,5631,12568,6056,6512,10997,5244,5753,6284,3020,3264,1571,763,808,
62850,6285,3085,3200,10999,5367,5632,12570,6056,6514,10998,5245,5753,6284,3020,3264,1571,763,808,
62855,6286,3086,3200,10999,5367,5632,12570,6056,6514,10999,5245,5754,6284,3020,3264,1571,763,808,
62860,6287,3087,3200,11001,5368,5633,12573,6057,6516,11000,5245,5755,6285,3021,3264,1571,763,808,
62865,6287,3087,3200,11002,5369,5633,12573,6057,6516,11001,5245,5756,6285,3021,3264,1572,763,809,
62870,6288,3088,3200,11002,5369,5633,12574,6058,6516,11002,5246,5756,6287,3021,3266,1572,763,809,
62875,6288,3088,3200,11003,5370,5633,12575,6058,6517,11003,5247,5756,6288,3021,3267,1572,763,809,
62880,6288,3088,3200,11004,5371,5633,12576,6059,6517,11004,5248,5756,6288,3021,3267,1572,763,809,
62885,6288,3088,3200,11005,5372,5633,12576,6059,6517,11004,5248,5756,6288,3021,3267,1572,763,809,
62890,6289,3088,3201,11006,5373,5633,12578,6060,6518,11005,5249,5756,6288,3021,3267,1572,763,809,
62895,6290,3089,3201,11006,5373,5633,12578,6060,6518,11006,5249,5757,6288,3021,3267,1572,763,809,
62900,6291,3090,3201,11008,5375,5633,12581,6061,6520,11007,5250,5757,6289,3021,3268,1572,763,809,
62905,6291,3090,3201,11009,5375,5634,12581,6061,6520,11008,5251,5757,6289,3021,3268,1573,763,810,
62910,6292,3091,3201,11009,5375,5634,12582,6061,6521,11009,5251,5758,6291,3022,3269,1573,763,810,
62915,6292,3091,3201,11010,5376,5634,12583,6061,6522,11010,5251,5759,6292,3022,3270,1573,763,810,
62920,6292,3091,3201,11011,5377,5634,12584,6062,6522,11011,5251,5760,6292,3022,3270,1573,763,810,
62925,6292,3091,3201,11012,5377,5635,12584,6062,6522,11011,5251,5760,6292,3022,3270,1573,763,810,
62930,6293,3092,3201,11013,5378,5635,12586,6063,6523,11012,5252,5760,6292,3022,3270,1573,763,810,
62935,6294,3092,3202,11013,5378,5635,12586,6063,6523,11013,5252,5761,6292,3022,3270,1573,763,810,
62940,6295,3093,3202,11015,5379,5636,12589,6064,6525,11014,5252,5762,6293,3023,3270,1573,763,810,
62945,6295,3093,3202,11016,5380,5636,12589,6064,6525,11015,5252,5763,6293,3023,3270,1574,764,810,
62950,6296,3093,3203,11016,5380,5636,12590,6064,6526,11016,5252,5764,6295,3024,3271,1574,764,810,
62955,6296,3093,3203,11017,5381,5636,12591,6064,6527,11017,5253,5764,6296,3024,3272,1574,764,810,
62960,6296,3093,3203,11018,5381,5637,12592,6064,6528,11018,5253,5765,6296,3024,3272,1574,764,810,
62965,6296,3093,3203,11019,5382,5637,12592,6064,6528,11018,5253,5765,6296,3024,3272,1574,764,810,
62970,6297,3093,3204,11020,5382,5638,12594,6064,6530,11019,5253,5766,6296,3024,3272,1574,764,810,
62975,6298,3093,3205,11020,5382,5638,12594,6064,6530,11020,5254,5766,6296,3024,3272,1574,764,810,
62980,6299,3094,3205,11022,5382,5640,12597,6066,6531,11021,5254,5767,6297,3024,3273,1574,764,810,
62985,6299,3094,3205,11023,5383,5640,12597,6066,6531,11022,5255,5767,6297,3024,3273,1575,764,811,
62990,6300,3094,3206,11023,5383,5640,12598,6066,6532,11023,5256,5767,6299,3026,3273,1575,764,811,
62995,6300,3094,3206,11024,5383,5641,12599,6067,6532,11024,5257,5767,6300,3026,3274,1575,764,811,
63000,6300,3094,3206,11025,5384,5641,12600,6068,6532,11025,5258,5767,6300,3026,3274,1575,764,811,
63005,6300,3094,3206,11026,5384,5642,12600,6068,6532,11025,5258,5767,6300,3026,3274,1575,764,811,
63010,6301,3094,3207,11027,5385,5642,12602,6070,6532,11026,5259,5767,6300,3026,3274,1575,764,811,
63015,6302,3094,3208,11027,5385,5642,12602,6070,6532,11027,5260,5767,6300,3026,3274,1575,764,811,
63020,6303,3094,3209,11029,5385,5644,12605,6072,6533,11028,5260,5768,6301,3027,3274,1575,764,811,
63025,6303,3094,3209,11030,5385,5645,12605,6072,6533,11029,5261,5768,6301,3027,3274,1576,765,811,
63030,6304,3094,3210,11030,5385,5645,12606,6072,6534,11030,5261,5769,6303,3028,3275,1576,765,811,
63035,6304,3094,3210,11031,5385,5646,12607,6073,6534,11031,5261,5770,6304,3029,3275,1576,765,811,
63040,6304,3094,3210,11032,5385,5647,12608,6073,6535,11032,5261,5771,6304,3029,3275,1576,765,811,
63045,6304,3094,3210,11033,5385,5648,12608,6073,6535,11032,5261,5771,6304,3029,3275,1576,765,811,
63050,6305,3094,3211,11034,5385,5649,12610,6073,6537,11033,5262,5771,6304,3029,3275,1576,765,811,
63055,6306,3094,3212,11034,5385,5649,12610,6073,6537,11034,5262,5772,6304,3029,3275,1576,765,811,
63060,6307,3094,3213,11036,5385,5651,12613,6074,6539,11035,5262,5773,6305,3030,3275,1576,765,811,
63065,6307,3094,3213,11037,5385,5652,12613,6074,6539,11036,5263,5773,6305,3030,3275,1577,765,812,
63070,6308,3094,3214,11037,5385,5652,12614,6075,6539,11037,5264,5773,6307,3030,3277,1577,765,812,
63075,6308,3094,3214,11038,5386,5652,12615,6075,6540,11038,5265,5773,6308,3031,3277,1577,765,812,
63080,6308,3094,3214,11039,5387,5652,12616,6075,6541,11039,5265,5774,6308,3031,3277,1577,765,812,
63085,6308,3094,3214,11040,5387,5653,12616,6075,6541,11039,5265,5774,6308,3031,3277,1577,765,812,
63090,6309,3094,3215,11041,5387,5654,12618,6076,6542,11040,5266,5774,6308,3031,3277,1577,765,812,
63095,6310,3094,3216,11041,5387,5654,12618,6076,6542,11041,5266,5775,6308,3031,3277,1577,765,812,
63100,6311,3095,3216,11043,5388,5655,12621,6077,6544,11042,5266,5776,6309,3032,3277,1577,765,812,
63105,6311,3095,3216,11044,5388,5656,12621,6077,6544,11043,5266,5777,6309,3032,3277,1578,765,813,
63110,6312,3095,3217,11044,5388,5656,12622,6077,6545,11044,5266,5778,6311,3033,3278,1578,765,813,
63115,6312,3095,3217,11045,5389,5656,12623,6078,6545,11045,5266,5779,6312,3034,3278,1578,765,813,
63120,6312,3095,3217,11046,5389,5657,12624,6078,6546,11046,5267,5779,6312,3034,3278,1578,765,813,
63125,6312,3095,3217,11047,5389,5658,12624,6078,6546,11046,5267,5779,6312,3034,3278,1578,765,813,
63130,6313,3095,3218,11048,5390,5658,12626,6079,6547,11047,5267,5780,6312,3034,3278,1578,765,813,
63135,6314,3096,3218,11048,5390,5658,12626,6079,6547,11048,5267,5781,6312,3034,3278,1578,765,813,
63140,6315,3097,3218,11050,5392,5658,12629,6081,6548,11049,5268,5781,6313,3035,3278,1578,765,813,
63145,6315,3097,3218,11051,5392,5659,12629,6081,6548,11050,5269,5781,6313,3035,3278,1579,766,813,
63150,6316,3097,3219,11051,5392,5659,12630,6081,6549,11051,5269,5782,6315,3036,3279,1579,766,813,
63155,6316,3097,3219,11052,5392,5660,12631,6081,6550,11052,5270,5782,6316,3036,3280,1579,766,813,
63160,6316,3097,3219,11053,5392,5661,12632,6081,6551,11053,5270,5783,6316,3036,3280,1579,766,813,
63165,6316,3097,3219,11054,5393,5661,12632,6081,6551,11053,5270,5783,6316,3036,3280,1579,766,813,
63170,6317,3098,3219,11055,5394,5661,12634,6082,6552,11054,5271,5783,6316,3036,3280,1579,766,813,
63175,6318,3099,3219,11055,5394,5661,12634,6082,6552,11055,5272,5783,6316,3036,3280,1579,766,813,
63180,6319,3099,3220,11057,5395,5662,12637,6083,6554,11056,5272,5784,6317,3036,3281,1579,766,813,
63185,6319,3099,3220,11058,5396,5662,12637,6083,6554,11057,5273,5784,6317,3036,3281,1580,766,814,
63190,6320,3100,3220,11058,5396,5662,12638,6083,6555,11058,5273,5785,6319,3036,3283,1580,766,814,
63195,6320,3100,3220,11059,5396,5663,12639,6083,6556,11059,5274,5785,6320,3037,3283,1580,766,814,
63200,6320,3100,3220,11060,5396,5664,12640,6083,6557,11060,5274,5786,6320,3037,3283,1580,766,814,
63205,6320,3100,3220,11061,5396,5665,12640,6083,6557,11060,5274,5786,6320,3037,3283,1580,766,814,
63210,6321,3100,3221,11062,5396,5666,12642,6084,6558,11061,5274,5787,6320,3037,3283,1580,766,814,
63215,6322,3100,3222,11062,5396,5666,12642,6084,6558,11062,5274,5788,6320,3037,3283,1580,766,814,
63220,6323,3100,3223,11064,5397,5667,12645,6086,6559,11063,5275,5788,6321,3037,3284,1580,766,814,
63225,6323,3100,3223,11065,5397,5668,12645,6086,6559,11064,5276,5788,6321,3037,3284,1581,766,815,
63230,6324,3101,3223,11065,5397,5668,12646,6087,6559,11065,5276,5789,6323,3038,3285,1581,766,815,
63235,6324,3101,3223,11066,5398,5668,12647,6088,6559,11066,5277,5789,6324,3039,3285,1581,766,815,
63240,6324,3101,3223,11067,5399,5668,12648,6089,6559,11067,5278,5789,6324,3039,3285,1581,766,815,
63245,6324,3101,3223,11068,5400,5668,12648,6089,6559,11067,5278,5789,6324,3039,3285,1581,766,815,
63250,6325,3102,3223,11069,5401,5668,12650,6090,6560,11068,5279,5789,6324,3039,3285,1581,766,815,
63255,6326,3103,3223,11069,5401,5668,12650,6090,6560,11069,5280,5789,6324,3039,3285,1581,766,815,
63260,6327,3103,3224,11071,5401,5670,12653,6092,6561,11070,5280,5790,6325,3039,3286,1581,766,815,
63265,6327,3103,3224,11072,5401,5671,12653,6092,6561,11071,5281,5790,6325,3039,3286,1582,767,815,
63270,6328,3103,3225,11072,5401,5671,12654,6092,6562,11072,5282,5790,6327,3040,3287,1582,767,815,
63275,6328,3103,3225,11073,5401,5672,12655,6092,6563,11073,5282,5791,6328,3041,3287,1582,767,815,
63280,6328,3103,3225,11074,5402,5672,12656,6092,6564,11074,5283,5791,6328,3041,3287,1582,767,815,
63285,6328,3103,3225,11075,5402,5673,12656,6092,6564,11074,5283,5791,6328,3041,3287,1582,767,815,
63290,6329,3104,3225,11076,5403,5673,12658,6094,6564,11075,5284,5791,6328,3041,3287,1582,767,815,
63295,6330,3104,3226,11076,5403,5673,12658,6094,6564,11076,5285,5791,6328,3041,3287,1582,767,815,
63300,6331,3104,3227,11078,5404,5674,12661,6097,6564,11077,5286,5791,6329,3042,3287,1582,767,815,
63305,6331,3104,3227,11079,5404,5675,12661,6097,6564,11078,5287,5791,6329,3042,3287,1583,768,815,
63310,6332,3104,3228,11079,5404,5675,12662,6097,6565,11079,5288,5791,6331,3043,3288,1583,768,815,
63315,6332,3104,3228,11080,5404,5676,12663,6097,6566,11080,5289,5791,6332,3043,3289,1583,768,815,
63320,6332,3104,3228,11081,5404,5677,12664,6098,6566,11081,5289,5792,6332,3043,3289,1583,768,815,
63325,6332,3104,3228,11082,5404,5678,12664,6098,6566,11081,5289,5792,6332,3043,3289,1583,768,815,
63330,6333,3104,3229,11083,5405,5678,12666,6100,6566,11082,5289,5793,6332,3043,3289,1583,768,815,
63335,6334,3105,3229,11083,5405,5678,12666,6100,6566,11083,5289,5794,6332,3043,3289,1583,768,815,
63340,6335,3105,3230,11085,5407,5678,12669,6102,6567,11084,5290,5794,6333,3043,3290,1583,768,815,
63345,6335,3105,3230,11086,5407,5679,12669,6102,6567,11085,5291,5794,6333,3043,3290,1584,768,816,
63350,6336,3105,3231,11086,5407,5679,12670,6103,6567,11086,5292,5794,6335,3045,3290,1584,768,816,
63355,6336,3105,3231,11087,5407,5680,12671,6104,6567,11087,5293,5794,6336,3046,3290,1584,768,816,
63360,6336,3105,3231,11088,5408,5680,12672,6104,6568,11088,5294,5794,6336,3046,3290,1584,768,816,
63365,6336,3105,3231,11089,5408,5681,12672,6104,6568,11088,5294,5794,6336,3046,3290,1584,768,816,
63370,6337,3106,3231,11090,5408,5682,12674,6104,6570,11089,5295,5794,6336,3046,3290,1584,768,816,
63375,6338,3107,3231,11090,5408,5682,12674,6104,6570,11090,5296,5794,6336,3046,3290,1584,768,816,
63380,6339,3108,3231,11092,5409,5683,12677,6106,6571,11091,5296,5795,6337,3046,3291,1584,768,816,
63385,6339,3108,3231,11093,5409,5684,12677,6106,6571,11092,5297,5795,6337,3046,3291,1585,768,817,
63390,6340,3108,3232,11093,5409,5684,12678,6107,6571,11093,5298,5795,6339,3047,3292,1585,768,817,
63395,6340,3108,3232,11094,5409,5685,12679,6107,6572,11094,5299,5795,6340,3048,3292,1585,768,817,
63400,6340,3108,3232,11095,5409,5686,12680,6107,6573,11095,5300,5795,6340,3048,3292,1585,768,817,
63405,6340,3108,3232,11096,5410,5686,12680,6107,6573,11095,5300,5795,6340,3048,3292,1585,768,817,
63410,6341,3108,3233,11097,5410,5687,12682,6108,6574,11096,5301,5795,6340,3048,3292,1585,768,817,
63415,6342,3108,3234,11097,5410,5687,12682,6108,6574,11097,5301,5796,6340,3048,3292,1585,768,817,
63420,6343,3108,3235,11099,5412,5687,12685,6109,6576,11098,5302,5796,6341,3049,3292,1585,768,817,
63425,6343,3108,3235,11100,5413,5687,12685,6109,6576,11099,5302,5797,6341,3049,3292,1586,768,818,
63430,6344,3109,3235,11100,5413,5687,12686,6109,6577,11100,5303,5797,6343,3051,3292,1586,768,818,
63435,6344,3109,3235,11101,5414,5687,12687,6110,6577,11101,5304,5797,6344,3052,3292,1586,768,818,
63440,6344,3109,3235,11102,5415,5687,12688,6111,6577,11102,5305,5797,6344,3052,3292,1586,768,818,
63445,6344,3109,3235,11103,5416,5687,12688,6111,6577,11102,5305,5797,6344,3052,3292,1586,768,818,
63450,6345,3109,3236,11104,5416,5688,12690,6112,6578,11103,5305,5798,6344,3052,3292,1586,768,818,
63455,6346,3109,3237,11104,5416,5688,12690,6112,6578,11104,5305,5799,6344,3052,3292,1586,768,818,
63460,6347,3110,3237,11106,5416,5690,12693,6113,6580,11105,5305,5800,6345,3052,3293,1586,768,818,
63465,6347,3110,3237,11107,5417,5690,12693,6113,6580,11106,5305,5801,6345,3052,3293,1587,769,818,
63470,6348,3110,3238,11107,5417,5690,12694,6114,6580,11107,5306,5801,6347,3053,3294,1587,769,818,
63475,6348,3110,3238,11108,5417,5691,12695,6114,6581,11108,5307,5801,6348,3053,3295,1587,769,818,
63480,6348,3110,3238,11109,5417,5692,12696,6114,6582,11109,5307,5802,6348,3053,3295,1587,769,818,
63485,6348,3110,3238,11110,5417,5693,12696,6114,6582,11109,5307,5802,6348,3053,3295,1587,769,818,
63490,6349,3110,3239,11111,5418,5693,12698,6115,6583,11110,5307,5803,6348,3053,3295,1587,769,818,
63495,6350,3111,3239,11111,5418,5693,12698,6115,6583,11111,5308,5803,6348,3053,3295,1587,769,818,
63500,6351,3112,3239,11113,5418,5695,12701,6115,6586,11112,5308,5804,6349,3054,3295,1587,769,818,
63505,6351,3112,3239,11114,5418,5696,12701,6115,6586,11113,5308,5805,6349,3054,3295,1588,770,818,
63510,6352,3113,3239,11114,5418,5696,12702,6115,6587,11114,5309,5805,6351,3056,3295,1588,770,818,
63515,6352,3113,3239,11115,5419,5696,12703,6116,6587,11115,5310,5805,6352,3056,3296,1588,770,818,
63520,6352,3113,3239,11116,5419,5697,12704,6117,6587,11116,5311,5805,6352,3056,3296,1588,770,818,
63525,6352,3113,3239,11117,5419,5698,12704,6117,6587,11116,5311,5805,6352,3056,3296,1588,770,818,
63530,6353,3114,3239,11118,5420,5698,12706,6118,6588,11117,5312,5805,6352,3056,3296,1588,770,818,
63535,6354,3115,3239,11118,5420,5698,12706,6118,6588,11118,5313,5805,6352,3056,3296,1588,770,818,
63540,6355,3116,3239,11120,5421,5699,12709,6119,6590,11119,5313,5806,6353,3057,3296,1588,770,818,
63545,6355,3116,3239,11121,5421,5700,12709,6119,6590,11120,5313,5807,6353,3057,3296,1589,770,819,
63550,6356,3116,3240,11121,5421,5700,12710,6119,6591,11121,5313,5808,6355,3058,3297,1589,770,819,
63555,6356,3116,3240,11122,5421,5701,12711,6120,6591,11122,5313,5809,6356,3059,3297,1589,770,819,
63560,6356,3116,3240,11123,5422,5701,12712,6121,6591,11123,5314,5809,6356,3059,3297,1589,770,819,
63565,6356,3116,3240,11124,5423,5701,12712,6121,6591,11123,5314,5809,6356,3059,3297,1589,770,819,
63570,6357,3117,3240,11125,5424,5701,12714,6122,6592,11124,5314,5810,6356,3059,3297,1589,770,819,
63575,6358,3117,3241,11125,5424,5701,12714,6122,6592,11125,5314,5811,6356,3059,3297,1589,770,819,
63580,6359,3118,3241,11127,5426,5701,12717,6123,6594,11126,5315,5811,6357,3059,3298,1589,770,819,
63585,6359,3118,3241,11128,5426,5702,12717,6123,6594,11127,5316,5811,6357,3059,3298,1590,770,820,
63590,6360,3118,3242,11128,5426,5702,12718,6123,6595,11128,5317,5811,6359,3061,3298,1590,770,820,
63595,6360,3118,3242,11129,5426,5703,12719,6123,6596,11129,5317,5812,6360,3062,3298,1590,770,820,
63600,6360,3118,3242,11130,5426,5704,12720,6123,6597,11130,5318,5812,6360,3062,3298,1590,770,820,
63605,6360,3118,3242,11131,5426,5705,12720,6123,6597,11130,5318,5812,6360,3062,3298,1590,770,820,
63610,6361,3119,3242,11132,5426,5706,12722,6124,6598,11131,5319,5812,6360,3062,3298,1590,770,820,
63615,6362,3119,3243,11132,5426,5706,12722,6124,6598,11132,5319,5813,6360,3062,3298,1590,770,820,
63620,6363,3120,3243,11134,5426,5708,12725,6125,6600,11133,5320,5813,6361,3062,3299,1590,770,820,
63625,6363,3120,3243,11135,5427,5708,12725,6125,6600,11134,5320,5814,6361,3062,3299,1591,771,820,
63630,6364,3120,3244,11135,5427,5708,12726,6125,6601,11135,5321,5814,6363,3063,3300,1591,771,820,
63635,6364,3120,3244,11136,5427,5709,12727,6125,6602,11136,5321,5815,6364,3064,3300,1591,771,820,
63640,6364,3120,3244,11137,5427,5710,12728,6126,6602,11137,5322,5815,6364,3064,3300,1591,771,820,
63645,6364,3120,3244,11138,5428,5710,12728,6126,6602,11137,5322,5815,6364,3064,3300,1591,771,820,
63650,6365,3120,3245,11139,5428,5711,12730,6127,6603,11138,5323,5815,6364,3064,3300,1591,771,820,
63655,6366,3120,3246,11139,5428,5711,12730,6127,6603,11139,5323,5816,6364,3064,3300,1591,771,820,
63660,6367,3120,3247,11141,5429,5712,12733,6127,6606,11140,5324,5816,6365,3064,3301,1591,771,820,
63665,6367,3120,3247,11142,5429,5713,12733,6127,6606,11141,5325,5816,6365,3064,3301,1592,772,820,
63670,6368,3120,3248,11142,5429,5713,12734,6128,6606,11142,5325,5817,6367,3065,3302,1592,772,820,
63675,6368,3120,3248,11143,5429,5714,12735,6128,6607,11143,5325,5818,6368,3066,3302,1592,772,820,
63680,6368,3120,3248,11144,5430,5714,12736,6128,6608,11144,5326,5818,6368,3066,3302,1592,772,820,
63685,6368,3120,3248,11145,5430,5715,12736,6128,6608,11144,5326,5818,6368,3066,3302,1592,772,820,
63690,6369,3121,3248,11146,5430,5716,12738,6129,6609,11145,5327,5818,6368,3066,3302,1592,772,820,
63695,6370,3122,3248,11146,5430,5716,12738,6129,6609,11146,5328,5818,6368,3066,3302,1592,772,820,
63700,6371,3123,3248,11148,5430,5718,12741,6129,6612,11147,5329,5818,6369,3067,3302,1592,772,820,
63705,6371,3123,3248,11149,5430,5719,12741,6129,6612,11148,5330,5818,6369,3067,3302,1593,773,820,
63710,6372,3123,3249,11149,5430,5719,12742,6130,6612,11149,5331,5818,6371,3068,3303,1593,773,820,
63715,6372,3123,3249,11150,5431,5719,12743,6131,6612,11150,5332,5818,6372,3068,3304,1593,773,820,
63720,6372,3123,3249,11151,5432,5719,12744,6132,6612,11151,5332,5819,6372,3068,3304,1593,773,820,
63725,6372,3123,3249,11152,5432,5720,12744,6132,6612,11151,5332,5819,6372,3068,3304,1593,773,820,
63730,6373,3124,3249,11153,5433,5720,12746,6134,6612,11152,5332,5820,6372,3068,3304,1593,773,820,
63735,6374,3124,3250,11153,5433,5720,12746,6134,6612,11153,5332,5821,6372,3068,3304,1593,773,820,
63740,6375,3125,3250,11155,5434,5721,12749,6135,6614,11154,5333,5821,6373,3069,3304,1593,773,820,
63745,6375,3125,3250,11156,5434,5722,12749,6135,6614,11155,5333,5822,6373,3069,3304,1594,773,821,
63750,6376,3126,3250,11156,5434,5722,12750,6136,6614,11156,5333,5823,6375,3071,3304,1594,773,821,
63755,6376,3126,3250,11157,5435,5722,12751,6137,6614,11157,5333,5824,6376,3072,3304,1594,773,821,
63760,6376,3126,3250,11158,5435,5723,12752,6137,6615,11158,5333,5825,6376,3072,3304,1594,773,821,
63765,6376,3126,3250,11159,5436,5723,12752,6137,6615,11158,5333,5825,6376,3072,3304,1594,773,821,
63770,6377,3127,3250,11160,5436,5724,12754,6139,6615,11159,5334,5825,6376,3072,3304,1594,773,821,
63775,6378,3128,3250,11160,5436,5724,12754,6139,6615,11160,5335,5825,6376,3072,3304,1594,773,821,
63780,6379,3128,3251,11162,5436,5726,12757,6139,6618,11161,5335,5826,6377,3073,3304,1594,773,821,
63785,6379,3128,3251,11163,5436,5727,12757,6139,6618,11162,5336,5826,6377,3073,3304,1595,774,821,
63790,6380,3129,3251,11163,5436,5727,12758,6139,6619,11163,5337,5826,6379,3073,3306,1595,774,821,
63795,6380,3129,3251,11164,5436,5728,12759,6140,6619,11164,5337,5827,6380,3074,3306,1595,774,821,
63800,6380,3129,3251,11165,5437,5728,12760,6141,6619,11165,5337,5828,6380,3074,3306,1595,774,821,
63805,6380,3129,3251,11166,5438,5728,12760,6141,6619,11165,5337,5828,6380,3074,3306,1595,774,821,
63810,6381,3129,3252,11167,5438,5729,12762,6142,6620,11166,5337,5829,6380,3074,3306,1595,774,821,
63815,6382,3129,3253,11167,5438,5729,12762,6142,6620,11167,5338,5829,6380,3074,3306,1595,774,821,
63820,6383,3129,3254,11169,5439,5730,12765,6144,6621,11168,5339,5829,6381,3074,3307,1595,774,821,
63825,6383,3129,3254,11170,5440,5730,12765,6144,6621,11169,5340,5829,6381,3074,3307,1596,774,822,
63830,6384,3129,3255,11170,5440,5730,12766,6144,6622,11170,5341,5829,6383,3074,3309,1596,774,822,
63835,6384,3129,3255,11171,5440,5731,12767,6145,6622,11171,5341,5830,6384,3074,3310,1596,774,822,
63840,6384,3129,3255,11172,5440,5732,12768,6146,6622,11172,5341,5831,6384,3074,3310,1596,774,822,
63845,6384,3129,3255,11173,5440,5733,12768,6146,6622,11172,5341,5831,6384,3074,3310,1596,774,822,
63850,6385,3130,3255,11174,5440,5734,12770,6148,6622,11173,5342,5831,6384,3074,3310,1596,774,822,
63855,6386,3130,3256,11174,5440,5734,12770,6148,6622,11174,5343,5831,6384,3074,3310,1596,774,822,
63860,6387,3130,3257,11176,5441,5735,12773,6148,6625,11175,5344,5831,6385,3075,3310,1596,774,822,
63865,6387,3130,3257,11177,5441,5736,12773,6148,6625,11176,5345,5831,6385,3075,3310,1597,774,823,
63870,6388,3131,3257,11177,5441,5736,12774,6149,6625,11177,5345,5832,6387,3076,3311,1597,774,823,
63875,6388,3131,3257,11178,5441,5737,12775,6150,6625,11178,5346,5832,6388,3076,3312,1597,774,823,
63880,6388,3131,3257,11179,5442,5737,12776,6150,6626,11179,5347,5832,6388,3076,3312,1597,774,823,
63885,6388,3131,3257,11180,5443,5737,12776,6150,6626,11179,5347,5832,6388,3076,3312,1597,774,823,
63890,6389,3131,3258,11181,5444,5737,12778,6151,6627,11180,5347,5833,6388,3076,3312,1597,774,823,
63895,6390,3131,3259,11181,5444,5737,12778,6151,6627,11181,5347,5834,6388,3076,3312,1597,774,823,
63900,6391,3132,3259,11183,5445,5738,12781,6153,6628,11182,5348,5834,6389,3076,3313,1597,774,823,
63905,6391,3132,3259,11184,5445,5739,12781,6153,6628,11183,5349,5834,6389,3076,3313,1598,775,823,
63910,6392,3132,3260,11184,5445,5739,12782,6153,6629,11184,5349,5835,6391,3076,3315,1598,775,823,
63915,6392,3132,3260,11185,5445,5740,12783,6153,6630,11185,5349,5836,6392,3077,3315,1598,775,823,
63920,6392,3132,3260,11186,5445,5741,12784,6153,6631,11186,5350,5836,6392,3077,3315,1598,775,823,
63925,6392,3132,3260,11187,5446,5741,12784,6153,6631,11186,5350,5836,6392,3077,3315,1598,775,823,
63930,6393,3133,3260,11188,5446,5742,12786,6155,6631,11187,5351,5836,6392,3077,3315,1598,775,823,
63935,6394,3134,3260,11188,5446,5742,12786,6155,6631,11188,5352,5836,6392,3077,3315,1598,775,823,
63940,6395,3134,3261,11190,5447,5743,12789,6157,6632,11189,5352,5837,6393,3077,3316,1598,775,823,
63945,6395,3134,3261,11191,5447,5744,12789,6157,6632,11190,5353,5837,6393,3077,3316,1599,776,823,
63950,6396,3134,3262,11191,5447,5744,12790,6157,6633,11191,5353,5838,6395,3078,3317,1599,776,823,
63955,6396,3134,3262,11192,5447,5745,12791,6157,6634,11192,5354,5838,6396,3079,3317,1599,776,823,
63960,6396,3134,3262,11193,5447,5746,12792,6157,6635,11193,5355,5838,6396,3079,3317,1599,776,823,
63965,6396,3134,3262,11194,5447,5747,12792,6157,6635,11193,5355,5838,6396,3079,3317,1599,776,823,
63970,6397,3134,3263,11195,5448,5747,12794,6158,6636,11194,5355,5839,6396,3079,3317,1599,776,823,
63975,6398,3134,3264,11195,5448,5747,12794,6158,6636,11195,5355,5840,6396,3079,3317,1599,776,823,
63980,6399,3135,3264,11197,5448,5749,12797,6160,6637,11196,5355,5841,6397,3080,3317,1599,776,823,
63985,6399,3135,3264,11198,5448,5750,12797,6160,6637,11197,5355,5842,6397,3080,3317,1600,777,823,
63990,6400,3136,3264,11198,5448,5750,12798,6160,6638,11198,5356,5842,6399,3082,3317,1600,777,823,
63995,6400,3136,3264,11199,5449,5750,12799,6161,6638,11199,5357,5842,6400,3083,3317,1600,777,823,
64000,6400,3136,3264,11200,5449,5751,12800,6162,6638,11200,5358,5842,6400,3083,3317,1600,777,823,
64005,6400,3136,3264,11201,5449,5752,12800,6162,6638,11200,5358,5842,6400,3083,3317,1600,777,823,
64010,6401,3136,3265,11202,5450,5752,12802,6163,6639,11201,5359,5842,6400,3083,3317,1600,777,823,
64015,6402,3136,3266,11202,5450,5752,12802,6163,6639,11202,5360,5842,6400,3083,3317,1600,777,823,
64020,6403,3136,3267,11204,5451,5753,12805,6163,6642,11203,5361,5842,6401,3083,3318,1600,777,823,
64025,6403,3136,3267,11205,5451,5754,12805,6163,6642,11204,5361,5843,6401,3083,3318,1601,778,823,
64030,6404,3137,3267,11205,5451,5754,12806,6164,6642,11205,5362,5843,6403,3084,3319,1601,778,823,
64035,6404,3137,3267,11206,5451,5755,12807,6165,6642,11206,5362,5844,6404,3084,3320,1601,778,823,
64040,6404,3137,3267,11207,5451,5756,12808,6166,6642,11207,5363,5844,6404,3084,3320,1601,778,823,
64045,6404,3137,3267,11208,5452,5756,12808,6166,6642,11207,5363,5844,6404,3084,3320,1601,778,823,
64050,6405,3138,3267,11209,5452,5757,12810,6167,6643,11208,5363,5845,6404,3084,3320,1601,778,823,
64055,6406,3138,3268,11209,5452,5757,12810,6167,6643,11209,5363,5846,6404,3084,3320,1601,778,823,
64060,6407,3138,3269,11211,5454,5757,12813,6167,6646,11210,5363,5847,6405,3085,3320,1601,778,823,
64065,6407,3138,3269,11212,5455,5757,12813,6167,6646,11211,5363,5848,6405,3085,3320,1602,779,823,
64070,6408,3139,3269,11212,5455,5757,12814,6168,6646,11212,5363,5849,6407,3087,3320,1602,779,823,
64075,6408,3139,3269,11213,5455,5758,12815,6169,6646,11213,5363,5850,6408,3087,3321,1602,779,823,
64080,6408,3139,3269,11214,5456,5758,12816,6169,6647,11214,5363,5851,6408,3087,3321,1602,779,823,
64085,6408,3139,3269,11215,5457,5758,12816,6169,6647,11214,5363,5851,6408,3087,3321,1602,779,823,
64090,6409,3140,3269,11216,5458,5758,12818,6170,6648,11215,5364,5851,6408,3087,3321,1602,779,823,
64095,6410,3141,3269,11216,5458,5758,12818,6170,6648,11216,5364,5852,6408,3087,3321,1602,779,823,
64100,6411,3142,3269,11218,5459,5759,12821,6172,6649,11217,5365,5852,6409,3087,3322,1602,779,823,
64105,6411,3142,3269,11219,5460,5759,12821,6172,6649,11218,5366,5852,6409,3087,3322,1603,779,824,
64110,6412,3142,3270,11219,5460,5759,12822,6173,6649,11219,5367,5852,6411,3087,3324,1603,779,824,
64115,6412,3142,3270,11220,5461,5759,12823,6174,6649,11220,5367,5853,6412,3087,3325,1603,779,824,
64120,6412,3142,3270,11221,5462,5759,12824,6174,6650,11221,5368,5853,6412,3087,3325,1603,779,824,
64125,6412,3142,3270,11222,5463,5759,12824,6174,6650,11221,5368,5853,6412,3087,3325,1603,779,824,
64130,6413,3142,3271,11223,5464,5759,12826,6175,6651,11222,5368,5854,6412,3087,3325,1603,779,824,
64135,6414,3143,3271,11223,5464,5759,12826,6175,6651,11223,5369,5854,6412,3087,3325,1603,779,824,
64140,6415,3143,3272,11225,5465,5760,12829,6177,6652,11224,5370,5854,6413,3088,3325,1603,779,824,
64145,6415,3143,3272,11226,5466,5760,12829,6177,6652,11225,5370,5855,6413,3088,3325,1604,779,825,
64150,6416,3143,3273,11226,5466,5760,12830,6178,6652,11226,5370,5856,6415,3088,3327,1604,779,825,
64155,6416,3143,3273,11227,5466,5761,12831,6179,6652,11227,5370,5857,6416,3089,3327,1604,779,825,
64160,6416,3143,3273,11228,5466,5762,12832,6180,6652,11228,5371,5857,6416,3089,3327,1604,779,825,
64165,6416,3143,3273,11229,5466,5763,12832,6180,6652,11228,5371,5857,6416,3089,3327,1604,779,825,
64170,6417,3143,3274,11230,5466,5764,12834,6181,6653,11229,5372,5857,6416,3089,3327,1604,779,825,
64175,6418,3143,3275,11230,5466,5764,12834,6181,6653,11230,5373,5857,6416,3089,3327,1604,779,825,
64180,6419,3143,3276,11232,5468,5764,12837,6183,6654,11231,5373,5858,6417,3089,3328,1604,779,825,
64185,6419,3143,3276,11233,5468,5765,12837,6183,6654,11232,5374,5858,6417,3089,3328,1605,779,826,
64190,6420,3143,3277,11233,5468,5765,12838,6183,6655,11233,5375,5858,6419,3090,3329,1605,779,826,
64195,6420,3143,3277,11234,5469,5765,12839,6183,6656,11234,5375,5859,6420,3091,3329,1605,779,826,
64200,6420,3143,3277,11235,5469,5766,12840,6183,6657,11235,5375,5860,6420,3091,3329,1605,779,826,
64205,6420,3143,3277,11236,5469,5767,12840,6183,6657,11235,5375,5860,6420,3091,3329,1605,779,826,
64210,6421,3143,3278,11237,5469,5768,12842,6185,6657,11236,5375,5861,6420,3091,3329,1605,779,826,
64215,6422,3144,3278,11237,5469,5768,12842,6185,6657,11237,5376,5861,6420,3091,3329,1605,779,826,
64220,6423,3144,3279,11239,5469,5770,12845,6186,6659,11238,5376,5862,6421,3091,3330,1605,779,826,
64225,6423,3144,3279,11240,5470,5770,12845,6186,6659,11239,5377,5862,6421,3091,3330,1606,780,826,
64230,6424,3144,3280,11240,5470,5770,12846,6187,6659,11240,5378,5862,6423,3091,3332,1606,780,826,
64235,6424,3144,3280,11241,5471,5770,12847,6187,6660,11241,5379,5862,6424,3092,3332,1606,780,826,
64240,6424,3144,3280,11242,5471,5771,12848,6187,6661,11242,5380,5862,6424,3092,3332,1606,780,826,
64245,6424,3144,3280,11243,5472,5771,12848,6187,6661,11242,5380,5862,6424,3092,3332,1606,780,826,
64250,6425,3145,3280,11244,5473,5771,12850,6187,6663,11243,5381,5862,6424,3092,3332,1606,780,826,
64255,6426,3146,3280,11244,5473,5771,12850,6187,6663,11244,5381,5863,6424,3092,3332,1606,780,826,
64260,6427,3147,3280,11246,5474,5772,12853,6189,6664,11245,5381,5864,6425,3092,3333,1606,780,826,
64265,6427,3147,3280,11247,5474,5773,12853,6189,6664,11246,5382,5864,6425,3092,3333,1607,781,826,
64270,6428,3147,3281,11247,5474,5773,12854,6190,6664,11247,5382,5865,6427,3093,3334,1607,781,826,
64275,6428,3147,3281,11248,5474,5774,12855,6190,6665,11248,5382,5866,6428,3093,3335,1607,781,826,
64280,6428,3147,3281,11249,5474,5775,12856,6191,6665,11249,5383,5866,6428,3093,3335,1607,781,826,
64285,6428,3147,3281,11250,5474,5776,12856,6191,6665,11249,5383,5866,6428,3093,3335,1607,781,826,
64290,6429,3147,3282,11251,5475,5776,12858,6192,6666,11250,5384,5866,6428,3093,3335,1607,781,826,
64295,6430,3148,3282,11251,5475,5776,12858,6192,6666,11251,5385,5866,6428,3093,3335,1607,781,826,
64300,6431,3148,3283,11253,5475,5778,12861,6194,6667,11252,5385,5867,6429,3093,3336,1607,781,826,
64305,6431,3148,3283,11254,5475,5779,12861,6194,6667,11253,5386,5867,6429,3093,3336,1608,782,826,
64310,6432,3148,3284,11254,5475,5779,12862,6195,6667,11254,5387,5867,6431,3094,3337,1608,782,826,
64315,6432,3148,3284,11255,5475,5780,12863,6195,6668,11255,5387,5868,6432,3095,3337,1608,782,826,
64320,6432,3148,3284,11256,5475,5781,12864,6196,6668,11256,5387,5869,6432,3095,3337,1608,782,826,
64325,6432,3148,3284,11257,5475,5782,12864,6196,6668,11256,5387,5869,6432,3095,3337,1608,782,826,
64330,6433,3149,3284,11258,5475,5783,12866,6198,6668,11257,5387,5870,6432,3095,3337,1608,782,826,
64335,6434,3149,3285,11258,5475,5783,12866,6198,6668,11258,5387,5871,6432,3095,3337,1608,782,826,
64340,6435,3149,3286,11260,5475,5785,12869,6198,6671,11259,5387,5872,6433,3096,3337,1608,782,826,
64345,6435,3149,3286,11261,5475,5786,12869,6198,6671,11260,5387,5873,6433,3096,3337,1609,783,826,
64350,6436,3150,3286,11261,5475,5786,12870,6199,6671,11261,5388,5873,6435,3096,3339,1609,783,826,
64355,6436,3150,3286,11262,5475,5787,12871,6199,6672,11262,5389,5873,6436,3096,3340,1609,783,826,
64360,6436,3150,3286,11263,5475,5788,12872,6199,6673,11263,5389,5874,6436,3096,3340,1609,783,826,
64365,6436,3150,3286,11264,5475,5789,12872,6199,6673,11263,5389,5874,6436,3096,3340,1609,783,826,
64370,6437,3151,3286,11265,5475,5790,12874,6201,6673,11264,5390,5874,6436,3096,3340,1609,783,826,
64375,6438,3152,3286,11265,5475,5790,12874,6201,6673,11265,5390,5875,6436,3096,3340,1609,783,826,
64380,6439,3152,3287,11267,5476,5791,12877,6203,6674,11266,5391,5875,6437,3097,3340,1609,783,826,
64385,6439,3152,3287,11268,5476,5792,12877,6203,6674,11267,5392,5875,6437,3097,3340,1610,783,827,
64390,6440,3152,3288,11268,5476,5792,12878,6203,6675,11268,5392,5876,6439,3098,3341,1610,783,827,
64395,6440,3152,3288,11269,5477,5792,12879,6204,6675,11269,5392,5877,6440,3099,3341,1610,783,827,
64400,6440,3152,3288,11270,5477,5793,12880,6204,6676,11270,5393,5877,6440,3099,3341,1610,783,827,
64405,6440,3152,3288,11271,5477,5794,12880,6204,6676,11270,5393,5877,6440,3099,3341,1610,783,827,
64410,6441,3152,3289,11272,5478,5794,12882,6204,6678,11271,5394,5877,6440,3099,3341,1610,783,827,
64415,6442,3153,3289,11272,5478,5794,12882,6204,6678,11272,5395,5877,6440,3099,3341,1610,783,827,
64420,6443,3154,3289,11274,5479,5795,12885,6205,6680,11273,5396,5877,6441,3100,3341,1610,783,827,
64425,6443,3154,3289,11275,5479,5796,12885,6205,6680,11274,5396,5878,6441,3100,3341,1611,784,827,
64430,6444,3154,3290,11275,5479,5796,12886,6206,6680,11275,5396,5879,6443,3101,3342,1611,784,827,
64435,6444,3154,3290,11276,5480,5796,12887,6207,6680,11276,5397,5879,6444,3101,3343,1611,784,827,
64440,6444,3154,3290,11277,5481,5796,12888,6207,6681,11277,5398,5879,6444,3101,3343,1611,784,827,
64445,6444,3154,3290,11278,5481,5797,12888,6207,6681,11277,5398,5879,6444,3101,3343,1611,784,827,
64450,6445,3155,3290,11279,5482,5797,12890,6207,6683,11278,5399,5879,6444,3101,3343,1611,784,827,
64455,6446,3156,3290,11279,5482,5797,12890,6207,6683,11279,5399,5880,6444,3101,3343,1611,784,827,
64460,6447,3156,3291,11281,5484,5797,12893,6209,6684,11280,5399,5881,6445,3102,3343,1611,784,827,
64465,6447,3156,3291,11282,5485,5797,12893,6209,6684,11281,5400,5881,6445,3102,3343,1612,785,827,
64470,6448,3157,3291,11282,5485,5797,12894,6210,6684,11282,5400,5882,6447,3103,3344,1612,785,827,
64475,6448,3157,3291,11283,5485,5798,12895,6210,6685,11283,5400,5883,6448,3104,3344,1612,785,827,
64480,6448,3157,3291,11284,5485,5799,12896,6211,6685,11284,5400,5884,6448,3104,3344,1612,785,827,
64485,6448,3157,3291,11285,5485,5800,12896,6211,6685,11284,5400,5884,6448,3104,3344,1612,785,827,
64490,6449,3158,3291,11286,5485,5801,12898,6212,6686,11285,5401,5884,6448,3104,3344,1612,785,827,
64495,6450,3159,3291,11286,5485,5801,12898,6212,6686,11286,5402,5884,6448,3104,3344,1612,785,827,
64500,6451,3160,3291,11288,5486,5802,12901,6213,6688,11287,5402,5885,6449,3104,3345,1612,785,827,
64505,6451,3160,3291,11289,5486,5803,12901,6213,6688,11288,5402,5886,6449,3104,3345,1613,786,827,
64510,6452,3160,3292,11289,5486,5803,12902,6213,6689,11289,5402,5887,6451,3105,3346,1613,786,827,
64515,6452,3160,3292,11290,5486,5804,12903,6213,6690,11290,5402,5888,6452,3105,3347,1613,786,827,
64520,6452,3160,3292,11291,5486,5805,12904,6214,6690,11291,5403,5888,6452,3105,3347,1613,786,827,
64525,6452,3160,3292,11292,5487,5805,12904,6214,6690,11291,5403,5888,6452,3105,3347,1613,786,827,
64530,6453,3161,3292,11293,5487,5806,12906,6216,6690,11292,5404,5888,6452,3105,3347,1613,786,827,
64535,6454,3161,3293,11293,5487,5806,12906,6216,6690,11293,5404,5889,6452,3105,3347,1613,786,827,
64540,6455,3161,3294,11295,5488,5807,12909,6217,6692,11294,5405,5889,6453,3106,3347,1613,786,827,
64545,6455,3161,3294,11296,5488,5808,12909,6217,6692,11295,5405,5890,6453,3106,3347,1614,787,827,
64550,6456,3161,3295,11296,5488,5808,12910,6217,6693,11296,5406,5890,6455,3107,3348,1614,787,827,
64555,6456,3161,3295,11297,5489,5808,12911,6218,6693,11297,5406,5891,6456,3107,3349,1614,787,827,
64560,6456,3161,3295,11298,5489,5809,12912,6218,6694,11298,5406,5892,6456,3107,3349,1614,787,827,
64565,6456,3161,3295,11299,5490,5809,12912,6218,6694,11298,5406,5892,6456,3107,3349,1614,787,827,
64570,6457,3161,3296,11300,5490,5810,12914,6218,6696,11299,5406,5893,6456,3107,3349,1614,787,827,
64575,6458,3161,3297,11300,5490,5810,12914,6218,6696,11300,5406,5894,6456,3107,3349,1614,787,827,
64580,6459,3162,3297,11302,5491,5811,12917,6220,6697,11301,5406,5895,6457,3107,3350,1614,787,827,
64585,6459,3162,3297,11303,5491,5812,12917,6220,6697,11302,5406,5896,6457,3107,3350,1615,788,827,
64590,6460,3163,3297,11303,5491,5812,12918,6220,6698,11303,5407,5896,6459,3108,3351,1615,788,827,
64595,6460,3163,3297,11304,5492,5812,12919,6220,6699,11304,5407,5897,6460,3109,3351,1615,788,827,
64600,6460,3163,3297,11305,5492,5813,12920,6220,6700,11305,5407,5898,6460,3109,3351,1615,788,827,
64605,6460,3163,3297,11306,5493,5813,12920,6220,6700,11305,5407,5898,6460,3109,3351,1615,788,827,
64610,6461,3163,3298,11307,5493,5814,12922,6220,6702,11306,5408,5898,6460,3109,3351,1615,788,827,
64615,6462,3164,3298,11307,5493,5814,12922,6220,6702,11307,5409,5898,6460,3109,3351,1615,788,827,
64620,6463,3165,3298,11309,5493,5816,12925,6221,6704,11308,5409,5899,6461,3109,3352,1615,788,827,
64625,6463,3165,3298,11310,5493,5817,12925,6221,6704,11309,5410,5899,6461,3109,3352,1616,789,827,
64630,6464,3165,3299,11310,5493,5817,12926,6221,6705,11310,5410,5900,6463,3109,3354,1616,789,827,
64635,6464,3165,3299,11311,5494,5817,12927,6222,6705,11311,5411,5900,6464,3109,3355,1616,789,827,
64640,6464,3165,3299,11312,5494,5818,12928,6222,6706,11312,5412,5900,6464,3109,3355,1616,789,827,
64645,6464,3165,3299,11313,5494,5819,12928,6222,6706,11312,5412,5900,6464,3109,3355,1616,789,827,
64650,6465,3165,3300,11314,5495,5819,12930,6223,6707,11313,5412,5901,6464,3109,3355,1616,789,827,
64655,6466,3165,3301,11314,5495,5819,12930,6223,6707,11314,5413,5901,6464,3109,3355,1616,789,827,
64660,6467,3166,3301,11316,5495,5821,12933,6224,6709,11315,5413,5902,6465,3109,3356,1616,789,827,
64665,6467,3166,3301,11317,5495,5822,12933,6224,6709,11316,5414,5902,6465,3109,3356,1617,789,828,
64670,6468,3166,3302,11317,5495,5822,12934,6225,6709,11317,5414,5903,6467,3110,3357,1617,789,828,
64675,6468,3166,3302,11318,5496,5822,12935,6225,6710,11318,5414,5904,6468,3111,3357,1617,789,828,
64680,6468,3166,3302,11319,5497,5822,12936,6225,6711,11319,5415,5904,6468,3111,3357,1617,789,828,
64685,6468,3166,3302,11320,5498,5822,12936,6225,6711,11319,5415,5904,6468,3111,3357,1617,789,828,
64690,6469,3166,3303,11321,5499,5822,12938,6226,6712,11320,5416,5904,6468,3111,3357,1617,789,828,
64695,6470,3167,3303,11321,5499,5822,12938,6226,6712,11321,5416,5905,6468,3111,3357,1617,789,828,
64700,6471,3167,3304,11323,5501,5822,12941,6227,6714,11322,5417,5905,6469,3112,3357,1617,789,828,
64705,6471,3167,3304,11324,5502,5822,12941,6227,6714,11323,5417,5906,6469,3112,3357,1618,790,828,
64710,6472,3167,3305,11324,5502,5822,12942,6228,6714,11324,5417,5907,6471,3112,3359,1618,790,828,
64715,6472,3167,3305,11325,5503,5822,12943,6229,6714,11325,5417,5908,6472,3112,3360,1618,790,828,
64720,6472,3167,3305,11326,5504,5822,12944,6229,6715,11326,5418,5908,6472,3112,3360,1618,790,828,
64725,6472,3167,3305,11327,5505,5822,12944,6229,6715,11326,5418,5908,6472,3112,3360,1618,790,828,
64730,6473,3167,3306,11328,5506,5822,12946,6230,6716,11327,5419,5908,6472,3112,3360,1618,790,828,
64735,6474,3168,3306,11328,5506,5822,12946,6230,6716,11328,5419,5909,6472,3112,3360,1618,790,828,
64740,6475,3168,3307,11330,5506,5824,12949,6231,6718,11329,5419,5910,6473,3113,3360,1618,790,828,
64745,6475,3168,3307,11331,5506,5825,12949,6231,6718,11330,5419,5911,6473,3113,3360,1619,791,828,
64750,6476,3168,3308,11331,5506,5825,12950,6231,6719,11331,5419,5912,6475,3114,3361,1619,791,828,
64755,6476,3168,3308,11332,5507,5825,12951,6232,6719,11332,5419,5913,6476,3114,3362,1619,791,828,
64760,6476,3168,3308,11333,5507,5826,12952,6232,6720,11333,5420,5913,6476,3114,3362,1619,791,828,
64765,6476,3168,3308,11334,5507,5827,12952,6232,6720,11333,5420,5913,6476,3114,3362,1619,791,828,
64770,6477,3168,3309,11335,5508,5827,12954,6233,6721,11334,5421,5913,6476,3114,3362,1619,791,828,
64775,6478,3169,3309,11335,5508,5827,12954,6233,6721,11335,5421,5914,6476,3114,3362,1619,791,828,
64780,6479,3169,3310,11337,5509,5828,12957,6233,6724,11336,5422,5914,6477,3115,3362,1619,791,828,
64785,6479,3169,3310,11338,5509,5829,12957,6233,6724,11337,5423,5914,6477,3115,3362,1620,792,828,
64790,6480,3169,3311,11338,5509,5829,12958,6233,6725,11338,5423,5915,6479,3115,3364,1620,792,828,
64795,6480,3169,3311,11339,5509,5830,12959,6233,6726,11339,5423,5916,6480,3116,3364,1620,792,828,
64800,6480,3169,3311,11340,5510,5830,12960,6233,6727,11340,5424,5916,6480,3116,3364,1620,792,828,
64805,6480,3169,3311,11341,5511,5830,12960,6233,6727,11340,5424,5916,6480,3116,3364,1620,792,828,
64810,6481,3170,3311,11342,5512,5830,12962,6235,6727,11341,5424,5917,6480,3116,3364,1620,792,828,
64815,6482,3171,3311,11342,5512,5830,12962,6235,6727,11342,5424,5918,6480,3116,3364,1620,792,828,
64820,6483,3171,3312,11344,5512,5832,12965,6237,6728,11343,5425,5918,6481,3117,3364,1620,792,828,
64825,6483,3171,3312,11345,5513,5832,12965,6237,6728,11344,5425,5919,6481,3117,3364,1621,793,828,
64830,6484,3172,3312,11345,5513,5832,12966,6237,6729,11345,5426,5919,6483,3118,3365,1621,793,828,
64835,6484,3172,3312,11346,5513,5833,12967,6238,6729,11346,5427,5919,6484,3119,3365,1621,793,828,
64840,6484,3172,3312,11347,5514,5833,12968,6239,6729,11347,5428,5919,6484,3119,3365,1621,793,828,
64845,6484,3172,3312,11348,5514,5834,12968,6239,6729,11347,5428,5919,6484,3119,3365,1621,793,828,
64850,6485,3173,3312,11349,5515,5834,12970,6240,6730,11348,5429,5919,6484,3119,3365,1621,793,828,
64855,6486,3174,3312,11349,5515,5834,12970,6240,6730,11349,5429,5920,6484,3119,3365,1621,793,828,
64860,6487,3174,3313,11351,5516,5835,12973,6241,6732,11350,5430,5920,6485,3120,3365,1621,793,828,
64865,6487,3174,3313,11352,5517,5835,12973,6241,6732,11351,5430,5921,6485,3120,3365,1622,793,829,
64870,6488,3175,3313,11352,5517,5835,12974,6242,6732,11352,5430,5922,6487,3122,3365,1622,793,829,
64875,6488,3175,3313,11353,5517,5836,12975,6242,6733,11353,5431,5922,6488,3123,3365,1622,793,829,
64880,6488,3175,3313,11354,5517,5837,12976,6243,6733,11354,5431,5923,6488,3123,3365,1622,793,829,
64885,6488,3175,3313,11355,5518,5837,12976,6243,6733,11354,5431,5923,6488,3123,3365,1622,793,829,
64890,6489,3176,3313,11356,5518,5838,12978,6244,6734,11355,5431,5924,6488,3123,3365,1622,793,829,
64895,6490,3177,3313,11356,5518,5838,12978,6244,6734,11356,5432,5924,6488,3123,3365,1622,793,829,
64900,6491,3178,3313,11358,5518,5840,12981,6245,6736,11357,5432,5925,6489,3123,3366,1622,793,829,
64905,6491,3178,3313,11359,5519,5840,12981,6245,6736,11358,5432,5926,6489,3123,3366,1623,793,830,
64910,6492,3179,3313,11359,5519,5840,12982,6245,6737,11359,5433,5926,6491,3123,3368,1623,793,830,
64915,6492,3179,3313,11360,5520,5840,12983,6246,6737,11360,5434,5926,6492,3124,3368,1623,793,830,
64920,6492,3179,3313,11361,5521,5840,12984,6246,6738,11361,5434,5927,6492,3124,3368,1623,793,830,
64925,6492,3179,3313,11362,5522,5840,12984,6246,6738,11361,5434,5927,6492,3124,3368,1623,793,830,
64930,6493,3179,3314,11363,5523,5840,12986,6248,6738,11362,5434,5928,6492,3124,3368,1623,793,830,
64935,6494,3180,3314,11363,5523,5840,12986,6248,6738,11363,5434,5929,6492,3124,3368,1623,793,830,
64940,6495,3181,3314,11365,5523,5842,12989,6249,6740,11364,5434,5930,6493,3124,3369,1623,793,830,
64945,6495,3181,3314,11366,5523,5843,12989,6249,6740,11365,5435,5930,6493,3124,3369,1624,794,830,
64950,6496,3181,3315,11366,5523,5843,12990,6250,6740,11366,5436,5930,6495,3126,3369,1624,794,830,
64955,6496,3181,3315,11367,5523,5844,12991,6251,6740,11367,5436,5931,6496,3126,3370,1624,794,830,
64960,6496,3181,3315,11368,5524,5844,12992,6251,6741,11368,5436,5932,6496,3126,3370,1624,794,830,
64965,6496,3181,3315,11369,5524,5845,12992,6251,6741,11368,5436,5932,6496,3126,3370,1624,794,830,
64970,6497,3181,3316,11370,5525,5845,12994,6251,6743,11369,5437,5932,6496,3126,3370,1624,794,830,
64975,6498,3182,3316,11370,5525,5845,12994,6251,6743,11370,5438,5932,6496,3126,3370,1624,794,830,
64980,6499,3183,3316,11372,5526,5846,12997,6251,6746,11371,5439,5932,6497,3127,3370,1624,794,830,
64985,6499,3183,3316,11373,5527,5846,12997,6251,6746,11372,5439,5933,6497,3127,3370,1625,795,830,
64990,6500,3183,3317,11373,5527,5846,12998,6252,6746,11373,5439,5934,6499,3128,3371,1625,795,830,
64995,6500,3183,3317,11374,5527,5847,12999,6253,6746,11374,5440,5934,6500,3129,3371,1625,795,830,
65000,6500,3183,3317,11375,5527,5848,13000,6254,6746,11375,5440,5935,6500,3129,3371,1625,795,830,
65005,6500,3183,3317,11376,5528,5848,13000,6254,6746,11375,5440,5935,6500,3129,3371,1625,795,830,
65010,6501,3184,3317,11377,5529,5848,13002,6254,6748,11376,5441,5935,6500,3129,3371,1625,795,830,
65015,6502,3184,3318,11377,5529,5848,13002,6254,6748,11377,5442,5935,6500,3129,3371,1625,795,830,
65020,6503,3184,3319,11379,5529,5850,13005,6255,6750,11378,5443,5935,6501,3130,3371,1625,795,830,
65025,6503,3184,3319,11380,5530,5850,13005,6255,6750,11379,5443,5936,6501,3130,3371,1626,796,830,
65030,6504,3184,3320,11380,5530,5850,13006,6255,6751,11380,5443,5937,6503,3132,3371,1626,796,830,
65035,6504,3184,3320,11381,5530,5851,13007,6256,6751,11381,5444,5937,6504,3132,3372,1626,796,830,
65040,6504,3184,3320,11382,5530,5852,13008,6256,6752,11382,5445,5937,6504,3132,3372,1626,796,830,
65045,6504,3184,3320,11383,5530,5853,13008,6256,6752,11382,5445,5937,6504,3132,3372,1626,796,830,
65050,6505,3185,3320,11384,5531,5853,13010,6258,6752,11383,5445,5938,6504,3132,3372,1626,796,830,
65055,6506,3186,3320,11384,5531,5853,13010,6258,6752,11384,5446,5938,6504,3132,3372,1626,796,830,
65060,6507,3187,3320,11386,5533,5853,13013,6258,6755,11385,5446,5939,6505,3132,3373,1626,796,830,
65065,6507,3187,3320,11387,5533,5854,13013,6258,6755,11386,5446,5940,6505,3132,3373,1627,797,830,
65070,6508,3188,3320,11387,5533,5854,13014,6258,6756,11387,5447,5940,6507,3134,3373,1627,797,830,
65075,6508,3188,3320,11388,5533,5855,13015,6258,6757,11388,5447,5941,6508,3135,3373,1627,797,830,
65080,6508,3188,3320,11389,5534,5855,13016,6259,6757,11389,5447,5942,6508,3135,3373,1627,797,830,
65085,6508,3188,3320,11390,5535,5855,13016,6259,6757,11389,5447,5942,6508,3135,3373,1627,797,830,
65090,6509,3189,3320,11391,5535,5856,13018,6260,6758,11390,5447,5943,6508,3135,3373,1627,797,830,
65095,6510,3189,3321,11391,5535,5856,13018,6260,6758,11391,5448,5943,6508,3135,3373,1627,797,830,
65100,6511,3189,3322,11393,5536,5857,13021,6262,6759,11392,5449,5943,6509,3136,3373,1627,797,830,
65105,6511,3189,3322,11394,5536,5858,13021,6262,6759,11393,5449,5944,6509,3136,3373,1628,798,830,
65110,6512,3189,3323,11394,5536,5858,13022,6263,6759,11394,5449,5945,6511,3138,3373,1628,798,830,
65115,6512,3189,3323,11395,5536,5859,13023,6264,6759,11395,5449,5946,6512,3139,3373,1628,798,830,
65120,6512,3189,3323,11396,5536,5860,13024,6265,6759,11396,5450,5946,6512,3139,3373,1628,798,830,
65125,6512,3189,3323,11397,5537,5860,13024,6265,6759,11396,5450,5946,6512,3139,3373,1628,798,830,
65130,6513,3189,3324,11398,5537,5861,13026,6266,6760,11397,5451,5946,6512,3139,3373,1628,798,830,
65135,6514,3190,3324,11398,5537,5861,13026,6266,6760,11398,5451,5947,6512,3139,3373,1628,798,830,
65140,6515,3190,3325,11400,5538,5862,13029,6267,6762,11399,5451,5948,6513,3140,3373,1628,798,830,
65145,6515,3190,3325,11401,5539,5862,13029,6267,6762,11400,5451,5949,6513,3140,3373,1629,799,830,
65150,6516,3190,3326,11401,5539,5862,13030,6267,6763,11401,5451,5950,6515,3140,3375,1629,799,830,
65155,6516,3190,3326,11402,5540,5862,13031,6268,6763,11402,5451,5951,6516,3141,3375,1629,799,830,
65160,6516,3190,3326,11403,5541,5862,13032,6268,6764,11403,5452,5951,6516,3141,3375,1629,799,830,
65165,6516,3190,3326,11404,5541,5863,13032,6268,6764,11403,5452,5951,6516,3141,3375,1629,799,830,
65170,6517,3191,3326,11405,5542,5863,13034,6269,6765,11404,5453,5951,6516,3141,3375,1629,799,830,
65175,6518,3191,3327,11405,5542,5863,13034,6269,6765,11405,5453,5952,6516,3141,3375,1629,799,830,
65180,6519,3192,3327,11407,5542,5865,13037,6270,6767,11406,5453,5953,6517,3141,3376,1629,799,830,
65185,6519,3192,3327,11408,5542,5866,13037,6270,6767,11407,5453,5954,6517,3141,3376,1630,799,831,
65190,6520,3193,3327,11408,5542,5866,13038,6271,6767,11408,5453,5955,6519,3141,3378,1630,799,831,
65195,6520,3193,3327,11409,5542,5867,13039,6272,6767,11409,5453,5956,6520,3141,3379,1630,799,831,
65200,6520,3193,3327,11410,5543,5867,13040,6273,6767,11410,5453,5957,6520,3141,3379,1630,799,831,
65205,6520,3193,3327,11411,5543,5868,13040,6273,6767,11410,5453,5957,6520,3141,3379,1630,799,831,
65210,6521,3193,3328,11412,5543,5869,13042,6274,6768,11411,5453,5958,6520,3141,3379,1630,799,831,
65215,6522,3194,3328,11412,5543,5869,13042,6274,6768,11412,5453,5959,6520,3141,3379,1630,799,831,
65220,6523,3195,3328,11414,5544,5870,13045,6276,6769,11413,5453,5960,6521,3141,3380,1630,799,831,
65225,6523,3195,3328,11415,5544,5871,13045,6276,6769,11414,5454,5960,6521,3141,3380,1631,799,832,
65230,6524,3196,3328,11415,5544,5871,13046,6276,6770,11415,5454,5961,6523,3142,3381,1631,799,832,
65235,6524,3196,3328,11416,5545,5871,13047,6276,6771,11416,5454,5962,6524,3142,3382,1631,799,832,
65240,6524,3196,3328,11417,5545,5872,13048,6277,6771,11417,5455,5962,6524,3142,3382,1631,799,832,
65245,6524,3196,3328,11418,5545,5873,13048,6277,6771,11417,5455,5962,6524,3142,3382,1631,799,832,
65250,6525,3197,3328,11419,5546,5873,13050,6277,6773,11418,5456,5962,6524,3142,3382,1631,799,832,
65255,6526,3198,3328,11419,5546,5873,13050,6277,6773,11419,5456,5963,6524,3142,3382,1631,799,832,
65260,6527,3198,3329,11421,5546,5875,13053,6278,6775,11420,5456,5964,6525,3142,3383,1631,799,832,
65265,6527,3198,3329,11422,5546,5876,13053,6278,6775,11421,5457,5964,6525,3142,3383,1632,800,832,
65270,6528,3199,3329,11422,5546,5876,13054,6278,6776,11422,5457,5965,6527,3143,3384,1632,800,832,
65275,6528,3199,3329,11423,5547,5876,13055,6278,6777,11423,5458,5965,6528,3143,3385,1632,800,832,
65280,6528,3199,3329,11424,5547,5877,13056,6278,6778,11424,5459,5965,6528,3143,3385,1632,800,832,
65285,6528,3199,3329,11425,5548,5877,13056,6278,6778,11424,5459,5965,6528,3143,3385,1632,800,832,
65290,6529,3200,3329,11426,5548,5878,13058,6278,6780,11425,5460,5965,6528,3143,3385,1632,800,832,
65295,6530,3200,3330,11426,5548,5878,13058,6278,6780,11426,5461,5965,6528,3143,3385,1632,800,832,
65300,6531,3200,3331,11428,5550,5878,13061,6280,6781,11427,5462,5965,6529,3144,3385,1632,800,832,
65305,6531,3200,3331,11429,5551,5878,13061,6280,6781,11428,5463,5965,6529,3144,3385,1633,801,832,
65310,6532,3201,3331,11429,5551,5878,13062,6281,6781,11429,5464,5965,6531,3145,3386,1633,801,832,
65315,6532,3201,3331,11430,5551,5879,13063,6281,6782,11430,5464,5966,6532,3146,3386,1633,801,832,
65320,6532,3201,3331,11431,5552,5879,13064,6281,6783,11431,5464,5967,6532,3146,3386,1633,801,832,
65325,6532,3201,3331,11432,5553,5879,13064,6281,6783,11431,5464,5967,6532,3146,3386,1633,801,832,
65330,6533,3201,3332,11433,5553,5880,13066,6281,6785,11432,5465,5967,6532,3146,3386,1633,801,832,
65335,6534,3201,3333,11433,5553,5880,13066,6281,6785,11433,5465,5968,6532,3146,3386,1633,801,832,
65340,6535,3202,3333,11435,5554,5881,13069,6282,6787,11434,5465,5969,6533,3146,3387,1633,801,832,
65345,6535,3202,3333,11436,5554,5882,13069,6282,6787,11435,5466,5969,6533,3146,3387,1634,801,833,
65350,6536,3202,3334,11436,5554,5882,13070,6283,6787,11436,5467,5969,6535,3147,3388,1634,801,833,
65355,6536,3202,3334,11437,5555,5882,13071,6283,6788,11437,5468,5969,6536,3147,3389,1634,801,833,
65360,6536,3202,3334,11438,5556,5882,13072,6283,6789,11438,5468,5970,6536,3147,3389,1634,801,833,
65365,6536,3202,3334,11439,5556,5883,13072,6283,6789,11438,5468,5970,6536,3147,3389,1634,801,833,
65370,6537,3202,3335,11440,5557,5883,13074,6284,6790,11439,5469,5970,6536,3147,3389,1634,801,833,
65375,6538,3203,3335,11440,5557,5883,13074,6284,6790,11440,5470,5970,6536,3147,3389,1634,801,833,
65380,6539,3203,3336,11442,5558,5884,13077,6286,6791,11441,5471,5970,6537,3147,3390,1634,801,833,
65385,6539,3203,3336,11443,5558,5885,13077,6286,6791,11442,5472,5970,6537,3147,3390,1635,801,834,
65390,6540,3203,3337,11443,5558,5885,13078,6286,6792,11443,5472,5971,6539,3149,3390,1635,801,834,
65395,6540,3203,3337,11444,5559,5885,13079,6287,6792,11444,5473,5971,6540,3150,3390,1635,801,834,
65400,6540,3203,3337,11445,5560,5885,13080,6287,6793,11445,5474,5971,6540,3150,3390,1635,801,834,
65405,6540,3203,3337,11446,5561,5885,13080,6287,6793,11445,5474,5971,6540,3150,3390,1635,801,834,
65410,6541,3203,3338,11447,5561,5886,13082,6288,6794,11446,5474,5972,6540,3150,3390,1635,801,834,
65415,6542,3203,3339,11447,5561,5886,13082,6288,6794,11447,5474,5973,6540,3150,3390,1635,801,834,
65420,6543,3204,3339,11449,5561,5888,13085,6291,6794,11448,5474,5974,6541,3150,3391,1635,801,834,
65425,6543,3204,3339,11450,5562,5888,13085,6291,6794,11449,5475,5974,6541,3150,3391,1636,801,835,
65430,6544,3205,3339,11450,5562,5888,13086,6291,6795,11450,5475,5975,6543,3151,3392,1636,801,835,
65435,6544,3205,3339,11451,5563,5888,13087,6291,6796,11451,5476,5975,6544,3152,3392,1636,801,835,
65440,6544,3205,3339,11452,5564,5888,13088,6291,6797,11452,5477,5975,6544,3152,3392,1636,801,835,
65445,6544,3205,3339,11453,5564,5889,13088,6291,6797,11452,5477,5975,6544,3152,3392,1636,801,835,
65450,6545,3206,3339,11454,5564,5890,13090,6293,6797,11453,5478,5975,6544,3152,3392,1636,801,835,
65455,6546,3206,3340,11454,5564,5890,13090,6293,6797,11454,5479,5975,6544,3152,3392,1636,801,835,
65460,6547,3207,3340,11456,5566,5890,13093,6294,6799,11455,5480,5975,6545,3153,3392,1636,801,835,
65465,6547,3207,3340,11457,5567,5890,13093,6294,6799,11456,5480,5976,6545,3153,3392,1637,801,836,
65470,6548,3207,3341,11457,5567,5890,13094,6294,6800,11457,5480,5977,6547,3155,3392,1637,801,836,
65475,6548,3207,3341,11458,5568,5890,13095,6295,6800,11458,5481,5977,6548,3156,3392,1637,801,836,
65480,6548,3207,3341,11459,5568,5891,13096,6296,6800,11459,5482,5977,6548,3156,3392,1637,801,836,
65485,6548,3207,3341,11460,5568,5892,13096,6296,6800,11459,5482,5977,6548,3156,3392,1637,801,836,
65490,6549,3207,3342,11461,5569,5892,13098,6297,6801,11460,5482,5978,6548,3156,3392,1637,801,836,
65495,6550,3207,3343,11461,5569,5892,13098,6297,6801,11461,5482,5979,6548,3156,3392,1637,801,836,
65500,6551,3207,3344,11463,5569,5894,13101,6298,6803,11462,5482,5980,6549,3157,3392,1637,801,836,
65505,6551,3207,3344,11464,5569,5895,13101,6298,6803,11463,5482,5981,6549,3157,3392,1638,801,837,
65510,6552,3208,3344,11464,5569,5895,13102,6298,6804,11464,5482,5982,6551,3158,3393,1638,801,837,
65515,6552,3208,3344,11465,5570,5895,13103,6299,6804,11465,5482,5983,6552,3158,3394,1638,801,837,
65520,6552,3208,3344,11466,5570,5896,13104,6300,6804,11466,5482,5984,6552,3158,3394,1638,801,837,
65525,6552,3208,3344,11467,5570,5897,13104,6300,6804,11466,5482,5984,6552,3158,3394,1638,801,837,
65530,6553,3208,3345,11468,5571,5897,13106,6301,6805,11467,5483,5984,6552,3158,3394,1638,801,837,
65535,6554,3208,3346,11468,5571,5897,13106,6301,6805,11468,5483,5985,6552,3158,3394,1638,801,837,
65540,6555,3208,3347,11470,5573,5897,13109,6302,6807,11469,5483,5986,6553,3159,3394,1638,801,837,
65545,6555,3208,3347,11471,5574,5897,13109,6302,6807,11470,5483,5987,6553,3159,3394,1639,802,837,
65550,6556,3209,3347,11471,5574,5897,13110,6302,6808,11471,5484,5987,6555,3160,3395,1639,802,837,
65555,6556,3209,3347,11472,5574,5898,13111,6303,6808,11472,5484,5988,6556,3161,3395,1639,802,837,
65560,6556,3209,3347,11473,5575,5898,13112,6304,6808,11473,5485,5988,6556,3161,3395,1639,802,837,
65565,6556,3209,3347,11474,5576,5898,13112,6304,6808,11473,5485,5988,6556,3161,3395,1639,802,837,
65570,6557,3210,3347,11475,5576,5899,13114,6305,6809,11474,5486,5988,6556,3161,3395,1639,802,837,
65575,6558,3211,3347,11475,5576,5899,13114,6305,6809,11475,5487,5988,6556,3161,3395,1639,802,837,
65580,6559,3212,3347,11477,5577,5900,13117,6306,6811,11476,5488,5988,6557,3161,3396,1639,802,837,
65585,6559,3212,3347,11478,5577,5901,13117,6306,6811,11477,5489,5988,6557,3161,3396,1640,803,837,
65590,6560,3213,3347,11478,5577,5901,13118,6306,6812,11478,5489,5989,6559,3163,3396,1640,803,837,
65595,6560,3213,3347,11479,5577,5902,13119,6306,6813,11479,5490,5989,6560,3164,3396,1640,803,837,
65600,6560,3213,3347,11480,5577,5903,13120,6306,6814,11480,5490,5990,6560,3164,3396,1640,803,837,
65605,6560,3213,3347,11481,5578,5903,13120,6306,6814,11480,5490,5990,6560,3164,3396,1640,803,837,
65610,6561,3214,3347,11482,5578,5904,13122,6307,6815,11481,5491,5990,6560,3164,3396,1640,803,837,
65615,6562,3214,3348,11482,5578,5904,13122,6307,6815,11482,5492,5990,6560,3164,3396,1640,803,837,
65620,6563,3215,3348,11484,5579,5905,13125,6309,6816,11483,5492,5991,6561,3164,3397,1640,803,837,
65625,6563,3215,3348,11485,5580,5905,13125,6309,6816,11484,5492,5992,6561,3164,3397,1641,804,837,
65630,6564,3215,3349,11485,5580,5905,13126,6309,6817,11485,5492,5993,6563,3166,3397,1641,804,837,
65635,6564,3215,3349,11486,5580,5906,13127,6309,6818,11486,5493,5993,6564,3167,3397,1641,804,837,
65640,6564,3215,3349,11487,5581,5906,13128,6309,6819,11487,5494,5993,6564,3167,3397,1641,804,837,
65645,6564,3215,3349,11488,5582,5906,13128,6309,6819,11487,5494,5993,6564,3167,3397,1641,804,837,
65650,6565,3215,3350,11489,5583,5906,13130,6310,6820,11488,5495,5993,6564,3167,3397,1641,804,837,
65655,6566,3215,3351,11489,5583,5906,13130,6310,6820,11489,5496,5993,6564,3167,3397,1641,804,837,
65660,6567,3216,3351,11491,5585,5906,13133,6311,6822,11490,5496,5994,6565,3167,3398,1641,804,837,
65665,6567,3216,3351,11492,5586,5906,13133,6311,6822,11491,5497,5994,6565,3167,3398,1642,804,838,
65670,6568,3217,3351,11492,5586,5906,13134,6311,6823,11492,5497,5995,6567,3167,3400,1642,804,838,
65675,6568,3217,3351,11493,5587,5906,13135,6312,6823,11493,5498,5995,6568,3167,3401,1642,804,838,
65680,6568,3217,3351,11494,5587,5907,13136,6312,6824,11494,5498,5996,6568,3167,3401,1642,804,838,
65685,6568,3217,3351,11495,5587,5908,13136,6312,6824,11494,5498,5996,6568,3167,3401,1642,804,838,
65690,6569,3217,3352,11496,5587,5909,13138,6313,6825,11495,5499,5996,6568,3167,3401,1642,804,838,
65695,6570,3217,3353,11496,5587,5909,13138,6313,6825,11496,5500,5996,6568,3167,3401,1642,804,838,
65700,6571,3217,3354,11498,5587,5911,13141,6314,6827,11497,5501,5996,6569,3167,3402,1642,804,838,
65705,6571,3217,3354,11499,5587,5912,13141,6314,6827,11498,5501,5997,6569,3167,3402,1643,804,839,
65710,6572,3218,3354,11499,5587,5912,13142,6314,6828,11499,5502,5997,6571,3168,3403,1643,804,839,
65715,6572,3218,3354,11500,5588,5912,13143,6315,6828,11500,5503,5997,6572,3168,3404,1643,804,839,
65720,6572,3218,3354,11501,5589,5912,13144,6315,6829,11501,5503,5998,6572,3168,3404,1643,804,839,
65725,6572,3218,3354,11502,5589,5913,13144,6315,6829,11501,5503,5998,6572,3168,3404,1643,804,839,
65730,6573,3218,3355,11503,5589,5914,13146,6315,6831,11502,5504,5998,6572,3168,3404,1643,804,839,
65735,6574,3219,3355,11503,5589,5914,13146,6315,6831,11503,5505,5998,6572,3168,3404,1643,804,839,
65740,6575,3219,3356,11505,5591,5914,13149,6315,6834,11504,5505,5999,6573,3168,3405,1643,804,839,
65745,6575,3219,3356,11506,5591,5915,13149,6315,6834,11505,5506,5999,6573,3168,3405,1644,805,839,
65750,6576,3219,3357,11506,5591,5915,13150,6315,6835,11506,5507,5999,6575,3169,3406,1644,805,839,
65755,6576,3219,3357,11507,5591,5916,13151,6315,6836,11507,5507,6000,6576,3169,3407,1644,805,839,
65760,6576,3219,3357,11508,5592,5916,13152,6316,6836,11508,5508,6000,6576,3169,3407,1644,805,839,
65765,6576,3219,3357,11509,5592,5917,13152,6316,6836,11508,5508,6000,6576,3169,3407,1644,805,839,
65770,6577,3220,3357,11510,5593,5917,13154,6318,6836,11509,5509,6000,6576,3169,3407,1644,805,839,
65775,6578,3220,3358,11510,5593,5917,13154,6318,6836,11510,5510,6000,6576,3169,3407,1644,805,839,
65780,6579,3220,3359,11512,5595,5917,13157,6319,6838,11511,5510,6001,6577,3169,3408,1644,805,839,
65785,6579,3220,3359,11513,5596,5917,13157,6319,6838,11512,5511,6001,6577,3169,3408,1645,805,840,
65790,6580,3221,3359,11513,5596,5917,13158,6319,6839,11513,5511,6002,6579,3170,3409,1645,805,840,
65795,6580,3221,3359,11514,5597,5917,13159,6320,6839,11514,5512,6002,6580,3170,3410,1645,805,840,
65800,6580,3221,3359,11515,5597,5918,13160,6320,6840,11515,5512,6003,6580,3170,3410,1645,805,840,
65805,6580,3221,3359,11516,5598,5918,13160,6320,6840,11515,5512,6003,6580,3170,3410,1645,805,840,
65810,6581,3222,3359,11517,5599,5918,13162,6322,6840,11516,5513,6003,6580,3170,3410,1645,805,840,
65815,6582,3222,3360,11517,5599,5918,13162,6322,6840,11517,5513,6004,6580,3170,3410,1645,805,840,
65820,6583,3222,3361,11519,5600,5919,13165,6322,6843,11518,5514,6004,6581,3170,3411,1645,805,840,
65825,6583,3222,3361,11520,5600,5920,13165,6322,6843,11519,5514,6005,6581,3170,3411,1646,805,841,
65830,6584,3223,3361,11520,5600,5920,13166,6322,6844,11520,5515,6005,6583,3172,3411,1646,805,841,
65835,6584,3223,3361,11521,5600,5921,13167,6322,6845,11521,5516,6005,6584,3173,3411,1646,805,841,
65840,6584,3223,3361,11522,5600,5922,13168,6323,6845,11522,5516,6006,6584,3173,3411,1646,805,841,
65845,6584,3223,3361,11523,5601,5922,13168,6323,6845,11522,5516,6006,6584,3173,3411,1646,805,841,
65850,6585,3223,3362,11524,5601,5923,13170,6323,6847,11523,5516,6007,6584,3173,3411,1646,805,841,
65855,6586,3224,3362,11524,5601,5923,13170,6323,6847,11524,5516,6008,6584,3173,3411,1646,805,841,
65860,6587,3224,3363,11526,5602,5924,13173,6325,6848,11525,5517,6008,6585,3173,3412,1646,805,841,
65865,6587,3224,3363,11527,5603,5924,13173,6325,6848,11526,5518,6008,6585,3173,3412,1647,805,842,
65870,6588,3224,3364,11527,5603,5924,13174,6326,6848,11527,5519,6008,6587,3174,3413,1647,805,842,
65875,6588,3224,3364,11528,5603,5925,13175,6326,6849,11528,5520,6008,6588,3175,3413,1647,805,842,
65880,6588,3224,3364,11529,5604,5925,13176,6327,6849,11529,5520,6009,6588,3175,3413,1647,805,842,
65885,6588,3224,3364,11530,5605,5925,13176,6327,6849,11529,5520,6009,6588,3175,3413,1647,805,842,
65890,6589,3225,3364,11531,5606,5925,13178,6327,6851,11530,5521,6009,6588,3175,3413,1647,805,842,
65895,6590,3226,3364,11531,5606,5925,13178,6327,6851,11531,5522,6009,6588,3175,3413,1647,805,842,
65900,6591,3226,3365,11533,5607,5926,13181,6328,6853,11532,5522,6010,6589,3176,3413,1647,805,842,
65905,6591,3226,3365,11534,5608,5926,13181,6328,6853,11533,5522,6011,6589,3176,3413,1648,806,842,
65910,6592,3226,3366,11534,5608,5926,13182,6329,6853,11534,5522,6012,6591,3176,3415,1648,806,842,
65915,6592,3226,3366,11535,5609,5926,13183,6330,6853,11535,5523,6012,6592,3177,3415,1648,806,842,
65920,6592,3226,3366,11536,5610,5926,13184,6331,6853,11536,5523,6013,6592,3177,3415,1648,806,842,
65925,6592,3226,3366,11537,5610,5927,13184,6331,6853,11536,5523,6013,6592,3177,3415,1648,806,842,
65930,6593,3226,3367,11538,5610,5928,13186,6332,6854,11537,5524,6013,6592,3177,3415,1648,806,842,
65935,6594,3226,3368,11538,5610,5928,13186,6332,6854,11538,5525,6013,6592,3177,3415,1648,806,842,
65940,6595,3227,3368,11540,5610,5930,13189,6333,6856,11539,5526,6013,6593,3178,3415,1648,806,842,
65945,6595,3227,3368,11541,5611,5930,13189,6333,6856,11540,5526,6014,6593,3178,3415,1649,806,843,
65950,6596,3228,3368,11541,5611,5930,13190,6334,6856,11541,5526,6015,6595,3179,3416,1649,806,843,
65955,6596,3228,3368,11542,5612,5930,13191,6335,6856,11542,5526,6016,6596,3179,3417,1649,806,843,
65960,6596,3228,3368,11543,5613,5930,13192,6335,6857,11543,5526,6017,6596,3179,3417,1649,806,843,
65965,6596,3228,3368,11544,5613,5931,13192,6335,6857,11543,5526,6017,6596,3179,3417,1649,806,843,
65970,6597,3228,3369,11545,5613,5932,13194,6336,6858,11544,5527,6017,6596,3179,3417,1649,806,843,
65975,6598,3228,3370,11545,5613,5932,13194,6336,6858,11545,5527,6018,6596,3179,3417,1649,806,843,
65980,6599,3228,3371,11547,5613,5934,13197,6338,6859,11546,5528,6018,6597,3179,3418,1649,806,843,
65985,6599,3228,3371,11548,5613,5935,13197,6338,6859,11547,5528,6019,6597,3179,3418,1650,806,844,
65990,6600,3228,3372,11548,5613,5935,13198,6339,6859,11548,5529,6019,6599,3180,3419,1650,806,844,
65995,6600,3228,3372,11549,5613,5936,13199,6340,6859,11549,5530,6019,6600,3180,3420,1650,806,844,
66000,6600,3228,3372,11550,5614,5936,13200,6341,6859,11550,5531,6019,6600,3180,3420,1650,806,844,
66005,6600,3228,3372,11551,5614,5937,13200,6341,6859,11550,5531,6019,6600,3180,3420,1650,806,844,
66010,6601,3229,3372,11552,5614,5938,13202,6341,6861,11551,5532,6019,6600,3180,3420,1650,806,844,
66015,6602,3230,3372,11552,5614,5938,13202,6341,6861,11552,5532,6020,6600,3180,3420,1650,806,844,
66020,6603,3230,3373,11554,5615,5939,13205,6344,6861,11553,5533,6020,6601,3181,3420,1650,806,844,
66025,6603,3230,3373,11555,5616,5939,13205,6344,6861,11554,5534,6020,6601,3181,3420,1651,807,844,
66030,6604,3231,3373,11555,5616,5939,13206,6344,6862,11555,5535,6020,6603,3183,3420,1651,807,844,
66035,6604,3231,3373,11556,5616,5940,13207,6344,6863,11556,5536,6020,6604,3183,3421,1651,807,844,
66040,6604,3231,3373,11557,5616,5941,13208,6344,6864,11557,5537,6020,6604,3183,3421,1651,807,844,
66045,6604,3231,3373,11558,5616,5942,13208,6344,6864,11557,5537,6020,6604,3183,3421,1651,807,844,
66050,6605,3231,3374,11559,5617,5942,13210,6344,6866,11558,5538,6020,6604,3183,3421,1651,807,844,
66055,6606,3232,3374,11559,5617,5942,13210,6344,6866,11559,5539,6020,6604,3183,3421,1651,807,844,
66060,6607,3232,3375,11561,5618,5943,13213,6346,6867,11560,5539,6021,6605,3183,3422,1651,807,844,
66065,6607,3232,3375,11562,5618,5944,13213,6346,6867,11561,5539,6022,6605,3183,3422,1652,808,844,
66070,6608,3233,3375,11562,5618,5944,13214,6346,6868,11562,5540,6022,6607,3184,3423,1652,808,844,
66075,6608,3233,3375,11563,5619,5944,13215,6347,6868,11563,5541,6022,6608,3184,3424,1652,808,844,
66080,6608,3233,3375,11564,5620,5944,13216,6347,6869,11564,5541,6023,6608,3184,3424,1652,808,844,
66085,6608,3233,3375,11565,5621,5944,13216,6347,6869,11564,5541,6023,6608,3184,3424,1652,808,844,
66090,6609,3233,3376,11566,5622,5944,13218,6349,6869,11565,5541,6024,6608,3184,3424,1652,808,844,
66095,6610,3233,3377,11566,5622,5944,13218,6349,6869,11566,5541,6025,6608,3184,3424,1652,808,844,
66100,6611,3234,3377,11568,5622,5946,13221,6351,6870,11567,5541,6026,6609,3184,3425,1652,808,844,
66105,6611,3234,3377,11569,5622,5947,13221,6351,6870,11568,5541,6027,6609,3184,3425,1653,808,845,
66110,6612,3235,3377,11569,5622,5947,13222,6351,6871,11569,5541,6028,6611,3186,3425,1653,808,845,
66115,6612,3235,3377,11570,5623,5947,13223,6352,6871,11570,5541,6029,6612,3186,3426,1653,808,845,
66120,6612,3235,3377,11571,5624,5947,13224,6352,6872,11571,5542,6029,6612,3186,3426,1653,808,845,
66125,6612,3235,3377,11572,5624,5948,13224,6352,6872,11571,5542,6029,6612,3186,3426,1653,808,845,
66130,6613,3236,3377,11573,5624,5949,13226,6353,6873,11572,5542,6030,6612,3186,3426,1653,808,845,
66135,6614,3236,3378,11573,5624,5949,13226,6353,6873,11573,5542,6031,6612,3186,3426,1653,808,845,
66140,6615,3236,3379,11575,5625,5950,13229,6355,6874,11574,5542,6032,6613,3186,3427,1653,808,845,
66145,6615,3236,3379,11576,5626,5950,13229,6355,6874,11575,5543,6032,6613,3186,3427,1654,809,845,
66150,6616,3237,3379,11576,5626,5950,13230,6356,6874,11576,5544,6032,6615,3188,3427,1654,809,845,
66155,6616,3237,3379,11577,5626,5951,13231,6356,6875,11577,5544,6033,6616,3188,3428,1654,809,845,
66160,6616,3237,3379,11578,5626,5952,13232,6356,6876,11578,5545,6033,6616,3188,3428,1654,809,845,
66165,6616,3237,3379,11579,5627,5952,13232,6356,6876,11578,5545,6033,6616,3188,3428,1654,809,845,
66170,6617,3237,3380,11580,5627,5953,13234,6358,6876,11579,5546,6033,6616,3188,3428,1654,809,845,
66175,6618,3238,3380,11580,5627,5953,13234,6358,6876,11580,5546,6034,6616,3188,3428,1654,809,845,
66180,6619,3239,3380,11582,5629,5953,13237,6358,6879,11581,5546,6035,6617,3189,3428,1654,809,845,
66185,6619,3239,3380,11583,5629,5954,13237,6358,6879,11582,5546,6036,6617,3189,3428,1655,809,846,
66190,6620,3239,3381,11583,5629,5954,13238,6358,6880,11583,5547,6036,6619,3191,3428,1655,809,846,
66195,6620,3239,3381,11584,5629,5955,13239,6359,6880,11584,5548,6036,6620,3192,3428,1655,809,846,
66200,6620,3239,3381,11585,5630,5955,13240,6360,6880,11585,5549,6036,6620,3192,3428,1655,809,846,
66205,6620,3239,3381,11586,5631,5955,13240,6360,6880,11585,5549,6036,6620,3192,3428,1655,809,846,
66210,6621,3239,3382,11587,5632,5955,13242,6360,6882,11586,5550,6036,6620,3192,3428,1655,809,846,
66215,6622,3239,3383,11587,5632,5955,13242,6360,6882,11587,5550,6037,6620,3192,3428,1655,809,846,
66220,6623,3239,3384,11589,5633,5956,13245,6362,6883,11588,5551,6037,6621,3193,3428,1655,809,846,
66225,6623,3239,3384,11590,5634,5956,13245,6362,6883,11589,5552,6037,6621,3193,3428,1656,810,846,
66230,6624,3240,3384,11590,5634,5956,13246,6362,6884,11590,5552,6038,6623,3193,3430,1656,810,846,
66235,6624,3240,3384,11591,5634,5957,13247,6363,6884,11591,5552,6039,6624,3194,3430,1656,810,846,
66240,6624,3240,3384,11592,5634,5958,13248,6364,6884,11592,5552,6040,6624,3194,3430,1656,810,846,
66245,6624,3240,3384,11593,5635,5958,13248,6364,6884,11592,5552,6040,6624,3194,3430,1656,810,846,
66250,6625,3241,3384,11594,5636,5958,13250,6365,6885,11593,5553,6040,6624,3194,3430,1656,810,846,
66255,6626,3241,3385,11594,5636,5958,13250,6365,6885,11594,5553,6041,6624,3194,3430,1656,810,846,
66260,6627,3241,3386,11596,5636,5960,13253,6365,6888,11595,5554,6041,6625,3194,3431,1656,810,846,
66265,6627,3241,3386,11597,5637,5960,13253,6365,6888,11596,5555,6041,6625,3194,3431,1657,811,846,
66270,6628,3241,3387,11597,5637,5960,13254,6366,6888,11597,5555,6042,6627,3194,3433,1657,811,846,
66275,6628,3241,3387,11598,5638,5960,13255,6366,6889,11598,5556,6042,6628,3195,3433,1657,811,846,
66280,6628,3241,3387,11599,5639,5960,13256,6367,6889,11599,5556,6043,6628,3195,3433,1657,811,846,
66285,6628,3241,3387,11600,5639,5961,13256,6367,6889,11599,5556,6043,6628,3195,3433,1657,811,846,
66290,6629,3242,3387,11601,5639,5962,13258,6367,6891,11600,5556,6044,6628,3195,3433,1657,811,846,
66295,6630,3242,3388,11601,5639,5962,13258,6367,6891,11601,5557,6044,6628,3195,3433,1657,811,846,
66300,6631,3242,3389,11603,5640,5963,13261,6369,6892,11602,5558,6044,6629,3195,3434,1657,811,846,
66305,6631,3242,3389,11604,5640,5964,13261,6369,6892,11603,5558,6045,6629,3195,3434,1658,812,846,
66310,6632,3243,3389,11604,5640,5964,13262,6369,6893,11604,5559,6045,6631,3195,3436,1658,812,846,
66315,6632,3243,3389,11605,5641,5964,13263,6369,6894,11605,5559,6046,6632,3196,3436,1658,812,846,
66320,6632,3243,3389,11606,5642,5964,13264,6369,6895,11606,5560,6046,6632,3196,3436,1658,812,846,
66325,6632,3243,3389,11607,5642,5965,13264,6369,6895,11606,5560,6046,6632,3196,3436,1658,812,846,
66330,6633,3243,3390,11608,5643,5965,13266,6369,6897,11607,5560,6047,6632,3196,3436,1658,812,846,
66335,6634,3243,3391,11608,5643,5965,13266,6369,6897,11608,5560,6048,6632,3196,3436,1658,812,846,
66340,6635,3244,3391,11610,5644,5966,13269,6371,6898,11609,5560,6049,6633,3196,3437,1658,812,846,
66345,6635,3244,3391,11611,5645,5966,13269,6371,6898,11610,5560,6050,6633,3196,3437,1659,812,847,
66350,6636,3245,3391,11611,5645,5966,13270,6372,6898,11611,5561,6050,6635,3198,3437,1659,812,847,
66355,6636,3245,3391,11612,5646,5966,13271,6373,6898,11612,5562,6050,6636,3198,3438,1659,812,847,
66360,6636,3245,3391,11613,5646,5967,13272,6374,6898,11613,5563,6050,6636,3198,3438,1659,812,847,
66365,6636,3245,3391,11614,5647,5967,13272,6374,6898,11613,5563,6050,6636,3198,3438,1659,812,847,
66370,6637,3246,3391,11615,5647,5968,13274,6374,6900,11614,5564,6050,6636,3198,3438,1659,812,847,
66375,6638,3247,3391,11615,5647,5968,13274,6374,6900,11615,5564,6051,6636,3198,3438,1659,812,847,
66380,6639,3248,3391,11617,5648,5969,13277,6376,6901,11616,5565,6051,6637,3198,3439,1659,812,847,
66385,6639,3248,3391,11618,5648,5970,13277,6376,6901,11617,5566,6051,6637,3198,3439,1660,812,848,
66390,6640,3248,3392,11618,5648,5970,13278,6377,6901,11618,5566,6052,6639,3198,3441,1660,812,848,
66395,6640,3248,3392,11619,5648,5971,13279,6378,6901,11619,5567,6052,6640,3198,3442,1660,812,848,
66400,6640,3248,3392,11620,5649,5971,13280,6378,6902,11620,5567,6053,6640,3198,3442,1660,812,848,
66405,6640,3248,3392,11621,5650,5971,13280,6378,6902,11620,5567,6053,6640,3198,3442,1660,812,848,
66410,6641,3248,3393,11622,5651,5971,13282,6379,6903,11621,5567,6054,6640,3198,3442,1660,812,848,
66415,6642,3248,3394,11622,5651,5971,13282,6379,6903,11622,5567,6055,6640,3198,3442,1660,812,848,
66420,6643,3248,3395,11624,5652,5972,13285,6380,6905,11623,5568,6055,6641,3198,3443,1660,812,848,
66425,6643,3248,3395,11625,5653,5972,13285,6380,6905,11624,5568,6056,6641,3198,3443,1661,812,849,
66430,6644,3248,3396,11625,5653,5972,13286,6380,6906,11625,5569,6056,6643,3200,3443,1661,812,849,
66435,6644,3248,3396,11626,5654,5972,13287,6380,6907,11626,5570,6056,6644,3200,3444,1661,812,849,
66440,6644,3248,3396,11627,5655,5972,13288,6381,6907,11627,5570,6057,6644,3200,3444,1661,812,849,
66445,6644,3248,3396,11628,5656,5972,13288,6381,6907,11627,5570,6057,6644,3200,3444,1661,812,849,
66450,6645,3248,3397,11629,5656,5973,13290,6381,6909,11628,5570,6058,6644,3200,3444,1661,812,849,
66455,6646,3249,3397,11629,5656,5973,13290,6381,6909,11629,5571,6058,6644,3200,3444,1661,812,849,
66460,6647,3250,3397,11631,5657,5974,13293,6381,6912,11630,5571,6059,6645,3201,3444,1661,812,849,
66465,6647,3250,3397,11632,5657,5975,13293,6381,6912,11631,5571,6060,6645,3201,3444,1662,812,850,
66470,6648,3251,3397,11632,5657,5975,13294,6381,6913,11632,5571,6061,6647,3202,3445,1662,812,850,
66475,6648,3251,3397,11633,5657,5976,13295,6382,6913,11633,5571,6062,6648,3202,3446,1662,812,850,
66480,6648,3251,3397,11634,5658,5976,13296,6382,6914,11634,5572,6062,6648,3202,3446,1662,812,850,
66485,6648,3251,3397,11635,5658,5977,13296,6382,6914,11634,5572,6062,6648,3202,3446,1662,812,850,
66490,6649,3251,3398,11636,5659,5977,13298,6382,6916,11635,5572,6063,6648,3202,3446,1662,812,850,
66495,6650,3252,3398,11636,5659,5977,13298,6382,6916,11636,5573,6063,6648,3202,3446,1662,812,850,
66500,6651,3252,3399,11638,5659,5979,13301,6383,6918,11637,5574,6063,6649,3203,3446,1662,812,850,
66505,6651,3252,3399,11639,5659,5980,13301,6383,6918,11638,5575,6063,6649,3203,3446,1663,813,850,
66510,6652,3252,3400,11639,5659,5980,13302,6383,6919,11639,5575,6064,6651,3204,3447,1663,813,850,
66515,6652,3252,3400,11640,5659,5981,13303,6383,6920,11640,5576,6064,6652,3205,3447,1663,813,850,
66520,6652,3252,3400,11641,5659,5982,13304,6383,6921,11641,5577,6064,6652,3205,3447,1663,813,850,
66525,6652,3252,3400,11642,5660,5982,13304,6383,6921,11641,5577,6064,6652,3205,3447,1663,813,850,
66530,6653,3253,3400,11643,5661,5982,13306,6383,6923,11642,5578,6064,6652,3205,3447,1663,813,850,
66535,6654,3253,3401,11643,5661,5982,13306,6383,6923,11643,5578,6065,6652,3205,3447,1663,813,850,
66540,6655,3254,3401,11645,5662,5983,13309,6385,6924,11644,5578,6066,6653,3206,3447,1663,813,850,
66545,6655,3254,3401,11646,5662,5984,13309,6385,6924,11645,5579,6066,6653,3206,3447,1664,813,851,
66550,6656,3255,3401,11646,5662,5984,13310,6386,6924,11646,5579,6067,6655,3207,3448,1664,813,851,
66555,6656,3255,3401,11647,5663,5984,13311,6386,6925,11647,5579,6068,6656,3207,3449,1664,813,851,
66560,6656,3255,3401,11648,5663,5985,13312,6386,6926,11648,5579,6069,6656,3207,3449,1664,813,851,
66565,6656,3255,3401,11649,5664,5985,13312,6386,6926,11648,5579,6069,6656,3207,3449,1664,813,851,
66570,6657,3255,3402,11650,5665,5985,13314,6388,6926,11649,5580,6069,6656,3207,3449,1664,813,851,
66575,6658,3255,3403,11650,5665,5985,13314,6388,6926,11650,5581,6069,6656,3207,3449,1664,813,851,
66580,6659,3255,3404,11652,5666,5986,13317,6390,6927,11651,5582,6069,6657,3208,3449,1664,813,851,
66585,6659,3255,3404,11653,5667,5986,13317,6390,6927,11652,5582,6070,6657,3208,3449,1665,814,851,
66590,6660,3255,3405,11653,5667,5986,13318,6391,6927,11653,5582,6071,6659,3208,3451,1665,814,851,
66595,6660,3255,3405,11654,5668,5986,13319,6392,6927,11654,5582,6072,6660,3208,3452,1665,814,851,
66600,6660,3255,3405,11655,5668,5987,13320,6392,6928,11655,5583,6072,6660,3208,3452,1665,814,851,
66605,6660,3255,3405,11656,5668,5988,13320,6392,6928,11655,5583,6072,6660,3208,3452,1665,814,851,
66610,6661,3255,3406,11657,5668,5989,13322,6393,6929,11656,5583,6073,6660,3208,3452,1665,814,851,
66615,6662,3255,3407,11657,5668,5989,13322,6393,6929,11657,5584,6073,6660,3208,3452,1665,814,851,
66620,6663,3255,3408,11659,5669,5990,13325,6395,6930,11658,5584,6074,6661,3208,3453,1665,814,851,
66625,6663,3255,3408,11660,5670,5990,13325,6395,6930,11659,5584,6075,6661,3208,3453,1666,814,852,
66630,6664,3255,3409,11660,5670,5990,13326,6396,6930,11660,5584,6076,6663,3209,3454,1666,814,852,
66635,6664,3255,3409,11661,5670,5991,13327,6397,6930,11661,5585,6076,6664,3209,3455,1666,814,852,
66640,6664,3255,3409,11662,5670,5992,13328,6398,6930,11662,5585,6077,6664,3209,3455,1666,814,852,
66645,6664,3255,3409,11663,5671,5992,13328,6398,6930,11662,5585,6077,6664,3209,3455,1666,814,852,
66650,6665,3256,3409,11664,5672,5992,13330,6399,6931,11663,5585,6078,6664,3209,3455,1666,814,852,
66655,6666,3256,3410,11664,5672,5992,13330,6399,6931,11664,5585,6079,6664,3209,3455,1666,814,852,
66660,6667,3257,3410,11666,5673,5993,13333,6400,6933,11665,5586,6079,6665,3210,3455,1666,814,852,
66665,6667,3257,3410,11667,5674,5993,13333,6400,6933,11666,5586,6080,6665,3210,3455,1667,814,853,
66670,6668,3257,3411,11667,5674,5993,13334,6400,6934,11667,5586,6081,6667,3211,3456,1667,814,853,
66675,6668,3257,3411,11668,5675,5993,13335,6400,6935,11668,5587,6081,6668,3212,3456,1667,814,853,
66680,6668,3257,3411,11669,5675,5994,13336,6400,6936,11669,5588,6081,6668,3212,3456,1667,814,853,
66685,6668,3257,3411,11670,5675,5995,13336,6400,6936,11669,5588,6081,6668,3212,3456,1667,814,853,
66690,6669,3257,3412,11671,5675,5996,13338,6401,6937,11670,5589,6081,6668,3212,3456,1667,814,853,
66695,6670,3258,3412,11671,5675,5996,13338,6401,6937,11671,5590,6081,6668,3212,3456,1667,814,853,
66700,6671,3259,3412,11673,5677,5996,13341,6401,6940,11672,5590,6082,6669,3212,3457,1667,814,853,
66705,6671,3259,3412,11674,5678,5996,13341,6401,6940,11673,5590,6083,6669,3212,3457,1668,815,853,
66710,6672,3260,3412,11674,5678,5996,13342,6401,6941,11674,5590,6084,6671,3213,3458,1668,815,853,
66715,6672,3260,3412,11675,5679,5996,13343,6401,6942,11675,5590,6085,6672,3213,3459,1668,815,853,
66720,6672,3260,3412,11676,5680,5996,13344,6401,6943,11676,5590,6086,6672,3213,3459,1668,815,853,
66725,6672,3260,3412,11677,5681,5996,13344,6401,6943,11676,5590,6086,6672,3213,3459,1668,815,853,
66730,6673,3260,3413,11678,5681,5997,13346,6401,6945,11677,5591,6086,6672,3213,3459,1668,815,853,
66735,6674,3261,3413,11678,5681,5997,13346,6401,6945,11678,5591,6087,6672,3213,3459,1668,815,853,
66740,6675,3262,3413,11680,5682,5998,13349,6402,6947,11679,5592,6087,6673,3213,3460,1668,815,853,
66745,6675,3262,3413,11681,5682,5999,13349,6402,6947,11680,5593,6087,6673,3213,3460,1669,816,853,
66750,6676,3262,3414,11681,5682,5999,13350,6403,6947,11681,5593,6088,6675,3215,3460,1669,816,853,
66755,6676,3262,3414,11682,5683,5999,13351,6403,6948,11682,5593,6089,6676,3216,3460,1669,816,853,
66760,6676,3262,3414,11683,5684,5999,13352,6403,6949,11683,5594,6089,6676,3216,3460,1669,816,853,
66765,6676,3262,3414,11684,5684,6000,13352,6403,6949,11683,5594,6089,6676,3216,3460,1669,816,853,
66770,6677,3262,3415,11685,5685,6000,13354,6404,6950,11684,5595,6089,6676,3216,3460,1669,816,853,
66775,6678,3263,3415,11685,5685,6000,13354,6404,6950,11685,5595,6090,6676,3216,3460,1669,816,853,
66780,6679,3263,3416,11687,5687,6000,13357,6405,6952,11686,5595,6091,6677,3216,3461,1669,816,853,
66785,6679,3263,3416,11688,5687,6001,13357,6405,6952,11687,5596,6091,6677,3216,3461,1670,817,853,
66790,6680,3264,3416,11688,5687,6001,13358,6406,6952,11688,5597,6091,6679,3217,3462,1670,817,853,
66795,6680,3264,3416,11689,5688,6001,13359,6406,6953,11689,5598,6091,6680,3217,3463,1670,817,853,
66800,6680,3264,3416,11690,5689,6001,13360,6407,6953,11690,5599,6091,6680,3217,3463,1670,817,853,
66805,6680,3264,3416,11691,5690,6001,13360,6407,6953,11690,5599,6091,6680,3217,3463,1670,817,853,
66810,6681,3264,3417,11692,5690,6002,13362,6408,6954,11691,5599,6092,6680,3217,3463,1670,817,853,
66815,6682,3264,3418,11692,5690,6002,13362,6408,6954,11692,5599,6093,6680,3217,3463,1670,817,853,
66820,6683,3265,3418,11694,5691,6003,13365,6409,6956,11693,5600,6093,6681,3218,3463,1670,817,853,
66825,6683,3265,3418,11695,5691,6004,13365,6409,6956,11694,5601,6093,6681,3218,3463,1671,817,854,
66830,6684,3265,3419,11695,5691,6004,13366,6410,6956,11695,5602,6093,6683,3220,3463,1671,817,854,
66835,6684,3265,3419,11696,5691,6005,13367,6410,6957,11696,5603,6093,6684,3220,3464,1671,817,854,
66840,6684,3265,3419,11697,5692,6005,13368,6411,6957,11697,5603,6094,6684,3220,3464,1671,817,854,
66845,6684,3265,3419,11698,5692,6006,13368,6411,6957,11697,5603,6094,6684,3220,3464,1671,817,854,
66850,6685,3265,3420,11699,5693,6006,13370,6412,6958,11698,5603,6095,6684,3220,3464,1671,817,854,
66855,6686,3265,3421,11699,5693,6006,13370,6412,6958,11699,5603,6096,6684,3220,3464,1671,817,854,
66860,6687,3266,3421,11701,5693,6008,13373,6413,6960,11700,5604,6096,6685,3221,3464,1671,817,854,
66865,6687,3266,3421,11702,5693,6009,13373,6413,6960,11701,5605,6096,6685,3221,3464,1672,817,855,
66870,6688,3266,3422,11702,5693,6009,13374,6414,6960,11702,5606,6096,6687,3223,3464,1672,817,855,
66875,6688,3266,3422,11703,5694,6009,13375,6415,6960,11703,5607,6096,6688,3224,3464,1672,817,855,
66880,6688,3266,3422,11704,5694,6010,13376,6415,6961,11704,5608,6096,6688,3224,3464,1672,817,855,
66885,6688,3266,3422,11705,5695,6010,13376,6415,6961,11704,5608,6096,6688,3224,3464,1672,817,855,
66890,6689,3267,3422,11706,5695,6011,13378,6416,6962,11705,5609,6096,6688,3224,3464,1672,817,855,
66895,6690,3268,3422,11706,5695,6011,13378,6416,6962,11706,5610,6096,6688,3224,3464,1672,817,855,
66900,6691,3269,3422,11708,5697,6011,13381,6418,6963,11707,5611,6096,6689,3224,3465,1672,817,855,
66905,6691,3269,3422,11709,5697,6012,13381,6418,6963,11708,5612,6096,6689,3224,3465,1673,817,856,
66910,6692,3269,3423,11709,5697,6012,13382,6419,6963,11709,5612,6097,6691,3226,3465,1673,817,856,
66915,6692,3269,3423,11710,5697,6013,13383,6420,6963,11710,5613,6097,6692,3226,3466,1673,817,856,
66920,6692,3269,3423,11711,5698,6013,13384,6420,6964,11711,5613,6098,6692,3226,3466,1673,817,856,
66925,6692,3269,3423,11712,5698,6014,13384,6420,6964,11711,5613,6098,6692,3226,3466,1673,817,856,
66930,6693,3269,3424,11713,5698,6015,13386,6421,6965,11712,5614,6098,6692,3226,3466,1673,817,856,
66935,6694,3270,3424,11713,5698,6015,13386,6421,6965,11713,5614,6099,6692,3226,3466,1673,817,856,
66940,6695,3270,3425,11715,5698,6017,13389,6422,6967,11714,5615,6099,6693,3226,3467,1673,817,856,
66945,6695,3270,3425,11716,5699,6017,13389,6422,6967,11715,5616,6099,6693,3226,3467,1674,817,857,
66950,6696,3270,3426,11716,5699,6017,13390,6422,6968,11716,5616,6100,6695,3227,3468,1674,817,857,
66955,6696,3270,3426,11717,5700,6017,13391,6422,6969,11717,5617,6100,6696,3227,3469,1674,817,857,
66960,6696,3270,3426,11718,5700,6018,13392,6422,6970,11718,5618,6100,6696,3227,3469,1674,817,857,
66965,6696,3270,3426,11719,5701,6018,13392,6422,6970,11718,5618,6100,6696,3227,3469,1674,817,857,
66970,6697,3271,3426,11720,5701,6019,13394,6422,6972,11719,5619,6100,6696,3227,3469,1674,817,857,
66975,6698,3271,3427,11720,5701,6019,13394,6422,6972,11720,5619,6101,6696,3227,3469,1674,817,857,
66980,6699,3271,3428,11722,5702,6020,13397,6423,6974,11721,5620,6101,6697,3228,3469,1674,817,857,
66985,6699,3271,3428,11723,5703,6020,13397,6423,6974,11722,5621,6101,6697,3228,3469,1675,817,858,
66990,6700,3271,3429,11723,5703,6020,13398,6424,6974,11723,5622,6101,6699,3229,3470,1675,817,858,
66995,6700,3271,3429,11724,5703,6021,13399,6425,6974,11724,5622,6102,6700,3229,3471,1675,817,858,
67000,6700,3271,3429,11725,5704,6021,13400,6425,6975,11725,5622,6103,6700,3229,3471,1675,817,858,
67005,6700,3271,3429,11726,5705,6021,13400,6425,6975,11725,5622,6103,6700,3229,3471,1675,817,858,
67010,6701,3272,3429,11727,5705,6022,13402,6427,6975,11726,5622,6104,6700,3229,3471,1675,817,858,
67015,6702,3272,3430,11727,5705,6022,13402,6427,6975,11727,5622,6105,6700,3229,3471,1675,817,858,
67020,6703,3272,3431,11729,5706,6023,13405,6427,6978,11728,5623,6105,6701,3230,3471,1675,817,858,
67025,6703,3272,3431,11730,5707,6023,13405,6427,6978,11729,5624,6105,6701,3230,3471,1676,817,859,
67030,6704,3272,3432,11730,5707,6023,13406,6427,6979,11730,5624,6106,6703,3231,3472,1676,817,859,
67035,6704,3272,3432,11731,5707,6024,13407,6428,6979,11731,5625,6106,6704,3232,3472,1676,817,859,
67040,6704,3272,3432,11732,5708,6024,13408,6429,6979,11732,5626,6106,6704,3232,3472,1676,817,859,
67045,6704,3272,3432,11733,5708,6025,13408,6429,6979,11732,5626,6106,6704,3232,3472,1676,817,859,
67050,6705,3272,3433,11734,5709,6025,13410,6429,6981,11733,5627,6106,6704,3232,3472,1676,817,859,
67055,6706,3273,3433,11734,5709,6025,13410,6429,6981,11734,5628,6106,6704,3232,3472,1676,817,859,
67060,6707,3273,3434,11736,5710,6026,13413,6431,6982,11735,5628,6107,6705,3233,3472,1676,817,859,
67065,6707,3273,3434,11737,5710,6027,13413,6431,6982,11736,5629,6107,6705,3233,3472,1677,817,860,
67070,6708,3273,3435,11737,5710,6027,13414,6432,6982,11737,5629,6108,6707,3235,3472,1677,817,860,
67075,6708,3273,3435,11738,5710,6028,13415,6433,6982,11738,5630,6108,6708,3236,3472,1677,817,860,
67080,6708,3273,3435,11739,5710,6029,13416,6433,6983,11739,5630,6109,6708,3236,3472,1677,817,860,
67085,6708,3273,3435,11740,5710,6030,13416,6433,6983,11739,5630,6109,6708,3236,3472,1677,817,860,
67090,6709,3273,3436,11741,5711,6030,13418,6434,6984,11740,5631,6109,6708,3236,3472,1677,817,860,
67095,6710,3274,3436,11741,5711,6030,13418,6434,6984,11741,5631,6110,6708,3236,3472,1677,817,860,
67100,6711,3274,3437,11743,5712,6031,13421,6435,6986,11742,5631,6111,6709,3236,3473,1677,817,860,
67105,6711,3274,3437,11744,5712,6032,13421,6435,6986,11743,5631,6112,6709,3236,3473,1678,818,860,
67110,6712,3274,3438,11744,5712,6032,13422,6436,6986,11744,5632,6112,6711,3237,3474,1678,818,860,
67115,6712,3274,3438,11745,5713,6032,13423,6437,6986,11745,5632,6113,6712,3238,3474,1678,818,860,
67120,6712,3274,3438,11746,5713,6033,13424,6437,6987,11746,5632,6114,6712,3238,3474,1678,818,860,
67125,6712,3274,3438,11747,5713,6034,13424,6437,6987,11746,5632,6114,6712,3238,3474,1678,818,860,
67130,6713,3275,3438,11748,5713,6035,13426,6439,6987,11747,5633,6114,6712,3238,3474,1678,818,860,
67135,6714,3275,3439,11748,5713,6035,13426,6439,6987,11748,5634,6114,6712,3238,3474,1678,818,860,
67140,6715,3276,3439,11750,5714,6036,13429,6440,6989,11749,5634,6115,6713,3238,3475,1678,818,860,
67145,6715,3276,3439,11751,5714,6037,13429,6440,6989,11750,5635,6115,6713,3238,3475,1679,819,860,
67150,6716,3277,3439,11751,5714,6037,13430,6441,6989,11751,5636,6115,6715,3239,3476,1679,819,860,
67155,6716,3277,3439,11752,5714,6038,13431,6441,6990,11752,5637,6115,6716,3239,3477,1679,819,860,
67160,6716,3277,3439,11753,5715,6038,13432,6442,6990,11753,5638,6115,6716,3239,3477,1679,819,860,
67165,6716,3277,3439,11754,5716,6038,13432,6442,6990,11753,5638,6115,6716,3239,3477,1679,819,860,
67170,6717,3278,3439,11755,5717,6038,13434,6443,6991,11754,5638,6116,6716,3239,3477,1679,819,860,
67175,6718,3278,3440,11755,5717,6038,13434,6443,6991,11755,5638,6117,6716,3239,3477,1679,819,860,
67180,6719,3278,3441,11757,5718,6039,13437,6444,6993,11756,5639,6117,6717,3240,3477,1679,819,860,
67185,6719,3278,3441,11758,5719,6039,13437,6444,6993,11757,5639,6118,6717,3240,3477,1680,820,860,
67190,6720,3278,3442,11758,5719,6039,13438,6445,6993,11758,5640,6118,6719,3241,3478,1680,820,860,
67195,6720,3278,3442,11759,5720,6039,13439,6445,6994,11759,5641,6118,6720,3242,3478,1680,820,860,
67200,6720,3278,3442,11760,5721,6039,13440,6446,6994,11760,5642,6118,6720,3242,3478,1680,820,860,
67205,6720,3278,3442,11761,5722,6039,13440,6446,6994,11760,5642,6118,6720,3242,3478,1680,820,860,
67210,6721,3278,3443,11762,5722,6040,13442,6446,6996,11761,5643,6118,6720,3242,3478,1680,820,860,
67215,6722,3279,3443,11762,5722,6040,13442,6446,6996,11762,5643,6119,6720,3242,3478,1680,820,860,
67220,6723,3279,3444,11764,5723,6041,13445,6447,6998,11763,5643,6120,6721,3242,3479,1680,820,860,
67225,6723,3279,3444,11765,5723,6042,13445,6447,6998,11764,5643,6121,6721,3242,3479,1681,821,860,
67230,6724,3279,3445,11765,5723,6042,13446,6447,6999,11765,5643,6122,6723,3242,3481,1681,821,860,
67235,6724,3279,3445,11766,5724,6042,13447,6447,7000,11766,5644,6122,6724,3243,3481,1681,821,860,
67240,6724,3279,3445,11767,5724,6043,13448,6447,7001,11767,5644,6123,6724,3243,3481,1681,821,860,
67245,6724,3279,3445,11768,5724,6044,13448,6447,7001,11767,5644,6123,6724,3243,3481,1681,821,860,
67250,6725,3279,3446,11769,5724,6045,13450,6447,7003,11768,5645,6123,6724,3243,3481,1681,821,860,
67255,6726,3280,3446,11769,5724,6045,13450,6447,7003,11769,5645,6124,6724,3243,3481,1681,821,860,
67260,6727,3280,3447,11771,5724,6047,13453,6447,7006,11770,5646,6124,6725,3244,3481,1681,821,860,
67265,6727,3280,3447,11772,5724,6048,13453,6447,7006,11771,5646,6125,6725,3244,3481,1682,822,860,
67270,6728,3281,3447,11772,5724,6048,13454,6447,7007,11772,5646,6126,6727,3245,3482,1682,822,860,
67275,6728,3281,3447,11773,5724,6049,13455,6447,7008,11773,5646,6127,6728,3245,3483,1682,822,860,
67280,6728,3281,3447,11774,5725,6049,13456,6448,7008,11774,5647,6127,6728,3245,3483,1682,822,860,
67285,6728,3281,3447,11775,5726,6049,13456,6448,7008,11774,5647,6127,6728,3245,3483,1682,822,860,
67290,6729,3281,3448,11776,5726,6050,13458,6448,7010,11775,5648,6127,6728,3245,3483,1682,822,860,
67295,6730,3282,3448,11776,5726,6050,13458,6448,7010,11776,5649,6127,6728,3245,3483,1682,822,860,
67300,6731,3283,3448,11778,5726,6052,13461,6449,7012,11777,5650,6127,6729,3246,3483,1682,822,860,
67305,6731,3283,3448,11779,5726,6053,13461,6449,7012,11778,5650,6128,6729,3246,3483,1683,823,860,
67310,6732,3284,3448,11779,5726,6053,13462,6449,7013,11779,5651,6128,6731,3246,3485,1683,823,860,
67315,6732,3284,3448,11780,5727,6053,13463,6449,7014,11780,5651,6129,6732,3246,3486,1683,823,860,
67320,6732,3284,3448,11781,5728,6053,13464,6450,7014,11781,5651,6130,6732,3246,3486,1683,823,860,